step,seen_samples,sample_idx,dataset_name,dataset_type,model_variant,seed,monitor_preset,monitor_preset_base,monitor_ph_params,monitor_ph_overrides,ph_error_threshold,ph_error_delta,ph_error_alpha,ph_error_min_instances,ph_divergence_threshold,ph_divergence_delta,ph_divergence_alpha,ph_divergence_min_instances,ph_entropy_threshold,ph_entropy_delta,ph_entropy_alpha,ph_entropy_min_instances,trigger_mode,trigger_k,trigger_threshold,trigger_weights,confirm_window,confirm_cooldown,effective_confirm_cooldown,confirm_rate_per10k,adaptive_cooldown_enabled,adaptive_window,adaptive_lower_per10k,adaptive_upper_per10k,adaptive_cooldown_low,adaptive_cooldown_high,confirm_cooldown_active,confirm_cooldown_remaining,severity_scheduler_scale,metric_accuracy,metric_kappa,student_error_rate,teacher_entropy,divergence_js,drift_flag,candidate_flag,candidate_count_total,confirmed_count_total,confirm_delay,confirm_rule_effective,last_perm_pvalue,last_perm_effect,perm_test_count_total,perm_accept_count_total,perm_reject_count_total,monitor_severity,monitor_fused_severity,monitor_vote_count,monitor_vote_score,drift_severity_raw,drift_severity,severity_carry,use_severity_v2,severity_gate,severity_confirmed,severity_gate_min_streak,severity_confirmed_streak,entropy_mode,decay,freeze_baseline_steps,regime,alpha,lr,lambda_u,tau,timestamp,supervised_loss,unsupervised_loss
1,64,63,sea_abrupt4,sea,ts_drift_adapt,3,"error_divergence_ph_meta@error.threshold=0.10,error.min_instances=5",error_divergence_ph_meta,"{""divergence"": {""alpha"": 0.1, ""delta"": 0.005, ""min_instances"": 30, ""threshold"": 0.05}, ""error_rate"": {""alpha"": 0.15, ""delta"": 0.005, ""min_instances"": 5, ""threshold"": 0.1}}","{""error_rate"": {""min_instances"": 5, ""threshold"": 0.1}}",0.1,0.005,0.15,5,0.05,0.005,0.1,30,,,,-1,two_stage,2,0.5,"__confirm_cooldown=200,__confirm_rule=perm_test,__perm_alpha=0.01,__perm_delta_k=25,__perm_min_effect=0,__perm_n_perm=200,__perm_post_n=50,__perm_pre_n=500,__perm_rng_seed=0,__perm_stat=delta_fused_score,divergence=0.3,error_rate=0.5,teacher_entropy=0.2",3,0,200,0.0,0,10000,10.0,25.0,200,500,0,0,1.0,0.671875,0.0,0.5,0.646089494228363,0.003542694030329585,0,0,0,0,-1,perm_test,,,0,0,0,0.0,0.0,0,0.0,0.0,0.0,0.0,0,none,0,1,0,overconfident,0.95,0,mild_drift,0.97515,0.00115,0.9,0.8775,1768146519.7579746,0.7814108729362488,0.014213823713362217
2,128,127,sea_abrupt4,sea,ts_drift_adapt,3,"error_divergence_ph_meta@error.threshold=0.10,error.min_instances=5",error_divergence_ph_meta,"{""divergence"": {""alpha"": 0.1, ""delta"": 0.005, ""min_instances"": 30, ""threshold"": 0.05}, ""error_rate"": {""alpha"": 0.15, ""delta"": 0.005, ""min_instances"": 5, ""threshold"": 0.1}}","{""error_rate"": {""min_instances"": 5, ""threshold"": 0.1}}",0.1,0.005,0.15,5,0.05,0.005,0.1,30,,,,-1,two_stage,2,0.5,"__confirm_cooldown=200,__confirm_rule=perm_test,__perm_alpha=0.01,__perm_delta_k=25,__perm_min_effect=0,__perm_n_perm=200,__perm_post_n=50,__perm_pre_n=500,__perm_rng_seed=0,__perm_stat=delta_fused_score,divergence=0.3,error_rate=0.5,teacher_entropy=0.2",3,0,200,0.0,0,10000,10.0,25.0,200,500,0,0,1.0,0.65625,-0.011131059245960502,0.3333333333333333,0.6572365760803223,0.0036844564601778984,0,0,0,0,-1,perm_test,,,0,0,0,0.0,0.16666666666666669,0,0.0,0.0,0.0,0.0,0,none,0,1,0,overconfident,0.95,0,mild_drift,0.967725,0.001225,0.8500000000000001,0.86625,1768146519.7665696,0.6070786118507385,0.01464735809713602
3,192,191,sea_abrupt4,sea,ts_drift_adapt,3,"error_divergence_ph_meta@error.threshold=0.10,error.min_instances=5",error_divergence_ph_meta,"{""divergence"": {""alpha"": 0.1, ""delta"": 0.005, ""min_instances"": 30, ""threshold"": 0.05}, ""error_rate"": {""alpha"": 0.15, ""delta"": 0.005, ""min_instances"": 5, ""threshold"": 0.1}}","{""error_rate"": {""min_instances"": 5, ""threshold"": 0.1}}",0.1,0.005,0.15,5,0.05,0.005,0.1,30,,,,-1,two_stage,2,0.5,"__confirm_cooldown=200,__confirm_rule=perm_test,__perm_alpha=0.01,__perm_delta_k=25,__perm_min_effect=0,__perm_n_perm=200,__perm_post_n=50,__perm_pre_n=500,__perm_rng_seed=0,__perm_stat=delta_fused_score,divergence=0.3,error_rate=0.5,teacher_entropy=0.2",3,0,200,0.0,0,10000,10.0,25.0,200,500,0,0,1.0,0.65625,-0.017994858611825378,0.5,0.6470465660095215,0.0030590123496949673,0,0,0,0,-1,perm_test,,,0,0,0,0.0,0.16666666666666669,0,0.0,0.0,0.0,0.0,0,none,0,1,0,overconfident,0.95,0,mild_drift,0.9640124999999999,0.0012625000000000002,0.8250000000000001,0.860625,1768146519.7750835,0.7537733912467957,0.012125583365559578
4,256,255,sea_abrupt4,sea,ts_drift_adapt,3,"error_divergence_ph_meta@error.threshold=0.10,error.min_instances=5",error_divergence_ph_meta,"{""divergence"": {""alpha"": 0.1, ""delta"": 0.005, ""min_instances"": 30, ""threshold"": 0.05}, ""error_rate"": {""alpha"": 0.15, ""delta"": 0.005, ""min_instances"": 5, ""threshold"": 0.1}}","{""error_rate"": {""min_instances"": 5, ""threshold"": 0.1}}",0.1,0.005,0.15,5,0.05,0.005,0.1,30,,,,-1,two_stage,2,0.5,"__confirm_cooldown=200,__confirm_rule=perm_test,__perm_alpha=0.01,__perm_delta_k=25,__perm_min_effect=0,__perm_n_perm=200,__perm_post_n=50,__perm_pre_n=500,__perm_rng_seed=0,__perm_stat=delta_fused_score,divergence=0.3,error_rate=0.5,teacher_entropy=0.2",3,0,200,0.0,0,10000,10.0,25.0,200,500,0,0,1.0,0.6640625,0.016440314510364547,0.5,0.6408826112747192,0.005019008181989193,0,0,0,0,-1,perm_test,,,0,0,0,0.0,0.0019599958322942257,0,0.0,0.0,0.0,0.0,0,none,0,1,0,overconfident,0.95,0,mild_drift,0.9621562499999999,0.0012812500000000003,0.8125,0.8578125,1768146519.7836037,0.6785950064659119,0.01995082199573517
5,320,319,sea_abrupt4,sea,ts_drift_adapt,3,"error_divergence_ph_meta@error.threshold=0.10,error.min_instances=5",error_divergence_ph_meta,"{""divergence"": {""alpha"": 0.1, ""delta"": 0.005, ""min_instances"": 30, ""threshold"": 0.05}, ""error_rate"": {""alpha"": 0.15, ""delta"": 0.005, ""min_instances"": 5, ""threshold"": 0.1}}","{""error_rate"": {""min_instances"": 5, ""threshold"": 0.1}}",0.1,0.005,0.15,5,0.05,0.005,0.1,30,,,,-1,two_stage,2,0.5,"__confirm_cooldown=200,__confirm_rule=perm_test,__perm_alpha=0.01,__perm_delta_k=25,__perm_min_effect=0,__perm_n_perm=200,__perm_post_n=50,__perm_pre_n=500,__perm_rng_seed=0,__perm_stat=delta_fused_score,divergence=0.3,error_rate=0.5,teacher_entropy=0.2",3,0,200,0.0,0,10000,10.0,25.0,200,500,0,0,1.0,0.65625,0.027785449925426885,0.3333333333333333,0.6480122208595276,0.0044350712560117245,0,1,1,0,-1,perm_test,,,0,0,0,0.0,0.16666666666666669,1,0.5,0.0,0.0,0.0,0,none,0,1,0,overconfident,0.95,0,mild_drift,0.9612281249999999,0.001290625,0.80625,0.85640625,1768146519.7921255,0.6160856485366821,0.018030138686299324
6,384,383,sea_abrupt4,sea,ts_drift_adapt,3,"error_divergence_ph_meta@error.threshold=0.10,error.min_instances=5",error_divergence_ph_meta,"{""divergence"": {""alpha"": 0.1, ""delta"": 0.005, ""min_instances"": 30, ""threshold"": 0.05}, ""error_rate"": {""alpha"": 0.15, ""delta"": 0.005, ""min_instances"": 5, ""threshold"": 0.1}}","{""error_rate"": {""min_instances"": 5, ""threshold"": 0.1}}",0.1,0.005,0.15,5,0.05,0.005,0.1,30,,,,-1,two_stage,2,0.5,"__confirm_cooldown=200,__confirm_rule=perm_test,__perm_alpha=0.01,__perm_delta_k=25,__perm_min_effect=0,__perm_n_perm=200,__perm_post_n=50,__perm_pre_n=500,__perm_rng_seed=0,__perm_stat=delta_fused_score,divergence=0.3,error_rate=0.5,teacher_entropy=0.2",3,0,200,0.0,0,10000,10.0,25.0,200,500,0,0,1.0,0.65625,0.04502807189419332,0.5,0.640859067440033,0.004774654284119606,0,0,1,0,-1,perm_test,,,0,0,0,0.0,0.16666666666666669,0,0.0,0.0,0.0,0.0,0,none,0,1,0,overconfident,0.95,0,mild_drift,0.9607640624999999,0.0012953125,0.8031250000000001,0.855703125,1768146519.8006923,0.6525856852531433,0.019238390028476715
7,448,447,sea_abrupt4,sea,ts_drift_adapt,3,"error_divergence_ph_meta@error.threshold=0.10,error.min_instances=5",error_divergence_ph_meta,"{""divergence"": {""alpha"": 0.1, ""delta"": 0.005, ""min_instances"": 30, ""threshold"": 0.05}, ""error_rate"": {""alpha"": 0.15, ""delta"": 0.005, ""min_instances"": 5, ""threshold"": 0.1}}","{""error_rate"": {""min_instances"": 5, ""threshold"": 0.1}}",0.1,0.005,0.15,5,0.05,0.005,0.1,30,,,,-1,two_stage,2,0.5,"__confirm_cooldown=200,__confirm_rule=perm_test,__perm_alpha=0.01,__perm_delta_k=25,__perm_min_effect=0,__perm_n_perm=200,__perm_post_n=50,__perm_pre_n=500,__perm_rng_seed=0,__perm_stat=delta_fused_score,divergence=0.3,error_rate=0.5,teacher_entropy=0.2",3,0,200,0.0,0,10000,10.0,25.0,200,500,0,0,1.0,0.6651785714285714,0.08476792329483561,0.3333333333333333,0.6555794477462769,0.006159904412925243,0,0,1,0,-1,perm_test,,,0,0,0,0.0,0.16666666666666669,0,0.0,0.0,0.0,0.0,0,none,0,1,0,overconfident,0.95,0,mild_drift,0.9605320312499999,0.0012976562500000002,0.8015625000000001,0.8553515625,1768146519.8093421,0.6381198167800903,0.02469545044004917
8,512,511,sea_abrupt4,sea,ts_drift_adapt,3,"error_divergence_ph_meta@error.threshold=0.10,error.min_instances=5",error_divergence_ph_meta,"{""divergence"": {""alpha"": 0.1, ""delta"": 0.005, ""min_instances"": 30, ""threshold"": 0.05}, ""error_rate"": {""alpha"": 0.15, ""delta"": 0.005, ""min_instances"": 5, ""threshold"": 0.1}}","{""error_rate"": {""min_instances"": 5, ""threshold"": 0.1}}",0.1,0.005,0.15,5,0.05,0.005,0.1,30,,,,-1,two_stage,2,0.5,"__confirm_cooldown=200,__confirm_rule=perm_test,__perm_alpha=0.01,__perm_delta_k=25,__perm_min_effect=0,__perm_n_perm=200,__perm_post_n=50,__perm_pre_n=500,__perm_rng_seed=0,__perm_stat=delta_fused_score,divergence=0.3,error_rate=0.5,teacher_entropy=0.2",3,0,200,0.0,0,10000,10.0,25.0,200,500,0,0,1.0,0.671875,0.07945205479452055,0.6666666666666666,0.6504098773002625,0.005459080915898085,0,0,1,0,-1,perm_test,,,0,0,0,0.0,0.3333333333333333,0,0.0,0.0,0.0,0.0,0,none,0,1,0,overconfident,0.95,0,mild_drift,0.9604160156249999,0.001298828125,0.80078125,0.85517578125,1768146519.818002,0.71664959192276,0.022254742681980133
9,576,575,sea_abrupt4,sea,ts_drift_adapt,3,"error_divergence_ph_meta@error.threshold=0.10,error.min_instances=5",error_divergence_ph_meta,"{""divergence"": {""alpha"": 0.1, ""delta"": 0.005, ""min_instances"": 30, ""threshold"": 0.05}, ""error_rate"": {""alpha"": 0.15, ""delta"": 0.005, ""min_instances"": 5, ""threshold"": 0.1}}","{""error_rate"": {""min_instances"": 5, ""threshold"": 0.1}}",0.1,0.005,0.15,5,0.05,0.005,0.1,30,,,,-1,two_stage,2,0.5,"__confirm_cooldown=200,__confirm_rule=perm_test,__perm_alpha=0.01,__perm_delta_k=25,__perm_min_effect=0,__perm_n_perm=200,__perm_post_n=50,__perm_pre_n=500,__perm_rng_seed=0,__perm_stat=delta_fused_score,divergence=0.3,error_rate=0.5,teacher_entropy=0.2",3,0,200,0.0,0,10000,10.0,25.0,200,500,0,0,1.0,0.6875,0.12473829945296178,0.16666666666666666,0.6469157934188843,0.006546681746840477,0,0,1,0,-1,perm_test,,,0,0,0,0.0,0.5,0,0.0,0.0,0.0,0.0,0,none,0,1,0,overconfident,0.95,0,mild_drift,0.9603580078124999,0.0012994140625,0.800390625,0.855087890625,1768146519.8265502,0.4933721125125885,0.025972098112106323
10,640,639,sea_abrupt4,sea,ts_drift_adapt,3,"error_divergence_ph_meta@error.threshold=0.10,error.min_instances=5",error_divergence_ph_meta,"{""divergence"": {""alpha"": 0.1, ""delta"": 0.005, ""min_instances"": 30, ""threshold"": 0.05}, ""error_rate"": {""alpha"": 0.15, ""delta"": 0.005, ""min_instances"": 5, ""threshold"": 0.1}}","{""error_rate"": {""min_instances"": 5, ""threshold"": 0.1}}",0.1,0.005,0.15,5,0.05,0.005,0.1,30,,,,-1,two_stage,2,0.5,"__confirm_cooldown=200,__confirm_rule=perm_test,__perm_alpha=0.01,__perm_delta_k=25,__perm_min_effect=0,__perm_n_perm=200,__perm_post_n=50,__perm_pre_n=500,__perm_rng_seed=0,__perm_stat=delta_fused_score,divergence=0.3,error_rate=0.5,teacher_entropy=0.2",3,0,200,0.0,0,10000,10.0,25.0,200,500,0,0,1.0,0.6953125,0.1419141914191417,0.3333333333333333,0.6525497436523438,0.00446318369358778,1,1,2,1,0,perm_test,0.004975124378109453,0.07587869532046407,1,1,0,0.0,0.16666666666666666,1,0.5,0.0,0.0,0.0,0,none,1,1,0,overconfident,0.95,0,stable,0.97517900390625,0.00104970703125,0.9001953125,0.9000439453125,1768146519.841589,0.5914351344108582,0.017904339358210564
11,704,703,sea_abrupt4,sea,ts_drift_adapt,3,"error_divergence_ph_meta@error.threshold=0.10,error.min_instances=5",error_divergence_ph_meta,"{""divergence"": {""alpha"": 0.1, ""delta"": 0.005, ""min_instances"": 30, ""threshold"": 0.05}, ""error_rate"": {""alpha"": 0.15, ""delta"": 0.005, ""min_instances"": 5, ""threshold"": 0.1}}","{""error_rate"": {""min_instances"": 5, ""threshold"": 0.1}}",0.1,0.005,0.15,5,0.05,0.005,0.1,30,,,,-1,two_stage,2,0.5,"__confirm_cooldown=200,__confirm_rule=perm_test,__perm_alpha=0.01,__perm_delta_k=25,__perm_min_effect=0,__perm_n_perm=200,__perm_post_n=50,__perm_pre_n=500,__perm_rng_seed=0,__perm_stat=delta_fused_score,divergence=0.3,error_rate=0.5,teacher_entropy=0.2",3,0,200,0.0,0,10000,10.0,25.0,200,500,1,136,1.0,0.6946022727272727,0.1547911547911545,0.16666666666666666,0.6490673422813416,0.005831157322973013,0,0,2,1,-1,perm_test,0.004975124378109453,0.07587869532046407,1,1,0,0.0,0.16666666666666666,0,0.0,0.0,0.0,0.0,0,none,0,1,0,overconfident,0.95,0,mild_drift,0.967739501953125,0.0011748535156250002,0.85009765625,0.87752197265625,1768146519.8500352,0.6292068958282471,0.023243466392159462
12,768,767,sea_abrupt4,sea,ts_drift_adapt,3,"error_divergence_ph_meta@error.threshold=0.10,error.min_instances=5",error_divergence_ph_meta,"{""divergence"": {""alpha"": 0.1, ""delta"": 0.005, ""min_instances"": 30, ""threshold"": 0.05}, ""error_rate"": {""alpha"": 0.15, ""delta"": 0.005, ""min_instances"": 5, ""threshold"": 0.1}}","{""error_rate"": {""min_instances"": 5, ""threshold"": 0.1}}",0.1,0.005,0.15,5,0.05,0.005,0.1,30,,,,-1,two_stage,2,0.5,"__confirm_cooldown=200,__confirm_rule=perm_test,__perm_alpha=0.01,__perm_delta_k=25,__perm_min_effect=0,__perm_n_perm=200,__perm_post_n=50,__perm_pre_n=500,__perm_rng_seed=0,__perm_stat=delta_fused_score,divergence=0.3,error_rate=0.5,teacher_entropy=0.2",3,0,200,0.0,0,10000,10.0,25.0,200,500,1,72,1.0,0.6979166666666666,0.16600668407897287,0.16666666666666666,0.6463341116905212,0.00987393967807293,0,0,2,1,-1,perm_test,0.004975124378109453,0.07587869532046407,1,1,0,0.0,0.0040427823550999165,0,0.0,0.0,0.0,0.0,0,none,0,1,0,overconfident,0.95,0,mild_drift,0.9640197509765625,0.0012374267578125,0.825048828125,0.866260986328125,1768146519.85846,0.6268914341926575,0.03957216441631317
13,832,831,sea_abrupt4,sea,ts_drift_adapt,3,"error_divergence_ph_meta@error.threshold=0.10,error.min_instances=5",error_divergence_ph_meta,"{""divergence"": {""alpha"": 0.1, ""delta"": 0.005, ""min_instances"": 30, ""threshold"": 0.05}, ""error_rate"": {""alpha"": 0.15, ""delta"": 0.005, ""min_instances"": 5, ""threshold"": 0.1}}","{""error_rate"": {""min_instances"": 5, ""threshold"": 0.1}}",0.1,0.005,0.15,5,0.05,0.005,0.1,30,,,,-1,two_stage,2,0.5,"__confirm_cooldown=200,__confirm_rule=perm_test,__perm_alpha=0.01,__perm_delta_k=25,__perm_min_effect=0,__perm_n_perm=200,__perm_post_n=50,__perm_pre_n=500,__perm_rng_seed=0,__perm_stat=delta_fused_score,divergence=0.3,error_rate=0.5,teacher_entropy=0.2",3,0,200,0.0,0,10000,10.0,25.0,200,500,1,8,1.0,0.7079326923076923,0.1937212863705972,0.0,0.6460500955581665,0.007929613813757896,0,0,2,1,-1,perm_test,0.004975124378109453,0.07587869532046407,1,1,0,0.0,0.16666666666666666,0,0.0,0.0,0.0,0.0,0,none,0,1,0,overconfident,0.95,0,mild_drift,0.9621598754882812,0.00126871337890625,0.8125244140625001,0.8606304931640625,1768146519.8669004,0.4554877281188965,0.032196346670389175
14,896,895,sea_abrupt4,sea,ts_drift_adapt,3,"error_divergence_ph_meta@error.threshold=0.10,error.min_instances=5",error_divergence_ph_meta,"{""divergence"": {""alpha"": 0.1, ""delta"": 0.005, ""min_instances"": 30, ""threshold"": 0.05}, ""error_rate"": {""alpha"": 0.15, ""delta"": 0.005, ""min_instances"": 5, ""threshold"": 0.1}}","{""error_rate"": {""min_instances"": 5, ""threshold"": 0.1}}",0.1,0.005,0.15,5,0.05,0.005,0.1,30,,,,-1,two_stage,2,0.5,"__confirm_cooldown=200,__confirm_rule=perm_test,__perm_alpha=0.01,__perm_delta_k=25,__perm_min_effect=0,__perm_n_perm=200,__perm_post_n=50,__perm_pre_n=500,__perm_rng_seed=0,__perm_stat=delta_fused_score,divergence=0.3,error_rate=0.5,teacher_entropy=0.2",3,0,200,0.0,0,10000,10.0,25.0,200,500,0,0,1.0,0.7087053571428571,0.1961611967386671,0.0,0.64787358045578,0.008459717966616154,0,0,2,1,-1,perm_test,0.004975124378109453,0.07587869532046407,1,1,0,0.0,0.0005301041528582573,0,0.0,0.0,0.0,0.0,0,none,0,1,0,overconfident,0.95,0,mild_drift,0.9612299377441406,0.0012843566894531252,0.8062622070312501,0.8578152465820312,1768146519.8754475,0.3712857663631439,0.03434883430600166
15,960,959,sea_abrupt4,sea,ts_drift_adapt,3,"error_divergence_ph_meta@error.threshold=0.10,error.min_instances=5",error_divergence_ph_meta,"{""divergence"": {""alpha"": 0.1, ""delta"": 0.005, ""min_instances"": 30, ""threshold"": 0.05}, ""error_rate"": {""alpha"": 0.15, ""delta"": 0.005, ""min_instances"": 5, ""threshold"": 0.1}}","{""error_rate"": {""min_instances"": 5, ""threshold"": 0.1}}",0.1,0.005,0.15,5,0.05,0.005,0.1,30,,,,-1,two_stage,2,0.5,"__confirm_cooldown=200,__confirm_rule=perm_test,__perm_alpha=0.01,__perm_delta_k=25,__perm_min_effect=0,__perm_n_perm=200,__perm_post_n=50,__perm_pre_n=500,__perm_rng_seed=0,__perm_stat=delta_fused_score,divergence=0.3,error_rate=0.5,teacher_entropy=0.2",3,0,200,0.0,0,10000,10.0,25.0,200,500,0,0,1.0,0.709375,0.21419518377693283,0.16666666666666666,0.6469038128852844,0.00849825143814087,1,1,3,2,0,perm_test,0.004975124378109453,0.0836339294750836,2,2,0,0.16666666666666666,0.16666666666666666,1,0.5,0.0,0.0,0.0,0,none,1,1,0,overconfident,0.95,0,severe_drift,0.9261149688720702,0.0016421783447265626,0.6531311035156251,0.8339076232910156,1768146519.8910341,0.49972131848335266,0.03410784900188446
16,1024,1023,sea_abrupt4,sea,ts_drift_adapt,3,"error_divergence_ph_meta@error.threshold=0.10,error.min_instances=5",error_divergence_ph_meta,"{""divergence"": {""alpha"": 0.1, ""delta"": 0.005, ""min_instances"": 30, ""threshold"": 0.05}, ""error_rate"": {""alpha"": 0.15, ""delta"": 0.005, ""min_instances"": 5, ""threshold"": 0.1}}","{""error_rate"": {""min_instances"": 5, ""threshold"": 0.1}}",0.1,0.005,0.15,5,0.05,0.005,0.1,30,,,,-1,two_stage,2,0.5,"__confirm_cooldown=200,__confirm_rule=perm_test,__perm_alpha=0.01,__perm_delta_k=25,__perm_min_effect=0,__perm_n_perm=200,__perm_post_n=50,__perm_pre_n=500,__perm_rng_seed=0,__perm_stat=delta_fused_score,divergence=0.3,error_rate=0.5,teacher_entropy=0.2",3,0,200,0.0,0,10000,10.0,25.0,200,500,1,136,1.0,0.716796875,0.22982358769004135,0.3333333333333333,0.6438056230545044,0.009853758849203587,0,0,3,2,-1,perm_test,0.004975124378109453,0.0836339294750836,2,2,0,0.0,0.16666666666666666,0,0.0,0.0,0.0,0.0,0,none,0,1,0,overconfident,0.95,0,mild_drift,0.9432074844360351,0.0014710891723632813,0.7265655517578126,0.8444538116455078,1768146519.8996084,0.4943406283855438,0.04119781032204628
17,1088,1087,sea_abrupt4,sea,ts_drift_adapt,3,"error_divergence_ph_meta@error.threshold=0.10,error.min_instances=5",error_divergence_ph_meta,"{""divergence"": {""alpha"": 0.1, ""delta"": 0.005, ""min_instances"": 30, ""threshold"": 0.05}, ""error_rate"": {""alpha"": 0.15, ""delta"": 0.005, ""min_instances"": 5, ""threshold"": 0.1}}","{""error_rate"": {""min_instances"": 5, ""threshold"": 0.1}}",0.1,0.005,0.15,5,0.05,0.005,0.1,30,,,,-1,two_stage,2,0.5,"__confirm_cooldown=200,__confirm_rule=perm_test,__perm_alpha=0.01,__perm_delta_k=25,__perm_min_effect=0,__perm_n_perm=200,__perm_post_n=50,__perm_pre_n=500,__perm_rng_seed=0,__perm_stat=delta_fused_score,divergence=0.3,error_rate=0.5,teacher_entropy=0.2",3,0,200,0.0,0,10000,10.0,25.0,200,500,1,72,1.0,0.7159926470588235,0.23446579834228987,0.16666666666666666,0.6416904330253601,0.009780931286513805,0,0,3,2,-1,perm_test,0.004975124378109453,0.0836339294750836,2,2,0,0.0,0.16666666666666666,0,0.0,0.0,0.0,0.0,0,none,0,1,0,overconfident,0.95,0,mild_drift,0.9517537422180176,0.0013855445861816408,0.7632827758789062,0.8497269058227539,1768146519.9081109,0.5216835141181946,0.04210542142391205
18,1152,1151,sea_abrupt4,sea,ts_drift_adapt,3,"error_divergence_ph_meta@error.threshold=0.10,error.min_instances=5",error_divergence_ph_meta,"{""divergence"": {""alpha"": 0.1, ""delta"": 0.005, ""min_instances"": 30, ""threshold"": 0.05}, ""error_rate"": {""alpha"": 0.15, ""delta"": 0.005, ""min_instances"": 5, ""threshold"": 0.1}}","{""error_rate"": {""min_instances"": 5, ""threshold"": 0.1}}",0.1,0.005,0.15,5,0.05,0.005,0.1,30,,,,-1,two_stage,2,0.5,"__confirm_cooldown=200,__confirm_rule=perm_test,__perm_alpha=0.01,__perm_delta_k=25,__perm_min_effect=0,__perm_n_perm=200,__perm_post_n=50,__perm_pre_n=500,__perm_rng_seed=0,__perm_stat=delta_fused_score,divergence=0.3,error_rate=0.5,teacher_entropy=0.2",3,0,200,0.0,0,10000,10.0,25.0,200,500,1,8,1.0,0.7170138888888888,0.23003809297309674,0.0,0.6490831971168518,0.008620164357125759,0,0,3,2,-1,perm_test,0.004975124378109453,0.0836339294750836,2,2,0,0.0,0.16666666666666666,0,0.0,0.0,0.0,0.0,0,none,0,1,0,overconfident,0.95,0,mild_drift,0.9560268711090087,0.0013427722930908206,0.7816413879394531,0.8523634529113769,1768146519.9166741,0.26193246245384216,0.03731466457247734
19,1216,1215,sea_abrupt4,sea,ts_drift_adapt,3,"error_divergence_ph_meta@error.threshold=0.10,error.min_instances=5",error_divergence_ph_meta,"{""divergence"": {""alpha"": 0.1, ""delta"": 0.005, ""min_instances"": 30, ""threshold"": 0.05}, ""error_rate"": {""alpha"": 0.15, ""delta"": 0.005, ""min_instances"": 5, ""threshold"": 0.1}}","{""error_rate"": {""min_instances"": 5, ""threshold"": 0.1}}",0.1,0.005,0.15,5,0.05,0.005,0.1,30,,,,-1,two_stage,2,0.5,"__confirm_cooldown=200,__confirm_rule=perm_test,__perm_alpha=0.01,__perm_delta_k=25,__perm_min_effect=0,__perm_n_perm=200,__perm_post_n=50,__perm_pre_n=500,__perm_rng_seed=0,__perm_stat=delta_fused_score,divergence=0.3,error_rate=0.5,teacher_entropy=0.2",3,0,200,0.0,0,10000,10.0,25.0,200,500,0,0,1.0,0.7220394736842105,0.2293291731669268,0.0,0.6253399848937988,0.010059744119644165,0,0,3,2,-1,perm_test,0.004975124378109453,0.0836339294750836,2,2,0,0.0,0.001439579762518406,0,0.0,0.0,0.0,0.0,0,none,0,1,0,overconfident,0.95,0,mild_drift,0.9581634355545043,0.0013213861465454103,0.7908206939697267,0.8536817264556884,1768146519.9252632,0.19099293649196625,0.043880730867385864
20,1280,1279,sea_abrupt4,sea,ts_drift_adapt,3,"error_divergence_ph_meta@error.threshold=0.10,error.min_instances=5",error_divergence_ph_meta,"{""divergence"": {""alpha"": 0.1, ""delta"": 0.005, ""min_instances"": 30, ""threshold"": 0.05}, ""error_rate"": {""alpha"": 0.15, ""delta"": 0.005, ""min_instances"": 5, ""threshold"": 0.1}}","{""error_rate"": {""min_instances"": 5, ""threshold"": 0.1}}",0.1,0.005,0.15,5,0.05,0.005,0.1,30,,,,-1,two_stage,2,0.5,"__confirm_cooldown=200,__confirm_rule=perm_test,__perm_alpha=0.01,__perm_delta_k=25,__perm_min_effect=0,__perm_n_perm=200,__perm_post_n=50,__perm_pre_n=500,__perm_rng_seed=0,__perm_stat=delta_fused_score,divergence=0.3,error_rate=0.5,teacher_entropy=0.2",3,0,200,0.0,0,10000,10.0,25.0,200,500,0,0,1.0,0.7203125,0.21875372943483085,0.16666666666666666,0.6304112672805786,0.015096554532647133,1,1,4,3,0,perm_test,0.004975124378109453,0.09182200514753039,3,3,0,0.0,0.16666666666666666,1,0.5,0.0,0.0,0.0,0,none,1,1,0,overconfident,0.95,0,stable,0.9740817177772522,0.001060693073272705,0.8954103469848633,0.8993408632278442,1768146519.940816,0.41333162784576416,0.06738752126693726
21,1344,1343,sea_abrupt4,sea,ts_drift_adapt,3,"error_divergence_ph_meta@error.threshold=0.10,error.min_instances=5",error_divergence_ph_meta,"{""divergence"": {""alpha"": 0.1, ""delta"": 0.005, ""min_instances"": 30, ""threshold"": 0.05}, ""error_rate"": {""alpha"": 0.15, ""delta"": 0.005, ""min_instances"": 5, ""threshold"": 0.1}}","{""error_rate"": {""min_instances"": 5, ""threshold"": 0.1}}",0.1,0.005,0.15,5,0.05,0.005,0.1,30,,,,-1,two_stage,2,0.5,"__confirm_cooldown=200,__confirm_rule=perm_test,__perm_alpha=0.01,__perm_delta_k=25,__perm_min_effect=0,__perm_n_perm=200,__perm_post_n=50,__perm_pre_n=500,__perm_rng_seed=0,__perm_stat=delta_fused_score,divergence=0.3,error_rate=0.5,teacher_entropy=0.2",3,0,200,0.0,0,10000,10.0,25.0,200,500,1,136,1.0,0.7135416666666666,0.20606376776014942,0.16666666666666666,0.6322664618492126,0.017314070835709572,0,0,4,3,-1,perm_test,0.004975124378109453,0.09182200514753039,3,3,0,0.0,0.002217516303062439,0,0.0,0.0,0.0,0.0,0,none,0,1,0,overconfident,0.95,0,mild_drift,0.967190858888626,0.0011803465366363526,0.8477051734924317,0.8771704316139222,1768146519.9493928,0.41138985753059387,0.0783163458108902
22,1408,1407,sea_abrupt4,sea,ts_drift_adapt,3,"error_divergence_ph_meta@error.threshold=0.10,error.min_instances=5",error_divergence_ph_meta,"{""divergence"": {""alpha"": 0.1, ""delta"": 0.005, ""min_instances"": 30, ""threshold"": 0.05}, ""error_rate"": {""alpha"": 0.15, ""delta"": 0.005, ""min_instances"": 5, ""threshold"": 0.1}}","{""error_rate"": {""min_instances"": 5, ""threshold"": 0.1}}",0.1,0.005,0.15,5,0.05,0.005,0.1,30,,,,-1,two_stage,2,0.5,"__confirm_cooldown=200,__confirm_rule=perm_test,__perm_alpha=0.01,__perm_delta_k=25,__perm_min_effect=0,__perm_n_perm=200,__perm_post_n=50,__perm_pre_n=500,__perm_rng_seed=0,__perm_stat=delta_fused_score,divergence=0.3,error_rate=0.5,teacher_entropy=0.2",3,0,200,0.0,0,10000,10.0,25.0,200,500,1,72,1.0,0.7151988636363636,0.20100983227953792,0.16666666666666666,0.6172268390655518,0.016237063333392143,0,0,4,3,-1,perm_test,0.004975124378109453,0.09182200514753039,3,3,0,0.0,0.0010770075023174286,0,0.0,0.0,0.0,0.0,0,none,0,1,0,overconfident,0.95,0,mild_drift,0.963745429444313,0.0012401732683181765,0.8238525867462159,0.8660852158069611,1768146519.957901,0.5131562948226929,0.07516975700855255
23,1472,1471,sea_abrupt4,sea,ts_drift_adapt,3,"error_divergence_ph_meta@error.threshold=0.10,error.min_instances=5",error_divergence_ph_meta,"{""divergence"": {""alpha"": 0.1, ""delta"": 0.005, ""min_instances"": 30, ""threshold"": 0.05}, ""error_rate"": {""alpha"": 0.15, ""delta"": 0.005, ""min_instances"": 5, ""threshold"": 0.1}}","{""error_rate"": {""min_instances"": 5, ""threshold"": 0.1}}",0.1,0.005,0.15,5,0.05,0.005,0.1,30,,,,-1,two_stage,2,0.5,"__confirm_cooldown=200,__confirm_rule=perm_test,__perm_alpha=0.01,__perm_delta_k=25,__perm_min_effect=0,__perm_n_perm=200,__perm_post_n=50,__perm_pre_n=500,__perm_rng_seed=0,__perm_stat=delta_fused_score,divergence=0.3,error_rate=0.5,teacher_entropy=0.2",3,0,200,0.0,0,10000,10.0,25.0,200,500,1,8,1.0,0.7153532608695652,0.19479041009331904,0.5,0.6172417998313904,0.017340440303087234,0,0,4,3,-1,perm_test,0.004975124378109453,0.09182200514753039,3,3,0,0.0,0.33333333333333337,0,0.0,0.0,0.0,0.0,0,none,0,1,0,overconfident,0.95,0,mild_drift,0.9620227147221565,0.0012700866341590882,0.811926293373108,0.8605426079034806,1768146519.966458,0.8710662722587585,0.07856865227222443
24,1536,1535,sea_abrupt4,sea,ts_drift_adapt,3,"error_divergence_ph_meta@error.threshold=0.10,error.min_instances=5",error_divergence_ph_meta,"{""divergence"": {""alpha"": 0.1, ""delta"": 0.005, ""min_instances"": 30, ""threshold"": 0.05}, ""error_rate"": {""alpha"": 0.15, ""delta"": 0.005, ""min_instances"": 5, ""threshold"": 0.1}}","{""error_rate"": {""min_instances"": 5, ""threshold"": 0.1}}",0.1,0.005,0.15,5,0.05,0.005,0.1,30,,,,-1,two_stage,2,0.5,"__confirm_cooldown=200,__confirm_rule=perm_test,__perm_alpha=0.01,__perm_delta_k=25,__perm_min_effect=0,__perm_n_perm=200,__perm_post_n=50,__perm_pre_n=500,__perm_rng_seed=0,__perm_stat=delta_fused_score,divergence=0.3,error_rate=0.5,teacher_entropy=0.2",3,0,200,0.0,0,10000,10.0,25.0,200,500,0,0,1.0,0.716796875,0.19198955158902892,0.3333333333333333,0.599277138710022,0.013766627758741379,0,0,4,3,-1,perm_test,0.004975124378109453,0.09182200514753039,3,3,0,0.0,0.16666666666666669,0,0.0,0.0,0.0,0.0,0,none,0,1,0,overconfident,0.95,0,mild_drift,0.9611613573610782,0.001285043317079544,0.805963146686554,0.8577713039517403,1768146519.9750814,0.7855792045593262,0.06264115124940872
25,1600,1599,sea_abrupt4,sea,ts_drift_adapt,3,"error_divergence_ph_meta@error.threshold=0.10,error.min_instances=5",error_divergence_ph_meta,"{""divergence"": {""alpha"": 0.1, ""delta"": 0.005, ""min_instances"": 30, ""threshold"": 0.05}, ""error_rate"": {""alpha"": 0.15, ""delta"": 0.005, ""min_instances"": 5, ""threshold"": 0.1}}","{""error_rate"": {""min_instances"": 5, ""threshold"": 0.1}}",0.1,0.005,0.15,5,0.05,0.005,0.1,30,,,,-1,two_stage,2,0.5,"__confirm_cooldown=200,__confirm_rule=perm_test,__perm_alpha=0.01,__perm_delta_k=25,__perm_min_effect=0,__perm_n_perm=200,__perm_post_n=50,__perm_pre_n=500,__perm_rng_seed=0,__perm_stat=delta_fused_score,divergence=0.3,error_rate=0.5,teacher_entropy=0.2",3,0,200,0.0,0,10000,10.0,25.0,200,500,0,0,1.0,0.714375,0.18396135869540978,0.3333333333333333,0.6136515140533447,0.010845297947525978,0,1,5,3,-1,perm_test,1.0,-0.02859754759368772,4,3,1,0.16666666666666666,0.0029213298112154007,1,0.5,0.0,0.0,0.0,0,none,0,1,0,overconfident,0.95,0,mild_drift,0.9607306786805391,0.0012925216585397722,0.802981573343277,0.8563856519758701,1768146519.9840443,0.45120248198509216,0.04759752377867699
26,1664,1663,sea_abrupt4,sea,ts_drift_adapt,3,"error_divergence_ph_meta@error.threshold=0.10,error.min_instances=5",error_divergence_ph_meta,"{""divergence"": {""alpha"": 0.1, ""delta"": 0.005, ""min_instances"": 30, ""threshold"": 0.05}, ""error_rate"": {""alpha"": 0.15, ""delta"": 0.005, ""min_instances"": 5, ""threshold"": 0.1}}","{""error_rate"": {""min_instances"": 5, ""threshold"": 0.1}}",0.1,0.005,0.15,5,0.05,0.005,0.1,30,,,,-1,two_stage,2,0.5,"__confirm_cooldown=200,__confirm_rule=perm_test,__perm_alpha=0.01,__perm_delta_k=25,__perm_min_effect=0,__perm_n_perm=200,__perm_post_n=50,__perm_pre_n=500,__perm_rng_seed=0,__perm_stat=delta_fused_score,divergence=0.3,error_rate=0.5,teacher_entropy=0.2",3,0,200,0.0,0,10000,10.0,25.0,200,500,0,0,1.0,0.7127403846153846,0.18213301525932618,0.3333333333333333,0.6302399635314941,0.009983288124203682,0,0,5,3,-1,perm_test,1.0,-0.03548257643846403,5,3,2,0.0,0.0008620098233222961,0,0.0,0.0,0.0,0.0,0,none,0,1,0,overconfident,0.95,0,mild_drift,0.9605153393402694,0.0012962608292698863,0.8014907866716385,0.8556928259879351,1768146519.9929695,0.6164262294769287,0.04373037442564964
27,1728,1727,sea_abrupt4,sea,ts_drift_adapt,3,"error_divergence_ph_meta@error.threshold=0.10,error.min_instances=5",error_divergence_ph_meta,"{""divergence"": {""alpha"": 0.1, ""delta"": 0.005, ""min_instances"": 30, ""threshold"": 0.05}, ""error_rate"": {""alpha"": 0.15, ""delta"": 0.005, ""min_instances"": 5, ""threshold"": 0.1}}","{""error_rate"": {""min_instances"": 5, ""threshold"": 0.1}}",0.1,0.005,0.15,5,0.05,0.005,0.1,30,,,,-1,two_stage,2,0.5,"__confirm_cooldown=200,__confirm_rule=perm_test,__perm_alpha=0.01,__perm_delta_k=25,__perm_min_effect=0,__perm_n_perm=200,__perm_post_n=50,__perm_pre_n=500,__perm_rng_seed=0,__perm_stat=delta_fused_score,divergence=0.3,error_rate=0.5,teacher_entropy=0.2",3,0,200,0.0,0,10000,10.0,25.0,200,500,0,0,1.0,0.7146990740740741,0.18371852362883734,0.16666666666666666,0.604784369468689,0.0055873277597129345,0,0,5,3,-1,perm_test,1.0,-0.05498778629757632,6,3,3,0.0,0.16666666666666666,0,0.0,0.0,0.0,0.0,0,none,0,1,0,overconfident,0.95,0,mild_drift,0.9604076696701347,0.0012981304146349433,0.8007453933358193,0.8553464129939675,1768146520.0027559,0.4070194959640503,0.1444135308265686
28,1792,1791,sea_abrupt4,sea,ts_drift_adapt,3,"error_divergence_ph_meta@error.threshold=0.10,error.min_instances=5",error_divergence_ph_meta,"{""divergence"": {""alpha"": 0.1, ""delta"": 0.005, ""min_instances"": 30, ""threshold"": 0.05}, ""error_rate"": {""alpha"": 0.15, ""delta"": 0.005, ""min_instances"": 5, ""threshold"": 0.1}}","{""error_rate"": {""min_instances"": 5, ""threshold"": 0.1}}",0.1,0.005,0.15,5,0.05,0.005,0.1,30,,,,-1,two_stage,2,0.5,"__confirm_cooldown=200,__confirm_rule=perm_test,__perm_alpha=0.01,__perm_delta_k=25,__perm_min_effect=0,__perm_n_perm=200,__perm_post_n=50,__perm_pre_n=500,__perm_rng_seed=0,__perm_stat=delta_fused_score,divergence=0.3,error_rate=0.5,teacher_entropy=0.2",3,0,200,0.0,0,10000,10.0,25.0,200,500,0,0,1.0,0.7159598214285714,0.18309970158664207,0.0,0.5895063281059265,0.004684954881668091,0,0,5,3,-1,perm_test,1.0,-0.060595891703138414,7,3,4,0.0,0.16666666666666666,0,0.0,0.0,0.0,0.0,0,none,0,1,0,overconfident,0.95,0,mild_drift,0.9603538348350673,0.0012990652073174716,0.8003726966679097,0.8551732064969837,1768146520.012578,0.31518056988716125,0.1310458481311798
29,1856,1855,sea_abrupt4,sea,ts_drift_adapt,3,"error_divergence_ph_meta@error.threshold=0.10,error.min_instances=5",error_divergence_ph_meta,"{""divergence"": {""alpha"": 0.1, ""delta"": 0.005, ""min_instances"": 30, ""threshold"": 0.05}, ""error_rate"": {""alpha"": 0.15, ""delta"": 0.005, ""min_instances"": 5, ""threshold"": 0.1}}","{""error_rate"": {""min_instances"": 5, ""threshold"": 0.1}}",0.1,0.005,0.15,5,0.05,0.005,0.1,30,,,,-1,two_stage,2,0.5,"__confirm_cooldown=200,__confirm_rule=perm_test,__perm_alpha=0.01,__perm_delta_k=25,__perm_min_effect=0,__perm_n_perm=200,__perm_post_n=50,__perm_pre_n=500,__perm_rng_seed=0,__perm_stat=delta_fused_score,divergence=0.3,error_rate=0.5,teacher_entropy=0.2",3,0,200,0.0,0,10000,10.0,25.0,200,500,0,0,1.0,0.71875,0.1839999191438684,0.0,0.5856885313987732,0.005543114151805639,0,0,5,3,-1,perm_test,1.0,-0.060595891703138414,7,3,4,0.0,0.0008581592701375484,0,0.0,0.0,0.0,0.0,0,none,0,1,0,overconfident,0.95,0,mild_drift,0.9603269174175336,0.0012995326036587358,0.8001863483339549,0.8550866032484918,1768146520.0215764,0.277922660112381,0.02344772405922413
30,1920,1919,sea_abrupt4,sea,ts_drift_adapt,3,"error_divergence_ph_meta@error.threshold=0.10,error.min_instances=5",error_divergence_ph_meta,"{""divergence"": {""alpha"": 0.1, ""delta"": 0.005, ""min_instances"": 30, ""threshold"": 0.05}, ""error_rate"": {""alpha"": 0.15, ""delta"": 0.005, ""min_instances"": 5, ""threshold"": 0.1}}","{""error_rate"": {""min_instances"": 5, ""threshold"": 0.1}}",0.1,0.005,0.15,5,0.05,0.005,0.1,30,,,,-1,two_stage,2,0.5,"__confirm_cooldown=200,__confirm_rule=perm_test,__perm_alpha=0.01,__perm_delta_k=25,__perm_min_effect=0,__perm_n_perm=200,__perm_post_n=50,__perm_pre_n=500,__perm_rng_seed=0,__perm_stat=delta_fused_score,divergence=0.3,error_rate=0.5,teacher_entropy=0.2",3,0,200,0.0,0,10000,10.0,25.0,200,500,0,0,1.0,0.721875,0.19566704531904083,0.5,0.5915988683700562,0.004277970176190138,1,1,6,4,0,perm_test,0.004975124378109453,0.22338012335642532,8,4,4,0.16666666666666669,0.5,1,0.5,0.0,0.0,0.0,0,none,1,1,0,overconfident,0.95,0,severe_drift,0.9256634587087669,0.001649766301829368,0.6500931741669774,0.832543301624246,1768146520.0387955,0.5230959057807922,0.13319151103496552
31,1984,1983,sea_abrupt4,sea,ts_drift_adapt,3,"error_divergence_ph_meta@error.threshold=0.10,error.min_instances=5",error_divergence_ph_meta,"{""divergence"": {""alpha"": 0.1, ""delta"": 0.005, ""min_instances"": 30, ""threshold"": 0.05}, ""error_rate"": {""alpha"": 0.15, ""delta"": 0.005, ""min_instances"": 5, ""threshold"": 0.1}}","{""error_rate"": {""min_instances"": 5, ""threshold"": 0.1}}",0.1,0.005,0.15,5,0.05,0.005,0.1,30,,,,-1,two_stage,2,0.5,"__confirm_cooldown=200,__confirm_rule=perm_test,__perm_alpha=0.01,__perm_delta_k=25,__perm_min_effect=0,__perm_n_perm=200,__perm_post_n=50,__perm_pre_n=500,__perm_rng_seed=0,__perm_stat=delta_fused_score,divergence=0.3,error_rate=0.5,teacher_entropy=0.2",3,0,200,0.0,0,10000,10.0,25.0,200,500,1,136,1.0,0.7263104838709677,0.20100864767046875,0.0,0.5817121267318726,0.006062585860490799,0,0,6,4,-1,perm_test,0.004975124378109453,0.22338012335642532,8,4,4,0.0,0.5,0,0.0,0.0,0.0,0.0,0,none,0,1,0,overconfident,0.95,0,mild_drift,0.9429817293543834,0.0014748831509146841,0.7250465870834888,0.8437716508121229,1768146520.0485554,0.2576718032360077,0.15754252672195435
32,2048,2047,sea_abrupt4,sea,ts_drift_adapt,3,"error_divergence_ph_meta@error.threshold=0.10,error.min_instances=5",error_divergence_ph_meta,"{""divergence"": {""alpha"": 0.1, ""delta"": 0.005, ""min_instances"": 30, ""threshold"": 0.05}, ""error_rate"": {""alpha"": 0.15, ""delta"": 0.005, ""min_instances"": 5, ""threshold"": 0.1}}","{""error_rate"": {""min_instances"": 5, ""threshold"": 0.1}}",0.1,0.005,0.15,5,0.05,0.005,0.1,30,,,,-1,two_stage,2,0.5,"__confirm_cooldown=200,__confirm_rule=perm_test,__perm_alpha=0.01,__perm_delta_k=25,__perm_min_effect=0,__perm_n_perm=200,__perm_post_n=50,__perm_pre_n=500,__perm_rng_seed=0,__perm_stat=delta_fused_score,divergence=0.3,error_rate=0.5,teacher_entropy=0.2",3,0,200,0.0,0,10000,10.0,25.0,200,500,1,72,1.0,0.72998046875,0.20972657950853532,0.0,0.5820072889328003,0.002666130429133773,0,0,6,4,-1,perm_test,0.004975124378109453,0.22338012335642532,8,4,4,0.0,0.003396455431357026,0,0.0,0.0,0.0,0.0,0,none,0,1,0,overconfident,0.95,0,mild_drift,0.9516408646771917,0.001387441575457342,0.7625232935417444,0.8493858254060614,1768146520.0579946,0.3501614034175873,0.10519345104694366
33,2112,2111,sea_abrupt4,sea,ts_drift_adapt,3,"error_divergence_ph_meta@error.threshold=0.10,error.min_instances=5",error_divergence_ph_meta,"{""divergence"": {""alpha"": 0.1, ""delta"": 0.005, ""min_instances"": 30, ""threshold"": 0.05}, ""error_rate"": {""alpha"": 0.15, ""delta"": 0.005, ""min_instances"": 5, ""threshold"": 0.1}}","{""error_rate"": {""min_instances"": 5, ""threshold"": 0.1}}",0.1,0.005,0.15,5,0.05,0.005,0.1,30,,,,-1,two_stage,2,0.5,"__confirm_cooldown=200,__confirm_rule=perm_test,__perm_alpha=0.01,__perm_delta_k=25,__perm_min_effect=0,__perm_n_perm=200,__perm_post_n=50,__perm_pre_n=500,__perm_rng_seed=0,__perm_stat=delta_fused_score,divergence=0.3,error_rate=0.5,teacher_entropy=0.2",3,0,200,0.0,0,10000,10.0,25.0,200,500,1,8,1.0,0.7277462121212122,0.20291738537999288,0.16666666666666666,0.5700568556785583,0.0032525286078453064,0,0,6,4,-1,perm_test,0.004975124378109453,0.22338012335642532,8,4,4,0.0,0.16666666666666666,0,0.0,0.0,0.0,0.0,0,none,0,1,0,overconfident,0.95,0,mild_drift,0.9559704323385958,0.001343720787728671,0.7812616467708722,0.8521929127030308,1768146520.0676055,0.5446242690086365,0.1045876070857048
34,2176,2175,sea_abrupt4,sea,ts_drift_adapt,3,"error_divergence_ph_meta@error.threshold=0.10,error.min_instances=5",error_divergence_ph_meta,"{""divergence"": {""alpha"": 0.1, ""delta"": 0.005, ""min_instances"": 30, ""threshold"": 0.05}, ""error_rate"": {""alpha"": 0.15, ""delta"": 0.005, ""min_instances"": 5, ""threshold"": 0.1}}","{""error_rate"": {""min_instances"": 5, ""threshold"": 0.1}}",0.1,0.005,0.15,5,0.05,0.005,0.1,30,,,,-1,two_stage,2,0.5,"__confirm_cooldown=200,__confirm_rule=perm_test,__perm_alpha=0.01,__perm_delta_k=25,__perm_min_effect=0,__perm_n_perm=200,__perm_post_n=50,__perm_pre_n=500,__perm_rng_seed=0,__perm_stat=delta_fused_score,divergence=0.3,error_rate=0.5,teacher_entropy=0.2",3,0,200,0.0,0,10000,10.0,25.0,200,500,0,0,1.0,0.7297794117647058,0.20840319289653542,0.3333333333333333,0.5627351999282837,0.004304358270019293,0,0,6,4,-1,perm_test,0.004975124378109453,0.22338012335642532,8,4,4,0.0,0.16666666666666666,0,0.0,0.0,0.0,0.0,0,none,0,1,0,overconfident,0.95,0,mild_drift,0.9581352161692979,0.0013218603938643355,0.7906308233854361,0.8535964563515154,1768146520.0773149,0.6850650310516357,0.1253468096256256
35,2240,2239,sea_abrupt4,sea,ts_drift_adapt,3,"error_divergence_ph_meta@error.threshold=0.10,error.min_instances=5",error_divergence_ph_meta,"{""divergence"": {""alpha"": 0.1, ""delta"": 0.005, ""min_instances"": 30, ""threshold"": 0.05}, ""error_rate"": {""alpha"": 0.15, ""delta"": 0.005, ""min_instances"": 5, ""threshold"": 0.1}}","{""error_rate"": {""min_instances"": 5, ""threshold"": 0.1}}",0.1,0.005,0.15,5,0.05,0.005,0.1,30,,,,-1,two_stage,2,0.5,"__confirm_cooldown=200,__confirm_rule=perm_test,__perm_alpha=0.01,__perm_delta_k=25,__perm_min_effect=0,__perm_n_perm=200,__perm_post_n=50,__perm_pre_n=500,__perm_rng_seed=0,__perm_stat=delta_fused_score,divergence=0.3,error_rate=0.5,teacher_entropy=0.2",3,0,200,0.0,0,10000,10.0,25.0,200,500,0,0,1.0,0.7316964285714286,0.21606808859529997,0.16666666666666666,0.5949453711509705,0.00635038735345006,0,1,7,4,-1,perm_test,1.0,-0.10402533901660752,9,4,5,0.33333333333333337,0.16666666666666666,1,0.5,0.0,0.0,0.0,0,none,0,1,0,overconfident,0.95,0,mild_drift,0.9592176080846488,0.0013109301969321677,0.7953154116927181,0.8542982281757576,1768146520.0872483,0.36451247334480286,0.14383205771446228
36,2304,2303,sea_abrupt4,sea,ts_drift_adapt,3,"error_divergence_ph_meta@error.threshold=0.10,error.min_instances=5",error_divergence_ph_meta,"{""divergence"": {""alpha"": 0.1, ""delta"": 0.005, ""min_instances"": 30, ""threshold"": 0.05}, ""error_rate"": {""alpha"": 0.15, ""delta"": 0.005, ""min_instances"": 5, ""threshold"": 0.1}}","{""error_rate"": {""min_instances"": 5, ""threshold"": 0.1}}",0.1,0.005,0.15,5,0.05,0.005,0.1,30,,,,-1,two_stage,2,0.5,"__confirm_cooldown=200,__confirm_rule=perm_test,__perm_alpha=0.01,__perm_delta_k=25,__perm_min_effect=0,__perm_n_perm=200,__perm_post_n=50,__perm_pre_n=500,__perm_rng_seed=0,__perm_stat=delta_fused_score,divergence=0.3,error_rate=0.5,teacher_entropy=0.2",3,0,200,0.0,0,10000,10.0,25.0,200,500,0,0,1.0,0.7335069444444444,0.22207704794710362,0.5,0.5497193932533264,0.004487963393330574,0,0,7,4,-1,perm_test,1.0,-0.060178351884515945,10,4,6,0.0,0.33333333333333337,0,0.0,0.0,0.0,0.0,0,none,0,1,0,overconfident,0.95,0,mild_drift,0.9597588040423244,0.0013054650984660838,0.7976577058463591,0.8546491140878788,1768146520.0974824,1.1309795379638672,0.12196122854948044
37,2368,2367,sea_abrupt4,sea,ts_drift_adapt,3,"error_divergence_ph_meta@error.threshold=0.10,error.min_instances=5",error_divergence_ph_meta,"{""divergence"": {""alpha"": 0.1, ""delta"": 0.005, ""min_instances"": 30, ""threshold"": 0.05}, ""error_rate"": {""alpha"": 0.15, ""delta"": 0.005, ""min_instances"": 5, ""threshold"": 0.1}}","{""error_rate"": {""min_instances"": 5, ""threshold"": 0.1}}",0.1,0.005,0.15,5,0.05,0.005,0.1,30,,,,-1,two_stage,2,0.5,"__confirm_cooldown=200,__confirm_rule=perm_test,__perm_alpha=0.01,__perm_delta_k=25,__perm_min_effect=0,__perm_n_perm=200,__perm_post_n=50,__perm_pre_n=500,__perm_rng_seed=0,__perm_stat=delta_fused_score,divergence=0.3,error_rate=0.5,teacher_entropy=0.2",3,0,200,0.0,0,10000,10.0,25.0,200,500,0,0,1.0,0.7356418918918919,0.23048475730987786,0.3333333333333333,0.570409893989563,0.0047390274703502655,0,0,7,4,-1,perm_test,1.0,-0.06696957919100471,11,4,7,0.0,0.16666666666666669,0,0.0,0.0,0.0,0.0,0,none,0,1,0,overconfident,0.95,0,mild_drift,0.9600294020211622,0.0013027325492330419,0.7988288529231795,0.8548245570439394,1768146520.1076083,0.795257568359375,0.11728275567293167
38,2432,2431,sea_abrupt4,sea,ts_drift_adapt,3,"error_divergence_ph_meta@error.threshold=0.10,error.min_instances=5",error_divergence_ph_meta,"{""divergence"": {""alpha"": 0.1, ""delta"": 0.005, ""min_instances"": 30, ""threshold"": 0.05}, ""error_rate"": {""alpha"": 0.15, ""delta"": 0.005, ""min_instances"": 5, ""threshold"": 0.1}}","{""error_rate"": {""min_instances"": 5, ""threshold"": 0.1}}",0.1,0.005,0.15,5,0.05,0.005,0.1,30,,,,-1,two_stage,2,0.5,"__confirm_cooldown=200,__confirm_rule=perm_test,__perm_alpha=0.01,__perm_delta_k=25,__perm_min_effect=0,__perm_n_perm=200,__perm_post_n=50,__perm_pre_n=500,__perm_rng_seed=0,__perm_stat=delta_fused_score,divergence=0.3,error_rate=0.5,teacher_entropy=0.2",3,0,200,0.0,0,10000,10.0,25.0,200,500,0,0,1.0,0.7380756578947368,0.23291621607703797,0.3333333333333333,0.5613957047462463,0.004261643160134554,0,0,7,4,-1,perm_test,1.0,-0.018146981253449882,12,4,8,0.0,0.0004773843102157116,0,0.0,0.0,0.0,0.0,0,none,0,1,0,overconfident,0.95,0,mild_drift,0.960164701010581,0.001301366274616521,0.7994144264615898,0.8549122785219697,1768146520.1177392,0.7575661540031433,0.10990637540817261
39,2496,2495,sea_abrupt4,sea,ts_drift_adapt,3,"error_divergence_ph_meta@error.threshold=0.10,error.min_instances=5",error_divergence_ph_meta,"{""divergence"": {""alpha"": 0.1, ""delta"": 0.005, ""min_instances"": 30, ""threshold"": 0.05}, ""error_rate"": {""alpha"": 0.15, ""delta"": 0.005, ""min_instances"": 5, ""threshold"": 0.1}}","{""error_rate"": {""min_instances"": 5, ""threshold"": 0.1}}",0.1,0.005,0.15,5,0.05,0.005,0.1,30,,,,-1,two_stage,2,0.5,"__confirm_cooldown=200,__confirm_rule=perm_test,__perm_alpha=0.01,__perm_delta_k=25,__perm_min_effect=0,__perm_n_perm=200,__perm_post_n=50,__perm_pre_n=500,__perm_rng_seed=0,__perm_stat=delta_fused_score,divergence=0.3,error_rate=0.5,teacher_entropy=0.2",3,0,200,0.0,0,10000,10.0,25.0,200,500,0,0,1.0,0.7407852564102564,0.24111135547247275,0.16666666666666666,0.5760412812232971,0.004923039581626654,0,0,7,4,-1,perm_test,1.0,-0.018146981253449882,12,4,8,0.0,0.16666666666666666,0,0.0,0.0,0.0,0.0,0,none,0,1,0,overconfident,0.95,0,mild_drift,0.9602323505052905,0.0013006831373082606,0.799707213230795,0.8549561392609848,1768146520.127878,0.3500860929489136,0.14454220235347748
40,2560,2559,sea_abrupt4,sea,ts_drift_adapt,3,"error_divergence_ph_meta@error.threshold=0.10,error.min_instances=5",error_divergence_ph_meta,"{""divergence"": {""alpha"": 0.1, ""delta"": 0.005, ""min_instances"": 30, ""threshold"": 0.05}, ""error_rate"": {""alpha"": 0.15, ""delta"": 0.005, ""min_instances"": 5, ""threshold"": 0.1}}","{""error_rate"": {""min_instances"": 5, ""threshold"": 0.1}}",0.1,0.005,0.15,5,0.05,0.005,0.1,30,,,,-1,two_stage,2,0.5,"__confirm_cooldown=200,__confirm_rule=perm_test,__perm_alpha=0.01,__perm_delta_k=25,__perm_min_effect=0,__perm_n_perm=200,__perm_post_n=50,__perm_pre_n=500,__perm_rng_seed=0,__perm_stat=delta_fused_score,divergence=0.3,error_rate=0.5,teacher_entropy=0.2",3,0,200,0.0,0,10000,10.0,25.0,200,500,0,0,1.0,0.740625,0.25055904739734314,0.16666666666666666,0.576694130897522,0.00641881488263607,0,1,8,4,-1,perm_test,0.01990049751243781,0.013774970972472218,13,4,9,0.0,0.0014957753010094166,1,0.5,0.0,0.0,0.0,0,none,0,1,0,overconfident,0.95,0,mild_drift,0.9602661752526452,0.0013003415686541303,0.7998536066153975,0.8549780696304924,1768146520.145758,0.4550330936908722,0.14844046533107758
41,2624,2623,sea_abrupt4,sea,ts_drift_adapt,3,"error_divergence_ph_meta@error.threshold=0.10,error.min_instances=5",error_divergence_ph_meta,"{""divergence"": {""alpha"": 0.1, ""delta"": 0.005, ""min_instances"": 30, ""threshold"": 0.05}, ""error_rate"": {""alpha"": 0.15, ""delta"": 0.005, ""min_instances"": 5, ""threshold"": 0.1}}","{""error_rate"": {""min_instances"": 5, ""threshold"": 0.1}}",0.1,0.005,0.15,5,0.05,0.005,0.1,30,,,,-1,two_stage,2,0.5,"__confirm_cooldown=200,__confirm_rule=perm_test,__perm_alpha=0.01,__perm_delta_k=25,__perm_min_effect=0,__perm_n_perm=200,__perm_post_n=50,__perm_pre_n=500,__perm_rng_seed=0,__perm_stat=delta_fused_score,divergence=0.3,error_rate=0.5,teacher_entropy=0.2",3,0,200,0.0,0,10000,10.0,25.0,200,500,0,0,1.0,0.7416158536585366,0.2631142950869647,0.5,0.5795783996582031,0.006741208024322987,1,0,8,5,1,perm_test,0.004975124378109453,0.08443211132169223,14,5,9,0.0,0.33333333333333337,0,0.0,0.0,0.0,0.0,0,none,1,1,0,overconfident,0.95,0,stable,0.9751330876263227,0.0010501707843270651,0.8999268033076988,0.8999890348152462,1768146520.1625087,0.9597123265266418,0.15285028517246246
42,2688,2687,sea_abrupt4,sea,ts_drift_adapt,3,"error_divergence_ph_meta@error.threshold=0.10,error.min_instances=5",error_divergence_ph_meta,"{""divergence"": {""alpha"": 0.1, ""delta"": 0.005, ""min_instances"": 30, ""threshold"": 0.05}, ""error_rate"": {""alpha"": 0.15, ""delta"": 0.005, ""min_instances"": 5, ""threshold"": 0.1}}","{""error_rate"": {""min_instances"": 5, ""threshold"": 0.1}}",0.1,0.005,0.15,5,0.05,0.005,0.1,30,,,,-1,two_stage,2,0.5,"__confirm_cooldown=200,__confirm_rule=perm_test,__perm_alpha=0.01,__perm_delta_k=25,__perm_min_effect=0,__perm_n_perm=200,__perm_post_n=50,__perm_pre_n=500,__perm_rng_seed=0,__perm_stat=delta_fused_score,divergence=0.3,error_rate=0.5,teacher_entropy=0.2",3,0,200,0.0,0,10000,10.0,25.0,200,500,1,136,1.0,0.7414434523809523,0.2648338934493966,0.16666666666666666,0.5711953639984131,0.005364442244172096,0,0,8,5,-1,perm_test,0.004975124378109453,0.08443211132169223,14,5,9,0.0,0.33333333333333337,0,0.0,0.0,0.0,0.0,0,none,0,1,0,overconfident,0.95,0,mild_drift,0.9677165438131613,0.0011750853921635327,0.8499634016538494,0.8774945174076231,1768146520.1714416,0.6156845688819885,0.021451158449053764
43,2752,2751,sea_abrupt4,sea,ts_drift_adapt,3,"error_divergence_ph_meta@error.threshold=0.10,error.min_instances=5",error_divergence_ph_meta,"{""divergence"": {""alpha"": 0.1, ""delta"": 0.005, ""min_instances"": 30, ""threshold"": 0.05}, ""error_rate"": {""alpha"": 0.15, ""delta"": 0.005, ""min_instances"": 5, ""threshold"": 0.1}}","{""error_rate"": {""min_instances"": 5, ""threshold"": 0.1}}",0.1,0.005,0.15,5,0.05,0.005,0.1,30,,,,-1,two_stage,2,0.5,"__confirm_cooldown=200,__confirm_rule=perm_test,__perm_alpha=0.01,__perm_delta_k=25,__perm_min_effect=0,__perm_n_perm=200,__perm_post_n=50,__perm_pre_n=500,__perm_rng_seed=0,__perm_stat=delta_fused_score,divergence=0.3,error_rate=0.5,teacher_entropy=0.2",3,0,200,0.0,0,10000,10.0,25.0,200,500,1,72,1.0,0.7445494186046512,0.2718590279189152,0.0,0.5521511435508728,0.006932809017598629,0,0,8,5,-1,perm_test,0.004975124378109453,0.08443211132169223,14,5,9,0.0,0.16666666666666666,0,0.0,0.0,0.0,0.0,0,none,0,1,0,overconfident,0.95,0,mild_drift,0.9640082719065806,0.0012375426960817663,0.8249817008269247,0.8662472587038115,1768146520.1813195,0.36092743277549744,0.10671313107013702
44,2816,2815,sea_abrupt4,sea,ts_drift_adapt,3,"error_divergence_ph_meta@error.threshold=0.10,error.min_instances=5",error_divergence_ph_meta,"{""divergence"": {""alpha"": 0.1, ""delta"": 0.005, ""min_instances"": 30, ""threshold"": 0.05}, ""error_rate"": {""alpha"": 0.15, ""delta"": 0.005, ""min_instances"": 5, ""threshold"": 0.1}}","{""error_rate"": {""min_instances"": 5, ""threshold"": 0.1}}",0.1,0.005,0.15,5,0.05,0.005,0.1,30,,,,-1,two_stage,2,0.5,"__confirm_cooldown=200,__confirm_rule=perm_test,__perm_alpha=0.01,__perm_delta_k=25,__perm_min_effect=0,__perm_n_perm=200,__perm_post_n=50,__perm_pre_n=500,__perm_rng_seed=0,__perm_stat=delta_fused_score,divergence=0.3,error_rate=0.5,teacher_entropy=0.2",3,0,200,0.0,0,10000,10.0,25.0,200,500,1,8,1.0,0.74609375,0.27992572660466747,0.3333333333333333,0.5785616040229797,0.009733861312270164,0,0,8,5,-1,perm_test,0.004975124378109453,0.08443211132169223,14,5,9,0.0,0.3333333333333333,0,0.0,0.0,0.0,0.0,0,none,0,1,0,overconfident,0.95,0,mild_drift,0.9621541359532902,0.0012687713480408831,0.8124908504134624,0.8606236293519057,1768146520.191023,0.5427307486534119,0.13758361339569092
45,2880,2879,sea_abrupt4,sea,ts_drift_adapt,3,"error_divergence_ph_meta@error.threshold=0.10,error.min_instances=5",error_divergence_ph_meta,"{""divergence"": {""alpha"": 0.1, ""delta"": 0.005, ""min_instances"": 30, ""threshold"": 0.05}, ""error_rate"": {""alpha"": 0.15, ""delta"": 0.005, ""min_instances"": 5, ""threshold"": 0.1}}","{""error_rate"": {""min_instances"": 5, ""threshold"": 0.1}}",0.1,0.005,0.15,5,0.05,0.005,0.1,30,,,,-1,two_stage,2,0.5,"__confirm_cooldown=200,__confirm_rule=perm_test,__perm_alpha=0.01,__perm_delta_k=25,__perm_min_effect=0,__perm_n_perm=200,__perm_post_n=50,__perm_pre_n=500,__perm_rng_seed=0,__perm_stat=delta_fused_score,divergence=0.3,error_rate=0.5,teacher_entropy=0.2",3,0,200,0.0,0,10000,10.0,25.0,200,500,0,0,1.0,0.7472222222222222,0.2808850645359556,0.3333333333333333,0.5791290402412415,0.004480008035898209,1,1,9,6,0,perm_test,0.004975124378109453,0.0393481615387282,15,6,9,0.16666666666666666,0.005253853276371956,1,0.5,0.0,0.0,0.0,0,none,1,1,0,overconfident,0.95,0,severe_drift,0.9265770679766452,0.0016343856740204416,0.6562454252067311,0.8353118146759528,1768146520.207813,0.48194146156311035,0.1761132776737213
46,2944,2943,sea_abrupt4,sea,ts_drift_adapt,3,"error_divergence_ph_meta@error.threshold=0.10,error.min_instances=5",error_divergence_ph_meta,"{""divergence"": {""alpha"": 0.1, ""delta"": 0.005, ""min_instances"": 30, ""threshold"": 0.05}, ""error_rate"": {""alpha"": 0.15, ""delta"": 0.005, ""min_instances"": 5, ""threshold"": 0.1}}","{""error_rate"": {""min_instances"": 5, ""threshold"": 0.1}}",0.1,0.005,0.15,5,0.05,0.005,0.1,30,,,,-1,two_stage,2,0.5,"__confirm_cooldown=200,__confirm_rule=perm_test,__perm_alpha=0.01,__perm_delta_k=25,__perm_min_effect=0,__perm_n_perm=200,__perm_post_n=50,__perm_pre_n=500,__perm_rng_seed=0,__perm_stat=delta_fused_score,divergence=0.3,error_rate=0.5,teacher_entropy=0.2",3,0,200,0.0,0,10000,10.0,25.0,200,500,1,136,1.0,0.7469429347826086,0.28151088177137823,0.6666666666666666,0.5784780979156494,0.0037108738906681538,0,0,9,6,-1,perm_test,0.004975124378109453,0.0393481615387282,15,6,9,0.0,0.3333333333333333,0,0.0,0.0,0.0,0.0,0,none,0,1,0,overconfident,0.95,0,mild_drift,0.9434385339883226,0.0014671928370102209,0.7281227126033656,0.8451559073379764,1768146520.2177687,0.9053371548652649,0.13352276384830475
47,3008,3007,sea_abrupt4,sea,ts_drift_adapt,3,"error_divergence_ph_meta@error.threshold=0.10,error.min_instances=5",error_divergence_ph_meta,"{""divergence"": {""alpha"": 0.1, ""delta"": 0.005, ""min_instances"": 30, ""threshold"": 0.05}, ""error_rate"": {""alpha"": 0.15, ""delta"": 0.005, ""min_instances"": 5, ""threshold"": 0.1}}","{""error_rate"": {""min_instances"": 5, ""threshold"": 0.1}}",0.1,0.005,0.15,5,0.05,0.005,0.1,30,,,,-1,two_stage,2,0.5,"__confirm_cooldown=200,__confirm_rule=perm_test,__perm_alpha=0.01,__perm_delta_k=25,__perm_min_effect=0,__perm_n_perm=200,__perm_post_n=50,__perm_pre_n=500,__perm_rng_seed=0,__perm_stat=delta_fused_score,divergence=0.3,error_rate=0.5,teacher_entropy=0.2",3,0,200,0.0,0,10000,10.0,25.0,200,500,1,72,1.0,0.7493351063829787,0.28439524047514503,0.16666666666666666,0.5241312980651855,0.002822339301928878,0,0,9,6,-1,perm_test,0.004975124378109453,0.0393481615387282,15,6,9,0.0,0.5,0,0.0,0.0,0.0,0.0,0,none,0,1,0,overconfident,0.95,0,mild_drift,0.9518692669941613,0.0013835964185051105,0.7640613563016828,0.8500779536689882,1768146520.2274983,0.37509146332740784,0.1270361691713333
48,3072,3071,sea_abrupt4,sea,ts_drift_adapt,3,"error_divergence_ph_meta@error.threshold=0.10,error.min_instances=5",error_divergence_ph_meta,"{""divergence"": {""alpha"": 0.1, ""delta"": 0.005, ""min_instances"": 30, ""threshold"": 0.05}, ""error_rate"": {""alpha"": 0.15, ""delta"": 0.005, ""min_instances"": 5, ""threshold"": 0.1}}","{""error_rate"": {""min_instances"": 5, ""threshold"": 0.1}}",0.1,0.005,0.15,5,0.05,0.005,0.1,30,,,,-1,two_stage,2,0.5,"__confirm_cooldown=200,__confirm_rule=perm_test,__perm_alpha=0.01,__perm_delta_k=25,__perm_min_effect=0,__perm_n_perm=200,__perm_post_n=50,__perm_pre_n=500,__perm_rng_seed=0,__perm_stat=delta_fused_score,divergence=0.3,error_rate=0.5,teacher_entropy=0.2",3,0,200,0.0,0,10000,10.0,25.0,200,500,1,8,1.0,0.7513020833333334,0.29470098969912384,0.16666666666666666,0.5529316067695618,0.004120516590774059,0,0,9,6,-1,perm_test,0.004975124378109453,0.0393481615387282,15,6,9,0.0,0.0012981772888451815,0,0.0,0.0,0.0,0.0,0,none,0,1,0,overconfident,0.95,0,mild_drift,0.9560846334970806,0.0013417982092525553,0.7820306781508415,0.8525389768344941,1768146520.23733,0.4072796106338501,0.11245983839035034
49,3136,3135,sea_abrupt4,sea,ts_drift_adapt,3,"error_divergence_ph_meta@error.threshold=0.10,error.min_instances=5",error_divergence_ph_meta,"{""divergence"": {""alpha"": 0.1, ""delta"": 0.005, ""min_instances"": 30, ""threshold"": 0.05}, ""error_rate"": {""alpha"": 0.15, ""delta"": 0.005, ""min_instances"": 5, ""threshold"": 0.1}}","{""error_rate"": {""min_instances"": 5, ""threshold"": 0.1}}",0.1,0.005,0.15,5,0.05,0.005,0.1,30,,,,-1,two_stage,2,0.5,"__confirm_cooldown=200,__confirm_rule=perm_test,__perm_alpha=0.01,__perm_delta_k=25,__perm_min_effect=0,__perm_n_perm=200,__perm_post_n=50,__perm_pre_n=500,__perm_rng_seed=0,__perm_stat=delta_fused_score,divergence=0.3,error_rate=0.5,teacher_entropy=0.2",3,0,200,0.0,0,10000,10.0,25.0,200,500,0,0,1.0,0.7512755102040817,0.29758141586414766,0.16666666666666666,0.5813958644866943,0.003952954895794392,0,0,9,6,-1,perm_test,0.004975124378109453,0.0393481615387282,15,6,9,0.0,0.00016756169497966766,0,0.0,0.0,0.0,0.0,0,none,0,1,0,overconfident,0.95,0,mild_drift,0.9581923167485402,0.0013208991046262776,0.7910153390754208,0.8537694884172471,1768146520.2474003,0.42734792828559875,0.12415692955255508
50,3200,3199,sea_abrupt4,sea,ts_drift_adapt,3,"error_divergence_ph_meta@error.threshold=0.10,error.min_instances=5",error_divergence_ph_meta,"{""divergence"": {""alpha"": 0.1, ""delta"": 0.005, ""min_instances"": 30, ""threshold"": 0.05}, ""error_rate"": {""alpha"": 0.15, ""delta"": 0.005, ""min_instances"": 5, ""threshold"": 0.1}}","{""error_rate"": {""min_instances"": 5, ""threshold"": 0.1}}",0.1,0.005,0.15,5,0.05,0.005,0.1,30,,,,-1,two_stage,2,0.5,"__confirm_cooldown=200,__confirm_rule=perm_test,__perm_alpha=0.01,__perm_delta_k=25,__perm_min_effect=0,__perm_n_perm=200,__perm_post_n=50,__perm_pre_n=500,__perm_rng_seed=0,__perm_stat=delta_fused_score,divergence=0.3,error_rate=0.5,teacher_entropy=0.2",3,0,200,0.0,0,10000,10.0,25.0,200,500,0,0,1.0,0.75375,0.3007260624299438,0.3333333333333333,0.5389158129692078,0.003806691849604249,1,1,10,7,0,perm_test,0.004975124378109453,0.12408298655021442,16,7,9,0.0,0.16666666666666666,1,0.5,0.0,0.0,0.0,0,none,1,1,0,overconfident,0.95,0,stable,0.9740961583742701,0.0010604495523131388,0.8955076695377104,0.8993847442086236,1768146520.264519,0.8072575926780701,0.10383417457342148
51,3264,3263,sea_abrupt4,sea,ts_drift_adapt,3,"error_divergence_ph_meta@error.threshold=0.10,error.min_instances=5",error_divergence_ph_meta,"{""divergence"": {""alpha"": 0.1, ""delta"": 0.005, ""min_instances"": 30, ""threshold"": 0.05}, ""error_rate"": {""alpha"": 0.15, ""delta"": 0.005, ""min_instances"": 5, ""threshold"": 0.1}}","{""error_rate"": {""min_instances"": 5, ""threshold"": 0.1}}",0.1,0.005,0.15,5,0.05,0.005,0.1,30,,,,-1,two_stage,2,0.5,"__confirm_cooldown=200,__confirm_rule=perm_test,__perm_alpha=0.01,__perm_delta_k=25,__perm_min_effect=0,__perm_n_perm=200,__perm_post_n=50,__perm_pre_n=500,__perm_rng_seed=0,__perm_stat=delta_fused_score,divergence=0.3,error_rate=0.5,teacher_entropy=0.2",3,0,200,0.0,0,10000,10.0,25.0,200,500,1,136,1.0,0.7561274509803921,0.31074352803351535,0.3333333333333333,0.554351806640625,0.0037179046776145697,0,0,10,7,-1,perm_test,0.004975124378109453,0.12408298655021442,16,7,9,0.0,8.878717198967934e-05,0,0.0,0.0,0.0,0.0,0,none,0,1,0,overconfident,0.95,0,mild_drift,0.9671980791871351,0.0011802247761565695,0.8477538347688552,0.8771923721043118,1768146520.2742157,0.46773114800453186,0.06845322251319885
52,3328,3327,sea_abrupt4,sea,ts_drift_adapt,3,"error_divergence_ph_meta@error.threshold=0.10,error.min_instances=5",error_divergence_ph_meta,"{""divergence"": {""alpha"": 0.1, ""delta"": 0.005, ""min_instances"": 30, ""threshold"": 0.05}, ""error_rate"": {""alpha"": 0.15, ""delta"": 0.005, ""min_instances"": 5, ""threshold"": 0.1}}","{""error_rate"": {""min_instances"": 5, ""threshold"": 0.1}}",0.1,0.005,0.15,5,0.05,0.005,0.1,30,,,,-1,two_stage,2,0.5,"__confirm_cooldown=200,__confirm_rule=perm_test,__perm_alpha=0.01,__perm_delta_k=25,__perm_min_effect=0,__perm_n_perm=200,__perm_post_n=50,__perm_pre_n=500,__perm_rng_seed=0,__perm_stat=delta_fused_score,divergence=0.3,error_rate=0.5,teacher_entropy=0.2",3,0,200,0.0,0,10000,10.0,25.0,200,500,1,72,1.0,0.7575120192307693,0.3144159469686915,0.16666666666666666,0.537060022354126,0.0034493731800466776,0,0,10,7,-1,perm_test,0.004975124378109453,0.12408298655021442,16,7,9,0.0,0.16666666666666666,0,0.0,0.0,0.0,0.0,0,none,0,1,0,overconfident,0.95,0,mild_drift,0.9637490395935675,0.0012401123880782848,0.8238769173844276,0.8660961860521559,1768146520.2840717,0.4445887804031372,0.082566037774086
53,3392,3391,sea_abrupt4,sea,ts_drift_adapt,3,"error_divergence_ph_meta@error.threshold=0.10,error.min_instances=5",error_divergence_ph_meta,"{""divergence"": {""alpha"": 0.1, ""delta"": 0.005, ""min_instances"": 30, ""threshold"": 0.05}, ""error_rate"": {""alpha"": 0.15, ""delta"": 0.005, ""min_instances"": 5, ""threshold"": 0.1}}","{""error_rate"": {""min_instances"": 5, ""threshold"": 0.1}}",0.1,0.005,0.15,5,0.05,0.005,0.1,30,,,,-1,two_stage,2,0.5,"__confirm_cooldown=200,__confirm_rule=perm_test,__perm_alpha=0.01,__perm_delta_k=25,__perm_min_effect=0,__perm_n_perm=200,__perm_post_n=50,__perm_pre_n=500,__perm_rng_seed=0,__perm_stat=delta_fused_score,divergence=0.3,error_rate=0.5,teacher_entropy=0.2",3,0,200,0.0,0,10000,10.0,25.0,200,500,1,8,1.0,0.7585495283018868,0.3175576749606462,0.0,0.551191508769989,0.005124645307660103,0,0,10,7,-1,perm_test,0.004975124378109453,0.12408298655021442,16,7,9,0.0,0.16666666666666666,0,0.0,0.0,0.0,0.0,0,none,0,1,0,overconfident,0.95,0,mild_drift,0.9620245197967837,0.0012700561940391425,0.8119384586922138,0.8605480930260779,1768146520.293778,0.3413827121257782,0.09488563239574432
54,3456,3455,sea_abrupt4,sea,ts_drift_adapt,3,"error_divergence_ph_meta@error.threshold=0.10,error.min_instances=5",error_divergence_ph_meta,"{""divergence"": {""alpha"": 0.1, ""delta"": 0.005, ""min_instances"": 30, ""threshold"": 0.05}, ""error_rate"": {""alpha"": 0.15, ""delta"": 0.005, ""min_instances"": 5, ""threshold"": 0.1}}","{""error_rate"": {""min_instances"": 5, ""threshold"": 0.1}}",0.1,0.005,0.15,5,0.05,0.005,0.1,30,,,,-1,two_stage,2,0.5,"__confirm_cooldown=200,__confirm_rule=perm_test,__perm_alpha=0.01,__perm_delta_k=25,__perm_min_effect=0,__perm_n_perm=200,__perm_post_n=50,__perm_pre_n=500,__perm_rng_seed=0,__perm_stat=delta_fused_score,divergence=0.3,error_rate=0.5,teacher_entropy=0.2",3,0,200,0.0,0,10000,10.0,25.0,200,500,0,0,1.0,0.7589699074074074,0.3227546685110169,0.5,0.5526573061943054,0.006466798949986696,0,0,10,7,-1,perm_test,0.004975124378109453,0.12408298655021442,16,7,9,0.0,0.5,0,0.0,0.0,0.0,0.0,0,none,0,1,0,overconfident,0.95,0,mild_drift,0.9611622598983918,0.0012850280970195713,0.8059692293461069,0.857774046513039,1768146520.3036869,0.4806981384754181,0.0970943421125412
55,3520,3519,sea_abrupt4,sea,ts_drift_adapt,3,"error_divergence_ph_meta@error.threshold=0.10,error.min_instances=5",error_divergence_ph_meta,"{""divergence"": {""alpha"": 0.1, ""delta"": 0.005, ""min_instances"": 30, ""threshold"": 0.05}, ""error_rate"": {""alpha"": 0.15, ""delta"": 0.005, ""min_instances"": 5, ""threshold"": 0.1}}","{""error_rate"": {""min_instances"": 5, ""threshold"": 0.1}}",0.1,0.005,0.15,5,0.05,0.005,0.1,30,,,,-1,two_stage,2,0.5,"__confirm_cooldown=200,__confirm_rule=perm_test,__perm_alpha=0.01,__perm_delta_k=25,__perm_min_effect=0,__perm_n_perm=200,__perm_post_n=50,__perm_pre_n=500,__perm_rng_seed=0,__perm_stat=delta_fused_score,divergence=0.3,error_rate=0.5,teacher_entropy=0.2",3,0,200,0.0,0,10000,10.0,25.0,200,500,0,0,1.0,0.7599431818181818,0.3262234625735074,0.3333333333333333,0.5382500886917114,0.004673582036048174,0,1,11,7,-1,perm_test,1.0,-0.037901262000071975,17,7,10,0.0,0.16666666666666669,1,0.5,0.0,0.0,0.0,0,none,0,1,0,overconfident,0.95,0,mild_drift,0.9607311299491959,0.0012925140485097858,0.8029846146730535,0.8563870232565195,1768146520.3140528,0.9179940223693848,0.08953239023685455
56,3584,3583,sea_abrupt4,sea,ts_drift_adapt,3,"error_divergence_ph_meta@error.threshold=0.10,error.min_instances=5",error_divergence_ph_meta,"{""divergence"": {""alpha"": 0.1, ""delta"": 0.005, ""min_instances"": 30, ""threshold"": 0.05}, ""error_rate"": {""alpha"": 0.15, ""delta"": 0.005, ""min_instances"": 5, ""threshold"": 0.1}}","{""error_rate"": {""min_instances"": 5, ""threshold"": 0.1}}",0.1,0.005,0.15,5,0.05,0.005,0.1,30,,,,-1,two_stage,2,0.5,"__confirm_cooldown=200,__confirm_rule=perm_test,__perm_alpha=0.01,__perm_delta_k=25,__perm_min_effect=0,__perm_n_perm=200,__perm_post_n=50,__perm_pre_n=500,__perm_rng_seed=0,__perm_stat=delta_fused_score,divergence=0.3,error_rate=0.5,teacher_entropy=0.2",3,0,200,0.0,0,10000,10.0,25.0,200,500,0,0,1.0,0.7606026785714286,0.3303542963462375,0.0,0.5566338300704956,0.0039042269345372915,0,0,11,7,-1,perm_test,1.0,-0.026699120787727754,18,7,11,0.0,0.3333333333333333,0,0.0,0.0,0.0,0.0,0,none,0,1,0,overconfident,0.95,0,mild_drift,0.9605155649745979,0.0012962570242548931,0.8014923073365268,0.8556935116282598,1768146520.3242269,0.22859109938144684,0.10236712545156479
57,3648,3647,sea_abrupt4,sea,ts_drift_adapt,3,"error_divergence_ph_meta@error.threshold=0.10,error.min_instances=5",error_divergence_ph_meta,"{""divergence"": {""alpha"": 0.1, ""delta"": 0.005, ""min_instances"": 30, ""threshold"": 0.05}, ""error_rate"": {""alpha"": 0.15, ""delta"": 0.005, ""min_instances"": 5, ""threshold"": 0.1}}","{""error_rate"": {""min_instances"": 5, ""threshold"": 0.1}}",0.1,0.005,0.15,5,0.05,0.005,0.1,30,,,,-1,two_stage,2,0.5,"__confirm_cooldown=200,__confirm_rule=perm_test,__perm_alpha=0.01,__perm_delta_k=25,__perm_min_effect=0,__perm_n_perm=200,__perm_post_n=50,__perm_pre_n=500,__perm_rng_seed=0,__perm_stat=delta_fused_score,divergence=0.3,error_rate=0.5,teacher_entropy=0.2",3,0,200,0.0,0,10000,10.0,25.0,200,500,0,0,1.0,0.7620614035087719,0.332936721276664,0.3333333333333333,0.5161621570587158,0.005723780021071434,1,0,11,8,2,perm_test,0.004975124378109453,0.10830616929927486,19,8,11,0.0,0.3333333333333333,0,0.0,0.0,0.0,0.0,0,none,1,1,0,overconfident,0.95,0,stable,0.975257782487299,0.0010481285121274465,0.9007461536682634,0.9003467558141299,1768146520.3412423,0.6275809407234192,0.11962851881980896
58,3712,3711,sea_abrupt4,sea,ts_drift_adapt,3,"error_divergence_ph_meta@error.threshold=0.10,error.min_instances=5",error_divergence_ph_meta,"{""divergence"": {""alpha"": 0.1, ""delta"": 0.005, ""min_instances"": 30, ""threshold"": 0.05}, ""error_rate"": {""alpha"": 0.15, ""delta"": 0.005, ""min_instances"": 5, ""threshold"": 0.1}}","{""error_rate"": {""min_instances"": 5, ""threshold"": 0.1}}",0.1,0.005,0.15,5,0.05,0.005,0.1,30,,,,-1,two_stage,2,0.5,"__confirm_cooldown=200,__confirm_rule=perm_test,__perm_alpha=0.01,__perm_delta_k=25,__perm_min_effect=0,__perm_n_perm=200,__perm_post_n=50,__perm_pre_n=500,__perm_rng_seed=0,__perm_stat=delta_fused_score,divergence=0.3,error_rate=0.5,teacher_entropy=0.2",3,0,200,0.0,0,10000,10.0,25.0,200,500,1,136,1.0,0.7618534482758621,0.3339611979657187,0.3333333333333333,0.5422531366348267,0.007106155157089233,0,0,11,8,-1,perm_test,0.004975124378109453,0.10830616929927486,19,8,11,0.0,0.0013823751360177994,0,0.0,0.0,0.0,0.0,0,none,0,1,0,overconfident,0.95,0,mild_drift,0.9677788912436495,0.0011740642560637234,0.8503730768341318,0.8776733779070649,1768146520.3511171,0.5271792411804199,0.09440545737743378
59,3776,3775,sea_abrupt4,sea,ts_drift_adapt,3,"error_divergence_ph_meta@error.threshold=0.10,error.min_instances=5",error_divergence_ph_meta,"{""divergence"": {""alpha"": 0.1, ""delta"": 0.005, ""min_instances"": 30, ""threshold"": 0.05}, ""error_rate"": {""alpha"": 0.15, ""delta"": 0.005, ""min_instances"": 5, ""threshold"": 0.1}}","{""error_rate"": {""min_instances"": 5, ""threshold"": 0.1}}",0.1,0.005,0.15,5,0.05,0.005,0.1,30,,,,-1,two_stage,2,0.5,"__confirm_cooldown=200,__confirm_rule=perm_test,__perm_alpha=0.01,__perm_delta_k=25,__perm_min_effect=0,__perm_n_perm=200,__perm_post_n=50,__perm_pre_n=500,__perm_rng_seed=0,__perm_stat=delta_fused_score,divergence=0.3,error_rate=0.5,teacher_entropy=0.2",3,0,200,0.0,0,10000,10.0,25.0,200,500,1,72,1.0,0.762447033898305,0.33844596114902864,0.3333333333333333,0.54432213306427,0.0079311178997159,0,0,11,8,-1,perm_test,0.004975124378109453,0.10830616929927486,19,8,11,0.0,0.000824962742626667,0,0.0,0.0,0.0,0.0,0,none,0,1,0,overconfident,0.95,0,mild_drift,0.9640394456218246,0.001237032128031862,0.8251865384170659,0.8663366889535324,1768146520.360774,0.6825289726257324,0.09510652720928192
60,3840,3839,sea_abrupt4,sea,ts_drift_adapt,3,"error_divergence_ph_meta@error.threshold=0.10,error.min_instances=5",error_divergence_ph_meta,"{""divergence"": {""alpha"": 0.1, ""delta"": 0.005, ""min_instances"": 30, ""threshold"": 0.05}, ""error_rate"": {""alpha"": 0.15, ""delta"": 0.005, ""min_instances"": 5, ""threshold"": 0.1}}","{""error_rate"": {""min_instances"": 5, ""threshold"": 0.1}}",0.1,0.005,0.15,5,0.05,0.005,0.1,30,,,,-1,two_stage,2,0.5,"__confirm_cooldown=200,__confirm_rule=perm_test,__perm_alpha=0.01,__perm_delta_k=25,__perm_min_effect=0,__perm_n_perm=200,__perm_post_n=50,__perm_pre_n=500,__perm_rng_seed=0,__perm_stat=delta_fused_score,divergence=0.3,error_rate=0.5,teacher_entropy=0.2",3,0,200,0.0,0,10000,10.0,25.0,200,500,1,8,1.0,0.7640625,0.3404230874669694,0.0,0.5300145149230957,0.006439601071178913,0,1,11,8,-1,perm_test,0.004975124378109453,0.10830616929927486,19,8,11,0.3333333333333333,0.3333333333333333,1,0.5,0.0,0.0,0.0,0,none,0,1,0,overconfident,0.95,0,mild_drift,0.9621697228109123,0.001268516064015931,0.8125932692085329,0.8606683444767662,1768146520.3706803,0.36323651671409607,0.11037209630012512
61,3904,3903,sea_abrupt4,sea,ts_drift_adapt,3,"error_divergence_ph_meta@error.threshold=0.10,error.min_instances=5",error_divergence_ph_meta,"{""divergence"": {""alpha"": 0.1, ""delta"": 0.005, ""min_instances"": 30, ""threshold"": 0.05}, ""error_rate"": {""alpha"": 0.15, ""delta"": 0.005, ""min_instances"": 5, ""threshold"": 0.1}}","{""error_rate"": {""min_instances"": 5, ""threshold"": 0.1}}",0.1,0.005,0.15,5,0.05,0.005,0.1,30,,,,-1,two_stage,2,0.5,"__confirm_cooldown=200,__confirm_rule=perm_test,__perm_alpha=0.01,__perm_delta_k=25,__perm_min_effect=0,__perm_n_perm=200,__perm_post_n=50,__perm_pre_n=500,__perm_rng_seed=0,__perm_stat=delta_fused_score,divergence=0.3,error_rate=0.5,teacher_entropy=0.2",3,0,200,0.0,0,10000,10.0,25.0,200,500,0,0,1.0,0.765625,0.3446636139485734,0.16666666666666666,0.5094574689865112,0.005082256626337767,0,0,11,8,-1,perm_test,0.004975124378109453,0.10830616929927486,19,8,11,0.0,0.16666666666666666,0,0.0,0.0,0.0,0.0,0,none,0,1,0,overconfident,0.95,0,mild_drift,0.9612348614054561,0.0012842580320079656,0.8062966346042665,0.8578341722383831,1768146520.3809571,0.37096431851387024,0.09489112347364426
62,3968,3967,sea_abrupt4,sea,ts_drift_adapt,3,"error_divergence_ph_meta@error.threshold=0.10,error.min_instances=5",error_divergence_ph_meta,"{""divergence"": {""alpha"": 0.1, ""delta"": 0.005, ""min_instances"": 30, ""threshold"": 0.05}, ""error_rate"": {""alpha"": 0.15, ""delta"": 0.005, ""min_instances"": 5, ""threshold"": 0.1}}","{""error_rate"": {""min_instances"": 5, ""threshold"": 0.1}}",0.1,0.005,0.15,5,0.05,0.005,0.1,30,,,,-1,two_stage,2,0.5,"__confirm_cooldown=200,__confirm_rule=perm_test,__perm_alpha=0.01,__perm_delta_k=25,__perm_min_effect=0,__perm_n_perm=200,__perm_post_n=50,__perm_pre_n=500,__perm_rng_seed=0,__perm_stat=delta_fused_score,divergence=0.3,error_rate=0.5,teacher_entropy=0.2",3,0,200,0.0,0,10000,10.0,25.0,200,500,0,0,1.0,0.7658770161290323,0.3466345833445586,0.16666666666666666,0.5266032814979553,0.004725411534309387,0,0,11,8,-1,perm_test,0.004975124378109453,0.10830616929927486,19,8,11,0.0,0.00035684509202837944,0,0.0,0.0,0.0,0.0,0,none,0,1,0,overconfident,0.95,0,mild_drift,0.9607674307027281,0.0012921290160039828,0.8031483173021332,0.8564170861191915,1768146520.391025,0.4961279332637787,0.08629412204027176
63,4032,4031,sea_abrupt4,sea,ts_drift_adapt,3,"error_divergence_ph_meta@error.threshold=0.10,error.min_instances=5",error_divergence_ph_meta,"{""divergence"": {""alpha"": 0.1, ""delta"": 0.005, ""min_instances"": 30, ""threshold"": 0.05}, ""error_rate"": {""alpha"": 0.15, ""delta"": 0.005, ""min_instances"": 5, ""threshold"": 0.1}}","{""error_rate"": {""min_instances"": 5, ""threshold"": 0.1}}",0.1,0.005,0.15,5,0.05,0.005,0.1,30,,,,-1,two_stage,2,0.5,"__confirm_cooldown=200,__confirm_rule=perm_test,__perm_alpha=0.01,__perm_delta_k=25,__perm_min_effect=0,__perm_n_perm=200,__perm_post_n=50,__perm_pre_n=500,__perm_rng_seed=0,__perm_stat=delta_fused_score,divergence=0.3,error_rate=0.5,teacher_entropy=0.2",3,0,200,0.0,0,10000,10.0,25.0,200,500,0,0,1.0,0.7671130952380952,0.35129667058008335,0.3333333333333333,0.5402759313583374,0.007178106345236301,0,0,11,8,-1,perm_test,0.004975124378109453,0.10830616929927486,19,8,11,0.0,0.16666666666666666,0,0.0,0.0,0.0,0.0,0,none,0,1,0,overconfident,0.95,0,mild_drift,0.960533715351364,0.0012960645080019916,0.8015741586510666,0.8557085430595958,1768146520.401145,0.8144140243530273,0.10152457654476166
64,4096,4095,sea_abrupt4,sea,ts_drift_adapt,3,"error_divergence_ph_meta@error.threshold=0.10,error.min_instances=5",error_divergence_ph_meta,"{""divergence"": {""alpha"": 0.1, ""delta"": 0.005, ""min_instances"": 30, ""threshold"": 0.05}, ""error_rate"": {""alpha"": 0.15, ""delta"": 0.005, ""min_instances"": 5, ""threshold"": 0.1}}","{""error_rate"": {""min_instances"": 5, ""threshold"": 0.1}}",0.1,0.005,0.15,5,0.05,0.005,0.1,30,,,,-1,two_stage,2,0.5,"__confirm_cooldown=200,__confirm_rule=perm_test,__perm_alpha=0.01,__perm_delta_k=25,__perm_min_effect=0,__perm_n_perm=200,__perm_post_n=50,__perm_pre_n=500,__perm_rng_seed=0,__perm_stat=delta_fused_score,divergence=0.3,error_rate=0.5,teacher_entropy=0.2",3,0,200,0.0,0,10000,10.0,25.0,200,500,0,0,1.0,0.768310546875,0.3544792329551871,0.0,0.5072158575057983,0.005575154442340136,0,0,11,8,-1,perm_test,0.004975124378109453,0.10830616929927486,19,8,11,0.0,0.3333333333333333,0,0.0,0.0,0.0,0.0,0,none,0,1,0,overconfident,0.95,0,mild_drift,0.960416857675682,0.0012980322540009958,0.8007870793255334,0.8553542715297979,1768146520.4114137,0.20602069795131683,0.09198855608701706
65,4160,4159,sea_abrupt4,sea,ts_drift_adapt,3,"error_divergence_ph_meta@error.threshold=0.10,error.min_instances=5",error_divergence_ph_meta,"{""divergence"": {""alpha"": 0.1, ""delta"": 0.005, ""min_instances"": 30, ""threshold"": 0.05}, ""error_rate"": {""alpha"": 0.15, ""delta"": 0.005, ""min_instances"": 5, ""threshold"": 0.1}}","{""error_rate"": {""min_instances"": 5, ""threshold"": 0.1}}",0.1,0.005,0.15,5,0.05,0.005,0.1,30,,,,-1,two_stage,2,0.5,"__confirm_cooldown=200,__confirm_rule=perm_test,__perm_alpha=0.01,__perm_delta_k=25,__perm_min_effect=0,__perm_n_perm=200,__perm_post_n=50,__perm_pre_n=500,__perm_rng_seed=0,__perm_stat=delta_fused_score,divergence=0.3,error_rate=0.5,teacher_entropy=0.2",3,0,200,0.0,0,10000,10.0,25.0,200,500,0,0,1.0,0.7685096153846154,0.35472065728909485,0.16666666666666666,0.49994978308677673,0.005352024454623461,1,1,12,9,0,perm_test,0.004975124378109453,0.036088978363432826,20,9,11,0.16666666666666666,0.16666666666666666,1,0.5,0.0,0.0,0.0,0,none,1,1,0,overconfident,0.95,0,severe_drift,0.925708428837841,0.001649016127000498,0.6503935396627667,0.832677135764899,1768146520.4290862,0.6053648591041565,0.08921880275011063
66,4224,4223,sea_abrupt4,sea,ts_drift_adapt,3,"error_divergence_ph_meta@error.threshold=0.10,error.min_instances=5",error_divergence_ph_meta,"{""divergence"": {""alpha"": 0.1, ""delta"": 0.005, ""min_instances"": 30, ""threshold"": 0.05}, ""error_rate"": {""alpha"": 0.15, ""delta"": 0.005, ""min_instances"": 5, ""threshold"": 0.1}}","{""error_rate"": {""min_instances"": 5, ""threshold"": 0.1}}",0.1,0.005,0.15,5,0.05,0.005,0.1,30,,,,-1,two_stage,2,0.5,"__confirm_cooldown=200,__confirm_rule=perm_test,__perm_alpha=0.01,__perm_delta_k=25,__perm_min_effect=0,__perm_n_perm=200,__perm_post_n=50,__perm_pre_n=500,__perm_rng_seed=0,__perm_stat=delta_fused_score,divergence=0.3,error_rate=0.5,teacher_entropy=0.2",3,0,200,0.0,0,10000,10.0,25.0,200,500,1,136,1.0,0.7675189393939394,0.3535750474303166,0.5,0.5129669308662415,0.007518150378018618,0,0,12,9,-1,perm_test,0.004975124378109453,0.036088978363432826,20,9,11,0.0,0.33333333333333337,0,0.0,0.0,0.0,0.0,0,none,0,1,0,overconfident,0.95,0,mild_drift,0.9430042144189205,0.0014745080635002491,0.7251967698313834,0.8438385678824495,1768146520.4390643,0.7647602558135986,0.11304335296154022
67,4288,4287,sea_abrupt4,sea,ts_drift_adapt,3,"error_divergence_ph_meta@error.threshold=0.10,error.min_instances=5",error_divergence_ph_meta,"{""divergence"": {""alpha"": 0.1, ""delta"": 0.005, ""min_instances"": 30, ""threshold"": 0.05}, ""error_rate"": {""alpha"": 0.15, ""delta"": 0.005, ""min_instances"": 5, ""threshold"": 0.1}}","{""error_rate"": {""min_instances"": 5, ""threshold"": 0.1}}",0.1,0.005,0.15,5,0.05,0.005,0.1,30,,,,-1,two_stage,2,0.5,"__confirm_cooldown=200,__confirm_rule=perm_test,__perm_alpha=0.01,__perm_delta_k=25,__perm_min_effect=0,__perm_n_perm=200,__perm_post_n=50,__perm_pre_n=500,__perm_rng_seed=0,__perm_stat=delta_fused_score,divergence=0.3,error_rate=0.5,teacher_entropy=0.2",3,0,200,0.0,0,10000,10.0,25.0,200,500,1,72,1.0,0.7674906716417911,0.35489937957629625,0.3333333333333333,0.5365872979164124,0.008297664113342762,0,0,12,9,-1,perm_test,0.004975124378109453,0.036088978363432826,20,9,11,0.0,0.16666666666666669,0,0.0,0.0,0.0,0.0,0,none,0,1,0,overconfident,0.95,0,mild_drift,0.9516521072094601,0.0013872540317501248,0.7625983849156917,0.8494192839412247,1768146520.448937,0.7907164692878723,0.1062166839838028
68,4352,4351,sea_abrupt4,sea,ts_drift_adapt,3,"error_divergence_ph_meta@error.threshold=0.10,error.min_instances=5",error_divergence_ph_meta,"{""divergence"": {""alpha"": 0.1, ""delta"": 0.005, ""min_instances"": 30, ""threshold"": 0.05}, ""error_rate"": {""alpha"": 0.15, ""delta"": 0.005, ""min_instances"": 5, ""threshold"": 0.1}}","{""error_rate"": {""min_instances"": 5, ""threshold"": 0.1}}",0.1,0.005,0.15,5,0.05,0.005,0.1,30,,,,-1,two_stage,2,0.5,"__confirm_cooldown=200,__confirm_rule=perm_test,__perm_alpha=0.01,__perm_delta_k=25,__perm_min_effect=0,__perm_n_perm=200,__perm_post_n=50,__perm_pre_n=500,__perm_rng_seed=0,__perm_stat=delta_fused_score,divergence=0.3,error_rate=0.5,teacher_entropy=0.2",3,0,200,0.0,0,10000,10.0,25.0,200,500,1,8,1.0,0.7674632352941176,0.3573948794388783,0.3333333333333333,0.5488713979721069,0.004565406125038862,0,0,12,9,-1,perm_test,0.004975124378109453,0.036088978363432826,20,9,11,0.0,0.0037322579883038998,0,0.0,0.0,0.0,0.0,0,none,0,1,0,overconfident,0.95,0,mild_drift,0.95597605360473,0.0013436270158750626,0.7812991924578458,0.8522096419706123,1768146520.4589188,0.4835785925388336,0.08327186107635498
69,4416,4415,sea_abrupt4,sea,ts_drift_adapt,3,"error_divergence_ph_meta@error.threshold=0.10,error.min_instances=5",error_divergence_ph_meta,"{""divergence"": {""alpha"": 0.1, ""delta"": 0.005, ""min_instances"": 30, ""threshold"": 0.05}, ""error_rate"": {""alpha"": 0.15, ""delta"": 0.005, ""min_instances"": 5, ""threshold"": 0.1}}","{""error_rate"": {""min_instances"": 5, ""threshold"": 0.1}}",0.1,0.005,0.15,5,0.05,0.005,0.1,30,,,,-1,two_stage,2,0.5,"__confirm_cooldown=200,__confirm_rule=perm_test,__perm_alpha=0.01,__perm_delta_k=25,__perm_min_effect=0,__perm_n_perm=200,__perm_post_n=50,__perm_pre_n=500,__perm_rng_seed=0,__perm_stat=delta_fused_score,divergence=0.3,error_rate=0.5,teacher_entropy=0.2",3,0,200,0.0,0,10000,10.0,25.0,200,500,0,0,1.0,0.7694746376811594,0.3613969952124892,0.0,0.4585237503051758,0.004093970637768507,0,0,12,9,-1,perm_test,0.004975124378109453,0.036088978363432826,20,9,11,0.0,0.3333333333333333,0,0.0,0.0,0.0,0.0,0,none,0,1,0,overconfident,0.95,0,mild_drift,0.9581380268023649,0.0013218135079375313,0.790649596228923,0.8536048209853062,1768146520.4690766,0.25485876202583313,0.10226291418075562
70,4480,4479,sea_abrupt4,sea,ts_drift_adapt,3,"error_divergence_ph_meta@error.threshold=0.10,error.min_instances=5",error_divergence_ph_meta,"{""divergence"": {""alpha"": 0.1, ""delta"": 0.005, ""min_instances"": 30, ""threshold"": 0.05}, ""error_rate"": {""alpha"": 0.15, ""delta"": 0.005, ""min_instances"": 5, ""threshold"": 0.1}}","{""error_rate"": {""min_instances"": 5, ""threshold"": 0.1}}",0.1,0.005,0.15,5,0.05,0.005,0.1,30,,,,-1,two_stage,2,0.5,"__confirm_cooldown=200,__confirm_rule=perm_test,__perm_alpha=0.01,__perm_delta_k=25,__perm_min_effect=0,__perm_n_perm=200,__perm_post_n=50,__perm_pre_n=500,__perm_rng_seed=0,__perm_stat=delta_fused_score,divergence=0.3,error_rate=0.5,teacher_entropy=0.2",3,0,200,0.0,0,10000,10.0,25.0,200,500,0,0,1.0,0.7705357142857143,0.3661936165762038,0.16666666666666666,0.5233393311500549,0.00516910944133997,1,1,13,10,0,perm_test,0.004975124378109453,0.08427549848628307,21,10,11,0.0,0.16666666666666666,1,0.5,0.0,0.0,0.0,0,none,1,1,0,overconfident,0.95,0,stable,0.9740690134011825,0.0010609067539687656,0.8953247981144614,0.8993024104926531,1768146520.4867513,0.5263035297393799,0.10725216567516327
71,4544,4543,sea_abrupt4,sea,ts_drift_adapt,3,"error_divergence_ph_meta@error.threshold=0.10,error.min_instances=5",error_divergence_ph_meta,"{""divergence"": {""alpha"": 0.1, ""delta"": 0.005, ""min_instances"": 30, ""threshold"": 0.05}, ""error_rate"": {""alpha"": 0.15, ""delta"": 0.005, ""min_instances"": 5, ""threshold"": 0.1}}","{""error_rate"": {""min_instances"": 5, ""threshold"": 0.1}}",0.1,0.005,0.15,5,0.05,0.005,0.1,30,,,,-1,two_stage,2,0.5,"__confirm_cooldown=200,__confirm_rule=perm_test,__perm_alpha=0.01,__perm_delta_k=25,__perm_min_effect=0,__perm_n_perm=200,__perm_post_n=50,__perm_pre_n=500,__perm_rng_seed=0,__perm_stat=delta_fused_score,divergence=0.3,error_rate=0.5,teacher_entropy=0.2",3,0,200,0.0,0,10000,10.0,25.0,200,500,1,136,1.0,0.7726672535211268,0.373853208561571,0.16666666666666666,0.4996737837791443,0.005993171129375696,0,0,13,10,-1,perm_test,0.004975124378109453,0.08427549848628307,21,10,11,0.0,0.0008240616880357265,0,0.0,0.0,0.0,0.0,0,none,0,1,0,overconfident,0.95,0,mild_drift,0.9671845067005912,0.0011804533769843829,0.8476623990572307,0.8771512052463266,1768146520.4967353,0.40660619735717773,0.10152669250965118
72,4608,4607,sea_abrupt4,sea,ts_drift_adapt,3,"error_divergence_ph_meta@error.threshold=0.10,error.min_instances=5",error_divergence_ph_meta,"{""divergence"": {""alpha"": 0.1, ""delta"": 0.005, ""min_instances"": 30, ""threshold"": 0.05}, ""error_rate"": {""alpha"": 0.15, ""delta"": 0.005, ""min_instances"": 5, ""threshold"": 0.1}}","{""error_rate"": {""min_instances"": 5, ""threshold"": 0.1}}",0.1,0.005,0.15,5,0.05,0.005,0.1,30,,,,-1,two_stage,2,0.5,"__confirm_cooldown=200,__confirm_rule=perm_test,__perm_alpha=0.01,__perm_delta_k=25,__perm_min_effect=0,__perm_n_perm=200,__perm_post_n=50,__perm_pre_n=500,__perm_rng_seed=0,__perm_stat=delta_fused_score,divergence=0.3,error_rate=0.5,teacher_entropy=0.2",3,0,200,0.0,0,10000,10.0,25.0,200,500,1,72,1.0,0.7738715277777778,0.3777808187651034,0.5,0.4705914855003357,0.005571579094976187,0,0,13,10,-1,perm_test,0.004975124378109453,0.08427549848628307,21,10,11,0.0,0.33333333333333337,0,0.0,0.0,0.0,0.0,0,none,0,1,0,overconfident,0.95,0,mild_drift,0.9637422533502955,0.0012402266884921915,0.8238311995286154,0.8660756026231633,1768146520.50647,0.6309425830841064,0.1264934241771698
73,4672,4671,sea_abrupt4,sea,ts_drift_adapt,3,"error_divergence_ph_meta@error.threshold=0.10,error.min_instances=5",error_divergence_ph_meta,"{""divergence"": {""alpha"": 0.1, ""delta"": 0.005, ""min_instances"": 30, ""threshold"": 0.05}, ""error_rate"": {""alpha"": 0.15, ""delta"": 0.005, ""min_instances"": 5, ""threshold"": 0.1}}","{""error_rate"": {""min_instances"": 5, ""threshold"": 0.1}}",0.1,0.005,0.15,5,0.05,0.005,0.1,30,,,,-1,two_stage,2,0.5,"__confirm_cooldown=200,__confirm_rule=perm_test,__perm_alpha=0.01,__perm_delta_k=25,__perm_min_effect=0,__perm_n_perm=200,__perm_post_n=50,__perm_pre_n=500,__perm_rng_seed=0,__perm_stat=delta_fused_score,divergence=0.3,error_rate=0.5,teacher_entropy=0.2",3,0,200,0.0,0,10000,10.0,25.0,200,500,1,8,1.0,0.7746147260273972,0.3798774179105379,0.0,0.5183197259902954,0.006696457043290138,0,0,13,10,-1,perm_test,0.004975124378109453,0.08427549848628307,21,10,11,0.0,0.5,0,0.0,0.0,0.0,0.0,0,none,0,1,0,overconfident,0.95,0,mild_drift,0.9620211266751477,0.0012701133442460958,0.8119155997643077,0.8605378013115816,1768146520.516234,0.20737917721271515,0.12277296930551529
74,4736,4735,sea_abrupt4,sea,ts_drift_adapt,3,"error_divergence_ph_meta@error.threshold=0.10,error.min_instances=5",error_divergence_ph_meta,"{""divergence"": {""alpha"": 0.1, ""delta"": 0.005, ""min_instances"": 30, ""threshold"": 0.05}, ""error_rate"": {""alpha"": 0.15, ""delta"": 0.005, ""min_instances"": 5, ""threshold"": 0.1}}","{""error_rate"": {""min_instances"": 5, ""threshold"": 0.1}}",0.1,0.005,0.15,5,0.05,0.005,0.1,30,,,,-1,two_stage,2,0.5,"__confirm_cooldown=200,__confirm_rule=perm_test,__perm_alpha=0.01,__perm_delta_k=25,__perm_min_effect=0,__perm_n_perm=200,__perm_post_n=50,__perm_pre_n=500,__perm_rng_seed=0,__perm_stat=delta_fused_score,divergence=0.3,error_rate=0.5,teacher_entropy=0.2",3,0,200,0.0,0,10000,10.0,25.0,200,500,0,0,1.0,0.7761824324324325,0.3838481555677365,0.3333333333333333,0.48447930812835693,0.005239487159997225,0,0,13,10,-1,perm_test,0.004975124378109453,0.08427549848628307,21,10,11,0.0,0.3333333333333333,0,0.0,0.0,0.0,0.0,0,none,0,1,0,overconfident,0.95,0,mild_drift,0.9611605633375738,0.0012850566721230479,0.8059577998821539,0.8577689006557908,1768146520.5262911,0.681969940662384,0.1370498538017273
75,4800,4799,sea_abrupt4,sea,ts_drift_adapt,3,"error_divergence_ph_meta@error.threshold=0.10,error.min_instances=5",error_divergence_ph_meta,"{""divergence"": {""alpha"": 0.1, ""delta"": 0.005, ""min_instances"": 30, ""threshold"": 0.05}, ""error_rate"": {""alpha"": 0.15, ""delta"": 0.005, ""min_instances"": 5, ""threshold"": 0.1}}","{""error_rate"": {""min_instances"": 5, ""threshold"": 0.1}}",0.1,0.005,0.15,5,0.05,0.005,0.1,30,,,,-1,two_stage,2,0.5,"__confirm_cooldown=200,__confirm_rule=perm_test,__perm_alpha=0.01,__perm_delta_k=25,__perm_min_effect=0,__perm_n_perm=200,__perm_post_n=50,__perm_pre_n=500,__perm_rng_seed=0,__perm_stat=delta_fused_score,divergence=0.3,error_rate=0.5,teacher_entropy=0.2",3,0,200,0.0,0,10000,10.0,25.0,200,500,0,0,1.0,0.7764583333333334,0.3855688856206608,0.3333333333333333,0.5168852210044861,0.006664121989160776,0,1,14,10,-1,perm_test,0.01990049751243781,0.020812483572266158,22,10,12,0.16666666666666666,0.0014246348291635513,1,0.5,0.0,0.0,0.0,0,none,0,1,0,overconfident,0.95,0,mild_drift,0.9607302816687868,0.001292528336061524,0.802978899941077,0.8563844503278955,1768146520.5436473,0.7149925231933594,0.12448477745056152
76,4864,4863,sea_abrupt4,sea,ts_drift_adapt,3,"error_divergence_ph_meta@error.threshold=0.10,error.min_instances=5",error_divergence_ph_meta,"{""divergence"": {""alpha"": 0.1, ""delta"": 0.005, ""min_instances"": 30, ""threshold"": 0.05}, ""error_rate"": {""alpha"": 0.15, ""delta"": 0.005, ""min_instances"": 5, ""threshold"": 0.1}}","{""error_rate"": {""min_instances"": 5, ""threshold"": 0.1}}",0.1,0.005,0.15,5,0.05,0.005,0.1,30,,,,-1,two_stage,2,0.5,"__confirm_cooldown=200,__confirm_rule=perm_test,__perm_alpha=0.01,__perm_delta_k=25,__perm_min_effect=0,__perm_n_perm=200,__perm_post_n=50,__perm_pre_n=500,__perm_rng_seed=0,__perm_stat=delta_fused_score,divergence=0.3,error_rate=0.5,teacher_entropy=0.2",3,0,200,0.0,0,10000,10.0,25.0,200,500,0,0,1.0,0.7771381578947368,0.3883823436270765,0.3333333333333333,0.5222874283790588,0.006409651134163141,0,0,14,10,-1,perm_test,1.0,-0.02790801254539417,23,10,13,0.0,0.0002544708549976349,0,0.0,0.0,0.0,0.0,0,none,0,1,0,overconfident,0.95,0,mild_drift,0.9605151408343934,0.0012962641680307621,0.8014894499705385,0.8556922251639477,1768146520.5537782,0.8456824421882629,0.13179534673690796
77,4928,4927,sea_abrupt4,sea,ts_drift_adapt,3,"error_divergence_ph_meta@error.threshold=0.10,error.min_instances=5",error_divergence_ph_meta,"{""divergence"": {""alpha"": 0.1, ""delta"": 0.005, ""min_instances"": 30, ""threshold"": 0.05}, ""error_rate"": {""alpha"": 0.15, ""delta"": 0.005, ""min_instances"": 5, ""threshold"": 0.1}}","{""error_rate"": {""min_instances"": 5, ""threshold"": 0.1}}",0.1,0.005,0.15,5,0.05,0.005,0.1,30,,,,-1,two_stage,2,0.5,"__confirm_cooldown=200,__confirm_rule=perm_test,__perm_alpha=0.01,__perm_delta_k=25,__perm_min_effect=0,__perm_n_perm=200,__perm_post_n=50,__perm_pre_n=500,__perm_rng_seed=0,__perm_stat=delta_fused_score,divergence=0.3,error_rate=0.5,teacher_entropy=0.2",3,0,200,0.0,0,10000,10.0,25.0,200,500,0,0,1.0,0.7773944805194806,0.39145180303539245,0.16666666666666666,0.49690157175064087,0.0056631979532539845,0,0,14,10,-1,perm_test,1.0,-0.03158125037228419,24,10,14,0.0,0.16666666666666666,0,0.0,0.0,0.0,0.0,0,none,0,1,0,overconfident,0.95,0,mild_drift,0.9604075704171966,0.001298132084015381,0.8007447249852693,0.8553461125819739,1768146520.5639617,0.3943312466144562,0.1202666237950325
78,4992,4991,sea_abrupt4,sea,ts_drift_adapt,3,"error_divergence_ph_meta@error.threshold=0.10,error.min_instances=5",error_divergence_ph_meta,"{""divergence"": {""alpha"": 0.1, ""delta"": 0.005, ""min_instances"": 30, ""threshold"": 0.05}, ""error_rate"": {""alpha"": 0.15, ""delta"": 0.005, ""min_instances"": 5, ""threshold"": 0.1}}","{""error_rate"": {""min_instances"": 5, ""threshold"": 0.1}}",0.1,0.005,0.15,5,0.05,0.005,0.1,30,,,,-1,two_stage,2,0.5,"__confirm_cooldown=200,__confirm_rule=perm_test,__perm_alpha=0.01,__perm_delta_k=25,__perm_min_effect=0,__perm_n_perm=200,__perm_post_n=50,__perm_pre_n=500,__perm_rng_seed=0,__perm_stat=delta_fused_score,divergence=0.3,error_rate=0.5,teacher_entropy=0.2",3,0,200,0.0,0,10000,10.0,25.0,200,500,0,0,1.0,0.7784455128205128,0.3952979770366317,0.16666666666666666,0.5001212358474731,0.0061776963993906975,0,0,14,10,-1,perm_test,0.05472636815920398,0.01776306677761405,25,10,15,0.0,0.000514498446136713,0,0.0,0.0,0.0,0.0,0,none,0,1,0,overconfident,0.95,0,mild_drift,0.9603537852085983,0.0012990660420076905,0.8003723624926347,0.8551730562909869,1768146520.5810635,0.3112472593784332,0.13349026441574097
79,5056,5055,sea_abrupt4,sea,ts_drift_adapt,3,"error_divergence_ph_meta@error.threshold=0.10,error.min_instances=5",error_divergence_ph_meta,"{""divergence"": {""alpha"": 0.1, ""delta"": 0.005, ""min_instances"": 30, ""threshold"": 0.05}, ""error_rate"": {""alpha"": 0.15, ""delta"": 0.005, ""min_instances"": 5, ""threshold"": 0.1}}","{""error_rate"": {""min_instances"": 5, ""threshold"": 0.1}}",0.1,0.005,0.15,5,0.05,0.005,0.1,30,,,,-1,two_stage,2,0.5,"__confirm_cooldown=200,__confirm_rule=perm_test,__perm_alpha=0.01,__perm_delta_k=25,__perm_min_effect=0,__perm_n_perm=200,__perm_post_n=50,__perm_pre_n=500,__perm_rng_seed=0,__perm_stat=delta_fused_score,divergence=0.3,error_rate=0.5,teacher_entropy=0.2",3,0,200,0.0,0,10000,10.0,25.0,200,500,0,0,1.0,0.7794699367088608,0.39844104136592856,0.0,0.5412541031837463,0.00645333481952548,0,0,14,10,-1,perm_test,0.05472636815920398,0.01776306677761405,25,10,15,0.0,0.16666666666666666,0,0.0,0.0,0.0,0.0,0,none,0,1,0,overconfident,0.95,0,mild_drift,0.9603268926042992,0.0012995330210038452,0.8001861812463174,0.8550865281454935,1768146520.5909173,0.25480884313583374,0.12983611226081848
80,5120,5119,sea_abrupt4,sea,ts_drift_adapt,3,"error_divergence_ph_meta@error.threshold=0.10,error.min_instances=5",error_divergence_ph_meta,"{""divergence"": {""alpha"": 0.1, ""delta"": 0.005, ""min_instances"": 30, ""threshold"": 0.05}, ""error_rate"": {""alpha"": 0.15, ""delta"": 0.005, ""min_instances"": 5, ""threshold"": 0.1}}","{""error_rate"": {""min_instances"": 5, ""threshold"": 0.1}}",0.1,0.005,0.15,5,0.05,0.005,0.1,30,,,,-1,two_stage,2,0.5,"__confirm_cooldown=200,__confirm_rule=perm_test,__perm_alpha=0.01,__perm_delta_k=25,__perm_min_effect=0,__perm_n_perm=200,__perm_post_n=50,__perm_pre_n=500,__perm_rng_seed=0,__perm_stat=delta_fused_score,divergence=0.3,error_rate=0.5,teacher_entropy=0.2",3,0,200,0.0,0,10000,10.0,25.0,200,500,0,0,1.0,0.7794921875,0.39917945954755524,0.3333333333333333,0.4636867344379425,0.004575241822749376,1,1,15,11,0,perm_test,0.004975124378109453,0.13508662665614268,26,11,15,0.0,0.3333333333333333,1,0.5,0.0,0.0,0.0,0,none,1,1,0,overconfident,0.95,0,stable,0.9751634463021496,0.0010497665105019226,0.9000930906231587,0.9000432640727467,1768146520.6075141,0.6640569567680359,0.08389006555080414
81,5184,5183,sea_abrupt4,sea,ts_drift_adapt,3,"error_divergence_ph_meta@error.threshold=0.10,error.min_instances=5",error_divergence_ph_meta,"{""divergence"": {""alpha"": 0.1, ""delta"": 0.005, ""min_instances"": 30, ""threshold"": 0.05}, ""error_rate"": {""alpha"": 0.15, ""delta"": 0.005, ""min_instances"": 5, ""threshold"": 0.1}}","{""error_rate"": {""min_instances"": 5, ""threshold"": 0.1}}",0.1,0.005,0.15,5,0.05,0.005,0.1,30,,,,-1,two_stage,2,0.5,"__confirm_cooldown=200,__confirm_rule=perm_test,__perm_alpha=0.01,__perm_delta_k=25,__perm_min_effect=0,__perm_n_perm=200,__perm_post_n=50,__perm_pre_n=500,__perm_rng_seed=0,__perm_stat=delta_fused_score,divergence=0.3,error_rate=0.5,teacher_entropy=0.2",3,0,200,0.0,0,10000,10.0,25.0,200,500,1,136,1.0,0.7806712962962963,0.40088723294479445,0.16666666666666666,0.4479469060897827,0.00515260174870491,0,0,15,11,-1,perm_test,0.004975124378109453,0.13508662665614268,26,11,15,0.0,0.16666666666666666,0,0.0,0.0,0.0,0.0,0,none,0,1,0,overconfident,0.95,0,mild_drift,0.9677317231510747,0.0011748832552509613,0.8500465453115793,0.8775216320363733,1768146520.6170526,0.49710047245025635,0.09131750464439392
82,5248,5247,sea_abrupt4,sea,ts_drift_adapt,3,"error_divergence_ph_meta@error.threshold=0.10,error.min_instances=5",error_divergence_ph_meta,"{""divergence"": {""alpha"": 0.1, ""delta"": 0.005, ""min_instances"": 30, ""threshold"": 0.05}, ""error_rate"": {""alpha"": 0.15, ""delta"": 0.005, ""min_instances"": 5, ""threshold"": 0.1}}","{""error_rate"": {""min_instances"": 5, ""threshold"": 0.1}}",0.1,0.005,0.15,5,0.05,0.005,0.1,30,,,,-1,two_stage,2,0.5,"__confirm_cooldown=200,__confirm_rule=perm_test,__perm_alpha=0.01,__perm_delta_k=25,__perm_min_effect=0,__perm_n_perm=200,__perm_post_n=50,__perm_pre_n=500,__perm_rng_seed=0,__perm_stat=delta_fused_score,divergence=0.3,error_rate=0.5,teacher_entropy=0.2",3,0,200,0.0,0,10000,10.0,25.0,200,500,1,72,1.0,0.780297256097561,0.3991559706635263,0.3333333333333333,0.4952682554721832,0.00434295367449522,0,0,15,11,-1,perm_test,0.004975124378109453,0.13508662665614268,26,11,15,0.0,0.16666666666666666,0,0.0,0.0,0.0,0.0,0,none,0,1,0,overconfident,0.95,0,mild_drift,0.9640158615755373,0.0012374416276254808,0.8250232726557897,0.8662608160181866,1768146520.6265097,0.516655683517456,0.08398470282554626
83,5312,5311,sea_abrupt4,sea,ts_drift_adapt,3,"error_divergence_ph_meta@error.threshold=0.10,error.min_instances=5",error_divergence_ph_meta,"{""divergence"": {""alpha"": 0.1, ""delta"": 0.005, ""min_instances"": 30, ""threshold"": 0.05}, ""error_rate"": {""alpha"": 0.15, ""delta"": 0.005, ""min_instances"": 5, ""threshold"": 0.1}}","{""error_rate"": {""min_instances"": 5, ""threshold"": 0.1}}",0.1,0.005,0.15,5,0.05,0.005,0.1,30,,,,-1,two_stage,2,0.5,"__confirm_cooldown=200,__confirm_rule=perm_test,__perm_alpha=0.01,__perm_delta_k=25,__perm_min_effect=0,__perm_n_perm=200,__perm_post_n=50,__perm_pre_n=500,__perm_rng_seed=0,__perm_stat=delta_fused_score,divergence=0.3,error_rate=0.5,teacher_entropy=0.2",3,0,200,0.0,0,10000,10.0,25.0,200,500,1,8,1.0,0.7808734939759037,0.4017314194419332,0.3333333333333333,0.5145590305328369,0.005827273242175579,0,0,15,11,-1,perm_test,0.004975124378109453,0.13508662665614268,26,11,15,0.0,0.0014843195676803589,0,0.0,0.0,0.0,0.0,0,none,0,1,0,overconfident,0.95,0,mild_drift,0.9621579307877686,0.0012687208138127404,0.8125116363278948,0.8606304080090933,1768146520.636092,0.6218956112861633,0.09730039536952972
84,5376,5375,sea_abrupt4,sea,ts_drift_adapt,3,"error_divergence_ph_meta@error.threshold=0.10,error.min_instances=5",error_divergence_ph_meta,"{""divergence"": {""alpha"": 0.1, ""delta"": 0.005, ""min_instances"": 30, ""threshold"": 0.05}, ""error_rate"": {""alpha"": 0.15, ""delta"": 0.005, ""min_instances"": 5, ""threshold"": 0.1}}","{""error_rate"": {""min_instances"": 5, ""threshold"": 0.1}}",0.1,0.005,0.15,5,0.05,0.005,0.1,30,,,,-1,two_stage,2,0.5,"__confirm_cooldown=200,__confirm_rule=perm_test,__perm_alpha=0.01,__perm_delta_k=25,__perm_min_effect=0,__perm_n_perm=200,__perm_post_n=50,__perm_pre_n=500,__perm_rng_seed=0,__perm_stat=delta_fused_score,divergence=0.3,error_rate=0.5,teacher_entropy=0.2",3,0,200,0.0,0,10000,10.0,25.0,200,500,0,0,1.0,0.7825520833333334,0.405656180489355,0.0,0.495509535074234,0.0053674522787332535,0,0,15,11,-1,perm_test,0.004975124378109453,0.13508662665614268,26,11,15,0.0,0.3333333333333333,0,0.0,0.0,0.0,0.0,0,none,0,1,0,overconfident,0.95,0,mild_drift,0.9612289653938842,0.0012843604069063702,0.8062558181639474,0.8578152040045466,1768146520.6459591,0.2563347816467285,0.10878707468509674
85,5440,5439,sea_abrupt4,sea,ts_drift_adapt,3,"error_divergence_ph_meta@error.threshold=0.10,error.min_instances=5",error_divergence_ph_meta,"{""divergence"": {""alpha"": 0.1, ""delta"": 0.005, ""min_instances"": 30, ""threshold"": 0.05}, ""error_rate"": {""alpha"": 0.15, ""delta"": 0.005, ""min_instances"": 5, ""threshold"": 0.1}}","{""error_rate"": {""min_instances"": 5, ""threshold"": 0.1}}",0.1,0.005,0.15,5,0.05,0.005,0.1,30,,,,-1,two_stage,2,0.5,"__confirm_cooldown=200,__confirm_rule=perm_test,__perm_alpha=0.01,__perm_delta_k=25,__perm_min_effect=0,__perm_n_perm=200,__perm_post_n=50,__perm_pre_n=500,__perm_rng_seed=0,__perm_stat=delta_fused_score,divergence=0.3,error_rate=0.5,teacher_entropy=0.2",3,0,200,0.0,0,10000,10.0,25.0,200,500,0,0,1.0,0.7832720588235295,0.40752170746550587,0.16666666666666666,0.4856210947036743,0.0034198544453829527,1,1,16,12,0,perm_test,0.004975124378109453,0.05551931929367292,27,12,15,0.16666666666666666,0.16666666666666666,1,0.5,0.0,0.0,0.0,0,none,1,1,0,overconfident,0.95,0,severe_drift,0.9261144826969421,0.001642180203453185,0.6531279090819737,0.8339076020022733,1768146520.6626096,0.5521275997161865,0.07516509294509888
86,5504,5503,sea_abrupt4,sea,ts_drift_adapt,3,"error_divergence_ph_meta@error.threshold=0.10,error.min_instances=5",error_divergence_ph_meta,"{""divergence"": {""alpha"": 0.1, ""delta"": 0.005, ""min_instances"": 30, ""threshold"": 0.05}, ""error_rate"": {""alpha"": 0.15, ""delta"": 0.005, ""min_instances"": 5, ""threshold"": 0.1}}","{""error_rate"": {""min_instances"": 5, ""threshold"": 0.1}}",0.1,0.005,0.15,5,0.05,0.005,0.1,30,,,,-1,two_stage,2,0.5,"__confirm_cooldown=200,__confirm_rule=perm_test,__perm_alpha=0.01,__perm_delta_k=25,__perm_min_effect=0,__perm_n_perm=200,__perm_post_n=50,__perm_pre_n=500,__perm_rng_seed=0,__perm_stat=delta_fused_score,divergence=0.3,error_rate=0.5,teacher_entropy=0.2",3,0,200,0.0,0,10000,10.0,25.0,200,500,1,136,1.0,0.7843386627906976,0.41075681098863903,0.3333333333333333,0.4799954891204834,0.004010566044598818,0,0,16,12,-1,perm_test,0.004975124378109453,0.05551931929367292,27,12,15,0.0,0.16666666666666666,0,0.0,0.0,0.0,0.0,0,none,0,1,0,overconfident,0.95,0,mild_drift,0.943207241348471,0.0014710901017265926,0.7265639545409869,0.8444538010011367,1768146520.6720638,0.5070502161979675,0.11378178745508194
87,5568,5567,sea_abrupt4,sea,ts_drift_adapt,3,"error_divergence_ph_meta@error.threshold=0.10,error.min_instances=5",error_divergence_ph_meta,"{""divergence"": {""alpha"": 0.1, ""delta"": 0.005, ""min_instances"": 30, ""threshold"": 0.05}, ""error_rate"": {""alpha"": 0.15, ""delta"": 0.005, ""min_instances"": 5, ""threshold"": 0.1}}","{""error_rate"": {""min_instances"": 5, ""threshold"": 0.1}}",0.1,0.005,0.15,5,0.05,0.005,0.1,30,,,,-1,two_stage,2,0.5,"__confirm_cooldown=200,__confirm_rule=perm_test,__perm_alpha=0.01,__perm_delta_k=25,__perm_min_effect=0,__perm_n_perm=200,__perm_post_n=50,__perm_pre_n=500,__perm_rng_seed=0,__perm_stat=delta_fused_score,divergence=0.3,error_rate=0.5,teacher_entropy=0.2",3,0,200,0.0,0,10000,10.0,25.0,200,500,1,72,1.0,0.7843031609195402,0.41118845898498363,0.16666666666666666,0.4675004780292511,0.007037549279630184,0,0,16,12,-1,perm_test,0.004975124378109453,0.05551931929367292,27,12,15,0.0,0.16666666666666666,0,0.0,0.0,0.0,0.0,0,none,0,1,0,overconfident,0.95,0,mild_drift,0.9517536206742354,0.0013855450508632964,0.7632819772704935,0.8497269005005683,1768146520.681562,0.3083516061306,0.13807353377342224
88,5632,5631,sea_abrupt4,sea,ts_drift_adapt,3,"error_divergence_ph_meta@error.threshold=0.10,error.min_instances=5",error_divergence_ph_meta,"{""divergence"": {""alpha"": 0.1, ""delta"": 0.005, ""min_instances"": 30, ""threshold"": 0.05}, ""error_rate"": {""alpha"": 0.15, ""delta"": 0.005, ""min_instances"": 5, ""threshold"": 0.1}}","{""error_rate"": {""min_instances"": 5, ""threshold"": 0.1}}",0.1,0.005,0.15,5,0.05,0.005,0.1,30,,,,-1,two_stage,2,0.5,"__confirm_cooldown=200,__confirm_rule=perm_test,__perm_alpha=0.01,__perm_delta_k=25,__perm_min_effect=0,__perm_n_perm=200,__perm_post_n=50,__perm_pre_n=500,__perm_rng_seed=0,__perm_stat=delta_fused_score,divergence=0.3,error_rate=0.5,teacher_entropy=0.2",3,0,200,0.0,0,10000,10.0,25.0,200,500,1,8,1.0,0.7849786931818182,0.4134517973420593,0.16666666666666666,0.44784969091415405,0.006369887851178646,0,0,16,12,-1,perm_test,0.004975124378109453,0.05551931929367292,27,12,15,0.0,0.0006676614284515381,0,0.0,0.0,0.0,0.0,0,none,0,1,0,overconfident,0.95,0,mild_drift,0.9560268103371177,0.0013427725254316482,0.7816409886352468,0.8523634502502841,1768146520.691008,0.3296075761318207,0.10500424355268478
89,5696,5695,sea_abrupt4,sea,ts_drift_adapt,3,"error_divergence_ph_meta@error.threshold=0.10,error.min_instances=5",error_divergence_ph_meta,"{""divergence"": {""alpha"": 0.1, ""delta"": 0.005, ""min_instances"": 30, ""threshold"": 0.05}, ""error_rate"": {""alpha"": 0.15, ""delta"": 0.005, ""min_instances"": 5, ""threshold"": 0.1}}","{""error_rate"": {""min_instances"": 5, ""threshold"": 0.1}}",0.1,0.005,0.15,5,0.05,0.005,0.1,30,,,,-1,two_stage,2,0.5,"__confirm_cooldown=200,__confirm_rule=perm_test,__perm_alpha=0.01,__perm_delta_k=25,__perm_min_effect=0,__perm_n_perm=200,__perm_post_n=50,__perm_pre_n=500,__perm_rng_seed=0,__perm_stat=delta_fused_score,divergence=0.3,error_rate=0.5,teacher_entropy=0.2",3,0,200,0.0,0,10000,10.0,25.0,200,500,0,0,1.0,0.7854634831460674,0.4155919022444489,0.0,0.48090630769729614,0.004979534540325403,0,0,16,12,-1,perm_test,0.004975124378109453,0.05551931929367292,27,12,15,0.0,0.16666666666666666,0,0.0,0.0,0.0,0.0,0,none,0,1,0,overconfident,0.95,0,mild_drift,0.9581634051685588,0.0013213862627158243,0.7908204943176234,0.8536817251251421,1768146520.7007732,0.2869834899902344,0.1118808463215828
90,5760,5759,sea_abrupt4,sea,ts_drift_adapt,3,"error_divergence_ph_meta@error.threshold=0.10,error.min_instances=5",error_divergence_ph_meta,"{""divergence"": {""alpha"": 0.1, ""delta"": 0.005, ""min_instances"": 30, ""threshold"": 0.05}, ""error_rate"": {""alpha"": 0.15, ""delta"": 0.005, ""min_instances"": 5, ""threshold"": 0.1}}","{""error_rate"": {""min_instances"": 5, ""threshold"": 0.1}}",0.1,0.005,0.15,5,0.05,0.005,0.1,30,,,,-1,two_stage,2,0.5,"__confirm_cooldown=200,__confirm_rule=perm_test,__perm_alpha=0.01,__perm_delta_k=25,__perm_min_effect=0,__perm_n_perm=200,__perm_post_n=50,__perm_pre_n=500,__perm_rng_seed=0,__perm_stat=delta_fused_score,divergence=0.3,error_rate=0.5,teacher_entropy=0.2",3,0,200,0.0,0,10000,10.0,25.0,200,500,0,0,1.0,0.7859375,0.417291049258125,0.0,0.45201629400253296,0.007995513267815113,0,1,17,12,-1,perm_test,0.01990049751243781,0.016418430203280685,28,12,16,0.16666666666666666,0.00301597872748971,1,0.5,0.0,0.0,0.0,0,none,0,1,0,overconfident,0.95,0,mild_drift,0.9592317025842794,0.0013106931313579123,0.7954102471588117,0.854340862562571,1768146520.7173061,0.20193783938884735,0.11518019437789917
91,5824,5823,sea_abrupt4,sea,ts_drift_adapt,3,"error_divergence_ph_meta@error.threshold=0.10,error.min_instances=5",error_divergence_ph_meta,"{""divergence"": {""alpha"": 0.1, ""delta"": 0.005, ""min_instances"": 30, ""threshold"": 0.05}, ""error_rate"": {""alpha"": 0.15, ""delta"": 0.005, ""min_instances"": 5, ""threshold"": 0.1}}","{""error_rate"": {""min_instances"": 5, ""threshold"": 0.1}}",0.1,0.005,0.15,5,0.05,0.005,0.1,30,,,,-1,two_stage,2,0.5,"__confirm_cooldown=200,__confirm_rule=perm_test,__perm_alpha=0.01,__perm_delta_k=25,__perm_min_effect=0,__perm_n_perm=200,__perm_post_n=50,__perm_pre_n=500,__perm_rng_seed=0,__perm_stat=delta_fused_score,divergence=0.3,error_rate=0.5,teacher_entropy=0.2",3,0,200,0.0,0,10000,10.0,25.0,200,500,0,0,1.0,0.7857142857142857,0.4187865509818976,0.16666666666666666,0.4994780719280243,0.008612539619207382,1,0,17,13,1,perm_test,0.004975124378109453,0.0868097227216041,29,13,16,0.0,0.16666666666666666,0,0.0,0.0,0.0,0.0,0,none,1,1,0,overconfident,0.95,0,stable,0.9746158512921397,0.0010553465656789561,0.8977051235794058,0.8996704312812855,1768146520.73343,0.5396059155464172,0.10761408507823944
92,5888,5887,sea_abrupt4,sea,ts_drift_adapt,3,"error_divergence_ph_meta@error.threshold=0.10,error.min_instances=5",error_divergence_ph_meta,"{""divergence"": {""alpha"": 0.1, ""delta"": 0.005, ""min_instances"": 30, ""threshold"": 0.05}, ""error_rate"": {""alpha"": 0.15, ""delta"": 0.005, ""min_instances"": 5, ""threshold"": 0.1}}","{""error_rate"": {""min_instances"": 5, ""threshold"": 0.1}}",0.1,0.005,0.15,5,0.05,0.005,0.1,30,,,,-1,two_stage,2,0.5,"__confirm_cooldown=200,__confirm_rule=perm_test,__perm_alpha=0.01,__perm_delta_k=25,__perm_min_effect=0,__perm_n_perm=200,__perm_post_n=50,__perm_pre_n=500,__perm_rng_seed=0,__perm_stat=delta_fused_score,divergence=0.3,error_rate=0.5,teacher_entropy=0.2",3,0,200,0.0,0,10000,10.0,25.0,200,500,1,136,1.0,0.7873641304347826,0.42209417109542646,0.0,0.4187740981578827,0.006182223558425903,0,0,17,13,-1,perm_test,0.004975124378109453,0.0868097227216041,29,13,16,0.0,0.16666666666666666,0,0.0,0.0,0.0,0.0,0,none,0,1,0,overconfident,0.95,0,mild_drift,0.9674579256460698,0.0011776732828394781,0.8488525617897029,0.8773352156406428,1768146520.742847,0.18386287987232208,0.06927289813756943
93,5952,5951,sea_abrupt4,sea,ts_drift_adapt,3,"error_divergence_ph_meta@error.threshold=0.10,error.min_instances=5",error_divergence_ph_meta,"{""divergence"": {""alpha"": 0.1, ""delta"": 0.005, ""min_instances"": 30, ""threshold"": 0.05}, ""error_rate"": {""alpha"": 0.15, ""delta"": 0.005, ""min_instances"": 5, ""threshold"": 0.1}}","{""error_rate"": {""min_instances"": 5, ""threshold"": 0.1}}",0.1,0.005,0.15,5,0.05,0.005,0.1,30,,,,-1,two_stage,2,0.5,"__confirm_cooldown=200,__confirm_rule=perm_test,__perm_alpha=0.01,__perm_delta_k=25,__perm_min_effect=0,__perm_n_perm=200,__perm_post_n=50,__perm_pre_n=500,__perm_rng_seed=0,__perm_stat=delta_fused_score,divergence=0.3,error_rate=0.5,teacher_entropy=0.2",3,0,200,0.0,0,10000,10.0,25.0,200,500,1,72,1.0,0.7878024193548387,0.42306831567091274,0.16666666666666666,0.47734928131103516,0.009857337921857834,0,0,17,13,-1,perm_test,0.004975124378109453,0.0868097227216041,29,13,16,0.0,0.16666666666666666,0,0.0,0.0,0.0,0.0,0,none,0,1,0,overconfident,0.95,0,mild_drift,0.9638789628230349,0.001238836641419739,0.8244262808948515,0.8661676078203213,1768146520.752331,0.4623478353023529,0.0873420313000679
94,6016,6015,sea_abrupt4,sea,ts_drift_adapt,3,"error_divergence_ph_meta@error.threshold=0.10,error.min_instances=5",error_divergence_ph_meta,"{""divergence"": {""alpha"": 0.1, ""delta"": 0.005, ""min_instances"": 30, ""threshold"": 0.05}, ""error_rate"": {""alpha"": 0.15, ""delta"": 0.005, ""min_instances"": 5, ""threshold"": 0.1}}","{""error_rate"": {""min_instances"": 5, ""threshold"": 0.1}}",0.1,0.005,0.15,5,0.05,0.005,0.1,30,,,,-1,two_stage,2,0.5,"__confirm_cooldown=200,__confirm_rule=perm_test,__perm_alpha=0.01,__perm_delta_k=25,__perm_min_effect=0,__perm_n_perm=200,__perm_post_n=50,__perm_pre_n=500,__perm_rng_seed=0,__perm_stat=delta_fused_score,divergence=0.3,error_rate=0.5,teacher_entropy=0.2",3,0,200,0.0,0,10000,10.0,25.0,200,500,1,8,1.0,0.788563829787234,0.42585014087482864,0.0,0.47206148505210876,0.006937794853001833,0,0,17,13,-1,perm_test,0.004975124378109453,0.0868097227216041,29,13,16,0.0,0.16666666666666666,0,0.0,0.0,0.0,0.0,0,none,0,1,0,overconfident,0.95,0,mild_drift,0.9620894814115174,0.0012694183207098697,0.8122131404474258,0.8605838039101606,1768146520.7618194,0.12985895574092865,0.1009129136800766
95,6080,6079,sea_abrupt4,sea,ts_drift_adapt,3,"error_divergence_ph_meta@error.threshold=0.10,error.min_instances=5",error_divergence_ph_meta,"{""divergence"": {""alpha"": 0.1, ""delta"": 0.005, ""min_instances"": 30, ""threshold"": 0.05}, ""error_rate"": {""alpha"": 0.15, ""delta"": 0.005, ""min_instances"": 5, ""threshold"": 0.1}}","{""error_rate"": {""min_instances"": 5, ""threshold"": 0.1}}",0.1,0.005,0.15,5,0.05,0.005,0.1,30,,,,-1,two_stage,2,0.5,"__confirm_cooldown=200,__confirm_rule=perm_test,__perm_alpha=0.01,__perm_delta_k=25,__perm_min_effect=0,__perm_n_perm=200,__perm_post_n=50,__perm_pre_n=500,__perm_rng_seed=0,__perm_stat=delta_fused_score,divergence=0.3,error_rate=0.5,teacher_entropy=0.2",3,0,200,0.0,0,10000,10.0,25.0,200,500,0,0,1.0,0.7891447368421053,0.4280236253153203,0.5,0.4442831575870514,0.008104328066110611,1,1,18,14,0,perm_test,0.004975124378109453,0.20567521275416467,30,14,16,0.5,0.5,1,0.5,0.0,0.0,0.0,0,none,1,1,0,overconfident,0.95,0,severe_drift,0.9265447407057588,0.0016347091603549349,0.6561065702237129,0.8352919019550804,1768146520.7794485,1.378852367401123,0.0861213281750679
96,6144,6143,sea_abrupt4,sea,ts_drift_adapt,3,"error_divergence_ph_meta@error.threshold=0.10,error.min_instances=5",error_divergence_ph_meta,"{""divergence"": {""alpha"": 0.1, ""delta"": 0.005, ""min_instances"": 30, ""threshold"": 0.05}, ""error_rate"": {""alpha"": 0.15, ""delta"": 0.005, ""min_instances"": 5, ""threshold"": 0.1}}","{""error_rate"": {""min_instances"": 5, ""threshold"": 0.1}}",0.1,0.005,0.15,5,0.05,0.005,0.1,30,,,,-1,two_stage,2,0.5,"__confirm_cooldown=200,__confirm_rule=perm_test,__perm_alpha=0.01,__perm_delta_k=25,__perm_min_effect=0,__perm_n_perm=200,__perm_post_n=50,__perm_pre_n=500,__perm_rng_seed=0,__perm_stat=delta_fused_score,divergence=0.3,error_rate=0.5,teacher_entropy=0.2",3,0,200,0.0,0,10000,10.0,25.0,200,500,1,136,1.0,0.7897135416666666,0.4298766119103499,0.3333333333333333,0.4636927843093872,0.01020200178027153,0,0,18,14,-1,perm_test,0.004975124378109453,0.20567521275416467,30,14,16,0.0,0.16666666666666669,0,0.0,0.0,0.0,0.0,0,none,0,1,0,overconfident,0.95,0,mild_drift,0.9434223703528793,0.0014673545801774674,0.7280532851118564,0.8451459509775402,1768146520.7889621,0.7586474418640137,0.11605873703956604
97,6208,6207,sea_abrupt4,sea,ts_drift_adapt,3,"error_divergence_ph_meta@error.threshold=0.10,error.min_instances=5",error_divergence_ph_meta,"{""divergence"": {""alpha"": 0.1, ""delta"": 0.005, ""min_instances"": 30, ""threshold"": 0.05}, ""error_rate"": {""alpha"": 0.15, ""delta"": 0.005, ""min_instances"": 5, ""threshold"": 0.1}}","{""error_rate"": {""min_instances"": 5, ""threshold"": 0.1}}",0.1,0.005,0.15,5,0.05,0.005,0.1,30,,,,-1,two_stage,2,0.5,"__confirm_cooldown=200,__confirm_rule=perm_test,__perm_alpha=0.01,__perm_delta_k=25,__perm_min_effect=0,__perm_n_perm=200,__perm_post_n=50,__perm_pre_n=500,__perm_rng_seed=0,__perm_stat=delta_fused_score,divergence=0.3,error_rate=0.5,teacher_entropy=0.2",3,0,200,0.0,0,10000,10.0,25.0,200,500,1,72,1.0,0.7901095360824743,0.43081234637467447,0.16666666666666666,0.4598962664604187,0.00667257746681571,0,0,18,14,-1,perm_test,0.004975124378109453,0.20567521275416467,30,14,16,0.0,0.16666666666666666,0,0.0,0.0,0.0,0.0,0,none,0,1,0,overconfident,0.95,0,mild_drift,0.9518611851764396,0.0013836772900887337,0.7640266425559282,0.8500729754887701,1768146520.7984242,0.41086259484291077,0.10817491263151169
98,6272,6271,sea_abrupt4,sea,ts_drift_adapt,3,"error_divergence_ph_meta@error.threshold=0.10,error.min_instances=5",error_divergence_ph_meta,"{""divergence"": {""alpha"": 0.1, ""delta"": 0.005, ""min_instances"": 30, ""threshold"": 0.05}, ""error_rate"": {""alpha"": 0.15, ""delta"": 0.005, ""min_instances"": 5, ""threshold"": 0.1}}","{""error_rate"": {""min_instances"": 5, ""threshold"": 0.1}}",0.1,0.005,0.15,5,0.05,0.005,0.1,30,,,,-1,two_stage,2,0.5,"__confirm_cooldown=200,__confirm_rule=perm_test,__perm_alpha=0.01,__perm_delta_k=25,__perm_min_effect=0,__perm_n_perm=200,__perm_post_n=50,__perm_pre_n=500,__perm_rng_seed=0,__perm_stat=delta_fused_score,divergence=0.3,error_rate=0.5,teacher_entropy=0.2",3,0,200,0.0,0,10000,10.0,25.0,200,500,1,8,1.0,0.7900191326530612,0.4326281353314173,0.16666666666666666,0.4839276373386383,0.006026933901011944,0,0,18,14,-1,perm_test,0.004975124378109453,0.20567521275416467,30,14,16,0.0,0.0006456435658037663,0,0.0,0.0,0.0,0.0,0,none,0,1,0,overconfident,0.95,0,mild_drift,0.9560805925882198,0.001341838645044367,0.7820133212779641,0.8525364877443851,1768146520.8077762,0.282238632440567,0.09039156883955002
99,6336,6335,sea_abrupt4,sea,ts_drift_adapt,3,"error_divergence_ph_meta@error.threshold=0.10,error.min_instances=5",error_divergence_ph_meta,"{""divergence"": {""alpha"": 0.1, ""delta"": 0.005, ""min_instances"": 30, ""threshold"": 0.05}, ""error_rate"": {""alpha"": 0.15, ""delta"": 0.005, ""min_instances"": 5, ""threshold"": 0.1}}","{""error_rate"": {""min_instances"": 5, ""threshold"": 0.1}}",0.1,0.005,0.15,5,0.05,0.005,0.1,30,,,,-1,two_stage,2,0.5,"__confirm_cooldown=200,__confirm_rule=perm_test,__perm_alpha=0.01,__perm_delta_k=25,__perm_min_effect=0,__perm_n_perm=200,__perm_post_n=50,__perm_pre_n=500,__perm_rng_seed=0,__perm_stat=delta_fused_score,divergence=0.3,error_rate=0.5,teacher_entropy=0.2",3,0,200,0.0,0,10000,10.0,25.0,200,500,0,0,1.0,0.7908775252525253,0.43557931780611736,0.0,0.4435637891292572,0.004568040370941162,0,0,18,14,-1,perm_test,0.004975124378109453,0.20567521275416467,30,14,16,0.0,0.16666666666666666,0,0.0,0.0,0.0,0.0,0,none,0,1,0,overconfident,0.95,0,mild_drift,0.9581902962941098,0.0013209193225221837,0.7910066606389821,0.8537682438721925,1768146520.8174915,0.21361637115478516,0.09256578981876373
100,6400,6399,sea_abrupt4,sea,ts_drift_adapt,3,"error_divergence_ph_meta@error.threshold=0.10,error.min_instances=5",error_divergence_ph_meta,"{""divergence"": {""alpha"": 0.1, ""delta"": 0.005, ""min_instances"": 30, ""threshold"": 0.05}, ""error_rate"": {""alpha"": 0.15, ""delta"": 0.005, ""min_instances"": 5, ""threshold"": 0.1}}","{""error_rate"": {""min_instances"": 5, ""threshold"": 0.1}}",0.1,0.005,0.15,5,0.05,0.005,0.1,30,,,,-1,two_stage,2,0.5,"__confirm_cooldown=200,__confirm_rule=perm_test,__perm_alpha=0.01,__perm_delta_k=25,__perm_min_effect=0,__perm_n_perm=200,__perm_post_n=50,__perm_pre_n=500,__perm_rng_seed=0,__perm_stat=delta_fused_score,divergence=0.3,error_rate=0.5,teacher_entropy=0.2",3,0,200,0.0,0,10000,10.0,25.0,200,500,0,0,1.0,0.7909375,0.43573774298523665,0.16666666666666666,0.3841994106769562,0.004199148155748844,1,1,19,15,0,perm_test,0.004975124378109453,0.05834783953656801,31,15,16,0.33333333333333337,0.16666666666666666,1,0.5,0.0,0.0,0.0,0,none,1,1,0,overconfident,0.95,0,severe_drift,0.9245951481470549,0.0016604596612610919,0.645503330319491,0.8318841219360963,1768146520.8340669,0.1772974729537964,0.09432608634233475
101,6464,6463,sea_abrupt4,sea,ts_drift_adapt,3,"error_divergence_ph_meta@error.threshold=0.10,error.min_instances=5",error_divergence_ph_meta,"{""divergence"": {""alpha"": 0.1, ""delta"": 0.005, ""min_instances"": 30, ""threshold"": 0.05}, ""error_rate"": {""alpha"": 0.15, ""delta"": 0.005, ""min_instances"": 5, ""threshold"": 0.1}}","{""error_rate"": {""min_instances"": 5, ""threshold"": 0.1}}",0.1,0.005,0.15,5,0.05,0.005,0.1,30,,,,-1,two_stage,2,0.5,"__confirm_cooldown=200,__confirm_rule=perm_test,__perm_alpha=0.01,__perm_delta_k=25,__perm_min_effect=0,__perm_n_perm=200,__perm_post_n=50,__perm_pre_n=500,__perm_rng_seed=0,__perm_stat=delta_fused_score,divergence=0.3,error_rate=0.5,teacher_entropy=0.2",3,0,200,0.0,0,10000,10.0,25.0,200,500,1,136,1.0,0.7914603960396039,0.43765875292594586,0.16666666666666666,0.42468777298927307,0.008110718801617622,0,0,19,15,-1,perm_test,0.004975124378109453,0.05834783953656801,31,15,16,0.0,0.003911570645868778,0,0.0,0.0,0.0,0.0,0,none,0,1,0,overconfident,0.95,0,mild_drift,0.9424475740735274,0.0014802298306305461,0.7227516651597455,0.8434420609680482,1768146520.8437402,0.4769275486469269,0.09352700412273407
102,6528,6527,sea_abrupt4,sea,ts_drift_adapt,3,"error_divergence_ph_meta@error.threshold=0.10,error.min_instances=5",error_divergence_ph_meta,"{""divergence"": {""alpha"": 0.1, ""delta"": 0.005, ""min_instances"": 30, ""threshold"": 0.05}, ""error_rate"": {""alpha"": 0.15, ""delta"": 0.005, ""min_instances"": 5, ""threshold"": 0.1}}","{""error_rate"": {""min_instances"": 5, ""threshold"": 0.1}}",0.1,0.005,0.15,5,0.05,0.005,0.1,30,,,,-1,two_stage,2,0.5,"__confirm_cooldown=200,__confirm_rule=perm_test,__perm_alpha=0.01,__perm_delta_k=25,__perm_min_effect=0,__perm_n_perm=200,__perm_post_n=50,__perm_pre_n=500,__perm_rng_seed=0,__perm_stat=delta_fused_score,divergence=0.3,error_rate=0.5,teacher_entropy=0.2",3,0,200,0.0,0,10000,10.0,25.0,200,500,1,72,1.0,0.7919730392156863,0.43768115942028996,0.0,0.4105128347873688,0.005942605901509523,0,0,19,15,-1,perm_test,0.004975124378109453,0.05834783953656801,31,15,16,0.0,0.16666666666666666,0,0.0,0.0,0.0,0.0,0,none,0,1,0,overconfident,0.95,0,mild_drift,0.9513737870367637,0.0013901149153152732,0.7613758325798727,0.8492210304840241,1768146520.8531535,0.1794642060995102,0.09087526798248291
103,6592,6591,sea_abrupt4,sea,ts_drift_adapt,3,"error_divergence_ph_meta@error.threshold=0.10,error.min_instances=5",error_divergence_ph_meta,"{""divergence"": {""alpha"": 0.1, ""delta"": 0.005, ""min_instances"": 30, ""threshold"": 0.05}, ""error_rate"": {""alpha"": 0.15, ""delta"": 0.005, ""min_instances"": 5, ""threshold"": 0.1}}","{""error_rate"": {""min_instances"": 5, ""threshold"": 0.1}}",0.1,0.005,0.15,5,0.05,0.005,0.1,30,,,,-1,two_stage,2,0.5,"__confirm_cooldown=200,__confirm_rule=perm_test,__perm_alpha=0.01,__perm_delta_k=25,__perm_min_effect=0,__perm_n_perm=200,__perm_post_n=50,__perm_pre_n=500,__perm_rng_seed=0,__perm_stat=delta_fused_score,divergence=0.3,error_rate=0.5,teacher_entropy=0.2",3,0,200,0.0,0,10000,10.0,25.0,200,500,1,8,1.0,0.7930825242718447,0.44065094220721807,0.0,0.43674641847610474,0.007184403017163277,0,0,19,15,-1,perm_test,0.004975124378109453,0.05834783953656801,31,15,16,0.0,0.0012417971156537533,0,0.0,0.0,0.0,0.0,0,none,0,1,0,overconfident,0.95,0,mild_drift,0.9558368935183819,0.0013450574576576368,0.7806879162899364,0.8521105152420121,1768146520.8627214,0.19263941049575806,0.09628528356552124
104,6656,6655,sea_abrupt4,sea,ts_drift_adapt,3,"error_divergence_ph_meta@error.threshold=0.10,error.min_instances=5",error_divergence_ph_meta,"{""divergence"": {""alpha"": 0.1, ""delta"": 0.005, ""min_instances"": 30, ""threshold"": 0.05}, ""error_rate"": {""alpha"": 0.15, ""delta"": 0.005, ""min_instances"": 5, ""threshold"": 0.1}}","{""error_rate"": {""min_instances"": 5, ""threshold"": 0.1}}",0.1,0.005,0.15,5,0.05,0.005,0.1,30,,,,-1,two_stage,2,0.5,"__confirm_cooldown=200,__confirm_rule=perm_test,__perm_alpha=0.01,__perm_delta_k=25,__perm_min_effect=0,__perm_n_perm=200,__perm_post_n=50,__perm_pre_n=500,__perm_rng_seed=0,__perm_stat=delta_fused_score,divergence=0.3,error_rate=0.5,teacher_entropy=0.2",3,0,200,0.0,0,10000,10.0,25.0,200,500,0,0,1.0,0.7931189903846154,0.4420156836655027,0.16666666666666666,0.44592803716659546,0.007375451736152172,0,0,19,15,-1,perm_test,0.004975124378109453,0.05834783953656801,31,15,16,0.0,0.16666666666666666,0,0.0,0.0,0.0,0.0,0,none,0,1,0,overconfident,0.95,0,mild_drift,0.9580684467591909,0.0013225287288288184,0.7903439581449683,0.853555257621006,1768146520.8723714,0.3771929442882538,0.10392150282859802
105,6720,6719,sea_abrupt4,sea,ts_drift_adapt,3,"error_divergence_ph_meta@error.threshold=0.10,error.min_instances=5",error_divergence_ph_meta,"{""divergence"": {""alpha"": 0.1, ""delta"": 0.005, ""min_instances"": 30, ""threshold"": 0.05}, ""error_rate"": {""alpha"": 0.15, ""delta"": 0.005, ""min_instances"": 5, ""threshold"": 0.1}}","{""error_rate"": {""min_instances"": 5, ""threshold"": 0.1}}",0.1,0.005,0.15,5,0.05,0.005,0.1,30,,,,-1,two_stage,2,0.5,"__confirm_cooldown=200,__confirm_rule=perm_test,__perm_alpha=0.01,__perm_delta_k=25,__perm_min_effect=0,__perm_n_perm=200,__perm_post_n=50,__perm_pre_n=500,__perm_rng_seed=0,__perm_stat=delta_fused_score,divergence=0.3,error_rate=0.5,teacher_entropy=0.2",3,0,200,0.0,0,10000,10.0,25.0,200,500,0,0,1.0,0.7934523809523809,0.443743111912634,0.3333333333333333,0.40954044461250305,0.008705724030733109,1,1,20,16,0,perm_test,0.004975124378109453,0.08078890717732669,32,16,16,0.16666666666666666,0.16666666666666666,1,0.5,0.0,0.0,0.0,0,none,1,1,0,overconfident,0.95,0,severe_drift,0.9245342233795955,0.0016612643644144092,0.6451719790724841,0.831777628810503,1768146520.8889275,1.065138816833496,0.11186371743679047
106,6784,6783,sea_abrupt4,sea,ts_drift_adapt,3,"error_divergence_ph_meta@error.threshold=0.10,error.min_instances=5",error_divergence_ph_meta,"{""divergence"": {""alpha"": 0.1, ""delta"": 0.005, ""min_instances"": 30, ""threshold"": 0.05}, ""error_rate"": {""alpha"": 0.15, ""delta"": 0.005, ""min_instances"": 5, ""threshold"": 0.1}}","{""error_rate"": {""min_instances"": 5, ""threshold"": 0.1}}",0.1,0.005,0.15,5,0.05,0.005,0.1,30,,,,-1,two_stage,2,0.5,"__confirm_cooldown=200,__confirm_rule=perm_test,__perm_alpha=0.01,__perm_delta_k=25,__perm_min_effect=0,__perm_n_perm=200,__perm_post_n=50,__perm_pre_n=500,__perm_rng_seed=0,__perm_stat=delta_fused_score,divergence=0.3,error_rate=0.5,teacher_entropy=0.2",3,0,200,0.0,0,10000,10.0,25.0,200,500,1,136,1.0,0.7933372641509434,0.4449268753244096,0.16666666666666666,0.43739205598831177,0.0074673001654446125,0,0,20,16,-1,perm_test,0.004975124378109453,0.08078890717732669,32,16,16,0.0,0.16666666666666666,0,0.0,0.0,0.0,0.0,0,none,0,1,0,overconfident,0.95,0,mild_drift,0.9424171116897977,0.0014806321822072046,0.7225859895362421,0.8433888144052515,1768146520.8985136,0.5458503365516663,0.099544957280159
107,6848,6847,sea_abrupt4,sea,ts_drift_adapt,3,"error_divergence_ph_meta@error.threshold=0.10,error.min_instances=5",error_divergence_ph_meta,"{""divergence"": {""alpha"": 0.1, ""delta"": 0.005, ""min_instances"": 30, ""threshold"": 0.05}, ""error_rate"": {""alpha"": 0.15, ""delta"": 0.005, ""min_instances"": 5, ""threshold"": 0.1}}","{""error_rate"": {""min_instances"": 5, ""threshold"": 0.1}}",0.1,0.005,0.15,5,0.05,0.005,0.1,30,,,,-1,two_stage,2,0.5,"__confirm_cooldown=200,__confirm_rule=perm_test,__perm_alpha=0.01,__perm_delta_k=25,__perm_min_effect=0,__perm_n_perm=200,__perm_post_n=50,__perm_pre_n=500,__perm_rng_seed=0,__perm_stat=delta_fused_score,divergence=0.3,error_rate=0.5,teacher_entropy=0.2",3,0,200,0.0,0,10000,10.0,25.0,200,500,1,72,1.0,0.7936623831775701,0.44814546722107856,0.16666666666666666,0.41451650857925415,0.0074539934284985065,0,0,20,16,-1,perm_test,0.004975124378109453,0.08078890717732669,32,16,16,0.0,1.3306736946105957e-05,0,0.0,0.0,0.0,0.0,0,none,0,1,0,overconfident,0.95,0,mild_drift,0.9513585558448988,0.0013903160911036025,0.7612929947681211,0.8491944072026257,1768146520.9079678,0.24629394710063934,0.10695792734622955
108,6912,6911,sea_abrupt4,sea,ts_drift_adapt,3,"error_divergence_ph_meta@error.threshold=0.10,error.min_instances=5",error_divergence_ph_meta,"{""divergence"": {""alpha"": 0.1, ""delta"": 0.005, ""min_instances"": 30, ""threshold"": 0.05}, ""error_rate"": {""alpha"": 0.15, ""delta"": 0.005, ""min_instances"": 5, ""threshold"": 0.1}}","{""error_rate"": {""min_instances"": 5, ""threshold"": 0.1}}",0.1,0.005,0.15,5,0.05,0.005,0.1,30,,,,-1,two_stage,2,0.5,"__confirm_cooldown=200,__confirm_rule=perm_test,__perm_alpha=0.01,__perm_delta_k=25,__perm_min_effect=0,__perm_n_perm=200,__perm_post_n=50,__perm_pre_n=500,__perm_rng_seed=0,__perm_stat=delta_fused_score,divergence=0.3,error_rate=0.5,teacher_entropy=0.2",3,0,200,0.0,0,10000,10.0,25.0,200,500,1,8,1.0,0.7942708333333334,0.449747828855939,0.3333333333333333,0.37623387575149536,0.00417299522086978,0,0,20,16,-1,perm_test,0.004975124378109453,0.08078890717732669,32,16,16,0.0,0.16666666666666666,0,0.0,0.0,0.0,0.0,0,none,0,1,0,overconfident,0.95,0,mild_drift,0.9558292779224493,0.0013451580455518014,0.7806464973840606,0.8520972036013128,1768146520.91756,0.8222895264625549,0.08571024239063263
109,6976,6975,sea_abrupt4,sea,ts_drift_adapt,3,"error_divergence_ph_meta@error.threshold=0.10,error.min_instances=5",error_divergence_ph_meta,"{""divergence"": {""alpha"": 0.1, ""delta"": 0.005, ""min_instances"": 30, ""threshold"": 0.05}, ""error_rate"": {""alpha"": 0.15, ""delta"": 0.005, ""min_instances"": 5, ""threshold"": 0.1}}","{""error_rate"": {""min_instances"": 5, ""threshold"": 0.1}}",0.1,0.005,0.15,5,0.05,0.005,0.1,30,,,,-1,two_stage,2,0.5,"__confirm_cooldown=200,__confirm_rule=perm_test,__perm_alpha=0.01,__perm_delta_k=25,__perm_min_effect=0,__perm_n_perm=200,__perm_post_n=50,__perm_pre_n=500,__perm_rng_seed=0,__perm_stat=delta_fused_score,divergence=0.3,error_rate=0.5,teacher_entropy=0.2",3,0,200,0.0,0,10000,10.0,25.0,200,500,0,0,1.0,0.7945814220183486,0.4519417931356319,0.0,0.43317317962646484,0.004947194363921881,0,0,20,16,-1,perm_test,0.004975124378109453,0.08078890717732669,32,16,16,0.0,0.3333333333333333,0,0.0,0.0,0.0,0.0,0,none,0,1,0,overconfident,0.95,0,mild_drift,0.9580646389612246,0.001322579022775901,0.7903232486920303,0.8535486018006564,1768146520.9271798,0.08303225785493851,0.1058226004242897
110,7040,7039,sea_abrupt4,sea,ts_drift_adapt,3,"error_divergence_ph_meta@error.threshold=0.10,error.min_instances=5",error_divergence_ph_meta,"{""divergence"": {""alpha"": 0.1, ""delta"": 0.005, ""min_instances"": 30, ""threshold"": 0.05}, ""error_rate"": {""alpha"": 0.15, ""delta"": 0.005, ""min_instances"": 5, ""threshold"": 0.1}}","{""error_rate"": {""min_instances"": 5, ""threshold"": 0.1}}",0.1,0.005,0.15,5,0.05,0.005,0.1,30,,,,-1,two_stage,2,0.5,"__confirm_cooldown=200,__confirm_rule=perm_test,__perm_alpha=0.01,__perm_delta_k=25,__perm_min_effect=0,__perm_n_perm=200,__perm_post_n=50,__perm_pre_n=500,__perm_rng_seed=0,__perm_stat=delta_fused_score,divergence=0.3,error_rate=0.5,teacher_entropy=0.2",3,0,200,0.0,0,10000,10.0,25.0,200,500,0,0,1.0,0.7951704545454545,0.45421538892304036,0.3333333333333333,0.39003777503967285,0.007017558440566063,1,1,21,17,0,perm_test,0.004975124378109453,0.11612106549439048,33,17,16,0.0,0.3333333333333333,1,0.5,0.0,0.0,0.0,0,none,1,1,0,overconfident,0.95,0,stable,0.9740323194806123,0.0010612895113879504,0.8951616243460152,0.8992743009003282,1768146520.9441118,0.5366382002830505,0.12289634346961975
111,7104,7103,sea_abrupt4,sea,ts_drift_adapt,3,"error_divergence_ph_meta@error.threshold=0.10,error.min_instances=5",error_divergence_ph_meta,"{""divergence"": {""alpha"": 0.1, ""delta"": 0.005, ""min_instances"": 30, ""threshold"": 0.05}, ""error_rate"": {""alpha"": 0.15, ""delta"": 0.005, ""min_instances"": 5, ""threshold"": 0.1}}","{""error_rate"": {""min_instances"": 5, ""threshold"": 0.1}}",0.1,0.005,0.15,5,0.05,0.005,0.1,30,,,,-1,two_stage,2,0.5,"__confirm_cooldown=200,__confirm_rule=perm_test,__perm_alpha=0.01,__perm_delta_k=25,__perm_min_effect=0,__perm_n_perm=200,__perm_post_n=50,__perm_pre_n=500,__perm_rng_seed=0,__perm_stat=delta_fused_score,divergence=0.3,error_rate=0.5,teacher_entropy=0.2",3,0,200,0.0,0,10000,10.0,25.0,200,500,1,136,1.0,0.7954673423423423,0.4562050117524189,0.0,0.4125586152076721,0.008756466209888458,0,0,21,17,-1,perm_test,0.004975124378109453,0.11612106549439048,33,17,16,0.0,0.3333333333333333,0,0.0,0.0,0.0,0.0,0,none,0,1,0,overconfident,0.95,0,mild_drift,0.9671661597403061,0.0011806447556939753,0.8475808121730076,0.8771371504501642,1768146520.9536374,0.18663926422595978,0.12177899479866028
112,7168,7167,sea_abrupt4,sea,ts_drift_adapt,3,"error_divergence_ph_meta@error.threshold=0.10,error.min_instances=5",error_divergence_ph_meta,"{""divergence"": {""alpha"": 0.1, ""delta"": 0.005, ""min_instances"": 30, ""threshold"": 0.05}, ""error_rate"": {""alpha"": 0.15, ""delta"": 0.005, ""min_instances"": 5, ""threshold"": 0.1}}","{""error_rate"": {""min_instances"": 5, ""threshold"": 0.1}}",0.1,0.005,0.15,5,0.05,0.005,0.1,30,,,,-1,two_stage,2,0.5,"__confirm_cooldown=200,__confirm_rule=perm_test,__perm_alpha=0.01,__perm_delta_k=25,__perm_min_effect=0,__perm_n_perm=200,__perm_post_n=50,__perm_pre_n=500,__perm_rng_seed=0,__perm_stat=delta_fused_score,divergence=0.3,error_rate=0.5,teacher_entropy=0.2",3,0,200,0.0,0,10000,10.0,25.0,200,500,1,72,1.0,0.7957589285714286,0.458537139599712,0.0,0.4399290382862091,0.009596075862646103,0,0,21,17,-1,perm_test,0.004975124378109453,0.11612106549439048,33,17,16,0.0,0.0008396096527576447,0,0.0,0.0,0.0,0.0,0,none,0,1,0,overconfident,0.95,0,mild_drift,0.963733079870153,0.0012403223778469877,0.8237904060865038,0.8660685752250821,1768146520.9630787,0.2167048305273056,0.15331600606441498
113,7232,7231,sea_abrupt4,sea,ts_drift_adapt,3,"error_divergence_ph_meta@error.threshold=0.10,error.min_instances=5",error_divergence_ph_meta,"{""divergence"": {""alpha"": 0.1, ""delta"": 0.005, ""min_instances"": 30, ""threshold"": 0.05}, ""error_rate"": {""alpha"": 0.15, ""delta"": 0.005, ""min_instances"": 5, ""threshold"": 0.1}}","{""error_rate"": {""min_instances"": 5, ""threshold"": 0.1}}",0.1,0.005,0.15,5,0.05,0.005,0.1,30,,,,-1,two_stage,2,0.5,"__confirm_cooldown=200,__confirm_rule=perm_test,__perm_alpha=0.01,__perm_delta_k=25,__perm_min_effect=0,__perm_n_perm=200,__perm_post_n=50,__perm_pre_n=500,__perm_rng_seed=0,__perm_stat=delta_fused_score,divergence=0.3,error_rate=0.5,teacher_entropy=0.2",3,0,200,0.0,0,10000,10.0,25.0,200,500,1,8,1.0,0.7967367256637168,0.4611648891071275,0.16666666666666666,0.3961278200149536,0.00828531663864851,0,0,21,17,-1,perm_test,0.004975124378109453,0.11612106549439048,33,17,16,0.0,0.16666666666666666,0,0.0,0.0,0.0,0.0,0,none,0,1,0,overconfident,0.95,0,mild_drift,0.9620165399350764,0.001270161188923494,0.8118952030432519,0.860534287612541,1768146520.9725327,0.26200899481773376,0.1274755895137787
114,7296,7295,sea_abrupt4,sea,ts_drift_adapt,3,"error_divergence_ph_meta@error.threshold=0.10,error.min_instances=5",error_divergence_ph_meta,"{""divergence"": {""alpha"": 0.1, ""delta"": 0.005, ""min_instances"": 30, ""threshold"": 0.05}, ""error_rate"": {""alpha"": 0.15, ""delta"": 0.005, ""min_instances"": 5, ""threshold"": 0.1}}","{""error_rate"": {""min_instances"": 5, ""threshold"": 0.1}}",0.1,0.005,0.15,5,0.05,0.005,0.1,30,,,,-1,two_stage,2,0.5,"__confirm_cooldown=200,__confirm_rule=perm_test,__perm_alpha=0.01,__perm_delta_k=25,__perm_min_effect=0,__perm_n_perm=200,__perm_post_n=50,__perm_pre_n=500,__perm_rng_seed=0,__perm_stat=delta_fused_score,divergence=0.3,error_rate=0.5,teacher_entropy=0.2",3,0,200,0.0,0,10000,10.0,25.0,200,500,0,0,1.0,0.7967379385964912,0.46043748376819604,0.16666666666666666,0.42940786480903625,0.005865221843123436,0,0,21,17,-1,perm_test,0.004975124378109453,0.11612106549439048,33,17,16,0.0,0.002420094795525074,0,0.0,0.0,0.0,0.0,0,none,0,1,0,overconfident,0.95,0,mild_drift,0.9611582699675382,0.001285080594461747,0.805947601521626,0.8577671438062705,1768146520.982227,0.2747744023799896,0.10985121876001358
115,7360,7359,sea_abrupt4,sea,ts_drift_adapt,3,"error_divergence_ph_meta@error.threshold=0.10,error.min_instances=5",error_divergence_ph_meta,"{""divergence"": {""alpha"": 0.1, ""delta"": 0.005, ""min_instances"": 30, ""threshold"": 0.05}, ""error_rate"": {""alpha"": 0.15, ""delta"": 0.005, ""min_instances"": 5, ""threshold"": 0.1}}","{""error_rate"": {""min_instances"": 5, ""threshold"": 0.1}}",0.1,0.005,0.15,5,0.05,0.005,0.1,30,,,,-1,two_stage,2,0.5,"__confirm_cooldown=200,__confirm_rule=perm_test,__perm_alpha=0.01,__perm_delta_k=25,__perm_min_effect=0,__perm_n_perm=200,__perm_post_n=50,__perm_pre_n=500,__perm_rng_seed=0,__perm_stat=delta_fused_score,divergence=0.3,error_rate=0.5,teacher_entropy=0.2",3,0,200,0.0,0,10000,10.0,25.0,200,500,0,0,1.0,0.7964673913043478,0.4608140352044039,0.16666666666666666,0.40251797437667847,0.006409448571503162,0,0,21,17,-1,perm_test,0.004975124378109453,0.11612106549439048,33,17,16,0.0,0.0005442267283797264,0,0.0,0.0,0.0,0.0,0,none,0,1,0,overconfident,0.95,0,mild_drift,0.960729134983769,0.0012925402972308736,0.802973800760813,0.8563835719031352,1768146520.9918756,0.2586732804775238,0.09645597636699677
116,7424,7423,sea_abrupt4,sea,ts_drift_adapt,3,"error_divergence_ph_meta@error.threshold=0.10,error.min_instances=5",error_divergence_ph_meta,"{""divergence"": {""alpha"": 0.1, ""delta"": 0.005, ""min_instances"": 30, ""threshold"": 0.05}, ""error_rate"": {""alpha"": 0.15, ""delta"": 0.005, ""min_instances"": 5, ""threshold"": 0.1}}","{""error_rate"": {""min_instances"": 5, ""threshold"": 0.1}}",0.1,0.005,0.15,5,0.05,0.005,0.1,30,,,,-1,two_stage,2,0.5,"__confirm_cooldown=200,__confirm_rule=perm_test,__perm_alpha=0.01,__perm_delta_k=25,__perm_min_effect=0,__perm_n_perm=200,__perm_post_n=50,__perm_pre_n=500,__perm_rng_seed=0,__perm_stat=delta_fused_score,divergence=0.3,error_rate=0.5,teacher_entropy=0.2",3,0,200,0.0,0,10000,10.0,25.0,200,500,0,0,1.0,0.7964709051724138,0.46056028392940856,0.3333333333333333,0.3632807433605194,0.005112539045512676,1,1,22,18,0,perm_test,0.004975124378109453,0.0460220735779021,34,18,16,0.0,0.16666666666666666,1,0.5,0.0,0.0,0.0,0,none,1,1,0,overconfident,0.95,0,stable,0.9753645674918845,0.0010462701486154368,0.9014869003804065,0.9006917859515676,1768146521.008862,0.6834930777549744,0.09214843064546585
117,7488,7487,sea_abrupt4,sea,ts_drift_adapt,3,"error_divergence_ph_meta@error.threshold=0.10,error.min_instances=5",error_divergence_ph_meta,"{""divergence"": {""alpha"": 0.1, ""delta"": 0.005, ""min_instances"": 30, ""threshold"": 0.05}, ""error_rate"": {""alpha"": 0.15, ""delta"": 0.005, ""min_instances"": 5, ""threshold"": 0.1}}","{""error_rate"": {""min_instances"": 5, ""threshold"": 0.1}}",0.1,0.005,0.15,5,0.05,0.005,0.1,30,,,,-1,two_stage,2,0.5,"__confirm_cooldown=200,__confirm_rule=perm_test,__perm_alpha=0.01,__perm_delta_k=25,__perm_min_effect=0,__perm_n_perm=200,__perm_post_n=50,__perm_pre_n=500,__perm_rng_seed=0,__perm_stat=delta_fused_score,divergence=0.3,error_rate=0.5,teacher_entropy=0.2",3,0,200,0.0,0,10000,10.0,25.0,200,500,1,136,1.0,0.7967414529914529,0.46113209988025183,0.16666666666666666,0.40008723735809326,0.006421872414648533,0,0,22,18,-1,perm_test,0.004975124378109453,0.0460220735779021,34,18,16,0.0,0.16666666666666666,0,0.0,0.0,0.0,0.0,0,none,0,1,0,overconfident,0.95,0,mild_drift,0.9678322837459422,0.0011731350743077185,0.8507434501902033,0.8778458929757837,1768146521.0185785,0.31798815727233887,0.08902185410261154
118,7552,7551,sea_abrupt4,sea,ts_drift_adapt,3,"error_divergence_ph_meta@error.threshold=0.10,error.min_instances=5",error_divergence_ph_meta,"{""divergence"": {""alpha"": 0.1, ""delta"": 0.005, ""min_instances"": 30, ""threshold"": 0.05}, ""error_rate"": {""alpha"": 0.15, ""delta"": 0.005, ""min_instances"": 5, ""threshold"": 0.1}}","{""error_rate"": {""min_instances"": 5, ""threshold"": 0.1}}",0.1,0.005,0.15,5,0.05,0.005,0.1,30,,,,-1,two_stage,2,0.5,"__confirm_cooldown=200,__confirm_rule=perm_test,__perm_alpha=0.01,__perm_delta_k=25,__perm_min_effect=0,__perm_n_perm=200,__perm_post_n=50,__perm_pre_n=500,__perm_rng_seed=0,__perm_stat=delta_fused_score,divergence=0.3,error_rate=0.5,teacher_entropy=0.2",3,0,200,0.0,0,10000,10.0,25.0,200,500,1,72,1.0,0.796875,0.4621380304488436,0.16666666666666666,0.40692004561424255,0.007363912649452686,0,0,22,18,-1,perm_test,0.004975124378109453,0.0460220735779021,34,18,16,0.0,0.0009420402348041534,0,0.0,0.0,0.0,0.0,0,none,0,1,0,overconfident,0.95,0,mild_drift,0.964066141872971,0.0012365675371538592,0.8253717250951016,0.8664229464878919,1768146521.0279784,0.28287479281425476,0.09940101206302643
119,7616,7615,sea_abrupt4,sea,ts_drift_adapt,3,"error_divergence_ph_meta@error.threshold=0.10,error.min_instances=5",error_divergence_ph_meta,"{""divergence"": {""alpha"": 0.1, ""delta"": 0.005, ""min_instances"": 30, ""threshold"": 0.05}, ""error_rate"": {""alpha"": 0.15, ""delta"": 0.005, ""min_instances"": 5, ""threshold"": 0.1}}","{""error_rate"": {""min_instances"": 5, ""threshold"": 0.1}}",0.1,0.005,0.15,5,0.05,0.005,0.1,30,,,,-1,two_stage,2,0.5,"__confirm_cooldown=200,__confirm_rule=perm_test,__perm_alpha=0.01,__perm_delta_k=25,__perm_min_effect=0,__perm_n_perm=200,__perm_post_n=50,__perm_pre_n=500,__perm_rng_seed=0,__perm_stat=delta_fused_score,divergence=0.3,error_rate=0.5,teacher_entropy=0.2",3,0,200,0.0,0,10000,10.0,25.0,200,500,1,8,1.0,0.7964810924369747,0.46126638179550583,0.16666666666666666,0.43652382493019104,0.011950950138270855,0,0,22,18,-1,perm_test,0.004975124378109453,0.0460220735779021,34,18,16,0.0,0.004587037488818169,0,0.0,0.0,0.0,0.0,0,none,0,1,0,overconfident,0.95,0,mild_drift,0.9621830709364855,0.0012682837685769298,0.8126858625475508,0.8607114732439459,1768146521.0374517,0.3728739023208618,0.12875664234161377
120,7680,7679,sea_abrupt4,sea,ts_drift_adapt,3,"error_divergence_ph_meta@error.threshold=0.10,error.min_instances=5",error_divergence_ph_meta,"{""divergence"": {""alpha"": 0.1, ""delta"": 0.005, ""min_instances"": 30, ""threshold"": 0.05}, ""error_rate"": {""alpha"": 0.15, ""delta"": 0.005, ""min_instances"": 5, ""threshold"": 0.1}}","{""error_rate"": {""min_instances"": 5, ""threshold"": 0.1}}",0.1,0.005,0.15,5,0.05,0.005,0.1,30,,,,-1,two_stage,2,0.5,"__confirm_cooldown=200,__confirm_rule=perm_test,__perm_alpha=0.01,__perm_delta_k=25,__perm_min_effect=0,__perm_n_perm=200,__perm_post_n=50,__perm_pre_n=500,__perm_rng_seed=0,__perm_stat=delta_fused_score,divergence=0.3,error_rate=0.5,teacher_entropy=0.2",3,0,200,0.0,0,10000,10.0,25.0,200,500,0,0,1.0,0.796875,0.46293990376059496,0.16666666666666666,0.377482146024704,0.004766873549669981,0,0,22,18,-1,perm_test,0.004975124378109453,0.0460220735779021,34,18,16,0.0,0.007184076588600874,0,0.0,0.0,0.0,0.0,0,none,0,1,0,overconfident,0.95,0,mild_drift,0.9612415354682426,0.0012841418842884649,0.8063429312737754,0.857855736621973,1768146521.0472493,0.32400986552238464,0.08430609852075577
121,7744,7743,sea_abrupt4,sea,ts_drift_adapt,3,"error_divergence_ph_meta@error.threshold=0.10,error.min_instances=5",error_divergence_ph_meta,"{""divergence"": {""alpha"": 0.1, ""delta"": 0.005, ""min_instances"": 30, ""threshold"": 0.05}, ""error_rate"": {""alpha"": 0.15, ""delta"": 0.005, ""min_instances"": 5, ""threshold"": 0.1}}","{""error_rate"": {""min_instances"": 5, ""threshold"": 0.1}}",0.1,0.005,0.15,5,0.05,0.005,0.1,30,,,,-1,two_stage,2,0.5,"__confirm_cooldown=200,__confirm_rule=perm_test,__perm_alpha=0.01,__perm_delta_k=25,__perm_min_effect=0,__perm_n_perm=200,__perm_post_n=50,__perm_pre_n=500,__perm_rng_seed=0,__perm_stat=delta_fused_score,divergence=0.3,error_rate=0.5,teacher_entropy=0.2",3,0,200,0.0,0,10000,10.0,25.0,200,500,0,0,1.0,0.79713326446281,0.46341870477298774,0.3333333333333333,0.4106706380844116,0.008132497780025005,1,1,23,19,0,perm_test,0.004975124378109453,0.05140862894683812,35,19,16,0.0,0.16666666666666666,1,0.5,0.0,0.0,0.0,0,none,1,1,0,overconfident,0.95,0,stable,0.9756207677341213,0.0010420709421442324,0.9031714656368877,0.9014278683109865,1768146521.064126,0.3188752830028534,0.11333189904689789
122,7808,7807,sea_abrupt4,sea,ts_drift_adapt,3,"error_divergence_ph_meta@error.threshold=0.10,error.min_instances=5",error_divergence_ph_meta,"{""divergence"": {""alpha"": 0.1, ""delta"": 0.005, ""min_instances"": 30, ""threshold"": 0.05}, ""error_rate"": {""alpha"": 0.15, ""delta"": 0.005, ""min_instances"": 5, ""threshold"": 0.1}}","{""error_rate"": {""min_instances"": 5, ""threshold"": 0.1}}",0.1,0.005,0.15,5,0.05,0.005,0.1,30,,,,-1,two_stage,2,0.5,"__confirm_cooldown=200,__confirm_rule=perm_test,__perm_alpha=0.01,__perm_delta_k=25,__perm_min_effect=0,__perm_n_perm=200,__perm_post_n=50,__perm_pre_n=500,__perm_rng_seed=0,__perm_stat=delta_fused_score,divergence=0.3,error_rate=0.5,teacher_entropy=0.2",3,0,200,0.0,0,10000,10.0,25.0,200,500,1,136,1.0,0.7967469262295082,0.46437002411163436,0.0,0.4183056056499481,0.005465206690132618,0,0,23,19,-1,perm_test,0.004975124378109453,0.05140862894683812,35,19,16,0.0,0.3333333333333333,0,0.0,0.0,0.0,0.0,0,none,0,1,0,overconfident,0.95,0,mild_drift,0.9679603838670606,0.0011710354710721162,0.8515857328184439,0.8782139341554933,1768146521.073694,0.2034572958946228,0.09131918847560883
123,7872,7871,sea_abrupt4,sea,ts_drift_adapt,3,"error_divergence_ph_meta@error.threshold=0.10,error.min_instances=5",error_divergence_ph_meta,"{""divergence"": {""alpha"": 0.1, ""delta"": 0.005, ""min_instances"": 30, ""threshold"": 0.05}, ""error_rate"": {""alpha"": 0.15, ""delta"": 0.005, ""min_instances"": 5, ""threshold"": 0.1}}","{""error_rate"": {""min_instances"": 5, ""threshold"": 0.1}}",0.1,0.005,0.15,5,0.05,0.005,0.1,30,,,,-1,two_stage,2,0.5,"__confirm_cooldown=200,__confirm_rule=perm_test,__perm_alpha=0.01,__perm_delta_k=25,__perm_min_effect=0,__perm_n_perm=200,__perm_post_n=50,__perm_pre_n=500,__perm_rng_seed=0,__perm_stat=delta_fused_score,divergence=0.3,error_rate=0.5,teacher_entropy=0.2",3,0,200,0.0,0,10000,10.0,25.0,200,500,1,72,1.0,0.797510162601626,0.46666557857326485,0.0,0.3214496970176697,0.005735281854867935,0,0,23,19,-1,perm_test,0.004975124378109453,0.05140862894683812,35,19,16,0.0,0.00027007516473531723,0,0.0,0.0,0.0,0.0,0,none,0,1,0,overconfident,0.95,0,mild_drift,0.9641301919335303,0.001235517735536058,0.825792866409222,0.8666069670777466,1768146521.0830839,0.06470876187086105,0.08873717486858368
124,7936,7935,sea_abrupt4,sea,ts_drift_adapt,3,"error_divergence_ph_meta@error.threshold=0.10,error.min_instances=5",error_divergence_ph_meta,"{""divergence"": {""alpha"": 0.1, ""delta"": 0.005, ""min_instances"": 30, ""threshold"": 0.05}, ""error_rate"": {""alpha"": 0.15, ""delta"": 0.005, ""min_instances"": 5, ""threshold"": 0.1}}","{""error_rate"": {""min_instances"": 5, ""threshold"": 0.1}}",0.1,0.005,0.15,5,0.05,0.005,0.1,30,,,,-1,two_stage,2,0.5,"__confirm_cooldown=200,__confirm_rule=perm_test,__perm_alpha=0.01,__perm_delta_k=25,__perm_min_effect=0,__perm_n_perm=200,__perm_post_n=50,__perm_pre_n=500,__perm_rng_seed=0,__perm_stat=delta_fused_score,divergence=0.3,error_rate=0.5,teacher_entropy=0.2",3,0,200,0.0,0,10000,10.0,25.0,200,500,1,8,1.0,0.797883064516129,0.4682233055856641,0.0,0.36757776141166687,0.0057229893282055855,0,0,23,19,-1,perm_test,0.004975124378109453,0.05140862894683812,35,19,16,0.0,1.2292526662349701e-05,0,0.0,0.0,0.0,0.0,0,none,0,1,0,overconfident,0.95,0,mild_drift,0.9622150959667651,0.0012677588677680292,0.812896433204611,0.8608034835388734,1768146521.0925858,0.08721696585416794,0.09622643142938614
125,8000,7999,sea_abrupt4,sea,ts_drift_adapt,3,"error_divergence_ph_meta@error.threshold=0.10,error.min_instances=5",error_divergence_ph_meta,"{""divergence"": {""alpha"": 0.1, ""delta"": 0.005, ""min_instances"": 30, ""threshold"": 0.05}, ""error_rate"": {""alpha"": 0.15, ""delta"": 0.005, ""min_instances"": 5, ""threshold"": 0.1}}","{""error_rate"": {""min_instances"": 5, ""threshold"": 0.1}}",0.1,0.005,0.15,5,0.05,0.005,0.1,30,,,,-1,two_stage,2,0.5,"__confirm_cooldown=200,__confirm_rule=perm_test,__perm_alpha=0.01,__perm_delta_k=25,__perm_min_effect=0,__perm_n_perm=200,__perm_post_n=50,__perm_pre_n=500,__perm_rng_seed=0,__perm_stat=delta_fused_score,divergence=0.3,error_rate=0.5,teacher_entropy=0.2",3,0,200,0.0,0,10000,10.0,25.0,200,500,0,0,1.0,0.79775,0.46790165224265234,0.16666666666666666,0.35443437099456787,0.005184517707675695,0,0,23,19,-1,perm_test,0.004975124378109453,0.05140862894683812,35,19,16,0.0,0.16666666666666666,0,0.0,0.0,0.0,0.0,0,none,0,1,0,overconfident,0.95,0,mild_drift,0.9612575479833825,0.0012838794338840146,0.8064482166023055,0.8579017417694367,1768146521.1024451,0.19320808351039886,0.0847541093826294
126,8064,8063,sea_abrupt4,sea,ts_drift_adapt,3,"error_divergence_ph_meta@error.threshold=0.10,error.min_instances=5",error_divergence_ph_meta,"{""divergence"": {""alpha"": 0.1, ""delta"": 0.005, ""min_instances"": 30, ""threshold"": 0.05}, ""error_rate"": {""alpha"": 0.15, ""delta"": 0.005, ""min_instances"": 5, ""threshold"": 0.1}}","{""error_rate"": {""min_instances"": 5, ""threshold"": 0.1}}",0.1,0.005,0.15,5,0.05,0.005,0.1,30,,,,-1,two_stage,2,0.5,"__confirm_cooldown=200,__confirm_rule=perm_test,__perm_alpha=0.01,__perm_delta_k=25,__perm_min_effect=0,__perm_n_perm=200,__perm_post_n=50,__perm_pre_n=500,__perm_rng_seed=0,__perm_stat=delta_fused_score,divergence=0.3,error_rate=0.5,teacher_entropy=0.2",3,0,200,0.0,0,10000,10.0,25.0,200,500,0,0,1.0,0.7984871031746031,0.4705865241969108,0.3333333333333333,0.35871821641921997,0.006674472242593765,1,1,24,20,0,perm_test,0.004975124378109453,0.05052815511180024,36,20,16,0.0,0.16666666666666666,1,0.5,0.0,0.0,0.0,0,none,1,1,0,overconfident,0.95,0,stable,0.9756287739916912,0.0010419397169420073,0.9032241083011527,0.9014508708847184,1768146521.1194994,0.9909490942955017,0.07790698856115341
127,8128,8127,sea_abrupt4,sea,ts_drift_adapt,3,"error_divergence_ph_meta@error.threshold=0.10,error.min_instances=5",error_divergence_ph_meta,"{""divergence"": {""alpha"": 0.1, ""delta"": 0.005, ""min_instances"": 30, ""threshold"": 0.05}, ""error_rate"": {""alpha"": 0.15, ""delta"": 0.005, ""min_instances"": 5, ""threshold"": 0.1}}","{""error_rate"": {""min_instances"": 5, ""threshold"": 0.1}}",0.1,0.005,0.15,5,0.05,0.005,0.1,30,,,,-1,two_stage,2,0.5,"__confirm_cooldown=200,__confirm_rule=perm_test,__perm_alpha=0.01,__perm_delta_k=25,__perm_min_effect=0,__perm_n_perm=200,__perm_post_n=50,__perm_pre_n=500,__perm_rng_seed=0,__perm_stat=delta_fused_score,divergence=0.3,error_rate=0.5,teacher_entropy=0.2",3,0,200,0.0,0,10000,10.0,25.0,200,500,1,136,1.0,0.7984744094488189,0.46993735595500624,0.5,0.3319210112094879,0.00723173888400197,0,0,24,20,-1,perm_test,0.004975124378109453,0.05052815511180024,36,20,16,0.0,0.16666666666666669,0,0.0,0.0,0.0,0.0,0,none,0,1,0,overconfident,0.95,0,mild_drift,0.9679643869958456,0.0011709698584710037,0.8516120541505764,0.8782254354423592,1768146521.1291604,1.0802897214889526,0.07548236846923828
128,8192,8191,sea_abrupt4,sea,ts_drift_adapt,3,"error_divergence_ph_meta@error.threshold=0.10,error.min_instances=5",error_divergence_ph_meta,"{""divergence"": {""alpha"": 0.1, ""delta"": 0.005, ""min_instances"": 30, ""threshold"": 0.05}, ""error_rate"": {""alpha"": 0.15, ""delta"": 0.005, ""min_instances"": 5, ""threshold"": 0.1}}","{""error_rate"": {""min_instances"": 5, ""threshold"": 0.1}}",0.1,0.005,0.15,5,0.05,0.005,0.1,30,,,,-1,two_stage,2,0.5,"__confirm_cooldown=200,__confirm_rule=perm_test,__perm_alpha=0.01,__perm_delta_k=25,__perm_min_effect=0,__perm_n_perm=200,__perm_post_n=50,__perm_pre_n=500,__perm_rng_seed=0,__perm_stat=delta_fused_score,divergence=0.3,error_rate=0.5,teacher_entropy=0.2",3,0,200,0.0,0,10000,10.0,25.0,200,500,1,72,1.0,0.799072265625,0.4717834966188583,0.16666666666666666,0.3818931579589844,0.009153745137155056,0,0,24,20,-1,perm_test,0.004975124378109453,0.05052815511180024,36,20,16,0.0,0.33333333333333337,0,0.0,0.0,0.0,0.0,0,none,0,1,0,overconfident,0.95,0,mild_drift,0.9641321934979228,0.001235484929235502,0.8258060270752883,0.8666127177211795,1768146521.138653,0.36417004466056824,0.10733598470687866
129,8256,8255,sea_abrupt4,sea,ts_drift_adapt,3,"error_divergence_ph_meta@error.threshold=0.10,error.min_instances=5",error_divergence_ph_meta,"{""divergence"": {""alpha"": 0.1, ""delta"": 0.005, ""min_instances"": 30, ""threshold"": 0.05}, ""error_rate"": {""alpha"": 0.15, ""delta"": 0.005, ""min_instances"": 5, ""threshold"": 0.1}}","{""error_rate"": {""min_instances"": 5, ""threshold"": 0.1}}",0.1,0.005,0.15,5,0.05,0.005,0.1,30,,,,-1,two_stage,2,0.5,"__confirm_cooldown=200,__confirm_rule=perm_test,__perm_alpha=0.01,__perm_delta_k=25,__perm_min_effect=0,__perm_n_perm=200,__perm_post_n=50,__perm_pre_n=500,__perm_rng_seed=0,__perm_stat=delta_fused_score,divergence=0.3,error_rate=0.5,teacher_entropy=0.2",3,0,200,0.0,0,10000,10.0,25.0,200,500,1,8,1.0,0.799297480620155,0.4726568715854242,0.3333333333333333,0.38774991035461426,0.007328471168875694,0,0,24,20,-1,perm_test,0.004975124378109453,0.05052815511180024,36,20,16,0.0,0.16666666666666666,0,0.0,0.0,0.0,0.0,0,none,0,1,0,overconfident,0.95,0,mild_drift,0.9622160967489614,0.001267742464617751,0.8129030135376442,0.8608063588605898,1768146521.1481912,0.8519964218139648,0.0959918349981308
130,8320,8319,sea_abrupt4,sea,ts_drift_adapt,3,"error_divergence_ph_meta@error.threshold=0.10,error.min_instances=5",error_divergence_ph_meta,"{""divergence"": {""alpha"": 0.1, ""delta"": 0.005, ""min_instances"": 30, ""threshold"": 0.05}, ""error_rate"": {""alpha"": 0.15, ""delta"": 0.005, ""min_instances"": 5, ""threshold"": 0.1}}","{""error_rate"": {""min_instances"": 5, ""threshold"": 0.1}}",0.1,0.005,0.15,5,0.05,0.005,0.1,30,,,,-1,two_stage,2,0.5,"__confirm_cooldown=200,__confirm_rule=perm_test,__perm_alpha=0.01,__perm_delta_k=25,__perm_min_effect=0,__perm_n_perm=200,__perm_post_n=50,__perm_pre_n=500,__perm_rng_seed=0,__perm_stat=delta_fused_score,divergence=0.3,error_rate=0.5,teacher_entropy=0.2",3,0,200,0.0,0,10000,10.0,25.0,200,500,0,0,1.0,0.8,0.47453711224354406,0.0,0.35555756092071533,0.0067581175826489925,0,0,24,20,-1,perm_test,0.004975124378109453,0.05052815511180024,36,20,16,0.0,0.3333333333333333,0,0.0,0.0,0.0,0.0,0,none,0,1,0,overconfident,0.95,0,mild_drift,0.9612580483744806,0.0012838712323088755,0.806451506768822,0.8579031794302949,1768146521.1580322,0.2057623416185379,0.11995500326156616
131,8384,8383,sea_abrupt4,sea,ts_drift_adapt,3,"error_divergence_ph_meta@error.threshold=0.10,error.min_instances=5",error_divergence_ph_meta,"{""divergence"": {""alpha"": 0.1, ""delta"": 0.005, ""min_instances"": 30, ""threshold"": 0.05}, ""error_rate"": {""alpha"": 0.15, ""delta"": 0.005, ""min_instances"": 5, ""threshold"": 0.1}}","{""error_rate"": {""min_instances"": 5, ""threshold"": 0.1}}",0.1,0.005,0.15,5,0.05,0.005,0.1,30,,,,-1,two_stage,2,0.5,"__confirm_cooldown=200,__confirm_rule=perm_test,__perm_alpha=0.01,__perm_delta_k=25,__perm_min_effect=0,__perm_n_perm=200,__perm_post_n=50,__perm_pre_n=500,__perm_rng_seed=0,__perm_stat=delta_fused_score,divergence=0.3,error_rate=0.5,teacher_entropy=0.2",3,0,200,0.0,0,10000,10.0,25.0,200,500,0,0,1.0,0.8004532442748091,0.4773794153298011,0.16666666666666666,0.37177222967147827,0.011169393546879292,1,1,25,21,0,perm_test,0.004975124378109453,0.07184122993288763,37,21,16,0.16666666666666666,0.16666666666666666,1,0.5,0.0,0.0,0.0,0,none,1,1,0,overconfident,0.95,0,severe_drift,0.9261290241872403,0.0016419356161544378,0.653225753384411,0.8339515897151475,1768146521.17506,0.3756161630153656,0.14472468197345734
132,8448,8447,sea_abrupt4,sea,ts_drift_adapt,3,"error_divergence_ph_meta@error.threshold=0.10,error.min_instances=5",error_divergence_ph_meta,"{""divergence"": {""alpha"": 0.1, ""delta"": 0.005, ""min_instances"": 30, ""threshold"": 0.05}, ""error_rate"": {""alpha"": 0.15, ""delta"": 0.005, ""min_instances"": 5, ""threshold"": 0.1}}","{""error_rate"": {""min_instances"": 5, ""threshold"": 0.1}}",0.1,0.005,0.15,5,0.05,0.005,0.1,30,,,,-1,two_stage,2,0.5,"__confirm_cooldown=200,__confirm_rule=perm_test,__perm_alpha=0.01,__perm_delta_k=25,__perm_min_effect=0,__perm_n_perm=200,__perm_post_n=50,__perm_pre_n=500,__perm_rng_seed=0,__perm_stat=delta_fused_score,divergence=0.3,error_rate=0.5,teacher_entropy=0.2",3,0,200,0.0,0,10000,10.0,25.0,200,500,1,136,1.0,0.8006628787878788,0.4778567098220075,0.0,0.36044690012931824,0.009980716742575169,0,0,25,21,-1,perm_test,0.004975124378109453,0.07184122993288763,37,21,16,0.0,0.16666666666666666,0,0.0,0.0,0.0,0.0,0,none,0,1,0,overconfident,0.95,0,mild_drift,0.9432145120936202,0.001470967808077219,0.7266128766922055,0.8444757948575737,1768146521.1846807,0.10393746942281723,0.15106098353862762
133,8512,8511,sea_abrupt4,sea,ts_drift_adapt,3,"error_divergence_ph_meta@error.threshold=0.10,error.min_instances=5",error_divergence_ph_meta,"{""divergence"": {""alpha"": 0.1, ""delta"": 0.005, ""min_instances"": 30, ""threshold"": 0.05}, ""error_rate"": {""alpha"": 0.15, ""delta"": 0.005, ""min_instances"": 5, ""threshold"": 0.1}}","{""error_rate"": {""min_instances"": 5, ""threshold"": 0.1}}",0.1,0.005,0.15,5,0.05,0.005,0.1,30,,,,-1,two_stage,2,0.5,"__confirm_cooldown=200,__confirm_rule=perm_test,__perm_alpha=0.01,__perm_delta_k=25,__perm_min_effect=0,__perm_n_perm=200,__perm_post_n=50,__perm_pre_n=500,__perm_rng_seed=0,__perm_stat=delta_fused_score,divergence=0.3,error_rate=0.5,teacher_entropy=0.2",3,0,200,0.0,0,10000,10.0,25.0,200,500,1,72,1.0,0.8011043233082706,0.47887242043797973,0.16666666666666666,0.3396846652030945,0.007040857337415218,0,0,25,21,-1,perm_test,0.004975124378109453,0.07184122993288763,37,21,16,0.0,0.16666666666666666,0,0.0,0.0,0.0,0.0,0,none,0,1,0,overconfident,0.95,0,mild_drift,0.95175725604681,0.0013854839040386095,0.7633064383461028,0.8497378974287868,1768146521.1940546,0.5689816474914551,0.1211899071931839
134,8576,8575,sea_abrupt4,sea,ts_drift_adapt,3,"error_divergence_ph_meta@error.threshold=0.10,error.min_instances=5",error_divergence_ph_meta,"{""divergence"": {""alpha"": 0.1, ""delta"": 0.005, ""min_instances"": 30, ""threshold"": 0.05}, ""error_rate"": {""alpha"": 0.15, ""delta"": 0.005, ""min_instances"": 5, ""threshold"": 0.1}}","{""error_rate"": {""min_instances"": 5, ""threshold"": 0.1}}",0.1,0.005,0.15,5,0.05,0.005,0.1,30,,,,-1,two_stage,2,0.5,"__confirm_cooldown=200,__confirm_rule=perm_test,__perm_alpha=0.01,__perm_delta_k=25,__perm_min_effect=0,__perm_n_perm=200,__perm_post_n=50,__perm_pre_n=500,__perm_rng_seed=0,__perm_stat=delta_fused_score,divergence=0.3,error_rate=0.5,teacher_entropy=0.2",3,0,200,0.0,0,10000,10.0,25.0,200,500,1,8,1.0,0.800722947761194,0.4785544039651596,0.16666666666666666,0.40725284814834595,0.007874688133597374,0,0,25,21,-1,perm_test,0.004975124378109453,0.07184122993288763,37,21,16,0.0,0.0008338307961821556,0,0.0,0.0,0.0,0.0,0,none,0,1,0,overconfident,0.95,0,mild_drift,0.9560286280234049,0.0013427419520193047,0.7816532191730514,0.8523689487143934,1768146521.20358,0.5136447548866272,0.14483995735645294
135,8640,8639,sea_abrupt4,sea,ts_drift_adapt,3,"error_divergence_ph_meta@error.threshold=0.10,error.min_instances=5",error_divergence_ph_meta,"{""divergence"": {""alpha"": 0.1, ""delta"": 0.005, ""min_instances"": 30, ""threshold"": 0.05}, ""error_rate"": {""alpha"": 0.15, ""delta"": 0.005, ""min_instances"": 5, ""threshold"": 0.1}}","{""error_rate"": {""min_instances"": 5, ""threshold"": 0.1}}",0.1,0.005,0.15,5,0.05,0.005,0.1,30,,,,-1,two_stage,2,0.5,"__confirm_cooldown=200,__confirm_rule=perm_test,__perm_alpha=0.01,__perm_delta_k=25,__perm_min_effect=0,__perm_n_perm=200,__perm_post_n=50,__perm_pre_n=500,__perm_rng_seed=0,__perm_stat=delta_fused_score,divergence=0.3,error_rate=0.5,teacher_entropy=0.2",3,0,200,0.0,0,10000,10.0,25.0,200,500,0,0,1.0,0.8015046296296297,0.4813796332165117,0.0,0.33569926023483276,0.00945778377354145,0,0,25,21,-1,perm_test,0.004975124378109453,0.07184122993288763,37,21,16,0.0,0.16666666666666666,0,0.0,0.0,0.0,0.0,0,none,0,1,0,overconfident,0.95,0,mild_drift,0.9581643140117024,0.0013213709760096525,0.7908266095865257,0.8536844743571967,1768146521.2135155,0.09911516308784485,0.14352859556674957
136,8704,8703,sea_abrupt4,sea,ts_drift_adapt,3,"error_divergence_ph_meta@error.threshold=0.10,error.min_instances=5",error_divergence_ph_meta,"{""divergence"": {""alpha"": 0.1, ""delta"": 0.005, ""min_instances"": 30, ""threshold"": 0.05}, ""error_rate"": {""alpha"": 0.15, ""delta"": 0.005, ""min_instances"": 5, ""threshold"": 0.1}}","{""error_rate"": {""min_instances"": 5, ""threshold"": 0.1}}",0.1,0.005,0.15,5,0.05,0.005,0.1,30,,,,-1,two_stage,2,0.5,"__confirm_cooldown=200,__confirm_rule=perm_test,__perm_alpha=0.01,__perm_delta_k=25,__perm_min_effect=0,__perm_n_perm=200,__perm_post_n=50,__perm_pre_n=500,__perm_rng_seed=0,__perm_stat=delta_fused_score,divergence=0.3,error_rate=0.5,teacher_entropy=0.2",3,0,200,0.0,0,10000,10.0,25.0,200,500,0,0,1.0,0.8022748161764706,0.48392900650336396,0.0,0.3299769163131714,0.015428604558110237,0,1,26,21,-1,perm_test,0.3034825870646766,0.005496507561892032,38,21,17,0.16666666666666666,0.005970820784568787,1,0.5,0.0,0.0,0.0,0,none,0,1,0,overconfident,0.95,0,mild_drift,0.9592321570058512,0.0013106854880048265,0.7954133047932629,0.8543422371785984,1768146521.2332137,0.09955116361379623,0.16900600492954254
137,8768,8767,sea_abrupt4,sea,ts_drift_adapt,3,"error_divergence_ph_meta@error.threshold=0.10,error.min_instances=5",error_divergence_ph_meta,"{""divergence"": {""alpha"": 0.1, ""delta"": 0.005, ""min_instances"": 30, ""threshold"": 0.05}, ""error_rate"": {""alpha"": 0.15, ""delta"": 0.005, ""min_instances"": 5, ""threshold"": 0.1}}","{""error_rate"": {""min_instances"": 5, ""threshold"": 0.1}}",0.1,0.005,0.15,5,0.05,0.005,0.1,30,,,,-1,two_stage,2,0.5,"__confirm_cooldown=200,__confirm_rule=perm_test,__perm_alpha=0.01,__perm_delta_k=25,__perm_min_effect=0,__perm_n_perm=200,__perm_post_n=50,__perm_pre_n=500,__perm_rng_seed=0,__perm_stat=delta_fused_score,divergence=0.3,error_rate=0.5,teacher_entropy=0.2",3,0,200,0.0,0,10000,10.0,25.0,200,500,0,0,1.0,0.802463503649635,0.4843873301589309,0.16666666666666666,0.3590496778488159,0.011751462705433369,1,0,26,22,1,perm_test,0.004975124378109453,0.043374751234032324,39,22,17,0.0,0.16666666666666666,0,0.0,0.0,0.0,0.0,0,none,1,1,0,overconfident,0.95,0,stable,0.9746160785029256,0.0010553427440024132,0.8977066523966315,0.8996711185892992,1768146521.249538,0.24161721765995026,0.20746593177318573
138,8832,8831,sea_abrupt4,sea,ts_drift_adapt,3,"error_divergence_ph_meta@error.threshold=0.10,error.min_instances=5",error_divergence_ph_meta,"{""divergence"": {""alpha"": 0.1, ""delta"": 0.005, ""min_instances"": 30, ""threshold"": 0.05}, ""error_rate"": {""alpha"": 0.15, ""delta"": 0.005, ""min_instances"": 5, ""threshold"": 0.1}}","{""error_rate"": {""min_instances"": 5, ""threshold"": 0.1}}",0.1,0.005,0.15,5,0.05,0.005,0.1,30,,,,-1,two_stage,2,0.5,"__confirm_cooldown=200,__confirm_rule=perm_test,__perm_alpha=0.01,__perm_delta_k=25,__perm_min_effect=0,__perm_n_perm=200,__perm_post_n=50,__perm_pre_n=500,__perm_rng_seed=0,__perm_stat=delta_fused_score,divergence=0.3,error_rate=0.5,teacher_entropy=0.2",3,0,200,0.0,0,10000,10.0,25.0,200,500,1,136,1.0,0.8019701086956522,0.48306629677099844,0.16666666666666666,0.39044806361198425,0.01144254207611084,0,0,26,22,-1,perm_test,0.004975124378109453,0.043374751234032324,39,22,17,0.0,0.00030892062932252884,0,0.0,0.0,0.0,0.0,0,none,0,1,0,overconfident,0.95,0,mild_drift,0.9674580392514628,0.0011776713720012067,0.8488533261983158,0.8773355592946496,1768146521.2589877,0.4030143916606903,0.14056026935577393
139,8896,8895,sea_abrupt4,sea,ts_drift_adapt,3,"error_divergence_ph_meta@error.threshold=0.10,error.min_instances=5",error_divergence_ph_meta,"{""divergence"": {""alpha"": 0.1, ""delta"": 0.005, ""min_instances"": 30, ""threshold"": 0.05}, ""error_rate"": {""alpha"": 0.15, ""delta"": 0.005, ""min_instances"": 5, ""threshold"": 0.1}}","{""error_rate"": {""min_instances"": 5, ""threshold"": 0.1}}",0.1,0.005,0.15,5,0.05,0.005,0.1,30,,,,-1,two_stage,2,0.5,"__confirm_cooldown=200,__confirm_rule=perm_test,__perm_alpha=0.01,__perm_delta_k=25,__perm_min_effect=0,__perm_n_perm=200,__perm_post_n=50,__perm_pre_n=500,__perm_rng_seed=0,__perm_stat=delta_fused_score,divergence=0.3,error_rate=0.5,teacher_entropy=0.2",3,0,200,0.0,0,10000,10.0,25.0,200,500,1,72,1.0,0.802158273381295,0.48452073409281304,0.0,0.36878877878189087,0.004570079036056995,0,0,26,22,-1,perm_test,0.004975124378109453,0.043374751234032324,39,22,17,0.0,0.16666666666666666,0,0.0,0.0,0.0,0.0,0,none,0,1,0,overconfident,0.95,0,mild_drift,0.9638790196257314,0.0012388356860006033,0.8244266630991579,0.8661677796473248,1768146521.2683673,0.15675461292266846,0.10119429975748062
140,8960,8959,sea_abrupt4,sea,ts_drift_adapt,3,"error_divergence_ph_meta@error.threshold=0.10,error.min_instances=5",error_divergence_ph_meta,"{""divergence"": {""alpha"": 0.1, ""delta"": 0.005, ""min_instances"": 30, ""threshold"": 0.05}, ""error_rate"": {""alpha"": 0.15, ""delta"": 0.005, ""min_instances"": 5, ""threshold"": 0.1}}","{""error_rate"": {""min_instances"": 5, ""threshold"": 0.1}}",0.1,0.005,0.15,5,0.05,0.005,0.1,30,,,,-1,two_stage,2,0.5,"__confirm_cooldown=200,__confirm_rule=perm_test,__perm_alpha=0.01,__perm_delta_k=25,__perm_min_effect=0,__perm_n_perm=200,__perm_post_n=50,__perm_pre_n=500,__perm_rng_seed=0,__perm_stat=delta_fused_score,divergence=0.3,error_rate=0.5,teacher_entropy=0.2",3,0,200,0.0,0,10000,10.0,25.0,200,500,1,8,1.0,0.8026785714285715,0.48597463372973465,0.16666666666666666,0.36198076605796814,0.006861559115350246,0,0,26,22,-1,perm_test,0.004975124378109453,0.043374751234032324,39,22,17,0.0,0.16666666666666666,0,0.0,0.0,0.0,0.0,0,none,0,1,0,overconfident,0.95,0,mild_drift,0.9620895098128657,0.0012694178430003016,0.812213331549579,0.8605838898236624,1768146521.2779868,0.2754943072795868,0.10986074805259705
141,9024,9023,sea_abrupt4,sea,ts_drift_adapt,3,"error_divergence_ph_meta@error.threshold=0.10,error.min_instances=5",error_divergence_ph_meta,"{""divergence"": {""alpha"": 0.1, ""delta"": 0.005, ""min_instances"": 30, ""threshold"": 0.05}, ""error_rate"": {""alpha"": 0.15, ""delta"": 0.005, ""min_instances"": 5, ""threshold"": 0.1}}","{""error_rate"": {""min_instances"": 5, ""threshold"": 0.1}}",0.1,0.005,0.15,5,0.05,0.005,0.1,30,,,,-1,two_stage,2,0.5,"__confirm_cooldown=200,__confirm_rule=perm_test,__perm_alpha=0.01,__perm_delta_k=25,__perm_min_effect=0,__perm_n_perm=200,__perm_post_n=50,__perm_pre_n=500,__perm_rng_seed=0,__perm_stat=delta_fused_score,divergence=0.3,error_rate=0.5,teacher_entropy=0.2",3,0,200,0.0,0,10000,10.0,25.0,200,500,0,0,1.0,0.8027482269503546,0.4866316395237951,0.16666666666666666,0.3633081614971161,0.008521366864442825,0,1,27,22,-1,perm_test,0.20398009950248755,0.004803509331996204,40,22,18,0.16666666666666666,0.0016598077490925789,1,0.5,0.0,0.0,0.0,0,none,0,1,0,overconfident,0.95,0,mild_drift,0.9611947549064328,0.0012847089215001508,0.8061066657747895,0.8577919449118312,1768146521.2944791,0.1790115237236023,0.12417812645435333
142,9088,9087,sea_abrupt4,sea,ts_drift_adapt,3,"error_divergence_ph_meta@error.threshold=0.10,error.min_instances=5",error_divergence_ph_meta,"{""divergence"": {""alpha"": 0.1, ""delta"": 0.005, ""min_instances"": 30, ""threshold"": 0.05}, ""error_rate"": {""alpha"": 0.15, ""delta"": 0.005, ""min_instances"": 5, ""threshold"": 0.1}}","{""error_rate"": {""min_instances"": 5, ""threshold"": 0.1}}",0.1,0.005,0.15,5,0.05,0.005,0.1,30,,,,-1,two_stage,2,0.5,"__confirm_cooldown=200,__confirm_rule=perm_test,__perm_alpha=0.01,__perm_delta_k=25,__perm_min_effect=0,__perm_n_perm=200,__perm_post_n=50,__perm_pre_n=500,__perm_rng_seed=0,__perm_stat=delta_fused_score,divergence=0.3,error_rate=0.5,teacher_entropy=0.2",3,0,200,0.0,0,10000,10.0,25.0,200,500,0,0,1.0,0.8032570422535211,0.4879012495083652,0.0,0.35897424817085266,0.0071912845596671104,0,0,27,22,-1,perm_test,1.0,-0.0211098890447083,41,22,19,0.0,0.16666666666666666,0,0.0,0.0,0.0,0.0,0,none,0,1,0,overconfident,0.95,0,mild_drift,0.9607473774532164,0.0012923544607500756,0.8030533328873948,0.8563959724559156,1768146521.304143,0.20246659219264984,0.10532528162002563
143,9152,9151,sea_abrupt4,sea,ts_drift_adapt,3,"error_divergence_ph_meta@error.threshold=0.10,error.min_instances=5",error_divergence_ph_meta,"{""divergence"": {""alpha"": 0.1, ""delta"": 0.005, ""min_instances"": 30, ""threshold"": 0.05}, ""error_rate"": {""alpha"": 0.15, ""delta"": 0.005, ""min_instances"": 5, ""threshold"": 0.1}}","{""error_rate"": {""min_instances"": 5, ""threshold"": 0.1}}",0.1,0.005,0.15,5,0.05,0.005,0.1,30,,,,-1,two_stage,2,0.5,"__confirm_cooldown=200,__confirm_rule=perm_test,__perm_alpha=0.01,__perm_delta_k=25,__perm_min_effect=0,__perm_n_perm=200,__perm_post_n=50,__perm_pre_n=500,__perm_rng_seed=0,__perm_stat=delta_fused_score,divergence=0.3,error_rate=0.5,teacher_entropy=0.2",3,0,200,0.0,0,10000,10.0,25.0,200,500,0,0,1.0,0.8036494755244755,0.4893976584402642,0.0,0.3428167402744293,0.009484758600592613,0,0,27,22,-1,perm_test,1.0,-0.0007587866615260273,42,22,20,0.0,0.0022934740409255028,0,0.0,0.0,0.0,0.0,0,none,0,1,0,overconfident,0.95,0,mild_drift,0.9605236887266082,0.001296177230375038,0.8015266664436974,0.8556979862279578,1768146521.3137546,0.23408739268779755,0.0936824381351471
144,9216,9215,sea_abrupt4,sea,ts_drift_adapt,3,"error_divergence_ph_meta@error.threshold=0.10,error.min_instances=5",error_divergence_ph_meta,"{""divergence"": {""alpha"": 0.1, ""delta"": 0.005, ""min_instances"": 30, ""threshold"": 0.05}, ""error_rate"": {""alpha"": 0.15, ""delta"": 0.005, ""min_instances"": 5, ""threshold"": 0.1}}","{""error_rate"": {""min_instances"": 5, ""threshold"": 0.1}}",0.1,0.005,0.15,5,0.05,0.005,0.1,30,,,,-1,two_stage,2,0.5,"__confirm_cooldown=200,__confirm_rule=perm_test,__perm_alpha=0.01,__perm_delta_k=25,__perm_min_effect=0,__perm_n_perm=200,__perm_post_n=50,__perm_pre_n=500,__perm_rng_seed=0,__perm_stat=delta_fused_score,divergence=0.3,error_rate=0.5,teacher_entropy=0.2",3,0,200,0.0,0,10000,10.0,25.0,200,500,0,0,1.0,0.8037109375,0.4904022240714307,0.16666666666666666,0.3534184694290161,0.009642465971410275,1,0,27,23,3,perm_test,0.004975124378109453,0.05393638697658004,43,23,20,0.0,0.16666666666666666,0,0.0,0.0,0.0,0.0,0,none,1,1,0,overconfident,0.95,0,stable,0.9752618443633041,0.001048088615187519,0.9007633332218488,0.900348993113979,1768146521.330193,0.4966752529144287,0.1052614375948906
145,9280,9279,sea_abrupt4,sea,ts_drift_adapt,3,"error_divergence_ph_meta@error.threshold=0.10,error.min_instances=5",error_divergence_ph_meta,"{""divergence"": {""alpha"": 0.1, ""delta"": 0.005, ""min_instances"": 30, ""threshold"": 0.05}, ""error_rate"": {""alpha"": 0.15, ""delta"": 0.005, ""min_instances"": 5, ""threshold"": 0.1}}","{""error_rate"": {""min_instances"": 5, ""threshold"": 0.1}}",0.1,0.005,0.15,5,0.05,0.005,0.1,30,,,,-1,two_stage,2,0.5,"__confirm_cooldown=200,__confirm_rule=perm_test,__perm_alpha=0.01,__perm_delta_k=25,__perm_min_effect=0,__perm_n_perm=200,__perm_post_n=50,__perm_pre_n=500,__perm_rng_seed=0,__perm_stat=delta_fused_score,divergence=0.3,error_rate=0.5,teacher_entropy=0.2",3,0,200,0.0,0,10000,10.0,25.0,200,500,1,136,1.0,0.8047413793103448,0.4927453734029063,0.0,0.3351154029369354,0.010468868538737297,0,0,27,23,-1,perm_test,0.004975124378109453,0.05393638697658004,43,23,20,0.0,0.16666666666666666,0,0.0,0.0,0.0,0.0,0,none,0,1,0,overconfident,0.95,0,mild_drift,0.967780922181652,0.0011740443075937594,0.8503816666109244,0.8776744965569895,1768146521.3395886,0.03949405625462532,0.09579624235630035
146,9344,9343,sea_abrupt4,sea,ts_drift_adapt,3,"error_divergence_ph_meta@error.threshold=0.10,error.min_instances=5",error_divergence_ph_meta,"{""divergence"": {""alpha"": 0.1, ""delta"": 0.005, ""min_instances"": 30, ""threshold"": 0.05}, ""error_rate"": {""alpha"": 0.15, ""delta"": 0.005, ""min_instances"": 5, ""threshold"": 0.1}}","{""error_rate"": {""min_instances"": 5, ""threshold"": 0.1}}",0.1,0.005,0.15,5,0.05,0.005,0.1,30,,,,-1,two_stage,2,0.5,"__confirm_cooldown=200,__confirm_rule=perm_test,__perm_alpha=0.01,__perm_delta_k=25,__perm_min_effect=0,__perm_n_perm=200,__perm_post_n=50,__perm_pre_n=500,__perm_rng_seed=0,__perm_stat=delta_fused_score,divergence=0.3,error_rate=0.5,teacher_entropy=0.2",3,0,200,0.0,0,10000,10.0,25.0,200,500,1,72,1.0,0.8049015410958904,0.49252684102448724,0.0,0.3706916868686676,0.017611905932426453,0,1,27,23,-1,perm_test,0.004975124378109453,0.05393638697658004,43,23,20,0.16666666666666666,0.007143037393689156,1,0.5,0.0,0.0,0.0,0,none,0,1,0,overconfident,0.95,0,mild_drift,0.964040461090826,0.0012370221537968797,0.8251908333054623,0.8663372482784948,1768146521.3489115,0.06824469566345215,0.14800915122032166
147,9408,9407,sea_abrupt4,sea,ts_drift_adapt,3,"error_divergence_ph_meta@error.threshold=0.10,error.min_instances=5",error_divergence_ph_meta,"{""divergence"": {""alpha"": 0.1, ""delta"": 0.005, ""min_instances"": 30, ""threshold"": 0.05}, ""error_rate"": {""alpha"": 0.15, ""delta"": 0.005, ""min_instances"": 5, ""threshold"": 0.1}}","{""error_rate"": {""min_instances"": 5, ""threshold"": 0.1}}",0.1,0.005,0.15,5,0.05,0.005,0.1,30,,,,-1,two_stage,2,0.5,"__confirm_cooldown=200,__confirm_rule=perm_test,__perm_alpha=0.01,__perm_delta_k=25,__perm_min_effect=0,__perm_n_perm=200,__perm_post_n=50,__perm_pre_n=500,__perm_rng_seed=0,__perm_stat=delta_fused_score,divergence=0.3,error_rate=0.5,teacher_entropy=0.2",3,0,200,0.0,0,10000,10.0,25.0,200,500,1,8,1.0,0.8048469387755102,0.4927774972777267,0.6666666666666666,0.3592360019683838,0.006982253398746252,0,0,27,23,-1,perm_test,0.004975124378109453,0.05393638697658004,43,23,20,0.0,0.6666666666666666,0,0.0,0.0,0.0,0.0,0,none,0,1,0,overconfident,0.95,0,mild_drift,0.962170230545413,0.0012685110768984398,0.8125954166527312,0.8606686241392474,1768146521.358544,1.3029686212539673,0.07749787718057632
148,9472,9471,sea_abrupt4,sea,ts_drift_adapt,3,"error_divergence_ph_meta@error.threshold=0.10,error.min_instances=5",error_divergence_ph_meta,"{""divergence"": {""alpha"": 0.1, ""delta"": 0.005, ""min_instances"": 30, ""threshold"": 0.05}, ""error_rate"": {""alpha"": 0.15, ""delta"": 0.005, ""min_instances"": 5, ""threshold"": 0.1}}","{""error_rate"": {""min_instances"": 5, ""threshold"": 0.1}}",0.1,0.005,0.15,5,0.05,0.005,0.1,30,,,,-1,two_stage,2,0.5,"__confirm_cooldown=200,__confirm_rule=perm_test,__perm_alpha=0.01,__perm_delta_k=25,__perm_min_effect=0,__perm_n_perm=200,__perm_post_n=50,__perm_pre_n=500,__perm_rng_seed=0,__perm_stat=delta_fused_score,divergence=0.3,error_rate=0.5,teacher_entropy=0.2",3,0,200,0.0,0,10000,10.0,25.0,200,500,0,0,1.0,0.8046875,0.49303912444635045,0.16666666666666666,0.33852583169937134,0.007900211960077286,0,0,27,23,-1,perm_test,0.004975124378109453,0.05393638697658004,43,23,20,0.0,0.5,0,0.0,0.0,0.0,0.0,0,none,0,1,0,overconfident,0.95,0,mild_drift,0.9612351152727064,0.0012842555384492199,0.8062977083263656,0.8578343120696237,1768146521.36817,0.16415081918239594,0.09851811826229095
149,9536,9535,sea_abrupt4,sea,ts_drift_adapt,3,"error_divergence_ph_meta@error.threshold=0.10,error.min_instances=5",error_divergence_ph_meta,"{""divergence"": {""alpha"": 0.1, ""delta"": 0.005, ""min_instances"": 30, ""threshold"": 0.05}, ""error_rate"": {""alpha"": 0.15, ""delta"": 0.005, ""min_instances"": 5, ""threshold"": 0.1}}","{""error_rate"": {""min_instances"": 5, ""threshold"": 0.1}}",0.1,0.005,0.15,5,0.05,0.005,0.1,30,,,,-1,two_stage,2,0.5,"__confirm_cooldown=200,__confirm_rule=perm_test,__perm_alpha=0.01,__perm_delta_k=25,__perm_min_effect=0,__perm_n_perm=200,__perm_post_n=50,__perm_pre_n=500,__perm_rng_seed=0,__perm_stat=delta_fused_score,divergence=0.3,error_rate=0.5,teacher_entropy=0.2",3,0,200,0.0,0,10000,10.0,25.0,200,500,0,0,1.0,0.8046350671140939,0.49310588986132353,0.3333333333333333,0.3211904764175415,0.00597366550937295,0,0,27,23,-1,perm_test,0.004975124378109453,0.05393638697658004,43,23,20,0.0,0.16666666666666666,0,0.0,0.0,0.0,0.0,0,none,0,1,0,overconfident,0.95,0,mild_drift,0.9607675576363532,0.00129212776922461,0.8031488541631828,0.8564171560348118,1768146521.377798,0.9208276271820068,0.08252229541540146
150,9600,9599,sea_abrupt4,sea,ts_drift_adapt,3,"error_divergence_ph_meta@error.threshold=0.10,error.min_instances=5",error_divergence_ph_meta,"{""divergence"": {""alpha"": 0.1, ""delta"": 0.005, ""min_instances"": 30, ""threshold"": 0.05}, ""error_rate"": {""alpha"": 0.15, ""delta"": 0.005, ""min_instances"": 5, ""threshold"": 0.1}}","{""error_rate"": {""min_instances"": 5, ""threshold"": 0.1}}",0.1,0.005,0.15,5,0.05,0.005,0.1,30,,,,-1,two_stage,2,0.5,"__confirm_cooldown=200,__confirm_rule=perm_test,__perm_alpha=0.01,__perm_delta_k=25,__perm_min_effect=0,__perm_n_perm=200,__perm_post_n=50,__perm_pre_n=500,__perm_rng_seed=0,__perm_stat=delta_fused_score,divergence=0.3,error_rate=0.5,teacher_entropy=0.2",3,0,200,0.0,0,10000,10.0,25.0,200,500,0,0,1.0,0.8045833333333333,0.49289873517519445,0.5,0.3288065493106842,0.005174827761948109,0,0,27,23,-1,perm_test,0.004975124378109453,0.05393638697658004,43,23,20,0.0,0.16666666666666669,0,0.0,0.0,0.0,0.0,0,none,0,1,0,overconfident,0.95,0,mild_drift,0.9605337788181766,0.001296063884612305,0.8015744270815914,0.8557085780174059,1768146521.3876057,1.1827292442321777,0.0721835270524025
151,9664,9663,sea_abrupt4,sea,ts_drift_adapt,3,"error_divergence_ph_meta@error.threshold=0.10,error.min_instances=5",error_divergence_ph_meta,"{""divergence"": {""alpha"": 0.1, ""delta"": 0.005, ""min_instances"": 30, ""threshold"": 0.05}, ""error_rate"": {""alpha"": 0.15, ""delta"": 0.005, ""min_instances"": 5, ""threshold"": 0.1}}","{""error_rate"": {""min_instances"": 5, ""threshold"": 0.1}}",0.1,0.005,0.15,5,0.05,0.005,0.1,30,,,,-1,two_stage,2,0.5,"__confirm_cooldown=200,__confirm_rule=perm_test,__perm_alpha=0.01,__perm_delta_k=25,__perm_min_effect=0,__perm_n_perm=200,__perm_post_n=50,__perm_pre_n=500,__perm_rng_seed=0,__perm_stat=delta_fused_score,divergence=0.3,error_rate=0.5,teacher_entropy=0.2",3,0,200,0.0,0,10000,10.0,25.0,200,500,0,0,1.0,0.8043253311258278,0.49289567604682366,0.3333333333333333,0.33882731199264526,0.008085232228040695,0,1,28,23,-1,perm_test,1.0,-0.06241694725854103,44,23,21,0.3333333333333333,0.16666666666666669,1,0.5,0.0,0.0,0.0,0,none,0,1,0,overconfident,0.95,0,mild_drift,0.9604168894090883,0.0012980319423061526,0.8007872135407957,0.8553542890087029,1768146521.397546,1.0229586362838745,0.10888323187828064
152,9728,9727,sea_abrupt4,sea,ts_drift_adapt,3,"error_divergence_ph_meta@error.threshold=0.10,error.min_instances=5",error_divergence_ph_meta,"{""divergence"": {""alpha"": 0.1, ""delta"": 0.005, ""min_instances"": 30, ""threshold"": 0.05}, ""error_rate"": {""alpha"": 0.15, ""delta"": 0.005, ""min_instances"": 5, ""threshold"": 0.1}}","{""error_rate"": {""min_instances"": 5, ""threshold"": 0.1}}",0.1,0.005,0.15,5,0.05,0.005,0.1,30,,,,-1,two_stage,2,0.5,"__confirm_cooldown=200,__confirm_rule=perm_test,__perm_alpha=0.01,__perm_delta_k=25,__perm_min_effect=0,__perm_n_perm=200,__perm_post_n=50,__perm_pre_n=500,__perm_rng_seed=0,__perm_stat=delta_fused_score,divergence=0.3,error_rate=0.5,teacher_entropy=0.2",3,0,200,0.0,0,10000,10.0,25.0,200,500,0,0,1.0,0.8045847039473685,0.4935040192815964,0.3333333333333333,0.30950692296028137,0.00867081992328167,1,0,28,24,1,perm_test,0.004975124378109453,0.02750371912891499,45,24,21,0.0,0.0005855876952409744,0,0.0,0.0,0.0,0.0,0,none,1,1,0,overconfident,0.95,0,stable,0.9752084447045442,0.0010490159711530763,0.9003936067703979,0.9001771445043515,1768146521.4145255,0.5360988974571228,0.12288522720336914
153,9792,9791,sea_abrupt4,sea,ts_drift_adapt,3,"error_divergence_ph_meta@error.threshold=0.10,error.min_instances=5",error_divergence_ph_meta,"{""divergence"": {""alpha"": 0.1, ""delta"": 0.005, ""min_instances"": 30, ""threshold"": 0.05}, ""error_rate"": {""alpha"": 0.15, ""delta"": 0.005, ""min_instances"": 5, ""threshold"": 0.1}}","{""error_rate"": {""min_instances"": 5, ""threshold"": 0.1}}",0.1,0.005,0.15,5,0.05,0.005,0.1,30,,,,-1,two_stage,2,0.5,"__confirm_cooldown=200,__confirm_rule=perm_test,__perm_alpha=0.01,__perm_delta_k=25,__perm_min_effect=0,__perm_n_perm=200,__perm_post_n=50,__perm_pre_n=500,__perm_rng_seed=0,__perm_stat=delta_fused_score,divergence=0.3,error_rate=0.5,teacher_entropy=0.2",3,0,200,0.0,0,10000,10.0,25.0,200,500,1,136,1.0,0.8051470588235294,0.49529642818995434,0.0,0.3662596046924591,0.01673421822488308,0,0,28,24,-1,perm_test,0.004975124378109453,0.02750371912891499,45,24,21,0.0,0.3333333333333333,0,0.0,0.0,0.0,0.0,0,none,0,1,0,overconfident,0.95,0,mild_drift,0.967754222352272,0.0011745079855765383,0.850196803385199,0.8775885722521757,1768146521.4244518,0.1955145001411438,0.14574941992759705
154,9856,9855,sea_abrupt4,sea,ts_drift_adapt,3,"error_divergence_ph_meta@error.threshold=0.10,error.min_instances=5",error_divergence_ph_meta,"{""divergence"": {""alpha"": 0.1, ""delta"": 0.005, ""min_instances"": 30, ""threshold"": 0.05}, ""error_rate"": {""alpha"": 0.15, ""delta"": 0.005, ""min_instances"": 5, ""threshold"": 0.1}}","{""error_rate"": {""min_instances"": 5, ""threshold"": 0.1}}",0.1,0.005,0.15,5,0.05,0.005,0.1,30,,,,-1,two_stage,2,0.5,"__confirm_cooldown=200,__confirm_rule=perm_test,__perm_alpha=0.01,__perm_delta_k=25,__perm_min_effect=0,__perm_n_perm=200,__perm_post_n=50,__perm_pre_n=500,__perm_rng_seed=0,__perm_stat=delta_fused_score,divergence=0.3,error_rate=0.5,teacher_entropy=0.2",3,0,200,0.0,0,10000,10.0,25.0,200,500,1,72,1.0,0.8046875,0.49400777059495155,0.5,0.3246956169605255,0.020927509292960167,0,0,28,24,-1,perm_test,0.004975124378109453,0.02750371912891499,45,24,21,0.0,0.5,0,0.0,0.0,0.0,0.0,0,none,0,1,0,overconfident,0.95,0,mild_drift,0.964027111176136,0.0012372539927882694,0.8250984016925995,0.8662942861260878,1768146521.434917,1.1626132726669312,0.23512238264083862
155,9920,9919,sea_abrupt4,sea,ts_drift_adapt,3,"error_divergence_ph_meta@error.threshold=0.10,error.min_instances=5",error_divergence_ph_meta,"{""divergence"": {""alpha"": 0.1, ""delta"": 0.005, ""min_instances"": 30, ""threshold"": 0.05}, ""error_rate"": {""alpha"": 0.15, ""delta"": 0.005, ""min_instances"": 5, ""threshold"": 0.1}}","{""error_rate"": {""min_instances"": 5, ""threshold"": 0.1}}",0.1,0.005,0.15,5,0.05,0.005,0.1,30,,,,-1,two_stage,2,0.5,"__confirm_cooldown=200,__confirm_rule=perm_test,__perm_alpha=0.01,__perm_delta_k=25,__perm_min_effect=0,__perm_n_perm=200,__perm_post_n=50,__perm_pre_n=500,__perm_rng_seed=0,__perm_stat=delta_fused_score,divergence=0.3,error_rate=0.5,teacher_entropy=0.2",3,0,200,0.0,0,10000,10.0,25.0,200,500,1,8,1.0,0.8043346774193548,0.4933189760657823,0.3333333333333333,0.3164554238319397,0.009033666923642159,0,0,28,24,-1,perm_test,0.004975124378109453,0.02750371912891499,45,24,21,0.0,0.16666666666666669,0,0.0,0.0,0.0,0.0,0,none,0,1,0,overconfident,0.95,0,mild_drift,0.962163555588068,0.0012686269963941349,0.8125492008462998,0.8606471430630439,1768146521.4447896,0.5708000063896179,0.13691335916519165
156,9984,9983,sea_abrupt4,sea,ts_drift_adapt,3,"error_divergence_ph_meta@error.threshold=0.10,error.min_instances=5",error_divergence_ph_meta,"{""divergence"": {""alpha"": 0.1, ""delta"": 0.005, ""min_instances"": 30, ""threshold"": 0.05}, ""error_rate"": {""alpha"": 0.15, ""delta"": 0.005, ""min_instances"": 5, ""threshold"": 0.1}}","{""error_rate"": {""min_instances"": 5, ""threshold"": 0.1}}",0.1,0.005,0.15,5,0.05,0.005,0.1,30,,,,-1,two_stage,2,0.5,"__confirm_cooldown=200,__confirm_rule=perm_test,__perm_alpha=0.01,__perm_delta_k=25,__perm_min_effect=0,__perm_n_perm=200,__perm_post_n=50,__perm_pre_n=500,__perm_rng_seed=0,__perm_stat=delta_fused_score,divergence=0.3,error_rate=0.5,teacher_entropy=0.2",3,0,200,0.0,0,10000,10.0,25.0,200,500,0,0,1.0,0.8042868589743589,0.49343971009683424,0.3333333333333333,0.36324724555015564,0.009754505939781666,0,1,29,24,-1,perm_test,1.0,-0.019343917153898736,46,24,22,0.0,0.0007208390161395073,1,0.5,0.0,0.0,0.0,0,none,0,1,0,overconfident,0.95,0,mild_drift,0.961231777794034,0.0012843134981970674,0.8062746004231499,0.8578235715315219,1768146521.454811,0.5168412327766418,0.16680771112442017
157,10048,10047,sea_abrupt4,sea,ts_drift_adapt,3,"error_divergence_ph_meta@error.threshold=0.10,error.min_instances=5",error_divergence_ph_meta,"{""divergence"": {""alpha"": 0.1, ""delta"": 0.005, ""min_instances"": 30, ""threshold"": 0.05}, ""error_rate"": {""alpha"": 0.15, ""delta"": 0.005, ""min_instances"": 5, ""threshold"": 0.1}}","{""error_rate"": {""min_instances"": 5, ""threshold"": 0.1}}",0.1,0.005,0.15,5,0.05,0.005,0.1,30,,,,-1,two_stage,2,0.5,"__confirm_cooldown=200,__confirm_rule=perm_test,__perm_alpha=0.01,__perm_delta_k=25,__perm_min_effect=0,__perm_n_perm=200,__perm_post_n=50,__perm_pre_n=500,__perm_rng_seed=0,__perm_stat=delta_fused_score,divergence=0.3,error_rate=0.5,teacher_entropy=0.2",3,0,200,0.0,0,10000,10.0,25.0,200,500,0,0,1.0,0.8048367834394905,0.4962554309928114,0.0,0.3617749810218811,0.009388786740601063,0,0,29,24,-1,perm_test,1.0,-0.028177846119784866,47,24,23,0.0,0.3333333333333333,0,0.0,0.0,0.0,0.0,0,none,0,1,0,overconfident,0.95,0,mild_drift,0.960765888897017,0.0012921567490985337,0.8031373002115749,0.8564117857657609,1768146521.4649055,0.21001863479614258,0.11993284523487091
158,10112,10111,sea_abrupt4,sea,ts_drift_adapt,3,"error_divergence_ph_meta@error.threshold=0.10,error.min_instances=5",error_divergence_ph_meta,"{""divergence"": {""alpha"": 0.1, ""delta"": 0.005, ""min_instances"": 30, ""threshold"": 0.05}, ""error_rate"": {""alpha"": 0.15, ""delta"": 0.005, ""min_instances"": 5, ""threshold"": 0.1}}","{""error_rate"": {""min_instances"": 5, ""threshold"": 0.1}}",0.1,0.005,0.15,5,0.05,0.005,0.1,30,,,,-1,two_stage,2,0.5,"__confirm_cooldown=200,__confirm_rule=perm_test,__perm_alpha=0.01,__perm_delta_k=25,__perm_min_effect=0,__perm_n_perm=200,__perm_post_n=50,__perm_pre_n=500,__perm_rng_seed=0,__perm_stat=delta_fused_score,divergence=0.3,error_rate=0.5,teacher_entropy=0.2",3,0,200,0.0,0,10000,10.0,25.0,200,500,0,0,1.0,0.8045886075949367,0.49563273892918386,0.16666666666666666,0.36429306864738464,0.010197010822594166,1,0,29,25,2,perm_test,0.009950248756218905,0.03666630581979037,48,25,23,0.0,0.16666666666666666,0,0.0,0.0,0.0,0.0,0,none,1,1,0,overconfident,0.95,0,stable,0.9753829444485085,0.0010460783745492668,0.9015686501057875,0.9007058928828805,1768146521.4815068,0.4077432155609131,0.16093413531780243
159,10176,10175,sea_abrupt4,sea,ts_drift_adapt,3,"error_divergence_ph_meta@error.threshold=0.10,error.min_instances=5",error_divergence_ph_meta,"{""divergence"": {""alpha"": 0.1, ""delta"": 0.005, ""min_instances"": 30, ""threshold"": 0.05}, ""error_rate"": {""alpha"": 0.15, ""delta"": 0.005, ""min_instances"": 5, ""threshold"": 0.1}}","{""error_rate"": {""min_instances"": 5, ""threshold"": 0.1}}",0.1,0.005,0.15,5,0.05,0.005,0.1,30,,,,-1,two_stage,2,0.5,"__confirm_cooldown=200,__confirm_rule=perm_test,__perm_alpha=0.01,__perm_delta_k=25,__perm_min_effect=0,__perm_n_perm=200,__perm_post_n=50,__perm_pre_n=500,__perm_rng_seed=0,__perm_stat=delta_fused_score,divergence=0.3,error_rate=0.5,teacher_entropy=0.2",3,0,200,0.0,0,10000,10.0,25.0,200,500,1,136,1.0,0.8047366352201258,0.49609083533180276,0.16666666666666666,0.34199267625808716,0.013787942007184029,0,0,29,25,-1,perm_test,0.009950248756218905,0.03666630581979037,48,25,23,0.0,0.003590931184589863,0,0.0,0.0,0.0,0.0,0,none,0,1,0,overconfident,0.95,0,mild_drift,0.9678414722242542,0.0011730391872746336,0.8507843250528937,0.8778529464414402,1768146521.4908574,0.46059152483940125,0.12479126453399658
160,10240,10239,sea_abrupt4,sea,ts_drift_adapt,3,"error_divergence_ph_meta@error.threshold=0.10,error.min_instances=5",error_divergence_ph_meta,"{""divergence"": {""alpha"": 0.1, ""delta"": 0.005, ""min_instances"": 30, ""threshold"": 0.05}, ""error_rate"": {""alpha"": 0.15, ""delta"": 0.005, ""min_instances"": 5, ""threshold"": 0.1}}","{""error_rate"": {""min_instances"": 5, ""threshold"": 0.1}}",0.1,0.005,0.15,5,0.05,0.005,0.1,30,,,,-1,two_stage,2,0.5,"__confirm_cooldown=200,__confirm_rule=perm_test,__perm_alpha=0.01,__perm_delta_k=25,__perm_min_effect=0,__perm_n_perm=200,__perm_post_n=50,__perm_pre_n=500,__perm_rng_seed=0,__perm_stat=delta_fused_score,divergence=0.3,error_rate=0.5,teacher_entropy=0.2",3,0,200,0.0,0,10000,10.0,25.0,200,500,1,72,1.0,0.80498046875,0.4969655005071848,0.16666666666666666,0.32983142137527466,0.010584882460534573,0,0,29,25,-1,perm_test,0.009950248756218905,0.03666630581979037,48,25,23,0.0,0.003203059546649456,0,0.0,0.0,0.0,0.0,0,none,0,1,0,overconfident,0.95,0,mild_drift,0.964070736112127,0.001236519593637317,0.8253921625264469,0.8664264732207201,1768146521.5001307,0.29711443185806274,0.17562849819660187
161,10304,10303,sea_abrupt4,sea,ts_drift_adapt,3,"error_divergence_ph_meta@error.threshold=0.10,error.min_instances=5",error_divergence_ph_meta,"{""divergence"": {""alpha"": 0.1, ""delta"": 0.005, ""min_instances"": 30, ""threshold"": 0.05}, ""error_rate"": {""alpha"": 0.15, ""delta"": 0.005, ""min_instances"": 5, ""threshold"": 0.1}}","{""error_rate"": {""min_instances"": 5, ""threshold"": 0.1}}",0.1,0.005,0.15,5,0.05,0.005,0.1,30,,,,-1,two_stage,2,0.5,"__confirm_cooldown=200,__confirm_rule=perm_test,__perm_alpha=0.01,__perm_delta_k=25,__perm_min_effect=0,__perm_n_perm=200,__perm_post_n=50,__perm_pre_n=500,__perm_rng_seed=0,__perm_stat=delta_fused_score,divergence=0.3,error_rate=0.5,teacher_entropy=0.2",3,0,200,0.0,0,10000,10.0,25.0,200,500,1,8,1.0,0.8047360248447205,0.49647538931890856,0.16666666666666666,0.3376503884792328,0.014379952102899551,0,0,29,25,-1,perm_test,0.009950248756218905,0.03666630581979037,48,25,23,0.0,0.003795069642364979,0,0.0,0.0,0.0,0.0,0,none,0,1,0,overconfident,0.95,0,mild_drift,0.9621853680560635,0.0012682597968186587,0.8126960812632235,0.86071323661036,1768146521.5096543,0.35737571120262146,0.19646520912647247
162,10368,10367,sea_abrupt4,sea,ts_drift_adapt,3,"error_divergence_ph_meta@error.threshold=0.10,error.min_instances=5",error_divergence_ph_meta,"{""divergence"": {""alpha"": 0.1, ""delta"": 0.005, ""min_instances"": 30, ""threshold"": 0.05}, ""error_rate"": {""alpha"": 0.15, ""delta"": 0.005, ""min_instances"": 5, ""threshold"": 0.1}}","{""error_rate"": {""min_instances"": 5, ""threshold"": 0.1}}",0.1,0.005,0.15,5,0.05,0.005,0.1,30,,,,-1,two_stage,2,0.5,"__confirm_cooldown=200,__confirm_rule=perm_test,__perm_alpha=0.01,__perm_delta_k=25,__perm_min_effect=0,__perm_n_perm=200,__perm_post_n=50,__perm_pre_n=500,__perm_rng_seed=0,__perm_stat=delta_fused_score,divergence=0.3,error_rate=0.5,teacher_entropy=0.2",3,0,200,0.0,0,10000,10.0,25.0,200,500,0,0,1.0,0.8039158950617284,0.49447800497891886,0.5,0.3504430055618286,0.019377244636416435,1,1,30,26,0,perm_test,0.004975124378109453,0.11278299334382177,49,26,23,0.16666666666666669,0.33333333333333337,1,0.5,0.0,0.0,0.0,0,none,1,1,0,overconfident,0.95,0,severe_drift,0.9265926840280317,0.0016341298984093294,0.6563480406316118,0.83535661830518,1768146521.5262387,0.8075201511383057,0.18134602904319763
163,10432,10431,sea_abrupt4,sea,ts_drift_adapt,3,"error_divergence_ph_meta@error.threshold=0.10,error.min_instances=5",error_divergence_ph_meta,"{""divergence"": {""alpha"": 0.1, ""delta"": 0.005, ""min_instances"": 30, ""threshold"": 0.05}, ""error_rate"": {""alpha"": 0.15, ""delta"": 0.005, ""min_instances"": 5, ""threshold"": 0.1}}","{""error_rate"": {""min_instances"": 5, ""threshold"": 0.1}}",0.1,0.005,0.15,5,0.05,0.005,0.1,30,,,,-1,two_stage,2,0.5,"__confirm_cooldown=200,__confirm_rule=perm_test,__perm_alpha=0.01,__perm_delta_k=25,__perm_min_effect=0,__perm_n_perm=200,__perm_post_n=50,__perm_pre_n=500,__perm_rng_seed=0,__perm_stat=delta_fused_score,divergence=0.3,error_rate=0.5,teacher_entropy=0.2",3,0,200,0.0,0,10000,10.0,25.0,200,500,1,136,1.0,0.80329754601227,0.49330368682103093,0.3333333333333333,0.33662089705467224,0.013269912451505661,0,0,30,26,-1,perm_test,0.004975124378109453,0.11278299334382177,49,26,23,0.0,0.16666666666666669,0,0.0,0.0,0.0,0.0,0,none,0,1,0,overconfident,0.95,0,mild_drift,0.9434463420140158,0.0014670649492046646,0.7281740203158059,0.84517830915259,1768146521.5358253,0.6291220784187317,0.15167930722236633
164,10496,10495,sea_abrupt4,sea,ts_drift_adapt,3,"error_divergence_ph_meta@error.threshold=0.10,error.min_instances=5",error_divergence_ph_meta,"{""divergence"": {""alpha"": 0.1, ""delta"": 0.005, ""min_instances"": 30, ""threshold"": 0.05}, ""error_rate"": {""alpha"": 0.15, ""delta"": 0.005, ""min_instances"": 5, ""threshold"": 0.1}}","{""error_rate"": {""min_instances"": 5, ""threshold"": 0.1}}",0.1,0.005,0.15,5,0.05,0.005,0.1,30,,,,-1,two_stage,2,0.5,"__confirm_cooldown=200,__confirm_rule=perm_test,__perm_alpha=0.01,__perm_delta_k=25,__perm_min_effect=0,__perm_n_perm=200,__perm_post_n=50,__perm_pre_n=500,__perm_rng_seed=0,__perm_stat=delta_fused_score,divergence=0.3,error_rate=0.5,teacher_entropy=0.2",3,0,200,0.0,0,10000,10.0,25.0,200,500,1,72,1.0,0.8027820121951219,0.4923472114111966,0.16666666666666666,0.35455235838890076,0.006045544054359198,0,0,30,26,-1,perm_test,0.004975124378109453,0.11278299334382177,49,26,23,0.0,0.16666666666666666,0,0.0,0.0,0.0,0.0,0,none,0,1,0,overconfident,0.95,0,mild_drift,0.9518731710070079,0.0013835324746023325,0.7640870101579029,0.850089154576295,1768146521.5454166,0.33422359824180603,0.12064836174249649
165,10560,10559,sea_abrupt4,sea,ts_drift_adapt,3,"error_divergence_ph_meta@error.threshold=0.10,error.min_instances=5",error_divergence_ph_meta,"{""divergence"": {""alpha"": 0.1, ""delta"": 0.005, ""min_instances"": 30, ""threshold"": 0.05}, ""error_rate"": {""alpha"": 0.15, ""delta"": 0.005, ""min_instances"": 5, ""threshold"": 0.1}}","{""error_rate"": {""min_instances"": 5, ""threshold"": 0.1}}",0.1,0.005,0.15,5,0.05,0.005,0.1,30,,,,-1,two_stage,2,0.5,"__confirm_cooldown=200,__confirm_rule=perm_test,__perm_alpha=0.01,__perm_delta_k=25,__perm_min_effect=0,__perm_n_perm=200,__perm_post_n=50,__perm_pre_n=500,__perm_rng_seed=0,__perm_stat=delta_fused_score,divergence=0.3,error_rate=0.5,teacher_entropy=0.2",3,0,200,0.0,0,10000,10.0,25.0,200,500,1,8,1.0,0.8019886363636364,0.49139378027434427,0.0,0.3758578896522522,0.010164757259190083,0,0,30,26,-1,perm_test,0.004975124378109453,0.11278299334382177,49,26,23,0.0,0.16666666666666666,0,0.0,0.0,0.0,0.0,0,none,0,1,0,overconfident,0.95,0,mild_drift,0.9560865855035039,0.0013417662373011664,0.7820435050789515,0.8525445772881475,1768146521.5552168,0.1816127449274063,0.19186478853225708
166,10624,10623,sea_abrupt4,sea,ts_drift_adapt,3,"error_divergence_ph_meta@error.threshold=0.10,error.min_instances=5",error_divergence_ph_meta,"{""divergence"": {""alpha"": 0.1, ""delta"": 0.005, ""min_instances"": 30, ""threshold"": 0.05}, ""error_rate"": {""alpha"": 0.15, ""delta"": 0.005, ""min_instances"": 5, ""threshold"": 0.1}}","{""error_rate"": {""min_instances"": 5, ""threshold"": 0.1}}",0.1,0.005,0.15,5,0.05,0.005,0.1,30,,,,-1,two_stage,2,0.5,"__confirm_cooldown=200,__confirm_rule=perm_test,__perm_alpha=0.01,__perm_delta_k=25,__perm_min_effect=0,__perm_n_perm=200,__perm_post_n=50,__perm_pre_n=500,__perm_rng_seed=0,__perm_stat=delta_fused_score,divergence=0.3,error_rate=0.5,teacher_entropy=0.2",3,0,200,0.0,0,10000,10.0,25.0,200,500,0,0,1.0,0.8019578313253012,0.49152873791581814,0.3333333333333333,0.3167158365249634,0.006912332493811846,0,0,30,26,-1,perm_test,0.004975124378109453,0.11278299334382177,49,26,23,0.0,0.3333333333333333,0,0.0,0.0,0.0,0.0,0,none,0,1,0,overconfident,0.95,0,mild_drift,0.9581932927517519,0.0013208831186505834,0.7910217525394758,0.8537722886440737,1768146521.5653164,0.7100350260734558,0.1553293764591217
167,10688,10687,sea_abrupt4,sea,ts_drift_adapt,3,"error_divergence_ph_meta@error.threshold=0.10,error.min_instances=5",error_divergence_ph_meta,"{""divergence"": {""alpha"": 0.1, ""delta"": 0.005, ""min_instances"": 30, ""threshold"": 0.05}, ""error_rate"": {""alpha"": 0.15, ""delta"": 0.005, ""min_instances"": 5, ""threshold"": 0.1}}","{""error_rate"": {""min_instances"": 5, ""threshold"": 0.1}}",0.1,0.005,0.15,5,0.05,0.005,0.1,30,,,,-1,two_stage,2,0.5,"__confirm_cooldown=200,__confirm_rule=perm_test,__perm_alpha=0.01,__perm_delta_k=25,__perm_min_effect=0,__perm_n_perm=200,__perm_post_n=50,__perm_pre_n=500,__perm_rng_seed=0,__perm_stat=delta_fused_score,divergence=0.3,error_rate=0.5,teacher_entropy=0.2",3,0,200,0.0,0,10000,10.0,25.0,200,500,0,0,1.0,0.8016467065868264,0.49110431542218114,0.5,0.3477316200733185,0.00863641407340765,1,1,31,27,0,perm_test,0.004975124378109453,0.05275611676836205,50,27,23,0.0,0.16666666666666669,1,0.5,0.0,0.0,0.0,0,none,1,1,0,overconfident,0.95,0,stable,0.974096646375876,0.0010604415593252917,0.8955108762697379,0.8993861443220369,1768146521.5825555,0.7732728123664856,0.18567603826522827
168,10752,10751,sea_abrupt4,sea,ts_drift_adapt,3,"error_divergence_ph_meta@error.threshold=0.10,error.min_instances=5",error_divergence_ph_meta,"{""divergence"": {""alpha"": 0.1, ""delta"": 0.005, ""min_instances"": 30, ""threshold"": 0.05}, ""error_rate"": {""alpha"": 0.15, ""delta"": 0.005, ""min_instances"": 5, ""threshold"": 0.1}}","{""error_rate"": {""min_instances"": 5, ""threshold"": 0.1}}",0.1,0.005,0.15,5,0.05,0.005,0.1,30,,,,-1,two_stage,2,0.5,"__confirm_cooldown=200,__confirm_rule=perm_test,__perm_alpha=0.01,__perm_delta_k=25,__perm_min_effect=0,__perm_n_perm=200,__perm_post_n=50,__perm_pre_n=500,__perm_rng_seed=0,__perm_stat=delta_fused_score,divergence=0.3,error_rate=0.5,teacher_entropy=0.2",3,0,200,0.0,0,10000,10.0,25.0,200,500,1,136,1.0,0.8013392857142857,0.491345309500067,0.16666666666666666,0.3472020924091339,0.011352581903338432,0,0,31,27,-1,perm_test,0.004975124378109453,0.05275611676836205,50,27,23,0.0,0.33333333333333337,0,0.0,0.0,0.0,0.0,0,none,0,1,0,overconfident,0.95,0,mild_drift,0.967198323187938,0.001180220779662646,0.847755438134869,0.8771930721610184,1768146521.592303,0.4658651351928711,0.18356166779994965
169,10816,10815,sea_abrupt4,sea,ts_drift_adapt,3,"error_divergence_ph_meta@error.threshold=0.10,error.min_instances=5",error_divergence_ph_meta,"{""divergence"": {""alpha"": 0.1, ""delta"": 0.005, ""min_instances"": 30, ""threshold"": 0.05}, ""error_rate"": {""alpha"": 0.15, ""delta"": 0.005, ""min_instances"": 5, ""threshold"": 0.1}}","{""error_rate"": {""min_instances"": 5, ""threshold"": 0.1}}",0.1,0.005,0.15,5,0.05,0.005,0.1,30,,,,-1,two_stage,2,0.5,"__confirm_cooldown=200,__confirm_rule=perm_test,__perm_alpha=0.01,__perm_delta_k=25,__perm_min_effect=0,__perm_n_perm=200,__perm_post_n=50,__perm_pre_n=500,__perm_rng_seed=0,__perm_stat=delta_fused_score,divergence=0.3,error_rate=0.5,teacher_entropy=0.2",3,0,200,0.0,0,10000,10.0,25.0,200,500,1,72,1.0,0.8011279585798816,0.49225799383426,0.0,0.38718166947364807,0.020940076559782028,0,0,31,27,-1,perm_test,0.004975124378109453,0.05275611676836205,50,27,23,0.0,0.16666666666666666,0,0.0,0.0,0.0,0.0,0,none,0,1,0,overconfident,0.95,0,mild_drift,0.963749161593969,0.001240110389831323,0.8238777190674345,0.8660965360805092,1768146521.601986,0.23199713230133057,0.2593400478363037
170,10880,10879,sea_abrupt4,sea,ts_drift_adapt,3,"error_divergence_ph_meta@error.threshold=0.10,error.min_instances=5",error_divergence_ph_meta,"{""divergence"": {""alpha"": 0.1, ""delta"": 0.005, ""min_instances"": 30, ""threshold"": 0.05}, ""error_rate"": {""alpha"": 0.15, ""delta"": 0.005, ""min_instances"": 5, ""threshold"": 0.1}}","{""error_rate"": {""min_instances"": 5, ""threshold"": 0.1}}",0.1,0.005,0.15,5,0.05,0.005,0.1,30,,,,-1,two_stage,2,0.5,"__confirm_cooldown=200,__confirm_rule=perm_test,__perm_alpha=0.01,__perm_delta_k=25,__perm_min_effect=0,__perm_n_perm=200,__perm_post_n=50,__perm_pre_n=500,__perm_rng_seed=0,__perm_stat=delta_fused_score,divergence=0.3,error_rate=0.5,teacher_entropy=0.2",3,0,200,0.0,0,10000,10.0,25.0,200,500,1,8,1.0,0.8008272058823529,0.4931846253919297,0.3333333333333333,0.3800448179244995,0.013590780086815357,0,0,31,27,-1,perm_test,0.004975124378109453,0.05275611676836205,50,27,23,0.0,0.3333333333333333,0,0.0,0.0,0.0,0.0,0,none,0,1,0,overconfident,0.95,0,mild_drift,0.9620245807969845,0.0012700551949156617,0.8119388595337172,0.8605482680402545,1768146521.6117473,0.5341317057609558,0.19518734514713287
171,10944,10943,sea_abrupt4,sea,ts_drift_adapt,3,"error_divergence_ph_meta@error.threshold=0.10,error.min_instances=5",error_divergence_ph_meta,"{""divergence"": {""alpha"": 0.1, ""delta"": 0.005, ""min_instances"": 30, ""threshold"": 0.05}, ""error_rate"": {""alpha"": 0.15, ""delta"": 0.005, ""min_instances"": 5, ""threshold"": 0.1}}","{""error_rate"": {""min_instances"": 5, ""threshold"": 0.1}}",0.1,0.005,0.15,5,0.05,0.005,0.1,30,,,,-1,two_stage,2,0.5,"__confirm_cooldown=200,__confirm_rule=perm_test,__perm_alpha=0.01,__perm_delta_k=25,__perm_min_effect=0,__perm_n_perm=200,__perm_post_n=50,__perm_pre_n=500,__perm_rng_seed=0,__perm_stat=delta_fused_score,divergence=0.3,error_rate=0.5,teacher_entropy=0.2",3,0,200,0.0,0,10000,10.0,25.0,200,500,0,0,1.0,0.8006213450292398,0.4934533623767055,0.3333333333333333,0.37986069917678833,0.02470317669212818,0,0,31,27,-1,perm_test,0.004975124378109453,0.05275611676836205,50,27,23,0.0,0.011112396605312824,0,0.0,0.0,0.0,0.0,0,none,0,1,0,overconfident,0.95,0,mild_drift,0.9611622903984922,0.0012850275974578308,0.8059694297668587,0.8577741340201273,1768146521.6218078,0.5574589371681213,0.3325892686843872
172,11008,11007,sea_abrupt4,sea,ts_drift_adapt,3,"error_divergence_ph_meta@error.threshold=0.10,error.min_instances=5",error_divergence_ph_meta,"{""divergence"": {""alpha"": 0.1, ""delta"": 0.005, ""min_instances"": 30, ""threshold"": 0.05}, ""error_rate"": {""alpha"": 0.15, ""delta"": 0.005, ""min_instances"": 5, ""threshold"": 0.1}}","{""error_rate"": {""min_instances"": 5, ""threshold"": 0.1}}",0.1,0.005,0.15,5,0.05,0.005,0.1,30,,,,-1,two_stage,2,0.5,"__confirm_cooldown=200,__confirm_rule=perm_test,__perm_alpha=0.01,__perm_delta_k=25,__perm_min_effect=0,__perm_n_perm=200,__perm_post_n=50,__perm_pre_n=500,__perm_rng_seed=0,__perm_stat=delta_fused_score,divergence=0.3,error_rate=0.5,teacher_entropy=0.2",3,0,200,0.0,0,10000,10.0,25.0,200,500,0,0,1.0,0.8008720930232558,0.49442738473634146,0.3333333333333333,0.34397298097610474,0.020811473950743675,0,1,32,27,-1,perm_test,1.0,-0.033261663464337524,51,27,24,0.16666666666666669,0.0038917027413845062,1,0.5,0.0,0.0,0.0,0,none,0,1,0,overconfident,0.95,0,mild_drift,0.9607311451992461,0.0012925137987289154,0.8029847148834294,0.8563870670100636,1768146521.632054,0.408451110124588,0.25614577531814575
173,11072,11071,sea_abrupt4,sea,ts_drift_adapt,3,"error_divergence_ph_meta@error.threshold=0.10,error.min_instances=5",error_divergence_ph_meta,"{""divergence"": {""alpha"": 0.1, ""delta"": 0.005, ""min_instances"": 30, ""threshold"": 0.05}, ""error_rate"": {""alpha"": 0.15, ""delta"": 0.005, ""min_instances"": 5, ""threshold"": 0.1}}","{""error_rate"": {""min_instances"": 5, ""threshold"": 0.1}}",0.1,0.005,0.15,5,0.05,0.005,0.1,30,,,,-1,two_stage,2,0.5,"__confirm_cooldown=200,__confirm_rule=perm_test,__perm_alpha=0.01,__perm_delta_k=25,__perm_min_effect=0,__perm_n_perm=200,__perm_post_n=50,__perm_pre_n=500,__perm_rng_seed=0,__perm_stat=delta_fused_score,divergence=0.3,error_rate=0.5,teacher_entropy=0.2",3,0,200,0.0,0,10000,10.0,25.0,200,500,0,0,1.0,0.8007586705202312,0.495074289192014,0.3333333333333333,0.4188697040081024,0.015448333695530891,0,0,32,27,-1,perm_test,1.0,-0.08269107430665362,52,27,25,0.0,0.005363140255212784,0,0.0,0.0,0.0,0.0,0,none,0,1,0,overconfident,0.95,0,mild_drift,0.9605155725996231,0.0012962568993644579,0.8014923574417148,0.8556935335050317,1768146521.642391,0.5131146311759949,0.2646631598472595
174,11136,11135,sea_abrupt4,sea,ts_drift_adapt,3,"error_divergence_ph_meta@error.threshold=0.10,error.min_instances=5",error_divergence_ph_meta,"{""divergence"": {""alpha"": 0.1, ""delta"": 0.005, ""min_instances"": 30, ""threshold"": 0.05}, ""error_rate"": {""alpha"": 0.15, ""delta"": 0.005, ""min_instances"": 5, ""threshold"": 0.1}}","{""error_rate"": {""min_instances"": 5, ""threshold"": 0.1}}",0.1,0.005,0.15,5,0.05,0.005,0.1,30,,,,-1,two_stage,2,0.5,"__confirm_cooldown=200,__confirm_rule=perm_test,__perm_alpha=0.01,__perm_delta_k=25,__perm_min_effect=0,__perm_n_perm=200,__perm_post_n=50,__perm_pre_n=500,__perm_rng_seed=0,__perm_stat=delta_fused_score,divergence=0.3,error_rate=0.5,teacher_entropy=0.2",3,0,200,0.0,0,10000,10.0,25.0,200,500,0,0,1.0,0.8004669540229885,0.4946437431462202,0.3333333333333333,0.38844239711761475,0.010402237996459007,0,0,32,27,-1,perm_test,1.0,-0.020744872537550627,53,27,26,0.0,0.005046095699071884,0,0.0,0.0,0.0,0.0,0,none,0,1,0,overconfident,0.95,0,mild_drift,0.9604077862998115,0.001298128449682229,0.8007461787208574,0.8553467667525159,1768146521.6527627,0.6139222383499146,0.18171876668930054
175,11200,11199,sea_abrupt4,sea,ts_drift_adapt,3,"error_divergence_ph_meta@error.threshold=0.10,error.min_instances=5",error_divergence_ph_meta,"{""divergence"": {""alpha"": 0.1, ""delta"": 0.005, ""min_instances"": 30, ""threshold"": 0.05}, ""error_rate"": {""alpha"": 0.15, ""delta"": 0.005, ""min_instances"": 5, ""threshold"": 0.1}}","{""error_rate"": {""min_instances"": 5, ""threshold"": 0.1}}",0.1,0.005,0.15,5,0.05,0.005,0.1,30,,,,-1,two_stage,2,0.5,"__confirm_cooldown=200,__confirm_rule=perm_test,__perm_alpha=0.01,__perm_delta_k=25,__perm_min_effect=0,__perm_n_perm=200,__perm_post_n=50,__perm_pre_n=500,__perm_rng_seed=0,__perm_stat=delta_fused_score,divergence=0.3,error_rate=0.5,teacher_entropy=0.2",3,0,200,0.0,0,10000,10.0,25.0,200,500,0,0,1.0,0.8002678571428572,0.49438819001369066,0.3333333333333333,0.38501447439193726,0.010965228080749512,0,0,32,27,-1,perm_test,1.0,-0.01937972231846493,54,27,27,0.0,0.0005629900842905045,0,0.0,0.0,0.0,0.0,0,none,0,1,0,overconfident,0.95,0,mild_drift,0.9603538931499057,0.0012990642248411144,0.8003730893604287,0.8551733833762579,1768146521.6631181,0.3578968942165375,0.18922856450080872
176,11264,11263,sea_abrupt4,sea,ts_drift_adapt,3,"error_divergence_ph_meta@error.threshold=0.10,error.min_instances=5",error_divergence_ph_meta,"{""divergence"": {""alpha"": 0.1, ""delta"": 0.005, ""min_instances"": 30, ""threshold"": 0.05}, ""error_rate"": {""alpha"": 0.15, ""delta"": 0.005, ""min_instances"": 5, ""threshold"": 0.1}}","{""error_rate"": {""min_instances"": 5, ""threshold"": 0.1}}",0.1,0.005,0.15,5,0.05,0.005,0.1,30,,,,-1,two_stage,2,0.5,"__confirm_cooldown=200,__confirm_rule=perm_test,__perm_alpha=0.01,__perm_delta_k=25,__perm_min_effect=0,__perm_n_perm=200,__perm_post_n=50,__perm_pre_n=500,__perm_rng_seed=0,__perm_stat=delta_fused_score,divergence=0.3,error_rate=0.5,teacher_entropy=0.2",3,0,200,0.0,0,10000,10.0,25.0,200,500,0,0,1.0,0.8001598011363636,0.49481833055365104,0.3333333333333333,0.33133289217948914,0.008794009685516357,0,0,32,27,-1,perm_test,1.0,-0.01937972231846493,54,27,27,0.0,0.0021712183952331543,0,0.0,0.0,0.0,0.0,0,none,0,1,0,overconfident,0.95,0,mild_drift,0.9603269465749529,0.0012995321124205572,0.8001865446802143,0.855086691688129,1768146521.673449,0.7937272191047668,0.13030600547790527
177,11328,11327,sea_abrupt4,sea,ts_drift_adapt,3,"error_divergence_ph_meta@error.threshold=0.10,error.min_instances=5",error_divergence_ph_meta,"{""divergence"": {""alpha"": 0.1, ""delta"": 0.005, ""min_instances"": 30, ""threshold"": 0.05}, ""error_rate"": {""alpha"": 0.15, ""delta"": 0.005, ""min_instances"": 5, ""threshold"": 0.1}}","{""error_rate"": {""min_instances"": 5, ""threshold"": 0.1}}",0.1,0.005,0.15,5,0.05,0.005,0.1,30,,,,-1,two_stage,2,0.5,"__confirm_cooldown=200,__confirm_rule=perm_test,__perm_alpha=0.01,__perm_delta_k=25,__perm_min_effect=0,__perm_n_perm=200,__perm_post_n=50,__perm_pre_n=500,__perm_rng_seed=0,__perm_stat=delta_fused_score,divergence=0.3,error_rate=0.5,teacher_entropy=0.2",3,0,200,0.0,0,10000,10.0,25.0,200,500,0,0,1.0,0.8003177966101694,0.4959473665761044,0.0,0.3773221969604492,0.006278178654611111,0,1,33,27,-1,perm_test,1.0,-0.13104513450777378,55,27,28,0.3333333333333333,0.3333333333333333,1,0.5,0.0,0.0,0.0,0,none,0,1,0,overconfident,0.95,0,mild_drift,0.9603134732874764,0.0012997660562102786,0.8000932723401072,0.8550433458440645,1768146521.6840522,0.12964513897895813,0.11784274131059647
178,11392,11391,sea_abrupt4,sea,ts_drift_adapt,3,"error_divergence_ph_meta@error.threshold=0.10,error.min_instances=5",error_divergence_ph_meta,"{""divergence"": {""alpha"": 0.1, ""delta"": 0.005, ""min_instances"": 30, ""threshold"": 0.05}, ""error_rate"": {""alpha"": 0.15, ""delta"": 0.005, ""min_instances"": 5, ""threshold"": 0.1}}","{""error_rate"": {""min_instances"": 5, ""threshold"": 0.1}}",0.1,0.005,0.15,5,0.05,0.005,0.1,30,,,,-1,two_stage,2,0.5,"__confirm_cooldown=200,__confirm_rule=perm_test,__perm_alpha=0.01,__perm_delta_k=25,__perm_min_effect=0,__perm_n_perm=200,__perm_post_n=50,__perm_pre_n=500,__perm_rng_seed=0,__perm_stat=delta_fused_score,divergence=0.3,error_rate=0.5,teacher_entropy=0.2",3,0,200,0.0,0,10000,10.0,25.0,200,500,0,0,1.0,0.8002984550561798,0.4962230725976205,0.16666666666666666,0.39302849769592285,0.00954600889235735,1,0,33,28,1,perm_test,0.004975124378109453,0.13689248430379808,56,28,28,0.0,0.16666666666666666,0,0.0,0.0,0.0,0.0,0,none,1,1,0,overconfident,0.95,0,stable,0.9751567366437381,0.0010498830281051392,0.9000466361700536,0.9000216729220323,1768146521.7022917,0.4033598005771637,0.10765153169631958
179,11456,11455,sea_abrupt4,sea,ts_drift_adapt,3,"error_divergence_ph_meta@error.threshold=0.10,error.min_instances=5",error_divergence_ph_meta,"{""divergence"": {""alpha"": 0.1, ""delta"": 0.005, ""min_instances"": 30, ""threshold"": 0.05}, ""error_rate"": {""alpha"": 0.15, ""delta"": 0.005, ""min_instances"": 5, ""threshold"": 0.1}}","{""error_rate"": {""min_instances"": 5, ""threshold"": 0.1}}",0.1,0.005,0.15,5,0.05,0.005,0.1,30,,,,-1,two_stage,2,0.5,"__confirm_cooldown=200,__confirm_rule=perm_test,__perm_alpha=0.01,__perm_delta_k=25,__perm_min_effect=0,__perm_n_perm=200,__perm_post_n=50,__perm_pre_n=500,__perm_rng_seed=0,__perm_stat=delta_fused_score,divergence=0.3,error_rate=0.5,teacher_entropy=0.2",3,0,200,0.0,0,10000,10.0,25.0,200,500,1,136,1.0,0.7999301675977654,0.4953907031661114,0.5,0.36933985352516174,0.00497473357245326,0,0,33,28,-1,perm_test,0.004975124378109453,0.13689248430379808,56,28,28,0.0,0.33333333333333337,0,0.0,0.0,0.0,0.0,0,none,0,1,0,overconfident,0.95,0,mild_drift,0.967728368321869,0.0011749415140525697,0.8500233180850268,0.8775108364610161,1768146521.7126353,0.9398964047431946,0.08513705432415009
180,11520,11519,sea_abrupt4,sea,ts_drift_adapt,3,"error_divergence_ph_meta@error.threshold=0.10,error.min_instances=5",error_divergence_ph_meta,"{""divergence"": {""alpha"": 0.1, ""delta"": 0.005, ""min_instances"": 30, ""threshold"": 0.05}, ""error_rate"": {""alpha"": 0.15, ""delta"": 0.005, ""min_instances"": 5, ""threshold"": 0.1}}","{""error_rate"": {""min_instances"": 5, ""threshold"": 0.1}}",0.1,0.005,0.15,5,0.05,0.005,0.1,30,,,,-1,two_stage,2,0.5,"__confirm_cooldown=200,__confirm_rule=perm_test,__perm_alpha=0.01,__perm_delta_k=25,__perm_min_effect=0,__perm_n_perm=200,__perm_post_n=50,__perm_pre_n=500,__perm_rng_seed=0,__perm_stat=delta_fused_score,divergence=0.3,error_rate=0.5,teacher_entropy=0.2",3,0,200,0.0,0,10000,10.0,25.0,200,500,1,72,1.0,0.8,0.4961626510079053,0.3333333333333333,0.3691822290420532,0.004746473394334316,0,0,33,28,-1,perm_test,0.004975124378109453,0.13689248430379808,56,28,28,0.0,0.16666666666666669,0,0.0,0.0,0.0,0.0,0,none,0,1,0,overconfident,0.95,0,mild_drift,0.9640141841609344,0.001237470757026285,0.8250116590425134,0.866255418230508,1768146521.722572,0.6399660706520081,0.09500270336866379
181,11584,11583,sea_abrupt4,sea,ts_drift_adapt,3,"error_divergence_ph_meta@error.threshold=0.10,error.min_instances=5",error_divergence_ph_meta,"{""divergence"": {""alpha"": 0.1, ""delta"": 0.005, ""min_instances"": 30, ""threshold"": 0.05}, ""error_rate"": {""alpha"": 0.15, ""delta"": 0.005, ""min_instances"": 5, ""threshold"": 0.1}}","{""error_rate"": {""min_instances"": 5, ""threshold"": 0.1}}",0.1,0.005,0.15,5,0.05,0.005,0.1,30,,,,-1,two_stage,2,0.5,"__confirm_cooldown=200,__confirm_rule=perm_test,__perm_alpha=0.01,__perm_delta_k=25,__perm_min_effect=0,__perm_n_perm=200,__perm_post_n=50,__perm_pre_n=500,__perm_rng_seed=0,__perm_stat=delta_fused_score,divergence=0.3,error_rate=0.5,teacher_entropy=0.2",3,0,200,0.0,0,10000,10.0,25.0,200,500,1,8,1.0,0.7997237569060773,0.4958893650507343,0.0,0.4135740399360657,0.004853067919611931,0,0,33,28,-1,perm_test,0.004975124378109453,0.13689248430379808,56,28,28,0.0,0.3333333333333333,0,0.0,0.0,0.0,0.0,0,none,0,1,0,overconfident,0.95,0,mild_drift,0.9621570920804672,0.0012687353785131427,0.8125058295212567,0.860627709115254,1768146521.7329283,0.1026194766163826,0.09707517176866531
182,11648,11647,sea_abrupt4,sea,ts_drift_adapt,3,"error_divergence_ph_meta@error.threshold=0.10,error.min_instances=5",error_divergence_ph_meta,"{""divergence"": {""alpha"": 0.1, ""delta"": 0.005, ""min_instances"": 30, ""threshold"": 0.05}, ""error_rate"": {""alpha"": 0.15, ""delta"": 0.005, ""min_instances"": 5, ""threshold"": 0.1}}","{""error_rate"": {""min_instances"": 5, ""threshold"": 0.1}}",0.1,0.005,0.15,5,0.05,0.005,0.1,30,,,,-1,two_stage,2,0.5,"__confirm_cooldown=200,__confirm_rule=perm_test,__perm_alpha=0.01,__perm_delta_k=25,__perm_min_effect=0,__perm_n_perm=200,__perm_post_n=50,__perm_pre_n=500,__perm_rng_seed=0,__perm_stat=delta_fused_score,divergence=0.3,error_rate=0.5,teacher_entropy=0.2",3,0,200,0.0,0,10000,10.0,25.0,200,500,0,0,1.0,0.7997081043956044,0.49677488935070524,0.0,0.36812686920166016,0.006619220599532127,0,1,34,28,-1,perm_test,0.5074626865671642,0.0004255847525605778,57,28,29,0.0,0.0017661526799201965,1,0.5,0.0,0.0,0.0,0,none,0,1,0,overconfident,0.95,0,mild_drift,0.9612285460402336,0.0012843676892565713,0.8062529147606283,0.857813854557627,1768146521.7507942,0.22084397077560425,0.10065656155347824
183,11712,11711,sea_abrupt4,sea,ts_drift_adapt,3,"error_divergence_ph_meta@error.threshold=0.10,error.min_instances=5",error_divergence_ph_meta,"{""divergence"": {""alpha"": 0.1, ""delta"": 0.005, ""min_instances"": 30, ""threshold"": 0.05}, ""error_rate"": {""alpha"": 0.15, ""delta"": 0.005, ""min_instances"": 5, ""threshold"": 0.1}}","{""error_rate"": {""min_instances"": 5, ""threshold"": 0.1}}",0.1,0.005,0.15,5,0.05,0.005,0.1,30,,,,-1,two_stage,2,0.5,"__confirm_cooldown=200,__confirm_rule=perm_test,__perm_alpha=0.01,__perm_delta_k=25,__perm_min_effect=0,__perm_n_perm=200,__perm_post_n=50,__perm_pre_n=500,__perm_rng_seed=0,__perm_stat=delta_fused_score,divergence=0.3,error_rate=0.5,teacher_entropy=0.2",3,0,200,0.0,0,10000,10.0,25.0,200,500,0,0,1.0,0.7996926229508197,0.4979787857279003,0.0,0.38882020115852356,0.005617552436888218,1,0,34,29,1,perm_test,0.004975124378109453,0.11301872011600962,58,29,29,0.0,0.0010016681626439095,0,0.0,0.0,0.0,0.0,0,none,1,1,0,overconfident,0.95,0,stable,0.9756142730201167,0.0010421838446282856,0.9031264573803142,0.9014069272788136,1768146521.768138,0.13457106053829193,0.10678943991661072
184,11776,11775,sea_abrupt4,sea,ts_drift_adapt,3,"error_divergence_ph_meta@error.threshold=0.10,error.min_instances=5",error_divergence_ph_meta,"{""divergence"": {""alpha"": 0.1, ""delta"": 0.005, ""min_instances"": 30, ""threshold"": 0.05}, ""error_rate"": {""alpha"": 0.15, ""delta"": 0.005, ""min_instances"": 5, ""threshold"": 0.1}}","{""error_rate"": {""min_instances"": 5, ""threshold"": 0.1}}",0.1,0.005,0.15,5,0.05,0.005,0.1,30,,,,-1,two_stage,2,0.5,"__confirm_cooldown=200,__confirm_rule=perm_test,__perm_alpha=0.01,__perm_delta_k=25,__perm_min_effect=0,__perm_n_perm=200,__perm_post_n=50,__perm_pre_n=500,__perm_rng_seed=0,__perm_stat=delta_fused_score,divergence=0.3,error_rate=0.5,teacher_entropy=0.2",3,0,200,0.0,0,10000,10.0,25.0,200,500,1,136,1.0,0.7997622282608695,0.4989071451628828,0.16666666666666666,0.3849944472312927,0.008615273982286453,0,0,34,29,-1,perm_test,0.004975124378109453,0.11301872011600962,58,29,29,0.0,0.16666666666666666,0,0.0,0.0,0.0,0.0,0,none,0,1,0,overconfident,0.95,0,mild_drift,0.9679571365100583,0.001171091922314143,0.8515632286901571,0.8782034636394067,1768146521.7780662,0.15831507742404938,0.09453527629375458
185,11840,11839,sea_abrupt4,sea,ts_drift_adapt,3,"error_divergence_ph_meta@error.threshold=0.10,error.min_instances=5",error_divergence_ph_meta,"{""divergence"": {""alpha"": 0.1, ""delta"": 0.005, ""min_instances"": 30, ""threshold"": 0.05}, ""error_rate"": {""alpha"": 0.15, ""delta"": 0.005, ""min_instances"": 5, ""threshold"": 0.1}}","{""error_rate"": {""min_instances"": 5, ""threshold"": 0.1}}",0.1,0.005,0.15,5,0.05,0.005,0.1,30,,,,-1,two_stage,2,0.5,"__confirm_cooldown=200,__confirm_rule=perm_test,__perm_alpha=0.01,__perm_delta_k=25,__perm_min_effect=0,__perm_n_perm=200,__perm_post_n=50,__perm_pre_n=500,__perm_rng_seed=0,__perm_stat=delta_fused_score,divergence=0.3,error_rate=0.5,teacher_entropy=0.2",3,0,200,0.0,0,10000,10.0,25.0,200,500,1,72,1.0,0.7994932432432432,0.4988580847202436,0.5,0.4084036946296692,0.009807964786887169,0,0,34,29,-1,perm_test,0.004975124378109453,0.11301872011600962,58,29,29,0.0,0.33333333333333337,0,0.0,0.0,0.0,0.0,0,none,0,1,0,overconfident,0.95,0,mild_drift,0.9641285682550291,0.0012355459611570717,0.8257816143450786,0.8666017318197033,1768146521.7878768,0.6941407322883606,0.10486374795436859
186,11904,11903,sea_abrupt4,sea,ts_drift_adapt,3,"error_divergence_ph_meta@error.threshold=0.10,error.min_instances=5",error_divergence_ph_meta,"{""divergence"": {""alpha"": 0.1, ""delta"": 0.005, ""min_instances"": 30, ""threshold"": 0.05}, ""error_rate"": {""alpha"": 0.15, ""delta"": 0.005, ""min_instances"": 5, ""threshold"": 0.1}}","{""error_rate"": {""min_instances"": 5, ""threshold"": 0.1}}",0.1,0.005,0.15,5,0.05,0.005,0.1,30,,,,-1,two_stage,2,0.5,"__confirm_cooldown=200,__confirm_rule=perm_test,__perm_alpha=0.01,__perm_delta_k=25,__perm_min_effect=0,__perm_n_perm=200,__perm_post_n=50,__perm_pre_n=500,__perm_rng_seed=0,__perm_stat=delta_fused_score,divergence=0.3,error_rate=0.5,teacher_entropy=0.2",3,0,200,0.0,0,10000,10.0,25.0,200,500,1,8,1.0,0.7994791666666666,0.4986744397861997,0.0,0.38684338331222534,0.007562087383121252,0,0,34,29,-1,perm_test,0.004975124378109453,0.11301872011600962,58,29,29,0.0,0.5,0,0.0,0.0,0.0,0.0,0,none,0,1,0,overconfident,0.95,0,mild_drift,0.9622142841275145,0.0012677729805785358,0.8128908071725394,0.8608008659098516,1768146521.7976913,0.11740530282258987,0.1422601342201233
187,11968,11967,sea_abrupt4,sea,ts_drift_adapt,3,"error_divergence_ph_meta@error.threshold=0.10,error.min_instances=5",error_divergence_ph_meta,"{""divergence"": {""alpha"": 0.1, ""delta"": 0.005, ""min_instances"": 30, ""threshold"": 0.05}, ""error_rate"": {""alpha"": 0.15, ""delta"": 0.005, ""min_instances"": 5, ""threshold"": 0.1}}","{""error_rate"": {""min_instances"": 5, ""threshold"": 0.1}}",0.1,0.005,0.15,5,0.05,0.005,0.1,30,,,,-1,two_stage,2,0.5,"__confirm_cooldown=200,__confirm_rule=perm_test,__perm_alpha=0.01,__perm_delta_k=25,__perm_min_effect=0,__perm_n_perm=200,__perm_post_n=50,__perm_pre_n=500,__perm_rng_seed=0,__perm_stat=delta_fused_score,divergence=0.3,error_rate=0.5,teacher_entropy=0.2",3,0,200,0.0,0,10000,10.0,25.0,200,500,0,0,1.0,0.7996323529411765,0.4994107372557258,0.0,0.35140809416770935,0.012302550487220287,0,1,35,29,-1,perm_test,1.0,-0.060403293058913524,59,29,30,0.0,0.004740463104099035,1,0.5,0.0,0.0,0.0,0,none,0,1,0,overconfident,0.95,0,mild_drift,0.9612571420637572,0.001283886490289268,0.8064454035862697,0.8579004329549258,1768146521.808042,0.13361534476280212,0.17156106233596802
188,12032,12031,sea_abrupt4,sea,ts_drift_adapt,3,"error_divergence_ph_meta@error.threshold=0.10,error.min_instances=5",error_divergence_ph_meta,"{""divergence"": {""alpha"": 0.1, ""delta"": 0.005, ""min_instances"": 30, ""threshold"": 0.05}, ""error_rate"": {""alpha"": 0.15, ""delta"": 0.005, ""min_instances"": 5, ""threshold"": 0.1}}","{""error_rate"": {""min_instances"": 5, ""threshold"": 0.1}}",0.1,0.005,0.15,5,0.05,0.005,0.1,30,,,,-1,two_stage,2,0.5,"__confirm_cooldown=200,__confirm_rule=perm_test,__perm_alpha=0.01,__perm_delta_k=25,__perm_min_effect=0,__perm_n_perm=200,__perm_post_n=50,__perm_pre_n=500,__perm_rng_seed=0,__perm_stat=delta_fused_score,divergence=0.3,error_rate=0.5,teacher_entropy=0.2",3,0,200,0.0,0,10000,10.0,25.0,200,500,0,0,1.0,0.7992852393617021,0.4990377728465332,0.0,0.4192037880420685,0.007099623791873455,0,0,35,29,-1,perm_test,0.014925373134328358,0.02661755356878294,60,29,31,0.0,0.005202926695346832,0,0.0,0.0,0.0,0.0,0,none,0,1,0,overconfident,0.95,0,mild_drift,0.9607785710318786,0.001291943245144634,0.8032227017931348,0.8564502164774629,1768146521.8252492,0.13297368586063385,0.11163687705993652
189,12096,12095,sea_abrupt4,sea,ts_drift_adapt,3,"error_divergence_ph_meta@error.threshold=0.10,error.min_instances=5",error_divergence_ph_meta,"{""divergence"": {""alpha"": 0.1, ""delta"": 0.005, ""min_instances"": 30, ""threshold"": 0.05}, ""error_rate"": {""alpha"": 0.15, ""delta"": 0.005, ""min_instances"": 5, ""threshold"": 0.1}}","{""error_rate"": {""min_instances"": 5, ""threshold"": 0.1}}",0.1,0.005,0.15,5,0.05,0.005,0.1,30,,,,-1,two_stage,2,0.5,"__confirm_cooldown=200,__confirm_rule=perm_test,__perm_alpha=0.01,__perm_delta_k=25,__perm_min_effect=0,__perm_n_perm=200,__perm_post_n=50,__perm_pre_n=500,__perm_rng_seed=0,__perm_stat=delta_fused_score,divergence=0.3,error_rate=0.5,teacher_entropy=0.2",3,0,200,0.0,0,10000,10.0,25.0,200,500,0,0,1.0,0.7991898148148148,0.4991669255393164,0.0,0.38965702056884766,0.008294263854622841,0,0,35,29,-1,perm_test,1.0,-0.046827824222997555,61,29,32,0.0,0.0011946400627493858,0,0.0,0.0,0.0,0.0,0,none,0,1,0,overconfident,0.95,0,mild_drift,0.9605392855159393,0.001295971622572317,0.8016113508965674,0.8557251082387314,1768146521.8353856,0.08022352308034897,0.11770763248205185
190,12160,12159,sea_abrupt4,sea,ts_drift_adapt,3,"error_divergence_ph_meta@error.threshold=0.10,error.min_instances=5",error_divergence_ph_meta,"{""divergence"": {""alpha"": 0.1, ""delta"": 0.005, ""min_instances"": 30, ""threshold"": 0.05}, ""error_rate"": {""alpha"": 0.15, ""delta"": 0.005, ""min_instances"": 5, ""threshold"": 0.1}}","{""error_rate"": {""min_instances"": 5, ""threshold"": 0.1}}",0.1,0.005,0.15,5,0.05,0.005,0.1,30,,,,-1,two_stage,2,0.5,"__confirm_cooldown=200,__confirm_rule=perm_test,__perm_alpha=0.01,__perm_delta_k=25,__perm_min_effect=0,__perm_n_perm=200,__perm_post_n=50,__perm_pre_n=500,__perm_rng_seed=0,__perm_stat=delta_fused_score,divergence=0.3,error_rate=0.5,teacher_entropy=0.2",3,0,200,0.0,0,10000,10.0,25.0,200,500,0,0,1.0,0.7995065789473684,0.5000656998845463,0.16666666666666666,0.3345719575881958,0.00521954707801342,0,0,35,29,-1,perm_test,0.3034825870646766,0.007297009081642845,62,29,33,0.0,0.16666666666666666,0,0.0,0.0,0.0,0.0,0,none,0,1,0,overconfident,0.95,0,mild_drift,0.9604196427579696,0.0012979858112861587,0.8008056754482837,0.8553625541193657,1768146521.8521183,0.3303704559803009,0.08861631900072098
191,12224,12223,sea_abrupt4,sea,ts_drift_adapt,3,"error_divergence_ph_meta@error.threshold=0.10,error.min_instances=5",error_divergence_ph_meta,"{""divergence"": {""alpha"": 0.1, ""delta"": 0.005, ""min_instances"": 30, ""threshold"": 0.05}, ""error_rate"": {""alpha"": 0.15, ""delta"": 0.005, ""min_instances"": 5, ""threshold"": 0.1}}","{""error_rate"": {""min_instances"": 5, ""threshold"": 0.1}}",0.1,0.005,0.15,5,0.05,0.005,0.1,30,,,,-1,two_stage,2,0.5,"__confirm_cooldown=200,__confirm_rule=perm_test,__perm_alpha=0.01,__perm_delta_k=25,__perm_min_effect=0,__perm_n_perm=200,__perm_post_n=50,__perm_pre_n=500,__perm_rng_seed=0,__perm_stat=delta_fused_score,divergence=0.3,error_rate=0.5,teacher_entropy=0.2",3,0,200,0.0,0,10000,10.0,25.0,200,500,0,0,1.0,0.799901832460733,0.5018254241395316,0.0,0.37383103370666504,0.008896810933947563,0,0,35,29,-1,perm_test,0.3034825870646766,0.007297009081642845,62,29,33,0.0,0.16666666666666666,0,0.0,0.0,0.0,0.0,0,none,0,1,0,overconfident,0.95,0,mild_drift,0.9603598213789848,0.0012989929056430793,0.8004028377241419,0.8551812770596828,1768146521.8620262,0.06108847260475159,0.10659592598676682
192,12288,12287,sea_abrupt4,sea,ts_drift_adapt,3,"error_divergence_ph_meta@error.threshold=0.10,error.min_instances=5",error_divergence_ph_meta,"{""divergence"": {""alpha"": 0.1, ""delta"": 0.005, ""min_instances"": 30, ""threshold"": 0.05}, ""error_rate"": {""alpha"": 0.15, ""delta"": 0.005, ""min_instances"": 5, ""threshold"": 0.1}}","{""error_rate"": {""min_instances"": 5, ""threshold"": 0.1}}",0.1,0.005,0.15,5,0.05,0.005,0.1,30,,,,-1,two_stage,2,0.5,"__confirm_cooldown=200,__confirm_rule=perm_test,__perm_alpha=0.01,__perm_delta_k=25,__perm_min_effect=0,__perm_n_perm=200,__perm_post_n=50,__perm_pre_n=500,__perm_rng_seed=0,__perm_stat=delta_fused_score,divergence=0.3,error_rate=0.5,teacher_entropy=0.2",3,0,200,0.0,0,10000,10.0,25.0,200,500,0,0,1.0,0.7999674479166666,0.5023015085631303,0.0,0.3254714608192444,0.0074411858804523945,0,1,36,29,-1,perm_test,1.0,-0.04624267824289989,63,29,34,0.0,0.0014556250534951687,1,0.5,0.0,0.0,0.0,0,none,0,1,0,overconfident,0.95,0,mild_drift,0.9603299106894924,0.0012994964528215396,0.800201418862071,0.8550906385298414,1768146521.8719926,0.15495438873767853,0.09920546412467957
193,12352,12351,sea_abrupt4,sea,ts_drift_adapt,3,"error_divergence_ph_meta@error.threshold=0.10,error.min_instances=5",error_divergence_ph_meta,"{""divergence"": {""alpha"": 0.1, ""delta"": 0.005, ""min_instances"": 30, ""threshold"": 0.05}, ""error_rate"": {""alpha"": 0.15, ""delta"": 0.005, ""min_instances"": 5, ""threshold"": 0.1}}","{""error_rate"": {""min_instances"": 5, ""threshold"": 0.1}}",0.1,0.005,0.15,5,0.05,0.005,0.1,30,,,,-1,two_stage,2,0.5,"__confirm_cooldown=200,__confirm_rule=perm_test,__perm_alpha=0.01,__perm_delta_k=25,__perm_min_effect=0,__perm_n_perm=200,__perm_post_n=50,__perm_pre_n=500,__perm_rng_seed=0,__perm_stat=delta_fused_score,divergence=0.3,error_rate=0.5,teacher_entropy=0.2",3,0,200,0.0,0,10000,10.0,25.0,200,500,0,0,1.0,0.7998704663212435,0.5026477926732255,0.0,0.3393799960613251,0.008985783904790878,0,0,36,29,-1,perm_test,1.0,-0.02133857432956746,64,29,35,0.0,0.0015445980243384838,0,0.0,0.0,0.0,0.0,0,none,0,1,0,overconfident,0.95,0,mild_drift,0.9603149553447461,0.0012997482264107698,0.8001007094310355,0.8550453192649207,1768146521.8820455,0.10454807430505753,0.12093685567378998
194,12416,12415,sea_abrupt4,sea,ts_drift_adapt,3,"error_divergence_ph_meta@error.threshold=0.10,error.min_instances=5",error_divergence_ph_meta,"{""divergence"": {""alpha"": 0.1, ""delta"": 0.005, ""min_instances"": 30, ""threshold"": 0.05}, ""error_rate"": {""alpha"": 0.15, ""delta"": 0.005, ""min_instances"": 5, ""threshold"": 0.1}}","{""error_rate"": {""min_instances"": 5, ""threshold"": 0.1}}",0.1,0.005,0.15,5,0.05,0.005,0.1,30,,,,-1,two_stage,2,0.5,"__confirm_cooldown=200,__confirm_rule=perm_test,__perm_alpha=0.01,__perm_delta_k=25,__perm_min_effect=0,__perm_n_perm=200,__perm_post_n=50,__perm_pre_n=500,__perm_rng_seed=0,__perm_stat=delta_fused_score,divergence=0.3,error_rate=0.5,teacher_entropy=0.2",3,0,200,0.0,0,10000,10.0,25.0,200,500,0,0,1.0,0.7992912371134021,0.5017528289727884,0.3333333333333333,0.4115365743637085,0.01231781579554081,1,0,36,30,2,perm_test,0.004975124378109453,0.04487644165472823,65,30,35,0.0,0.3333333333333333,0,0.0,0.0,0.0,0.0,0,none,1,1,0,overconfident,0.95,0,stable,0.975157477672373,0.0010498741132053849,0.9000503547155178,0.9000226596324603,1768146521.8988593,0.5736109018325806,0.1287623643875122
195,12480,12479,sea_abrupt4,sea,ts_drift_adapt,3,"error_divergence_ph_meta@error.threshold=0.10,error.min_instances=5",error_divergence_ph_meta,"{""divergence"": {""alpha"": 0.1, ""delta"": 0.005, ""min_instances"": 30, ""threshold"": 0.05}, ""error_rate"": {""alpha"": 0.15, ""delta"": 0.005, ""min_instances"": 5, ""threshold"": 0.1}}","{""error_rate"": {""min_instances"": 5, ""threshold"": 0.1}}",0.1,0.005,0.15,5,0.05,0.005,0.1,30,,,,-1,two_stage,2,0.5,"__confirm_cooldown=200,__confirm_rule=perm_test,__perm_alpha=0.01,__perm_delta_k=25,__perm_min_effect=0,__perm_n_perm=200,__perm_post_n=50,__perm_pre_n=500,__perm_rng_seed=0,__perm_stat=delta_fused_score,divergence=0.3,error_rate=0.5,teacher_entropy=0.2",3,0,200,0.0,0,10000,10.0,25.0,200,500,1,136,1.0,0.7992788461538461,0.5021164636967564,0.3333333333333333,0.37009748816490173,0.009628967382013798,0,0,36,30,-1,perm_test,0.004975124378109453,0.04487644165472823,65,30,35,0.0,0.002688848413527012,0,0.0,0.0,0.0,0.0,0,none,0,1,0,overconfident,0.95,0,mild_drift,0.9677287388361865,0.0011749370566026926,0.850025177357759,0.8775113298162301,1768146521.908647,0.7190241813659668,0.08422501385211945
196,12544,12543,sea_abrupt4,sea,ts_drift_adapt,3,"error_divergence_ph_meta@error.threshold=0.10,error.min_instances=5",error_divergence_ph_meta,"{""divergence"": {""alpha"": 0.1, ""delta"": 0.005, ""min_instances"": 30, ""threshold"": 0.05}, ""error_rate"": {""alpha"": 0.15, ""delta"": 0.005, ""min_instances"": 5, ""threshold"": 0.1}}","{""error_rate"": {""min_instances"": 5, ""threshold"": 0.1}}",0.1,0.005,0.15,5,0.05,0.005,0.1,30,,,,-1,two_stage,2,0.5,"__confirm_cooldown=200,__confirm_rule=perm_test,__perm_alpha=0.01,__perm_delta_k=25,__perm_min_effect=0,__perm_n_perm=200,__perm_post_n=50,__perm_pre_n=500,__perm_rng_seed=0,__perm_stat=delta_fused_score,divergence=0.3,error_rate=0.5,teacher_entropy=0.2",3,0,200,0.0,0,10000,10.0,25.0,200,500,1,72,1.0,0.799186862244898,0.5023092178320784,0.16666666666666666,0.36476218700408936,0.011321607045829296,0,0,36,30,-1,perm_test,0.004975124378109453,0.04487644165472823,65,30,35,0.0,0.16666666666666666,0,0.0,0.0,0.0,0.0,0,none,0,1,0,overconfident,0.95,0,mild_drift,0.9640143694180932,0.0012374685283013465,0.8250125886788795,0.866255664908115,1768146521.9182782,0.2947365939617157,0.09850038588047028
197,12608,12607,sea_abrupt4,sea,ts_drift_adapt,3,"error_divergence_ph_meta@error.threshold=0.10,error.min_instances=5",error_divergence_ph_meta,"{""divergence"": {""alpha"": 0.1, ""delta"": 0.005, ""min_instances"": 30, ""threshold"": 0.05}, ""error_rate"": {""alpha"": 0.15, ""delta"": 0.005, ""min_instances"": 5, ""threshold"": 0.1}}","{""error_rate"": {""min_instances"": 5, ""threshold"": 0.1}}",0.1,0.005,0.15,5,0.05,0.005,0.1,30,,,,-1,two_stage,2,0.5,"__confirm_cooldown=200,__confirm_rule=perm_test,__perm_alpha=0.01,__perm_delta_k=25,__perm_min_effect=0,__perm_n_perm=200,__perm_post_n=50,__perm_pre_n=500,__perm_rng_seed=0,__perm_stat=delta_fused_score,divergence=0.3,error_rate=0.5,teacher_entropy=0.2",3,0,200,0.0,0,10000,10.0,25.0,200,500,1,8,1.0,0.7992544416243654,0.5033405568825395,0.3333333333333333,0.3434489965438843,0.007547538727521896,0,1,36,30,-1,perm_test,0.004975124378109453,0.04487644165472823,65,30,35,0.3333333333333333,0.16666666666666666,1,0.5,0.0,0.0,0.0,0,none,0,1,0,overconfident,0.95,0,mild_drift,0.9621571847090465,0.0012687342641506732,0.8125062943394398,0.8606278324540575,1768146521.927914,0.513116717338562,0.07550530135631561
198,12672,12671,sea_abrupt4,sea,ts_drift_adapt,3,"error_divergence_ph_meta@error.threshold=0.10,error.min_instances=5",error_divergence_ph_meta,"{""divergence"": {""alpha"": 0.1, ""delta"": 0.005, ""min_instances"": 30, ""threshold"": 0.05}, ""error_rate"": {""alpha"": 0.15, ""delta"": 0.005, ""min_instances"": 5, ""threshold"": 0.1}}","{""error_rate"": {""min_instances"": 5, ""threshold"": 0.1}}",0.1,0.005,0.15,5,0.05,0.005,0.1,30,,,,-1,two_stage,2,0.5,"__confirm_cooldown=200,__confirm_rule=perm_test,__perm_alpha=0.01,__perm_delta_k=25,__perm_min_effect=0,__perm_n_perm=200,__perm_post_n=50,__perm_pre_n=500,__perm_rng_seed=0,__perm_stat=delta_fused_score,divergence=0.3,error_rate=0.5,teacher_entropy=0.2",3,0,200,0.0,0,10000,10.0,25.0,200,500,0,0,1.0,0.7990845959595959,0.5041279390601499,0.16666666666666666,0.39770379662513733,0.014561997726559639,0,0,36,30,-1,perm_test,0.004975124378109453,0.04487644165472823,65,30,35,0.0,0.16666666666666666,0,0.0,0.0,0.0,0.0,0,none,0,1,0,overconfident,0.95,0,mild_drift,0.9612285923545232,0.0012843671320753366,0.8062531471697199,0.8578139162270287,1768146521.9378228,0.41263437271118164,0.11403755843639374
199,12736,12735,sea_abrupt4,sea,ts_drift_adapt,3,"error_divergence_ph_meta@error.threshold=0.10,error.min_instances=5",error_divergence_ph_meta,"{""divergence"": {""alpha"": 0.1, ""delta"": 0.005, ""min_instances"": 30, ""threshold"": 0.05}, ""error_rate"": {""alpha"": 0.15, ""delta"": 0.005, ""min_instances"": 5, ""threshold"": 0.1}}","{""error_rate"": {""min_instances"": 5, ""threshold"": 0.1}}",0.1,0.005,0.15,5,0.05,0.005,0.1,30,,,,-1,two_stage,2,0.5,"__confirm_cooldown=200,__confirm_rule=perm_test,__perm_alpha=0.01,__perm_delta_k=25,__perm_min_effect=0,__perm_n_perm=200,__perm_post_n=50,__perm_pre_n=500,__perm_rng_seed=0,__perm_stat=delta_fused_score,divergence=0.3,error_rate=0.5,teacher_entropy=0.2",3,0,200,0.0,0,10000,10.0,25.0,200,500,0,0,1.0,0.7990734924623115,0.5045591638746953,0.16666666666666666,0.36511167883872986,0.010963036678731441,0,0,36,30,-1,perm_test,0.004975124378109453,0.04487644165472823,65,30,35,0.0,0.0035989610478281975,0,0.0,0.0,0.0,0.0,0,none,0,1,0,overconfident,0.95,0,mild_drift,0.9607642961772616,0.0012921835660376683,0.80312657358486,0.8564069581135143,1768146521.9477432,0.27621597051620483,0.11331925541162491
200,12800,12799,sea_abrupt4,sea,ts_drift_adapt,3,"error_divergence_ph_meta@error.threshold=0.10,error.min_instances=5",error_divergence_ph_meta,"{""divergence"": {""alpha"": 0.1, ""delta"": 0.005, ""min_instances"": 30, ""threshold"": 0.05}, ""error_rate"": {""alpha"": 0.15, ""delta"": 0.005, ""min_instances"": 5, ""threshold"": 0.1}}","{""error_rate"": {""min_instances"": 5, ""threshold"": 0.1}}",0.1,0.005,0.15,5,0.05,0.005,0.1,30,,,,-1,two_stage,2,0.5,"__confirm_cooldown=200,__confirm_rule=perm_test,__perm_alpha=0.01,__perm_delta_k=25,__perm_min_effect=0,__perm_n_perm=200,__perm_post_n=50,__perm_pre_n=500,__perm_rng_seed=0,__perm_stat=delta_fused_score,divergence=0.3,error_rate=0.5,teacher_entropy=0.2",3,0,200,0.0,0,10000,10.0,25.0,200,500,0,0,1.0,0.798671875,0.5039314503333803,0.3333333333333333,0.409454345703125,0.010518494993448257,0,0,36,30,-1,perm_test,0.004975124378109453,0.04487644165472823,65,30,35,0.0,0.16666666666666666,0,0.0,0.0,0.0,0.0,0,none,0,1,0,overconfident,0.95,0,mild_drift,0.9605321480886307,0.0012960917830188343,0.80156328679243,0.8557034790567571,1768146521.9577873,0.3897501528263092,0.12440083920955658
201,12864,12863,sea_abrupt4,sea,ts_drift_adapt,3,"error_divergence_ph_meta@error.threshold=0.10,error.min_instances=5",error_divergence_ph_meta,"{""divergence"": {""alpha"": 0.1, ""delta"": 0.005, ""min_instances"": 30, ""threshold"": 0.05}, ""error_rate"": {""alpha"": 0.15, ""delta"": 0.005, ""min_instances"": 5, ""threshold"": 0.1}}","{""error_rate"": {""min_instances"": 5, ""threshold"": 0.1}}",0.1,0.005,0.15,5,0.05,0.005,0.1,30,,,,-1,two_stage,2,0.5,"__confirm_cooldown=200,__confirm_rule=perm_test,__perm_alpha=0.01,__perm_delta_k=25,__perm_min_effect=0,__perm_n_perm=200,__perm_post_n=50,__perm_pre_n=500,__perm_rng_seed=0,__perm_stat=delta_fused_score,divergence=0.3,error_rate=0.5,teacher_entropy=0.2",3,0,200,0.0,0,10000,10.0,25.0,200,500,0,0,1.0,0.798896144278607,0.5044095842672797,0.3333333333333333,0.30222004652023315,0.00734748924151063,0,0,36,30,-1,perm_test,0.004975124378109453,0.04487644165472823,65,30,35,0.0,0.003171005751937628,0,0.0,0.0,0.0,0.0,0,none,0,1,0,overconfident,0.95,0,mild_drift,0.9604160740443153,0.0012980458915094173,0.800781643396215,0.8553517395283785,1768146521.9679854,0.6088618636131287,0.11137719452381134
202,12928,12927,sea_abrupt4,sea,ts_drift_adapt,3,"error_divergence_ph_meta@error.threshold=0.10,error.min_instances=5",error_divergence_ph_meta,"{""divergence"": {""alpha"": 0.1, ""delta"": 0.005, ""min_instances"": 30, ""threshold"": 0.05}, ""error_rate"": {""alpha"": 0.15, ""delta"": 0.005, ""min_instances"": 5, ""threshold"": 0.1}}","{""error_rate"": {""min_instances"": 5, ""threshold"": 0.1}}",0.1,0.005,0.15,5,0.05,0.005,0.1,30,,,,-1,two_stage,2,0.5,"__confirm_cooldown=200,__confirm_rule=perm_test,__perm_alpha=0.01,__perm_delta_k=25,__perm_min_effect=0,__perm_n_perm=200,__perm_post_n=50,__perm_pre_n=500,__perm_rng_seed=0,__perm_stat=delta_fused_score,divergence=0.3,error_rate=0.5,teacher_entropy=0.2",3,0,200,0.0,0,10000,10.0,25.0,200,500,0,0,1.0,0.7988087871287128,0.5045507848541309,0.16666666666666666,0.36736804246902466,0.01018424890935421,0,1,37,30,-1,perm_test,1.0,-0.10373147068415403,66,30,36,0.16666666666666666,0.16666666666666666,1,0.5,0.0,0.0,0.0,0,none,0,1,0,overconfident,0.95,0,mild_drift,0.9603580370221576,0.0012990229457547089,0.8003908216981075,0.8551758697641892,1768146521.9782364,0.24604575335979462,0.12465519458055496
203,12992,12991,sea_abrupt4,sea,ts_drift_adapt,3,"error_divergence_ph_meta@error.threshold=0.10,error.min_instances=5",error_divergence_ph_meta,"{""divergence"": {""alpha"": 0.1, ""delta"": 0.005, ""min_instances"": 30, ""threshold"": 0.05}, ""error_rate"": {""alpha"": 0.15, ""delta"": 0.005, ""min_instances"": 5, ""threshold"": 0.1}}","{""error_rate"": {""min_instances"": 5, ""threshold"": 0.1}}",0.1,0.005,0.15,5,0.05,0.005,0.1,30,,,,-1,two_stage,2,0.5,"__confirm_cooldown=200,__confirm_rule=perm_test,__perm_alpha=0.01,__perm_delta_k=25,__perm_min_effect=0,__perm_n_perm=200,__perm_post_n=50,__perm_pre_n=500,__perm_rng_seed=0,__perm_stat=delta_fused_score,divergence=0.3,error_rate=0.5,teacher_entropy=0.2",3,0,200,0.0,0,10000,10.0,25.0,200,500,0,0,1.0,0.7992610837438424,0.5057900208637075,0.0,0.35692480206489563,0.01393349189311266,0,0,37,30,-1,perm_test,1.0,-0.0020664455360037935,67,30,37,0.0,0.16666666666666666,0,0.0,0.0,0.0,0.0,0,none,0,1,0,overconfident,0.95,0,mild_drift,0.9603290185110788,0.0012995114728773546,0.8001954108490538,0.8550879348820946,1768146521.9884758,0.0806514248251915,0.15754204988479614
204,13056,13055,sea_abrupt4,sea,ts_drift_adapt,3,"error_divergence_ph_meta@error.threshold=0.10,error.min_instances=5",error_divergence_ph_meta,"{""divergence"": {""alpha"": 0.1, ""delta"": 0.005, ""min_instances"": 30, ""threshold"": 0.05}, ""error_rate"": {""alpha"": 0.15, ""delta"": 0.005, ""min_instances"": 5, ""threshold"": 0.1}}","{""error_rate"": {""min_instances"": 5, ""threshold"": 0.1}}",0.1,0.005,0.15,5,0.05,0.005,0.1,30,,,,-1,two_stage,2,0.5,"__confirm_cooldown=200,__confirm_rule=perm_test,__perm_alpha=0.01,__perm_delta_k=25,__perm_min_effect=0,__perm_n_perm=200,__perm_post_n=50,__perm_pre_n=500,__perm_rng_seed=0,__perm_stat=delta_fused_score,divergence=0.3,error_rate=0.5,teacher_entropy=0.2",3,0,200,0.0,0,10000,10.0,25.0,200,500,0,0,1.0,0.7994791666666666,0.5067593688583216,0.5,0.3179740309715271,0.005457606632262468,1,0,37,31,2,perm_test,0.004975124378109453,0.09430524571036739,68,31,37,0.0,0.5,0,0.0,0.0,0.0,0.0,0,none,1,1,0,overconfident,0.95,0,stable,0.9751645092555394,0.0010497557364386773,0.9000977054245269,0.9000439674410473,1768146522.0060823,1.1048663854599,0.088407501578331
205,13120,13119,sea_abrupt4,sea,ts_drift_adapt,3,"error_divergence_ph_meta@error.threshold=0.10,error.min_instances=5",error_divergence_ph_meta,"{""divergence"": {""alpha"": 0.1, ""delta"": 0.005, ""min_instances"": 30, ""threshold"": 0.05}, ""error_rate"": {""alpha"": 0.15, ""delta"": 0.005, ""min_instances"": 5, ""threshold"": 0.1}}","{""error_rate"": {""min_instances"": 5, ""threshold"": 0.1}}",0.1,0.005,0.15,5,0.05,0.005,0.1,30,,,,-1,two_stage,2,0.5,"__confirm_cooldown=200,__confirm_rule=perm_test,__perm_alpha=0.01,__perm_delta_k=25,__perm_min_effect=0,__perm_n_perm=200,__perm_post_n=50,__perm_pre_n=500,__perm_rng_seed=0,__perm_stat=delta_fused_score,divergence=0.3,error_rate=0.5,teacher_entropy=0.2",3,0,200,0.0,0,10000,10.0,25.0,200,500,1,136,1.0,0.7996189024390243,0.5077509732957333,0.16666666666666666,0.36826908588409424,0.008770404383540154,0,0,37,31,-1,perm_test,0.004975124378109453,0.09430524571036739,68,31,37,0.0,0.33333333333333337,0,0.0,0.0,0.0,0.0,0,none,0,1,0,overconfident,0.95,0,mild_drift,0.9677322546277697,0.0011748778682193388,0.8500488527122635,0.8775219837205237,1768146522.0160382,0.38036516308784485,0.09170568734407425
206,13184,13183,sea_abrupt4,sea,ts_drift_adapt,3,"error_divergence_ph_meta@error.threshold=0.10,error.min_instances=5",error_divergence_ph_meta,"{""divergence"": {""alpha"": 0.1, ""delta"": 0.005, ""min_instances"": 30, ""threshold"": 0.05}, ""error_rate"": {""alpha"": 0.15, ""delta"": 0.005, ""min_instances"": 5, ""threshold"": 0.1}}","{""error_rate"": {""min_instances"": 5, ""threshold"": 0.1}}",0.1,0.005,0.15,5,0.05,0.005,0.1,30,,,,-1,two_stage,2,0.5,"__confirm_cooldown=200,__confirm_rule=perm_test,__perm_alpha=0.01,__perm_delta_k=25,__perm_min_effect=0,__perm_n_perm=200,__perm_post_n=50,__perm_pre_n=500,__perm_rng_seed=0,__perm_stat=delta_fused_score,divergence=0.3,error_rate=0.5,teacher_entropy=0.2",3,0,200,0.0,0,10000,10.0,25.0,200,500,1,72,1.0,0.7996055825242718,0.5080255856263548,0.3333333333333333,0.3881687819957733,0.017424022778868675,0,0,37,31,-1,perm_test,0.004975124378109453,0.09430524571036739,68,31,37,0.0,0.16666666666666666,0,0.0,0.0,0.0,0.0,0,none,0,1,0,overconfident,0.95,0,mild_drift,0.9640161273138848,0.0012374389341096694,0.8250244263561317,0.8662609918602618,1768146522.026111,0.383162260055542,0.16600045561790466
207,13248,13247,sea_abrupt4,sea,ts_drift_adapt,3,"error_divergence_ph_meta@error.threshold=0.10,error.min_instances=5",error_divergence_ph_meta,"{""divergence"": {""alpha"": 0.1, ""delta"": 0.005, ""min_instances"": 30, ""threshold"": 0.05}, ""error_rate"": {""alpha"": 0.15, ""delta"": 0.005, ""min_instances"": 5, ""threshold"": 0.1}}","{""error_rate"": {""min_instances"": 5, ""threshold"": 0.1}}",0.1,0.005,0.15,5,0.05,0.005,0.1,30,,,,-1,two_stage,2,0.5,"__confirm_cooldown=200,__confirm_rule=perm_test,__perm_alpha=0.01,__perm_delta_k=25,__perm_min_effect=0,__perm_n_perm=200,__perm_post_n=50,__perm_pre_n=500,__perm_rng_seed=0,__perm_stat=delta_fused_score,divergence=0.3,error_rate=0.5,teacher_entropy=0.2",3,0,200,0.0,0,10000,10.0,25.0,200,500,1,8,1.0,0.799441425120773,0.5081730058251426,0.3333333333333333,0.3564048111438751,0.014400385320186615,0,1,37,31,-1,perm_test,0.004975124378109453,0.09430524571036739,68,31,37,0.16666666666666666,0.0030236374586820602,1,0.5,0.0,0.0,0.0,0,none,0,1,0,overconfident,0.95,0,mild_drift,0.9621580636569423,0.0012687194670548347,0.8125122131780659,0.860630495930131,1768146522.036053,0.4414622485637665,0.14437539875507355
208,13312,13311,sea_abrupt4,sea,ts_drift_adapt,3,"error_divergence_ph_meta@error.threshold=0.10,error.min_instances=5",error_divergence_ph_meta,"{""divergence"": {""alpha"": 0.1, ""delta"": 0.005, ""min_instances"": 30, ""threshold"": 0.05}, ""error_rate"": {""alpha"": 0.15, ""delta"": 0.005, ""min_instances"": 5, ""threshold"": 0.1}}","{""error_rate"": {""min_instances"": 5, ""threshold"": 0.1}}",0.1,0.005,0.15,5,0.05,0.005,0.1,30,,,,-1,two_stage,2,0.5,"__confirm_cooldown=200,__confirm_rule=perm_test,__perm_alpha=0.01,__perm_delta_k=25,__perm_min_effect=0,__perm_n_perm=200,__perm_post_n=50,__perm_pre_n=500,__perm_rng_seed=0,__perm_stat=delta_fused_score,divergence=0.3,error_rate=0.5,teacher_entropy=0.2",3,0,200,0.0,0,10000,10.0,25.0,200,500,0,0,1.0,0.7999549278846154,0.5091628385827879,0.0,0.32856470346450806,0.015782948583364487,0,0,37,31,-1,perm_test,0.004975124378109453,0.09430524571036739,68,31,37,0.0,0.3333333333333333,0,0.0,0.0,0.0,0.0,0,none,0,1,0,overconfident,0.95,0,mild_drift,0.9612290318284711,0.0012843597335274173,0.806256106589033,0.8578152479650655,1768146522.0474048,0.19287200272083282,0.17480874061584473
209,13376,13375,sea_abrupt4,sea,ts_drift_adapt,3,"error_divergence_ph_meta@error.threshold=0.10,error.min_instances=5",error_divergence_ph_meta,"{""divergence"": {""alpha"": 0.1, ""delta"": 0.005, ""min_instances"": 30, ""threshold"": 0.05}, ""error_rate"": {""alpha"": 0.15, ""delta"": 0.005, ""min_instances"": 5, ""threshold"": 0.1}}","{""error_rate"": {""min_instances"": 5, ""threshold"": 0.1}}",0.1,0.005,0.15,5,0.05,0.005,0.1,30,,,,-1,two_stage,2,0.5,"__confirm_cooldown=200,__confirm_rule=perm_test,__perm_alpha=0.01,__perm_delta_k=25,__perm_min_effect=0,__perm_n_perm=200,__perm_post_n=50,__perm_pre_n=500,__perm_rng_seed=0,__perm_stat=delta_fused_score,divergence=0.3,error_rate=0.5,teacher_entropy=0.2",3,0,200,0.0,0,10000,10.0,25.0,200,500,0,0,1.0,0.8003887559808612,0.5104509377365231,0.0,0.3529829680919647,0.01837472803890705,0,0,37,31,-1,perm_test,0.004975124378109453,0.09430524571036739,68,31,37,0.0,0.0025917794555425644,0,0.0,0.0,0.0,0.0,0,none,0,1,0,overconfident,0.95,0,mild_drift,0.9607645159142355,0.0012921798667637086,0.8031280532945165,0.8564076239825327,1768146522.0601103,0.2108113318681717,0.20341207087039948
210,13440,13439,sea_abrupt4,sea,ts_drift_adapt,3,"error_divergence_ph_meta@error.threshold=0.10,error.min_instances=5",error_divergence_ph_meta,"{""divergence"": {""alpha"": 0.1, ""delta"": 0.005, ""min_instances"": 30, ""threshold"": 0.05}, ""error_rate"": {""alpha"": 0.15, ""delta"": 0.005, ""min_instances"": 5, ""threshold"": 0.1}}","{""error_rate"": {""min_instances"": 5, ""threshold"": 0.1}}",0.1,0.005,0.15,5,0.05,0.005,0.1,30,,,,-1,two_stage,2,0.5,"__confirm_cooldown=200,__confirm_rule=perm_test,__perm_alpha=0.01,__perm_delta_k=25,__perm_min_effect=0,__perm_n_perm=200,__perm_post_n=50,__perm_pre_n=500,__perm_rng_seed=0,__perm_stat=delta_fused_score,divergence=0.3,error_rate=0.5,teacher_entropy=0.2",3,0,200,0.0,0,10000,10.0,25.0,200,500,0,0,1.0,0.8008184523809524,0.5116453806377192,0.0,0.33604875206947327,0.01806299202144146,0,0,37,31,-1,perm_test,0.004975124378109453,0.09430524571036739,68,31,37,0.0,0.00031173601746559143,0,0.0,0.0,0.0,0.0,0,none,0,1,0,overconfident,0.95,0,mild_drift,0.9605322579571177,0.0012960899333818543,0.8015640266472583,0.8557038119912663,1768146522.0707395,0.21846868097782135,0.21836461126804352
211,13504,13503,sea_abrupt4,sea,ts_drift_adapt,3,"error_divergence_ph_meta@error.threshold=0.10,error.min_instances=5",error_divergence_ph_meta,"{""divergence"": {""alpha"": 0.1, ""delta"": 0.005, ""min_instances"": 30, ""threshold"": 0.05}, ""error_rate"": {""alpha"": 0.15, ""delta"": 0.005, ""min_instances"": 5, ""threshold"": 0.1}}","{""error_rate"": {""min_instances"": 5, ""threshold"": 0.1}}",0.1,0.005,0.15,5,0.05,0.005,0.1,30,,,,-1,two_stage,2,0.5,"__confirm_cooldown=200,__confirm_rule=perm_test,__perm_alpha=0.01,__perm_delta_k=25,__perm_min_effect=0,__perm_n_perm=200,__perm_post_n=50,__perm_pre_n=500,__perm_rng_seed=0,__perm_stat=delta_fused_score,divergence=0.3,error_rate=0.5,teacher_entropy=0.2",3,0,200,0.0,0,10000,10.0,25.0,200,500,0,0,1.0,0.8006516587677726,0.511766944338874,0.0,0.36456722021102905,0.016671176999807358,0,0,37,31,-1,perm_test,0.004975124378109453,0.09430524571036739,68,31,37,0.0,0.0013918150216341019,0,0.0,0.0,0.0,0.0,0,none,0,1,0,overconfident,0.95,0,mild_drift,0.9604161289785589,0.0012980449666909273,0.8007820133236292,0.8553519059956332,1768146522.0809767,0.1094759926199913,0.21907851099967957
212,13568,13567,sea_abrupt4,sea,ts_drift_adapt,3,"error_divergence_ph_meta@error.threshold=0.10,error.min_instances=5",error_divergence_ph_meta,"{""divergence"": {""alpha"": 0.1, ""delta"": 0.005, ""min_instances"": 30, ""threshold"": 0.05}, ""error_rate"": {""alpha"": 0.15, ""delta"": 0.005, ""min_instances"": 5, ""threshold"": 0.1}}","{""error_rate"": {""min_instances"": 5, ""threshold"": 0.1}}",0.1,0.005,0.15,5,0.05,0.005,0.1,30,,,,-1,two_stage,2,0.5,"__confirm_cooldown=200,__confirm_rule=perm_test,__perm_alpha=0.01,__perm_delta_k=25,__perm_min_effect=0,__perm_n_perm=200,__perm_post_n=50,__perm_pre_n=500,__perm_rng_seed=0,__perm_stat=delta_fused_score,divergence=0.3,error_rate=0.5,teacher_entropy=0.2",3,0,200,0.0,0,10000,10.0,25.0,200,500,0,0,1.0,0.8007075471698113,0.5127929998329934,0.0,0.3721901774406433,0.015406541526317596,0,0,37,31,-1,perm_test,0.004975124378109453,0.09430524571036739,68,31,37,0.0,0.0012646354734897614,0,0.0,0.0,0.0,0.0,0,none,0,1,0,overconfident,0.95,0,mild_drift,0.9603580644892794,0.0012990224833454639,0.8003910066618146,0.8551759529978166,1768146522.0911734,0.16959762573242188,0.18294228613376617
213,13632,13631,sea_abrupt4,sea,ts_drift_adapt,3,"error_divergence_ph_meta@error.threshold=0.10,error.min_instances=5",error_divergence_ph_meta,"{""divergence"": {""alpha"": 0.1, ""delta"": 0.005, ""min_instances"": 30, ""threshold"": 0.05}, ""error_rate"": {""alpha"": 0.15, ""delta"": 0.005, ""min_instances"": 5, ""threshold"": 0.1}}","{""error_rate"": {""min_instances"": 5, ""threshold"": 0.1}}",0.1,0.005,0.15,5,0.05,0.005,0.1,30,,,,-1,two_stage,2,0.5,"__confirm_cooldown=200,__confirm_rule=perm_test,__perm_alpha=0.01,__perm_delta_k=25,__perm_min_effect=0,__perm_n_perm=200,__perm_post_n=50,__perm_pre_n=500,__perm_rng_seed=0,__perm_stat=delta_fused_score,divergence=0.3,error_rate=0.5,teacher_entropy=0.2",3,0,200,0.0,0,10000,10.0,25.0,200,500,0,0,1.0,0.8009829812206573,0.5139545027042147,0.16666666666666666,0.30213791131973267,0.009722850285470486,1,1,38,32,0,perm_test,0.004975124378109453,0.051827315589995177,69,32,37,0.16666666666666666,0.16666666666666666,1,0.5,0.0,0.0,0.0,0,none,1,1,0,overconfident,0.95,0,severe_drift,0.9256790322446398,0.001649511241672732,0.6501955033309073,0.8325879764989084,1768146522.108812,0.19964663684368134,0.11550672352313995
214,13696,13695,sea_abrupt4,sea,ts_drift_adapt,3,"error_divergence_ph_meta@error.threshold=0.10,error.min_instances=5",error_divergence_ph_meta,"{""divergence"": {""alpha"": 0.1, ""delta"": 0.005, ""min_instances"": 30, ""threshold"": 0.05}, ""error_rate"": {""alpha"": 0.15, ""delta"": 0.005, ""min_instances"": 5, ""threshold"": 0.1}}","{""error_rate"": {""min_instances"": 5, ""threshold"": 0.1}}",0.1,0.005,0.15,5,0.05,0.005,0.1,30,,,,-1,two_stage,2,0.5,"__confirm_cooldown=200,__confirm_rule=perm_test,__perm_alpha=0.01,__perm_delta_k=25,__perm_min_effect=0,__perm_n_perm=200,__perm_post_n=50,__perm_pre_n=500,__perm_rng_seed=0,__perm_stat=delta_fused_score,divergence=0.3,error_rate=0.5,teacher_entropy=0.2",3,0,200,0.0,0,10000,10.0,25.0,200,500,1,136,1.0,0.8011098130841121,0.5144065867399128,0.3333333333333333,0.3582442104816437,0.009108822792768478,0,0,38,32,-1,perm_test,0.004975124378109453,0.051827315589995177,69,32,37,0.0,0.16666666666666666,0,0.0,0.0,0.0,0.0,0,none,0,1,0,overconfident,0.95,0,mild_drift,0.9429895161223198,0.0014747556208363662,0.7250977516654536,0.8437939882494542,1768146522.1187584,0.4336812496185303,0.10684666037559509
215,13760,13759,sea_abrupt4,sea,ts_drift_adapt,3,"error_divergence_ph_meta@error.threshold=0.10,error.min_instances=5",error_divergence_ph_meta,"{""divergence"": {""alpha"": 0.1, ""delta"": 0.005, ""min_instances"": 30, ""threshold"": 0.05}, ""error_rate"": {""alpha"": 0.15, ""delta"": 0.005, ""min_instances"": 5, ""threshold"": 0.1}}","{""error_rate"": {""min_instances"": 5, ""threshold"": 0.1}}",0.1,0.005,0.15,5,0.05,0.005,0.1,30,,,,-1,two_stage,2,0.5,"__confirm_cooldown=200,__confirm_rule=perm_test,__perm_alpha=0.01,__perm_delta_k=25,__perm_min_effect=0,__perm_n_perm=200,__perm_post_n=50,__perm_pre_n=500,__perm_rng_seed=0,__perm_stat=delta_fused_score,divergence=0.3,error_rate=0.5,teacher_entropy=0.2",3,0,200,0.0,0,10000,10.0,25.0,200,500,1,72,1.0,0.8008720930232558,0.5146309998860935,0.16666666666666666,0.3474508821964264,0.006842583417892456,0,0,38,32,-1,perm_test,0.004975124378109453,0.051827315589995177,69,32,37,0.0,0.16666666666666666,0,0.0,0.0,0.0,0.0,0,none,0,1,0,overconfident,0.95,0,mild_drift,0.9516447580611599,0.001387377810418183,0.7625488758327268,0.849396994124727,1768146522.1286888,0.3722141683101654,0.10509844869375229
216,13824,13823,sea_abrupt4,sea,ts_drift_adapt,3,"error_divergence_ph_meta@error.threshold=0.10,error.min_instances=5",error_divergence_ph_meta,"{""divergence"": {""alpha"": 0.1, ""delta"": 0.005, ""min_instances"": 30, ""threshold"": 0.05}, ""error_rate"": {""alpha"": 0.15, ""delta"": 0.005, ""min_instances"": 5, ""threshold"": 0.1}}","{""error_rate"": {""min_instances"": 5, ""threshold"": 0.1}}",0.1,0.005,0.15,5,0.05,0.005,0.1,30,,,,-1,two_stage,2,0.5,"__confirm_cooldown=200,__confirm_rule=perm_test,__perm_alpha=0.01,__perm_delta_k=25,__perm_min_effect=0,__perm_n_perm=200,__perm_post_n=50,__perm_pre_n=500,__perm_rng_seed=0,__perm_stat=delta_fused_score,divergence=0.3,error_rate=0.5,teacher_entropy=0.2",3,0,200,0.0,0,10000,10.0,25.0,200,500,1,8,1.0,0.8007089120370371,0.5145740261252543,0.3333333333333333,0.3607521653175354,0.012187862768769264,0,0,38,32,-1,perm_test,0.004975124378109453,0.051827315589995177,69,32,37,0.0,0.16666666666666666,0,0.0,0.0,0.0,0.0,0,none,0,1,0,overconfident,0.95,0,mild_drift,0.9559723790305799,0.0013436889052090917,0.7812744379163634,0.8521984970623635,1768146522.1385448,0.5284085869789124,0.11568953096866608
217,13888,13887,sea_abrupt4,sea,ts_drift_adapt,3,"error_divergence_ph_meta@error.threshold=0.10,error.min_instances=5",error_divergence_ph_meta,"{""divergence"": {""alpha"": 0.1, ""delta"": 0.005, ""min_instances"": 30, ""threshold"": 0.05}, ""error_rate"": {""alpha"": 0.15, ""delta"": 0.005, ""min_instances"": 5, ""threshold"": 0.1}}","{""error_rate"": {""min_instances"": 5, ""threshold"": 0.1}}",0.1,0.005,0.15,5,0.05,0.005,0.1,30,,,,-1,two_stage,2,0.5,"__confirm_cooldown=200,__confirm_rule=perm_test,__perm_alpha=0.01,__perm_delta_k=25,__perm_min_effect=0,__perm_n_perm=200,__perm_post_n=50,__perm_pre_n=500,__perm_rng_seed=0,__perm_stat=delta_fused_score,divergence=0.3,error_rate=0.5,teacher_entropy=0.2",3,0,200,0.0,0,10000,10.0,25.0,200,500,0,0,1.0,0.8008352534562212,0.5148869446698559,0.16666666666666666,0.30539536476135254,0.0075507210567593575,0,0,38,32,-1,perm_test,0.004975124378109453,0.051827315589995177,69,32,37,0.0,0.16666666666666666,0,0.0,0.0,0.0,0.0,0,none,0,1,0,overconfident,0.95,0,mild_drift,0.9581361895152899,0.0013218444526045458,0.7906372189581817,0.8535992485311817,1768146522.1486907,0.2993728518486023,0.0833113044500351
218,13952,13951,sea_abrupt4,sea,ts_drift_adapt,3,"error_divergence_ph_meta@error.threshold=0.10,error.min_instances=5",error_divergence_ph_meta,"{""divergence"": {""alpha"": 0.1, ""delta"": 0.005, ""min_instances"": 30, ""threshold"": 0.05}, ""error_rate"": {""alpha"": 0.15, ""delta"": 0.005, ""min_instances"": 5, ""threshold"": 0.1}}","{""error_rate"": {""min_instances"": 5, ""threshold"": 0.1}}",0.1,0.005,0.15,5,0.05,0.005,0.1,30,,,,-1,two_stage,2,0.5,"__confirm_cooldown=200,__confirm_rule=perm_test,__perm_alpha=0.01,__perm_delta_k=25,__perm_min_effect=0,__perm_n_perm=200,__perm_post_n=50,__perm_pre_n=500,__perm_rng_seed=0,__perm_stat=delta_fused_score,divergence=0.3,error_rate=0.5,teacher_entropy=0.2",3,0,200,0.0,0,10000,10.0,25.0,200,500,0,0,1.0,0.8010321100917431,0.5156811350523132,0.16666666666666666,0.3233998715877533,0.013028095476329327,0,1,39,32,-1,perm_test,1.0,-0.005351249470114613,70,32,38,0.0,0.005477374419569969,1,0.5,0.0,0.0,0.0,0,none,0,1,0,overconfident,0.95,0,mild_drift,0.959218094757645,0.0013109222263022729,0.7953186094790909,0.8542996242655909,1768146522.1589687,0.6275521516799927,0.11049758642911911
219,14016,14015,sea_abrupt4,sea,ts_drift_adapt,3,"error_divergence_ph_meta@error.threshold=0.10,error.min_instances=5",error_divergence_ph_meta,"{""divergence"": {""alpha"": 0.1, ""delta"": 0.005, ""min_instances"": 30, ""threshold"": 0.05}, ""error_rate"": {""alpha"": 0.15, ""delta"": 0.005, ""min_instances"": 5, ""threshold"": 0.1}}","{""error_rate"": {""min_instances"": 5, ""threshold"": 0.1}}",0.1,0.005,0.15,5,0.05,0.005,0.1,30,,,,-1,two_stage,2,0.5,"__confirm_cooldown=200,__confirm_rule=perm_test,__perm_alpha=0.01,__perm_delta_k=25,__perm_min_effect=0,__perm_n_perm=200,__perm_post_n=50,__perm_pre_n=500,__perm_rng_seed=0,__perm_stat=delta_fused_score,divergence=0.3,error_rate=0.5,teacher_entropy=0.2",3,0,200,0.0,0,10000,10.0,25.0,200,500,0,0,1.0,0.8012271689497716,0.5165347433155301,0.16666666666666666,0.3349613845348358,0.012907866388559341,1,0,39,33,1,perm_test,0.004975124378109453,0.03256293151399181,71,33,38,0.0,0.0001202290877699852,0,0.0,0.0,0.0,0.0,0,none,1,1,0,overconfident,0.95,0,stable,0.9746090473788225,0.0010554611131511364,0.8976593047395455,0.8996498121327955,1768146522.1765063,0.637650728225708,0.12343189865350723
220,14080,14079,sea_abrupt4,sea,ts_drift_adapt,3,"error_divergence_ph_meta@error.threshold=0.10,error.min_instances=5",error_divergence_ph_meta,"{""divergence"": {""alpha"": 0.1, ""delta"": 0.005, ""min_instances"": 30, ""threshold"": 0.05}, ""error_rate"": {""alpha"": 0.15, ""delta"": 0.005, ""min_instances"": 5, ""threshold"": 0.1}}","{""error_rate"": {""min_instances"": 5, ""threshold"": 0.1}}",0.1,0.005,0.15,5,0.05,0.005,0.1,30,,,,-1,two_stage,2,0.5,"__confirm_cooldown=200,__confirm_rule=perm_test,__perm_alpha=0.01,__perm_delta_k=25,__perm_min_effect=0,__perm_n_perm=200,__perm_post_n=50,__perm_pre_n=500,__perm_rng_seed=0,__perm_stat=delta_fused_score,divergence=0.3,error_rate=0.5,teacher_entropy=0.2",3,0,200,0.0,0,10000,10.0,25.0,200,500,1,136,1.0,0.8009943181818182,0.5164167583197748,0.16666666666666666,0.3917742967605591,0.012370096519589424,0,0,39,33,-1,perm_test,0.004975124378109453,0.03256293151399181,71,33,38,0.0,0.0005377698689699173,0,0.0,0.0,0.0,0.0,0,none,0,1,0,overconfident,0.95,0,mild_drift,0.9674545236894112,0.0011777305565755683,0.8488296523697727,0.8773249060663977,1768146522.1865106,0.5104160904884338,0.11084169894456863
221,14144,14143,sea_abrupt4,sea,ts_drift_adapt,3,"error_divergence_ph_meta@error.threshold=0.10,error.min_instances=5",error_divergence_ph_meta,"{""divergence"": {""alpha"": 0.1, ""delta"": 0.005, ""min_instances"": 30, ""threshold"": 0.05}, ""error_rate"": {""alpha"": 0.15, ""delta"": 0.005, ""min_instances"": 5, ""threshold"": 0.1}}","{""error_rate"": {""min_instances"": 5, ""threshold"": 0.1}}",0.1,0.005,0.15,5,0.05,0.005,0.1,30,,,,-1,two_stage,2,0.5,"__confirm_cooldown=200,__confirm_rule=perm_test,__perm_alpha=0.01,__perm_delta_k=25,__perm_min_effect=0,__perm_n_perm=200,__perm_post_n=50,__perm_pre_n=500,__perm_rng_seed=0,__perm_stat=delta_fused_score,divergence=0.3,error_rate=0.5,teacher_entropy=0.2",3,0,200,0.0,0,10000,10.0,25.0,200,500,1,72,1.0,0.801329185520362,0.5177735630019472,0.0,0.3428945243358612,0.009100796654820442,0,0,39,33,-1,perm_test,0.004975124378109453,0.03256293151399181,71,33,38,0.0,0.16666666666666666,0,0.0,0.0,0.0,0.0,0,none,0,1,0,overconfident,0.95,0,mild_drift,0.9638772618447056,0.0012388652782877843,0.8244148261848864,0.8661624530331988,1768146522.196586,0.13299162685871124,0.12019892036914825
222,14208,14207,sea_abrupt4,sea,ts_drift_adapt,3,"error_divergence_ph_meta@error.threshold=0.10,error.min_instances=5",error_divergence_ph_meta,"{""divergence"": {""alpha"": 0.1, ""delta"": 0.005, ""min_instances"": 30, ""threshold"": 0.05}, ""error_rate"": {""alpha"": 0.15, ""delta"": 0.005, ""min_instances"": 5, ""threshold"": 0.1}}","{""error_rate"": {""min_instances"": 5, ""threshold"": 0.1}}",0.1,0.005,0.15,5,0.05,0.005,0.1,30,,,,-1,two_stage,2,0.5,"__confirm_cooldown=200,__confirm_rule=perm_test,__perm_alpha=0.01,__perm_delta_k=25,__perm_min_effect=0,__perm_n_perm=200,__perm_post_n=50,__perm_pre_n=500,__perm_rng_seed=0,__perm_stat=delta_fused_score,divergence=0.3,error_rate=0.5,teacher_entropy=0.2",3,0,200,0.0,0,10000,10.0,25.0,200,500,1,8,1.0,0.8015202702702703,0.5185054356114153,0.16666666666666666,0.33188873529434204,0.010208791121840477,0,0,39,33,-1,perm_test,0.004975124378109453,0.03256293151399181,71,33,38,0.0,0.16666666666666666,0,0.0,0.0,0.0,0.0,0,none,0,1,0,overconfident,0.95,0,mild_drift,0.9620886309223527,0.0012694326391438924,0.8122074130924433,0.8605812265165994,1768146522.2064905,0.329505056142807,0.12790334224700928
223,14272,14271,sea_abrupt4,sea,ts_drift_adapt,3,"error_divergence_ph_meta@error.threshold=0.10,error.min_instances=5",error_divergence_ph_meta,"{""divergence"": {""alpha"": 0.1, ""delta"": 0.005, ""min_instances"": 30, ""threshold"": 0.05}, ""error_rate"": {""alpha"": 0.15, ""delta"": 0.005, ""min_instances"": 5, ""threshold"": 0.1}}","{""error_rate"": {""min_instances"": 5, ""threshold"": 0.1}}",0.1,0.005,0.15,5,0.05,0.005,0.1,30,,,,-1,two_stage,2,0.5,"__confirm_cooldown=200,__confirm_rule=perm_test,__perm_alpha=0.01,__perm_delta_k=25,__perm_min_effect=0,__perm_n_perm=200,__perm_post_n=50,__perm_pre_n=500,__perm_rng_seed=0,__perm_stat=delta_fused_score,divergence=0.3,error_rate=0.5,teacher_entropy=0.2",3,0,200,0.0,0,10000,10.0,25.0,200,500,0,0,1.0,0.8020599775784754,0.5205111629954267,0.16666666666666666,0.3404945135116577,0.00881832093000412,1,1,40,34,0,perm_test,0.004975124378109453,0.014593498630266667,72,34,38,0.0,0.0013904701918363571,1,0.5,0.0,0.0,0.0,0,none,1,1,0,overconfident,0.95,0,stable,0.9760443154611764,0.0010347163195719461,0.9061037065462216,0.9027906132582997,1768146522.2253966,0.4126383364200592,0.11978483200073242
224,14336,14335,sea_abrupt4,sea,ts_drift_adapt,3,"error_divergence_ph_meta@error.threshold=0.10,error.min_instances=5",error_divergence_ph_meta,"{""divergence"": {""alpha"": 0.1, ""delta"": 0.005, ""min_instances"": 30, ""threshold"": 0.05}, ""error_rate"": {""alpha"": 0.15, ""delta"": 0.005, ""min_instances"": 5, ""threshold"": 0.1}}","{""error_rate"": {""min_instances"": 5, ""threshold"": 0.1}}",0.1,0.005,0.15,5,0.05,0.005,0.1,30,,,,-1,two_stage,2,0.5,"__confirm_cooldown=200,__confirm_rule=perm_test,__perm_alpha=0.01,__perm_delta_k=25,__perm_min_effect=0,__perm_n_perm=200,__perm_post_n=50,__perm_pre_n=500,__perm_rng_seed=0,__perm_stat=delta_fused_score,divergence=0.3,error_rate=0.5,teacher_entropy=0.2",3,0,200,0.0,0,10000,10.0,25.0,200,500,1,136,1.0,0.8021065848214286,0.5212363335183039,0.3333333333333333,0.2878309488296509,0.01581578701734543,0,0,40,34,-1,perm_test,0.004975124378109453,0.014593498630266667,72,34,38,0.0,0.16666666666666666,0,0.0,0.0,0.0,0.0,0,none,0,1,0,overconfident,0.95,0,mild_drift,0.9681721577305882,0.0011673581597859731,0.8530518532731108,0.8788953066291498,1768146522.2349794,0.521616518497467,0.1386323869228363
225,14400,14399,sea_abrupt4,sea,ts_drift_adapt,3,"error_divergence_ph_meta@error.threshold=0.10,error.min_instances=5",error_divergence_ph_meta,"{""divergence"": {""alpha"": 0.1, ""delta"": 0.005, ""min_instances"": 30, ""threshold"": 0.05}, ""error_rate"": {""alpha"": 0.15, ""delta"": 0.005, ""min_instances"": 5, ""threshold"": 0.1}}","{""error_rate"": {""min_instances"": 5, ""threshold"": 0.1}}",0.1,0.005,0.15,5,0.05,0.005,0.1,30,,,,-1,two_stage,2,0.5,"__confirm_cooldown=200,__confirm_rule=perm_test,__perm_alpha=0.01,__perm_delta_k=25,__perm_min_effect=0,__perm_n_perm=200,__perm_post_n=50,__perm_pre_n=500,__perm_rng_seed=0,__perm_stat=delta_fused_score,divergence=0.3,error_rate=0.5,teacher_entropy=0.2",3,0,200,0.0,0,10000,10.0,25.0,200,500,1,72,1.0,0.8023611111111111,0.5219945223640275,0.16666666666666666,0.31358712911605835,0.01699186861515045,0,0,40,34,-1,perm_test,0.004975124378109453,0.014593498630266667,72,34,38,0.0,0.16666666666666666,0,0.0,0.0,0.0,0.0,0,none,0,1,0,overconfident,0.95,0,mild_drift,0.964236078865294,0.0012336790798929867,0.8265259266365554,0.8669476533145749,1768146522.2444096,0.21981464326381683,0.17330724000930786
226,14464,14463,sea_abrupt4,sea,ts_drift_adapt,3,"error_divergence_ph_meta@error.threshold=0.10,error.min_instances=5",error_divergence_ph_meta,"{""divergence"": {""alpha"": 0.1, ""delta"": 0.005, ""min_instances"": 30, ""threshold"": 0.05}, ""error_rate"": {""alpha"": 0.15, ""delta"": 0.005, ""min_instances"": 5, ""threshold"": 0.1}}","{""error_rate"": {""min_instances"": 5, ""threshold"": 0.1}}",0.1,0.005,0.15,5,0.05,0.005,0.1,30,,,,-1,two_stage,2,0.5,"__confirm_cooldown=200,__confirm_rule=perm_test,__perm_alpha=0.01,__perm_delta_k=25,__perm_min_effect=0,__perm_n_perm=200,__perm_post_n=50,__perm_pre_n=500,__perm_rng_seed=0,__perm_stat=delta_fused_score,divergence=0.3,error_rate=0.5,teacher_entropy=0.2",3,0,200,0.0,0,10000,10.0,25.0,200,500,1,8,1.0,0.8026133849557522,0.5228578686152761,0.0,0.34942251443862915,0.015422218479216099,0,0,40,34,-1,perm_test,0.004975124378109453,0.014593498630266667,72,34,38,0.0,0.16666666666666666,0,0.0,0.0,0.0,0.0,0,none,0,1,0,overconfident,0.95,0,mild_drift,0.962268039432647,0.0012668395399464934,0.8132629633182777,0.8609738266572875,1768146522.2539256,0.0981123149394989,0.17168161273002625
227,14528,14527,sea_abrupt4,sea,ts_drift_adapt,3,"error_divergence_ph_meta@error.threshold=0.10,error.min_instances=5",error_divergence_ph_meta,"{""divergence"": {""alpha"": 0.1, ""delta"": 0.005, ""min_instances"": 30, ""threshold"": 0.05}, ""error_rate"": {""alpha"": 0.15, ""delta"": 0.005, ""min_instances"": 5, ""threshold"": 0.1}}","{""error_rate"": {""min_instances"": 5, ""threshold"": 0.1}}",0.1,0.005,0.15,5,0.05,0.005,0.1,30,,,,-1,two_stage,2,0.5,"__confirm_cooldown=200,__confirm_rule=perm_test,__perm_alpha=0.01,__perm_delta_k=25,__perm_min_effect=0,__perm_n_perm=200,__perm_post_n=50,__perm_pre_n=500,__perm_rng_seed=0,__perm_stat=delta_fused_score,divergence=0.3,error_rate=0.5,teacher_entropy=0.2",3,0,200,0.0,0,10000,10.0,25.0,200,500,0,0,1.0,0.8027257709251101,0.5234488832527106,0.16666666666666666,0.31728070974349976,0.015836255624890327,0,0,40,34,-1,perm_test,0.004975124378109453,0.014593498630266667,72,34,38,0.0,0.16666666666666666,0,0.0,0.0,0.0,0.0,0,none,0,1,0,overconfident,0.95,0,mild_drift,0.9612840197163235,0.0012834197699732467,0.8066314816591389,0.8579869133286437,1768146522.2635381,0.2700314223766327,0.2051629275083542
228,14592,14591,sea_abrupt4,sea,ts_drift_adapt,3,"error_divergence_ph_meta@error.threshold=0.10,error.min_instances=5",error_divergence_ph_meta,"{""divergence"": {""alpha"": 0.1, ""delta"": 0.005, ""min_instances"": 30, ""threshold"": 0.05}, ""error_rate"": {""alpha"": 0.15, ""delta"": 0.005, ""min_instances"": 5, ""threshold"": 0.1}}","{""error_rate"": {""min_instances"": 5, ""threshold"": 0.1}}",0.1,0.005,0.15,5,0.05,0.005,0.1,30,,,,-1,two_stage,2,0.5,"__confirm_cooldown=200,__confirm_rule=perm_test,__perm_alpha=0.01,__perm_delta_k=25,__perm_min_effect=0,__perm_n_perm=200,__perm_post_n=50,__perm_pre_n=500,__perm_rng_seed=0,__perm_stat=delta_fused_score,divergence=0.3,error_rate=0.5,teacher_entropy=0.2",3,0,200,0.0,0,10000,10.0,25.0,200,500,0,0,1.0,0.8027001096491229,0.5237234653599778,0.16666666666666666,0.36280110478401184,0.017712509259581566,1,1,41,35,0,perm_test,0.004975124378109453,0.023763780470238798,73,35,38,0.0,0.0018762536346912384,1,0.5,0.0,0.0,0.0,0,none,1,1,0,overconfident,0.95,0,stable,0.9756420098581617,0.0010417098849866233,0.9033157408295694,0.9014934566643219,1768146522.2799487,0.30434030294418335,0.2051587700843811
229,14656,14655,sea_abrupt4,sea,ts_drift_adapt,3,"error_divergence_ph_meta@error.threshold=0.10,error.min_instances=5",error_divergence_ph_meta,"{""divergence"": {""alpha"": 0.1, ""delta"": 0.005, ""min_instances"": 30, ""threshold"": 0.05}, ""error_rate"": {""alpha"": 0.15, ""delta"": 0.005, ""min_instances"": 5, ""threshold"": 0.1}}","{""error_rate"": {""min_instances"": 5, ""threshold"": 0.1}}",0.1,0.005,0.15,5,0.05,0.005,0.1,30,,,,-1,two_stage,2,0.5,"__confirm_cooldown=200,__confirm_rule=perm_test,__perm_alpha=0.01,__perm_delta_k=25,__perm_min_effect=0,__perm_n_perm=200,__perm_post_n=50,__perm_pre_n=500,__perm_rng_seed=0,__perm_stat=delta_fused_score,divergence=0.3,error_rate=0.5,teacher_entropy=0.2",3,0,200,0.0,0,10000,10.0,25.0,200,500,1,136,1.0,0.802811135371179,0.5242766402212927,0.3333333333333333,0.3200889825820923,0.012094289995729923,0,0,41,35,-1,perm_test,0.004975124378109453,0.023763780470238798,73,35,38,0.0,0.16666666666666666,0,0.0,0.0,0.0,0.0,0,none,0,1,0,overconfident,0.95,0,mild_drift,0.9679710049290808,0.0011708549424933117,0.8516578704147848,0.8782467283321609,1768146522.2895594,0.5450885891914368,0.1292433887720108
230,14720,14719,sea_abrupt4,sea,ts_drift_adapt,3,"error_divergence_ph_meta@error.threshold=0.10,error.min_instances=5",error_divergence_ph_meta,"{""divergence"": {""alpha"": 0.1, ""delta"": 0.005, ""min_instances"": 30, ""threshold"": 0.05}, ""error_rate"": {""alpha"": 0.15, ""delta"": 0.005, ""min_instances"": 5, ""threshold"": 0.1}}","{""error_rate"": {""min_instances"": 5, ""threshold"": 0.1}}",0.1,0.005,0.15,5,0.05,0.005,0.1,30,,,,-1,two_stage,2,0.5,"__confirm_cooldown=200,__confirm_rule=perm_test,__perm_alpha=0.01,__perm_delta_k=25,__perm_min_effect=0,__perm_n_perm=200,__perm_post_n=50,__perm_pre_n=500,__perm_rng_seed=0,__perm_stat=delta_fused_score,divergence=0.3,error_rate=0.5,teacher_entropy=0.2",3,0,200,0.0,0,10000,10.0,25.0,200,500,1,72,1.0,0.8029891304347826,0.5250992204209114,0.16666666666666666,0.3206755518913269,0.02085639163851738,0,0,41,35,-1,perm_test,0.004975124378109453,0.023763780470238798,73,35,38,0.0,0.16666666666666666,0,0.0,0.0,0.0,0.0,0,none,0,1,0,overconfident,0.95,0,mild_drift,0.9641355024645404,0.001235427471246656,0.8258289352073924,0.8666233641660804,1768146522.298969,0.38460659980773926,0.20904196798801422
231,14784,14783,sea_abrupt4,sea,ts_drift_adapt,3,"error_divergence_ph_meta@error.threshold=0.10,error.min_instances=5",error_divergence_ph_meta,"{""divergence"": {""alpha"": 0.1, ""delta"": 0.005, ""min_instances"": 30, ""threshold"": 0.05}, ""error_rate"": {""alpha"": 0.15, ""delta"": 0.005, ""min_instances"": 5, ""threshold"": 0.1}}","{""error_rate"": {""min_instances"": 5, ""threshold"": 0.1}}",0.1,0.005,0.15,5,0.05,0.005,0.1,30,,,,-1,two_stage,2,0.5,"__confirm_cooldown=200,__confirm_rule=perm_test,__perm_alpha=0.01,__perm_delta_k=25,__perm_min_effect=0,__perm_n_perm=200,__perm_post_n=50,__perm_pre_n=500,__perm_rng_seed=0,__perm_stat=delta_fused_score,divergence=0.3,error_rate=0.5,teacher_entropy=0.2",3,0,200,0.0,0,10000,10.0,25.0,200,500,1,8,1.0,0.8033008658008658,0.5261772005559279,0.16666666666666666,0.3314068913459778,0.014102316461503506,0,0,41,35,-1,perm_test,0.004975124378109453,0.023763780470238798,73,35,38,0.0,0.006754075177013874,0,0.0,0.0,0.0,0.0,0,none,0,1,0,overconfident,0.95,0,mild_drift,0.9622177512322702,0.001267713735623328,0.8129144676036962,0.8608116820830403,1768146522.308595,0.2698281705379486,0.15793195366859436
232,14848,14847,sea_abrupt4,sea,ts_drift_adapt,3,"error_divergence_ph_meta@error.threshold=0.10,error.min_instances=5",error_divergence_ph_meta,"{""divergence"": {""alpha"": 0.1, ""delta"": 0.005, ""min_instances"": 30, ""threshold"": 0.05}, ""error_rate"": {""alpha"": 0.15, ""delta"": 0.005, ""min_instances"": 5, ""threshold"": 0.1}}","{""error_rate"": {""min_instances"": 5, ""threshold"": 0.1}}",0.1,0.005,0.15,5,0.05,0.005,0.1,30,,,,-1,two_stage,2,0.5,"__confirm_cooldown=200,__confirm_rule=perm_test,__perm_alpha=0.01,__perm_delta_k=25,__perm_min_effect=0,__perm_n_perm=200,__perm_post_n=50,__perm_pre_n=500,__perm_rng_seed=0,__perm_stat=delta_fused_score,divergence=0.3,error_rate=0.5,teacher_entropy=0.2",3,0,200,0.0,0,10000,10.0,25.0,200,500,0,0,1.0,0.8034078663793104,0.527344320831144,0.0,0.318147748708725,0.012926692143082619,0,0,41,35,-1,perm_test,0.004975124378109453,0.023763780470238798,73,35,38,0.0,0.16666666666666666,0,0.0,0.0,0.0,0.0,0,none,0,1,0,overconfident,0.95,0,mild_drift,0.9612588756161351,0.001283856867811664,0.8064572338018481,0.8579058410415201,1768146522.3185546,0.12123721092939377,0.13081690669059753
233,14912,14911,sea_abrupt4,sea,ts_drift_adapt,3,"error_divergence_ph_meta@error.threshold=0.10,error.min_instances=5",error_divergence_ph_meta,"{""divergence"": {""alpha"": 0.1, ""delta"": 0.005, ""min_instances"": 30, ""threshold"": 0.05}, ""error_rate"": {""alpha"": 0.15, ""delta"": 0.005, ""min_instances"": 5, ""threshold"": 0.1}}","{""error_rate"": {""min_instances"": 5, ""threshold"": 0.1}}",0.1,0.005,0.15,5,0.05,0.005,0.1,30,,,,-1,two_stage,2,0.5,"__confirm_cooldown=200,__confirm_rule=perm_test,__perm_alpha=0.01,__perm_delta_k=25,__perm_min_effect=0,__perm_n_perm=200,__perm_post_n=50,__perm_pre_n=500,__perm_rng_seed=0,__perm_stat=delta_fused_score,divergence=0.3,error_rate=0.5,teacher_entropy=0.2",3,0,200,0.0,0,10000,10.0,25.0,200,500,0,0,1.0,0.8034468884120172,0.5278781615486859,0.16666666666666666,0.37763944268226624,0.019660282880067825,1,1,42,36,0,perm_test,0.004975124378109453,0.0889029887462554,74,36,38,0.0,0.16666666666666666,1,0.5,0.0,0.0,0.0,0,none,1,1,0,overconfident,0.95,0,stable,0.9756294378080675,0.001041928433905832,0.903228616900924,0.9014529205207601,1768146522.3357239,0.2992474138736725,0.1842489242553711
234,14976,14975,sea_abrupt4,sea,ts_drift_adapt,3,"error_divergence_ph_meta@error.threshold=0.10,error.min_instances=5",error_divergence_ph_meta,"{""divergence"": {""alpha"": 0.1, ""delta"": 0.005, ""min_instances"": 30, ""threshold"": 0.05}, ""error_rate"": {""alpha"": 0.15, ""delta"": 0.005, ""min_instances"": 5, ""threshold"": 0.1}}","{""error_rate"": {""min_instances"": 5, ""threshold"": 0.1}}",0.1,0.005,0.15,5,0.05,0.005,0.1,30,,,,-1,two_stage,2,0.5,"__confirm_cooldown=200,__confirm_rule=perm_test,__perm_alpha=0.01,__perm_delta_k=25,__perm_min_effect=0,__perm_n_perm=200,__perm_post_n=50,__perm_pre_n=500,__perm_rng_seed=0,__perm_stat=delta_fused_score,divergence=0.3,error_rate=0.5,teacher_entropy=0.2",3,0,200,0.0,0,10000,10.0,25.0,200,500,1,136,1.0,0.8035523504273504,0.5283087191163204,0.3333333333333333,0.340365469455719,0.01234799437224865,0,0,42,36,-1,perm_test,0.004975124378109453,0.0889029887462554,74,36,38,0.0,0.16666666666666666,0,0.0,0.0,0.0,0.0,0,none,0,1,0,overconfident,0.95,0,mild_drift,0.9679647189040337,0.0011709642169529162,0.851614308450462,0.87822646026038,1768146522.3455553,0.580423891544342,0.10246835649013519
235,15040,15039,sea_abrupt4,sea,ts_drift_adapt,3,"error_divergence_ph_meta@error.threshold=0.10,error.min_instances=5",error_divergence_ph_meta,"{""divergence"": {""alpha"": 0.1, ""delta"": 0.005, ""min_instances"": 30, ""threshold"": 0.05}, ""error_rate"": {""alpha"": 0.15, ""delta"": 0.005, ""min_instances"": 5, ""threshold"": 0.1}}","{""error_rate"": {""min_instances"": 5, ""threshold"": 0.1}}",0.1,0.005,0.15,5,0.05,0.005,0.1,30,,,,-1,two_stage,2,0.5,"__confirm_cooldown=200,__confirm_rule=perm_test,__perm_alpha=0.01,__perm_delta_k=25,__perm_min_effect=0,__perm_n_perm=200,__perm_post_n=50,__perm_pre_n=500,__perm_rng_seed=0,__perm_stat=delta_fused_score,divergence=0.3,error_rate=0.5,teacher_entropy=0.2",3,0,200,0.0,0,10000,10.0,25.0,200,500,1,72,1.0,0.8038563829787234,0.5291468779874043,0.16666666666666666,0.3684704899787903,0.017633218318223953,0,0,42,36,-1,perm_test,0.004975124378109453,0.0889029887462554,74,36,38,0.0,0.16666666666666666,0,0.0,0.0,0.0,0.0,0,none,0,1,0,overconfident,0.95,0,mild_drift,0.9641323594520168,0.0012354821084764583,0.825807154225231,0.86661323013019,1768146522.3552365,0.26043859124183655,0.16835910081863403
236,15104,15103,sea_abrupt4,sea,ts_drift_adapt,3,"error_divergence_ph_meta@error.threshold=0.10,error.min_instances=5",error_divergence_ph_meta,"{""divergence"": {""alpha"": 0.1, ""delta"": 0.005, ""min_instances"": 30, ""threshold"": 0.05}, ""error_rate"": {""alpha"": 0.15, ""delta"": 0.005, ""min_instances"": 5, ""threshold"": 0.1}}","{""error_rate"": {""min_instances"": 5, ""threshold"": 0.1}}",0.1,0.005,0.15,5,0.05,0.005,0.1,30,,,,-1,two_stage,2,0.5,"__confirm_cooldown=200,__confirm_rule=perm_test,__perm_alpha=0.01,__perm_delta_k=25,__perm_min_effect=0,__perm_n_perm=200,__perm_post_n=50,__perm_pre_n=500,__perm_rng_seed=0,__perm_stat=delta_fused_score,divergence=0.3,error_rate=0.5,teacher_entropy=0.2",3,0,200,0.0,0,10000,10.0,25.0,200,500,1,8,1.0,0.803760593220339,0.529172194840742,0.16666666666666666,0.38296693563461304,0.018471870571374893,0,0,42,36,-1,perm_test,0.004975124378109453,0.0889029887462554,74,36,38,0.0,0.0008386522531509399,0,0.0,0.0,0.0,0.0,0,none,0,1,0,overconfident,0.95,0,mild_drift,0.9622161797260084,0.001267741054238229,0.8129035771126155,0.860806615065095,1768146522.3650696,0.27529391646385193,0.2082127332687378
237,15168,15167,sea_abrupt4,sea,ts_drift_adapt,3,"error_divergence_ph_meta@error.threshold=0.10,error.min_instances=5",error_divergence_ph_meta,"{""divergence"": {""alpha"": 0.1, ""delta"": 0.005, ""min_instances"": 30, ""threshold"": 0.05}, ""error_rate"": {""alpha"": 0.15, ""delta"": 0.005, ""min_instances"": 5, ""threshold"": 0.1}}","{""error_rate"": {""min_instances"": 5, ""threshold"": 0.1}}",0.1,0.005,0.15,5,0.05,0.005,0.1,30,,,,-1,two_stage,2,0.5,"__confirm_cooldown=200,__confirm_rule=perm_test,__perm_alpha=0.01,__perm_delta_k=25,__perm_min_effect=0,__perm_n_perm=200,__perm_post_n=50,__perm_pre_n=500,__perm_rng_seed=0,__perm_stat=delta_fused_score,divergence=0.3,error_rate=0.5,teacher_entropy=0.2",3,0,200,0.0,0,10000,10.0,25.0,200,500,0,0,1.0,0.8039293248945147,0.5295744197856418,0.16666666666666666,0.32736799120903015,0.012654622085392475,0,0,42,36,-1,perm_test,0.004975124378109453,0.0889029887462554,74,36,38,0.0,0.005817248485982418,0,0.0,0.0,0.0,0.0,0,none,0,1,0,overconfident,0.95,0,mild_drift,0.9612580898630041,0.0012838705271191147,0.8064517885563078,0.8579033075325475,1768146522.3750734,0.6775708198547363,0.12931793928146362
238,15232,15231,sea_abrupt4,sea,ts_drift_adapt,3,"error_divergence_ph_meta@error.threshold=0.10,error.min_instances=5",error_divergence_ph_meta,"{""divergence"": {""alpha"": 0.1, ""delta"": 0.005, ""min_instances"": 30, ""threshold"": 0.05}, ""error_rate"": {""alpha"": 0.15, ""delta"": 0.005, ""min_instances"": 5, ""threshold"": 0.1}}","{""error_rate"": {""min_instances"": 5, ""threshold"": 0.1}}",0.1,0.005,0.15,5,0.05,0.005,0.1,30,,,,-1,two_stage,2,0.5,"__confirm_cooldown=200,__confirm_rule=perm_test,__perm_alpha=0.01,__perm_delta_k=25,__perm_min_effect=0,__perm_n_perm=200,__perm_post_n=50,__perm_pre_n=500,__perm_rng_seed=0,__perm_stat=delta_fused_score,divergence=0.3,error_rate=0.5,teacher_entropy=0.2",3,0,200,0.0,0,10000,10.0,25.0,200,500,0,0,1.0,0.8040309873949579,0.5299451117145803,0.0,0.3808574080467224,0.014455684460699558,0,1,43,36,-1,perm_test,1.0,-0.049571852507855556,75,36,39,0.16666666666666666,0.16666666666666666,1,0.5,0.0,0.0,0.0,0,none,0,1,0,overconfident,0.95,0,mild_drift,0.960779044931502,0.0012919352635595576,0.8032258942781539,0.8564516537662737,1768146522.3852475,0.15338976681232452,0.13646827638149261
239,15296,15295,sea_abrupt4,sea,ts_drift_adapt,3,"error_divergence_ph_meta@error.threshold=0.10,error.min_instances=5",error_divergence_ph_meta,"{""divergence"": {""alpha"": 0.1, ""delta"": 0.005, ""min_instances"": 30, ""threshold"": 0.05}, ""error_rate"": {""alpha"": 0.15, ""delta"": 0.005, ""min_instances"": 5, ""threshold"": 0.1}}","{""error_rate"": {""min_instances"": 5, ""threshold"": 0.1}}",0.1,0.005,0.15,5,0.05,0.005,0.1,30,,,,-1,two_stage,2,0.5,"__confirm_cooldown=200,__confirm_rule=perm_test,__perm_alpha=0.01,__perm_delta_k=25,__perm_min_effect=0,__perm_n_perm=200,__perm_post_n=50,__perm_pre_n=500,__perm_rng_seed=0,__perm_stat=delta_fused_score,divergence=0.3,error_rate=0.5,teacher_entropy=0.2",3,0,200,0.0,0,10000,10.0,25.0,200,500,0,0,1.0,0.8045240585774058,0.5314223290594088,0.0,0.2829921245574951,0.007879890501499176,1,0,43,37,1,perm_test,0.004975124378109453,0.09619903918198919,76,37,39,0.0,0.006575793959200382,0,0.0,0.0,0.0,0.0,0,none,1,1,0,overconfident,0.95,0,stable,0.975389522465751,0.0010459676317797787,0.901612947139077,0.9007258268831368,1768146522.4028263,0.18874116241931915,0.07984361052513123
240,15360,15359,sea_abrupt4,sea,ts_drift_adapt,3,"error_divergence_ph_meta@error.threshold=0.10,error.min_instances=5",error_divergence_ph_meta,"{""divergence"": {""alpha"": 0.1, ""delta"": 0.005, ""min_instances"": 30, ""threshold"": 0.05}, ""error_rate"": {""alpha"": 0.15, ""delta"": 0.005, ""min_instances"": 5, ""threshold"": 0.1}}","{""error_rate"": {""min_instances"": 5, ""threshold"": 0.1}}",0.1,0.005,0.15,5,0.05,0.005,0.1,30,,,,-1,two_stage,2,0.5,"__confirm_cooldown=200,__confirm_rule=perm_test,__perm_alpha=0.01,__perm_delta_k=25,__perm_min_effect=0,__perm_n_perm=200,__perm_post_n=50,__perm_pre_n=500,__perm_rng_seed=0,__perm_stat=delta_fused_score,divergence=0.3,error_rate=0.5,teacher_entropy=0.2",3,0,200,0.0,0,10000,10.0,25.0,200,500,1,136,1.0,0.8048828125,0.5325346839273378,0.0,0.3123096823692322,0.008138771168887615,0,0,43,37,-1,perm_test,0.004975124378109453,0.09619903918198919,76,37,39,0.0,0.0002588806673884392,0,0.0,0.0,0.0,0.0,0,none,0,1,0,overconfident,0.95,0,mild_drift,0.9678447612328754,0.0011729838158898893,0.8508064735695385,0.8778629134415684,1768146522.4129567,0.24603353440761566,0.07037757337093353
241,15424,15423,sea_abrupt4,sea,ts_drift_adapt,3,"error_divergence_ph_meta@error.threshold=0.10,error.min_instances=5",error_divergence_ph_meta,"{""divergence"": {""alpha"": 0.1, ""delta"": 0.005, ""min_instances"": 30, ""threshold"": 0.05}, ""error_rate"": {""alpha"": 0.15, ""delta"": 0.005, ""min_instances"": 5, ""threshold"": 0.1}}","{""error_rate"": {""min_instances"": 5, ""threshold"": 0.1}}",0.1,0.005,0.15,5,0.05,0.005,0.1,30,,,,-1,two_stage,2,0.5,"__confirm_cooldown=200,__confirm_rule=perm_test,__perm_alpha=0.01,__perm_delta_k=25,__perm_min_effect=0,__perm_n_perm=200,__perm_post_n=50,__perm_pre_n=500,__perm_rng_seed=0,__perm_stat=delta_fused_score,divergence=0.3,error_rate=0.5,teacher_entropy=0.2",3,0,200,0.0,0,10000,10.0,25.0,200,500,1,72,1.0,0.805173755186722,0.5337445204635819,0.16666666666666666,0.3130638897418976,0.008574648760259151,0,0,43,37,-1,perm_test,0.004975124378109453,0.09619903918198919,76,37,39,0.0,0.16666666666666666,0,0.0,0.0,0.0,0.0,0,none,0,1,0,overconfident,0.95,0,mild_drift,0.9640723806164377,0.0012364919079449446,0.8254032367847692,0.8664314567207843,1768146522.422748,0.47541987895965576,0.1002097874879837
242,15488,15487,sea_abrupt4,sea,ts_drift_adapt,3,"error_divergence_ph_meta@error.threshold=0.10,error.min_instances=5",error_divergence_ph_meta,"{""divergence"": {""alpha"": 0.1, ""delta"": 0.005, ""min_instances"": 30, ""threshold"": 0.05}, ""error_rate"": {""alpha"": 0.15, ""delta"": 0.005, ""min_instances"": 5, ""threshold"": 0.1}}","{""error_rate"": {""min_instances"": 5, ""threshold"": 0.1}}",0.1,0.005,0.15,5,0.05,0.005,0.1,30,,,,-1,two_stage,2,0.5,"__confirm_cooldown=200,__confirm_rule=perm_test,__perm_alpha=0.01,__perm_delta_k=25,__perm_min_effect=0,__perm_n_perm=200,__perm_post_n=50,__perm_pre_n=500,__perm_rng_seed=0,__perm_stat=delta_fused_score,divergence=0.3,error_rate=0.5,teacher_entropy=0.2",3,0,200,0.0,0,10000,10.0,25.0,200,500,1,8,1.0,0.8051394628099173,0.5339828498356056,0.16666666666666666,0.3705025315284729,0.016998451203107834,0,0,43,37,-1,perm_test,0.004975124378109453,0.09619903918198919,76,37,39,0.0,0.008423802442848682,0,0.0,0.0,0.0,0.0,0,none,0,1,0,overconfident,0.95,0,mild_drift,0.9621861903082188,0.0012682459539724725,0.8127016183923846,0.8607157283603921,1768146522.4329493,0.3150746524333954,0.13880130648612976
243,15552,15551,sea_abrupt4,sea,ts_drift_adapt,3,"error_divergence_ph_meta@error.threshold=0.10,error.min_instances=5",error_divergence_ph_meta,"{""divergence"": {""alpha"": 0.1, ""delta"": 0.005, ""min_instances"": 30, ""threshold"": 0.05}, ""error_rate"": {""alpha"": 0.15, ""delta"": 0.005, ""min_instances"": 5, ""threshold"": 0.1}}","{""error_rate"": {""min_instances"": 5, ""threshold"": 0.1}}",0.1,0.005,0.15,5,0.05,0.005,0.1,30,,,,-1,two_stage,2,0.5,"__confirm_cooldown=200,__confirm_rule=perm_test,__perm_alpha=0.01,__perm_delta_k=25,__perm_min_effect=0,__perm_n_perm=200,__perm_post_n=50,__perm_pre_n=500,__perm_rng_seed=0,__perm_stat=delta_fused_score,divergence=0.3,error_rate=0.5,teacher_entropy=0.2",3,0,200,0.0,0,10000,10.0,25.0,200,500,0,0,1.0,0.805298353909465,0.5344197235893146,0.16666666666666666,0.317905992269516,0.007734145503491163,0,0,43,37,-1,perm_test,0.004975124378109453,0.09619903918198919,76,37,39,0.0,0.00926430569961667,0,0.0,0.0,0.0,0.0,0,none,0,1,0,overconfident,0.95,0,mild_drift,0.9612430951541093,0.0012841229769862362,0.8063508091961924,0.857857864180196,1768146522.443108,0.3883017301559448,0.09435378760099411
244,15616,15615,sea_abrupt4,sea,ts_drift_adapt,3,"error_divergence_ph_meta@error.threshold=0.10,error.min_instances=5",error_divergence_ph_meta,"{""divergence"": {""alpha"": 0.1, ""delta"": 0.005, ""min_instances"": 30, ""threshold"": 0.05}, ""error_rate"": {""alpha"": 0.15, ""delta"": 0.005, ""min_instances"": 5, ""threshold"": 0.1}}","{""error_rate"": {""min_instances"": 5, ""threshold"": 0.1}}",0.1,0.005,0.15,5,0.05,0.005,0.1,30,,,,-1,two_stage,2,0.5,"__confirm_cooldown=200,__confirm_rule=perm_test,__perm_alpha=0.01,__perm_delta_k=25,__perm_min_effect=0,__perm_n_perm=200,__perm_post_n=50,__perm_pre_n=500,__perm_rng_seed=0,__perm_stat=delta_fused_score,divergence=0.3,error_rate=0.5,teacher_entropy=0.2",3,0,200,0.0,0,10000,10.0,25.0,200,500,0,0,1.0,0.8051997950819673,0.5342405131055019,0.3333333333333333,0.3043220043182373,0.006335816346108913,1,1,44,38,0,perm_test,0.004975124378109453,0.04870454873466391,77,38,39,0.3333333333333333,0.16666666666666666,1,0.5,0.0,0.0,0.0,0,none,1,1,0,overconfident,0.95,0,severe_drift,0.9261215475770547,0.0016420614884931181,0.6531754045980962,0.833928932090098,1768146522.460624,0.45767876505851746,0.07158558815717697
245,15680,15679,sea_abrupt4,sea,ts_drift_adapt,3,"error_divergence_ph_meta@error.threshold=0.10,error.min_instances=5",error_divergence_ph_meta,"{""divergence"": {""alpha"": 0.1, ""delta"": 0.005, ""min_instances"": 30, ""threshold"": 0.05}, ""error_rate"": {""alpha"": 0.15, ""delta"": 0.005, ""min_instances"": 5, ""threshold"": 0.1}}","{""error_rate"": {""min_instances"": 5, ""threshold"": 0.1}}",0.1,0.005,0.15,5,0.05,0.005,0.1,30,,,,-1,two_stage,2,0.5,"__confirm_cooldown=200,__confirm_rule=perm_test,__perm_alpha=0.01,__perm_delta_k=25,__perm_min_effect=0,__perm_n_perm=200,__perm_post_n=50,__perm_pre_n=500,__perm_rng_seed=0,__perm_stat=delta_fused_score,divergence=0.3,error_rate=0.5,teacher_entropy=0.2",3,0,200,0.0,0,10000,10.0,25.0,200,500,1,136,1.0,0.805420918367347,0.535225318327125,0.0,0.363445520401001,0.013390354812145233,0,0,44,38,-1,perm_test,0.004975124378109453,0.04870454873466391,77,38,39,0.0,0.3333333333333333,0,0.0,0.0,0.0,0.0,0,none,0,1,0,overconfident,0.95,0,mild_drift,0.9432107737885274,0.0014710307442465593,0.7265877022990481,0.844464466045049,1768146522.4708228,0.05367095395922661,0.15252472460269928
246,15744,15743,sea_abrupt4,sea,ts_drift_adapt,3,"error_divergence_ph_meta@error.threshold=0.10,error.min_instances=5",error_divergence_ph_meta,"{""divergence"": {""alpha"": 0.1, ""delta"": 0.005, ""min_instances"": 30, ""threshold"": 0.05}, ""error_rate"": {""alpha"": 0.15, ""delta"": 0.005, ""min_instances"": 5, ""threshold"": 0.1}}","{""error_rate"": {""min_instances"": 5, ""threshold"": 0.1}}",0.1,0.005,0.15,5,0.05,0.005,0.1,30,,,,-1,two_stage,2,0.5,"__confirm_cooldown=200,__confirm_rule=perm_test,__perm_alpha=0.01,__perm_delta_k=25,__perm_min_effect=0,__perm_n_perm=200,__perm_post_n=50,__perm_pre_n=500,__perm_rng_seed=0,__perm_stat=delta_fused_score,divergence=0.3,error_rate=0.5,teacher_entropy=0.2",3,0,200,0.0,0,10000,10.0,25.0,200,500,1,72,1.0,0.8055132113821138,0.5356944177765232,0.16666666666666666,0.34565824270248413,0.01326895784586668,0,0,44,38,-1,perm_test,0.004975124378109453,0.04870454873466391,77,38,39,0.0,0.16666666666666666,0,0.0,0.0,0.0,0.0,0,none,0,1,0,overconfident,0.95,0,mild_drift,0.9517553868942636,0.0013855153721232796,0.7632938511495241,0.8497322330225245,1768146522.480795,0.41487646102905273,0.14294219017028809
247,15808,15807,sea_abrupt4,sea,ts_drift_adapt,3,"error_divergence_ph_meta@error.threshold=0.10,error.min_instances=5",error_divergence_ph_meta,"{""divergence"": {""alpha"": 0.1, ""delta"": 0.005, ""min_instances"": 30, ""threshold"": 0.05}, ""error_rate"": {""alpha"": 0.15, ""delta"": 0.005, ""min_instances"": 5, ""threshold"": 0.1}}","{""error_rate"": {""min_instances"": 5, ""threshold"": 0.1}}",0.1,0.005,0.15,5,0.05,0.005,0.1,30,,,,-1,two_stage,2,0.5,"__confirm_cooldown=200,__confirm_rule=perm_test,__perm_alpha=0.01,__perm_delta_k=25,__perm_min_effect=0,__perm_n_perm=200,__perm_post_n=50,__perm_pre_n=500,__perm_rng_seed=0,__perm_stat=delta_fused_score,divergence=0.3,error_rate=0.5,teacher_entropy=0.2",3,0,200,0.0,0,10000,10.0,25.0,200,500,1,8,1.0,0.8052884615384616,0.5352056007081355,0.0,0.33961302042007446,0.017937548458576202,0,0,44,38,-1,perm_test,0.004975124378109453,0.04870454873466391,77,38,39,0.0,0.16666666666666666,0,0.0,0.0,0.0,0.0,0,none,0,1,0,overconfident,0.95,0,mild_drift,0.9560276934471318,0.0013427576860616398,0.781646925574762,0.8523661165112623,1768146522.4909697,0.10353342443704605,0.16167613863945007
248,15872,15871,sea_abrupt4,sea,ts_drift_adapt,3,"error_divergence_ph_meta@error.threshold=0.10,error.min_instances=5",error_divergence_ph_meta,"{""divergence"": {""alpha"": 0.1, ""delta"": 0.005, ""min_instances"": 30, ""threshold"": 0.05}, ""error_rate"": {""alpha"": 0.15, ""delta"": 0.005, ""min_instances"": 5, ""threshold"": 0.1}}","{""error_rate"": {""min_instances"": 5, ""threshold"": 0.1}}",0.1,0.005,0.15,5,0.05,0.005,0.1,30,,,,-1,two_stage,2,0.5,"__confirm_cooldown=200,__confirm_rule=perm_test,__perm_alpha=0.01,__perm_delta_k=25,__perm_min_effect=0,__perm_n_perm=200,__perm_post_n=50,__perm_pre_n=500,__perm_rng_seed=0,__perm_stat=delta_fused_score,divergence=0.3,error_rate=0.5,teacher_entropy=0.2",3,0,200,0.0,0,10000,10.0,25.0,200,500,0,0,1.0,0.8051915322580645,0.5350215937881685,0.6666666666666666,0.3324677050113678,0.008819944225251675,0,0,44,38,-1,perm_test,0.004975124378109453,0.04870454873466391,77,38,39,0.0,0.6666666666666666,0,0.0,0.0,0.0,0.0,0,none,0,1,0,overconfident,0.95,0,mild_drift,0.9581638467235658,0.0013213788430308199,0.790823462787381,0.8536830582556312,1768146522.5010958,0.9813359379768372,0.11260958760976791
249,15936,15935,sea_abrupt4,sea,ts_drift_adapt,3,"error_divergence_ph_meta@error.threshold=0.10,error.min_instances=5",error_divergence_ph_meta,"{""divergence"": {""alpha"": 0.1, ""delta"": 0.005, ""min_instances"": 30, ""threshold"": 0.05}, ""error_rate"": {""alpha"": 0.15, ""delta"": 0.005, ""min_instances"": 5, ""threshold"": 0.1}}","{""error_rate"": {""min_instances"": 5, ""threshold"": 0.1}}",0.1,0.005,0.15,5,0.05,0.005,0.1,30,,,,-1,two_stage,2,0.5,"__confirm_cooldown=200,__confirm_rule=perm_test,__perm_alpha=0.01,__perm_delta_k=25,__perm_min_effect=0,__perm_n_perm=200,__perm_post_n=50,__perm_pre_n=500,__perm_rng_seed=0,__perm_stat=delta_fused_score,divergence=0.3,error_rate=0.5,teacher_entropy=0.2",3,0,200,0.0,0,10000,10.0,25.0,200,500,0,0,1.0,0.8050326305220884,0.5345509129967374,0.16666666666666666,0.3318527340888977,0.012682856991887093,0,1,45,38,-1,perm_test,1.0,-0.2414222187237359,78,38,40,0.16666666666666666,0.5,1,0.5,0.0,0.0,0.0,0,none,0,1,0,overconfident,0.95,0,mild_drift,0.9592319233617829,0.0013106894215154101,0.7954117313936906,0.8543415291278156,1768146522.5115142,0.23691178858280182,0.11365250498056412
250,16000,15999,sea_abrupt4,sea,ts_drift_adapt,3,"error_divergence_ph_meta@error.threshold=0.10,error.min_instances=5",error_divergence_ph_meta,"{""divergence"": {""alpha"": 0.1, ""delta"": 0.005, ""min_instances"": 30, ""threshold"": 0.05}, ""error_rate"": {""alpha"": 0.15, ""delta"": 0.005, ""min_instances"": 5, ""threshold"": 0.1}}","{""error_rate"": {""min_instances"": 5, ""threshold"": 0.1}}",0.1,0.005,0.15,5,0.05,0.005,0.1,30,,,,-1,two_stage,2,0.5,"__confirm_cooldown=200,__confirm_rule=perm_test,__perm_alpha=0.01,__perm_delta_k=25,__perm_min_effect=0,__perm_n_perm=200,__perm_post_n=50,__perm_pre_n=500,__perm_rng_seed=0,__perm_stat=delta_fused_score,divergence=0.3,error_rate=0.5,teacher_entropy=0.2",3,0,200,0.0,0,10000,10.0,25.0,200,500,0,0,1.0,0.805,0.5348523435726696,0.3333333333333333,0.3145753741264343,0.00685948645696044,0,0,45,38,-1,perm_test,1.0,-0.05292476821778404,79,38,41,0.0,0.16666666666666666,0,0.0,0.0,0.0,0.0,0,none,0,1,0,overconfident,0.95,0,mild_drift,0.9597659616808913,0.0013053447107577052,0.7977058656968453,0.8546707645639078,1768146522.5219991,0.41632309556007385,0.08069802820682526
251,16064,16063,sea_abrupt4,sea,ts_drift_adapt,3,"error_divergence_ph_meta@error.threshold=0.10,error.min_instances=5",error_divergence_ph_meta,"{""divergence"": {""alpha"": 0.1, ""delta"": 0.005, ""min_instances"": 30, ""threshold"": 0.05}, ""error_rate"": {""alpha"": 0.15, ""delta"": 0.005, ""min_instances"": 5, ""threshold"": 0.1}}","{""error_rate"": {""min_instances"": 5, ""threshold"": 0.1}}",0.1,0.005,0.15,5,0.05,0.005,0.1,30,,,,-1,two_stage,2,0.5,"__confirm_cooldown=200,__confirm_rule=perm_test,__perm_alpha=0.01,__perm_delta_k=25,__perm_min_effect=0,__perm_n_perm=200,__perm_post_n=50,__perm_pre_n=500,__perm_rng_seed=0,__perm_stat=delta_fused_score,divergence=0.3,error_rate=0.5,teacher_entropy=0.2",3,0,200,0.0,0,10000,10.0,25.0,200,500,0,0,1.0,0.8050298804780877,0.534973194463916,0.16666666666666666,0.35122498869895935,0.010003973729908466,0,0,45,38,-1,perm_test,1.0,-0.0741199350108617,80,38,42,0.0,0.16666666666666666,0,0.0,0.0,0.0,0.0,0,none,0,1,0,overconfident,0.95,0,mild_drift,0.9600329808404456,0.0013026723553788526,0.7988529328484226,0.8548353822819539,1768146522.5326324,0.39861178398132324,0.10814440995454788
252,16128,16127,sea_abrupt4,sea,ts_drift_adapt,3,"error_divergence_ph_meta@error.threshold=0.10,error.min_instances=5",error_divergence_ph_meta,"{""divergence"": {""alpha"": 0.1, ""delta"": 0.005, ""min_instances"": 30, ""threshold"": 0.05}, ""error_rate"": {""alpha"": 0.15, ""delta"": 0.005, ""min_instances"": 5, ""threshold"": 0.1}}","{""error_rate"": {""min_instances"": 5, ""threshold"": 0.1}}",0.1,0.005,0.15,5,0.05,0.005,0.1,30,,,,-1,two_stage,2,0.5,"__confirm_cooldown=200,__confirm_rule=perm_test,__perm_alpha=0.01,__perm_delta_k=25,__perm_min_effect=0,__perm_n_perm=200,__perm_post_n=50,__perm_pre_n=500,__perm_rng_seed=0,__perm_stat=delta_fused_score,divergence=0.3,error_rate=0.5,teacher_entropy=0.2",3,0,200,0.0,0,10000,10.0,25.0,200,500,0,0,1.0,0.8053695436507936,0.5360483806403536,0.0,0.3059217631816864,0.0035782246850430965,0,0,45,38,-1,perm_test,1.0,-0.08330893647510648,81,38,43,0.0,0.16666666666666666,0,0.0,0.0,0.0,0.0,0,none,0,1,0,overconfident,0.95,0,mild_drift,0.9601664904202227,0.0013013361776894263,0.7994264664242113,0.8549176911409769,1768146522.543222,0.07401709258556366,0.05550084263086319
253,16192,16191,sea_abrupt4,sea,ts_drift_adapt,3,"error_divergence_ph_meta@error.threshold=0.10,error.min_instances=5",error_divergence_ph_meta,"{""divergence"": {""alpha"": 0.1, ""delta"": 0.005, ""min_instances"": 30, ""threshold"": 0.05}, ""error_rate"": {""alpha"": 0.15, ""delta"": 0.005, ""min_instances"": 5, ""threshold"": 0.1}}","{""error_rate"": {""min_instances"": 5, ""threshold"": 0.1}}",0.1,0.005,0.15,5,0.05,0.005,0.1,30,,,,-1,two_stage,2,0.5,"__confirm_cooldown=200,__confirm_rule=perm_test,__perm_alpha=0.01,__perm_delta_k=25,__perm_min_effect=0,__perm_n_perm=200,__perm_post_n=50,__perm_pre_n=500,__perm_rng_seed=0,__perm_stat=delta_fused_score,divergence=0.3,error_rate=0.5,teacher_entropy=0.2",3,0,200,0.0,0,10000,10.0,25.0,200,500,0,0,1.0,0.8056447628458498,0.5370393427244993,0.5,0.3190661668777466,0.015116999857127666,0,0,45,38,-1,perm_test,1.0,-0.08330893647510648,81,38,43,0.0,0.5,0,0.0,0.0,0.0,0.0,0,none,0,1,0,overconfident,0.95,0,mild_drift,0.9602332452101113,0.0013006680888447133,0.7997132332121057,0.8549588455704884,1768146522.553804,0.8682212829589844,0.16533741354942322
254,16256,16255,sea_abrupt4,sea,ts_drift_adapt,3,"error_divergence_ph_meta@error.threshold=0.10,error.min_instances=5",error_divergence_ph_meta,"{""divergence"": {""alpha"": 0.1, ""delta"": 0.005, ""min_instances"": 30, ""threshold"": 0.05}, ""error_rate"": {""alpha"": 0.15, ""delta"": 0.005, ""min_instances"": 5, ""threshold"": 0.1}}","{""error_rate"": {""min_instances"": 5, ""threshold"": 0.1}}",0.1,0.005,0.15,5,0.05,0.005,0.1,30,,,,-1,two_stage,2,0.5,"__confirm_cooldown=200,__confirm_rule=perm_test,__perm_alpha=0.01,__perm_delta_k=25,__perm_min_effect=0,__perm_n_perm=200,__perm_post_n=50,__perm_pre_n=500,__perm_rng_seed=0,__perm_stat=delta_fused_score,divergence=0.3,error_rate=0.5,teacher_entropy=0.2",3,0,200,0.0,0,10000,10.0,25.0,200,500,0,0,1.0,0.8057947834645669,0.5374076783836573,0.3333333333333333,0.3097621202468872,0.01184109691530466,0,1,46,38,-1,perm_test,1.0,-0.06331868238042355,82,38,44,0.16666666666666666,0.16666666666666669,1,0.5,0.0,0.0,0.0,0,none,0,1,0,overconfident,0.95,0,mild_drift,0.9602666226050556,0.0013003340444223566,0.7998566166060529,0.8549794227852442,1768146522.5648346,0.6167511343955994,0.1421162486076355
255,16320,16319,sea_abrupt4,sea,ts_drift_adapt,3,"error_divergence_ph_meta@error.threshold=0.10,error.min_instances=5",error_divergence_ph_meta,"{""divergence"": {""alpha"": 0.1, ""delta"": 0.005, ""min_instances"": 30, ""threshold"": 0.05}, ""error_rate"": {""alpha"": 0.15, ""delta"": 0.005, ""min_instances"": 5, ""threshold"": 0.1}}","{""error_rate"": {""min_instances"": 5, ""threshold"": 0.1}}",0.1,0.005,0.15,5,0.05,0.005,0.1,30,,,,-1,two_stage,2,0.5,"__confirm_cooldown=200,__confirm_rule=perm_test,__perm_alpha=0.01,__perm_delta_k=25,__perm_min_effect=0,__perm_n_perm=200,__perm_post_n=50,__perm_pre_n=500,__perm_rng_seed=0,__perm_stat=delta_fused_score,divergence=0.3,error_rate=0.5,teacher_entropy=0.2",3,0,200,0.0,0,10000,10.0,25.0,200,500,0,0,1.0,0.806188725490196,0.5387705487269624,0.16666666666666666,0.32048478722572327,0.02150978520512581,0,0,46,38,-1,perm_test,1.0,-0.04885469934576302,83,38,45,0.0,0.16666666666666666,0,0.0,0.0,0.0,0.0,0,none,0,1,0,overconfident,0.95,0,mild_drift,0.9602833113025278,0.0013001670222111783,0.7999283083030264,0.8549897113926221,1768146522.5758135,0.2704046070575714,0.20629450678825378
256,16384,16383,sea_abrupt4,sea,ts_drift_adapt,3,"error_divergence_ph_meta@error.threshold=0.10,error.min_instances=5",error_divergence_ph_meta,"{""divergence"": {""alpha"": 0.1, ""delta"": 0.005, ""min_instances"": 30, ""threshold"": 0.05}, ""error_rate"": {""alpha"": 0.15, ""delta"": 0.005, ""min_instances"": 5, ""threshold"": 0.1}}","{""error_rate"": {""min_instances"": 5, ""threshold"": 0.1}}",0.1,0.005,0.15,5,0.05,0.005,0.1,30,,,,-1,two_stage,2,0.5,"__confirm_cooldown=200,__confirm_rule=perm_test,__perm_alpha=0.01,__perm_delta_k=25,__perm_min_effect=0,__perm_n_perm=200,__perm_post_n=50,__perm_pre_n=500,__perm_rng_seed=0,__perm_stat=delta_fused_score,divergence=0.3,error_rate=0.5,teacher_entropy=0.2",3,0,200,0.0,0,10000,10.0,25.0,200,500,0,0,1.0,0.806396484375,0.5394278467285352,0.16666666666666666,0.3139040768146515,0.01854727603495121,0,0,46,38,-1,perm_test,1.0,-0.0014088974729658257,84,38,46,0.0,0.0029625091701745987,0,0.0,0.0,0.0,0.0,0,none,0,1,0,overconfident,0.95,0,mild_drift,0.9602916556512638,0.0013000835111055893,0.7999641541515132,0.8549948556963111,1768146522.5866425,0.2486184686422348,0.22446158528327942
257,16448,16447,sea_abrupt4,sea,ts_drift_adapt,3,"error_divergence_ph_meta@error.threshold=0.10,error.min_instances=5",error_divergence_ph_meta,"{""divergence"": {""alpha"": 0.1, ""delta"": 0.005, ""min_instances"": 30, ""threshold"": 0.05}, ""error_rate"": {""alpha"": 0.15, ""delta"": 0.005, ""min_instances"": 5, ""threshold"": 0.1}}","{""error_rate"": {""min_instances"": 5, ""threshold"": 0.1}}",0.1,0.005,0.15,5,0.05,0.005,0.1,30,,,,-1,two_stage,2,0.5,"__confirm_cooldown=200,__confirm_rule=perm_test,__perm_alpha=0.01,__perm_delta_k=25,__perm_min_effect=0,__perm_n_perm=200,__perm_post_n=50,__perm_pre_n=500,__perm_rng_seed=0,__perm_stat=delta_fused_score,divergence=0.3,error_rate=0.5,teacher_entropy=0.2",3,0,200,0.0,0,10000,10.0,25.0,200,500,0,0,1.0,0.8066026264591439,0.5406474481722906,0.0,0.4096483886241913,0.02472642809152603,0,0,46,38,-1,perm_test,1.0,-0.054891615892615285,85,38,47,0.0,0.16666666666666666,0,0.0,0.0,0.0,0.0,0,none,0,1,0,overconfident,0.95,0,mild_drift,0.9602958278256319,0.0013000417555527949,0.7999820770757566,0.8549974278481556,1768146522.5975368,0.1536967009305954,0.26078689098358154
258,16512,16511,sea_abrupt4,sea,ts_drift_adapt,3,"error_divergence_ph_meta@error.threshold=0.10,error.min_instances=5",error_divergence_ph_meta,"{""divergence"": {""alpha"": 0.1, ""delta"": 0.005, ""min_instances"": 30, ""threshold"": 0.05}, ""error_rate"": {""alpha"": 0.15, ""delta"": 0.005, ""min_instances"": 5, ""threshold"": 0.1}}","{""error_rate"": {""min_instances"": 5, ""threshold"": 0.1}}",0.1,0.005,0.15,5,0.05,0.005,0.1,30,,,,-1,two_stage,2,0.5,"__confirm_cooldown=200,__confirm_rule=perm_test,__perm_alpha=0.01,__perm_delta_k=25,__perm_min_effect=0,__perm_n_perm=200,__perm_post_n=50,__perm_pre_n=500,__perm_rng_seed=0,__perm_stat=delta_fused_score,divergence=0.3,error_rate=0.5,teacher_entropy=0.2",3,0,200,0.0,0,10000,10.0,25.0,200,500,0,0,1.0,0.8070494186046512,0.5418223581516338,0.0,0.31386736035346985,0.008013477548956871,0,0,46,38,-1,perm_test,1.0,-0.054891615892615285,85,38,47,0.0,0.01671295054256916,0,0.0,0.0,0.0,0.0,0,none,0,1,0,overconfident,0.95,0,mild_drift,0.9602979139128159,0.0013000208777763974,0.7999910385378783,0.8549987139240778,1768146522.6083128,0.10540182143449783,0.12686732411384583
259,16576,16575,sea_abrupt4,sea,ts_drift_adapt,3,"error_divergence_ph_meta@error.threshold=0.10,error.min_instances=5",error_divergence_ph_meta,"{""divergence"": {""alpha"": 0.1, ""delta"": 0.005, ""min_instances"": 30, ""threshold"": 0.05}, ""error_rate"": {""alpha"": 0.15, ""delta"": 0.005, ""min_instances"": 5, ""threshold"": 0.1}}","{""error_rate"": {""min_instances"": 5, ""threshold"": 0.1}}",0.1,0.005,0.15,5,0.05,0.005,0.1,30,,,,-1,two_stage,2,0.5,"__confirm_cooldown=200,__confirm_rule=perm_test,__perm_alpha=0.01,__perm_delta_k=25,__perm_min_effect=0,__perm_n_perm=200,__perm_post_n=50,__perm_pre_n=500,__perm_rng_seed=0,__perm_stat=delta_fused_score,divergence=0.3,error_rate=0.5,teacher_entropy=0.2",3,0,200,0.0,0,10000,10.0,25.0,200,500,0,0,1.0,0.806949806949807,0.5419317211315913,0.0,0.36041057109832764,0.012262255884706974,0,0,46,38,-1,perm_test,1.0,-0.054891615892615285,85,38,47,0.0,0.004248778335750103,0,0.0,0.0,0.0,0.0,0,none,0,1,0,overconfident,0.95,0,mild_drift,0.960298956956408,0.0013000104388881987,0.7999955192689392,0.8549993569620389,1768146522.6190255,0.219601109623909,0.14709484577178955
260,16640,16639,sea_abrupt4,sea,ts_drift_adapt,3,"error_divergence_ph_meta@error.threshold=0.10,error.min_instances=5",error_divergence_ph_meta,"{""divergence"": {""alpha"": 0.1, ""delta"": 0.005, ""min_instances"": 30, ""threshold"": 0.05}, ""error_rate"": {""alpha"": 0.15, ""delta"": 0.005, ""min_instances"": 5, ""threshold"": 0.1}}","{""error_rate"": {""min_instances"": 5, ""threshold"": 0.1}}",0.1,0.005,0.15,5,0.05,0.005,0.1,30,,,,-1,two_stage,2,0.5,"__confirm_cooldown=200,__confirm_rule=perm_test,__perm_alpha=0.01,__perm_delta_k=25,__perm_min_effect=0,__perm_n_perm=200,__perm_post_n=50,__perm_pre_n=500,__perm_rng_seed=0,__perm_stat=delta_fused_score,divergence=0.3,error_rate=0.5,teacher_entropy=0.2",3,0,200,0.0,0,10000,10.0,25.0,200,500,0,0,1.0,0.8071514423076923,0.5424120421636146,0.5,0.2639124393463135,0.011785023845732212,1,1,47,39,0,perm_test,0.004975124378109453,0.21906720965216753,86,39,47,0.16666666666666669,0.5,1,0.5,0.0,0.0,0.0,0,none,1,1,0,overconfident,0.95,0,severe_drift,0.925649478478204,0.0016500052194440994,0.6499977596344696,0.8324996784810195,1768146522.6374404,0.5972254276275635,0.11785507202148438
261,16704,16703,sea_abrupt4,sea,ts_drift_adapt,3,"error_divergence_ph_meta@error.threshold=0.10,error.min_instances=5",error_divergence_ph_meta,"{""divergence"": {""alpha"": 0.1, ""delta"": 0.005, ""min_instances"": 30, ""threshold"": 0.05}, ""error_rate"": {""alpha"": 0.15, ""delta"": 0.005, ""min_instances"": 5, ""threshold"": 0.1}}","{""error_rate"": {""min_instances"": 5, ""threshold"": 0.1}}",0.1,0.005,0.15,5,0.05,0.005,0.1,30,,,,-1,two_stage,2,0.5,"__confirm_cooldown=200,__confirm_rule=perm_test,__perm_alpha=0.01,__perm_delta_k=25,__perm_min_effect=0,__perm_n_perm=200,__perm_post_n=50,__perm_pre_n=500,__perm_rng_seed=0,__perm_stat=delta_fused_score,divergence=0.3,error_rate=0.5,teacher_entropy=0.2",3,0,200,0.0,0,10000,10.0,25.0,200,500,1,136,1.0,0.8074712643678161,0.5427021063599404,0.3333333333333333,0.3366941809654236,0.011416244320571423,0,0,47,39,-1,perm_test,0.004975124378109453,0.21906720965216753,86,39,47,0.0,0.16666666666666669,0,0.0,0.0,0.0,0.0,0,none,0,1,0,overconfident,0.95,0,mild_drift,0.9429747392391019,0.0014750026097220498,0.7249988798172349,0.8437498392405097,1768146522.6480336,0.7551968693733215,0.13251416385173798
262,16768,16767,sea_abrupt4,sea,ts_drift_adapt,3,"error_divergence_ph_meta@error.threshold=0.10,error.min_instances=5",error_divergence_ph_meta,"{""divergence"": {""alpha"": 0.1, ""delta"": 0.005, ""min_instances"": 30, ""threshold"": 0.05}, ""error_rate"": {""alpha"": 0.15, ""delta"": 0.005, ""min_instances"": 5, ""threshold"": 0.1}}","{""error_rate"": {""min_instances"": 5, ""threshold"": 0.1}}",0.1,0.005,0.15,5,0.05,0.005,0.1,30,,,,-1,two_stage,2,0.5,"__confirm_cooldown=200,__confirm_rule=perm_test,__perm_alpha=0.01,__perm_delta_k=25,__perm_min_effect=0,__perm_n_perm=200,__perm_post_n=50,__perm_pre_n=500,__perm_rng_seed=0,__perm_stat=delta_fused_score,divergence=0.3,error_rate=0.5,teacher_entropy=0.2",3,0,200,0.0,0,10000,10.0,25.0,200,500,1,72,1.0,0.8076693702290076,0.5435491833081589,0.16666666666666666,0.3518613576889038,0.00980609655380249,0,0,47,39,-1,perm_test,0.004975124378109453,0.21906720965216753,86,39,47,0.0,0.16666666666666666,0,0.0,0.0,0.0,0.0,0,none,0,1,0,overconfident,0.95,0,mild_drift,0.9516373696195509,0.001387501304861025,0.7624994399086175,0.8493749196202549,1768146522.658335,0.3612793982028961,0.13083264231681824
263,16832,16831,sea_abrupt4,sea,ts_drift_adapt,3,"error_divergence_ph_meta@error.threshold=0.10,error.min_instances=5",error_divergence_ph_meta,"{""divergence"": {""alpha"": 0.1, ""delta"": 0.005, ""min_instances"": 30, ""threshold"": 0.05}, ""error_rate"": {""alpha"": 0.15, ""delta"": 0.005, ""min_instances"": 5, ""threshold"": 0.1}}","{""error_rate"": {""min_instances"": 5, ""threshold"": 0.1}}",0.1,0.005,0.15,5,0.05,0.005,0.1,30,,,,-1,two_stage,2,0.5,"__confirm_cooldown=200,__confirm_rule=perm_test,__perm_alpha=0.01,__perm_delta_k=25,__perm_min_effect=0,__perm_n_perm=200,__perm_post_n=50,__perm_pre_n=500,__perm_rng_seed=0,__perm_stat=delta_fused_score,divergence=0.3,error_rate=0.5,teacher_entropy=0.2",3,0,200,0.0,0,10000,10.0,25.0,200,500,1,8,1.0,0.8077471482889734,0.5438550228751025,0.3333333333333333,0.3509034514427185,0.018754662945866585,0,0,47,39,-1,perm_test,0.004975124378109453,0.21906720965216753,86,39,47,0.0,0.16666666666666666,0,0.0,0.0,0.0,0.0,0,none,0,1,0,overconfident,0.95,0,mild_drift,0.9559686848097755,0.0013437506524305127,0.7812497199543087,0.8521874598101274,1768146522.6686726,0.3690783679485321,0.23048172891139984
264,16896,16895,sea_abrupt4,sea,ts_drift_adapt,3,"error_divergence_ph_meta@error.threshold=0.10,error.min_instances=5",error_divergence_ph_meta,"{""divergence"": {""alpha"": 0.1, ""delta"": 0.005, ""min_instances"": 30, ""threshold"": 0.05}, ""error_rate"": {""alpha"": 0.15, ""delta"": 0.005, ""min_instances"": 5, ""threshold"": 0.1}}","{""error_rate"": {""min_instances"": 5, ""threshold"": 0.1}}",0.1,0.005,0.15,5,0.05,0.005,0.1,30,,,,-1,two_stage,2,0.5,"__confirm_cooldown=200,__confirm_rule=perm_test,__perm_alpha=0.01,__perm_delta_k=25,__perm_min_effect=0,__perm_n_perm=200,__perm_post_n=50,__perm_pre_n=500,__perm_rng_seed=0,__perm_stat=delta_fused_score,divergence=0.3,error_rate=0.5,teacher_entropy=0.2",3,0,200,0.0,0,10000,10.0,25.0,200,500,0,0,1.0,0.8080018939393939,0.5445654387783265,0.16666666666666666,0.36408528685569763,0.017914658412337303,0,0,47,39,-1,perm_test,0.004975124378109453,0.21906720965216753,86,39,47,0.0,0.16666666666666666,0,0.0,0.0,0.0,0.0,0,none,0,1,0,overconfident,0.95,0,mild_drift,0.9581343424048877,0.0013218753262152563,0.7906248599771544,0.8535937299050638,1768146522.6792352,0.28025802969932556,0.18132740259170532
265,16960,16959,sea_abrupt4,sea,ts_drift_adapt,3,"error_divergence_ph_meta@error.threshold=0.10,error.min_instances=5",error_divergence_ph_meta,"{""divergence"": {""alpha"": 0.1, ""delta"": 0.005, ""min_instances"": 30, ""threshold"": 0.05}, ""error_rate"": {""alpha"": 0.15, ""delta"": 0.005, ""min_instances"": 5, ""threshold"": 0.1}}","{""error_rate"": {""min_instances"": 5, ""threshold"": 0.1}}",0.1,0.005,0.15,5,0.05,0.005,0.1,30,,,,-1,two_stage,2,0.5,"__confirm_cooldown=200,__confirm_rule=perm_test,__perm_alpha=0.01,__perm_delta_k=25,__perm_min_effect=0,__perm_n_perm=200,__perm_post_n=50,__perm_pre_n=500,__perm_rng_seed=0,__perm_stat=delta_fused_score,divergence=0.3,error_rate=0.5,teacher_entropy=0.2",3,0,200,0.0,0,10000,10.0,25.0,200,500,0,0,1.0,0.808313679245283,0.54590269309539,0.16666666666666666,0.30348047614097595,0.009269023314118385,0,1,48,39,-1,perm_test,1.0,-0.02323449547139022,87,39,48,0.33333333333333337,0.008645635098218918,1,0.5,0.0,0.0,0.0,0,none,0,1,0,overconfident,0.95,0,mild_drift,0.9592171712024438,0.0013109376631076281,0.7953124299885772,0.8542968649525319,1768146522.690134,0.19729703664779663,0.1281491369009018
266,17024,17023,sea_abrupt4,sea,ts_drift_adapt,3,"error_divergence_ph_meta@error.threshold=0.10,error.min_instances=5",error_divergence_ph_meta,"{""divergence"": {""alpha"": 0.1, ""delta"": 0.005, ""min_instances"": 30, ""threshold"": 0.05}, ""error_rate"": {""alpha"": 0.15, ""delta"": 0.005, ""min_instances"": 5, ""threshold"": 0.1}}","{""error_rate"": {""min_instances"": 5, ""threshold"": 0.1}}",0.1,0.005,0.15,5,0.05,0.005,0.1,30,,,,-1,two_stage,2,0.5,"__confirm_cooldown=200,__confirm_rule=perm_test,__perm_alpha=0.01,__perm_delta_k=25,__perm_min_effect=0,__perm_n_perm=200,__perm_post_n=50,__perm_pre_n=500,__perm_rng_seed=0,__perm_stat=delta_fused_score,divergence=0.3,error_rate=0.5,teacher_entropy=0.2",3,0,200,0.0,0,10000,10.0,25.0,200,500,0,0,1.0,0.8086231203007519,0.5467393589702018,0.0,0.3509434759616852,0.012814942747354507,0,0,48,39,-1,perm_test,0.029850746268656716,0.01947775276806151,88,39,49,0.0,0.16666666666666666,0,0.0,0.0,0.0,0.0,0,none,0,1,0,overconfident,0.95,0,mild_drift,0.9597585856012218,0.0013054688315538143,0.7976562149942886,0.854648432476266,1768146522.7088509,0.048937808722257614,0.168814018368721
267,17088,17087,sea_abrupt4,sea,ts_drift_adapt,3,"error_divergence_ph_meta@error.threshold=0.10,error.min_instances=5",error_divergence_ph_meta,"{""divergence"": {""alpha"": 0.1, ""delta"": 0.005, ""min_instances"": 30, ""threshold"": 0.05}, ""error_rate"": {""alpha"": 0.15, ""delta"": 0.005, ""min_instances"": 5, ""threshold"": 0.1}}","{""error_rate"": {""min_instances"": 5, ""threshold"": 0.1}}",0.1,0.005,0.15,5,0.05,0.005,0.1,30,,,,-1,two_stage,2,0.5,"__confirm_cooldown=200,__confirm_rule=perm_test,__perm_alpha=0.01,__perm_delta_k=25,__perm_min_effect=0,__perm_n_perm=200,__perm_post_n=50,__perm_pre_n=500,__perm_rng_seed=0,__perm_stat=delta_fused_score,divergence=0.3,error_rate=0.5,teacher_entropy=0.2",3,0,200,0.0,0,10000,10.0,25.0,200,500,0,0,1.0,0.8089302434456929,0.5479320098568925,0.5,0.33675894141197205,0.015359212644398212,1,0,48,40,2,perm_test,0.004975124378109453,0.10623083015948219,89,40,49,0.0,0.5,0,0.0,0.0,0.0,0.0,0,none,1,1,0,overconfident,0.95,0,stable,0.9748792928006109,0.001052734415776907,0.8988281074971443,0.899824216238133,1768146522.7266598,0.5588144659996033,0.1600295454263687
268,17152,17151,sea_abrupt4,sea,ts_drift_adapt,3,"error_divergence_ph_meta@error.threshold=0.10,error.min_instances=5",error_divergence_ph_meta,"{""divergence"": {""alpha"": 0.1, ""delta"": 0.005, ""min_instances"": 30, ""threshold"": 0.05}, ""error_rate"": {""alpha"": 0.15, ""delta"": 0.005, ""min_instances"": 5, ""threshold"": 0.1}}","{""error_rate"": {""min_instances"": 5, ""threshold"": 0.1}}",0.1,0.005,0.15,5,0.05,0.005,0.1,30,,,,-1,two_stage,2,0.5,"__confirm_cooldown=200,__confirm_rule=perm_test,__perm_alpha=0.01,__perm_delta_k=25,__perm_min_effect=0,__perm_n_perm=200,__perm_post_n=50,__perm_pre_n=500,__perm_rng_seed=0,__perm_stat=delta_fused_score,divergence=0.3,error_rate=0.5,teacher_entropy=0.2",3,0,200,0.0,0,10000,10.0,25.0,200,500,1,136,1.0,0.8093516791044776,0.5491315255401731,0.16666666666666666,0.3444802761077881,0.019193239510059357,0,0,48,40,-1,perm_test,0.004975124378109453,0.10623083015948219,89,40,49,0.0,0.33333333333333337,0,0.0,0.0,0.0,0.0,0,none,0,1,0,overconfident,0.95,0,mild_drift,0.9675896464003054,0.0011763672078884536,0.8494140537485722,0.8774121081190664,1768146522.73665,0.2715287506580353,0.1919592022895813
269,17216,17215,sea_abrupt4,sea,ts_drift_adapt,3,"error_divergence_ph_meta@error.threshold=0.10,error.min_instances=5",error_divergence_ph_meta,"{""divergence"": {""alpha"": 0.1, ""delta"": 0.005, ""min_instances"": 30, ""threshold"": 0.05}, ""error_rate"": {""alpha"": 0.15, ""delta"": 0.005, ""min_instances"": 5, ""threshold"": 0.1}}","{""error_rate"": {""min_instances"": 5, ""threshold"": 0.1}}",0.1,0.005,0.15,5,0.05,0.005,0.1,30,,,,-1,two_stage,2,0.5,"__confirm_cooldown=200,__confirm_rule=perm_test,__perm_alpha=0.01,__perm_delta_k=25,__perm_min_effect=0,__perm_n_perm=200,__perm_post_n=50,__perm_pre_n=500,__perm_rng_seed=0,__perm_stat=delta_fused_score,divergence=0.3,error_rate=0.5,teacher_entropy=0.2",3,0,200,0.0,0,10000,10.0,25.0,200,500,1,72,1.0,0.8097118959107806,0.55011492966693,0.0,0.3341918885707855,0.01339680328965187,0,0,48,40,-1,perm_test,0.004975124378109453,0.10623083015948219,89,40,49,0.0,0.16666666666666666,0,0.0,0.0,0.0,0.0,0,none,0,1,0,overconfident,0.95,0,mild_drift,0.9639448232001526,0.001238183603944227,0.8247070268742861,0.8662060540595332,1768146522.746448,0.09953556209802628,0.12440309673547745
270,17280,17279,sea_abrupt4,sea,ts_drift_adapt,3,"error_divergence_ph_meta@error.threshold=0.10,error.min_instances=5",error_divergence_ph_meta,"{""divergence"": {""alpha"": 0.1, ""delta"": 0.005, ""min_instances"": 30, ""threshold"": 0.05}, ""error_rate"": {""alpha"": 0.15, ""delta"": 0.005, ""min_instances"": 5, ""threshold"": 0.1}}","{""error_rate"": {""min_instances"": 5, ""threshold"": 0.1}}",0.1,0.005,0.15,5,0.05,0.005,0.1,30,,,,-1,two_stage,2,0.5,"__confirm_cooldown=200,__confirm_rule=perm_test,__perm_alpha=0.01,__perm_delta_k=25,__perm_min_effect=0,__perm_n_perm=200,__perm_post_n=50,__perm_pre_n=500,__perm_rng_seed=0,__perm_stat=delta_fused_score,divergence=0.3,error_rate=0.5,teacher_entropy=0.2",3,0,200,0.0,0,10000,10.0,25.0,200,500,1,8,1.0,0.8098958333333334,0.551117083058143,0.16666666666666666,0.28547403216362,0.010338143445551395,0,1,48,40,-1,perm_test,0.004975124378109453,0.10623083015948219,89,40,49,0.0,0.16666666666666666,1,0.5,0.0,0.0,0.0,0,none,0,1,0,overconfident,0.95,0,mild_drift,0.9621224116000763,0.0012690918019721137,0.8123535134371431,0.8606030270297667,1768146522.756427,0.2088104486465454,0.10853128135204315
271,17344,17343,sea_abrupt4,sea,ts_drift_adapt,3,"error_divergence_ph_meta@error.threshold=0.10,error.min_instances=5",error_divergence_ph_meta,"{""divergence"": {""alpha"": 0.1, ""delta"": 0.005, ""min_instances"": 30, ""threshold"": 0.05}, ""error_rate"": {""alpha"": 0.15, ""delta"": 0.005, ""min_instances"": 5, ""threshold"": 0.1}}","{""error_rate"": {""min_instances"": 5, ""threshold"": 0.1}}",0.1,0.005,0.15,5,0.05,0.005,0.1,30,,,,-1,two_stage,2,0.5,"__confirm_cooldown=200,__confirm_rule=perm_test,__perm_alpha=0.01,__perm_delta_k=25,__perm_min_effect=0,__perm_n_perm=200,__perm_post_n=50,__perm_pre_n=500,__perm_rng_seed=0,__perm_stat=delta_fused_score,divergence=0.3,error_rate=0.5,teacher_entropy=0.2",3,0,200,0.0,0,10000,10.0,25.0,200,500,0,0,1.0,0.8100784132841329,0.5516422586653947,0.16666666666666666,0.3259293735027313,0.019835390150547028,0,0,48,40,-1,perm_test,0.004975124378109453,0.10623083015948219,89,40,49,0.0,0.009497246704995632,0,0.0,0.0,0.0,0.0,0,none,0,1,0,overconfident,0.95,0,mild_drift,0.9612112058000382,0.0012845459009860568,0.8061767567185716,0.8578015135148833,1768146522.7665195,0.16542191803455353,0.174981951713562
272,17408,17407,sea_abrupt4,sea,ts_drift_adapt,3,"error_divergence_ph_meta@error.threshold=0.10,error.min_instances=5",error_divergence_ph_meta,"{""divergence"": {""alpha"": 0.1, ""delta"": 0.005, ""min_instances"": 30, ""threshold"": 0.05}, ""error_rate"": {""alpha"": 0.15, ""delta"": 0.005, ""min_instances"": 5, ""threshold"": 0.1}}","{""error_rate"": {""min_instances"": 5, ""threshold"": 0.1}}",0.1,0.005,0.15,5,0.05,0.005,0.1,30,,,,-1,two_stage,2,0.5,"__confirm_cooldown=200,__confirm_rule=perm_test,__perm_alpha=0.01,__perm_delta_k=25,__perm_min_effect=0,__perm_n_perm=200,__perm_post_n=50,__perm_pre_n=500,__perm_rng_seed=0,__perm_stat=delta_fused_score,divergence=0.3,error_rate=0.5,teacher_entropy=0.2",3,0,200,0.0,0,10000,10.0,25.0,200,500,0,0,1.0,0.8103170955882353,0.5525152006156164,0.16666666666666666,0.32481181621551514,0.015112298540771008,0,0,48,40,-1,perm_test,0.004975124378109453,0.10623083015948219,89,40,49,0.0,0.00472309160977602,0,0.0,0.0,0.0,0.0,0,none,0,1,0,overconfident,0.95,0,mild_drift,0.960755602900019,0.0012922729504930286,0.8030883783592858,0.8564007567574417,1768146522.7766862,0.2969217300415039,0.14655086398124695
273,17472,17471,sea_abrupt4,sea,ts_drift_adapt,3,"error_divergence_ph_meta@error.threshold=0.10,error.min_instances=5",error_divergence_ph_meta,"{""divergence"": {""alpha"": 0.1, ""delta"": 0.005, ""min_instances"": 30, ""threshold"": 0.05}, ""error_rate"": {""alpha"": 0.15, ""delta"": 0.005, ""min_instances"": 5, ""threshold"": 0.1}}","{""error_rate"": {""min_instances"": 5, ""threshold"": 0.1}}",0.1,0.005,0.15,5,0.05,0.005,0.1,30,,,,-1,two_stage,2,0.5,"__confirm_cooldown=200,__confirm_rule=perm_test,__perm_alpha=0.01,__perm_delta_k=25,__perm_min_effect=0,__perm_n_perm=200,__perm_post_n=50,__perm_pre_n=500,__perm_rng_seed=0,__perm_stat=delta_fused_score,divergence=0.3,error_rate=0.5,teacher_entropy=0.2",3,0,200,0.0,0,10000,10.0,25.0,200,500,0,0,1.0,0.8104395604395604,0.5531059630994033,0.0,0.3254292607307434,0.009197015315294266,0,0,48,40,-1,perm_test,0.004975124378109453,0.10623083015948219,89,40,49,0.0,0.16666666666666666,0,0.0,0.0,0.0,0.0,0,none,0,1,0,overconfident,0.95,0,mild_drift,0.9605278014500095,0.0012961364752465143,0.8015441891796429,0.8557003783787208,1768146522.7870326,0.20509107410907745,0.11264380812644958
274,17536,17535,sea_abrupt4,sea,ts_drift_adapt,3,"error_divergence_ph_meta@error.threshold=0.10,error.min_instances=5",error_divergence_ph_meta,"{""divergence"": {""alpha"": 0.1, ""delta"": 0.005, ""min_instances"": 30, ""threshold"": 0.05}, ""error_rate"": {""alpha"": 0.15, ""delta"": 0.005, ""min_instances"": 5, ""threshold"": 0.1}}","{""error_rate"": {""min_instances"": 5, ""threshold"": 0.1}}",0.1,0.005,0.15,5,0.05,0.005,0.1,30,,,,-1,two_stage,2,0.5,"__confirm_cooldown=200,__confirm_rule=perm_test,__perm_alpha=0.01,__perm_delta_k=25,__perm_min_effect=0,__perm_n_perm=200,__perm_post_n=50,__perm_pre_n=500,__perm_rng_seed=0,__perm_stat=delta_fused_score,divergence=0.3,error_rate=0.5,teacher_entropy=0.2",3,0,200,0.0,0,10000,10.0,25.0,200,500,0,0,1.0,0.8104470802919708,0.5534754358519297,0.16666666666666666,0.28663140535354614,0.014973088167607784,0,0,48,40,-1,perm_test,0.004975124378109453,0.10623083015948219,89,40,49,0.0,0.16666666666666666,0,0.0,0.0,0.0,0.0,0,none,0,1,0,overconfident,0.95,0,mild_drift,0.9604139007250048,0.0012980682376232573,0.8007720945898215,0.8553501891893605,1768146522.797355,0.2798907458782196,0.1293775737285614
275,17600,17599,sea_abrupt4,sea,ts_drift_adapt,3,"error_divergence_ph_meta@error.threshold=0.10,error.min_instances=5",error_divergence_ph_meta,"{""divergence"": {""alpha"": 0.1, ""delta"": 0.005, ""min_instances"": 30, ""threshold"": 0.05}, ""error_rate"": {""alpha"": 0.15, ""delta"": 0.005, ""min_instances"": 5, ""threshold"": 0.1}}","{""error_rate"": {""min_instances"": 5, ""threshold"": 0.1}}",0.1,0.005,0.15,5,0.05,0.005,0.1,30,,,,-1,two_stage,2,0.5,"__confirm_cooldown=200,__confirm_rule=perm_test,__perm_alpha=0.01,__perm_delta_k=25,__perm_min_effect=0,__perm_n_perm=200,__perm_post_n=50,__perm_pre_n=500,__perm_rng_seed=0,__perm_stat=delta_fused_score,divergence=0.3,error_rate=0.5,teacher_entropy=0.2",3,0,200,0.0,0,10000,10.0,25.0,200,500,0,0,1.0,0.8105113636363637,0.5539240035335883,0.16666666666666666,0.33354055881500244,0.014358308166265488,0,1,49,40,-1,perm_test,0.417910447761194,0.0016104019144538018,90,40,50,0.0,0.0006147800013422966,1,0.5,0.0,0.0,0.0,0,none,0,1,0,overconfident,0.95,0,mild_drift,0.9603569503625023,0.0012990341188116286,0.8003860472949107,0.8551750945946802,1768146522.815317,0.497389554977417,0.1321914792060852
276,17664,17663,sea_abrupt4,sea,ts_drift_adapt,3,"error_divergence_ph_meta@error.threshold=0.10,error.min_instances=5",error_divergence_ph_meta,"{""divergence"": {""alpha"": 0.1, ""delta"": 0.005, ""min_instances"": 30, ""threshold"": 0.05}, ""error_rate"": {""alpha"": 0.15, ""delta"": 0.005, ""min_instances"": 5, ""threshold"": 0.1}}","{""error_rate"": {""min_instances"": 5, ""threshold"": 0.1}}",0.1,0.005,0.15,5,0.05,0.005,0.1,30,,,,-1,two_stage,2,0.5,"__confirm_cooldown=200,__confirm_rule=perm_test,__perm_alpha=0.01,__perm_delta_k=25,__perm_min_effect=0,__perm_n_perm=200,__perm_post_n=50,__perm_pre_n=500,__perm_rng_seed=0,__perm_stat=delta_fused_score,divergence=0.3,error_rate=0.5,teacher_entropy=0.2",3,0,200,0.0,0,10000,10.0,25.0,200,500,0,0,1.0,0.8108016304347826,0.5546784268259812,0.16666666666666666,0.3510572910308838,0.012836990877985954,0,0,49,40,-1,perm_test,1.0,-0.0238428000339677,91,40,51,0.0,0.0015213172882795334,0,0.0,0.0,0.0,0.0,0,none,0,1,0,overconfident,0.95,0,mild_drift,0.9603284751812511,0.0012995170594058145,0.8001930236474554,0.85508754729734,1768146522.8257072,0.25670889019966125,0.1258874088525772
277,17728,17727,sea_abrupt4,sea,ts_drift_adapt,3,"error_divergence_ph_meta@error.threshold=0.10,error.min_instances=5",error_divergence_ph_meta,"{""divergence"": {""alpha"": 0.1, ""delta"": 0.005, ""min_instances"": 30, ""threshold"": 0.05}, ""error_rate"": {""alpha"": 0.15, ""delta"": 0.005, ""min_instances"": 5, ""threshold"": 0.1}}","{""error_rate"": {""min_instances"": 5, ""threshold"": 0.1}}",0.1,0.005,0.15,5,0.05,0.005,0.1,30,,,,-1,two_stage,2,0.5,"__confirm_cooldown=200,__confirm_rule=perm_test,__perm_alpha=0.01,__perm_delta_k=25,__perm_min_effect=0,__perm_n_perm=200,__perm_post_n=50,__perm_pre_n=500,__perm_rng_seed=0,__perm_stat=delta_fused_score,divergence=0.3,error_rate=0.5,teacher_entropy=0.2",3,0,200,0.0,0,10000,10.0,25.0,200,500,0,0,1.0,0.8112590252707581,0.5556981952615068,0.0,0.34146085381507874,0.015967076644301414,0,0,49,40,-1,perm_test,1.0,-0.04480255336654999,92,40,52,0.0,0.16666666666666666,0,0.0,0.0,0.0,0.0,0,none,0,1,0,overconfident,0.95,0,mild_drift,0.9603142375906255,0.0012997585297029072,0.8000965118237278,0.85504377364867,1768146522.835936,0.12087436765432358,0.14249776303768158
278,17792,17791,sea_abrupt4,sea,ts_drift_adapt,3,"error_divergence_ph_meta@error.threshold=0.10,error.min_instances=5",error_divergence_ph_meta,"{""divergence"": {""alpha"": 0.1, ""delta"": 0.005, ""min_instances"": 30, ""threshold"": 0.05}, ""error_rate"": {""alpha"": 0.15, ""delta"": 0.005, ""min_instances"": 5, ""threshold"": 0.1}}","{""error_rate"": {""min_instances"": 5, ""threshold"": 0.1}}",0.1,0.005,0.15,5,0.05,0.005,0.1,30,,,,-1,two_stage,2,0.5,"__confirm_cooldown=200,__confirm_rule=perm_test,__perm_alpha=0.01,__perm_delta_k=25,__perm_min_effect=0,__perm_n_perm=200,__perm_post_n=50,__perm_pre_n=500,__perm_rng_seed=0,__perm_stat=delta_fused_score,divergence=0.3,error_rate=0.5,teacher_entropy=0.2",3,0,200,0.0,0,10000,10.0,25.0,200,500,0,0,1.0,0.8113758992805755,0.5562285091907297,0.16666666666666666,0.3223387598991394,0.010223082266747952,1,0,49,41,3,perm_test,0.004975124378109453,0.057218763298425936,93,41,52,0.0,0.16666666666666666,0,0.0,0.0,0.0,0.0,0,none,1,1,0,overconfident,0.95,0,stable,0.9751571187953127,0.0010498792648514536,0.9000482559118639,0.900021886824335,1768146522.8532124,0.7675516605377197,0.09342452883720398
279,17856,17855,sea_abrupt4,sea,ts_drift_adapt,3,"error_divergence_ph_meta@error.threshold=0.10,error.min_instances=5",error_divergence_ph_meta,"{""divergence"": {""alpha"": 0.1, ""delta"": 0.005, ""min_instances"": 30, ""threshold"": 0.05}, ""error_rate"": {""alpha"": 0.15, ""delta"": 0.005, ""min_instances"": 5, ""threshold"": 0.1}}","{""error_rate"": {""min_instances"": 5, ""threshold"": 0.1}}",0.1,0.005,0.15,5,0.05,0.005,0.1,30,,,,-1,two_stage,2,0.5,"__confirm_cooldown=200,__confirm_rule=perm_test,__perm_alpha=0.01,__perm_delta_k=25,__perm_min_effect=0,__perm_n_perm=200,__perm_post_n=50,__perm_pre_n=500,__perm_rng_seed=0,__perm_stat=delta_fused_score,divergence=0.3,error_rate=0.5,teacher_entropy=0.2",3,0,200,0.0,0,10000,10.0,25.0,200,500,1,136,1.0,0.8113239247311828,0.5562951284507006,0.0,0.33744391798973083,0.018254149705171585,0,0,49,41,-1,perm_test,0.004975124378109453,0.057218763298425936,93,41,52,0.0,0.16666666666666666,0,0.0,0.0,0.0,0.0,0,none,0,1,0,overconfident,0.95,0,mild_drift,0.9677285593976563,0.0011749396324257269,0.850024127955932,0.8775109434121675,1768146522.8631496,0.036673832684755325,0.15133559703826904
280,17920,17919,sea_abrupt4,sea,ts_drift_adapt,3,"error_divergence_ph_meta@error.threshold=0.10,error.min_instances=5",error_divergence_ph_meta,"{""divergence"": {""alpha"": 0.1, ""delta"": 0.005, ""min_instances"": 30, ""threshold"": 0.05}, ""error_rate"": {""alpha"": 0.15, ""delta"": 0.005, ""min_instances"": 5, ""threshold"": 0.1}}","{""error_rate"": {""min_instances"": 5, ""threshold"": 0.1}}",0.1,0.005,0.15,5,0.05,0.005,0.1,30,,,,-1,two_stage,2,0.5,"__confirm_cooldown=200,__confirm_rule=perm_test,__perm_alpha=0.01,__perm_delta_k=25,__perm_min_effect=0,__perm_n_perm=200,__perm_post_n=50,__perm_pre_n=500,__perm_rng_seed=0,__perm_stat=delta_fused_score,divergence=0.3,error_rate=0.5,teacher_entropy=0.2",3,0,200,0.0,0,10000,10.0,25.0,200,500,1,72,1.0,0.811328125,0.5562868387077723,0.16666666666666666,0.28864625096321106,0.013943581841886044,0,1,49,41,-1,perm_test,0.004975124378109453,0.057218763298425936,93,41,52,0.0,0.16666666666666666,1,0.5,0.0,0.0,0.0,0,none,0,1,0,overconfident,0.95,0,mild_drift,0.9640142796988281,0.0012374698162128635,0.825012063977966,0.8662554717060837,1768146522.872854,0.2985680401325226,0.1048220619559288
281,17984,17983,sea_abrupt4,sea,ts_drift_adapt,3,"error_divergence_ph_meta@error.threshold=0.10,error.min_instances=5",error_divergence_ph_meta,"{""divergence"": {""alpha"": 0.1, ""delta"": 0.005, ""min_instances"": 30, ""threshold"": 0.05}, ""error_rate"": {""alpha"": 0.15, ""delta"": 0.005, ""min_instances"": 5, ""threshold"": 0.1}}","{""error_rate"": {""min_instances"": 5, ""threshold"": 0.1}}",0.1,0.005,0.15,5,0.05,0.005,0.1,30,,,,-1,two_stage,2,0.5,"__confirm_cooldown=200,__confirm_rule=perm_test,__perm_alpha=0.01,__perm_delta_k=25,__perm_min_effect=0,__perm_n_perm=200,__perm_post_n=50,__perm_pre_n=500,__perm_rng_seed=0,__perm_stat=delta_fused_score,divergence=0.3,error_rate=0.5,teacher_entropy=0.2",3,0,200,0.0,0,10000,10.0,25.0,200,500,1,8,1.0,0.8117771352313167,0.557441041127994,0.0,0.3118625581264496,0.01333241630345583,0,0,49,41,-1,perm_test,0.004975124378109453,0.057218763298425936,93,41,52,0.0,0.16666666666666666,0,0.0,0.0,0.0,0.0,0,none,0,1,0,overconfident,0.95,0,mild_drift,0.962157139849414,0.0012687349081064317,0.812506031988983,0.8606277358530419,1768146522.882609,0.0921890139579773,0.10963454842567444
282,18048,18047,sea_abrupt4,sea,ts_drift_adapt,3,"error_divergence_ph_meta@error.threshold=0.10,error.min_instances=5",error_divergence_ph_meta,"{""divergence"": {""alpha"": 0.1, ""delta"": 0.005, ""min_instances"": 30, ""threshold"": 0.05}, ""error_rate"": {""alpha"": 0.15, ""delta"": 0.005, ""min_instances"": 5, ""threshold"": 0.1}}","{""error_rate"": {""min_instances"": 5, ""threshold"": 0.1}}",0.1,0.005,0.15,5,0.05,0.005,0.1,30,,,,-1,two_stage,2,0.5,"__confirm_cooldown=200,__confirm_rule=perm_test,__perm_alpha=0.01,__perm_delta_k=25,__perm_min_effect=0,__perm_n_perm=200,__perm_post_n=50,__perm_pre_n=500,__perm_rng_seed=0,__perm_stat=delta_fused_score,divergence=0.3,error_rate=0.5,teacher_entropy=0.2",3,0,200,0.0,0,10000,10.0,25.0,200,500,0,0,1.0,0.8119459219858156,0.5579008340735464,0.16666666666666666,0.32115015387535095,0.011338573880493641,0,0,49,41,-1,perm_test,0.004975124378109453,0.057218763298425936,93,41,52,0.0,0.16666666666666666,0,0.0,0.0,0.0,0.0,0,none,0,1,0,overconfident,0.95,0,mild_drift,0.961228569924707,0.0012843674540532158,0.8062530159944915,0.8578138679265209,1768146522.8927271,0.2197314351797104,0.10287580639123917
283,18112,18111,sea_abrupt4,sea,ts_drift_adapt,3,"error_divergence_ph_meta@error.threshold=0.10,error.min_instances=5",error_divergence_ph_meta,"{""divergence"": {""alpha"": 0.1, ""delta"": 0.005, ""min_instances"": 30, ""threshold"": 0.05}, ""error_rate"": {""alpha"": 0.15, ""delta"": 0.005, ""min_instances"": 5, ""threshold"": 0.1}}","{""error_rate"": {""min_instances"": 5, ""threshold"": 0.1}}",0.1,0.005,0.15,5,0.05,0.005,0.1,30,,,,-1,two_stage,2,0.5,"__confirm_cooldown=200,__confirm_rule=perm_test,__perm_alpha=0.01,__perm_delta_k=25,__perm_min_effect=0,__perm_n_perm=200,__perm_post_n=50,__perm_pre_n=500,__perm_rng_seed=0,__perm_stat=delta_fused_score,divergence=0.3,error_rate=0.5,teacher_entropy=0.2",3,0,200,0.0,0,10000,10.0,25.0,200,500,0,0,1.0,0.8121687279151943,0.5582847418302674,0.16666666666666666,0.326015830039978,0.021264158189296722,0,0,49,41,-1,perm_test,0.004975124378109453,0.057218763298425936,93,41,52,0.0,0.009925584308803082,0,0.0,0.0,0.0,0.0,0,none,0,1,0,overconfident,0.95,0,mild_drift,0.9607642849623534,0.0012921837270266079,0.8031265079972458,0.8564069339632605,1768146522.9029381,0.3166746497154236,0.17340385913848877
284,18176,18175,sea_abrupt4,sea,ts_drift_adapt,3,"error_divergence_ph_meta@error.threshold=0.10,error.min_instances=5",error_divergence_ph_meta,"{""divergence"": {""alpha"": 0.1, ""delta"": 0.005, ""min_instances"": 30, ""threshold"": 0.05}, ""error_rate"": {""alpha"": 0.15, ""delta"": 0.005, ""min_instances"": 5, ""threshold"": 0.1}}","{""error_rate"": {""min_instances"": 5, ""threshold"": 0.1}}",0.1,0.005,0.15,5,0.05,0.005,0.1,30,,,,-1,two_stage,2,0.5,"__confirm_cooldown=200,__confirm_rule=perm_test,__perm_alpha=0.01,__perm_delta_k=25,__perm_min_effect=0,__perm_n_perm=200,__perm_post_n=50,__perm_pre_n=500,__perm_rng_seed=0,__perm_stat=delta_fused_score,divergence=0.3,error_rate=0.5,teacher_entropy=0.2",3,0,200,0.0,0,10000,10.0,25.0,200,500,0,0,1.0,0.8121148767605634,0.5584345303049976,0.3333333333333333,0.3381263017654419,0.02355172485113144,0,0,49,41,-1,perm_test,0.004975124378109453,0.057218763298425936,93,41,52,0.0,0.16666666666666666,0,0.0,0.0,0.0,0.0,0,none,0,1,0,overconfident,0.95,0,mild_drift,0.9605321424811767,0.001296091863513304,0.8015632539986229,0.8557034669816302,1768146522.9132068,0.5682821273803711,0.17117276787757874
285,18240,18239,sea_abrupt4,sea,ts_drift_adapt,3,"error_divergence_ph_meta@error.threshold=0.10,error.min_instances=5",error_divergence_ph_meta,"{""divergence"": {""alpha"": 0.1, ""delta"": 0.005, ""min_instances"": 30, ""threshold"": 0.05}, ""error_rate"": {""alpha"": 0.15, ""delta"": 0.005, ""min_instances"": 5, ""threshold"": 0.1}}","{""error_rate"": {""min_instances"": 5, ""threshold"": 0.1}}",0.1,0.005,0.15,5,0.05,0.005,0.1,30,,,,-1,two_stage,2,0.5,"__confirm_cooldown=200,__confirm_rule=perm_test,__perm_alpha=0.01,__perm_delta_k=25,__perm_min_effect=0,__perm_n_perm=200,__perm_post_n=50,__perm_pre_n=500,__perm_rng_seed=0,__perm_stat=delta_fused_score,divergence=0.3,error_rate=0.5,teacher_entropy=0.2",3,0,200,0.0,0,10000,10.0,25.0,200,500,0,0,1.0,0.8123355263157894,0.5591364940176657,0.0,0.3047367036342621,0.009323208592832088,0,1,50,41,-1,perm_test,1.0,-0.1545460260484044,94,41,53,0.16666666666666666,0.3333333333333333,1,0.5,0.0,0.0,0.0,0,none,0,1,0,overconfident,0.95,0,mild_drift,0.9604160712405883,0.0012980459317566521,0.8007816269993115,0.8553517334908152,1768146522.9237683,0.20587892830371857,0.0857061892747879
286,18304,18303,sea_abrupt4,sea,ts_drift_adapt,3,"error_divergence_ph_meta@error.threshold=0.10,error.min_instances=5",error_divergence_ph_meta,"{""divergence"": {""alpha"": 0.1, ""delta"": 0.005, ""min_instances"": 30, ""threshold"": 0.05}, ""error_rate"": {""alpha"": 0.15, ""delta"": 0.005, ""min_instances"": 5, ""threshold"": 0.1}}","{""error_rate"": {""min_instances"": 5, ""threshold"": 0.1}}",0.1,0.005,0.15,5,0.05,0.005,0.1,30,,,,-1,two_stage,2,0.5,"__confirm_cooldown=200,__confirm_rule=perm_test,__perm_alpha=0.01,__perm_delta_k=25,__perm_min_effect=0,__perm_n_perm=200,__perm_post_n=50,__perm_pre_n=500,__perm_rng_seed=0,__perm_stat=delta_fused_score,divergence=0.3,error_rate=0.5,teacher_entropy=0.2",3,0,200,0.0,0,10000,10.0,25.0,200,500,0,0,1.0,0.8122814685314685,0.5593266778401225,0.0,0.32788771390914917,0.015408780425786972,1,0,50,42,1,perm_test,0.004975124378109453,0.04582580024666413,95,42,53,0.0,0.006085571832954884,0,0.0,0.0,0.0,0.0,0,none,1,1,0,overconfident,0.95,0,stable,0.9752080356202941,0.001049022965878326,0.9003908134996558,0.9001758667454076,1768146522.9416423,0.18510489165782928,0.1147177666425705
287,18368,18367,sea_abrupt4,sea,ts_drift_adapt,3,"error_divergence_ph_meta@error.threshold=0.10,error.min_instances=5",error_divergence_ph_meta,"{""divergence"": {""alpha"": 0.1, ""delta"": 0.005, ""min_instances"": 30, ""threshold"": 0.05}, ""error_rate"": {""alpha"": 0.15, ""delta"": 0.005, ""min_instances"": 5, ""threshold"": 0.1}}","{""error_rate"": {""min_instances"": 5, ""threshold"": 0.1}}",0.1,0.005,0.15,5,0.05,0.005,0.1,30,,,,-1,two_stage,2,0.5,"__confirm_cooldown=200,__confirm_rule=perm_test,__perm_alpha=0.01,__perm_delta_k=25,__perm_min_effect=0,__perm_n_perm=200,__perm_post_n=50,__perm_pre_n=500,__perm_rng_seed=0,__perm_stat=delta_fused_score,divergence=0.3,error_rate=0.5,teacher_entropy=0.2",3,0,200,0.0,0,10000,10.0,25.0,200,500,1,136,1.0,0.8123911149825784,0.5598578547350003,0.0,0.34619587659835815,0.019072312861680984,0,0,50,42,-1,perm_test,0.004975124378109453,0.04582580024666413,95,42,53,0.0,0.0036635324358940125,0,0.0,0.0,0.0,0.0,0,none,0,1,0,overconfident,0.95,0,mild_drift,0.967754017810147,0.001174511482939163,0.8501954067498279,0.8775879333727038,1768146522.9516132,0.2761939764022827,0.15640568733215332
288,18432,18431,sea_abrupt4,sea,ts_drift_adapt,3,"error_divergence_ph_meta@error.threshold=0.10,error.min_instances=5",error_divergence_ph_meta,"{""divergence"": {""alpha"": 0.1, ""delta"": 0.005, ""min_instances"": 30, ""threshold"": 0.05}, ""error_rate"": {""alpha"": 0.15, ""delta"": 0.005, ""min_instances"": 5, ""threshold"": 0.1}}","{""error_rate"": {""min_instances"": 5, ""threshold"": 0.1}}",0.1,0.005,0.15,5,0.05,0.005,0.1,30,,,,-1,two_stage,2,0.5,"__confirm_cooldown=200,__confirm_rule=perm_test,__perm_alpha=0.01,__perm_delta_k=25,__perm_min_effect=0,__perm_n_perm=200,__perm_post_n=50,__perm_pre_n=500,__perm_rng_seed=0,__perm_stat=delta_fused_score,divergence=0.3,error_rate=0.5,teacher_entropy=0.2",3,0,200,0.0,0,10000,10.0,25.0,200,500,1,72,1.0,0.8126085069444444,0.560291598797501,0.0,0.29314738512039185,0.011613997630774975,0,0,50,42,-1,perm_test,0.004975124378109453,0.04582580024666413,95,42,53,0.0,0.00745831523090601,0,0.0,0.0,0.0,0.0,0,none,0,1,0,overconfident,0.95,0,mild_drift,0.9640270089050735,0.0012372557414695815,0.825097703374914,0.8662939666863518,1768146522.9614549,0.04233647510409355,0.14456573128700256
289,18496,18495,sea_abrupt4,sea,ts_drift_adapt,3,"error_divergence_ph_meta@error.threshold=0.10,error.min_instances=5",error_divergence_ph_meta,"{""divergence"": {""alpha"": 0.1, ""delta"": 0.005, ""min_instances"": 30, ""threshold"": 0.05}, ""error_rate"": {""alpha"": 0.15, ""delta"": 0.005, ""min_instances"": 5, ""threshold"": 0.1}}","{""error_rate"": {""min_instances"": 5, ""threshold"": 0.1}}",0.1,0.005,0.15,5,0.05,0.005,0.1,30,,,,-1,two_stage,2,0.5,"__confirm_cooldown=200,__confirm_rule=perm_test,__perm_alpha=0.01,__perm_delta_k=25,__perm_min_effect=0,__perm_n_perm=200,__perm_post_n=50,__perm_pre_n=500,__perm_rng_seed=0,__perm_stat=delta_fused_score,divergence=0.3,error_rate=0.5,teacher_entropy=0.2",3,0,200,0.0,0,10000,10.0,25.0,200,500,1,8,1.0,0.8127703287197232,0.5609295632605732,0.16666666666666666,0.33228811621665955,0.01700308918952942,0,0,50,42,-1,perm_test,0.004975124378109453,0.04582580024666413,95,42,53,0.0,0.16666666666666666,0,0.0,0.0,0.0,0.0,0,none,0,1,0,overconfident,0.95,0,mild_drift,0.9621635044525367,0.0012686278707347907,0.812548851687457,0.8606469833431759,1768146522.9714313,0.17096561193466187,0.14751842617988586
290,18560,18559,sea_abrupt4,sea,ts_drift_adapt,3,"error_divergence_ph_meta@error.threshold=0.10,error.min_instances=5",error_divergence_ph_meta,"{""divergence"": {""alpha"": 0.1, ""delta"": 0.005, ""min_instances"": 30, ""threshold"": 0.05}, ""error_rate"": {""alpha"": 0.15, ""delta"": 0.005, ""min_instances"": 5, ""threshold"": 0.1}}","{""error_rate"": {""min_instances"": 5, ""threshold"": 0.1}}",0.1,0.005,0.15,5,0.05,0.005,0.1,30,,,,-1,two_stage,2,0.5,"__confirm_cooldown=200,__confirm_rule=perm_test,__perm_alpha=0.01,__perm_delta_k=25,__perm_min_effect=0,__perm_n_perm=200,__perm_post_n=50,__perm_pre_n=500,__perm_rng_seed=0,__perm_stat=delta_fused_score,divergence=0.3,error_rate=0.5,teacher_entropy=0.2",3,0,200,0.0,0,10000,10.0,25.0,200,500,0,0,1.0,0.8130387931034483,0.5619442614012625,0.0,0.31732645630836487,0.019403671845793724,0,1,51,42,-1,perm_test,1.0,-0.07303642065858405,96,42,54,0.0,0.16666666666666666,1,0.5,0.0,0.0,0.0,0,none,0,1,0,overconfident,0.95,0,mild_drift,0.9612317522262683,0.0012843139353673956,0.8062744258437285,0.8578234916715879,1768146522.9818528,0.1711684912443161,0.16921670734882355
291,18624,18623,sea_abrupt4,sea,ts_drift_adapt,3,"error_divergence_ph_meta@error.threshold=0.10,error.min_instances=5",error_divergence_ph_meta,"{""divergence"": {""alpha"": 0.1, ""delta"": 0.005, ""min_instances"": 30, ""threshold"": 0.05}, ""error_rate"": {""alpha"": 0.15, ""delta"": 0.005, ""min_instances"": 5, ""threshold"": 0.1}}","{""error_rate"": {""min_instances"": 5, ""threshold"": 0.1}}",0.1,0.005,0.15,5,0.05,0.005,0.1,30,,,,-1,two_stage,2,0.5,"__confirm_cooldown=200,__confirm_rule=perm_test,__perm_alpha=0.01,__perm_delta_k=25,__perm_min_effect=0,__perm_n_perm=200,__perm_post_n=50,__perm_pre_n=500,__perm_rng_seed=0,__perm_stat=delta_fused_score,divergence=0.3,error_rate=0.5,teacher_entropy=0.2",3,0,200,0.0,0,10000,10.0,25.0,200,500,0,0,1.0,0.8131443298969072,0.5624110258870513,0.16666666666666666,0.30156442523002625,0.01784435845911503,0,0,51,42,-1,perm_test,0.3781094527363184,0.0023636444320777727,97,42,55,0.0,0.16666666666666666,0,0.0,0.0,0.0,0.0,0,none,0,1,0,overconfident,0.95,0,mild_drift,0.9607658761131341,0.001292156967683698,0.8031372129218644,0.8564117458357939,1768146522.9995348,0.3149603307247162,0.13523991405963898
292,18688,18687,sea_abrupt4,sea,ts_drift_adapt,3,"error_divergence_ph_meta@error.threshold=0.10,error.min_instances=5",error_divergence_ph_meta,"{""divergence"": {""alpha"": 0.1, ""delta"": 0.005, ""min_instances"": 30, ""threshold"": 0.05}, ""error_rate"": {""alpha"": 0.15, ""delta"": 0.005, ""min_instances"": 5, ""threshold"": 0.1}}","{""error_rate"": {""min_instances"": 5, ""threshold"": 0.1}}",0.1,0.005,0.15,5,0.05,0.005,0.1,30,,,,-1,two_stage,2,0.5,"__confirm_cooldown=200,__confirm_rule=perm_test,__perm_alpha=0.01,__perm_delta_k=25,__perm_min_effect=0,__perm_n_perm=200,__perm_post_n=50,__perm_pre_n=500,__perm_rng_seed=0,__perm_stat=delta_fused_score,divergence=0.3,error_rate=0.5,teacher_entropy=0.2",3,0,200,0.0,0,10000,10.0,25.0,200,500,0,0,1.0,0.8134631849315068,0.5635099370308382,0.0,0.3223530650138855,0.014233511872589588,0,0,51,42,-1,perm_test,1.0,-0.04651453298162412,98,42,56,0.0,0.16666666666666666,0,0.0,0.0,0.0,0.0,0,none,0,1,0,overconfident,0.95,0,mild_drift,0.960532938056567,0.001296078483841849,0.8015686064609322,0.855705872917897,1768146523.009764,0.050477612763643265,0.11641782522201538
293,18752,18751,sea_abrupt4,sea,ts_drift_adapt,3,"error_divergence_ph_meta@error.threshold=0.10,error.min_instances=5",error_divergence_ph_meta,"{""divergence"": {""alpha"": 0.1, ""delta"": 0.005, ""min_instances"": 30, ""threshold"": 0.05}, ""error_rate"": {""alpha"": 0.15, ""delta"": 0.005, ""min_instances"": 5, ""threshold"": 0.1}}","{""error_rate"": {""min_instances"": 5, ""threshold"": 0.1}}",0.1,0.005,0.15,5,0.05,0.005,0.1,30,,,,-1,two_stage,2,0.5,"__confirm_cooldown=200,__confirm_rule=perm_test,__perm_alpha=0.01,__perm_delta_k=25,__perm_min_effect=0,__perm_n_perm=200,__perm_post_n=50,__perm_pre_n=500,__perm_rng_seed=0,__perm_stat=delta_fused_score,divergence=0.3,error_rate=0.5,teacher_entropy=0.2",3,0,200,0.0,0,10000,10.0,25.0,200,500,0,0,1.0,0.8131932593856656,0.5632991226606665,0.0,0.3660971522331238,0.02537626214325428,0,0,51,42,-1,perm_test,0.18407960199004975,0.006813394965364268,99,42,57,0.0,0.011142750270664692,0,0.0,0.0,0.0,0.0,0,none,0,1,0,overconfident,0.95,0,mild_drift,0.9604164690282835,0.0012980392419209247,0.8007843032304661,0.8553529364589485,1768146523.0268047,0.059350837022066116,0.2103274017572403
294,18816,18815,sea_abrupt4,sea,ts_drift_adapt,3,"error_divergence_ph_meta@error.threshold=0.10,error.min_instances=5",error_divergence_ph_meta,"{""divergence"": {""alpha"": 0.1, ""delta"": 0.005, ""min_instances"": 30, ""threshold"": 0.05}, ""error_rate"": {""alpha"": 0.15, ""delta"": 0.005, ""min_instances"": 5, ""threshold"": 0.1}}","{""error_rate"": {""min_instances"": 5, ""threshold"": 0.1}}",0.1,0.005,0.15,5,0.05,0.005,0.1,30,,,,-1,two_stage,2,0.5,"__confirm_cooldown=200,__confirm_rule=perm_test,__perm_alpha=0.01,__perm_delta_k=25,__perm_min_effect=0,__perm_n_perm=200,__perm_post_n=50,__perm_pre_n=500,__perm_rng_seed=0,__perm_stat=delta_fused_score,divergence=0.3,error_rate=0.5,teacher_entropy=0.2",3,0,200,0.0,0,10000,10.0,25.0,200,500,0,0,1.0,0.8134034863945578,0.5637898900005047,0.16666666666666666,0.31324177980422974,0.017511213198304176,0,0,51,42,-1,perm_test,0.18407960199004975,0.006813394965364268,99,42,57,0.0,0.16666666666666666,0,0.0,0.0,0.0,0.0,0,none,0,1,0,overconfident,0.95,0,mild_drift,0.9603582345141417,0.0012990196209604625,0.800392151615233,0.8551764682294742,1768146523.037064,0.23717786371707916,0.1402551680803299
295,18880,18879,sea_abrupt4,sea,ts_drift_adapt,3,"error_divergence_ph_meta@error.threshold=0.10,error.min_instances=5",error_divergence_ph_meta,"{""divergence"": {""alpha"": 0.1, ""delta"": 0.005, ""min_instances"": 30, ""threshold"": 0.05}, ""error_rate"": {""alpha"": 0.15, ""delta"": 0.005, ""min_instances"": 5, ""threshold"": 0.1}}","{""error_rate"": {""min_instances"": 5, ""threshold"": 0.1}}",0.1,0.005,0.15,5,0.05,0.005,0.1,30,,,,-1,two_stage,2,0.5,"__confirm_cooldown=200,__confirm_rule=perm_test,__perm_alpha=0.01,__perm_delta_k=25,__perm_min_effect=0,__perm_n_perm=200,__perm_post_n=50,__perm_pre_n=500,__perm_rng_seed=0,__perm_stat=delta_fused_score,divergence=0.3,error_rate=0.5,teacher_entropy=0.2",3,0,200,0.0,0,10000,10.0,25.0,200,500,0,0,1.0,0.8135593220338984,0.5646069508142834,0.16666666666666666,0.29324522614479065,0.018176011741161346,0,1,52,42,-1,perm_test,1.0,-0.0023372775955838813,100,42,58,0.16666666666666666,0.0006647985428571701,1,0.5,0.0,0.0,0.0,0,none,0,1,0,overconfident,0.95,0,mild_drift,0.9603291172570708,0.0012995098104802314,0.8001960758076165,0.8550882341147371,1768146523.0472865,0.3460926115512848,0.17102600634098053
296,18944,18943,sea_abrupt4,sea,ts_drift_adapt,3,"error_divergence_ph_meta@error.threshold=0.10,error.min_instances=5",error_divergence_ph_meta,"{""divergence"": {""alpha"": 0.1, ""delta"": 0.005, ""min_instances"": 30, ""threshold"": 0.05}, ""error_rate"": {""alpha"": 0.15, ""delta"": 0.005, ""min_instances"": 5, ""threshold"": 0.1}}","{""error_rate"": {""min_instances"": 5, ""threshold"": 0.1}}",0.1,0.005,0.15,5,0.05,0.005,0.1,30,,,,-1,two_stage,2,0.5,"__confirm_cooldown=200,__confirm_rule=perm_test,__perm_alpha=0.01,__perm_delta_k=25,__perm_min_effect=0,__perm_n_perm=200,__perm_post_n=50,__perm_pre_n=500,__perm_rng_seed=0,__perm_stat=delta_fused_score,divergence=0.3,error_rate=0.5,teacher_entropy=0.2",3,0,200,0.0,0,10000,10.0,25.0,200,500,0,0,1.0,0.8138196790540541,0.5654366292276077,0.16666666666666666,0.27965277433395386,0.015657618641853333,0,0,52,42,-1,perm_test,1.0,-0.044601528010079744,101,42,59,0.0,0.002518393099308014,0,0.0,0.0,0.0,0.0,0,none,0,1,0,overconfident,0.95,0,mild_drift,0.9603145586285353,0.0012997549052401157,0.8000980379038083,0.8550441170573686,1768146523.0573955,0.309175968170166,0.1133282333612442
297,19008,19007,sea_abrupt4,sea,ts_drift_adapt,3,"error_divergence_ph_meta@error.threshold=0.10,error.min_instances=5",error_divergence_ph_meta,"{""divergence"": {""alpha"": 0.1, ""delta"": 0.005, ""min_instances"": 30, ""threshold"": 0.05}, ""error_rate"": {""alpha"": 0.15, ""delta"": 0.005, ""min_instances"": 5, ""threshold"": 0.1}}","{""error_rate"": {""min_instances"": 5, ""threshold"": 0.1}}",0.1,0.005,0.15,5,0.05,0.005,0.1,30,,,,-1,two_stage,2,0.5,"__confirm_cooldown=200,__confirm_rule=perm_test,__perm_alpha=0.01,__perm_delta_k=25,__perm_min_effect=0,__perm_n_perm=200,__perm_post_n=50,__perm_pre_n=500,__perm_rng_seed=0,__perm_stat=delta_fused_score,divergence=0.3,error_rate=0.5,teacher_entropy=0.2",3,0,200,0.0,0,10000,10.0,25.0,200,500,0,0,1.0,0.8139204545454546,0.5660709244466785,0.0,0.30567193031311035,0.014433535747230053,0,0,52,42,-1,perm_test,1.0,-0.046319875181008094,102,42,60,0.0,0.16666666666666666,0,0.0,0.0,0.0,0.0,0,none,0,1,0,overconfident,0.95,0,mild_drift,0.9603072793142676,0.0012998774526200578,0.8000490189519042,0.8550220585286843,1768146523.0675976,0.06728304177522659,0.12431512027978897
298,19072,19071,sea_abrupt4,sea,ts_drift_adapt,3,"error_divergence_ph_meta@error.threshold=0.10,error.min_instances=5",error_divergence_ph_meta,"{""divergence"": {""alpha"": 0.1, ""delta"": 0.005, ""min_instances"": 30, ""threshold"": 0.05}, ""error_rate"": {""alpha"": 0.15, ""delta"": 0.005, ""min_instances"": 5, ""threshold"": 0.1}}","{""error_rate"": {""min_instances"": 5, ""threshold"": 0.1}}",0.1,0.005,0.15,5,0.05,0.005,0.1,30,,,,-1,two_stage,2,0.5,"__confirm_cooldown=200,__confirm_rule=perm_test,__perm_alpha=0.01,__perm_delta_k=25,__perm_min_effect=0,__perm_n_perm=200,__perm_post_n=50,__perm_pre_n=500,__perm_rng_seed=0,__perm_stat=delta_fused_score,divergence=0.3,error_rate=0.5,teacher_entropy=0.2",3,0,200,0.0,0,10000,10.0,25.0,200,500,0,0,1.0,0.8142827181208053,0.5670061647870382,0.16666666666666666,0.2866887152194977,0.01143008191138506,1,0,52,43,3,perm_test,0.004975124378109453,0.05772319538986018,103,43,60,0.0,0.16666666666666666,0,0.0,0.0,0.0,0.0,0,none,1,1,0,overconfident,0.95,0,stable,0.9751536396571339,0.0010499387263100289,0.900024509475952,0.9000110292643422,1768146523.0848606,0.22053198516368866,0.09387514740228653
299,19136,19135,sea_abrupt4,sea,ts_drift_adapt,3,"error_divergence_ph_meta@error.threshold=0.10,error.min_instances=5",error_divergence_ph_meta,"{""divergence"": {""alpha"": 0.1, ""delta"": 0.005, ""min_instances"": 30, ""threshold"": 0.05}, ""error_rate"": {""alpha"": 0.15, ""delta"": 0.005, ""min_instances"": 5, ""threshold"": 0.1}}","{""error_rate"": {""min_instances"": 5, ""threshold"": 0.1}}",0.1,0.005,0.15,5,0.05,0.005,0.1,30,,,,-1,two_stage,2,0.5,"__confirm_cooldown=200,__confirm_rule=perm_test,__perm_alpha=0.01,__perm_delta_k=25,__perm_min_effect=0,__perm_n_perm=200,__perm_post_n=50,__perm_pre_n=500,__perm_rng_seed=0,__perm_stat=delta_fused_score,divergence=0.3,error_rate=0.5,teacher_entropy=0.2",3,0,200,0.0,0,10000,10.0,25.0,200,500,1,136,1.0,0.8145903010033445,0.5676152437093965,0.0,0.2979121804237366,0.00952712818980217,0,0,52,43,-1,perm_test,0.004975124378109453,0.05772319538986018,103,43,60,0.0,0.16666666666666666,0,0.0,0.0,0.0,0.0,0,none,0,1,0,overconfident,0.95,0,mild_drift,0.9677268198285669,0.0011749693631550144,0.850012254737976,0.8775055146321711,1768146523.094846,0.14953599870204926,0.07361962646245956
300,19200,19199,sea_abrupt4,sea,ts_drift_adapt,3,"error_divergence_ph_meta@error.threshold=0.10,error.min_instances=5",error_divergence_ph_meta,"{""divergence"": {""alpha"": 0.1, ""delta"": 0.005, ""min_instances"": 30, ""threshold"": 0.05}, ""error_rate"": {""alpha"": 0.15, ""delta"": 0.005, ""min_instances"": 5, ""threshold"": 0.1}}","{""error_rate"": {""min_instances"": 5, ""threshold"": 0.1}}",0.1,0.005,0.15,5,0.05,0.005,0.1,30,,,,-1,two_stage,2,0.5,"__confirm_cooldown=200,__confirm_rule=perm_test,__perm_alpha=0.01,__perm_delta_k=25,__perm_min_effect=0,__perm_n_perm=200,__perm_post_n=50,__perm_pre_n=500,__perm_rng_seed=0,__perm_stat=delta_fused_score,divergence=0.3,error_rate=0.5,teacher_entropy=0.2",3,0,200,0.0,0,10000,10.0,25.0,200,500,1,72,1.0,0.8147916666666667,0.5680771381921998,0.3333333333333333,0.2590982913970947,0.010264554992318153,0,1,52,43,-1,perm_test,0.004975124378109453,0.05772319538986018,103,43,60,0.16666666666666666,0.3333333333333333,1,0.5,0.0,0.0,0.0,0,none,0,1,0,overconfident,0.95,0,mild_drift,0.9640134099142834,0.0012374846815775072,0.825006127368988,0.8662527573160855,1768146523.1046894,0.9050671458244324,0.08297128975391388
301,19264,19263,sea_abrupt4,sea,ts_drift_adapt,3,"error_divergence_ph_meta@error.threshold=0.10,error.min_instances=5",error_divergence_ph_meta,"{""divergence"": {""alpha"": 0.1, ""delta"": 0.005, ""min_instances"": 30, ""threshold"": 0.05}, ""error_rate"": {""alpha"": 0.15, ""delta"": 0.005, ""min_instances"": 5, ""threshold"": 0.1}}","{""error_rate"": {""min_instances"": 5, ""threshold"": 0.1}}",0.1,0.005,0.15,5,0.05,0.005,0.1,30,,,,-1,two_stage,2,0.5,"__confirm_cooldown=200,__confirm_rule=perm_test,__perm_alpha=0.01,__perm_delta_k=25,__perm_min_effect=0,__perm_n_perm=200,__perm_post_n=50,__perm_pre_n=500,__perm_rng_seed=0,__perm_stat=delta_fused_score,divergence=0.3,error_rate=0.5,teacher_entropy=0.2",3,0,200,0.0,0,10000,10.0,25.0,200,500,1,8,1.0,0.8149397840531561,0.568743179287001,0.0,0.3009854555130005,0.014837133698165417,0,0,52,43,-1,perm_test,0.004975124378109453,0.05772319538986018,103,43,60,0.0,0.3333333333333333,0,0.0,0.0,0.0,0.0,0,none,0,1,0,overconfident,0.95,0,mild_drift,0.9621567049571417,0.0012687423407887538,0.8125030636844941,0.8606263786580428,1768146523.114757,0.08378203958272934,0.1301906853914261
302,19328,19327,sea_abrupt4,sea,ts_drift_adapt,3,"error_divergence_ph_meta@error.threshold=0.10,error.min_instances=5",error_divergence_ph_meta,"{""divergence"": {""alpha"": 0.1, ""delta"": 0.005, ""min_instances"": 30, ""threshold"": 0.05}, ""error_rate"": {""alpha"": 0.15, ""delta"": 0.005, ""min_instances"": 5, ""threshold"": 0.1}}","{""error_rate"": {""min_instances"": 5, ""threshold"": 0.1}}",0.1,0.005,0.15,5,0.05,0.005,0.1,30,,,,-1,two_stage,2,0.5,"__confirm_cooldown=200,__confirm_rule=perm_test,__perm_alpha=0.01,__perm_delta_k=25,__perm_min_effect=0,__perm_n_perm=200,__perm_post_n=50,__perm_pre_n=500,__perm_rng_seed=0,__perm_stat=delta_fused_score,divergence=0.3,error_rate=0.5,teacher_entropy=0.2",3,0,200,0.0,0,10000,10.0,25.0,200,500,0,0,1.0,0.8151386589403974,0.5693866193344699,0.0,0.31255340576171875,0.017795877531170845,0,0,52,43,-1,perm_test,0.004975124378109453,0.05772319538986018,103,43,60,0.0,0.0029587438330054283,0,0.0,0.0,0.0,0.0,0,none,0,1,0,overconfident,0.95,0,mild_drift,0.9612283524785707,0.0012843711703943769,0.8062515318422471,0.8578131893290214,1768146523.1248364,0.035577189177274704,0.12249575555324554
303,19392,19391,sea_abrupt4,sea,ts_drift_adapt,3,"error_divergence_ph_meta@error.threshold=0.10,error.min_instances=5",error_divergence_ph_meta,"{""divergence"": {""alpha"": 0.1, ""delta"": 0.005, ""min_instances"": 30, ""threshold"": 0.05}, ""error_rate"": {""alpha"": 0.15, ""delta"": 0.005, ""min_instances"": 5, ""threshold"": 0.1}}","{""error_rate"": {""min_instances"": 5, ""threshold"": 0.1}}",0.1,0.005,0.15,5,0.05,0.005,0.1,30,,,,-1,two_stage,2,0.5,"__confirm_cooldown=200,__confirm_rule=perm_test,__perm_alpha=0.01,__perm_delta_k=25,__perm_min_effect=0,__perm_n_perm=200,__perm_post_n=50,__perm_pre_n=500,__perm_rng_seed=0,__perm_stat=delta_fused_score,divergence=0.3,error_rate=0.5,teacher_entropy=0.2",3,0,200,0.0,0,10000,10.0,25.0,200,500,0,0,1.0,0.8155940594059405,0.5703833461336094,0.16666666666666666,0.2646496295928955,0.016046827659010887,0,0,52,43,-1,perm_test,0.004975124378109453,0.05772319538986018,103,43,60,0.0,0.16666666666666666,0,0.0,0.0,0.0,0.0,0,none,0,1,0,overconfident,0.95,0,mild_drift,0.9607641762392853,0.0012921855851971884,0.8031257659211235,0.8564065946645107,1768146523.1350224,0.5892623662948608,0.11207883805036545
304,19456,19455,sea_abrupt4,sea,ts_drift_adapt,3,"error_divergence_ph_meta@error.threshold=0.10,error.min_instances=5",error_divergence_ph_meta,"{""divergence"": {""alpha"": 0.1, ""delta"": 0.005, ""min_instances"": 30, ""threshold"": 0.05}, ""error_rate"": {""alpha"": 0.15, ""delta"": 0.005, ""min_instances"": 5, ""threshold"": 0.1}}","{""error_rate"": {""min_instances"": 5, ""threshold"": 0.1}}",0.1,0.005,0.15,5,0.05,0.005,0.1,30,,,,-1,two_stage,2,0.5,"__confirm_cooldown=200,__confirm_rule=perm_test,__perm_alpha=0.01,__perm_delta_k=25,__perm_min_effect=0,__perm_n_perm=200,__perm_post_n=50,__perm_pre_n=500,__perm_rng_seed=0,__perm_stat=delta_fused_score,divergence=0.3,error_rate=0.5,teacher_entropy=0.2",3,0,200,0.0,0,10000,10.0,25.0,200,500,0,0,1.0,0.8158408717105263,0.5708258510430313,0.16666666666666666,0.29766136407852173,0.010773690417408943,0,0,52,43,-1,perm_test,0.004975124378109453,0.05772319538986018,103,43,60,0.0,0.005273137241601944,0,0.0,0.0,0.0,0.0,0,none,0,1,0,overconfident,0.95,0,mild_drift,0.9605320881196426,0.0012960927925985944,0.8015628829605618,0.8557032973322554,1768146523.1452231,0.23849128186702728,0.09103217720985413
305,19520,19519,sea_abrupt4,sea,ts_drift_adapt,3,"error_divergence_ph_meta@error.threshold=0.10,error.min_instances=5",error_divergence_ph_meta,"{""divergence"": {""alpha"": 0.1, ""delta"": 0.005, ""min_instances"": 30, ""threshold"": 0.05}, ""error_rate"": {""alpha"": 0.15, ""delta"": 0.005, ""min_instances"": 5, ""threshold"": 0.1}}","{""error_rate"": {""min_instances"": 5, ""threshold"": 0.1}}",0.1,0.005,0.15,5,0.05,0.005,0.1,30,,,,-1,two_stage,2,0.5,"__confirm_cooldown=200,__confirm_rule=perm_test,__perm_alpha=0.01,__perm_delta_k=25,__perm_min_effect=0,__perm_n_perm=200,__perm_post_n=50,__perm_pre_n=500,__perm_rng_seed=0,__perm_stat=delta_fused_score,divergence=0.3,error_rate=0.5,teacher_entropy=0.2",3,0,200,0.0,0,10000,10.0,25.0,200,500,0,0,1.0,0.8159323770491803,0.5711237484625414,0.3333333333333333,0.22360725700855255,0.012890341691672802,1,1,53,44,0,perm_test,0.004975124378109453,0.042278963394250954,104,44,60,0.0,0.16666666666666666,1,0.5,0.0,0.0,0.0,0,none,1,1,0,overconfident,0.95,0,stable,0.9752660440598213,0.0010480463962992972,0.9007814414802808,0.9003516486661277,1768146523.16324,0.3590103089809418,0.1318618357181549
306,19584,19583,sea_abrupt4,sea,ts_drift_adapt,3,"error_divergence_ph_meta@error.threshold=0.10,error.min_instances=5",error_divergence_ph_meta,"{""divergence"": {""alpha"": 0.1, ""delta"": 0.005, ""min_instances"": 30, ""threshold"": 0.05}, ""error_rate"": {""alpha"": 0.15, ""delta"": 0.005, ""min_instances"": 5, ""threshold"": 0.1}}","{""error_rate"": {""min_instances"": 5, ""threshold"": 0.1}}",0.1,0.005,0.15,5,0.05,0.005,0.1,30,,,,-1,two_stage,2,0.5,"__confirm_cooldown=200,__confirm_rule=perm_test,__perm_alpha=0.01,__perm_delta_k=25,__perm_min_effect=0,__perm_n_perm=200,__perm_post_n=50,__perm_pre_n=500,__perm_rng_seed=0,__perm_stat=delta_fused_score,divergence=0.3,error_rate=0.5,teacher_entropy=0.2",3,0,200,0.0,0,10000,10.0,25.0,200,500,1,136,1.0,0.8162785947712419,0.5719480472522896,0.0,0.29535505175590515,0.012342039495706558,0,0,53,44,-1,perm_test,0.004975124378109453,0.042278963394250954,104,44,60,0.0,0.3333333333333333,0,0.0,0.0,0.0,0.0,0,none,0,1,0,overconfident,0.95,0,mild_drift,0.9677830220299106,0.0011740231981496488,0.8503907207401404,0.8776758243330638,1768146523.1732209,0.08779583126306534,0.10594499111175537
307,19648,19647,sea_abrupt4,sea,ts_drift_adapt,3,"error_divergence_ph_meta@error.threshold=0.10,error.min_instances=5",error_divergence_ph_meta,"{""divergence"": {""alpha"": 0.1, ""delta"": 0.005, ""min_instances"": 30, ""threshold"": 0.05}, ""error_rate"": {""alpha"": 0.15, ""delta"": 0.005, ""min_instances"": 5, ""threshold"": 0.1}}","{""error_rate"": {""min_instances"": 5, ""threshold"": 0.1}}",0.1,0.005,0.15,5,0.05,0.005,0.1,30,,,,-1,two_stage,2,0.5,"__confirm_cooldown=200,__confirm_rule=perm_test,__perm_alpha=0.01,__perm_delta_k=25,__perm_min_effect=0,__perm_n_perm=200,__perm_post_n=50,__perm_pre_n=500,__perm_rng_seed=0,__perm_stat=delta_fused_score,divergence=0.3,error_rate=0.5,teacher_entropy=0.2",3,0,200,0.0,0,10000,10.0,25.0,200,500,1,72,1.0,0.8164698697068404,0.5723972058598433,0.0,0.33428794145584106,0.019863631576299667,0,0,53,44,-1,perm_test,0.004975124378109453,0.042278963394250954,104,44,60,0.0,0.007521592080593109,0,0.0,0.0,0.0,0.0,0,none,0,1,0,overconfident,0.95,0,mild_drift,0.9640415110149553,0.0012370115990748246,0.8251953603700702,0.8663379121665319,1768146523.183086,0.027367452159523964,0.22417739033699036
308,19712,19711,sea_abrupt4,sea,ts_drift_adapt,3,"error_divergence_ph_meta@error.threshold=0.10,error.min_instances=5",error_divergence_ph_meta,"{""divergence"": {""alpha"": 0.1, ""delta"": 0.005, ""min_instances"": 30, ""threshold"": 0.05}, ""error_rate"": {""alpha"": 0.15, ""delta"": 0.005, ""min_instances"": 5, ""threshold"": 0.1}}","{""error_rate"": {""min_instances"": 5, ""threshold"": 0.1}}",0.1,0.005,0.15,5,0.05,0.005,0.1,30,,,,-1,two_stage,2,0.5,"__confirm_cooldown=200,__confirm_rule=perm_test,__perm_alpha=0.01,__perm_delta_k=25,__perm_min_effect=0,__perm_n_perm=200,__perm_post_n=50,__perm_pre_n=500,__perm_rng_seed=0,__perm_stat=delta_fused_score,divergence=0.3,error_rate=0.5,teacher_entropy=0.2",3,0,200,0.0,0,10000,10.0,25.0,200,500,1,8,1.0,0.8168120941558441,0.5733987753781464,0.16666666666666666,0.2620861232280731,0.013174602761864662,0,0,53,44,-1,perm_test,0.004975124378109453,0.042278963394250954,104,44,60,0.0,0.16666666666666666,0,0.0,0.0,0.0,0.0,0,none,0,1,0,overconfident,0.95,0,mild_drift,0.9621707555074777,0.0012685057995374125,0.8125976801850352,0.8606689560832659,1768146523.193032,0.4740358293056488,0.12230117619037628
309,19776,19775,sea_abrupt4,sea,ts_drift_adapt,3,"error_divergence_ph_meta@error.threshold=0.10,error.min_instances=5",error_divergence_ph_meta,"{""divergence"": {""alpha"": 0.1, ""delta"": 0.005, ""min_instances"": 30, ""threshold"": 0.05}, ""error_rate"": {""alpha"": 0.15, ""delta"": 0.005, ""min_instances"": 5, ""threshold"": 0.1}}","{""error_rate"": {""min_instances"": 5, ""threshold"": 0.1}}",0.1,0.005,0.15,5,0.05,0.005,0.1,30,,,,-1,two_stage,2,0.5,"__confirm_cooldown=200,__confirm_rule=perm_test,__perm_alpha=0.01,__perm_delta_k=25,__perm_min_effect=0,__perm_n_perm=200,__perm_post_n=50,__perm_pre_n=500,__perm_rng_seed=0,__perm_stat=delta_fused_score,divergence=0.3,error_rate=0.5,teacher_entropy=0.2",3,0,200,0.0,0,10000,10.0,25.0,200,500,0,0,1.0,0.8170509708737864,0.5740783938361753,0.0,0.2596784234046936,0.012377284467220306,0,0,53,44,-1,perm_test,0.004975124378109453,0.042278963394250954,104,44,60,0.0,0.16666666666666666,0,0.0,0.0,0.0,0.0,0,none,0,1,0,overconfident,0.95,0,mild_drift,0.9612353777537388,0.0012842528997687062,0.8062988400925176,0.8578344780416329,1768146523.2031517,0.20143257081508636,0.12613755464553833
310,19840,19839,sea_abrupt4,sea,ts_drift_adapt,3,"error_divergence_ph_meta@error.threshold=0.10,error.min_instances=5",error_divergence_ph_meta,"{""divergence"": {""alpha"": 0.1, ""delta"": 0.005, ""min_instances"": 30, ""threshold"": 0.05}, ""error_rate"": {""alpha"": 0.15, ""delta"": 0.005, ""min_instances"": 5, ""threshold"": 0.1}}","{""error_rate"": {""min_instances"": 5, ""threshold"": 0.1}}",0.1,0.005,0.15,5,0.05,0.005,0.1,30,,,,-1,two_stage,2,0.5,"__confirm_cooldown=200,__confirm_rule=perm_test,__perm_alpha=0.01,__perm_delta_k=25,__perm_min_effect=0,__perm_n_perm=200,__perm_post_n=50,__perm_pre_n=500,__perm_rng_seed=0,__perm_stat=delta_fused_score,divergence=0.3,error_rate=0.5,teacher_entropy=0.2",3,0,200,0.0,0,10000,10.0,25.0,200,500,0,0,1.0,0.8172379032258065,0.5748687668850281,0.0,0.258867472410202,0.006685318425297737,0,1,54,44,-1,perm_test,1.0,-0.02951807967736926,105,44,61,0.3333333333333333,0.005691966041922569,1,0.5,0.0,0.0,0.0,0,none,0,1,0,overconfident,0.95,0,mild_drift,0.9607676888768694,0.001292126449884353,0.8031494200462588,0.8564172390208165,1768146523.2134879,0.27664610743522644,0.08815543353557587
311,19904,19903,sea_abrupt4,sea,ts_drift_adapt,3,"error_divergence_ph_meta@error.threshold=0.10,error.min_instances=5",error_divergence_ph_meta,"{""divergence"": {""alpha"": 0.1, ""delta"": 0.005, ""min_instances"": 30, ""threshold"": 0.05}, ""error_rate"": {""alpha"": 0.15, ""delta"": 0.005, ""min_instances"": 5, ""threshold"": 0.1}}","{""error_rate"": {""min_instances"": 5, ""threshold"": 0.1}}",0.1,0.005,0.15,5,0.05,0.005,0.1,30,,,,-1,two_stage,2,0.5,"__confirm_cooldown=200,__confirm_rule=perm_test,__perm_alpha=0.01,__perm_delta_k=25,__perm_min_effect=0,__perm_n_perm=200,__perm_post_n=50,__perm_pre_n=500,__perm_rng_seed=0,__perm_stat=delta_fused_score,divergence=0.3,error_rate=0.5,teacher_entropy=0.2",3,0,200,0.0,0,10000,10.0,25.0,200,500,0,0,1.0,0.8173231511254019,0.5751073129189375,0.5,0.23254670202732086,0.00929933600127697,0,0,54,44,-1,perm_test,1.0,-0.003020337147339,106,44,62,0.0,0.5,0,0.0,0.0,0.0,0.0,0,none,0,1,0,overconfident,0.95,0,mild_drift,0.9605338444384346,0.0012960632249421765,0.8015747100231294,0.8557086195104082,1768146523.2238512,1.201823115348816,0.1096370592713356
312,19968,19967,sea_abrupt4,sea,ts_drift_adapt,3,"error_divergence_ph_meta@error.threshold=0.10,error.min_instances=5",error_divergence_ph_meta,"{""divergence"": {""alpha"": 0.1, ""delta"": 0.005, ""min_instances"": 30, ""threshold"": 0.05}, ""error_rate"": {""alpha"": 0.15, ""delta"": 0.005, ""min_instances"": 5, ""threshold"": 0.1}}","{""error_rate"": {""min_instances"": 5, ""threshold"": 0.1}}",0.1,0.005,0.15,5,0.05,0.005,0.1,30,,,,-1,two_stage,2,0.5,"__confirm_cooldown=200,__confirm_rule=perm_test,__perm_alpha=0.01,__perm_delta_k=25,__perm_min_effect=0,__perm_n_perm=200,__perm_post_n=50,__perm_pre_n=500,__perm_rng_seed=0,__perm_stat=delta_fused_score,divergence=0.3,error_rate=0.5,teacher_entropy=0.2",3,0,200,0.0,0,10000,10.0,25.0,200,500,0,0,1.0,0.8173577724358975,0.575186964110535,0.16666666666666666,0.29232466220855713,0.014266191981732845,0,0,54,44,-1,perm_test,1.0,-0.10314264960131381,107,44,63,0.0,0.33333333333333337,0,0.0,0.0,0.0,0.0,0,none,0,1,0,overconfident,0.95,0,mild_drift,0.9604169222192173,0.0012980316124710884,0.8007873550115647,0.8553543097552041,1768146523.2356584,0.18950848281383514,0.1658475697040558
313,20032,20031,sea_abrupt4,sea,ts_drift_adapt,3,"error_divergence_ph_meta@error.threshold=0.10,error.min_instances=5",error_divergence_ph_meta,"{""divergence"": {""alpha"": 0.1, ""delta"": 0.005, ""min_instances"": 30, ""threshold"": 0.05}, ""error_rate"": {""alpha"": 0.15, ""delta"": 0.005, ""min_instances"": 5, ""threshold"": 0.1}}","{""error_rate"": {""min_instances"": 5, ""threshold"": 0.1}}",0.1,0.005,0.15,5,0.05,0.005,0.1,30,,,,-1,two_stage,2,0.5,"__confirm_cooldown=200,__confirm_rule=perm_test,__perm_alpha=0.01,__perm_delta_k=25,__perm_min_effect=0,__perm_n_perm=200,__perm_post_n=50,__perm_pre_n=500,__perm_rng_seed=0,__perm_stat=delta_fused_score,divergence=0.3,error_rate=0.5,teacher_entropy=0.2",3,0,200,0.0,0,10000,10.0,25.0,200,500,0,0,1.0,0.8177416134185304,0.5762122511834006,0.16666666666666666,0.25784578919410706,0.01245176512748003,0,0,54,44,-1,perm_test,1.0,-0.006789234347700389,108,44,64,0.0,0.0018144268542528152,0,0.0,0.0,0.0,0.0,0,none,0,1,0,overconfident,0.95,0,mild_drift,0.9603584611096085,0.0012990158062355442,0.8003936775057824,0.855177154877602,1768146523.2462008,0.2249474674463272,0.1165463924407959
314,20096,20095,sea_abrupt4,sea,ts_drift_adapt,3,"error_divergence_ph_meta@error.threshold=0.10,error.min_instances=5",error_divergence_ph_meta,"{""divergence"": {""alpha"": 0.1, ""delta"": 0.005, ""min_instances"": 30, ""threshold"": 0.05}, ""error_rate"": {""alpha"": 0.15, ""delta"": 0.005, ""min_instances"": 5, ""threshold"": 0.1}}","{""error_rate"": {""min_instances"": 5, ""threshold"": 0.1}}",0.1,0.005,0.15,5,0.05,0.005,0.1,30,,,,-1,two_stage,2,0.5,"__confirm_cooldown=200,__confirm_rule=perm_test,__perm_alpha=0.01,__perm_delta_k=25,__perm_min_effect=0,__perm_n_perm=200,__perm_post_n=50,__perm_pre_n=500,__perm_rng_seed=0,__perm_stat=delta_fused_score,divergence=0.3,error_rate=0.5,teacher_entropy=0.2",3,0,200,0.0,0,10000,10.0,25.0,200,500,0,0,1.0,0.8178244426751592,0.5762875851160174,0.0,0.2691851556301117,0.014940984547138214,0,0,54,44,-1,perm_test,1.0,-0.006789234347700389,108,44,64,0.0,0.16666666666666666,0,0.0,0.0,0.0,0.0,0,none,0,1,0,overconfident,0.95,0,mild_drift,0.9603292305548042,0.001299507903117772,0.8001968387528913,0.8550885774388011,1768146523.256731,0.1342228800058365,0.16438277065753937
315,20160,20159,sea_abrupt4,sea,ts_drift_adapt,3,"error_divergence_ph_meta@error.threshold=0.10,error.min_instances=5",error_divergence_ph_meta,"{""divergence"": {""alpha"": 0.1, ""delta"": 0.005, ""min_instances"": 30, ""threshold"": 0.05}, ""error_rate"": {""alpha"": 0.15, ""delta"": 0.005, ""min_instances"": 5, ""threshold"": 0.1}}","{""error_rate"": {""min_instances"": 5, ""threshold"": 0.1}}",0.1,0.005,0.15,5,0.05,0.005,0.1,30,,,,-1,two_stage,2,0.5,"__confirm_cooldown=200,__confirm_rule=perm_test,__perm_alpha=0.01,__perm_delta_k=25,__perm_min_effect=0,__perm_n_perm=200,__perm_post_n=50,__perm_pre_n=500,__perm_rng_seed=0,__perm_stat=delta_fused_score,divergence=0.3,error_rate=0.5,teacher_entropy=0.2",3,0,200,0.0,0,10000,10.0,25.0,200,500,0,0,1.0,0.8179067460317461,0.57645103231854,0.3333333333333333,0.2847616970539093,0.013590767048299313,1,1,55,45,0,perm_test,0.004975124378109453,0.15481864853099075,109,45,64,0.3333333333333333,0.3333333333333333,1,0.5,0.0,0.0,0.0,0,none,1,1,0,overconfident,0.95,0,severe_drift,0.9256646152774022,0.001649753951558886,0.6500984193764456,0.8325442887194006,1768146523.274755,0.6571927666664124,0.12161116302013397
316,20224,20223,sea_abrupt4,sea,ts_drift_adapt,3,"error_divergence_ph_meta@error.threshold=0.10,error.min_instances=5",error_divergence_ph_meta,"{""divergence"": {""alpha"": 0.1, ""delta"": 0.005, ""min_instances"": 30, ""threshold"": 0.05}, ""error_rate"": {""alpha"": 0.15, ""delta"": 0.005, ""min_instances"": 5, ""threshold"": 0.1}}","{""error_rate"": {""min_instances"": 5, ""threshold"": 0.1}}",0.1,0.005,0.15,5,0.05,0.005,0.1,30,,,,-1,two_stage,2,0.5,"__confirm_cooldown=200,__confirm_rule=perm_test,__perm_alpha=0.01,__perm_delta_k=25,__perm_min_effect=0,__perm_n_perm=200,__perm_post_n=50,__perm_pre_n=500,__perm_rng_seed=0,__perm_stat=delta_fused_score,divergence=0.3,error_rate=0.5,teacher_entropy=0.2",3,0,200,0.0,0,10000,10.0,25.0,200,500,1,136,1.0,0.817939082278481,0.5767520934964444,0.16666666666666666,0.26008784770965576,0.01138884574174881,0,0,55,45,-1,perm_test,0.004975124378109453,0.15481864853099075,109,45,64,0.0,0.16666666666666666,0,0.0,0.0,0.0,0.0,0,none,0,1,0,overconfident,0.95,0,mild_drift,0.9429823076387011,0.001474876975779443,0.7250492096882228,0.8437721443597003,1768146523.284847,0.28566721081733704,0.11666551232337952
317,20288,20287,sea_abrupt4,sea,ts_drift_adapt,3,"error_divergence_ph_meta@error.threshold=0.10,error.min_instances=5",error_divergence_ph_meta,"{""divergence"": {""alpha"": 0.1, ""delta"": 0.005, ""min_instances"": 30, ""threshold"": 0.05}, ""error_rate"": {""alpha"": 0.15, ""delta"": 0.005, ""min_instances"": 5, ""threshold"": 0.1}}","{""error_rate"": {""min_instances"": 5, ""threshold"": 0.1}}",0.1,0.005,0.15,5,0.05,0.005,0.1,30,,,,-1,two_stage,2,0.5,"__confirm_cooldown=200,__confirm_rule=perm_test,__perm_alpha=0.01,__perm_delta_k=25,__perm_min_effect=0,__perm_n_perm=200,__perm_post_n=50,__perm_pre_n=500,__perm_rng_seed=0,__perm_stat=delta_fused_score,divergence=0.3,error_rate=0.5,teacher_entropy=0.2",3,0,200,0.0,0,10000,10.0,25.0,200,500,1,72,1.0,0.8180205047318612,0.5768760616963703,0.3333333333333333,0.29416361451148987,0.018535258248448372,0,0,55,45,-1,perm_test,0.004975124378109453,0.15481864853099075,109,45,64,0.0,0.16666666666666666,0,0.0,0.0,0.0,0.0,0,none,0,1,0,overconfident,0.95,0,mild_drift,0.9516411538193505,0.0013874384878897216,0.7625246048441114,0.8493860721798501,1768146523.2946675,0.3306315839290619,0.16411852836608887
318,20352,20351,sea_abrupt4,sea,ts_drift_adapt,3,"error_divergence_ph_meta@error.threshold=0.10,error.min_instances=5",error_divergence_ph_meta,"{""divergence"": {""alpha"": 0.1, ""delta"": 0.005, ""min_instances"": 30, ""threshold"": 0.05}, ""error_rate"": {""alpha"": 0.15, ""delta"": 0.005, ""min_instances"": 5, ""threshold"": 0.1}}","{""error_rate"": {""min_instances"": 5, ""threshold"": 0.1}}",0.1,0.005,0.15,5,0.05,0.005,0.1,30,,,,-1,two_stage,2,0.5,"__confirm_cooldown=200,__confirm_rule=perm_test,__perm_alpha=0.01,__perm_delta_k=25,__perm_min_effect=0,__perm_n_perm=200,__perm_post_n=50,__perm_pre_n=500,__perm_rng_seed=0,__perm_stat=delta_fused_score,divergence=0.3,error_rate=0.5,teacher_entropy=0.2",3,0,200,0.0,0,10000,10.0,25.0,200,500,1,8,1.0,0.8183470911949685,0.5776658418911538,0.16666666666666666,0.2818133533000946,0.011771243065595627,0,0,55,45,-1,perm_test,0.004975124378109453,0.15481864853099075,109,45,64,0.0,0.16666666666666666,0,0.0,0.0,0.0,0.0,0,none,0,1,0,overconfident,0.95,0,mild_drift,0.9559705769096752,0.001343719243944861,0.7812623024220557,0.852193036089925,1768146523.304824,0.3745368421077728,0.13333560526371002
319,20416,20415,sea_abrupt4,sea,ts_drift_adapt,3,"error_divergence_ph_meta@error.threshold=0.10,error.min_instances=5",error_divergence_ph_meta,"{""divergence"": {""alpha"": 0.1, ""delta"": 0.005, ""min_instances"": 30, ""threshold"": 0.05}, ""error_rate"": {""alpha"": 0.15, ""delta"": 0.005, ""min_instances"": 5, ""threshold"": 0.1}}","{""error_rate"": {""min_instances"": 5, ""threshold"": 0.1}}",0.1,0.005,0.15,5,0.05,0.005,0.1,30,,,,-1,two_stage,2,0.5,"__confirm_cooldown=200,__confirm_rule=perm_test,__perm_alpha=0.01,__perm_delta_k=25,__perm_min_effect=0,__perm_n_perm=200,__perm_post_n=50,__perm_pre_n=500,__perm_rng_seed=0,__perm_stat=delta_fused_score,divergence=0.3,error_rate=0.5,teacher_entropy=0.2",3,0,200,0.0,0,10000,10.0,25.0,200,500,0,0,1.0,0.8185736677115988,0.5781854322509062,0.16666666666666666,0.30864694714546204,0.02005080319941044,0,0,55,45,-1,perm_test,0.004975124378109453,0.15481864853099075,109,45,64,0.0,0.008279560133814812,0,0.0,0.0,0.0,0.0,0,none,0,1,0,overconfident,0.95,0,mild_drift,0.9581352884548375,0.0013218596219724305,0.7906311512110279,0.8535965180449625,1768146523.3150218,0.2327377200126648,0.1659352332353592
320,20480,20479,sea_abrupt4,sea,ts_drift_adapt,3,"error_divergence_ph_meta@error.threshold=0.10,error.min_instances=5",error_divergence_ph_meta,"{""divergence"": {""alpha"": 0.1, ""delta"": 0.005, ""min_instances"": 30, ""threshold"": 0.05}, ""error_rate"": {""alpha"": 0.15, ""delta"": 0.005, ""min_instances"": 5, ""threshold"": 0.1}}","{""error_rate"": {""min_instances"": 5, ""threshold"": 0.1}}",0.1,0.005,0.15,5,0.05,0.005,0.1,30,,,,-1,two_stage,2,0.5,"__confirm_cooldown=200,__confirm_rule=perm_test,__perm_alpha=0.01,__perm_delta_k=25,__perm_min_effect=0,__perm_n_perm=200,__perm_post_n=50,__perm_pre_n=500,__perm_rng_seed=0,__perm_stat=delta_fused_score,divergence=0.3,error_rate=0.5,teacher_entropy=0.2",3,0,200,0.0,0,10000,10.0,25.0,200,500,0,0,1.0,0.818896484375,0.5787688412254691,0.0,0.27902692556381226,0.02268413081765175,0,1,56,45,-1,perm_test,1.0,-0.07252471648512296,110,45,65,0.3333333333333333,0.16666666666666666,1,0.5,0.0,0.0,0.0,0,none,0,1,0,overconfident,0.95,0,mild_drift,0.9592176442274187,0.0013109298109862154,0.7953155756055139,0.8542982590224812,1768146523.3257554,0.023087212815880775,0.16697511076927185
321,20544,20543,sea_abrupt4,sea,ts_drift_adapt,3,"error_divergence_ph_meta@error.threshold=0.10,error.min_instances=5",error_divergence_ph_meta,"{""divergence"": {""alpha"": 0.1, ""delta"": 0.005, ""min_instances"": 30, ""threshold"": 0.05}, ""error_rate"": {""alpha"": 0.15, ""delta"": 0.005, ""min_instances"": 5, ""threshold"": 0.1}}","{""error_rate"": {""min_instances"": 5, ""threshold"": 0.1}}",0.1,0.005,0.15,5,0.05,0.005,0.1,30,,,,-1,two_stage,2,0.5,"__confirm_cooldown=200,__confirm_rule=perm_test,__perm_alpha=0.01,__perm_delta_k=25,__perm_min_effect=0,__perm_n_perm=200,__perm_post_n=50,__perm_pre_n=500,__perm_rng_seed=0,__perm_stat=delta_fused_score,divergence=0.3,error_rate=0.5,teacher_entropy=0.2",3,0,200,0.0,0,10000,10.0,25.0,200,500,0,0,1.0,0.819119937694704,0.5789734505028129,0.0,0.3218291401863098,0.011873350478708744,1,0,56,46,1,perm_test,0.004975124378109453,0.0727044607424317,111,46,65,0.0,0.010810780338943005,0,0.0,0.0,0.0,0.0,0,none,1,1,0,overconfident,0.95,0,stable,0.9746088221137094,0.0010554649054931077,0.897657787802757,0.8996491295112407,1768146523.3435898,0.06708581000566483,0.10732504725456238
322,20608,20607,sea_abrupt4,sea,ts_drift_adapt,3,"error_divergence_ph_meta@error.threshold=0.10,error.min_instances=5",error_divergence_ph_meta,"{""divergence"": {""alpha"": 0.1, ""delta"": 0.005, ""min_instances"": 30, ""threshold"": 0.05}, ""error_rate"": {""alpha"": 0.15, ""delta"": 0.005, ""min_instances"": 5, ""threshold"": 0.1}}","{""error_rate"": {""min_instances"": 5, ""threshold"": 0.1}}",0.1,0.005,0.15,5,0.05,0.005,0.1,30,,,,-1,two_stage,2,0.5,"__confirm_cooldown=200,__confirm_rule=perm_test,__perm_alpha=0.01,__perm_delta_k=25,__perm_min_effect=0,__perm_n_perm=200,__perm_post_n=50,__perm_pre_n=500,__perm_rng_seed=0,__perm_stat=delta_fused_score,divergence=0.3,error_rate=0.5,teacher_entropy=0.2",3,0,200,0.0,0,10000,10.0,25.0,200,500,1,136,1.0,0.8193905279503105,0.5792498279297302,0.0,0.289057195186615,0.02173721231520176,0,0,56,46,-1,perm_test,0.004975124378109453,0.0727044607424317,111,46,65,0.0,0.009863861836493015,0,0.0,0.0,0.0,0.0,0,none,0,1,0,overconfident,0.95,0,mild_drift,0.9674544110568546,0.001177732452746554,0.8488288939013785,0.8773245647556203,1768146523.3537307,0.07002253085374832,0.1863022744655609
323,20672,20671,sea_abrupt4,sea,ts_drift_adapt,3,"error_divergence_ph_meta@error.threshold=0.10,error.min_instances=5",error_divergence_ph_meta,"{""divergence"": {""alpha"": 0.1, ""delta"": 0.005, ""min_instances"": 30, ""threshold"": 0.05}, ""error_rate"": {""alpha"": 0.15, ""delta"": 0.005, ""min_instances"": 5, ""threshold"": 0.1}}","{""error_rate"": {""min_instances"": 5, ""threshold"": 0.1}}",0.1,0.005,0.15,5,0.05,0.005,0.1,30,,,,-1,two_stage,2,0.5,"__confirm_cooldown=200,__confirm_rule=perm_test,__perm_alpha=0.01,__perm_delta_k=25,__perm_min_effect=0,__perm_n_perm=200,__perm_post_n=50,__perm_pre_n=500,__perm_rng_seed=0,__perm_stat=delta_fused_score,divergence=0.3,error_rate=0.5,teacher_entropy=0.2",3,0,200,0.0,0,10000,10.0,25.0,200,500,1,72,1.0,0.819562693498452,0.5797187496947633,0.0,0.2904949486255646,0.0144423833116889,0,0,56,46,-1,perm_test,0.004975124378109453,0.0727044607424317,111,46,65,0.0,0.007294829003512859,0,0.0,0.0,0.0,0.0,0,none,0,1,0,overconfident,0.95,0,mild_drift,0.9638772055284273,0.001238866226373277,0.8244144469506893,0.8661622823778101,1768146523.3637424,0.15094147622585297,0.10946772992610931
324,20736,20735,sea_abrupt4,sea,ts_drift_adapt,3,"error_divergence_ph_meta@error.threshold=0.10,error.min_instances=5",error_divergence_ph_meta,"{""divergence"": {""alpha"": 0.1, ""delta"": 0.005, ""min_instances"": 30, ""threshold"": 0.05}, ""error_rate"": {""alpha"": 0.15, ""delta"": 0.005, ""min_instances"": 5, ""threshold"": 0.1}}","{""error_rate"": {""min_instances"": 5, ""threshold"": 0.1}}",0.1,0.005,0.15,5,0.05,0.005,0.1,30,,,,-1,two_stage,2,0.5,"__confirm_cooldown=200,__confirm_rule=perm_test,__perm_alpha=0.01,__perm_delta_k=25,__perm_min_effect=0,__perm_n_perm=200,__perm_post_n=50,__perm_pre_n=500,__perm_rng_seed=0,__perm_stat=delta_fused_score,divergence=0.3,error_rate=0.5,teacher_entropy=0.2",3,0,200,0.0,0,10000,10.0,25.0,200,500,1,8,1.0,0.8199266975308642,0.5801794251166276,0.0,0.2821805477142334,0.01638471521437168,0,0,56,46,-1,perm_test,0.004975124378109453,0.0727044607424317,111,46,65,0.0,0.0019423319026827812,0,0.0,0.0,0.0,0.0,0,none,0,1,0,overconfident,0.95,0,mild_drift,0.9620886027642136,0.0012694331131866386,0.8122072234753447,0.860581141188905,1768146523.3737655,0.04100435599684715,0.11273833364248276
325,20800,20799,sea_abrupt4,sea,ts_drift_adapt,3,"error_divergence_ph_meta@error.threshold=0.10,error.min_instances=5",error_divergence_ph_meta,"{""divergence"": {""alpha"": 0.1, ""delta"": 0.005, ""min_instances"": 30, ""threshold"": 0.05}, ""error_rate"": {""alpha"": 0.15, ""delta"": 0.005, ""min_instances"": 5, ""threshold"": 0.1}}","{""error_rate"": {""min_instances"": 5, ""threshold"": 0.1}}",0.1,0.005,0.15,5,0.05,0.005,0.1,30,,,,-1,two_stage,2,0.5,"__confirm_cooldown=200,__confirm_rule=perm_test,__perm_alpha=0.01,__perm_delta_k=25,__perm_min_effect=0,__perm_n_perm=200,__perm_post_n=50,__perm_pre_n=500,__perm_rng_seed=0,__perm_stat=delta_fused_score,divergence=0.3,error_rate=0.5,teacher_entropy=0.2",3,0,200,0.0,0,10000,10.0,25.0,200,500,0,0,1.0,0.8201442307692308,0.5804357608526112,0.0,0.23532743752002716,0.015880003571510315,0,0,56,46,-1,perm_test,0.004975124378109453,0.0727044607424317,111,46,65,0.0,0.0005047116428613663,0,0.0,0.0,0.0,0.0,0,none,0,1,0,overconfident,0.95,0,mild_drift,0.9611943013821067,0.0012847165565933194,0.8061036117376723,0.8577905705944525,1768146523.383951,0.16867244243621826,0.14933258295059204
326,20864,20863,sea_abrupt4,sea,ts_drift_adapt,3,"error_divergence_ph_meta@error.threshold=0.10,error.min_instances=5",error_divergence_ph_meta,"{""divergence"": {""alpha"": 0.1, ""delta"": 0.005, ""min_instances"": 30, ""threshold"": 0.05}, ""error_rate"": {""alpha"": 0.15, ""delta"": 0.005, ""min_instances"": 5, ""threshold"": 0.1}}","{""error_rate"": {""min_instances"": 5, ""threshold"": 0.1}}",0.1,0.005,0.15,5,0.05,0.005,0.1,30,,,,-1,two_stage,2,0.5,"__confirm_cooldown=200,__confirm_rule=perm_test,__perm_alpha=0.01,__perm_delta_k=25,__perm_min_effect=0,__perm_n_perm=200,__perm_post_n=50,__perm_pre_n=500,__perm_rng_seed=0,__perm_stat=delta_fused_score,divergence=0.3,error_rate=0.5,teacher_entropy=0.2",3,0,200,0.0,0,10000,10.0,25.0,200,500,0,0,1.0,0.8203604294478528,0.5806905961857831,0.3333333333333333,0.29918602108955383,0.01724885404109955,1,1,57,47,0,perm_test,0.004975124378109453,0.13223694396253421,112,47,65,0.3333333333333333,0.3333333333333333,1,0.5,0.0,0.0,0.0,0,none,1,1,0,overconfident,0.95,0,severe_drift,0.9260971506910534,0.0016423582782966596,0.6530518058688362,0.8338952852972263,1768146523.4016967,1.0478495359420776,0.15133827924728394
327,20928,20927,sea_abrupt4,sea,ts_drift_adapt,3,"error_divergence_ph_meta@error.threshold=0.10,error.min_instances=5",error_divergence_ph_meta,"{""divergence"": {""alpha"": 0.1, ""delta"": 0.005, ""min_instances"": 30, ""threshold"": 0.05}, ""error_rate"": {""alpha"": 0.15, ""delta"": 0.005, ""min_instances"": 5, ""threshold"": 0.1}}","{""error_rate"": {""min_instances"": 5, ""threshold"": 0.1}}",0.1,0.005,0.15,5,0.05,0.005,0.1,30,,,,-1,two_stage,2,0.5,"__confirm_cooldown=200,__confirm_rule=perm_test,__perm_alpha=0.01,__perm_delta_k=25,__perm_min_effect=0,__perm_n_perm=200,__perm_post_n=50,__perm_pre_n=500,__perm_rng_seed=0,__perm_stat=delta_fused_score,divergence=0.3,error_rate=0.5,teacher_entropy=0.2",3,0,200,0.0,0,10000,10.0,25.0,200,500,1,136,1.0,0.8203363914373089,0.5804671121593291,0.0,0.34485915303230286,0.020875537768006325,0,0,57,47,-1,perm_test,0.004975124378109453,0.13223694396253421,112,47,65,0.0,0.3333333333333333,0,0.0,0.0,0.0,0.0,0,none,0,1,0,overconfident,0.95,0,mild_drift,0.9431985753455266,0.00147117913914833,0.7265259029344181,0.8444476426486132,1768146523.411804,0.03350306674838066,0.20671235024929047
328,20992,20991,sea_abrupt4,sea,ts_drift_adapt,3,"error_divergence_ph_meta@error.threshold=0.10,error.min_instances=5",error_divergence_ph_meta,"{""divergence"": {""alpha"": 0.1, ""delta"": 0.005, ""min_instances"": 30, ""threshold"": 0.05}, ""error_rate"": {""alpha"": 0.15, ""delta"": 0.005, ""min_instances"": 5, ""threshold"": 0.1}}","{""error_rate"": {""min_instances"": 5, ""threshold"": 0.1}}",0.1,0.005,0.15,5,0.05,0.005,0.1,30,,,,-1,two_stage,2,0.5,"__confirm_cooldown=200,__confirm_rule=perm_test,__perm_alpha=0.01,__perm_delta_k=25,__perm_min_effect=0,__perm_n_perm=200,__perm_post_n=50,__perm_pre_n=500,__perm_rng_seed=0,__perm_stat=delta_fused_score,divergence=0.3,error_rate=0.5,teacher_entropy=0.2",3,0,200,0.0,0,10000,10.0,25.0,200,500,1,72,1.0,0.8204554115853658,0.5804708767571564,0.16666666666666666,0.2769775688648224,0.010895752348005772,0,0,57,47,-1,perm_test,0.004975124378109453,0.13223694396253421,112,47,65,0.0,0.16666666666666666,0,0.0,0.0,0.0,0.0,0,none,0,1,0,overconfident,0.95,0,mild_drift,0.9517492876727633,0.0013855895695741652,0.7632629514672091,0.8497238213243066,1768146523.4217403,0.16849637031555176,0.10268843173980713
329,21056,21055,sea_abrupt4,sea,ts_drift_adapt,3,"error_divergence_ph_meta@error.threshold=0.10,error.min_instances=5",error_divergence_ph_meta,"{""divergence"": {""alpha"": 0.1, ""delta"": 0.005, ""min_instances"": 30, ""threshold"": 0.05}, ""error_rate"": {""alpha"": 0.15, ""delta"": 0.005, ""min_instances"": 5, ""threshold"": 0.1}}","{""error_rate"": {""min_instances"": 5, ""threshold"": 0.1}}",0.1,0.005,0.15,5,0.05,0.005,0.1,30,,,,-1,two_stage,2,0.5,"__confirm_cooldown=200,__confirm_rule=perm_test,__perm_alpha=0.01,__perm_delta_k=25,__perm_min_effect=0,__perm_n_perm=200,__perm_post_n=50,__perm_pre_n=500,__perm_rng_seed=0,__perm_stat=delta_fused_score,divergence=0.3,error_rate=0.5,teacher_entropy=0.2",3,0,200,0.0,0,10000,10.0,25.0,200,500,1,8,1.0,0.8207161854103343,0.580884144297289,0.0,0.27397921681404114,0.007747733499854803,0,0,57,47,-1,perm_test,0.004975124378109453,0.13223694396253421,112,47,65,0.0,0.16666666666666666,0,0.0,0.0,0.0,0.0,0,none,0,1,0,overconfident,0.95,0,mild_drift,0.9560246438363816,0.0013427947847870826,0.7816314757336046,0.8523619106621533,1768146523.4318082,0.17508596181869507,0.07866808772087097
330,21120,21119,sea_abrupt4,sea,ts_drift_adapt,3,"error_divergence_ph_meta@error.threshold=0.10,error.min_instances=5",error_divergence_ph_meta,"{""divergence"": {""alpha"": 0.1, ""delta"": 0.005, ""min_instances"": 30, ""threshold"": 0.05}, ""error_rate"": {""alpha"": 0.15, ""delta"": 0.005, ""min_instances"": 5, ""threshold"": 0.1}}","{""error_rate"": {""min_instances"": 5, ""threshold"": 0.1}}",0.1,0.005,0.15,5,0.05,0.005,0.1,30,,,,-1,two_stage,2,0.5,"__confirm_cooldown=200,__confirm_rule=perm_test,__perm_alpha=0.01,__perm_delta_k=25,__perm_min_effect=0,__perm_n_perm=200,__perm_post_n=50,__perm_pre_n=500,__perm_rng_seed=0,__perm_stat=delta_fused_score,divergence=0.3,error_rate=0.5,teacher_entropy=0.2",3,0,200,0.0,0,10000,10.0,25.0,200,500,0,0,1.0,0.8208806818181819,0.5811674831852529,0.0,0.30313342809677124,0.0097492765635252,0,0,57,47,-1,perm_test,0.004975124378109453,0.13223694396253421,112,47,65,0.0,0.002001543063670397,0,0.0,0.0,0.0,0.0,0,none,0,1,0,overconfident,0.95,0,mild_drift,0.9581623219181907,0.0013213973923935415,0.7908157378668024,0.8536809553310767,1768146523.4420414,0.09716236591339111,0.09250494837760925
331,21184,21183,sea_abrupt4,sea,ts_drift_adapt,3,"error_divergence_ph_meta@error.threshold=0.10,error.min_instances=5",error_divergence_ph_meta,"{""divergence"": {""alpha"": 0.1, ""delta"": 0.005, ""min_instances"": 30, ""threshold"": 0.05}, ""error_rate"": {""alpha"": 0.15, ""delta"": 0.005, ""min_instances"": 5, ""threshold"": 0.1}}","{""error_rate"": {""min_instances"": 5, ""threshold"": 0.1}}",0.1,0.005,0.15,5,0.05,0.005,0.1,30,,,,-1,two_stage,2,0.5,"__confirm_cooldown=200,__confirm_rule=perm_test,__perm_alpha=0.01,__perm_delta_k=25,__perm_min_effect=0,__perm_n_perm=200,__perm_post_n=50,__perm_pre_n=500,__perm_rng_seed=0,__perm_stat=delta_fused_score,divergence=0.3,error_rate=0.5,teacher_entropy=0.2",3,0,200,0.0,0,10000,10.0,25.0,200,500,0,0,1.0,0.821327416918429,0.5820549525004447,0.0,0.23149237036705017,0.007895441725850105,0,1,58,47,-1,perm_test,1.0,-0.021434434875477273,113,47,66,0.3333333333333333,0.0018538348376750946,1,0.5,0.0,0.0,0.0,0,none,0,1,0,overconfident,0.95,0,mild_drift,0.9592311609590953,0.0013106986961967707,0.7954078689334012,0.8543404776655383,1768146523.4525802,0.02341187559068203,0.08089971542358398
332,21248,21247,sea_abrupt4,sea,ts_drift_adapt,3,"error_divergence_ph_meta@error.threshold=0.10,error.min_instances=5",error_divergence_ph_meta,"{""divergence"": {""alpha"": 0.1, ""delta"": 0.005, ""min_instances"": 30, ""threshold"": 0.05}, ""error_rate"": {""alpha"": 0.15, ""delta"": 0.005, ""min_instances"": 5, ""threshold"": 0.1}}","{""error_rate"": {""min_instances"": 5, ""threshold"": 0.1}}",0.1,0.005,0.15,5,0.05,0.005,0.1,30,,,,-1,two_stage,2,0.5,"__confirm_cooldown=200,__confirm_rule=perm_test,__perm_alpha=0.01,__perm_delta_k=25,__perm_min_effect=0,__perm_n_perm=200,__perm_post_n=50,__perm_pre_n=500,__perm_rng_seed=0,__perm_stat=delta_fused_score,divergence=0.3,error_rate=0.5,teacher_entropy=0.2",3,0,200,0.0,0,10000,10.0,25.0,200,500,0,0,1.0,0.8214890813253012,0.5822969977439155,0.0,0.24769261479377747,0.009123544208705425,0,0,58,47,-1,perm_test,1.0,-0.004562022547940265,114,47,67,0.0,0.00122810248285532,0,0.0,0.0,0.0,0.0,0,none,0,1,0,overconfident,0.95,0,mild_drift,0.9597655804795476,0.0013053493480983855,0.7977039344667006,0.8546702388327692,1768146523.4631186,0.08367886394262314,0.07922247052192688
333,21312,21311,sea_abrupt4,sea,ts_drift_adapt,3,"error_divergence_ph_meta@error.threshold=0.10,error.min_instances=5",error_divergence_ph_meta,"{""divergence"": {""alpha"": 0.1, ""delta"": 0.005, ""min_instances"": 30, ""threshold"": 0.05}, ""error_rate"": {""alpha"": 0.15, ""delta"": 0.005, ""min_instances"": 5, ""threshold"": 0.1}}","{""error_rate"": {""min_instances"": 5, ""threshold"": 0.1}}",0.1,0.005,0.15,5,0.05,0.005,0.1,30,,,,-1,two_stage,2,0.5,"__confirm_cooldown=200,__confirm_rule=perm_test,__perm_alpha=0.01,__perm_delta_k=25,__perm_min_effect=0,__perm_n_perm=200,__perm_post_n=50,__perm_pre_n=500,__perm_rng_seed=0,__perm_stat=delta_fused_score,divergence=0.3,error_rate=0.5,teacher_entropy=0.2",3,0,200,0.0,0,10000,10.0,25.0,200,500,0,0,1.0,0.8218843843843844,0.5831626686438444,0.16666666666666666,0.23955154418945312,0.009077612310647964,1,0,58,48,2,perm_test,0.004975124378109453,0.017344885338444,115,48,67,0.0,0.16666666666666666,0,0.0,0.0,0.0,0.0,0,none,1,1,0,overconfident,0.95,0,stable,0.9748827902397739,0.0010526746740491927,0.8988519672333504,0.8998351194163846,1768146523.480863,0.6667680740356445,0.07822157442569733
334,21376,21375,sea_abrupt4,sea,ts_drift_adapt,3,"error_divergence_ph_meta@error.threshold=0.10,error.min_instances=5",error_divergence_ph_meta,"{""divergence"": {""alpha"": 0.1, ""delta"": 0.005, ""min_instances"": 30, ""threshold"": 0.05}, ""error_rate"": {""alpha"": 0.15, ""delta"": 0.005, ""min_instances"": 5, ""threshold"": 0.1}}","{""error_rate"": {""min_instances"": 5, ""threshold"": 0.1}}",0.1,0.005,0.15,5,0.05,0.005,0.1,30,,,,-1,two_stage,2,0.5,"__confirm_cooldown=200,__confirm_rule=perm_test,__perm_alpha=0.01,__perm_delta_k=25,__perm_min_effect=0,__perm_n_perm=200,__perm_post_n=50,__perm_pre_n=500,__perm_rng_seed=0,__perm_stat=delta_fused_score,divergence=0.3,error_rate=0.5,teacher_entropy=0.2",3,0,200,0.0,0,10000,10.0,25.0,200,500,1,136,1.0,0.8220434131736527,0.5834365559556229,0.0,0.2861635386943817,0.01521589420735836,0,0,58,48,-1,perm_test,0.004975124378109453,0.017344885338444,115,48,67,0.0,0.16666666666666666,0,0.0,0.0,0.0,0.0,0,none,0,1,0,overconfident,0.95,0,mild_drift,0.9675913951198869,0.0011763373370245966,0.8494259836166752,0.8774175597081924,1768146523.4910827,0.04842117056250572,0.12805010378360748
335,21440,21439,sea_abrupt4,sea,ts_drift_adapt,3,"error_divergence_ph_meta@error.threshold=0.10,error.min_instances=5",error_divergence_ph_meta,"{""divergence"": {""alpha"": 0.1, ""delta"": 0.005, ""min_instances"": 30, ""threshold"": 0.05}, ""error_rate"": {""alpha"": 0.15, ""delta"": 0.005, ""min_instances"": 5, ""threshold"": 0.1}}","{""error_rate"": {""min_instances"": 5, ""threshold"": 0.1}}",0.1,0.005,0.15,5,0.05,0.005,0.1,30,,,,-1,two_stage,2,0.5,"__confirm_cooldown=200,__confirm_rule=perm_test,__perm_alpha=0.01,__perm_delta_k=25,__perm_min_effect=0,__perm_n_perm=200,__perm_post_n=50,__perm_pre_n=500,__perm_rng_seed=0,__perm_stat=delta_fused_score,divergence=0.3,error_rate=0.5,teacher_entropy=0.2",3,0,200,0.0,0,10000,10.0,25.0,200,500,1,72,1.0,0.8220615671641791,0.5832399965849502,0.16666666666666666,0.259429007768631,0.0153573676943779,0,0,58,48,-1,perm_test,0.004975124378109453,0.017344885338444,115,48,67,0.0,0.16666666666666666,0,0.0,0.0,0.0,0.0,0,none,0,1,0,overconfident,0.95,0,mild_drift,0.9639456975599434,0.0012381686685122985,0.8247129918083376,0.8662087798540962,1768146523.501087,0.5497594475746155,0.13574334979057312
336,21504,21503,sea_abrupt4,sea,ts_drift_adapt,3,"error_divergence_ph_meta@error.threshold=0.10,error.min_instances=5",error_divergence_ph_meta,"{""divergence"": {""alpha"": 0.1, ""delta"": 0.005, ""min_instances"": 30, ""threshold"": 0.05}, ""error_rate"": {""alpha"": 0.15, ""delta"": 0.005, ""min_instances"": 5, ""threshold"": 0.1}}","{""error_rate"": {""min_instances"": 5, ""threshold"": 0.1}}",0.1,0.005,0.15,5,0.05,0.005,0.1,30,,,,-1,two_stage,2,0.5,"__confirm_cooldown=200,__confirm_rule=perm_test,__perm_alpha=0.01,__perm_delta_k=25,__perm_min_effect=0,__perm_n_perm=200,__perm_post_n=50,__perm_pre_n=500,__perm_rng_seed=0,__perm_stat=delta_fused_score,divergence=0.3,error_rate=0.5,teacher_entropy=0.2",3,0,200,0.0,0,10000,10.0,25.0,200,500,1,8,1.0,0.8220796130952381,0.5831690617967392,0.0,0.25611791014671326,0.0063637010753154755,0,1,58,48,-1,perm_test,0.004975124378109453,0.017344885338444,115,48,67,0.0,0.16666666666666666,1,0.5,0.0,0.0,0.0,0,none,0,1,0,overconfident,0.95,0,mild_drift,0.9621228487799717,0.0012690843342561494,0.8123564959041688,0.8606043899270481,1768146523.51128,0.09831776469945908,0.0777982622385025
337,21568,21567,sea_abrupt4,sea,ts_drift_adapt,3,"error_divergence_ph_meta@error.threshold=0.10,error.min_instances=5",error_divergence_ph_meta,"{""divergence"": {""alpha"": 0.1, ""delta"": 0.005, ""min_instances"": 30, ""threshold"": 0.05}, ""error_rate"": {""alpha"": 0.15, ""delta"": 0.005, ""min_instances"": 5, ""threshold"": 0.1}}","{""error_rate"": {""min_instances"": 5, ""threshold"": 0.1}}",0.1,0.005,0.15,5,0.05,0.005,0.1,30,,,,-1,two_stage,2,0.5,"__confirm_cooldown=200,__confirm_rule=perm_test,__perm_alpha=0.01,__perm_delta_k=25,__perm_min_effect=0,__perm_n_perm=200,__perm_post_n=50,__perm_pre_n=500,__perm_rng_seed=0,__perm_stat=delta_fused_score,divergence=0.3,error_rate=0.5,teacher_entropy=0.2",3,0,200,0.0,0,10000,10.0,25.0,200,500,0,0,1.0,0.822468471810089,0.5838074520876887,0.0,0.23335100710391998,0.013679390773177147,0,0,58,48,-1,perm_test,0.004975124378109453,0.017344885338444,115,48,67,0.0,0.0073156896978616714,0,0.0,0.0,0.0,0.0,0,none,0,1,0,overconfident,0.95,0,mild_drift,0.9612114243899859,0.001284542167128075,0.8061782479520845,0.8578021949635241,1768146523.5223122,0.05971326306462288,0.09923632442951202
338,21632,21631,sea_abrupt4,sea,ts_drift_adapt,3,"error_divergence_ph_meta@error.threshold=0.10,error.min_instances=5",error_divergence_ph_meta,"{""divergence"": {""alpha"": 0.1, ""delta"": 0.005, ""min_instances"": 30, ""threshold"": 0.05}, ""error_rate"": {""alpha"": 0.15, ""delta"": 0.005, ""min_instances"": 5, ""threshold"": 0.1}}","{""error_rate"": {""min_instances"": 5, ""threshold"": 0.1}}",0.1,0.005,0.15,5,0.05,0.005,0.1,30,,,,-1,two_stage,2,0.5,"__confirm_cooldown=200,__confirm_rule=perm_test,__perm_alpha=0.01,__perm_delta_k=25,__perm_min_effect=0,__perm_n_perm=200,__perm_post_n=50,__perm_pre_n=500,__perm_rng_seed=0,__perm_stat=delta_fused_score,divergence=0.3,error_rate=0.5,teacher_entropy=0.2",3,0,200,0.0,0,10000,10.0,25.0,200,500,0,0,1.0,0.822762573964497,0.5842616402431619,0.0,0.25757521390914917,0.014189422130584717,0,0,58,48,-1,perm_test,0.004975124378109453,0.017344885338444,115,48,67,0.0,0.0005100313574075699,0,0.0,0.0,0.0,0.0,0,none,0,1,0,overconfident,0.95,0,mild_drift,0.9607557121949929,0.0012922710835640374,0.8030891239760423,0.856401097481762,1768146523.5328627,0.020422620698809624,0.12682798504829407
339,21696,21695,sea_abrupt4,sea,ts_drift_adapt,3,"error_divergence_ph_meta@error.threshold=0.10,error.min_instances=5",error_divergence_ph_meta,"{""divergence"": {""alpha"": 0.1, ""delta"": 0.005, ""min_instances"": 30, ""threshold"": 0.05}, ""error_rate"": {""alpha"": 0.15, ""delta"": 0.005, ""min_instances"": 5, ""threshold"": 0.1}}","{""error_rate"": {""min_instances"": 5, ""threshold"": 0.1}}",0.1,0.005,0.15,5,0.05,0.005,0.1,30,,,,-1,two_stage,2,0.5,"__confirm_cooldown=200,__confirm_rule=perm_test,__perm_alpha=0.01,__perm_delta_k=25,__perm_min_effect=0,__perm_n_perm=200,__perm_post_n=50,__perm_pre_n=500,__perm_rng_seed=0,__perm_stat=delta_fused_score,divergence=0.3,error_rate=0.5,teacher_entropy=0.2",3,0,200,0.0,0,10000,10.0,25.0,200,500,0,0,1.0,0.8229627581120944,0.5847121090870688,0.16666666666666666,0.22556661069393158,0.012918321415781975,0,0,58,48,-1,perm_test,0.004975124378109453,0.017344885338444,115,48,67,0.0,0.16666666666666666,0,0.0,0.0,0.0,0.0,0,none,0,1,0,overconfident,0.95,0,mild_drift,0.9605278560974964,0.001296135541782019,0.8015445619880212,0.855700548740881,1768146523.5434322,0.2578076124191284,0.12410780787467957
340,21760,21759,sea_abrupt4,sea,ts_drift_adapt,3,"error_divergence_ph_meta@error.threshold=0.10,error.min_instances=5",error_divergence_ph_meta,"{""divergence"": {""alpha"": 0.1, ""delta"": 0.005, ""min_instances"": 30, ""threshold"": 0.05}, ""error_rate"": {""alpha"": 0.15, ""delta"": 0.005, ""min_instances"": 5, ""threshold"": 0.1}}","{""error_rate"": {""min_instances"": 5, ""threshold"": 0.1}}",0.1,0.005,0.15,5,0.05,0.005,0.1,30,,,,-1,two_stage,2,0.5,"__confirm_cooldown=200,__confirm_rule=perm_test,__perm_alpha=0.01,__perm_delta_k=25,__perm_min_effect=0,__perm_n_perm=200,__perm_post_n=50,__perm_pre_n=500,__perm_rng_seed=0,__perm_stat=delta_fused_score,divergence=0.3,error_rate=0.5,teacher_entropy=0.2",3,0,200,0.0,0,10000,10.0,25.0,200,500,0,0,1.0,0.8232996323529411,0.5853730289841433,0.0,0.22070905566215515,0.015734029933810234,0,0,58,48,-1,perm_test,0.004975124378109453,0.017344885338444,115,48,67,0.0,0.16666666666666666,0,0.0,0.0,0.0,0.0,0,none,0,1,0,overconfident,0.95,0,mild_drift,0.9604139280487481,0.0012980677708910094,0.8007722809940105,0.8553502743704404,1768146523.5542314,0.05569498613476753,0.1219903752207756
341,21824,21823,sea_abrupt4,sea,ts_drift_adapt,3,"error_divergence_ph_meta@error.threshold=0.10,error.min_instances=5",error_divergence_ph_meta,"{""divergence"": {""alpha"": 0.1, ""delta"": 0.005, ""min_instances"": 30, ""threshold"": 0.05}, ""error_rate"": {""alpha"": 0.15, ""delta"": 0.005, ""min_instances"": 5, ""threshold"": 0.1}}","{""error_rate"": {""min_instances"": 5, ""threshold"": 0.1}}",0.1,0.005,0.15,5,0.05,0.005,0.1,30,,,,-1,two_stage,2,0.5,"__confirm_cooldown=200,__confirm_rule=perm_test,__perm_alpha=0.01,__perm_delta_k=25,__perm_min_effect=0,__perm_n_perm=200,__perm_post_n=50,__perm_pre_n=500,__perm_rng_seed=0,__perm_stat=delta_fused_score,divergence=0.3,error_rate=0.5,teacher_entropy=0.2",3,0,200,0.0,0,10000,10.0,25.0,200,500,0,0,1.0,0.8234970674486803,0.5855689048266479,0.16666666666666666,0.2645685076713562,0.009419886395335197,1,1,59,49,0,perm_test,0.004975124378109453,0.042221333854098486,116,49,67,0.16666666666666666,0.16666666666666666,1,0.5,0.0,0.0,0.0,0,none,1,1,0,overconfident,0.95,0,severe_drift,0.925706964024374,0.0016490338854455047,0.6503861404970053,0.8326751371852202,1768146523.5728757,0.24428248405456543,0.0791763961315155
342,21888,21887,sea_abrupt4,sea,ts_drift_adapt,3,"error_divergence_ph_meta@error.threshold=0.10,error.min_instances=5",error_divergence_ph_meta,"{""divergence"": {""alpha"": 0.1, ""delta"": 0.005, ""min_instances"": 30, ""threshold"": 0.05}, ""error_rate"": {""alpha"": 0.15, ""delta"": 0.005, ""min_instances"": 5, ""threshold"": 0.1}}","{""error_rate"": {""min_instances"": 5, ""threshold"": 0.1}}",0.1,0.005,0.15,5,0.05,0.005,0.1,30,,,,-1,two_stage,2,0.5,"__confirm_cooldown=200,__confirm_rule=perm_test,__perm_alpha=0.01,__perm_delta_k=25,__perm_min_effect=0,__perm_n_perm=200,__perm_post_n=50,__perm_pre_n=500,__perm_rng_seed=0,__perm_stat=delta_fused_score,divergence=0.3,error_rate=0.5,teacher_entropy=0.2",3,0,200,0.0,0,10000,10.0,25.0,200,500,1,136,1.0,0.8236933479532164,0.5857991598899994,0.16666666666666666,0.22907714545726776,0.008481203578412533,0,0,59,49,-1,perm_test,0.004975124378109453,0.042221333854098486,116,49,67,0.0,0.0009386828169226646,0,0.0,0.0,0.0,0.0,0,none,0,1,0,overconfident,0.95,0,mild_drift,0.943003482012187,0.0014745169427227524,0.7251930702485027,0.84383756859261,1768146523.5832164,0.34027981758117676,0.07290856540203094
343,21952,21951,sea_abrupt4,sea,ts_drift_adapt,3,"error_divergence_ph_meta@error.threshold=0.10,error.min_instances=5",error_divergence_ph_meta,"{""divergence"": {""alpha"": 0.1, ""delta"": 0.005, ""min_instances"": 30, ""threshold"": 0.05}, ""error_rate"": {""alpha"": 0.15, ""delta"": 0.005, ""min_instances"": 5, ""threshold"": 0.1}}","{""error_rate"": {""min_instances"": 5, ""threshold"": 0.1}}",0.1,0.005,0.15,5,0.05,0.005,0.1,30,,,,-1,two_stage,2,0.5,"__confirm_cooldown=200,__confirm_rule=perm_test,__perm_alpha=0.01,__perm_delta_k=25,__perm_min_effect=0,__perm_n_perm=200,__perm_post_n=50,__perm_pre_n=500,__perm_rng_seed=0,__perm_stat=delta_fused_score,divergence=0.3,error_rate=0.5,teacher_entropy=0.2",3,0,200,0.0,0,10000,10.0,25.0,200,500,1,72,1.0,0.8238884839650146,0.5860448470757476,0.0,0.2575455605983734,0.011357659474015236,0,0,59,49,-1,perm_test,0.004975124378109453,0.042221333854098486,116,49,67,0.0,0.16666666666666666,0,0.0,0.0,0.0,0.0,0,none,0,1,0,overconfident,0.95,0,mild_drift,0.9516517410060934,0.0013872584713613763,0.7625965351242514,0.849418784296305,1768146523.5934558,0.051998406648635864,0.11767176538705826
344,22016,22015,sea_abrupt4,sea,ts_drift_adapt,3,"error_divergence_ph_meta@error.threshold=0.10,error.min_instances=5",error_divergence_ph_meta,"{""divergence"": {""alpha"": 0.1, ""delta"": 0.005, ""min_instances"": 30, ""threshold"": 0.05}, ""error_rate"": {""alpha"": 0.15, ""delta"": 0.005, ""min_instances"": 5, ""threshold"": 0.1}}","{""error_rate"": {""min_instances"": 5, ""threshold"": 0.1}}",0.1,0.005,0.15,5,0.05,0.005,0.1,30,,,,-1,two_stage,2,0.5,"__confirm_cooldown=200,__confirm_rule=perm_test,__perm_alpha=0.01,__perm_delta_k=25,__perm_min_effect=0,__perm_n_perm=200,__perm_post_n=50,__perm_pre_n=500,__perm_rng_seed=0,__perm_stat=delta_fused_score,divergence=0.3,error_rate=0.5,teacher_entropy=0.2",3,0,200,0.0,0,10000,10.0,25.0,200,500,1,8,1.0,0.82421875,0.5866862093063905,0.0,0.26825839281082153,0.008932854980230331,0,0,59,49,-1,perm_test,0.004975124378109453,0.042221333854098486,116,49,67,0.0,0.0024248044937849045,0,0.0,0.0,0.0,0.0,0,none,0,1,0,overconfident,0.95,0,mild_drift,0.9559758705030467,0.0013436292356806883,0.7812982675621257,0.8522093921481525,1768146523.6037693,0.043252553790807724,0.08546774089336395
345,22080,22079,sea_abrupt4,sea,ts_drift_adapt,3,"error_divergence_ph_meta@error.threshold=0.10,error.min_instances=5",error_divergence_ph_meta,"{""divergence"": {""alpha"": 0.1, ""delta"": 0.005, ""min_instances"": 30, ""threshold"": 0.05}, ""error_rate"": {""alpha"": 0.15, ""delta"": 0.005, ""min_instances"": 5, ""threshold"": 0.1}}","{""error_rate"": {""min_instances"": 5, ""threshold"": 0.1}}",0.1,0.005,0.15,5,0.05,0.005,0.1,30,,,,-1,two_stage,2,0.5,"__confirm_cooldown=200,__confirm_rule=perm_test,__perm_alpha=0.01,__perm_delta_k=25,__perm_min_effect=0,__perm_n_perm=200,__perm_post_n=50,__perm_pre_n=500,__perm_rng_seed=0,__perm_stat=delta_fused_score,divergence=0.3,error_rate=0.5,teacher_entropy=0.2",3,0,200,0.0,0,10000,10.0,25.0,200,500,0,0,1.0,0.8244565217391304,0.5870238739373095,0.0,0.20149077475070953,0.00728711299598217,0,0,59,49,-1,perm_test,0.004975124378109453,0.042221333854098486,116,49,67,0.0,0.0016457419842481613,0,0.0,0.0,0.0,0.0,0,none,0,1,0,overconfident,0.95,0,mild_drift,0.9581379352515234,0.0013218146178403441,0.7906491337810628,0.8536046960740762,1768146523.6142352,0.13755394518375397,0.08144941180944443
346,22144,22143,sea_abrupt4,sea,ts_drift_adapt,3,"error_divergence_ph_meta@error.threshold=0.10,error.min_instances=5",error_divergence_ph_meta,"{""divergence"": {""alpha"": 0.1, ""delta"": 0.005, ""min_instances"": 30, ""threshold"": 0.05}, ""error_rate"": {""alpha"": 0.15, ""delta"": 0.005, ""min_instances"": 5, ""threshold"": 0.1}}","{""error_rate"": {""min_instances"": 5, ""threshold"": 0.1}}",0.1,0.005,0.15,5,0.05,0.005,0.1,30,,,,-1,two_stage,2,0.5,"__confirm_cooldown=200,__confirm_rule=perm_test,__perm_alpha=0.01,__perm_delta_k=25,__perm_min_effect=0,__perm_n_perm=200,__perm_post_n=50,__perm_pre_n=500,__perm_rng_seed=0,__perm_stat=delta_fused_score,divergence=0.3,error_rate=0.5,teacher_entropy=0.2",3,0,200,0.0,0,10000,10.0,25.0,200,500,0,0,1.0,0.8246929190751445,0.5873839165478709,0.0,0.2172510176897049,0.00468897819519043,0,0,59,49,-1,perm_test,0.004975124378109453,0.042221333854098486,116,49,67,0.0,0.0025981348007917404,0,0.0,0.0,0.0,0.0,0,none,0,1,0,overconfident,0.95,0,mild_drift,0.9592189676257616,0.001310907308920172,0.7953245668905314,0.8543023480370381,1768146523.6256828,0.06028200313448906,0.0572904497385025
347,22208,22207,sea_abrupt4,sea,ts_drift_adapt,3,"error_divergence_ph_meta@error.threshold=0.10,error.min_instances=5",error_divergence_ph_meta,"{""divergence"": {""alpha"": 0.1, ""delta"": 0.005, ""min_instances"": 30, ""threshold"": 0.05}, ""error_rate"": {""alpha"": 0.15, ""delta"": 0.005, ""min_instances"": 5, ""threshold"": 0.1}}","{""error_rate"": {""min_instances"": 5, ""threshold"": 0.1}}",0.1,0.005,0.15,5,0.05,0.005,0.1,30,,,,-1,two_stage,2,0.5,"__confirm_cooldown=200,__confirm_rule=perm_test,__perm_alpha=0.01,__perm_delta_k=25,__perm_min_effect=0,__perm_n_perm=200,__perm_post_n=50,__perm_pre_n=500,__perm_rng_seed=0,__perm_stat=delta_fused_score,divergence=0.3,error_rate=0.5,teacher_entropy=0.2",3,0,200,0.0,0,10000,10.0,25.0,200,500,0,0,1.0,0.8248829250720461,0.5877378573168945,0.16666666666666666,0.2512807250022888,0.007239636033773422,1,1,60,50,0,perm_test,0.004975124378109453,0.07464367948751449,117,50,67,0.0,0.16666666666666666,1,0.5,0.0,0.0,0.0,0,none,1,1,0,overconfident,0.95,0,stable,0.9746094838128808,0.001055453654460086,0.8976622834452657,0.8996511740185191,1768146523.6456954,0.35196539759635925,0.062375180423259735
348,22272,22271,sea_abrupt4,sea,ts_drift_adapt,3,"error_divergence_ph_meta@error.threshold=0.10,error.min_instances=5",error_divergence_ph_meta,"{""divergence"": {""alpha"": 0.1, ""delta"": 0.005, ""min_instances"": 30, ""threshold"": 0.05}, ""error_rate"": {""alpha"": 0.15, ""delta"": 0.005, ""min_instances"": 5, ""threshold"": 0.1}}","{""error_rate"": {""min_instances"": 5, ""threshold"": 0.1}}",0.1,0.005,0.15,5,0.05,0.005,0.1,30,,,,-1,two_stage,2,0.5,"__confirm_cooldown=200,__confirm_rule=perm_test,__perm_alpha=0.01,__perm_delta_k=25,__perm_min_effect=0,__perm_n_perm=200,__perm_post_n=50,__perm_pre_n=500,__perm_rng_seed=0,__perm_stat=delta_fused_score,divergence=0.3,error_rate=0.5,teacher_entropy=0.2",3,0,200,0.0,0,10000,10.0,25.0,200,500,1,136,1.0,0.8251167385057471,0.5880335565004392,0.0,0.26236146688461304,0.01134558580815792,0,0,60,50,-1,perm_test,0.004975124378109453,0.07464367948751449,117,50,67,0.0,0.16666666666666666,0,0.0,0.0,0.0,0.0,0,none,0,1,0,overconfident,0.95,0,mild_drift,0.9674547419064403,0.0011777268272300432,0.8488311417226329,0.8773255870092596,1768146523.657987,0.028369784355163574,0.08654136210680008
349,22336,22335,sea_abrupt4,sea,ts_drift_adapt,3,"error_divergence_ph_meta@error.threshold=0.10,error.min_instances=5",error_divergence_ph_meta,"{""divergence"": {""alpha"": 0.1, ""delta"": 0.005, ""min_instances"": 30, ""threshold"": 0.05}, ""error_rate"": {""alpha"": 0.15, ""delta"": 0.005, ""min_instances"": 5, ""threshold"": 0.1}}","{""error_rate"": {""min_instances"": 5, ""threshold"": 0.1}}",0.1,0.005,0.15,5,0.05,0.005,0.1,30,,,,-1,two_stage,2,0.5,"__confirm_cooldown=200,__confirm_rule=perm_test,__perm_alpha=0.01,__perm_delta_k=25,__perm_min_effect=0,__perm_n_perm=200,__perm_post_n=50,__perm_pre_n=500,__perm_rng_seed=0,__perm_stat=delta_fused_score,divergence=0.3,error_rate=0.5,teacher_entropy=0.2",3,0,200,0.0,0,10000,10.0,25.0,200,500,1,72,1.0,0.825304441260745,0.5883751631290244,0.0,0.22949372231960297,0.011568454094231129,0,0,60,50,-1,perm_test,0.004975124378109453,0.07464367948751449,117,50,67,0.0,0.00022286828607320786,0,0.0,0.0,0.0,0.0,0,none,0,1,0,overconfident,0.95,0,mild_drift,0.9638773709532201,0.0012388634136150218,0.8244155708613164,0.8661627935046298,1768146523.6696844,0.1321333646774292,0.10620105266571045
350,22400,22399,sea_abrupt4,sea,ts_drift_adapt,3,"error_divergence_ph_meta@error.threshold=0.10,error.min_instances=5",error_divergence_ph_meta,"{""divergence"": {""alpha"": 0.1, ""delta"": 0.005, ""min_instances"": 30, ""threshold"": 0.05}, ""error_rate"": {""alpha"": 0.15, ""delta"": 0.005, ""min_instances"": 5, ""threshold"": 0.1}}","{""error_rate"": {""min_instances"": 5, ""threshold"": 0.1}}",0.1,0.005,0.15,5,0.05,0.005,0.1,30,,,,-1,two_stage,2,0.5,"__confirm_cooldown=200,__confirm_rule=perm_test,__perm_alpha=0.01,__perm_delta_k=25,__perm_min_effect=0,__perm_n_perm=200,__perm_post_n=50,__perm_pre_n=500,__perm_rng_seed=0,__perm_stat=delta_fused_score,divergence=0.3,error_rate=0.5,teacher_entropy=0.2",3,0,200,0.0,0,10000,10.0,25.0,200,500,1,8,1.0,0.825625,0.5890526732829445,0.0,0.21567149460315704,0.0062087723053991795,0,0,60,50,-1,perm_test,0.004975124378109453,0.07464367948751449,117,50,67,0.0,0.005359681788831949,0,0.0,0.0,0.0,0.0,0,none,0,1,0,overconfident,0.95,0,mild_drift,0.96208868547661,0.001269431706807511,0.8122077854306582,0.8605813967523148,1768146523.6793618,0.1288398951292038,0.06932651251554489
351,22464,22463,sea_abrupt4,sea,ts_drift_adapt,3,"error_divergence_ph_meta@error.threshold=0.10,error.min_instances=5",error_divergence_ph_meta,"{""divergence"": {""alpha"": 0.1, ""delta"": 0.005, ""min_instances"": 30, ""threshold"": 0.05}, ""error_rate"": {""alpha"": 0.15, ""delta"": 0.005, ""min_instances"": 5, ""threshold"": 0.1}}","{""error_rate"": {""min_instances"": 5, ""threshold"": 0.1}}",0.1,0.005,0.15,5,0.05,0.005,0.1,30,,,,-1,two_stage,2,0.5,"__confirm_cooldown=200,__confirm_rule=perm_test,__perm_alpha=0.01,__perm_delta_k=25,__perm_min_effect=0,__perm_n_perm=200,__perm_post_n=50,__perm_pre_n=500,__perm_rng_seed=0,__perm_stat=delta_fused_score,divergence=0.3,error_rate=0.5,teacher_entropy=0.2",3,0,200,0.0,0,10000,10.0,25.0,200,500,0,0,1.0,0.8258547008547008,0.5894741559809112,0.16666666666666666,0.22885575890541077,0.014177761971950531,0,0,60,50,-1,perm_test,0.004975124378109453,0.07464367948751449,117,50,67,0.0,0.16666666666666666,0,0.0,0.0,0.0,0.0,0,none,0,1,0,overconfident,0.95,0,mild_drift,0.961194342738305,0.0012847158534037557,0.8061038927153291,0.8577906983761574,1768146523.6899793,0.21393196284770966,0.11614909023046494
352,22528,22527,sea_abrupt4,sea,ts_drift_adapt,3,"error_divergence_ph_meta@error.threshold=0.10,error.min_instances=5",error_divergence_ph_meta,"{""divergence"": {""alpha"": 0.1, ""delta"": 0.005, ""min_instances"": 30, ""threshold"": 0.05}, ""error_rate"": {""alpha"": 0.15, ""delta"": 0.005, ""min_instances"": 5, ""threshold"": 0.1}}","{""error_rate"": {""min_instances"": 5, ""threshold"": 0.1}}",0.1,0.005,0.15,5,0.05,0.005,0.1,30,,,,-1,two_stage,2,0.5,"__confirm_cooldown=200,__confirm_rule=perm_test,__perm_alpha=0.01,__perm_delta_k=25,__perm_min_effect=0,__perm_n_perm=200,__perm_post_n=50,__perm_pre_n=500,__perm_rng_seed=0,__perm_stat=delta_fused_score,divergence=0.3,error_rate=0.5,teacher_entropy=0.2",3,0,200,0.0,0,10000,10.0,25.0,200,500,0,0,1.0,0.8262162642045454,0.5900383770076643,0.16666666666666666,0.20490658283233643,0.011082863435149193,0,1,61,50,-1,perm_test,1.0,-0.011642563141890315,118,50,68,0.0,0.003094898536801338,1,0.5,0.0,0.0,0.0,0,none,0,1,0,overconfident,0.95,0,mild_drift,0.9607471713691524,0.001292357926701878,0.8030519463576646,0.8563953491880787,1768146523.7008088,0.23166541755199432,0.12600097060203552
353,22592,22591,sea_abrupt4,sea,ts_drift_adapt,3,"error_divergence_ph_meta@error.threshold=0.10,error.min_instances=5",error_divergence_ph_meta,"{""divergence"": {""alpha"": 0.1, ""delta"": 0.005, ""min_instances"": 30, ""threshold"": 0.05}, ""error_rate"": {""alpha"": 0.15, ""delta"": 0.005, ""min_instances"": 5, ""threshold"": 0.1}}","{""error_rate"": {""min_instances"": 5, ""threshold"": 0.1}}",0.1,0.005,0.15,5,0.05,0.005,0.1,30,,,,-1,two_stage,2,0.5,"__confirm_cooldown=200,__confirm_rule=perm_test,__perm_alpha=0.01,__perm_delta_k=25,__perm_min_effect=0,__perm_n_perm=200,__perm_post_n=50,__perm_pre_n=500,__perm_rng_seed=0,__perm_stat=delta_fused_score,divergence=0.3,error_rate=0.5,teacher_entropy=0.2",3,0,200,0.0,0,10000,10.0,25.0,200,500,0,0,1.0,0.8263987252124646,0.5903290272069116,0.16666666666666666,0.2436123788356781,0.008099713362753391,0,0,61,50,-1,perm_test,1.0,-0.06859223194415469,119,50,69,0.0,0.0029831500723958015,0,0.0,0.0,0.0,0.0,0,none,0,1,0,overconfident,0.95,0,mild_drift,0.9605235856845762,0.0012961789633509392,0.8015259731788323,0.8556976745940393,1768146523.7116709,0.5869321227073669,0.08202587068080902
354,22656,22655,sea_abrupt4,sea,ts_drift_adapt,3,"error_divergence_ph_meta@error.threshold=0.10,error.min_instances=5",error_divergence_ph_meta,"{""divergence"": {""alpha"": 0.1, ""delta"": 0.005, ""min_instances"": 30, ""threshold"": 0.05}, ""error_rate"": {""alpha"": 0.15, ""delta"": 0.005, ""min_instances"": 5, ""threshold"": 0.1}}","{""error_rate"": {""min_instances"": 5, ""threshold"": 0.1}}",0.1,0.005,0.15,5,0.05,0.005,0.1,30,,,,-1,two_stage,2,0.5,"__confirm_cooldown=200,__confirm_rule=perm_test,__perm_alpha=0.01,__perm_delta_k=25,__perm_min_effect=0,__perm_n_perm=200,__perm_post_n=50,__perm_pre_n=500,__perm_rng_seed=0,__perm_stat=delta_fused_score,divergence=0.3,error_rate=0.5,teacher_entropy=0.2",3,0,200,0.0,0,10000,10.0,25.0,200,500,0,0,1.0,0.826756709039548,0.5911982432366406,0.0,0.24816440045833588,0.01324593648314476,0,0,61,50,-1,perm_test,1.0,-0.047659250146867206,120,50,70,0.0,0.16666666666666666,0,0.0,0.0,0.0,0.0,0,none,0,1,0,overconfident,0.95,0,mild_drift,0.9604117928422881,0.0012980894816754696,0.8007629865894161,0.8553488372970197,1768146523.7224796,0.06114710867404938,0.11311747133731842
355,22720,22719,sea_abrupt4,sea,ts_drift_adapt,3,"error_divergence_ph_meta@error.threshold=0.10,error.min_instances=5",error_divergence_ph_meta,"{""divergence"": {""alpha"": 0.1, ""delta"": 0.005, ""min_instances"": 30, ""threshold"": 0.05}, ""error_rate"": {""alpha"": 0.15, ""delta"": 0.005, ""min_instances"": 5, ""threshold"": 0.1}}","{""error_rate"": {""min_instances"": 5, ""threshold"": 0.1}}",0.1,0.005,0.15,5,0.05,0.005,0.1,30,,,,-1,two_stage,2,0.5,"__confirm_cooldown=200,__confirm_rule=perm_test,__perm_alpha=0.01,__perm_delta_k=25,__perm_min_effect=0,__perm_n_perm=200,__perm_post_n=50,__perm_pre_n=500,__perm_rng_seed=0,__perm_stat=delta_fused_score,divergence=0.3,error_rate=0.5,teacher_entropy=0.2",3,0,200,0.0,0,10000,10.0,25.0,200,500,0,0,1.0,0.8272007042253521,0.5919963389653771,0.16666666666666666,0.18364748358726501,0.0069720130413770676,1,0,61,51,3,perm_test,0.004975124378109453,0.053703252687130686,121,51,70,0.0,0.16666666666666666,0,0.0,0.0,0.0,0.0,0,none,1,1,0,overconfident,0.95,0,stable,0.9752058964211441,0.0010490447408377348,0.9003814932947081,0.9001744186485099,1768146523.7409654,0.2483845353126526,0.07495654374361038
356,22784,22783,sea_abrupt4,sea,ts_drift_adapt,3,"error_divergence_ph_meta@error.threshold=0.10,error.min_instances=5",error_divergence_ph_meta,"{""divergence"": {""alpha"": 0.1, ""delta"": 0.005, ""min_instances"": 30, ""threshold"": 0.05}, ""error_rate"": {""alpha"": 0.15, ""delta"": 0.005, ""min_instances"": 5, ""threshold"": 0.1}}","{""error_rate"": {""min_instances"": 5, ""threshold"": 0.1}}",0.1,0.005,0.15,5,0.05,0.005,0.1,30,,,,-1,two_stage,2,0.5,"__confirm_cooldown=200,__confirm_rule=perm_test,__perm_alpha=0.01,__perm_delta_k=25,__perm_min_effect=0,__perm_n_perm=200,__perm_post_n=50,__perm_pre_n=500,__perm_rng_seed=0,__perm_stat=delta_fused_score,divergence=0.3,error_rate=0.5,teacher_entropy=0.2",3,0,200,0.0,0,10000,10.0,25.0,200,500,1,136,1.0,0.8274227528089888,0.5925584033112897,0.0,0.21685220301151276,0.016399338841438293,0,0,61,51,-1,perm_test,0.004975124378109453,0.053703252687130686,121,51,70,0.0,0.16666666666666666,0,0.0,0.0,0.0,0.0,0,none,0,1,0,overconfident,0.95,0,mild_drift,0.967752948210572,0.0011745223704188673,0.8501907466473541,0.8775872093242549,1768146523.7512941,0.024206964299082756,0.12058860808610916
357,22848,22847,sea_abrupt4,sea,ts_drift_adapt,3,"error_divergence_ph_meta@error.threshold=0.10,error.min_instances=5",error_divergence_ph_meta,"{""divergence"": {""alpha"": 0.1, ""delta"": 0.005, ""min_instances"": 30, ""threshold"": 0.05}, ""error_rate"": {""alpha"": 0.15, ""delta"": 0.005, ""min_instances"": 5, ""threshold"": 0.1}}","{""error_rate"": {""min_instances"": 5, ""threshold"": 0.1}}",0.1,0.005,0.15,5,0.05,0.005,0.1,30,,,,-1,two_stage,2,0.5,"__confirm_cooldown=200,__confirm_rule=perm_test,__perm_alpha=0.01,__perm_delta_k=25,__perm_min_effect=0,__perm_n_perm=200,__perm_post_n=50,__perm_pre_n=500,__perm_rng_seed=0,__perm_stat=delta_fused_score,divergence=0.3,error_rate=0.5,teacher_entropy=0.2",3,0,200,0.0,0,10000,10.0,25.0,200,500,1,72,1.0,0.8278186274509803,0.5931565188560642,0.0,0.19655469059944153,0.004661465063691139,0,1,61,51,-1,perm_test,0.004975124378109453,0.053703252687130686,121,51,70,0.16666666666666666,0.011737873777747154,1,0.5,0.0,0.0,0.0,0,none,0,1,0,overconfident,0.95,0,mild_drift,0.964026474105286,0.0012372611852094336,0.825095373323677,0.8662936046621275,1768146523.7615514,0.15001314878463745,0.059290915727615356
358,22912,22911,sea_abrupt4,sea,ts_drift_adapt,3,"error_divergence_ph_meta@error.threshold=0.10,error.min_instances=5",error_divergence_ph_meta,"{""divergence"": {""alpha"": 0.1, ""delta"": 0.005, ""min_instances"": 30, ""threshold"": 0.05}, ""error_rate"": {""alpha"": 0.15, ""delta"": 0.005, ""min_instances"": 5, ""threshold"": 0.1}}","{""error_rate"": {""min_instances"": 5, ""threshold"": 0.1}}",0.1,0.005,0.15,5,0.05,0.005,0.1,30,,,,-1,two_stage,2,0.5,"__confirm_cooldown=200,__confirm_rule=perm_test,__perm_alpha=0.01,__perm_delta_k=25,__perm_min_effect=0,__perm_n_perm=200,__perm_post_n=50,__perm_pre_n=500,__perm_rng_seed=0,__perm_stat=delta_fused_score,divergence=0.3,error_rate=0.5,teacher_entropy=0.2",3,0,200,0.0,0,10000,10.0,25.0,200,500,1,8,1.0,0.8280813547486033,0.5935400029047021,0.16666666666666666,0.2433611899614334,0.009939559735357761,0,0,61,51,-1,perm_test,0.004975124378109453,0.053703252687130686,121,51,70,0.0,0.16666666666666666,0,0.0,0.0,0.0,0.0,0,none,0,1,0,overconfident,0.95,0,mild_drift,0.962163237052643,0.0012686305926047168,0.8125476866618385,0.8606468023310637,1768146523.7718804,0.29338565468788147,0.08313925564289093
359,22976,22975,sea_abrupt4,sea,ts_drift_adapt,3,"error_divergence_ph_meta@error.threshold=0.10,error.min_instances=5",error_divergence_ph_meta,"{""divergence"": {""alpha"": 0.1, ""delta"": 0.005, ""min_instances"": 30, ""threshold"": 0.05}, ""error_rate"": {""alpha"": 0.15, ""delta"": 0.005, ""min_instances"": 5, ""threshold"": 0.1}}","{""error_rate"": {""min_instances"": 5, ""threshold"": 0.1}}",0.1,0.005,0.15,5,0.05,0.005,0.1,30,,,,-1,two_stage,2,0.5,"__confirm_cooldown=200,__confirm_rule=perm_test,__perm_alpha=0.01,__perm_delta_k=25,__perm_min_effect=0,__perm_n_perm=200,__perm_post_n=50,__perm_pre_n=500,__perm_rng_seed=0,__perm_stat=delta_fused_score,divergence=0.3,error_rate=0.5,teacher_entropy=0.2",3,0,200,0.0,0,10000,10.0,25.0,200,500,0,0,1.0,0.8284296657381616,0.5943815693042291,0.0,0.24009105563163757,0.011014093644917011,0,0,61,51,-1,perm_test,0.004975124378109453,0.053703252687130686,121,51,70,0.0,0.16666666666666666,0,0.0,0.0,0.0,0.0,0,none,0,1,0,overconfident,0.95,0,mild_drift,0.9612316185263214,0.0012843152963023584,0.8062738433309193,0.8578234011655319,1768146523.7830055,0.04091239348053932,0.11720218509435654
360,23040,23039,sea_abrupt4,sea,ts_drift_adapt,3,"error_divergence_ph_meta@error.threshold=0.10,error.min_instances=5",error_divergence_ph_meta,"{""divergence"": {""alpha"": 0.1, ""delta"": 0.005, ""min_instances"": 30, ""threshold"": 0.05}, ""error_rate"": {""alpha"": 0.15, ""delta"": 0.005, ""min_instances"": 5, ""threshold"": 0.1}}","{""error_rate"": {""min_instances"": 5, ""threshold"": 0.1}}",0.1,0.005,0.15,5,0.05,0.005,0.1,30,,,,-1,two_stage,2,0.5,"__confirm_cooldown=200,__confirm_rule=perm_test,__perm_alpha=0.01,__perm_delta_k=25,__perm_min_effect=0,__perm_n_perm=200,__perm_post_n=50,__perm_pre_n=500,__perm_rng_seed=0,__perm_stat=delta_fused_score,divergence=0.3,error_rate=0.5,teacher_entropy=0.2",3,0,200,0.0,0,10000,10.0,25.0,200,500,0,0,1.0,0.8286892361111111,0.594844700198672,0.0,0.23516574501991272,0.011850109323859215,0,0,61,51,-1,perm_test,0.004975124378109453,0.053703252687130686,121,51,70,0.0,0.0008360156789422035,0,0.0,0.0,0.0,0.0,0,none,0,1,0,overconfident,0.95,0,mild_drift,0.9607658092631607,0.0012921576481511794,0.8031369216654597,0.856411700582766,1768146523.7938118,0.10876723378896713,0.09315002709627151
361,23104,23103,sea_abrupt4,sea,ts_drift_adapt,3,"error_divergence_ph_meta@error.threshold=0.10,error.min_instances=5",error_divergence_ph_meta,"{""divergence"": {""alpha"": 0.1, ""delta"": 0.005, ""min_instances"": 30, ""threshold"": 0.05}, ""error_rate"": {""alpha"": 0.15, ""delta"": 0.005, ""min_instances"": 5, ""threshold"": 0.1}}","{""error_rate"": {""min_instances"": 5, ""threshold"": 0.1}}",0.1,0.005,0.15,5,0.05,0.005,0.1,30,,,,-1,two_stage,2,0.5,"__confirm_cooldown=200,__confirm_rule=perm_test,__perm_alpha=0.01,__perm_delta_k=25,__perm_min_effect=0,__perm_n_perm=200,__perm_post_n=50,__perm_pre_n=500,__perm_rng_seed=0,__perm_stat=delta_fused_score,divergence=0.3,error_rate=0.5,teacher_entropy=0.2",3,0,200,0.0,0,10000,10.0,25.0,200,500,0,0,1.0,0.8288608033240997,0.5951514150867765,0.16666666666666666,0.24572430551052094,0.012673168443143368,0,0,61,51,-1,perm_test,0.004975124378109453,0.053703252687130686,121,51,70,0.0,0.16666666666666666,0,0.0,0.0,0.0,0.0,0,none,0,1,0,overconfident,0.95,0,mild_drift,0.9605329046315803,0.0012960788240755899,0.8015684608327298,0.855705850291383,1768146523.8045502,0.34020814299583435,0.11161242425441742
362,23168,23167,sea_abrupt4,sea,ts_drift_adapt,3,"error_divergence_ph_meta@error.threshold=0.10,error.min_instances=5",error_divergence_ph_meta,"{""divergence"": {""alpha"": 0.1, ""delta"": 0.005, ""min_instances"": 30, ""threshold"": 0.05}, ""error_rate"": {""alpha"": 0.15, ""delta"": 0.005, ""min_instances"": 5, ""threshold"": 0.1}}","{""error_rate"": {""min_instances"": 5, ""threshold"": 0.1}}",0.1,0.005,0.15,5,0.05,0.005,0.1,30,,,,-1,two_stage,2,0.5,"__confirm_cooldown=200,__confirm_rule=perm_test,__perm_alpha=0.01,__perm_delta_k=25,__perm_min_effect=0,__perm_n_perm=200,__perm_post_n=50,__perm_pre_n=500,__perm_rng_seed=0,__perm_stat=delta_fused_score,divergence=0.3,error_rate=0.5,teacher_entropy=0.2",3,0,200,0.0,0,10000,10.0,25.0,200,500,0,0,1.0,0.8290745856353591,0.5954203228476437,0.0,0.20286564528942108,0.008340784348547459,0,1,62,51,-1,perm_test,1.0,-0.053401559792198905,122,51,71,0.0,0.16666666666666666,1,0.5,0.0,0.0,0.0,0,none,0,1,0,overconfident,0.95,0,mild_drift,0.9604164523157901,0.001298039412037795,0.8007842304163649,0.8553529251456915,1768146523.815556,0.048194240778684616,0.09877113997936249
363,23232,23231,sea_abrupt4,sea,ts_drift_adapt,3,"error_divergence_ph_meta@error.threshold=0.10,error.min_instances=5",error_divergence_ph_meta,"{""divergence"": {""alpha"": 0.1, ""delta"": 0.005, ""min_instances"": 30, ""threshold"": 0.05}, ""error_rate"": {""alpha"": 0.15, ""delta"": 0.005, ""min_instances"": 5, ""threshold"": 0.1}}","{""error_rate"": {""min_instances"": 5, ""threshold"": 0.1}}",0.1,0.005,0.15,5,0.05,0.005,0.1,30,,,,-1,two_stage,2,0.5,"__confirm_cooldown=200,__confirm_rule=perm_test,__perm_alpha=0.01,__perm_delta_k=25,__perm_min_effect=0,__perm_n_perm=200,__perm_post_n=50,__perm_pre_n=500,__perm_rng_seed=0,__perm_stat=delta_fused_score,divergence=0.3,error_rate=0.5,teacher_entropy=0.2",3,0,200,0.0,0,10000,10.0,25.0,200,500,0,0,1.0,0.8295024104683195,0.5961515117507411,0.0,0.18820048868656158,0.004205900710076094,1,0,62,52,1,perm_test,0.004975124378109453,0.03832479455903515,123,52,71,0.0,0.004134883638471365,0,0.0,0.0,0.0,0.0,0,none,1,1,0,overconfident,0.95,0,stable,0.975208226157895,0.0010490197060188974,0.9003921152081824,0.9001764625728458,1768146523.8342364,0.049273982644081116,0.06030659377574921
364,23296,23295,sea_abrupt4,sea,ts_drift_adapt,3,"error_divergence_ph_meta@error.threshold=0.10,error.min_instances=5",error_divergence_ph_meta,"{""divergence"": {""alpha"": 0.1, ""delta"": 0.005, ""min_instances"": 30, ""threshold"": 0.05}, ""error_rate"": {""alpha"": 0.15, ""delta"": 0.005, ""min_instances"": 5, ""threshold"": 0.1}}","{""error_rate"": {""min_instances"": 5, ""threshold"": 0.1}}",0.1,0.005,0.15,5,0.05,0.005,0.1,30,,,,-1,two_stage,2,0.5,"__confirm_cooldown=200,__confirm_rule=perm_test,__perm_alpha=0.01,__perm_delta_k=25,__perm_min_effect=0,__perm_n_perm=200,__perm_post_n=50,__perm_pre_n=500,__perm_rng_seed=0,__perm_stat=delta_fused_score,divergence=0.3,error_rate=0.5,teacher_entropy=0.2",3,0,200,0.0,0,10000,10.0,25.0,200,500,1,136,1.0,0.8293269230769231,0.5956389781814102,0.3333333333333333,0.2995539903640747,0.009945214726030827,0,0,62,52,-1,perm_test,0.004975124378109453,0.03832479455903515,123,52,71,0.0,0.3333333333333333,0,0.0,0.0,0.0,0.0,0,none,0,1,0,overconfident,0.95,0,mild_drift,0.9677541130789475,0.001174509853009449,0.8501960576040912,0.8775882312864229,1768146523.8445666,0.6711605191230774,0.0735800564289093
365,23360,23359,sea_abrupt4,sea,ts_drift_adapt,3,"error_divergence_ph_meta@error.threshold=0.10,error.min_instances=5",error_divergence_ph_meta,"{""divergence"": {""alpha"": 0.1, ""delta"": 0.005, ""min_instances"": 30, ""threshold"": 0.05}, ""error_rate"": {""alpha"": 0.15, ""delta"": 0.005, ""min_instances"": 5, ""threshold"": 0.1}}","{""error_rate"": {""min_instances"": 5, ""threshold"": 0.1}}",0.1,0.005,0.15,5,0.05,0.005,0.1,30,,,,-1,two_stage,2,0.5,"__confirm_cooldown=200,__confirm_rule=perm_test,__perm_alpha=0.01,__perm_delta_k=25,__perm_min_effect=0,__perm_n_perm=200,__perm_post_n=50,__perm_pre_n=500,__perm_rng_seed=0,__perm_stat=delta_fused_score,divergence=0.3,error_rate=0.5,teacher_entropy=0.2",3,0,200,0.0,0,10000,10.0,25.0,200,500,1,72,1.0,0.8297517123287671,0.5965410728705397,0.0,0.1826450526714325,0.004315698519349098,0,0,62,52,-1,perm_test,0.004975124378109453,0.03832479455903515,123,52,71,0.0,0.3333333333333333,0,0.0,0.0,0.0,0.0,0,none,0,1,0,overconfident,0.95,0,mild_drift,0.9640270565394737,0.0012372549265047246,0.8250980288020456,0.8662941156432115,1768146523.854731,0.11364639550447464,0.044103533029556274
366,23424,23423,sea_abrupt4,sea,ts_drift_adapt,3,"error_divergence_ph_meta@error.threshold=0.10,error.min_instances=5",error_divergence_ph_meta,"{""divergence"": {""alpha"": 0.1, ""delta"": 0.005, ""min_instances"": 30, ""threshold"": 0.05}, ""error_rate"": {""alpha"": 0.15, ""delta"": 0.005, ""min_instances"": 5, ""threshold"": 0.1}}","{""error_rate"": {""min_instances"": 5, ""threshold"": 0.1}}",0.1,0.005,0.15,5,0.05,0.005,0.1,30,,,,-1,two_stage,2,0.5,"__confirm_cooldown=200,__confirm_rule=perm_test,__perm_alpha=0.01,__perm_delta_k=25,__perm_min_effect=0,__perm_n_perm=200,__perm_post_n=50,__perm_pre_n=500,__perm_rng_seed=0,__perm_stat=delta_fused_score,divergence=0.3,error_rate=0.5,teacher_entropy=0.2",3,0,200,0.0,0,10000,10.0,25.0,200,500,1,8,1.0,0.8300887978142076,0.597136576476933,0.0,0.23069489002227783,0.007779309526085854,0,0,62,52,-1,perm_test,0.004975124378109453,0.03832479455903515,123,52,71,0.0,0.0034636110067367554,0,0.0,0.0,0.0,0.0,0,none,0,1,0,overconfident,0.95,0,mild_drift,0.9621635282697368,0.0012686274632523623,0.8125490144010228,0.8606470578216057,1768146523.866177,0.12636929750442505,0.07584108412265778
367,23488,23487,sea_abrupt4,sea,ts_drift_adapt,3,"error_divergence_ph_meta@error.threshold=0.10,error.min_instances=5",error_divergence_ph_meta,"{""divergence"": {""alpha"": 0.1, ""delta"": 0.005, ""min_instances"": 30, ""threshold"": 0.05}, ""error_rate"": {""alpha"": 0.15, ""delta"": 0.005, ""min_instances"": 5, ""threshold"": 0.1}}","{""error_rate"": {""min_instances"": 5, ""threshold"": 0.1}}",0.1,0.005,0.15,5,0.05,0.005,0.1,30,,,,-1,two_stage,2,0.5,"__confirm_cooldown=200,__confirm_rule=perm_test,__perm_alpha=0.01,__perm_delta_k=25,__perm_min_effect=0,__perm_n_perm=200,__perm_post_n=50,__perm_pre_n=500,__perm_rng_seed=0,__perm_stat=delta_fused_score,divergence=0.3,error_rate=0.5,teacher_entropy=0.2",3,0,200,0.0,0,10000,10.0,25.0,200,500,0,0,1.0,0.8303814713896458,0.5975573705786794,0.0,0.22239631414413452,0.018419204279780388,0,1,63,52,-1,perm_test,0.21890547263681592,0.005942583533799259,124,52,72,0.0,0.010639894753694534,1,0.5,0.0,0.0,0.0,0,none,0,1,0,overconfident,0.95,0,mild_drift,0.9612317641348684,0.0012843137316261811,0.8062745072005114,0.8578235289108028,1768146523.8861084,0.017917586490511894,0.1414090096950531
368,23552,23551,sea_abrupt4,sea,ts_drift_adapt,3,"error_divergence_ph_meta@error.threshold=0.10,error.min_instances=5",error_divergence_ph_meta,"{""divergence"": {""alpha"": 0.1, ""delta"": 0.005, ""min_instances"": 30, ""threshold"": 0.05}, ""error_rate"": {""alpha"": 0.15, ""delta"": 0.005, ""min_instances"": 5, ""threshold"": 0.1}}","{""error_rate"": {""min_instances"": 5, ""threshold"": 0.1}}",0.1,0.005,0.15,5,0.05,0.005,0.1,30,,,,-1,two_stage,2,0.5,"__confirm_cooldown=200,__confirm_rule=perm_test,__perm_alpha=0.01,__perm_delta_k=25,__perm_min_effect=0,__perm_n_perm=200,__perm_post_n=50,__perm_pre_n=500,__perm_rng_seed=0,__perm_stat=delta_fused_score,divergence=0.3,error_rate=0.5,teacher_entropy=0.2",3,0,200,0.0,0,10000,10.0,25.0,200,500,0,0,1.0,0.8305876358695652,0.5978156294265807,0.16666666666666666,0.21057723462581635,0.015502303838729858,1,0,63,53,1,perm_test,0.004975124378109453,0.03465346439162154,125,53,72,0.0,0.16666666666666666,0,0.0,0.0,0.0,0.0,0,none,1,1,0,overconfident,0.95,0,stable,0.9756158820674342,0.0010421568658130905,0.9031372536002558,0.9014117644554014,1768146523.903202,0.6119322776794434,0.10456477105617523
369,23616,23615,sea_abrupt4,sea,ts_drift_adapt,3,"error_divergence_ph_meta@error.threshold=0.10,error.min_instances=5",error_divergence_ph_meta,"{""divergence"": {""alpha"": 0.1, ""delta"": 0.005, ""min_instances"": 30, ""threshold"": 0.05}, ""error_rate"": {""alpha"": 0.15, ""delta"": 0.005, ""min_instances"": 5, ""threshold"": 0.1}}","{""error_rate"": {""min_instances"": 5, ""threshold"": 0.1}}",0.1,0.005,0.15,5,0.05,0.005,0.1,30,,,,-1,two_stage,2,0.5,"__confirm_cooldown=200,__confirm_rule=perm_test,__perm_alpha=0.01,__perm_delta_k=25,__perm_min_effect=0,__perm_n_perm=200,__perm_post_n=50,__perm_pre_n=500,__perm_rng_seed=0,__perm_stat=delta_fused_score,divergence=0.3,error_rate=0.5,teacher_entropy=0.2",3,0,200,0.0,0,10000,10.0,25.0,200,500,1,136,1.0,0.8307926829268293,0.5981888408134303,0.0,0.2219909131526947,0.011334278620779514,0,0,63,53,-1,perm_test,0.004975124378109453,0.03465346439162154,125,53,72,0.0,0.16666666666666666,0,0.0,0.0,0.0,0.0,0,none,0,1,0,overconfident,0.95,0,mild_drift,0.9679579410337171,0.0011710784329065453,0.8515686268001279,0.8782058822277007,1768146523.9130454,0.029726848006248474,0.10912264883518219
370,23680,23679,sea_abrupt4,sea,ts_drift_adapt,3,"error_divergence_ph_meta@error.threshold=0.10,error.min_instances=5",error_divergence_ph_meta,"{""divergence"": {""alpha"": 0.1, ""delta"": 0.005, ""min_instances"": 30, ""threshold"": 0.05}, ""error_rate"": {""alpha"": 0.15, ""delta"": 0.005, ""min_instances"": 5, ""threshold"": 0.1}}","{""error_rate"": {""min_instances"": 5, ""threshold"": 0.1}}",0.1,0.005,0.15,5,0.05,0.005,0.1,30,,,,-1,two_stage,2,0.5,"__confirm_cooldown=200,__confirm_rule=perm_test,__perm_alpha=0.01,__perm_delta_k=25,__perm_min_effect=0,__perm_n_perm=200,__perm_post_n=50,__perm_pre_n=500,__perm_rng_seed=0,__perm_stat=delta_fused_score,divergence=0.3,error_rate=0.5,teacher_entropy=0.2",3,0,200,0.0,0,10000,10.0,25.0,200,500,1,72,1.0,0.8309966216216216,0.5984942143383086,0.0,0.23131752014160156,0.009879578836262226,0,0,63,53,-1,perm_test,0.004975124378109453,0.03465346439162154,125,53,72,0.0,0.0014546997845172882,0,0.0,0.0,0.0,0.0,0,none,0,1,0,overconfident,0.95,0,mild_drift,0.9641289705168585,0.0012355392164532727,0.825784313400064,0.8666029411138503,1768146523.9227612,0.05732658505439758,0.0902237594127655
371,23744,23743,sea_abrupt4,sea,ts_drift_adapt,3,"error_divergence_ph_meta@error.threshold=0.10,error.min_instances=5",error_divergence_ph_meta,"{""divergence"": {""alpha"": 0.1, ""delta"": 0.005, ""min_instances"": 30, ""threshold"": 0.05}, ""error_rate"": {""alpha"": 0.15, ""delta"": 0.005, ""min_instances"": 5, ""threshold"": 0.1}}","{""error_rate"": {""min_instances"": 5, ""threshold"": 0.1}}",0.1,0.005,0.15,5,0.05,0.005,0.1,30,,,,-1,two_stage,2,0.5,"__confirm_cooldown=200,__confirm_rule=perm_test,__perm_alpha=0.01,__perm_delta_k=25,__perm_min_effect=0,__perm_n_perm=200,__perm_post_n=50,__perm_pre_n=500,__perm_rng_seed=0,__perm_stat=delta_fused_score,divergence=0.3,error_rate=0.5,teacher_entropy=0.2",3,0,200,0.0,0,10000,10.0,25.0,200,500,1,8,1.0,0.8309467654986523,0.5983781979999316,0.3333333333333333,0.26239514350891113,0.020185930654406548,0,0,63,53,-1,perm_test,0.004975124378109453,0.03465346439162154,125,53,72,0.0,0.3333333333333333,0,0.0,0.0,0.0,0.0,0,none,0,1,0,overconfident,0.95,0,mild_drift,0.9622144852584292,0.0012677696082266363,0.812892156700032,0.8608014705569251,1768146523.9324648,0.7088677883148193,0.17878982424736023
372,23808,23807,sea_abrupt4,sea,ts_drift_adapt,3,"error_divergence_ph_meta@error.threshold=0.10,error.min_instances=5",error_divergence_ph_meta,"{""divergence"": {""alpha"": 0.1, ""delta"": 0.005, ""min_instances"": 30, ""threshold"": 0.05}, ""error_rate"": {""alpha"": 0.15, ""delta"": 0.005, ""min_instances"": 5, ""threshold"": 0.1}}","{""error_rate"": {""min_instances"": 5, ""threshold"": 0.1}}",0.1,0.005,0.15,5,0.05,0.005,0.1,30,,,,-1,two_stage,2,0.5,"__confirm_cooldown=200,__confirm_rule=perm_test,__perm_alpha=0.01,__perm_delta_k=25,__perm_min_effect=0,__perm_n_perm=200,__perm_post_n=50,__perm_pre_n=500,__perm_rng_seed=0,__perm_stat=delta_fused_score,divergence=0.3,error_rate=0.5,teacher_entropy=0.2",3,0,200,0.0,0,10000,10.0,25.0,200,500,0,0,1.0,0.8312331989247311,0.5990294976216916,0.0,0.2246648669242859,0.017896825447678566,0,1,64,53,-1,perm_test,1.0,-0.13791730928024998,126,53,73,0.0,0.3333333333333333,1,0.5,0.0,0.0,0.0,0,none,0,1,0,overconfident,0.95,0,mild_drift,0.9612572426292145,0.0012838848041133184,0.806446078350016,0.8579007352784626,1768146523.9425335,0.19700630009174347,0.1647912561893463
373,23872,23871,sea_abrupt4,sea,ts_drift_adapt,3,"error_divergence_ph_meta@error.threshold=0.10,error.min_instances=5",error_divergence_ph_meta,"{""divergence"": {""alpha"": 0.1, ""delta"": 0.005, ""min_instances"": 30, ""threshold"": 0.05}, ""error_rate"": {""alpha"": 0.15, ""delta"": 0.005, ""min_instances"": 5, ""threshold"": 0.1}}","{""error_rate"": {""min_instances"": 5, ""threshold"": 0.1}}",0.1,0.005,0.15,5,0.05,0.005,0.1,30,,,,-1,two_stage,2,0.5,"__confirm_cooldown=200,__confirm_rule=perm_test,__perm_alpha=0.01,__perm_delta_k=25,__perm_min_effect=0,__perm_n_perm=200,__perm_post_n=50,__perm_pre_n=500,__perm_rng_seed=0,__perm_stat=delta_fused_score,divergence=0.3,error_rate=0.5,teacher_entropy=0.2",3,0,200,0.0,0,10000,10.0,25.0,200,500,0,0,1.0,0.8314762064343163,0.5994753416550037,0.16666666666666666,0.22187037765979767,0.013504775241017342,1,0,64,54,1,perm_test,0.004975124378109453,0.030015168561541766,127,54,73,0.0,0.16666666666666666,0,0.0,0.0,0.0,0.0,0,none,1,1,0,overconfident,0.95,0,stable,0.9756286213146073,0.0010419424020566591,0.903223039175008,0.9014503676392314,1768146523.95958,0.5284497141838074,0.12839853763580322
374,23936,23935,sea_abrupt4,sea,ts_drift_adapt,3,"error_divergence_ph_meta@error.threshold=0.10,error.min_instances=5",error_divergence_ph_meta,"{""divergence"": {""alpha"": 0.1, ""delta"": 0.005, ""min_instances"": 30, ""threshold"": 0.05}, ""error_rate"": {""alpha"": 0.15, ""delta"": 0.005, ""min_instances"": 5, ""threshold"": 0.1}}","{""error_rate"": {""min_instances"": 5, ""threshold"": 0.1}}",0.1,0.005,0.15,5,0.05,0.005,0.1,30,,,,-1,two_stage,2,0.5,"__confirm_cooldown=200,__confirm_rule=perm_test,__perm_alpha=0.01,__perm_delta_k=25,__perm_min_effect=0,__perm_n_perm=200,__perm_post_n=50,__perm_pre_n=500,__perm_rng_seed=0,__perm_stat=delta_fused_score,divergence=0.3,error_rate=0.5,teacher_entropy=0.2",3,0,200,0.0,0,10000,10.0,25.0,200,500,1,136,1.0,0.8317179144385026,0.5998538137745563,0.3333333333333333,0.20059743523597717,0.006478884257376194,0,0,64,54,-1,perm_test,0.004975124378109453,0.030015168561541766,127,54,73,0.0,0.16666666666666666,0,0.0,0.0,0.0,0.0,0,none,0,1,0,overconfident,0.95,0,mild_drift,0.9679643106573036,0.0011709712010283297,0.851611519587504,0.8782251838196157,1768146523.9693143,0.3535243570804596,0.06543563306331635
375,24000,23999,sea_abrupt4,sea,ts_drift_adapt,3,"error_divergence_ph_meta@error.threshold=0.10,error.min_instances=5",error_divergence_ph_meta,"{""divergence"": {""alpha"": 0.1, ""delta"": 0.005, ""min_instances"": 30, ""threshold"": 0.05}, ""error_rate"": {""alpha"": 0.15, ""delta"": 0.005, ""min_instances"": 5, ""threshold"": 0.1}}","{""error_rate"": {""min_instances"": 5, ""threshold"": 0.1}}",0.1,0.005,0.15,5,0.05,0.005,0.1,30,,,,-1,two_stage,2,0.5,"__confirm_cooldown=200,__confirm_rule=perm_test,__perm_alpha=0.01,__perm_delta_k=25,__perm_min_effect=0,__perm_n_perm=200,__perm_post_n=50,__perm_pre_n=500,__perm_rng_seed=0,__perm_stat=delta_fused_score,divergence=0.3,error_rate=0.5,teacher_entropy=0.2",3,0,200,0.0,0,10000,10.0,25.0,200,500,1,72,1.0,0.831875,0.6000973905735308,0.0,0.20303276181221008,0.006078045815229416,0,0,64,54,-1,perm_test,0.004975124378109453,0.030015168561541766,127,54,73,0.0,0.3333333333333333,0,0.0,0.0,0.0,0.0,0,none,0,1,0,overconfident,0.95,0,mild_drift,0.9641321553286517,0.001235485600514165,0.825805759793752,0.8666125919098078,1768146523.9792376,0.19847078621387482,0.06636719405651093
376,24064,24063,sea_abrupt4,sea,ts_drift_adapt,3,"error_divergence_ph_meta@error.threshold=0.10,error.min_instances=5",error_divergence_ph_meta,"{""divergence"": {""alpha"": 0.1, ""delta"": 0.005, ""min_instances"": 30, ""threshold"": 0.05}, ""error_rate"": {""alpha"": 0.15, ""delta"": 0.005, ""min_instances"": 5, ""threshold"": 0.1}}","{""error_rate"": {""min_instances"": 5, ""threshold"": 0.1}}",0.1,0.005,0.15,5,0.05,0.005,0.1,30,,,,-1,two_stage,2,0.5,"__confirm_cooldown=200,__confirm_rule=perm_test,__perm_alpha=0.01,__perm_delta_k=25,__perm_min_effect=0,__perm_n_perm=200,__perm_post_n=50,__perm_pre_n=500,__perm_rng_seed=0,__perm_stat=delta_fused_score,divergence=0.3,error_rate=0.5,teacher_entropy=0.2",3,0,200,0.0,0,10000,10.0,25.0,200,500,1,8,1.0,0.8320728058510638,0.6005082791069314,0.16666666666666666,0.17694054543972015,0.009482225403189659,0,0,64,54,-1,perm_test,0.004975124378109453,0.030015168561541766,127,54,73,0.0,0.16666666666666666,0,0.0,0.0,0.0,0.0,0,none,0,1,0,overconfident,0.95,0,mild_drift,0.9622160776643258,0.0012677428002570825,0.812902879896876,0.8608062959549039,1768146523.9889624,0.2741517126560211,0.10082008689641953
377,24128,24127,sea_abrupt4,sea,ts_drift_adapt,3,"error_divergence_ph_meta@error.threshold=0.10,error.min_instances=5",error_divergence_ph_meta,"{""divergence"": {""alpha"": 0.1, ""delta"": 0.005, ""min_instances"": 30, ""threshold"": 0.05}, ""error_rate"": {""alpha"": 0.15, ""delta"": 0.005, ""min_instances"": 5, ""threshold"": 0.1}}","{""error_rate"": {""min_instances"": 5, ""threshold"": 0.1}}",0.1,0.005,0.15,5,0.05,0.005,0.1,30,,,,-1,two_stage,2,0.5,"__confirm_cooldown=200,__confirm_rule=perm_test,__perm_alpha=0.01,__perm_delta_k=25,__perm_min_effect=0,__perm_n_perm=200,__perm_post_n=50,__perm_pre_n=500,__perm_rng_seed=0,__perm_stat=delta_fused_score,divergence=0.3,error_rate=0.5,teacher_entropy=0.2",3,0,200,0.0,0,10000,10.0,25.0,200,500,0,0,1.0,0.8323110079575596,0.6011574006983458,0.16666666666666666,0.20250339806079865,0.009603556245565414,0,1,65,54,-1,perm_test,0.029850746268656716,0.01860951293837227,128,54,74,0.16666666666666666,0.00012133084237575531,1,0.5,0.0,0.0,0.0,0,none,0,1,0,overconfident,0.95,0,mild_drift,0.9612580388321629,0.0012838714001285412,0.806451439948438,0.8579031479774519,1768146524.005828,0.4343043565750122,0.10570874065160751
378,24192,24191,sea_abrupt4,sea,ts_drift_adapt,3,"error_divergence_ph_meta@error.threshold=0.10,error.min_instances=5",error_divergence_ph_meta,"{""divergence"": {""alpha"": 0.1, ""delta"": 0.005, ""min_instances"": 30, ""threshold"": 0.05}, ""error_rate"": {""alpha"": 0.15, ""delta"": 0.005, ""min_instances"": 5, ""threshold"": 0.1}}","{""error_rate"": {""min_instances"": 5, ""threshold"": 0.1}}",0.1,0.005,0.15,5,0.05,0.005,0.1,30,,,,-1,two_stage,2,0.5,"__confirm_cooldown=200,__confirm_rule=perm_test,__perm_alpha=0.01,__perm_delta_k=25,__perm_min_effect=0,__perm_n_perm=200,__perm_post_n=50,__perm_pre_n=500,__perm_rng_seed=0,__perm_stat=delta_fused_score,divergence=0.3,error_rate=0.5,teacher_entropy=0.2",3,0,200,0.0,0,10000,10.0,25.0,200,500,0,0,1.0,0.8325066137566137,0.6016356082376987,0.16666666666666666,0.19948866963386536,0.012735764496028423,0,0,65,54,-1,perm_test,0.15920398009950248,0.01088911053284422,129,54,75,0.0,0.003132208250463009,0,0.0,0.0,0.0,0.0,0,none,0,1,0,overconfident,0.95,0,mild_drift,0.9607790194160815,0.0012919357000642706,0.803225719974219,0.856451573988726,1768146524.0226672,0.5239704251289368,0.10802211612462997
379,24256,24255,sea_abrupt4,sea,ts_drift_adapt,3,"error_divergence_ph_meta@error.threshold=0.10,error.min_instances=5",error_divergence_ph_meta,"{""divergence"": {""alpha"": 0.1, ""delta"": 0.005, ""min_instances"": 30, ""threshold"": 0.05}, ""error_rate"": {""alpha"": 0.15, ""delta"": 0.005, ""min_instances"": 5, ""threshold"": 0.1}}","{""error_rate"": {""min_instances"": 5, ""threshold"": 0.1}}",0.1,0.005,0.15,5,0.05,0.005,0.1,30,,,,-1,two_stage,2,0.5,"__confirm_cooldown=200,__confirm_rule=perm_test,__perm_alpha=0.01,__perm_delta_k=25,__perm_min_effect=0,__perm_n_perm=200,__perm_post_n=50,__perm_pre_n=500,__perm_rng_seed=0,__perm_stat=delta_fused_score,divergence=0.3,error_rate=0.5,teacher_entropy=0.2",3,0,200,0.0,0,10000,10.0,25.0,200,500,0,0,1.0,0.8327836411609498,0.6021151827922678,0.3333333333333333,0.16821129620075226,0.012989027425646782,1,0,65,55,2,perm_test,0.004975124378109453,0.05085503810535376,130,55,75,0.0,0.16666666666666666,0,0.0,0.0,0.0,0.0,0,none,1,1,0,overconfident,0.95,0,stable,0.9753895097080407,0.0010459678500321353,0.9016128599871095,0.900725786994363,1768146524.0390787,0.4901956021785736,0.12195175886154175
380,24320,24319,sea_abrupt4,sea,ts_drift_adapt,3,"error_divergence_ph_meta@error.threshold=0.10,error.min_instances=5",error_divergence_ph_meta,"{""divergence"": {""alpha"": 0.1, ""delta"": 0.005, ""min_instances"": 30, ""threshold"": 0.05}, ""error_rate"": {""alpha"": 0.15, ""delta"": 0.005, ""min_instances"": 5, ""threshold"": 0.1}}","{""error_rate"": {""min_instances"": 5, ""threshold"": 0.1}}",0.1,0.005,0.15,5,0.05,0.005,0.1,30,,,,-1,two_stage,2,0.5,"__confirm_cooldown=200,__confirm_rule=perm_test,__perm_alpha=0.01,__perm_delta_k=25,__perm_min_effect=0,__perm_n_perm=200,__perm_post_n=50,__perm_pre_n=500,__perm_rng_seed=0,__perm_stat=delta_fused_score,divergence=0.3,error_rate=0.5,teacher_entropy=0.2",3,0,200,0.0,0,10000,10.0,25.0,200,500,1,136,1.0,0.8331825657894737,0.6026423538580722,0.0,0.19814278185367584,0.00725378654897213,0,0,65,55,-1,perm_test,0.004975124378109453,0.05085503810535376,130,55,75,0.0,0.3333333333333333,0,0.0,0.0,0.0,0.0,0,none,0,1,0,overconfident,0.95,0,mild_drift,0.9678447548540203,0.0011729839250160677,0.8508064299935547,0.8778628934971815,1768146524.0486202,0.09782803803682327,0.06558351963758469
381,24384,24383,sea_abrupt4,sea,ts_drift_adapt,3,"error_divergence_ph_meta@error.threshold=0.10,error.min_instances=5",error_divergence_ph_meta,"{""divergence"": {""alpha"": 0.1, ""delta"": 0.005, ""min_instances"": 30, ""threshold"": 0.05}, ""error_rate"": {""alpha"": 0.15, ""delta"": 0.005, ""min_instances"": 5, ""threshold"": 0.1}}","{""error_rate"": {""min_instances"": 5, ""threshold"": 0.1}}",0.1,0.005,0.15,5,0.05,0.005,0.1,30,,,,-1,two_stage,2,0.5,"__confirm_cooldown=200,__confirm_rule=perm_test,__perm_alpha=0.01,__perm_delta_k=25,__perm_min_effect=0,__perm_n_perm=200,__perm_post_n=50,__perm_pre_n=500,__perm_rng_seed=0,__perm_stat=delta_fused_score,divergence=0.3,error_rate=0.5,teacher_entropy=0.2",3,0,200,0.0,0,10000,10.0,25.0,200,500,1,72,1.0,0.833374343832021,0.6031064106218698,0.16666666666666666,0.23459485173225403,0.016962183639407158,0,0,65,55,-1,perm_test,0.004975124378109453,0.05085503810535376,130,55,75,0.0,0.16666666666666666,0,0.0,0.0,0.0,0.0,0,none,0,1,0,overconfident,0.95,0,mild_drift,0.9640723774270101,0.001236491962508034,0.8254032149967774,0.8664314467485907,1768146524.0580783,0.2685406804084778,0.17266204953193665
382,24448,24447,sea_abrupt4,sea,ts_drift_adapt,3,"error_divergence_ph_meta@error.threshold=0.10,error.min_instances=5",error_divergence_ph_meta,"{""divergence"": {""alpha"": 0.1, ""delta"": 0.005, ""min_instances"": 30, ""threshold"": 0.05}, ""error_rate"": {""alpha"": 0.15, ""delta"": 0.005, ""min_instances"": 5, ""threshold"": 0.1}}","{""error_rate"": {""min_instances"": 5, ""threshold"": 0.1}}",0.1,0.005,0.15,5,0.05,0.005,0.1,30,,,,-1,two_stage,2,0.5,"__confirm_cooldown=200,__confirm_rule=perm_test,__perm_alpha=0.01,__perm_delta_k=25,__perm_min_effect=0,__perm_n_perm=200,__perm_post_n=50,__perm_pre_n=500,__perm_rng_seed=0,__perm_stat=delta_fused_score,divergence=0.3,error_rate=0.5,teacher_entropy=0.2",3,0,200,0.0,0,10000,10.0,25.0,200,500,1,8,1.0,0.8336878272251309,0.6037209775660674,0.0,0.21716441214084625,0.012017407454550266,0,1,65,55,-1,perm_test,0.004975124378109453,0.05085503810535376,130,55,75,0.16666666666666666,0.16666666666666666,1,0.5,0.0,0.0,0.0,0,none,0,1,0,overconfident,0.95,0,mild_drift,0.962186188713505,0.0012682459812540172,0.8127016074983887,0.8607157233742954,1768146524.0676742,0.13642148673534393,0.10291798412799835
383,24512,24511,sea_abrupt4,sea,ts_drift_adapt,3,"error_divergence_ph_meta@error.threshold=0.10,error.min_instances=5",error_divergence_ph_meta,"{""divergence"": {""alpha"": 0.1, ""delta"": 0.005, ""min_instances"": 30, ""threshold"": 0.05}, ""error_rate"": {""alpha"": 0.15, ""delta"": 0.005, ""min_instances"": 5, ""threshold"": 0.1}}","{""error_rate"": {""min_instances"": 5, ""threshold"": 0.1}}",0.1,0.005,0.15,5,0.05,0.005,0.1,30,,,,-1,two_stage,2,0.5,"__confirm_cooldown=200,__confirm_rule=perm_test,__perm_alpha=0.01,__perm_delta_k=25,__perm_min_effect=0,__perm_n_perm=200,__perm_post_n=50,__perm_pre_n=500,__perm_rng_seed=0,__perm_stat=delta_fused_score,divergence=0.3,error_rate=0.5,teacher_entropy=0.2",3,0,200,0.0,0,10000,10.0,25.0,200,500,0,0,1.0,0.8338772845953003,0.6039970700829534,0.3333333333333333,0.2340233027935028,0.011643361300230026,0,0,65,55,-1,perm_test,0.004975124378109453,0.05085503810535376,130,55,75,0.0,0.3333333333333333,0,0.0,0.0,0.0,0.0,0,none,0,1,0,overconfident,0.95,0,mild_drift,0.9612430943567525,0.0012841229906270088,0.8063508037491944,0.8578578616871477,1768146524.0773323,0.5229304432868958,0.10873361676931381
384,24576,24575,sea_abrupt4,sea,ts_drift_adapt,3,"error_divergence_ph_meta@error.threshold=0.10,error.min_instances=5",error_divergence_ph_meta,"{""divergence"": {""alpha"": 0.1, ""delta"": 0.005, ""min_instances"": 30, ""threshold"": 0.05}, ""error_rate"": {""alpha"": 0.15, ""delta"": 0.005, ""min_instances"": 5, ""threshold"": 0.1}}","{""error_rate"": {""min_instances"": 5, ""threshold"": 0.1}}",0.1,0.005,0.15,5,0.05,0.005,0.1,30,,,,-1,two_stage,2,0.5,"__confirm_cooldown=200,__confirm_rule=perm_test,__perm_alpha=0.01,__perm_delta_k=25,__perm_min_effect=0,__perm_n_perm=200,__perm_post_n=50,__perm_pre_n=500,__perm_rng_seed=0,__perm_stat=delta_fused_score,divergence=0.3,error_rate=0.5,teacher_entropy=0.2",3,0,200,0.0,0,10000,10.0,25.0,200,500,0,0,1.0,0.833984375,0.6041802354997425,0.0,0.23731958866119385,0.01053621806204319,0,0,65,55,-1,perm_test,0.004975124378109453,0.05085503810535376,130,55,75,0.0,0.3333333333333333,0,0.0,0.0,0.0,0.0,0,none,0,1,0,overconfident,0.95,0,mild_drift,0.9607715471783762,0.0012920614953135044,0.8031754018745972,0.8564289308435739,1768146524.0870526,0.04831225797533989,0.12460416555404663
385,24640,24639,sea_abrupt4,sea,ts_drift_adapt,3,"error_divergence_ph_meta@error.threshold=0.10,error.min_instances=5",error_divergence_ph_meta,"{""divergence"": {""alpha"": 0.1, ""delta"": 0.005, ""min_instances"": 30, ""threshold"": 0.05}, ""error_rate"": {""alpha"": 0.15, ""delta"": 0.005, ""min_instances"": 5, ""threshold"": 0.1}}","{""error_rate"": {""min_instances"": 5, ""threshold"": 0.1}}",0.1,0.005,0.15,5,0.05,0.005,0.1,30,,,,-1,two_stage,2,0.5,"__confirm_cooldown=200,__confirm_rule=perm_test,__perm_alpha=0.01,__perm_delta_k=25,__perm_min_effect=0,__perm_n_perm=200,__perm_post_n=50,__perm_pre_n=500,__perm_rng_seed=0,__perm_stat=delta_fused_score,divergence=0.3,error_rate=0.5,teacher_entropy=0.2",3,0,200,0.0,0,10000,10.0,25.0,200,500,0,0,1.0,0.8341314935064935,0.6046050279712678,0.3333333333333333,0.1967814713716507,0.008900799788534641,0,0,65,55,-1,perm_test,0.004975124378109453,0.05085503810535376,130,55,75,0.0,0.3333333333333333,0,0.0,0.0,0.0,0.0,0,none,0,1,0,overconfident,0.95,0,mild_drift,0.9605357735891881,0.0012960307476567521,0.8015877009372987,0.855714465421787,1768146524.0971832,0.6046542525291443,0.09851774573326111
386,24704,24703,sea_abrupt4,sea,ts_drift_adapt,3,"error_divergence_ph_meta@error.threshold=0.10,error.min_instances=5",error_divergence_ph_meta,"{""divergence"": {""alpha"": 0.1, ""delta"": 0.005, ""min_instances"": 30, ""threshold"": 0.05}, ""error_rate"": {""alpha"": 0.15, ""delta"": 0.005, ""min_instances"": 5, ""threshold"": 0.1}}","{""error_rate"": {""min_instances"": 5, ""threshold"": 0.1}}",0.1,0.005,0.15,5,0.05,0.005,0.1,30,,,,-1,two_stage,2,0.5,"__confirm_cooldown=200,__confirm_rule=perm_test,__perm_alpha=0.01,__perm_delta_k=25,__perm_min_effect=0,__perm_n_perm=200,__perm_post_n=50,__perm_pre_n=500,__perm_rng_seed=0,__perm_stat=delta_fused_score,divergence=0.3,error_rate=0.5,teacher_entropy=0.2",3,0,200,0.0,0,10000,10.0,25.0,200,500,0,0,1.0,0.8343992875647669,0.6050387926506562,0.0,0.2152298241853714,0.011056151241064072,0,0,65,55,-1,perm_test,0.004975124378109453,0.05085503810535376,130,55,75,0.0,0.3333333333333333,0,0.0,0.0,0.0,0.0,0,none,0,1,0,overconfident,0.95,0,mild_drift,0.9604178867945941,0.0012980153738283763,0.8007938504686494,0.8553572327108935,1768146524.1070244,0.017492538318037987,0.09320636093616486
387,24768,24767,sea_abrupt4,sea,ts_drift_adapt,3,"error_divergence_ph_meta@error.threshold=0.10,error.min_instances=5",error_divergence_ph_meta,"{""divergence"": {""alpha"": 0.1, ""delta"": 0.005, ""min_instances"": 30, ""threshold"": 0.05}, ""error_rate"": {""alpha"": 0.15, ""delta"": 0.005, ""min_instances"": 5, ""threshold"": 0.1}}","{""error_rate"": {""min_instances"": 5, ""threshold"": 0.1}}",0.1,0.005,0.15,5,0.05,0.005,0.1,30,,,,-1,two_stage,2,0.5,"__confirm_cooldown=200,__confirm_rule=perm_test,__perm_alpha=0.01,__perm_delta_k=25,__perm_min_effect=0,__perm_n_perm=200,__perm_post_n=50,__perm_pre_n=500,__perm_rng_seed=0,__perm_stat=delta_fused_score,divergence=0.3,error_rate=0.5,teacher_entropy=0.2",3,0,200,0.0,0,10000,10.0,25.0,200,500,0,0,1.0,0.8347464470284238,0.6056076671276186,0.0,0.17493173480033875,0.008821680210530758,0,1,66,55,-1,perm_test,1.0,-0.00018028720180542491,131,55,76,0.0,0.0022344710305333138,1,0.5,0.0,0.0,0.0,0,none,0,1,0,overconfident,0.95,0,mild_drift,0.960358943397297,0.0012990076869141883,0.8003969252343247,0.8551786163554467,1768146524.1170728,0.0400531142950058,0.07962177693843842
388,24832,24831,sea_abrupt4,sea,ts_drift_adapt,3,"error_divergence_ph_meta@error.threshold=0.10,error.min_instances=5",error_divergence_ph_meta,"{""divergence"": {""alpha"": 0.1, ""delta"": 0.005, ""min_instances"": 30, ""threshold"": 0.05}, ""error_rate"": {""alpha"": 0.15, ""delta"": 0.005, ""min_instances"": 5, ""threshold"": 0.1}}","{""error_rate"": {""min_instances"": 5, ""threshold"": 0.1}}",0.1,0.005,0.15,5,0.05,0.005,0.1,30,,,,-1,two_stage,2,0.5,"__confirm_cooldown=200,__confirm_rule=perm_test,__perm_alpha=0.01,__perm_delta_k=25,__perm_min_effect=0,__perm_n_perm=200,__perm_post_n=50,__perm_pre_n=500,__perm_rng_seed=0,__perm_stat=delta_fused_score,divergence=0.3,error_rate=0.5,teacher_entropy=0.2",3,0,200,0.0,0,10000,10.0,25.0,200,500,0,0,1.0,0.8350918170103093,0.6062680634478476,0.0,0.22134336829185486,0.014136294834315777,1,0,66,56,1,perm_test,0.004975124378109453,0.08103860281512605,132,56,76,0.0,0.005314614623785019,0,0.0,0.0,0.0,0.0,0,none,1,1,0,overconfident,0.95,0,stable,0.9751794716986485,0.0010495038434570941,0.9001984626171624,0.9000893081777234,1768146524.1342292,0.025774730369448662,0.11315418779850006
389,24896,24895,sea_abrupt4,sea,ts_drift_adapt,3,"error_divergence_ph_meta@error.threshold=0.10,error.min_instances=5",error_divergence_ph_meta,"{""divergence"": {""alpha"": 0.1, ""delta"": 0.005, ""min_instances"": 30, ""threshold"": 0.05}, ""error_rate"": {""alpha"": 0.15, ""delta"": 0.005, ""min_instances"": 5, ""threshold"": 0.1}}","{""error_rate"": {""min_instances"": 5, ""threshold"": 0.1}}",0.1,0.005,0.15,5,0.05,0.005,0.1,30,,,,-1,two_stage,2,0.5,"__confirm_cooldown=200,__confirm_rule=perm_test,__perm_alpha=0.01,__perm_delta_k=25,__perm_min_effect=0,__perm_n_perm=200,__perm_post_n=50,__perm_pre_n=500,__perm_rng_seed=0,__perm_stat=delta_fused_score,divergence=0.3,error_rate=0.5,teacher_entropy=0.2",3,0,200,0.0,0,10000,10.0,25.0,200,500,1,136,1.0,0.8351542416452442,0.6064196202206753,0.0,0.26780959963798523,0.022124016657471657,0,0,66,56,-1,perm_test,0.004975124378109453,0.08103860281512605,132,56,76,0.0,0.00798772182315588,0,0.0,0.0,0.0,0.0,0,none,0,1,0,overconfident,0.95,0,mild_drift,0.9677397358493243,0.0011747519217285471,0.8500992313085812,0.8775446540888616,1768146524.1439693,0.09199013561010361,0.16354188323020935
390,24960,24959,sea_abrupt4,sea,ts_drift_adapt,3,"error_divergence_ph_meta@error.threshold=0.10,error.min_instances=5",error_divergence_ph_meta,"{""divergence"": {""alpha"": 0.1, ""delta"": 0.005, ""min_instances"": 30, ""threshold"": 0.05}, ""error_rate"": {""alpha"": 0.15, ""delta"": 0.005, ""min_instances"": 5, ""threshold"": 0.1}}","{""error_rate"": {""min_instances"": 5, ""threshold"": 0.1}}",0.1,0.005,0.15,5,0.05,0.005,0.1,30,,,,-1,two_stage,2,0.5,"__confirm_cooldown=200,__confirm_rule=perm_test,__perm_alpha=0.01,__perm_delta_k=25,__perm_min_effect=0,__perm_n_perm=200,__perm_post_n=50,__perm_pre_n=500,__perm_rng_seed=0,__perm_stat=delta_fused_score,divergence=0.3,error_rate=0.5,teacher_entropy=0.2",3,0,200,0.0,0,10000,10.0,25.0,200,500,1,72,1.0,0.8353766025641025,0.607056082386768,0.0,0.1957598179578781,0.012491123750805855,0,0,66,56,-1,perm_test,0.004975124378109453,0.08103860281512605,132,56,76,0.0,0.009632892906665802,0,0.0,0.0,0.0,0.0,0,none,0,1,0,overconfident,0.95,0,mild_drift,0.9640198679246621,0.0012373759608642738,0.8250496156542906,0.8662723270444308,1768146524.1535823,0.1098901554942131,0.12282702326774597
391,25024,25023,sea_abrupt4,sea,ts_drift_adapt,3,"error_divergence_ph_meta@error.threshold=0.10,error.min_instances=5",error_divergence_ph_meta,"{""divergence"": {""alpha"": 0.1, ""delta"": 0.005, ""min_instances"": 30, ""threshold"": 0.05}, ""error_rate"": {""alpha"": 0.15, ""delta"": 0.005, ""min_instances"": 5, ""threshold"": 0.1}}","{""error_rate"": {""min_instances"": 5, ""threshold"": 0.1}}",0.1,0.005,0.15,5,0.05,0.005,0.1,30,,,,-1,two_stage,2,0.5,"__confirm_cooldown=200,__confirm_rule=perm_test,__perm_alpha=0.01,__perm_delta_k=25,__perm_min_effect=0,__perm_n_perm=200,__perm_post_n=50,__perm_pre_n=500,__perm_rng_seed=0,__perm_stat=delta_fused_score,divergence=0.3,error_rate=0.5,teacher_entropy=0.2",3,0,200,0.0,0,10000,10.0,25.0,200,500,1,8,1.0,0.8354779411764706,0.607142916520841,0.0,0.2391435205936432,0.021955490112304688,0,0,66,56,-1,perm_test,0.004975124378109453,0.08103860281512605,132,56,76,0.0,0.009464366361498833,0,0.0,0.0,0.0,0.0,0,none,0,1,0,overconfident,0.95,0,mild_drift,0.962159933962331,0.001268687980432137,0.8125248078271453,0.8606361635222154,1768146524.1635008,0.0662236213684082,0.16445468366146088
392,25088,25087,sea_abrupt4,sea,ts_drift_adapt,3,"error_divergence_ph_meta@error.threshold=0.10,error.min_instances=5",error_divergence_ph_meta,"{""divergence"": {""alpha"": 0.1, ""delta"": 0.005, ""min_instances"": 30, ""threshold"": 0.05}, ""error_rate"": {""alpha"": 0.15, ""delta"": 0.005, ""min_instances"": 5, ""threshold"": 0.1}}","{""error_rate"": {""min_instances"": 5, ""threshold"": 0.1}}",0.1,0.005,0.15,5,0.05,0.005,0.1,30,,,,-1,two_stage,2,0.5,"__confirm_cooldown=200,__confirm_rule=perm_test,__perm_alpha=0.01,__perm_delta_k=25,__perm_min_effect=0,__perm_n_perm=200,__perm_post_n=50,__perm_pre_n=500,__perm_rng_seed=0,__perm_stat=delta_fused_score,divergence=0.3,error_rate=0.5,teacher_entropy=0.2",3,0,200,0.0,0,10000,10.0,25.0,200,500,0,0,1.0,0.835578762755102,0.6072982717617692,0.16666666666666666,0.1925709992647171,0.011462883092463017,1,1,67,57,0,perm_test,0.004975124378109453,0.05655526684989535,133,57,76,0.16666666666666666,0.16666666666666666,1,0.5,0.0,0.0,0.0,0,none,1,1,0,overconfident,0.95,0,severe_drift,0.9265799669811655,0.0016343439902160686,0.6562624039135727,0.8353180817611077,1768146524.1806376,0.40104353427886963,0.09721759706735611
393,25152,25151,sea_abrupt4,sea,ts_drift_adapt,3,"error_divergence_ph_meta@error.threshold=0.10,error.min_instances=5",error_divergence_ph_meta,"{""divergence"": {""alpha"": 0.1, ""delta"": 0.005, ""min_instances"": 30, ""threshold"": 0.05}, ""error_rate"": {""alpha"": 0.15, ""delta"": 0.005, ""min_instances"": 5, ""threshold"": 0.1}}","{""error_rate"": {""min_instances"": 5, ""threshold"": 0.1}}",0.1,0.005,0.15,5,0.05,0.005,0.1,30,,,,-1,two_stage,2,0.5,"__confirm_cooldown=200,__confirm_rule=perm_test,__perm_alpha=0.01,__perm_delta_k=25,__perm_min_effect=0,__perm_n_perm=200,__perm_post_n=50,__perm_pre_n=500,__perm_rng_seed=0,__perm_stat=delta_fused_score,divergence=0.3,error_rate=0.5,teacher_entropy=0.2",3,0,200,0.0,0,10000,10.0,25.0,200,500,1,136,1.0,0.8357983460559797,0.6076570438289317,0.0,0.21801358461380005,0.016796695068478584,0,0,67,57,-1,perm_test,0.004975124378109453,0.05655526684989535,133,57,76,0.0,0.16666666666666666,0,0.0,0.0,0.0,0.0,0,none,0,1,0,overconfident,0.95,0,mild_drift,0.9434399834905827,0.0014671719951080344,0.7281312019567864,0.8451590408805538,1768146524.1902149,0.0264405757188797,0.12167772650718689
394,25216,25215,sea_abrupt4,sea,ts_drift_adapt,3,"error_divergence_ph_meta@error.threshold=0.10,error.min_instances=5",error_divergence_ph_meta,"{""divergence"": {""alpha"": 0.1, ""delta"": 0.005, ""min_instances"": 30, ""threshold"": 0.05}, ""error_rate"": {""alpha"": 0.15, ""delta"": 0.005, ""min_instances"": 5, ""threshold"": 0.1}}","{""error_rate"": {""min_instances"": 5, ""threshold"": 0.1}}",0.1,0.005,0.15,5,0.05,0.005,0.1,30,,,,-1,two_stage,2,0.5,"__confirm_cooldown=200,__confirm_rule=perm_test,__perm_alpha=0.01,__perm_delta_k=25,__perm_min_effect=0,__perm_n_perm=200,__perm_post_n=50,__perm_pre_n=500,__perm_rng_seed=0,__perm_stat=delta_fused_score,divergence=0.3,error_rate=0.5,teacher_entropy=0.2",3,0,200,0.0,0,10000,10.0,25.0,200,500,1,72,1.0,0.8360564720812182,0.6082370744566279,0.0,0.16918064653873444,0.006031691562384367,0,0,67,57,-1,perm_test,0.004975124378109453,0.05655526684989535,133,57,76,0.0,0.010765003506094217,0,0.0,0.0,0.0,0.0,0,none,0,1,0,overconfident,0.95,0,mild_drift,0.9518699917452913,0.0013835859975540174,0.7640656009783933,0.8500795204402769,1768146524.1997924,0.12485655397176743,0.06512723863124847
395,25280,25279,sea_abrupt4,sea,ts_drift_adapt,3,"error_divergence_ph_meta@error.threshold=0.10,error.min_instances=5",error_divergence_ph_meta,"{""divergence"": {""alpha"": 0.1, ""delta"": 0.005, ""min_instances"": 30, ""threshold"": 0.05}, ""error_rate"": {""alpha"": 0.15, ""delta"": 0.005, ""min_instances"": 5, ""threshold"": 0.1}}","{""error_rate"": {""min_instances"": 5, ""threshold"": 0.1}}",0.1,0.005,0.15,5,0.05,0.005,0.1,30,,,,-1,two_stage,2,0.5,"__confirm_cooldown=200,__confirm_rule=perm_test,__perm_alpha=0.01,__perm_delta_k=25,__perm_min_effect=0,__perm_n_perm=200,__perm_post_n=50,__perm_pre_n=500,__perm_rng_seed=0,__perm_stat=delta_fused_score,divergence=0.3,error_rate=0.5,teacher_entropy=0.2",3,0,200,0.0,0,10000,10.0,25.0,200,500,1,8,1.0,0.8363528481012659,0.6089582988250806,0.0,0.19760321080684662,0.01280079036951065,0,0,67,57,-1,perm_test,0.004975124378109453,0.05655526684989535,133,57,76,0.0,0.006769098807126284,0,0.0,0.0,0.0,0.0,0,none,0,1,0,overconfident,0.95,0,mild_drift,0.9560849958726456,0.0013417929987770087,0.7820328004891967,0.8525397602201384,1768146524.209525,0.07038523256778717,0.12308533489704132
396,25344,25343,sea_abrupt4,sea,ts_drift_adapt,3,"error_divergence_ph_meta@error.threshold=0.10,error.min_instances=5",error_divergence_ph_meta,"{""divergence"": {""alpha"": 0.1, ""delta"": 0.005, ""min_instances"": 30, ""threshold"": 0.05}, ""error_rate"": {""alpha"": 0.15, ""delta"": 0.005, ""min_instances"": 5, ""threshold"": 0.1}}","{""error_rate"": {""min_instances"": 5, ""threshold"": 0.1}}",0.1,0.005,0.15,5,0.05,0.005,0.1,30,,,,-1,two_stage,2,0.5,"__confirm_cooldown=200,__confirm_rule=perm_test,__perm_alpha=0.01,__perm_delta_k=25,__perm_min_effect=0,__perm_n_perm=200,__perm_post_n=50,__perm_pre_n=500,__perm_rng_seed=0,__perm_stat=delta_fused_score,divergence=0.3,error_rate=0.5,teacher_entropy=0.2",3,0,200,0.0,0,10000,10.0,25.0,200,500,0,0,1.0,0.8364109848484849,0.6089711406461226,0.0,0.24882155656814575,0.0150764686986804,0,0,67,57,-1,perm_test,0.004975124378109453,0.05655526684989535,133,57,76,0.0,0.00227567832916975,0,0.0,0.0,0.0,0.0,0,none,0,1,0,overconfident,0.95,0,mild_drift,0.9581924979363228,0.0013208964993885043,0.7910164002445983,0.8537698801100693,1768146524.2193274,0.027765467762947083,0.12275037169456482
397,25408,25407,sea_abrupt4,sea,ts_drift_adapt,3,"error_divergence_ph_meta@error.threshold=0.10,error.min_instances=5",error_divergence_ph_meta,"{""divergence"": {""alpha"": 0.1, ""delta"": 0.005, ""min_instances"": 30, ""threshold"": 0.05}, ""error_rate"": {""alpha"": 0.15, ""delta"": 0.005, ""min_instances"": 5, ""threshold"": 0.1}}","{""error_rate"": {""min_instances"": 5, ""threshold"": 0.1}}",0.1,0.005,0.15,5,0.05,0.005,0.1,30,,,,-1,two_stage,2,0.5,"__confirm_cooldown=200,__confirm_rule=perm_test,__perm_alpha=0.01,__perm_delta_k=25,__perm_min_effect=0,__perm_n_perm=200,__perm_post_n=50,__perm_pre_n=500,__perm_rng_seed=0,__perm_stat=delta_fused_score,divergence=0.3,error_rate=0.5,teacher_entropy=0.2",3,0,200,0.0,0,10000,10.0,25.0,200,500,0,0,1.0,0.8366656171284634,0.6092453306604706,0.0,0.20527802407741547,0.01219196803867817,0,0,67,57,-1,perm_test,0.004975124378109453,0.05655526684989535,133,57,76,0.0,0.0028845006600022316,0,0.0,0.0,0.0,0.0,0,none,0,1,0,overconfident,0.95,0,mild_drift,0.9592462489681614,0.0013104482496942523,0.7955082001222992,0.8543849400550346,1768146524.229526,0.025239845737814903,0.11249843239784241
398,25472,25471,sea_abrupt4,sea,ts_drift_adapt,3,"error_divergence_ph_meta@error.threshold=0.10,error.min_instances=5",error_divergence_ph_meta,"{""divergence"": {""alpha"": 0.1, ""delta"": 0.005, ""min_instances"": 30, ""threshold"": 0.05}, ""error_rate"": {""alpha"": 0.15, ""delta"": 0.005, ""min_instances"": 5, ""threshold"": 0.1}}","{""error_rate"": {""min_instances"": 5, ""threshold"": 0.1}}",0.1,0.005,0.15,5,0.05,0.005,0.1,30,,,,-1,two_stage,2,0.5,"__confirm_cooldown=200,__confirm_rule=perm_test,__perm_alpha=0.01,__perm_delta_k=25,__perm_min_effect=0,__perm_n_perm=200,__perm_post_n=50,__perm_pre_n=500,__perm_rng_seed=0,__perm_stat=delta_fused_score,divergence=0.3,error_rate=0.5,teacher_entropy=0.2",3,0,200,0.0,0,10000,10.0,25.0,200,500,0,0,1.0,0.8368797110552764,0.6095649607873014,0.16666666666666666,0.15269333124160767,0.004468817263841629,1,1,68,58,0,perm_test,0.004975124378109453,0.05452626517270066,134,58,76,0.0,0.16666666666666666,1,0.5,0.0,0.0,0.0,0,none,1,1,0,overconfident,0.95,0,stable,0.9746231244840806,0.0010552241248471261,0.8977541000611495,0.8996924700275173,1768146524.2480173,0.633903443813324,0.060081858187913895
399,25536,25535,sea_abrupt4,sea,ts_drift_adapt,3,"error_divergence_ph_meta@error.threshold=0.10,error.min_instances=5",error_divergence_ph_meta,"{""divergence"": {""alpha"": 0.1, ""delta"": 0.005, ""min_instances"": 30, ""threshold"": 0.05}, ""error_rate"": {""alpha"": 0.15, ""delta"": 0.005, ""min_instances"": 5, ""threshold"": 0.1}}","{""error_rate"": {""min_instances"": 5, ""threshold"": 0.1}}",0.1,0.005,0.15,5,0.05,0.005,0.1,30,,,,-1,two_stage,2,0.5,"__confirm_cooldown=200,__confirm_rule=perm_test,__perm_alpha=0.01,__perm_delta_k=25,__perm_min_effect=0,__perm_n_perm=200,__perm_post_n=50,__perm_pre_n=500,__perm_rng_seed=0,__perm_stat=delta_fused_score,divergence=0.3,error_rate=0.5,teacher_entropy=0.2",3,0,200,0.0,0,10000,10.0,25.0,200,500,1,136,1.0,0.8370535714285714,0.6098620833352977,0.0,0.2222190499305725,0.008583060465753078,0,0,68,58,-1,perm_test,0.004975124378109453,0.05452626517270066,134,58,76,0.0,0.16666666666666666,0,0.0,0.0,0.0,0.0,0,none,0,1,0,overconfident,0.95,0,mild_drift,0.9674615622420403,0.001177612062423563,0.8488770500305748,0.8773462350137586,1768146524.2577338,0.02896314114332199,0.07183896005153656
400,25600,25599,sea_abrupt4,sea,ts_drift_adapt,3,"error_divergence_ph_meta@error.threshold=0.10,error.min_instances=5",error_divergence_ph_meta,"{""divergence"": {""alpha"": 0.1, ""delta"": 0.005, ""min_instances"": 30, ""threshold"": 0.05}, ""error_rate"": {""alpha"": 0.15, ""delta"": 0.005, ""min_instances"": 5, ""threshold"": 0.1}}","{""error_rate"": {""min_instances"": 5, ""threshold"": 0.1}}",0.1,0.005,0.15,5,0.05,0.005,0.1,30,,,,-1,two_stage,2,0.5,"__confirm_cooldown=200,__confirm_rule=perm_test,__perm_alpha=0.01,__perm_delta_k=25,__perm_min_effect=0,__perm_n_perm=200,__perm_post_n=50,__perm_pre_n=500,__perm_rng_seed=0,__perm_stat=delta_fused_score,divergence=0.3,error_rate=0.5,teacher_entropy=0.2",3,0,200,0.0,0,10000,10.0,25.0,200,500,1,72,1.0,0.83703125,0.6097999674623843,0.3333333333333333,0.25008952617645264,0.009445002302527428,0,0,68,58,-1,perm_test,0.004975124378109453,0.05452626517270066,134,58,76,0.0,0.3333333333333333,0,0.0,0.0,0.0,0.0,0,none,0,1,0,overconfident,0.95,0,mild_drift,0.9638807811210202,0.0012388060312117817,0.8244385250152875,0.8661731175068793,1768146524.26745,0.7676846385002136,0.09238786995410919
401,25664,25663,sea_abrupt4,sea,ts_drift_adapt,3,"error_divergence_ph_meta@error.threshold=0.10,error.min_instances=5",error_divergence_ph_meta,"{""divergence"": {""alpha"": 0.1, ""delta"": 0.005, ""min_instances"": 30, ""threshold"": 0.05}, ""error_rate"": {""alpha"": 0.15, ""delta"": 0.005, ""min_instances"": 5, ""threshold"": 0.1}}","{""error_rate"": {""min_instances"": 5, ""threshold"": 0.1}}",0.1,0.005,0.15,5,0.05,0.005,0.1,30,,,,-1,two_stage,2,0.5,"__confirm_cooldown=200,__confirm_rule=perm_test,__perm_alpha=0.01,__perm_delta_k=25,__perm_min_effect=0,__perm_n_perm=200,__perm_post_n=50,__perm_pre_n=500,__perm_rng_seed=0,__perm_stat=delta_fused_score,divergence=0.3,error_rate=0.5,teacher_entropy=0.2",3,0,200,0.0,0,10000,10.0,25.0,200,500,1,8,1.0,0.8373207605985037,0.610319364918382,0.0,0.1941070258617401,0.0074892789125442505,0,0,68,58,-1,perm_test,0.004975124378109453,0.05452626517270066,134,58,76,0.0,0.3333333333333333,0,0.0,0.0,0.0,0.0,0,none,0,1,0,overconfident,0.95,0,mild_drift,0.96209039056051,0.0012694030156058908,0.8122192625076438,0.8605865587534396,1768146524.2771113,0.0196468997746706,0.07704529166221619
402,25728,25727,sea_abrupt4,sea,ts_drift_adapt,3,"error_divergence_ph_meta@error.threshold=0.10,error.min_instances=5",error_divergence_ph_meta,"{""divergence"": {""alpha"": 0.1, ""delta"": 0.005, ""min_instances"": 30, ""threshold"": 0.05}, ""error_rate"": {""alpha"": 0.15, ""delta"": 0.005, ""min_instances"": 5, ""threshold"": 0.1}}","{""error_rate"": {""min_instances"": 5, ""threshold"": 0.1}}",0.1,0.005,0.15,5,0.05,0.005,0.1,30,,,,-1,two_stage,2,0.5,"__confirm_cooldown=200,__confirm_rule=perm_test,__perm_alpha=0.01,__perm_delta_k=25,__perm_min_effect=0,__perm_n_perm=200,__perm_post_n=50,__perm_pre_n=500,__perm_rng_seed=0,__perm_stat=delta_fused_score,divergence=0.3,error_rate=0.5,teacher_entropy=0.2",3,0,200,0.0,0,10000,10.0,25.0,200,500,0,0,1.0,0.8375699626865671,0.61097346814694,0.16666666666666666,0.22694946825504303,0.008691503666341305,0,0,68,58,-1,perm_test,0.004975124378109453,0.05452626517270066,134,58,76,0.0,0.16666666666666666,0,0.0,0.0,0.0,0.0,0,none,0,1,0,overconfident,0.95,0,mild_drift,0.961195195280255,0.0012847015078029456,0.8061096312538218,0.8577932793767198,1768146524.2870164,0.2473224401473999,0.08035387098789215
403,25792,25791,sea_abrupt4,sea,ts_drift_adapt,3,"error_divergence_ph_meta@error.threshold=0.10,error.min_instances=5",error_divergence_ph_meta,"{""divergence"": {""alpha"": 0.1, ""delta"": 0.005, ""min_instances"": 30, ""threshold"": 0.05}, ""error_rate"": {""alpha"": 0.15, ""delta"": 0.005, ""min_instances"": 5, ""threshold"": 0.1}}","{""error_rate"": {""min_instances"": 5, ""threshold"": 0.1}}",0.1,0.005,0.15,5,0.05,0.005,0.1,30,,,,-1,two_stage,2,0.5,"__confirm_cooldown=200,__confirm_rule=perm_test,__perm_alpha=0.01,__perm_delta_k=25,__perm_min_effect=0,__perm_n_perm=200,__perm_post_n=50,__perm_pre_n=500,__perm_rng_seed=0,__perm_stat=delta_fused_score,divergence=0.3,error_rate=0.5,teacher_entropy=0.2",3,0,200,0.0,0,10000,10.0,25.0,200,500,0,0,1.0,0.8377403846153846,0.6112142754972819,0.0,0.23978810012340546,0.018194042146205902,0,1,69,58,-1,perm_test,1.0,-0.07708254892407053,135,58,77,0.16666666666666666,0.16666666666666666,1,0.5,0.0,0.0,0.0,0,none,0,1,0,overconfident,0.95,0,mild_drift,0.9607475976401274,0.0012923507539014728,0.803054815626911,0.8563966396883599,1768146524.297471,0.06328326463699341,0.15091541409492493
404,25856,25855,sea_abrupt4,sea,ts_drift_adapt,3,"error_divergence_ph_meta@error.threshold=0.10,error.min_instances=5",error_divergence_ph_meta,"{""divergence"": {""alpha"": 0.1, ""delta"": 0.005, ""min_instances"": 30, ""threshold"": 0.05}, ""error_rate"": {""alpha"": 0.15, ""delta"": 0.005, ""min_instances"": 5, ""threshold"": 0.1}}","{""error_rate"": {""min_instances"": 5, ""threshold"": 0.1}}",0.1,0.005,0.15,5,0.05,0.005,0.1,30,,,,-1,two_stage,2,0.5,"__confirm_cooldown=200,__confirm_rule=perm_test,__perm_alpha=0.01,__perm_delta_k=25,__perm_min_effect=0,__perm_n_perm=200,__perm_post_n=50,__perm_pre_n=500,__perm_rng_seed=0,__perm_stat=delta_fused_score,divergence=0.3,error_rate=0.5,teacher_entropy=0.2",3,0,200,0.0,0,10000,10.0,25.0,200,500,0,0,1.0,0.8378326113861386,0.6114656623591406,0.3333333333333333,0.2221936136484146,0.014440583065152168,1,0,69,59,1,perm_test,0.004975124378109453,0.028820607579254646,136,59,77,0.0,0.3333333333333333,0,0.0,0.0,0.0,0.0,0,none,1,1,0,overconfident,0.95,0,stable,0.9753737988200637,0.0010461753769507363,0.9015274078134554,0.90069831984418,1768146524.3147411,0.728848397731781,0.1300390660762787
405,25920,25919,sea_abrupt4,sea,ts_drift_adapt,3,"error_divergence_ph_meta@error.threshold=0.10,error.min_instances=5",error_divergence_ph_meta,"{""divergence"": {""alpha"": 0.1, ""delta"": 0.005, ""min_instances"": 30, ""threshold"": 0.05}, ""error_rate"": {""alpha"": 0.15, ""delta"": 0.005, ""min_instances"": 5, ""threshold"": 0.1}}","{""error_rate"": {""min_instances"": 5, ""threshold"": 0.1}}",0.1,0.005,0.15,5,0.05,0.005,0.1,30,,,,-1,two_stage,2,0.5,"__confirm_cooldown=200,__confirm_rule=perm_test,__perm_alpha=0.01,__perm_delta_k=25,__perm_min_effect=0,__perm_n_perm=200,__perm_post_n=50,__perm_pre_n=500,__perm_rng_seed=0,__perm_stat=delta_fused_score,divergence=0.3,error_rate=0.5,teacher_entropy=0.2",3,0,200,0.0,0,10000,10.0,25.0,200,500,1,136,1.0,0.8380401234567901,0.6119416877730036,0.0,0.18312397599220276,0.014594005420804024,0,0,69,59,-1,perm_test,0.004975124378109453,0.028820607579254646,136,59,77,0.0,0.3333333333333333,0,0.0,0.0,0.0,0.0,0,none,0,1,0,overconfident,0.95,0,mild_drift,0.9678368994100318,0.0011730876884753683,0.8507637039067277,0.87784915992209,1768146524.324583,0.15390965342521667,0.1311788260936737
406,25984,25983,sea_abrupt4,sea,ts_drift_adapt,3,"error_divergence_ph_meta@error.threshold=0.10,error.min_instances=5",error_divergence_ph_meta,"{""divergence"": {""alpha"": 0.1, ""delta"": 0.005, ""min_instances"": 30, ""threshold"": 0.05}, ""error_rate"": {""alpha"": 0.15, ""delta"": 0.005, ""min_instances"": 5, ""threshold"": 0.1}}","{""error_rate"": {""min_instances"": 5, ""threshold"": 0.1}}",0.1,0.005,0.15,5,0.05,0.005,0.1,30,,,,-1,two_stage,2,0.5,"__confirm_cooldown=200,__confirm_rule=perm_test,__perm_alpha=0.01,__perm_delta_k=25,__perm_min_effect=0,__perm_n_perm=200,__perm_post_n=50,__perm_pre_n=500,__perm_rng_seed=0,__perm_stat=delta_fused_score,divergence=0.3,error_rate=0.5,teacher_entropy=0.2",3,0,200,0.0,0,10000,10.0,25.0,200,500,1,72,1.0,0.8382850985221675,0.6125854429478986,0.0,0.25198128819465637,0.008525865152478218,0,0,69,59,-1,perm_test,0.004975124378109453,0.028820607579254646,136,59,77,0.0,0.006068140268325806,0,0.0,0.0,0.0,0.0,0,none,0,1,0,overconfident,0.95,0,mild_drift,0.9640684497050158,0.0012365438442376842,0.8253818519533639,0.866424579961045,1768146524.3342252,0.08210771530866623,0.08547596633434296
407,26048,26047,sea_abrupt4,sea,ts_drift_adapt,3,"error_divergence_ph_meta@error.threshold=0.10,error.min_instances=5",error_divergence_ph_meta,"{""divergence"": {""alpha"": 0.1, ""delta"": 0.005, ""min_instances"": 30, ""threshold"": 0.05}, ""error_rate"": {""alpha"": 0.15, ""delta"": 0.005, ""min_instances"": 5, ""threshold"": 0.1}}","{""error_rate"": {""min_instances"": 5, ""threshold"": 0.1}}",0.1,0.005,0.15,5,0.05,0.005,0.1,30,,,,-1,two_stage,2,0.5,"__confirm_cooldown=200,__confirm_rule=perm_test,__perm_alpha=0.01,__perm_delta_k=25,__perm_min_effect=0,__perm_n_perm=200,__perm_post_n=50,__perm_pre_n=500,__perm_rng_seed=0,__perm_stat=delta_fused_score,divergence=0.3,error_rate=0.5,teacher_entropy=0.2",3,0,200,0.0,0,10000,10.0,25.0,200,500,1,8,1.0,0.8385672604422605,0.6130325863554523,0.16666666666666666,0.1488162726163864,0.00546161038801074,0,0,69,59,-1,perm_test,0.004975124378109453,0.028820607579254646,136,59,77,0.0,0.16666666666666666,0,0.0,0.0,0.0,0.0,0,none,0,1,0,overconfident,0.95,0,mild_drift,0.9621842248525079,0.0012682719221188423,0.8126909259766819,0.8607122899805225,1768146524.3439054,0.3834203779697418,0.06221357733011246
408,26112,26111,sea_abrupt4,sea,ts_drift_adapt,3,"error_divergence_ph_meta@error.threshold=0.10,error.min_instances=5",error_divergence_ph_meta,"{""divergence"": {""alpha"": 0.1, ""delta"": 0.005, ""min_instances"": 30, ""threshold"": 0.05}, ""error_rate"": {""alpha"": 0.15, ""delta"": 0.005, ""min_instances"": 5, ""threshold"": 0.1}}","{""error_rate"": {""min_instances"": 5, ""threshold"": 0.1}}",0.1,0.005,0.15,5,0.05,0.005,0.1,30,,,,-1,two_stage,2,0.5,"__confirm_cooldown=200,__confirm_rule=perm_test,__perm_alpha=0.01,__perm_delta_k=25,__perm_min_effect=0,__perm_n_perm=200,__perm_post_n=50,__perm_pre_n=500,__perm_rng_seed=0,__perm_stat=delta_fused_score,divergence=0.3,error_rate=0.5,teacher_entropy=0.2",3,0,200,0.0,0,10000,10.0,25.0,200,500,0,0,1.0,0.8387714460784313,0.6133469234869549,0.0,0.2455635368824005,0.006675582844763994,0,1,70,59,-1,perm_test,1.0,-0.053251946506541706,137,59,78,0.0,0.16666666666666666,1,0.5,0.0,0.0,0.0,0,none,0,1,0,overconfident,0.95,0,mild_drift,0.9612421124262539,0.0012841359610594213,0.806345462988341,0.8578561449902613,1768146524.354016,0.08774023503065109,0.0749773383140564
409,26176,26175,sea_abrupt4,sea,ts_drift_adapt,3,"error_divergence_ph_meta@error.threshold=0.10,error.min_instances=5",error_divergence_ph_meta,"{""divergence"": {""alpha"": 0.1, ""delta"": 0.005, ""min_instances"": 30, ""threshold"": 0.05}, ""error_rate"": {""alpha"": 0.15, ""delta"": 0.005, ""min_instances"": 5, ""threshold"": 0.1}}","{""error_rate"": {""min_instances"": 5, ""threshold"": 0.1}}",0.1,0.005,0.15,5,0.05,0.005,0.1,30,,,,-1,two_stage,2,0.5,"__confirm_cooldown=200,__confirm_rule=perm_test,__perm_alpha=0.01,__perm_delta_k=25,__perm_min_effect=0,__perm_n_perm=200,__perm_post_n=50,__perm_pre_n=500,__perm_rng_seed=0,__perm_stat=delta_fused_score,divergence=0.3,error_rate=0.5,teacher_entropy=0.2",3,0,200,0.0,0,10000,10.0,25.0,200,500,0,0,1.0,0.8389746332518337,0.6137256365525898,0.0,0.20485876500606537,0.010203828103840351,1,0,70,60,1,perm_test,0.004975124378109453,0.05457052316459354,138,60,78,0.0,0.003528245259076357,0,0.0,0.0,0.0,0.0,0,none,1,1,0,overconfident,0.95,0,stable,0.9756210562131269,0.0010420679805297106,0.9031727314941704,0.9014280724951307,1768146524.371401,0.09710341691970825,0.10670945048332214
410,26240,26239,sea_abrupt4,sea,ts_drift_adapt,3,"error_divergence_ph_meta@error.threshold=0.10,error.min_instances=5",error_divergence_ph_meta,"{""divergence"": {""alpha"": 0.1, ""delta"": 0.005, ""min_instances"": 30, ""threshold"": 0.05}, ""error_rate"": {""alpha"": 0.15, ""delta"": 0.005, ""min_instances"": 5, ""threshold"": 0.1}}","{""error_rate"": {""min_instances"": 5, ""threshold"": 0.1}}",0.1,0.005,0.15,5,0.05,0.005,0.1,30,,,,-1,two_stage,2,0.5,"__confirm_cooldown=200,__confirm_rule=perm_test,__perm_alpha=0.01,__perm_delta_k=25,__perm_min_effect=0,__perm_n_perm=200,__perm_post_n=50,__perm_pre_n=500,__perm_rng_seed=0,__perm_stat=delta_fused_score,divergence=0.3,error_rate=0.5,teacher_entropy=0.2",3,0,200,0.0,0,10000,10.0,25.0,200,500,1,136,1.0,0.8391387195121951,0.6142715417315631,0.0,0.23438195884227753,0.0087052620947361,0,0,70,60,-1,perm_test,0.004975124378109453,0.05457052316459354,138,60,78,0.0,0.0014985660091042519,0,0.0,0.0,0.0,0.0,0,none,0,1,0,overconfident,0.95,0,mild_drift,0.9679605281065634,0.0011710339902648555,0.8515863657470852,0.8782140362475653,1768146524.381262,0.0762171670794487,0.07302911579608917
411,26304,26303,sea_abrupt4,sea,ts_drift_adapt,3,"error_divergence_ph_meta@error.threshold=0.10,error.min_instances=5",error_divergence_ph_meta,"{""divergence"": {""alpha"": 0.1, ""delta"": 0.005, ""min_instances"": 30, ""threshold"": 0.05}, ""error_rate"": {""alpha"": 0.15, ""delta"": 0.005, ""min_instances"": 5, ""threshold"": 0.1}}","{""error_rate"": {""min_instances"": 5, ""threshold"": 0.1}}",0.1,0.005,0.15,5,0.05,0.005,0.1,30,,,,-1,two_stage,2,0.5,"__confirm_cooldown=200,__confirm_rule=perm_test,__perm_alpha=0.01,__perm_delta_k=25,__perm_min_effect=0,__perm_n_perm=200,__perm_post_n=50,__perm_pre_n=500,__perm_rng_seed=0,__perm_stat=delta_fused_score,divergence=0.3,error_rate=0.5,teacher_entropy=0.2",3,0,200,0.0,0,10000,10.0,25.0,200,500,1,72,1.0,0.8394160583941606,0.6148875095941826,0.0,0.19247162342071533,0.008771348744630814,0,0,70,60,-1,perm_test,0.004975124378109453,0.05457052316459354,138,60,78,0.0,6.608664989471436e-05,0,0.0,0.0,0.0,0.0,0,none,0,1,0,overconfident,0.95,0,mild_drift,0.9641302640532816,0.0012355169951324277,0.8257931828735426,0.8666070181237826,1768146524.3909247,0.11123833805322647,0.06811127066612244
412,26368,26367,sea_abrupt4,sea,ts_drift_adapt,3,"error_divergence_ph_meta@error.threshold=0.10,error.min_instances=5",error_divergence_ph_meta,"{""divergence"": {""alpha"": 0.1, ""delta"": 0.005, ""min_instances"": 30, ""threshold"": 0.05}, ""error_rate"": {""alpha"": 0.15, ""delta"": 0.005, ""min_instances"": 5, ""threshold"": 0.1}}","{""error_rate"": {""min_instances"": 5, ""threshold"": 0.1}}",0.1,0.005,0.15,5,0.05,0.005,0.1,30,,,,-1,two_stage,2,0.5,"__confirm_cooldown=200,__confirm_rule=perm_test,__perm_alpha=0.01,__perm_delta_k=25,__perm_min_effect=0,__perm_n_perm=200,__perm_post_n=50,__perm_pre_n=500,__perm_rng_seed=0,__perm_stat=delta_fused_score,divergence=0.3,error_rate=0.5,teacher_entropy=0.2",3,0,200,0.0,0,10000,10.0,25.0,200,500,1,8,1.0,0.8396920509708737,0.615465047380611,0.0,0.18933779001235962,0.006503863725811243,0,0,70,60,-1,perm_test,0.004975124378109453,0.05457052316459354,138,60,78,0.0,0.0022674850188195705,0,0.0,0.0,0.0,0.0,0,none,0,1,0,overconfident,0.95,0,mild_drift,0.9622151320266408,0.0012677584975662138,0.8128965914367714,0.8608035090618913,1768146524.4006584,0.03761099651455879,0.06358441710472107
413,26432,26431,sea_abrupt4,sea,ts_drift_adapt,3,"error_divergence_ph_meta@error.threshold=0.10,error.min_instances=5",error_divergence_ph_meta,"{""divergence"": {""alpha"": 0.1, ""delta"": 0.005, ""min_instances"": 30, ""threshold"": 0.05}, ""error_rate"": {""alpha"": 0.15, ""delta"": 0.005, ""min_instances"": 5, ""threshold"": 0.1}}","{""error_rate"": {""min_instances"": 5, ""threshold"": 0.1}}",0.1,0.005,0.15,5,0.05,0.005,0.1,30,,,,-1,two_stage,2,0.5,"__confirm_cooldown=200,__confirm_rule=perm_test,__perm_alpha=0.01,__perm_delta_k=25,__perm_min_effect=0,__perm_n_perm=200,__perm_post_n=50,__perm_pre_n=500,__perm_rng_seed=0,__perm_stat=delta_fused_score,divergence=0.3,error_rate=0.5,teacher_entropy=0.2",3,0,200,0.0,0,10000,10.0,25.0,200,500,0,0,1.0,0.8400045399515739,0.6159508491531775,0.16666666666666666,0.21900762617588043,0.007260410115122795,1,1,71,61,0,perm_test,0.004975124378109453,0.07973874164994862,139,61,78,0.16666666666666666,0.16666666666666666,1,0.5,0.0,0.0,0.0,0,none,1,1,0,overconfident,0.95,0,severe_drift,0.9266075660133204,0.001633879248783107,0.6564482957183857,0.8354017545309457,1768146524.4178786,0.19278039038181305,0.07939060777425766
414,26496,26495,sea_abrupt4,sea,ts_drift_adapt,3,"error_divergence_ph_meta@error.threshold=0.10,error.min_instances=5",error_divergence_ph_meta,"{""divergence"": {""alpha"": 0.1, ""delta"": 0.005, ""min_instances"": 30, ""threshold"": 0.05}, ""error_rate"": {""alpha"": 0.15, ""delta"": 0.005, ""min_instances"": 5, ""threshold"": 0.1}}","{""error_rate"": {""min_instances"": 5, ""threshold"": 0.1}}",0.1,0.005,0.15,5,0.05,0.005,0.1,30,,,,-1,two_stage,2,0.5,"__confirm_cooldown=200,__confirm_rule=perm_test,__perm_alpha=0.01,__perm_delta_k=25,__perm_min_effect=0,__perm_n_perm=200,__perm_post_n=50,__perm_pre_n=500,__perm_rng_seed=0,__perm_stat=delta_fused_score,divergence=0.3,error_rate=0.5,teacher_entropy=0.2",3,0,200,0.0,0,10000,10.0,25.0,200,500,1,136,1.0,0.8403155193236715,0.6165966634723851,0.0,0.1938813328742981,0.010278133675456047,0,0,71,61,-1,perm_test,0.004975124378109453,0.07973874164994862,139,61,78,0.0,0.16666666666666666,0,0.0,0.0,0.0,0.0,0,none,0,1,0,overconfident,0.95,0,mild_drift,0.9434537830066602,0.0014669396243915537,0.7282241478591929,0.8452008772654729,1768146524.427674,0.08421299606561661,0.10441267490386963
415,26560,26559,sea_abrupt4,sea,ts_drift_adapt,3,"error_divergence_ph_meta@error.threshold=0.10,error.min_instances=5",error_divergence_ph_meta,"{""divergence"": {""alpha"": 0.1, ""delta"": 0.005, ""min_instances"": 30, ""threshold"": 0.05}, ""error_rate"": {""alpha"": 0.15, ""delta"": 0.005, ""min_instances"": 5, ""threshold"": 0.1}}","{""error_rate"": {""min_instances"": 5, ""threshold"": 0.1}}",0.1,0.005,0.15,5,0.05,0.005,0.1,30,,,,-1,two_stage,2,0.5,"__confirm_cooldown=200,__confirm_rule=perm_test,__perm_alpha=0.01,__perm_delta_k=25,__perm_min_effect=0,__perm_n_perm=200,__perm_post_n=50,__perm_pre_n=500,__perm_rng_seed=0,__perm_stat=delta_fused_score,divergence=0.3,error_rate=0.5,teacher_entropy=0.2",3,0,200,0.0,0,10000,10.0,25.0,200,500,1,72,1.0,0.8405873493975904,0.617166960668356,0.0,0.2230272740125656,0.005584544036537409,0,0,71,61,-1,perm_test,0.004975124378109453,0.07973874164994862,139,61,78,0.0,0.004693589638918638,0,0.0,0.0,0.0,0.0,0,none,0,1,0,overconfident,0.95,0,mild_drift,0.95187689150333,0.0013834698121957768,0.7641120739295965,0.8501004386327364,1768146524.4373412,0.08349162340164185,0.07144845277070999
416,26624,26623,sea_abrupt4,sea,ts_drift_adapt,3,"error_divergence_ph_meta@error.threshold=0.10,error.min_instances=5",error_divergence_ph_meta,"{""divergence"": {""alpha"": 0.1, ""delta"": 0.005, ""min_instances"": 30, ""threshold"": 0.05}, ""error_rate"": {""alpha"": 0.15, ""delta"": 0.005, ""min_instances"": 5, ""threshold"": 0.1}}","{""error_rate"": {""min_instances"": 5, ""threshold"": 0.1}}",0.1,0.005,0.15,5,0.05,0.005,0.1,30,,,,-1,two_stage,2,0.5,"__confirm_cooldown=200,__confirm_rule=perm_test,__perm_alpha=0.01,__perm_delta_k=25,__perm_min_effect=0,__perm_n_perm=200,__perm_post_n=50,__perm_pre_n=500,__perm_rng_seed=0,__perm_stat=delta_fused_score,divergence=0.3,error_rate=0.5,teacher_entropy=0.2",3,0,200,0.0,0,10000,10.0,25.0,200,500,1,8,1.0,0.8408954326923077,0.6177910267510883,0.0,0.2156321257352829,0.004386986140161753,0,0,71,61,-1,perm_test,0.004975124378109453,0.07973874164994862,139,61,78,0.0,0.0011975578963756561,0,0.0,0.0,0.0,0.0,0,none,0,1,0,overconfident,0.95,0,mild_drift,0.956088445751665,0.0013417349060978884,0.7820560369647982,0.8525502193163682,1768146524.4473088,0.1416749358177185,0.056237079203128815
417,26688,26687,sea_abrupt4,sea,ts_drift_adapt,3,"error_divergence_ph_meta@error.threshold=0.10,error.min_instances=5",error_divergence_ph_meta,"{""divergence"": {""alpha"": 0.1, ""delta"": 0.005, ""min_instances"": 30, ""threshold"": 0.05}, ""error_rate"": {""alpha"": 0.15, ""delta"": 0.005, ""min_instances"": 5, ""threshold"": 0.1}}","{""error_rate"": {""min_instances"": 5, ""threshold"": 0.1}}",0.1,0.005,0.15,5,0.05,0.005,0.1,30,,,,-1,two_stage,2,0.5,"__confirm_cooldown=200,__confirm_rule=perm_test,__perm_alpha=0.01,__perm_delta_k=25,__perm_min_effect=0,__perm_n_perm=200,__perm_post_n=50,__perm_pre_n=500,__perm_rng_seed=0,__perm_stat=delta_fused_score,divergence=0.3,error_rate=0.5,teacher_entropy=0.2",3,0,200,0.0,0,10000,10.0,25.0,200,500,0,0,1.0,0.8410521582733813,0.6179656938138136,0.16666666666666666,0.206394761800766,0.02071668580174446,0,0,71,61,-1,perm_test,0.004975124378109453,0.07973874164994862,139,61,78,0.0,0.16666666666666666,0,0.0,0.0,0.0,0.0,0,none,0,1,0,overconfident,0.95,0,mild_drift,0.9581942228758324,0.0013208674530489442,0.7910280184823991,0.853775109658184,1768146524.4573925,0.19983993470668793,0.24437466263771057
418,26752,26751,sea_abrupt4,sea,ts_drift_adapt,3,"error_divergence_ph_meta@error.threshold=0.10,error.min_instances=5",error_divergence_ph_meta,"{""divergence"": {""alpha"": 0.1, ""delta"": 0.005, ""min_instances"": 30, ""threshold"": 0.05}, ""error_rate"": {""alpha"": 0.15, ""delta"": 0.005, ""min_instances"": 5, ""threshold"": 0.1}}","{""error_rate"": {""min_instances"": 5, ""threshold"": 0.1}}",0.1,0.005,0.15,5,0.05,0.005,0.1,30,,,,-1,two_stage,2,0.5,"__confirm_cooldown=200,__confirm_rule=perm_test,__perm_alpha=0.01,__perm_delta_k=25,__perm_min_effect=0,__perm_n_perm=200,__perm_post_n=50,__perm_pre_n=500,__perm_rng_seed=0,__perm_stat=delta_fused_score,divergence=0.3,error_rate=0.5,teacher_entropy=0.2",3,0,200,0.0,0,10000,10.0,25.0,200,500,0,0,1.0,0.8413576555023924,0.6185854664107417,0.16666666666666666,0.15430320799350739,0.005626049358397722,0,1,72,61,-1,perm_test,1.0,-0.024049777795262798,140,61,79,0.0,0.015090636443346739,1,0.5,0.0,0.0,0.0,0,none,0,1,0,overconfident,0.95,0,mild_drift,0.9592471114379162,0.0013104337265244723,0.7955140092411996,0.854387554829092,1768146524.4677186,0.1990453004837036,0.06811216473579407
419,26816,26815,sea_abrupt4,sea,ts_drift_adapt,3,"error_divergence_ph_meta@error.threshold=0.10,error.min_instances=5",error_divergence_ph_meta,"{""divergence"": {""alpha"": 0.1, ""delta"": 0.005, ""min_instances"": 30, ""threshold"": 0.05}, ""error_rate"": {""alpha"": 0.15, ""delta"": 0.005, ""min_instances"": 5, ""threshold"": 0.1}}","{""error_rate"": {""min_instances"": 5, ""threshold"": 0.1}}",0.1,0.005,0.15,5,0.05,0.005,0.1,30,,,,-1,two_stage,2,0.5,"__confirm_cooldown=200,__confirm_rule=perm_test,__perm_alpha=0.01,__perm_delta_k=25,__perm_min_effect=0,__perm_n_perm=200,__perm_post_n=50,__perm_pre_n=500,__perm_rng_seed=0,__perm_stat=delta_fused_score,divergence=0.3,error_rate=0.5,teacher_entropy=0.2",3,0,200,0.0,0,10000,10.0,25.0,200,500,0,0,1.0,0.8415498210023866,0.6188750845396789,0.16666666666666666,0.17749080061912537,0.013080845586955547,0,0,72,61,-1,perm_test,1.0,-0.0748719537089475,141,61,80,0.0,0.007454796228557825,0,0.0,0.0,0.0,0.0,0,none,0,1,0,overconfident,0.95,0,mild_drift,0.9597735557189581,0.001305216863262236,0.7977570046205998,0.854693777414546,1768146524.4782403,0.3203200399875641,0.1293068528175354
420,26880,26879,sea_abrupt4,sea,ts_drift_adapt,3,"error_divergence_ph_meta@error.threshold=0.10,error.min_instances=5",error_divergence_ph_meta,"{""divergence"": {""alpha"": 0.1, ""delta"": 0.005, ""min_instances"": 30, ""threshold"": 0.05}, ""error_rate"": {""alpha"": 0.15, ""delta"": 0.005, ""min_instances"": 5, ""threshold"": 0.1}}","{""error_rate"": {""min_instances"": 5, ""threshold"": 0.1}}",0.1,0.005,0.15,5,0.05,0.005,0.1,30,,,,-1,two_stage,2,0.5,"__confirm_cooldown=200,__confirm_rule=perm_test,__perm_alpha=0.01,__perm_delta_k=25,__perm_min_effect=0,__perm_n_perm=200,__perm_post_n=50,__perm_pre_n=500,__perm_rng_seed=0,__perm_stat=delta_fused_score,divergence=0.3,error_rate=0.5,teacher_entropy=0.2",3,0,200,0.0,0,10000,10.0,25.0,200,500,0,0,1.0,0.8417410714285715,0.6190835809643567,0.0,0.19974718987941742,0.01060449331998825,0,0,72,61,-1,perm_test,1.0,-0.058738229448643126,142,61,81,0.0,0.16666666666666666,0,0.0,0.0,0.0,0.0,0,none,0,1,0,overconfident,0.95,0,mild_drift,0.9600367778594789,0.0013026084316311182,0.7988785023103,0.854846888707273,1768146524.4885836,0.1538970023393631,0.08791739493608475
421,26944,26943,sea_abrupt4,sea,ts_drift_adapt,3,"error_divergence_ph_meta@error.threshold=0.10,error.min_instances=5",error_divergence_ph_meta,"{""divergence"": {""alpha"": 0.1, ""delta"": 0.005, ""min_instances"": 30, ""threshold"": 0.05}, ""error_rate"": {""alpha"": 0.15, ""delta"": 0.005, ""min_instances"": 5, ""threshold"": 0.1}}","{""error_rate"": {""min_instances"": 5, ""threshold"": 0.1}}",0.1,0.005,0.15,5,0.05,0.005,0.1,30,,,,-1,two_stage,2,0.5,"__confirm_cooldown=200,__confirm_rule=perm_test,__perm_alpha=0.01,__perm_delta_k=25,__perm_min_effect=0,__perm_n_perm=200,__perm_post_n=50,__perm_pre_n=500,__perm_rng_seed=0,__perm_stat=delta_fused_score,divergence=0.3,error_rate=0.5,teacher_entropy=0.2",3,0,200,0.0,0,10000,10.0,25.0,200,500,0,0,1.0,0.8418571852731591,0.6191367043466,0.0,0.221720352768898,0.007104290649294853,0,0,72,61,-1,perm_test,1.0,-0.010295140252711683,143,61,82,0.0,0.0035002026706933975,0,0.0,0.0,0.0,0.0,0,none,0,1,0,overconfident,0.95,0,mild_drift,0.9601683889297394,0.001301304215815559,0.79943925115515,0.8549234443536364,1768146524.4992352,0.017070041969418526,0.08595001697540283
422,27008,27007,sea_abrupt4,sea,ts_drift_adapt,3,"error_divergence_ph_meta@error.threshold=0.10,error.min_instances=5",error_divergence_ph_meta,"{""divergence"": {""alpha"": 0.1, ""delta"": 0.005, ""min_instances"": 30, ""threshold"": 0.05}, ""error_rate"": {""alpha"": 0.15, ""delta"": 0.005, ""min_instances"": 5, ""threshold"": 0.1}}","{""error_rate"": {""min_instances"": 5, ""threshold"": 0.1}}",0.1,0.005,0.15,5,0.05,0.005,0.1,30,,,,-1,two_stage,2,0.5,"__confirm_cooldown=200,__confirm_rule=perm_test,__perm_alpha=0.01,__perm_delta_k=25,__perm_min_effect=0,__perm_n_perm=200,__perm_post_n=50,__perm_pre_n=500,__perm_rng_seed=0,__perm_stat=delta_fused_score,divergence=0.3,error_rate=0.5,teacher_entropy=0.2",3,0,200,0.0,0,10000,10.0,25.0,200,500,0,0,1.0,0.8418986966824644,0.6191810666033901,0.3333333333333333,0.25848686695098877,0.018016988411545753,0,0,72,61,-1,perm_test,1.0,-0.010295140252711683,143,61,82,0.0,0.3333333333333333,0,0.0,0.0,0.0,0.0,0,none,0,1,0,overconfident,0.95,0,mild_drift,0.9602341944648697,0.0013006521079077797,0.799719625577575,0.8549617221768182,1768146524.5097682,0.48986029624938965,0.14026063680648804
423,27072,27071,sea_abrupt4,sea,ts_drift_adapt,3,"error_divergence_ph_meta@error.threshold=0.10,error.min_instances=5",error_divergence_ph_meta,"{""divergence"": {""alpha"": 0.1, ""delta"": 0.005, ""min_instances"": 30, ""threshold"": 0.05}, ""error_rate"": {""alpha"": 0.15, ""delta"": 0.005, ""min_instances"": 5, ""threshold"": 0.1}}","{""error_rate"": {""min_instances"": 5, ""threshold"": 0.1}}",0.1,0.005,0.15,5,0.05,0.005,0.1,30,,,,-1,two_stage,2,0.5,"__confirm_cooldown=200,__confirm_rule=perm_test,__perm_alpha=0.01,__perm_delta_k=25,__perm_min_effect=0,__perm_n_perm=200,__perm_post_n=50,__perm_pre_n=500,__perm_rng_seed=0,__perm_stat=delta_fused_score,divergence=0.3,error_rate=0.5,teacher_entropy=0.2",3,0,200,0.0,0,10000,10.0,25.0,200,500,0,0,1.0,0.8421616430260047,0.6198343804748034,0.16666666666666666,0.22049257159233093,0.011282009072601795,0,1,73,61,-1,perm_test,1.0,-0.0698671473875791,144,61,83,0.0,0.16666666666666666,1,0.5,0.0,0.0,0.0,0,none,0,1,0,overconfident,0.95,0,mild_drift,0.9602670972324348,0.00130032605395389,0.7998598127887875,0.8549808610884091,1768146524.5204244,0.30749642848968506,0.08539772033691406
424,27136,27135,sea_abrupt4,sea,ts_drift_adapt,3,"error_divergence_ph_meta@error.threshold=0.10,error.min_instances=5",error_divergence_ph_meta,"{""divergence"": {""alpha"": 0.1, ""delta"": 0.005, ""min_instances"": 30, ""threshold"": 0.05}, ""error_rate"": {""alpha"": 0.15, ""delta"": 0.005, ""min_instances"": 5, ""threshold"": 0.1}}","{""error_rate"": {""min_instances"": 5, ""threshold"": 0.1}}",0.1,0.005,0.15,5,0.05,0.005,0.1,30,,,,-1,two_stage,2,0.5,"__confirm_cooldown=200,__confirm_rule=perm_test,__perm_alpha=0.01,__perm_delta_k=25,__perm_min_effect=0,__perm_n_perm=200,__perm_post_n=50,__perm_pre_n=500,__perm_rng_seed=0,__perm_stat=delta_fused_score,divergence=0.3,error_rate=0.5,teacher_entropy=0.2",3,0,200,0.0,0,10000,10.0,25.0,200,500,0,0,1.0,0.8424602004716981,0.6205561100218765,0.0,0.20535734295845032,0.00743841752409935,0,0,73,61,-1,perm_test,1.0,-0.03391514340538387,145,61,84,0.0,0.16666666666666666,0,0.0,0.0,0.0,0.0,0,none,0,1,0,overconfident,0.95,0,mild_drift,0.9602835486162173,0.001300163026976945,0.7999299063943938,0.8549904305442045,1768146524.5311496,0.014361937530338764,0.07277239859104156
425,27200,27199,sea_abrupt4,sea,ts_drift_adapt,3,"error_divergence_ph_meta@error.threshold=0.10,error.min_instances=5",error_divergence_ph_meta,"{""divergence"": {""alpha"": 0.1, ""delta"": 0.005, ""min_instances"": 30, ""threshold"": 0.05}, ""error_rate"": {""alpha"": 0.15, ""delta"": 0.005, ""min_instances"": 5, ""threshold"": 0.1}}","{""error_rate"": {""min_instances"": 5, ""threshold"": 0.1}}",0.1,0.005,0.15,5,0.05,0.005,0.1,30,,,,-1,two_stage,2,0.5,"__confirm_cooldown=200,__confirm_rule=perm_test,__perm_alpha=0.01,__perm_delta_k=25,__perm_min_effect=0,__perm_n_perm=200,__perm_post_n=50,__perm_pre_n=500,__perm_rng_seed=0,__perm_stat=delta_fused_score,divergence=0.3,error_rate=0.5,teacher_entropy=0.2",3,0,200,0.0,0,10000,10.0,25.0,200,500,0,0,1.0,0.8427205882352942,0.6210839190278542,0.0,0.16360853612422943,0.00561096565797925,0,0,73,61,-1,perm_test,1.0,-0.0009286459610409422,146,61,85,0.0,0.0018274518661201,0,0.0,0.0,0.0,0.0,0,none,0,1,0,overconfident,0.95,0,mild_drift,0.9602917743081086,0.0013000815134884725,0.7999649531971968,0.8549952152721023,1768146524.54186,0.03056606464087963,0.0499170683324337
426,27264,27263,sea_abrupt4,sea,ts_drift_adapt,3,"error_divergence_ph_meta@error.threshold=0.10,error.min_instances=5",error_divergence_ph_meta,"{""divergence"": {""alpha"": 0.1, ""delta"": 0.005, ""min_instances"": 30, ""threshold"": 0.05}, ""error_rate"": {""alpha"": 0.15, ""delta"": 0.005, ""min_instances"": 5, ""threshold"": 0.1}}","{""error_rate"": {""min_instances"": 5, ""threshold"": 0.1}}",0.1,0.005,0.15,5,0.05,0.005,0.1,30,,,,-1,two_stage,2,0.5,"__confirm_cooldown=200,__confirm_rule=perm_test,__perm_alpha=0.01,__perm_delta_k=25,__perm_min_effect=0,__perm_n_perm=200,__perm_post_n=50,__perm_pre_n=500,__perm_rng_seed=0,__perm_stat=delta_fused_score,divergence=0.3,error_rate=0.5,teacher_entropy=0.2",3,0,200,0.0,0,10000,10.0,25.0,200,500,0,0,1.0,0.8430897887323944,0.6217447235244558,0.0,0.2234193980693817,0.010214295238256454,0,0,73,61,-1,perm_test,0.4079601990049751,0.0007430311451457795,147,61,86,0.0,0.0046033295802772045,0,0.0,0.0,0.0,0.0,0,none,0,1,0,overconfident,0.95,0,mild_drift,0.9602958871540543,0.0013000407567442364,0.7999824765985984,0.8549976076360511,1768146524.560437,0.1412190943956375,0.0950256884098053
427,27328,27327,sea_abrupt4,sea,ts_drift_adapt,3,"error_divergence_ph_meta@error.threshold=0.10,error.min_instances=5",error_divergence_ph_meta,"{""divergence"": {""alpha"": 0.1, ""delta"": 0.005, ""min_instances"": 30, ""threshold"": 0.05}, ""error_rate"": {""alpha"": 0.15, ""delta"": 0.005, ""min_instances"": 5, ""threshold"": 0.1}}","{""error_rate"": {""min_instances"": 5, ""threshold"": 0.1}}",0.1,0.005,0.15,5,0.05,0.005,0.1,30,,,,-1,two_stage,2,0.5,"__confirm_cooldown=200,__confirm_rule=perm_test,__perm_alpha=0.01,__perm_delta_k=25,__perm_min_effect=0,__perm_n_perm=200,__perm_post_n=50,__perm_pre_n=500,__perm_rng_seed=0,__perm_stat=delta_fused_score,divergence=0.3,error_rate=0.5,teacher_entropy=0.2",3,0,200,0.0,0,10000,10.0,25.0,200,500,0,0,1.0,0.843201112412178,0.6221238742951785,0.0,0.25062865018844604,0.011030768975615501,0,0,73,61,-1,perm_test,0.4079601990049751,0.0007430311451457795,147,61,86,0.0,0.0008164737373590469,0,0.0,0.0,0.0,0.0,0,none,0,1,0,overconfident,0.95,0,mild_drift,0.9602979435770271,0.0013000203783721182,0.7999912382992993,0.8549988038180256,1768146524.5709279,0.08865954726934433,0.1343347728252411
428,27392,27391,sea_abrupt4,sea,ts_drift_adapt,3,"error_divergence_ph_meta@error.threshold=0.10,error.min_instances=5",error_divergence_ph_meta,"{""divergence"": {""alpha"": 0.1, ""delta"": 0.005, ""min_instances"": 30, ""threshold"": 0.05}, ""error_rate"": {""alpha"": 0.15, ""delta"": 0.005, ""min_instances"": 5, ""threshold"": 0.1}}","{""error_rate"": {""min_instances"": 5, ""threshold"": 0.1}}",0.1,0.005,0.15,5,0.05,0.005,0.1,30,,,,-1,two_stage,2,0.5,"__confirm_cooldown=200,__confirm_rule=perm_test,__perm_alpha=0.01,__perm_delta_k=25,__perm_min_effect=0,__perm_n_perm=200,__perm_post_n=50,__perm_pre_n=500,__perm_rng_seed=0,__perm_stat=delta_fused_score,divergence=0.3,error_rate=0.5,teacher_entropy=0.2",3,0,200,0.0,0,10000,10.0,25.0,200,500,0,0,1.0,0.8433119158878505,0.6222708092537254,0.16666666666666666,0.2061837911605835,0.012835257686674595,1,1,74,62,0,perm_test,0.004975124378109453,0.07170078064743823,148,62,86,0.0,0.16666666666666666,1,0.5,0.0,0.0,0.0,0,none,1,1,0,overconfident,0.95,0,stable,0.9751489717885136,0.001050010189186059,0.8999956191496497,0.8999994019090128,1768146524.5886025,0.167965829372406,0.1247653067111969
429,27456,27455,sea_abrupt4,sea,ts_drift_adapt,3,"error_divergence_ph_meta@error.threshold=0.10,error.min_instances=5",error_divergence_ph_meta,"{""divergence"": {""alpha"": 0.1, ""delta"": 0.005, ""min_instances"": 30, ""threshold"": 0.05}, ""error_rate"": {""alpha"": 0.15, ""delta"": 0.005, ""min_instances"": 5, ""threshold"": 0.1}}","{""error_rate"": {""min_instances"": 5, ""threshold"": 0.1}}",0.1,0.005,0.15,5,0.05,0.005,0.1,30,,,,-1,two_stage,2,0.5,"__confirm_cooldown=200,__confirm_rule=perm_test,__perm_alpha=0.01,__perm_delta_k=25,__perm_min_effect=0,__perm_n_perm=200,__perm_post_n=50,__perm_pre_n=500,__perm_rng_seed=0,__perm_stat=delta_fused_score,divergence=0.3,error_rate=0.5,teacher_entropy=0.2",3,0,200,0.0,0,10000,10.0,25.0,200,500,1,136,1.0,0.8435314685314685,0.6227814552186224,0.0,0.17461946606636047,0.005375649314373732,0,0,74,62,-1,perm_test,0.004975124378109453,0.07170078064743823,148,62,86,0.0,0.16666666666666666,0,0.0,0.0,0.0,0.0,0,none,0,1,0,overconfident,0.95,0,mild_drift,0.9677244858942567,0.0011750050945930296,0.8499978095748248,0.8774997009545065,1768146524.5988274,0.019987745210528374,0.0487370491027832
430,27520,27519,sea_abrupt4,sea,ts_drift_adapt,3,"error_divergence_ph_meta@error.threshold=0.10,error.min_instances=5",error_divergence_ph_meta,"{""divergence"": {""alpha"": 0.1, ""delta"": 0.005, ""min_instances"": 30, ""threshold"": 0.05}, ""error_rate"": {""alpha"": 0.15, ""delta"": 0.005, ""min_instances"": 5, ""threshold"": 0.1}}","{""error_rate"": {""min_instances"": 5, ""threshold"": 0.1}}",0.1,0.005,0.15,5,0.05,0.005,0.1,30,,,,-1,two_stage,2,0.5,"__confirm_cooldown=200,__confirm_rule=perm_test,__perm_alpha=0.01,__perm_delta_k=25,__perm_min_effect=0,__perm_n_perm=200,__perm_post_n=50,__perm_pre_n=500,__perm_rng_seed=0,__perm_stat=delta_fused_score,divergence=0.3,error_rate=0.5,teacher_entropy=0.2",3,0,200,0.0,0,10000,10.0,25.0,200,500,1,72,1.0,0.8437863372093023,0.6232373116982384,0.0,0.22618311643600464,0.009856479242444038,0,0,74,62,-1,perm_test,0.004975124378109453,0.07170078064743823,148,62,86,0.0,0.004480829928070307,0,0.0,0.0,0.0,0.0,0,none,0,1,0,overconfident,0.95,0,mild_drift,0.9640122429471283,0.0012375025472965149,0.8249989047874124,0.8662498504772532,1768146524.6088839,0.04393523558974266,0.09045872092247009
431,27584,27583,sea_abrupt4,sea,ts_drift_adapt,3,"error_divergence_ph_meta@error.threshold=0.10,error.min_instances=5",error_divergence_ph_meta,"{""divergence"": {""alpha"": 0.1, ""delta"": 0.005, ""min_instances"": 30, ""threshold"": 0.05}, ""error_rate"": {""alpha"": 0.15, ""delta"": 0.005, ""min_instances"": 5, ""threshold"": 0.1}}","{""error_rate"": {""min_instances"": 5, ""threshold"": 0.1}}",0.1,0.005,0.15,5,0.05,0.005,0.1,30,,,,-1,two_stage,2,0.5,"__confirm_cooldown=200,__confirm_rule=perm_test,__perm_alpha=0.01,__perm_delta_k=25,__perm_min_effect=0,__perm_n_perm=200,__perm_post_n=50,__perm_pre_n=500,__perm_rng_seed=0,__perm_stat=delta_fused_score,divergence=0.3,error_rate=0.5,teacher_entropy=0.2",3,0,200,0.0,0,10000,10.0,25.0,200,500,1,8,1.0,0.8439312645011601,0.6233737952867425,0.16666666666666666,0.20706452429294586,0.007031052373349667,0,0,74,62,-1,perm_test,0.004975124378109453,0.07170078064743823,148,62,86,0.0,0.16666666666666666,0,0.0,0.0,0.0,0.0,0,none,0,1,0,overconfident,0.95,0,mild_drift,0.9621561214735641,0.0012687512736482575,0.8124994523937062,0.8606249252386267,1768146524.6189978,0.3177587687969208,0.06160684674978256
432,27648,27647,sea_abrupt4,sea,ts_drift_adapt,3,"error_divergence_ph_meta@error.threshold=0.10,error.min_instances=5",error_divergence_ph_meta,"{""divergence"": {""alpha"": 0.1, ""delta"": 0.005, ""min_instances"": 30, ""threshold"": 0.05}, ""error_rate"": {""alpha"": 0.15, ""delta"": 0.005, ""min_instances"": 5, ""threshold"": 0.1}}","{""error_rate"": {""min_instances"": 5, ""threshold"": 0.1}}",0.1,0.005,0.15,5,0.05,0.005,0.1,30,,,,-1,two_stage,2,0.5,"__confirm_cooldown=200,__confirm_rule=perm_test,__perm_alpha=0.01,__perm_delta_k=25,__perm_min_effect=0,__perm_n_perm=200,__perm_post_n=50,__perm_pre_n=500,__perm_rng_seed=0,__perm_stat=delta_fused_score,divergence=0.3,error_rate=0.5,teacher_entropy=0.2",3,0,200,0.0,0,10000,10.0,25.0,200,500,0,0,1.0,0.8442563657407407,0.624034857921161,0.0,0.21414172649383545,0.011905425228178501,0,0,74,62,-1,perm_test,0.004975124378109453,0.07170078064743823,148,62,86,0.0,0.16666666666666666,0,0.0,0.0,0.0,0.0,0,none,0,1,0,overconfident,0.95,0,mild_drift,0.961228060736782,0.001284375636824129,0.8062497261968531,0.8578124626193133,1768146524.629376,0.1257147192955017,0.08314020931720734
433,27712,27711,sea_abrupt4,sea,ts_drift_adapt,3,"error_divergence_ph_meta@error.threshold=0.10,error.min_instances=5",error_divergence_ph_meta,"{""divergence"": {""alpha"": 0.1, ""delta"": 0.005, ""min_instances"": 30, ""threshold"": 0.05}, ""error_rate"": {""alpha"": 0.15, ""delta"": 0.005, ""min_instances"": 5, ""threshold"": 0.1}}","{""error_rate"": {""min_instances"": 5, ""threshold"": 0.1}}",0.1,0.005,0.15,5,0.05,0.005,0.1,30,,,,-1,two_stage,2,0.5,"__confirm_cooldown=200,__confirm_rule=perm_test,__perm_alpha=0.01,__perm_delta_k=25,__perm_min_effect=0,__perm_n_perm=200,__perm_post_n=50,__perm_pre_n=500,__perm_rng_seed=0,__perm_stat=delta_fused_score,divergence=0.3,error_rate=0.5,teacher_entropy=0.2",3,0,200,0.0,0,10000,10.0,25.0,200,500,0,0,1.0,0.844435623556582,0.6243446950755039,0.0,0.20330215990543365,0.011353465728461742,0,1,75,62,-1,perm_test,1.0,-0.018927833077531597,149,62,87,0.16666666666666666,0.0005519594997167587,1,0.5,0.0,0.0,0.0,0,none,0,1,0,overconfident,0.95,0,mild_drift,0.960764030368391,0.0012921878184120644,0.8031248630984266,0.8564062313096567,1768146524.6399202,0.04402290657162666,0.10222411155700684
434,27776,27775,sea_abrupt4,sea,ts_drift_adapt,3,"error_divergence_ph_meta@error.threshold=0.10,error.min_instances=5",error_divergence_ph_meta,"{""divergence"": {""alpha"": 0.1, ""delta"": 0.005, ""min_instances"": 30, ""threshold"": 0.05}, ""error_rate"": {""alpha"": 0.15, ""delta"": 0.005, ""min_instances"": 5, ""threshold"": 0.1}}","{""error_rate"": {""min_instances"": 5, ""threshold"": 0.1}}",0.1,0.005,0.15,5,0.05,0.005,0.1,30,,,,-1,two_stage,2,0.5,"__confirm_cooldown=200,__confirm_rule=perm_test,__perm_alpha=0.01,__perm_delta_k=25,__perm_min_effect=0,__perm_n_perm=200,__perm_post_n=50,__perm_pre_n=500,__perm_rng_seed=0,__perm_stat=delta_fused_score,divergence=0.3,error_rate=0.5,teacher_entropy=0.2",3,0,200,0.0,0,10000,10.0,25.0,200,500,0,0,1.0,0.844758064516129,0.6249458000685849,0.0,0.15749309957027435,0.007482272572815418,0,0,75,62,-1,perm_test,0.1890547263681592,0.004078645176388101,150,62,88,0.0,0.003871193155646324,0,0.0,0.0,0.0,0.0,0,none,0,1,0,overconfident,0.95,0,mild_drift,0.9605320151841954,0.0012960939092060324,0.8015624315492134,0.8557031156548283,1768146524.657867,0.06336177885532379,0.07318927347660065
435,27840,27839,sea_abrupt4,sea,ts_drift_adapt,3,"error_divergence_ph_meta@error.threshold=0.10,error.min_instances=5",error_divergence_ph_meta,"{""divergence"": {""alpha"": 0.1, ""delta"": 0.005, ""min_instances"": 30, ""threshold"": 0.05}, ""error_rate"": {""alpha"": 0.15, ""delta"": 0.005, ""min_instances"": 5, ""threshold"": 0.1}}","{""error_rate"": {""min_instances"": 5, ""threshold"": 0.1}}",0.1,0.005,0.15,5,0.05,0.005,0.1,30,,,,-1,two_stage,2,0.5,"__confirm_cooldown=200,__confirm_rule=perm_test,__perm_alpha=0.01,__perm_delta_k=25,__perm_min_effect=0,__perm_n_perm=200,__perm_post_n=50,__perm_pre_n=500,__perm_rng_seed=0,__perm_stat=delta_fused_score,divergence=0.3,error_rate=0.5,teacher_entropy=0.2",3,0,200,0.0,0,10000,10.0,25.0,200,500,0,0,1.0,0.8449712643678161,0.6252235816966402,0.0,0.16515041887760162,0.010127642191946507,0,0,75,62,-1,perm_test,1.0,-0.0118073967143499,151,62,89,0.0,0.0026453696191310883,0,0.0,0.0,0.0,0.0,0,none,0,1,0,overconfident,0.95,0,mild_drift,0.9604160075920977,0.0012980469546030162,0.8007812157746067,0.8553515578274141,1768146524.6682193,0.02695518545806408,0.10536849498748779
436,27904,27903,sea_abrupt4,sea,ts_drift_adapt,3,"error_divergence_ph_meta@error.threshold=0.10,error.min_instances=5",error_divergence_ph_meta,"{""divergence"": {""alpha"": 0.1, ""delta"": 0.005, ""min_instances"": 30, ""threshold"": 0.05}, ""error_rate"": {""alpha"": 0.15, ""delta"": 0.005, ""min_instances"": 5, ""threshold"": 0.1}}","{""error_rate"": {""min_instances"": 5, ""threshold"": 0.1}}",0.1,0.005,0.15,5,0.05,0.005,0.1,30,,,,-1,two_stage,2,0.5,"__confirm_cooldown=200,__confirm_rule=perm_test,__perm_alpha=0.01,__perm_delta_k=25,__perm_min_effect=0,__perm_n_perm=200,__perm_post_n=50,__perm_pre_n=500,__perm_rng_seed=0,__perm_stat=delta_fused_score,divergence=0.3,error_rate=0.5,teacher_entropy=0.2",3,0,200,0.0,0,10000,10.0,25.0,200,500,0,0,1.0,0.8451834862385321,0.6256323977880373,0.0,0.19666334986686707,0.010318576358258724,0,0,75,62,-1,perm_test,1.0,-0.012678642285772465,152,62,90,0.0,0.0001909341663122177,0,0.0,0.0,0.0,0.0,0,none,0,1,0,overconfident,0.95,0,mild_drift,0.9603580037960489,0.001299023477301508,0.8003906078873033,0.8551757789137071,1768146524.6785014,0.011956252157688141,0.09718115627765656
437,27968,27967,sea_abrupt4,sea,ts_drift_adapt,3,"error_divergence_ph_meta@error.threshold=0.10,error.min_instances=5",error_divergence_ph_meta,"{""divergence"": {""alpha"": 0.1, ""delta"": 0.005, ""min_instances"": 30, ""threshold"": 0.05}, ""error_rate"": {""alpha"": 0.15, ""delta"": 0.005, ""min_instances"": 5, ""threshold"": 0.1}}","{""error_rate"": {""min_instances"": 5, ""threshold"": 0.1}}",0.1,0.005,0.15,5,0.05,0.005,0.1,30,,,,-1,two_stage,2,0.5,"__confirm_cooldown=200,__confirm_rule=perm_test,__perm_alpha=0.01,__perm_delta_k=25,__perm_min_effect=0,__perm_n_perm=200,__perm_post_n=50,__perm_pre_n=500,__perm_rng_seed=0,__perm_stat=delta_fused_score,divergence=0.3,error_rate=0.5,teacher_entropy=0.2",3,0,200,0.0,0,10000,10.0,25.0,200,500,0,0,1.0,0.8454662471395881,0.6262343353163058,0.0,0.22301267087459564,0.005263928323984146,0,0,75,62,-1,perm_test,1.0,-0.012678642285772465,152,62,90,0.0,0.005054648034274578,0,0.0,0.0,0.0,0.0,0,none,0,1,0,overconfident,0.95,0,mild_drift,0.9603290018980244,0.001299511738650754,0.8001953039436517,0.8550878894568535,1768146524.6886055,0.0345330573618412,0.05850215256214142
438,28032,28031,sea_abrupt4,sea,ts_drift_adapt,3,"error_divergence_ph_meta@error.threshold=0.10,error.min_instances=5",error_divergence_ph_meta,"{""divergence"": {""alpha"": 0.1, ""delta"": 0.005, ""min_instances"": 30, ""threshold"": 0.05}, ""error_rate"": {""alpha"": 0.15, ""delta"": 0.005, ""min_instances"": 5, ""threshold"": 0.1}}","{""error_rate"": {""min_instances"": 5, ""threshold"": 0.1}}",0.1,0.005,0.15,5,0.05,0.005,0.1,30,,,,-1,two_stage,2,0.5,"__confirm_cooldown=200,__confirm_rule=perm_test,__perm_alpha=0.01,__perm_delta_k=25,__perm_min_effect=0,__perm_n_perm=200,__perm_post_n=50,__perm_pre_n=500,__perm_rng_seed=0,__perm_stat=delta_fused_score,divergence=0.3,error_rate=0.5,teacher_entropy=0.2",3,0,200,0.0,0,10000,10.0,25.0,200,500,0,0,1.0,0.8455336757990868,0.6263652145372487,0.0,0.20144760608673096,0.016695912927389145,0,0,75,62,-1,perm_test,1.0,-0.012678642285772465,152,62,90,0.0,0.011431984603404999,0,0.0,0.0,0.0,0.0,0,none,0,1,0,overconfident,0.95,0,mild_drift,0.9603145009490122,0.001299755869325377,0.8000976519718259,0.8550439447284268,1768146524.6988902,0.13614468276500702,0.14064767956733704
439,28096,28095,sea_abrupt4,sea,ts_drift_adapt,3,"error_divergence_ph_meta@error.threshold=0.10,error.min_instances=5",error_divergence_ph_meta,"{""divergence"": {""alpha"": 0.1, ""delta"": 0.005, ""min_instances"": 30, ""threshold"": 0.05}, ""error_rate"": {""alpha"": 0.15, ""delta"": 0.005, ""min_instances"": 5, ""threshold"": 0.1}}","{""error_rate"": {""min_instances"": 5, ""threshold"": 0.1}}",0.1,0.005,0.15,5,0.05,0.005,0.1,30,,,,-1,two_stage,2,0.5,"__confirm_cooldown=200,__confirm_rule=perm_test,__perm_alpha=0.01,__perm_delta_k=25,__perm_min_effect=0,__perm_n_perm=200,__perm_post_n=50,__perm_pre_n=500,__perm_rng_seed=0,__perm_stat=delta_fused_score,divergence=0.3,error_rate=0.5,teacher_entropy=0.2",3,0,200,0.0,0,10000,10.0,25.0,200,500,0,0,1.0,0.8458143507972665,0.6269084667246095,0.0,0.1916416883468628,0.01085690502077341,0,0,75,62,-1,perm_test,1.0,-0.012678642285772465,152,62,90,0.0,0.005839007906615734,0,0.0,0.0,0.0,0.0,0,none,0,1,0,overconfident,0.95,0,mild_drift,0.960307250474506,0.0012998779346626885,0.800048825985913,0.8550219723642134,1768146524.7095866,0.0067689730785787106,0.08032248169183731
440,28160,28159,sea_abrupt4,sea,ts_drift_adapt,3,"error_divergence_ph_meta@error.threshold=0.10,error.min_instances=5",error_divergence_ph_meta,"{""divergence"": {""alpha"": 0.1, ""delta"": 0.005, ""min_instances"": 30, ""threshold"": 0.05}, ""error_rate"": {""alpha"": 0.15, ""delta"": 0.005, ""min_instances"": 5, ""threshold"": 0.1}}","{""error_rate"": {""min_instances"": 5, ""threshold"": 0.1}}",0.1,0.005,0.15,5,0.05,0.005,0.1,30,,,,-1,two_stage,2,0.5,"__confirm_cooldown=200,__confirm_rule=perm_test,__perm_alpha=0.01,__perm_delta_k=25,__perm_min_effect=0,__perm_n_perm=200,__perm_post_n=50,__perm_pre_n=500,__perm_rng_seed=0,__perm_stat=delta_fused_score,divergence=0.3,error_rate=0.5,teacher_entropy=0.2",3,0,200,0.0,0,10000,10.0,25.0,200,500,0,0,1.0,0.8460227272727273,0.6273322196312673,0.0,0.19041036069393158,0.0038363575004041195,0,0,75,62,-1,perm_test,1.0,-0.012678642285772465,152,62,90,0.0,0.007020547520369291,0,0.0,0.0,0.0,0.0,0,none,0,1,0,overconfident,0.95,0,mild_drift,0.960303625237253,0.0012999389673313444,0.8000244129929566,0.8550109861821067,1768146524.719928,0.03416730836033821,0.043719202280044556
441,28224,28223,sea_abrupt4,sea,ts_drift_adapt,3,"error_divergence_ph_meta@error.threshold=0.10,error.min_instances=5",error_divergence_ph_meta,"{""divergence"": {""alpha"": 0.1, ""delta"": 0.005, ""min_instances"": 30, ""threshold"": 0.05}, ""error_rate"": {""alpha"": 0.15, ""delta"": 0.005, ""min_instances"": 5, ""threshold"": 0.1}}","{""error_rate"": {""min_instances"": 5, ""threshold"": 0.1}}",0.1,0.005,0.15,5,0.05,0.005,0.1,30,,,,-1,two_stage,2,0.5,"__confirm_cooldown=200,__confirm_rule=perm_test,__perm_alpha=0.01,__perm_delta_k=25,__perm_min_effect=0,__perm_n_perm=200,__perm_post_n=50,__perm_pre_n=500,__perm_rng_seed=0,__perm_stat=delta_fused_score,divergence=0.3,error_rate=0.5,teacher_entropy=0.2",3,0,200,0.0,0,10000,10.0,25.0,200,500,0,0,1.0,0.8462301587301587,0.6277542418310863,0.0,0.19883738458156586,0.009448309428989887,0,0,75,62,-1,perm_test,1.0,-0.012678642285772465,152,62,90,0.0,0.005611951928585768,0,0.0,0.0,0.0,0.0,0,none,0,1,0,overconfident,0.95,0,mild_drift,0.9603018126186265,0.0012999694836656724,0.8000122064964783,0.8550054930910533,1768146524.7306569,0.015277800150215626,0.08185358345508575
442,28288,28287,sea_abrupt4,sea,ts_drift_adapt,3,"error_divergence_ph_meta@error.threshold=0.10,error.min_instances=5",error_divergence_ph_meta,"{""divergence"": {""alpha"": 0.1, ""delta"": 0.005, ""min_instances"": 30, ""threshold"": 0.05}, ""error_rate"": {""alpha"": 0.15, ""delta"": 0.005, ""min_instances"": 5, ""threshold"": 0.1}}","{""error_rate"": {""min_instances"": 5, ""threshold"": 0.1}}",0.1,0.005,0.15,5,0.05,0.005,0.1,30,,,,-1,two_stage,2,0.5,"__confirm_cooldown=200,__confirm_rule=perm_test,__perm_alpha=0.01,__perm_delta_k=25,__perm_min_effect=0,__perm_n_perm=200,__perm_post_n=50,__perm_pre_n=500,__perm_rng_seed=0,__perm_stat=delta_fused_score,divergence=0.3,error_rate=0.5,teacher_entropy=0.2",3,0,200,0.0,0,10000,10.0,25.0,200,500,0,0,1.0,0.8462952488687783,0.6276474864561847,0.16666666666666666,0.19157631695270538,0.005328713916242123,1,1,76,63,0,perm_test,0.004975124378109453,0.07132293268328327,153,63,90,0.16666666666666666,0.16666666666666666,1,0.5,0.0,0.0,0.0,0,none,1,1,0,overconfident,0.95,0,severe_drift,0.9256509063093132,0.0016499847418328362,0.6500061032482392,0.8325027465455267,1768146524.7485154,0.48920509219169617,0.049128927290439606
443,28352,28351,sea_abrupt4,sea,ts_drift_adapt,3,"error_divergence_ph_meta@error.threshold=0.10,error.min_instances=5",error_divergence_ph_meta,"{""divergence"": {""alpha"": 0.1, ""delta"": 0.005, ""min_instances"": 30, ""threshold"": 0.05}, ""error_rate"": {""alpha"": 0.15, ""delta"": 0.005, ""min_instances"": 5, ""threshold"": 0.1}}","{""error_rate"": {""min_instances"": 5, ""threshold"": 0.1}}",0.1,0.005,0.15,5,0.05,0.005,0.1,30,,,,-1,two_stage,2,0.5,"__confirm_cooldown=200,__confirm_rule=perm_test,__perm_alpha=0.01,__perm_delta_k=25,__perm_min_effect=0,__perm_n_perm=200,__perm_post_n=50,__perm_pre_n=500,__perm_rng_seed=0,__perm_stat=delta_fused_score,divergence=0.3,error_rate=0.5,teacher_entropy=0.2",3,0,200,0.0,0,10000,10.0,25.0,200,500,1,136,1.0,0.8465011286681715,0.6278610099662437,0.16666666666666666,0.1722874492406845,0.007050232961773872,0,0,76,63,-1,perm_test,0.004975124378109453,0.07132293268328327,153,63,90,0.0,0.0017215190455317497,0,0.0,0.0,0.0,0.0,0,none,0,1,0,overconfident,0.95,0,mild_drift,0.9429754531546566,0.0014749923709164183,0.7250030516241196,0.8437513732727633,1768146524.7586265,0.21213217079639435,0.054290927946567535
444,28416,28415,sea_abrupt4,sea,ts_drift_adapt,3,"error_divergence_ph_meta@error.threshold=0.10,error.min_instances=5",error_divergence_ph_meta,"{""divergence"": {""alpha"": 0.1, ""delta"": 0.005, ""min_instances"": 30, ""threshold"": 0.05}, ""error_rate"": {""alpha"": 0.15, ""delta"": 0.005, ""min_instances"": 5, ""threshold"": 0.1}}","{""error_rate"": {""min_instances"": 5, ""threshold"": 0.1}}",0.1,0.005,0.15,5,0.05,0.005,0.1,30,,,,-1,two_stage,2,0.5,"__confirm_cooldown=200,__confirm_rule=perm_test,__perm_alpha=0.01,__perm_delta_k=25,__perm_min_effect=0,__perm_n_perm=200,__perm_post_n=50,__perm_pre_n=500,__perm_rng_seed=0,__perm_stat=delta_fused_score,divergence=0.3,error_rate=0.5,teacher_entropy=0.2",3,0,200,0.0,0,10000,10.0,25.0,200,500,1,72,1.0,0.8467412725225225,0.6282456463184484,0.0,0.17662836611270905,0.008148969151079655,0,0,76,63,-1,perm_test,0.004975124378109453,0.07132293268328327,153,63,90,0.0,0.16666666666666666,0,0.0,0.0,0.0,0.0,0,none,0,1,0,overconfident,0.95,0,mild_drift,0.9516377265773283,0.0013874961854582093,0.7625015258120598,0.8493756866363816,1768146524.7686124,0.03349757939577103,0.07562130689620972
445,28480,28479,sea_abrupt4,sea,ts_drift_adapt,3,"error_divergence_ph_meta@error.threshold=0.10,error.min_instances=5",error_divergence_ph_meta,"{""divergence"": {""alpha"": 0.1, ""delta"": 0.005, ""min_instances"": 30, ""threshold"": 0.05}, ""error_rate"": {""alpha"": 0.15, ""delta"": 0.005, ""min_instances"": 5, ""threshold"": 0.1}}","{""error_rate"": {""min_instances"": 5, ""threshold"": 0.1}}",0.1,0.005,0.15,5,0.05,0.005,0.1,30,,,,-1,two_stage,2,0.5,"__confirm_cooldown=200,__confirm_rule=perm_test,__perm_alpha=0.01,__perm_delta_k=25,__perm_min_effect=0,__perm_n_perm=200,__perm_post_n=50,__perm_pre_n=500,__perm_rng_seed=0,__perm_stat=delta_fused_score,divergence=0.3,error_rate=0.5,teacher_entropy=0.2",3,0,200,0.0,0,10000,10.0,25.0,200,500,1,8,1.0,0.8469803370786517,0.6286829590520389,0.0,0.22395911812782288,0.01879294402897358,0,0,76,63,-1,perm_test,0.004975124378109453,0.07132293268328327,153,63,90,0.0,0.010643974877893925,0,0.0,0.0,0.0,0.0,0,none,0,1,0,overconfident,0.95,0,mild_drift,0.955968863288664,0.0013437480927291049,0.7812507629060299,0.8521878433181909,1768146524.7788231,0.09525173902511597,0.13008730113506317
446,28544,28543,sea_abrupt4,sea,ts_drift_adapt,3,"error_divergence_ph_meta@error.threshold=0.10,error.min_instances=5",error_divergence_ph_meta,"{""divergence"": {""alpha"": 0.1, ""delta"": 0.005, ""min_instances"": 30, ""threshold"": 0.05}, ""error_rate"": {""alpha"": 0.15, ""delta"": 0.005, ""min_instances"": 5, ""threshold"": 0.1}}","{""error_rate"": {""min_instances"": 5, ""threshold"": 0.1}}",0.1,0.005,0.15,5,0.05,0.005,0.1,30,,,,-1,two_stage,2,0.5,"__confirm_cooldown=200,__confirm_rule=perm_test,__perm_alpha=0.01,__perm_delta_k=25,__perm_min_effect=0,__perm_n_perm=200,__perm_post_n=50,__perm_pre_n=500,__perm_rng_seed=0,__perm_stat=delta_fused_score,divergence=0.3,error_rate=0.5,teacher_entropy=0.2",3,0,200,0.0,0,10000,10.0,25.0,200,500,0,0,1.0,0.8472533632286996,0.6292198249179557,0.0,0.16773824393749237,0.004383500199764967,0,0,76,63,-1,perm_test,0.004975124378109453,0.07132293268328327,153,63,90,0.0,0.014409443829208612,0,0.0,0.0,0.0,0.0,0,none,0,1,0,overconfident,0.95,0,mild_drift,0.958134431644332,0.0013218740463645526,0.790625381453015,0.8535939216590954,1768146524.7890327,0.06859781593084335,0.048410989344120026
447,28608,28607,sea_abrupt4,sea,ts_drift_adapt,3,"error_divergence_ph_meta@error.threshold=0.10,error.min_instances=5",error_divergence_ph_meta,"{""divergence"": {""alpha"": 0.1, ""delta"": 0.005, ""min_instances"": 30, ""threshold"": 0.05}, ""error_rate"": {""alpha"": 0.15, ""delta"": 0.005, ""min_instances"": 5, ""threshold"": 0.1}}","{""error_rate"": {""min_instances"": 5, ""threshold"": 0.1}}",0.1,0.005,0.15,5,0.05,0.005,0.1,30,,,,-1,two_stage,2,0.5,"__confirm_cooldown=200,__confirm_rule=perm_test,__perm_alpha=0.01,__perm_delta_k=25,__perm_min_effect=0,__perm_n_perm=200,__perm_post_n=50,__perm_pre_n=500,__perm_rng_seed=0,__perm_stat=delta_fused_score,divergence=0.3,error_rate=0.5,teacher_entropy=0.2",3,0,200,0.0,0,10000,10.0,25.0,200,500,0,0,1.0,0.8474902125279642,0.629734347521355,0.0,0.1642833650112152,0.007529756985604763,0,0,76,63,-1,perm_test,0.004975124378109453,0.07132293268328327,153,63,90,0.0,0.003146256785839796,0,0.0,0.0,0.0,0.0,0,none,0,1,0,overconfident,0.95,0,mild_drift,0.9592172158221659,0.0013109370231822763,0.7953126907265076,0.8542969608295476,1768146524.799561,0.0445854514837265,0.08132773637771606
448,28672,28671,sea_abrupt4,sea,ts_drift_adapt,3,"error_divergence_ph_meta@error.threshold=0.10,error.min_instances=5",error_divergence_ph_meta,"{""divergence"": {""alpha"": 0.1, ""delta"": 0.005, ""min_instances"": 30, ""threshold"": 0.05}, ""error_rate"": {""alpha"": 0.15, ""delta"": 0.005, ""min_instances"": 5, ""threshold"": 0.1}}","{""error_rate"": {""min_instances"": 5, ""threshold"": 0.1}}",0.1,0.005,0.15,5,0.05,0.005,0.1,30,,,,-1,two_stage,2,0.5,"__confirm_cooldown=200,__confirm_rule=perm_test,__perm_alpha=0.01,__perm_delta_k=25,__perm_min_effect=0,__perm_n_perm=200,__perm_post_n=50,__perm_pre_n=500,__perm_rng_seed=0,__perm_stat=delta_fused_score,divergence=0.3,error_rate=0.5,teacher_entropy=0.2",3,0,200,0.0,0,10000,10.0,25.0,200,500,0,0,1.0,0.8476911272321429,0.630156681874326,0.0,0.20512241125106812,0.011299174278974533,0,0,76,63,-1,perm_test,0.004975124378109453,0.07132293268328327,153,63,90,0.0,0.00376941729336977,0,0.0,0.0,0.0,0.0,0,none,0,1,0,overconfident,0.95,0,mild_drift,0.9597586079110829,0.0013054685115911381,0.7976563453632538,0.8546484804147738,1768146524.8101685,0.030267193913459778,0.10031035542488098
449,28736,28735,sea_abrupt4,sea,ts_drift_adapt,3,"error_divergence_ph_meta@error.threshold=0.10,error.min_instances=5",error_divergence_ph_meta,"{""divergence"": {""alpha"": 0.1, ""delta"": 0.005, ""min_instances"": 30, ""threshold"": 0.05}, ""error_rate"": {""alpha"": 0.15, ""delta"": 0.005, ""min_instances"": 5, ""threshold"": 0.1}}","{""error_rate"": {""min_instances"": 5, ""threshold"": 0.1}}",0.1,0.005,0.15,5,0.05,0.005,0.1,30,,,,-1,two_stage,2,0.5,"__confirm_cooldown=200,__confirm_rule=perm_test,__perm_alpha=0.01,__perm_delta_k=25,__perm_min_effect=0,__perm_n_perm=200,__perm_post_n=50,__perm_pre_n=500,__perm_rng_seed=0,__perm_stat=delta_fused_score,divergence=0.3,error_rate=0.5,teacher_entropy=0.2",3,0,200,0.0,0,10000,10.0,25.0,200,500,0,0,1.0,0.8478911469933185,0.6304111195354629,0.0,0.17383813858032227,0.008491488173604012,0,0,76,63,-1,perm_test,0.004975124378109453,0.07132293268328327,153,63,90,0.0,0.0028076861053705215,0,0.0,0.0,0.0,0.0,0,none,0,1,0,overconfident,0.95,0,mild_drift,0.9600293039555414,0.001302734255795569,0.7988281726816269,0.8548242402073869,1768146524.8208537,0.09708989411592484,0.054787635803222656
450,28800,28799,sea_abrupt4,sea,ts_drift_adapt,3,"error_divergence_ph_meta@error.threshold=0.10,error.min_instances=5",error_divergence_ph_meta,"{""divergence"": {""alpha"": 0.1, ""delta"": 0.005, ""min_instances"": 30, ""threshold"": 0.05}, ""error_rate"": {""alpha"": 0.15, ""delta"": 0.005, ""min_instances"": 5, ""threshold"": 0.1}}","{""error_rate"": {""min_instances"": 5, ""threshold"": 0.1}}",0.1,0.005,0.15,5,0.05,0.005,0.1,30,,,,-1,two_stage,2,0.5,"__confirm_cooldown=200,__confirm_rule=perm_test,__perm_alpha=0.01,__perm_delta_k=25,__perm_min_effect=0,__perm_n_perm=200,__perm_post_n=50,__perm_pre_n=500,__perm_rng_seed=0,__perm_stat=delta_fused_score,divergence=0.3,error_rate=0.5,teacher_entropy=0.2",3,0,200,0.0,0,10000,10.0,25.0,200,500,0,0,1.0,0.8480902777777778,0.6308251051867174,0.16666666666666666,0.17799974977970123,0.005677797831594944,1,1,77,64,0,perm_test,0.004975124378109453,0.07038591114116691,154,64,90,0.0,0.16666666666666666,1,0.5,0.0,0.0,0.0,0,none,1,1,0,overconfident,0.95,0,stable,0.9750146519777707,0.0010513671278977845,0.8994140863408134,0.8999121201036935,1768146524.839732,0.26998087763786316,0.07054995000362396
451,28864,28863,sea_abrupt4,sea,ts_drift_adapt,3,"error_divergence_ph_meta@error.threshold=0.10,error.min_instances=5",error_divergence_ph_meta,"{""divergence"": {""alpha"": 0.1, ""delta"": 0.005, ""min_instances"": 30, ""threshold"": 0.05}, ""error_rate"": {""alpha"": 0.15, ""delta"": 0.005, ""min_instances"": 5, ""threshold"": 0.1}}","{""error_rate"": {""min_instances"": 5, ""threshold"": 0.1}}",0.1,0.005,0.15,5,0.05,0.005,0.1,30,,,,-1,two_stage,2,0.5,"__confirm_cooldown=200,__confirm_rule=perm_test,__perm_alpha=0.01,__perm_delta_k=25,__perm_min_effect=0,__perm_n_perm=200,__perm_post_n=50,__perm_pre_n=500,__perm_rng_seed=0,__perm_stat=delta_fused_score,divergence=0.3,error_rate=0.5,teacher_entropy=0.2",3,0,200,0.0,0,10000,10.0,25.0,200,500,1,136,1.0,0.8483924611973392,0.6313887433613774,0.0,0.15441668033599854,0.0037583333905786276,0,0,77,64,-1,perm_test,0.004975124378109453,0.07038591114116691,154,64,90,0.0,0.16666666666666666,0,0.0,0.0,0.0,0.0,0,none,0,1,0,overconfident,0.95,0,mild_drift,0.9676573259888853,0.0011756835639488922,0.8497070431704068,0.8774560600518467,1768146524.8493044,0.02684766985476017,0.034184809774160385
452,28928,28927,sea_abrupt4,sea,ts_drift_adapt,3,"error_divergence_ph_meta@error.threshold=0.10,error.min_instances=5",error_divergence_ph_meta,"{""divergence"": {""alpha"": 0.1, ""delta"": 0.005, ""min_instances"": 30, ""threshold"": 0.05}, ""error_rate"": {""alpha"": 0.15, ""delta"": 0.005, ""min_instances"": 5, ""threshold"": 0.1}}","{""error_rate"": {""min_instances"": 5, ""threshold"": 0.1}}",0.1,0.005,0.15,5,0.05,0.005,0.1,30,,,,-1,two_stage,2,0.5,"__confirm_cooldown=200,__confirm_rule=perm_test,__perm_alpha=0.01,__perm_delta_k=25,__perm_min_effect=0,__perm_n_perm=200,__perm_post_n=50,__perm_pre_n=500,__perm_rng_seed=0,__perm_stat=delta_fused_score,divergence=0.3,error_rate=0.5,teacher_entropy=0.2",3,0,200,0.0,0,10000,10.0,25.0,200,500,1,72,1.0,0.8486587389380531,0.6319354031246672,0.0,0.17252004146575928,0.009373781271278858,0,0,77,64,-1,perm_test,0.004975124378109453,0.07038591114116691,154,64,90,0.0,0.005615447880700231,0,0.0,0.0,0.0,0.0,0,none,0,1,0,overconfident,0.95,0,mild_drift,0.9639786629944427,0.001237841781974446,0.8248535215852034,0.8662280300259233,1768146524.8593605,0.010751149617135525,0.07321096211671829
453,28992,28991,sea_abrupt4,sea,ts_drift_adapt,3,"error_divergence_ph_meta@error.threshold=0.10,error.min_instances=5",error_divergence_ph_meta,"{""divergence"": {""alpha"": 0.1, ""delta"": 0.005, ""min_instances"": 30, ""threshold"": 0.05}, ""error_rate"": {""alpha"": 0.15, ""delta"": 0.005, ""min_instances"": 5, ""threshold"": 0.1}}","{""error_rate"": {""min_instances"": 5, ""threshold"": 0.1}}",0.1,0.005,0.15,5,0.05,0.005,0.1,30,,,,-1,two_stage,2,0.5,"__confirm_cooldown=200,__confirm_rule=perm_test,__perm_alpha=0.01,__perm_delta_k=25,__perm_min_effect=0,__perm_n_perm=200,__perm_post_n=50,__perm_pre_n=500,__perm_rng_seed=0,__perm_stat=delta_fused_score,divergence=0.3,error_rate=0.5,teacher_entropy=0.2",3,0,200,0.0,0,10000,10.0,25.0,200,500,1,8,1.0,0.8489238410596026,0.6324586333269904,0.0,0.15313923358917236,0.010354074649512768,0,0,77,64,-1,perm_test,0.004975124378109453,0.07038591114116691,154,64,90,0.0,0.0009802933782339096,0,0.0,0.0,0.0,0.0,0,none,0,1,0,overconfident,0.95,0,mild_drift,0.9621393314972213,0.001268920890987223,0.8124267607926017,0.8606140150129616,1768146524.8695335,0.014204468578100204,0.06450902670621872
454,29056,29055,sea_abrupt4,sea,ts_drift_adapt,3,"error_divergence_ph_meta@error.threshold=0.10,error.min_instances=5",error_divergence_ph_meta,"{""divergence"": {""alpha"": 0.1, ""delta"": 0.005, ""min_instances"": 30, ""threshold"": 0.05}, ""error_rate"": {""alpha"": 0.15, ""delta"": 0.005, ""min_instances"": 5, ""threshold"": 0.1}}","{""error_rate"": {""min_instances"": 5, ""threshold"": 0.1}}",0.1,0.005,0.15,5,0.05,0.005,0.1,30,,,,-1,two_stage,2,0.5,"__confirm_cooldown=200,__confirm_rule=perm_test,__perm_alpha=0.01,__perm_delta_k=25,__perm_min_effect=0,__perm_n_perm=200,__perm_post_n=50,__perm_pre_n=500,__perm_rng_seed=0,__perm_stat=delta_fused_score,divergence=0.3,error_rate=0.5,teacher_entropy=0.2",3,0,200,0.0,0,10000,10.0,25.0,200,500,0,0,1.0,0.849153359030837,0.63284333193631,0.0,0.17558450996875763,0.010255655273795128,0,0,77,64,-1,perm_test,0.004975124378109453,0.07038591114116691,154,64,90,0.0,9.841937571763992e-05,0,0.0,0.0,0.0,0.0,0,none,0,1,0,overconfident,0.95,0,mild_drift,0.9612196657486106,0.0012844604454936115,0.8062133803963009,0.8578070075064808,1768146524.8805869,0.046263501048088074,0.0614943727850914
455,29120,29119,sea_abrupt4,sea,ts_drift_adapt,3,"error_divergence_ph_meta@error.threshold=0.10,error.min_instances=5",error_divergence_ph_meta,"{""divergence"": {""alpha"": 0.1, ""delta"": 0.005, ""min_instances"": 30, ""threshold"": 0.05}, ""error_rate"": {""alpha"": 0.15, ""delta"": 0.005, ""min_instances"": 5, ""threshold"": 0.1}}","{""error_rate"": {""min_instances"": 5, ""threshold"": 0.1}}",0.1,0.005,0.15,5,0.05,0.005,0.1,30,,,,-1,two_stage,2,0.5,"__confirm_cooldown=200,__confirm_rule=perm_test,__perm_alpha=0.01,__perm_delta_k=25,__perm_min_effect=0,__perm_n_perm=200,__perm_post_n=50,__perm_pre_n=500,__perm_rng_seed=0,__perm_stat=delta_fused_score,divergence=0.3,error_rate=0.5,teacher_entropy=0.2",3,0,200,0.0,0,10000,10.0,25.0,200,500,0,0,1.0,0.8493818681318681,0.6332105499248499,0.16666666666666666,0.1636698991060257,0.003585622413083911,1,1,78,65,0,perm_test,0.004975124378109453,0.051937608557030134,155,65,90,0.0,0.16666666666666666,1,0.5,0.0,0.0,0.0,0,none,1,1,0,overconfident,0.95,0,stable,0.9756098328743052,0.0010422302227468057,0.9031066901981504,0.9014035037532404,1768146524.8986902,0.33306607604026794,0.04416131228208542
456,29184,29183,sea_abrupt4,sea,ts_drift_adapt,3,"error_divergence_ph_meta@error.threshold=0.10,error.min_instances=5",error_divergence_ph_meta,"{""divergence"": {""alpha"": 0.1, ""delta"": 0.005, ""min_instances"": 30, ""threshold"": 0.05}, ""error_rate"": {""alpha"": 0.15, ""delta"": 0.005, ""min_instances"": 5, ""threshold"": 0.1}}","{""error_rate"": {""min_instances"": 5, ""threshold"": 0.1}}",0.1,0.005,0.15,5,0.05,0.005,0.1,30,,,,-1,two_stage,2,0.5,"__confirm_cooldown=200,__confirm_rule=perm_test,__perm_alpha=0.01,__perm_delta_k=25,__perm_min_effect=0,__perm_n_perm=200,__perm_post_n=50,__perm_pre_n=500,__perm_rng_seed=0,__perm_stat=delta_fused_score,divergence=0.3,error_rate=0.5,teacher_entropy=0.2",3,0,200,0.0,0,10000,10.0,25.0,200,500,1,136,1.0,0.8495751096491229,0.6336721185874066,0.0,0.17745673656463623,0.006967796478420496,0,0,78,65,-1,perm_test,0.004975124378109453,0.051937608557030134,155,65,90,0.0,0.16666666666666666,0,0.0,0.0,0.0,0.0,0,none,0,1,0,overconfident,0.95,0,mild_drift,0.9679549164371526,0.001171115111373403,0.8515533450990752,0.8782017518766202,1768146524.9088502,0.011093528009951115,0.06517840921878815
457,29248,29247,sea_abrupt4,sea,ts_drift_adapt,3,"error_divergence_ph_meta@error.threshold=0.10,error.min_instances=5",error_divergence_ph_meta,"{""divergence"": {""alpha"": 0.1, ""delta"": 0.005, ""min_instances"": 30, ""threshold"": 0.05}, ""error_rate"": {""alpha"": 0.15, ""delta"": 0.005, ""min_instances"": 5, ""threshold"": 0.1}}","{""error_rate"": {""min_instances"": 5, ""threshold"": 0.1}}",0.1,0.005,0.15,5,0.05,0.005,0.1,30,,,,-1,two_stage,2,0.5,"__confirm_cooldown=200,__confirm_rule=perm_test,__perm_alpha=0.01,__perm_delta_k=25,__perm_min_effect=0,__perm_n_perm=200,__perm_post_n=50,__perm_pre_n=500,__perm_rng_seed=0,__perm_stat=delta_fused_score,divergence=0.3,error_rate=0.5,teacher_entropy=0.2",3,0,200,0.0,0,10000,10.0,25.0,200,500,1,72,1.0,0.8497675054704595,0.6339636532692116,0.16666666666666666,0.14955000579357147,0.013832876458764076,0,0,78,65,-1,perm_test,0.004975124378109453,0.051937608557030134,155,65,90,0.0,0.16666666666666666,0,0.0,0.0,0.0,0.0,0,none,0,1,0,overconfident,0.95,0,mild_drift,0.9641274582185763,0.0012355575556867015,0.8257766725495377,0.8666008759383101,1768146524.9188104,0.16095034778118134,0.12312445789575577
458,29312,29311,sea_abrupt4,sea,ts_drift_adapt,3,"error_divergence_ph_meta@error.threshold=0.10,error.min_instances=5",error_divergence_ph_meta,"{""divergence"": {""alpha"": 0.1, ""delta"": 0.005, ""min_instances"": 30, ""threshold"": 0.05}, ""error_rate"": {""alpha"": 0.15, ""delta"": 0.005, ""min_instances"": 5, ""threshold"": 0.1}}","{""error_rate"": {""min_instances"": 5, ""threshold"": 0.1}}",0.1,0.005,0.15,5,0.05,0.005,0.1,30,,,,-1,two_stage,2,0.5,"__confirm_cooldown=200,__confirm_rule=perm_test,__perm_alpha=0.01,__perm_delta_k=25,__perm_min_effect=0,__perm_n_perm=200,__perm_post_n=50,__perm_pre_n=500,__perm_rng_seed=0,__perm_stat=delta_fused_score,divergence=0.3,error_rate=0.5,teacher_entropy=0.2",3,0,200,0.0,0,10000,10.0,25.0,200,500,1,8,1.0,0.8499249454148472,0.6342916576452163,0.16666666666666666,0.18109111487865448,0.01249580830335617,0,0,78,65,-1,perm_test,0.004975124378109453,0.051937608557030134,155,65,90,0.0,0.0013370681554079056,0,0.0,0.0,0.0,0.0,0,none,0,1,0,overconfident,0.95,0,mild_drift,0.962213729109288,0.0012677787778433507,0.8128883362747689,0.8608004379691551,1768146524.928797,0.2840346395969391,0.08279141038656235
459,29376,29375,sea_abrupt4,sea,ts_drift_adapt,3,"error_divergence_ph_meta@error.threshold=0.10,error.min_instances=5",error_divergence_ph_meta,"{""divergence"": {""alpha"": 0.1, ""delta"": 0.005, ""min_instances"": 30, ""threshold"": 0.05}, ""error_rate"": {""alpha"": 0.15, ""delta"": 0.005, ""min_instances"": 5, ""threshold"": 0.1}}","{""error_rate"": {""min_instances"": 5, ""threshold"": 0.1}}",0.1,0.005,0.15,5,0.05,0.005,0.1,30,,,,-1,two_stage,2,0.5,"__confirm_cooldown=200,__confirm_rule=perm_test,__perm_alpha=0.01,__perm_delta_k=25,__perm_min_effect=0,__perm_n_perm=200,__perm_post_n=50,__perm_pre_n=500,__perm_rng_seed=0,__perm_stat=delta_fused_score,divergence=0.3,error_rate=0.5,teacher_entropy=0.2",3,0,200,0.0,0,10000,10.0,25.0,200,500,0,0,1.0,0.8500816993464052,0.634608168938473,0.16666666666666666,0.15555402636528015,0.021306795999407768,0,0,78,65,-1,perm_test,0.004975124378109453,0.051937608557030134,155,65,90,0.0,0.008810987696051598,0,0.0,0.0,0.0,0.0,0,none,0,1,0,overconfident,0.95,0,mild_drift,0.961256864554644,0.0012838893889216755,0.8064441681373844,0.8579002189845775,1768146524.9389727,0.15629376471042633,0.14375363290309906
460,29440,29439,sea_abrupt4,sea,ts_drift_adapt,3,"error_divergence_ph_meta@error.threshold=0.10,error.min_instances=5",error_divergence_ph_meta,"{""divergence"": {""alpha"": 0.1, ""delta"": 0.005, ""min_instances"": 30, ""threshold"": 0.05}, ""error_rate"": {""alpha"": 0.15, ""delta"": 0.005, ""min_instances"": 5, ""threshold"": 0.1}}","{""error_rate"": {""min_instances"": 5, ""threshold"": 0.1}}",0.1,0.005,0.15,5,0.05,0.005,0.1,30,,,,-1,two_stage,2,0.5,"__confirm_cooldown=200,__confirm_rule=perm_test,__perm_alpha=0.01,__perm_delta_k=25,__perm_min_effect=0,__perm_n_perm=200,__perm_post_n=50,__perm_pre_n=500,__perm_rng_seed=0,__perm_stat=delta_fused_score,divergence=0.3,error_rate=0.5,teacher_entropy=0.2",3,0,200,0.0,0,10000,10.0,25.0,200,500,0,0,1.0,0.8502717391304347,0.6350168079864732,0.0,0.16136988997459412,0.016208061948418617,0,1,79,65,-1,perm_test,1.0,-0.09416454495902951,156,65,91,0.16666666666666666,0.16666666666666666,1,0.5,0.0,0.0,0.0,0,none,0,1,0,overconfident,0.95,0,mild_drift,0.960778432277322,0.001291944694460838,0.8032220840686922,0.8564501094922887,1768146524.9494786,0.01726272515952587,0.16601188480854034
461,29504,29503,sea_abrupt4,sea,ts_drift_adapt,3,"error_divergence_ph_meta@error.threshold=0.10,error.min_instances=5",error_divergence_ph_meta,"{""divergence"": {""alpha"": 0.1, ""delta"": 0.005, ""min_instances"": 30, ""threshold"": 0.05}, ""error_rate"": {""alpha"": 0.15, ""delta"": 0.005, ""min_instances"": 5, ""threshold"": 0.1}}","{""error_rate"": {""min_instances"": 5, ""threshold"": 0.1}}",0.1,0.005,0.15,5,0.05,0.005,0.1,30,,,,-1,two_stage,2,0.5,"__confirm_cooldown=200,__confirm_rule=perm_test,__perm_alpha=0.01,__perm_delta_k=25,__perm_min_effect=0,__perm_n_perm=200,__perm_post_n=50,__perm_pre_n=500,__perm_rng_seed=0,__perm_stat=delta_fused_score,divergence=0.3,error_rate=0.5,teacher_entropy=0.2",3,0,200,0.0,0,10000,10.0,25.0,200,500,0,0,1.0,0.8505287418655098,0.6356511797244374,0.16666666666666666,0.1252714991569519,0.008426441811025143,1,0,79,66,1,perm_test,0.004975124378109453,0.022360804178787254,157,66,91,0.0,0.16666666666666666,0,0.0,0.0,0.0,0.0,0,none,1,1,0,overconfident,0.95,0,stable,0.975389216138661,0.001045972347230419,0.9016110420343462,0.9007250547461444,1768146524.9672644,0.1574382483959198,0.08646155148744583
462,29568,29567,sea_abrupt4,sea,ts_drift_adapt,3,"error_divergence_ph_meta@error.threshold=0.10,error.min_instances=5",error_divergence_ph_meta,"{""divergence"": {""alpha"": 0.1, ""delta"": 0.005, ""min_instances"": 30, ""threshold"": 0.05}, ""error_rate"": {""alpha"": 0.15, ""delta"": 0.005, ""min_instances"": 5, ""threshold"": 0.1}}","{""error_rate"": {""min_instances"": 5, ""threshold"": 0.1}}",0.1,0.005,0.15,5,0.05,0.005,0.1,30,,,,-1,two_stage,2,0.5,"__confirm_cooldown=200,__confirm_rule=perm_test,__perm_alpha=0.01,__perm_delta_k=25,__perm_min_effect=0,__perm_n_perm=200,__perm_post_n=50,__perm_pre_n=500,__perm_rng_seed=0,__perm_stat=delta_fused_score,divergence=0.3,error_rate=0.5,teacher_entropy=0.2",3,0,200,0.0,0,10000,10.0,25.0,200,500,1,136,1.0,0.8507508116883117,0.6360762700712035,0.0,0.16110177338123322,0.013120587915182114,0,0,79,66,-1,perm_test,0.004975124378109453,0.022360804178787254,157,66,91,0.0,0.16666666666666666,0,0.0,0.0,0.0,0.0,0,none,0,1,0,overconfident,0.95,0,mild_drift,0.9678446080693305,0.0011729861736152094,0.8508055210171731,0.8778625273730722,1768146524.9774733,0.023787306621670723,0.08831758797168732
463,29632,29631,sea_abrupt4,sea,ts_drift_adapt,3,"error_divergence_ph_meta@error.threshold=0.10,error.min_instances=5",error_divergence_ph_meta,"{""divergence"": {""alpha"": 0.1, ""delta"": 0.005, ""min_instances"": 30, ""threshold"": 0.05}, ""error_rate"": {""alpha"": 0.15, ""delta"": 0.005, ""min_instances"": 5, ""threshold"": 0.1}}","{""error_rate"": {""min_instances"": 5, ""threshold"": 0.1}}",0.1,0.005,0.15,5,0.05,0.005,0.1,30,,,,-1,two_stage,2,0.5,"__confirm_cooldown=200,__confirm_rule=perm_test,__perm_alpha=0.01,__perm_delta_k=25,__perm_min_effect=0,__perm_n_perm=200,__perm_post_n=50,__perm_pre_n=500,__perm_rng_seed=0,__perm_stat=delta_fused_score,divergence=0.3,error_rate=0.5,teacher_entropy=0.2",3,0,200,0.0,0,10000,10.0,25.0,200,500,1,72,1.0,0.8508031857451404,0.6362121425962531,0.16666666666666666,0.145054429769516,0.018869169056415558,0,0,79,66,-1,perm_test,0.004975124378109453,0.022360804178787254,157,66,91,0.0,0.16666666666666666,0,0.0,0.0,0.0,0.0,0,none,0,1,0,overconfident,0.95,0,mild_drift,0.9640723040346653,0.001236493086807605,0.8254027605085865,0.8664312636865361,1768146524.9872825,0.6716669201850891,0.13530884683132172
464,29696,29695,sea_abrupt4,sea,ts_drift_adapt,3,"error_divergence_ph_meta@error.threshold=0.10,error.min_instances=5",error_divergence_ph_meta,"{""divergence"": {""alpha"": 0.1, ""delta"": 0.005, ""min_instances"": 30, ""threshold"": 0.05}, ""error_rate"": {""alpha"": 0.15, ""delta"": 0.005, ""min_instances"": 5, ""threshold"": 0.1}}","{""error_rate"": {""min_instances"": 5, ""threshold"": 0.1}}",0.1,0.005,0.15,5,0.05,0.005,0.1,30,,,,-1,two_stage,2,0.5,"__confirm_cooldown=200,__confirm_rule=perm_test,__perm_alpha=0.01,__perm_delta_k=25,__perm_min_effect=0,__perm_n_perm=200,__perm_post_n=50,__perm_pre_n=500,__perm_rng_seed=0,__perm_stat=delta_fused_score,divergence=0.3,error_rate=0.5,teacher_entropy=0.2",3,0,200,0.0,0,10000,10.0,25.0,200,500,1,8,1.0,0.8509226831896551,0.6364183536490429,0.0,0.17131535708904266,0.010683148168027401,0,0,79,66,-1,perm_test,0.004975124378109453,0.022360804178787254,157,66,91,0.0,0.16666666666666666,0,0.0,0.0,0.0,0.0,0,none,0,1,0,overconfident,0.95,0,mild_drift,0.9621861520173326,0.0012682465434038026,0.8127013802542933,0.860715631843268,1768146524.9976606,0.09956226497888565,0.08608768880367279
465,29760,29759,sea_abrupt4,sea,ts_drift_adapt,3,"error_divergence_ph_meta@error.threshold=0.10,error.min_instances=5",error_divergence_ph_meta,"{""divergence"": {""alpha"": 0.1, ""delta"": 0.005, ""min_instances"": 30, ""threshold"": 0.05}, ""error_rate"": {""alpha"": 0.15, ""delta"": 0.005, ""min_instances"": 5, ""threshold"": 0.1}}","{""error_rate"": {""min_instances"": 5, ""threshold"": 0.1}}",0.1,0.005,0.15,5,0.05,0.005,0.1,30,,,,-1,two_stage,2,0.5,"__confirm_cooldown=200,__confirm_rule=perm_test,__perm_alpha=0.01,__perm_delta_k=25,__perm_min_effect=0,__perm_n_perm=200,__perm_post_n=50,__perm_pre_n=500,__perm_rng_seed=0,__perm_stat=delta_fused_score,divergence=0.3,error_rate=0.5,teacher_entropy=0.2",3,0,200,0.0,0,10000,10.0,25.0,200,500,0,0,1.0,0.8512096774193548,0.6371113089443307,0.0,0.16540291905403137,0.010600507259368896,0,1,80,66,-1,perm_test,1.0,-0.005758386736348756,158,66,92,0.0,8.264090865850449e-05,1,0.5,0.0,0.0,0.0,0,none,0,1,0,overconfident,0.95,0,mild_drift,0.9612430760086663,0.0012841232717019013,0.8063506901271467,0.857857815921634,1768146525.0080914,0.06783173233270645,0.0767592340707779
466,29824,29823,sea_abrupt4,sea,ts_drift_adapt,3,"error_divergence_ph_meta@error.threshold=0.10,error.min_instances=5",error_divergence_ph_meta,"{""divergence"": {""alpha"": 0.1, ""delta"": 0.005, ""min_instances"": 30, ""threshold"": 0.05}, ""error_rate"": {""alpha"": 0.15, ""delta"": 0.005, ""min_instances"": 5, ""threshold"": 0.1}}","{""error_rate"": {""min_instances"": 5, ""threshold"": 0.1}}",0.1,0.005,0.15,5,0.05,0.005,0.1,30,,,,-1,two_stage,2,0.5,"__confirm_cooldown=200,__confirm_rule=perm_test,__perm_alpha=0.01,__perm_delta_k=25,__perm_min_effect=0,__perm_n_perm=200,__perm_post_n=50,__perm_pre_n=500,__perm_rng_seed=0,__perm_stat=delta_fused_score,divergence=0.3,error_rate=0.5,teacher_entropy=0.2",3,0,200,0.0,0,10000,10.0,25.0,200,500,0,0,1.0,0.8512942596566524,0.6371872970261839,0.0,0.15314383804798126,0.008680651895701885,1,0,80,67,1,perm_test,0.004975124378109453,0.03321191440786223,159,67,92,0.0,0.0019198553636670113,0,0.0,0.0,0.0,0.0,0,none,1,1,0,overconfident,0.95,0,stable,0.9756215380043332,0.0010420616358509506,0.9031753450635733,0.9014289079608171,1768146525.0258398,0.06413882970809937,0.06368114799261093
467,29888,29887,sea_abrupt4,sea,ts_drift_adapt,3,"error_divergence_ph_meta@error.threshold=0.10,error.min_instances=5",error_divergence_ph_meta,"{""divergence"": {""alpha"": 0.1, ""delta"": 0.005, ""min_instances"": 30, ""threshold"": 0.05}, ""error_rate"": {""alpha"": 0.15, ""delta"": 0.005, ""min_instances"": 5, ""threshold"": 0.1}}","{""error_rate"": {""min_instances"": 5, ""threshold"": 0.1}}",0.1,0.005,0.15,5,0.05,0.005,0.1,30,,,,-1,two_stage,2,0.5,"__confirm_cooldown=200,__confirm_rule=perm_test,__perm_alpha=0.01,__perm_delta_k=25,__perm_min_effect=0,__perm_n_perm=200,__perm_post_n=50,__perm_pre_n=500,__perm_rng_seed=0,__perm_stat=delta_fused_score,divergence=0.3,error_rate=0.5,teacher_entropy=0.2",3,0,200,0.0,0,10000,10.0,25.0,200,500,1,136,1.0,0.8514453961456103,0.6375543208765629,0.0,0.1704331338405609,0.008159593679010868,0,0,80,67,-1,perm_test,0.004975124378109453,0.03321191440786223,159,67,92,0.0,0.0005210582166910172,0,0.0,0.0,0.0,0.0,0,none,0,1,0,overconfident,0.95,0,mild_drift,0.9679607690021665,0.0011710308179254754,0.8515876725317867,0.8782144539804085,1768146525.0358298,0.05590556934475899,0.05968300253152847
468,29952,29951,sea_abrupt4,sea,ts_drift_adapt,3,"error_divergence_ph_meta@error.threshold=0.10,error.min_instances=5",error_divergence_ph_meta,"{""divergence"": {""alpha"": 0.1, ""delta"": 0.005, ""min_instances"": 30, ""threshold"": 0.05}, ""error_rate"": {""alpha"": 0.15, ""delta"": 0.005, ""min_instances"": 5, ""threshold"": 0.1}}","{""error_rate"": {""min_instances"": 5, ""threshold"": 0.1}}",0.1,0.005,0.15,5,0.05,0.005,0.1,30,,,,-1,two_stage,2,0.5,"__confirm_cooldown=200,__confirm_rule=perm_test,__perm_alpha=0.01,__perm_delta_k=25,__perm_min_effect=0,__perm_n_perm=200,__perm_post_n=50,__perm_pre_n=500,__perm_rng_seed=0,__perm_stat=delta_fused_score,divergence=0.3,error_rate=0.5,teacher_entropy=0.2",3,0,200,0.0,0,10000,10.0,25.0,200,500,1,72,1.0,0.8517294337606838,0.6380925701916343,0.0,0.16504532098770142,0.009099354967474937,0,0,80,67,-1,perm_test,0.004975124378109453,0.03321191440786223,159,67,92,0.0,0.0009397612884640694,0,0.0,0.0,0.0,0.0,0,none,0,1,0,overconfident,0.95,0,mild_drift,0.9641303845010832,0.0012355154089627378,0.8257938362658934,0.8666072269902043,1768146525.0459366,0.05744289979338646,0.08070378005504608
469,30016,30015,sea_abrupt4,sea,ts_drift_adapt,3,"error_divergence_ph_meta@error.threshold=0.10,error.min_instances=5",error_divergence_ph_meta,"{""divergence"": {""alpha"": 0.1, ""delta"": 0.005, ""min_instances"": 30, ""threshold"": 0.05}, ""error_rate"": {""alpha"": 0.15, ""delta"": 0.005, ""min_instances"": 5, ""threshold"": 0.1}}","{""error_rate"": {""min_instances"": 5, ""threshold"": 0.1}}",0.1,0.005,0.15,5,0.05,0.005,0.1,30,,,,-1,two_stage,2,0.5,"__confirm_cooldown=200,__confirm_rule=perm_test,__perm_alpha=0.01,__perm_delta_k=25,__perm_min_effect=0,__perm_n_perm=200,__perm_post_n=50,__perm_pre_n=500,__perm_rng_seed=0,__perm_stat=delta_fused_score,divergence=0.3,error_rate=0.5,teacher_entropy=0.2",3,0,200,0.0,0,10000,10.0,25.0,200,500,1,8,1.0,0.8517124200426439,0.6379215489809308,0.0,0.15653465688228607,0.015121283009648323,0,0,80,67,-1,perm_test,0.004975124378109453,0.03321191440786223,159,67,92,0.0,0.006021928042173386,0,0.0,0.0,0.0,0.0,0,none,0,1,0,overconfident,0.95,0,mild_drift,0.9622151922505415,0.001267757704481369,0.8128969181329467,0.8608036134951021,1768146525.0559907,0.014366771094501019,0.14324510097503662
470,30080,30079,sea_abrupt4,sea,ts_drift_adapt,3,"error_divergence_ph_meta@error.threshold=0.10,error.min_instances=5",error_divergence_ph_meta,"{""divergence"": {""alpha"": 0.1, ""delta"": 0.005, ""min_instances"": 30, ""threshold"": 0.05}, ""error_rate"": {""alpha"": 0.15, ""delta"": 0.005, ""min_instances"": 5, ""threshold"": 0.1}}","{""error_rate"": {""min_instances"": 5, ""threshold"": 0.1}}",0.1,0.005,0.15,5,0.05,0.005,0.1,30,,,,-1,two_stage,2,0.5,"__confirm_cooldown=200,__confirm_rule=perm_test,__perm_alpha=0.01,__perm_delta_k=25,__perm_min_effect=0,__perm_n_perm=200,__perm_post_n=50,__perm_pre_n=500,__perm_rng_seed=0,__perm_stat=delta_fused_score,divergence=0.3,error_rate=0.5,teacher_entropy=0.2",3,0,200,0.0,0,10000,10.0,25.0,200,500,0,0,1.0,0.8515957446808511,0.6377664941053326,0.16666666666666666,0.1872604489326477,0.023460697382688522,1,1,81,68,0,perm_test,0.004975124378109453,0.06536426332081555,160,68,92,0.16666666666666666,0.16666666666666666,1,0.5,0.0,0.0,0.0,0,none,1,1,0,overconfident,0.95,0,severe_drift,0.9266075961252708,0.0016338788522406846,0.6564484590664734,0.835401806747551,1768146525.073632,0.5630183219909668,0.18357980251312256
471,30144,30143,sea_abrupt4,sea,ts_drift_adapt,3,"error_divergence_ph_meta@error.threshold=0.10,error.min_instances=5",error_divergence_ph_meta,"{""divergence"": {""alpha"": 0.1, ""delta"": 0.005, ""min_instances"": 30, ""threshold"": 0.05}, ""error_rate"": {""alpha"": 0.15, ""delta"": 0.005, ""min_instances"": 5, ""threshold"": 0.1}}","{""error_rate"": {""min_instances"": 5, ""threshold"": 0.1}}",0.1,0.005,0.15,5,0.05,0.005,0.1,30,,,,-1,two_stage,2,0.5,"__confirm_cooldown=200,__confirm_rule=perm_test,__perm_alpha=0.01,__perm_delta_k=25,__perm_min_effect=0,__perm_n_perm=200,__perm_post_n=50,__perm_pre_n=500,__perm_rng_seed=0,__perm_stat=delta_fused_score,divergence=0.3,error_rate=0.5,teacher_entropy=0.2",3,0,200,0.0,0,10000,10.0,25.0,200,500,1,136,1.0,0.851380042462845,0.637440114110968,0.5,0.17476394772529602,0.007526831701397896,0,0,81,68,-1,perm_test,0.004975124378109453,0.06536426332081555,160,68,92,0.0,0.33333333333333337,0,0.0,0.0,0.0,0.0,0,none,0,1,0,overconfident,0.95,0,mild_drift,0.9434537980626354,0.0014669394261203424,0.7282242295332367,0.8452009033737755,1768146525.0836225,1.0946661233901978,0.06603211164474487
472,30208,30207,sea_abrupt4,sea,ts_drift_adapt,3,"error_divergence_ph_meta@error.threshold=0.10,error.min_instances=5",error_divergence_ph_meta,"{""divergence"": {""alpha"": 0.1, ""delta"": 0.005, ""min_instances"": 30, ""threshold"": 0.05}, ""error_rate"": {""alpha"": 0.15, ""delta"": 0.005, ""min_instances"": 5, ""threshold"": 0.1}}","{""error_rate"": {""min_instances"": 5, ""threshold"": 0.1}}",0.1,0.005,0.15,5,0.05,0.005,0.1,30,,,,-1,two_stage,2,0.5,"__confirm_cooldown=200,__confirm_rule=perm_test,__perm_alpha=0.01,__perm_delta_k=25,__perm_min_effect=0,__perm_n_perm=200,__perm_post_n=50,__perm_pre_n=500,__perm_rng_seed=0,__perm_stat=delta_fused_score,divergence=0.3,error_rate=0.5,teacher_entropy=0.2",3,0,200,0.0,0,10000,10.0,25.0,200,500,1,72,1.0,0.8512314618644068,0.6371405242929804,0.3333333333333333,0.17681139707565308,0.016879983246326447,0,0,81,68,-1,perm_test,0.004975124378109453,0.06536426332081555,160,68,92,0.0,0.16666666666666669,0,0.0,0.0,0.0,0.0,0,none,0,1,0,overconfident,0.95,0,mild_drift,0.9518768990313177,0.0013834697130601713,0.7641121147666183,0.8501004516868877,1768146525.0935614,0.8195669054985046,0.13189613819122314
473,30272,30271,sea_abrupt4,sea,ts_drift_adapt,3,"error_divergence_ph_meta@error.threshold=0.10,error.min_instances=5",error_divergence_ph_meta,"{""divergence"": {""alpha"": 0.1, ""delta"": 0.005, ""min_instances"": 30, ""threshold"": 0.05}, ""error_rate"": {""alpha"": 0.15, ""delta"": 0.005, ""min_instances"": 5, ""threshold"": 0.1}}","{""error_rate"": {""min_instances"": 5, ""threshold"": 0.1}}",0.1,0.005,0.15,5,0.05,0.005,0.1,30,,,,-1,two_stage,2,0.5,"__confirm_cooldown=200,__confirm_rule=perm_test,__perm_alpha=0.01,__perm_delta_k=25,__perm_min_effect=0,__perm_n_perm=200,__perm_post_n=50,__perm_pre_n=500,__perm_rng_seed=0,__perm_stat=delta_fused_score,divergence=0.3,error_rate=0.5,teacher_entropy=0.2",3,0,200,0.0,0,10000,10.0,25.0,200,500,1,8,1.0,0.8510835095137421,0.6368928983530894,0.0,0.15084262192249298,0.035299815237522125,0,0,81,68,-1,perm_test,0.004975124378109453,0.06536426332081555,160,68,92,0.0,0.3333333333333333,0,0.0,0.0,0.0,0.0,0,none,0,1,0,overconfident,0.95,0,mild_drift,0.9560884495156587,0.0013417348565300858,0.7820560573833092,0.8525502258434439,1768146525.103627,0.052183207124471664,0.3338468670845032
474,30336,30335,sea_abrupt4,sea,ts_drift_adapt,3,"error_divergence_ph_meta@error.threshold=0.10,error.min_instances=5",error_divergence_ph_meta,"{""divergence"": {""alpha"": 0.1, ""delta"": 0.005, ""min_instances"": 30, ""threshold"": 0.05}, ""error_rate"": {""alpha"": 0.15, ""delta"": 0.005, ""min_instances"": 5, ""threshold"": 0.1}}","{""error_rate"": {""min_instances"": 5, ""threshold"": 0.1}}",0.1,0.005,0.15,5,0.05,0.005,0.1,30,,,,-1,two_stage,2,0.5,"__confirm_cooldown=200,__confirm_rule=perm_test,__perm_alpha=0.01,__perm_delta_k=25,__perm_min_effect=0,__perm_n_perm=200,__perm_post_n=50,__perm_pre_n=500,__perm_rng_seed=0,__perm_stat=delta_fused_score,divergence=0.3,error_rate=0.5,teacher_entropy=0.2",3,0,200,0.0,0,10000,10.0,25.0,200,500,0,0,1.0,0.8511010021097046,0.6371038698683967,0.0,0.1566850244998932,0.02595348469913006,0,0,81,68,-1,perm_test,0.004975124378109453,0.06536426332081555,160,68,92,0.0,0.009346330538392067,0,0.0,0.0,0.0,0.0,0,none,0,1,0,overconfident,0.95,0,mild_drift,0.9581942247578293,0.001320867428265043,0.7910280286916547,0.8537751129217219,1768146525.1140077,0.09893608838319778,0.21360255777835846
475,30400,30399,sea_abrupt4,sea,ts_drift_adapt,3,"error_divergence_ph_meta@error.threshold=0.10,error.min_instances=5",error_divergence_ph_meta,"{""divergence"": {""alpha"": 0.1, ""delta"": 0.005, ""min_instances"": 30, ""threshold"": 0.05}, ""error_rate"": {""alpha"": 0.15, ""delta"": 0.005, ""min_instances"": 5, ""threshold"": 0.1}}","{""error_rate"": {""min_instances"": 5, ""threshold"": 0.1}}",0.1,0.005,0.15,5,0.05,0.005,0.1,30,,,,-1,two_stage,2,0.5,"__confirm_cooldown=200,__confirm_rule=perm_test,__perm_alpha=0.01,__perm_delta_k=25,__perm_min_effect=0,__perm_n_perm=200,__perm_post_n=50,__perm_pre_n=500,__perm_rng_seed=0,__perm_stat=delta_fused_score,divergence=0.3,error_rate=0.5,teacher_entropy=0.2",3,0,200,0.0,0,10000,10.0,25.0,200,500,0,0,1.0,0.8511184210526316,0.6372836963336441,0.16666666666666666,0.16244524717330933,0.04312162846326828,1,1,82,69,0,perm_test,0.004975124378109453,0.10229295965408462,161,69,92,0.0,0.16666666666666666,1,0.5,0.0,0.0,0.0,0,none,1,1,0,overconfident,0.95,0,stable,0.9740971123789146,0.0010604337141325215,0.8955140143458273,0.899387556460861,1768146525.1316428,0.5440361499786377,0.4422469139099121
476,30464,30463,sea_abrupt4,sea,ts_drift_adapt,3,"error_divergence_ph_meta@error.threshold=0.10,error.min_instances=5",error_divergence_ph_meta,"{""divergence"": {""alpha"": 0.1, ""delta"": 0.005, ""min_instances"": 30, ""threshold"": 0.05}, ""error_rate"": {""alpha"": 0.15, ""delta"": 0.005, ""min_instances"": 5, ""threshold"": 0.1}}","{""error_rate"": {""min_instances"": 5, ""threshold"": 0.1}}",0.1,0.005,0.15,5,0.05,0.005,0.1,30,,,,-1,two_stage,2,0.5,"__confirm_cooldown=200,__confirm_rule=perm_test,__perm_alpha=0.01,__perm_delta_k=25,__perm_min_effect=0,__perm_n_perm=200,__perm_post_n=50,__perm_pre_n=500,__perm_rng_seed=0,__perm_stat=delta_fused_score,divergence=0.3,error_rate=0.5,teacher_entropy=0.2",3,0,200,0.0,0,10000,10.0,25.0,200,500,1,136,1.0,0.8512998949579832,0.6378827690534659,0.0,0.18198803067207336,0.05329092592000961,0,1,82,69,-1,perm_test,0.004975124378109453,0.10229295965408462,161,69,92,0.0,0.16666666666666666,1,0.3,0.0,0.0,0.0,0,none,0,1,0,overconfident,0.95,0,mild_drift,0.9671985561894573,0.0011802168570662608,0.8477570071729137,0.8771937782304304,1768146525.1417017,0.03966140374541283,0.48295482993125916
477,30528,30527,sea_abrupt4,sea,ts_drift_adapt,3,"error_divergence_ph_meta@error.threshold=0.10,error.min_instances=5",error_divergence_ph_meta,"{""divergence"": {""alpha"": 0.1, ""delta"": 0.005, ""min_instances"": 30, ""threshold"": 0.05}, ""error_rate"": {""alpha"": 0.15, ""delta"": 0.005, ""min_instances"": 5, ""threshold"": 0.1}}","{""error_rate"": {""min_instances"": 5, ""threshold"": 0.1}}",0.1,0.005,0.15,5,0.05,0.005,0.1,30,,,,-1,two_stage,2,0.5,"__confirm_cooldown=200,__confirm_rule=perm_test,__perm_alpha=0.01,__perm_delta_k=25,__perm_min_effect=0,__perm_n_perm=200,__perm_post_n=50,__perm_pre_n=500,__perm_rng_seed=0,__perm_stat=delta_fused_score,divergence=0.3,error_rate=0.5,teacher_entropy=0.2",3,0,200,0.0,0,10000,10.0,25.0,200,500,1,72,1.0,0.851316823899371,0.6381836878886172,0.3333333333333333,0.16579288244247437,0.05107006058096886,0,0,82,69,-1,perm_test,0.004975124378109453,0.10229295965408462,161,69,92,0.0,0.3333333333333333,0,0.0,0.0,0.0,0.0,0,none,0,1,0,overconfident,0.95,0,mild_drift,0.9637492780947285,0.0012401084285331306,0.8238785035864569,0.8660968891152152,1768146525.1516566,0.7345182299613953,0.4277168810367584
478,30592,30591,sea_abrupt4,sea,ts_drift_adapt,3,"error_divergence_ph_meta@error.threshold=0.10,error.min_instances=5",error_divergence_ph_meta,"{""divergence"": {""alpha"": 0.1, ""delta"": 0.005, ""min_instances"": 30, ""threshold"": 0.05}, ""error_rate"": {""alpha"": 0.15, ""delta"": 0.005, ""min_instances"": 5, ""threshold"": 0.1}}","{""error_rate"": {""min_instances"": 5, ""threshold"": 0.1}}",0.1,0.005,0.15,5,0.05,0.005,0.1,30,,,,-1,two_stage,2,0.5,"__confirm_cooldown=200,__confirm_rule=perm_test,__perm_alpha=0.01,__perm_delta_k=25,__perm_min_effect=0,__perm_n_perm=200,__perm_post_n=50,__perm_pre_n=500,__perm_rng_seed=0,__perm_stat=delta_fused_score,divergence=0.3,error_rate=0.5,teacher_entropy=0.2",3,0,200,0.0,0,10000,10.0,25.0,200,500,1,8,1.0,0.8512029288702929,0.6381645674531904,0.16666666666666666,0.1576889306306839,0.07154443114995956,0,0,82,69,-1,perm_test,0.004975124378109453,0.10229295965408462,161,69,92,0.0,0.16666666666666666,0,0.0,0.0,0.0,0.0,0,none,0,1,0,overconfident,0.95,0,mild_drift,0.9620246390473642,0.0012700542142665655,0.8119392517932285,0.8605484445576076,1768146525.1617014,0.38118135929107666,0.558628499507904
479,30656,30655,sea_abrupt4,sea,ts_drift_adapt,3,"error_divergence_ph_meta@error.threshold=0.10,error.min_instances=5",error_divergence_ph_meta,"{""divergence"": {""alpha"": 0.1, ""delta"": 0.005, ""min_instances"": 30, ""threshold"": 0.05}, ""error_rate"": {""alpha"": 0.15, ""delta"": 0.005, ""min_instances"": 5, ""threshold"": 0.1}}","{""error_rate"": {""min_instances"": 5, ""threshold"": 0.1}}",0.1,0.005,0.15,5,0.05,0.005,0.1,30,,,,-1,two_stage,2,0.5,"__confirm_cooldown=200,__confirm_rule=perm_test,__perm_alpha=0.01,__perm_delta_k=25,__perm_min_effect=0,__perm_n_perm=200,__perm_post_n=50,__perm_pre_n=500,__perm_rng_seed=0,__perm_stat=delta_fused_score,divergence=0.3,error_rate=0.5,teacher_entropy=0.2",3,0,200,0.0,0,10000,10.0,25.0,200,500,0,0,1.0,0.8513178496868476,0.6387297109105955,0.0,0.2029752880334854,0.059215057641267776,0,0,82,69,-1,perm_test,0.004975124378109453,0.10229295965408462,161,69,92,0.0,0.16666666666666666,0,0.0,0.0,0.0,0.0,0,none,0,1,0,overconfident,0.95,0,mild_drift,0.961162319523682,0.001285027107133283,0.8059696258966143,0.8577742222788038,1768146525.17185,0.056076716631650925,0.5952515602111816
480,30720,30719,sea_abrupt4,sea,ts_drift_adapt,3,"error_divergence_ph_meta@error.threshold=0.10,error.min_instances=5",error_divergence_ph_meta,"{""divergence"": {""alpha"": 0.1, ""delta"": 0.005, ""min_instances"": 30, ""threshold"": 0.05}, ""error_rate"": {""alpha"": 0.15, ""delta"": 0.005, ""min_instances"": 5, ""threshold"": 0.1}}","{""error_rate"": {""min_instances"": 5, ""threshold"": 0.1}}",0.1,0.005,0.15,5,0.05,0.005,0.1,30,,,,-1,two_stage,2,0.5,"__confirm_cooldown=200,__confirm_rule=perm_test,__perm_alpha=0.01,__perm_delta_k=25,__perm_min_effect=0,__perm_n_perm=200,__perm_post_n=50,__perm_pre_n=500,__perm_rng_seed=0,__perm_stat=delta_fused_score,divergence=0.3,error_rate=0.5,teacher_entropy=0.2",3,0,200,0.0,0,10000,10.0,25.0,200,500,0,0,1.0,0.8512369791666666,0.6387238656744008,0.0,0.1760115623474121,0.03495904803276062,0,1,83,69,-1,perm_test,1.0,-0.011245896568566848,162,69,93,0.16666666666666666,0.024256009608507156,1,0.5,0.0,0.0,0.0,0,none,0,1,0,overconfident,0.95,0,mild_drift,0.960731159761841,0.0012925135535666417,0.8029848129483071,0.8563871111394019,1768146525.1826906,0.10039965063333511,0.2780630588531494
481,30784,30783,sea_abrupt4,sea,ts_drift_adapt,3,"error_divergence_ph_meta@error.threshold=0.10,error.min_instances=5",error_divergence_ph_meta,"{""divergence"": {""alpha"": 0.1, ""delta"": 0.005, ""min_instances"": 30, ""threshold"": 0.05}, ""error_rate"": {""alpha"": 0.15, ""delta"": 0.005, ""min_instances"": 5, ""threshold"": 0.1}}","{""error_rate"": {""min_instances"": 5, ""threshold"": 0.1}}",0.1,0.005,0.15,5,0.05,0.005,0.1,30,,,,-1,two_stage,2,0.5,"__confirm_cooldown=200,__confirm_rule=perm_test,__perm_alpha=0.01,__perm_delta_k=25,__perm_min_effect=0,__perm_n_perm=200,__perm_post_n=50,__perm_pre_n=500,__perm_rng_seed=0,__perm_stat=delta_fused_score,divergence=0.3,error_rate=0.5,teacher_entropy=0.2",3,0,200,0.0,0,10000,10.0,25.0,200,500,0,0,1.0,0.8514488045738046,0.6393351839445174,0.0,0.15731287002563477,0.012096131220459938,1,0,83,70,1,perm_test,0.004975124378109453,0.04664433719167235,163,70,93,0.0,0.022862916812300682,0,0.0,0.0,0.0,0.0,0,none,1,1,0,overconfident,0.95,0,stable,0.9753655798809204,0.0010462567767833208,0.9014924064741536,0.900693555569701,1768146525.2002513,0.10118819028139114,0.11866976320743561
482,30848,30847,sea_abrupt4,sea,ts_drift_adapt,3,"error_divergence_ph_meta@error.threshold=0.10,error.min_instances=5",error_divergence_ph_meta,"{""divergence"": {""alpha"": 0.1, ""delta"": 0.005, ""min_instances"": 30, ""threshold"": 0.05}, ""error_rate"": {""alpha"": 0.15, ""delta"": 0.005, ""min_instances"": 5, ""threshold"": 0.1}}","{""error_rate"": {""min_instances"": 5, ""threshold"": 0.1}}",0.1,0.005,0.15,5,0.05,0.005,0.1,30,,,,-1,two_stage,2,0.5,"__confirm_cooldown=200,__confirm_rule=perm_test,__perm_alpha=0.01,__perm_delta_k=25,__perm_min_effect=0,__perm_n_perm=200,__perm_post_n=50,__perm_pre_n=500,__perm_rng_seed=0,__perm_stat=delta_fused_score,divergence=0.3,error_rate=0.5,teacher_entropy=0.2",3,0,200,0.0,0,10000,10.0,25.0,200,500,1,136,1.0,0.8514004149377593,0.6395269971395711,0.16666666666666666,0.2270691990852356,0.02156396210193634,0,0,83,70,-1,perm_test,0.004975124378109453,0.04664433719167235,163,70,93,0.0,0.16666666666666666,0,0.0,0.0,0.0,0.0,0,none,0,1,0,overconfident,0.95,0,mild_drift,0.9678327899404602,0.0011731283883916605,0.8507462032370768,0.8778467777848504,1768146525.2101445,0.3937739133834839,0.16185472905635834
483,30912,30911,sea_abrupt4,sea,ts_drift_adapt,3,"error_divergence_ph_meta@error.threshold=0.10,error.min_instances=5",error_divergence_ph_meta,"{""divergence"": {""alpha"": 0.1, ""delta"": 0.005, ""min_instances"": 30, ""threshold"": 0.05}, ""error_rate"": {""alpha"": 0.15, ""delta"": 0.005, ""min_instances"": 5, ""threshold"": 0.1}}","{""error_rate"": {""min_instances"": 5, ""threshold"": 0.1}}",0.1,0.005,0.15,5,0.05,0.005,0.1,30,,,,-1,two_stage,2,0.5,"__confirm_cooldown=200,__confirm_rule=perm_test,__perm_alpha=0.01,__perm_delta_k=25,__perm_min_effect=0,__perm_n_perm=200,__perm_post_n=50,__perm_pre_n=500,__perm_rng_seed=0,__perm_stat=delta_fused_score,divergence=0.3,error_rate=0.5,teacher_entropy=0.2",3,0,200,0.0,0,10000,10.0,25.0,200,500,1,72,1.0,0.8513198757763976,0.6394119110333041,0.0,0.1275871992111206,0.00867852009832859,0,0,83,70,-1,perm_test,0.004975124378109453,0.04664433719167235,163,70,93,0.0,0.16666666666666666,0,0.0,0.0,0.0,0.0,0,none,0,1,0,overconfident,0.95,0,mild_drift,0.9640663949702301,0.0012365641941958303,0.8253731016185384,0.8664233888924252,1768146525.2199996,0.017634546384215355,0.09046290814876556
484,30976,30975,sea_abrupt4,sea,ts_drift_adapt,3,"error_divergence_ph_meta@error.threshold=0.10,error.min_instances=5",error_divergence_ph_meta,"{""divergence"": {""alpha"": 0.1, ""delta"": 0.005, ""min_instances"": 30, ""threshold"": 0.05}, ""error_rate"": {""alpha"": 0.15, ""delta"": 0.005, ""min_instances"": 5, ""threshold"": 0.1}}","{""error_rate"": {""min_instances"": 5, ""threshold"": 0.1}}",0.1,0.005,0.15,5,0.05,0.005,0.1,30,,,,-1,two_stage,2,0.5,"__confirm_cooldown=200,__confirm_rule=perm_test,__perm_alpha=0.01,__perm_delta_k=25,__perm_min_effect=0,__perm_n_perm=200,__perm_post_n=50,__perm_pre_n=500,__perm_rng_seed=0,__perm_stat=delta_fused_score,divergence=0.3,error_rate=0.5,teacher_entropy=0.2",3,0,200,0.0,0,10000,10.0,25.0,200,500,1,8,1.0,0.8511751033057852,0.6390684367173605,0.6666666666666666,0.16310657560825348,0.004876585677266121,0,0,83,70,-1,perm_test,0.004975124378109453,0.04664433719167235,163,70,93,0.0,0.6666666666666666,0,0.0,0.0,0.0,0.0,0,none,0,1,0,overconfident,0.95,0,mild_drift,0.9621831974851149,0.0012682820970979151,0.8126865508092692,0.8607116944462125,1768146525.230699,1.7647956609725952,0.054272688925266266
485,31040,31039,sea_abrupt4,sea,ts_drift_adapt,3,"error_divergence_ph_meta@error.threshold=0.10,error.min_instances=5",error_divergence_ph_meta,"{""divergence"": {""alpha"": 0.1, ""delta"": 0.005, ""min_instances"": 30, ""threshold"": 0.05}, ""error_rate"": {""alpha"": 0.15, ""delta"": 0.005, ""min_instances"": 5, ""threshold"": 0.1}}","{""error_rate"": {""min_instances"": 5, ""threshold"": 0.1}}",0.1,0.005,0.15,5,0.05,0.005,0.1,30,,,,-1,two_stage,2,0.5,"__confirm_cooldown=200,__confirm_rule=perm_test,__perm_alpha=0.01,__perm_delta_k=25,__perm_min_effect=0,__perm_n_perm=200,__perm_post_n=50,__perm_pre_n=500,__perm_rng_seed=0,__perm_stat=delta_fused_score,divergence=0.3,error_rate=0.5,teacher_entropy=0.2",3,0,200,0.0,0,10000,10.0,25.0,200,500,0,0,1.0,0.851159793814433,0.6390823757591475,0.16666666666666666,0.1780949980020523,0.014479661360383034,0,1,84,70,-1,perm_test,1.0,-0.22483899064121626,164,70,94,0.16666666666666666,0.5,1,0.5,0.0,0.0,0.0,0,none,0,1,0,overconfident,0.95,0,mild_drift,0.9612415987425574,0.0012841410485489578,0.8063432754046347,0.8578558472231063,1768146525.2416391,0.5721845030784607,0.13735973834991455
486,31104,31103,sea_abrupt4,sea,ts_drift_adapt,3,"error_divergence_ph_meta@error.threshold=0.10,error.min_instances=5",error_divergence_ph_meta,"{""divergence"": {""alpha"": 0.1, ""delta"": 0.005, ""min_instances"": 30, ""threshold"": 0.05}, ""error_rate"": {""alpha"": 0.15, ""delta"": 0.005, ""min_instances"": 5, ""threshold"": 0.1}}","{""error_rate"": {""min_instances"": 5, ""threshold"": 0.1}}",0.1,0.005,0.15,5,0.05,0.005,0.1,30,,,,-1,two_stage,2,0.5,"__confirm_cooldown=200,__confirm_rule=perm_test,__perm_alpha=0.01,__perm_delta_k=25,__perm_min_effect=0,__perm_n_perm=200,__perm_post_n=50,__perm_pre_n=500,__perm_rng_seed=0,__perm_stat=delta_fused_score,divergence=0.3,error_rate=0.5,teacher_entropy=0.2",3,0,200,0.0,0,10000,10.0,25.0,200,500,0,0,1.0,0.8509837962962963,0.6388217441460413,0.16666666666666666,0.18302536010742188,0.009767484851181507,0,0,84,70,-1,perm_test,1.0,-0.037705472889643876,165,70,95,0.0,0.004712176509201527,0,0.0,0.0,0.0,0.0,0,none,0,1,0,overconfident,0.95,0,mild_drift,0.9607707993712786,0.001292070524274479,0.8031716377023174,0.8564279236115531,1768146525.2519517,0.21256904304027557,0.08293070644140244
487,31168,31167,sea_abrupt4,sea,ts_drift_adapt,3,"error_divergence_ph_meta@error.threshold=0.10,error.min_instances=5",error_divergence_ph_meta,"{""divergence"": {""alpha"": 0.1, ""delta"": 0.005, ""min_instances"": 30, ""threshold"": 0.05}, ""error_rate"": {""alpha"": 0.15, ""delta"": 0.005, ""min_instances"": 5, ""threshold"": 0.1}}","{""error_rate"": {""min_instances"": 5, ""threshold"": 0.1}}",0.1,0.005,0.15,5,0.05,0.005,0.1,30,,,,-1,two_stage,2,0.5,"__confirm_cooldown=200,__confirm_rule=perm_test,__perm_alpha=0.01,__perm_delta_k=25,__perm_min_effect=0,__perm_n_perm=200,__perm_post_n=50,__perm_pre_n=500,__perm_rng_seed=0,__perm_stat=delta_fused_score,divergence=0.3,error_rate=0.5,teacher_entropy=0.2",3,0,200,0.0,0,10000,10.0,25.0,200,500,0,0,1.0,0.8507764373716632,0.6386903044555725,0.3333333333333333,0.1880611777305603,0.010663154534995556,1,0,84,71,2,perm_test,0.009950248756218905,0.02315214639191843,166,71,95,0.0,0.16666666666666666,0,0.0,0.0,0.0,0.0,0,none,1,1,0,overconfident,0.95,0,stable,0.9753853996856393,0.0010460352621372395,0.9015858188511587,0.9007139618057766,1768146525.2701952,0.8770857453346252,0.11930863559246063
488,31232,31231,sea_abrupt4,sea,ts_drift_adapt,3,"error_divergence_ph_meta@error.threshold=0.10,error.min_instances=5",error_divergence_ph_meta,"{""divergence"": {""alpha"": 0.1, ""delta"": 0.005, ""min_instances"": 30, ""threshold"": 0.05}, ""error_rate"": {""alpha"": 0.15, ""delta"": 0.005, ""min_instances"": 5, ""threshold"": 0.1}}","{""error_rate"": {""min_instances"": 5, ""threshold"": 0.1}}",0.1,0.005,0.15,5,0.05,0.005,0.1,30,,,,-1,two_stage,2,0.5,"__confirm_cooldown=200,__confirm_rule=perm_test,__perm_alpha=0.01,__perm_delta_k=25,__perm_min_effect=0,__perm_n_perm=200,__perm_post_n=50,__perm_pre_n=500,__perm_rng_seed=0,__perm_stat=delta_fused_score,divergence=0.3,error_rate=0.5,teacher_entropy=0.2",3,0,200,0.0,0,10000,10.0,25.0,200,500,1,136,1.0,0.8507300204918032,0.6386989462353343,0.16666666666666666,0.15866070985794067,0.014045417308807373,0,0,84,71,-1,perm_test,0.009950248756218905,0.02315214639191843,166,71,95,0.0,0.16666666666666666,0,0.0,0.0,0.0,0.0,0,none,0,1,0,overconfident,0.95,0,mild_drift,0.9678426998428196,0.0011730176310686198,0.8507929094255794,0.8778569809028882,1768146525.2807674,0.23267018795013428,0.13274548947811127
489,31296,31295,sea_abrupt4,sea,ts_drift_adapt,3,"error_divergence_ph_meta@error.threshold=0.10,error.min_instances=5",error_divergence_ph_meta,"{""divergence"": {""alpha"": 0.1, ""delta"": 0.005, ""min_instances"": 30, ""threshold"": 0.05}, ""error_rate"": {""alpha"": 0.15, ""delta"": 0.005, ""min_instances"": 5, ""threshold"": 0.1}}","{""error_rate"": {""min_instances"": 5, ""threshold"": 0.1}}",0.1,0.005,0.15,5,0.05,0.005,0.1,30,,,,-1,two_stage,2,0.5,"__confirm_cooldown=200,__confirm_rule=perm_test,__perm_alpha=0.01,__perm_delta_k=25,__perm_min_effect=0,__perm_n_perm=200,__perm_post_n=50,__perm_pre_n=500,__perm_rng_seed=0,__perm_stat=delta_fused_score,divergence=0.3,error_rate=0.5,teacher_entropy=0.2",3,0,200,0.0,0,10000,10.0,25.0,200,500,1,72,1.0,0.8507157464212679,0.6388796069996133,0.3333333333333333,0.19055907428264618,0.02071073092520237,0,0,84,71,-1,perm_test,0.009950248756218905,0.02315214639191843,166,71,95,0.0,0.16666666666666666,0,0.0,0.0,0.0,0.0,0,none,0,1,0,overconfident,0.95,0,mild_drift,0.9640713499214097,0.00123650881553431,0.8253964547127897,0.8664284904514441,1768146525.2906768,0.7331221699714661,0.1747433990240097
490,31360,31359,sea_abrupt4,sea,ts_drift_adapt,3,"error_divergence_ph_meta@error.threshold=0.10,error.min_instances=5",error_divergence_ph_meta,"{""divergence"": {""alpha"": 0.1, ""delta"": 0.005, ""min_instances"": 30, ""threshold"": 0.05}, ""error_rate"": {""alpha"": 0.15, ""delta"": 0.005, ""min_instances"": 5, ""threshold"": 0.1}}","{""error_rate"": {""min_instances"": 5, ""threshold"": 0.1}}",0.1,0.005,0.15,5,0.05,0.005,0.1,30,,,,-1,two_stage,2,0.5,"__confirm_cooldown=200,__confirm_rule=perm_test,__perm_alpha=0.01,__perm_delta_k=25,__perm_min_effect=0,__perm_n_perm=200,__perm_post_n=50,__perm_pre_n=500,__perm_rng_seed=0,__perm_stat=delta_fused_score,divergence=0.3,error_rate=0.5,teacher_entropy=0.2",3,0,200,0.0,0,10000,10.0,25.0,200,500,1,8,1.0,0.8505420918367347,0.6386074329416189,0.0,0.2287965714931488,0.031249627470970154,0,1,84,71,-1,perm_test,0.009950248756218905,0.02315214639191843,166,71,95,0.16666666666666666,0.3333333333333333,1,0.5,0.0,0.0,0.0,0,none,0,1,0,overconfident,0.95,0,mild_drift,0.9621856749607048,0.001268254407767155,0.8126982273563949,0.860714245225722,1768146525.3006678,0.0575154609978199,0.29576873779296875
491,31424,31423,sea_abrupt4,sea,ts_drift_adapt,3,"error_divergence_ph_meta@error.threshold=0.10,error.min_instances=5",error_divergence_ph_meta,"{""divergence"": {""alpha"": 0.1, ""delta"": 0.005, ""min_instances"": 30, ""threshold"": 0.05}, ""error_rate"": {""alpha"": 0.15, ""delta"": 0.005, ""min_instances"": 5, ""threshold"": 0.1}}","{""error_rate"": {""min_instances"": 5, ""threshold"": 0.1}}",0.1,0.005,0.15,5,0.05,0.005,0.1,30,,,,-1,two_stage,2,0.5,"__confirm_cooldown=200,__confirm_rule=perm_test,__perm_alpha=0.01,__perm_delta_k=25,__perm_min_effect=0,__perm_n_perm=200,__perm_post_n=50,__perm_pre_n=500,__perm_rng_seed=0,__perm_stat=delta_fused_score,divergence=0.3,error_rate=0.5,teacher_entropy=0.2",3,0,200,0.0,0,10000,10.0,25.0,200,500,0,0,1.0,0.8507828411405295,0.6393316996622442,0.0,0.15743011236190796,0.02917671576142311,0,0,84,71,-1,perm_test,0.009950248756218905,0.02315214639191843,166,71,95,0.0,0.002072911709547043,0,0.0,0.0,0.0,0.0,0,none,0,1,0,overconfident,0.95,0,mild_drift,0.9612428374803523,0.0012841272038835775,0.8063491136781975,0.8578571226128611,1768146525.3112671,0.08579593151807785,0.25586849451065063
492,31488,31487,sea_abrupt4,sea,ts_drift_adapt,3,"error_divergence_ph_meta@error.threshold=0.10,error.min_instances=5",error_divergence_ph_meta,"{""divergence"": {""alpha"": 0.1, ""delta"": 0.005, ""min_instances"": 30, ""threshold"": 0.05}, ""error_rate"": {""alpha"": 0.15, ""delta"": 0.005, ""min_instances"": 5, ""threshold"": 0.1}}","{""error_rate"": {""min_instances"": 5, ""threshold"": 0.1}}",0.1,0.005,0.15,5,0.05,0.005,0.1,30,,,,-1,two_stage,2,0.5,"__confirm_cooldown=200,__confirm_rule=perm_test,__perm_alpha=0.01,__perm_delta_k=25,__perm_min_effect=0,__perm_n_perm=200,__perm_post_n=50,__perm_pre_n=500,__perm_rng_seed=0,__perm_stat=delta_fused_score,divergence=0.3,error_rate=0.5,teacher_entropy=0.2",3,0,200,0.0,0,10000,10.0,25.0,200,500,0,0,1.0,0.8507367886178862,0.6394226552317513,0.16666666666666666,0.1687345653772354,0.04132033511996269,0,0,84,71,-1,perm_test,0.009950248756218905,0.02315214639191843,166,71,95,0.0,0.16666666666666666,0,0.0,0.0,0.0,0.0,0,none,0,1,0,overconfident,0.95,0,mild_drift,0.9607714187401761,0.001292063601941789,0.8031745568390988,0.8564285613064305,1768146525.3216267,0.39205870032310486,0.3510732054710388
493,31552,31551,sea_abrupt4,sea,ts_drift_adapt,3,"error_divergence_ph_meta@error.threshold=0.10,error.min_instances=5",error_divergence_ph_meta,"{""divergence"": {""alpha"": 0.1, ""delta"": 0.005, ""min_instances"": 30, ""threshold"": 0.05}, ""error_rate"": {""alpha"": 0.15, ""delta"": 0.005, ""min_instances"": 5, ""threshold"": 0.1}}","{""error_rate"": {""min_instances"": 5, ""threshold"": 0.1}}",0.1,0.005,0.15,5,0.05,0.005,0.1,30,,,,-1,two_stage,2,0.5,"__confirm_cooldown=200,__confirm_rule=perm_test,__perm_alpha=0.01,__perm_delta_k=25,__perm_min_effect=0,__perm_n_perm=200,__perm_post_n=50,__perm_pre_n=500,__perm_rng_seed=0,__perm_stat=delta_fused_score,divergence=0.3,error_rate=0.5,teacher_entropy=0.2",3,0,200,0.0,0,10000,10.0,25.0,200,500,0,0,1.0,0.8508176977687627,0.6399121144177581,0.0,0.2173886001110077,0.042999692261219025,0,0,84,71,-1,perm_test,0.009950248756218905,0.02315214639191843,166,71,95,0.0,0.16666666666666666,0,0.0,0.0,0.0,0.0,0,none,0,1,0,overconfident,0.95,0,mild_drift,0.960535709370088,0.0012960318009708947,0.8015872784195495,0.8557142806532152,1768146525.3326037,0.0961516723036766,0.366554856300354
494,31616,31615,sea_abrupt4,sea,ts_drift_adapt,3,"error_divergence_ph_meta@error.threshold=0.10,error.min_instances=5",error_divergence_ph_meta,"{""divergence"": {""alpha"": 0.1, ""delta"": 0.005, ""min_instances"": 30, ""threshold"": 0.05}, ""error_rate"": {""alpha"": 0.15, ""delta"": 0.005, ""min_instances"": 5, ""threshold"": 0.1}}","{""error_rate"": {""min_instances"": 5, ""threshold"": 0.1}}",0.1,0.005,0.15,5,0.05,0.005,0.1,30,,,,-1,two_stage,2,0.5,"__confirm_cooldown=200,__confirm_rule=perm_test,__perm_alpha=0.01,__perm_delta_k=25,__perm_min_effect=0,__perm_n_perm=200,__perm_post_n=50,__perm_pre_n=500,__perm_rng_seed=0,__perm_stat=delta_fused_score,divergence=0.3,error_rate=0.5,teacher_entropy=0.2",3,0,200,0.0,0,10000,10.0,25.0,200,500,0,0,1.0,0.8508033906882592,0.6400164531716602,0.16666666666666666,0.2229309231042862,0.0480988435447216,0,0,84,71,-1,perm_test,0.009950248756218905,0.02315214639191843,166,71,95,0.0,0.16666666666666666,0,0.0,0.0,0.0,0.0,0,none,0,1,0,overconfident,0.95,0,mild_drift,0.9604178546850439,0.0012980159004854475,0.8007936392097748,0.8553571403266076,1768146525.343134,0.5475555658340454,0.43457192182540894
495,31680,31679,sea_abrupt4,sea,ts_drift_adapt,3,"error_divergence_ph_meta@error.threshold=0.10,error.min_instances=5",error_divergence_ph_meta,"{""divergence"": {""alpha"": 0.1, ""delta"": 0.005, ""min_instances"": 30, ""threshold"": 0.05}, ""error_rate"": {""alpha"": 0.15, ""delta"": 0.005, ""min_instances"": 5, ""threshold"": 0.1}}","{""error_rate"": {""min_instances"": 5, ""threshold"": 0.1}}",0.1,0.005,0.15,5,0.05,0.005,0.1,30,,,,-1,two_stage,2,0.5,"__confirm_cooldown=200,__confirm_rule=perm_test,__perm_alpha=0.01,__perm_delta_k=25,__perm_min_effect=0,__perm_n_perm=200,__perm_post_n=50,__perm_pre_n=500,__perm_rng_seed=0,__perm_stat=delta_fused_score,divergence=0.3,error_rate=0.5,teacher_entropy=0.2",3,0,200,0.0,0,10000,10.0,25.0,200,500,0,0,1.0,0.8506628787878788,0.6398803130203878,0.0,0.21980448067188263,0.035841938108205795,0,1,85,71,-1,perm_test,1.0,-0.07649683016298674,167,71,96,0.0,0.16666666666666666,1,0.5,0.0,0.0,0.0,0,none,0,1,0,overconfident,0.95,0,mild_drift,0.9603589273425219,0.001299007950242724,0.8003968196048874,0.8551785701633038,1768146525.3542354,0.03471499681472778,0.33093422651290894
496,31744,31743,sea_abrupt4,sea,ts_drift_adapt,3,"error_divergence_ph_meta@error.threshold=0.10,error.min_instances=5",error_divergence_ph_meta,"{""divergence"": {""alpha"": 0.1, ""delta"": 0.005, ""min_instances"": 30, ""threshold"": 0.05}, ""error_rate"": {""alpha"": 0.15, ""delta"": 0.005, ""min_instances"": 5, ""threshold"": 0.1}}","{""error_rate"": {""min_instances"": 5, ""threshold"": 0.1}}",0.1,0.005,0.15,5,0.05,0.005,0.1,30,,,,-1,two_stage,2,0.5,"__confirm_cooldown=200,__confirm_rule=perm_test,__perm_alpha=0.01,__perm_delta_k=25,__perm_min_effect=0,__perm_n_perm=200,__perm_post_n=50,__perm_pre_n=500,__perm_rng_seed=0,__perm_stat=delta_fused_score,divergence=0.3,error_rate=0.5,teacher_entropy=0.2",3,0,200,0.0,0,10000,10.0,25.0,200,500,0,0,1.0,0.8506489415322581,0.6400943350879551,0.16666666666666666,0.2261977642774582,0.02538321539759636,0,0,85,71,-1,perm_test,0.014925373134328358,0.016849734440507223,168,71,97,0.0,0.16666666666666666,0,0.0,0.0,0.0,0.0,0,none,0,1,0,overconfident,0.95,0,mild_drift,0.9603294636712609,0.0012995039751213622,0.8001984098024437,0.8550892850816518,1768146525.3739288,0.2540927827358246,0.2544752359390259
497,31808,31807,sea_abrupt4,sea,ts_drift_adapt,3,"error_divergence_ph_meta@error.threshold=0.10,error.min_instances=5",error_divergence_ph_meta,"{""divergence"": {""alpha"": 0.1, ""delta"": 0.005, ""min_instances"": 30, ""threshold"": 0.05}, ""error_rate"": {""alpha"": 0.15, ""delta"": 0.005, ""min_instances"": 5, ""threshold"": 0.1}}","{""error_rate"": {""min_instances"": 5, ""threshold"": 0.1}}",0.1,0.005,0.15,5,0.05,0.005,0.1,30,,,,-1,two_stage,2,0.5,"__confirm_cooldown=200,__confirm_rule=perm_test,__perm_alpha=0.01,__perm_delta_k=25,__perm_min_effect=0,__perm_n_perm=200,__perm_post_n=50,__perm_pre_n=500,__perm_rng_seed=0,__perm_stat=delta_fused_score,divergence=0.3,error_rate=0.5,teacher_entropy=0.2",3,0,200,0.0,0,10000,10.0,25.0,200,500,0,0,1.0,0.8506664989939637,0.6403505078137617,0.3333333333333333,0.22727547585964203,0.01575077325105667,1,0,85,72,2,perm_test,0.004975124378109453,0.032165702278296585,169,72,97,0.0,0.16666666666666666,0,0.0,0.0,0.0,0.0,0,none,1,1,0,overconfident,0.95,0,stable,0.9751647318356305,0.001049751987560681,0.9000992049012219,0.900044642540826,1768146525.3919122,0.9102920889854431,0.16856428980827332
498,31872,31871,sea_abrupt4,sea,ts_drift_adapt,3,"error_divergence_ph_meta@error.threshold=0.10,error.min_instances=5",error_divergence_ph_meta,"{""divergence"": {""alpha"": 0.1, ""delta"": 0.005, ""min_instances"": 30, ""threshold"": 0.05}, ""error_rate"": {""alpha"": 0.15, ""delta"": 0.005, ""min_instances"": 5, ""threshold"": 0.1}}","{""error_rate"": {""min_instances"": 5, ""threshold"": 0.1}}",0.1,0.005,0.15,5,0.05,0.005,0.1,30,,,,-1,two_stage,2,0.5,"__confirm_cooldown=200,__confirm_rule=perm_test,__perm_alpha=0.01,__perm_delta_k=25,__perm_min_effect=0,__perm_n_perm=200,__perm_post_n=50,__perm_pre_n=500,__perm_rng_seed=0,__perm_stat=delta_fused_score,divergence=0.3,error_rate=0.5,teacher_entropy=0.2",3,0,200,0.0,0,10000,10.0,25.0,200,500,1,136,1.0,0.8506526104417671,0.6406251900974994,0.3333333333333333,0.2631189823150635,0.010923648253083229,0,0,85,72,-1,perm_test,0.004975124378109453,0.032165702278296585,169,72,97,0.0,0.004827124997973442,0,0.0,0.0,0.0,0.0,0,none,0,1,0,overconfident,0.95,0,mild_drift,0.9677323659178152,0.0011748759937803407,0.850049602450611,0.877522321270413,1768146525.4024138,0.34973597526550293,0.11837228387594223
499,31936,31935,sea_abrupt4,sea,ts_drift_adapt,3,"error_divergence_ph_meta@error.threshold=0.10,error.min_instances=5",error_divergence_ph_meta,"{""divergence"": {""alpha"": 0.1, ""delta"": 0.005, ""min_instances"": 30, ""threshold"": 0.05}, ""error_rate"": {""alpha"": 0.15, ""delta"": 0.005, ""min_instances"": 5, ""threshold"": 0.1}}","{""error_rate"": {""min_instances"": 5, ""threshold"": 0.1}}",0.1,0.005,0.15,5,0.05,0.005,0.1,30,,,,-1,two_stage,2,0.5,"__confirm_cooldown=200,__confirm_rule=perm_test,__perm_alpha=0.01,__perm_delta_k=25,__perm_min_effect=0,__perm_n_perm=200,__perm_post_n=50,__perm_pre_n=500,__perm_rng_seed=0,__perm_stat=delta_fused_score,divergence=0.3,error_rate=0.5,teacher_entropy=0.2",3,0,200,0.0,0,10000,10.0,25.0,200,500,1,72,1.0,0.8507327154308617,0.6409786535286427,0.0,0.23629650473594666,0.012199274264276028,0,0,85,72,-1,perm_test,0.004975124378109453,0.032165702278296585,169,72,97,0.0,0.3333333333333333,0,0.0,0.0,0.0,0.0,0,none,0,1,0,overconfident,0.95,0,mild_drift,0.9640161829589076,0.0012374379968901703,0.8250248012253055,0.8662611606352064,1768146525.413036,0.1263928860425949,0.11520873010158539
500,32000,31999,sea_abrupt4,sea,ts_drift_adapt,3,"error_divergence_ph_meta@error.threshold=0.10,error.min_instances=5",error_divergence_ph_meta,"{""divergence"": {""alpha"": 0.1, ""delta"": 0.005, ""min_instances"": 30, ""threshold"": 0.05}, ""error_rate"": {""alpha"": 0.15, ""delta"": 0.005, ""min_instances"": 5, ""threshold"": 0.1}}","{""error_rate"": {""min_instances"": 5, ""threshold"": 0.1}}",0.1,0.005,0.15,5,0.05,0.005,0.1,30,,,,-1,two_stage,2,0.5,"__confirm_cooldown=200,__confirm_rule=perm_test,__perm_alpha=0.01,__perm_delta_k=25,__perm_min_effect=0,__perm_n_perm=200,__perm_post_n=50,__perm_pre_n=500,__perm_rng_seed=0,__perm_stat=delta_fused_score,divergence=0.3,error_rate=0.5,teacher_entropy=0.2",3,0,200,0.0,0,10000,10.0,25.0,200,500,1,8,1.0,0.85078125,0.6412686599576707,0.0,0.2776600420475006,0.011182676069438457,0,1,85,72,-1,perm_test,0.004975124378109453,0.032165702278296585,169,72,97,0.0,0.0010165981948375702,1,0.5,0.0,0.0,0.0,0,none,0,1,0,overconfident,0.95,0,mild_drift,0.9621580914794537,0.0012687189984450851,0.8125124006126527,0.8606305803176032,1768146525.4232278,0.1442253142595291,0.13205239176750183
501,32064,32063,sea_abrupt4,sea,ts_drift_adapt,3,"error_divergence_ph_meta@error.threshold=0.10,error.min_instances=5",error_divergence_ph_meta,"{""divergence"": {""alpha"": 0.1, ""delta"": 0.005, ""min_instances"": 30, ""threshold"": 0.05}, ""error_rate"": {""alpha"": 0.15, ""delta"": 0.005, ""min_instances"": 5, ""threshold"": 0.1}}","{""error_rate"": {""min_instances"": 5, ""threshold"": 0.1}}",0.1,0.005,0.15,5,0.05,0.005,0.1,30,,,,-1,two_stage,2,0.5,"__confirm_cooldown=200,__confirm_rule=perm_test,__perm_alpha=0.01,__perm_delta_k=25,__perm_min_effect=0,__perm_n_perm=200,__perm_post_n=50,__perm_pre_n=500,__perm_rng_seed=0,__perm_stat=delta_fused_score,divergence=0.3,error_rate=0.5,teacher_entropy=0.2",3,0,200,0.0,0,10000,10.0,25.0,200,500,0,0,1.0,0.8507984031936128,0.6414281953246287,0.0,0.25075048208236694,0.019732672721147537,0,0,85,72,-1,perm_test,0.004975124378109453,0.032165702278296585,169,72,97,0.0,0.00854999665170908,0,0.0,0.0,0.0,0.0,0,none,0,1,0,overconfident,0.95,0,mild_drift,0.9612290457397268,0.0012843594992225428,0.8062562003063264,0.8578152901588016,1768146525.433901,0.13596183061599731,0.2296125888824463
502,32128,32127,sea_abrupt4,sea,ts_drift_adapt,3,"error_divergence_ph_meta@error.threshold=0.10,error.min_instances=5",error_divergence_ph_meta,"{""divergence"": {""alpha"": 0.1, ""delta"": 0.005, ""min_instances"": 30, ""threshold"": 0.05}, ""error_rate"": {""alpha"": 0.15, ""delta"": 0.005, ""min_instances"": 5, ""threshold"": 0.1}}","{""error_rate"": {""min_instances"": 5, ""threshold"": 0.1}}",0.1,0.005,0.15,5,0.05,0.005,0.1,30,,,,-1,two_stage,2,0.5,"__confirm_cooldown=200,__confirm_rule=perm_test,__perm_alpha=0.01,__perm_delta_k=25,__perm_min_effect=0,__perm_n_perm=200,__perm_post_n=50,__perm_pre_n=500,__perm_rng_seed=0,__perm_stat=delta_fused_score,divergence=0.3,error_rate=0.5,teacher_entropy=0.2",3,0,200,0.0,0,10000,10.0,25.0,200,500,0,0,1.0,0.8508466135458167,0.6416706288928687,0.3333333333333333,0.2063671350479126,0.007640086580067873,0,0,85,72,-1,perm_test,0.004975124378109453,0.032165702278296585,169,72,97,0.0,0.3333333333333333,0,0.0,0.0,0.0,0.0,0,none,0,1,0,overconfident,0.95,0,mild_drift,0.9607645228698634,0.0012921797496112716,0.8031281001531632,0.8564076450794008,1768146525.4443743,0.5246345400810242,0.09566079825162888
503,32192,32191,sea_abrupt4,sea,ts_drift_adapt,3,"error_divergence_ph_meta@error.threshold=0.10,error.min_instances=5",error_divergence_ph_meta,"{""divergence"": {""alpha"": 0.1, ""delta"": 0.005, ""min_instances"": 30, ""threshold"": 0.05}, ""error_rate"": {""alpha"": 0.15, ""delta"": 0.005, ""min_instances"": 5, ""threshold"": 0.1}}","{""error_rate"": {""min_instances"": 5, ""threshold"": 0.1}}",0.1,0.005,0.15,5,0.05,0.005,0.1,30,,,,-1,two_stage,2,0.5,"__confirm_cooldown=200,__confirm_rule=perm_test,__perm_alpha=0.01,__perm_delta_k=25,__perm_min_effect=0,__perm_n_perm=200,__perm_post_n=50,__perm_pre_n=500,__perm_rng_seed=0,__perm_stat=delta_fused_score,divergence=0.3,error_rate=0.5,teacher_entropy=0.2",3,0,200,0.0,0,10000,10.0,25.0,200,500,0,0,1.0,0.8507703777335984,0.6415285961264987,0.16666666666666666,0.2883804440498352,0.017658425495028496,0,0,85,72,-1,perm_test,0.004975124378109453,0.032165702278296585,169,72,97,0.0,0.16666666666666666,0,0.0,0.0,0.0,0.0,0,none,0,1,0,overconfident,0.95,0,mild_drift,0.9605322614349316,0.0012960898748056358,0.8015640500765816,0.8557038225397005,1768146525.455016,0.22302693128585815,0.179744690656662
504,32256,32255,sea_abrupt4,sea,ts_drift_adapt,3,"error_divergence_ph_meta@error.threshold=0.10,error.min_instances=5",error_divergence_ph_meta,"{""divergence"": {""alpha"": 0.1, ""delta"": 0.005, ""min_instances"": 30, ""threshold"": 0.05}, ""error_rate"": {""alpha"": 0.15, ""delta"": 0.005, ""min_instances"": 5, ""threshold"": 0.1}}","{""error_rate"": {""min_instances"": 5, ""threshold"": 0.1}}",0.1,0.005,0.15,5,0.05,0.005,0.1,30,,,,-1,two_stage,2,0.5,"__confirm_cooldown=200,__confirm_rule=perm_test,__perm_alpha=0.01,__perm_delta_k=25,__perm_min_effect=0,__perm_n_perm=200,__perm_post_n=50,__perm_pre_n=500,__perm_rng_seed=0,__perm_stat=delta_fused_score,divergence=0.3,error_rate=0.5,teacher_entropy=0.2",3,0,200,0.0,0,10000,10.0,25.0,200,500,0,0,1.0,0.8507874503968254,0.6416817670676381,0.16666666666666666,0.27782586216926575,0.011182176880538464,0,0,85,72,-1,perm_test,0.004975124378109453,0.032165702278296585,169,72,97,0.0,0.006476248614490032,0,0.0,0.0,0.0,0.0,0,none,0,1,0,overconfident,0.95,0,mild_drift,0.9604161307174658,0.001298044937402818,0.8007820250382909,0.8553519112698502,1768146525.4661353,0.3541741371154785,0.134456604719162
505,32320,32319,sea_abrupt4,sea,ts_drift_adapt,3,"error_divergence_ph_meta@error.threshold=0.10,error.min_instances=5",error_divergence_ph_meta,"{""divergence"": {""alpha"": 0.1, ""delta"": 0.005, ""min_instances"": 30, ""threshold"": 0.05}, ""error_rate"": {""alpha"": 0.15, ""delta"": 0.005, ""min_instances"": 5, ""threshold"": 0.1}}","{""error_rate"": {""min_instances"": 5, ""threshold"": 0.1}}",0.1,0.005,0.15,5,0.05,0.005,0.1,30,,,,-1,two_stage,2,0.5,"__confirm_cooldown=200,__confirm_rule=perm_test,__perm_alpha=0.01,__perm_delta_k=25,__perm_min_effect=0,__perm_n_perm=200,__perm_post_n=50,__perm_pre_n=500,__perm_rng_seed=0,__perm_stat=delta_fused_score,divergence=0.3,error_rate=0.5,teacher_entropy=0.2",3,0,200,0.0,0,10000,10.0,25.0,200,500,0,0,1.0,0.8508044554455445,0.6418830722461599,0.0,0.2584957480430603,0.019599374383687973,0,1,86,72,-1,perm_test,1.0,-0.06560953876826625,170,72,98,0.0,0.16666666666666666,1,0.5,0.0,0.0,0.0,0,none,0,1,0,overconfident,0.95,0,mild_drift,0.9603580653587329,0.0012990224687014092,0.8003910125191455,0.8551759556349251,1768146525.4769626,0.030545568093657494,0.2140333652496338
506,32384,32383,sea_abrupt4,sea,ts_drift_adapt,3,"error_divergence_ph_meta@error.threshold=0.10,error.min_instances=5",error_divergence_ph_meta,"{""divergence"": {""alpha"": 0.1, ""delta"": 0.005, ""min_instances"": 30, ""threshold"": 0.05}, ""error_rate"": {""alpha"": 0.15, ""delta"": 0.005, ""min_instances"": 5, ""threshold"": 0.1}}","{""error_rate"": {""min_instances"": 5, ""threshold"": 0.1}}",0.1,0.005,0.15,5,0.05,0.005,0.1,30,,,,-1,two_stage,2,0.5,"__confirm_cooldown=200,__confirm_rule=perm_test,__perm_alpha=0.01,__perm_delta_k=25,__perm_min_effect=0,__perm_n_perm=200,__perm_post_n=50,__perm_pre_n=500,__perm_rng_seed=0,__perm_stat=delta_fused_score,divergence=0.3,error_rate=0.5,teacher_entropy=0.2",3,0,200,0.0,0,10000,10.0,25.0,200,500,0,0,1.0,0.8507905138339921,0.6419516321201335,0.0,0.28295037150382996,0.011060871183872223,1,0,86,73,1,perm_test,0.004975124378109453,0.06398330138482515,171,73,98,0.0,0.00853850319981575,0,0.0,0.0,0.0,0.0,0,none,1,1,0,overconfident,0.95,0,stable,0.9751790326793665,0.0010495112343507046,0.9001955062595728,0.9000879778174626,1768146525.495058,0.2580764591693878,0.11445554345846176
507,32448,32447,sea_abrupt4,sea,ts_drift_adapt,3,"error_divergence_ph_meta@error.threshold=0.10,error.min_instances=5",error_divergence_ph_meta,"{""divergence"": {""alpha"": 0.1, ""delta"": 0.005, ""min_instances"": 30, ""threshold"": 0.05}, ""error_rate"": {""alpha"": 0.15, ""delta"": 0.005, ""min_instances"": 5, ""threshold"": 0.1}}","{""error_rate"": {""min_instances"": 5, ""threshold"": 0.1}}",0.1,0.005,0.15,5,0.05,0.005,0.1,30,,,,-1,two_stage,2,0.5,"__confirm_cooldown=200,__confirm_rule=perm_test,__perm_alpha=0.01,__perm_delta_k=25,__perm_min_effect=0,__perm_n_perm=200,__perm_post_n=50,__perm_pre_n=500,__perm_rng_seed=0,__perm_stat=delta_fused_score,divergence=0.3,error_rate=0.5,teacher_entropy=0.2",3,0,200,0.0,0,10000,10.0,25.0,200,500,1,136,1.0,0.850745808678501,0.6420958983345201,0.8333333333333334,0.2672213613986969,0.008992740884423256,0,0,86,73,-1,perm_test,0.004975124378109453,0.06398330138482515,171,73,98,0.0,0.8333333333333334,0,0.0,0.0,0.0,0.0,0,none,0,1,0,overconfident,0.95,0,mild_drift,0.9677395163396831,0.0011747556171753525,0.8500977531297864,0.8775439889087313,1768146525.5053866,0.9740460515022278,0.08249427378177643
508,32512,32511,sea_abrupt4,sea,ts_drift_adapt,3,"error_divergence_ph_meta@error.threshold=0.10,error.min_instances=5",error_divergence_ph_meta,"{""divergence"": {""alpha"": 0.1, ""delta"": 0.005, ""min_instances"": 30, ""threshold"": 0.05}, ""error_rate"": {""alpha"": 0.15, ""delta"": 0.005, ""min_instances"": 5, ""threshold"": 0.1}}","{""error_rate"": {""min_instances"": 5, ""threshold"": 0.1}}",0.1,0.005,0.15,5,0.05,0.005,0.1,30,,,,-1,two_stage,2,0.5,"__confirm_cooldown=200,__confirm_rule=perm_test,__perm_alpha=0.01,__perm_delta_k=25,__perm_min_effect=0,__perm_n_perm=200,__perm_post_n=50,__perm_pre_n=500,__perm_rng_seed=0,__perm_stat=delta_fused_score,divergence=0.3,error_rate=0.5,teacher_entropy=0.2",3,0,200,0.0,0,10000,10.0,25.0,200,500,1,72,1.0,0.850701279527559,0.6421248867504257,0.0,0.240718811750412,0.021344242617487907,0,0,86,73,-1,perm_test,0.004975124378109453,0.06398330138482515,171,73,98,0.0,0.8333333333333334,0,0.0,0.0,0.0,0.0,0,none,0,1,0,overconfident,0.95,0,mild_drift,0.9640197581698415,0.0012373778085876764,0.8250488765648932,0.8662719944543656,1768146525.516045,0.13529016077518463,0.21703484654426575
509,32576,32575,sea_abrupt4,sea,ts_drift_adapt,3,"error_divergence_ph_meta@error.threshold=0.10,error.min_instances=5",error_divergence_ph_meta,"{""divergence"": {""alpha"": 0.1, ""delta"": 0.005, ""min_instances"": 30, ""threshold"": 0.05}, ""error_rate"": {""alpha"": 0.15, ""delta"": 0.005, ""min_instances"": 5, ""threshold"": 0.1}}","{""error_rate"": {""min_instances"": 5, ""threshold"": 0.1}}",0.1,0.005,0.15,5,0.05,0.005,0.1,30,,,,-1,two_stage,2,0.5,"__confirm_cooldown=200,__confirm_rule=perm_test,__perm_alpha=0.01,__perm_delta_k=25,__perm_min_effect=0,__perm_n_perm=200,__perm_post_n=50,__perm_pre_n=500,__perm_rng_seed=0,__perm_stat=delta_fused_score,divergence=0.3,error_rate=0.5,teacher_entropy=0.2",3,0,200,0.0,0,10000,10.0,25.0,200,500,1,8,1.0,0.8506876227897839,0.6422795987145663,0.0,0.28395935893058777,0.021031541749835014,0,0,86,73,-1,perm_test,0.004975124378109453,0.06398330138482515,171,73,98,0.0,0.00031270086765289307,0,0.0,0.0,0.0,0.0,0,none,0,1,0,overconfident,0.95,0,mild_drift,0.9621598790849207,0.0012686889042938382,0.8125244382824466,0.8606359972271829,1768146525.526324,0.11640072613954544,0.22003227472305298
510,32640,32639,sea_abrupt4,sea,ts_drift_adapt,3,"error_divergence_ph_meta@error.threshold=0.10,error.min_instances=5",error_divergence_ph_meta,"{""divergence"": {""alpha"": 0.1, ""delta"": 0.005, ""min_instances"": 30, ""threshold"": 0.05}, ""error_rate"": {""alpha"": 0.15, ""delta"": 0.005, ""min_instances"": 5, ""threshold"": 0.1}}","{""error_rate"": {""min_instances"": 5, ""threshold"": 0.1}}",0.1,0.005,0.15,5,0.05,0.005,0.1,30,,,,-1,two_stage,2,0.5,"__confirm_cooldown=200,__confirm_rule=perm_test,__perm_alpha=0.01,__perm_delta_k=25,__perm_min_effect=0,__perm_n_perm=200,__perm_post_n=50,__perm_pre_n=500,__perm_rng_seed=0,__perm_stat=delta_fused_score,divergence=0.3,error_rate=0.5,teacher_entropy=0.2",3,0,200,0.0,0,10000,10.0,25.0,200,500,0,0,1.0,0.8507046568627451,0.6424890814617894,0.0,0.2265031784772873,0.014872067607939243,0,1,87,73,-1,perm_test,1.0,-0.0002591134338424672,172,73,99,0.0,0.006159474141895771,1,0.5,0.0,0.0,0.0,0,none,0,1,0,overconfident,0.95,0,mild_drift,0.9612299395424604,0.001284344452146919,0.8062622191412233,0.8578179986135914,1768146525.5370326,0.14459718763828278,0.16483020782470703
511,32704,32703,sea_abrupt4,sea,ts_drift_adapt,3,"error_divergence_ph_meta@error.threshold=0.10,error.min_instances=5",error_divergence_ph_meta,"{""divergence"": {""alpha"": 0.1, ""delta"": 0.005, ""min_instances"": 30, ""threshold"": 0.05}, ""error_rate"": {""alpha"": 0.15, ""delta"": 0.005, ""min_instances"": 5, ""threshold"": 0.1}}","{""error_rate"": {""min_instances"": 5, ""threshold"": 0.1}}",0.1,0.005,0.15,5,0.05,0.005,0.1,30,,,,-1,two_stage,2,0.5,"__confirm_cooldown=200,__confirm_rule=perm_test,__perm_alpha=0.01,__perm_delta_k=25,__perm_min_effect=0,__perm_n_perm=200,__perm_post_n=50,__perm_pre_n=500,__perm_rng_seed=0,__perm_stat=delta_fused_score,divergence=0.3,error_rate=0.5,teacher_entropy=0.2",3,0,200,0.0,0,10000,10.0,25.0,200,500,0,0,1.0,0.8507216242661448,0.6427279653540782,0.16666666666666666,0.2498234063386917,0.027361605316400528,1,0,87,74,1,perm_test,0.004975124378109453,0.08702614368383939,173,74,99,0.0,0.16666666666666666,0,0.0,0.0,0.0,0.0,0,none,1,1,0,overconfident,0.95,0,stable,0.9756149697712302,0.0010421722260734595,0.9031311095706116,0.9014089993067957,1768146525.555775,0.46449795365333557,0.256934255361557
512,32768,32767,sea_abrupt4,sea,ts_drift_adapt,3,"error_divergence_ph_meta@error.threshold=0.10,error.min_instances=5",error_divergence_ph_meta,"{""divergence"": {""alpha"": 0.1, ""delta"": 0.005, ""min_instances"": 30, ""threshold"": 0.05}, ""error_rate"": {""alpha"": 0.15, ""delta"": 0.005, ""min_instances"": 5, ""threshold"": 0.1}}","{""error_rate"": {""min_instances"": 5, ""threshold"": 0.1}}",0.1,0.005,0.15,5,0.05,0.005,0.1,30,,,,-1,two_stage,2,0.5,"__confirm_cooldown=200,__confirm_rule=perm_test,__perm_alpha=0.01,__perm_delta_k=25,__perm_min_effect=0,__perm_n_perm=200,__perm_post_n=50,__perm_pre_n=500,__perm_rng_seed=0,__perm_stat=delta_fused_score,divergence=0.3,error_rate=0.5,teacher_entropy=0.2",3,0,200,0.0,0,10000,10.0,25.0,200,500,1,136,1.0,0.850677490234375,0.642953249961851,0.3333333333333333,0.2761884331703186,0.02135038748383522,0,0,87,74,-1,perm_test,0.004975124378109453,0.08702614368383939,173,74,99,0.0,0.16666666666666666,0,0.0,0.0,0.0,0.0,0,none,0,1,0,overconfident,0.95,0,mild_drift,0.9679574848856151,0.0011710861130367297,0.8515655547853058,0.8782044996533979,1768146525.5664942,0.5060105323791504,0.18655750155448914
513,32832,32831,sea_abrupt4,sea,ts_drift_adapt,3,"error_divergence_ph_meta@error.threshold=0.10,error.min_instances=5",error_divergence_ph_meta,"{""divergence"": {""alpha"": 0.1, ""delta"": 0.005, ""min_instances"": 30, ""threshold"": 0.05}, ""error_rate"": {""alpha"": 0.15, ""delta"": 0.005, ""min_instances"": 5, ""threshold"": 0.1}}","{""error_rate"": {""min_instances"": 5, ""threshold"": 0.1}}",0.1,0.005,0.15,5,0.05,0.005,0.1,30,,,,-1,two_stage,2,0.5,"__confirm_cooldown=200,__confirm_rule=perm_test,__perm_alpha=0.01,__perm_delta_k=25,__perm_min_effect=0,__perm_n_perm=200,__perm_post_n=50,__perm_pre_n=500,__perm_rng_seed=0,__perm_stat=delta_fused_score,divergence=0.3,error_rate=0.5,teacher_entropy=0.2",3,0,200,0.0,0,10000,10.0,25.0,200,500,1,72,1.0,0.8506335282651072,0.6431248091700714,0.16666666666666666,0.2505726218223572,0.02091151848435402,0,0,87,74,-1,perm_test,0.004975124378109453,0.08702614368383939,173,74,99,0.0,0.16666666666666666,0,0.0,0.0,0.0,0.0,0,none,0,1,0,overconfident,0.95,0,mild_drift,0.9641287424428076,0.001235543056518365,0.8257827773926529,0.866602249826699,1768146525.5766492,0.3220343589782715,0.20031651854515076
514,32896,32895,sea_abrupt4,sea,ts_drift_adapt,3,"error_divergence_ph_meta@error.threshold=0.10,error.min_instances=5",error_divergence_ph_meta,"{""divergence"": {""alpha"": 0.1, ""delta"": 0.005, ""min_instances"": 30, ""threshold"": 0.05}, ""error_rate"": {""alpha"": 0.15, ""delta"": 0.005, ""min_instances"": 5, ""threshold"": 0.1}}","{""error_rate"": {""min_instances"": 5, ""threshold"": 0.1}}",0.1,0.005,0.15,5,0.05,0.005,0.1,30,,,,-1,two_stage,2,0.5,"__confirm_cooldown=200,__confirm_rule=perm_test,__perm_alpha=0.01,__perm_delta_k=25,__perm_min_effect=0,__perm_n_perm=200,__perm_post_n=50,__perm_pre_n=500,__perm_rng_seed=0,__perm_stat=delta_fused_score,divergence=0.3,error_rate=0.5,teacher_entropy=0.2",3,0,200,0.0,0,10000,10.0,25.0,200,500,1,8,1.0,0.8507721303501945,0.6436575830673567,0.16666666666666666,0.23122021555900574,0.012738632969558239,0,0,87,74,-1,perm_test,0.004975124378109453,0.08702614368383939,173,74,99,0.0,0.00817288551479578,0,0.0,0.0,0.0,0.0,0,none,0,1,0,overconfident,0.95,0,mild_drift,0.9622143712214037,0.0012677715282591825,0.8128913886963265,0.8608011249133495,1768146525.5869372,0.20496352016925812,0.10464076697826385
515,32960,32959,sea_abrupt4,sea,ts_drift_adapt,3,"error_divergence_ph_meta@error.threshold=0.10,error.min_instances=5",error_divergence_ph_meta,"{""divergence"": {""alpha"": 0.1, ""delta"": 0.005, ""min_instances"": 30, ""threshold"": 0.05}, ""error_rate"": {""alpha"": 0.15, ""delta"": 0.005, ""min_instances"": 5, ""threshold"": 0.1}}","{""error_rate"": {""min_instances"": 5, ""threshold"": 0.1}}",0.1,0.005,0.15,5,0.05,0.005,0.1,30,,,,-1,two_stage,2,0.5,"__confirm_cooldown=200,__confirm_rule=perm_test,__perm_alpha=0.01,__perm_delta_k=25,__perm_min_effect=0,__perm_n_perm=200,__perm_post_n=50,__perm_pre_n=500,__perm_rng_seed=0,__perm_stat=delta_fused_score,divergence=0.3,error_rate=0.5,teacher_entropy=0.2",3,0,200,0.0,0,10000,10.0,25.0,200,500,0,0,1.0,0.850879854368932,0.6441322165383179,0.0,0.28964582085609436,0.016480712220072746,0,1,88,74,-1,perm_test,1.0,-0.08369350914953146,174,74,100,0.0,0.16666666666666666,1,0.5,0.0,0.0,0.0,0,none,0,1,0,overconfident,0.95,0,mild_drift,0.9612571856107018,0.0012838857641295914,0.8064456943481633,0.8579005624566747,1768146525.5985827,0.11446540802717209,0.1691826581954956
516,33024,33023,sea_abrupt4,sea,ts_drift_adapt,3,"error_divergence_ph_meta@error.threshold=0.10,error.min_instances=5",error_divergence_ph_meta,"{""divergence"": {""alpha"": 0.1, ""delta"": 0.005, ""min_instances"": 30, ""threshold"": 0.05}, ""error_rate"": {""alpha"": 0.15, ""delta"": 0.005, ""min_instances"": 5, ""threshold"": 0.1}}","{""error_rate"": {""min_instances"": 5, ""threshold"": 0.1}}",0.1,0.005,0.15,5,0.05,0.005,0.1,30,,,,-1,two_stage,2,0.5,"__confirm_cooldown=200,__confirm_rule=perm_test,__perm_alpha=0.01,__perm_delta_k=25,__perm_min_effect=0,__perm_n_perm=200,__perm_post_n=50,__perm_pre_n=500,__perm_rng_seed=0,__perm_stat=delta_fused_score,divergence=0.3,error_rate=0.5,teacher_entropy=0.2",3,0,200,0.0,0,10000,10.0,25.0,200,500,0,0,1.0,0.8508357558139535,0.6442601765994005,0.5,0.30068767070770264,0.016554908826947212,1,0,88,75,1,perm_test,0.004975124378109453,0.06491652219826204,175,75,100,0.0,0.5,0,0.0,0.0,0.0,0.0,0,none,1,1,0,overconfident,0.95,0,stable,0.975628592805351,0.0010419428820647957,0.9032228471740816,0.9014502812283374,1768146525.6166239,0.5918100476264954,0.14694744348526
517,33088,33087,sea_abrupt4,sea,ts_drift_adapt,3,"error_divergence_ph_meta@error.threshold=0.10,error.min_instances=5",error_divergence_ph_meta,"{""divergence"": {""alpha"": 0.1, ""delta"": 0.005, ""min_instances"": 30, ""threshold"": 0.05}, ""error_rate"": {""alpha"": 0.15, ""delta"": 0.005, ""min_instances"": 5, ""threshold"": 0.1}}","{""error_rate"": {""min_instances"": 5, ""threshold"": 0.1}}",0.1,0.005,0.15,5,0.05,0.005,0.1,30,,,,-1,two_stage,2,0.5,"__confirm_cooldown=200,__confirm_rule=perm_test,__perm_alpha=0.01,__perm_delta_k=25,__perm_min_effect=0,__perm_n_perm=200,__perm_post_n=50,__perm_pre_n=500,__perm_rng_seed=0,__perm_stat=delta_fused_score,divergence=0.3,error_rate=0.5,teacher_entropy=0.2",3,0,200,0.0,0,10000,10.0,25.0,200,500,1,136,1.0,0.850973162475822,0.6447177541669885,0.0,0.2611605226993561,0.02177673764526844,0,0,88,75,-1,perm_test,0.004975124378109453,0.06491652219826204,175,75,100,0.0,0.5,0,0.0,0.0,0.0,0.0,0,none,0,1,0,overconfident,0.95,0,mild_drift,0.9679642964026755,0.001170971441032398,0.8516114235870409,0.8782251406141687,1768146525.626913,0.10734569281339645,0.22371035814285278
518,33152,33151,sea_abrupt4,sea,ts_drift_adapt,3,"error_divergence_ph_meta@error.threshold=0.10,error.min_instances=5",error_divergence_ph_meta,"{""divergence"": {""alpha"": 0.1, ""delta"": 0.005, ""min_instances"": 30, ""threshold"": 0.05}, ""error_rate"": {""alpha"": 0.15, ""delta"": 0.005, ""min_instances"": 5, ""threshold"": 0.1}}","{""error_rate"": {""min_instances"": 5, ""threshold"": 0.1}}",0.1,0.005,0.15,5,0.05,0.005,0.1,30,,,,-1,two_stage,2,0.5,"__confirm_cooldown=200,__confirm_rule=perm_test,__perm_alpha=0.01,__perm_delta_k=25,__perm_min_effect=0,__perm_n_perm=200,__perm_post_n=50,__perm_pre_n=500,__perm_rng_seed=0,__perm_stat=delta_fused_score,divergence=0.3,error_rate=0.5,teacher_entropy=0.2",3,0,200,0.0,0,10000,10.0,25.0,200,500,1,72,1.0,0.8511402027027027,0.6453455856904874,0.0,0.2273116260766983,0.010180742479860783,0,0,88,75,-1,perm_test,0.004975124378109453,0.06491652219826204,175,75,100,0.0,0.011595995165407658,0,0.0,0.0,0.0,0.0,0,none,0,1,0,overconfident,0.95,0,mild_drift,0.9641321482013376,0.001235485720516199,0.8258057117935205,0.8666125703070844,1768146525.6370528,0.2385835200548172,0.10507246851921082
519,33216,33215,sea_abrupt4,sea,ts_drift_adapt,3,"error_divergence_ph_meta@error.threshold=0.10,error.min_instances=5",error_divergence_ph_meta,"{""divergence"": {""alpha"": 0.1, ""delta"": 0.005, ""min_instances"": 30, ""threshold"": 0.05}, ""error_rate"": {""alpha"": 0.15, ""delta"": 0.005, ""min_instances"": 5, ""threshold"": 0.1}}","{""error_rate"": {""min_instances"": 5, ""threshold"": 0.1}}",0.1,0.005,0.15,5,0.05,0.005,0.1,30,,,,-1,two_stage,2,0.5,"__confirm_cooldown=200,__confirm_rule=perm_test,__perm_alpha=0.01,__perm_delta_k=25,__perm_min_effect=0,__perm_n_perm=200,__perm_post_n=50,__perm_pre_n=500,__perm_rng_seed=0,__perm_stat=delta_fused_score,divergence=0.3,error_rate=0.5,teacher_entropy=0.2",3,0,200,0.0,0,10000,10.0,25.0,200,500,1,8,1.0,0.8513065992292871,0.645944707438964,0.16666666666666666,0.28619152307510376,0.023745616897940636,0,0,88,75,-1,perm_test,0.004975124378109453,0.06491652219826204,175,75,100,0.0,0.16666666666666666,0,0.0,0.0,0.0,0.0,0,none,0,1,0,overconfident,0.95,0,mild_drift,0.9622160741006688,0.0012677428602580997,0.8129028558967603,0.8608062851535422,1768146525.647848,0.4080495834350586,0.18903695046901703
520,33280,33279,sea_abrupt4,sea,ts_drift_adapt,3,"error_divergence_ph_meta@error.threshold=0.10,error.min_instances=5",error_divergence_ph_meta,"{""divergence"": {""alpha"": 0.1, ""delta"": 0.005, ""min_instances"": 30, ""threshold"": 0.05}, ""error_rate"": {""alpha"": 0.15, ""delta"": 0.005, ""min_instances"": 5, ""threshold"": 0.1}}","{""error_rate"": {""min_instances"": 5, ""threshold"": 0.1}}",0.1,0.005,0.15,5,0.05,0.005,0.1,30,,,,-1,two_stage,2,0.5,"__confirm_cooldown=200,__confirm_rule=perm_test,__perm_alpha=0.01,__perm_delta_k=25,__perm_min_effect=0,__perm_n_perm=200,__perm_post_n=50,__perm_pre_n=500,__perm_rng_seed=0,__perm_stat=delta_fused_score,divergence=0.3,error_rate=0.5,teacher_entropy=0.2",3,0,200,0.0,0,10000,10.0,25.0,200,500,0,0,1.0,0.8514122596153846,0.6463191762430579,0.0,0.24884721636772156,0.028792746365070343,0,1,89,75,-1,perm_test,1.0,-0.034876531204116386,176,75,101,0.0,0.16666666666666666,1,0.5,0.0,0.0,0.0,0,none,0,1,0,overconfident,0.95,0,mild_drift,0.9612580370503343,0.0012838714301290498,0.8064514279483801,0.8579031425767711,1768146525.6584876,0.10482937097549438,0.2514647841453552
521,33344,33343,sea_abrupt4,sea,ts_drift_adapt,3,"error_divergence_ph_meta@error.threshold=0.10,error.min_instances=5",error_divergence_ph_meta,"{""divergence"": {""alpha"": 0.1, ""delta"": 0.005, ""min_instances"": 30, ""threshold"": 0.05}, ""error_rate"": {""alpha"": 0.15, ""delta"": 0.005, ""min_instances"": 5, ""threshold"": 0.1}}","{""error_rate"": {""min_instances"": 5, ""threshold"": 0.1}}",0.1,0.005,0.15,5,0.05,0.005,0.1,30,,,,-1,two_stage,2,0.5,"__confirm_cooldown=200,__confirm_rule=perm_test,__perm_alpha=0.01,__perm_delta_k=25,__perm_min_effect=0,__perm_n_perm=200,__perm_post_n=50,__perm_pre_n=500,__perm_rng_seed=0,__perm_stat=delta_fused_score,divergence=0.3,error_rate=0.5,teacher_entropy=0.2",3,0,200,0.0,0,10000,10.0,25.0,200,500,0,0,1.0,0.8514275431861804,0.6464945269948327,0.0,0.245510071516037,0.009971863590180874,1,0,89,76,1,perm_test,0.004975124378109453,0.08007359352735482,177,76,101,0.0,0.01882088277488947,0,0.0,0.0,0.0,0.0,0,none,1,1,0,overconfident,0.95,0,stable,0.9756290185251671,0.0010419357150645249,0.90322571397419,0.9014515712883856,1768146525.676029,0.06701958924531937,0.11639048159122467
522,33408,33407,sea_abrupt4,sea,ts_drift_adapt,3,"error_divergence_ph_meta@error.threshold=0.10,error.min_instances=5",error_divergence_ph_meta,"{""divergence"": {""alpha"": 0.1, ""delta"": 0.005, ""min_instances"": 30, ""threshold"": 0.05}, ""error_rate"": {""alpha"": 0.15, ""delta"": 0.005, ""min_instances"": 5, ""threshold"": 0.1}}","{""error_rate"": {""min_instances"": 5, ""threshold"": 0.1}}",0.1,0.005,0.15,5,0.05,0.005,0.1,30,,,,-1,two_stage,2,0.5,"__confirm_cooldown=200,__confirm_rule=perm_test,__perm_alpha=0.01,__perm_delta_k=25,__perm_min_effect=0,__perm_n_perm=200,__perm_post_n=50,__perm_pre_n=500,__perm_rng_seed=0,__perm_stat=delta_fused_score,divergence=0.3,error_rate=0.5,teacher_entropy=0.2",3,0,200,0.0,0,10000,10.0,25.0,200,500,1,136,1.0,0.851352969348659,0.6465207498300221,0.0,0.31822821497917175,0.016132380813360214,0,0,89,76,-1,perm_test,0.004975124378109453,0.08007359352735482,177,76,101,0.0,0.00616051722317934,0,0.0,0.0,0.0,0.0,0,none,0,1,0,overconfident,0.95,0,mild_drift,0.9679645092625835,0.0011709678575322624,0.8516128569870951,0.8782257856441928,1768146525.6862278,0.1904193013906479,0.12690885365009308
523,33472,33471,sea_abrupt4,sea,ts_drift_adapt,3,"error_divergence_ph_meta@error.threshold=0.10,error.min_instances=5",error_divergence_ph_meta,"{""divergence"": {""alpha"": 0.1, ""delta"": 0.005, ""min_instances"": 30, ""threshold"": 0.05}, ""error_rate"": {""alpha"": 0.15, ""delta"": 0.005, ""min_instances"": 5, ""threshold"": 0.1}}","{""error_rate"": {""min_instances"": 5, ""threshold"": 0.1}}",0.1,0.005,0.15,5,0.05,0.005,0.1,30,,,,-1,two_stage,2,0.5,"__confirm_cooldown=200,__confirm_rule=perm_test,__perm_alpha=0.01,__perm_delta_k=25,__perm_min_effect=0,__perm_n_perm=200,__perm_post_n=50,__perm_pre_n=500,__perm_rng_seed=0,__perm_stat=delta_fused_score,divergence=0.3,error_rate=0.5,teacher_entropy=0.2",3,0,200,0.0,0,10000,10.0,25.0,200,500,1,72,1.0,0.8514878107074569,0.6468839329619394,0.0,0.25381678342819214,0.015720222145318985,0,0,89,76,-1,perm_test,0.004975124378109453,0.08007359352735482,177,76,101,0.0,0.00041215866804122925,0,0.0,0.0,0.0,0.0,0,none,0,1,0,overconfident,0.95,0,mild_drift,0.9641322546312917,0.0012354839287661312,0.8258064284935476,0.8666128928220964,1768146525.6972585,0.14967907965183258,0.11378255486488342
524,33536,33535,sea_abrupt4,sea,ts_drift_adapt,3,"error_divergence_ph_meta@error.threshold=0.10,error.min_instances=5",error_divergence_ph_meta,"{""divergence"": {""alpha"": 0.1, ""delta"": 0.005, ""min_instances"": 30, ""threshold"": 0.05}, ""error_rate"": {""alpha"": 0.15, ""delta"": 0.005, ""min_instances"": 5, ""threshold"": 0.1}}","{""error_rate"": {""min_instances"": 5, ""threshold"": 0.1}}",0.1,0.005,0.15,5,0.05,0.005,0.1,30,,,,-1,two_stage,2,0.5,"__confirm_cooldown=200,__confirm_rule=perm_test,__perm_alpha=0.01,__perm_delta_k=25,__perm_min_effect=0,__perm_n_perm=200,__perm_post_n=50,__perm_pre_n=500,__perm_rng_seed=0,__perm_stat=delta_fused_score,divergence=0.3,error_rate=0.5,teacher_entropy=0.2",3,0,200,0.0,0,10000,10.0,25.0,200,500,1,8,1.0,0.8515326812977099,0.6471267988443586,0.0,0.26388803124427795,0.009715215303003788,0,0,89,76,-1,perm_test,0.004975124378109453,0.08007359352735482,177,76,101,0.0,0.006005006842315197,0,0.0,0.0,0.0,0.0,0,none,0,1,0,overconfident,0.95,0,mild_drift,0.9622161273156458,0.0012677419643830658,0.8129032142467738,0.8608064464110482,1768146525.707307,0.1324123740196228,0.09267504513263702
525,33600,33599,sea_abrupt4,sea,ts_drift_adapt,3,"error_divergence_ph_meta@error.threshold=0.10,error.min_instances=5",error_divergence_ph_meta,"{""divergence"": {""alpha"": 0.1, ""delta"": 0.005, ""min_instances"": 30, ""threshold"": 0.05}, ""error_rate"": {""alpha"": 0.15, ""delta"": 0.005, ""min_instances"": 5, ""threshold"": 0.1}}","{""error_rate"": {""min_instances"": 5, ""threshold"": 0.1}}",0.1,0.005,0.15,5,0.05,0.005,0.1,30,,,,-1,two_stage,2,0.5,"__confirm_cooldown=200,__confirm_rule=perm_test,__perm_alpha=0.01,__perm_delta_k=25,__perm_min_effect=0,__perm_n_perm=200,__perm_post_n=50,__perm_pre_n=500,__perm_rng_seed=0,__perm_stat=delta_fused_score,divergence=0.3,error_rate=0.5,teacher_entropy=0.2",3,0,200,0.0,0,10000,10.0,25.0,200,500,0,0,1.0,0.8515178571428571,0.6472194578727877,0.3333333333333333,0.2543817460536957,0.009299852885305882,1,1,90,77,0,perm_test,0.004975124378109453,0.15421939979185806,178,77,101,0.3333333333333333,0.3333333333333333,1,0.5,0.0,0.0,0.0,0,none,1,1,0,overconfident,0.95,0,severe_drift,0.9266080636578229,0.001633870982191533,0.6564516071233869,0.8354032232055242,1768146525.724905,1.1242095232009888,0.08395225554704666
526,33664,33663,sea_abrupt4,sea,ts_drift_adapt,3,"error_divergence_ph_meta@error.threshold=0.10,error.min_instances=5",error_divergence_ph_meta,"{""divergence"": {""alpha"": 0.1, ""delta"": 0.005, ""min_instances"": 30, ""threshold"": 0.05}, ""error_rate"": {""alpha"": 0.15, ""delta"": 0.005, ""min_instances"": 5, ""threshold"": 0.1}}","{""error_rate"": {""min_instances"": 5, ""threshold"": 0.1}}",0.1,0.005,0.15,5,0.05,0.005,0.1,30,,,,-1,two_stage,2,0.5,"__confirm_cooldown=200,__confirm_rule=perm_test,__perm_alpha=0.01,__perm_delta_k=25,__perm_min_effect=0,__perm_n_perm=200,__perm_post_n=50,__perm_pre_n=500,__perm_rng_seed=0,__perm_stat=delta_fused_score,divergence=0.3,error_rate=0.5,teacher_entropy=0.2",3,0,200,0.0,0,10000,10.0,25.0,200,500,1,136,1.0,0.8514139733840305,0.6470876933072258,0.16666666666666666,0.3125455975532532,0.02421855926513672,0,0,90,77,-1,perm_test,0.004975124378109453,0.15421939979185806,178,77,101,0.0,0.16666666666666666,0,0.0,0.0,0.0,0.0,0,none,0,1,0,overconfident,0.95,0,mild_drift,0.9434540318289114,0.0014669354910957664,0.7282258035616935,0.8452016116027621,1768146525.734985,0.14910487830638885,0.24142137169837952
527,33728,33727,sea_abrupt4,sea,ts_drift_adapt,3,"error_divergence_ph_meta@error.threshold=0.10,error.min_instances=5",error_divergence_ph_meta,"{""divergence"": {""alpha"": 0.1, ""delta"": 0.005, ""min_instances"": 30, ""threshold"": 0.05}, ""error_rate"": {""alpha"": 0.15, ""delta"": 0.005, ""min_instances"": 5, ""threshold"": 0.1}}","{""error_rate"": {""min_instances"": 5, ""threshold"": 0.1}}",0.1,0.005,0.15,5,0.05,0.005,0.1,30,,,,-1,two_stage,2,0.5,"__confirm_cooldown=200,__confirm_rule=perm_test,__perm_alpha=0.01,__perm_delta_k=25,__perm_min_effect=0,__perm_n_perm=200,__perm_post_n=50,__perm_pre_n=500,__perm_rng_seed=0,__perm_stat=delta_fused_score,divergence=0.3,error_rate=0.5,teacher_entropy=0.2",3,0,200,0.0,0,10000,10.0,25.0,200,500,1,72,1.0,0.8513104838709677,0.6468671384549204,0.3333333333333333,0.31374886631965637,0.01978161372244358,0,0,90,77,-1,perm_test,0.004975124378109453,0.15421939979185806,178,77,101,0.0,0.16666666666666666,0,0.0,0.0,0.0,0.0,0,none,0,1,0,overconfident,0.95,0,mild_drift,0.9518770159144556,0.0013834677455478832,0.7641129017808468,0.850100805801381,1768146525.7455382,0.7722317576408386,0.1894923895597458
528,33792,33791,sea_abrupt4,sea,ts_drift_adapt,3,"error_divergence_ph_meta@error.threshold=0.10,error.min_instances=5",error_divergence_ph_meta,"{""divergence"": {""alpha"": 0.1, ""delta"": 0.005, ""min_instances"": 30, ""threshold"": 0.05}, ""error_rate"": {""alpha"": 0.15, ""delta"": 0.005, ""min_instances"": 5, ""threshold"": 0.1}}","{""error_rate"": {""min_instances"": 5, ""threshold"": 0.1}}",0.1,0.005,0.15,5,0.05,0.005,0.1,30,,,,-1,two_stage,2,0.5,"__confirm_cooldown=200,__confirm_rule=perm_test,__perm_alpha=0.01,__perm_delta_k=25,__perm_min_effect=0,__perm_n_perm=200,__perm_post_n=50,__perm_pre_n=500,__perm_rng_seed=0,__perm_stat=delta_fused_score,divergence=0.3,error_rate=0.5,teacher_entropy=0.2",3,0,200,0.0,0,10000,10.0,25.0,200,500,1,8,1.0,0.8514441287878788,0.6471693588300614,0.0,0.27296119928359985,0.0173500906676054,0,0,90,77,-1,perm_test,0.004975124378109453,0.15421939979185806,178,77,101,0.0,0.3333333333333333,0,0.0,0.0,0.0,0.0,0,none,0,1,0,overconfident,0.95,0,mild_drift,0.9560885079572278,0.0013417338727739416,0.7820564508904234,0.8525504029006905,1768146525.7555182,0.06400010734796524,0.18559980392456055
529,33856,33855,sea_abrupt4,sea,ts_drift_adapt,3,"error_divergence_ph_meta@error.threshold=0.10,error.min_instances=5",error_divergence_ph_meta,"{""divergence"": {""alpha"": 0.1, ""delta"": 0.005, ""min_instances"": 30, ""threshold"": 0.05}, ""error_rate"": {""alpha"": 0.15, ""delta"": 0.005, ""min_instances"": 5, ""threshold"": 0.1}}","{""error_rate"": {""min_instances"": 5, ""threshold"": 0.1}}",0.1,0.005,0.15,5,0.05,0.005,0.1,30,,,,-1,two_stage,2,0.5,"__confirm_cooldown=200,__confirm_rule=perm_test,__perm_alpha=0.01,__perm_delta_k=25,__perm_min_effect=0,__perm_n_perm=200,__perm_post_n=50,__perm_pre_n=500,__perm_rng_seed=0,__perm_stat=delta_fused_score,divergence=0.3,error_rate=0.5,teacher_entropy=0.2",3,0,200,0.0,0,10000,10.0,25.0,200,500,0,0,1.0,0.851429584120983,0.647381377328576,0.0,0.2914634644985199,0.019518909975886345,0,0,90,77,-1,perm_test,0.004975124378109453,0.15421939979185806,178,77,101,0.0,0.002168819308280945,0,0.0,0.0,0.0,0.0,0,none,0,1,0,overconfident,0.95,0,mild_drift,0.9581942539786139,0.001320866936386971,0.7910282254452117,0.8537752014503452,1768146525.7662544,0.10644877701997757,0.19601309299468994
530,33920,33919,sea_abrupt4,sea,ts_drift_adapt,3,"error_divergence_ph_meta@error.threshold=0.10,error.min_instances=5",error_divergence_ph_meta,"{""divergence"": {""alpha"": 0.1, ""delta"": 0.005, ""min_instances"": 30, ""threshold"": 0.05}, ""error_rate"": {""alpha"": 0.15, ""delta"": 0.005, ""min_instances"": 5, ""threshold"": 0.1}}","{""error_rate"": {""min_instances"": 5, ""threshold"": 0.1}}",0.1,0.005,0.15,5,0.05,0.005,0.1,30,,,,-1,two_stage,2,0.5,"__confirm_cooldown=200,__confirm_rule=perm_test,__perm_alpha=0.01,__perm_delta_k=25,__perm_min_effect=0,__perm_n_perm=200,__perm_post_n=50,__perm_pre_n=500,__perm_rng_seed=0,__perm_stat=delta_fused_score,divergence=0.3,error_rate=0.5,teacher_entropy=0.2",3,0,200,0.0,0,10000,10.0,25.0,200,500,0,0,1.0,0.8515330188679245,0.647874725788518,0.0,0.30960050225257874,0.030318789184093475,0,1,91,77,-1,perm_test,1.0,-0.003466458562041242,179,77,102,0.3333333333333333,0.01079987920820713,1,0.5,0.0,0.0,0.0,0,none,0,1,0,overconfident,0.95,0,mild_drift,0.9592471269893069,0.0013104334681934855,0.7955141127226059,0.8543876007251726,1768146525.7767675,0.06730077415704727,0.25864720344543457
531,33984,33983,sea_abrupt4,sea,ts_drift_adapt,3,"error_divergence_ph_meta@error.threshold=0.10,error.min_instances=5",error_divergence_ph_meta,"{""divergence"": {""alpha"": 0.1, ""delta"": 0.005, ""min_instances"": 30, ""threshold"": 0.05}, ""error_rate"": {""alpha"": 0.15, ""delta"": 0.005, ""min_instances"": 5, ""threshold"": 0.1}}","{""error_rate"": {""min_instances"": 5, ""threshold"": 0.1}}",0.1,0.005,0.15,5,0.05,0.005,0.1,30,,,,-1,two_stage,2,0.5,"__confirm_cooldown=200,__confirm_rule=perm_test,__perm_alpha=0.01,__perm_delta_k=25,__perm_min_effect=0,__perm_n_perm=200,__perm_post_n=50,__perm_pre_n=500,__perm_rng_seed=0,__perm_stat=delta_fused_score,divergence=0.3,error_rate=0.5,teacher_entropy=0.2",3,0,200,0.0,0,10000,10.0,25.0,200,500,0,0,1.0,0.8516654896421846,0.6482483652584369,0.16666666666666666,0.2832546532154083,0.014012959785759449,1,0,91,78,1,perm_test,0.004975124378109453,0.03647325465621977,180,78,102,0.0,0.16666666666666666,0,0.0,0.0,0.0,0.0,0,none,1,1,0,overconfident,0.95,0,stable,0.9746235634946534,0.0010552167340967427,0.8977570563613029,0.8996938003625863,1768146525.7944622,0.209416463971138,0.14995795488357544
532,34048,34047,sea_abrupt4,sea,ts_drift_adapt,3,"error_divergence_ph_meta@error.threshold=0.10,error.min_instances=5",error_divergence_ph_meta,"{""divergence"": {""alpha"": 0.1, ""delta"": 0.005, ""min_instances"": 30, ""threshold"": 0.05}, ""error_rate"": {""alpha"": 0.15, ""delta"": 0.005, ""min_instances"": 5, ""threshold"": 0.1}}","{""error_rate"": {""min_instances"": 5, ""threshold"": 0.1}}",0.1,0.005,0.15,5,0.05,0.005,0.1,30,,,,-1,two_stage,2,0.5,"__confirm_cooldown=200,__confirm_rule=perm_test,__perm_alpha=0.01,__perm_delta_k=25,__perm_min_effect=0,__perm_n_perm=200,__perm_post_n=50,__perm_pre_n=500,__perm_rng_seed=0,__perm_stat=delta_fused_score,divergence=0.3,error_rate=0.5,teacher_entropy=0.2",3,0,200,0.0,0,10000,10.0,25.0,200,500,1,136,1.0,0.8518855733082706,0.6489401777307771,0.0,0.26104578375816345,0.010725179687142372,0,0,91,78,-1,perm_test,0.004975124378109453,0.03647325465621977,180,78,102,0.0,0.16666666666666666,0,0.0,0.0,0.0,0.0,0,none,0,1,0,overconfident,0.95,0,mild_drift,0.9674617817473267,0.0011776083670483714,0.8488785281806515,0.8773469001812931,1768146525.804605,0.07101011276245117,0.08621405065059662
533,34112,34111,sea_abrupt4,sea,ts_drift_adapt,3,"error_divergence_ph_meta@error.threshold=0.10,error.min_instances=5",error_divergence_ph_meta,"{""divergence"": {""alpha"": 0.1, ""delta"": 0.005, ""min_instances"": 30, ""threshold"": 0.05}, ""error_rate"": {""alpha"": 0.15, ""delta"": 0.005, ""min_instances"": 5, ""threshold"": 0.1}}","{""error_rate"": {""min_instances"": 5, ""threshold"": 0.1}}",0.1,0.005,0.15,5,0.05,0.005,0.1,30,,,,-1,two_stage,2,0.5,"__confirm_cooldown=200,__confirm_rule=perm_test,__perm_alpha=0.01,__perm_delta_k=25,__perm_min_effect=0,__perm_n_perm=200,__perm_post_n=50,__perm_pre_n=500,__perm_rng_seed=0,__perm_stat=delta_fused_score,divergence=0.3,error_rate=0.5,teacher_entropy=0.2",3,0,200,0.0,0,10000,10.0,25.0,200,500,1,72,1.0,0.852046200750469,0.6494658258545032,0.16666666666666666,0.2898080050945282,0.014969464391469955,0,0,91,78,-1,perm_test,0.004975124378109453,0.03647325465621977,180,78,102,0.0,0.16666666666666666,0,0.0,0.0,0.0,0.0,0,none,0,1,0,overconfident,0.95,0,mild_drift,0.9638808908736634,0.001238804183524186,0.8244392640903258,0.8661734500906466,1768146525.8155875,0.24127298593521118,0.10975836217403412
534,34176,34175,sea_abrupt4,sea,ts_drift_adapt,3,"error_divergence_ph_meta@error.threshold=0.10,error.min_instances=5",error_divergence_ph_meta,"{""divergence"": {""alpha"": 0.1, ""delta"": 0.005, ""min_instances"": 30, ""threshold"": 0.05}, ""error_rate"": {""alpha"": 0.15, ""delta"": 0.005, ""min_instances"": 5, ""threshold"": 0.1}}","{""error_rate"": {""min_instances"": 5, ""threshold"": 0.1}}",0.1,0.005,0.15,5,0.05,0.005,0.1,30,,,,-1,two_stage,2,0.5,"__confirm_cooldown=200,__confirm_rule=perm_test,__perm_alpha=0.01,__perm_delta_k=25,__perm_min_effect=0,__perm_n_perm=200,__perm_post_n=50,__perm_pre_n=500,__perm_rng_seed=0,__perm_stat=delta_fused_score,divergence=0.3,error_rate=0.5,teacher_entropy=0.2",3,0,200,0.0,0,10000,10.0,25.0,200,500,1,8,1.0,0.8522062265917603,0.6499734554599812,0.0,0.23483960330486298,0.013820991851389408,0,0,91,78,-1,perm_test,0.004975124378109453,0.03647325465621977,180,78,102,0.0,0.16666666666666666,0,0.0,0.0,0.0,0.0,0,none,0,1,0,overconfident,0.95,0,mild_drift,0.9620904454368316,0.001269402091762093,0.8122196320451629,0.8605867250453233,1768146525.8256242,0.16913335025310516,0.09926243126392365
535,34240,34239,sea_abrupt4,sea,ts_drift_adapt,3,"error_divergence_ph_meta@error.threshold=0.10,error.min_instances=5",error_divergence_ph_meta,"{""divergence"": {""alpha"": 0.1, ""delta"": 0.005, ""min_instances"": 30, ""threshold"": 0.05}, ""error_rate"": {""alpha"": 0.15, ""delta"": 0.005, ""min_instances"": 5, ""threshold"": 0.1}}","{""error_rate"": {""min_instances"": 5, ""threshold"": 0.1}}",0.1,0.005,0.15,5,0.05,0.005,0.1,30,,,,-1,two_stage,2,0.5,"__confirm_cooldown=200,__confirm_rule=perm_test,__perm_alpha=0.01,__perm_delta_k=25,__perm_min_effect=0,__perm_n_perm=200,__perm_post_n=50,__perm_pre_n=500,__perm_rng_seed=0,__perm_stat=delta_fused_score,divergence=0.3,error_rate=0.5,teacher_entropy=0.2",3,0,200,0.0,0,10000,10.0,25.0,200,500,0,0,1.0,0.8523072429906542,0.6503404029866612,0.16666666666666666,0.2512170970439911,0.014193801209330559,1,1,92,79,0,perm_test,0.004975124378109453,0.06277590583497739,181,79,102,0.16666666666666666,0.16666666666666666,1,0.5,0.0,0.0,0.0,0,none,1,1,0,overconfident,0.95,0,severe_drift,0.9265452227184159,0.0016347010458810465,0.6561098160225814,0.8352933625226617,1768146525.8429677,0.3729270398616791,0.11897503584623337
536,34304,34303,sea_abrupt4,sea,ts_drift_adapt,3,"error_divergence_ph_meta@error.threshold=0.10,error.min_instances=5",error_divergence_ph_meta,"{""divergence"": {""alpha"": 0.1, ""delta"": 0.005, ""min_instances"": 30, ""threshold"": 0.05}, ""error_rate"": {""alpha"": 0.15, ""delta"": 0.005, ""min_instances"": 5, ""threshold"": 0.1}}","{""error_rate"": {""min_instances"": 5, ""threshold"": 0.1}}",0.1,0.005,0.15,5,0.05,0.005,0.1,30,,,,-1,two_stage,2,0.5,"__confirm_cooldown=200,__confirm_rule=perm_test,__perm_alpha=0.01,__perm_delta_k=25,__perm_min_effect=0,__perm_n_perm=200,__perm_post_n=50,__perm_pre_n=500,__perm_rng_seed=0,__perm_stat=delta_fused_score,divergence=0.3,error_rate=0.5,teacher_entropy=0.2",3,0,200,0.0,0,10000,10.0,25.0,200,500,1,136,1.0,0.8524661847014925,0.6509557744748231,0.16666666666666666,0.2668404281139374,0.013325662352144718,0,0,92,79,-1,perm_test,0.004975124378109453,0.06277590583497739,181,79,102,0.0,0.0008681388571858406,0,0.0,0.0,0.0,0.0,0,none,0,1,0,overconfident,0.95,0,mild_drift,0.9434226113592079,0.0014673505229405234,0.7280549080112908,0.8451466812613309,1768146525.8530204,0.14113090932369232,0.16474968194961548
537,34368,34367,sea_abrupt4,sea,ts_drift_adapt,3,"error_divergence_ph_meta@error.threshold=0.10,error.min_instances=5",error_divergence_ph_meta,"{""divergence"": {""alpha"": 0.1, ""delta"": 0.005, ""min_instances"": 30, ""threshold"": 0.05}, ""error_rate"": {""alpha"": 0.15, ""delta"": 0.005, ""min_instances"": 5, ""threshold"": 0.1}}","{""error_rate"": {""min_instances"": 5, ""threshold"": 0.1}}",0.1,0.005,0.15,5,0.05,0.005,0.1,30,,,,-1,two_stage,2,0.5,"__confirm_cooldown=200,__confirm_rule=perm_test,__perm_alpha=0.01,__perm_delta_k=25,__perm_min_effect=0,__perm_n_perm=200,__perm_post_n=50,__perm_pre_n=500,__perm_rng_seed=0,__perm_stat=delta_fused_score,divergence=0.3,error_rate=0.5,teacher_entropy=0.2",3,0,200,0.0,0,10000,10.0,25.0,200,500,1,72,1.0,0.8525372439478585,0.6513809345754168,0.0,0.2711484730243683,0.01627805083990097,0,0,92,79,-1,perm_test,0.004975124378109453,0.06277590583497739,181,79,102,0.0,0.16666666666666666,0,0.0,0.0,0.0,0.0,0,none,0,1,0,overconfident,0.95,0,mild_drift,0.9518613056796039,0.0013836752614702617,0.7640274540056454,0.8500733406306654,1768146525.864063,0.09236409515142441,0.1617555022239685
538,34432,34431,sea_abrupt4,sea,ts_drift_adapt,3,"error_divergence_ph_meta@error.threshold=0.10,error.min_instances=5",error_divergence_ph_meta,"{""divergence"": {""alpha"": 0.1, ""delta"": 0.005, ""min_instances"": 30, ""threshold"": 0.05}, ""error_rate"": {""alpha"": 0.15, ""delta"": 0.005, ""min_instances"": 5, ""threshold"": 0.1}}","{""error_rate"": {""min_instances"": 5, ""threshold"": 0.1}}",0.1,0.005,0.15,5,0.05,0.005,0.1,30,,,,-1,two_stage,2,0.5,"__confirm_cooldown=200,__confirm_rule=perm_test,__perm_alpha=0.01,__perm_delta_k=25,__perm_min_effect=0,__perm_n_perm=200,__perm_post_n=50,__perm_pre_n=500,__perm_rng_seed=0,__perm_stat=delta_fused_score,divergence=0.3,error_rate=0.5,teacher_entropy=0.2",3,0,200,0.0,0,10000,10.0,25.0,200,500,1,8,1.0,0.8525789962825279,0.6516576685900914,0.16666666666666666,0.27287372946739197,0.015053200535476208,0,0,92,79,-1,perm_test,0.004975124378109453,0.06277590583497739,181,79,102,0.0,0.16666666666666666,0,0.0,0.0,0.0,0.0,0,none,0,1,0,overconfident,0.95,0,mild_drift,0.9560806528398019,0.001341837630735131,0.7820137270028227,0.8525366703153328,1768146525.8741448,0.3608136475086212,0.13931259512901306
539,34496,34495,sea_abrupt4,sea,ts_drift_adapt,3,"error_divergence_ph_meta@error.threshold=0.10,error.min_instances=5",error_divergence_ph_meta,"{""divergence"": {""alpha"": 0.1, ""delta"": 0.005, ""min_instances"": 30, ""threshold"": 0.05}, ""error_rate"": {""alpha"": 0.15, ""delta"": 0.005, ""min_instances"": 5, ""threshold"": 0.1}}","{""error_rate"": {""min_instances"": 5, ""threshold"": 0.1}}",0.1,0.005,0.15,5,0.05,0.005,0.1,30,,,,-1,two_stage,2,0.5,"__confirm_cooldown=200,__confirm_rule=perm_test,__perm_alpha=0.01,__perm_delta_k=25,__perm_min_effect=0,__perm_n_perm=200,__perm_post_n=50,__perm_pre_n=500,__perm_rng_seed=0,__perm_stat=delta_fused_score,divergence=0.3,error_rate=0.5,teacher_entropy=0.2",3,0,200,0.0,0,10000,10.0,25.0,200,500,0,0,1.0,0.8526785714285714,0.6520396423196867,0.0,0.2753393054008484,0.015778282657265663,0,0,92,79,-1,perm_test,0.004975124378109453,0.06277590583497739,181,79,102,0.0,0.16666666666666666,0,0.0,0.0,0.0,0.0,0,none,0,1,0,overconfident,0.95,0,mild_drift,0.958190326419901,0.0013209188153675655,0.7910068635014114,0.8537683351576664,1768146525.884593,0.09983426332473755,0.15913203358650208
540,34560,34559,sea_abrupt4,sea,ts_drift_adapt,3,"error_divergence_ph_meta@error.threshold=0.10,error.min_instances=5",error_divergence_ph_meta,"{""divergence"": {""alpha"": 0.1, ""delta"": 0.005, ""min_instances"": 30, ""threshold"": 0.05}, ""error_rate"": {""alpha"": 0.15, ""delta"": 0.005, ""min_instances"": 5, ""threshold"": 0.1}}","{""error_rate"": {""min_instances"": 5, ""threshold"": 0.1}}",0.1,0.005,0.15,5,0.05,0.005,0.1,30,,,,-1,two_stage,2,0.5,"__confirm_cooldown=200,__confirm_rule=perm_test,__perm_alpha=0.01,__perm_delta_k=25,__perm_min_effect=0,__perm_n_perm=200,__perm_post_n=50,__perm_pre_n=500,__perm_rng_seed=0,__perm_stat=delta_fused_score,divergence=0.3,error_rate=0.5,teacher_entropy=0.2",3,0,200,0.0,0,10000,10.0,25.0,200,500,0,0,1.0,0.8526331018518518,0.6520215877078107,0.0,0.26828449964523315,0.010134534910321236,0,1,93,79,-1,perm_test,1.0,-0.0049773465116720395,182,79,103,0.16666666666666666,0.0056437477469444275,1,0.5,0.0,0.0,0.0,0,none,0,1,0,overconfident,0.95,0,mild_drift,0.9592451632099505,0.001310459407683783,0.7955034317507057,0.8543841675788332,1768146525.8959842,0.01596585474908352,0.11247420310974121
541,34624,34623,sea_abrupt4,sea,ts_drift_adapt,3,"error_divergence_ph_meta@error.threshold=0.10,error.min_instances=5",error_divergence_ph_meta,"{""divergence"": {""alpha"": 0.1, ""delta"": 0.005, ""min_instances"": 30, ""threshold"": 0.05}, ""error_rate"": {""alpha"": 0.15, ""delta"": 0.005, ""min_instances"": 5, ""threshold"": 0.1}}","{""error_rate"": {""min_instances"": 5, ""threshold"": 0.1}}",0.1,0.005,0.15,5,0.05,0.005,0.1,30,,,,-1,two_stage,2,0.5,"__confirm_cooldown=200,__confirm_rule=perm_test,__perm_alpha=0.01,__perm_delta_k=25,__perm_min_effect=0,__perm_n_perm=200,__perm_post_n=50,__perm_pre_n=500,__perm_rng_seed=0,__perm_stat=delta_fused_score,divergence=0.3,error_rate=0.5,teacher_entropy=0.2",3,0,200,0.0,0,10000,10.0,25.0,200,500,0,0,1.0,0.852818853974122,0.6526506345606099,0.0,0.25580528378486633,0.009353796020150185,1,0,93,80,1,perm_test,0.004975124378109453,0.035618041332254435,183,80,103,0.0,0.000780738890171051,0,0.0,0.0,0.0,0.0,0,none,1,1,0,overconfident,0.95,0,stable,0.9746225816049752,0.0010552297038418914,0.8977517158753529,0.8996920837894167,1768146525.9136662,0.030108382925391197,0.09006498008966446
542,34688,34687,sea_abrupt4,sea,ts_drift_adapt,3,"error_divergence_ph_meta@error.threshold=0.10,error.min_instances=5",error_divergence_ph_meta,"{""divergence"": {""alpha"": 0.1, ""delta"": 0.005, ""min_instances"": 30, ""threshold"": 0.05}, ""error_rate"": {""alpha"": 0.15, ""delta"": 0.005, ""min_instances"": 5, ""threshold"": 0.1}}","{""error_rate"": {""min_instances"": 5, ""threshold"": 0.1}}",0.1,0.005,0.15,5,0.05,0.005,0.1,30,,,,-1,two_stage,2,0.5,"__confirm_cooldown=200,__confirm_rule=perm_test,__perm_alpha=0.01,__perm_delta_k=25,__perm_min_effect=0,__perm_n_perm=200,__perm_post_n=50,__perm_pre_n=500,__perm_rng_seed=0,__perm_stat=delta_fused_score,divergence=0.3,error_rate=0.5,teacher_entropy=0.2",3,0,200,0.0,0,10000,10.0,25.0,200,500,1,136,1.0,0.8528886070110702,0.6529746832336094,0.0,0.26413241028785706,0.014810356311500072,0,0,93,80,-1,perm_test,0.004975124378109453,0.035618041332254435,183,80,103,0.0,0.005456560291349888,0,0.0,0.0,0.0,0.0,0,none,0,1,0,overconfident,0.95,0,mild_drift,0.9674612908024876,0.0011776148519209457,0.8488758579376765,0.8773460418947083,1768146525.92388,0.1072646901011467,0.11580262333154678
543,34752,34751,sea_abrupt4,sea,ts_drift_adapt,3,"error_divergence_ph_meta@error.threshold=0.10,error.min_instances=5",error_divergence_ph_meta,"{""divergence"": {""alpha"": 0.1, ""delta"": 0.005, ""min_instances"": 30, ""threshold"": 0.05}, ""error_rate"": {""alpha"": 0.15, ""delta"": 0.005, ""min_instances"": 5, ""threshold"": 0.1}}","{""error_rate"": {""min_instances"": 5, ""threshold"": 0.1}}",0.1,0.005,0.15,5,0.05,0.005,0.1,30,,,,-1,two_stage,2,0.5,"__confirm_cooldown=200,__confirm_rule=perm_test,__perm_alpha=0.01,__perm_delta_k=25,__perm_min_effect=0,__perm_n_perm=200,__perm_post_n=50,__perm_pre_n=500,__perm_rng_seed=0,__perm_stat=delta_fused_score,divergence=0.3,error_rate=0.5,teacher_entropy=0.2",3,0,200,0.0,0,10000,10.0,25.0,200,500,1,72,1.0,0.852958103130755,0.6533532946306789,0.3333333333333333,0.22614793479442596,0.011881014332175255,0,0,93,80,-1,perm_test,0.004975124378109453,0.035618041332254435,183,80,103,0.0,0.3333333333333333,0,0.0,0.0,0.0,0.0,0,none,0,1,0,overconfident,0.95,0,mild_drift,0.9638806454012437,0.0012388074259604728,0.8244379289688383,0.8661730209473542,1768146525.9338691,0.7826468348503113,0.10863161087036133
544,34816,34815,sea_abrupt4,sea,ts_drift_adapt,3,"error_divergence_ph_meta@error.threshold=0.10,error.min_instances=5",error_divergence_ph_meta,"{""divergence"": {""alpha"": 0.1, ""delta"": 0.005, ""min_instances"": 30, ""threshold"": 0.05}, ""error_rate"": {""alpha"": 0.15, ""delta"": 0.005, ""min_instances"": 5, ""threshold"": 0.1}}","{""error_rate"": {""min_instances"": 5, ""threshold"": 0.1}}",0.1,0.005,0.15,5,0.05,0.005,0.1,30,,,,-1,two_stage,2,0.5,"__confirm_cooldown=200,__confirm_rule=perm_test,__perm_alpha=0.01,__perm_delta_k=25,__perm_min_effect=0,__perm_n_perm=200,__perm_post_n=50,__perm_pre_n=500,__perm_rng_seed=0,__perm_stat=delta_fused_score,divergence=0.3,error_rate=0.5,teacher_entropy=0.2",3,0,200,0.0,0,10000,10.0,25.0,200,500,1,8,1.0,0.8529411764705882,0.653407335353614,0.0,0.3368493914604187,0.015379523858428001,0,0,93,80,-1,perm_test,0.004975124378109453,0.035618041332254435,183,80,103,0.0,0.3333333333333333,0,0.0,0.0,0.0,0.0,0,none,0,1,0,overconfident,0.95,0,mild_drift,0.9620903227006219,0.0012694037129802366,0.8122189644844191,0.8605865104736771,1768146525.9438758,0.09453607350587845,0.11843226850032806
545,34880,34879,sea_abrupt4,sea,ts_drift_adapt,3,"error_divergence_ph_meta@error.threshold=0.10,error.min_instances=5",error_divergence_ph_meta,"{""divergence"": {""alpha"": 0.1, ""delta"": 0.005, ""min_instances"": 30, ""threshold"": 0.05}, ""error_rate"": {""alpha"": 0.15, ""delta"": 0.005, ""min_instances"": 5, ""threshold"": 0.1}}","{""error_rate"": {""min_instances"": 5, ""threshold"": 0.1}}",0.1,0.005,0.15,5,0.05,0.005,0.1,30,,,,-1,two_stage,2,0.5,"__confirm_cooldown=200,__confirm_rule=perm_test,__perm_alpha=0.01,__perm_delta_k=25,__perm_min_effect=0,__perm_n_perm=200,__perm_post_n=50,__perm_pre_n=500,__perm_rng_seed=0,__perm_stat=delta_fused_score,divergence=0.3,error_rate=0.5,teacher_entropy=0.2",3,0,200,0.0,0,10000,10.0,25.0,200,500,0,0,1.0,0.8529816513761468,0.653629477160036,0.0,0.3000125586986542,0.013522572815418243,0,1,94,80,-1,perm_test,1.0,-0.021960674931972943,184,80,104,0.0,0.001856951043009758,1,0.5,0.0,0.0,0.0,0,none,0,1,0,overconfident,0.95,0,mild_drift,0.9611951613503109,0.0012847018564901185,0.8061094822422096,0.8577932552368386,1768146525.9543345,0.12607595324516296,0.11655627191066742
546,34944,34943,sea_abrupt4,sea,ts_drift_adapt,3,"error_divergence_ph_meta@error.threshold=0.10,error.min_instances=5",error_divergence_ph_meta,"{""divergence"": {""alpha"": 0.1, ""delta"": 0.005, ""min_instances"": 30, ""threshold"": 0.05}, ""error_rate"": {""alpha"": 0.15, ""delta"": 0.005, ""min_instances"": 5, ""threshold"": 0.1}}","{""error_rate"": {""min_instances"": 5, ""threshold"": 0.1}}",0.1,0.005,0.15,5,0.05,0.005,0.1,30,,,,-1,two_stage,2,0.5,"__confirm_cooldown=200,__confirm_rule=perm_test,__perm_alpha=0.01,__perm_delta_k=25,__perm_min_effect=0,__perm_n_perm=200,__perm_post_n=50,__perm_pre_n=500,__perm_rng_seed=0,__perm_stat=delta_fused_score,divergence=0.3,error_rate=0.5,teacher_entropy=0.2",3,0,200,0.0,0,10000,10.0,25.0,200,500,0,0,1.0,0.8530792124542125,0.6539482390307438,0.16666666666666666,0.24094489216804504,0.014689663425087929,1,0,94,81,1,perm_test,0.004975124378109453,0.027522089921038977,185,81,104,0.0,0.16666666666666666,0,0.0,0.0,0.0,0.0,0,none,1,1,0,overconfident,0.95,0,stable,0.9755975806751555,0.0010423509282450592,0.9030547411211047,0.9013966276184193,1768146525.972454,0.4945325553417206,0.1252772957086563
547,35008,35007,sea_abrupt4,sea,ts_drift_adapt,3,"error_divergence_ph_meta@error.threshold=0.10,error.min_instances=5",error_divergence_ph_meta,"{""divergence"": {""alpha"": 0.1, ""delta"": 0.005, ""min_instances"": 30, ""threshold"": 0.05}, ""error_rate"": {""alpha"": 0.15, ""delta"": 0.005, ""min_instances"": 5, ""threshold"": 0.1}}","{""error_rate"": {""min_instances"": 5, ""threshold"": 0.1}}",0.1,0.005,0.15,5,0.05,0.005,0.1,30,,,,-1,two_stage,2,0.5,"__confirm_cooldown=200,__confirm_rule=perm_test,__perm_alpha=0.01,__perm_delta_k=25,__perm_min_effect=0,__perm_n_perm=200,__perm_post_n=50,__perm_pre_n=500,__perm_rng_seed=0,__perm_stat=delta_fused_score,divergence=0.3,error_rate=0.5,teacher_entropy=0.2",3,0,200,0.0,0,10000,10.0,25.0,200,500,1,136,1.0,0.853033592321755,0.65403683391547,0.0,0.28831222653388977,0.022473597899079323,0,0,94,81,-1,perm_test,0.004975124378109453,0.027522089921038977,185,81,104,0.0,0.16666666666666666,0,0.0,0.0,0.0,0.0,0,none,0,1,0,overconfident,0.95,0,mild_drift,0.9679487903375776,0.0011711754641225297,0.8515273705605524,0.8781983138092097,1768146525.9827774,0.06954118609428406,0.14474239945411682
548,35072,35071,sea_abrupt4,sea,ts_drift_adapt,3,"error_divergence_ph_meta@error.threshold=0.10,error.min_instances=5",error_divergence_ph_meta,"{""divergence"": {""alpha"": 0.1, ""delta"": 0.005, ""min_instances"": 30, ""threshold"": 0.05}, ""error_rate"": {""alpha"": 0.15, ""delta"": 0.005, ""min_instances"": 5, ""threshold"": 0.1}}","{""error_rate"": {""min_instances"": 5, ""threshold"": 0.1}}",0.1,0.005,0.15,5,0.05,0.005,0.1,30,,,,-1,two_stage,2,0.5,"__confirm_cooldown=200,__confirm_rule=perm_test,__perm_alpha=0.01,__perm_delta_k=25,__perm_min_effect=0,__perm_n_perm=200,__perm_post_n=50,__perm_pre_n=500,__perm_rng_seed=0,__perm_stat=delta_fused_score,divergence=0.3,error_rate=0.5,teacher_entropy=0.2",3,0,200,0.0,0,10000,10.0,25.0,200,500,1,72,1.0,0.8530166514598541,0.654180663179127,0.0,0.2961733043193817,0.012611432932317257,0,0,94,81,-1,perm_test,0.004975124378109453,0.027522089921038977,185,81,104,0.0,0.009862164966762066,0,0.0,0.0,0.0,0.0,0,none,0,1,0,overconfident,0.95,0,mild_drift,0.9641243951687888,0.001235587732061265,0.8257636852802762,0.8665991569046048,1768146525.992758,0.12619374692440033,0.08249721676111221
549,35136,35135,sea_abrupt4,sea,ts_drift_adapt,3,"error_divergence_ph_meta@error.threshold=0.10,error.min_instances=5",error_divergence_ph_meta,"{""divergence"": {""alpha"": 0.1, ""delta"": 0.005, ""min_instances"": 30, ""threshold"": 0.05}, ""error_rate"": {""alpha"": 0.15, ""delta"": 0.005, ""min_instances"": 5, ""threshold"": 0.1}}","{""error_rate"": {""min_instances"": 5, ""threshold"": 0.1}}",0.1,0.005,0.15,5,0.05,0.005,0.1,30,,,,-1,two_stage,2,0.5,"__confirm_cooldown=200,__confirm_rule=perm_test,__perm_alpha=0.01,__perm_delta_k=25,__perm_min_effect=0,__perm_n_perm=200,__perm_post_n=50,__perm_pre_n=500,__perm_rng_seed=0,__perm_stat=delta_fused_score,divergence=0.3,error_rate=0.5,teacher_entropy=0.2",3,0,200,0.0,0,10000,10.0,25.0,200,500,1,8,1.0,0.8531989981785064,0.6548462748437366,0.0,0.27057555317878723,0.014532164670526981,0,0,94,81,-1,perm_test,0.004975124378109453,0.027522089921038977,185,81,104,0.0,0.0019207317382097244,0,0.0,0.0,0.0,0.0,0,none,0,1,0,overconfident,0.95,0,mild_drift,0.9622121975843944,0.0012677938660306325,0.8128818426401381,0.8607995784523024,1768146526.0027487,0.04677332937717438,0.0944817066192627
550,35200,35199,sea_abrupt4,sea,ts_drift_adapt,3,"error_divergence_ph_meta@error.threshold=0.10,error.min_instances=5",error_divergence_ph_meta,"{""divergence"": {""alpha"": 0.1, ""delta"": 0.005, ""min_instances"": 30, ""threshold"": 0.05}, ""error_rate"": {""alpha"": 0.15, ""delta"": 0.005, ""min_instances"": 5, ""threshold"": 0.1}}","{""error_rate"": {""min_instances"": 5, ""threshold"": 0.1}}",0.1,0.005,0.15,5,0.05,0.005,0.1,30,,,,-1,two_stage,2,0.5,"__confirm_cooldown=200,__confirm_rule=perm_test,__perm_alpha=0.01,__perm_delta_k=25,__perm_min_effect=0,__perm_n_perm=200,__perm_post_n=50,__perm_pre_n=500,__perm_rng_seed=0,__perm_stat=delta_fused_score,divergence=0.3,error_rate=0.5,teacher_entropy=0.2",3,0,200,0.0,0,10000,10.0,25.0,200,500,0,0,1.0,0.8533238636363636,0.6552876137638921,0.0,0.30534112453460693,0.01946377009153366,0,0,94,81,-1,perm_test,0.004975124378109453,0.027522089921038977,185,81,104,0.0,0.0049316054210066795,0,0.0,0.0,0.0,0.0,0,none,0,1,0,overconfident,0.95,0,mild_drift,0.9612560987921972,0.0012838969330153163,0.8064409213200691,0.8578997892261512,1768146526.0135434,0.044259995222091675,0.1345755010843277
551,35264,35263,sea_abrupt4,sea,ts_drift_adapt,3,"error_divergence_ph_meta@error.threshold=0.10,error.min_instances=5",error_divergence_ph_meta,"{""divergence"": {""alpha"": 0.1, ""delta"": 0.005, ""min_instances"": 30, ""threshold"": 0.05}, ""error_rate"": {""alpha"": 0.15, ""delta"": 0.005, ""min_instances"": 5, ""threshold"": 0.1}}","{""error_rate"": {""min_instances"": 5, ""threshold"": 0.1}}",0.1,0.005,0.15,5,0.05,0.005,0.1,30,,,,-1,two_stage,2,0.5,"__confirm_cooldown=200,__confirm_rule=perm_test,__perm_alpha=0.01,__perm_delta_k=25,__perm_min_effect=0,__perm_n_perm=200,__perm_post_n=50,__perm_pre_n=500,__perm_rng_seed=0,__perm_stat=delta_fused_score,divergence=0.3,error_rate=0.5,teacher_entropy=0.2",3,0,200,0.0,0,10000,10.0,25.0,200,500,0,0,1.0,0.8533632032667876,0.6555017169282117,0.16666666666666666,0.22433917224407196,0.00963912159204483,1,1,95,82,0,perm_test,0.004975124378109453,0.06674314167855568,186,82,104,0.16666666666666666,0.16666666666666666,1,0.5,0.0,0.0,0.0,0,none,1,1,0,overconfident,0.95,0,severe_drift,0.9261280493960986,0.0016419484665076583,0.6532204606600345,0.8339498946130757,1768146526.0310352,0.30000758171081543,0.07572230696678162
552,35328,35327,sea_abrupt4,sea,ts_drift_adapt,3,"error_divergence_ph_meta@error.threshold=0.10,error.min_instances=5",error_divergence_ph_meta,"{""divergence"": {""alpha"": 0.1, ""delta"": 0.005, ""min_instances"": 30, ""threshold"": 0.05}, ""error_rate"": {""alpha"": 0.15, ""delta"": 0.005, ""min_instances"": 5, ""threshold"": 0.1}}","{""error_rate"": {""min_instances"": 5, ""threshold"": 0.1}}",0.1,0.005,0.15,5,0.05,0.005,0.1,30,,,,-1,two_stage,2,0.5,"__confirm_cooldown=200,__confirm_rule=perm_test,__perm_alpha=0.01,__perm_delta_k=25,__perm_min_effect=0,__perm_n_perm=200,__perm_post_n=50,__perm_pre_n=500,__perm_rng_seed=0,__perm_stat=delta_fused_score,divergence=0.3,error_rate=0.5,teacher_entropy=0.2",3,0,200,0.0,0,10000,10.0,25.0,200,500,1,136,1.0,0.8534024003623188,0.6557830883852757,0.0,0.2611367404460907,0.014855347573757172,0,0,95,82,-1,perm_test,0.004975124378109453,0.06674314167855568,186,82,104,0.0,0.16666666666666666,0,0.0,0.0,0.0,0.0,0,none,0,1,0,overconfident,0.95,0,mild_drift,0.9432140246980493,0.0014709742332538293,0.7266102303300173,0.8444749473065378,1768146526.0410888,0.33013060688972473,0.12506936490535736
553,35392,35391,sea_abrupt4,sea,ts_drift_adapt,3,"error_divergence_ph_meta@error.threshold=0.10,error.min_instances=5",error_divergence_ph_meta,"{""divergence"": {""alpha"": 0.1, ""delta"": 0.005, ""min_instances"": 30, ""threshold"": 0.05}, ""error_rate"": {""alpha"": 0.15, ""delta"": 0.005, ""min_instances"": 5, ""threshold"": 0.1}}","{""error_rate"": {""min_instances"": 5, ""threshold"": 0.1}}",0.1,0.005,0.15,5,0.05,0.005,0.1,30,,,,-1,two_stage,2,0.5,"__confirm_cooldown=200,__confirm_rule=perm_test,__perm_alpha=0.01,__perm_delta_k=25,__perm_min_effect=0,__perm_n_perm=200,__perm_post_n=50,__perm_pre_n=500,__perm_rng_seed=0,__perm_stat=delta_fused_score,divergence=0.3,error_rate=0.5,teacher_entropy=0.2",3,0,200,0.0,0,10000,10.0,25.0,200,500,1,72,1.0,0.8535262206148282,0.6561829164375453,0.0,0.25792956352233887,0.018691644072532654,0,0,95,82,-1,perm_test,0.004975124378109453,0.06674314167855568,186,82,104,0.0,0.003836296498775482,0,0.0,0.0,0.0,0.0,0,none,0,1,0,overconfident,0.95,0,mild_drift,0.9517570123490247,0.0013854871166269146,0.7633051151650087,0.8497374736532689,1768146526.051016,0.12803442776203156,0.20164479315280914
554,35456,35455,sea_abrupt4,sea,ts_drift_adapt,3,"error_divergence_ph_meta@error.threshold=0.10,error.min_instances=5",error_divergence_ph_meta,"{""divergence"": {""alpha"": 0.1, ""delta"": 0.005, ""min_instances"": 30, ""threshold"": 0.05}, ""error_rate"": {""alpha"": 0.15, ""delta"": 0.005, ""min_instances"": 5, ""threshold"": 0.1}}","{""error_rate"": {""min_instances"": 5, ""threshold"": 0.1}}",0.1,0.005,0.15,5,0.05,0.005,0.1,30,,,,-1,two_stage,2,0.5,"__confirm_cooldown=200,__confirm_rule=perm_test,__perm_alpha=0.01,__perm_delta_k=25,__perm_min_effect=0,__perm_n_perm=200,__perm_post_n=50,__perm_pre_n=500,__perm_rng_seed=0,__perm_stat=delta_fused_score,divergence=0.3,error_rate=0.5,teacher_entropy=0.2",3,0,200,0.0,0,10000,10.0,25.0,200,500,1,8,1.0,0.8535649819494585,0.6563894339411672,0.16666666666666666,0.2349698841571808,0.01605929248034954,0,0,95,82,-1,perm_test,0.004975124378109453,0.06674314167855568,186,82,104,0.0,0.16666666666666666,0,0.0,0.0,0.0,0.0,0,none,0,1,0,overconfident,0.95,0,mild_drift,0.9560285061745123,0.0013427435583134575,0.7816525575825044,0.8523687368266344,1768146526.0609338,0.3450686037540436,0.1500435769557953
555,35520,35519,sea_abrupt4,sea,ts_drift_adapt,3,"error_divergence_ph_meta@error.threshold=0.10,error.min_instances=5",error_divergence_ph_meta,"{""divergence"": {""alpha"": 0.1, ""delta"": 0.005, ""min_instances"": 30, ""threshold"": 0.05}, ""error_rate"": {""alpha"": 0.15, ""delta"": 0.005, ""min_instances"": 5, ""threshold"": 0.1}}","{""error_rate"": {""min_instances"": 5, ""threshold"": 0.1}}",0.1,0.005,0.15,5,0.05,0.005,0.1,30,,,,-1,two_stage,2,0.5,"__confirm_cooldown=200,__confirm_rule=perm_test,__perm_alpha=0.01,__perm_delta_k=25,__perm_min_effect=0,__perm_n_perm=200,__perm_post_n=50,__perm_pre_n=500,__perm_rng_seed=0,__perm_stat=delta_fused_score,divergence=0.3,error_rate=0.5,teacher_entropy=0.2",3,0,200,0.0,0,10000,10.0,25.0,200,500,0,0,1.0,0.8537162162162162,0.6567304788693917,0.0,0.2459201216697693,0.013738663867115974,0,0,95,82,-1,perm_test,0.004975124378109453,0.06674314167855568,186,82,104,0.0,0.16666666666666666,0,0.0,0.0,0.0,0.0,0,none,0,1,0,overconfident,0.95,0,mild_drift,0.9581642530872561,0.0013213717791567287,0.7908262787912522,0.8536843684133172,1768146526.0711775,0.012229740619659424,0.13425543904304504
556,35584,35583,sea_abrupt4,sea,ts_drift_adapt,3,"error_divergence_ph_meta@error.threshold=0.10,error.min_instances=5",error_divergence_ph_meta,"{""divergence"": {""alpha"": 0.1, ""delta"": 0.005, ""min_instances"": 30, ""threshold"": 0.05}, ""error_rate"": {""alpha"": 0.15, ""delta"": 0.005, ""min_instances"": 5, ""threshold"": 0.1}}","{""error_rate"": {""min_instances"": 5, ""threshold"": 0.1}}",0.1,0.005,0.15,5,0.05,0.005,0.1,30,,,,-1,two_stage,2,0.5,"__confirm_cooldown=200,__confirm_rule=perm_test,__perm_alpha=0.01,__perm_delta_k=25,__perm_min_effect=0,__perm_n_perm=200,__perm_post_n=50,__perm_pre_n=500,__perm_rng_seed=0,__perm_stat=delta_fused_score,divergence=0.3,error_rate=0.5,teacher_entropy=0.2",3,0,200,0.0,0,10000,10.0,25.0,200,500,0,0,1.0,0.8537263938848921,0.6568582031498403,0.16666666666666666,0.2735211253166199,0.015737254172563553,1,1,96,83,0,perm_test,0.004975124378109453,0.0545444587799819,187,83,104,0.0,0.16666666666666666,1,0.5,0.0,0.0,0.0,0,none,1,1,0,overconfident,0.95,0,stable,0.974082126543628,0.0010606858895783643,0.8954131393956262,0.8993421842066587,1768146526.0888216,0.4164562523365021,0.13831965625286102
557,35648,35647,sea_abrupt4,sea,ts_drift_adapt,3,"error_divergence_ph_meta@error.threshold=0.10,error.min_instances=5",error_divergence_ph_meta,"{""divergence"": {""alpha"": 0.1, ""delta"": 0.005, ""min_instances"": 30, ""threshold"": 0.05}, ""error_rate"": {""alpha"": 0.15, ""delta"": 0.005, ""min_instances"": 5, ""threshold"": 0.1}}","{""error_rate"": {""min_instances"": 5, ""threshold"": 0.1}}",0.1,0.005,0.15,5,0.05,0.005,0.1,30,,,,-1,two_stage,2,0.5,"__confirm_cooldown=200,__confirm_rule=perm_test,__perm_alpha=0.01,__perm_delta_k=25,__perm_min_effect=0,__perm_n_perm=200,__perm_post_n=50,__perm_pre_n=500,__perm_rng_seed=0,__perm_stat=delta_fused_score,divergence=0.3,error_rate=0.5,teacher_entropy=0.2",3,0,200,0.0,0,10000,10.0,25.0,200,500,1,136,1.0,0.8537926391382405,0.6571485111353111,0.0,0.24312500655651093,0.012749917805194855,0,0,96,83,-1,perm_test,0.004975124378109453,0.0545444587799819,187,83,104,0.0,0.16666666666666666,0,0.0,0.0,0.0,0.0,0,none,0,1,0,overconfident,0.95,0,mild_drift,0.9671910632718139,0.0011803429447891822,0.8477065696978131,0.8771710921033293,1768146526.0988047,0.04697226360440254,0.11956964433193207
558,35712,35711,sea_abrupt4,sea,ts_drift_adapt,3,"error_divergence_ph_meta@error.threshold=0.10,error.min_instances=5",error_divergence_ph_meta,"{""divergence"": {""alpha"": 0.1, ""delta"": 0.005, ""min_instances"": 30, ""threshold"": 0.05}, ""error_rate"": {""alpha"": 0.15, ""delta"": 0.005, ""min_instances"": 5, ""threshold"": 0.1}}","{""error_rate"": {""min_instances"": 5, ""threshold"": 0.1}}",0.1,0.005,0.15,5,0.05,0.005,0.1,30,,,,-1,two_stage,2,0.5,"__confirm_cooldown=200,__confirm_rule=perm_test,__perm_alpha=0.01,__perm_delta_k=25,__perm_min_effect=0,__perm_n_perm=200,__perm_post_n=50,__perm_pre_n=500,__perm_rng_seed=0,__perm_stat=delta_fused_score,divergence=0.3,error_rate=0.5,teacher_entropy=0.2",3,0,200,0.0,0,10000,10.0,25.0,200,500,1,72,1.0,0.853858646953405,0.6574058955038112,0.16666666666666666,0.23716658353805542,0.009976227767765522,0,0,96,83,-1,perm_test,0.004975124378109453,0.0545444587799819,187,83,104,0.0,0.16666666666666666,0,0.0,0.0,0.0,0.0,0,none,0,1,0,overconfident,0.95,0,mild_drift,0.9637455316359069,0.0012401714723945913,0.8238532848489066,0.8660855460516647,1768146526.1087253,0.20618028938770294,0.093360036611557
559,35776,35775,sea_abrupt4,sea,ts_drift_adapt,3,"error_divergence_ph_meta@error.threshold=0.10,error.min_instances=5",error_divergence_ph_meta,"{""divergence"": {""alpha"": 0.1, ""delta"": 0.005, ""min_instances"": 30, ""threshold"": 0.05}, ""error_rate"": {""alpha"": 0.15, ""delta"": 0.005, ""min_instances"": 5, ""threshold"": 0.1}}","{""error_rate"": {""min_instances"": 5, ""threshold"": 0.1}}",0.1,0.005,0.15,5,0.05,0.005,0.1,30,,,,-1,two_stage,2,0.5,"__confirm_cooldown=200,__confirm_rule=perm_test,__perm_alpha=0.01,__perm_delta_k=25,__perm_min_effect=0,__perm_n_perm=200,__perm_post_n=50,__perm_pre_n=500,__perm_rng_seed=0,__perm_stat=delta_fused_score,divergence=0.3,error_rate=0.5,teacher_entropy=0.2",3,0,200,0.0,0,10000,10.0,25.0,200,500,1,8,1.0,0.8539523703041145,0.6577169507329693,0.16666666666666666,0.24798928201198578,0.015253954567015171,0,0,96,83,-1,perm_test,0.004975124378109453,0.0545444587799819,187,83,104,0.0,0.005277726799249649,0,0.0,0.0,0.0,0.0,0,none,0,1,0,overconfident,0.95,0,mild_drift,0.9620227658179534,0.0012700857361972956,0.8119266424244533,0.8605427730258324,1768146526.1186008,0.23956303298473358,0.12678557634353638
560,35840,35839,sea_abrupt4,sea,ts_drift_adapt,3,"error_divergence_ph_meta@error.threshold=0.10,error.min_instances=5",error_divergence_ph_meta,"{""divergence"": {""alpha"": 0.1, ""delta"": 0.005, ""min_instances"": 30, ""threshold"": 0.05}, ""error_rate"": {""alpha"": 0.15, ""delta"": 0.005, ""min_instances"": 5, ""threshold"": 0.1}}","{""error_rate"": {""min_instances"": 5, ""threshold"": 0.1}}",0.1,0.005,0.15,5,0.05,0.005,0.1,30,,,,-1,two_stage,2,0.5,"__confirm_cooldown=200,__confirm_rule=perm_test,__perm_alpha=0.01,__perm_delta_k=25,__perm_min_effect=0,__perm_n_perm=200,__perm_post_n=50,__perm_pre_n=500,__perm_rng_seed=0,__perm_stat=delta_fused_score,divergence=0.3,error_rate=0.5,teacher_entropy=0.2",3,0,200,0.0,0,10000,10.0,25.0,200,500,0,0,1.0,0.8539620535714286,0.6578374225201601,0.0,0.26013585925102234,0.011366632767021656,0,0,96,83,-1,perm_test,0.004975124378109453,0.0545444587799819,187,83,104,0.0,0.16666666666666666,0,0.0,0.0,0.0,0.0,0,none,0,1,0,overconfident,0.95,0,mild_drift,0.9611613829089767,0.0012850428680986478,0.8059633212122267,0.8577713865129162,1768146526.1287458,0.012333984486758709,0.12556573748588562
561,35904,35903,sea_abrupt4,sea,ts_drift_adapt,3,"error_divergence_ph_meta@error.threshold=0.10,error.min_instances=5",error_divergence_ph_meta,"{""divergence"": {""alpha"": 0.1, ""delta"": 0.005, ""min_instances"": 30, ""threshold"": 0.05}, ""error_rate"": {""alpha"": 0.15, ""delta"": 0.005, ""min_instances"": 5, ""threshold"": 0.1}}","{""error_rate"": {""min_instances"": 5, ""threshold"": 0.1}}",0.1,0.005,0.15,5,0.05,0.005,0.1,30,,,,-1,two_stage,2,0.5,"__confirm_cooldown=200,__confirm_rule=perm_test,__perm_alpha=0.01,__perm_delta_k=25,__perm_min_effect=0,__perm_n_perm=200,__perm_post_n=50,__perm_pre_n=500,__perm_rng_seed=0,__perm_stat=delta_fused_score,divergence=0.3,error_rate=0.5,teacher_entropy=0.2",3,0,200,0.0,0,10000,10.0,25.0,200,500,0,0,1.0,0.8539717023172906,0.657972287503569,0.3333333333333333,0.2506002187728882,0.008932238444685936,1,1,97,84,0,perm_test,0.004975124378109453,0.11439732197657208,188,84,104,0.16666666666666666,0.3333333333333333,1,0.5,0.0,0.0,0.0,0,none,1,1,0,overconfident,0.95,0,severe_drift,0.9260806914544883,0.001642521434049324,0.6529816606061134,0.8338856932564581,1768146526.1461558,0.46734046936035156,0.08696453273296356
562,35968,35967,sea_abrupt4,sea,ts_drift_adapt,3,"error_divergence_ph_meta@error.threshold=0.10,error.min_instances=5",error_divergence_ph_meta,"{""divergence"": {""alpha"": 0.1, ""delta"": 0.005, ""min_instances"": 30, ""threshold"": 0.05}, ""error_rate"": {""alpha"": 0.15, ""delta"": 0.005, ""min_instances"": 5, ""threshold"": 0.1}}","{""error_rate"": {""min_instances"": 5, ""threshold"": 0.1}}",0.1,0.005,0.15,5,0.05,0.005,0.1,30,,,,-1,two_stage,2,0.5,"__confirm_cooldown=200,__confirm_rule=perm_test,__perm_alpha=0.01,__perm_delta_k=25,__perm_min_effect=0,__perm_n_perm=200,__perm_post_n=50,__perm_pre_n=500,__perm_rng_seed=0,__perm_stat=delta_fused_score,divergence=0.3,error_rate=0.5,teacher_entropy=0.2",3,0,200,0.0,0,10000,10.0,25.0,200,500,1,136,1.0,0.8540091192170819,0.6581709546152349,0.3333333333333333,0.2676827907562256,0.010796189308166504,0,0,97,84,-1,perm_test,0.004975124378109453,0.11439732197657208,188,84,104,0.0,0.001863950863480568,0,0.0,0.0,0.0,0.0,0,none,0,1,0,overconfident,0.95,0,mild_drift,0.9431903457272441,0.0014712607170246621,0.7264908303030567,0.844442846628229,1768146526.1561904,0.6776108741760254,0.08556868135929108
563,36032,36031,sea_abrupt4,sea,ts_drift_adapt,3,"error_divergence_ph_meta@error.threshold=0.10,error.min_instances=5",error_divergence_ph_meta,"{""divergence"": {""alpha"": 0.1, ""delta"": 0.005, ""min_instances"": 30, ""threshold"": 0.05}, ""error_rate"": {""alpha"": 0.15, ""delta"": 0.005, ""min_instances"": 5, ""threshold"": 0.1}}","{""error_rate"": {""min_instances"": 5, ""threshold"": 0.1}}",0.1,0.005,0.15,5,0.05,0.005,0.1,30,,,,-1,two_stage,2,0.5,"__confirm_cooldown=200,__confirm_rule=perm_test,__perm_alpha=0.01,__perm_delta_k=25,__perm_min_effect=0,__perm_n_perm=200,__perm_post_n=50,__perm_pre_n=500,__perm_rng_seed=0,__perm_stat=delta_fused_score,divergence=0.3,error_rate=0.5,teacher_entropy=0.2",3,0,200,0.0,0,10000,10.0,25.0,200,500,1,72,1.0,0.8541851687388987,0.6586656432027918,0.0,0.2003251016139984,0.008411504328250885,0,0,97,84,-1,perm_test,0.004975124378109453,0.11439732197657208,188,84,104,0.0,0.3333333333333333,0,0.0,0.0,0.0,0.0,0,none,0,1,0,overconfident,0.95,0,mild_drift,0.951745172863622,0.001385630358512331,0.7632454151515284,0.8497214233141145,1768146526.1659832,0.0808381512761116,0.0830879881978035
564,36096,36095,sea_abrupt4,sea,ts_drift_adapt,3,"error_divergence_ph_meta@error.threshold=0.10,error.min_instances=5",error_divergence_ph_meta,"{""divergence"": {""alpha"": 0.1, ""delta"": 0.005, ""min_instances"": 30, ""threshold"": 0.05}, ""error_rate"": {""alpha"": 0.15, ""delta"": 0.005, ""min_instances"": 5, ""threshold"": 0.1}}","{""error_rate"": {""min_instances"": 5, ""threshold"": 0.1}}",0.1,0.005,0.15,5,0.05,0.005,0.1,30,,,,-1,two_stage,2,0.5,"__confirm_cooldown=200,__confirm_rule=perm_test,__perm_alpha=0.01,__perm_delta_k=25,__perm_min_effect=0,__perm_n_perm=200,__perm_post_n=50,__perm_pre_n=500,__perm_rng_seed=0,__perm_stat=delta_fused_score,divergence=0.3,error_rate=0.5,teacher_entropy=0.2",3,0,200,0.0,0,10000,10.0,25.0,200,500,1,8,1.0,0.8542774822695035,0.6590260322459489,0.3333333333333333,0.24436159431934357,0.014847993850708008,0,0,97,84,-1,perm_test,0.004975124378109453,0.11439732197657208,188,84,104,0.0,0.3333333333333333,0,0.0,0.0,0.0,0.0,0,none,0,1,0,overconfident,0.95,0,mild_drift,0.956022586431811,0.0013428151792561657,0.7816227075757642,0.8523607116570573,1768146526.1759632,0.410291463136673,0.12156930565834045
565,36160,36159,sea_abrupt4,sea,ts_drift_adapt,3,"error_divergence_ph_meta@error.threshold=0.10,error.min_instances=5",error_divergence_ph_meta,"{""divergence"": {""alpha"": 0.1, ""delta"": 0.005, ""min_instances"": 30, ""threshold"": 0.05}, ""error_rate"": {""alpha"": 0.15, ""delta"": 0.005, ""min_instances"": 5, ""threshold"": 0.1}}","{""error_rate"": {""min_instances"": 5, ""threshold"": 0.1}}",0.1,0.005,0.15,5,0.05,0.005,0.1,30,,,,-1,two_stage,2,0.5,"__confirm_cooldown=200,__confirm_rule=perm_test,__perm_alpha=0.01,__perm_delta_k=25,__perm_min_effect=0,__perm_n_perm=200,__perm_post_n=50,__perm_pre_n=500,__perm_rng_seed=0,__perm_stat=delta_fused_score,divergence=0.3,error_rate=0.5,teacher_entropy=0.2",3,0,200,0.0,0,10000,10.0,25.0,200,500,0,0,1.0,0.8543141592920354,0.6592589985519226,0.16666666666666666,0.23982687294483185,0.013201781548559666,0,0,97,84,-1,perm_test,0.004975124378109453,0.11439732197657208,188,84,104,0.0,0.16666666666666666,0,0.0,0.0,0.0,0.0,0,none,0,1,0,overconfident,0.95,0,mild_drift,0.9581612932159055,0.001321407589628083,0.7908113537878821,0.8536803558285286,1768146526.186039,0.2880238890647888,0.1134393960237503
566,36224,36223,sea_abrupt4,sea,ts_drift_adapt,3,"error_divergence_ph_meta@error.threshold=0.10,error.min_instances=5",error_divergence_ph_meta,"{""divergence"": {""alpha"": 0.1, ""delta"": 0.005, ""min_instances"": 30, ""threshold"": 0.05}, ""error_rate"": {""alpha"": 0.15, ""delta"": 0.005, ""min_instances"": 5, ""threshold"": 0.1}}","{""error_rate"": {""min_instances"": 5, ""threshold"": 0.1}}",0.1,0.005,0.15,5,0.05,0.005,0.1,30,,,,-1,two_stage,2,0.5,"__confirm_cooldown=200,__confirm_rule=perm_test,__perm_alpha=0.01,__perm_delta_k=25,__perm_min_effect=0,__perm_n_perm=200,__perm_post_n=50,__perm_pre_n=500,__perm_rng_seed=0,__perm_stat=delta_fused_score,divergence=0.3,error_rate=0.5,teacher_entropy=0.2",3,0,200,0.0,0,10000,10.0,25.0,200,500,0,0,1.0,0.8543507067137809,0.659466286295633,0.16666666666666666,0.25579074025154114,0.010650199837982655,0,1,98,84,-1,perm_test,1.0,-0.017174222682825143,189,84,105,0.16666666666666666,0.002551581710577011,1,0.5,0.0,0.0,0.0,0,none,0,1,0,overconfident,0.95,0,mild_drift,0.9592306466079528,0.0013107037948140417,0.795405676893941,0.8543401779142643,1768146526.1963472,0.21729262173175812,0.08710843324661255
567,36288,36287,sea_abrupt4,sea,ts_drift_adapt,3,"error_divergence_ph_meta@error.threshold=0.10,error.min_instances=5",error_divergence_ph_meta,"{""divergence"": {""alpha"": 0.1, ""delta"": 0.005, ""min_instances"": 30, ""threshold"": 0.05}, ""error_rate"": {""alpha"": 0.15, ""delta"": 0.005, ""min_instances"": 5, ""threshold"": 0.1}}","{""error_rate"": {""min_instances"": 5, ""threshold"": 0.1}}",0.1,0.005,0.15,5,0.05,0.005,0.1,30,,,,-1,two_stage,2,0.5,"__confirm_cooldown=200,__confirm_rule=perm_test,__perm_alpha=0.01,__perm_delta_k=25,__perm_min_effect=0,__perm_n_perm=200,__perm_post_n=50,__perm_pre_n=500,__perm_rng_seed=0,__perm_stat=delta_fused_score,divergence=0.3,error_rate=0.5,teacher_entropy=0.2",3,0,200,0.0,0,10000,10.0,25.0,200,500,0,0,1.0,0.8543320105820106,0.6595377128875174,0.0,0.2861817181110382,0.024008862674236298,0,0,98,84,-1,perm_test,0.13930348258706468,0.010334816575027864,190,84,106,0.0,0.16666666666666666,0,0.0,0.0,0.0,0.0,0,none,0,1,0,overconfident,0.95,0,mild_drift,0.9597653233039763,0.0013053518974070208,0.7977028384469705,0.8546700889571321,1768146526.21538,0.11300525069236755,0.20141559839248657
568,36352,36351,sea_abrupt4,sea,ts_drift_adapt,3,"error_divergence_ph_meta@error.threshold=0.10,error.min_instances=5",error_divergence_ph_meta,"{""divergence"": {""alpha"": 0.1, ""delta"": 0.005, ""min_instances"": 30, ""threshold"": 0.05}, ""error_rate"": {""alpha"": 0.15, ""delta"": 0.005, ""min_instances"": 5, ""threshold"": 0.1}}","{""error_rate"": {""min_instances"": 5, ""threshold"": 0.1}}",0.1,0.005,0.15,5,0.05,0.005,0.1,30,,,,-1,two_stage,2,0.5,"__confirm_cooldown=200,__confirm_rule=perm_test,__perm_alpha=0.01,__perm_delta_k=25,__perm_min_effect=0,__perm_n_perm=200,__perm_post_n=50,__perm_pre_n=500,__perm_rng_seed=0,__perm_stat=delta_fused_score,divergence=0.3,error_rate=0.5,teacher_entropy=0.2",3,0,200,0.0,0,10000,10.0,25.0,200,500,0,0,1.0,0.8543959066901409,0.6598688424099576,0.0,0.23902921378612518,0.015220013447105885,0,0,98,84,-1,perm_test,1.0,-0.013819295859124264,191,84,107,0.0,0.008788849227130413,0,0.0,0.0,0.0,0.0,0,none,0,1,0,overconfident,0.95,0,mild_drift,0.9600326616519881,0.0013026759487035104,0.7988514192234852,0.8548350444785661,1768146526.227812,0.09140200167894363,0.15375825762748718
569,36416,36415,sea_abrupt4,sea,ts_drift_adapt,3,"error_divergence_ph_meta@error.threshold=0.10,error.min_instances=5",error_divergence_ph_meta,"{""divergence"": {""alpha"": 0.1, ""delta"": 0.005, ""min_instances"": 30, ""threshold"": 0.05}, ""error_rate"": {""alpha"": 0.15, ""delta"": 0.005, ""min_instances"": 5, ""threshold"": 0.1}}","{""error_rate"": {""min_instances"": 5, ""threshold"": 0.1}}",0.1,0.005,0.15,5,0.05,0.005,0.1,30,,,,-1,two_stage,2,0.5,"__confirm_cooldown=200,__confirm_rule=perm_test,__perm_alpha=0.01,__perm_delta_k=25,__perm_min_effect=0,__perm_n_perm=200,__perm_post_n=50,__perm_pre_n=500,__perm_rng_seed=0,__perm_stat=delta_fused_score,divergence=0.3,error_rate=0.5,teacher_entropy=0.2",3,0,200,0.0,0,10000,10.0,25.0,200,500,0,0,1.0,0.8544046572934973,0.6600809015967843,0.16666666666666666,0.30761265754699707,0.018949363380670547,1,0,98,85,3,perm_test,0.004975124378109453,0.04454599803462561,192,85,107,0.0,0.16666666666666666,0,0.0,0.0,0.0,0.0,0,none,1,1,0,overconfident,0.95,0,stable,0.975016330825994,0.0010513379743517552,0.8994257096117426,0.899917522239283,1768146526.2447944,0.255238801240921,0.12122851610183716
570,36480,36479,sea_abrupt4,sea,ts_drift_adapt,3,"error_divergence_ph_meta@error.threshold=0.10,error.min_instances=5",error_divergence_ph_meta,"{""divergence"": {""alpha"": 0.1, ""delta"": 0.005, ""min_instances"": 30, ""threshold"": 0.05}, ""error_rate"": {""alpha"": 0.15, ""delta"": 0.005, ""min_instances"": 5, ""threshold"": 0.1}}","{""error_rate"": {""min_instances"": 5, ""threshold"": 0.1}}",0.1,0.005,0.15,5,0.05,0.005,0.1,30,,,,-1,two_stage,2,0.5,"__confirm_cooldown=200,__confirm_rule=perm_test,__perm_alpha=0.01,__perm_delta_k=25,__perm_min_effect=0,__perm_n_perm=200,__perm_post_n=50,__perm_pre_n=500,__perm_rng_seed=0,__perm_stat=delta_fused_score,divergence=0.3,error_rate=0.5,teacher_entropy=0.2",3,0,200,0.0,0,10000,10.0,25.0,200,500,1,136,1.0,0.8544133771929825,0.6602134230875795,0.16666666666666666,0.23618082702159882,0.01150784082710743,0,0,98,85,-1,perm_test,0.004975124378109453,0.04454599803462561,192,85,107,0.0,0.007441522553563118,0,0.0,0.0,0.0,0.0,0,none,0,1,0,overconfident,0.95,0,mild_drift,0.967658165412997,0.0011756689871758777,0.8497128548058713,0.8774587611196415,1768146526.254761,0.351553350687027,0.10306847095489502
571,36544,36543,sea_abrupt4,sea,ts_drift_adapt,3,"error_divergence_ph_meta@error.threshold=0.10,error.min_instances=5",error_divergence_ph_meta,"{""divergence"": {""alpha"": 0.1, ""delta"": 0.005, ""min_instances"": 30, ""threshold"": 0.05}, ""error_rate"": {""alpha"": 0.15, ""delta"": 0.005, ""min_instances"": 5, ""threshold"": 0.1}}","{""error_rate"": {""min_instances"": 5, ""threshold"": 0.1}}",0.1,0.005,0.15,5,0.05,0.005,0.1,30,,,,-1,two_stage,2,0.5,"__confirm_cooldown=200,__confirm_rule=perm_test,__perm_alpha=0.01,__perm_delta_k=25,__perm_min_effect=0,__perm_n_perm=200,__perm_post_n=50,__perm_pre_n=500,__perm_rng_seed=0,__perm_stat=delta_fused_score,divergence=0.3,error_rate=0.5,teacher_entropy=0.2",3,0,200,0.0,0,10000,10.0,25.0,200,500,1,72,1.0,0.8543947022767076,0.660261702165562,0.5,0.21221651136875153,0.008723937906324863,0,1,98,85,-1,perm_test,0.004975124378109453,0.04454599803462561,192,85,107,0.33333333333333337,0.33333333333333337,1,0.5,0.0,0.0,0.0,0,none,0,1,0,overconfident,0.95,0,mild_drift,0.9639790827064985,0.001237834493587939,0.8248564274029357,0.8662293805598207,1768146526.2646375,0.6426053643226624,0.07108909636735916
572,36608,36607,sea_abrupt4,sea,ts_drift_adapt,3,"error_divergence_ph_meta@error.threshold=0.10,error.min_instances=5",error_divergence_ph_meta,"{""divergence"": {""alpha"": 0.1, ""delta"": 0.005, ""min_instances"": 30, ""threshold"": 0.05}, ""error_rate"": {""alpha"": 0.15, ""delta"": 0.005, ""min_instances"": 5, ""threshold"": 0.1}}","{""error_rate"": {""min_instances"": 5, ""threshold"": 0.1}}",0.1,0.005,0.15,5,0.05,0.005,0.1,30,,,,-1,two_stage,2,0.5,"__confirm_cooldown=200,__confirm_rule=perm_test,__perm_alpha=0.01,__perm_delta_k=25,__perm_min_effect=0,__perm_n_perm=200,__perm_post_n=50,__perm_pre_n=500,__perm_rng_seed=0,__perm_stat=delta_fused_score,divergence=0.3,error_rate=0.5,teacher_entropy=0.2",3,0,200,0.0,0,10000,10.0,25.0,200,500,1,8,1.0,0.8544307255244755,0.6603964180243038,0.0,0.22475993633270264,0.011152372695505619,0,0,98,85,-1,perm_test,0.004975124378109453,0.04454599803462561,192,85,107,0.0,0.5,0,0.0,0.0,0.0,0.0,0,none,0,1,0,overconfident,0.95,0,mild_drift,0.9621395413532492,0.0012689172467939694,0.8124282137014679,0.8606146902799103,1768146526.2745552,0.07743851095438004,0.102670818567276
573,36672,36671,sea_abrupt4,sea,ts_drift_adapt,3,"error_divergence_ph_meta@error.threshold=0.10,error.min_instances=5",error_divergence_ph_meta,"{""divergence"": {""alpha"": 0.1, ""delta"": 0.005, ""min_instances"": 30, ""threshold"": 0.05}, ""error_rate"": {""alpha"": 0.15, ""delta"": 0.005, ""min_instances"": 5, ""threshold"": 0.1}}","{""error_rate"": {""min_instances"": 5, ""threshold"": 0.1}}",0.1,0.005,0.15,5,0.05,0.005,0.1,30,,,,-1,two_stage,2,0.5,"__confirm_cooldown=200,__confirm_rule=perm_test,__perm_alpha=0.01,__perm_delta_k=25,__perm_min_effect=0,__perm_n_perm=200,__perm_post_n=50,__perm_pre_n=500,__perm_rng_seed=0,__perm_stat=delta_fused_score,divergence=0.3,error_rate=0.5,teacher_entropy=0.2",3,0,200,0.0,0,10000,10.0,25.0,200,500,0,0,1.0,0.8545211605584643,0.6607078860626825,0.0,0.22580185532569885,0.01384950615465641,0,0,98,85,-1,perm_test,0.004975124378109453,0.04454599803462561,192,85,107,0.0,0.002697133459150791,0,0.0,0.0,0.0,0.0,0,none,0,1,0,overconfident,0.95,0,mild_drift,0.9612197706766246,0.0012844586233969847,0.806214106850734,0.8578073451399552,1768146526.2847583,0.06618589162826538,0.1353750079870224
574,36736,36735,sea_abrupt4,sea,ts_drift_adapt,3,"error_divergence_ph_meta@error.threshold=0.10,error.min_instances=5",error_divergence_ph_meta,"{""divergence"": {""alpha"": 0.1, ""delta"": 0.005, ""min_instances"": 30, ""threshold"": 0.05}, ""error_rate"": {""alpha"": 0.15, ""delta"": 0.005, ""min_instances"": 5, ""threshold"": 0.1}}","{""error_rate"": {""min_instances"": 5, ""threshold"": 0.1}}",0.1,0.005,0.15,5,0.05,0.005,0.1,30,,,,-1,two_stage,2,0.5,"__confirm_cooldown=200,__confirm_rule=perm_test,__perm_alpha=0.01,__perm_delta_k=25,__perm_min_effect=0,__perm_n_perm=200,__perm_post_n=50,__perm_pre_n=500,__perm_rng_seed=0,__perm_stat=delta_fused_score,divergence=0.3,error_rate=0.5,teacher_entropy=0.2",3,0,200,0.0,0,10000,10.0,25.0,200,500,0,0,1.0,0.8543662891986062,0.6605054863149185,0.16666666666666666,0.303897500038147,0.028290754184126854,0,0,98,85,-1,perm_test,0.004975124378109453,0.04454599803462561,192,85,107,0.0,0.16666666666666666,0,0.0,0.0,0.0,0.0,0,none,0,1,0,overconfident,0.95,0,mild_drift,0.9607598853383122,0.0012922293116984923,0.803107053425367,0.8564036725699775,1768146526.2950633,0.3125067353248596,0.224782332777977
575,36800,36799,sea_abrupt4,sea,ts_drift_adapt,3,"error_divergence_ph_meta@error.threshold=0.10,error.min_instances=5",error_divergence_ph_meta,"{""divergence"": {""alpha"": 0.1, ""delta"": 0.005, ""min_instances"": 30, ""threshold"": 0.05}, ""error_rate"": {""alpha"": 0.15, ""delta"": 0.005, ""min_instances"": 5, ""threshold"": 0.1}}","{""error_rate"": {""min_instances"": 5, ""threshold"": 0.1}}",0.1,0.005,0.15,5,0.05,0.005,0.1,30,,,,-1,two_stage,2,0.5,"__confirm_cooldown=200,__confirm_rule=perm_test,__perm_alpha=0.01,__perm_delta_k=25,__perm_min_effect=0,__perm_n_perm=200,__perm_post_n=50,__perm_pre_n=500,__perm_rng_seed=0,__perm_stat=delta_fused_score,divergence=0.3,error_rate=0.5,teacher_entropy=0.2",3,0,200,0.0,0,10000,10.0,25.0,200,500,0,0,1.0,0.8544565217391304,0.6608577297515577,0.16666666666666666,0.2818518579006195,0.02874932624399662,0,0,98,85,-1,perm_test,0.004975124378109453,0.04454599803462561,192,85,107,0.0,0.00045857205986976624,0,0.0,0.0,0.0,0.0,0,none,0,1,0,overconfident,0.95,0,mild_drift,0.960529942669156,0.0012961146558492461,0.8015535267126835,0.8557018362849887,1768146526.3055148,0.2157440036535263,0.23903943598270416
576,36864,36863,sea_abrupt4,sea,ts_drift_adapt,3,"error_divergence_ph_meta@error.threshold=0.10,error.min_instances=5",error_divergence_ph_meta,"{""divergence"": {""alpha"": 0.1, ""delta"": 0.005, ""min_instances"": 30, ""threshold"": 0.05}, ""error_rate"": {""alpha"": 0.15, ""delta"": 0.005, ""min_instances"": 5, ""threshold"": 0.1}}","{""error_rate"": {""min_instances"": 5, ""threshold"": 0.1}}",0.1,0.005,0.15,5,0.05,0.005,0.1,30,,,,-1,two_stage,2,0.5,"__confirm_cooldown=200,__confirm_rule=perm_test,__perm_alpha=0.01,__perm_delta_k=25,__perm_min_effect=0,__perm_n_perm=200,__perm_post_n=50,__perm_pre_n=500,__perm_rng_seed=0,__perm_stat=delta_fused_score,divergence=0.3,error_rate=0.5,teacher_entropy=0.2",3,0,200,0.0,0,10000,10.0,25.0,200,500,0,0,1.0,0.8545464409722222,0.6611329325883759,0.0,0.25635427236557007,0.01711472123861313,0,1,99,85,-1,perm_test,1.0,-0.12509918593260608,193,85,108,0.5,0.16666666666666666,1,0.5,0.0,0.0,0.0,0,none,0,1,0,overconfident,0.95,0,mild_drift,0.960414971334578,0.0012980573279246232,0.8007767633563418,0.8553509181424943,1768146526.3161788,0.19112847745418549,0.16000236570835114
577,36928,36927,sea_abrupt4,sea,ts_drift_adapt,3,"error_divergence_ph_meta@error.threshold=0.10,error.min_instances=5",error_divergence_ph_meta,"{""divergence"": {""alpha"": 0.1, ""delta"": 0.005, ""min_instances"": 30, ""threshold"": 0.05}, ""error_rate"": {""alpha"": 0.15, ""delta"": 0.005, ""min_instances"": 5, ""threshold"": 0.1}}","{""error_rate"": {""min_instances"": 5, ""threshold"": 0.1}}",0.1,0.005,0.15,5,0.05,0.005,0.1,30,,,,-1,two_stage,2,0.5,"__confirm_cooldown=200,__confirm_rule=perm_test,__perm_alpha=0.01,__perm_delta_k=25,__perm_min_effect=0,__perm_n_perm=200,__perm_post_n=50,__perm_pre_n=500,__perm_rng_seed=0,__perm_stat=delta_fused_score,divergence=0.3,error_rate=0.5,teacher_entropy=0.2",3,0,200,0.0,0,10000,10.0,25.0,200,500,0,0,1.0,0.854636048526863,0.6614528186706495,0.0,0.21468833088874817,0.027388248592615128,0,0,99,85,-1,perm_test,1.0,-0.01773058046529753,194,85,109,0.0,0.010273527354001999,0,0.0,0.0,0.0,0.0,0,none,0,1,0,overconfident,0.95,0,mild_drift,0.960357485667289,0.0012990286639623116,0.800388381678171,0.8551754590712471,1768146526.326649,0.009985576383769512,0.2461046576499939
578,36992,36991,sea_abrupt4,sea,ts_drift_adapt,3,"error_divergence_ph_meta@error.threshold=0.10,error.min_instances=5",error_divergence_ph_meta,"{""divergence"": {""alpha"": 0.1, ""delta"": 0.005, ""min_instances"": 30, ""threshold"": 0.05}, ""error_rate"": {""alpha"": 0.15, ""delta"": 0.005, ""min_instances"": 5, ""threshold"": 0.1}}","{""error_rate"": {""min_instances"": 5, ""threshold"": 0.1}}",0.1,0.005,0.15,5,0.05,0.005,0.1,30,,,,-1,two_stage,2,0.5,"__confirm_cooldown=200,__confirm_rule=perm_test,__perm_alpha=0.01,__perm_delta_k=25,__perm_min_effect=0,__perm_n_perm=200,__perm_post_n=50,__perm_pre_n=500,__perm_rng_seed=0,__perm_stat=delta_fused_score,divergence=0.3,error_rate=0.5,teacher_entropy=0.2",3,0,200,0.0,0,10000,10.0,25.0,200,500,0,0,1.0,0.8547523788927336,0.6619131066098226,0.3333333333333333,0.2470656931400299,0.015142638236284256,1,0,99,86,2,perm_test,0.004975124378109453,0.03448059156304368,195,86,109,0.0,0.3333333333333333,0,0.0,0.0,0.0,0.0,0,none,1,1,0,overconfident,0.95,0,stable,0.9751787428336445,0.0010495143319811558,0.9001941908390855,0.9000877295356235,1768146526.3446918,0.44279447197914124,0.1274677813053131
579,37056,37055,sea_abrupt4,sea,ts_drift_adapt,3,"error_divergence_ph_meta@error.threshold=0.10,error.min_instances=5",error_divergence_ph_meta,"{""divergence"": {""alpha"": 0.1, ""delta"": 0.005, ""min_instances"": 30, ""threshold"": 0.05}, ""error_rate"": {""alpha"": 0.15, ""delta"": 0.005, ""min_instances"": 5, ""threshold"": 0.1}}","{""error_rate"": {""min_instances"": 5, ""threshold"": 0.1}}",0.1,0.005,0.15,5,0.05,0.005,0.1,30,,,,-1,two_stage,2,0.5,"__confirm_cooldown=200,__confirm_rule=perm_test,__perm_alpha=0.01,__perm_delta_k=25,__perm_min_effect=0,__perm_n_perm=200,__perm_post_n=50,__perm_pre_n=500,__perm_rng_seed=0,__perm_stat=delta_fused_score,divergence=0.3,error_rate=0.5,teacher_entropy=0.2",3,0,200,0.0,0,10000,10.0,25.0,200,500,1,136,1.0,0.854814335060449,0.6622581747803535,0.16666666666666666,0.27038025856018066,0.017463762313127518,0,0,99,86,-1,perm_test,0.004975124378109453,0.03448059156304368,195,86,109,0.0,0.16666666666666666,0,0.0,0.0,0.0,0.0,0,none,0,1,0,overconfident,0.95,0,mild_drift,0.9677393714168222,0.0011747571659905779,0.8500970954195428,0.8775438647678118,1768146526.3549297,0.3645261824131012,0.11838763952255249
580,37120,37119,sea_abrupt4,sea,ts_drift_adapt,3,"error_divergence_ph_meta@error.threshold=0.10,error.min_instances=5",error_divergence_ph_meta,"{""divergence"": {""alpha"": 0.1, ""delta"": 0.005, ""min_instances"": 30, ""threshold"": 0.05}, ""error_rate"": {""alpha"": 0.15, ""delta"": 0.005, ""min_instances"": 5, ""threshold"": 0.1}}","{""error_rate"": {""min_instances"": 5, ""threshold"": 0.1}}",0.1,0.005,0.15,5,0.05,0.005,0.1,30,,,,-1,two_stage,2,0.5,"__confirm_cooldown=200,__confirm_rule=perm_test,__perm_alpha=0.01,__perm_delta_k=25,__perm_min_effect=0,__perm_n_perm=200,__perm_post_n=50,__perm_pre_n=500,__perm_rng_seed=0,__perm_stat=delta_fused_score,divergence=0.3,error_rate=0.5,teacher_entropy=0.2",3,0,200,0.0,0,10000,10.0,25.0,200,500,1,72,1.0,0.8549030172413793,0.6626379008486601,0.16666666666666666,0.25432735681533813,0.019363801926374435,0,0,99,86,-1,perm_test,0.004975124378109453,0.03448059156304368,195,86,109,0.0,0.0019000396132469177,0,0.0,0.0,0.0,0.0,0,none,0,1,0,overconfident,0.95,0,mild_drift,0.9640196857084111,0.0012373785829952891,0.8250485477097714,0.8662719323839059,1768146526.365036,0.336591511964798,0.16901788115501404
581,37184,37183,sea_abrupt4,sea,ts_drift_adapt,3,"error_divergence_ph_meta@error.threshold=0.10,error.min_instances=5",error_divergence_ph_meta,"{""divergence"": {""alpha"": 0.1, ""delta"": 0.005, ""min_instances"": 30, ""threshold"": 0.05}, ""error_rate"": {""alpha"": 0.15, ""delta"": 0.005, ""min_instances"": 5, ""threshold"": 0.1}}","{""error_rate"": {""min_instances"": 5, ""threshold"": 0.1}}",0.1,0.005,0.15,5,0.05,0.005,0.1,30,,,,-1,two_stage,2,0.5,"__confirm_cooldown=200,__confirm_rule=perm_test,__perm_alpha=0.01,__perm_delta_k=25,__perm_min_effect=0,__perm_n_perm=200,__perm_post_n=50,__perm_pre_n=500,__perm_rng_seed=0,__perm_stat=delta_fused_score,divergence=0.3,error_rate=0.5,teacher_entropy=0.2",3,0,200,0.0,0,10000,10.0,25.0,200,500,1,8,1.0,0.8550182874354562,0.6630453323844181,0.0,0.2598095238208771,0.017117047682404518,0,1,99,86,-1,perm_test,0.004975124378109453,0.03448059156304368,195,86,109,0.0,0.16666666666666666,1,0.5,0.0,0.0,0.0,0,none,0,1,0,overconfident,0.95,0,mild_drift,0.9621598428542055,0.0012686892914976445,0.8125242738548857,0.8606359661919529,1768146526.3751833,0.10415207594633102,0.11907674372196198
582,37248,37247,sea_abrupt4,sea,ts_drift_adapt,3,"error_divergence_ph_meta@error.threshold=0.10,error.min_instances=5",error_divergence_ph_meta,"{""divergence"": {""alpha"": 0.1, ""delta"": 0.005, ""min_instances"": 30, ""threshold"": 0.05}, ""error_rate"": {""alpha"": 0.15, ""delta"": 0.005, ""min_instances"": 5, ""threshold"": 0.1}}","{""error_rate"": {""min_instances"": 5, ""threshold"": 0.1}}",0.1,0.005,0.15,5,0.05,0.005,0.1,30,,,,-1,two_stage,2,0.5,"__confirm_cooldown=200,__confirm_rule=perm_test,__perm_alpha=0.01,__perm_delta_k=25,__perm_min_effect=0,__perm_n_perm=200,__perm_post_n=50,__perm_pre_n=500,__perm_rng_seed=0,__perm_stat=delta_fused_score,divergence=0.3,error_rate=0.5,teacher_entropy=0.2",3,0,200,0.0,0,10000,10.0,25.0,200,500,0,0,1.0,0.8551331615120275,0.6634325919644664,0.0,0.2897167503833771,0.027295293286442757,0,0,99,86,-1,perm_test,0.004975124378109453,0.03448059156304368,195,86,109,0.0,0.010178245604038239,0,0.0,0.0,0.0,0.0,0,none,0,1,0,overconfident,0.95,0,mild_drift,0.9612299214271027,0.0012843446457488222,0.8062621369274429,0.8578179830959765,1768146526.3856843,0.040193669497966766,0.1771339476108551
583,37312,37311,sea_abrupt4,sea,ts_drift_adapt,3,"error_divergence_ph_meta@error.threshold=0.10,error.min_instances=5",error_divergence_ph_meta,"{""divergence"": {""alpha"": 0.1, ""delta"": 0.005, ""min_instances"": 30, ""threshold"": 0.05}, ""error_rate"": {""alpha"": 0.15, ""delta"": 0.005, ""min_instances"": 5, ""threshold"": 0.1}}","{""error_rate"": {""min_instances"": 5, ""threshold"": 0.1}}",0.1,0.005,0.15,5,0.05,0.005,0.1,30,,,,-1,two_stage,2,0.5,"__confirm_cooldown=200,__confirm_rule=perm_test,__perm_alpha=0.01,__perm_delta_k=25,__perm_min_effect=0,__perm_n_perm=200,__perm_post_n=50,__perm_pre_n=500,__perm_rng_seed=0,__perm_stat=delta_fused_score,divergence=0.3,error_rate=0.5,teacher_entropy=0.2",3,0,200,0.0,0,10000,10.0,25.0,200,500,0,0,1.0,0.8551136363636364,0.663484636114821,0.16666666666666666,0.2640397250652313,0.010884327813982964,0,0,99,86,-1,perm_test,0.004975124378109453,0.03448059156304368,195,86,109,0.0,0.16666666666666666,0,0.0,0.0,0.0,0.0,0,none,0,1,0,overconfident,0.95,0,mild_drift,0.9607649607135513,0.001292172322874411,0.8031310684637214,0.8564089915479882,1768146526.3962889,0.1647791564464569,0.09079143404960632
584,37376,37375,sea_abrupt4,sea,ts_drift_adapt,3,"error_divergence_ph_meta@error.threshold=0.10,error.min_instances=5",error_divergence_ph_meta,"{""divergence"": {""alpha"": 0.1, ""delta"": 0.005, ""min_instances"": 30, ""threshold"": 0.05}, ""error_rate"": {""alpha"": 0.15, ""delta"": 0.005, ""min_instances"": 5, ""threshold"": 0.1}}","{""error_rate"": {""min_instances"": 5, ""threshold"": 0.1}}",0.1,0.005,0.15,5,0.05,0.005,0.1,30,,,,-1,two_stage,2,0.5,"__confirm_cooldown=200,__confirm_rule=perm_test,__perm_alpha=0.01,__perm_delta_k=25,__perm_min_effect=0,__perm_n_perm=200,__perm_post_n=50,__perm_pre_n=500,__perm_rng_seed=0,__perm_stat=delta_fused_score,divergence=0.3,error_rate=0.5,teacher_entropy=0.2",3,0,200,0.0,0,10000,10.0,25.0,200,500,0,0,1.0,0.855120933219178,0.6635056455112988,0.16666666666666666,0.2512514591217041,0.012275178916752338,0,0,99,86,-1,perm_test,0.004975124378109453,0.03448059156304368,195,86,109,0.0,0.0013908511027693748,0,0.0,0.0,0.0,0.0,0,none,0,1,0,overconfident,0.95,0,mild_drift,0.9605324803567756,0.0012960861614372057,0.8015655342318607,0.8557044957739941,1768146526.4067059,0.37252771854400635,0.10515289008617401
585,37440,37439,sea_abrupt4,sea,ts_drift_adapt,3,"error_divergence_ph_meta@error.threshold=0.10,error.min_instances=5",error_divergence_ph_meta,"{""divergence"": {""alpha"": 0.1, ""delta"": 0.005, ""min_instances"": 30, ""threshold"": 0.05}, ""error_rate"": {""alpha"": 0.15, ""delta"": 0.005, ""min_instances"": 5, ""threshold"": 0.1}}","{""error_rate"": {""min_instances"": 5, ""threshold"": 0.1}}",0.1,0.005,0.15,5,0.05,0.005,0.1,30,,,,-1,two_stage,2,0.5,"__confirm_cooldown=200,__confirm_rule=perm_test,__perm_alpha=0.01,__perm_delta_k=25,__perm_min_effect=0,__perm_n_perm=200,__perm_post_n=50,__perm_pre_n=500,__perm_rng_seed=0,__perm_stat=delta_fused_score,divergence=0.3,error_rate=0.5,teacher_entropy=0.2",3,0,200,0.0,0,10000,10.0,25.0,200,500,0,0,1.0,0.8552884615384615,0.6640418473018666,0.0,0.2711791396141052,0.015457605943083763,0,0,99,86,-1,perm_test,0.004975124378109453,0.03448059156304368,195,86,109,0.0,0.16666666666666666,0,0.0,0.0,0.0,0.0,0,none,0,1,0,overconfident,0.95,0,mild_drift,0.9604162401783878,0.0012980430807186028,0.8007827671159304,0.855352247886997,1768146526.4171932,0.09651631861925125,0.14399108290672302
586,37504,37503,sea_abrupt4,sea,ts_drift_adapt,3,"error_divergence_ph_meta@error.threshold=0.10,error.min_instances=5",error_divergence_ph_meta,"{""divergence"": {""alpha"": 0.1, ""delta"": 0.005, ""min_instances"": 30, ""threshold"": 0.05}, ""error_rate"": {""alpha"": 0.15, ""delta"": 0.005, ""min_instances"": 5, ""threshold"": 0.1}}","{""error_rate"": {""min_instances"": 5, ""threshold"": 0.1}}",0.1,0.005,0.15,5,0.05,0.005,0.1,30,,,,-1,two_stage,2,0.5,"__confirm_cooldown=200,__confirm_rule=perm_test,__perm_alpha=0.01,__perm_delta_k=25,__perm_min_effect=0,__perm_n_perm=200,__perm_post_n=50,__perm_pre_n=500,__perm_rng_seed=0,__perm_stat=delta_fused_score,divergence=0.3,error_rate=0.5,teacher_entropy=0.2",3,0,200,0.0,0,10000,10.0,25.0,200,500,0,0,1.0,0.855268771331058,0.6641272090181877,0.0,0.2714330852031708,0.009188108146190643,0,1,100,86,-1,perm_test,1.0,-0.02217472923055344,196,86,110,0.0,0.00626949779689312,1,0.5,0.0,0.0,0.0,0,none,0,1,0,overconfident,0.95,0,mild_drift,0.9603581200891939,0.0012990215403593016,0.8003913835579652,0.8551761239434985,1768146526.427812,0.012723916210234165,0.08365894854068756
587,37568,37567,sea_abrupt4,sea,ts_drift_adapt,3,"error_divergence_ph_meta@error.threshold=0.10,error.min_instances=5",error_divergence_ph_meta,"{""divergence"": {""alpha"": 0.1, ""delta"": 0.005, ""min_instances"": 30, ""threshold"": 0.05}, ""error_rate"": {""alpha"": 0.15, ""delta"": 0.005, ""min_instances"": 5, ""threshold"": 0.1}}","{""error_rate"": {""min_instances"": 5, ""threshold"": 0.1}}",0.1,0.005,0.15,5,0.05,0.005,0.1,30,,,,-1,two_stage,2,0.5,"__confirm_cooldown=200,__confirm_rule=perm_test,__perm_alpha=0.01,__perm_delta_k=25,__perm_min_effect=0,__perm_n_perm=200,__perm_post_n=50,__perm_pre_n=500,__perm_rng_seed=0,__perm_stat=delta_fused_score,divergence=0.3,error_rate=0.5,teacher_entropy=0.2",3,0,200,0.0,0,10000,10.0,25.0,200,500,0,0,1.0,0.8553023850085179,0.6642848637827322,0.16666666666666666,0.2805391550064087,0.013234620913863182,1,0,100,87,1,perm_test,0.004975124378109453,0.021267388394693935,197,87,110,0.0,0.16666666666666666,0,0.0,0.0,0.0,0.0,0,none,1,1,0,overconfident,0.95,0,stable,0.9751790600445969,0.0010495107701796508,0.9001956917789826,0.9000880619717493,1768146526.4460495,0.7446179389953613,0.09708985686302185
588,37632,37631,sea_abrupt4,sea,ts_drift_adapt,3,"error_divergence_ph_meta@error.threshold=0.10,error.min_instances=5",error_divergence_ph_meta,"{""divergence"": {""alpha"": 0.1, ""delta"": 0.005, ""min_instances"": 30, ""threshold"": 0.05}, ""error_rate"": {""alpha"": 0.15, ""delta"": 0.005, ""min_instances"": 5, ""threshold"": 0.1}}","{""error_rate"": {""min_instances"": 5, ""threshold"": 0.1}}",0.1,0.005,0.15,5,0.05,0.005,0.1,30,,,,-1,two_stage,2,0.5,"__confirm_cooldown=200,__confirm_rule=perm_test,__perm_alpha=0.01,__perm_delta_k=25,__perm_min_effect=0,__perm_n_perm=200,__perm_post_n=50,__perm_pre_n=500,__perm_rng_seed=0,__perm_stat=delta_fused_score,divergence=0.3,error_rate=0.5,teacher_entropy=0.2",3,0,200,0.0,0,10000,10.0,25.0,200,500,1,136,1.0,0.8553624574829932,0.6645792744365665,0.0,0.2545451819896698,0.011209037154912949,0,0,100,87,-1,perm_test,0.004975124378109453,0.021267388394693935,197,87,110,0.0,0.16666666666666666,0,0.0,0.0,0.0,0.0,0,none,0,1,0,overconfident,0.95,0,mild_drift,0.9677395300222984,0.0011747553850898255,0.8500978458894913,0.8775440309858746,1768146526.4563134,0.1083865761756897,0.10264080762863159
589,37696,37695,sea_abrupt4,sea,ts_drift_adapt,3,"error_divergence_ph_meta@error.threshold=0.10,error.min_instances=5",error_divergence_ph_meta,"{""divergence"": {""alpha"": 0.1, ""delta"": 0.005, ""min_instances"": 30, ""threshold"": 0.05}, ""error_rate"": {""alpha"": 0.15, ""delta"": 0.005, ""min_instances"": 5, ""threshold"": 0.1}}","{""error_rate"": {""min_instances"": 5, ""threshold"": 0.1}}",0.1,0.005,0.15,5,0.05,0.005,0.1,30,,,,-1,two_stage,2,0.5,"__confirm_cooldown=200,__confirm_rule=perm_test,__perm_alpha=0.01,__perm_delta_k=25,__perm_min_effect=0,__perm_n_perm=200,__perm_post_n=50,__perm_pre_n=500,__perm_rng_seed=0,__perm_stat=delta_fused_score,divergence=0.3,error_rate=0.5,teacher_entropy=0.2",3,0,200,0.0,0,10000,10.0,25.0,200,500,1,72,1.0,0.8554223259762309,0.6648375550326157,0.3333333333333333,0.23861631751060486,0.01140641514211893,0,0,100,87,-1,perm_test,0.004975124378109453,0.021267388394693935,197,87,110,0.0,0.3333333333333333,0,0.0,0.0,0.0,0.0,0,none,0,1,0,overconfident,0.95,0,mild_drift,0.9640197650111492,0.001237377692544913,0.8250489229447457,0.8662720154929373,1768146526.4665284,0.3582487404346466,0.09024804830551147
590,37760,37759,sea_abrupt4,sea,ts_drift_adapt,3,"error_divergence_ph_meta@error.threshold=0.10,error.min_instances=5",error_divergence_ph_meta,"{""divergence"": {""alpha"": 0.1, ""delta"": 0.005, ""min_instances"": 30, ""threshold"": 0.05}, ""error_rate"": {""alpha"": 0.15, ""delta"": 0.005, ""min_instances"": 5, ""threshold"": 0.1}}","{""error_rate"": {""min_instances"": 5, ""threshold"": 0.1}}",0.1,0.005,0.15,5,0.05,0.005,0.1,30,,,,-1,two_stage,2,0.5,"__confirm_cooldown=200,__confirm_rule=perm_test,__perm_alpha=0.01,__perm_delta_k=25,__perm_min_effect=0,__perm_n_perm=200,__perm_post_n=50,__perm_pre_n=500,__perm_rng_seed=0,__perm_stat=delta_fused_score,divergence=0.3,error_rate=0.5,teacher_entropy=0.2",3,0,200,0.0,0,10000,10.0,25.0,200,500,1,8,1.0,0.8554555084745763,0.6649078664134739,0.0,0.31192415952682495,0.0252496600151062,0,0,100,87,-1,perm_test,0.004975124378109453,0.021267388394693935,197,87,110,0.0,0.3333333333333333,0,0.0,0.0,0.0,0.0,0,none,0,1,0,overconfident,0.95,0,mild_drift,0.9621598825055746,0.0012686888462724566,0.8125244614723729,0.8606360077464686,1768146526.4766495,0.0421937070786953,0.29346030950546265
591,37824,37823,sea_abrupt4,sea,ts_drift_adapt,3,"error_divergence_ph_meta@error.threshold=0.10,error.min_instances=5",error_divergence_ph_meta,"{""divergence"": {""alpha"": 0.1, ""delta"": 0.005, ""min_instances"": 30, ""threshold"": 0.05}, ""error_rate"": {""alpha"": 0.15, ""delta"": 0.005, ""min_instances"": 5, ""threshold"": 0.1}}","{""error_rate"": {""min_instances"": 5, ""threshold"": 0.1}}",0.1,0.005,0.15,5,0.05,0.005,0.1,30,,,,-1,two_stage,2,0.5,"__confirm_cooldown=200,__confirm_rule=perm_test,__perm_alpha=0.01,__perm_delta_k=25,__perm_min_effect=0,__perm_n_perm=200,__perm_post_n=50,__perm_pre_n=500,__perm_rng_seed=0,__perm_stat=delta_fused_score,divergence=0.3,error_rate=0.5,teacher_entropy=0.2",3,0,200,0.0,0,10000,10.0,25.0,200,500,0,0,1.0,0.8553828257191202,0.6648018549995804,0.16666666666666666,0.2542107105255127,0.01884416677057743,1,1,101,88,0,perm_test,0.004975124378109453,0.04989013870823428,198,88,110,0.16666666666666666,0.16666666666666666,1,0.5,0.0,0.0,0.0,0,none,1,1,0,overconfident,0.95,0,severe_drift,0.9265799412527873,0.0016343444231362283,0.6562622307361865,0.8353180038732344,1768146526.4944348,0.20815758407115936,0.18034081161022186
592,37888,37887,sea_abrupt4,sea,ts_drift_adapt,3,"error_divergence_ph_meta@error.threshold=0.10,error.min_instances=5",error_divergence_ph_meta,"{""divergence"": {""alpha"": 0.1, ""delta"": 0.005, ""min_instances"": 30, ""threshold"": 0.05}, ""error_rate"": {""alpha"": 0.15, ""delta"": 0.005, ""min_instances"": 5, ""threshold"": 0.1}}","{""error_rate"": {""min_instances"": 5, ""threshold"": 0.1}}",0.1,0.005,0.15,5,0.05,0.005,0.1,30,,,,-1,two_stage,2,0.5,"__confirm_cooldown=200,__confirm_rule=perm_test,__perm_alpha=0.01,__perm_delta_k=25,__perm_min_effect=0,__perm_n_perm=200,__perm_post_n=50,__perm_pre_n=500,__perm_rng_seed=0,__perm_stat=delta_fused_score,divergence=0.3,error_rate=0.5,teacher_entropy=0.2",3,0,200,0.0,0,10000,10.0,25.0,200,500,1,136,1.0,0.855495143581081,0.6651648352570725,0.0,0.22178202867507935,0.015003194101154804,0,0,101,88,-1,perm_test,0.004975124378109453,0.04989013870823428,198,88,110,0.0,0.16666666666666666,0,0.0,0.0,0.0,0.0,0,none,0,1,0,overconfident,0.95,0,mild_drift,0.9434399706263936,0.0014671722115681143,0.7281311153680933,0.8451590019366172,1768146526.5044572,0.0824485644698143,0.1703869104385376
593,37952,37951,sea_abrupt4,sea,ts_drift_adapt,3,"error_divergence_ph_meta@error.threshold=0.10,error.min_instances=5",error_divergence_ph_meta,"{""divergence"": {""alpha"": 0.1, ""delta"": 0.005, ""min_instances"": 30, ""threshold"": 0.05}, ""error_rate"": {""alpha"": 0.15, ""delta"": 0.005, ""min_instances"": 5, ""threshold"": 0.1}}","{""error_rate"": {""min_instances"": 5, ""threshold"": 0.1}}",0.1,0.005,0.15,5,0.05,0.005,0.1,30,,,,-1,two_stage,2,0.5,"__confirm_cooldown=200,__confirm_rule=perm_test,__perm_alpha=0.01,__perm_delta_k=25,__perm_min_effect=0,__perm_n_perm=200,__perm_post_n=50,__perm_pre_n=500,__perm_rng_seed=0,__perm_stat=delta_fused_score,divergence=0.3,error_rate=0.5,teacher_entropy=0.2",3,0,200,0.0,0,10000,10.0,25.0,200,500,1,72,1.0,0.8554753372681282,0.6652890040638868,0.0,0.2733573913574219,0.014946582727134228,0,0,101,88,-1,perm_test,0.004975124378109453,0.04989013870823428,198,88,110,0.0,5.661137402057648e-05,0,0.0,0.0,0.0,0.0,0,none,0,1,0,overconfident,0.95,0,mild_drift,0.9518699853131968,0.0013835861057840573,0.7640655576840467,0.8500795009683086,1768146526.5143287,0.20599563419818878,0.1398952603340149
594,38016,38015,sea_abrupt4,sea,ts_drift_adapt,3,"error_divergence_ph_meta@error.threshold=0.10,error.min_instances=5",error_divergence_ph_meta,"{""divergence"": {""alpha"": 0.1, ""delta"": 0.005, ""min_instances"": 30, ""threshold"": 0.05}, ""error_rate"": {""alpha"": 0.15, ""delta"": 0.005, ""min_instances"": 5, ""threshold"": 0.1}}","{""error_rate"": {""min_instances"": 5, ""threshold"": 0.1}}",0.1,0.005,0.15,5,0.05,0.005,0.1,30,,,,-1,two_stage,2,0.5,"__confirm_cooldown=200,__confirm_rule=perm_test,__perm_alpha=0.01,__perm_delta_k=25,__perm_min_effect=0,__perm_n_perm=200,__perm_post_n=50,__perm_pre_n=500,__perm_rng_seed=0,__perm_stat=delta_fused_score,divergence=0.3,error_rate=0.5,teacher_entropy=0.2",3,0,200,0.0,0,10000,10.0,25.0,200,500,1,8,1.0,0.8555345117845118,0.6655241158006896,0.0,0.2161046862602234,0.010756207630038261,0,0,101,88,-1,perm_test,0.004975124378109453,0.04989013870823428,198,88,110,0.0,0.004190375097095966,0,0.0,0.0,0.0,0.0,0,none,0,1,0,overconfident,0.95,0,mild_drift,0.9560849926565984,0.0013417930528920288,0.7820327788420234,0.8525397504841543,1768146526.5242622,0.042673636227846146,0.11093781888484955
595,38080,38079,sea_abrupt4,sea,ts_drift_adapt,3,"error_divergence_ph_meta@error.threshold=0.10,error.min_instances=5",error_divergence_ph_meta,"{""divergence"": {""alpha"": 0.1, ""delta"": 0.005, ""min_instances"": 30, ""threshold"": 0.05}, ""error_rate"": {""alpha"": 0.15, ""delta"": 0.005, ""min_instances"": 5, ""threshold"": 0.1}}","{""error_rate"": {""min_instances"": 5, ""threshold"": 0.1}}",0.1,0.005,0.15,5,0.05,0.005,0.1,30,,,,-1,two_stage,2,0.5,"__confirm_cooldown=200,__confirm_rule=perm_test,__perm_alpha=0.01,__perm_delta_k=25,__perm_min_effect=0,__perm_n_perm=200,__perm_post_n=50,__perm_pre_n=500,__perm_rng_seed=0,__perm_stat=delta_fused_score,divergence=0.3,error_rate=0.5,teacher_entropy=0.2",3,0,200,0.0,0,10000,10.0,25.0,200,500,0,0,1.0,0.8556197478991596,0.6658676886552858,0.0,0.263727605342865,0.01879783533513546,0,0,101,88,-1,perm_test,0.004975124378109453,0.04989013870823428,198,88,110,0.0,0.008041627705097198,0,0.0,0.0,0.0,0.0,0,none,0,1,0,overconfident,0.95,0,mild_drift,0.9581924963282992,0.0013208965264460146,0.7910163894210117,0.8537698752420771,1768146526.534371,0.015914225950837135,0.145774245262146
596,38144,38143,sea_abrupt4,sea,ts_drift_adapt,3,"error_divergence_ph_meta@error.threshold=0.10,error.min_instances=5",error_divergence_ph_meta,"{""divergence"": {""alpha"": 0.1, ""delta"": 0.005, ""min_instances"": 30, ""threshold"": 0.05}, ""error_rate"": {""alpha"": 0.15, ""delta"": 0.005, ""min_instances"": 5, ""threshold"": 0.1}}","{""error_rate"": {""min_instances"": 5, ""threshold"": 0.1}}",0.1,0.005,0.15,5,0.05,0.005,0.1,30,,,,-1,two_stage,2,0.5,"__confirm_cooldown=200,__confirm_rule=perm_test,__perm_alpha=0.01,__perm_delta_k=25,__perm_min_effect=0,__perm_n_perm=200,__perm_post_n=50,__perm_pre_n=500,__perm_rng_seed=0,__perm_stat=delta_fused_score,divergence=0.3,error_rate=0.5,teacher_entropy=0.2",3,0,200,0.0,0,10000,10.0,25.0,200,500,0,0,1.0,0.8556784815436241,0.6661702028902766,0.0,0.2758346199989319,0.019851239398121834,0,0,101,88,-1,perm_test,0.004975124378109453,0.04989013870823428,198,88,110,0.0,0.001053404062986374,0,0.0,0.0,0.0,0.0,0,none,0,1,0,overconfident,0.95,0,mild_drift,0.9592462481641495,0.0013104482632230073,0.7955081947105058,0.8543849376210386,1768146526.5445013,0.14751070737838745,0.1830902099609375
597,38208,38207,sea_abrupt4,sea,ts_drift_adapt,3,"error_divergence_ph_meta@error.threshold=0.10,error.min_instances=5",error_divergence_ph_meta,"{""divergence"": {""alpha"": 0.1, ""delta"": 0.005, ""min_instances"": 30, ""threshold"": 0.05}, ""error_rate"": {""alpha"": 0.15, ""delta"": 0.005, ""min_instances"": 5, ""threshold"": 0.1}}","{""error_rate"": {""min_instances"": 5, ""threshold"": 0.1}}",0.1,0.005,0.15,5,0.05,0.005,0.1,30,,,,-1,two_stage,2,0.5,"__confirm_cooldown=200,__confirm_rule=perm_test,__perm_alpha=0.01,__perm_delta_k=25,__perm_min_effect=0,__perm_n_perm=200,__perm_post_n=50,__perm_pre_n=500,__perm_rng_seed=0,__perm_stat=delta_fused_score,divergence=0.3,error_rate=0.5,teacher_entropy=0.2",3,0,200,0.0,0,10000,10.0,25.0,200,500,0,0,1.0,0.8558417085427136,0.6666709209947049,0.0,0.2212696373462677,0.01038439478725195,0,0,101,88,-1,perm_test,0.004975124378109453,0.04989013870823428,198,88,110,0.0,0.009466844610869884,0,0.0,0.0,0.0,0.0,0,none,0,1,0,overconfident,0.95,0,mild_drift,0.9597731240820747,0.0013052241316115036,0.7977540973552529,0.8546924688105193,1768146526.554961,0.024999067187309265,0.08958854526281357
598,38272,38271,sea_abrupt4,sea,ts_drift_adapt,3,"error_divergence_ph_meta@error.threshold=0.10,error.min_instances=5",error_divergence_ph_meta,"{""divergence"": {""alpha"": 0.1, ""delta"": 0.005, ""min_instances"": 30, ""threshold"": 0.05}, ""error_rate"": {""alpha"": 0.15, ""delta"": 0.005, ""min_instances"": 5, ""threshold"": 0.1}}","{""error_rate"": {""min_instances"": 5, ""threshold"": 0.1}}",0.1,0.005,0.15,5,0.05,0.005,0.1,30,,,,-1,two_stage,2,0.5,"__confirm_cooldown=200,__confirm_rule=perm_test,__perm_alpha=0.01,__perm_delta_k=25,__perm_min_effect=0,__perm_n_perm=200,__perm_post_n=50,__perm_pre_n=500,__perm_rng_seed=0,__perm_stat=delta_fused_score,divergence=0.3,error_rate=0.5,teacher_entropy=0.2",3,0,200,0.0,0,10000,10.0,25.0,200,500,0,0,1.0,0.855743102006689,0.666605602656778,0.16666666666666666,0.260642409324646,0.018689436838030815,1,1,102,89,0,perm_test,0.004975124378109453,0.06435238110638306,199,89,110,0.0,0.16666666666666666,1,0.5,0.0,0.0,0.0,0,none,1,1,0,overconfident,0.95,0,stable,0.9748865620410374,0.0010526120658057518,0.8988770486776265,0.8998462344052597,1768146526.572857,0.39611074328422546,0.12789040803909302
599,38336,38335,sea_abrupt4,sea,ts_drift_adapt,3,"error_divergence_ph_meta@error.threshold=0.10,error.min_instances=5",error_divergence_ph_meta,"{""divergence"": {""alpha"": 0.1, ""delta"": 0.005, ""min_instances"": 30, ""threshold"": 0.05}, ""error_rate"": {""alpha"": 0.15, ""delta"": 0.005, ""min_instances"": 5, ""threshold"": 0.1}}","{""error_rate"": {""min_instances"": 5, ""threshold"": 0.1}}",0.1,0.005,0.15,5,0.05,0.005,0.1,30,,,,-1,two_stage,2,0.5,"__confirm_cooldown=200,__confirm_rule=perm_test,__perm_alpha=0.01,__perm_delta_k=25,__perm_min_effect=0,__perm_n_perm=200,__perm_post_n=50,__perm_pre_n=500,__perm_rng_seed=0,__perm_stat=delta_fused_score,divergence=0.3,error_rate=0.5,teacher_entropy=0.2",3,0,200,0.0,0,10000,10.0,25.0,200,500,1,136,1.0,0.8558535058430717,0.6670309168084907,0.0,0.26527655124664307,0.015996459871530533,0,0,102,89,-1,perm_test,0.004975124378109453,0.06435238110638306,199,89,110,0.0,0.16666666666666666,0,0.0,0.0,0.0,0.0,0,none,0,1,0,overconfident,0.95,0,mild_drift,0.9675932810205187,0.001176306032902876,0.8494385243388133,0.8774231172026299,1768146526.582881,0.12692414224147797,0.11781610548496246
600,38400,38399,sea_abrupt4,sea,ts_drift_adapt,3,"error_divergence_ph_meta@error.threshold=0.10,error.min_instances=5",error_divergence_ph_meta,"{""divergence"": {""alpha"": 0.1, ""delta"": 0.005, ""min_instances"": 30, ""threshold"": 0.05}, ""error_rate"": {""alpha"": 0.15, ""delta"": 0.005, ""min_instances"": 5, ""threshold"": 0.1}}","{""error_rate"": {""min_instances"": 5, ""threshold"": 0.1}}",0.1,0.005,0.15,5,0.05,0.005,0.1,30,,,,-1,two_stage,2,0.5,"__confirm_cooldown=200,__confirm_rule=perm_test,__perm_alpha=0.01,__perm_delta_k=25,__perm_min_effect=0,__perm_n_perm=200,__perm_post_n=50,__perm_pre_n=500,__perm_rng_seed=0,__perm_stat=delta_fused_score,divergence=0.3,error_rate=0.5,teacher_entropy=0.2",3,0,200,0.0,0,10000,10.0,25.0,200,500,1,72,1.0,0.8559895833333333,0.6674901382042654,0.16666666666666666,0.23805496096611023,0.005719822831451893,0,0,102,89,-1,perm_test,0.004975124378109453,0.06435238110638306,199,89,110,0.0,0.16666666666666666,0,0.0,0.0,0.0,0.0,0,none,0,1,0,overconfident,0.95,0,mild_drift,0.9639466405102592,0.001238153016451438,0.8247192621694066,0.8662115586013149,1768146526.5926785,0.20872104167938232,0.056330226361751556
601,38464,38463,sea_abrupt4,sea,ts_drift_adapt,3,"error_divergence_ph_meta@error.threshold=0.10,error.min_instances=5",error_divergence_ph_meta,"{""divergence"": {""alpha"": 0.1, ""delta"": 0.005, ""min_instances"": 30, ""threshold"": 0.05}, ""error_rate"": {""alpha"": 0.15, ""delta"": 0.005, ""min_instances"": 5, ""threshold"": 0.1}}","{""error_rate"": {""min_instances"": 5, ""threshold"": 0.1}}",0.1,0.005,0.15,5,0.05,0.005,0.1,30,,,,-1,two_stage,2,0.5,"__confirm_cooldown=200,__confirm_rule=perm_test,__perm_alpha=0.01,__perm_delta_k=25,__perm_min_effect=0,__perm_n_perm=200,__perm_post_n=50,__perm_pre_n=500,__perm_rng_seed=0,__perm_stat=delta_fused_score,divergence=0.3,error_rate=0.5,teacher_entropy=0.2",3,0,200,0.0,0,10000,10.0,25.0,200,500,1,8,1.0,0.8560212146422629,0.6676208749081151,0.16666666666666666,0.2348208725452423,0.014760863967239857,0,0,102,89,-1,perm_test,0.004975124378109453,0.06435238110638306,199,89,110,0.0,0.009041041135787964,0,0.0,0.0,0.0,0.0,0,none,0,1,0,overconfident,0.95,0,mild_drift,0.9621233202551296,0.001269076508225719,0.8123596310847033,0.8606057793006574,1768146526.6025498,0.36472901701927185,0.11321724951267242
602,38528,38527,sea_abrupt4,sea,ts_drift_adapt,3,"error_divergence_ph_meta@error.threshold=0.10,error.min_instances=5",error_divergence_ph_meta,"{""divergence"": {""alpha"": 0.1, ""delta"": 0.005, ""min_instances"": 30, ""threshold"": 0.05}, ""error_rate"": {""alpha"": 0.15, ""delta"": 0.005, ""min_instances"": 5, ""threshold"": 0.1}}","{""error_rate"": {""min_instances"": 5, ""threshold"": 0.1}}",0.1,0.005,0.15,5,0.05,0.005,0.1,30,,,,-1,two_stage,2,0.5,"__confirm_cooldown=200,__confirm_rule=perm_test,__perm_alpha=0.01,__perm_delta_k=25,__perm_min_effect=0,__perm_n_perm=200,__perm_post_n=50,__perm_pre_n=500,__perm_rng_seed=0,__perm_stat=delta_fused_score,divergence=0.3,error_rate=0.5,teacher_entropy=0.2",3,0,200,0.0,0,10000,10.0,25.0,200,500,0,0,1.0,0.8561046511627907,0.6679485711550233,0.16666666666666666,0.2690982222557068,0.01083491649478674,0,0,102,89,-1,perm_test,0.004975124378109453,0.06435238110638306,199,89,110,0.0,0.003925947472453117,0,0.0,0.0,0.0,0.0,0,none,0,1,0,overconfident,0.95,0,mild_drift,0.9612116601275648,0.0012845382541128597,0.8061798155423516,0.8578028896503287,1768146526.6125844,0.6462112665176392,0.09125255048274994
603,38592,38591,sea_abrupt4,sea,ts_drift_adapt,3,"error_divergence_ph_meta@error.threshold=0.10,error.min_instances=5",error_divergence_ph_meta,"{""divergence"": {""alpha"": 0.1, ""delta"": 0.005, ""min_instances"": 30, ""threshold"": 0.05}, ""error_rate"": {""alpha"": 0.15, ""delta"": 0.005, ""min_instances"": 5, ""threshold"": 0.1}}","{""error_rate"": {""min_instances"": 5, ""threshold"": 0.1}}",0.1,0.005,0.15,5,0.05,0.005,0.1,30,,,,-1,two_stage,2,0.5,"__confirm_cooldown=200,__confirm_rule=perm_test,__perm_alpha=0.01,__perm_delta_k=25,__perm_min_effect=0,__perm_n_perm=200,__perm_post_n=50,__perm_pre_n=500,__perm_rng_seed=0,__perm_stat=delta_fused_score,divergence=0.3,error_rate=0.5,teacher_entropy=0.2",3,0,200,0.0,0,10000,10.0,25.0,200,500,0,0,1.0,0.8562137230514096,0.6682565787149977,0.0,0.20733240246772766,0.012105056084692478,0,1,103,89,-1,perm_test,1.0,-0.09178052810954646,200,89,111,0.16666666666666666,0.16666666666666666,1,0.5,0.0,0.0,0.0,0,none,0,1,0,overconfident,0.95,0,mild_drift,0.9607558300637824,0.00129226912705643,0.8030899077711758,0.8564014448251643,1768146526.6228685,0.025112053379416466,0.11729273200035095
604,38656,38655,sea_abrupt4,sea,ts_drift_adapt,3,"error_divergence_ph_meta@error.threshold=0.10,error.min_instances=5",error_divergence_ph_meta,"{""divergence"": {""alpha"": 0.1, ""delta"": 0.005, ""min_instances"": 30, ""threshold"": 0.05}, ""error_rate"": {""alpha"": 0.15, ""delta"": 0.005, ""min_instances"": 5, ""threshold"": 0.1}}","{""error_rate"": {""min_instances"": 5, ""threshold"": 0.1}}",0.1,0.005,0.15,5,0.05,0.005,0.1,30,,,,-1,two_stage,2,0.5,"__confirm_cooldown=200,__confirm_rule=perm_test,__perm_alpha=0.01,__perm_delta_k=25,__perm_min_effect=0,__perm_n_perm=200,__perm_post_n=50,__perm_pre_n=500,__perm_rng_seed=0,__perm_stat=delta_fused_score,divergence=0.3,error_rate=0.5,teacher_entropy=0.2",3,0,200,0.0,0,10000,10.0,25.0,200,500,0,0,1.0,0.8562965645695364,0.6686109639293475,0.16666666666666666,0.23736515641212463,0.014688100665807724,1,0,103,90,1,perm_test,0.004975124378109453,0.02644337920721045,201,90,111,0.0,0.16666666666666666,0,0.0,0.0,0.0,0.0,0,none,1,1,0,overconfident,0.95,0,stable,0.9753779150318912,0.001046134563528215,0.901544953885588,0.9007007224125823,1768146526.6401894,0.2546042203903198,0.1095118448138237
605,38720,38719,sea_abrupt4,sea,ts_drift_adapt,3,"error_divergence_ph_meta@error.threshold=0.10,error.min_instances=5",error_divergence_ph_meta,"{""divergence"": {""alpha"": 0.1, ""delta"": 0.005, ""min_instances"": 30, ""threshold"": 0.05}, ""error_rate"": {""alpha"": 0.15, ""delta"": 0.005, ""min_instances"": 5, ""threshold"": 0.1}}","{""error_rate"": {""min_instances"": 5, ""threshold"": 0.1}}",0.1,0.005,0.15,5,0.05,0.005,0.1,30,,,,-1,two_stage,2,0.5,"__confirm_cooldown=200,__confirm_rule=perm_test,__perm_alpha=0.01,__perm_delta_k=25,__perm_min_effect=0,__perm_n_perm=200,__perm_post_n=50,__perm_pre_n=500,__perm_rng_seed=0,__perm_stat=delta_fused_score,divergence=0.3,error_rate=0.5,teacher_entropy=0.2",3,0,200,0.0,0,10000,10.0,25.0,200,500,1,136,1.0,0.856301652892562,0.6687779839474519,0.0,0.28683435916900635,0.02923085168004036,0,0,103,90,-1,perm_test,0.004975124378109453,0.02644337920721045,201,90,111,0.0,0.16666666666666666,0,0.0,0.0,0.0,0.0,0,none,0,1,0,overconfident,0.95,0,mild_drift,0.9678389575159456,0.0011730672817641076,0.850772476942794,0.8778503612062911,1768146526.6500723,0.016385504975914955,0.2381046712398529
606,38784,38783,sea_abrupt4,sea,ts_drift_adapt,3,"error_divergence_ph_meta@error.threshold=0.10,error.min_instances=5",error_divergence_ph_meta,"{""divergence"": {""alpha"": 0.1, ""delta"": 0.005, ""min_instances"": 30, ""threshold"": 0.05}, ""error_rate"": {""alpha"": 0.15, ""delta"": 0.005, ""min_instances"": 5, ""threshold"": 0.1}}","{""error_rate"": {""min_instances"": 5, ""threshold"": 0.1}}",0.1,0.005,0.15,5,0.05,0.005,0.1,30,,,,-1,two_stage,2,0.5,"__confirm_cooldown=200,__confirm_rule=perm_test,__perm_alpha=0.01,__perm_delta_k=25,__perm_min_effect=0,__perm_n_perm=200,__perm_post_n=50,__perm_pre_n=500,__perm_rng_seed=0,__perm_stat=delta_fused_score,divergence=0.3,error_rate=0.5,teacher_entropy=0.2",3,0,200,0.0,0,10000,10.0,25.0,200,500,1,72,1.0,0.8562809405940595,0.668882104209271,0.16666666666666666,0.2400050014257431,0.03085271269083023,0,0,103,90,-1,perm_test,0.004975124378109453,0.02644337920721045,201,90,111,0.0,0.16666666666666666,0,0.0,0.0,0.0,0.0,0,none,0,1,0,overconfident,0.95,0,mild_drift,0.9640694787579728,0.0012365336408820538,0.825386238471397,0.8664251806031456,1768146526.65985,0.15577928721904755,0.24370020627975464
607,38848,38847,sea_abrupt4,sea,ts_drift_adapt,3,"error_divergence_ph_meta@error.threshold=0.10,error.min_instances=5",error_divergence_ph_meta,"{""divergence"": {""alpha"": 0.1, ""delta"": 0.005, ""min_instances"": 30, ""threshold"": 0.05}, ""error_rate"": {""alpha"": 0.15, ""delta"": 0.005, ""min_instances"": 5, ""threshold"": 0.1}}","{""error_rate"": {""min_instances"": 5, ""threshold"": 0.1}}",0.1,0.005,0.15,5,0.05,0.005,0.1,30,,,,-1,two_stage,2,0.5,"__confirm_cooldown=200,__confirm_rule=perm_test,__perm_alpha=0.01,__perm_delta_k=25,__perm_min_effect=0,__perm_n_perm=200,__perm_post_n=50,__perm_pre_n=500,__perm_rng_seed=0,__perm_stat=delta_fused_score,divergence=0.3,error_rate=0.5,teacher_entropy=0.2",3,0,200,0.0,0,10000,10.0,25.0,200,500,1,8,1.0,0.8562602965403624,0.6689938174769586,0.3333333333333333,0.25828540325164795,0.026280289515852928,0,0,103,90,-1,perm_test,0.004975124378109453,0.02644337920721045,201,90,111,0.0,0.16666666666666666,0,0.0,0.0,0.0,0.0,0,none,0,1,0,overconfident,0.95,0,mild_drift,0.9621847393789864,0.0012682668204410268,0.8126931192356985,0.8607125903015728,1768146526.6697028,0.4182527959346771,0.2452629804611206
608,38912,38911,sea_abrupt4,sea,ts_drift_adapt,3,"error_divergence_ph_meta@error.threshold=0.10,error.min_instances=5",error_divergence_ph_meta,"{""divergence"": {""alpha"": 0.1, ""delta"": 0.005, ""min_instances"": 30, ""threshold"": 0.05}, ""error_rate"": {""alpha"": 0.15, ""delta"": 0.005, ""min_instances"": 5, ""threshold"": 0.1}}","{""error_rate"": {""min_instances"": 5, ""threshold"": 0.1}}",0.1,0.005,0.15,5,0.05,0.005,0.1,30,,,,-1,two_stage,2,0.5,"__confirm_cooldown=200,__confirm_rule=perm_test,__perm_alpha=0.01,__perm_delta_k=25,__perm_min_effect=0,__perm_n_perm=200,__perm_post_n=50,__perm_pre_n=500,__perm_rng_seed=0,__perm_stat=delta_fused_score,divergence=0.3,error_rate=0.5,teacher_entropy=0.2",3,0,200,0.0,0,10000,10.0,25.0,200,500,0,0,1.0,0.8564196134868421,0.6694645945798806,0.16666666666666666,0.2753201425075531,0.013914844952523708,0,1,104,90,-1,perm_test,1.0,-0.08570526557617987,202,90,112,0.16666666666666666,0.16666666666666666,1,0.5,0.0,0.0,0.0,0,none,0,1,0,overconfident,0.95,0,mild_drift,0.9612423696894932,0.0012841334102205136,0.8063465596178493,0.8578562951507864,1768146526.679898,0.2608693540096283,0.1259661316871643
609,38976,38975,sea_abrupt4,sea,ts_drift_adapt,3,"error_divergence_ph_meta@error.threshold=0.10,error.min_instances=5",error_divergence_ph_meta,"{""divergence"": {""alpha"": 0.1, ""delta"": 0.005, ""min_instances"": 30, ""threshold"": 0.05}, ""error_rate"": {""alpha"": 0.15, ""delta"": 0.005, ""min_instances"": 5, ""threshold"": 0.1}}","{""error_rate"": {""min_instances"": 5, ""threshold"": 0.1}}",0.1,0.005,0.15,5,0.05,0.005,0.1,30,,,,-1,two_stage,2,0.5,"__confirm_cooldown=200,__confirm_rule=perm_test,__perm_alpha=0.01,__perm_delta_k=25,__perm_min_effect=0,__perm_n_perm=200,__perm_post_n=50,__perm_pre_n=500,__perm_rng_seed=0,__perm_stat=delta_fused_score,divergence=0.3,error_rate=0.5,teacher_entropy=0.2",3,0,200,0.0,0,10000,10.0,25.0,200,500,0,0,1.0,0.8566040640394089,0.6699774237310544,0.0,0.22007404267787933,0.015329726971685886,0,0,104,90,-1,perm_test,1.0,-0.02167590991822764,203,90,113,0.0,0.16666666666666666,0,0.0,0.0,0.0,0.0,0,none,0,1,0,overconfident,0.95,0,mild_drift,0.9607711848447466,0.0012920667051102568,0.8031732798089246,0.8564281475753932,1768146526.6901822,0.020103706046938896,0.14602695405483246
610,39040,39039,sea_abrupt4,sea,ts_drift_adapt,3,"error_divergence_ph_meta@error.threshold=0.10,error.min_instances=5",error_divergence_ph_meta,"{""divergence"": {""alpha"": 0.1, ""delta"": 0.005, ""min_instances"": 30, ""threshold"": 0.05}, ""error_rate"": {""alpha"": 0.15, ""delta"": 0.005, ""min_instances"": 5, ""threshold"": 0.1}}","{""error_rate"": {""min_instances"": 5, ""threshold"": 0.1}}",0.1,0.005,0.15,5,0.05,0.005,0.1,30,,,,-1,two_stage,2,0.5,"__confirm_cooldown=200,__confirm_rule=perm_test,__perm_alpha=0.01,__perm_delta_k=25,__perm_min_effect=0,__perm_n_perm=200,__perm_post_n=50,__perm_pre_n=500,__perm_rng_seed=0,__perm_stat=delta_fused_score,divergence=0.3,error_rate=0.5,teacher_entropy=0.2",3,0,200,0.0,0,10000,10.0,25.0,200,500,0,0,1.0,0.8566598360655737,0.670222927489859,0.16666666666666666,0.20889094471931458,0.011985598132014275,1,0,104,91,2,perm_test,0.004975124378109453,0.03275856339887247,204,91,113,0.0,0.16666666666666666,0,0.0,0.0,0.0,0.0,0,none,1,1,0,overconfident,0.95,0,stable,0.9753855924223733,0.0010460333525551284,0.9015866399044623,0.9007140737876966,1768146526.7077587,0.6496022939682007,0.10504988580942154
611,39104,39103,sea_abrupt4,sea,ts_drift_adapt,3,"error_divergence_ph_meta@error.threshold=0.10,error.min_instances=5",error_divergence_ph_meta,"{""divergence"": {""alpha"": 0.1, ""delta"": 0.005, ""min_instances"": 30, ""threshold"": 0.05}, ""error_rate"": {""alpha"": 0.15, ""delta"": 0.005, ""min_instances"": 5, ""threshold"": 0.1}}","{""error_rate"": {""min_instances"": 5, ""threshold"": 0.1}}",0.1,0.005,0.15,5,0.05,0.005,0.1,30,,,,-1,two_stage,2,0.5,"__confirm_cooldown=200,__confirm_rule=perm_test,__perm_alpha=0.01,__perm_delta_k=25,__perm_min_effect=0,__perm_n_perm=200,__perm_post_n=50,__perm_pre_n=500,__perm_rng_seed=0,__perm_stat=delta_fused_score,divergence=0.3,error_rate=0.5,teacher_entropy=0.2",3,0,200,0.0,0,10000,10.0,25.0,200,500,1,136,1.0,0.856689852700491,0.6703916541717194,0.0,0.28206416964530945,0.011078234761953354,0,0,104,91,-1,perm_test,0.004975124378109453,0.03275856339887247,204,91,113,0.0,0.16666666666666666,0,0.0,0.0,0.0,0.0,0,none,0,1,0,overconfident,0.95,0,mild_drift,0.9678427962111866,0.0011730166762775641,0.8507933199522312,0.8778570368938483,1768146526.7177434,0.066957026720047,0.09966126084327698
612,39168,39167,sea_abrupt4,sea,ts_drift_adapt,3,"error_divergence_ph_meta@error.threshold=0.10,error.min_instances=5",error_divergence_ph_meta,"{""divergence"": {""alpha"": 0.1, ""delta"": 0.005, ""min_instances"": 30, ""threshold"": 0.05}, ""error_rate"": {""alpha"": 0.15, ""delta"": 0.005, ""min_instances"": 5, ""threshold"": 0.1}}","{""error_rate"": {""min_instances"": 5, ""threshold"": 0.1}}",0.1,0.005,0.15,5,0.05,0.005,0.1,30,,,,-1,two_stage,2,0.5,"__confirm_cooldown=200,__confirm_rule=perm_test,__perm_alpha=0.01,__perm_delta_k=25,__perm_min_effect=0,__perm_n_perm=200,__perm_post_n=50,__perm_pre_n=500,__perm_rng_seed=0,__perm_stat=delta_fused_score,divergence=0.3,error_rate=0.5,teacher_entropy=0.2",3,0,200,0.0,0,10000,10.0,25.0,200,500,1,72,1.0,0.8568218954248366,0.6707484780929702,0.16666666666666666,0.2139112651348114,0.009225786663591862,0,0,104,91,-1,perm_test,0.004975124378109453,0.03275856339887247,204,91,113,0.0,0.16666666666666666,0,0.0,0.0,0.0,0.0,0,none,0,1,0,overconfident,0.95,0,mild_drift,0.9640713981055933,0.001236508338138782,0.8253966599761156,0.8664285184469241,1768146526.7275486,0.4702605903148651,0.08116050064563751
613,39232,39231,sea_abrupt4,sea,ts_drift_adapt,3,"error_divergence_ph_meta@error.threshold=0.10,error.min_instances=5",error_divergence_ph_meta,"{""divergence"": {""alpha"": 0.1, ""delta"": 0.005, ""min_instances"": 30, ""threshold"": 0.05}, ""error_rate"": {""alpha"": 0.15, ""delta"": 0.005, ""min_instances"": 5, ""threshold"": 0.1}}","{""error_rate"": {""min_instances"": 5, ""threshold"": 0.1}}",0.1,0.005,0.15,5,0.05,0.005,0.1,30,,,,-1,two_stage,2,0.5,"__confirm_cooldown=200,__confirm_rule=perm_test,__perm_alpha=0.01,__perm_delta_k=25,__perm_min_effect=0,__perm_n_perm=200,__perm_post_n=50,__perm_pre_n=500,__perm_rng_seed=0,__perm_stat=delta_fused_score,divergence=0.3,error_rate=0.5,teacher_entropy=0.2",3,0,200,0.0,0,10000,10.0,25.0,200,500,1,8,1.0,0.856902528548124,0.6710610894893715,0.16666666666666666,0.23843206465244293,0.018169287592172623,0,1,104,91,-1,perm_test,0.004975124378109453,0.03275856339887247,204,91,113,0.0,0.008943500928580761,1,0.5,0.0,0.0,0.0,0,none,0,1,0,overconfident,0.95,0,mild_drift,0.9621856990527966,0.0012682541690693912,0.8126983299880578,0.860714259223462,1768146526.7374506,0.13401196897029877,0.15645352005958557
614,39296,39295,sea_abrupt4,sea,ts_drift_adapt,3,"error_divergence_ph_meta@error.threshold=0.10,error.min_instances=5",error_divergence_ph_meta,"{""divergence"": {""alpha"": 0.1, ""delta"": 0.005, ""min_instances"": 30, ""threshold"": 0.05}, ""error_rate"": {""alpha"": 0.15, ""delta"": 0.005, ""min_instances"": 5, ""threshold"": 0.1}}","{""error_rate"": {""min_instances"": 5, ""threshold"": 0.1}}",0.1,0.005,0.15,5,0.05,0.005,0.1,30,,,,-1,two_stage,2,0.5,"__confirm_cooldown=200,__confirm_rule=perm_test,__perm_alpha=0.01,__perm_delta_k=25,__perm_min_effect=0,__perm_n_perm=200,__perm_post_n=50,__perm_pre_n=500,__perm_rng_seed=0,__perm_stat=delta_fused_score,divergence=0.3,error_rate=0.5,teacher_entropy=0.2",3,0,200,0.0,0,10000,10.0,25.0,200,500,0,0,1.0,0.856932003257329,0.6712442437302827,0.0,0.22971612215042114,0.015324193984270096,0,0,104,91,-1,perm_test,0.004975124378109453,0.03275856339887247,204,91,113,0.0,0.16666666666666666,0,0.0,0.0,0.0,0.0,0,none,0,1,0,overconfident,0.95,0,mild_drift,0.9612428495263983,0.0012841270845346956,0.8063491649940289,0.857857129611731,1768146526.7475505,0.11005070060491562,0.10857437551021576
615,39360,39359,sea_abrupt4,sea,ts_drift_adapt,3,"error_divergence_ph_meta@error.threshold=0.10,error.min_instances=5",error_divergence_ph_meta,"{""divergence"": {""alpha"": 0.1, ""delta"": 0.005, ""min_instances"": 30, ""threshold"": 0.05}, ""error_rate"": {""alpha"": 0.15, ""delta"": 0.005, ""min_instances"": 5, ""threshold"": 0.1}}","{""error_rate"": {""min_instances"": 5, ""threshold"": 0.1}}",0.1,0.005,0.15,5,0.05,0.005,0.1,30,,,,-1,two_stage,2,0.5,"__confirm_cooldown=200,__confirm_rule=perm_test,__perm_alpha=0.01,__perm_delta_k=25,__perm_min_effect=0,__perm_n_perm=200,__perm_post_n=50,__perm_pre_n=500,__perm_rng_seed=0,__perm_stat=delta_fused_score,divergence=0.3,error_rate=0.5,teacher_entropy=0.2",3,0,200,0.0,0,10000,10.0,25.0,200,500,0,0,1.0,0.8569613821138211,0.6713275544684553,0.0,0.25765931606292725,0.01797119341790676,0,0,104,91,-1,perm_test,0.004975124378109453,0.03275856339887247,204,91,113,0.0,0.0026469994336366653,0,0.0,0.0,0.0,0.0,0,none,0,1,0,overconfident,0.95,0,mild_drift,0.9607714247631991,0.0012920635422673478,0.8031745824970145,0.8564285648058655,1768146526.7577102,0.037027757614851,0.14801956713199615
616,39424,39423,sea_abrupt4,sea,ts_drift_adapt,3,"error_divergence_ph_meta@error.threshold=0.10,error.min_instances=5",error_divergence_ph_meta,"{""divergence"": {""alpha"": 0.1, ""delta"": 0.005, ""min_instances"": 30, ""threshold"": 0.05}, ""error_rate"": {""alpha"": 0.15, ""delta"": 0.005, ""min_instances"": 5, ""threshold"": 0.1}}","{""error_rate"": {""min_instances"": 5, ""threshold"": 0.1}}",0.1,0.005,0.15,5,0.05,0.005,0.1,30,,,,-1,two_stage,2,0.5,"__confirm_cooldown=200,__confirm_rule=perm_test,__perm_alpha=0.01,__perm_delta_k=25,__perm_min_effect=0,__perm_n_perm=200,__perm_post_n=50,__perm_pre_n=500,__perm_rng_seed=0,__perm_stat=delta_fused_score,divergence=0.3,error_rate=0.5,teacher_entropy=0.2",3,0,200,0.0,0,10000,10.0,25.0,200,500,0,0,1.0,0.8569653003246753,0.6714001988733538,0.0,0.28025081753730774,0.018611714243888855,0,0,104,91,-1,perm_test,0.004975124378109453,0.03275856339887247,204,91,113,0.0,0.0006405208259820938,0,0.0,0.0,0.0,0.0,0,none,0,1,0,overconfident,0.95,0,mild_drift,0.9605357123815995,0.0012960317711336738,0.8015872912485072,0.8557142824029327,1768146526.7680507,0.13997714221477509,0.20187130570411682
617,39488,39487,sea_abrupt4,sea,ts_drift_adapt,3,"error_divergence_ph_meta@error.threshold=0.10,error.min_instances=5",error_divergence_ph_meta,"{""divergence"": {""alpha"": 0.1, ""delta"": 0.005, ""min_instances"": 30, ""threshold"": 0.05}, ""error_rate"": {""alpha"": 0.15, ""delta"": 0.005, ""min_instances"": 5, ""threshold"": 0.1}}","{""error_rate"": {""min_instances"": 5, ""threshold"": 0.1}}",0.1,0.005,0.15,5,0.05,0.005,0.1,30,,,,-1,two_stage,2,0.5,"__confirm_cooldown=200,__confirm_rule=perm_test,__perm_alpha=0.01,__perm_delta_k=25,__perm_min_effect=0,__perm_n_perm=200,__perm_post_n=50,__perm_pre_n=500,__perm_rng_seed=0,__perm_stat=delta_fused_score,divergence=0.3,error_rate=0.5,teacher_entropy=0.2",3,0,200,0.0,0,10000,10.0,25.0,200,500,0,0,1.0,0.856969205834684,0.6714413049708685,0.0,0.31813088059425354,0.02367856539785862,0,0,104,91,-1,perm_test,0.004975124378109453,0.03275856339887247,204,91,113,0.0,0.005066851153969765,0,0.0,0.0,0.0,0.0,0,none,0,1,0,overconfident,0.95,0,mild_drift,0.9604178561907997,0.001298015885566837,0.8007936456242537,0.8553571412014663,1768146526.7786875,0.21024154126644135,0.20262113213539124
618,39552,39551,sea_abrupt4,sea,ts_drift_adapt,3,"error_divergence_ph_meta@error.threshold=0.10,error.min_instances=5",error_divergence_ph_meta,"{""divergence"": {""alpha"": 0.1, ""delta"": 0.005, ""min_instances"": 30, ""threshold"": 0.05}, ""error_rate"": {""alpha"": 0.15, ""delta"": 0.005, ""min_instances"": 5, ""threshold"": 0.1}}","{""error_rate"": {""min_instances"": 5, ""threshold"": 0.1}}",0.1,0.005,0.15,5,0.05,0.005,0.1,30,,,,-1,two_stage,2,0.5,"__confirm_cooldown=200,__confirm_rule=perm_test,__perm_alpha=0.01,__perm_delta_k=25,__perm_min_effect=0,__perm_n_perm=200,__perm_post_n=50,__perm_pre_n=500,__perm_rng_seed=0,__perm_stat=delta_fused_score,divergence=0.3,error_rate=0.5,teacher_entropy=0.2",3,0,200,0.0,0,10000,10.0,25.0,200,500,0,0,1.0,0.8570742313915858,0.6717926527291714,0.0,0.211280956864357,0.012441198341548443,0,0,104,91,-1,perm_test,0.004975124378109453,0.03275856339887247,204,91,113,0.0,0.011237367056310177,0,0.0,0.0,0.0,0.0,0,none,0,1,0,overconfident,0.95,0,mild_drift,0.9603589280953998,0.0012990079427834186,0.8003968228121269,0.8551785706007331,1768146526.789185,0.052026908844709396,0.07936253398656845
619,39616,39615,sea_abrupt4,sea,ts_drift_adapt,3,"error_divergence_ph_meta@error.threshold=0.10,error.min_instances=5",error_divergence_ph_meta,"{""divergence"": {""alpha"": 0.1, ""delta"": 0.005, ""min_instances"": 30, ""threshold"": 0.05}, ""error_rate"": {""alpha"": 0.15, ""delta"": 0.005, ""min_instances"": 5, ""threshold"": 0.1}}","{""error_rate"": {""min_instances"": 5, ""threshold"": 0.1}}",0.1,0.005,0.15,5,0.05,0.005,0.1,30,,,,-1,two_stage,2,0.5,"__confirm_cooldown=200,__confirm_rule=perm_test,__perm_alpha=0.01,__perm_delta_k=25,__perm_min_effect=0,__perm_n_perm=200,__perm_post_n=50,__perm_pre_n=500,__perm_rng_seed=0,__perm_stat=delta_fused_score,divergence=0.3,error_rate=0.5,teacher_entropy=0.2",3,0,200,0.0,0,10000,10.0,25.0,200,500,0,0,1.0,0.857153675282714,0.6720681715247354,0.0,0.23673756420612335,0.012632719241082668,0,0,104,91,-1,perm_test,0.004975124378109453,0.03275856339887247,204,91,113,0.0,0.00019152089953422546,0,0.0,0.0,0.0,0.0,0,none,0,1,0,overconfident,0.95,0,mild_drift,0.9603294640476998,0.0012995039713917093,0.8001984114060634,0.8550892853003665,1768146526.7995422,0.1299780011177063,0.11909991502761841
620,39680,39679,sea_abrupt4,sea,ts_drift_adapt,3,"error_divergence_ph_meta@error.threshold=0.10,error.min_instances=5",error_divergence_ph_meta,"{""divergence"": {""alpha"": 0.1, ""delta"": 0.005, ""min_instances"": 30, ""threshold"": 0.05}, ""error_rate"": {""alpha"": 0.15, ""delta"": 0.005, ""min_instances"": 5, ""threshold"": 0.1}}","{""error_rate"": {""min_instances"": 5, ""threshold"": 0.1}}",0.1,0.005,0.15,5,0.05,0.005,0.1,30,,,,-1,two_stage,2,0.5,"__confirm_cooldown=200,__confirm_rule=perm_test,__perm_alpha=0.01,__perm_delta_k=25,__perm_min_effect=0,__perm_n_perm=200,__perm_post_n=50,__perm_pre_n=500,__perm_rng_seed=0,__perm_stat=delta_fused_score,divergence=0.3,error_rate=0.5,teacher_entropy=0.2",3,0,200,0.0,0,10000,10.0,25.0,200,500,0,0,1.0,0.8571824596774194,0.6722625821699699,0.0,0.2578641176223755,0.014318474568426609,0,0,104,91,-1,perm_test,0.004975124378109453,0.03275856339887247,204,91,113,0.0,0.0016857553273439407,0,0.0,0.0,0.0,0.0,0,none,0,1,0,overconfident,0.95,0,mild_drift,0.9603147320238499,0.0012997519856958548,0.8000992057030317,0.8550446426501832,1768146526.810023,0.1905255764722824,0.1282871812582016
621,39744,39743,sea_abrupt4,sea,ts_drift_adapt,3,"error_divergence_ph_meta@error.threshold=0.10,error.min_instances=5",error_divergence_ph_meta,"{""divergence"": {""alpha"": 0.1, ""delta"": 0.005, ""min_instances"": 30, ""threshold"": 0.05}, ""error_rate"": {""alpha"": 0.15, ""delta"": 0.005, ""min_instances"": 5, ""threshold"": 0.1}}","{""error_rate"": {""min_instances"": 5, ""threshold"": 0.1}}",0.1,0.005,0.15,5,0.05,0.005,0.1,30,,,,-1,two_stage,2,0.5,"__confirm_cooldown=200,__confirm_rule=perm_test,__perm_alpha=0.01,__perm_delta_k=25,__perm_min_effect=0,__perm_n_perm=200,__perm_post_n=50,__perm_pre_n=500,__perm_rng_seed=0,__perm_stat=delta_fused_score,divergence=0.3,error_rate=0.5,teacher_entropy=0.2",3,0,200,0.0,0,10000,10.0,25.0,200,500,0,0,1.0,0.8573117954911433,0.6726483512167205,0.0,0.2771580219268799,0.01753239706158638,0,0,104,91,-1,perm_test,0.004975124378109453,0.03275856339887247,204,91,113,0.0,0.003213922493159771,0,0.0,0.0,0.0,0.0,0,none,0,1,0,overconfident,0.95,0,mild_drift,0.9603073660119249,0.0012998759928479274,0.8000496028515158,0.8550223213250916,1768146526.8206244,0.11059367656707764,0.14915892481803894
622,39808,39807,sea_abrupt4,sea,ts_drift_adapt,3,"error_divergence_ph_meta@error.threshold=0.10,error.min_instances=5",error_divergence_ph_meta,"{""divergence"": {""alpha"": 0.1, ""delta"": 0.005, ""min_instances"": 30, ""threshold"": 0.05}, ""error_rate"": {""alpha"": 0.15, ""delta"": 0.005, ""min_instances"": 5, ""threshold"": 0.1}}","{""error_rate"": {""min_instances"": 5, ""threshold"": 0.1}}",0.1,0.005,0.15,5,0.05,0.005,0.1,30,,,,-1,two_stage,2,0.5,"__confirm_cooldown=200,__confirm_rule=perm_test,__perm_alpha=0.01,__perm_delta_k=25,__perm_min_effect=0,__perm_n_perm=200,__perm_post_n=50,__perm_pre_n=500,__perm_rng_seed=0,__perm_stat=delta_fused_score,divergence=0.3,error_rate=0.5,teacher_entropy=0.2",3,0,200,0.0,0,10000,10.0,25.0,200,500,0,0,1.0,0.8573653536977492,0.6729923921359654,0.16666666666666666,0.28168147802352905,0.013246477581560612,1,1,105,92,0,perm_test,0.004975124378109453,0.07469613831311529,205,92,113,0.0,0.16666666666666666,1,0.5,0.0,0.0,0.0,0,none,1,1,0,overconfident,0.95,0,stable,0.9751536830059624,0.0010499379964239637,0.9000248014257579,0.9000111606625458,1768146526.8389907,0.14205534756183624,0.09446454048156738
623,39872,39871,sea_abrupt4,sea,ts_drift_adapt,3,"error_divergence_ph_meta@error.threshold=0.10,error.min_instances=5",error_divergence_ph_meta,"{""divergence"": {""alpha"": 0.1, ""delta"": 0.005, ""min_instances"": 30, ""threshold"": 0.05}, ""error_rate"": {""alpha"": 0.15, ""delta"": 0.005, ""min_instances"": 5, ""threshold"": 0.1}}","{""error_rate"": {""min_instances"": 5, ""threshold"": 0.1}}",0.1,0.005,0.15,5,0.05,0.005,0.1,30,,,,-1,two_stage,2,0.5,"__confirm_cooldown=200,__confirm_rule=perm_test,__perm_alpha=0.01,__perm_delta_k=25,__perm_min_effect=0,__perm_n_perm=200,__perm_post_n=50,__perm_pre_n=500,__perm_rng_seed=0,__perm_stat=delta_fused_score,divergence=0.3,error_rate=0.5,teacher_entropy=0.2",3,0,200,0.0,0,10000,10.0,25.0,200,500,1,136,1.0,0.8574438202247191,0.6732844135499109,0.0,0.23877696692943573,0.013215639628469944,0,0,105,92,-1,perm_test,0.004975124378109453,0.07469613831311529,205,92,113,0.0,0.16666666666666666,0,0.0,0.0,0.0,0.0,0,none,0,1,0,overconfident,0.95,0,mild_drift,0.9677268415029812,0.001174968998211982,0.850012400712879,0.8775055803312729,1768146526.8492048,0.030340256169438362,0.10656939446926117
624,39936,39935,sea_abrupt4,sea,ts_drift_adapt,3,"error_divergence_ph_meta@error.threshold=0.10,error.min_instances=5",error_divergence_ph_meta,"{""divergence"": {""alpha"": 0.1, ""delta"": 0.005, ""min_instances"": 30, ""threshold"": 0.05}, ""error_rate"": {""alpha"": 0.15, ""delta"": 0.005, ""min_instances"": 5, ""threshold"": 0.1}}","{""error_rate"": {""min_instances"": 5, ""threshold"": 0.1}}",0.1,0.005,0.15,5,0.05,0.005,0.1,30,,,,-1,two_stage,2,0.5,"__confirm_cooldown=200,__confirm_rule=perm_test,__perm_alpha=0.01,__perm_delta_k=25,__perm_min_effect=0,__perm_n_perm=200,__perm_post_n=50,__perm_pre_n=500,__perm_rng_seed=0,__perm_stat=delta_fused_score,divergence=0.3,error_rate=0.5,teacher_entropy=0.2",3,0,200,0.0,0,10000,10.0,25.0,200,500,1,72,1.0,0.857597155448718,0.6737008971324738,0.0,0.22123320400714874,0.017683085054159164,0,0,105,92,-1,perm_test,0.004975124378109453,0.07469613831311529,205,92,113,0.0,0.00446744542568922,0,0.0,0.0,0.0,0.0,0,none,0,1,0,overconfident,0.95,0,mild_drift,0.9640134207514905,0.001237484499105991,0.8250062003564396,0.8662527901656365,1768146526.8591304,0.1360563039779663,0.12196836620569229
625,40000,39999,sea_abrupt4,sea,ts_drift_adapt,3,"error_divergence_ph_meta@error.threshold=0.10,error.min_instances=5",error_divergence_ph_meta,"{""divergence"": {""alpha"": 0.1, ""delta"": 0.005, ""min_instances"": 30, ""threshold"": 0.05}, ""error_rate"": {""alpha"": 0.15, ""delta"": 0.005, ""min_instances"": 5, ""threshold"": 0.1}}","{""error_rate"": {""min_instances"": 5, ""threshold"": 0.1}}",0.1,0.005,0.15,5,0.05,0.005,0.1,30,,,,-1,two_stage,2,0.5,"__confirm_cooldown=200,__confirm_rule=perm_test,__perm_alpha=0.01,__perm_delta_k=25,__perm_min_effect=0,__perm_n_perm=200,__perm_post_n=50,__perm_pre_n=500,__perm_rng_seed=0,__perm_stat=delta_fused_score,divergence=0.3,error_rate=0.5,teacher_entropy=0.2",3,0,200,0.0,0,10000,10.0,25.0,200,500,1,8,1.0,0.8577,0.6741209197113757,0.16666666666666666,0.27608686685562134,0.01744955964386463,0,0,105,92,-1,perm_test,0.004975124378109453,0.07469613831311529,205,92,113,0.0,0.16666666666666666,0,0.0,0.0,0.0,0.0,0,none,0,1,0,overconfident,0.95,0,mild_drift,0.9621567103757452,0.0012687422495529957,0.8125031001782198,0.8606263950828182,1768146526.8691907,0.2163226157426834,0.12552660703659058
626,40064,40063,sea_abrupt4,sea,ts_drift_adapt,3,"error_divergence_ph_meta@error.threshold=0.10,error.min_instances=5",error_divergence_ph_meta,"{""divergence"": {""alpha"": 0.1, ""delta"": 0.005, ""min_instances"": 30, ""threshold"": 0.05}, ""error_rate"": {""alpha"": 0.15, ""delta"": 0.005, ""min_instances"": 5, ""threshold"": 0.1}}","{""error_rate"": {""min_instances"": 5, ""threshold"": 0.1}}",0.1,0.005,0.15,5,0.05,0.005,0.1,30,,,,-1,two_stage,2,0.5,"__confirm_cooldown=200,__confirm_rule=perm_test,__perm_alpha=0.01,__perm_delta_k=25,__perm_min_effect=0,__perm_n_perm=200,__perm_post_n=50,__perm_pre_n=500,__perm_rng_seed=0,__perm_stat=delta_fused_score,divergence=0.3,error_rate=0.5,teacher_entropy=0.2",3,0,200,0.0,0,10000,10.0,25.0,200,500,0,0,1.0,0.8576777156549521,0.6741033236404227,0.16666666666666666,0.31363335251808167,0.01968352310359478,0,0,105,92,-1,perm_test,0.004975124378109453,0.07469613831311529,205,92,113,0.0,0.0022339634597301483,0,0.0,0.0,0.0,0.0,0,none,0,1,0,overconfident,0.95,0,mild_drift,0.9612283551878726,0.001284371124776498,0.8062515500891099,0.8578131975414092,1768146526.8797538,0.7528291344642639,0.1862614005804062
627,40128,40127,sea_abrupt4,sea,ts_drift_adapt,3,"error_divergence_ph_meta@error.threshold=0.10,error.min_instances=5",error_divergence_ph_meta,"{""divergence"": {""alpha"": 0.1, ""delta"": 0.005, ""min_instances"": 30, ""threshold"": 0.05}, ""error_rate"": {""alpha"": 0.15, ""delta"": 0.005, ""min_instances"": 5, ""threshold"": 0.1}}","{""error_rate"": {""min_instances"": 5, ""threshold"": 0.1}}",0.1,0.005,0.15,5,0.05,0.005,0.1,30,,,,-1,two_stage,2,0.5,"__confirm_cooldown=200,__confirm_rule=perm_test,__perm_alpha=0.01,__perm_delta_k=25,__perm_min_effect=0,__perm_n_perm=200,__perm_post_n=50,__perm_pre_n=500,__perm_rng_seed=0,__perm_stat=delta_fused_score,divergence=0.3,error_rate=0.5,teacher_entropy=0.2",3,0,200,0.0,0,10000,10.0,25.0,200,500,0,0,1.0,0.8578050239234449,0.674352776436715,0.0,0.21279196441173553,0.019806532189249992,0,1,106,92,-1,perm_test,1.0,-0.09344560107634045,206,92,114,0.16666666666666666,0.16666666666666666,1,0.5,0.0,0.0,0.0,0,none,0,1,0,overconfident,0.95,0,mild_drift,0.9607641775939363,0.0012921855623882492,0.803125775044555,0.8564065987707046,1768146526.8904378,0.03211282566189766,0.1890135407447815
628,40192,40191,sea_abrupt4,sea,ts_drift_adapt,3,"error_divergence_ph_meta@error.threshold=0.10,error.min_instances=5",error_divergence_ph_meta,"{""divergence"": {""alpha"": 0.1, ""delta"": 0.005, ""min_instances"": 30, ""threshold"": 0.05}, ""error_rate"": {""alpha"": 0.15, ""delta"": 0.005, ""min_instances"": 5, ""threshold"": 0.1}}","{""error_rate"": {""min_instances"": 5, ""threshold"": 0.1}}",0.1,0.005,0.15,5,0.05,0.005,0.1,30,,,,-1,two_stage,2,0.5,"__confirm_cooldown=200,__confirm_rule=perm_test,__perm_alpha=0.01,__perm_delta_k=25,__perm_min_effect=0,__perm_n_perm=200,__perm_post_n=50,__perm_pre_n=500,__perm_rng_seed=0,__perm_stat=delta_fused_score,divergence=0.3,error_rate=0.5,teacher_entropy=0.2",3,0,200,0.0,0,10000,10.0,25.0,200,500,0,0,1.0,0.8578572850318471,0.6744252473013441,0.16666666666666666,0.27524298429489136,0.02200920693576336,0,0,106,92,-1,perm_test,0.01990049751243781,0.008341200652874987,207,92,115,0.0,0.16666666666666666,0,0.0,0.0,0.0,0.0,0,none,0,1,0,overconfident,0.95,0,mild_drift,0.9605320887969682,0.0012960927811941246,0.8015628875222776,0.8557032993853523,1768146526.908211,0.4263821840286255,0.16495376825332642
629,40256,40255,sea_abrupt4,sea,ts_drift_adapt,3,"error_divergence_ph_meta@error.threshold=0.10,error.min_instances=5",error_divergence_ph_meta,"{""divergence"": {""alpha"": 0.1, ""delta"": 0.005, ""min_instances"": 30, ""threshold"": 0.05}, ""error_rate"": {""alpha"": 0.15, ""delta"": 0.005, ""min_instances"": 5, ""threshold"": 0.1}}","{""error_rate"": {""min_instances"": 5, ""threshold"": 0.1}}",0.1,0.005,0.15,5,0.05,0.005,0.1,30,,,,-1,two_stage,2,0.5,"__confirm_cooldown=200,__confirm_rule=perm_test,__perm_alpha=0.01,__perm_delta_k=25,__perm_min_effect=0,__perm_n_perm=200,__perm_post_n=50,__perm_pre_n=500,__perm_rng_seed=0,__perm_stat=delta_fused_score,divergence=0.3,error_rate=0.5,teacher_entropy=0.2",3,0,200,0.0,0,10000,10.0,25.0,200,500,0,0,1.0,0.8579839030206677,0.6747680238959143,0.0,0.23993729054927826,0.010070380754768848,0,0,106,92,-1,perm_test,1.0,-0.0625055393403556,208,92,116,0.0,0.16666666666666666,0,0.0,0.0,0.0,0.0,0,none,0,1,0,overconfident,0.95,0,mild_drift,0.960416044398484,0.0012980463905970623,0.8007814437611388,0.8553516496926761,1768146526.918626,0.046560317277908325,0.07749561965465546
630,40320,40319,sea_abrupt4,sea,ts_drift_adapt,3,"error_divergence_ph_meta@error.threshold=0.10,error.min_instances=5",error_divergence_ph_meta,"{""divergence"": {""alpha"": 0.1, ""delta"": 0.005, ""min_instances"": 30, ""threshold"": 0.05}, ""error_rate"": {""alpha"": 0.15, ""delta"": 0.005, ""min_instances"": 5, ""threshold"": 0.1}}","{""error_rate"": {""min_instances"": 5, ""threshold"": 0.1}}",0.1,0.005,0.15,5,0.05,0.005,0.1,30,,,,-1,two_stage,2,0.5,"__confirm_cooldown=200,__confirm_rule=perm_test,__perm_alpha=0.01,__perm_delta_k=25,__perm_min_effect=0,__perm_n_perm=200,__perm_post_n=50,__perm_pre_n=500,__perm_rng_seed=0,__perm_stat=delta_fused_score,divergence=0.3,error_rate=0.5,teacher_entropy=0.2",3,0,200,0.0,0,10000,10.0,25.0,200,500,0,0,1.0,0.8581349206349206,0.6751342135107888,0.0,0.1898442804813385,0.00933110062032938,0,0,106,92,-1,perm_test,1.0,-0.010573893017852477,209,92,117,0.0,0.0007392801344394684,0,0.0,0.0,0.0,0.0,0,none,0,1,0,overconfident,0.95,0,mild_drift,0.960358022199242,0.001299023195298531,0.8003907218805695,0.855175824846338,1768146526.9288433,0.09715867042541504,0.07081057131290436
631,40384,40383,sea_abrupt4,sea,ts_drift_adapt,3,"error_divergence_ph_meta@error.threshold=0.10,error.min_instances=5",error_divergence_ph_meta,"{""divergence"": {""alpha"": 0.1, ""delta"": 0.005, ""min_instances"": 30, ""threshold"": 0.05}, ""error_rate"": {""alpha"": 0.15, ""delta"": 0.005, ""min_instances"": 5, ""threshold"": 0.1}}","{""error_rate"": {""min_instances"": 5, ""threshold"": 0.1}}",0.1,0.005,0.15,5,0.05,0.005,0.1,30,,,,-1,two_stage,2,0.5,"__confirm_cooldown=200,__confirm_rule=perm_test,__perm_alpha=0.01,__perm_delta_k=25,__perm_min_effect=0,__perm_n_perm=200,__perm_post_n=50,__perm_pre_n=500,__perm_rng_seed=0,__perm_stat=delta_fused_score,divergence=0.3,error_rate=0.5,teacher_entropy=0.2",3,0,200,0.0,0,10000,10.0,25.0,200,500,0,0,1.0,0.8582111727416799,0.67530464206493,0.0,0.20264998078346252,0.0072782039642333984,0,0,106,92,-1,perm_test,1.0,-0.010573893017852477,209,92,117,0.0,0.0020528966560959816,0,0.0,0.0,0.0,0.0,0,none,0,1,0,overconfident,0.95,0,mild_drift,0.960329011099621,0.0012995115976492657,0.8001953609402848,0.855087912423169,1768146526.938949,0.17237873375415802,0.0700889378786087
632,40448,40447,sea_abrupt4,sea,ts_drift_adapt,3,"error_divergence_ph_meta@error.threshold=0.10,error.min_instances=5",error_divergence_ph_meta,"{""divergence"": {""alpha"": 0.1, ""delta"": 0.005, ""min_instances"": 30, ""threshold"": 0.05}, ""error_rate"": {""alpha"": 0.15, ""delta"": 0.005, ""min_instances"": 5, ""threshold"": 0.1}}","{""error_rate"": {""min_instances"": 5, ""threshold"": 0.1}}",0.1,0.005,0.15,5,0.05,0.005,0.1,30,,,,-1,two_stage,2,0.5,"__confirm_cooldown=200,__confirm_rule=perm_test,__perm_alpha=0.01,__perm_delta_k=25,__perm_min_effect=0,__perm_n_perm=200,__perm_post_n=50,__perm_pre_n=500,__perm_rng_seed=0,__perm_stat=delta_fused_score,divergence=0.3,error_rate=0.5,teacher_entropy=0.2",3,0,200,0.0,0,10000,10.0,25.0,200,500,0,0,1.0,0.858262460443038,0.6754987558287346,0.0,0.276432067155838,0.02580038458108902,0,0,106,92,-1,perm_test,1.0,-0.010573893017852477,209,92,117,0.0,0.01852218061685562,0,0.0,0.0,0.0,0.0,0,none,0,1,0,overconfident,0.95,0,mild_drift,0.9603145055498105,0.0012997557988246328,0.8000976804701424,0.8550439562115845,1768146526.9492085,0.05344237759709358,0.21794715523719788
633,40512,40511,sea_abrupt4,sea,ts_drift_adapt,3,"error_divergence_ph_meta@error.threshold=0.10,error.min_instances=5",error_divergence_ph_meta,"{""divergence"": {""alpha"": 0.1, ""delta"": 0.005, ""min_instances"": 30, ""threshold"": 0.05}, ""error_rate"": {""alpha"": 0.15, ""delta"": 0.005, ""min_instances"": 5, ""threshold"": 0.1}}","{""error_rate"": {""min_instances"": 5, ""threshold"": 0.1}}",0.1,0.005,0.15,5,0.05,0.005,0.1,30,,,,-1,two_stage,2,0.5,"__confirm_cooldown=200,__confirm_rule=perm_test,__perm_alpha=0.01,__perm_delta_k=25,__perm_min_effect=0,__perm_n_perm=200,__perm_post_n=50,__perm_pre_n=500,__perm_rng_seed=0,__perm_stat=delta_fused_score,divergence=0.3,error_rate=0.5,teacher_entropy=0.2",3,0,200,0.0,0,10000,10.0,25.0,200,500,0,0,1.0,0.8583876382306477,0.6757544208855043,0.16666666666666666,0.20917236804962158,0.012687810696661472,1,1,107,93,0,perm_test,0.004975124378109453,0.07217109851358201,210,93,117,0.16666666666666666,0.16666666666666666,1,0.5,0.0,0.0,0.0,0,none,1,1,0,overconfident,0.95,0,severe_drift,0.9256572527749052,0.0016498778994123164,0.6500488402350713,0.8325219781057922,1768146526.9670377,0.2564631998538971,0.09685257077217102
634,40576,40575,sea_abrupt4,sea,ts_drift_adapt,3,"error_divergence_ph_meta@error.threshold=0.10,error.min_instances=5",error_divergence_ph_meta,"{""divergence"": {""alpha"": 0.1, ""delta"": 0.005, ""min_instances"": 30, ""threshold"": 0.05}, ""error_rate"": {""alpha"": 0.15, ""delta"": 0.005, ""min_instances"": 5, ""threshold"": 0.1}}","{""error_rate"": {""min_instances"": 5, ""threshold"": 0.1}}",0.1,0.005,0.15,5,0.05,0.005,0.1,30,,,,-1,two_stage,2,0.5,"__confirm_cooldown=200,__confirm_rule=perm_test,__perm_alpha=0.01,__perm_delta_k=25,__perm_min_effect=0,__perm_n_perm=200,__perm_post_n=50,__perm_pre_n=500,__perm_rng_seed=0,__perm_stat=delta_fused_score,divergence=0.3,error_rate=0.5,teacher_entropy=0.2",3,0,200,0.0,0,10000,10.0,25.0,200,500,1,136,1.0,0.8585617113564669,0.6761250790043095,0.0,0.24887272715568542,0.00808902457356453,0,0,107,93,-1,perm_test,0.004975124378109453,0.07217109851358201,210,93,117,0.0,0.16666666666666666,0,0.0,0.0,0.0,0.0,0,none,0,1,0,overconfident,0.95,0,mild_drift,0.9429786263874526,0.0014749389497061582,0.7250244201175357,0.8437609890528961,1768146526.9769795,0.1422811895608902,0.05803341791033745
635,40640,40639,sea_abrupt4,sea,ts_drift_adapt,3,"error_divergence_ph_meta@error.threshold=0.10,error.min_instances=5",error_divergence_ph_meta,"{""divergence"": {""alpha"": 0.1, ""delta"": 0.005, ""min_instances"": 30, ""threshold"": 0.05}, ""error_rate"": {""alpha"": 0.15, ""delta"": 0.005, ""min_instances"": 5, ""threshold"": 0.1}}","{""error_rate"": {""min_instances"": 5, ""threshold"": 0.1}}",0.1,0.005,0.15,5,0.05,0.005,0.1,30,,,,-1,two_stage,2,0.5,"__confirm_cooldown=200,__confirm_rule=perm_test,__perm_alpha=0.01,__perm_delta_k=25,__perm_min_effect=0,__perm_n_perm=200,__perm_post_n=50,__perm_pre_n=500,__perm_rng_seed=0,__perm_stat=delta_fused_score,divergence=0.3,error_rate=0.5,teacher_entropy=0.2",3,0,200,0.0,0,10000,10.0,25.0,200,500,1,72,1.0,0.8587352362204724,0.6764680824250772,0.0,0.21319717168807983,0.010216561146080494,0,0,107,93,-1,perm_test,0.004975124378109453,0.07217109851358201,210,93,117,0.0,0.0021275365725159645,0,0.0,0.0,0.0,0.0,0,none,0,1,0,overconfident,0.95,0,mild_drift,0.9516393131937262,0.0013874694748530793,0.7625122100587678,0.849380494526448,1768146526.98675,0.03705256059765816,0.08166147768497467
636,40704,40703,sea_abrupt4,sea,ts_drift_adapt,3,"error_divergence_ph_meta@error.threshold=0.10,error.min_instances=5",error_divergence_ph_meta,"{""divergence"": {""alpha"": 0.1, ""delta"": 0.005, ""min_instances"": 30, ""threshold"": 0.05}, ""error_rate"": {""alpha"": 0.15, ""delta"": 0.005, ""min_instances"": 5, ""threshold"": 0.1}}","{""error_rate"": {""min_instances"": 5, ""threshold"": 0.1}}",0.1,0.005,0.15,5,0.05,0.005,0.1,30,,,,-1,two_stage,2,0.5,"__confirm_cooldown=200,__confirm_rule=perm_test,__perm_alpha=0.01,__perm_delta_k=25,__perm_min_effect=0,__perm_n_perm=200,__perm_post_n=50,__perm_pre_n=500,__perm_rng_seed=0,__perm_stat=delta_fused_score,divergence=0.3,error_rate=0.5,teacher_entropy=0.2",3,0,200,0.0,0,10000,10.0,25.0,200,500,1,8,1.0,0.8587362421383647,0.6764688552836431,0.0,0.21100468933582306,0.021607793867588043,0,0,107,93,-1,perm_test,0.004975124378109453,0.07217109851358201,210,93,117,0.0,0.01139123272150755,0,0.0,0.0,0.0,0.0,0,none,0,1,0,overconfident,0.95,0,mild_drift,0.9559696565968631,0.0013437347374265396,0.7812561050293839,0.852190247263224,1768146526.9966633,0.03615554794669151,0.17859534919261932
637,40768,40767,sea_abrupt4,sea,ts_drift_adapt,3,"error_divergence_ph_meta@error.threshold=0.10,error.min_instances=5",error_divergence_ph_meta,"{""divergence"": {""alpha"": 0.1, ""delta"": 0.005, ""min_instances"": 30, ""threshold"": 0.05}, ""error_rate"": {""alpha"": 0.15, ""delta"": 0.005, ""min_instances"": 5, ""threshold"": 0.1}}","{""error_rate"": {""min_instances"": 5, ""threshold"": 0.1}}",0.1,0.005,0.15,5,0.05,0.005,0.1,30,,,,-1,two_stage,2,0.5,"__confirm_cooldown=200,__confirm_rule=perm_test,__perm_alpha=0.01,__perm_delta_k=25,__perm_min_effect=0,__perm_n_perm=200,__perm_post_n=50,__perm_pre_n=500,__perm_rng_seed=0,__perm_stat=delta_fused_score,divergence=0.3,error_rate=0.5,teacher_entropy=0.2",3,0,200,0.0,0,10000,10.0,25.0,200,500,0,0,1.0,0.8586881868131868,0.6763818167206499,0.3333333333333333,0.2876936197280884,0.0099619310349226,0,0,107,93,-1,perm_test,0.004975124378109453,0.07217109851358201,210,93,117,0.0,0.3333333333333333,0,0.0,0.0,0.0,0.0,0,none,0,1,0,overconfident,0.95,0,mild_drift,0.9581348282984314,0.00132186736871327,0.790628052514692,0.8535951236316119,1768146527.006796,0.4255915880203247,0.07134830951690674
638,40832,40831,sea_abrupt4,sea,ts_drift_adapt,3,"error_divergence_ph_meta@error.threshold=0.10,error.min_instances=5",error_divergence_ph_meta,"{""divergence"": {""alpha"": 0.1, ""delta"": 0.005, ""min_instances"": 30, ""threshold"": 0.05}, ""error_rate"": {""alpha"": 0.15, ""delta"": 0.005, ""min_instances"": 5, ""threshold"": 0.1}}","{""error_rate"": {""min_instances"": 5, ""threshold"": 0.1}}",0.1,0.005,0.15,5,0.05,0.005,0.1,30,,,,-1,two_stage,2,0.5,"__confirm_cooldown=200,__confirm_rule=perm_test,__perm_alpha=0.01,__perm_delta_k=25,__perm_min_effect=0,__perm_n_perm=200,__perm_post_n=50,__perm_pre_n=500,__perm_rng_seed=0,__perm_stat=delta_fused_score,divergence=0.3,error_rate=0.5,teacher_entropy=0.2",3,0,200,0.0,0,10000,10.0,25.0,200,500,0,0,1.0,0.8587872257053292,0.6765758995175456,0.16666666666666666,0.22844383120536804,0.010786619037389755,0,1,108,93,-1,perm_test,1.0,-0.08628982344176589,211,93,118,0.0,0.16666666666666666,1,0.5,0.0,0.0,0.0,0,none,0,1,0,overconfident,0.95,0,mild_drift,0.9592174141492157,0.001310933684356635,0.795314026257346,0.854297561815806,1768146527.0171497,0.2548261880874634,0.09574156999588013
639,40896,40895,sea_abrupt4,sea,ts_drift_adapt,3,"error_divergence_ph_meta@error.threshold=0.10,error.min_instances=5",error_divergence_ph_meta,"{""divergence"": {""alpha"": 0.1, ""delta"": 0.005, ""min_instances"": 30, ""threshold"": 0.05}, ""error_rate"": {""alpha"": 0.15, ""delta"": 0.005, ""min_instances"": 5, ""threshold"": 0.1}}","{""error_rate"": {""min_instances"": 5, ""threshold"": 0.1}}",0.1,0.005,0.15,5,0.05,0.005,0.1,30,,,,-1,two_stage,2,0.5,"__confirm_cooldown=200,__confirm_rule=perm_test,__perm_alpha=0.01,__perm_delta_k=25,__perm_min_effect=0,__perm_n_perm=200,__perm_post_n=50,__perm_pre_n=500,__perm_rng_seed=0,__perm_stat=delta_fused_score,divergence=0.3,error_rate=0.5,teacher_entropy=0.2",3,0,200,0.0,0,10000,10.0,25.0,200,500,0,0,1.0,0.8588125978090767,0.676640607789307,0.3333333333333333,0.2754416763782501,0.014478100463747978,0,0,108,93,-1,perm_test,1.0,-0.06473758650404772,212,93,119,0.0,0.16666666666666666,0,0.0,0.0,0.0,0.0,0,none,0,1,0,overconfident,0.95,0,mild_drift,0.9597587070746079,0.0013054668421783175,0.7976570131286731,0.854648780907903,1768146527.0275095,0.8418102860450745,0.09334234148263931
640,40960,40959,sea_abrupt4,sea,ts_drift_adapt,3,"error_divergence_ph_meta@error.threshold=0.10,error.min_instances=5",error_divergence_ph_meta,"{""divergence"": {""alpha"": 0.1, ""delta"": 0.005, ""min_instances"": 30, ""threshold"": 0.05}, ""error_rate"": {""alpha"": 0.15, ""delta"": 0.005, ""min_instances"": 5, ""threshold"": 0.1}}","{""error_rate"": {""min_instances"": 5, ""threshold"": 0.1}}",0.1,0.005,0.15,5,0.05,0.005,0.1,30,,,,-1,two_stage,2,0.5,"__confirm_cooldown=200,__confirm_rule=perm_test,__perm_alpha=0.01,__perm_delta_k=25,__perm_min_effect=0,__perm_n_perm=200,__perm_post_n=50,__perm_pre_n=500,__perm_rng_seed=0,__perm_stat=delta_fused_score,divergence=0.3,error_rate=0.5,teacher_entropy=0.2",3,0,200,0.0,0,10000,10.0,25.0,200,500,0,0,1.0,0.858935546875,0.6769447423261488,0.0,0.21516676247119904,0.01196873839944601,0,0,108,93,-1,perm_test,1.0,-0.09691124879372624,213,93,120,0.0,0.3333333333333333,0,0.0,0.0,0.0,0.0,0,none,0,1,0,overconfident,0.95,0,mild_drift,0.9600293535373039,0.0013027334210891587,0.7988285065643366,0.8548243904539514,1768146527.0378745,0.031932901591062546,0.09273979812860489
641,41024,41023,sea_abrupt4,sea,ts_drift_adapt,3,"error_divergence_ph_meta@error.threshold=0.10,error.min_instances=5",error_divergence_ph_meta,"{""divergence"": {""alpha"": 0.1, ""delta"": 0.005, ""min_instances"": 30, ""threshold"": 0.05}, ""error_rate"": {""alpha"": 0.15, ""delta"": 0.005, ""min_instances"": 5, ""threshold"": 0.1}}","{""error_rate"": {""min_instances"": 5, ""threshold"": 0.1}}",0.1,0.005,0.15,5,0.05,0.005,0.1,30,,,,-1,two_stage,2,0.5,"__confirm_cooldown=200,__confirm_rule=perm_test,__perm_alpha=0.01,__perm_delta_k=25,__perm_min_effect=0,__perm_n_perm=200,__perm_post_n=50,__perm_pre_n=500,__perm_rng_seed=0,__perm_stat=delta_fused_score,divergence=0.3,error_rate=0.5,teacher_entropy=0.2",3,0,200,0.0,0,10000,10.0,25.0,200,500,0,0,1.0,0.858984984399376,0.6771015071343983,0.0,0.23186436295509338,0.01592782512307167,0,0,108,93,-1,perm_test,0.19402985074626866,0.003140367713451416,214,93,121,0.0,0.00395908672362566,0,0.0,0.0,0.0,0.0,0,none,0,1,0,overconfident,0.95,0,mild_drift,0.9601646767686519,0.0013013667105445793,0.7994142532821683,0.8549121952269757,1768146527.055471,0.15571679174900055,0.1303444355726242
642,41088,41087,sea_abrupt4,sea,ts_drift_adapt,3,"error_divergence_ph_meta@error.threshold=0.10,error.min_instances=5",error_divergence_ph_meta,"{""divergence"": {""alpha"": 0.1, ""delta"": 0.005, ""min_instances"": 30, ""threshold"": 0.05}, ""error_rate"": {""alpha"": 0.15, ""delta"": 0.005, ""min_instances"": 5, ""threshold"": 0.1}}","{""error_rate"": {""min_instances"": 5, ""threshold"": 0.1}}",0.1,0.005,0.15,5,0.05,0.005,0.1,30,,,,-1,two_stage,2,0.5,"__confirm_cooldown=200,__confirm_rule=perm_test,__perm_alpha=0.01,__perm_delta_k=25,__perm_min_effect=0,__perm_n_perm=200,__perm_post_n=50,__perm_pre_n=500,__perm_rng_seed=0,__perm_stat=delta_fused_score,divergence=0.3,error_rate=0.5,teacher_entropy=0.2",3,0,200,0.0,0,10000,10.0,25.0,200,500,0,0,1.0,0.858961253894081,0.6771198306775181,0.0,0.29658645391464233,0.02021949179470539,0,0,108,93,-1,perm_test,0.19402985074626866,0.003140367713451416,214,93,121,0.0,0.00429166667163372,0,0.0,0.0,0.0,0.0,0,none,0,1,0,overconfident,0.95,0,mild_drift,0.9602323383843259,0.0013006833552722898,0.7997071266410842,0.8549560976134878,1768146527.0656762,0.14787891507148743,0.1638697385787964
643,41152,41151,sea_abrupt4,sea,ts_drift_adapt,3,"error_divergence_ph_meta@error.threshold=0.10,error.min_instances=5",error_divergence_ph_meta,"{""divergence"": {""alpha"": 0.1, ""delta"": 0.005, ""min_instances"": 30, ""threshold"": 0.05}, ""error_rate"": {""alpha"": 0.15, ""delta"": 0.005, ""min_instances"": 5, ""threshold"": 0.1}}","{""error_rate"": {""min_instances"": 5, ""threshold"": 0.1}}",0.1,0.005,0.15,5,0.05,0.005,0.1,30,,,,-1,two_stage,2,0.5,"__confirm_cooldown=200,__confirm_rule=perm_test,__perm_alpha=0.01,__perm_delta_k=25,__perm_min_effect=0,__perm_n_perm=200,__perm_post_n=50,__perm_pre_n=500,__perm_rng_seed=0,__perm_stat=delta_fused_score,divergence=0.3,error_rate=0.5,teacher_entropy=0.2",3,0,200,0.0,0,10000,10.0,25.0,200,500,0,0,1.0,0.858961897356143,0.6770627057833455,0.3333333333333333,0.3019326627254486,0.01725108176469803,1,1,109,94,0,perm_test,0.004975124378109453,0.15068951571856812,215,94,121,0.16666666666666666,0.3333333333333333,1,0.5,0.0,0.0,0.0,0,none,1,1,0,overconfident,0.95,0,severe_drift,0.9256161691921629,0.001650341677636145,0.6498535633205421,0.8324780488067439,1768146527.0826983,0.4295748174190521,0.11160159856081009
644,41216,41215,sea_abrupt4,sea,ts_drift_adapt,3,"error_divergence_ph_meta@error.threshold=0.10,error.min_instances=5",error_divergence_ph_meta,"{""divergence"": {""alpha"": 0.1, ""delta"": 0.005, ""min_instances"": 30, ""threshold"": 0.05}, ""error_rate"": {""alpha"": 0.15, ""delta"": 0.005, ""min_instances"": 5, ""threshold"": 0.1}}","{""error_rate"": {""min_instances"": 5, ""threshold"": 0.1}}",0.1,0.005,0.15,5,0.05,0.005,0.1,30,,,,-1,two_stage,2,0.5,"__confirm_cooldown=200,__confirm_rule=perm_test,__perm_alpha=0.01,__perm_delta_k=25,__perm_min_effect=0,__perm_n_perm=200,__perm_post_n=50,__perm_pre_n=500,__perm_rng_seed=0,__perm_stat=delta_fused_score,divergence=0.3,error_rate=0.5,teacher_entropy=0.2",3,0,200,0.0,0,10000,10.0,25.0,200,500,1,136,1.0,0.8589625388198758,0.6770710201820154,0.16666666666666666,0.2433430403470993,0.020021436735987663,0,0,109,94,-1,perm_test,0.004975124378109453,0.15068951571856812,215,94,121,0.0,0.16666666666666666,0,0.0,0.0,0.0,0.0,0,none,0,1,0,overconfident,0.95,0,mild_drift,0.9429580845960814,0.0014751708388180726,0.7249267816602711,0.843739024403372,1768146527.0926013,0.32142549753189087,0.15614795684814453
645,41280,41279,sea_abrupt4,sea,ts_drift_adapt,3,"error_divergence_ph_meta@error.threshold=0.10,error.min_instances=5",error_divergence_ph_meta,"{""divergence"": {""alpha"": 0.1, ""delta"": 0.005, ""min_instances"": 30, ""threshold"": 0.05}, ""error_rate"": {""alpha"": 0.15, ""delta"": 0.005, ""min_instances"": 5, ""threshold"": 0.1}}","{""error_rate"": {""min_instances"": 5, ""threshold"": 0.1}}",0.1,0.005,0.15,5,0.05,0.005,0.1,30,,,,-1,two_stage,2,0.5,"__confirm_cooldown=200,__confirm_rule=perm_test,__perm_alpha=0.01,__perm_delta_k=25,__perm_min_effect=0,__perm_n_perm=200,__perm_post_n=50,__perm_pre_n=500,__perm_rng_seed=0,__perm_stat=delta_fused_score,divergence=0.3,error_rate=0.5,teacher_entropy=0.2",3,0,200,0.0,0,10000,10.0,25.0,200,500,1,72,1.0,0.8591327519379846,0.6775691853910454,0.0,0.205717995762825,0.019909197464585304,0,0,109,94,-1,perm_test,0.004975124378109453,0.15068951571856812,215,94,121,0.0,0.16666666666666666,0,0.0,0.0,0.0,0.0,0,none,0,1,0,overconfident,0.95,0,mild_drift,0.9516290422980407,0.0013875854194090364,0.7624633908301356,0.849369512201686,1768146527.1023498,0.07556401938199997,0.15255853533744812
646,41344,41343,sea_abrupt4,sea,ts_drift_adapt,3,"error_divergence_ph_meta@error.threshold=0.10,error.min_instances=5",error_divergence_ph_meta,"{""divergence"": {""alpha"": 0.1, ""delta"": 0.005, ""min_instances"": 30, ""threshold"": 0.05}, ""error_rate"": {""alpha"": 0.15, ""delta"": 0.005, ""min_instances"": 5, ""threshold"": 0.1}}","{""error_rate"": {""min_instances"": 5, ""threshold"": 0.1}}",0.1,0.005,0.15,5,0.05,0.005,0.1,30,,,,-1,two_stage,2,0.5,"__confirm_cooldown=200,__confirm_rule=perm_test,__perm_alpha=0.01,__perm_delta_k=25,__perm_min_effect=0,__perm_n_perm=200,__perm_post_n=50,__perm_pre_n=500,__perm_rng_seed=0,__perm_stat=delta_fused_score,divergence=0.3,error_rate=0.5,teacher_entropy=0.2",3,0,200,0.0,0,10000,10.0,25.0,200,500,1,8,1.0,0.8592540634674922,0.6778974667630376,0.16666666666666666,0.20490433275699615,0.01673920825123787,0,0,109,94,-1,perm_test,0.004975124378109453,0.15068951571856812,215,94,121,0.0,0.16666666666666666,0,0.0,0.0,0.0,0.0,0,none,0,1,0,overconfident,0.95,0,mild_drift,0.9559645211490203,0.0013437927097045181,0.7812316954150678,0.852184756100843,1768146527.112322,0.33405494689941406,0.15699106454849243
647,41408,41407,sea_abrupt4,sea,ts_drift_adapt,3,"error_divergence_ph_meta@error.threshold=0.10,error.min_instances=5",error_divergence_ph_meta,"{""divergence"": {""alpha"": 0.1, ""delta"": 0.005, ""min_instances"": 30, ""threshold"": 0.05}, ""error_rate"": {""alpha"": 0.15, ""delta"": 0.005, ""min_instances"": 5, ""threshold"": 0.1}}","{""error_rate"": {""min_instances"": 5, ""threshold"": 0.1}}",0.1,0.005,0.15,5,0.05,0.005,0.1,30,,,,-1,two_stage,2,0.5,"__confirm_cooldown=200,__confirm_rule=perm_test,__perm_alpha=0.01,__perm_delta_k=25,__perm_min_effect=0,__perm_n_perm=200,__perm_post_n=50,__perm_pre_n=500,__perm_rng_seed=0,__perm_stat=delta_fused_score,divergence=0.3,error_rate=0.5,teacher_entropy=0.2",3,0,200,0.0,0,10000,10.0,25.0,200,500,0,0,1.0,0.8593025502318392,0.6779734985585448,0.3333333333333333,0.24241039156913757,0.017516078427433968,0,0,109,94,-1,perm_test,0.004975124378109453,0.15068951571856812,215,94,121,0.0,0.16666666666666666,0,0.0,0.0,0.0,0.0,0,none,0,1,0,overconfident,0.95,0,mild_drift,0.9581322605745102,0.001321896354852259,0.7906158477075339,0.8535923780504215,1768146527.122423,0.747043788433075,0.1517494171857834
648,41472,41471,sea_abrupt4,sea,ts_drift_adapt,3,"error_divergence_ph_meta@error.threshold=0.10,error.min_instances=5",error_divergence_ph_meta,"{""divergence"": {""alpha"": 0.1, ""delta"": 0.005, ""min_instances"": 30, ""threshold"": 0.05}, ""error_rate"": {""alpha"": 0.15, ""delta"": 0.005, ""min_instances"": 5, ""threshold"": 0.1}}","{""error_rate"": {""min_instances"": 5, ""threshold"": 0.1}}",0.1,0.005,0.15,5,0.05,0.005,0.1,30,,,,-1,two_stage,2,0.5,"__confirm_cooldown=200,__confirm_rule=perm_test,__perm_alpha=0.01,__perm_delta_k=25,__perm_min_effect=0,__perm_n_perm=200,__perm_post_n=50,__perm_pre_n=500,__perm_rng_seed=0,__perm_stat=delta_fused_score,divergence=0.3,error_rate=0.5,teacher_entropy=0.2",3,0,200,0.0,0,10000,10.0,25.0,200,500,0,0,1.0,0.8594955632716049,0.6783444796461854,0.0,0.25051644444465637,0.010921395383775234,0,1,110,94,-1,perm_test,1.0,-0.1514449542730702,216,94,122,0.3333333333333333,0.3333333333333333,1,0.5,0.0,0.0,0.0,0,none,0,1,0,overconfident,0.95,0,mild_drift,0.959216130287255,0.0013109481774261295,0.795307923853767,0.8542961890252108,1768146527.1326768,0.031440891325473785,0.10275968909263611
649,41536,41535,sea_abrupt4,sea,ts_drift_adapt,3,"error_divergence_ph_meta@error.threshold=0.10,error.min_instances=5",error_divergence_ph_meta,"{""divergence"": {""alpha"": 0.1, ""delta"": 0.005, ""min_instances"": 30, ""threshold"": 0.05}, ""error_rate"": {""alpha"": 0.15, ""delta"": 0.005, ""min_instances"": 5, ""threshold"": 0.1}}","{""error_rate"": {""min_instances"": 5, ""threshold"": 0.1}}",0.1,0.005,0.15,5,0.05,0.005,0.1,30,,,,-1,two_stage,2,0.5,"__confirm_cooldown=200,__confirm_rule=perm_test,__perm_alpha=0.01,__perm_delta_k=25,__perm_min_effect=0,__perm_n_perm=200,__perm_post_n=50,__perm_pre_n=500,__perm_rng_seed=0,__perm_stat=delta_fused_score,divergence=0.3,error_rate=0.5,teacher_entropy=0.2",3,0,200,0.0,0,10000,10.0,25.0,200,500,0,0,1.0,0.8596157550077042,0.678613742843198,0.16666666666666666,0.17451193928718567,0.01636229082942009,1,0,110,95,1,perm_test,0.004975124378109453,0.04543186670699028,217,95,122,0.0,0.16666666666666666,0,0.0,0.0,0.0,0.0,0,none,1,1,0,overconfident,0.95,0,stable,0.9746080651436275,0.0010554740887130647,0.8976539619268835,0.8996480945126054,1768146527.1495664,0.29174551367759705,0.11761443316936493
650,41600,41599,sea_abrupt4,sea,ts_drift_adapt,3,"error_divergence_ph_meta@error.threshold=0.10,error.min_instances=5",error_divergence_ph_meta,"{""divergence"": {""alpha"": 0.1, ""delta"": 0.005, ""min_instances"": 30, ""threshold"": 0.05}, ""error_rate"": {""alpha"": 0.15, ""delta"": 0.005, ""min_instances"": 5, ""threshold"": 0.1}}","{""error_rate"": {""min_instances"": 5, ""threshold"": 0.1}}",0.1,0.005,0.15,5,0.05,0.005,0.1,30,,,,-1,two_stage,2,0.5,"__confirm_cooldown=200,__confirm_rule=perm_test,__perm_alpha=0.01,__perm_delta_k=25,__perm_min_effect=0,__perm_n_perm=200,__perm_post_n=50,__perm_pre_n=500,__perm_rng_seed=0,__perm_stat=delta_fused_score,divergence=0.3,error_rate=0.5,teacher_entropy=0.2",3,0,200,0.0,0,10000,10.0,25.0,200,500,1,136,1.0,0.8597355769230769,0.67887951450799,0.0,0.23861031234264374,0.01967899687588215,0,0,110,95,-1,perm_test,0.004975124378109453,0.04543186670699028,217,95,122,0.0,0.16666666666666666,0,0.0,0.0,0.0,0.0,0,none,0,1,0,overconfident,0.95,0,mild_drift,0.9674540325718137,0.0011777370443565324,0.8488269809634418,0.8773240472563026,1768146527.1593592,0.08388451486825943,0.12306638062000275
651,41664,41663,sea_abrupt4,sea,ts_drift_adapt,3,"error_divergence_ph_meta@error.threshold=0.10,error.min_instances=5",error_divergence_ph_meta,"{""divergence"": {""alpha"": 0.1, ""delta"": 0.005, ""min_instances"": 30, ""threshold"": 0.05}, ""error_rate"": {""alpha"": 0.15, ""delta"": 0.005, ""min_instances"": 5, ""threshold"": 0.1}}","{""error_rate"": {""min_instances"": 5, ""threshold"": 0.1}}",0.1,0.005,0.15,5,0.05,0.005,0.1,30,,,,-1,two_stage,2,0.5,"__confirm_cooldown=200,__confirm_rule=perm_test,__perm_alpha=0.01,__perm_delta_k=25,__perm_min_effect=0,__perm_n_perm=200,__perm_post_n=50,__perm_pre_n=500,__perm_rng_seed=0,__perm_stat=delta_fused_score,divergence=0.3,error_rate=0.5,teacher_entropy=0.2",3,0,200,0.0,0,10000,10.0,25.0,200,500,1,72,1.0,0.8598550307219662,0.6791829285781059,0.0,0.24545778334140778,0.015164301730692387,0,0,110,95,-1,perm_test,0.004975124378109453,0.04543186670699028,217,95,122,0.0,0.004514695145189762,0,0.0,0.0,0.0,0.0,0,none,0,1,0,overconfident,0.95,0,mild_drift,0.9638770162859068,0.0012388685221782663,0.8244134904817209,0.8661620236281513,1768146527.169076,0.07190347462892532,0.14116248488426208
652,41728,41727,sea_abrupt4,sea,ts_drift_adapt,3,"error_divergence_ph_meta@error.threshold=0.10,error.min_instances=5",error_divergence_ph_meta,"{""divergence"": {""alpha"": 0.1, ""delta"": 0.005, ""min_instances"": 30, ""threshold"": 0.05}, ""error_rate"": {""alpha"": 0.15, ""delta"": 0.005, ""min_instances"": 5, ""threshold"": 0.1}}","{""error_rate"": {""min_instances"": 5, ""threshold"": 0.1}}",0.1,0.005,0.15,5,0.05,0.005,0.1,30,,,,-1,two_stage,2,0.5,"__confirm_cooldown=200,__confirm_rule=perm_test,__perm_alpha=0.01,__perm_delta_k=25,__perm_min_effect=0,__perm_n_perm=200,__perm_post_n=50,__perm_pre_n=500,__perm_rng_seed=0,__perm_stat=delta_fused_score,divergence=0.3,error_rate=0.5,teacher_entropy=0.2",3,0,200,0.0,0,10000,10.0,25.0,200,500,1,8,1.0,0.8599980828220859,0.6794249242766156,0.16666666666666666,0.20682255923748016,0.016683846712112427,0,0,110,95,-1,perm_test,0.004975124378109453,0.04543186670699028,217,95,122,0.0,0.16666666666666666,0,0.0,0.0,0.0,0.0,0,none,0,1,0,overconfident,0.95,0,mild_drift,0.9620885081429533,0.0012694342610891332,0.8122067452408605,0.8605810118140756,1768146527.1788733,0.3416776657104492,0.14449337124824524
653,41792,41791,sea_abrupt4,sea,ts_drift_adapt,3,"error_divergence_ph_meta@error.threshold=0.10,error.min_instances=5",error_divergence_ph_meta,"{""divergence"": {""alpha"": 0.1, ""delta"": 0.005, ""min_instances"": 30, ""threshold"": 0.05}, ""error_rate"": {""alpha"": 0.15, ""delta"": 0.005, ""min_instances"": 5, ""threshold"": 0.1}}","{""error_rate"": {""min_instances"": 5, ""threshold"": 0.1}}",0.1,0.005,0.15,5,0.05,0.005,0.1,30,,,,-1,two_stage,2,0.5,"__confirm_cooldown=200,__confirm_rule=perm_test,__perm_alpha=0.01,__perm_delta_k=25,__perm_min_effect=0,__perm_n_perm=200,__perm_post_n=50,__perm_pre_n=500,__perm_rng_seed=0,__perm_stat=delta_fused_score,divergence=0.3,error_rate=0.5,teacher_entropy=0.2",3,0,200,0.0,0,10000,10.0,25.0,200,500,0,0,1.0,0.8600689127105666,0.6796245105273558,0.0,0.2106032520532608,0.011458497494459152,0,1,111,95,-1,perm_test,1.0,-0.05477819868960912,218,95,123,0.0,0.16666666666666666,1,0.5,0.0,0.0,0.0,0,none,0,1,0,overconfident,0.95,0,mild_drift,0.9611942540714766,0.0012847171305445668,0.8061033726204303,0.8577905059070379,1768146527.1891458,0.06254132837057114,0.09637409448623657
654,41856,41855,sea_abrupt4,sea,ts_drift_adapt,3,"error_divergence_ph_meta@error.threshold=0.10,error.min_instances=5",error_divergence_ph_meta,"{""divergence"": {""alpha"": 0.1, ""delta"": 0.005, ""min_instances"": 30, ""threshold"": 0.05}, ""error_rate"": {""alpha"": 0.15, ""delta"": 0.005, ""min_instances"": 5, ""threshold"": 0.1}}","{""error_rate"": {""min_instances"": 5, ""threshold"": 0.1}}",0.1,0.005,0.15,5,0.05,0.005,0.1,30,,,,-1,two_stage,2,0.5,"__confirm_cooldown=200,__confirm_rule=perm_test,__perm_alpha=0.01,__perm_delta_k=25,__perm_min_effect=0,__perm_n_perm=200,__perm_post_n=50,__perm_pre_n=500,__perm_rng_seed=0,__perm_stat=delta_fused_score,divergence=0.3,error_rate=0.5,teacher_entropy=0.2",3,0,200,0.0,0,10000,10.0,25.0,200,500,0,0,1.0,0.8602112003058104,0.6799697529058355,0.0,0.19479207694530487,0.009630201384425163,1,0,111,96,1,perm_test,0.004975124378109453,0.03787632710007661,219,96,123,0.0,0.001828296110033989,0,0.0,0.0,0.0,0.0,0,none,1,1,0,overconfident,0.95,0,stable,0.9755971270357383,0.0010423585652722834,0.9030516863102152,0.901395252953519,1768146527.206101,0.06081362068653107,0.06921329349279404
655,41920,41919,sea_abrupt4,sea,ts_drift_adapt,3,"error_divergence_ph_meta@error.threshold=0.10,error.min_instances=5",error_divergence_ph_meta,"{""divergence"": {""alpha"": 0.1, ""delta"": 0.005, ""min_instances"": 30, ""threshold"": 0.05}, ""error_rate"": {""alpha"": 0.15, ""delta"": 0.005, ""min_instances"": 5, ""threshold"": 0.1}}","{""error_rate"": {""min_instances"": 5, ""threshold"": 0.1}}",0.1,0.005,0.15,5,0.05,0.005,0.1,30,,,,-1,two_stage,2,0.5,"__confirm_cooldown=200,__confirm_rule=perm_test,__perm_alpha=0.01,__perm_delta_k=25,__perm_min_effect=0,__perm_n_perm=200,__perm_post_n=50,__perm_pre_n=500,__perm_rng_seed=0,__perm_stat=delta_fused_score,divergence=0.3,error_rate=0.5,teacher_entropy=0.2",3,0,200,0.0,0,10000,10.0,25.0,200,500,1,136,1.0,0.8603530534351145,0.6803318217333558,0.0,0.25676244497299194,0.013908364810049534,0,0,111,96,-1,perm_test,0.004975124378109453,0.03787632710007661,219,96,123,0.0,0.004278163425624371,0,0.0,0.0,0.0,0.0,0,none,0,1,0,overconfident,0.95,0,mild_drift,0.9679485635178691,0.0011711792826361418,0.8515258431551076,0.8781976264767595,1768146527.215907,0.22050194442272186,0.0976703092455864
656,41984,41983,sea_abrupt4,sea,ts_drift_adapt,3,"error_divergence_ph_meta@error.threshold=0.10,error.min_instances=5",error_divergence_ph_meta,"{""divergence"": {""alpha"": 0.1, ""delta"": 0.005, ""min_instances"": 30, ""threshold"": 0.05}, ""error_rate"": {""alpha"": 0.15, ""delta"": 0.005, ""min_instances"": 5, ""threshold"": 0.1}}","{""error_rate"": {""min_instances"": 5, ""threshold"": 0.1}}",0.1,0.005,0.15,5,0.05,0.005,0.1,30,,,,-1,two_stage,2,0.5,"__confirm_cooldown=200,__confirm_rule=perm_test,__perm_alpha=0.01,__perm_delta_k=25,__perm_min_effect=0,__perm_n_perm=200,__perm_post_n=50,__perm_pre_n=500,__perm_rng_seed=0,__perm_stat=delta_fused_score,divergence=0.3,error_rate=0.5,teacher_entropy=0.2",3,0,200,0.0,0,10000,10.0,25.0,200,500,1,72,1.0,0.8605182926829268,0.6808506241871943,0.0,0.2418546825647354,0.014221835881471634,0,0,111,96,-1,perm_test,0.004975124378109453,0.03787632710007661,219,96,123,0.0,0.00031347107142210007,0,0.0,0.0,0.0,0.0,0,none,0,1,0,overconfident,0.95,0,mild_drift,0.9641242817589345,0.001235589641318071,0.8257629215775538,0.8665988132383797,1768146527.2255232,0.012343506328761578,0.08856353163719177
657,42048,42047,sea_abrupt4,sea,ts_drift_adapt,3,"error_divergence_ph_meta@error.threshold=0.10,error.min_instances=5",error_divergence_ph_meta,"{""divergence"": {""alpha"": 0.1, ""delta"": 0.005, ""min_instances"": 30, ""threshold"": 0.05}, ""error_rate"": {""alpha"": 0.15, ""delta"": 0.005, ""min_instances"": 5, ""threshold"": 0.1}}","{""error_rate"": {""min_instances"": 5, ""threshold"": 0.1}}",0.1,0.005,0.15,5,0.05,0.005,0.1,30,,,,-1,two_stage,2,0.5,"__confirm_cooldown=200,__confirm_rule=perm_test,__perm_alpha=0.01,__perm_delta_k=25,__perm_min_effect=0,__perm_n_perm=200,__perm_post_n=50,__perm_pre_n=500,__perm_rng_seed=0,__perm_stat=delta_fused_score,divergence=0.3,error_rate=0.5,teacher_entropy=0.2",3,0,200,0.0,0,10000,10.0,25.0,200,500,1,8,1.0,0.860587899543379,0.6809861023244423,0.16666666666666666,0.22736532986164093,0.014359565451741219,0,0,111,96,-1,perm_test,0.004975124378109453,0.03787632710007661,219,96,123,0.0,0.16666666666666666,0,0.0,0.0,0.0,0.0,0,none,0,1,0,overconfident,0.95,0,mild_drift,0.9622121408794673,0.0012677948206590356,0.8128814607887769,0.8607994066191899,1768146527.2351475,0.5745677947998047,0.08531650900840759
658,42112,42111,sea_abrupt4,sea,ts_drift_adapt,3,"error_divergence_ph_meta@error.threshold=0.10,error.min_instances=5",error_divergence_ph_meta,"{""divergence"": {""alpha"": 0.1, ""delta"": 0.005, ""min_instances"": 30, ""threshold"": 0.05}, ""error_rate"": {""alpha"": 0.15, ""delta"": 0.005, ""min_instances"": 5, ""threshold"": 0.1}}","{""error_rate"": {""min_instances"": 5, ""threshold"": 0.1}}",0.1,0.005,0.15,5,0.05,0.005,0.1,30,,,,-1,two_stage,2,0.5,"__confirm_cooldown=200,__confirm_rule=perm_test,__perm_alpha=0.01,__perm_delta_k=25,__perm_min_effect=0,__perm_n_perm=200,__perm_post_n=50,__perm_pre_n=500,__perm_rng_seed=0,__perm_stat=delta_fused_score,divergence=0.3,error_rate=0.5,teacher_entropy=0.2",3,0,200,0.0,0,10000,10.0,25.0,200,500,0,0,1.0,0.860586056231003,0.681036002720049,0.3333333333333333,0.23815946280956268,0.015109914354979992,1,1,112,97,0,perm_test,0.004975124378109453,0.06517930253047767,220,97,123,0.3333333333333333,0.16666666666666666,1,0.5,0.0,0.0,0.0,0,none,1,1,0,overconfident,0.95,0,severe_drift,0.9266060704397336,0.0016338974103295178,0.6564407303943884,0.835399703309595,1768146527.252006,0.4285922348499298,0.1268305778503418
659,42176,42175,sea_abrupt4,sea,ts_drift_adapt,3,"error_divergence_ph_meta@error.threshold=0.10,error.min_instances=5",error_divergence_ph_meta,"{""divergence"": {""alpha"": 0.1, ""delta"": 0.005, ""min_instances"": 30, ""threshold"": 0.05}, ""error_rate"": {""alpha"": 0.15, ""delta"": 0.005, ""min_instances"": 5, ""threshold"": 0.1}}","{""error_rate"": {""min_instances"": 5, ""threshold"": 0.1}}",0.1,0.005,0.15,5,0.05,0.005,0.1,30,,,,-1,two_stage,2,0.5,"__confirm_cooldown=200,__confirm_rule=perm_test,__perm_alpha=0.01,__perm_delta_k=25,__perm_min_effect=0,__perm_n_perm=200,__perm_post_n=50,__perm_pre_n=500,__perm_rng_seed=0,__perm_stat=delta_fused_score,divergence=0.3,error_rate=0.5,teacher_entropy=0.2",3,0,200,0.0,0,10000,10.0,25.0,200,500,1,136,1.0,0.8606790591805766,0.6812853390765942,0.0,0.24390429258346558,0.019752951338887215,0,0,112,97,-1,perm_test,0.004975124378109453,0.06517930253047767,220,97,123,0.0,0.3333333333333333,0,0.0,0.0,0.0,0.0,0,none,0,1,0,overconfident,0.95,0,mild_drift,0.9434530352198668,0.001466948705164759,0.7282203651971942,0.8451998516547975,1768146527.2618628,0.03903533145785332,0.16406843066215515
660,42240,42239,sea_abrupt4,sea,ts_drift_adapt,3,"error_divergence_ph_meta@error.threshold=0.10,error.min_instances=5",error_divergence_ph_meta,"{""divergence"": {""alpha"": 0.1, ""delta"": 0.005, ""min_instances"": 30, ""threshold"": 0.05}, ""error_rate"": {""alpha"": 0.15, ""delta"": 0.005, ""min_instances"": 5, ""threshold"": 0.1}}","{""error_rate"": {""min_instances"": 5, ""threshold"": 0.1}}",0.1,0.005,0.15,5,0.05,0.005,0.1,30,,,,-1,two_stage,2,0.5,"__confirm_cooldown=200,__confirm_rule=perm_test,__perm_alpha=0.01,__perm_delta_k=25,__perm_min_effect=0,__perm_n_perm=200,__perm_post_n=50,__perm_pre_n=500,__perm_rng_seed=0,__perm_stat=delta_fused_score,divergence=0.3,error_rate=0.5,teacher_entropy=0.2",3,0,200,0.0,0,10000,10.0,25.0,200,500,1,72,1.0,0.8607717803030303,0.6815136524274217,0.16666666666666666,0.1976507306098938,0.009497416205704212,0,0,112,97,-1,perm_test,0.004975124378109453,0.06517930253047767,220,97,123,0.0,0.16666666666666666,0,0.0,0.0,0.0,0.0,0,none,0,1,0,overconfident,0.95,0,mild_drift,0.9518765176099333,0.0013834743525823795,0.7641101825985972,0.8500999258273987,1768146527.2715378,0.2755081355571747,0.10490801930427551
661,42304,42303,sea_abrupt4,sea,ts_drift_adapt,3,"error_divergence_ph_meta@error.threshold=0.10,error.min_instances=5",error_divergence_ph_meta,"{""divergence"": {""alpha"": 0.1, ""delta"": 0.005, ""min_instances"": 30, ""threshold"": 0.05}, ""error_rate"": {""alpha"": 0.15, ""delta"": 0.005, ""min_instances"": 5, ""threshold"": 0.1}}","{""error_rate"": {""min_instances"": 5, ""threshold"": 0.1}}",0.1,0.005,0.15,5,0.05,0.005,0.1,30,,,,-1,two_stage,2,0.5,"__confirm_cooldown=200,__confirm_rule=perm_test,__perm_alpha=0.01,__perm_delta_k=25,__perm_min_effect=0,__perm_n_perm=200,__perm_post_n=50,__perm_pre_n=500,__perm_rng_seed=0,__perm_stat=delta_fused_score,divergence=0.3,error_rate=0.5,teacher_entropy=0.2",3,0,200,0.0,0,10000,10.0,25.0,200,500,1,8,1.0,0.8608878593040847,0.6817680088633269,0.0,0.23188379406929016,0.01186018344014883,0,0,112,97,-1,perm_test,0.004975124378109453,0.06517930253047767,220,97,123,0.0,0.16666666666666666,0,0.0,0.0,0.0,0.0,0,none,0,1,0,overconfident,0.95,0,mild_drift,0.9560882588049666,0.00134173717629119,0.7820550912992986,0.8525499629136993,1768146527.281107,0.010621498338878155,0.09129226207733154
662,42368,42367,sea_abrupt4,sea,ts_drift_adapt,3,"error_divergence_ph_meta@error.threshold=0.10,error.min_instances=5",error_divergence_ph_meta,"{""divergence"": {""alpha"": 0.1, ""delta"": 0.005, ""min_instances"": 30, ""threshold"": 0.05}, ""error_rate"": {""alpha"": 0.15, ""delta"": 0.005, ""min_instances"": 5, ""threshold"": 0.1}}","{""error_rate"": {""min_instances"": 5, ""threshold"": 0.1}}",0.1,0.005,0.15,5,0.05,0.005,0.1,30,,,,-1,two_stage,2,0.5,"__confirm_cooldown=200,__confirm_rule=perm_test,__perm_alpha=0.01,__perm_delta_k=25,__perm_min_effect=0,__perm_n_perm=200,__perm_post_n=50,__perm_pre_n=500,__perm_rng_seed=0,__perm_stat=delta_fused_score,divergence=0.3,error_rate=0.5,teacher_entropy=0.2",3,0,200,0.0,0,10000,10.0,25.0,200,500,0,0,1.0,0.8610271903323263,0.6820457887293223,0.16666666666666666,0.19584020972251892,0.01779829151928425,0,0,112,97,-1,perm_test,0.004975124378109453,0.06517930253047767,220,97,123,0.0,0.16666666666666666,0,0.0,0.0,0.0,0.0,0,none,0,1,0,overconfident,0.95,0,mild_drift,0.9581941294024833,0.001320868588145595,0.7910275456496494,0.8537749814568496,1768146527.2909915,0.37200602889060974,0.14854392409324646
663,42432,42431,sea_abrupt4,sea,ts_drift_adapt,3,"error_divergence_ph_meta@error.threshold=0.10,error.min_instances=5",error_divergence_ph_meta,"{""divergence"": {""alpha"": 0.1, ""delta"": 0.005, ""min_instances"": 30, ""threshold"": 0.05}, ""error_rate"": {""alpha"": 0.15, ""delta"": 0.005, ""min_instances"": 5, ""threshold"": 0.1}}","{""error_rate"": {""min_instances"": 5, ""threshold"": 0.1}}",0.1,0.005,0.15,5,0.05,0.005,0.1,30,,,,-1,two_stage,2,0.5,"__confirm_cooldown=200,__confirm_rule=perm_test,__perm_alpha=0.01,__perm_delta_k=25,__perm_min_effect=0,__perm_n_perm=200,__perm_post_n=50,__perm_pre_n=500,__perm_rng_seed=0,__perm_stat=delta_fused_score,divergence=0.3,error_rate=0.5,teacher_entropy=0.2",3,0,200,0.0,0,10000,10.0,25.0,200,500,0,0,1.0,0.8611189668174962,0.6822397877244188,0.0,0.2189035713672638,0.016415219753980637,0,1,113,97,-1,perm_test,1.0,-0.09136476718714762,221,97,124,0.3333333333333333,0.16666666666666666,1,0.5,0.0,0.0,0.0,0,none,0,1,0,overconfident,0.95,0,mild_drift,0.9592470647012417,0.0013104342940727974,0.7955137728248247,0.8543874907284248,1768146527.3011394,0.04096052050590515,0.12524953484535217
664,42496,42495,sea_abrupt4,sea,ts_drift_adapt,3,"error_divergence_ph_meta@error.threshold=0.10,error.min_instances=5",error_divergence_ph_meta,"{""divergence"": {""alpha"": 0.1, ""delta"": 0.005, ""min_instances"": 30, ""threshold"": 0.05}, ""error_rate"": {""alpha"": 0.15, ""delta"": 0.005, ""min_instances"": 5, ""threshold"": 0.1}}","{""error_rate"": {""min_instances"": 5, ""threshold"": 0.1}}",0.1,0.005,0.15,5,0.05,0.005,0.1,30,,,,-1,two_stage,2,0.5,"__confirm_cooldown=200,__confirm_rule=perm_test,__perm_alpha=0.01,__perm_delta_k=25,__perm_min_effect=0,__perm_n_perm=200,__perm_post_n=50,__perm_pre_n=500,__perm_rng_seed=0,__perm_stat=delta_fused_score,divergence=0.3,error_rate=0.5,teacher_entropy=0.2",3,0,200,0.0,0,10000,10.0,25.0,200,500,0,0,1.0,0.8611869352409639,0.6823671148376439,0.16666666666666666,0.19129212200641632,0.013631432317197323,0,0,113,97,-1,perm_test,0.3880597014925373,0.0011447112158921996,222,97,125,0.0,0.16666666666666666,0,0.0,0.0,0.0,0.0,0,none,0,1,0,overconfident,0.95,0,mild_drift,0.9597735323506208,0.0013052171470363987,0.7977568864124124,0.8546937453642124,1768146527.318387,0.26539090275764465,0.09460566192865372
665,42560,42559,sea_abrupt4,sea,ts_drift_adapt,3,"error_divergence_ph_meta@error.threshold=0.10,error.min_instances=5",error_divergence_ph_meta,"{""divergence"": {""alpha"": 0.1, ""delta"": 0.005, ""min_instances"": 30, ""threshold"": 0.05}, ""error_rate"": {""alpha"": 0.15, ""delta"": 0.005, ""min_instances"": 5, ""threshold"": 0.1}}","{""error_rate"": {""min_instances"": 5, ""threshold"": 0.1}}",0.1,0.005,0.15,5,0.05,0.005,0.1,30,,,,-1,two_stage,2,0.5,"__confirm_cooldown=200,__confirm_rule=perm_test,__perm_alpha=0.01,__perm_delta_k=25,__perm_min_effect=0,__perm_n_perm=200,__perm_post_n=50,__perm_pre_n=500,__perm_rng_seed=0,__perm_stat=delta_fused_score,divergence=0.3,error_rate=0.5,teacher_entropy=0.2",3,0,200,0.0,0,10000,10.0,25.0,200,500,0,0,1.0,0.8612781954887218,0.682614632293461,0.3333333333333333,0.18858645856380463,0.01846947707235813,1,0,113,98,2,perm_test,0.004975124378109453,0.018276312100099577,223,98,125,0.0,0.16666666666666666,0,0.0,0.0,0.0,0.0,0,none,1,1,0,overconfident,0.95,0,stable,0.9748867661753104,0.0010526085735181993,0.8988784432062062,0.8998468726821063,1768146527.3348875,0.3629702031612396,0.15138556063175201
666,42624,42623,sea_abrupt4,sea,ts_drift_adapt,3,"error_divergence_ph_meta@error.threshold=0.10,error.min_instances=5",error_divergence_ph_meta,"{""divergence"": {""alpha"": 0.1, ""delta"": 0.005, ""min_instances"": 30, ""threshold"": 0.05}, ""error_rate"": {""alpha"": 0.15, ""delta"": 0.005, ""min_instances"": 5, ""threshold"": 0.1}}","{""error_rate"": {""min_instances"": 5, ""threshold"": 0.1}}",0.1,0.005,0.15,5,0.05,0.005,0.1,30,,,,-1,two_stage,2,0.5,"__confirm_cooldown=200,__confirm_rule=perm_test,__perm_alpha=0.01,__perm_delta_k=25,__perm_min_effect=0,__perm_n_perm=200,__perm_post_n=50,__perm_pre_n=500,__perm_rng_seed=0,__perm_stat=delta_fused_score,divergence=0.3,error_rate=0.5,teacher_entropy=0.2",3,0,200,0.0,0,10000,10.0,25.0,200,500,1,136,1.0,0.8614161036036037,0.682901957524625,0.3333333333333333,0.1914444863796234,0.013690061867237091,0,0,113,98,-1,perm_test,0.004975124378109453,0.018276312100099577,223,98,125,0.0,0.00477941520512104,0,0.0,0.0,0.0,0.0,0,none,0,1,0,overconfident,0.95,0,mild_drift,0.9675933830876552,0.0011763042867590997,0.8494392216031031,0.8774234363410531,1768146527.3444955,0.3648170232772827,0.09004956483840942
667,42688,42687,sea_abrupt4,sea,ts_drift_adapt,3,"error_divergence_ph_meta@error.threshold=0.10,error.min_instances=5",error_divergence_ph_meta,"{""divergence"": {""alpha"": 0.1, ""delta"": 0.005, ""min_instances"": 30, ""threshold"": 0.05}, ""error_rate"": {""alpha"": 0.15, ""delta"": 0.005, ""min_instances"": 5, ""threshold"": 0.1}}","{""error_rate"": {""min_instances"": 5, ""threshold"": 0.1}}",0.1,0.005,0.15,5,0.05,0.005,0.1,30,,,,-1,two_stage,2,0.5,"__confirm_cooldown=200,__confirm_rule=perm_test,__perm_alpha=0.01,__perm_delta_k=25,__perm_min_effect=0,__perm_n_perm=200,__perm_post_n=50,__perm_pre_n=500,__perm_rng_seed=0,__perm_stat=delta_fused_score,divergence=0.3,error_rate=0.5,teacher_entropy=0.2",3,0,200,0.0,0,10000,10.0,25.0,200,500,1,72,1.0,0.8615535982008995,0.6832648300600835,0.0,0.18506838381290436,0.010918796993792057,0,0,113,98,-1,perm_test,0.004975124378109453,0.018276312100099577,223,98,125,0.0,0.3333333333333333,0,0.0,0.0,0.0,0.0,0,none,0,1,0,overconfident,0.95,0,mild_drift,0.9639466915438275,0.00123815214337955,0.8247196108015515,0.8662117181705266,1768146527.3543434,0.06163705885410309,0.09920655190944672
668,42752,42751,sea_abrupt4,sea,ts_drift_adapt,3,"error_divergence_ph_meta@error.threshold=0.10,error.min_instances=5",error_divergence_ph_meta,"{""divergence"": {""alpha"": 0.1, ""delta"": 0.005, ""min_instances"": 30, ""threshold"": 0.05}, ""error_rate"": {""alpha"": 0.15, ""delta"": 0.005, ""min_instances"": 5, ""threshold"": 0.1}}","{""error_rate"": {""min_instances"": 5, ""threshold"": 0.1}}",0.1,0.005,0.15,5,0.05,0.005,0.1,30,,,,-1,two_stage,2,0.5,"__confirm_cooldown=200,__confirm_rule=perm_test,__perm_alpha=0.01,__perm_delta_k=25,__perm_min_effect=0,__perm_n_perm=200,__perm_post_n=50,__perm_pre_n=500,__perm_rng_seed=0,__perm_stat=delta_fused_score,divergence=0.3,error_rate=0.5,teacher_entropy=0.2",3,0,200,0.0,0,10000,10.0,25.0,200,500,1,8,1.0,0.8616906811377245,0.6835233189796093,0.0,0.18495437502861023,0.0110018877312541,0,1,113,98,-1,perm_test,0.004975124378109453,0.018276312100099577,223,98,125,0.0,8.309073746204376e-05,1,0.5,0.0,0.0,0.0,0,none,0,1,0,overconfident,0.95,0,mild_drift,0.9621233457719137,0.001269076071689775,0.8123598054007758,0.8606058590852632,1768146527.364077,0.017685947939753532,0.08974027633666992
669,42816,42815,sea_abrupt4,sea,ts_drift_adapt,3,"error_divergence_ph_meta@error.threshold=0.10,error.min_instances=5",error_divergence_ph_meta,"{""divergence"": {""alpha"": 0.1, ""delta"": 0.005, ""min_instances"": 30, ""threshold"": 0.05}, ""error_rate"": {""alpha"": 0.15, ""delta"": 0.005, ""min_instances"": 5, ""threshold"": 0.1}}","{""error_rate"": {""min_instances"": 5, ""threshold"": 0.1}}",0.1,0.005,0.15,5,0.05,0.005,0.1,30,,,,-1,two_stage,2,0.5,"__confirm_cooldown=200,__confirm_rule=perm_test,__perm_alpha=0.01,__perm_delta_k=25,__perm_min_effect=0,__perm_n_perm=200,__perm_post_n=50,__perm_pre_n=500,__perm_rng_seed=0,__perm_stat=delta_fused_score,divergence=0.3,error_rate=0.5,teacher_entropy=0.2",3,0,200,0.0,0,10000,10.0,25.0,200,500,0,0,1.0,0.8617806427503737,0.6837722421911434,0.0,0.24163183569908142,0.020688826218247414,0,0,113,98,-1,perm_test,0.004975124378109453,0.018276312100099577,223,98,125,0.0,0.009686938486993313,0,0.0,0.0,0.0,0.0,0,none,0,1,0,overconfident,0.95,0,mild_drift,0.9612116728859568,0.0012845380358448876,0.806179902700388,0.8578029295426316,1768146527.3739195,0.12144821137189865,0.17545858025550842
670,42880,42879,sea_abrupt4,sea,ts_drift_adapt,3,"error_divergence_ph_meta@error.threshold=0.10,error.min_instances=5",error_divergence_ph_meta,"{""divergence"": {""alpha"": 0.1, ""delta"": 0.005, ""min_instances"": 30, ""threshold"": 0.05}, ""error_rate"": {""alpha"": 0.15, ""delta"": 0.005, ""min_instances"": 5, ""threshold"": 0.1}}","{""error_rate"": {""min_instances"": 5, ""threshold"": 0.1}}",0.1,0.005,0.15,5,0.05,0.005,0.1,30,,,,-1,two_stage,2,0.5,"__confirm_cooldown=200,__confirm_rule=perm_test,__perm_alpha=0.01,__perm_delta_k=25,__perm_min_effect=0,__perm_n_perm=200,__perm_post_n=50,__perm_pre_n=500,__perm_rng_seed=0,__perm_stat=delta_fused_score,divergence=0.3,error_rate=0.5,teacher_entropy=0.2",3,0,200,0.0,0,10000,10.0,25.0,200,500,0,0,1.0,0.8619169776119403,0.6841514395865792,0.0,0.17942535877227783,0.012298742309212685,0,0,113,98,-1,perm_test,0.004975124378109453,0.018276312100099577,223,98,125,0.0,0.008390083909034729,0,0.0,0.0,0.0,0.0,0,none,0,1,0,overconfident,0.95,0,mild_drift,0.9607558364429784,0.0012922690179224439,0.803089951350194,0.8564014647713158,1768146527.383846,0.03997598960995674,0.10502952337265015
671,42944,42943,sea_abrupt4,sea,ts_drift_adapt,3,"error_divergence_ph_meta@error.threshold=0.10,error.min_instances=5",error_divergence_ph_meta,"{""divergence"": {""alpha"": 0.1, ""delta"": 0.005, ""min_instances"": 30, ""threshold"": 0.05}, ""error_rate"": {""alpha"": 0.15, ""delta"": 0.005, ""min_instances"": 5, ""threshold"": 0.1}}","{""error_rate"": {""min_instances"": 5, ""threshold"": 0.1}}",0.1,0.005,0.15,5,0.05,0.005,0.1,30,,,,-1,two_stage,2,0.5,"__confirm_cooldown=200,__confirm_rule=perm_test,__perm_alpha=0.01,__perm_delta_k=25,__perm_min_effect=0,__perm_n_perm=200,__perm_post_n=50,__perm_pre_n=500,__perm_rng_seed=0,__perm_stat=delta_fused_score,divergence=0.3,error_rate=0.5,teacher_entropy=0.2",3,0,200,0.0,0,10000,10.0,25.0,200,500,0,0,1.0,0.8620296199701938,0.6844808915603728,0.0,0.19672812521457672,0.006592376623302698,0,0,113,98,-1,perm_test,0.004975124378109453,0.018276312100099577,223,98,125,0.0,0.0057063656859099865,0,0.0,0.0,0.0,0.0,0,none,0,1,0,overconfident,0.95,0,mild_drift,0.9605279182214892,0.0012961345089612221,0.801544975675097,0.8557007323856579,1768146527.3938484,0.07644720375537872,0.05599251762032509
672,43008,43007,sea_abrupt4,sea,ts_drift_adapt,3,"error_divergence_ph_meta@error.threshold=0.10,error.min_instances=5",error_divergence_ph_meta,"{""divergence"": {""alpha"": 0.1, ""delta"": 0.005, ""min_instances"": 30, ""threshold"": 0.05}, ""error_rate"": {""alpha"": 0.15, ""delta"": 0.005, ""min_instances"": 5, ""threshold"": 0.1}}","{""error_rate"": {""min_instances"": 5, ""threshold"": 0.1}}",0.1,0.005,0.15,5,0.05,0.005,0.1,30,,,,-1,two_stage,2,0.5,"__confirm_cooldown=200,__confirm_rule=perm_test,__perm_alpha=0.01,__perm_delta_k=25,__perm_min_effect=0,__perm_n_perm=200,__perm_post_n=50,__perm_pre_n=500,__perm_rng_seed=0,__perm_stat=delta_fused_score,divergence=0.3,error_rate=0.5,teacher_entropy=0.2",3,0,200,0.0,0,10000,10.0,25.0,200,500,0,0,1.0,0.8620256696428571,0.684516736976153,0.16666666666666666,0.2206135094165802,0.01107434555888176,0,0,113,98,-1,perm_test,0.004975124378109453,0.018276312100099577,223,98,125,0.0,0.16666666666666666,0,0.0,0.0,0.0,0.0,0,none,0,1,0,overconfident,0.95,0,mild_drift,0.9604139591107446,0.001298067254480611,0.8007724878375485,0.855350366192829,1768146527.4039369,0.24406291544437408,0.1027025654911995
673,43072,43071,sea_abrupt4,sea,ts_drift_adapt,3,"error_divergence_ph_meta@error.threshold=0.10,error.min_instances=5",error_divergence_ph_meta,"{""divergence"": {""alpha"": 0.1, ""delta"": 0.005, ""min_instances"": 30, ""threshold"": 0.05}, ""error_rate"": {""alpha"": 0.15, ""delta"": 0.005, ""min_instances"": 5, ""threshold"": 0.1}}","{""error_rate"": {""min_instances"": 5, ""threshold"": 0.1}}",0.1,0.005,0.15,5,0.05,0.005,0.1,30,,,,-1,two_stage,2,0.5,"__confirm_cooldown=200,__confirm_rule=perm_test,__perm_alpha=0.01,__perm_delta_k=25,__perm_min_effect=0,__perm_n_perm=200,__perm_post_n=50,__perm_pre_n=500,__perm_rng_seed=0,__perm_stat=delta_fused_score,divergence=0.3,error_rate=0.5,teacher_entropy=0.2",3,0,200,0.0,0,10000,10.0,25.0,200,500,0,0,1.0,0.8621378157503715,0.6847814841736077,0.0,0.24300183355808258,0.01738591305911541,0,1,114,98,-1,perm_test,1.0,-0.0697691023833775,224,98,126,0.0,0.16666666666666666,1,0.5,0.0,0.0,0.0,0,none,0,1,0,overconfident,0.95,0,mild_drift,0.9603569795553722,0.0012990336272403055,0.8003862439187743,0.8551751830964145,1768146527.4143598,0.062016937881708145,0.14941495656967163
674,43136,43135,sea_abrupt4,sea,ts_drift_adapt,3,"error_divergence_ph_meta@error.threshold=0.10,error.min_instances=5",error_divergence_ph_meta,"{""divergence"": {""alpha"": 0.1, ""delta"": 0.005, ""min_instances"": 30, ""threshold"": 0.05}, ""error_rate"": {""alpha"": 0.15, ""delta"": 0.005, ""min_instances"": 5, ""threshold"": 0.1}}","{""error_rate"": {""min_instances"": 5, ""threshold"": 0.1}}",0.1,0.005,0.15,5,0.05,0.005,0.1,30,,,,-1,two_stage,2,0.5,"__confirm_cooldown=200,__confirm_rule=perm_test,__perm_alpha=0.01,__perm_delta_k=25,__perm_min_effect=0,__perm_n_perm=200,__perm_post_n=50,__perm_pre_n=500,__perm_rng_seed=0,__perm_stat=delta_fused_score,divergence=0.3,error_rate=0.5,teacher_entropy=0.2",3,0,200,0.0,0,10000,10.0,25.0,200,500,0,0,1.0,0.8620641691394659,0.684606898113724,0.0,0.2446114867925644,0.025869527831673622,0,0,114,98,-1,perm_test,0.21890547263681592,0.007595494148955174,225,98,127,0.0,0.008483614772558212,0,0.0,0.0,0.0,0.0,0,none,0,1,0,overconfident,0.95,0,mild_drift,0.960328489777686,0.0012995168136201527,0.8001931219593872,0.8550875915482072,1768146527.431249,0.027623837813735008,0.1994057446718216
675,43200,43199,sea_abrupt4,sea,ts_drift_adapt,3,"error_divergence_ph_meta@error.threshold=0.10,error.min_instances=5",error_divergence_ph_meta,"{""divergence"": {""alpha"": 0.1, ""delta"": 0.005, ""min_instances"": 30, ""threshold"": 0.05}, ""error_rate"": {""alpha"": 0.15, ""delta"": 0.005, ""min_instances"": 5, ""threshold"": 0.1}}","{""error_rate"": {""min_instances"": 5, ""threshold"": 0.1}}",0.1,0.005,0.15,5,0.05,0.005,0.1,30,,,,-1,two_stage,2,0.5,"__confirm_cooldown=200,__confirm_rule=perm_test,__perm_alpha=0.01,__perm_delta_k=25,__perm_min_effect=0,__perm_n_perm=200,__perm_post_n=50,__perm_pre_n=500,__perm_rng_seed=0,__perm_stat=delta_fused_score,divergence=0.3,error_rate=0.5,teacher_entropy=0.2",3,0,200,0.0,0,10000,10.0,25.0,200,500,0,0,1.0,0.8621527777777778,0.6848371488804483,0.0,0.24866615235805511,0.023028956726193428,0,0,114,98,-1,perm_test,1.0,-0.0022007086632774412,226,98,128,0.0,0.002840571105480194,0,0.0,0.0,0.0,0.0,0,none,0,1,0,overconfident,0.95,0,mild_drift,0.960314244888843,0.0012997584068100763,0.8000965609796936,0.8550437957741036,1768146527.4413586,0.06784191727638245,0.1910502314567566
676,43264,43263,sea_abrupt4,sea,ts_drift_adapt,3,"error_divergence_ph_meta@error.threshold=0.10,error.min_instances=5",error_divergence_ph_meta,"{""divergence"": {""alpha"": 0.1, ""delta"": 0.005, ""min_instances"": 30, ""threshold"": 0.05}, ""error_rate"": {""alpha"": 0.15, ""delta"": 0.005, ""min_instances"": 5, ""threshold"": 0.1}}","{""error_rate"": {""min_instances"": 5, ""threshold"": 0.1}}",0.1,0.005,0.15,5,0.05,0.005,0.1,30,,,,-1,two_stage,2,0.5,"__confirm_cooldown=200,__confirm_rule=perm_test,__perm_alpha=0.01,__perm_delta_k=25,__perm_min_effect=0,__perm_n_perm=200,__perm_post_n=50,__perm_pre_n=500,__perm_rng_seed=0,__perm_stat=delta_fused_score,divergence=0.3,error_rate=0.5,teacher_entropy=0.2",3,0,200,0.0,0,10000,10.0,25.0,200,500,0,0,1.0,0.8622180103550295,0.6850018516851335,0.16666666666666666,0.22867704927921295,0.014762111008167267,1,0,114,99,3,perm_test,0.004975124378109453,0.05108865701685302,227,99,128,0.0,0.16666666666666666,0,0.0,0.0,0.0,0.0,0,none,1,1,0,overconfident,0.95,0,stable,0.9751571224444215,0.0010498792034050381,0.9000482804898469,0.9000218978870518,1768146527.4580922,0.19980697333812714,0.10747185349464417
677,43328,43327,sea_abrupt4,sea,ts_drift_adapt,3,"error_divergence_ph_meta@error.threshold=0.10,error.min_instances=5",error_divergence_ph_meta,"{""divergence"": {""alpha"": 0.1, ""delta"": 0.005, ""min_instances"": 30, ""threshold"": 0.05}, ""error_rate"": {""alpha"": 0.15, ""delta"": 0.005, ""min_instances"": 5, ""threshold"": 0.1}}","{""error_rate"": {""min_instances"": 5, ""threshold"": 0.1}}",0.1,0.005,0.15,5,0.05,0.005,0.1,30,,,,-1,two_stage,2,0.5,"__confirm_cooldown=200,__confirm_rule=perm_test,__perm_alpha=0.01,__perm_delta_k=25,__perm_min_effect=0,__perm_n_perm=200,__perm_post_n=50,__perm_pre_n=500,__perm_rng_seed=0,__perm_stat=delta_fused_score,divergence=0.3,error_rate=0.5,teacher_entropy=0.2",3,0,200,0.0,0,10000,10.0,25.0,200,500,1,136,1.0,0.8623292097488922,0.6852451730703915,0.0,0.19243887066841125,0.011261506006121635,0,0,114,99,-1,perm_test,0.004975124378109453,0.05108865701685302,227,99,128,0.0,0.16666666666666666,0,0.0,0.0,0.0,0.0,0,none,0,1,0,overconfident,0.95,0,mild_drift,0.9677285612222107,0.0011749396017025193,0.8500241402449235,0.8775109489435259,1768146527.4680488,0.02374250628054142,0.07186432182788849
678,43392,43391,sea_abrupt4,sea,ts_drift_adapt,3,"error_divergence_ph_meta@error.threshold=0.10,error.min_instances=5",error_divergence_ph_meta,"{""divergence"": {""alpha"": 0.1, ""delta"": 0.005, ""min_instances"": 30, ""threshold"": 0.05}, ""error_rate"": {""alpha"": 0.15, ""delta"": 0.005, ""min_instances"": 5, ""threshold"": 0.1}}","{""error_rate"": {""min_instances"": 5, ""threshold"": 0.1}}",0.1,0.005,0.15,5,0.05,0.005,0.1,30,,,,-1,two_stage,2,0.5,"__confirm_cooldown=200,__confirm_rule=perm_test,__perm_alpha=0.01,__perm_delta_k=25,__perm_min_effect=0,__perm_n_perm=200,__perm_post_n=50,__perm_pre_n=500,__perm_rng_seed=0,__perm_stat=delta_fused_score,divergence=0.3,error_rate=0.5,teacher_entropy=0.2",3,0,200,0.0,0,10000,10.0,25.0,200,500,1,72,1.0,0.8624170353982301,0.6853919824995472,0.16666666666666666,0.2196037620306015,0.014292441308498383,0,1,114,99,-1,perm_test,0.004975124378109453,0.05108865701685302,227,99,128,0.16666666666666666,0.16666666666666666,1,0.5,0.0,0.0,0.0,0,none,0,1,0,overconfident,0.95,0,mild_drift,0.9640142806111054,0.0012374698008512596,0.8250120701224617,0.866255474471763,1768146527.477857,0.2903287708759308,0.13403350114822388
679,43456,43455,sea_abrupt4,sea,ts_drift_adapt,3,"error_divergence_ph_meta@error.threshold=0.10,error.min_instances=5",error_divergence_ph_meta,"{""divergence"": {""alpha"": 0.1, ""delta"": 0.005, ""min_instances"": 30, ""threshold"": 0.05}, ""error_rate"": {""alpha"": 0.15, ""delta"": 0.005, ""min_instances"": 5, ""threshold"": 0.1}}","{""error_rate"": {""min_instances"": 5, ""threshold"": 0.1}}",0.1,0.005,0.15,5,0.05,0.005,0.1,30,,,,-1,two_stage,2,0.5,"__confirm_cooldown=200,__confirm_rule=perm_test,__perm_alpha=0.01,__perm_delta_k=25,__perm_min_effect=0,__perm_n_perm=200,__perm_post_n=50,__perm_pre_n=500,__perm_rng_seed=0,__perm_stat=delta_fused_score,divergence=0.3,error_rate=0.5,teacher_entropy=0.2",3,0,200,0.0,0,10000,10.0,25.0,200,500,1,8,1.0,0.8624815905743741,0.685536024451164,0.0,0.23794060945510864,0.019651705399155617,0,0,114,99,-1,perm_test,0.004975124378109453,0.05108865701685302,227,99,128,0.0,0.16666666666666666,0,0.0,0.0,0.0,0.0,0,none,0,1,0,overconfident,0.95,0,mild_drift,0.9621571403055527,0.00126873490042563,0.8125060350612309,0.8606277372358815,1768146527.4876153,0.1894289255142212,0.1468406468629837
680,43520,43519,sea_abrupt4,sea,ts_drift_adapt,3,"error_divergence_ph_meta@error.threshold=0.10,error.min_instances=5",error_divergence_ph_meta,"{""divergence"": {""alpha"": 0.1, ""delta"": 0.005, ""min_instances"": 30, ""threshold"": 0.05}, ""error_rate"": {""alpha"": 0.15, ""delta"": 0.005, ""min_instances"": 5, ""threshold"": 0.1}}","{""error_rate"": {""min_instances"": 5, ""threshold"": 0.1}}",0.1,0.005,0.15,5,0.05,0.005,0.1,30,,,,-1,two_stage,2,0.5,"__confirm_cooldown=200,__confirm_rule=perm_test,__perm_alpha=0.01,__perm_delta_k=25,__perm_min_effect=0,__perm_n_perm=200,__perm_post_n=50,__perm_pre_n=500,__perm_rng_seed=0,__perm_stat=delta_fused_score,divergence=0.3,error_rate=0.5,teacher_entropy=0.2",3,0,200,0.0,0,10000,10.0,25.0,200,500,0,0,1.0,0.8625919117647058,0.6857895212458911,0.3333333333333333,0.17254820466041565,0.016976624727249146,0,0,114,99,-1,perm_test,0.004975124378109453,0.05108865701685302,227,99,128,0.0,0.3333333333333333,0,0.0,0.0,0.0,0.0,0,none,0,1,0,overconfident,0.95,0,mild_drift,0.9612285701527763,0.0012843674502128152,0.8062530175306155,0.8578138686179407,1768146527.4974546,0.48590001463890076,0.15010738372802734
681,43584,43583,sea_abrupt4,sea,ts_drift_adapt,3,"error_divergence_ph_meta@error.threshold=0.10,error.min_instances=5",error_divergence_ph_meta,"{""divergence"": {""alpha"": 0.1, ""delta"": 0.005, ""min_instances"": 30, ""threshold"": 0.05}, ""error_rate"": {""alpha"": 0.15, ""delta"": 0.005, ""min_instances"": 5, ""threshold"": 0.1}}","{""error_rate"": {""min_instances"": 5, ""threshold"": 0.1}}",0.1,0.005,0.15,5,0.05,0.005,0.1,30,,,,-1,two_stage,2,0.5,"__confirm_cooldown=200,__confirm_rule=perm_test,__perm_alpha=0.01,__perm_delta_k=25,__perm_min_effect=0,__perm_n_perm=200,__perm_post_n=50,__perm_pre_n=500,__perm_rng_seed=0,__perm_stat=delta_fused_score,divergence=0.3,error_rate=0.5,teacher_entropy=0.2",3,0,200,0.0,0,10000,10.0,25.0,200,500,0,0,1.0,0.8626789647577092,0.6860136034887376,0.0,0.16284911334514618,0.012566473335027695,0,0,114,99,-1,perm_test,0.004975124378109453,0.05108865701685302,227,99,128,0.0,0.3333333333333333,0,0.0,0.0,0.0,0.0,0,none,0,1,0,overconfident,0.95,0,mild_drift,0.9607642850763881,0.0012921837251064078,0.8031265087653078,0.8564069343089704,1768146527.5074618,0.027751542627811432,0.09523509442806244
682,43648,43647,sea_abrupt4,sea,ts_drift_adapt,3,"error_divergence_ph_meta@error.threshold=0.10,error.min_instances=5",error_divergence_ph_meta,"{""divergence"": {""alpha"": 0.1, ""delta"": 0.005, ""min_instances"": 30, ""threshold"": 0.05}, ""error_rate"": {""alpha"": 0.15, ""delta"": 0.005, ""min_instances"": 5, ""threshold"": 0.1}}","{""error_rate"": {""min_instances"": 5, ""threshold"": 0.1}}",0.1,0.005,0.15,5,0.05,0.005,0.1,30,,,,-1,two_stage,2,0.5,"__confirm_cooldown=200,__confirm_rule=perm_test,__perm_alpha=0.01,__perm_delta_k=25,__perm_min_effect=0,__perm_n_perm=200,__perm_post_n=50,__perm_pre_n=500,__perm_rng_seed=0,__perm_stat=delta_fused_score,divergence=0.3,error_rate=0.5,teacher_entropy=0.2",3,0,200,0.0,0,10000,10.0,25.0,200,500,0,0,1.0,0.8627428519061584,0.6861299643862434,0.16666666666666666,0.1670665591955185,0.011351226828992367,0,0,114,99,-1,perm_test,0.004975124378109453,0.05108865701685302,227,99,128,0.0,0.16666666666666666,0,0.0,0.0,0.0,0.0,0,none,0,1,0,overconfident,0.95,0,mild_drift,0.9605321425381941,0.0012960918625532039,0.8015632543826539,0.8557034671544852,1768146527.5176558,0.2192898839712143,0.08636973053216934
683,43712,43711,sea_abrupt4,sea,ts_drift_adapt,3,"error_divergence_ph_meta@error.threshold=0.10,error.min_instances=5",error_divergence_ph_meta,"{""divergence"": {""alpha"": 0.1, ""delta"": 0.005, ""min_instances"": 30, ""threshold"": 0.05}, ""error_rate"": {""alpha"": 0.15, ""delta"": 0.005, ""min_instances"": 5, ""threshold"": 0.1}}","{""error_rate"": {""min_instances"": 5, ""threshold"": 0.1}}",0.1,0.005,0.15,5,0.05,0.005,0.1,30,,,,-1,two_stage,2,0.5,"__confirm_cooldown=200,__confirm_rule=perm_test,__perm_alpha=0.01,__perm_delta_k=25,__perm_min_effect=0,__perm_n_perm=200,__perm_post_n=50,__perm_pre_n=500,__perm_rng_seed=0,__perm_stat=delta_fused_score,divergence=0.3,error_rate=0.5,teacher_entropy=0.2",3,0,200,0.0,0,10000,10.0,25.0,200,500,0,0,1.0,0.8628751830161054,0.6863602402673864,0.16666666666666666,0.2395865023136139,0.0327032245695591,0,1,115,99,-1,perm_test,0.4925373134328358,0.0013939720547208514,228,99,129,0.020587701350450516,0.02135199774056673,2,0.8,0.0,0.0,0.0,0,none,0,1,0,overconfident,0.95,0,mild_drift,0.960416071269097,0.0012980459312766021,0.800781627191327,0.8553517335772426,1768146527.534723,0.14156034588813782,0.2525278925895691
684,43776,43775,sea_abrupt4,sea,ts_drift_adapt,3,"error_divergence_ph_meta@error.threshold=0.10,error.min_instances=5",error_divergence_ph_meta,"{""divergence"": {""alpha"": 0.1, ""delta"": 0.005, ""min_instances"": 30, ""threshold"": 0.05}, ""error_rate"": {""alpha"": 0.15, ""delta"": 0.005, ""min_instances"": 5, ""threshold"": 0.1}}","{""error_rate"": {""min_instances"": 5, ""threshold"": 0.1}}",0.1,0.005,0.15,5,0.05,0.005,0.1,30,,,,-1,two_stage,2,0.5,"__confirm_cooldown=200,__confirm_rule=perm_test,__perm_alpha=0.01,__perm_delta_k=25,__perm_min_effect=0,__perm_n_perm=200,__perm_post_n=50,__perm_pre_n=500,__perm_rng_seed=0,__perm_stat=delta_fused_score,divergence=0.3,error_rate=0.5,teacher_entropy=0.2",3,0,200,0.0,0,10000,10.0,25.0,200,500,0,0,1.0,0.862984283625731,0.6866158389571185,0.0,0.18097937107086182,0.01477370411157608,0,0,115,99,-1,perm_test,1.0,-0.03334983639121234,229,99,130,0.0,0.16666666666666666,0,0.0,0.0,0.0,0.0,0,none,0,1,0,overconfident,0.95,0,mild_drift,0.9603580356345485,0.001299022965638301,0.8003908135956634,0.8551758667886213,1768146527.5447762,0.1193825900554657,0.09166436642408371
685,43840,43839,sea_abrupt4,sea,ts_drift_adapt,3,"error_divergence_ph_meta@error.threshold=0.10,error.min_instances=5",error_divergence_ph_meta,"{""divergence"": {""alpha"": 0.1, ""delta"": 0.005, ""min_instances"": 30, ""threshold"": 0.05}, ""error_rate"": {""alpha"": 0.15, ""delta"": 0.005, ""min_instances"": 5, ""threshold"": 0.1}}","{""error_rate"": {""min_instances"": 5, ""threshold"": 0.1}}",0.1,0.005,0.15,5,0.05,0.005,0.1,30,,,,-1,two_stage,2,0.5,"__confirm_cooldown=200,__confirm_rule=perm_test,__perm_alpha=0.01,__perm_delta_k=25,__perm_min_effect=0,__perm_n_perm=200,__perm_post_n=50,__perm_pre_n=500,__perm_rng_seed=0,__perm_stat=delta_fused_score,divergence=0.3,error_rate=0.5,teacher_entropy=0.2",3,0,200,0.0,0,10000,10.0,25.0,200,500,0,0,1.0,0.8630246350364964,0.6867661571256931,0.3333333333333333,0.14604705572128296,0.03274078294634819,1,0,115,100,2,perm_test,0.004975124378109453,0.07716489701178575,230,100,130,0.0,0.3333333333333333,0,0.0,0.0,0.0,0.0,0,none,1,1,0,overconfident,0.95,0,stable,0.9751790178172742,0.0010495114828191505,0.9001954067978317,0.9000879333943107,1768146527.561082,0.42829909920692444,0.31851375102996826
686,43904,43903,sea_abrupt4,sea,ts_drift_adapt,3,"error_divergence_ph_meta@error.threshold=0.10,error.min_instances=5",error_divergence_ph_meta,"{""divergence"": {""alpha"": 0.1, ""delta"": 0.005, ""min_instances"": 30, ""threshold"": 0.05}, ""error_rate"": {""alpha"": 0.15, ""delta"": 0.005, ""min_instances"": 5, ""threshold"": 0.1}}","{""error_rate"": {""min_instances"": 5, ""threshold"": 0.1}}",0.1,0.005,0.15,5,0.05,0.005,0.1,30,,,,-1,two_stage,2,0.5,"__confirm_cooldown=200,__confirm_rule=perm_test,__perm_alpha=0.01,__perm_delta_k=25,__perm_min_effect=0,__perm_n_perm=200,__perm_post_n=50,__perm_pre_n=500,__perm_rng_seed=0,__perm_stat=delta_fused_score,divergence=0.3,error_rate=0.5,teacher_entropy=0.2",3,0,200,0.0,0,10000,10.0,25.0,200,500,1,136,1.0,0.8630876457725948,0.6868902615239659,0.0,0.21625100076198578,0.013034106232225895,0,0,115,100,-1,perm_test,0.004975124378109453,0.07716489701178575,230,100,130,0.0,0.3333333333333333,0,0.0,0.0,0.0,0.0,0,none,0,1,0,overconfident,0.95,0,mild_drift,0.9677395089086371,0.0011747557414095752,0.8500977033989159,0.8775439666971554,1768146527.5707357,0.048854678869247437,0.0898369699716568
687,43968,43967,sea_abrupt4,sea,ts_drift_adapt,3,"error_divergence_ph_meta@error.threshold=0.10,error.min_instances=5",error_divergence_ph_meta,"{""divergence"": {""alpha"": 0.1, ""delta"": 0.005, ""min_instances"": 30, ""threshold"": 0.05}, ""error_rate"": {""alpha"": 0.15, ""delta"": 0.005, ""min_instances"": 5, ""threshold"": 0.1}}","{""error_rate"": {""min_instances"": 5, ""threshold"": 0.1}}",0.1,0.005,0.15,5,0.05,0.005,0.1,30,,,,-1,two_stage,2,0.5,"__confirm_cooldown=200,__confirm_rule=perm_test,__perm_alpha=0.01,__perm_delta_k=25,__perm_min_effect=0,__perm_n_perm=200,__perm_post_n=50,__perm_pre_n=500,__perm_rng_seed=0,__perm_stat=delta_fused_score,divergence=0.3,error_rate=0.5,teacher_entropy=0.2",3,0,200,0.0,0,10000,10.0,25.0,200,500,1,72,1.0,0.8631732168850073,0.6871178051224229,0.0,0.2397201955318451,0.022857490926980972,0,0,115,100,-1,perm_test,0.004975124378109453,0.07716489701178575,230,100,130,0.0,0.009823384694755077,0,0.0,0.0,0.0,0.0,0,none,0,1,0,overconfident,0.95,0,mild_drift,0.9640197544543185,0.0012373778707047878,0.825048851699458,0.8662719833485777,1768146527.5803432,0.10191282629966736,0.186044380068779
688,44032,44031,sea_abrupt4,sea,ts_drift_adapt,3,"error_divergence_ph_meta@error.threshold=0.10,error.min_instances=5",error_divergence_ph_meta,"{""divergence"": {""alpha"": 0.1, ""delta"": 0.005, ""min_instances"": 30, ""threshold"": 0.05}, ""error_rate"": {""alpha"": 0.15, ""delta"": 0.005, ""min_instances"": 5, ""threshold"": 0.1}}","{""error_rate"": {""min_instances"": 5, ""threshold"": 0.1}}",0.1,0.005,0.15,5,0.05,0.005,0.1,30,,,,-1,two_stage,2,0.5,"__confirm_cooldown=200,__confirm_rule=perm_test,__perm_alpha=0.01,__perm_delta_k=25,__perm_min_effect=0,__perm_n_perm=200,__perm_post_n=50,__perm_pre_n=500,__perm_rng_seed=0,__perm_stat=delta_fused_score,divergence=0.3,error_rate=0.5,teacher_entropy=0.2",3,0,200,0.0,0,10000,10.0,25.0,200,500,1,8,1.0,0.8633720930232558,0.6875855257678264,0.0,0.17996355891227722,0.017074938863515854,0,1,115,100,-1,perm_test,0.004975124378109453,0.07716489701178575,230,100,130,0.16666666666666666,0.005782552063465118,1,0.5,0.0,0.0,0.0,0,none,0,1,0,overconfident,0.95,0,mild_drift,0.9621598772271592,0.001268688935352394,0.8125244258497291,0.8606359916742888,1768146527.5899649,0.03772188350558281,0.13202667236328125
689,44096,44095,sea_abrupt4,sea,ts_drift_adapt,3,"error_divergence_ph_meta@error.threshold=0.10,error.min_instances=5",error_divergence_ph_meta,"{""divergence"": {""alpha"": 0.1, ""delta"": 0.005, ""min_instances"": 30, ""threshold"": 0.05}, ""error_rate"": {""alpha"": 0.15, ""delta"": 0.005, ""min_instances"": 5, ""threshold"": 0.1}}","{""error_rate"": {""min_instances"": 5, ""threshold"": 0.1}}",0.1,0.005,0.15,5,0.05,0.005,0.1,30,,,,-1,two_stage,2,0.5,"__confirm_cooldown=200,__confirm_rule=perm_test,__perm_alpha=0.01,__perm_delta_k=25,__perm_min_effect=0,__perm_n_perm=200,__perm_post_n=50,__perm_pre_n=500,__perm_rng_seed=0,__perm_stat=delta_fused_score,divergence=0.3,error_rate=0.5,teacher_entropy=0.2",3,0,200,0.0,0,10000,10.0,25.0,200,500,0,0,1.0,0.863502358490566,0.6878331255136312,0.0,0.17625166475772858,0.006549466401338577,0,0,115,100,-1,perm_test,0.004975124378109453,0.07716489701178575,230,100,130,0.0,0.010525472462177277,0,0.0,0.0,0.0,0.0,0,none,0,1,0,overconfident,0.95,0,mild_drift,0.9612299386135796,0.001284344467676197,0.8062622129248646,0.8578179958371444,1768146527.5998642,0.02458510361611843,0.07658505439758301
690,44160,44159,sea_abrupt4,sea,ts_drift_adapt,3,"error_divergence_ph_meta@error.threshold=0.10,error.min_instances=5",error_divergence_ph_meta,"{""divergence"": {""alpha"": 0.1, ""delta"": 0.005, ""min_instances"": 30, ""threshold"": 0.05}, ""error_rate"": {""alpha"": 0.15, ""delta"": 0.005, ""min_instances"": 5, ""threshold"": 0.1}}","{""error_rate"": {""min_instances"": 5, ""threshold"": 0.1}}",0.1,0.005,0.15,5,0.05,0.005,0.1,30,,,,-1,two_stage,2,0.5,"__confirm_cooldown=200,__confirm_rule=perm_test,__perm_alpha=0.01,__perm_delta_k=25,__perm_min_effect=0,__perm_n_perm=200,__perm_post_n=50,__perm_pre_n=500,__perm_rng_seed=0,__perm_stat=delta_fused_score,divergence=0.3,error_rate=0.5,teacher_entropy=0.2",3,0,200,0.0,0,10000,10.0,25.0,200,500,0,0,1.0,0.863677536231884,0.6883329985548245,0.0,0.16414949297904968,0.00720322597771883,0,0,115,100,-1,perm_test,0.004975124378109453,0.07716489701178575,230,100,130,0.0,0.0006537595763802528,0,0.0,0.0,0.0,0.0,0,none,0,1,0,overconfident,0.95,0,mild_drift,0.9607649693067898,0.0012921722338380985,0.8031311064624322,0.8564089979185722,1768146527.6097028,0.3177403509616852,0.05685175582766533
691,44224,44223,sea_abrupt4,sea,ts_drift_adapt,3,"error_divergence_ph_meta@error.threshold=0.10,error.min_instances=5",error_divergence_ph_meta,"{""divergence"": {""alpha"": 0.1, ""delta"": 0.005, ""min_instances"": 30, ""threshold"": 0.05}, ""error_rate"": {""alpha"": 0.15, ""delta"": 0.005, ""min_instances"": 5, ""threshold"": 0.1}}","{""error_rate"": {""min_instances"": 5, ""threshold"": 0.1}}",0.1,0.005,0.15,5,0.05,0.005,0.1,30,,,,-1,two_stage,2,0.5,"__confirm_cooldown=200,__confirm_rule=perm_test,__perm_alpha=0.01,__perm_delta_k=25,__perm_min_effect=0,__perm_n_perm=200,__perm_post_n=50,__perm_pre_n=500,__perm_rng_seed=0,__perm_stat=delta_fused_score,divergence=0.3,error_rate=0.5,teacher_entropy=0.2",3,0,200,0.0,0,10000,10.0,25.0,200,500,0,0,1.0,0.8637843704775687,0.68860163598105,0.0,0.21370653808116913,0.014939737506210804,0,0,115,100,-1,perm_test,0.004975124378109453,0.07716489701178575,230,100,130,0.0,0.007736511528491974,0,0.0,0.0,0.0,0.0,0,none,0,1,0,overconfident,0.95,0,mild_drift,0.9605324846533949,0.0012960861169190492,0.8015655532312161,0.8557044989592861,1768146527.6196618,0.01579754427075386,0.10657060146331787
692,44288,44287,sea_abrupt4,sea,ts_drift_adapt,3,"error_divergence_ph_meta@error.threshold=0.10,error.min_instances=5",error_divergence_ph_meta,"{""divergence"": {""alpha"": 0.1, ""delta"": 0.005, ""min_instances"": 30, ""threshold"": 0.05}, ""error_rate"": {""alpha"": 0.15, ""delta"": 0.005, ""min_instances"": 5, ""threshold"": 0.1}}","{""error_rate"": {""min_instances"": 5, ""threshold"": 0.1}}",0.1,0.005,0.15,5,0.05,0.005,0.1,30,,,,-1,two_stage,2,0.5,"__confirm_cooldown=200,__confirm_rule=perm_test,__perm_alpha=0.01,__perm_delta_k=25,__perm_min_effect=0,__perm_n_perm=200,__perm_post_n=50,__perm_pre_n=500,__perm_rng_seed=0,__perm_stat=delta_fused_score,divergence=0.3,error_rate=0.5,teacher_entropy=0.2",3,0,200,0.0,0,10000,10.0,25.0,200,500,0,0,1.0,0.8639360549132948,0.688984263916079,0.0,0.16245022416114807,0.01061300840228796,0,0,115,100,-1,perm_test,0.004975124378109453,0.07716489701178575,230,100,130,0.0,0.004326729103922844,0,0.0,0.0,0.0,0.0,0,none,0,1,0,overconfident,0.95,0,mild_drift,0.9604162423266974,0.0012980430584595246,0.8007827766156081,0.8553522494796431,1768146527.6295843,0.04886731505393982,0.08716002106666565
693,44352,44351,sea_abrupt4,sea,ts_drift_adapt,3,"error_divergence_ph_meta@error.threshold=0.10,error.min_instances=5",error_divergence_ph_meta,"{""divergence"": {""alpha"": 0.1, ""delta"": 0.005, ""min_instances"": 30, ""threshold"": 0.05}, ""error_rate"": {""alpha"": 0.15, ""delta"": 0.005, ""min_instances"": 5, ""threshold"": 0.1}}","{""error_rate"": {""min_instances"": 5, ""threshold"": 0.1}}",0.1,0.005,0.15,5,0.05,0.005,0.1,30,,,,-1,two_stage,2,0.5,"__confirm_cooldown=200,__confirm_rule=perm_test,__perm_alpha=0.01,__perm_delta_k=25,__perm_min_effect=0,__perm_n_perm=200,__perm_post_n=50,__perm_pre_n=500,__perm_rng_seed=0,__perm_stat=delta_fused_score,divergence=0.3,error_rate=0.5,teacher_entropy=0.2",3,0,200,0.0,0,10000,10.0,25.0,200,500,0,0,1.0,0.8640873015873016,0.6892848267816193,0.0,0.17870613932609558,0.013376803137362003,0,0,115,100,-1,perm_test,0.004975124378109453,0.07716489701178575,230,100,130,0.0,0.0027637947350740433,0,0.0,0.0,0.0,0.0,0,none,0,1,0,overconfident,0.95,0,mild_drift,0.9603581211633487,0.0012990215292297625,0.8003913883078041,0.8551761247398215,1768146527.6396334,0.08638950437307358,0.1100456565618515
694,44416,44415,sea_abrupt4,sea,ts_drift_adapt,3,"error_divergence_ph_meta@error.threshold=0.10,error.min_instances=5",error_divergence_ph_meta,"{""divergence"": {""alpha"": 0.1, ""delta"": 0.005, ""min_instances"": 30, ""threshold"": 0.05}, ""error_rate"": {""alpha"": 0.15, ""delta"": 0.005, ""min_instances"": 5, ""threshold"": 0.1}}","{""error_rate"": {""min_instances"": 5, ""threshold"": 0.1}}",0.1,0.005,0.15,5,0.05,0.005,0.1,30,,,,-1,two_stage,2,0.5,"__confirm_cooldown=200,__confirm_rule=perm_test,__perm_alpha=0.01,__perm_delta_k=25,__perm_min_effect=0,__perm_n_perm=200,__perm_post_n=50,__perm_pre_n=500,__perm_rng_seed=0,__perm_stat=delta_fused_score,divergence=0.3,error_rate=0.5,teacher_entropy=0.2",3,0,200,0.0,0,10000,10.0,25.0,200,500,0,0,1.0,0.8642381123919308,0.68961920648502,0.0,0.16487625241279602,0.015261576510965824,0,0,115,100,-1,perm_test,0.004975124378109453,0.07716489701178575,230,100,130,0.0,0.0018847733736038208,0,0.0,0.0,0.0,0.0,0,none,0,1,0,overconfident,0.95,0,mild_drift,0.9603290605816743,0.0012995107646148812,0.8001956941539021,0.8550880623699108,1768146527.649811,0.025779880583286285,0.10744248330593109
695,44480,44479,sea_abrupt4,sea,ts_drift_adapt,3,"error_divergence_ph_meta@error.threshold=0.10,error.min_instances=5",error_divergence_ph_meta,"{""divergence"": {""alpha"": 0.1, ""delta"": 0.005, ""min_instances"": 30, ""threshold"": 0.05}, ""error_rate"": {""alpha"": 0.15, ""delta"": 0.005, ""min_instances"": 5, ""threshold"": 0.1}}","{""error_rate"": {""min_instances"": 5, ""threshold"": 0.1}}",0.1,0.005,0.15,5,0.05,0.005,0.1,30,,,,-1,two_stage,2,0.5,"__confirm_cooldown=200,__confirm_rule=perm_test,__perm_alpha=0.01,__perm_delta_k=25,__perm_min_effect=0,__perm_n_perm=200,__perm_post_n=50,__perm_pre_n=500,__perm_rng_seed=0,__perm_stat=delta_fused_score,divergence=0.3,error_rate=0.5,teacher_entropy=0.2",3,0,200,0.0,0,10000,10.0,25.0,200,500,0,0,1.0,0.8643210431654677,0.6898283516165471,0.0,0.19578145444393158,0.016187720000743866,0,0,115,100,-1,perm_test,0.004975124378109453,0.07716489701178575,230,100,130,0.0,0.0009261434897780418,0,0.0,0.0,0.0,0.0,0,none,0,1,0,overconfident,0.95,0,mild_drift,0.9603145302908371,0.0012997553823074406,0.8000978470769511,0.8550440311849554,1768146527.660027,0.05229477211833,0.13110695779323578
696,44544,44543,sea_abrupt4,sea,ts_drift_adapt,3,"error_divergence_ph_meta@error.threshold=0.10,error.min_instances=5",error_divergence_ph_meta,"{""divergence"": {""alpha"": 0.1, ""delta"": 0.005, ""min_instances"": 30, ""threshold"": 0.05}, ""error_rate"": {""alpha"": 0.15, ""delta"": 0.005, ""min_instances"": 5, ""threshold"": 0.1}}","{""error_rate"": {""min_instances"": 5, ""threshold"": 0.1}}",0.1,0.005,0.15,5,0.05,0.005,0.1,30,,,,-1,two_stage,2,0.5,"__confirm_cooldown=200,__confirm_rule=perm_test,__perm_alpha=0.01,__perm_delta_k=25,__perm_min_effect=0,__perm_n_perm=200,__perm_post_n=50,__perm_pre_n=500,__perm_rng_seed=0,__perm_stat=delta_fused_score,divergence=0.3,error_rate=0.5,teacher_entropy=0.2",3,0,200,0.0,0,10000,10.0,25.0,200,500,0,0,1.0,0.8644261853448276,0.6900491430047335,0.0,0.17709681391716003,0.02206648886203766,0,0,115,100,-1,perm_test,0.004975124378109453,0.07716489701178575,230,100,130,0.0,0.005878768861293793,0,0.0,0.0,0.0,0.0,0,none,0,1,0,overconfident,0.95,0,mild_drift,0.9603072651454185,0.0012998776911537203,0.8000489235384756,0.8550220155924777,1768146527.6702867,0.05898448824882507,0.18475782871246338
697,44608,44607,sea_abrupt4,sea,ts_drift_adapt,3,"error_divergence_ph_meta@error.threshold=0.10,error.min_instances=5",error_divergence_ph_meta,"{""divergence"": {""alpha"": 0.1, ""delta"": 0.005, ""min_instances"": 30, ""threshold"": 0.05}, ""error_rate"": {""alpha"": 0.15, ""delta"": 0.005, ""min_instances"": 5, ""threshold"": 0.1}}","{""error_rate"": {""min_instances"": 5, ""threshold"": 0.1}}",0.1,0.005,0.15,5,0.05,0.005,0.1,30,,,,-1,two_stage,2,0.5,"__confirm_cooldown=200,__confirm_rule=perm_test,__perm_alpha=0.01,__perm_delta_k=25,__perm_min_effect=0,__perm_n_perm=200,__perm_post_n=50,__perm_pre_n=500,__perm_rng_seed=0,__perm_stat=delta_fused_score,divergence=0.3,error_rate=0.5,teacher_entropy=0.2",3,0,200,0.0,0,10000,10.0,25.0,200,500,0,0,1.0,0.8645534433285509,0.6903687451721057,0.0,0.19442351162433624,0.013727200217545033,0,0,115,100,-1,perm_test,0.004975124378109453,0.07716489701178575,230,100,130,0.0,0.008339288644492626,0,0.0,0.0,0.0,0.0,0,none,0,1,0,overconfident,0.95,0,mild_drift,0.9603036325727092,0.0012999388455768603,0.8000244617692378,0.8550110077962388,1768146527.680532,0.10270524024963379,0.11521949619054794
698,44672,44671,sea_abrupt4,sea,ts_drift_adapt,3,"error_divergence_ph_meta@error.threshold=0.10,error.min_instances=5",error_divergence_ph_meta,"{""divergence"": {""alpha"": 0.1, ""delta"": 0.005, ""min_instances"": 30, ""threshold"": 0.05}, ""error_rate"": {""alpha"": 0.15, ""delta"": 0.005, ""min_instances"": 5, ""threshold"": 0.1}}","{""error_rate"": {""min_instances"": 5, ""threshold"": 0.1}}",0.1,0.005,0.15,5,0.05,0.005,0.1,30,,,,-1,two_stage,2,0.5,"__confirm_cooldown=200,__confirm_rule=perm_test,__perm_alpha=0.01,__perm_delta_k=25,__perm_min_effect=0,__perm_n_perm=200,__perm_post_n=50,__perm_pre_n=500,__perm_rng_seed=0,__perm_stat=delta_fused_score,divergence=0.3,error_rate=0.5,teacher_entropy=0.2",3,0,200,0.0,0,10000,10.0,25.0,200,500,0,0,1.0,0.8646355659025788,0.6905552532263857,0.0,0.19182844460010529,0.0186063963919878,0,0,115,100,-1,perm_test,0.004975124378109453,0.07716489701178575,230,100,130,0.0,0.004879196174442768,0,0.0,0.0,0.0,0.0,0,none,0,1,0,overconfident,0.95,0,mild_drift,0.9603018162863546,0.0012999694227884303,0.8000122308846189,0.8550055038981195,1768146527.6909406,0.0761452466249466,0.12739743292331696
699,44736,44735,sea_abrupt4,sea,ts_drift_adapt,3,"error_divergence_ph_meta@error.threshold=0.10,error.min_instances=5",error_divergence_ph_meta,"{""divergence"": {""alpha"": 0.1, ""delta"": 0.005, ""min_instances"": 30, ""threshold"": 0.05}, ""error_rate"": {""alpha"": 0.15, ""delta"": 0.005, ""min_instances"": 5, ""threshold"": 0.1}}","{""error_rate"": {""min_instances"": 5, ""threshold"": 0.1}}",0.1,0.005,0.15,5,0.05,0.005,0.1,30,,,,-1,two_stage,2,0.5,"__confirm_cooldown=200,__confirm_rule=perm_test,__perm_alpha=0.01,__perm_delta_k=25,__perm_min_effect=0,__perm_n_perm=200,__perm_post_n=50,__perm_pre_n=500,__perm_rng_seed=0,__perm_stat=delta_fused_score,divergence=0.3,error_rate=0.5,teacher_entropy=0.2",3,0,200,0.0,0,10000,10.0,25.0,200,500,0,0,1.0,0.8647174535050072,0.6907617915283486,0.0,0.1696922928094864,0.015312045812606812,0,0,115,100,-1,perm_test,0.004975124378109453,0.07716489701178575,230,100,130,0.0,0.003294350579380989,0,0.0,0.0,0.0,0.0,0,none,0,1,0,overconfident,0.95,0,mild_drift,0.9603009081431773,0.0012999847113942154,0.8000061154423095,0.8550027519490597,1768146527.7014997,0.03706887364387512,0.1972838044166565
700,44800,44799,sea_abrupt4,sea,ts_drift_adapt,3,"error_divergence_ph_meta@error.threshold=0.10,error.min_instances=5",error_divergence_ph_meta,"{""divergence"": {""alpha"": 0.1, ""delta"": 0.005, ""min_instances"": 30, ""threshold"": 0.05}, ""error_rate"": {""alpha"": 0.15, ""delta"": 0.005, ""min_instances"": 5, ""threshold"": 0.1}}","{""error_rate"": {""min_instances"": 5, ""threshold"": 0.1}}",0.1,0.005,0.15,5,0.05,0.005,0.1,30,,,,-1,two_stage,2,0.5,"__confirm_cooldown=200,__confirm_rule=perm_test,__perm_alpha=0.01,__perm_delta_k=25,__perm_min_effect=0,__perm_n_perm=200,__perm_post_n=50,__perm_pre_n=500,__perm_rng_seed=0,__perm_stat=delta_fused_score,divergence=0.3,error_rate=0.5,teacher_entropy=0.2",3,0,200,0.0,0,10000,10.0,25.0,200,500,0,0,1.0,0.86484375,0.6910902541662708,0.0,0.1647995263338089,0.010342936031520367,0,0,115,100,-1,perm_test,0.004975124378109453,0.07716489701178575,230,100,130,0.0,0.004969109781086445,0,0.0,0.0,0.0,0.0,0,none,0,1,0,overconfident,0.95,0,mild_drift,0.9603004540715886,0.0012999923556971079,0.8000030577211548,0.8550013759745299,1768146527.7120953,0.005104145500808954,0.08645842969417572
701,44864,44863,sea_abrupt4,sea,ts_drift_adapt,3,"error_divergence_ph_meta@error.threshold=0.10,error.min_instances=5",error_divergence_ph_meta,"{""divergence"": {""alpha"": 0.1, ""delta"": 0.005, ""min_instances"": 30, ""threshold"": 0.05}, ""error_rate"": {""alpha"": 0.15, ""delta"": 0.005, ""min_instances"": 5, ""threshold"": 0.1}}","{""error_rate"": {""min_instances"": 5, ""threshold"": 0.1}}",0.1,0.005,0.15,5,0.05,0.005,0.1,30,,,,-1,two_stage,2,0.5,"__confirm_cooldown=200,__confirm_rule=perm_test,__perm_alpha=0.01,__perm_delta_k=25,__perm_min_effect=0,__perm_n_perm=200,__perm_post_n=50,__perm_pre_n=500,__perm_rng_seed=0,__perm_stat=delta_fused_score,divergence=0.3,error_rate=0.5,teacher_entropy=0.2",3,0,200,0.0,0,10000,10.0,25.0,200,500,0,0,1.0,0.8649473965763196,0.6913212950486297,0.0,0.18590828776359558,0.02532837726175785,0,0,115,100,-1,perm_test,0.004975124378109453,0.07716489701178575,230,100,130,0.0,0.014985441230237484,0,0.0,0.0,0.0,0.0,0,none,0,1,0,overconfident,0.95,0,mild_drift,0.9603002270357943,0.001299996177848554,0.8000015288605774,0.8550006879872649,1768146527.7226954,0.013446354307234287,0.17851316928863525
702,44928,44927,sea_abrupt4,sea,ts_drift_adapt,3,"error_divergence_ph_meta@error.threshold=0.10,error.min_instances=5",error_divergence_ph_meta,"{""divergence"": {""alpha"": 0.1, ""delta"": 0.005, ""min_instances"": 30, ""threshold"": 0.05}, ""error_rate"": {""alpha"": 0.15, ""delta"": 0.005, ""min_instances"": 5, ""threshold"": 0.1}}","{""error_rate"": {""min_instances"": 5, ""threshold"": 0.1}}",0.1,0.005,0.15,5,0.05,0.005,0.1,30,,,,-1,two_stage,2,0.5,"__confirm_cooldown=200,__confirm_rule=perm_test,__perm_alpha=0.01,__perm_delta_k=25,__perm_min_effect=0,__perm_n_perm=200,__perm_post_n=50,__perm_pre_n=500,__perm_rng_seed=0,__perm_stat=delta_fused_score,divergence=0.3,error_rate=0.5,teacher_entropy=0.2",3,0,200,0.0,0,10000,10.0,25.0,200,500,0,0,1.0,0.8650507478632479,0.6914928706567688,0.0,0.1755475401878357,0.01299296785145998,0,0,115,100,-1,perm_test,0.004975124378109453,0.07716489701178575,230,100,130,0.0,0.01233540941029787,0,0.0,0.0,0.0,0.0,0,none,0,1,0,overconfident,0.95,0,mild_drift,0.9603001135178971,0.001299998088924277,0.8000007644302887,0.8550003439936325,1768146527.7333183,0.05072265863418579,0.09031419456005096
703,44992,44991,sea_abrupt4,sea,ts_drift_adapt,3,"error_divergence_ph_meta@error.threshold=0.10,error.min_instances=5",error_divergence_ph_meta,"{""divergence"": {""alpha"": 0.1, ""delta"": 0.005, ""min_instances"": 30, ""threshold"": 0.05}, ""error_rate"": {""alpha"": 0.15, ""delta"": 0.005, ""min_instances"": 5, ""threshold"": 0.1}}","{""error_rate"": {""min_instances"": 5, ""threshold"": 0.1}}",0.1,0.005,0.15,5,0.05,0.005,0.1,30,,,,-1,two_stage,2,0.5,"__confirm_cooldown=200,__confirm_rule=perm_test,__perm_alpha=0.01,__perm_delta_k=25,__perm_min_effect=0,__perm_n_perm=200,__perm_post_n=50,__perm_pre_n=500,__perm_rng_seed=0,__perm_stat=delta_fused_score,divergence=0.3,error_rate=0.5,teacher_entropy=0.2",3,0,200,0.0,0,10000,10.0,25.0,200,500,0,0,1.0,0.8651760312944523,0.6917714722899384,0.0,0.17571665346622467,0.017997918650507927,0,0,115,100,-1,perm_test,0.004975124378109453,0.07716489701178575,230,100,130,0.0,0.005004950799047947,0,0.0,0.0,0.0,0.0,0,none,0,1,0,overconfident,0.95,0,mild_drift,0.9603000567589486,0.0012999990444621384,0.8000003822151444,0.8550001719968162,1768146527.743915,0.014258842915296555,0.13930079340934753
704,45056,45055,sea_abrupt4,sea,ts_drift_adapt,3,"error_divergence_ph_meta@error.threshold=0.10,error.min_instances=5",error_divergence_ph_meta,"{""divergence"": {""alpha"": 0.1, ""delta"": 0.005, ""min_instances"": 30, ""threshold"": 0.05}, ""error_rate"": {""alpha"": 0.15, ""delta"": 0.005, ""min_instances"": 5, ""threshold"": 0.1}}","{""error_rate"": {""min_instances"": 5, ""threshold"": 0.1}}",0.1,0.005,0.15,5,0.05,0.005,0.1,30,,,,-1,two_stage,2,0.5,"__confirm_cooldown=200,__confirm_rule=perm_test,__perm_alpha=0.01,__perm_delta_k=25,__perm_min_effect=0,__perm_n_perm=200,__perm_post_n=50,__perm_pre_n=500,__perm_rng_seed=0,__perm_stat=delta_fused_score,divergence=0.3,error_rate=0.5,teacher_entropy=0.2",3,0,200,0.0,0,10000,10.0,25.0,200,500,0,0,1.0,0.8652565696022727,0.691934070454767,0.16666666666666666,0.22436319291591644,0.011001508682966232,1,1,116,101,0,perm_test,0.004975124378109453,0.0762661943199161,231,101,130,0.16666666666666666,0.16666666666666666,1,0.5,0.0,0.0,0.0,0,none,1,1,0,overconfident,0.95,0,severe_drift,0.9256500283794743,0.0016499995222310692,0.6500001911075721,0.8325000859984082,1768146527.762007,0.44302257895469666,0.0772327333688736
705,45120,45119,sea_abrupt4,sea,ts_drift_adapt,3,"error_divergence_ph_meta@error.threshold=0.10,error.min_instances=5",error_divergence_ph_meta,"{""divergence"": {""alpha"": 0.1, ""delta"": 0.005, ""min_instances"": 30, ""threshold"": 0.05}, ""error_rate"": {""alpha"": 0.15, ""delta"": 0.005, ""min_instances"": 5, ""threshold"": 0.1}}","{""error_rate"": {""min_instances"": 5, ""threshold"": 0.1}}",0.1,0.005,0.15,5,0.05,0.005,0.1,30,,,,-1,two_stage,2,0.5,"__confirm_cooldown=200,__confirm_rule=perm_test,__perm_alpha=0.01,__perm_delta_k=25,__perm_min_effect=0,__perm_n_perm=200,__perm_post_n=50,__perm_pre_n=500,__perm_rng_seed=0,__perm_stat=delta_fused_score,divergence=0.3,error_rate=0.5,teacher_entropy=0.2",3,0,200,0.0,0,10000,10.0,25.0,200,500,1,136,1.0,0.8653147163120567,0.6920006175753234,0.0,0.14703115820884705,0.0048203482292592525,0,0,116,101,-1,perm_test,0.004975124378109453,0.0762661943199161,231,101,130,0.0,0.16666666666666666,0,0.0,0.0,0.0,0.0,0,none,0,1,0,overconfident,0.95,0,mild_drift,0.9429750141897371,0.0014749997611155346,0.7250000955537861,0.8437500429992041,1768146527.7721934,0.21589915454387665,0.035548046231269836
706,45184,45183,sea_abrupt4,sea,ts_drift_adapt,3,"error_divergence_ph_meta@error.threshold=0.10,error.min_instances=5",error_divergence_ph_meta,"{""divergence"": {""alpha"": 0.1, ""delta"": 0.005, ""min_instances"": 30, ""threshold"": 0.05}, ""error_rate"": {""alpha"": 0.15, ""delta"": 0.005, ""min_instances"": 5, ""threshold"": 0.1}}","{""error_rate"": {""min_instances"": 5, ""threshold"": 0.1}}",0.1,0.005,0.15,5,0.05,0.005,0.1,30,,,,-1,two_stage,2,0.5,"__confirm_cooldown=200,__confirm_rule=perm_test,__perm_alpha=0.01,__perm_delta_k=25,__perm_min_effect=0,__perm_n_perm=200,__perm_post_n=50,__perm_pre_n=500,__perm_rng_seed=0,__perm_stat=delta_fused_score,divergence=0.3,error_rate=0.5,teacher_entropy=0.2",3,0,200,0.0,0,10000,10.0,25.0,200,500,1,72,1.0,0.865416961756374,0.6922244885998774,0.0,0.16471067070960999,0.010896512307226658,0,0,116,101,-1,perm_test,0.004975124378109453,0.0762661943199161,231,101,130,0.0,0.006076164077967405,0,0.0,0.0,0.0,0.0,0,none,0,1,0,overconfident,0.95,0,mild_drift,0.9516375070948685,0.0013874998805577673,0.7625000477768931,0.8493750214996021,1768146527.7824738,0.01004039403051138,0.07449084520339966
707,45248,45247,sea_abrupt4,sea,ts_drift_adapt,3,"error_divergence_ph_meta@error.threshold=0.10,error.min_instances=5",error_divergence_ph_meta,"{""divergence"": {""alpha"": 0.1, ""delta"": 0.005, ""min_instances"": 30, ""threshold"": 0.05}, ""error_rate"": {""alpha"": 0.15, ""delta"": 0.005, ""min_instances"": 5, ""threshold"": 0.1}}","{""error_rate"": {""min_instances"": 5, ""threshold"": 0.1}}",0.1,0.005,0.15,5,0.05,0.005,0.1,30,,,,-1,two_stage,2,0.5,"__confirm_cooldown=200,__confirm_rule=perm_test,__perm_alpha=0.01,__perm_delta_k=25,__perm_min_effect=0,__perm_n_perm=200,__perm_post_n=50,__perm_pre_n=500,__perm_rng_seed=0,__perm_stat=delta_fused_score,divergence=0.3,error_rate=0.5,teacher_entropy=0.2",3,0,200,0.0,0,10000,10.0,25.0,200,500,1,8,1.0,0.8655852192362093,0.6926397238276167,0.0,0.1659674495458603,0.008459029719233513,0,0,116,101,-1,perm_test,0.004975124378109453,0.0762661943199161,231,101,130,0.0,0.002437482587993145,0,0.0,0.0,0.0,0.0,0,none,0,1,0,overconfident,0.95,0,mild_drift,0.9559687535474342,0.0013437499402788838,0.7812500238884466,0.852187510749801,1768146527.7927463,0.0419030636548996,0.0715567022562027
708,45312,45311,sea_abrupt4,sea,ts_drift_adapt,3,"error_divergence_ph_meta@error.threshold=0.10,error.min_instances=5",error_divergence_ph_meta,"{""divergence"": {""alpha"": 0.1, ""delta"": 0.005, ""min_instances"": 30, ""threshold"": 0.05}, ""error_rate"": {""alpha"": 0.15, ""delta"": 0.005, ""min_instances"": 5, ""threshold"": 0.1}}","{""error_rate"": {""min_instances"": 5, ""threshold"": 0.1}}",0.1,0.005,0.15,5,0.05,0.005,0.1,30,,,,-1,two_stage,2,0.5,"__confirm_cooldown=200,__confirm_rule=perm_test,__perm_alpha=0.01,__perm_delta_k=25,__perm_min_effect=0,__perm_n_perm=200,__perm_post_n=50,__perm_pre_n=500,__perm_rng_seed=0,__perm_stat=delta_fused_score,divergence=0.3,error_rate=0.5,teacher_entropy=0.2",3,0,200,0.0,0,10000,10.0,25.0,200,500,0,0,1.0,0.8657088629943502,0.6928722881699978,0.0,0.18084463477134705,0.005362105090171099,0,0,116,101,-1,perm_test,0.004975124378109453,0.0762661943199161,231,101,130,0.0,0.003096924629062414,0,0.0,0.0,0.0,0.0,0,none,0,1,0,overconfident,0.95,0,mild_drift,0.958134376773717,0.001321874970139442,0.7906250119442233,0.8535937553749005,1768146527.8032138,0.03213417902588844,0.046281665563583374
709,45376,45375,sea_abrupt4,sea,ts_drift_adapt,3,"error_divergence_ph_meta@error.threshold=0.10,error.min_instances=5",error_divergence_ph_meta,"{""divergence"": {""alpha"": 0.1, ""delta"": 0.005, ""min_instances"": 30, ""threshold"": 0.05}, ""error_rate"": {""alpha"": 0.15, ""delta"": 0.005, ""min_instances"": 5, ""threshold"": 0.1}}","{""error_rate"": {""min_instances"": 5, ""threshold"": 0.1}}",0.1,0.005,0.15,5,0.05,0.005,0.1,30,,,,-1,two_stage,2,0.5,"__confirm_cooldown=200,__confirm_rule=perm_test,__perm_alpha=0.01,__perm_delta_k=25,__perm_min_effect=0,__perm_n_perm=200,__perm_post_n=50,__perm_pre_n=500,__perm_rng_seed=0,__perm_stat=delta_fused_score,divergence=0.3,error_rate=0.5,teacher_entropy=0.2",3,0,200,0.0,0,10000,10.0,25.0,200,500,0,0,1.0,0.8657440056417489,0.6929069527789976,0.16666666666666666,0.22042705118656158,0.01314057782292366,1,1,117,102,0,perm_test,0.004975124378109453,0.058229661328627294,232,102,130,0.0,0.16666666666666666,1,0.5,0.0,0.0,0.0,0,none,1,1,0,overconfident,0.95,0,stable,0.9740671883868586,0.001060937485069721,0.8953125059721116,0.8992968776874503,1768146527.8215163,0.31866833567619324,0.0976748913526535
710,45440,45439,sea_abrupt4,sea,ts_drift_adapt,3,"error_divergence_ph_meta@error.threshold=0.10,error.min_instances=5",error_divergence_ph_meta,"{""divergence"": {""alpha"": 0.1, ""delta"": 0.005, ""min_instances"": 30, ""threshold"": 0.05}, ""error_rate"": {""alpha"": 0.15, ""delta"": 0.005, ""min_instances"": 5, ""threshold"": 0.1}}","{""error_rate"": {""min_instances"": 5, ""threshold"": 0.1}}",0.1,0.005,0.15,5,0.05,0.005,0.1,30,,,,-1,two_stage,2,0.5,"__confirm_cooldown=200,__confirm_rule=perm_test,__perm_alpha=0.01,__perm_delta_k=25,__perm_min_effect=0,__perm_n_perm=200,__perm_post_n=50,__perm_pre_n=500,__perm_rng_seed=0,__perm_stat=delta_fused_score,divergence=0.3,error_rate=0.5,teacher_entropy=0.2",3,0,200,0.0,0,10000,10.0,25.0,200,500,1,136,1.0,0.8658230633802817,0.6930890347824218,0.0,0.1951960027217865,0.01156648900359869,0,0,117,102,-1,perm_test,0.004975124378109453,0.058229661328627294,232,102,130,0.0,0.16666666666666666,0,0.0,0.0,0.0,0.0,0,none,0,1,0,overconfident,0.95,0,mild_drift,0.9671835941934293,0.0011804687425348605,0.8476562529860558,0.8771484388437252,1768146527.8316417,0.11035709828138351,0.08611348271369934
711,45504,45503,sea_abrupt4,sea,ts_drift_adapt,3,"error_divergence_ph_meta@error.threshold=0.10,error.min_instances=5",error_divergence_ph_meta,"{""divergence"": {""alpha"": 0.1, ""delta"": 0.005, ""min_instances"": 30, ""threshold"": 0.05}, ""error_rate"": {""alpha"": 0.15, ""delta"": 0.005, ""min_instances"": 5, ""threshold"": 0.1}}","{""error_rate"": {""min_instances"": 5, ""threshold"": 0.1}}",0.1,0.005,0.15,5,0.05,0.005,0.1,30,,,,-1,two_stage,2,0.5,"__confirm_cooldown=200,__confirm_rule=perm_test,__perm_alpha=0.01,__perm_delta_k=25,__perm_min_effect=0,__perm_n_perm=200,__perm_post_n=50,__perm_pre_n=500,__perm_rng_seed=0,__perm_stat=delta_fused_score,divergence=0.3,error_rate=0.5,teacher_entropy=0.2",3,0,200,0.0,0,10000,10.0,25.0,200,500,1,72,1.0,0.8659018987341772,0.6932440009561904,0.16666666666666666,0.15141423046588898,0.013144146651029587,0,0,117,102,-1,perm_test,0.004975124378109453,0.058229661328627294,232,102,130,0.0,0.16666666666666666,0,0.0,0.0,0.0,0.0,0,none,0,1,0,overconfident,0.95,0,mild_drift,0.9637417970967146,0.0012402343712674302,0.823828126493028,0.8660742194218626,1768146527.841715,0.23914222419261932,0.12764902412891388
712,45568,45567,sea_abrupt4,sea,ts_drift_adapt,3,"error_divergence_ph_meta@error.threshold=0.10,error.min_instances=5",error_divergence_ph_meta,"{""divergence"": {""alpha"": 0.1, ""delta"": 0.005, ""min_instances"": 30, ""threshold"": 0.05}, ""error_rate"": {""alpha"": 0.15, ""delta"": 0.005, ""min_instances"": 5, ""threshold"": 0.1}}","{""error_rate"": {""min_instances"": 5, ""threshold"": 0.1}}",0.1,0.005,0.15,5,0.05,0.005,0.1,30,,,,-1,two_stage,2,0.5,"__confirm_cooldown=200,__confirm_rule=perm_test,__perm_alpha=0.01,__perm_delta_k=25,__perm_min_effect=0,__perm_n_perm=200,__perm_post_n=50,__perm_pre_n=500,__perm_rng_seed=0,__perm_stat=delta_fused_score,divergence=0.3,error_rate=0.5,teacher_entropy=0.2",3,0,200,0.0,0,10000,10.0,25.0,200,500,1,8,1.0,0.8660682935393258,0.6936104955040001,0.0,0.15005096793174744,0.004374009557068348,0,0,117,102,-1,perm_test,0.004975124378109453,0.058229661328627294,232,102,130,0.0,0.16666666666666666,0,0.0,0.0,0.0,0.0,0,none,0,1,0,overconfident,0.95,0,mild_drift,0.9620208985483573,0.0012701171856337153,0.811914063246514,0.8605371097109313,1768146527.8537214,0.12405873090028763,0.0532420352101326
713,45632,45631,sea_abrupt4,sea,ts_drift_adapt,3,"error_divergence_ph_meta@error.threshold=0.10,error.min_instances=5",error_divergence_ph_meta,"{""divergence"": {""alpha"": 0.1, ""delta"": 0.005, ""min_instances"": 30, ""threshold"": 0.05}, ""error_rate"": {""alpha"": 0.15, ""delta"": 0.005, ""min_instances"": 5, ""threshold"": 0.1}}","{""error_rate"": {""min_instances"": 5, ""threshold"": 0.1}}",0.1,0.005,0.15,5,0.05,0.005,0.1,30,,,,-1,two_stage,2,0.5,"__confirm_cooldown=200,__confirm_rule=perm_test,__perm_alpha=0.01,__perm_delta_k=25,__perm_min_effect=0,__perm_n_perm=200,__perm_post_n=50,__perm_pre_n=500,__perm_rng_seed=0,__perm_stat=delta_fused_score,divergence=0.3,error_rate=0.5,teacher_entropy=0.2",3,0,200,0.0,0,10000,10.0,25.0,200,500,0,0,1.0,0.8661684782608695,0.6938411655557642,0.16666666666666666,0.17854006588459015,0.013462365604937077,0,0,117,102,-1,perm_test,0.004975124378109453,0.058229661328627294,232,102,130,0.0,0.16666666666666666,0,0.0,0.0,0.0,0.0,0,none,0,1,0,overconfident,0.95,0,mild_drift,0.9611604492741785,0.0012850585928168576,0.805957031623257,0.8577685548554657,1768146527.8644295,0.2409965842962265,0.11295533925294876
714,45696,45695,sea_abrupt4,sea,ts_drift_adapt,3,"error_divergence_ph_meta@error.threshold=0.10,error.min_instances=5",error_divergence_ph_meta,"{""divergence"": {""alpha"": 0.1, ""delta"": 0.005, ""min_instances"": 30, ""threshold"": 0.05}, ""error_rate"": {""alpha"": 0.15, ""delta"": 0.005, ""min_instances"": 5, ""threshold"": 0.1}}","{""error_rate"": {""min_instances"": 5, ""threshold"": 0.1}}",0.1,0.005,0.15,5,0.05,0.005,0.1,30,,,,-1,two_stage,2,0.5,"__confirm_cooldown=200,__confirm_rule=perm_test,__perm_alpha=0.01,__perm_delta_k=25,__perm_min_effect=0,__perm_n_perm=200,__perm_post_n=50,__perm_pre_n=500,__perm_rng_seed=0,__perm_stat=delta_fused_score,divergence=0.3,error_rate=0.5,teacher_entropy=0.2",3,0,200,0.0,0,10000,10.0,25.0,200,500,0,0,1.0,0.8662464985994398,0.6939523302713382,0.0,0.19153954088687897,0.023197634145617485,0,1,118,102,-1,perm_test,1.0,-0.07789538764781558,233,102,131,0.16666666666666666,0.16666666666666666,1,0.5,0.0,0.0,0.0,0,none,0,1,0,overconfident,0.95,0,mild_drift,0.9607302246370892,0.0012925292964084288,0.8029785158116285,0.8563842774277328,1768146527.8749216,0.04679333046078682,0.18824295699596405
715,45760,45759,sea_abrupt4,sea,ts_drift_adapt,3,"error_divergence_ph_meta@error.threshold=0.10,error.min_instances=5",error_divergence_ph_meta,"{""divergence"": {""alpha"": 0.1, ""delta"": 0.005, ""min_instances"": 30, ""threshold"": 0.05}, ""error_rate"": {""alpha"": 0.15, ""delta"": 0.005, ""min_instances"": 5, ""threshold"": 0.1}}","{""error_rate"": {""min_instances"": 5, ""threshold"": 0.1}}",0.1,0.005,0.15,5,0.05,0.005,0.1,30,,,,-1,two_stage,2,0.5,"__confirm_cooldown=200,__confirm_rule=perm_test,__perm_alpha=0.01,__perm_delta_k=25,__perm_min_effect=0,__perm_n_perm=200,__perm_post_n=50,__perm_pre_n=500,__perm_rng_seed=0,__perm_stat=delta_fused_score,divergence=0.3,error_rate=0.5,teacher_entropy=0.2",3,0,200,0.0,0,10000,10.0,25.0,200,500,0,0,1.0,0.8663461538461539,0.6941508790003287,0.0,0.17336241900920868,0.0122914407402277,0,0,118,102,-1,perm_test,0.01990049751243781,0.009210344803972937,234,102,132,0.0,0.010906193405389786,0,0.0,0.0,0.0,0.0,0,none,0,1,0,overconfident,0.95,0,mild_drift,0.9605151123185446,0.0012962646482042144,0.8014892579058143,0.8556921387138664,1768146527.8922393,0.00645426893606782,0.1188042014837265
716,45824,45823,sea_abrupt4,sea,ts_drift_adapt,3,"error_divergence_ph_meta@error.threshold=0.10,error.min_instances=5",error_divergence_ph_meta,"{""divergence"": {""alpha"": 0.1, ""delta"": 0.005, ""min_instances"": 30, ""threshold"": 0.05}, ""error_rate"": {""alpha"": 0.15, ""delta"": 0.005, ""min_instances"": 5, ""threshold"": 0.1}}","{""error_rate"": {""min_instances"": 5, ""threshold"": 0.1}}",0.1,0.005,0.15,5,0.05,0.005,0.1,30,,,,-1,two_stage,2,0.5,"__confirm_cooldown=200,__confirm_rule=perm_test,__perm_alpha=0.01,__perm_delta_k=25,__perm_min_effect=0,__perm_n_perm=200,__perm_post_n=50,__perm_pre_n=500,__perm_rng_seed=0,__perm_stat=delta_fused_score,divergence=0.3,error_rate=0.5,teacher_entropy=0.2",3,0,200,0.0,0,10000,10.0,25.0,200,500,0,0,1.0,0.8665109986033519,0.6945341853896089,0.16666666666666666,0.12571774423122406,0.008061172440648079,1,0,118,103,2,perm_test,0.004975124378109453,0.025562905944787086,235,103,132,0.0,0.16666666666666666,0,0.0,0.0,0.0,0.0,0,none,1,1,0,overconfident,0.95,0,stable,0.9752575561592722,0.0010481323241021071,0.9007446289529071,0.9003460693569332,1768146527.9091382,0.18237118422985077,0.06600841879844666
717,45888,45887,sea_abrupt4,sea,ts_drift_adapt,3,"error_divergence_ph_meta@error.threshold=0.10,error.min_instances=5",error_divergence_ph_meta,"{""divergence"": {""alpha"": 0.1, ""delta"": 0.005, ""min_instances"": 30, ""threshold"": 0.05}, ""error_rate"": {""alpha"": 0.15, ""delta"": 0.005, ""min_instances"": 5, ""threshold"": 0.1}}","{""error_rate"": {""min_instances"": 5, ""threshold"": 0.1}}",0.1,0.005,0.15,5,0.05,0.005,0.1,30,,,,-1,two_stage,2,0.5,"__confirm_cooldown=200,__confirm_rule=perm_test,__perm_alpha=0.01,__perm_delta_k=25,__perm_min_effect=0,__perm_n_perm=200,__perm_post_n=50,__perm_pre_n=500,__perm_rng_seed=0,__perm_stat=delta_fused_score,divergence=0.3,error_rate=0.5,teacher_entropy=0.2",3,0,200,0.0,0,10000,10.0,25.0,200,500,1,136,1.0,0.8666535913528591,0.6948290716928381,0.0,0.1793852150440216,0.012047343887388706,0,0,118,103,-1,perm_test,0.004975124378109453,0.025562905944787086,235,103,132,0.0,0.16666666666666666,0,0.0,0.0,0.0,0.0,0,none,0,1,0,overconfident,0.95,0,mild_drift,0.9677787780796361,0.0011740661620510537,0.8503723144764536,0.8776730346784666,1768146527.919011,0.06990159302949905,0.09320084005594254
718,45952,45951,sea_abrupt4,sea,ts_drift_adapt,3,"error_divergence_ph_meta@error.threshold=0.10,error.min_instances=5",error_divergence_ph_meta,"{""divergence"": {""alpha"": 0.1, ""delta"": 0.005, ""min_instances"": 30, ""threshold"": 0.05}, ""error_rate"": {""alpha"": 0.15, ""delta"": 0.005, ""min_instances"": 5, ""threshold"": 0.1}}","{""error_rate"": {""min_instances"": 5, ""threshold"": 0.1}}",0.1,0.005,0.15,5,0.05,0.005,0.1,30,,,,-1,two_stage,2,0.5,"__confirm_cooldown=200,__confirm_rule=perm_test,__perm_alpha=0.01,__perm_delta_k=25,__perm_min_effect=0,__perm_n_perm=200,__perm_post_n=50,__perm_pre_n=500,__perm_rng_seed=0,__perm_stat=delta_fused_score,divergence=0.3,error_rate=0.5,teacher_entropy=0.2",3,0,200,0.0,0,10000,10.0,25.0,200,500,1,72,1.0,0.8667087395543176,0.6949611672005483,0.16666666666666666,0.17594404518604279,0.01728864572942257,0,0,118,103,-1,perm_test,0.004975124378109453,0.025562905944787086,235,103,132,0.0,0.16666666666666666,0,0.0,0.0,0.0,0.0,0,none,0,1,0,overconfident,0.95,0,mild_drift,0.964039389039818,0.0012370330810255268,0.8251861572382269,0.8663365173392332,1768146527.928815,0.15098486840724945,0.09467939287424088
719,46016,46015,sea_abrupt4,sea,ts_drift_adapt,3,"error_divergence_ph_meta@error.threshold=0.10,error.min_instances=5",error_divergence_ph_meta,"{""divergence"": {""alpha"": 0.1, ""delta"": 0.005, ""min_instances"": 30, ""threshold"": 0.05}, ""error_rate"": {""alpha"": 0.15, ""delta"": 0.005, ""min_instances"": 5, ""threshold"": 0.1}}","{""error_rate"": {""min_instances"": 5, ""threshold"": 0.1}}",0.1,0.005,0.15,5,0.05,0.005,0.1,30,,,,-1,two_stage,2,0.5,"__confirm_cooldown=200,__confirm_rule=perm_test,__perm_alpha=0.01,__perm_delta_k=25,__perm_min_effect=0,__perm_n_perm=200,__perm_post_n=50,__perm_pre_n=500,__perm_rng_seed=0,__perm_stat=delta_fused_score,divergence=0.3,error_rate=0.5,teacher_entropy=0.2",3,0,200,0.0,0,10000,10.0,25.0,200,500,1,8,1.0,0.8668071974965229,0.6951155277002103,0.0,0.2090902477502823,0.01352999359369278,0,1,118,103,-1,perm_test,0.004975124378109453,0.025562905944787086,235,103,132,0.0,0.16666666666666666,1,0.5,0.0,0.0,0.0,0,none,0,1,0,overconfident,0.95,0,mild_drift,0.962169694519909,0.0012685165405127634,0.8125930786191135,0.8606682586696166,1768146527.9386065,0.11351609975099564,0.10737087577581406
720,46080,46079,sea_abrupt4,sea,ts_drift_adapt,3,"error_divergence_ph_meta@error.threshold=0.10,error.min_instances=5",error_divergence_ph_meta,"{""divergence"": {""alpha"": 0.1, ""delta"": 0.005, ""min_instances"": 30, ""threshold"": 0.05}, ""error_rate"": {""alpha"": 0.15, ""delta"": 0.005, ""min_instances"": 5, ""threshold"": 0.1}}","{""error_rate"": {""min_instances"": 5, ""threshold"": 0.1}}",0.1,0.005,0.15,5,0.05,0.005,0.1,30,,,,-1,two_stage,2,0.5,"__confirm_cooldown=200,__confirm_rule=perm_test,__perm_alpha=0.01,__perm_delta_k=25,__perm_min_effect=0,__perm_n_perm=200,__perm_post_n=50,__perm_pre_n=500,__perm_rng_seed=0,__perm_stat=delta_fused_score,divergence=0.3,error_rate=0.5,teacher_entropy=0.2",3,0,200,0.0,0,10000,10.0,25.0,200,500,0,0,1.0,0.8669487847222223,0.6954523387471296,0.0,0.12534412741661072,0.006091292016208172,0,0,118,103,-1,perm_test,0.004975124378109453,0.025562905944787086,235,103,132,0.0,0.007438701577484608,0,0.0,0.0,0.0,0.0,0,none,0,1,0,overconfident,0.95,0,mild_drift,0.9612348472599545,0.0012842582702563819,0.8062965393095567,0.8578341293348083,1768146527.9487426,0.023920854553580284,0.06478339433670044
721,46144,46143,sea_abrupt4,sea,ts_drift_adapt,3,"error_divergence_ph_meta@error.threshold=0.10,error.min_instances=5",error_divergence_ph_meta,"{""divergence"": {""alpha"": 0.1, ""delta"": 0.005, ""min_instances"": 30, ""threshold"": 0.05}, ""error_rate"": {""alpha"": 0.15, ""delta"": 0.005, ""min_instances"": 5, ""threshold"": 0.1}}","{""error_rate"": {""min_instances"": 5, ""threshold"": 0.1}}",0.1,0.005,0.15,5,0.05,0.005,0.1,30,,,,-1,two_stage,2,0.5,"__confirm_cooldown=200,__confirm_rule=perm_test,__perm_alpha=0.01,__perm_delta_k=25,__perm_min_effect=0,__perm_n_perm=200,__perm_post_n=50,__perm_pre_n=500,__perm_rng_seed=0,__perm_stat=delta_fused_score,divergence=0.3,error_rate=0.5,teacher_entropy=0.2",3,0,200,0.0,0,10000,10.0,25.0,200,500,0,0,1.0,0.8670899791955617,0.6957137706570264,0.0,0.14674033224582672,0.011590023525059223,0,0,118,103,-1,perm_test,0.004975124378109453,0.025562905944787086,235,103,132,0.0,0.005498731508851051,0,0.0,0.0,0.0,0.0,0,none,0,1,0,overconfident,0.95,0,mild_drift,0.9607674236299772,0.0012921291351281911,0.8031482696547784,0.8564170646674041,1768146527.958819,0.006697992328554392,0.08400104939937592
722,46208,46207,sea_abrupt4,sea,ts_drift_adapt,3,"error_divergence_ph_meta@error.threshold=0.10,error.min_instances=5",error_divergence_ph_meta,"{""divergence"": {""alpha"": 0.1, ""delta"": 0.005, ""min_instances"": 30, ""threshold"": 0.05}, ""error_rate"": {""alpha"": 0.15, ""delta"": 0.005, ""min_instances"": 5, ""threshold"": 0.1}}","{""error_rate"": {""min_instances"": 5, ""threshold"": 0.1}}",0.1,0.005,0.15,5,0.05,0.005,0.1,30,,,,-1,two_stage,2,0.5,"__confirm_cooldown=200,__confirm_rule=perm_test,__perm_alpha=0.01,__perm_delta_k=25,__perm_min_effect=0,__perm_n_perm=200,__perm_post_n=50,__perm_pre_n=500,__perm_rng_seed=0,__perm_stat=delta_fused_score,divergence=0.3,error_rate=0.5,teacher_entropy=0.2",3,0,200,0.0,0,10000,10.0,25.0,200,500,0,0,1.0,0.8671442174515236,0.6959224014386127,0.0,0.1723141372203827,0.01950150541961193,0,0,118,103,-1,perm_test,0.004975124378109453,0.025562905944787086,235,103,132,0.0,0.007911481894552708,0,0.0,0.0,0.0,0.0,0,none,0,1,0,overconfident,0.95,0,mild_drift,0.9605337118149886,0.0012960645675640955,0.8015741348273893,0.855708532333702,1768146527.9688637,0.1667851209640503,0.1658366471529007
723,46272,46271,sea_abrupt4,sea,ts_drift_adapt,3,"error_divergence_ph_meta@error.threshold=0.10,error.min_instances=5",error_divergence_ph_meta,"{""divergence"": {""alpha"": 0.1, ""delta"": 0.005, ""min_instances"": 30, ""threshold"": 0.05}, ""error_rate"": {""alpha"": 0.15, ""delta"": 0.005, ""min_instances"": 5, ""threshold"": 0.1}}","{""error_rate"": {""min_instances"": 5, ""threshold"": 0.1}}",0.1,0.005,0.15,5,0.05,0.005,0.1,30,,,,-1,two_stage,2,0.5,"__confirm_cooldown=200,__confirm_rule=perm_test,__perm_alpha=0.01,__perm_delta_k=25,__perm_min_effect=0,__perm_n_perm=200,__perm_post_n=50,__perm_pre_n=500,__perm_rng_seed=0,__perm_stat=delta_fused_score,divergence=0.3,error_rate=0.5,teacher_entropy=0.2",3,0,200,0.0,0,10000,10.0,25.0,200,500,0,0,1.0,0.8672199170124482,0.6961255964291212,0.16666666666666666,0.1899493932723999,0.017138835042715073,0,0,118,103,-1,perm_test,0.004975124378109453,0.025562905944787086,235,103,132,0.0,0.16666666666666666,0,0.0,0.0,0.0,0.0,0,none,0,1,0,overconfident,0.95,0,mild_drift,0.9604168559074943,0.001298032283782048,0.8007870674136947,0.855354266166851,1768146527.9789796,0.4899756610393524,0.13381054997444153
724,46336,46335,sea_abrupt4,sea,ts_drift_adapt,3,"error_divergence_ph_meta@error.threshold=0.10,error.min_instances=5",error_divergence_ph_meta,"{""divergence"": {""alpha"": 0.1, ""delta"": 0.005, ""min_instances"": 30, ""threshold"": 0.05}, ""error_rate"": {""alpha"": 0.15, ""delta"": 0.005, ""min_instances"": 5, ""threshold"": 0.1}}","{""error_rate"": {""min_instances"": 5, ""threshold"": 0.1}}",0.1,0.005,0.15,5,0.05,0.005,0.1,30,,,,-1,two_stage,2,0.5,"__confirm_cooldown=200,__confirm_rule=perm_test,__perm_alpha=0.01,__perm_delta_k=25,__perm_min_effect=0,__perm_n_perm=200,__perm_post_n=50,__perm_pre_n=500,__perm_rng_seed=0,__perm_stat=delta_fused_score,divergence=0.3,error_rate=0.5,teacher_entropy=0.2",3,0,200,0.0,0,10000,10.0,25.0,200,500,0,0,1.0,0.8673169889502762,0.6963168494907626,0.0,0.16947343945503235,0.01673523522913456,0,1,119,103,-1,perm_test,1.0,-0.08290177717155908,236,103,133,0.0,0.16666666666666666,1,0.5,0.0,0.0,0.0,0,none,0,1,0,overconfident,0.95,0,mild_drift,0.9603584279537472,0.0012990161418910242,0.8003935337068473,0.8551771330834255,1768146527.9894881,0.050007209181785583,0.17321133613586426
725,46400,46399,sea_abrupt4,sea,ts_drift_adapt,3,"error_divergence_ph_meta@error.threshold=0.10,error.min_instances=5",error_divergence_ph_meta,"{""divergence"": {""alpha"": 0.1, ""delta"": 0.005, ""min_instances"": 30, ""threshold"": 0.05}, ""error_rate"": {""alpha"": 0.15, ""delta"": 0.005, ""min_instances"": 5, ""threshold"": 0.1}}","{""error_rate"": {""min_instances"": 5, ""threshold"": 0.1}}",0.1,0.005,0.15,5,0.05,0.005,0.1,30,,,,-1,two_stage,2,0.5,"__confirm_cooldown=200,__confirm_rule=perm_test,__perm_alpha=0.01,__perm_delta_k=25,__perm_min_effect=0,__perm_n_perm=200,__perm_post_n=50,__perm_pre_n=500,__perm_rng_seed=0,__perm_stat=delta_fused_score,divergence=0.3,error_rate=0.5,teacher_entropy=0.2",3,0,200,0.0,0,10000,10.0,25.0,200,500,0,0,1.0,0.8674137931034482,0.6965225882459269,0.0,0.1482170969247818,0.010914884507656097,0,0,119,103,-1,perm_test,1.0,-0.007813546442530355,237,103,134,0.0,0.005820350721478462,0,0.0,0.0,0.0,0.0,0,none,0,1,0,overconfident,0.95,0,mild_drift,0.9603292139768735,0.001299508070945512,0.8001967668534237,0.8550885665417127,1768146527.9998782,0.004663604777306318,0.07628577947616577
726,46464,46463,sea_abrupt4,sea,ts_drift_adapt,3,"error_divergence_ph_meta@error.threshold=0.10,error.min_instances=5",error_divergence_ph_meta,"{""divergence"": {""alpha"": 0.1, ""delta"": 0.005, ""min_instances"": 30, ""threshold"": 0.05}, ""error_rate"": {""alpha"": 0.15, ""delta"": 0.005, ""min_instances"": 5, ""threshold"": 0.1}}","{""error_rate"": {""min_instances"": 5, ""threshold"": 0.1}}",0.1,0.005,0.15,5,0.05,0.005,0.1,30,,,,-1,two_stage,2,0.5,"__confirm_cooldown=200,__confirm_rule=perm_test,__perm_alpha=0.01,__perm_delta_k=25,__perm_min_effect=0,__perm_n_perm=200,__perm_post_n=50,__perm_pre_n=500,__perm_rng_seed=0,__perm_stat=delta_fused_score,divergence=0.3,error_rate=0.5,teacher_entropy=0.2",3,0,200,0.0,0,10000,10.0,25.0,200,500,0,0,1.0,0.8675533746556474,0.6968113658329562,0.0,0.18047569692134857,0.008097503334283829,0,0,119,103,-1,perm_test,1.0,-0.013525031880460574,238,103,135,0.0,0.0028173811733722687,0,0.0,0.0,0.0,0.0,0,none,0,1,0,overconfident,0.95,0,mild_drift,0.9603146069884367,0.001299754035472756,0.8000983834267119,0.8550442832708564,1768146528.0102344,0.023523299023509026,0.07648660242557526
727,46528,46527,sea_abrupt4,sea,ts_drift_adapt,3,"error_divergence_ph_meta@error.threshold=0.10,error.min_instances=5",error_divergence_ph_meta,"{""divergence"": {""alpha"": 0.1, ""delta"": 0.005, ""min_instances"": 30, ""threshold"": 0.05}, ""error_rate"": {""alpha"": 0.15, ""delta"": 0.005, ""min_instances"": 5, ""threshold"": 0.1}}","{""error_rate"": {""min_instances"": 5, ""threshold"": 0.1}}",0.1,0.005,0.15,5,0.05,0.005,0.1,30,,,,-1,two_stage,2,0.5,"__confirm_cooldown=200,__confirm_rule=perm_test,__perm_alpha=0.01,__perm_delta_k=25,__perm_min_effect=0,__perm_n_perm=200,__perm_post_n=50,__perm_pre_n=500,__perm_rng_seed=0,__perm_stat=delta_fused_score,divergence=0.3,error_rate=0.5,teacher_entropy=0.2",3,0,200,0.0,0,10000,10.0,25.0,200,500,0,0,1.0,0.8676280949105915,0.696927873187509,0.0,0.1960488259792328,0.00622901925817132,0,0,119,103,-1,perm_test,1.0,-0.01347180399806902,239,103,136,0.0,0.0018684840761125088,0,0.0,0.0,0.0,0.0,0,none,0,1,0,overconfident,0.95,0,mild_drift,0.9603073034942183,0.001299877017736378,0.800049191713356,0.8550221416354282,1768146528.0205843,0.015445561148226261,0.057517312467098236
728,46592,46591,sea_abrupt4,sea,ts_drift_adapt,3,"error_divergence_ph_meta@error.threshold=0.10,error.min_instances=5",error_divergence_ph_meta,"{""divergence"": {""alpha"": 0.1, ""delta"": 0.005, ""min_instances"": 30, ""threshold"": 0.05}, ""error_rate"": {""alpha"": 0.15, ""delta"": 0.005, ""min_instances"": 5, ""threshold"": 0.1}}","{""error_rate"": {""min_instances"": 5, ""threshold"": 0.1}}",0.1,0.005,0.15,5,0.05,0.005,0.1,30,,,,-1,two_stage,2,0.5,"__confirm_cooldown=200,__confirm_rule=perm_test,__perm_alpha=0.01,__perm_delta_k=25,__perm_min_effect=0,__perm_n_perm=200,__perm_post_n=50,__perm_pre_n=500,__perm_rng_seed=0,__perm_stat=delta_fused_score,divergence=0.3,error_rate=0.5,teacher_entropy=0.2",3,0,200,0.0,0,10000,10.0,25.0,200,500,0,0,1.0,0.8677455357142857,0.6972050261712818,0.0,0.18862105906009674,0.020758716389536858,0,0,119,103,-1,perm_test,1.0,-0.01347180399806902,239,103,136,0.0,0.014529697131365538,0,0.0,0.0,0.0,0.0,0,none,0,1,0,overconfident,0.95,0,mild_drift,0.9603036517471091,0.001299938508868189,0.8000245958566781,0.8550110708177141,1768146528.0309098,0.05840643122792244,0.17431193590164185
729,46656,46655,sea_abrupt4,sea,ts_drift_adapt,3,"error_divergence_ph_meta@error.threshold=0.10,error.min_instances=5",error_divergence_ph_meta,"{""divergence"": {""alpha"": 0.1, ""delta"": 0.005, ""min_instances"": 30, ""threshold"": 0.05}, ""error_rate"": {""alpha"": 0.15, ""delta"": 0.005, ""min_instances"": 5, ""threshold"": 0.1}}","{""error_rate"": {""min_instances"": 5, ""threshold"": 0.1}}",0.1,0.005,0.15,5,0.05,0.005,0.1,30,,,,-1,two_stage,2,0.5,"__confirm_cooldown=200,__confirm_rule=perm_test,__perm_alpha=0.01,__perm_delta_k=25,__perm_min_effect=0,__perm_n_perm=200,__perm_post_n=50,__perm_pre_n=500,__perm_rng_seed=0,__perm_stat=delta_fused_score,divergence=0.3,error_rate=0.5,teacher_entropy=0.2",3,0,200,0.0,0,10000,10.0,25.0,200,500,0,0,1.0,0.8678626543209876,0.6973973683118176,0.0,0.1863684505224228,0.011267689056694508,0,0,119,103,-1,perm_test,1.0,-0.01347180399806902,239,103,136,0.0,0.00949102733284235,0,0.0,0.0,0.0,0.0,0,none,0,1,0,overconfident,0.95,0,mild_drift,0.9603018258735545,0.0012999692544340947,0.8000122979283391,0.855005535408857,1768146528.0414212,0.010249963961541653,0.10453620553016663
730,46720,46719,sea_abrupt4,sea,ts_drift_adapt,3,"error_divergence_ph_meta@error.threshold=0.10,error.min_instances=5",error_divergence_ph_meta,"{""divergence"": {""alpha"": 0.1, ""delta"": 0.005, ""min_instances"": 30, ""threshold"": 0.05}, ""error_rate"": {""alpha"": 0.15, ""delta"": 0.005, ""min_instances"": 5, ""threshold"": 0.1}}","{""error_rate"": {""min_instances"": 5, ""threshold"": 0.1}}",0.1,0.005,0.15,5,0.05,0.005,0.1,30,,,,-1,two_stage,2,0.5,"__confirm_cooldown=200,__confirm_rule=perm_test,__perm_alpha=0.01,__perm_delta_k=25,__perm_min_effect=0,__perm_n_perm=200,__perm_post_n=50,__perm_pre_n=500,__perm_rng_seed=0,__perm_stat=delta_fused_score,divergence=0.3,error_rate=0.5,teacher_entropy=0.2",3,0,200,0.0,0,10000,10.0,25.0,200,500,0,0,1.0,0.8679580479452055,0.6976392592664737,0.0,0.18940469622612,0.015174438245594501,0,0,119,103,-1,perm_test,1.0,-0.01347180399806902,239,103,136,0.0,0.003906749188899994,0,0.0,0.0,0.0,0.0,0,none,0,1,0,overconfident,0.95,0,mild_drift,0.9603009129367772,0.0012999846272170475,0.8000061489641696,0.8550027677044285,1768146528.051848,0.08217214792966843,0.13200430572032928
731,46784,46783,sea_abrupt4,sea,ts_drift_adapt,3,"error_divergence_ph_meta@error.threshold=0.10,error.min_instances=5",error_divergence_ph_meta,"{""divergence"": {""alpha"": 0.1, ""delta"": 0.005, ""min_instances"": 30, ""threshold"": 0.05}, ""error_rate"": {""alpha"": 0.15, ""delta"": 0.005, ""min_instances"": 5, ""threshold"": 0.1}}","{""error_rate"": {""min_instances"": 5, ""threshold"": 0.1}}",0.1,0.005,0.15,5,0.05,0.005,0.1,30,,,,-1,two_stage,2,0.5,"__confirm_cooldown=200,__confirm_rule=perm_test,__perm_alpha=0.01,__perm_delta_k=25,__perm_min_effect=0,__perm_n_perm=200,__perm_post_n=50,__perm_pre_n=500,__perm_rng_seed=0,__perm_stat=delta_fused_score,divergence=0.3,error_rate=0.5,teacher_entropy=0.2",3,0,200,0.0,0,10000,10.0,25.0,200,500,0,0,1.0,0.8680104309165527,0.6977243320725317,0.0,0.19757619500160217,0.007111534476280212,0,0,119,103,-1,perm_test,1.0,-0.01347180399806902,239,103,136,0.0,0.008062903769314289,0,0.0,0.0,0.0,0.0,0,none,0,1,0,overconfident,0.95,0,mild_drift,0.9603004564683886,0.001299992313608524,0.8000030744820847,0.8550013838522142,1768146528.0623186,0.011478745378553867,0.05961812287569046
732,46848,46847,sea_abrupt4,sea,ts_drift_adapt,3,"error_divergence_ph_meta@error.threshold=0.10,error.min_instances=5",error_divergence_ph_meta,"{""divergence"": {""alpha"": 0.1, ""delta"": 0.005, ""min_instances"": 30, ""threshold"": 0.05}, ""error_rate"": {""alpha"": 0.15, ""delta"": 0.005, ""min_instances"": 5, ""threshold"": 0.1}}","{""error_rate"": {""min_instances"": 5, ""threshold"": 0.1}}",0.1,0.005,0.15,5,0.05,0.005,0.1,30,,,,-1,two_stage,2,0.5,"__confirm_cooldown=200,__confirm_rule=perm_test,__perm_alpha=0.01,__perm_delta_k=25,__perm_min_effect=0,__perm_n_perm=200,__perm_post_n=50,__perm_pre_n=500,__perm_rng_seed=0,__perm_stat=delta_fused_score,divergence=0.3,error_rate=0.5,teacher_entropy=0.2",3,0,200,0.0,0,10000,10.0,25.0,200,500,0,0,1.0,0.868105362021858,0.6979584663825885,0.0,0.14513535797595978,0.012173143215477467,0,0,119,103,-1,perm_test,1.0,-0.01347180399806902,239,103,136,0.0,0.005061608739197254,0,0.0,0.0,0.0,0.0,0,none,0,1,0,overconfident,0.95,0,mild_drift,0.9603002282341943,0.0012999961568042622,0.8000015372410424,0.8550006919261071,1768146528.0727725,0.07795006781816483,0.11108148097991943
733,46912,46911,sea_abrupt4,sea,ts_drift_adapt,3,"error_divergence_ph_meta@error.threshold=0.10,error.min_instances=5",error_divergence_ph_meta,"{""divergence"": {""alpha"": 0.1, ""delta"": 0.005, ""min_instances"": 30, ""threshold"": 0.05}, ""error_rate"": {""alpha"": 0.15, ""delta"": 0.005, ""min_instances"": 5, ""threshold"": 0.1}}","{""error_rate"": {""min_instances"": 5, ""threshold"": 0.1}}",0.1,0.005,0.15,5,0.05,0.005,0.1,30,,,,-1,two_stage,2,0.5,"__confirm_cooldown=200,__confirm_rule=perm_test,__perm_alpha=0.01,__perm_delta_k=25,__perm_min_effect=0,__perm_n_perm=200,__perm_post_n=50,__perm_pre_n=500,__perm_rng_seed=0,__perm_stat=delta_fused_score,divergence=0.3,error_rate=0.5,teacher_entropy=0.2",3,0,200,0.0,0,10000,10.0,25.0,200,500,0,0,1.0,0.8682426671214188,0.6982020706865545,0.0,0.19761306047439575,0.015241559594869614,0,0,119,103,-1,perm_test,1.0,-0.01347180399806902,239,103,136,0.0,0.003068416379392147,0,0.0,0.0,0.0,0.0,0,none,0,1,0,overconfident,0.95,0,mild_drift,0.960300114117097,0.0012999980784021313,0.8000007686205213,0.8550003459630535,1768146528.0832412,0.06370978057384491,0.09988522529602051
734,46976,46975,sea_abrupt4,sea,ts_drift_adapt,3,"error_divergence_ph_meta@error.threshold=0.10,error.min_instances=5",error_divergence_ph_meta,"{""divergence"": {""alpha"": 0.1, ""delta"": 0.005, ""min_instances"": 30, ""threshold"": 0.05}, ""error_rate"": {""alpha"": 0.15, ""delta"": 0.005, ""min_instances"": 5, ""threshold"": 0.1}}","{""error_rate"": {""min_instances"": 5, ""threshold"": 0.1}}",0.1,0.005,0.15,5,0.05,0.005,0.1,30,,,,-1,two_stage,2,0.5,"__confirm_cooldown=200,__confirm_rule=perm_test,__perm_alpha=0.01,__perm_delta_k=25,__perm_min_effect=0,__perm_n_perm=200,__perm_post_n=50,__perm_pre_n=500,__perm_rng_seed=0,__perm_stat=delta_fused_score,divergence=0.3,error_rate=0.5,teacher_entropy=0.2",3,0,200,0.0,0,10000,10.0,25.0,200,500,0,0,1.0,0.868358310626703,0.6984966602650376,0.0,0.1955222636461258,0.013120004907250404,0,0,119,103,-1,perm_test,1.0,-0.01347180399806902,239,103,136,0.0,0.0021215546876192093,0,0.0,0.0,0.0,0.0,0,none,0,1,0,overconfident,0.95,0,mild_drift,0.9603000570585485,0.0012999990392010656,0.8000003843102607,0.8550001729815268,1768146528.0938063,0.02230028808116913,0.09208828210830688
735,47040,47039,sea_abrupt4,sea,ts_drift_adapt,3,"error_divergence_ph_meta@error.threshold=0.10,error.min_instances=5",error_divergence_ph_meta,"{""divergence"": {""alpha"": 0.1, ""delta"": 0.005, ""min_instances"": 30, ""threshold"": 0.05}, ""error_rate"": {""alpha"": 0.15, ""delta"": 0.005, ""min_instances"": 5, ""threshold"": 0.1}}","{""error_rate"": {""min_instances"": 5, ""threshold"": 0.1}}",0.1,0.005,0.15,5,0.05,0.005,0.1,30,,,,-1,two_stage,2,0.5,"__confirm_cooldown=200,__confirm_rule=perm_test,__perm_alpha=0.01,__perm_delta_k=25,__perm_min_effect=0,__perm_n_perm=200,__perm_post_n=50,__perm_pre_n=500,__perm_rng_seed=0,__perm_stat=delta_fused_score,divergence=0.3,error_rate=0.5,teacher_entropy=0.2",3,0,200,0.0,0,10000,10.0,25.0,200,500,0,0,1.0,0.8684736394557823,0.6987179315707268,0.0,0.15623635053634644,0.004293176811188459,0,0,119,103,-1,perm_test,1.0,-0.01347180399806902,239,103,136,0.0,0.008826828096061945,0,0.0,0.0,0.0,0.0,0,none,0,1,0,overconfident,0.95,0,mild_drift,0.9603000285292742,0.0012999995196005328,0.8000001921551303,0.8550000864907634,1768146528.1044652,0.07723143696784973,0.03767206519842148
736,47104,47103,sea_abrupt4,sea,ts_drift_adapt,3,"error_divergence_ph_meta@error.threshold=0.10,error.min_instances=5",error_divergence_ph_meta,"{""divergence"": {""alpha"": 0.1, ""delta"": 0.005, ""min_instances"": 30, ""threshold"": 0.05}, ""error_rate"": {""alpha"": 0.15, ""delta"": 0.005, ""min_instances"": 5, ""threshold"": 0.1}}","{""error_rate"": {""min_instances"": 5, ""threshold"": 0.1}}",0.1,0.005,0.15,5,0.05,0.005,0.1,30,,,,-1,two_stage,2,0.5,"__confirm_cooldown=200,__confirm_rule=perm_test,__perm_alpha=0.01,__perm_delta_k=25,__perm_min_effect=0,__perm_n_perm=200,__perm_post_n=50,__perm_pre_n=500,__perm_rng_seed=0,__perm_stat=delta_fused_score,divergence=0.3,error_rate=0.5,teacher_entropy=0.2",3,0,200,0.0,0,10000,10.0,25.0,200,500,0,0,1.0,0.8685674252717391,0.6989600710624727,0.0,0.1710384488105774,0.009592852555215359,0,0,119,103,-1,perm_test,1.0,-0.01347180399806902,239,103,136,0.0,0.005299675744026899,0,0.0,0.0,0.0,0.0,0,none,0,1,0,overconfident,0.95,0,mild_drift,0.9603000142646371,0.0012999997598002666,0.8000000960775652,0.8550000432453817,1768146528.1151888,0.19561715424060822,0.07420659810304642
737,47168,47167,sea_abrupt4,sea,ts_drift_adapt,3,"error_divergence_ph_meta@error.threshold=0.10,error.min_instances=5",error_divergence_ph_meta,"{""divergence"": {""alpha"": 0.1, ""delta"": 0.005, ""min_instances"": 30, ""threshold"": 0.05}, ""error_rate"": {""alpha"": 0.15, ""delta"": 0.005, ""min_instances"": 5, ""threshold"": 0.1}}","{""error_rate"": {""min_instances"": 5, ""threshold"": 0.1}}",0.1,0.005,0.15,5,0.05,0.005,0.1,30,,,,-1,two_stage,2,0.5,"__confirm_cooldown=200,__confirm_rule=perm_test,__perm_alpha=0.01,__perm_delta_k=25,__perm_min_effect=0,__perm_n_perm=200,__perm_post_n=50,__perm_pre_n=500,__perm_rng_seed=0,__perm_stat=delta_fused_score,divergence=0.3,error_rate=0.5,teacher_entropy=0.2",3,0,200,0.0,0,10000,10.0,25.0,200,500,0,0,1.0,0.8686609565807327,0.6991273196213742,0.0,0.1384785920381546,0.006603665184229612,0,0,119,103,-1,perm_test,1.0,-0.01347180399806902,239,103,136,0.0,0.0029891873709857464,0,0.0,0.0,0.0,0.0,0,none,0,1,0,overconfident,0.95,0,stable,0.9751500071323185,0.0010499998799001333,0.9000000480387826,0.9000000216226909,1768146528.125855,0.00503572216257453,0.05701364576816559
738,47232,47231,sea_abrupt4,sea,ts_drift_adapt,3,"error_divergence_ph_meta@error.threshold=0.10,error.min_instances=5",error_divergence_ph_meta,"{""divergence"": {""alpha"": 0.1, ""delta"": 0.005, ""min_instances"": 30, ""threshold"": 0.05}, ""error_rate"": {""alpha"": 0.15, ""delta"": 0.005, ""min_instances"": 5, ""threshold"": 0.1}}","{""error_rate"": {""min_instances"": 5, ""threshold"": 0.1}}",0.1,0.005,0.15,5,0.05,0.005,0.1,30,,,,-1,two_stage,2,0.5,"__confirm_cooldown=200,__confirm_rule=perm_test,__perm_alpha=0.01,__perm_delta_k=25,__perm_min_effect=0,__perm_n_perm=200,__perm_post_n=50,__perm_pre_n=500,__perm_rng_seed=0,__perm_stat=delta_fused_score,divergence=0.3,error_rate=0.5,teacher_entropy=0.2",3,0,200,0.0,0,10000,10.0,25.0,200,500,0,0,1.0,0.8687118902439024,0.6991547314429103,0.16666666666666666,0.14751675724983215,0.011199956759810448,1,1,120,104,0,perm_test,0.004975124378109453,0.07901071618895963,240,104,136,0.16666666666666666,0.16666666666666666,1,0.5,0.0,0.0,0.0,0,none,1,1,0,overconfident,0.95,0,severe_drift,0.9330750035661592,0.0015249999399500665,0.7000000240193913,0.8550000108113455,1768146528.1442218,0.32872435450553894,0.07270312309265137
739,47296,47295,sea_abrupt4,sea,ts_drift_adapt,3,"error_divergence_ph_meta@error.threshold=0.10,error.min_instances=5",error_divergence_ph_meta,"{""divergence"": {""alpha"": 0.1, ""delta"": 0.005, ""min_instances"": 30, ""threshold"": 0.05}, ""error_rate"": {""alpha"": 0.15, ""delta"": 0.005, ""min_instances"": 5, ""threshold"": 0.1}}","{""error_rate"": {""min_instances"": 5, ""threshold"": 0.1}}",0.1,0.005,0.15,5,0.05,0.005,0.1,30,,,,-1,two_stage,2,0.5,"__confirm_cooldown=200,__confirm_rule=perm_test,__perm_alpha=0.01,__perm_delta_k=25,__perm_min_effect=0,__perm_n_perm=200,__perm_post_n=50,__perm_pre_n=500,__perm_rng_seed=0,__perm_stat=delta_fused_score,divergence=0.3,error_rate=0.5,teacher_entropy=0.2",3,0,200,0.0,0,10000,10.0,25.0,200,500,1,136,1.0,0.8687838294993234,0.6992771380748798,0.0,0.16659414768218994,0.01516876369714737,0,0,120,104,-1,perm_test,0.004975124378109453,0.07901071618895963,240,104,136,0.0,0.16666666666666666,0,0.0,0.0,0.0,0.0,0,none,0,1,0,overconfident,0.95,0,mild_drift,0.9466875017830796,0.0014124999699750332,0.7500000120096957,0.8550000054056728,1768146528.1544096,0.08023706078529358,0.10875918716192245
740,47360,47359,sea_abrupt4,sea,ts_drift_adapt,3,"error_divergence_ph_meta@error.threshold=0.10,error.min_instances=5",error_divergence_ph_meta,"{""divergence"": {""alpha"": 0.1, ""delta"": 0.005, ""min_instances"": 30, ""threshold"": 0.05}, ""error_rate"": {""alpha"": 0.15, ""delta"": 0.005, ""min_instances"": 5, ""threshold"": 0.1}}","{""error_rate"": {""min_instances"": 5, ""threshold"": 0.1}}",0.1,0.005,0.15,5,0.05,0.005,0.1,30,,,,-1,two_stage,2,0.5,"__confirm_cooldown=200,__confirm_rule=perm_test,__perm_alpha=0.01,__perm_delta_k=25,__perm_min_effect=0,__perm_n_perm=200,__perm_post_n=50,__perm_pre_n=500,__perm_rng_seed=0,__perm_stat=delta_fused_score,divergence=0.3,error_rate=0.5,teacher_entropy=0.2",3,0,200,0.0,0,10000,10.0,25.0,200,500,1,72,1.0,0.8688555743243244,0.6993952406113163,0.0,0.15157034993171692,0.021055083721876144,0,0,120,104,-1,perm_test,0.004975124378109453,0.07901071618895963,240,104,136,0.0,0.005886320024728775,0,0.0,0.0,0.0,0.0,0,none,0,1,0,overconfident,0.95,0,mild_drift,0.9534937508915398,0.0013562499849875168,0.7750000060048479,0.8550000027028364,1768146528.1644323,0.2076432853937149,0.18737101554870605
741,47424,47423,sea_abrupt4,sea,ts_drift_adapt,3,"error_divergence_ph_meta@error.threshold=0.10,error.min_instances=5",error_divergence_ph_meta,"{""divergence"": {""alpha"": 0.1, ""delta"": 0.005, ""min_instances"": 30, ""threshold"": 0.05}, ""error_rate"": {""alpha"": 0.15, ""delta"": 0.005, ""min_instances"": 5, ""threshold"": 0.1}}","{""error_rate"": {""min_instances"": 5, ""threshold"": 0.1}}",0.1,0.005,0.15,5,0.05,0.005,0.1,30,,,,-1,two_stage,2,0.5,"__confirm_cooldown=200,__confirm_rule=perm_test,__perm_alpha=0.01,__perm_delta_k=25,__perm_min_effect=0,__perm_n_perm=200,__perm_post_n=50,__perm_pre_n=500,__perm_rng_seed=0,__perm_stat=delta_fused_score,divergence=0.3,error_rate=0.5,teacher_entropy=0.2",3,0,200,0.0,0,10000,10.0,25.0,200,500,1,8,1.0,0.8689903846153846,0.6996768934707381,0.0,0.19818115234375,0.013902183622121811,0,0,120,104,-1,perm_test,0.004975124378109453,0.07901071618895963,240,104,136,0.0,0.0071529000997543335,0,0.0,0.0,0.0,0.0,0,none,0,1,0,overconfident,0.95,0,mild_drift,0.9568968754457698,0.0013281249924937586,0.787500003002424,0.8550000013514182,1768146528.1745925,0.07642573863267899,0.11145895719528198
742,47488,47487,sea_abrupt4,sea,ts_drift_adapt,3,"error_divergence_ph_meta@error.threshold=0.10,error.min_instances=5",error_divergence_ph_meta,"{""divergence"": {""alpha"": 0.1, ""delta"": 0.005, ""min_instances"": 30, ""threshold"": 0.05}, ""error_rate"": {""alpha"": 0.15, ""delta"": 0.005, ""min_instances"": 5, ""threshold"": 0.1}}","{""error_rate"": {""min_instances"": 5, ""threshold"": 0.1}}",0.1,0.005,0.15,5,0.05,0.005,0.1,30,,,,-1,two_stage,2,0.5,"__confirm_cooldown=200,__confirm_rule=perm_test,__perm_alpha=0.01,__perm_delta_k=25,__perm_min_effect=0,__perm_n_perm=200,__perm_post_n=50,__perm_pre_n=500,__perm_rng_seed=0,__perm_stat=delta_fused_score,divergence=0.3,error_rate=0.5,teacher_entropy=0.2",3,0,200,0.0,0,10000,10.0,25.0,200,500,0,0,1.0,0.8690827156334232,0.699882356827011,0.16666666666666666,0.1718313843011856,0.014926298521459103,0,0,120,104,-1,perm_test,0.004975124378109453,0.07901071618895963,240,104,136,0.0,0.16666666666666666,0,0.0,0.0,0.0,0.0,0,none,0,1,0,overconfident,0.95,0,mild_drift,0.9585984377228849,0.0013140624962468795,0.793750001501212,0.855000000675709,1768146528.1850638,0.193303644657135,0.14201360940933228
743,47552,47551,sea_abrupt4,sea,ts_drift_adapt,3,"error_divergence_ph_meta@error.threshold=0.10,error.min_instances=5",error_divergence_ph_meta,"{""divergence"": {""alpha"": 0.1, ""delta"": 0.005, ""min_instances"": 30, ""threshold"": 0.05}, ""error_rate"": {""alpha"": 0.15, ""delta"": 0.005, ""min_instances"": 5, ""threshold"": 0.1}}","{""error_rate"": {""min_instances"": 5, ""threshold"": 0.1}}",0.1,0.005,0.15,5,0.05,0.005,0.1,30,,,,-1,two_stage,2,0.5,"__confirm_cooldown=200,__confirm_rule=perm_test,__perm_alpha=0.01,__perm_delta_k=25,__perm_min_effect=0,__perm_n_perm=200,__perm_post_n=50,__perm_pre_n=500,__perm_rng_seed=0,__perm_stat=delta_fused_score,divergence=0.3,error_rate=0.5,teacher_entropy=0.2",3,0,200,0.0,0,10000,10.0,25.0,200,500,0,0,1.0,0.8692378869448183,0.7001835980198702,0.0,0.1496157944202423,0.011898942291736603,0,1,121,104,-1,perm_test,1.0,-0.08432539576270952,241,104,137,0.16666666666666666,0.16666666666666666,1,0.5,0.0,0.0,0.0,0,none,0,1,0,overconfident,0.95,0,mild_drift,0.9594492188614424,0.00130703124812344,0.796875000750606,0.8550000003378545,1768146528.1956544,0.109831802546978,0.07752243429422379
744,47616,47615,sea_abrupt4,sea,ts_drift_adapt,3,"error_divergence_ph_meta@error.threshold=0.10,error.min_instances=5",error_divergence_ph_meta,"{""divergence"": {""alpha"": 0.1, ""delta"": 0.005, ""min_instances"": 30, ""threshold"": 0.05}, ""error_rate"": {""alpha"": 0.15, ""delta"": 0.005, ""min_instances"": 5, ""threshold"": 0.1}}","{""error_rate"": {""min_instances"": 5, ""threshold"": 0.1}}",0.1,0.005,0.15,5,0.05,0.005,0.1,30,,,,-1,two_stage,2,0.5,"__confirm_cooldown=200,__confirm_rule=perm_test,__perm_alpha=0.01,__perm_delta_k=25,__perm_min_effect=0,__perm_n_perm=200,__perm_post_n=50,__perm_pre_n=500,__perm_rng_seed=0,__perm_stat=delta_fused_score,divergence=0.3,error_rate=0.5,teacher_entropy=0.2",3,0,200,0.0,0,10000,10.0,25.0,200,500,0,0,1.0,0.8693926411290323,0.700547097245059,0.0,0.16723717749118805,0.011315073817968369,0,0,121,104,-1,perm_test,1.0,-0.0070479554586133095,242,104,138,0.0,0.0005838684737682343,0,0.0,0.0,0.0,0.0,0,none,0,1,0,overconfident,0.95,0,mild_drift,0.9598746094307211,0.0013035156240617202,0.798437500375303,0.8550000001689273,1768146528.2062325,0.009133591316640377,0.09988739341497421
745,47680,47679,sea_abrupt4,sea,ts_drift_adapt,3,"error_divergence_ph_meta@error.threshold=0.10,error.min_instances=5",error_divergence_ph_meta,"{""divergence"": {""alpha"": 0.1, ""delta"": 0.005, ""min_instances"": 30, ""threshold"": 0.05}, ""error_rate"": {""alpha"": 0.15, ""delta"": 0.005, ""min_instances"": 5, ""threshold"": 0.1}}","{""error_rate"": {""min_instances"": 5, ""threshold"": 0.1}}",0.1,0.005,0.15,5,0.05,0.005,0.1,30,,,,-1,two_stage,2,0.5,"__confirm_cooldown=200,__confirm_rule=perm_test,__perm_alpha=0.01,__perm_delta_k=25,__perm_min_effect=0,__perm_n_perm=200,__perm_post_n=50,__perm_pre_n=500,__perm_rng_seed=0,__perm_stat=delta_fused_score,divergence=0.3,error_rate=0.5,teacher_entropy=0.2",3,0,200,0.0,0,10000,10.0,25.0,200,500,0,0,1.0,0.8694840604026846,0.7007028368123484,0.0,0.15339411795139313,0.026608197018504143,0,0,121,104,-1,perm_test,1.0,-0.008771267132021919,243,104,139,0.0,0.015293123200535774,0,0.0,0.0,0.0,0.0,0,none,0,1,0,overconfident,0.95,0,mild_drift,0.9600873047153605,0.0013017578120308603,0.7992187501876515,0.8550000000844636,1768146528.216799,0.035412903875112534,0.24584811925888062
746,47744,47743,sea_abrupt4,sea,ts_drift_adapt,3,"error_divergence_ph_meta@error.threshold=0.10,error.min_instances=5",error_divergence_ph_meta,"{""divergence"": {""alpha"": 0.1, ""delta"": 0.005, ""min_instances"": 30, ""threshold"": 0.05}, ""error_rate"": {""alpha"": 0.15, ""delta"": 0.005, ""min_instances"": 5, ""threshold"": 0.1}}","{""error_rate"": {""min_instances"": 5, ""threshold"": 0.1}}",0.1,0.005,0.15,5,0.05,0.005,0.1,30,,,,-1,two_stage,2,0.5,"__confirm_cooldown=200,__confirm_rule=perm_test,__perm_alpha=0.01,__perm_delta_k=25,__perm_min_effect=0,__perm_n_perm=200,__perm_post_n=50,__perm_pre_n=500,__perm_rng_seed=0,__perm_stat=delta_fused_score,divergence=0.3,error_rate=0.5,teacher_entropy=0.2",3,0,200,0.0,0,10000,10.0,25.0,200,500,0,0,1.0,0.8695752345844504,0.7008915568249111,0.3333333333333333,0.17607691884040833,0.00810265727341175,1,0,121,105,3,perm_test,0.004975124378109453,0.09244689252853006,244,105,139,0.0,0.3333333333333333,0,0.0,0.0,0.0,0.0,0,none,1,1,0,overconfident,0.95,0,stable,0.9750436523576802,0.00105087890601543,0.8996093750938258,0.9000000000422319,1768146528.2346027,0.5468009114265442,0.09248277544975281
747,47808,47807,sea_abrupt4,sea,ts_drift_adapt,3,"error_divergence_ph_meta@error.threshold=0.10,error.min_instances=5",error_divergence_ph_meta,"{""divergence"": {""alpha"": 0.1, ""delta"": 0.005, ""min_instances"": 30, ""threshold"": 0.05}, ""error_rate"": {""alpha"": 0.15, ""delta"": 0.005, ""min_instances"": 5, ""threshold"": 0.1}}","{""error_rate"": {""min_instances"": 5, ""threshold"": 0.1}}",0.1,0.005,0.15,5,0.05,0.005,0.1,30,,,,-1,two_stage,2,0.5,"__confirm_cooldown=200,__confirm_rule=perm_test,__perm_alpha=0.01,__perm_delta_k=25,__perm_min_effect=0,__perm_n_perm=200,__perm_post_n=50,__perm_pre_n=500,__perm_rng_seed=0,__perm_stat=delta_fused_score,divergence=0.3,error_rate=0.5,teacher_entropy=0.2",3,0,200,0.0,0,10000,10.0,25.0,200,500,1,136,1.0,0.8696870816599732,0.7011691767757617,0.0,0.18576934933662415,0.01040467619895935,0,0,121,105,-1,perm_test,0.004975124378109453,0.09244689252853006,244,105,139,0.0,0.3333333333333333,0,0.0,0.0,0.0,0.0,0,none,0,1,0,overconfident,0.95,0,mild_drift,0.9676718261788401,0.001175439453007715,0.849804687546913,0.877500000021116,1768146528.2448215,0.17295898497104645,0.09202612936496735
748,47872,47871,sea_abrupt4,sea,ts_drift_adapt,3,"error_divergence_ph_meta@error.threshold=0.10,error.min_instances=5",error_divergence_ph_meta,"{""divergence"": {""alpha"": 0.1, ""delta"": 0.005, ""min_instances"": 30, ""threshold"": 0.05}, ""error_rate"": {""alpha"": 0.15, ""delta"": 0.005, ""min_instances"": 5, ""threshold"": 0.1}}","{""error_rate"": {""min_instances"": 5, ""threshold"": 0.1}}",0.1,0.005,0.15,5,0.05,0.005,0.1,30,,,,-1,two_stage,2,0.5,"__confirm_cooldown=200,__confirm_rule=perm_test,__perm_alpha=0.01,__perm_delta_k=25,__perm_min_effect=0,__perm_n_perm=200,__perm_post_n=50,__perm_pre_n=500,__perm_rng_seed=0,__perm_stat=delta_fused_score,divergence=0.3,error_rate=0.5,teacher_entropy=0.2",3,0,200,0.0,0,10000,10.0,25.0,200,500,1,72,1.0,0.8697986296791443,0.7014317200404139,0.0,0.17587067186832428,0.009279895573854446,0,1,121,105,-1,perm_test,0.004975124378109453,0.09244689252853006,244,105,139,0.0,0.0011247806251049042,1,0.5,0.0,0.0,0.0,0,none,0,1,0,overconfident,0.95,0,mild_drift,0.9639859130894199,0.0012377197265038575,0.8249023437734565,0.866250000010558,1768146528.2549522,0.004494308959692717,0.06647422909736633
749,47936,47935,sea_abrupt4,sea,ts_drift_adapt,3,"error_divergence_ph_meta@error.threshold=0.10,error.min_instances=5",error_divergence_ph_meta,"{""divergence"": {""alpha"": 0.1, ""delta"": 0.005, ""min_instances"": 30, ""threshold"": 0.05}, ""error_rate"": {""alpha"": 0.15, ""delta"": 0.005, ""min_instances"": 5, ""threshold"": 0.1}}","{""error_rate"": {""min_instances"": 5, ""threshold"": 0.1}}",0.1,0.005,0.15,5,0.05,0.005,0.1,30,,,,-1,two_stage,2,0.5,"__confirm_cooldown=200,__confirm_rule=perm_test,__perm_alpha=0.01,__perm_delta_k=25,__perm_min_effect=0,__perm_n_perm=200,__perm_post_n=50,__perm_pre_n=500,__perm_rng_seed=0,__perm_stat=delta_fused_score,divergence=0.3,error_rate=0.5,teacher_entropy=0.2",3,0,200,0.0,0,10000,10.0,25.0,200,500,1,8,1.0,0.8699098798397864,0.7015934872794124,0.0,0.1647547036409378,0.009059806354343891,0,0,121,105,-1,perm_test,0.004975124378109453,0.09244689252853006,244,105,139,0.0,0.00022008921951055527,0,0.0,0.0,0.0,0.0,0,none,0,1,0,overconfident,0.95,0,mild_drift,0.9621429565447099,0.001268859863251929,0.8124511718867282,0.860625000005279,1768146528.2651217,0.007390957325696945,0.06466790288686752
750,48000,47999,sea_abrupt4,sea,ts_drift_adapt,3,"error_divergence_ph_meta@error.threshold=0.10,error.min_instances=5",error_divergence_ph_meta,"{""divergence"": {""alpha"": 0.1, ""delta"": 0.005, ""min_instances"": 30, ""threshold"": 0.05}, ""error_rate"": {""alpha"": 0.15, ""delta"": 0.005, ""min_instances"": 5, ""threshold"": 0.1}}","{""error_rate"": {""min_instances"": 5, ""threshold"": 0.1}}",0.1,0.005,0.15,5,0.05,0.005,0.1,30,,,,-1,two_stage,2,0.5,"__confirm_cooldown=200,__confirm_rule=perm_test,__perm_alpha=0.01,__perm_delta_k=25,__perm_min_effect=0,__perm_n_perm=200,__perm_post_n=50,__perm_pre_n=500,__perm_rng_seed=0,__perm_stat=delta_fused_score,divergence=0.3,error_rate=0.5,teacher_entropy=0.2",3,0,200,0.0,0,10000,10.0,25.0,200,500,0,0,1.0,0.87,0.7017651613209416,0.0,0.15075336396694183,0.01073349080979824,0,0,121,105,-1,perm_test,0.004975124378109453,0.09244689252853006,244,105,139,0.0,0.0016736844554543495,0,0.0,0.0,0.0,0.0,0,none,0,1,0,overconfident,0.95,0,mild_drift,0.9612214782723549,0.0012844299316259644,0.8062255859433641,0.8578125000026395,1768146528.2754855,0.09268631786108017,0.08822118490934372
751,48064,48063,sea_abrupt4,sea,ts_drift_adapt,3,"error_divergence_ph_meta@error.threshold=0.10,error.min_instances=5",error_divergence_ph_meta,"{""divergence"": {""alpha"": 0.1, ""delta"": 0.005, ""min_instances"": 30, ""threshold"": 0.05}, ""error_rate"": {""alpha"": 0.15, ""delta"": 0.005, ""min_instances"": 5, ""threshold"": 0.1}}","{""error_rate"": {""min_instances"": 5, ""threshold"": 0.1}}",0.1,0.005,0.15,5,0.05,0.005,0.1,30,,,,-1,two_stage,2,0.5,"__confirm_cooldown=200,__confirm_rule=perm_test,__perm_alpha=0.01,__perm_delta_k=25,__perm_min_effect=0,__perm_n_perm=200,__perm_post_n=50,__perm_pre_n=500,__perm_rng_seed=0,__perm_stat=delta_fused_score,divergence=0.3,error_rate=0.5,teacher_entropy=0.2",3,0,200,0.0,0,10000,10.0,25.0,200,500,0,0,1.0,0.8700690745672437,0.7018786614506077,0.0,0.17986950278282166,0.012798729352653027,0,0,121,105,-1,perm_test,0.004975124378109453,0.09244689252853006,244,105,139,0.0,0.002065238542854786,0,0.0,0.0,0.0,0.0,0,none,0,1,0,overconfident,0.95,0,mild_drift,0.9607607391361774,0.0012922149658129824,0.8031127929716821,0.8564062500013198,1768146528.285943,0.0033817158546298742,0.1337624043226242
752,48128,48127,sea_abrupt4,sea,ts_drift_adapt,3,"error_divergence_ph_meta@error.threshold=0.10,error.min_instances=5",error_divergence_ph_meta,"{""divergence"": {""alpha"": 0.1, ""delta"": 0.005, ""min_instances"": 30, ""threshold"": 0.05}, ""error_rate"": {""alpha"": 0.15, ""delta"": 0.005, ""min_instances"": 5, ""threshold"": 0.1}}","{""error_rate"": {""min_instances"": 5, ""threshold"": 0.1}}",0.1,0.005,0.15,5,0.05,0.005,0.1,30,,,,-1,two_stage,2,0.5,"__confirm_cooldown=200,__confirm_rule=perm_test,__perm_alpha=0.01,__perm_delta_k=25,__perm_min_effect=0,__perm_n_perm=200,__perm_post_n=50,__perm_pre_n=500,__perm_rng_seed=0,__perm_stat=delta_fused_score,divergence=0.3,error_rate=0.5,teacher_entropy=0.2",3,0,200,0.0,0,10000,10.0,25.0,200,500,0,0,1.0,0.8702002992021277,0.7021410684828229,0.0,0.11552970856428146,0.0027464653830975294,0,0,121,105,-1,perm_test,0.004975124378109453,0.09244689252853006,244,105,139,0.0,0.010052263969555497,0,0.0,0.0,0.0,0.0,0,none,0,1,0,overconfident,0.95,0,mild_drift,0.9605303695680887,0.0012961074829064912,0.8015563964858411,0.8557031250006599,1768146528.2965178,0.02552664279937744,0.027364224195480347
753,48192,48191,sea_abrupt4,sea,ts_drift_adapt,3,"error_divergence_ph_meta@error.threshold=0.10,error.min_instances=5",error_divergence_ph_meta,"{""divergence"": {""alpha"": 0.1, ""delta"": 0.005, ""min_instances"": 30, ""threshold"": 0.05}, ""error_rate"": {""alpha"": 0.15, ""delta"": 0.005, ""min_instances"": 5, ""threshold"": 0.1}}","{""error_rate"": {""min_instances"": 5, ""threshold"": 0.1}}",0.1,0.005,0.15,5,0.05,0.005,0.1,30,,,,-1,two_stage,2,0.5,"__confirm_cooldown=200,__confirm_rule=perm_test,__perm_alpha=0.01,__perm_delta_k=25,__perm_min_effect=0,__perm_n_perm=200,__perm_post_n=50,__perm_pre_n=500,__perm_rng_seed=0,__perm_stat=delta_fused_score,divergence=0.3,error_rate=0.5,teacher_entropy=0.2",3,0,200,0.0,0,10000,10.0,25.0,200,500,0,0,1.0,0.8702896746347941,0.7022868986181988,0.0,0.1554047018289566,0.010939651168882847,0,0,121,105,-1,perm_test,0.004975124378109453,0.09244689252853006,244,105,139,0.0,0.008193185785785317,0,0.0,0.0,0.0,0.0,0,none,0,1,0,overconfident,0.95,0,mild_drift,0.9604151847840443,0.0012980537414532456,0.8007781982429205,0.85535156250033,1768146528.307165,0.04289447143673897,0.09030914306640625
754,48256,48255,sea_abrupt4,sea,ts_drift_adapt,3,"error_divergence_ph_meta@error.threshold=0.10,error.min_instances=5",error_divergence_ph_meta,"{""divergence"": {""alpha"": 0.1, ""delta"": 0.005, ""min_instances"": 30, ""threshold"": 0.05}, ""error_rate"": {""alpha"": 0.15, ""delta"": 0.005, ""min_instances"": 5, ""threshold"": 0.1}}","{""error_rate"": {""min_instances"": 5, ""threshold"": 0.1}}",0.1,0.005,0.15,5,0.05,0.005,0.1,30,,,,-1,two_stage,2,0.5,"__confirm_cooldown=200,__confirm_rule=perm_test,__perm_alpha=0.01,__perm_delta_k=25,__perm_min_effect=0,__perm_n_perm=200,__perm_post_n=50,__perm_pre_n=500,__perm_rng_seed=0,__perm_stat=delta_fused_score,divergence=0.3,error_rate=0.5,teacher_entropy=0.2",3,0,200,0.0,0,10000,10.0,25.0,200,500,0,0,1.0,0.8703373673740054,0.7023720629159741,0.3333333333333333,0.14526855945587158,0.00798592809587717,1,1,122,106,0,perm_test,0.004975124378109453,0.13111198454738154,245,106,139,0.3333333333333333,0.3333333333333333,1,0.5,0.0,0.0,0.0,0,none,1,1,0,overconfident,0.95,0,severe_drift,0.9257075923920222,0.0016490268707266228,0.6503890991214603,0.8326757812501651,1768146528.3255196,0.5298566222190857,0.06320475041866302
755,48320,48319,sea_abrupt4,sea,ts_drift_adapt,3,"error_divergence_ph_meta@error.threshold=0.10,error.min_instances=5",error_divergence_ph_meta,"{""divergence"": {""alpha"": 0.1, ""delta"": 0.005, ""min_instances"": 30, ""threshold"": 0.05}, ""error_rate"": {""alpha"": 0.15, ""delta"": 0.005, ""min_instances"": 5, ""threshold"": 0.1}}","{""error_rate"": {""min_instances"": 5, ""threshold"": 0.1}}",0.1,0.005,0.15,5,0.05,0.005,0.1,30,,,,-1,two_stage,2,0.5,"__confirm_cooldown=200,__confirm_rule=perm_test,__perm_alpha=0.01,__perm_delta_k=25,__perm_min_effect=0,__perm_n_perm=200,__perm_post_n=50,__perm_pre_n=500,__perm_rng_seed=0,__perm_stat=delta_fused_score,divergence=0.3,error_rate=0.5,teacher_entropy=0.2",3,0,200,0.0,0,10000,10.0,25.0,200,500,1,136,1.0,0.8704470198675497,0.7026656059021157,0.0,0.14945088326931,0.01342362817376852,0,0,122,106,-1,perm_test,0.004975124378109453,0.13111198454738154,245,106,139,0.0,0.3333333333333333,0,0.0,0.0,0.0,0.0,0,none,0,1,0,overconfident,0.95,0,mild_drift,0.943003796196011,0.0014745134353633116,0.7251945495607302,0.8438378906250825,1768146528.3356955,0.010662280023097992,0.10943713784217834
756,48384,48383,sea_abrupt4,sea,ts_drift_adapt,3,"error_divergence_ph_meta@error.threshold=0.10,error.min_instances=5",error_divergence_ph_meta,"{""divergence"": {""alpha"": 0.1, ""delta"": 0.005, ""min_instances"": 30, ""threshold"": 0.05}, ""error_rate"": {""alpha"": 0.15, ""delta"": 0.005, ""min_instances"": 5, ""threshold"": 0.1}}","{""error_rate"": {""min_instances"": 5, ""threshold"": 0.1}}",0.1,0.005,0.15,5,0.05,0.005,0.1,30,,,,-1,two_stage,2,0.5,"__confirm_cooldown=200,__confirm_rule=perm_test,__perm_alpha=0.01,__perm_delta_k=25,__perm_min_effect=0,__perm_n_perm=200,__perm_post_n=50,__perm_pre_n=500,__perm_rng_seed=0,__perm_stat=delta_fused_score,divergence=0.3,error_rate=0.5,teacher_entropy=0.2",3,0,200,0.0,0,10000,10.0,25.0,200,500,1,72,1.0,0.8705977182539683,0.7029792749395822,0.16666666666666666,0.1391487568616867,0.006134198512881994,0,0,122,106,-1,perm_test,0.004975124378109453,0.13111198454738154,245,106,139,0.0,0.16666666666666666,0,0.0,0.0,0.0,0.0,0,none,0,1,0,overconfident,0.95,0,mild_drift,0.9516518980980055,0.0013872567176816558,0.7625972747803651,0.8494189453125413,1768146528.3459811,0.7240243554115295,0.061324574053287506
757,48448,48447,sea_abrupt4,sea,ts_drift_adapt,3,"error_divergence_ph_meta@error.threshold=0.10,error.min_instances=5",error_divergence_ph_meta,"{""divergence"": {""alpha"": 0.1, ""delta"": 0.005, ""min_instances"": 30, ""threshold"": 0.05}, ""error_rate"": {""alpha"": 0.15, ""delta"": 0.005, ""min_instances"": 5, ""threshold"": 0.1}}","{""error_rate"": {""min_instances"": 5, ""threshold"": 0.1}}",0.1,0.005,0.15,5,0.05,0.005,0.1,30,,,,-1,two_stage,2,0.5,"__confirm_cooldown=200,__confirm_rule=perm_test,__perm_alpha=0.01,__perm_delta_k=25,__perm_min_effect=0,__perm_n_perm=200,__perm_post_n=50,__perm_pre_n=500,__perm_rng_seed=0,__perm_stat=delta_fused_score,divergence=0.3,error_rate=0.5,teacher_entropy=0.2",3,0,200,0.0,0,10000,10.0,25.0,200,500,1,8,1.0,0.8707067371202114,0.703228210145571,0.16666666666666666,0.14478842914104462,0.008160226047039032,0,0,122,106,-1,perm_test,0.004975124378109453,0.13111198454738154,245,106,139,0.0,0.0020260275341570377,0,0.0,0.0,0.0,0.0,0,none,0,1,0,overconfident,0.95,0,mild_drift,0.9559759490490027,0.001343628358840828,0.7812986373901826,0.8522094726562706,1768146528.3562498,0.36964890360832214,0.06773240864276886
758,48512,48511,sea_abrupt4,sea,ts_drift_adapt,3,"error_divergence_ph_meta@error.threshold=0.10,error.min_instances=5",error_divergence_ph_meta,"{""divergence"": {""alpha"": 0.1, ""delta"": 0.005, ""min_instances"": 30, ""threshold"": 0.05}, ""error_rate"": {""alpha"": 0.15, ""delta"": 0.005, ""min_instances"": 5, ""threshold"": 0.1}}","{""error_rate"": {""min_instances"": 5, ""threshold"": 0.1}}",0.1,0.005,0.15,5,0.05,0.005,0.1,30,,,,-1,two_stage,2,0.5,"__confirm_cooldown=200,__confirm_rule=perm_test,__perm_alpha=0.01,__perm_delta_k=25,__perm_min_effect=0,__perm_n_perm=200,__perm_post_n=50,__perm_pre_n=500,__perm_rng_seed=0,__perm_stat=delta_fused_score,divergence=0.3,error_rate=0.5,teacher_entropy=0.2",3,0,200,0.0,0,10000,10.0,25.0,200,500,0,0,1.0,0.8708566952506597,0.7035301587894174,0.0,0.17690356075763702,0.008559176698327065,0,0,122,106,-1,perm_test,0.004975124378109453,0.13111198454738154,245,106,139,0.0,0.16666666666666666,0,0.0,0.0,0.0,0.0,0,none,0,1,0,overconfident,0.95,0,mild_drift,0.9581379745245013,0.001321814179420414,0.7906493186950914,0.8536047363281353,1768146528.3667176,0.06896974891424179,0.07889074087142944
759,48576,48575,sea_abrupt4,sea,ts_drift_adapt,3,"error_divergence_ph_meta@error.threshold=0.10,error.min_instances=5",error_divergence_ph_meta,"{""divergence"": {""alpha"": 0.1, ""delta"": 0.005, ""min_instances"": 30, ""threshold"": 0.05}, ""error_rate"": {""alpha"": 0.15, ""delta"": 0.005, ""min_instances"": 5, ""threshold"": 0.1}}","{""error_rate"": {""min_instances"": 5, ""threshold"": 0.1}}",0.1,0.005,0.15,5,0.05,0.005,0.1,30,,,,-1,two_stage,2,0.5,"__confirm_cooldown=200,__confirm_rule=perm_test,__perm_alpha=0.01,__perm_delta_k=25,__perm_min_effect=0,__perm_n_perm=200,__perm_post_n=50,__perm_pre_n=500,__perm_rng_seed=0,__perm_stat=delta_fused_score,divergence=0.3,error_rate=0.5,teacher_entropy=0.2",3,0,200,0.0,0,10000,10.0,25.0,200,500,0,0,1.0,0.8709444993412385,0.7037244454297111,0.16666666666666666,0.1525854766368866,0.014105546288192272,1,1,123,107,0,perm_test,0.004975124378109453,0.03937693292484307,246,107,139,0.16666666666666666,0.16666666666666666,1,0.5,0.0,0.0,0.0,0,none,1,1,0,overconfident,0.95,0,severe_drift,0.9245689872622507,0.001660907089710207,0.6453246593475457,0.8318023681640676,1768146528.3844333,0.1590643972158432,0.10776086896657944
760,48640,48639,sea_abrupt4,sea,ts_drift_adapt,3,"error_divergence_ph_meta@error.threshold=0.10,error.min_instances=5",error_divergence_ph_meta,"{""divergence"": {""alpha"": 0.1, ""delta"": 0.005, ""min_instances"": 30, ""threshold"": 0.05}, ""error_rate"": {""alpha"": 0.15, ""delta"": 0.005, ""min_instances"": 5, ""threshold"": 0.1}}","{""error_rate"": {""min_instances"": 5, ""threshold"": 0.1}}",0.1,0.005,0.15,5,0.05,0.005,0.1,30,,,,-1,two_stage,2,0.5,"__confirm_cooldown=200,__confirm_rule=perm_test,__perm_alpha=0.01,__perm_delta_k=25,__perm_min_effect=0,__perm_n_perm=200,__perm_post_n=50,__perm_pre_n=500,__perm_rng_seed=0,__perm_stat=delta_fused_score,divergence=0.3,error_rate=0.5,teacher_entropy=0.2",3,0,200,0.0,0,10000,10.0,25.0,200,500,1,136,1.0,0.8709703947368421,0.7038382842292946,0.0,0.1979406177997589,0.02994103543460369,0,0,123,107,-1,perm_test,0.004975124378109453,0.03937693292484307,246,107,139,0.0,0.16666666666666666,0,0.0,0.0,0.0,0.0,0,none,0,1,0,overconfident,0.95,0,mild_drift,0.9424344936311253,0.0014804535448551036,0.7226623296737729,0.8434011840820338,1768146528.3945212,0.01290456298738718,0.2447102963924408
761,48704,48703,sea_abrupt4,sea,ts_drift_adapt,3,"error_divergence_ph_meta@error.threshold=0.10,error.min_instances=5",error_divergence_ph_meta,"{""divergence"": {""alpha"": 0.1, ""delta"": 0.005, ""min_instances"": 30, ""threshold"": 0.05}, ""error_rate"": {""alpha"": 0.15, ""delta"": 0.005, ""min_instances"": 5, ""threshold"": 0.1}}","{""error_rate"": {""min_instances"": 5, ""threshold"": 0.1}}",0.1,0.005,0.15,5,0.05,0.005,0.1,30,,,,-1,two_stage,2,0.5,"__confirm_cooldown=200,__confirm_rule=perm_test,__perm_alpha=0.01,__perm_delta_k=25,__perm_min_effect=0,__perm_n_perm=200,__perm_post_n=50,__perm_pre_n=500,__perm_rng_seed=0,__perm_stat=delta_fused_score,divergence=0.3,error_rate=0.5,teacher_entropy=0.2",3,0,200,0.0,0,10000,10.0,25.0,200,500,1,72,1.0,0.8709756898817346,0.703878270498266,0.0,0.1815115064382553,0.053150955587625504,0,1,123,107,-1,perm_test,0.004975124378109453,0.03937693292484307,246,107,139,0.020447731018066406,0.023209920153021812,1,0.3,0.0,0.0,0.0,0,none,0,1,0,overconfident,0.95,0,mild_drift,0.9513672468155626,0.0013902267724275519,0.7613311648368865,0.8492005920410168,1768146528.4044352,0.013498368673026562,0.43370890617370605
762,48768,48767,sea_abrupt4,sea,ts_drift_adapt,3,"error_divergence_ph_meta@error.threshold=0.10,error.min_instances=5",error_divergence_ph_meta,"{""divergence"": {""alpha"": 0.1, ""delta"": 0.005, ""min_instances"": 30, ""threshold"": 0.05}, ""error_rate"": {""alpha"": 0.15, ""delta"": 0.005, ""min_instances"": 5, ""threshold"": 0.1}}","{""error_rate"": {""min_instances"": 5, ""threshold"": 0.1}}",0.1,0.005,0.15,5,0.05,0.005,0.1,30,,,,-1,two_stage,2,0.5,"__confirm_cooldown=200,__confirm_rule=perm_test,__perm_alpha=0.01,__perm_delta_k=25,__perm_min_effect=0,__perm_n_perm=200,__perm_post_n=50,__perm_pre_n=500,__perm_rng_seed=0,__perm_stat=delta_fused_score,divergence=0.3,error_rate=0.5,teacher_entropy=0.2",3,0,200,0.0,0,10000,10.0,25.0,200,500,1,8,1.0,0.8709604658792651,0.7038734012607702,0.0,0.16410087049007416,0.039789941161870956,0,0,123,107,-1,perm_test,0.004975124378109453,0.03937693292484307,246,107,139,0.0,0.013361014425754547,0,0.0,0.0,0.0,0.0,0,none,0,1,0,overconfident,0.95,0,mild_drift,0.9558336234077813,0.001345113386213776,0.7806655824184432,0.8521002960205084,1768146528.4145133,0.008680297993123531,0.29843848943710327
763,48832,48831,sea_abrupt4,sea,ts_drift_adapt,3,"error_divergence_ph_meta@error.threshold=0.10,error.min_instances=5",error_divergence_ph_meta,"{""divergence"": {""alpha"": 0.1, ""delta"": 0.005, ""min_instances"": 30, ""threshold"": 0.05}, ""error_rate"": {""alpha"": 0.15, ""delta"": 0.005, ""min_instances"": 5, ""threshold"": 0.1}}","{""error_rate"": {""min_instances"": 5, ""threshold"": 0.1}}",0.1,0.005,0.15,5,0.05,0.005,0.1,30,,,,-1,two_stage,2,0.5,"__confirm_cooldown=200,__confirm_rule=perm_test,__perm_alpha=0.01,__perm_delta_k=25,__perm_min_effect=0,__perm_n_perm=200,__perm_post_n=50,__perm_pre_n=500,__perm_rng_seed=0,__perm_stat=delta_fused_score,divergence=0.3,error_rate=0.5,teacher_entropy=0.2",3,0,200,0.0,0,10000,10.0,25.0,200,500,0,0,1.0,0.8710271952817824,0.7039809334667093,0.0,0.16588051617145538,0.03078664466738701,0,0,123,107,-1,perm_test,0.004975124378109453,0.03937693292484307,246,107,139,0.0,0.009003296494483948,0,0.0,0.0,0.0,0.0,0,none,0,1,0,overconfident,0.95,0,mild_drift,0.9580668117038906,0.0013225566931068882,0.7903327912092216,0.8535501480102542,1768146528.4248133,0.03057307004928589,0.259824275970459
764,48896,48895,sea_abrupt4,sea,ts_drift_adapt,3,"error_divergence_ph_meta@error.threshold=0.10,error.min_instances=5",error_divergence_ph_meta,"{""divergence"": {""alpha"": 0.1, ""delta"": 0.005, ""min_instances"": 30, ""threshold"": 0.05}, ""error_rate"": {""alpha"": 0.15, ""delta"": 0.005, ""min_instances"": 5, ""threshold"": 0.1}}","{""error_rate"": {""min_instances"": 5, ""threshold"": 0.1}}",0.1,0.005,0.15,5,0.05,0.005,0.1,30,,,,-1,two_stage,2,0.5,"__confirm_cooldown=200,__confirm_rule=perm_test,__perm_alpha=0.01,__perm_delta_k=25,__perm_min_effect=0,__perm_n_perm=200,__perm_post_n=50,__perm_pre_n=500,__perm_rng_seed=0,__perm_stat=delta_fused_score,divergence=0.3,error_rate=0.5,teacher_entropy=0.2",3,0,200,0.0,0,10000,10.0,25.0,200,500,0,0,1.0,0.8711551047120419,0.7043160436660999,0.0,0.13544420897960663,0.027601424604654312,0,0,123,107,-1,perm_test,0.004975124378109453,0.03937693292484307,246,107,139,0.0,0.0031852200627326965,0,0.0,0.0,0.0,0.0,0,none,0,1,0,overconfident,0.95,0,mild_drift,0.9591834058519453,0.0013112783465534443,0.7951663956046109,0.854275074005127,1768146528.4352553,0.07815486937761307,0.2557975947856903
765,48960,48959,sea_abrupt4,sea,ts_drift_adapt,3,"error_divergence_ph_meta@error.threshold=0.10,error.min_instances=5",error_divergence_ph_meta,"{""divergence"": {""alpha"": 0.1, ""delta"": 0.005, ""min_instances"": 30, ""threshold"": 0.05}, ""error_rate"": {""alpha"": 0.15, ""delta"": 0.005, ""min_instances"": 5, ""threshold"": 0.1}}","{""error_rate"": {""min_instances"": 5, ""threshold"": 0.1}}",0.1,0.005,0.15,5,0.05,0.005,0.1,30,,,,-1,two_stage,2,0.5,"__confirm_cooldown=200,__confirm_rule=perm_test,__perm_alpha=0.01,__perm_delta_k=25,__perm_min_effect=0,__perm_n_perm=200,__perm_post_n=50,__perm_pre_n=500,__perm_rng_seed=0,__perm_stat=delta_fused_score,divergence=0.3,error_rate=0.5,teacher_entropy=0.2",3,0,200,0.0,0,10000,10.0,25.0,200,500,0,0,1.0,0.8712418300653595,0.7044756643994093,0.16666666666666666,0.15304265916347504,0.010282931849360466,1,1,124,108,0,perm_test,0.004975124378109453,0.054600003206052315,247,108,139,0.0,0.16666666666666666,1,0.5,0.0,0.0,0.0,0,none,1,1,0,overconfident,0.95,0,stable,0.9745917029259726,0.001055639173276722,0.8975831978023054,0.8996375370025635,1768146528.452941,0.19239746034145355,0.07961317151784897
766,49024,49023,sea_abrupt4,sea,ts_drift_adapt,3,"error_divergence_ph_meta@error.threshold=0.10,error.min_instances=5",error_divergence_ph_meta,"{""divergence"": {""alpha"": 0.1, ""delta"": 0.005, ""min_instances"": 30, ""threshold"": 0.05}, ""error_rate"": {""alpha"": 0.15, ""delta"": 0.005, ""min_instances"": 5, ""threshold"": 0.1}}","{""error_rate"": {""min_instances"": 5, ""threshold"": 0.1}}",0.1,0.005,0.15,5,0.05,0.005,0.1,30,,,,-1,two_stage,2,0.5,"__confirm_cooldown=200,__confirm_rule=perm_test,__perm_alpha=0.01,__perm_delta_k=25,__perm_min_effect=0,__perm_n_perm=200,__perm_post_n=50,__perm_pre_n=500,__perm_rng_seed=0,__perm_stat=delta_fused_score,divergence=0.3,error_rate=0.5,teacher_entropy=0.2",3,0,200,0.0,0,10000,10.0,25.0,200,500,1,136,1.0,0.8712875326370757,0.704599966924212,0.0,0.1577729880809784,0.014943486079573631,0,0,124,108,-1,perm_test,0.004975124378109453,0.054600003206052315,247,108,139,0.0,0.16666666666666666,0,0.0,0.0,0.0,0.0,0,none,0,1,0,overconfident,0.95,0,mild_drift,0.9674458514629862,0.0011778195866383612,0.8487915989011527,0.8773187685012818,1768146528.4629102,0.09339839965105057,0.08843532204627991
767,49088,49087,sea_abrupt4,sea,ts_drift_adapt,3,"error_divergence_ph_meta@error.threshold=0.10,error.min_instances=5",error_divergence_ph_meta,"{""divergence"": {""alpha"": 0.1, ""delta"": 0.005, ""min_instances"": 30, ""threshold"": 0.05}, ""error_rate"": {""alpha"": 0.15, ""delta"": 0.005, ""min_instances"": 5, ""threshold"": 0.1}}","{""error_rate"": {""min_instances"": 5, ""threshold"": 0.1}}",0.1,0.005,0.15,5,0.05,0.005,0.1,30,,,,-1,two_stage,2,0.5,"__confirm_cooldown=200,__confirm_rule=perm_test,__perm_alpha=0.01,__perm_delta_k=25,__perm_min_effect=0,__perm_n_perm=200,__perm_post_n=50,__perm_pre_n=500,__perm_rng_seed=0,__perm_stat=delta_fused_score,divergence=0.3,error_rate=0.5,teacher_entropy=0.2",3,0,200,0.0,0,10000,10.0,25.0,200,500,1,72,1.0,0.8714553455019557,0.7048973904159228,0.0,0.1528041958808899,0.00623314967378974,0,0,124,108,-1,perm_test,0.004975124378109453,0.054600003206052315,247,108,139,0.0,0.008710336405783892,0,0.0,0.0,0.0,0.0,0,none,0,1,0,overconfident,0.95,0,mild_drift,0.9638729257314931,0.0012389097933191806,0.8243957994505764,0.8661593842506409,1768146528.4728048,0.09363123029470444,0.06844170391559601
768,49152,49151,sea_abrupt4,sea,ts_drift_adapt,3,"error_divergence_ph_meta@error.threshold=0.10,error.min_instances=5",error_divergence_ph_meta,"{""divergence"": {""alpha"": 0.1, ""delta"": 0.005, ""min_instances"": 30, ""threshold"": 0.05}, ""error_rate"": {""alpha"": 0.15, ""delta"": 0.005, ""min_instances"": 5, ""threshold"": 0.1}}","{""error_rate"": {""min_instances"": 5, ""threshold"": 0.1}}",0.1,0.005,0.15,5,0.05,0.005,0.1,30,,,,-1,two_stage,2,0.5,"__confirm_cooldown=200,__confirm_rule=perm_test,__perm_alpha=0.01,__perm_delta_k=25,__perm_min_effect=0,__perm_n_perm=200,__perm_post_n=50,__perm_pre_n=500,__perm_rng_seed=0,__perm_stat=delta_fused_score,divergence=0.3,error_rate=0.5,teacher_entropy=0.2",3,0,200,0.0,0,10000,10.0,25.0,200,500,1,8,1.0,0.8715413411458334,0.7050410818182519,0.0,0.2004714012145996,0.014894846826791763,0,0,124,108,-1,perm_test,0.004975124378109453,0.054600003206052315,247,108,139,0.0,0.008661697153002024,0,0.0,0.0,0.0,0.0,0,none,0,1,0,overconfident,0.95,0,mild_drift,0.9620864628657465,0.0012694548966595905,0.8121978997252882,0.8605796921253204,1768146528.482869,0.004975546151399612,0.10980794578790665
769,49216,49215,sea_abrupt4,sea,ts_drift_adapt,3,"error_divergence_ph_meta@error.threshold=0.10,error.min_instances=5",error_divergence_ph_meta,"{""divergence"": {""alpha"": 0.1, ""delta"": 0.005, ""min_instances"": 30, ""threshold"": 0.05}, ""error_rate"": {""alpha"": 0.15, ""delta"": 0.005, ""min_instances"": 5, ""threshold"": 0.1}}","{""error_rate"": {""min_instances"": 5, ""threshold"": 0.1}}",0.1,0.005,0.15,5,0.05,0.005,0.1,30,,,,-1,two_stage,2,0.5,"__confirm_cooldown=200,__confirm_rule=perm_test,__perm_alpha=0.01,__perm_delta_k=25,__perm_min_effect=0,__perm_n_perm=200,__perm_post_n=50,__perm_pre_n=500,__perm_rng_seed=0,__perm_stat=delta_fused_score,divergence=0.3,error_rate=0.5,teacher_entropy=0.2",3,0,200,0.0,0,10000,10.0,25.0,200,500,0,0,1.0,0.8716067945383615,0.7051784541349088,0.0,0.17534981667995453,0.015519069507718086,0,0,124,108,-1,perm_test,0.004975124378109453,0.054600003206052315,247,108,139,0.0,0.0006242226809263229,0,0.0,0.0,0.0,0.0,0,none,0,1,0,overconfident,0.95,0,mild_drift,0.9611932314328733,0.0012847274483297954,0.8060989498626441,0.8577898460626602,1768146528.492973,0.041071582585573196,0.1140826940536499
770,49280,49279,sea_abrupt4,sea,ts_drift_adapt,3,"error_divergence_ph_meta@error.threshold=0.10,error.min_instances=5",error_divergence_ph_meta,"{""divergence"": {""alpha"": 0.1, ""delta"": 0.005, ""min_instances"": 30, ""threshold"": 0.05}, ""error_rate"": {""alpha"": 0.15, ""delta"": 0.005, ""min_instances"": 5, ""threshold"": 0.1}}","{""error_rate"": {""min_instances"": 5, ""threshold"": 0.1}}",0.1,0.005,0.15,5,0.05,0.005,0.1,30,,,,-1,two_stage,2,0.5,"__confirm_cooldown=200,__confirm_rule=perm_test,__perm_alpha=0.01,__perm_delta_k=25,__perm_min_effect=0,__perm_n_perm=200,__perm_post_n=50,__perm_pre_n=500,__perm_rng_seed=0,__perm_stat=delta_fused_score,divergence=0.3,error_rate=0.5,teacher_entropy=0.2",3,0,200,0.0,0,10000,10.0,25.0,200,500,0,0,1.0,0.8716923701298701,0.7053816333113828,0.0,0.1568964123725891,0.014253378845751286,0,0,124,108,-1,perm_test,0.004975124378109453,0.054600003206052315,247,108,139,0.0,0.0012656906619668007,0,0.0,0.0,0.0,0.0,0,none,0,1,0,overconfident,0.95,0,mild_drift,0.9607466157164366,0.0012923637241648977,0.8030494749313221,0.8563949230313301,1768146528.5032067,0.009280306287109852,0.15307511389255524
771,49344,49343,sea_abrupt4,sea,ts_drift_adapt,3,"error_divergence_ph_meta@error.threshold=0.10,error.min_instances=5",error_divergence_ph_meta,"{""divergence"": {""alpha"": 0.1, ""delta"": 0.005, ""min_instances"": 30, ""threshold"": 0.05}, ""error_rate"": {""alpha"": 0.15, ""delta"": 0.005, ""min_instances"": 5, ""threshold"": 0.1}}","{""error_rate"": {""min_instances"": 5, ""threshold"": 0.1}}",0.1,0.005,0.15,5,0.05,0.005,0.1,30,,,,-1,two_stage,2,0.5,"__confirm_cooldown=200,__confirm_rule=perm_test,__perm_alpha=0.01,__perm_delta_k=25,__perm_min_effect=0,__perm_n_perm=200,__perm_post_n=50,__perm_pre_n=500,__perm_rng_seed=0,__perm_stat=delta_fused_score,divergence=0.3,error_rate=0.5,teacher_entropy=0.2",3,0,200,0.0,0,10000,10.0,25.0,200,500,0,0,1.0,0.8717777237354085,0.705574271309178,0.0,0.2055005431175232,0.016847889870405197,0,0,124,108,-1,perm_test,0.004975124378109453,0.054600003206052315,247,108,139,0.0,0.0025945110246539116,0,0.0,0.0,0.0,0.0,0,none,0,1,0,overconfident,0.95,0,mild_drift,0.9605233078582183,0.0012961818620824488,0.8015247374656611,0.8556974615156651,1768146528.5134733,0.2008073329925537,0.10853976011276245
772,49408,49407,sea_abrupt4,sea,ts_drift_adapt,3,"error_divergence_ph_meta@error.threshold=0.10,error.min_instances=5",error_divergence_ph_meta,"{""divergence"": {""alpha"": 0.1, ""delta"": 0.005, ""min_instances"": 30, ""threshold"": 0.05}, ""error_rate"": {""alpha"": 0.15, ""delta"": 0.005, ""min_instances"": 5, ""threshold"": 0.1}}","{""error_rate"": {""min_instances"": 5, ""threshold"": 0.1}}",0.1,0.005,0.15,5,0.05,0.005,0.1,30,,,,-1,two_stage,2,0.5,"__confirm_cooldown=200,__confirm_rule=perm_test,__perm_alpha=0.01,__perm_delta_k=25,__perm_min_effect=0,__perm_n_perm=200,__perm_post_n=50,__perm_pre_n=500,__perm_rng_seed=0,__perm_stat=delta_fused_score,divergence=0.3,error_rate=0.5,teacher_entropy=0.2",3,0,200,0.0,0,10000,10.0,25.0,200,500,0,0,1.0,0.8718223769430051,0.7056416902182453,0.16666666666666666,0.16948015987873077,0.010567426681518555,1,1,125,109,0,perm_test,0.004975124378109453,0.06111958837212854,248,109,139,0.0,0.16666666666666666,1,0.5,0.0,0.0,0.0,0,none,1,1,0,overconfident,0.95,0,stable,0.9752616539291091,0.0010480909310412244,0.9007623687328306,0.9003487307578326,1768146528.531115,0.1834961622953415,0.09432829916477203
773,49472,49471,sea_abrupt4,sea,ts_drift_adapt,3,"error_divergence_ph_meta@error.threshold=0.10,error.min_instances=5",error_divergence_ph_meta,"{""divergence"": {""alpha"": 0.1, ""delta"": 0.005, ""min_instances"": 30, ""threshold"": 0.05}, ""error_rate"": {""alpha"": 0.15, ""delta"": 0.005, ""min_instances"": 5, ""threshold"": 0.1}}","{""error_rate"": {""min_instances"": 5, ""threshold"": 0.1}}",0.1,0.005,0.15,5,0.05,0.005,0.1,30,,,,-1,two_stage,2,0.5,"__confirm_cooldown=200,__confirm_rule=perm_test,__perm_alpha=0.01,__perm_delta_k=25,__perm_min_effect=0,__perm_n_perm=200,__perm_post_n=50,__perm_pre_n=500,__perm_rng_seed=0,__perm_stat=delta_fused_score,divergence=0.3,error_rate=0.5,teacher_entropy=0.2",3,0,200,0.0,0,10000,10.0,25.0,200,500,1,136,1.0,0.871846701164295,0.7057165150319472,0.16666666666666666,0.14197374880313873,0.011933708563446999,0,0,125,109,-1,perm_test,0.004975124378109453,0.06111958837212854,248,109,139,0.0,0.001366281881928444,0,0.0,0.0,0.0,0.0,0,none,0,1,0,overconfident,0.95,0,mild_drift,0.9677808269645545,0.0011740454655206124,0.8503811843664153,0.8776743653789163,1768146528.5411673,0.2684136927127838,0.07545004785060883
774,49536,49535,sea_abrupt4,sea,ts_drift_adapt,3,"error_divergence_ph_meta@error.threshold=0.10,error.min_instances=5",error_divergence_ph_meta,"{""divergence"": {""alpha"": 0.1, ""delta"": 0.005, ""min_instances"": 30, ""threshold"": 0.05}, ""error_rate"": {""alpha"": 0.15, ""delta"": 0.005, ""min_instances"": 5, ""threshold"": 0.1}}","{""error_rate"": {""min_instances"": 5, ""threshold"": 0.1}}",0.1,0.005,0.15,5,0.05,0.005,0.1,30,,,,-1,two_stage,2,0.5,"__confirm_cooldown=200,__confirm_rule=perm_test,__perm_alpha=0.01,__perm_delta_k=25,__perm_min_effect=0,__perm_n_perm=200,__perm_post_n=50,__perm_pre_n=500,__perm_rng_seed=0,__perm_stat=delta_fused_score,divergence=0.3,error_rate=0.5,teacher_entropy=0.2",3,0,200,0.0,0,10000,10.0,25.0,200,500,1,72,1.0,0.8718911498708011,0.7057899857194146,0.16666666666666666,0.18387030065059662,0.010513817891478539,0,0,125,109,-1,perm_test,0.004975124378109453,0.06111958837212854,248,109,139,0.0,0.00141989067196846,0,0.0,0.0,0.0,0.0,0,none,0,1,0,overconfident,0.95,0,mild_drift,0.9640404134822772,0.0012370227327603064,0.8251905921832077,0.8663371826894581,1768146528.5510516,0.203599750995636,0.06302349269390106
775,49600,49599,sea_abrupt4,sea,ts_drift_adapt,3,"error_divergence_ph_meta@error.threshold=0.10,error.min_instances=5",error_divergence_ph_meta,"{""divergence"": {""alpha"": 0.1, ""delta"": 0.005, ""min_instances"": 30, ""threshold"": 0.05}, ""error_rate"": {""alpha"": 0.15, ""delta"": 0.005, ""min_instances"": 5, ""threshold"": 0.1}}","{""error_rate"": {""min_instances"": 5, ""threshold"": 0.1}}",0.1,0.005,0.15,5,0.05,0.005,0.1,30,,,,-1,two_stage,2,0.5,"__confirm_cooldown=200,__confirm_rule=perm_test,__perm_alpha=0.01,__perm_delta_k=25,__perm_min_effect=0,__perm_n_perm=200,__perm_post_n=50,__perm_pre_n=500,__perm_rng_seed=0,__perm_stat=delta_fused_score,divergence=0.3,error_rate=0.5,teacher_entropy=0.2",3,0,200,0.0,0,10000,10.0,25.0,200,500,1,8,1.0,0.8720362903225807,0.7060509364753257,0.0,0.16935427486896515,0.006227951496839523,0,0,125,109,-1,perm_test,0.004975124378109453,0.06111958837212854,248,109,139,0.0,0.16666666666666666,0,0.0,0.0,0.0,0.0,0,none,0,1,0,overconfident,0.95,0,mild_drift,0.9621702067411386,0.0012685113663801532,0.8125952960916039,0.8606685913447291,1768146528.5608995,0.01025062333792448,0.047959741204977036
776,49664,49663,sea_abrupt4,sea,ts_drift_adapt,3,"error_divergence_ph_meta@error.threshold=0.10,error.min_instances=5",error_divergence_ph_meta,"{""divergence"": {""alpha"": 0.1, ""delta"": 0.005, ""min_instances"": 30, ""threshold"": 0.05}, ""error_rate"": {""alpha"": 0.15, ""delta"": 0.005, ""min_instances"": 5, ""threshold"": 0.1}}","{""error_rate"": {""min_instances"": 5, ""threshold"": 0.1}}",0.1,0.005,0.15,5,0.05,0.005,0.1,30,,,,-1,two_stage,2,0.5,"__confirm_cooldown=200,__confirm_rule=perm_test,__perm_alpha=0.01,__perm_delta_k=25,__perm_min_effect=0,__perm_n_perm=200,__perm_post_n=50,__perm_pre_n=500,__perm_rng_seed=0,__perm_stat=delta_fused_score,divergence=0.3,error_rate=0.5,teacher_entropy=0.2",3,0,200,0.0,0,10000,10.0,25.0,200,500,0,0,1.0,0.872181056701031,0.706341114646671,0.16666666666666666,0.12679912149906158,0.008194179274141788,0,0,125,109,-1,perm_test,0.004975124378109453,0.06111958837212854,248,109,139,0.0,0.16666666666666666,0,0.0,0.0,0.0,0.0,0,none,0,1,0,overconfident,0.95,0,mild_drift,0.9612351033705693,0.0012842556831900768,0.806297648045802,0.8578342956723646,1768146528.5710654,0.3115198612213135,0.0809285044670105
777,49728,49727,sea_abrupt4,sea,ts_drift_adapt,3,"error_divergence_ph_meta@error.threshold=0.10,error.min_instances=5",error_divergence_ph_meta,"{""divergence"": {""alpha"": 0.1, ""delta"": 0.005, ""min_instances"": 30, ""threshold"": 0.05}, ""error_rate"": {""alpha"": 0.15, ""delta"": 0.005, ""min_instances"": 5, ""threshold"": 0.1}}","{""error_rate"": {""min_instances"": 5, ""threshold"": 0.1}}",0.1,0.005,0.15,5,0.05,0.005,0.1,30,,,,-1,two_stage,2,0.5,"__confirm_cooldown=200,__confirm_rule=perm_test,__perm_alpha=0.01,__perm_delta_k=25,__perm_min_effect=0,__perm_n_perm=200,__perm_post_n=50,__perm_pre_n=500,__perm_rng_seed=0,__perm_stat=delta_fused_score,divergence=0.3,error_rate=0.5,teacher_entropy=0.2",3,0,200,0.0,0,10000,10.0,25.0,200,500,0,0,1.0,0.8722651222651223,0.7065240707596622,0.0,0.1333550214767456,0.00908252689987421,0,1,126,109,-1,perm_test,1.0,-0.06501870615035223,249,109,140,0.16666666666666666,0.16666666666666666,1,0.5,0.0,0.0,0.0,0,none,0,1,0,overconfident,0.95,0,mild_drift,0.9607675516852846,0.0012921278415950386,0.803148824022901,0.8564171478361823,1768146528.5821404,0.032884255051612854,0.07138164341449738
778,49792,49791,sea_abrupt4,sea,ts_drift_adapt,3,"error_divergence_ph_meta@error.threshold=0.10,error.min_instances=5",error_divergence_ph_meta,"{""divergence"": {""alpha"": 0.1, ""delta"": 0.005, ""min_instances"": 30, ""threshold"": 0.05}, ""error_rate"": {""alpha"": 0.15, ""delta"": 0.005, ""min_instances"": 5, ""threshold"": 0.1}}","{""error_rate"": {""min_instances"": 5, ""threshold"": 0.1}}",0.1,0.005,0.15,5,0.05,0.005,0.1,30,,,,-1,two_stage,2,0.5,"__confirm_cooldown=200,__confirm_rule=perm_test,__perm_alpha=0.01,__perm_delta_k=25,__perm_min_effect=0,__perm_n_perm=200,__perm_post_n=50,__perm_pre_n=500,__perm_rng_seed=0,__perm_stat=delta_fused_score,divergence=0.3,error_rate=0.5,teacher_entropy=0.2",3,0,200,0.0,0,10000,10.0,25.0,200,500,0,0,1.0,0.8723690552699229,0.7067638387310836,0.0,0.15383943915367126,0.009251011535525322,1,0,126,110,1,perm_test,0.004975124378109453,0.04303621681212979,250,110,140,0.0,0.0001684846356511116,0,0.0,0.0,0.0,0.0,0,none,1,1,0,overconfident,0.95,0,stable,0.9753837758426422,0.0010460639207975192,0.9015744120114505,0.9007085739180911,1768146528.5996099,0.02537132054567337,0.08742310106754303
779,49856,49855,sea_abrupt4,sea,ts_drift_adapt,3,"error_divergence_ph_meta@error.threshold=0.10,error.min_instances=5",error_divergence_ph_meta,"{""divergence"": {""alpha"": 0.1, ""delta"": 0.005, ""min_instances"": 30, ""threshold"": 0.05}, ""error_rate"": {""alpha"": 0.15, ""delta"": 0.005, ""min_instances"": 5, ""threshold"": 0.1}}","{""error_rate"": {""min_instances"": 5, ""threshold"": 0.1}}",0.1,0.005,0.15,5,0.05,0.005,0.1,30,,,,-1,two_stage,2,0.5,"__confirm_cooldown=200,__confirm_rule=perm_test,__perm_alpha=0.01,__perm_delta_k=25,__perm_min_effect=0,__perm_n_perm=200,__perm_post_n=50,__perm_pre_n=500,__perm_rng_seed=0,__perm_stat=delta_fused_score,divergence=0.3,error_rate=0.5,teacher_entropy=0.2",3,0,200,0.0,0,10000,10.0,25.0,200,500,1,136,1.0,0.8724727214377407,0.7069698431087452,0.0,0.1288088709115982,0.01406396646052599,0,0,126,110,-1,perm_test,0.004975124378109453,0.04303621681212979,250,110,140,0.0,0.004812954925000668,0,0.0,0.0,0.0,0.0,0,none,0,1,0,overconfident,0.95,0,mild_drift,0.9678418879213211,0.0011730319603987598,0.8507872060057253,0.8778542869590455,1768146528.6095746,0.00954392459243536,0.12386543303728104
780,49920,49919,sea_abrupt4,sea,ts_drift_adapt,3,"error_divergence_ph_meta@error.threshold=0.10,error.min_instances=5",error_divergence_ph_meta,"{""divergence"": {""alpha"": 0.1, ""delta"": 0.005, ""min_instances"": 30, ""threshold"": 0.05}, ""error_rate"": {""alpha"": 0.15, ""delta"": 0.005, ""min_instances"": 5, ""threshold"": 0.1}}","{""error_rate"": {""min_instances"": 5, ""threshold"": 0.1}}",0.1,0.005,0.15,5,0.05,0.005,0.1,30,,,,-1,two_stage,2,0.5,"__confirm_cooldown=200,__confirm_rule=perm_test,__perm_alpha=0.01,__perm_delta_k=25,__perm_min_effect=0,__perm_n_perm=200,__perm_post_n=50,__perm_pre_n=500,__perm_rng_seed=0,__perm_stat=delta_fused_score,divergence=0.3,error_rate=0.5,teacher_entropy=0.2",3,0,200,0.0,0,10000,10.0,25.0,200,500,1,72,1.0,0.8725761217948718,0.7071950903047212,0.16666666666666666,0.15291760861873627,0.009379547089338303,0,0,126,110,-1,perm_test,0.004975124378109453,0.04303621681212979,250,110,140,0.0,0.16666666666666666,0,0.0,0.0,0.0,0.0,0,none,0,1,0,overconfident,0.95,0,mild_drift,0.9640709439606605,0.00123651598019938,0.8253936030028627,0.8664271434795228,1768146528.6194613,0.2563507556915283,0.07472334802150726
781,49984,49983,sea_abrupt4,sea,ts_drift_adapt,3,"error_divergence_ph_meta@error.threshold=0.10,error.min_instances=5",error_divergence_ph_meta,"{""divergence"": {""alpha"": 0.1, ""delta"": 0.005, ""min_instances"": 30, ""threshold"": 0.05}, ""error_rate"": {""alpha"": 0.15, ""delta"": 0.005, ""min_instances"": 5, ""threshold"": 0.1}}","{""error_rate"": {""min_instances"": 5, ""threshold"": 0.1}}",0.1,0.005,0.15,5,0.05,0.005,0.1,30,,,,-1,two_stage,2,0.5,"__confirm_cooldown=200,__confirm_rule=perm_test,__perm_alpha=0.01,__perm_delta_k=25,__perm_min_effect=0,__perm_n_perm=200,__perm_post_n=50,__perm_pre_n=500,__perm_rng_seed=0,__perm_stat=delta_fused_score,divergence=0.3,error_rate=0.5,teacher_entropy=0.2",3,0,200,0.0,0,10000,10.0,25.0,200,500,1,8,1.0,0.8726392445582587,0.7073573678346062,0.16666666666666666,0.16234759986400604,0.011224924586713314,0,0,126,110,-1,perm_test,0.004975124378109453,0.04303621681212979,250,110,140,0.0,0.0018453774973750114,0,0.0,0.0,0.0,0.0,0,none,0,1,0,overconfident,0.95,0,mild_drift,0.9621854719803302,0.0012682579900996902,0.8126968015014313,0.8607135717397614,1768146528.6293116,0.2312411069869995,0.0965561494231224
782,50000,49999,sea_abrupt4,sea,ts_drift_adapt,3,"error_divergence_ph_meta@error.threshold=0.10,error.min_instances=5",error_divergence_ph_meta,"{""divergence"": {""alpha"": 0.1, ""delta"": 0.005, ""min_instances"": 30, ""threshold"": 0.05}, ""error_rate"": {""alpha"": 0.15, ""delta"": 0.005, ""min_instances"": 5, ""threshold"": 0.1}}","{""error_rate"": {""min_instances"": 5, ""threshold"": 0.1}}",0.1,0.005,0.15,5,0.05,0.005,0.1,30,,,,-1,two_stage,2,0.5,"__confirm_cooldown=200,__confirm_rule=perm_test,__perm_alpha=0.01,__perm_delta_k=25,__perm_min_effect=0,__perm_n_perm=200,__perm_post_n=50,__perm_pre_n=500,__perm_rng_seed=0,__perm_stat=delta_fused_score,divergence=0.3,error_rate=0.5,teacher_entropy=0.2",3,0,200,0.0,0,10000,10.0,25.0,200,500,0,0,1.0,0.87264,0.7073574733700125,0.0,0.2524797320365906,0.01248870138078928,0,1,127,110,-1,perm_test,0.004975124378109453,0.04303621681212979,250,110,140,0.0,0.16666666666666666,1,0.5,0.0,0.0,0.0,0,none,0,1,0,overconfident,0.95,0,mild_drift,0.9612427359901651,0.0012841289950498453,0.8063484007507157,0.8578567858698807,1768146528.639155,0.005200786050409079,0.11402388662099838
