step,seen_samples,sample_idx,dataset_name,dataset_type,model_variant,seed,monitor_preset,monitor_preset_base,monitor_ph_params,monitor_ph_overrides,ph_error_threshold,ph_error_delta,ph_error_alpha,ph_error_min_instances,ph_divergence_threshold,ph_divergence_delta,ph_divergence_alpha,ph_divergence_min_instances,ph_entropy_threshold,ph_entropy_delta,ph_entropy_alpha,ph_entropy_min_instances,trigger_mode,trigger_k,trigger_threshold,trigger_weights,confirm_window,confirm_cooldown,effective_confirm_cooldown,confirm_rate_per10k,adaptive_cooldown_enabled,adaptive_window,adaptive_lower_per10k,adaptive_upper_per10k,adaptive_cooldown_low,adaptive_cooldown_high,confirm_cooldown_active,confirm_cooldown_remaining,severity_scheduler_scale,metric_accuracy,metric_kappa,student_error_rate,teacher_entropy,divergence_js,drift_flag,candidate_flag,candidate_count_total,confirmed_count_total,confirm_delay,confirm_rule_effective,last_perm_pvalue,last_perm_effect,perm_test_count_total,perm_accept_count_total,perm_reject_count_total,monitor_severity,monitor_fused_severity,monitor_vote_count,monitor_vote_score,drift_severity_raw,drift_severity,severity_carry,use_severity_v2,severity_gate,severity_confirmed,severity_gate_min_streak,severity_confirmed_streak,entropy_mode,decay,freeze_baseline_steps,regime,alpha,lr,lambda_u,tau,timestamp,supervised_loss,unsupervised_loss
1,64,63,sea_nodrift,sea,ts_drift_adapt,5,"error_divergence_ph_meta@error.threshold=0.10,error.min_instances=5",error_divergence_ph_meta,"{""divergence"": {""alpha"": 0.1, ""delta"": 0.005, ""min_instances"": 30, ""threshold"": 0.05}, ""error_rate"": {""alpha"": 0.15, ""delta"": 0.005, ""min_instances"": 5, ""threshold"": 0.1}}","{""error_rate"": {""min_instances"": 5, ""threshold"": 0.1}}",0.1,0.005,0.15,5,0.05,0.005,0.1,30,,,,-1,two_stage,2,0.5,"__confirm_cooldown=200,__confirm_rule=perm_test,__perm_alpha=0.05,__perm_min_effect=0,__perm_n_perm=200,__perm_post_n=10,__perm_pre_n=200,__perm_rng_seed=0,__perm_stat=vote_score,divergence=0.3,error_rate=0.5,teacher_entropy=0.2",3,0,200,0.0,0,10000,10.0,25.0,200,500,0,0,1.0,0.40625,-0.31601731601731603,0.3333333333333333,0.6772440671920776,0.0036676914896816015,0,0,0,0,-1,perm_test,,,0,0,0,0.0,0.0,0,0.0,0.0,0.0,0.0,0,none,0,1,0,overconfident,0.95,0,mild_drift,0.97515,0.00115,0.9,0.8775,1768152349.5535214,0.7128641605377197,0.014878624118864536
2,128,127,sea_nodrift,sea,ts_drift_adapt,5,"error_divergence_ph_meta@error.threshold=0.10,error.min_instances=5",error_divergence_ph_meta,"{""divergence"": {""alpha"": 0.1, ""delta"": 0.005, ""min_instances"": 30, ""threshold"": 0.05}, ""error_rate"": {""alpha"": 0.15, ""delta"": 0.005, ""min_instances"": 5, ""threshold"": 0.1}}","{""error_rate"": {""min_instances"": 5, ""threshold"": 0.1}}",0.1,0.005,0.15,5,0.05,0.005,0.1,30,,,,-1,two_stage,2,0.5,"__confirm_cooldown=200,__confirm_rule=perm_test,__perm_alpha=0.05,__perm_min_effect=0,__perm_n_perm=200,__perm_post_n=10,__perm_pre_n=200,__perm_rng_seed=0,__perm_stat=vote_score,divergence=0.3,error_rate=0.5,teacher_entropy=0.2",3,0,200,0.0,0,10000,10.0,25.0,200,500,0,0,1.0,0.4453125,-0.2953249714937286,0.8333333333333334,0.6693366765975952,0.003540754085406661,0,0,0,0,-1,perm_test,,,0,0,0,0.0,0.5,0,0.0,0.0,0.0,0.0,0,none,0,1,0,overconfident,0.95,0,mild_drift,0.967725,0.001225,0.8500000000000001,0.86625,1768152349.5618076,0.9124014377593994,0.014158203266561031
3,192,191,sea_nodrift,sea,ts_drift_adapt,5,"error_divergence_ph_meta@error.threshold=0.10,error.min_instances=5",error_divergence_ph_meta,"{""divergence"": {""alpha"": 0.1, ""delta"": 0.005, ""min_instances"": 30, ""threshold"": 0.05}, ""error_rate"": {""alpha"": 0.15, ""delta"": 0.005, ""min_instances"": 5, ""threshold"": 0.1}}","{""error_rate"": {""min_instances"": 5, ""threshold"": 0.1}}",0.1,0.005,0.15,5,0.05,0.005,0.1,30,,,,-1,two_stage,2,0.5,"__confirm_cooldown=200,__confirm_rule=perm_test,__perm_alpha=0.05,__perm_min_effect=0,__perm_n_perm=200,__perm_post_n=10,__perm_pre_n=200,__perm_rng_seed=0,__perm_stat=vote_score,divergence=0.3,error_rate=0.5,teacher_entropy=0.2",3,0,200,0.0,0,10000,10.0,25.0,200,500,0,0,1.0,0.4947916666666667,-0.24491978609625634,0.0,0.6715115904808044,0.00486826291307807,0,0,0,0,-1,perm_test,,,0,0,0,0.0,0.8333333333333334,0,0.0,0.0,0.0,0.0,0,none,0,1,0,overconfident,0.95,0,mild_drift,0.9640124999999999,0.0012625000000000002,0.8250000000000001,0.860625,1768152349.57,0.5669426321983337,0.019747087731957436
4,256,255,sea_nodrift,sea,ts_drift_adapt,5,"error_divergence_ph_meta@error.threshold=0.10,error.min_instances=5",error_divergence_ph_meta,"{""divergence"": {""alpha"": 0.1, ""delta"": 0.005, ""min_instances"": 30, ""threshold"": 0.05}, ""error_rate"": {""alpha"": 0.15, ""delta"": 0.005, ""min_instances"": 5, ""threshold"": 0.1}}","{""error_rate"": {""min_instances"": 5, ""threshold"": 0.1}}",0.1,0.005,0.15,5,0.05,0.005,0.1,30,,,,-1,two_stage,2,0.5,"__confirm_cooldown=200,__confirm_rule=perm_test,__perm_alpha=0.05,__perm_min_effect=0,__perm_n_perm=200,__perm_post_n=10,__perm_pre_n=200,__perm_rng_seed=0,__perm_stat=vote_score,divergence=0.3,error_rate=0.5,teacher_entropy=0.2",3,0,200,0.0,0,10000,10.0,25.0,200,500,0,0,1.0,0.5078125,-0.20908613839118376,0.6666666666666666,0.6628564596176147,0.007302298676222563,0,0,0,0,-1,perm_test,,,0,0,0,0.0,0.6666666666666666,0,0.0,0.0,0.0,0.0,0,none,0,1,0,overconfident,0.95,0,mild_drift,0.9621562499999999,0.0012812500000000003,0.8125,0.8578125,1768152349.578319,0.7462852001190186,0.029842669144272804
5,320,319,sea_nodrift,sea,ts_drift_adapt,5,"error_divergence_ph_meta@error.threshold=0.10,error.min_instances=5",error_divergence_ph_meta,"{""divergence"": {""alpha"": 0.1, ""delta"": 0.005, ""min_instances"": 30, ""threshold"": 0.05}, ""error_rate"": {""alpha"": 0.15, ""delta"": 0.005, ""min_instances"": 5, ""threshold"": 0.1}}","{""error_rate"": {""min_instances"": 5, ""threshold"": 0.1}}",0.1,0.005,0.15,5,0.05,0.005,0.1,30,,,,-1,two_stage,2,0.5,"__confirm_cooldown=200,__confirm_rule=perm_test,__perm_alpha=0.05,__perm_min_effect=0,__perm_n_perm=200,__perm_post_n=10,__perm_pre_n=200,__perm_rng_seed=0,__perm_stat=vote_score,divergence=0.3,error_rate=0.5,teacher_entropy=0.2",3,0,200,0.0,0,10000,10.0,25.0,200,500,0,0,1.0,0.55625,-0.16327888996979187,0.0,0.666754961013794,0.013330399990081787,0,1,1,0,-1,perm_test,,,0,0,0,0.0,0.6666666666666666,1,0.5,0.0,0.0,0.0,0,none,0,1,0,overconfident,0.95,0,mild_drift,0.9612281249999999,0.001290625,0.80625,0.85640625,1768152349.5865698,0.40976598858833313,0.05485427752137184
6,384,383,sea_nodrift,sea,ts_drift_adapt,5,"error_divergence_ph_meta@error.threshold=0.10,error.min_instances=5",error_divergence_ph_meta,"{""divergence"": {""alpha"": 0.1, ""delta"": 0.005, ""min_instances"": 30, ""threshold"": 0.05}, ""error_rate"": {""alpha"": 0.15, ""delta"": 0.005, ""min_instances"": 5, ""threshold"": 0.1}}","{""error_rate"": {""min_instances"": 5, ""threshold"": 0.1}}",0.1,0.005,0.15,5,0.05,0.005,0.1,30,,,,-1,two_stage,2,0.5,"__confirm_cooldown=200,__confirm_rule=perm_test,__perm_alpha=0.05,__perm_min_effect=0,__perm_n_perm=200,__perm_post_n=10,__perm_pre_n=200,__perm_rng_seed=0,__perm_stat=vote_score,divergence=0.3,error_rate=0.5,teacher_entropy=0.2",3,0,200,0.0,0,10000,10.0,25.0,200,500,0,0,1.0,0.5625,-0.14152245461301613,0.6666666666666666,0.6709060668945312,0.015775786712765694,0,0,1,0,-1,perm_test,,,0,0,0,0.0,0.6666666666666666,0,0.0,0.0,0.0,0.0,0,none,0,1,0,overconfident,0.95,0,mild_drift,0.9607640624999999,0.0012953125,0.8031250000000001,0.855703125,1768152349.5950537,0.8971030116081238,0.06601575762033463
7,448,447,sea_nodrift,sea,ts_drift_adapt,5,"error_divergence_ph_meta@error.threshold=0.10,error.min_instances=5",error_divergence_ph_meta,"{""divergence"": {""alpha"": 0.1, ""delta"": 0.005, ""min_instances"": 30, ""threshold"": 0.05}, ""error_rate"": {""alpha"": 0.15, ""delta"": 0.005, ""min_instances"": 5, ""threshold"": 0.1}}","{""error_rate"": {""min_instances"": 5, ""threshold"": 0.1}}",0.1,0.005,0.15,5,0.05,0.005,0.1,30,,,,-1,two_stage,2,0.5,"__confirm_cooldown=200,__confirm_rule=perm_test,__perm_alpha=0.05,__perm_min_effect=0,__perm_n_perm=200,__perm_post_n=10,__perm_pre_n=200,__perm_rng_seed=0,__perm_stat=vote_score,divergence=0.3,error_rate=0.5,teacher_entropy=0.2",3,0,200,0.0,0,10000,10.0,25.0,200,500,0,0,1.0,0.5803571428571429,-0.12152121228261702,0.3333333333333333,0.669620931148529,0.010090235620737076,0,0,1,0,-1,perm_test,,,0,0,0,0.0,0.3333333333333333,0,0.0,0.0,0.0,0.0,0,none,0,1,0,overconfident,0.95,0,mild_drift,0.9605320312499999,0.0012976562500000002,0.8015625000000001,0.8553515625,1768152349.603419,0.5842766165733337,0.041954562067985535
8,512,511,sea_nodrift,sea,ts_drift_adapt,5,"error_divergence_ph_meta@error.threshold=0.10,error.min_instances=5",error_divergence_ph_meta,"{""divergence"": {""alpha"": 0.1, ""delta"": 0.005, ""min_instances"": 30, ""threshold"": 0.05}, ""error_rate"": {""alpha"": 0.15, ""delta"": 0.005, ""min_instances"": 5, ""threshold"": 0.1}}","{""error_rate"": {""min_instances"": 5, ""threshold"": 0.1}}",0.1,0.005,0.15,5,0.05,0.005,0.1,30,,,,-1,two_stage,2,0.5,"__confirm_cooldown=200,__confirm_rule=perm_test,__perm_alpha=0.05,__perm_min_effect=0,__perm_n_perm=200,__perm_post_n=10,__perm_pre_n=200,__perm_rng_seed=0,__perm_stat=vote_score,divergence=0.3,error_rate=0.5,teacher_entropy=0.2",3,0,200,0.0,0,10000,10.0,25.0,200,500,0,0,1.0,0.591796875,-0.10326624876278456,0.3333333333333333,0.6740362048149109,0.010079095140099525,0,0,1,0,-1,perm_test,,,0,0,0,0.0,1.1140480637550354e-05,0,0.0,0.0,0.0,0.0,0,none,0,1,0,overconfident,0.95,0,mild_drift,0.9604160156249999,0.001298828125,0.80078125,0.85517578125,1768152349.6118512,0.6194813847541809,0.041935745626688004
9,576,575,sea_nodrift,sea,ts_drift_adapt,5,"error_divergence_ph_meta@error.threshold=0.10,error.min_instances=5",error_divergence_ph_meta,"{""divergence"": {""alpha"": 0.1, ""delta"": 0.005, ""min_instances"": 30, ""threshold"": 0.05}, ""error_rate"": {""alpha"": 0.15, ""delta"": 0.005, ""min_instances"": 5, ""threshold"": 0.1}}","{""error_rate"": {""min_instances"": 5, ""threshold"": 0.1}}",0.1,0.005,0.15,5,0.05,0.005,0.1,30,,,,-1,two_stage,2,0.5,"__confirm_cooldown=200,__confirm_rule=perm_test,__perm_alpha=0.05,__perm_min_effect=0,__perm_n_perm=200,__perm_post_n=10,__perm_pre_n=200,__perm_rng_seed=0,__perm_stat=vote_score,divergence=0.3,error_rate=0.5,teacher_entropy=0.2",3,0,200,0.0,0,10000,10.0,25.0,200,500,0,0,1.0,0.6006944444444444,-0.0889184790649505,0.3333333333333333,0.675167441368103,0.012111217714846134,0,0,1,0,-1,perm_test,,,0,0,0,0.0,0.0020321225747466087,0,0.0,0.0,0.0,0.0,0,none,0,1,0,overconfident,0.95,0,mild_drift,0.9603580078124999,0.0012994140625,0.800390625,0.855087890625,1768152349.6204257,0.5650663375854492,0.05041304975748062
10,640,639,sea_nodrift,sea,ts_drift_adapt,5,"error_divergence_ph_meta@error.threshold=0.10,error.min_instances=5",error_divergence_ph_meta,"{""divergence"": {""alpha"": 0.1, ""delta"": 0.005, ""min_instances"": 30, ""threshold"": 0.05}, ""error_rate"": {""alpha"": 0.15, ""delta"": 0.005, ""min_instances"": 5, ""threshold"": 0.1}}","{""error_rate"": {""min_instances"": 5, ""threshold"": 0.1}}",0.1,0.005,0.15,5,0.05,0.005,0.1,30,,,,-1,two_stage,2,0.5,"__confirm_cooldown=200,__confirm_rule=perm_test,__perm_alpha=0.05,__perm_min_effect=0,__perm_n_perm=200,__perm_post_n=10,__perm_pre_n=200,__perm_rng_seed=0,__perm_stat=vote_score,divergence=0.3,error_rate=0.5,teacher_entropy=0.2",3,0,200,0.0,0,10000,10.0,25.0,200,500,0,0,1.0,0.6125,-0.07628670238014512,0.16666666666666666,0.6755189299583435,0.011615266092121601,1,1,2,1,0,perm_test,0.004975124378109453,0.5,1,1,0,0.16666666666666666,0.16666666666666666,1,0.5,0.0,0.0,0.0,0,none,1,1,0,overconfident,0.95,0,severe_drift,0.9256790039062499,0.00164970703125,0.6501953125,0.8325439453125001,1768152349.6337423,0.518855631351471,0.048481859266757965
11,704,703,sea_nodrift,sea,ts_drift_adapt,5,"error_divergence_ph_meta@error.threshold=0.10,error.min_instances=5",error_divergence_ph_meta,"{""divergence"": {""alpha"": 0.1, ""delta"": 0.005, ""min_instances"": 30, ""threshold"": 0.05}, ""error_rate"": {""alpha"": 0.15, ""delta"": 0.005, ""min_instances"": 5, ""threshold"": 0.1}}","{""error_rate"": {""min_instances"": 5, ""threshold"": 0.1}}",0.1,0.005,0.15,5,0.05,0.005,0.1,30,,,,-1,two_stage,2,0.5,"__confirm_cooldown=200,__confirm_rule=perm_test,__perm_alpha=0.05,__perm_min_effect=0,__perm_n_perm=200,__perm_post_n=10,__perm_pre_n=200,__perm_rng_seed=0,__perm_stat=vote_score,divergence=0.3,error_rate=0.5,teacher_entropy=0.2",3,0,200,0.0,0,10000,10.0,25.0,200,500,1,136,1.0,0.6235795454545454,-0.04550549204214285,0.16666666666666666,0.6728506684303284,0.012206027284264565,0,0,2,1,-1,perm_test,0.004975124378109453,0.5,1,1,0,0.0,0.0005907611921429634,0,0.0,0.0,0.0,0.0,0,none,0,1,0,overconfident,0.95,0,mild_drift,0.9429895019531249,0.001474853515625,0.72509765625,0.84377197265625,1768152349.6421847,0.5497923493385315,0.05009998381137848
12,768,767,sea_nodrift,sea,ts_drift_adapt,5,"error_divergence_ph_meta@error.threshold=0.10,error.min_instances=5",error_divergence_ph_meta,"{""divergence"": {""alpha"": 0.1, ""delta"": 0.005, ""min_instances"": 30, ""threshold"": 0.05}, ""error_rate"": {""alpha"": 0.15, ""delta"": 0.005, ""min_instances"": 5, ""threshold"": 0.1}}","{""error_rate"": {""min_instances"": 5, ""threshold"": 0.1}}",0.1,0.005,0.15,5,0.05,0.005,0.1,30,,,,-1,two_stage,2,0.5,"__confirm_cooldown=200,__confirm_rule=perm_test,__perm_alpha=0.05,__perm_min_effect=0,__perm_n_perm=200,__perm_post_n=10,__perm_pre_n=200,__perm_rng_seed=0,__perm_stat=vote_score,divergence=0.3,error_rate=0.5,teacher_entropy=0.2",3,0,200,0.0,0,10000,10.0,25.0,200,500,1,72,1.0,0.6341145833333334,-0.03463352893798172,0.3333333333333333,0.6786259412765503,0.00863398052752018,0,0,2,1,-1,perm_test,0.004975124378109453,0.5,1,1,0,0.0,0.16666666666666666,0,0.0,0.0,0.0,0.0,0,none,0,1,0,overconfident,0.95,0,mild_drift,0.9516447509765624,0.0013874267578125,0.762548828125,0.849385986328125,1768152349.650764,0.6105793118476868,0.0363127626478672
13,832,831,sea_nodrift,sea,ts_drift_adapt,5,"error_divergence_ph_meta@error.threshold=0.10,error.min_instances=5",error_divergence_ph_meta,"{""divergence"": {""alpha"": 0.1, ""delta"": 0.005, ""min_instances"": 30, ""threshold"": 0.05}, ""error_rate"": {""alpha"": 0.15, ""delta"": 0.005, ""min_instances"": 5, ""threshold"": 0.1}}","{""error_rate"": {""min_instances"": 5, ""threshold"": 0.1}}",0.1,0.005,0.15,5,0.05,0.005,0.1,30,,,,-1,two_stage,2,0.5,"__confirm_cooldown=200,__confirm_rule=perm_test,__perm_alpha=0.05,__perm_min_effect=0,__perm_n_perm=200,__perm_post_n=10,__perm_pre_n=200,__perm_rng_seed=0,__perm_stat=vote_score,divergence=0.3,error_rate=0.5,teacher_entropy=0.2",3,0,200,0.0,0,10000,10.0,25.0,200,500,1,8,1.0,0.6382211538461539,-0.02622606871229988,0.3333333333333333,0.6718814969062805,0.008344096131622791,0,0,2,1,-1,perm_test,0.004975124378109453,0.5,1,1,0,0.0,0.00028988439589738846,0,0.0,0.0,0.0,0.0,0,none,0,1,0,overconfident,0.95,0,mild_drift,0.9559723754882812,0.00134371337890625,0.7812744140625001,0.8521929931640625,1768152349.659107,0.7416302561759949,0.034629542380571365
14,896,895,sea_nodrift,sea,ts_drift_adapt,5,"error_divergence_ph_meta@error.threshold=0.10,error.min_instances=5",error_divergence_ph_meta,"{""divergence"": {""alpha"": 0.1, ""delta"": 0.005, ""min_instances"": 30, ""threshold"": 0.05}, ""error_rate"": {""alpha"": 0.15, ""delta"": 0.005, ""min_instances"": 5, ""threshold"": 0.1}}","{""error_rate"": {""min_instances"": 5, ""threshold"": 0.1}}",0.1,0.005,0.15,5,0.05,0.005,0.1,30,,,,-1,two_stage,2,0.5,"__confirm_cooldown=200,__confirm_rule=perm_test,__perm_alpha=0.05,__perm_min_effect=0,__perm_n_perm=200,__perm_post_n=10,__perm_pre_n=200,__perm_rng_seed=0,__perm_stat=vote_score,divergence=0.3,error_rate=0.5,teacher_entropy=0.2",3,0,200,0.0,0,10000,10.0,25.0,200,500,0,0,1.0,0.6439732142857143,-0.009408108489899768,0.0,0.6748043298721313,0.006532424595206976,0,0,2,1,-1,perm_test,0.004975124378109453,0.5,1,1,0,0.0,0.3333333333333333,0,0.0,0.0,0.0,0.0,0,none,0,1,0,overconfident,0.95,0,mild_drift,0.9581361877441406,0.001321856689453125,0.7906372070312501,0.8535964965820313,1768152349.6674986,0.4291621446609497,0.026959270238876343
15,960,959,sea_nodrift,sea,ts_drift_adapt,5,"error_divergence_ph_meta@error.threshold=0.10,error.min_instances=5",error_divergence_ph_meta,"{""divergence"": {""alpha"": 0.1, ""delta"": 0.005, ""min_instances"": 30, ""threshold"": 0.05}, ""error_rate"": {""alpha"": 0.15, ""delta"": 0.005, ""min_instances"": 5, ""threshold"": 0.1}}","{""error_rate"": {""min_instances"": 5, ""threshold"": 0.1}}",0.1,0.005,0.15,5,0.05,0.005,0.1,30,,,,-1,two_stage,2,0.5,"__confirm_cooldown=200,__confirm_rule=perm_test,__perm_alpha=0.05,__perm_min_effect=0,__perm_n_perm=200,__perm_post_n=10,__perm_pre_n=200,__perm_rng_seed=0,__perm_stat=vote_score,divergence=0.3,error_rate=0.5,teacher_entropy=0.2",3,0,200,0.0,0,10000,10.0,25.0,200,500,0,0,1.0,0.6458333333333334,-0.001749378510266069,0.16666666666666666,0.6692836880683899,0.007047521881759167,1,1,3,2,0,perm_test,0.004975124378109453,0.4725478720394909,2,2,0,0.0,0.16666666666666666,1,0.5,0.0,0.0,0.0,0,none,1,1,0,overconfident,0.95,0,stable,0.9740680938720703,0.0010609283447265624,0.8953186035156251,0.8992982482910157,1768152349.6811402,0.5315154194831848,0.029228057712316513
16,1024,1023,sea_nodrift,sea,ts_drift_adapt,5,"error_divergence_ph_meta@error.threshold=0.10,error.min_instances=5",error_divergence_ph_meta,"{""divergence"": {""alpha"": 0.1, ""delta"": 0.005, ""min_instances"": 30, ""threshold"": 0.05}, ""error_rate"": {""alpha"": 0.15, ""delta"": 0.005, ""min_instances"": 5, ""threshold"": 0.1}}","{""error_rate"": {""min_instances"": 5, ""threshold"": 0.1}}",0.1,0.005,0.15,5,0.05,0.005,0.1,30,,,,-1,two_stage,2,0.5,"__confirm_cooldown=200,__confirm_rule=perm_test,__perm_alpha=0.05,__perm_min_effect=0,__perm_n_perm=200,__perm_post_n=10,__perm_pre_n=200,__perm_rng_seed=0,__perm_stat=vote_score,divergence=0.3,error_rate=0.5,teacher_entropy=0.2",3,0,200,0.0,0,10000,10.0,25.0,200,500,1,136,1.0,0.6513671875,0.0066194932663775395,0.0,0.6711580157279968,0.00789339654147625,0,0,3,2,-1,perm_test,0.004975124378109453,0.4725478720394909,2,2,0,0.0,0.16666666666666666,0,0.0,0.0,0.0,0.0,0,none,0,1,0,overconfident,0.95,0,mild_drift,0.9671840469360351,0.0011804641723632812,0.8476593017578126,0.8771491241455078,1768152349.6896083,0.38730761408805847,0.03300987556576729
17,1088,1087,sea_nodrift,sea,ts_drift_adapt,5,"error_divergence_ph_meta@error.threshold=0.10,error.min_instances=5",error_divergence_ph_meta,"{""divergence"": {""alpha"": 0.1, ""delta"": 0.005, ""min_instances"": 30, ""threshold"": 0.05}, ""error_rate"": {""alpha"": 0.15, ""delta"": 0.005, ""min_instances"": 5, ""threshold"": 0.1}}","{""error_rate"": {""min_instances"": 5, ""threshold"": 0.1}}",0.1,0.005,0.15,5,0.05,0.005,0.1,30,,,,-1,two_stage,2,0.5,"__confirm_cooldown=200,__confirm_rule=perm_test,__perm_alpha=0.05,__perm_min_effect=0,__perm_n_perm=200,__perm_post_n=10,__perm_pre_n=200,__perm_rng_seed=0,__perm_stat=vote_score,divergence=0.3,error_rate=0.5,teacher_entropy=0.2",3,0,200,0.0,0,10000,10.0,25.0,200,500,1,72,1.0,0.6507352941176471,0.011717685530020935,0.5,0.6662604808807373,0.010888461023569107,0,0,3,2,-1,perm_test,0.004975124378109453,0.4725478720394909,2,2,0,0.0,0.5,0,0.0,0.0,0.0,0.0,0,none,0,1,0,overconfident,0.95,0,mild_drift,0.9637420234680175,0.0012402320861816408,0.8238296508789062,0.8660745620727539,1768152349.6979675,0.7092977166175842,0.04607927426695824
18,1152,1151,sea_nodrift,sea,ts_drift_adapt,5,"error_divergence_ph_meta@error.threshold=0.10,error.min_instances=5",error_divergence_ph_meta,"{""divergence"": {""alpha"": 0.1, ""delta"": 0.005, ""min_instances"": 30, ""threshold"": 0.05}, ""error_rate"": {""alpha"": 0.15, ""delta"": 0.005, ""min_instances"": 5, ""threshold"": 0.1}}","{""error_rate"": {""min_instances"": 5, ""threshold"": 0.1}}",0.1,0.005,0.15,5,0.05,0.005,0.1,30,,,,-1,two_stage,2,0.5,"__confirm_cooldown=200,__confirm_rule=perm_test,__perm_alpha=0.05,__perm_min_effect=0,__perm_n_perm=200,__perm_post_n=10,__perm_pre_n=200,__perm_rng_seed=0,__perm_stat=vote_score,divergence=0.3,error_rate=0.5,teacher_entropy=0.2",3,0,200,0.0,0,10000,10.0,25.0,200,500,1,8,1.0,0.6579861111111112,0.01958293912570166,0.16666666666666666,0.663780927658081,0.008593975566327572,0,0,3,2,-1,perm_test,0.004975124378109453,0.4725478720394909,2,2,0,0.0,0.33333333333333337,0,0.0,0.0,0.0,0.0,0,none,0,1,0,overconfident,0.95,0,mild_drift,0.9620210117340087,0.0012701160430908204,0.8119148254394531,0.8605372810363769,1768152349.7063465,0.4869650900363922,0.0362960584461689
19,1216,1215,sea_nodrift,sea,ts_drift_adapt,5,"error_divergence_ph_meta@error.threshold=0.10,error.min_instances=5",error_divergence_ph_meta,"{""divergence"": {""alpha"": 0.1, ""delta"": 0.005, ""min_instances"": 30, ""threshold"": 0.05}, ""error_rate"": {""alpha"": 0.15, ""delta"": 0.005, ""min_instances"": 5, ""threshold"": 0.1}}","{""error_rate"": {""min_instances"": 5, ""threshold"": 0.1}}",0.1,0.005,0.15,5,0.05,0.005,0.1,30,,,,-1,two_stage,2,0.5,"__confirm_cooldown=200,__confirm_rule=perm_test,__perm_alpha=0.05,__perm_min_effect=0,__perm_n_perm=200,__perm_post_n=10,__perm_pre_n=200,__perm_rng_seed=0,__perm_stat=vote_score,divergence=0.3,error_rate=0.5,teacher_entropy=0.2",3,0,200,0.0,0,10000,10.0,25.0,200,500,0,0,1.0,0.6685855263157895,0.025648774823640016,0.16666666666666666,0.663482666015625,0.008217953145503998,0,0,3,2,-1,perm_test,0.004975124378109453,0.4725478720394909,2,2,0,0.0,0.00037602242082357407,0,0.0,0.0,0.0,0.0,0,none,0,1,0,overconfident,0.95,0,mild_drift,0.9611605058670043,0.0012850580215454104,0.8059574127197267,0.8577686405181885,1768152349.7148151,0.40859994292259216,0.03469634801149368
20,1280,1279,sea_nodrift,sea,ts_drift_adapt,5,"error_divergence_ph_meta@error.threshold=0.10,error.min_instances=5",error_divergence_ph_meta,"{""divergence"": {""alpha"": 0.1, ""delta"": 0.005, ""min_instances"": 30, ""threshold"": 0.05}, ""error_rate"": {""alpha"": 0.15, ""delta"": 0.005, ""min_instances"": 5, ""threshold"": 0.1}}","{""error_rate"": {""min_instances"": 5, ""threshold"": 0.1}}",0.1,0.005,0.15,5,0.05,0.005,0.1,30,,,,-1,two_stage,2,0.5,"__confirm_cooldown=200,__confirm_rule=perm_test,__perm_alpha=0.05,__perm_min_effect=0,__perm_n_perm=200,__perm_post_n=10,__perm_pre_n=200,__perm_rng_seed=0,__perm_stat=vote_score,divergence=0.3,error_rate=0.5,teacher_entropy=0.2",3,0,200,0.0,0,10000,10.0,25.0,200,500,0,0,1.0,0.66796875,0.02387907584316064,0.3333333333333333,0.6641131043434143,0.009012510068714619,1,1,4,3,0,perm_test,0.004975124378109453,0.4594850144060257,3,3,0,0.16666666666666666,0.16666666666666666,1,0.5,0.0,0.0,0.0,0,none,1,1,0,overconfident,0.95,0,severe_drift,0.9260802529335022,0.0016425290107727052,0.6529787063598633,0.8338843202590942,1768152349.728575,0.5183133482933044,0.03791306912899017
21,1344,1343,sea_nodrift,sea,ts_drift_adapt,5,"error_divergence_ph_meta@error.threshold=0.10,error.min_instances=5",error_divergence_ph_meta,"{""divergence"": {""alpha"": 0.1, ""delta"": 0.005, ""min_instances"": 30, ""threshold"": 0.05}, ""error_rate"": {""alpha"": 0.15, ""delta"": 0.005, ""min_instances"": 5, ""threshold"": 0.1}}","{""error_rate"": {""min_instances"": 5, ""threshold"": 0.1}}",0.1,0.005,0.15,5,0.05,0.005,0.1,30,,,,-1,two_stage,2,0.5,"__confirm_cooldown=200,__confirm_rule=perm_test,__perm_alpha=0.05,__perm_min_effect=0,__perm_n_perm=200,__perm_post_n=10,__perm_pre_n=200,__perm_rng_seed=0,__perm_stat=vote_score,divergence=0.3,error_rate=0.5,teacher_entropy=0.2",3,0,200,0.0,0,10000,10.0,25.0,200,500,1,136,1.0,0.6674107142857143,0.02760656756616792,0.16666666666666666,0.6669512391090393,0.008676270954310894,0,0,4,3,-1,perm_test,0.004975124378109453,0.4594850144060257,3,3,0,0.0,0.16666666666666666,0,0.0,0.0,0.0,0.0,0,none,0,1,0,overconfident,0.95,0,mild_drift,0.943190126466751,0.0014712645053863527,0.7264893531799317,0.8444421601295471,1768152349.7369857,0.3923478126525879,0.036617156118154526
22,1408,1407,sea_nodrift,sea,ts_drift_adapt,5,"error_divergence_ph_meta@error.threshold=0.10,error.min_instances=5",error_divergence_ph_meta,"{""divergence"": {""alpha"": 0.1, ""delta"": 0.005, ""min_instances"": 30, ""threshold"": 0.05}, ""error_rate"": {""alpha"": 0.15, ""delta"": 0.005, ""min_instances"": 5, ""threshold"": 0.1}}","{""error_rate"": {""min_instances"": 5, ""threshold"": 0.1}}",0.1,0.005,0.15,5,0.05,0.005,0.1,30,,,,-1,two_stage,2,0.5,"__confirm_cooldown=200,__confirm_rule=perm_test,__perm_alpha=0.05,__perm_min_effect=0,__perm_n_perm=200,__perm_post_n=10,__perm_pre_n=200,__perm_rng_seed=0,__perm_stat=vote_score,divergence=0.3,error_rate=0.5,teacher_entropy=0.2",3,0,200,0.0,0,10000,10.0,25.0,200,500,1,72,1.0,0.6669034090909091,0.028511236781554684,0.6666666666666666,0.655041515827179,0.008113052695989609,0,0,4,3,-1,perm_test,0.004975124378109453,0.4594850144060257,3,3,0,0.0,0.5,0,0.0,0.0,0.0,0.0,0,none,0,1,0,overconfident,0.95,0,mild_drift,0.9517450632333755,0.0013856322526931764,0.7632446765899659,0.8497210800647735,1768152349.7453277,0.9624443650245667,0.03449074923992157
23,1472,1471,sea_nodrift,sea,ts_drift_adapt,5,"error_divergence_ph_meta@error.threshold=0.10,error.min_instances=5",error_divergence_ph_meta,"{""divergence"": {""alpha"": 0.1, ""delta"": 0.005, ""min_instances"": 30, ""threshold"": 0.05}, ""error_rate"": {""alpha"": 0.15, ""delta"": 0.005, ""min_instances"": 5, ""threshold"": 0.1}}","{""error_rate"": {""min_instances"": 5, ""threshold"": 0.1}}",0.1,0.005,0.15,5,0.05,0.005,0.1,30,,,,-1,two_stage,2,0.5,"__confirm_cooldown=200,__confirm_rule=perm_test,__perm_alpha=0.05,__perm_min_effect=0,__perm_n_perm=200,__perm_post_n=10,__perm_pre_n=200,__perm_rng_seed=0,__perm_stat=vote_score,divergence=0.3,error_rate=0.5,teacher_entropy=0.2",3,0,200,0.0,0,10000,10.0,25.0,200,500,1,8,1.0,0.6725543478260869,0.03428112537260609,0.16666666666666666,0.6540938019752502,0.007972924038767815,0,0,4,3,-1,perm_test,0.004975124378109453,0.4594850144060257,3,3,0,0.0,0.5,0,0.0,0.0,0.0,0.0,0,none,0,1,0,overconfident,0.95,0,mild_drift,0.9560225316166877,0.0013428161263465883,0.781622338294983,0.8523605400323868,1768152349.7537122,0.4857341945171356,0.03348304331302643
24,1536,1535,sea_nodrift,sea,ts_drift_adapt,5,"error_divergence_ph_meta@error.threshold=0.10,error.min_instances=5",error_divergence_ph_meta,"{""divergence"": {""alpha"": 0.1, ""delta"": 0.005, ""min_instances"": 30, ""threshold"": 0.05}, ""error_rate"": {""alpha"": 0.15, ""delta"": 0.005, ""min_instances"": 5, ""threshold"": 0.1}}","{""error_rate"": {""min_instances"": 5, ""threshold"": 0.1}}",0.1,0.005,0.15,5,0.05,0.005,0.1,30,,,,-1,two_stage,2,0.5,"__confirm_cooldown=200,__confirm_rule=perm_test,__perm_alpha=0.05,__perm_min_effect=0,__perm_n_perm=200,__perm_post_n=10,__perm_pre_n=200,__perm_rng_seed=0,__perm_stat=vote_score,divergence=0.3,error_rate=0.5,teacher_entropy=0.2",3,0,200,0.0,0,10000,10.0,25.0,200,500,0,0,1.0,0.673828125,0.044823545766885714,0.16666666666666666,0.6457630395889282,0.006054007913917303,0,0,4,3,-1,perm_test,0.004975124378109453,0.4594850144060257,3,3,0,0.0,0.0019189161248505116,0,0.0,0.0,0.0,0.0,0,none,0,1,0,overconfident,0.95,0,mild_drift,0.9581612658083438,0.0013214080631732943,0.7908111691474915,0.8536802700161934,1768152349.7620966,0.4601653814315796,0.025380808860063553
25,1600,1599,sea_nodrift,sea,ts_drift_adapt,5,"error_divergence_ph_meta@error.threshold=0.10,error.min_instances=5",error_divergence_ph_meta,"{""divergence"": {""alpha"": 0.1, ""delta"": 0.005, ""min_instances"": 30, ""threshold"": 0.05}, ""error_rate"": {""alpha"": 0.15, ""delta"": 0.005, ""min_instances"": 5, ""threshold"": 0.1}}","{""error_rate"": {""min_instances"": 5, ""threshold"": 0.1}}",0.1,0.005,0.15,5,0.05,0.005,0.1,30,,,,-1,two_stage,2,0.5,"__confirm_cooldown=200,__confirm_rule=perm_test,__perm_alpha=0.05,__perm_min_effect=0,__perm_n_perm=200,__perm_post_n=10,__perm_pre_n=200,__perm_rng_seed=0,__perm_stat=vote_score,divergence=0.3,error_rate=0.5,teacher_entropy=0.2",3,0,200,0.0,0,10000,10.0,25.0,200,500,0,0,1.0,0.67875,0.05618152897674188,0.16666666666666666,0.6396986842155457,0.0053543210960924625,1,1,5,4,0,perm_test,0.004975124378109453,0.477553218528993,4,4,0,0.16666666666666666,0.0006996868178248405,1,0.5,0.0,0.0,0.0,0,none,1,1,0,overconfident,0.95,0,severe_drift,0.9245806329041719,0.0016607040315866472,0.6454055845737457,0.8318401350080967,1768152349.7758725,0.4599078893661499,0.022465623915195465
26,1664,1663,sea_nodrift,sea,ts_drift_adapt,5,"error_divergence_ph_meta@error.threshold=0.10,error.min_instances=5",error_divergence_ph_meta,"{""divergence"": {""alpha"": 0.1, ""delta"": 0.005, ""min_instances"": 30, ""threshold"": 0.05}, ""error_rate"": {""alpha"": 0.15, ""delta"": 0.005, ""min_instances"": 5, ""threshold"": 0.1}}","{""error_rate"": {""min_instances"": 5, ""threshold"": 0.1}}",0.1,0.005,0.15,5,0.05,0.005,0.1,30,,,,-1,two_stage,2,0.5,"__confirm_cooldown=200,__confirm_rule=perm_test,__perm_alpha=0.05,__perm_min_effect=0,__perm_n_perm=200,__perm_post_n=10,__perm_pre_n=200,__perm_rng_seed=0,__perm_stat=vote_score,divergence=0.3,error_rate=0.5,teacher_entropy=0.2",3,0,200,0.0,0,10000,10.0,25.0,200,500,1,136,1.0,0.6826923076923077,0.06848095065427436,0.5,0.654250979423523,0.006571569014340639,0,0,5,4,-1,perm_test,0.004975124378109453,0.477553218528993,4,4,0,0.0,0.33333333333333337,0,0.0,0.0,0.0,0.0,0,none,0,1,0,overconfident,0.95,0,mild_drift,0.9424403164520859,0.0014803520157933236,0.722702792286873,0.8434200675040484,1768152349.7843642,0.7137967944145203,0.02769562043249607
27,1728,1727,sea_nodrift,sea,ts_drift_adapt,5,"error_divergence_ph_meta@error.threshold=0.10,error.min_instances=5",error_divergence_ph_meta,"{""divergence"": {""alpha"": 0.1, ""delta"": 0.005, ""min_instances"": 30, ""threshold"": 0.05}, ""error_rate"": {""alpha"": 0.15, ""delta"": 0.005, ""min_instances"": 5, ""threshold"": 0.1}}","{""error_rate"": {""min_instances"": 5, ""threshold"": 0.1}}",0.1,0.005,0.15,5,0.05,0.005,0.1,30,,,,-1,two_stage,2,0.5,"__confirm_cooldown=200,__confirm_rule=perm_test,__perm_alpha=0.05,__perm_min_effect=0,__perm_n_perm=200,__perm_post_n=10,__perm_pre_n=200,__perm_rng_seed=0,__perm_stat=vote_score,divergence=0.3,error_rate=0.5,teacher_entropy=0.2",3,0,200,0.0,0,10000,10.0,25.0,200,500,1,72,1.0,0.6840277777777778,0.07663399204534811,0.6666666666666666,0.6357401013374329,0.005417670588940382,0,0,5,4,-1,perm_test,0.004975124378109453,0.477553218528993,4,4,0,0.0,0.16666666666666663,0,0.0,0.0,0.0,0.0,0,none,0,1,0,overconfident,0.95,0,mild_drift,0.951370158226043,0.001390176007896662,0.7613513961434365,0.8492100337520242,1768152349.7928512,0.9730588793754578,0.022540483623743057
28,1792,1791,sea_nodrift,sea,ts_drift_adapt,5,"error_divergence_ph_meta@error.threshold=0.10,error.min_instances=5",error_divergence_ph_meta,"{""divergence"": {""alpha"": 0.1, ""delta"": 0.005, ""min_instances"": 30, ""threshold"": 0.05}, ""error_rate"": {""alpha"": 0.15, ""delta"": 0.005, ""min_instances"": 5, ""threshold"": 0.1}}","{""error_rate"": {""min_instances"": 5, ""threshold"": 0.1}}",0.1,0.005,0.15,5,0.05,0.005,0.1,30,,,,-1,two_stage,2,0.5,"__confirm_cooldown=200,__confirm_rule=perm_test,__perm_alpha=0.05,__perm_min_effect=0,__perm_n_perm=200,__perm_post_n=10,__perm_pre_n=200,__perm_rng_seed=0,__perm_stat=vote_score,divergence=0.3,error_rate=0.5,teacher_entropy=0.2",3,0,200,0.0,0,10000,10.0,25.0,200,500,1,8,1.0,0.6858258928571429,0.08810418195688278,0.3333333333333333,0.6471698880195618,0.0030429461039602757,0,0,5,4,-1,perm_test,0.004975124378109453,0.477553218528993,4,4,0,0.0,0.3333333333333333,0,0.0,0.0,0.0,0.0,0,none,0,1,0,overconfident,0.95,0,mild_drift,0.9558350791130215,0.0013450880039483312,0.7806756980717182,0.852105016876012,1768152349.801189,0.6361680626869202,0.012482346035540104
29,1856,1855,sea_nodrift,sea,ts_drift_adapt,5,"error_divergence_ph_meta@error.threshold=0.10,error.min_instances=5",error_divergence_ph_meta,"{""divergence"": {""alpha"": 0.1, ""delta"": 0.005, ""min_instances"": 30, ""threshold"": 0.05}, ""error_rate"": {""alpha"": 0.15, ""delta"": 0.005, ""min_instances"": 5, ""threshold"": 0.1}}","{""error_rate"": {""min_instances"": 5, ""threshold"": 0.1}}",0.1,0.005,0.15,5,0.05,0.005,0.1,30,,,,-1,two_stage,2,0.5,"__confirm_cooldown=200,__confirm_rule=perm_test,__perm_alpha=0.05,__perm_min_effect=0,__perm_n_perm=200,__perm_post_n=10,__perm_pre_n=200,__perm_rng_seed=0,__perm_stat=vote_score,divergence=0.3,error_rate=0.5,teacher_entropy=0.2",3,0,200,0.0,0,10000,10.0,25.0,200,500,0,0,1.0,0.6918103448275862,0.10916584992548632,0.16666666666666666,0.6370949745178223,0.00441927881911397,0,0,5,4,-1,perm_test,0.004975124378109453,0.477553218528993,4,4,0,0.0,0.16666666666666666,0,0.0,0.0,0.0,0.0,0,none,0,1,0,overconfident,0.95,0,mild_drift,0.9580675395565107,0.0013225440019741658,0.7903378490358591,0.853552508438006,1768152349.8095782,0.5577617883682251,0.018035762012004852
30,1920,1919,sea_nodrift,sea,ts_drift_adapt,5,"error_divergence_ph_meta@error.threshold=0.10,error.min_instances=5",error_divergence_ph_meta,"{""divergence"": {""alpha"": 0.1, ""delta"": 0.005, ""min_instances"": 30, ""threshold"": 0.05}, ""error_rate"": {""alpha"": 0.15, ""delta"": 0.005, ""min_instances"": 5, ""threshold"": 0.1}}","{""error_rate"": {""min_instances"": 5, ""threshold"": 0.1}}",0.1,0.005,0.15,5,0.05,0.005,0.1,30,,,,-1,two_stage,2,0.5,"__confirm_cooldown=200,__confirm_rule=perm_test,__perm_alpha=0.05,__perm_min_effect=0,__perm_n_perm=200,__perm_post_n=10,__perm_pre_n=200,__perm_rng_seed=0,__perm_stat=vote_score,divergence=0.3,error_rate=0.5,teacher_entropy=0.2",3,0,200,0.0,0,10000,10.0,25.0,200,500,0,0,1.0,0.6963541666666667,0.12727000552005474,0.16666666666666666,0.6471549272537231,0.0029002840165048838,1,1,6,5,0,perm_test,0.004975124378109453,0.5089406443238247,5,5,0,0.0,0.001518994802609086,1,0.5,0.0,0.0,0.0,0,none,1,1,0,overconfident,0.95,0,stable,0.9740337697782553,0.0010612720009870829,0.8951689245179295,0.899276254219003,1768152349.8231022,0.4634226858615875,0.011697134003043175
31,1984,1983,sea_nodrift,sea,ts_drift_adapt,5,"error_divergence_ph_meta@error.threshold=0.10,error.min_instances=5",error_divergence_ph_meta,"{""divergence"": {""alpha"": 0.1, ""delta"": 0.005, ""min_instances"": 30, ""threshold"": 0.05}, ""error_rate"": {""alpha"": 0.15, ""delta"": 0.005, ""min_instances"": 5, ""threshold"": 0.1}}","{""error_rate"": {""min_instances"": 5, ""threshold"": 0.1}}",0.1,0.005,0.15,5,0.05,0.005,0.1,30,,,,-1,two_stage,2,0.5,"__confirm_cooldown=200,__confirm_rule=perm_test,__perm_alpha=0.05,__perm_min_effect=0,__perm_n_perm=200,__perm_post_n=10,__perm_pre_n=200,__perm_rng_seed=0,__perm_stat=vote_score,divergence=0.3,error_rate=0.5,teacher_entropy=0.2",3,0,200,0.0,0,10000,10.0,25.0,200,500,1,136,1.0,0.6980846774193549,0.13847188834792412,0.3333333333333333,0.6367188692092896,0.0031575339380651712,0,0,6,5,-1,perm_test,0.004975124378109453,0.5089406443238247,5,5,0,0.0,0.16666666666666666,0,0.0,0.0,0.0,0.0,0,none,0,1,0,overconfident,0.95,0,mild_drift,0.9671668848891276,0.0011806360004935415,0.8475844622589648,0.8771381271095016,1768152349.831616,0.5808865427970886,0.012768441811203957
32,2048,2047,sea_nodrift,sea,ts_drift_adapt,5,"error_divergence_ph_meta@error.threshold=0.10,error.min_instances=5",error_divergence_ph_meta,"{""divergence"": {""alpha"": 0.1, ""delta"": 0.005, ""min_instances"": 30, ""threshold"": 0.05}, ""error_rate"": {""alpha"": 0.15, ""delta"": 0.005, ""min_instances"": 5, ""threshold"": 0.1}}","{""error_rate"": {""min_instances"": 5, ""threshold"": 0.1}}",0.1,0.005,0.15,5,0.05,0.005,0.1,30,,,,-1,two_stage,2,0.5,"__confirm_cooldown=200,__confirm_rule=perm_test,__perm_alpha=0.05,__perm_min_effect=0,__perm_n_perm=200,__perm_post_n=10,__perm_pre_n=200,__perm_rng_seed=0,__perm_stat=vote_score,divergence=0.3,error_rate=0.5,teacher_entropy=0.2",3,0,200,0.0,0,10000,10.0,25.0,200,500,1,72,1.0,0.70263671875,0.152315576277407,0.0,0.6260726451873779,0.003663355018943548,0,0,6,5,-1,perm_test,0.004975124378109453,0.5089406443238247,5,5,0,0.0,0.3333333333333333,0,0.0,0.0,0.0,0.0,0,none,0,1,0,overconfident,0.95,0,mild_drift,0.9637334424445638,0.0012403180002467707,0.8237922311294824,0.8660690635547508,1768152349.8404179,0.41474688053131104,0.014700116589665413
33,2112,2111,sea_nodrift,sea,ts_drift_adapt,5,"error_divergence_ph_meta@error.threshold=0.10,error.min_instances=5",error_divergence_ph_meta,"{""divergence"": {""alpha"": 0.1, ""delta"": 0.005, ""min_instances"": 30, ""threshold"": 0.05}, ""error_rate"": {""alpha"": 0.15, ""delta"": 0.005, ""min_instances"": 5, ""threshold"": 0.1}}","{""error_rate"": {""min_instances"": 5, ""threshold"": 0.1}}",0.1,0.005,0.15,5,0.05,0.005,0.1,30,,,,-1,two_stage,2,0.5,"__confirm_cooldown=200,__confirm_rule=perm_test,__perm_alpha=0.05,__perm_min_effect=0,__perm_n_perm=200,__perm_post_n=10,__perm_pre_n=200,__perm_rng_seed=0,__perm_stat=vote_score,divergence=0.3,error_rate=0.5,teacher_entropy=0.2",3,0,200,0.0,0,10000,10.0,25.0,200,500,1,8,1.0,0.7064393939393939,0.16836557771231955,0.16666666666666666,0.6384962797164917,0.0031649000011384487,0,0,6,5,-1,perm_test,0.004975124378109453,0.5089406443238247,5,5,0,0.0,0.16666666666666666,0,0.0,0.0,0.0,0.0,0,none,0,1,0,overconfident,0.95,0,mild_drift,0.9620167212222819,0.0012701590001233855,0.8118961155647413,0.8605345317773754,1768152349.8489683,0.4886695146560669,0.012681223452091217
34,2176,2175,sea_nodrift,sea,ts_drift_adapt,5,"error_divergence_ph_meta@error.threshold=0.10,error.min_instances=5",error_divergence_ph_meta,"{""divergence"": {""alpha"": 0.1, ""delta"": 0.005, ""min_instances"": 30, ""threshold"": 0.05}, ""error_rate"": {""alpha"": 0.15, ""delta"": 0.005, ""min_instances"": 5, ""threshold"": 0.1}}","{""error_rate"": {""min_instances"": 5, ""threshold"": 0.1}}",0.1,0.005,0.15,5,0.05,0.005,0.1,30,,,,-1,two_stage,2,0.5,"__confirm_cooldown=200,__confirm_rule=perm_test,__perm_alpha=0.05,__perm_min_effect=0,__perm_n_perm=200,__perm_post_n=10,__perm_pre_n=200,__perm_rng_seed=0,__perm_stat=vote_score,divergence=0.3,error_rate=0.5,teacher_entropy=0.2",3,0,200,0.0,0,10000,10.0,25.0,200,500,0,0,1.0,0.7113970588235294,0.17617100084883086,0.0,0.6285274624824524,0.0025058849714696407,0,0,6,5,-1,perm_test,0.004975124378109453,0.5089406443238247,5,5,0,0.0,0.16666666666666666,0,0.0,0.0,0.0,0.0,0,none,0,1,0,overconfident,0.95,0,mild_drift,0.9611583606111409,0.0012850795000616927,0.8059480577823707,0.8577672658886877,1768152349.8573458,0.45096707344055176,0.010002745315432549
35,2240,2239,sea_nodrift,sea,ts_drift_adapt,5,"error_divergence_ph_meta@error.threshold=0.10,error.min_instances=5",error_divergence_ph_meta,"{""divergence"": {""alpha"": 0.1, ""delta"": 0.005, ""min_instances"": 30, ""threshold"": 0.05}, ""error_rate"": {""alpha"": 0.15, ""delta"": 0.005, ""min_instances"": 5, ""threshold"": 0.1}}","{""error_rate"": {""min_instances"": 5, ""threshold"": 0.1}}",0.1,0.005,0.15,5,0.05,0.005,0.1,30,,,,-1,two_stage,2,0.5,"__confirm_cooldown=200,__confirm_rule=perm_test,__perm_alpha=0.05,__perm_min_effect=0,__perm_n_perm=200,__perm_post_n=10,__perm_pre_n=200,__perm_rng_seed=0,__perm_stat=vote_score,divergence=0.3,error_rate=0.5,teacher_entropy=0.2",3,0,200,0.0,0,10000,10.0,25.0,200,500,0,0,1.0,0.7120535714285714,0.18343171187708995,0.5,0.640611469745636,0.0030240819323807955,1,1,7,6,0,perm_test,0.004975124378109453,0.5284017997138941,6,6,0,0.33333333333333337,0.5,1,0.5,0.0,0.0,0.0,0,none,1,1,0,overconfident,0.95,0,severe_drift,0.9260791803055705,0.0016425397500308464,0.6529740288911854,0.8338836329443439,1768152349.8709679,0.7204780578613281,0.01218896359205246
36,2304,2303,sea_nodrift,sea,ts_drift_adapt,5,"error_divergence_ph_meta@error.threshold=0.10,error.min_instances=5",error_divergence_ph_meta,"{""divergence"": {""alpha"": 0.1, ""delta"": 0.005, ""min_instances"": 30, ""threshold"": 0.05}, ""error_rate"": {""alpha"": 0.15, ""delta"": 0.005, ""min_instances"": 5, ""threshold"": 0.1}}","{""error_rate"": {""min_instances"": 5, ""threshold"": 0.1}}",0.1,0.005,0.15,5,0.05,0.005,0.1,30,,,,-1,two_stage,2,0.5,"__confirm_cooldown=200,__confirm_rule=perm_test,__perm_alpha=0.05,__perm_min_effect=0,__perm_n_perm=200,__perm_post_n=10,__perm_pre_n=200,__perm_rng_seed=0,__perm_stat=vote_score,divergence=0.3,error_rate=0.5,teacher_entropy=0.2",3,0,200,0.0,0,10000,10.0,25.0,200,500,1,136,1.0,0.7144097222222222,0.1928091246849304,0.0,0.6429347991943359,0.003008758882060647,0,0,7,6,-1,perm_test,0.004975124378109453,0.5284017997138941,6,6,0,0.0,0.5,0,0.0,0.0,0.0,0.0,0,none,0,1,0,overconfident,0.95,0,mild_drift,0.9431895901527851,0.0014712698750154233,0.7264870144455927,0.8444418164721719,1768152349.8794413,0.5221344232559204,0.01214445848017931
37,2368,2367,sea_nodrift,sea,ts_drift_adapt,5,"error_divergence_ph_meta@error.threshold=0.10,error.min_instances=5",error_divergence_ph_meta,"{""divergence"": {""alpha"": 0.1, ""delta"": 0.005, ""min_instances"": 30, ""threshold"": 0.05}, ""error_rate"": {""alpha"": 0.15, ""delta"": 0.005, ""min_instances"": 5, ""threshold"": 0.1}}","{""error_rate"": {""min_instances"": 5, ""threshold"": 0.1}}",0.1,0.005,0.15,5,0.05,0.005,0.1,30,,,,-1,two_stage,2,0.5,"__confirm_cooldown=200,__confirm_rule=perm_test,__perm_alpha=0.05,__perm_min_effect=0,__perm_n_perm=200,__perm_post_n=10,__perm_pre_n=200,__perm_rng_seed=0,__perm_stat=vote_score,divergence=0.3,error_rate=0.5,teacher_entropy=0.2",3,0,200,0.0,0,10000,10.0,25.0,200,500,1,72,1.0,0.7166385135135135,0.20377155777202285,0.3333333333333333,0.6286860108375549,0.003800806123763323,0,0,7,6,-1,perm_test,0.004975124378109453,0.5284017997138941,6,6,0,0.0,0.3333333333333333,0,0.0,0.0,0.0,0.0,0,none,0,1,0,overconfident,0.95,0,mild_drift,0.9517447950763925,0.0013856349375077118,0.7632435072227963,0.8497209082360859,1768152349.8877826,0.6144669651985168,0.01545162033289671
38,2432,2431,sea_nodrift,sea,ts_drift_adapt,5,"error_divergence_ph_meta@error.threshold=0.10,error.min_instances=5",error_divergence_ph_meta,"{""divergence"": {""alpha"": 0.1, ""delta"": 0.005, ""min_instances"": 30, ""threshold"": 0.05}, ""error_rate"": {""alpha"": 0.15, ""delta"": 0.005, ""min_instances"": 5, ""threshold"": 0.1}}","{""error_rate"": {""min_instances"": 5, ""threshold"": 0.1}}",0.1,0.005,0.15,5,0.05,0.005,0.1,30,,,,-1,two_stage,2,0.5,"__confirm_cooldown=200,__confirm_rule=perm_test,__perm_alpha=0.05,__perm_min_effect=0,__perm_n_perm=200,__perm_post_n=10,__perm_pre_n=200,__perm_rng_seed=0,__perm_stat=vote_score,divergence=0.3,error_rate=0.5,teacher_entropy=0.2",3,0,200,0.0,0,10000,10.0,25.0,200,500,1,8,1.0,0.7183388157894737,0.2121387534736605,0.3333333333333333,0.6316721439361572,0.0040069082751870155,0,0,7,6,-1,perm_test,0.004975124378109453,0.5284017997138941,6,6,0,0.0,0.0002061021514236927,0,0.0,0.0,0.0,0.0,0,none,0,1,0,overconfident,0.95,0,mild_drift,0.9560223975381963,0.001342817468753856,0.7816217536113982,0.852360454118043,1768152349.8962324,0.6289592385292053,0.016309762373566628
39,2496,2495,sea_nodrift,sea,ts_drift_adapt,5,"error_divergence_ph_meta@error.threshold=0.10,error.min_instances=5",error_divergence_ph_meta,"{""divergence"": {""alpha"": 0.1, ""delta"": 0.005, ""min_instances"": 30, ""threshold"": 0.05}, ""error_rate"": {""alpha"": 0.15, ""delta"": 0.005, ""min_instances"": 5, ""threshold"": 0.1}}","{""error_rate"": {""min_instances"": 5, ""threshold"": 0.1}}",0.1,0.005,0.15,5,0.05,0.005,0.1,30,,,,-1,two_stage,2,0.5,"__confirm_cooldown=200,__confirm_rule=perm_test,__perm_alpha=0.05,__perm_min_effect=0,__perm_n_perm=200,__perm_post_n=10,__perm_pre_n=200,__perm_rng_seed=0,__perm_stat=vote_score,divergence=0.3,error_rate=0.5,teacher_entropy=0.2",3,0,200,0.0,0,10000,10.0,25.0,200,500,0,0,1.0,0.719551282051282,0.2165528324628363,0.16666666666666666,0.6264887452125549,0.003177018603309989,0,0,7,6,-1,perm_test,0.004975124378109453,0.5284017997138941,6,6,0,0.0,0.16666666666666666,0,0.0,0.0,0.0,0.0,0,none,0,1,0,overconfident,0.95,0,mild_drift,0.9581611987690981,0.0013214087343769282,0.7908108768056992,0.8536802270590215,1768152349.9047117,0.3818187415599823,0.01306175347417593
40,2560,2559,sea_nodrift,sea,ts_drift_adapt,5,"error_divergence_ph_meta@error.threshold=0.10,error.min_instances=5",error_divergence_ph_meta,"{""divergence"": {""alpha"": 0.1, ""delta"": 0.005, ""min_instances"": 30, ""threshold"": 0.05}, ""error_rate"": {""alpha"": 0.15, ""delta"": 0.005, ""min_instances"": 5, ""threshold"": 0.1}}","{""error_rate"": {""min_instances"": 5, ""threshold"": 0.1}}",0.1,0.005,0.15,5,0.05,0.005,0.1,30,,,,-1,two_stage,2,0.5,"__confirm_cooldown=200,__confirm_rule=perm_test,__perm_alpha=0.05,__perm_min_effect=0,__perm_n_perm=200,__perm_post_n=10,__perm_pre_n=200,__perm_rng_seed=0,__perm_stat=vote_score,divergence=0.3,error_rate=0.5,teacher_entropy=0.2",3,0,200,0.0,0,10000,10.0,25.0,200,500,0,0,1.0,0.720703125,0.21865795625099274,0.16666666666666666,0.6373270153999329,0.002555745653808117,1,1,8,7,0,perm_test,0.004975124378109453,0.4490549058580579,7,7,0,0.33333333333333337,0.0006212729495018721,1,0.5,0.0,0.0,0.0,0,none,1,1,0,overconfident,0.95,0,severe_drift,0.9245805993845491,0.0016607043671884641,0.6454054384028496,0.8318401135295108,1768152349.9186702,0.6142565608024597,0.010363670997321606
41,2624,2623,sea_nodrift,sea,ts_drift_adapt,5,"error_divergence_ph_meta@error.threshold=0.10,error.min_instances=5",error_divergence_ph_meta,"{""divergence"": {""alpha"": 0.1, ""delta"": 0.005, ""min_instances"": 30, ""threshold"": 0.05}, ""error_rate"": {""alpha"": 0.15, ""delta"": 0.005, ""min_instances"": 5, ""threshold"": 0.1}}","{""error_rate"": {""min_instances"": 5, ""threshold"": 0.1}}",0.1,0.005,0.15,5,0.05,0.005,0.1,30,,,,-1,two_stage,2,0.5,"__confirm_cooldown=200,__confirm_rule=perm_test,__perm_alpha=0.05,__perm_min_effect=0,__perm_n_perm=200,__perm_post_n=10,__perm_pre_n=200,__perm_rng_seed=0,__perm_stat=vote_score,divergence=0.3,error_rate=0.5,teacher_entropy=0.2",3,0,200,0.0,0,10000,10.0,25.0,200,500,1,136,1.0,0.723704268292683,0.2282302846590485,0.0,0.6334940791130066,0.003986715339124203,0,0,8,7,-1,perm_test,0.004975124378109453,0.4490549058580579,7,7,0,0.0,0.16666666666666666,0,0.0,0.0,0.0,0.0,0,none,0,1,0,overconfident,0.95,0,mild_drift,0.9424402996922745,0.0014803521835942321,0.7227027192014248,0.8434200567647554,1768152349.9271102,0.4303659200668335,0.01646353490650654
42,2688,2687,sea_nodrift,sea,ts_drift_adapt,5,"error_divergence_ph_meta@error.threshold=0.10,error.min_instances=5",error_divergence_ph_meta,"{""divergence"": {""alpha"": 0.1, ""delta"": 0.005, ""min_instances"": 30, ""threshold"": 0.05}, ""error_rate"": {""alpha"": 0.15, ""delta"": 0.005, ""min_instances"": 5, ""threshold"": 0.1}}","{""error_rate"": {""min_instances"": 5, ""threshold"": 0.1}}",0.1,0.005,0.15,5,0.05,0.005,0.1,30,,,,-1,two_stage,2,0.5,"__confirm_cooldown=200,__confirm_rule=perm_test,__perm_alpha=0.05,__perm_min_effect=0,__perm_n_perm=200,__perm_post_n=10,__perm_pre_n=200,__perm_rng_seed=0,__perm_stat=vote_score,divergence=0.3,error_rate=0.5,teacher_entropy=0.2",3,0,200,0.0,0,10000,10.0,25.0,200,500,1,72,1.0,0.7254464285714286,0.23286721940353902,0.16666666666666666,0.6184719800949097,0.002897333586588502,0,0,8,7,-1,perm_test,0.004975124378109453,0.4490549058580579,7,7,0,0.0,0.16666666666666666,0,0.0,0.0,0.0,0.0,0,none,0,1,0,overconfident,0.95,0,mild_drift,0.9513701498461372,0.0013901760917971163,0.7613513596007124,0.8492100283823777,1768152349.9355528,0.5337018370628357,0.011978525668382645
43,2752,2751,sea_nodrift,sea,ts_drift_adapt,5,"error_divergence_ph_meta@error.threshold=0.10,error.min_instances=5",error_divergence_ph_meta,"{""divergence"": {""alpha"": 0.1, ""delta"": 0.005, ""min_instances"": 30, ""threshold"": 0.05}, ""error_rate"": {""alpha"": 0.15, ""delta"": 0.005, ""min_instances"": 5, ""threshold"": 0.1}}","{""error_rate"": {""min_instances"": 5, ""threshold"": 0.1}}",0.1,0.005,0.15,5,0.05,0.005,0.1,30,,,,-1,two_stage,2,0.5,"__confirm_cooldown=200,__confirm_rule=perm_test,__perm_alpha=0.05,__perm_min_effect=0,__perm_n_perm=200,__perm_post_n=10,__perm_pre_n=200,__perm_rng_seed=0,__perm_stat=vote_score,divergence=0.3,error_rate=0.5,teacher_entropy=0.2",3,0,200,0.0,0,10000,10.0,25.0,200,500,1,8,1.0,0.7278343023255814,0.24219826502296313,0.16666666666666666,0.6230093836784363,0.004389088600873947,0,0,8,7,-1,perm_test,0.004975124378109453,0.4490549058580579,7,7,0,0.0,0.0014917550142854452,0,0.0,0.0,0.0,0.0,0,none,0,1,0,overconfident,0.95,0,mild_drift,0.9558350749230686,0.0013450880458985583,0.7806756798003562,0.8521050141911888,1768152349.943898,0.5166187286376953,0.01866774447262287
44,2816,2815,sea_nodrift,sea,ts_drift_adapt,5,"error_divergence_ph_meta@error.threshold=0.10,error.min_instances=5",error_divergence_ph_meta,"{""divergence"": {""alpha"": 0.1, ""delta"": 0.005, ""min_instances"": 30, ""threshold"": 0.05}, ""error_rate"": {""alpha"": 0.15, ""delta"": 0.005, ""min_instances"": 5, ""threshold"": 0.1}}","{""error_rate"": {""min_instances"": 5, ""threshold"": 0.1}}",0.1,0.005,0.15,5,0.05,0.005,0.1,30,,,,-1,two_stage,2,0.5,"__confirm_cooldown=200,__confirm_rule=perm_test,__perm_alpha=0.05,__perm_min_effect=0,__perm_n_perm=200,__perm_post_n=10,__perm_pre_n=200,__perm_rng_seed=0,__perm_stat=vote_score,divergence=0.3,error_rate=0.5,teacher_entropy=0.2",3,0,200,0.0,0,10000,10.0,25.0,200,500,0,0,1.0,0.7269176136363636,0.2400481763997407,0.3333333333333333,0.6228574514389038,0.006103948689997196,0,0,8,7,-1,perm_test,0.004975124378109453,0.4490549058580579,7,7,0,0.0,0.16666666666666666,0,0.0,0.0,0.0,0.0,0,none,0,1,0,overconfident,0.95,0,mild_drift,0.9580675374615343,0.0013225440229492793,0.7903378399001781,0.8535525070955944,1768152349.9522932,0.6512256264686584,0.025795862078666687
45,2880,2879,sea_nodrift,sea,ts_drift_adapt,5,"error_divergence_ph_meta@error.threshold=0.10,error.min_instances=5",error_divergence_ph_meta,"{""divergence"": {""alpha"": 0.1, ""delta"": 0.005, ""min_instances"": 30, ""threshold"": 0.05}, ""error_rate"": {""alpha"": 0.15, ""delta"": 0.005, ""min_instances"": 5, ""threshold"": 0.1}}","{""error_rate"": {""min_instances"": 5, ""threshold"": 0.1}}",0.1,0.005,0.15,5,0.05,0.005,0.1,30,,,,-1,two_stage,2,0.5,"__confirm_cooldown=200,__confirm_rule=perm_test,__perm_alpha=0.05,__perm_min_effect=0,__perm_n_perm=200,__perm_post_n=10,__perm_pre_n=200,__perm_rng_seed=0,__perm_stat=vote_score,divergence=0.3,error_rate=0.5,teacher_entropy=0.2",3,0,200,0.0,0,10000,10.0,25.0,200,500,0,0,1.0,0.7291666666666666,0.24791086350974925,0.16666666666666666,0.6275853514671326,0.006347730755805969,1,1,9,8,0,perm_test,0.004975124378109453,0.47319539588098597,8,8,0,0.0,0.16666666666666666,1,0.5,0.0,0.0,0.0,0,none,1,1,0,overconfident,0.95,0,stable,0.9740337687307672,0.0010612720114746396,0.8951689199500891,0.8992762535477972,1768152349.9660947,0.5344127416610718,0.026907598599791527
46,2944,2943,sea_nodrift,sea,ts_drift_adapt,5,"error_divergence_ph_meta@error.threshold=0.10,error.min_instances=5",error_divergence_ph_meta,"{""divergence"": {""alpha"": 0.1, ""delta"": 0.005, ""min_instances"": 30, ""threshold"": 0.05}, ""error_rate"": {""alpha"": 0.15, ""delta"": 0.005, ""min_instances"": 5, ""threshold"": 0.1}}","{""error_rate"": {""min_instances"": 5, ""threshold"": 0.1}}",0.1,0.005,0.15,5,0.05,0.005,0.1,30,,,,-1,two_stage,2,0.5,"__confirm_cooldown=200,__confirm_rule=perm_test,__perm_alpha=0.05,__perm_min_effect=0,__perm_n_perm=200,__perm_post_n=10,__perm_pre_n=200,__perm_rng_seed=0,__perm_stat=vote_score,divergence=0.3,error_rate=0.5,teacher_entropy=0.2",3,0,200,0.0,0,10000,10.0,25.0,200,500,1,136,1.0,0.7302989130434783,0.24969651293198375,0.0,0.6049995422363281,0.007282618898898363,0,0,9,8,-1,perm_test,0.004975124378109453,0.47319539588098597,8,8,0,0.0,0.16666666666666666,0,0.0,0.0,0.0,0.0,0,none,0,1,0,overconfident,0.95,0,mild_drift,0.9671668843653836,0.00118063600573732,0.8475844599750446,0.8771381267738986,1768152349.9745865,0.31539270281791687,0.03124433569610119
47,3008,3007,sea_nodrift,sea,ts_drift_adapt,5,"error_divergence_ph_meta@error.threshold=0.10,error.min_instances=5",error_divergence_ph_meta,"{""divergence"": {""alpha"": 0.1, ""delta"": 0.005, ""min_instances"": 30, ""threshold"": 0.05}, ""error_rate"": {""alpha"": 0.15, ""delta"": 0.005, ""min_instances"": 5, ""threshold"": 0.1}}","{""error_rate"": {""min_instances"": 5, ""threshold"": 0.1}}",0.1,0.005,0.15,5,0.05,0.005,0.1,30,,,,-1,two_stage,2,0.5,"__confirm_cooldown=200,__confirm_rule=perm_test,__perm_alpha=0.05,__perm_min_effect=0,__perm_n_perm=200,__perm_post_n=10,__perm_pre_n=200,__perm_rng_seed=0,__perm_stat=vote_score,divergence=0.3,error_rate=0.5,teacher_entropy=0.2",3,0,200,0.0,0,10000,10.0,25.0,200,500,1,72,1.0,0.7310505319148937,0.2502316960148287,0.3333333333333333,0.6106112003326416,0.006183115765452385,0,0,9,8,-1,perm_test,0.004975124378109453,0.47319539588098597,8,8,0,0.0,0.3333333333333333,0,0.0,0.0,0.0,0.0,0,none,0,1,0,overconfident,0.95,0,mild_drift,0.9637334421826917,0.00124031800286866,0.8237922299875223,0.8660690633869492,1768152349.982942,0.6423493027687073,0.026546567678451538
48,3072,3071,sea_nodrift,sea,ts_drift_adapt,5,"error_divergence_ph_meta@error.threshold=0.10,error.min_instances=5",error_divergence_ph_meta,"{""divergence"": {""alpha"": 0.1, ""delta"": 0.005, ""min_instances"": 30, ""threshold"": 0.05}, ""error_rate"": {""alpha"": 0.15, ""delta"": 0.005, ""min_instances"": 5, ""threshold"": 0.1}}","{""error_rate"": {""min_instances"": 5, ""threshold"": 0.1}}",0.1,0.005,0.15,5,0.05,0.005,0.1,30,,,,-1,two_stage,2,0.5,"__confirm_cooldown=200,__confirm_rule=perm_test,__perm_alpha=0.05,__perm_min_effect=0,__perm_n_perm=200,__perm_post_n=10,__perm_pre_n=200,__perm_rng_seed=0,__perm_stat=vote_score,divergence=0.3,error_rate=0.5,teacher_entropy=0.2",3,0,200,0.0,0,10000,10.0,25.0,200,500,1,8,1.0,0.73046875,0.2515677080390939,0.3333333333333333,0.6117876172065735,0.004874391481280327,0,0,9,8,-1,perm_test,0.004975124378109453,0.47319539588098597,8,8,0,0.0,0.001308724284172058,0,0.0,0.0,0.0,0.0,0,none,0,1,0,overconfident,0.95,0,mild_drift,0.9620167210913458,0.00127015900143433,0.8118961149937611,0.8605345316934746,1768152349.9916363,0.6864350438117981,0.020495587959885597
49,3136,3135,sea_nodrift,sea,ts_drift_adapt,5,"error_divergence_ph_meta@error.threshold=0.10,error.min_instances=5",error_divergence_ph_meta,"{""divergence"": {""alpha"": 0.1, ""delta"": 0.005, ""min_instances"": 30, ""threshold"": 0.05}, ""error_rate"": {""alpha"": 0.15, ""delta"": 0.005, ""min_instances"": 5, ""threshold"": 0.1}}","{""error_rate"": {""min_instances"": 5, ""threshold"": 0.1}}",0.1,0.005,0.15,5,0.05,0.005,0.1,30,,,,-1,two_stage,2,0.5,"__confirm_cooldown=200,__confirm_rule=perm_test,__perm_alpha=0.05,__perm_min_effect=0,__perm_n_perm=200,__perm_post_n=10,__perm_pre_n=200,__perm_rng_seed=0,__perm_stat=vote_score,divergence=0.3,error_rate=0.5,teacher_entropy=0.2",3,0,200,0.0,0,10000,10.0,25.0,200,500,0,0,1.0,0.7311862244897959,0.25280574319550037,0.16666666666666666,0.6068761348724365,0.005004735663533211,0,0,9,8,-1,perm_test,0.004975124378109453,0.47319539588098597,8,8,0,0.0,0.16666666666666666,0,0.0,0.0,0.0,0.0,0,none,0,1,0,overconfident,0.95,0,mild_drift,0.9611583605456728,0.001285079500717165,0.8059480574968806,0.8577672658467372,1768152350.0002058,0.416141539812088,0.020982610061764717
50,3200,3199,sea_nodrift,sea,ts_drift_adapt,5,"error_divergence_ph_meta@error.threshold=0.10,error.min_instances=5",error_divergence_ph_meta,"{""divergence"": {""alpha"": 0.1, ""delta"": 0.005, ""min_instances"": 30, ""threshold"": 0.05}, ""error_rate"": {""alpha"": 0.15, ""delta"": 0.005, ""min_instances"": 5, ""threshold"": 0.1}}","{""error_rate"": {""min_instances"": 5, ""threshold"": 0.1}}",0.1,0.005,0.15,5,0.05,0.005,0.1,30,,,,-1,two_stage,2,0.5,"__confirm_cooldown=200,__confirm_rule=perm_test,__perm_alpha=0.05,__perm_min_effect=0,__perm_n_perm=200,__perm_post_n=10,__perm_pre_n=200,__perm_rng_seed=0,__perm_stat=vote_score,divergence=0.3,error_rate=0.5,teacher_entropy=0.2",3,0,200,0.0,0,10000,10.0,25.0,200,500,0,0,1.0,0.733125,0.2546997171851605,0.0,0.6000943779945374,0.003714736783877015,1,1,10,9,0,perm_test,0.004975124378109453,0.44842425933482793,9,9,0,0.16666666666666666,0.16666666666666666,1,0.5,0.0,0.0,0.0,0,none,1,1,0,overconfident,0.95,0,severe_drift,0.9260791802728364,0.0016425397503585825,0.6529740287484402,0.8338836329233686,1768152350.014047,0.2019553780555725,0.015596883371472359
51,3264,3263,sea_nodrift,sea,ts_drift_adapt,5,"error_divergence_ph_meta@error.threshold=0.10,error.min_instances=5",error_divergence_ph_meta,"{""divergence"": {""alpha"": 0.1, ""delta"": 0.005, ""min_instances"": 30, ""threshold"": 0.05}, ""error_rate"": {""alpha"": 0.15, ""delta"": 0.005, ""min_instances"": 5, ""threshold"": 0.1}}","{""error_rate"": {""min_instances"": 5, ""threshold"": 0.1}}",0.1,0.005,0.15,5,0.05,0.005,0.1,30,,,,-1,two_stage,2,0.5,"__confirm_cooldown=200,__confirm_rule=perm_test,__perm_alpha=0.05,__perm_min_effect=0,__perm_n_perm=200,__perm_post_n=10,__perm_pre_n=200,__perm_rng_seed=0,__perm_stat=vote_score,divergence=0.3,error_rate=0.5,teacher_entropy=0.2",3,0,200,0.0,0,10000,10.0,25.0,200,500,1,136,1.0,0.7331495098039216,0.25730199119090036,0.5,0.6099076867103577,0.004904306959360838,0,0,10,9,-1,perm_test,0.004975124378109453,0.44842425933482793,9,9,0,0.0,0.5,0,0.0,0.0,0.0,0.0,0,none,0,1,0,overconfident,0.95,0,mild_drift,0.9431895901364182,0.0014712698751792913,0.7264870143742201,0.8444418164616843,1768152350.0225399,0.8648585677146912,0.02084854617714882
52,3328,3327,sea_nodrift,sea,ts_drift_adapt,5,"error_divergence_ph_meta@error.threshold=0.10,error.min_instances=5",error_divergence_ph_meta,"{""divergence"": {""alpha"": 0.1, ""delta"": 0.005, ""min_instances"": 30, ""threshold"": 0.05}, ""error_rate"": {""alpha"": 0.15, ""delta"": 0.005, ""min_instances"": 5, ""threshold"": 0.1}}","{""error_rate"": {""min_instances"": 5, ""threshold"": 0.1}}",0.1,0.005,0.15,5,0.05,0.005,0.1,30,,,,-1,two_stage,2,0.5,"__confirm_cooldown=200,__confirm_rule=perm_test,__perm_alpha=0.05,__perm_min_effect=0,__perm_n_perm=200,__perm_post_n=10,__perm_pre_n=200,__perm_rng_seed=0,__perm_stat=vote_score,divergence=0.3,error_rate=0.5,teacher_entropy=0.2",3,0,200,0.0,0,10000,10.0,25.0,200,500,1,72,1.0,0.734375,0.26137135098438563,0.5,0.577743649482727,0.003471218980848789,0,0,10,9,-1,perm_test,0.004975124378109453,0.44842425933482793,9,9,0,0.0,0.0014330879785120487,0,0.0,0.0,0.0,0.0,0,none,0,1,0,overconfident,0.95,0,mild_drift,0.9517447950682091,0.0013856349375896459,0.7632435071871101,0.8497209082308421,1768152350.0317526,0.6266220211982727,0.19776156544685364
53,3392,3391,sea_nodrift,sea,ts_drift_adapt,5,"error_divergence_ph_meta@error.threshold=0.10,error.min_instances=5",error_divergence_ph_meta,"{""divergence"": {""alpha"": 0.1, ""delta"": 0.005, ""min_instances"": 30, ""threshold"": 0.05}, ""error_rate"": {""alpha"": 0.15, ""delta"": 0.005, ""min_instances"": 5, ""threshold"": 0.1}}","{""error_rate"": {""min_instances"": 5, ""threshold"": 0.1}}",0.1,0.005,0.15,5,0.05,0.005,0.1,30,,,,-1,two_stage,2,0.5,"__confirm_cooldown=200,__confirm_rule=perm_test,__perm_alpha=0.05,__perm_min_effect=0,__perm_n_perm=200,__perm_post_n=10,__perm_pre_n=200,__perm_rng_seed=0,__perm_stat=vote_score,divergence=0.3,error_rate=0.5,teacher_entropy=0.2",3,0,200,0.0,0,10000,10.0,25.0,200,500,1,8,1.0,0.7349646226415094,0.26508884752236234,0.0,0.5834536552429199,0.0037597178015857935,0,0,10,9,-1,perm_test,0.004975124378109453,0.44842425933482793,9,9,0,0.0,0.5,0,0.0,0.0,0.0,0.0,0,none,0,1,0,overconfident,0.95,0,mild_drift,0.9560223975341045,0.001342817468794823,0.781621753593555,0.852360454115421,1768152350.0402071,0.2268623560667038,0.015687409788370132
54,3456,3455,sea_nodrift,sea,ts_drift_adapt,5,"error_divergence_ph_meta@error.threshold=0.10,error.min_instances=5",error_divergence_ph_meta,"{""divergence"": {""alpha"": 0.1, ""delta"": 0.005, ""min_instances"": 30, ""threshold"": 0.05}, ""error_rate"": {""alpha"": 0.15, ""delta"": 0.005, ""min_instances"": 5, ""threshold"": 0.1}}","{""error_rate"": {""min_instances"": 5, ""threshold"": 0.1}}",0.1,0.005,0.15,5,0.05,0.005,0.1,30,,,,-1,two_stage,2,0.5,"__confirm_cooldown=200,__confirm_rule=perm_test,__perm_alpha=0.05,__perm_min_effect=0,__perm_n_perm=200,__perm_post_n=10,__perm_pre_n=200,__perm_rng_seed=0,__perm_stat=vote_score,divergence=0.3,error_rate=0.5,teacher_entropy=0.2",3,0,200,0.0,0,10000,10.0,25.0,200,500,0,0,1.0,0.7366898148148148,0.2691116374710428,0.16666666666666666,0.5926854610443115,0.003441103734076023,0,0,10,9,-1,perm_test,0.004975124378109453,0.44842425933482793,9,9,0,0.0,0.16666666666666666,0,0.0,0.0,0.0,0.0,0,none,0,1,0,overconfident,0.95,0,mild_drift,0.9581611987670522,0.0013214087343974114,0.7908108767967775,0.8536802270577105,1768152350.0486357,0.48785582184791565,0.014285084791481495
55,3520,3519,sea_nodrift,sea,ts_drift_adapt,5,"error_divergence_ph_meta@error.threshold=0.10,error.min_instances=5",error_divergence_ph_meta,"{""divergence"": {""alpha"": 0.1, ""delta"": 0.005, ""min_instances"": 30, ""threshold"": 0.05}, ""error_rate"": {""alpha"": 0.15, ""delta"": 0.005, ""min_instances"": 5, ""threshold"": 0.1}}","{""error_rate"": {""min_instances"": 5, ""threshold"": 0.1}}",0.1,0.005,0.15,5,0.05,0.005,0.1,30,,,,-1,two_stage,2,0.5,"__confirm_cooldown=200,__confirm_rule=perm_test,__perm_alpha=0.05,__perm_min_effect=0,__perm_n_perm=200,__perm_post_n=10,__perm_pre_n=200,__perm_rng_seed=0,__perm_stat=vote_score,divergence=0.3,error_rate=0.5,teacher_entropy=0.2",3,0,200,0.0,0,10000,10.0,25.0,200,500,0,0,1.0,0.7369318181818182,0.27258801753722744,0.0,0.6037418246269226,0.003927762154489756,1,1,11,10,0,perm_test,0.004975124378109453,0.5506456361669596,10,10,0,0.0,0.16666666666666666,1,0.5,0.0,0.0,0.0,0,none,1,1,0,overconfident,0.95,0,stable,0.9740805993835261,0.0010607043671987057,0.8954054383983887,0.8993401135288552,1768152350.0624654,0.23654665052890778,0.016289832070469856
56,3584,3583,sea_nodrift,sea,ts_drift_adapt,5,"error_divergence_ph_meta@error.threshold=0.10,error.min_instances=5",error_divergence_ph_meta,"{""divergence"": {""alpha"": 0.1, ""delta"": 0.005, ""min_instances"": 30, ""threshold"": 0.05}, ""error_rate"": {""alpha"": 0.15, ""delta"": 0.005, ""min_instances"": 5, ""threshold"": 0.1}}","{""error_rate"": {""min_instances"": 5, ""threshold"": 0.1}}",0.1,0.005,0.15,5,0.05,0.005,0.1,30,,,,-1,two_stage,2,0.5,"__confirm_cooldown=200,__confirm_rule=perm_test,__perm_alpha=0.05,__perm_min_effect=0,__perm_n_perm=200,__perm_post_n=10,__perm_pre_n=200,__perm_rng_seed=0,__perm_stat=vote_score,divergence=0.3,error_rate=0.5,teacher_entropy=0.2",3,0,200,0.0,0,10000,10.0,25.0,200,500,1,136,1.0,0.73828125,0.2774221504232782,0.6666666666666666,0.5795490741729736,0.00351384817622602,0,0,11,10,-1,perm_test,0.004975124378109453,0.5506456361669596,10,10,0,0.0,0.6666666666666666,0,0.0,0.0,0.0,0.0,0,none,0,1,0,overconfident,0.95,0,mild_drift,0.967190299691763,0.001180352183599353,0.8477027191991944,0.8771700567644276,1768152350.070977,0.9271801114082336,0.014627044089138508
57,3648,3647,sea_nodrift,sea,ts_drift_adapt,5,"error_divergence_ph_meta@error.threshold=0.10,error.min_instances=5",error_divergence_ph_meta,"{""divergence"": {""alpha"": 0.1, ""delta"": 0.005, ""min_instances"": 30, ""threshold"": 0.05}, ""error_rate"": {""alpha"": 0.15, ""delta"": 0.005, ""min_instances"": 5, ""threshold"": 0.1}}","{""error_rate"": {""min_instances"": 5, ""threshold"": 0.1}}",0.1,0.005,0.15,5,0.05,0.005,0.1,30,,,,-1,two_stage,2,0.5,"__confirm_cooldown=200,__confirm_rule=perm_test,__perm_alpha=0.05,__perm_min_effect=0,__perm_n_perm=200,__perm_post_n=10,__perm_pre_n=200,__perm_rng_seed=0,__perm_stat=vote_score,divergence=0.3,error_rate=0.5,teacher_entropy=0.2",3,0,200,0.0,0,10000,10.0,25.0,200,500,1,72,1.0,0.7412280701754386,0.28209485729295414,0.16666666666666666,0.5915359258651733,0.004870605655014515,0,0,11,10,-1,perm_test,0.004975124378109453,0.5506456361669596,10,10,0,0.0,0.5,0,0.0,0.0,0.0,0.0,0,none,0,1,0,overconfident,0.95,0,mild_drift,0.9637451498458814,0.0012401760917996765,0.8238513595995972,0.8660850283822138,1768152350.0794022,0.4309644401073456,0.020391345024108887
58,3712,3711,sea_nodrift,sea,ts_drift_adapt,5,"error_divergence_ph_meta@error.threshold=0.10,error.min_instances=5",error_divergence_ph_meta,"{""divergence"": {""alpha"": 0.1, ""delta"": 0.005, ""min_instances"": 30, ""threshold"": 0.05}, ""error_rate"": {""alpha"": 0.15, ""delta"": 0.005, ""min_instances"": 5, ""threshold"": 0.1}}","{""error_rate"": {""min_instances"": 5, ""threshold"": 0.1}}",0.1,0.005,0.15,5,0.05,0.005,0.1,30,,,,-1,two_stage,2,0.5,"__confirm_cooldown=200,__confirm_rule=perm_test,__perm_alpha=0.05,__perm_min_effect=0,__perm_n_perm=200,__perm_post_n=10,__perm_pre_n=200,__perm_rng_seed=0,__perm_stat=vote_score,divergence=0.3,error_rate=0.5,teacher_entropy=0.2",3,0,200,0.0,0,10000,10.0,25.0,200,500,1,8,1.0,0.7419181034482759,0.2847925169917532,0.16666666666666666,0.5817395448684692,0.0028086749371141195,0,0,11,10,-1,perm_test,0.004975124378109453,0.5506456361669596,10,10,0,0.0,0.0020619307179003954,0,0.0,0.0,0.0,0.0,0,none,0,1,0,overconfident,0.95,0,mild_drift,0.9620225749229407,0.0012700880458998383,0.8119256797997987,0.8605425141911069,1768152350.0877717,0.41181397438049316,0.011566904373466969
59,3776,3775,sea_nodrift,sea,ts_drift_adapt,5,"error_divergence_ph_meta@error.threshold=0.10,error.min_instances=5",error_divergence_ph_meta,"{""divergence"": {""alpha"": 0.1, ""delta"": 0.005, ""min_instances"": 30, ""threshold"": 0.05}, ""error_rate"": {""alpha"": 0.15, ""delta"": 0.005, ""min_instances"": 5, ""threshold"": 0.1}}","{""error_rate"": {""min_instances"": 5, ""threshold"": 0.1}}",0.1,0.005,0.15,5,0.05,0.005,0.1,30,,,,-1,two_stage,2,0.5,"__confirm_cooldown=200,__confirm_rule=perm_test,__perm_alpha=0.05,__perm_min_effect=0,__perm_n_perm=200,__perm_post_n=10,__perm_pre_n=200,__perm_rng_seed=0,__perm_stat=vote_score,divergence=0.3,error_rate=0.5,teacher_entropy=0.2",3,0,200,0.0,0,10000,10.0,25.0,200,500,0,0,1.0,0.7433792372881356,0.2895651660644998,0.3333333333333333,0.5823792219161987,0.0033096421975642443,0,0,11,10,-1,perm_test,0.004975124378109453,0.5506456361669596,10,10,0,0.0,0.16666666666666666,0,0.0,0.0,0.0,0.0,0,none,0,1,0,overconfident,0.95,0,mild_drift,0.9611612874614703,0.0012850440229499193,0.8059628398998994,0.8577712570955535,1768152350.0961905,0.5753399729728699,0.013526319526135921
60,3840,3839,sea_nodrift,sea,ts_drift_adapt,5,"error_divergence_ph_meta@error.threshold=0.10,error.min_instances=5",error_divergence_ph_meta,"{""divergence"": {""alpha"": 0.1, ""delta"": 0.005, ""min_instances"": 30, ""threshold"": 0.05}, ""error_rate"": {""alpha"": 0.15, ""delta"": 0.005, ""min_instances"": 5, ""threshold"": 0.1}}","{""error_rate"": {""min_instances"": 5, ""threshold"": 0.1}}",0.1,0.005,0.15,5,0.05,0.005,0.1,30,,,,-1,two_stage,2,0.5,"__confirm_cooldown=200,__confirm_rule=perm_test,__perm_alpha=0.05,__perm_min_effect=0,__perm_n_perm=200,__perm_post_n=10,__perm_pre_n=200,__perm_rng_seed=0,__perm_stat=vote_score,divergence=0.3,error_rate=0.5,teacher_entropy=0.2",3,0,200,0.0,0,10000,10.0,25.0,200,500,0,0,1.0,0.74375,0.2943588824211596,0.3333333333333333,0.5846649408340454,0.0035688639618456364,1,1,12,11,0,perm_test,0.004975124378109453,0.5699204496454705,11,11,0,0.3333333333333333,0.0002592217642813921,1,0.5,0.0,0.0,0.0,0,none,1,1,0,overconfident,0.95,0,severe_drift,0.9260806437307352,0.0016425220114749596,0.6529814199499497,0.8338856285477767,1768152350.1100917,0.5880218148231506,0.014852864667773247
61,3904,3903,sea_nodrift,sea,ts_drift_adapt,5,"error_divergence_ph_meta@error.threshold=0.10,error.min_instances=5",error_divergence_ph_meta,"{""divergence"": {""alpha"": 0.1, ""delta"": 0.005, ""min_instances"": 30, ""threshold"": 0.05}, ""error_rate"": {""alpha"": 0.15, ""delta"": 0.005, ""min_instances"": 5, ""threshold"": 0.1}}","{""error_rate"": {""min_instances"": 5, ""threshold"": 0.1}}",0.1,0.005,0.15,5,0.05,0.005,0.1,30,,,,-1,two_stage,2,0.5,"__confirm_cooldown=200,__confirm_rule=perm_test,__perm_alpha=0.05,__perm_min_effect=0,__perm_n_perm=200,__perm_post_n=10,__perm_pre_n=200,__perm_rng_seed=0,__perm_stat=vote_score,divergence=0.3,error_rate=0.5,teacher_entropy=0.2",3,0,200,0.0,0,10000,10.0,25.0,200,500,1,136,1.0,0.7456454918032787,0.3014386140176752,0.0,0.5901212096214294,0.003507182700559497,0,0,12,11,-1,perm_test,0.004975124378109453,0.5699204496454705,11,11,0,0.0,0.3333333333333333,0,0.0,0.0,0.0,0.0,0,none,0,1,0,overconfident,0.95,0,mild_drift,0.9431903218653676,0.00147126100573748,0.7264907099749749,0.8444428142738883,1768152350.1198025,0.35336777567863464,0.16464465856552124
62,3968,3967,sea_nodrift,sea,ts_drift_adapt,5,"error_divergence_ph_meta@error.threshold=0.10,error.min_instances=5",error_divergence_ph_meta,"{""divergence"": {""alpha"": 0.1, ""delta"": 0.005, ""min_instances"": 30, ""threshold"": 0.05}, ""error_rate"": {""alpha"": 0.15, ""delta"": 0.005, ""min_instances"": 5, ""threshold"": 0.1}}","{""error_rate"": {""min_instances"": 5, ""threshold"": 0.1}}",0.1,0.005,0.15,5,0.05,0.005,0.1,30,,,,-1,two_stage,2,0.5,"__confirm_cooldown=200,__confirm_rule=perm_test,__perm_alpha=0.05,__perm_min_effect=0,__perm_n_perm=200,__perm_post_n=10,__perm_pre_n=200,__perm_rng_seed=0,__perm_stat=vote_score,divergence=0.3,error_rate=0.5,teacher_entropy=0.2",3,0,200,0.0,0,10000,10.0,25.0,200,500,1,72,1.0,0.7467237903225806,0.30532600122078013,0.16666666666666666,0.5596804022789001,0.0037742594722658396,0,0,12,11,-1,perm_test,0.004975124378109453,0.5699204496454705,11,11,0,0.0,0.16666666666666666,0,0.0,0.0,0.0,0.0,0,none,0,1,0,overconfident,0.95,0,mild_drift,0.9517451609326837,0.00138563050286874,0.7632453549874875,0.8497214071369441,1768152350.128994,0.3160657584667206,0.177190899848938
63,4032,4031,sea_nodrift,sea,ts_drift_adapt,5,"error_divergence_ph_meta@error.threshold=0.10,error.min_instances=5",error_divergence_ph_meta,"{""divergence"": {""alpha"": 0.1, ""delta"": 0.005, ""min_instances"": 30, ""threshold"": 0.05}, ""error_rate"": {""alpha"": 0.15, ""delta"": 0.005, ""min_instances"": 5, ""threshold"": 0.1}}","{""error_rate"": {""min_instances"": 5, ""threshold"": 0.1}}",0.1,0.005,0.15,5,0.05,0.005,0.1,30,,,,-1,two_stage,2,0.5,"__confirm_cooldown=200,__confirm_rule=perm_test,__perm_alpha=0.05,__perm_min_effect=0,__perm_n_perm=200,__perm_post_n=10,__perm_pre_n=200,__perm_rng_seed=0,__perm_stat=vote_score,divergence=0.3,error_rate=0.5,teacher_entropy=0.2",3,0,200,0.0,0,10000,10.0,25.0,200,500,1,8,1.0,0.7470238095238095,0.3101949134120716,0.5,0.5776248574256897,0.005282087251543999,0,0,12,11,-1,perm_test,0.004975124378109453,0.5699204496454705,11,11,0,0.0,0.33333333333333337,0,0.0,0.0,0.0,0.0,0,none,0,1,0,overconfident,0.95,0,mild_drift,0.9560225804663418,0.00134281525143437,0.7816226774937438,0.852360703568472,1768152350.1382048,0.7813941836357117,0.15268157422542572
64,4096,4095,sea_nodrift,sea,ts_drift_adapt,5,"error_divergence_ph_meta@error.threshold=0.10,error.min_instances=5",error_divergence_ph_meta,"{""divergence"": {""alpha"": 0.1, ""delta"": 0.005, ""min_instances"": 30, ""threshold"": 0.05}, ""error_rate"": {""alpha"": 0.15, ""delta"": 0.005, ""min_instances"": 5, ""threshold"": 0.1}}","{""error_rate"": {""min_instances"": 5, ""threshold"": 0.1}}",0.1,0.005,0.15,5,0.05,0.005,0.1,30,,,,-1,two_stage,2,0.5,"__confirm_cooldown=200,__confirm_rule=perm_test,__perm_alpha=0.05,__perm_min_effect=0,__perm_n_perm=200,__perm_post_n=10,__perm_pre_n=200,__perm_rng_seed=0,__perm_stat=vote_score,divergence=0.3,error_rate=0.5,teacher_entropy=0.2",3,0,200,0.0,0,10000,10.0,25.0,200,500,0,0,1.0,0.748779296875,0.3182551354275107,0.16666666666666666,0.5833017230033875,0.004460291005671024,0,0,12,11,-1,perm_test,0.004975124378109453,0.5699204496454705,11,11,0,0.0,0.33333333333333337,0,0.0,0.0,0.0,0.0,0,none,0,1,0,overconfident,0.95,0,mild_drift,0.9581612902331709,0.0013214076257171852,0.7908113387468719,0.853680351784236,1768152350.1466851,0.4665093421936035,0.01844751089811325
65,4160,4159,sea_nodrift,sea,ts_drift_adapt,5,"error_divergence_ph_meta@error.threshold=0.10,error.min_instances=5",error_divergence_ph_meta,"{""divergence"": {""alpha"": 0.1, ""delta"": 0.005, ""min_instances"": 30, ""threshold"": 0.05}, ""error_rate"": {""alpha"": 0.15, ""delta"": 0.005, ""min_instances"": 5, ""threshold"": 0.1}}","{""error_rate"": {""min_instances"": 5, ""threshold"": 0.1}}",0.1,0.005,0.15,5,0.05,0.005,0.1,30,,,,-1,two_stage,2,0.5,"__confirm_cooldown=200,__confirm_rule=perm_test,__perm_alpha=0.05,__perm_min_effect=0,__perm_n_perm=200,__perm_post_n=10,__perm_pre_n=200,__perm_rng_seed=0,__perm_stat=vote_score,divergence=0.3,error_rate=0.5,teacher_entropy=0.2",3,0,200,0.0,0,10000,10.0,25.0,200,500,0,0,1.0,0.7495192307692308,0.32192678463660573,0.16666666666666666,0.5767203569412231,0.0030610675457865,1,1,13,12,0,perm_test,0.004975124378109453,0.4373074833895616,12,12,0,0.16666666666666666,0.0013992234598845243,1,0.5,0.0,0.0,0.0,0,none,1,1,0,overconfident,0.95,0,severe_drift,0.9245806451165854,0.0016607038128585926,0.645405669373436,0.831840175892118,1768152350.1613486,0.287657231092453,0.14521019160747528
66,4224,4223,sea_nodrift,sea,ts_drift_adapt,5,"error_divergence_ph_meta@error.threshold=0.10,error.min_instances=5",error_divergence_ph_meta,"{""divergence"": {""alpha"": 0.1, ""delta"": 0.005, ""min_instances"": 30, ""threshold"": 0.05}, ""error_rate"": {""alpha"": 0.15, ""delta"": 0.005, ""min_instances"": 5, ""threshold"": 0.1}}","{""error_rate"": {""min_instances"": 5, ""threshold"": 0.1}}",0.1,0.005,0.15,5,0.05,0.005,0.1,30,,,,-1,two_stage,2,0.5,"__confirm_cooldown=200,__confirm_rule=perm_test,__perm_alpha=0.05,__perm_min_effect=0,__perm_n_perm=200,__perm_post_n=10,__perm_pre_n=200,__perm_rng_seed=0,__perm_stat=vote_score,divergence=0.3,error_rate=0.5,teacher_entropy=0.2",3,0,200,0.0,0,10000,10.0,25.0,200,500,1,136,1.0,0.7507102272727273,0.32674346371394,0.16666666666666666,0.571159839630127,0.004509261809289455,0,0,13,12,-1,perm_test,0.004975124378109453,0.4373074833895616,12,12,0,0.0,0.0014481942635029554,0,0.0,0.0,0.0,0.0,0,none,0,1,0,overconfident,0.95,0,mild_drift,0.9424403225582927,0.0014803519064292964,0.722702834686718,0.8434200879460589,1768152350.1706612,0.4495374262332916,0.17685841023921967
67,4288,4287,sea_nodrift,sea,ts_drift_adapt,5,"error_divergence_ph_meta@error.threshold=0.10,error.min_instances=5",error_divergence_ph_meta,"{""divergence"": {""alpha"": 0.1, ""delta"": 0.005, ""min_instances"": 30, ""threshold"": 0.05}, ""error_rate"": {""alpha"": 0.15, ""delta"": 0.005, ""min_instances"": 5, ""threshold"": 0.1}}","{""error_rate"": {""min_instances"": 5, ""threshold"": 0.1}}",0.1,0.005,0.15,5,0.05,0.005,0.1,30,,,,-1,two_stage,2,0.5,"__confirm_cooldown=200,__confirm_rule=perm_test,__perm_alpha=0.05,__perm_min_effect=0,__perm_n_perm=200,__perm_post_n=10,__perm_pre_n=200,__perm_rng_seed=0,__perm_stat=vote_score,divergence=0.3,error_rate=0.5,teacher_entropy=0.2",3,0,200,0.0,0,10000,10.0,25.0,200,500,1,72,1.0,0.7527985074626866,0.33004661232296356,0.16666666666666666,0.5455021858215332,0.0043466161005198956,0,0,13,12,-1,perm_test,0.004975124378109453,0.4373074833895616,12,12,0,0.0,0.00016264570876955986,0,0.0,0.0,0.0,0.0,0,none,0,1,0,overconfident,0.95,0,mild_drift,0.9513701612791463,0.0013901759532146483,0.7613514173433591,0.8492100439730295,1768152350.1798728,0.41129955649375916,0.15107476711273193
68,4352,4351,sea_nodrift,sea,ts_drift_adapt,5,"error_divergence_ph_meta@error.threshold=0.10,error.min_instances=5",error_divergence_ph_meta,"{""divergence"": {""alpha"": 0.1, ""delta"": 0.005, ""min_instances"": 30, ""threshold"": 0.05}, ""error_rate"": {""alpha"": 0.15, ""delta"": 0.005, ""min_instances"": 5, ""threshold"": 0.1}}","{""error_rate"": {""min_instances"": 5, ""threshold"": 0.1}}",0.1,0.005,0.15,5,0.05,0.005,0.1,30,,,,-1,two_stage,2,0.5,"__confirm_cooldown=200,__confirm_rule=perm_test,__perm_alpha=0.05,__perm_min_effect=0,__perm_n_perm=200,__perm_post_n=10,__perm_pre_n=200,__perm_rng_seed=0,__perm_stat=vote_score,divergence=0.3,error_rate=0.5,teacher_entropy=0.2",3,0,200,0.0,0,10000,10.0,25.0,200,500,1,8,1.0,0.7541360294117647,0.3344144752959636,0.16666666666666666,0.5656336545944214,0.004878214094787836,0,0,13,12,-1,perm_test,0.004975124378109453,0.4373074833895616,12,12,0,0.0,0.0005315979942679405,0,0.0,0.0,0.0,0.0,0,none,0,1,0,overconfident,0.95,0,mild_drift,0.9558350806395731,0.0013450879766073241,0.7806757086716796,0.8521050219865147,1768152350.1893003,0.5075187087059021,0.16702008247375488
69,4416,4415,sea_nodrift,sea,ts_drift_adapt,5,"error_divergence_ph_meta@error.threshold=0.10,error.min_instances=5",error_divergence_ph_meta,"{""divergence"": {""alpha"": 0.1, ""delta"": 0.005, ""min_instances"": 30, ""threshold"": 0.05}, ""error_rate"": {""alpha"": 0.15, ""delta"": 0.005, ""min_instances"": 5, ""threshold"": 0.1}}","{""error_rate"": {""min_instances"": 5, ""threshold"": 0.1}}",0.1,0.005,0.15,5,0.05,0.005,0.1,30,,,,-1,two_stage,2,0.5,"__confirm_cooldown=200,__confirm_rule=perm_test,__perm_alpha=0.05,__perm_min_effect=0,__perm_n_perm=200,__perm_post_n=10,__perm_pre_n=200,__perm_rng_seed=0,__perm_stat=vote_score,divergence=0.3,error_rate=0.5,teacher_entropy=0.2",3,0,200,0.0,0,10000,10.0,25.0,200,500,0,0,1.0,0.7531702898550725,0.33582439659787755,0.16666666666666666,0.5628354549407959,0.006915961857885122,0,0,13,12,-1,perm_test,0.004975124378109453,0.4373074833895616,12,12,0,0.0,0.0020377477630972862,0,0.0,0.0,0.0,0.0,0,none,0,1,0,overconfident,0.95,0,mild_drift,0.9580675403197865,0.0013225439883036622,0.7903378543358398,0.8535525109932574,1768152350.1989975,0.4215746819972992,0.12469860911369324
70,4480,4479,sea_nodrift,sea,ts_drift_adapt,5,"error_divergence_ph_meta@error.threshold=0.10,error.min_instances=5",error_divergence_ph_meta,"{""divergence"": {""alpha"": 0.1, ""delta"": 0.005, ""min_instances"": 30, ""threshold"": 0.05}, ""error_rate"": {""alpha"": 0.15, ""delta"": 0.005, ""min_instances"": 5, ""threshold"": 0.1}}","{""error_rate"": {""min_instances"": 5, ""threshold"": 0.1}}",0.1,0.005,0.15,5,0.05,0.005,0.1,30,,,,-1,two_stage,2,0.5,"__confirm_cooldown=200,__confirm_rule=perm_test,__perm_alpha=0.05,__perm_min_effect=0,__perm_n_perm=200,__perm_post_n=10,__perm_pre_n=200,__perm_rng_seed=0,__perm_stat=vote_score,divergence=0.3,error_rate=0.5,teacher_entropy=0.2",3,0,200,0.0,0,10000,10.0,25.0,200,500,0,0,1.0,0.7540178571428572,0.3387797501298479,0.16666666666666666,0.5557473301887512,0.005571190267801285,0,0,13,12,-1,perm_test,0.004975124378109453,0.4373074833895616,12,12,0,0.0,0.0013447715900838375,0,0.0,0.0,0.0,0.0,0,none,0,1,0,overconfident,0.95,0,mild_drift,0.9591837701598932,0.0013112719941518313,0.7951689271679199,0.8542762554966287,1768152350.2085886,0.5028125643730164,0.0849299430847168
71,4544,4543,sea_nodrift,sea,ts_drift_adapt,5,"error_divergence_ph_meta@error.threshold=0.10,error.min_instances=5",error_divergence_ph_meta,"{""divergence"": {""alpha"": 0.1, ""delta"": 0.005, ""min_instances"": 30, ""threshold"": 0.05}, ""error_rate"": {""alpha"": 0.15, ""delta"": 0.005, ""min_instances"": 5, ""threshold"": 0.1}}","{""error_rate"": {""min_instances"": 5, ""threshold"": 0.1}}",0.1,0.005,0.15,5,0.05,0.005,0.1,30,,,,-1,two_stage,2,0.5,"__confirm_cooldown=200,__confirm_rule=perm_test,__perm_alpha=0.05,__perm_min_effect=0,__perm_n_perm=200,__perm_post_n=10,__perm_pre_n=200,__perm_rng_seed=0,__perm_stat=vote_score,divergence=0.3,error_rate=0.5,teacher_entropy=0.2",3,0,200,0.0,0,10000,10.0,25.0,200,500,0,0,1.0,0.7557218309859155,0.3442786628476577,0.0,0.5556665062904358,0.007503489963710308,1,1,14,13,0,perm_test,0.004975124378109453,0.498264238790782,13,13,0,0.16666666666666666,0.16666666666666666,1,0.5,0.0,0.0,0.0,0,none,1,1,0,overconfident,0.95,0,severe_drift,0.9250918850799466,0.0016556359970759157,0.6475844635839599,0.8321381277483144,1768152350.223594,0.19986914098262787,0.13935744762420654
72,4608,4607,sea_nodrift,sea,ts_drift_adapt,5,"error_divergence_ph_meta@error.threshold=0.10,error.min_instances=5",error_divergence_ph_meta,"{""divergence"": {""alpha"": 0.1, ""delta"": 0.005, ""min_instances"": 30, ""threshold"": 0.05}, ""error_rate"": {""alpha"": 0.15, ""delta"": 0.005, ""min_instances"": 5, ""threshold"": 0.1}}","{""error_rate"": {""min_instances"": 5, ""threshold"": 0.1}}",0.1,0.005,0.15,5,0.05,0.005,0.1,30,,,,-1,two_stage,2,0.5,"__confirm_cooldown=200,__confirm_rule=perm_test,__perm_alpha=0.05,__perm_min_effect=0,__perm_n_perm=200,__perm_post_n=10,__perm_pre_n=200,__perm_rng_seed=0,__perm_stat=vote_score,divergence=0.3,error_rate=0.5,teacher_entropy=0.2",3,0,200,0.0,0,10000,10.0,25.0,200,500,1,136,1.0,0.7560763888888888,0.3473785225536169,0.3333333333333333,0.5476089119911194,0.00544002465903759,0,0,14,13,-1,perm_test,0.004975124378109453,0.498264238790782,13,13,0,0.0,0.3333333333333333,0,0.0,0.0,0.0,0.0,0,none,0,1,0,overconfident,0.95,0,mild_drift,0.9426959425399732,0.0014778179985379578,0.72379223179198,0.8435690638741572,1768152350.2331753,0.6765813231468201,0.1327659785747528
73,4672,4671,sea_nodrift,sea,ts_drift_adapt,5,"error_divergence_ph_meta@error.threshold=0.10,error.min_instances=5",error_divergence_ph_meta,"{""divergence"": {""alpha"": 0.1, ""delta"": 0.005, ""min_instances"": 30, ""threshold"": 0.05}, ""error_rate"": {""alpha"": 0.15, ""delta"": 0.005, ""min_instances"": 5, ""threshold"": 0.1}}","{""error_rate"": {""min_instances"": 5, ""threshold"": 0.1}}",0.1,0.005,0.15,5,0.05,0.005,0.1,30,,,,-1,two_stage,2,0.5,"__confirm_cooldown=200,__confirm_rule=perm_test,__perm_alpha=0.05,__perm_min_effect=0,__perm_n_perm=200,__perm_post_n=10,__perm_pre_n=200,__perm_rng_seed=0,__perm_stat=vote_score,divergence=0.3,error_rate=0.5,teacher_entropy=0.2",3,0,200,0.0,0,10000,10.0,25.0,200,500,1,72,1.0,0.757277397260274,0.3518224171005756,0.3333333333333333,0.5588331818580627,0.007764523383229971,0,0,14,13,-1,perm_test,0.004975124378109453,0.498264238790782,13,13,0,0.0,0.002324498724192381,0,0.0,0.0,0.0,0.0,0,none,0,1,0,overconfident,0.95,0,mild_drift,0.9514979712699866,0.001388908999268979,0.76189611589599,0.8492845319370785,1768152350.2425542,0.5373370051383972,0.13340941071510315
74,4736,4735,sea_nodrift,sea,ts_drift_adapt,5,"error_divergence_ph_meta@error.threshold=0.10,error.min_instances=5",error_divergence_ph_meta,"{""divergence"": {""alpha"": 0.1, ""delta"": 0.005, ""min_instances"": 30, ""threshold"": 0.05}, ""error_rate"": {""alpha"": 0.15, ""delta"": 0.005, ""min_instances"": 5, ""threshold"": 0.1}}","{""error_rate"": {""min_instances"": 5, ""threshold"": 0.1}}",0.1,0.005,0.15,5,0.05,0.005,0.1,30,,,,-1,two_stage,2,0.5,"__confirm_cooldown=200,__confirm_rule=perm_test,__perm_alpha=0.05,__perm_min_effect=0,__perm_n_perm=200,__perm_post_n=10,__perm_pre_n=200,__perm_rng_seed=0,__perm_stat=vote_score,divergence=0.3,error_rate=0.5,teacher_entropy=0.2",3,0,200,0.0,0,10000,10.0,25.0,200,500,1,8,1.0,0.7580236486486487,0.35500211059518777,0.16666666666666666,0.5452503561973572,0.006735021248459816,0,0,14,13,-1,perm_test,0.004975124378109453,0.498264238790782,13,13,0,0.0,0.16666666666666666,0,0.0,0.0,0.0,0.0,0,none,0,1,0,overconfident,0.95,0,mild_drift,0.9558989856349933,0.0013444544996344897,0.780948057947995,0.8521422659685393,1768152350.251949,0.5732382535934448,0.12592923641204834
75,4800,4799,sea_nodrift,sea,ts_drift_adapt,5,"error_divergence_ph_meta@error.threshold=0.10,error.min_instances=5",error_divergence_ph_meta,"{""divergence"": {""alpha"": 0.1, ""delta"": 0.005, ""min_instances"": 30, ""threshold"": 0.05}, ""error_rate"": {""alpha"": 0.15, ""delta"": 0.005, ""min_instances"": 5, ""threshold"": 0.1}}","{""error_rate"": {""min_instances"": 5, ""threshold"": 0.1}}",0.1,0.005,0.15,5,0.05,0.005,0.1,30,,,,-1,two_stage,2,0.5,"__confirm_cooldown=200,__confirm_rule=perm_test,__perm_alpha=0.05,__perm_min_effect=0,__perm_n_perm=200,__perm_post_n=10,__perm_pre_n=200,__perm_rng_seed=0,__perm_stat=vote_score,divergence=0.3,error_rate=0.5,teacher_entropy=0.2",3,0,200,0.0,0,10000,10.0,25.0,200,500,0,0,1.0,0.7585416666666667,0.35919203274995004,0.16666666666666666,0.5258329510688782,0.007709645666182041,0,0,14,13,-1,perm_test,0.004975124378109453,0.498264238790782,13,13,0,0.0,0.0009746244177222252,0,0.0,0.0,0.0,0.0,0,none,0,1,0,overconfident,0.95,0,mild_drift,0.9580994928174966,0.001322227249817245,0.7904740289739975,0.8535711329842697,1768152350.261452,0.46563485264778137,0.11150608211755753
76,4864,4863,sea_nodrift,sea,ts_drift_adapt,5,"error_divergence_ph_meta@error.threshold=0.10,error.min_instances=5",error_divergence_ph_meta,"{""divergence"": {""alpha"": 0.1, ""delta"": 0.005, ""min_instances"": 30, ""threshold"": 0.05}, ""error_rate"": {""alpha"": 0.15, ""delta"": 0.005, ""min_instances"": 5, ""threshold"": 0.1}}","{""error_rate"": {""min_instances"": 5, ""threshold"": 0.1}}",0.1,0.005,0.15,5,0.05,0.005,0.1,30,,,,-1,two_stage,2,0.5,"__confirm_cooldown=200,__confirm_rule=perm_test,__perm_alpha=0.05,__perm_min_effect=0,__perm_n_perm=200,__perm_post_n=10,__perm_pre_n=200,__perm_rng_seed=0,__perm_stat=vote_score,divergence=0.3,error_rate=0.5,teacher_entropy=0.2",3,0,200,0.0,0,10000,10.0,25.0,200,500,0,0,1.0,0.7592516447368421,0.3611734837394746,0.0,0.5193420052528381,0.0065390910021960735,1,1,15,14,0,perm_test,0.004975124378109453,0.514195838853456,14,14,0,0.0,0.16666666666666666,1,0.5,0.0,0.0,0.0,0,none,1,1,0,overconfident,0.95,0,stable,0.9740497464087483,0.0010611136249086225,0.8952370144869988,0.8992855664921349,1768152350.2765074,0.18810422718524933,0.11183716356754303
77,4928,4927,sea_nodrift,sea,ts_drift_adapt,5,"error_divergence_ph_meta@error.threshold=0.10,error.min_instances=5",error_divergence_ph_meta,"{""divergence"": {""alpha"": 0.1, ""delta"": 0.005, ""min_instances"": 30, ""threshold"": 0.05}, ""error_rate"": {""alpha"": 0.15, ""delta"": 0.005, ""min_instances"": 5, ""threshold"": 0.1}}","{""error_rate"": {""min_instances"": 5, ""threshold"": 0.1}}",0.1,0.005,0.15,5,0.05,0.005,0.1,30,,,,-1,two_stage,2,0.5,"__confirm_cooldown=200,__confirm_rule=perm_test,__perm_alpha=0.05,__perm_min_effect=0,__perm_n_perm=200,__perm_post_n=10,__perm_pre_n=200,__perm_rng_seed=0,__perm_stat=vote_score,divergence=0.3,error_rate=0.5,teacher_entropy=0.2",3,0,200,0.0,0,10000,10.0,25.0,200,500,1,136,1.0,0.7597402597402597,0.3643662173138533,0.0,0.5051586627960205,0.010127028450369835,0,0,15,14,-1,perm_test,0.004975124378109453,0.514195838853456,14,14,0,0.0,0.0035879374481737614,0,0.0,0.0,0.0,0.0,0,none,0,1,0,overconfident,0.95,0,mild_drift,0.9671748732043741,0.0011805568124543114,0.8476185072434994,0.8771427832460674,1768152350.285983,0.3879028260707855,0.09818968921899796
78,4992,4991,sea_nodrift,sea,ts_drift_adapt,5,"error_divergence_ph_meta@error.threshold=0.10,error.min_instances=5",error_divergence_ph_meta,"{""divergence"": {""alpha"": 0.1, ""delta"": 0.005, ""min_instances"": 30, ""threshold"": 0.05}, ""error_rate"": {""alpha"": 0.15, ""delta"": 0.005, ""min_instances"": 5, ""threshold"": 0.1}}","{""error_rate"": {""min_instances"": 5, ""threshold"": 0.1}}",0.1,0.005,0.15,5,0.05,0.005,0.1,30,,,,-1,two_stage,2,0.5,"__confirm_cooldown=200,__confirm_rule=perm_test,__perm_alpha=0.05,__perm_min_effect=0,__perm_n_perm=200,__perm_post_n=10,__perm_pre_n=200,__perm_rng_seed=0,__perm_stat=vote_score,divergence=0.3,error_rate=0.5,teacher_entropy=0.2",3,0,200,0.0,0,10000,10.0,25.0,200,500,1,72,1.0,0.7612179487179487,0.36925547846350304,0.0,0.517367959022522,0.009330789558589458,0,0,15,14,-1,perm_test,0.004975124378109453,0.514195838853456,14,14,0,0.0,0.0007962388917803764,0,0.0,0.0,0.0,0.0,0,none,0,1,0,overconfident,0.95,0,mild_drift,0.963737436602187,0.0012402784062271557,0.8238092536217497,0.8660713916230337,1768152350.2953122,0.29251620173454285,0.09049636125564575
79,5056,5055,sea_nodrift,sea,ts_drift_adapt,5,"error_divergence_ph_meta@error.threshold=0.10,error.min_instances=5",error_divergence_ph_meta,"{""divergence"": {""alpha"": 0.1, ""delta"": 0.005, ""min_instances"": 30, ""threshold"": 0.05}, ""error_rate"": {""alpha"": 0.15, ""delta"": 0.005, ""min_instances"": 5, ""threshold"": 0.1}}","{""error_rate"": {""min_instances"": 5, ""threshold"": 0.1}}",0.1,0.005,0.15,5,0.05,0.005,0.1,30,,,,-1,two_stage,2,0.5,"__confirm_cooldown=200,__confirm_rule=perm_test,__perm_alpha=0.05,__perm_min_effect=0,__perm_n_perm=200,__perm_post_n=10,__perm_pre_n=200,__perm_rng_seed=0,__perm_stat=vote_score,divergence=0.3,error_rate=0.5,teacher_entropy=0.2",3,0,200,0.0,0,10000,10.0,25.0,200,500,1,8,1.0,0.7614715189873418,0.3697585096310874,0.16666666666666666,0.5057942271232605,0.008307790383696556,0,0,15,14,-1,perm_test,0.004975124378109453,0.514195838853456,14,14,0,0.0,0.16666666666666666,0,0.0,0.0,0.0,0.0,0,none,0,1,0,overconfident,0.95,0,mild_drift,0.9620187183010935,0.001270139203113578,0.8119046268108749,0.8605356958115169,1768152350.3046954,0.4910478889942169,0.1026734709739685
80,5120,5119,sea_nodrift,sea,ts_drift_adapt,5,"error_divergence_ph_meta@error.threshold=0.10,error.min_instances=5",error_divergence_ph_meta,"{""divergence"": {""alpha"": 0.1, ""delta"": 0.005, ""min_instances"": 30, ""threshold"": 0.05}, ""error_rate"": {""alpha"": 0.15, ""delta"": 0.005, ""min_instances"": 5, ""threshold"": 0.1}}","{""error_rate"": {""min_instances"": 5, ""threshold"": 0.1}}",0.1,0.005,0.15,5,0.05,0.005,0.1,30,,,,-1,two_stage,2,0.5,"__confirm_cooldown=200,__confirm_rule=perm_test,__perm_alpha=0.05,__perm_min_effect=0,__perm_n_perm=200,__perm_post_n=10,__perm_pre_n=200,__perm_rng_seed=0,__perm_stat=vote_score,divergence=0.3,error_rate=0.5,teacher_entropy=0.2",3,0,200,0.0,0,10000,10.0,25.0,200,500,0,0,1.0,0.762890625,0.372183974918388,0.16666666666666666,0.5115004777908325,0.009214041754603386,0,0,15,14,-1,perm_test,0.004975124378109453,0.514195838853456,14,14,0,0.0,0.0009062513709068298,0,0.0,0.0,0.0,0.0,0,none,0,1,0,overconfident,0.95,0,mild_drift,0.9611593591505467,0.001285069601556789,0.8059523134054375,0.8577678479057584,1768152350.3142843,0.3539060354232788,0.09389732778072357
81,5184,5183,sea_nodrift,sea,ts_drift_adapt,5,"error_divergence_ph_meta@error.threshold=0.10,error.min_instances=5",error_divergence_ph_meta,"{""divergence"": {""alpha"": 0.1, ""delta"": 0.005, ""min_instances"": 30, ""threshold"": 0.05}, ""error_rate"": {""alpha"": 0.15, ""delta"": 0.005, ""min_instances"": 5, ""threshold"": 0.1}}","{""error_rate"": {""min_instances"": 5, ""threshold"": 0.1}}",0.1,0.005,0.15,5,0.05,0.005,0.1,30,,,,-1,two_stage,2,0.5,"__confirm_cooldown=200,__confirm_rule=perm_test,__perm_alpha=0.05,__perm_min_effect=0,__perm_n_perm=200,__perm_post_n=10,__perm_pre_n=200,__perm_rng_seed=0,__perm_stat=vote_score,divergence=0.3,error_rate=0.5,teacher_entropy=0.2",3,0,200,0.0,0,10000,10.0,25.0,200,500,0,0,1.0,0.7633101851851852,0.37370295363834644,0.16666666666666666,0.5229661464691162,0.012124555185437202,0,0,15,14,-1,perm_test,0.004975124378109453,0.514195838853456,14,14,0,0.0,0.0029105134308338165,0,0.0,0.0,0.0,0.0,0,none,0,1,0,overconfident,0.95,0,mild_drift,0.9607296795752733,0.0012925348007783947,0.8029761567027187,0.8563839239528792,1768152350.323888,0.3373551666736603,0.10866163671016693
82,5248,5247,sea_nodrift,sea,ts_drift_adapt,5,"error_divergence_ph_meta@error.threshold=0.10,error.min_instances=5",error_divergence_ph_meta,"{""divergence"": {""alpha"": 0.1, ""delta"": 0.005, ""min_instances"": 30, ""threshold"": 0.05}, ""error_rate"": {""alpha"": 0.15, ""delta"": 0.005, ""min_instances"": 5, ""threshold"": 0.1}}","{""error_rate"": {""min_instances"": 5, ""threshold"": 0.1}}",0.1,0.005,0.15,5,0.05,0.005,0.1,30,,,,-1,two_stage,2,0.5,"__confirm_cooldown=200,__confirm_rule=perm_test,__perm_alpha=0.05,__perm_min_effect=0,__perm_n_perm=200,__perm_post_n=10,__perm_pre_n=200,__perm_rng_seed=0,__perm_stat=vote_score,divergence=0.3,error_rate=0.5,teacher_entropy=0.2",3,0,200,0.0,0,10000,10.0,25.0,200,500,0,0,1.0,0.7635289634146342,0.37513235615251284,0.16666666666666666,0.5260593295097351,0.010139905847609043,0,0,15,14,-1,perm_test,0.004975124378109453,0.514195838853456,14,14,0,0.0,0.0019846493378281593,0,0.0,0.0,0.0,0.0,0,none,0,1,0,overconfident,0.95,0,mild_drift,0.9605148397876366,0.0012962674003891973,0.8014880783513594,0.8556919619764396,1768152350.333482,0.605221688747406,0.09681268036365509
83,5312,5311,sea_nodrift,sea,ts_drift_adapt,5,"error_divergence_ph_meta@error.threshold=0.10,error.min_instances=5",error_divergence_ph_meta,"{""divergence"": {""alpha"": 0.1, ""delta"": 0.005, ""min_instances"": 30, ""threshold"": 0.05}, ""error_rate"": {""alpha"": 0.15, ""delta"": 0.005, ""min_instances"": 5, ""threshold"": 0.1}}","{""error_rate"": {""min_instances"": 5, ""threshold"": 0.1}}",0.1,0.005,0.15,5,0.05,0.005,0.1,30,,,,-1,two_stage,2,0.5,"__confirm_cooldown=200,__confirm_rule=perm_test,__perm_alpha=0.05,__perm_min_effect=0,__perm_n_perm=200,__perm_post_n=10,__perm_pre_n=200,__perm_rng_seed=0,__perm_stat=vote_score,divergence=0.3,error_rate=0.5,teacher_entropy=0.2",3,0,200,0.0,0,10000,10.0,25.0,200,500,0,0,1.0,0.7637424698795181,0.3756450470315382,0.16666666666666666,0.49454787373542786,0.011125054210424423,0,0,15,14,-1,perm_test,0.004975124378109453,0.514195838853456,14,14,0,0.0,0.00098514836281538,0,0.0,0.0,0.0,0.0,0,none,0,1,0,overconfident,0.95,0,mild_drift,0.9604074198938183,0.0012981337001945988,0.8007440391756797,0.8553459809882198,1768152350.343471,0.3481082618236542,0.11565016210079193
84,5376,5375,sea_nodrift,sea,ts_drift_adapt,5,"error_divergence_ph_meta@error.threshold=0.10,error.min_instances=5",error_divergence_ph_meta,"{""divergence"": {""alpha"": 0.1, ""delta"": 0.005, ""min_instances"": 30, ""threshold"": 0.05}, ""error_rate"": {""alpha"": 0.15, ""delta"": 0.005, ""min_instances"": 5, ""threshold"": 0.1}}","{""error_rate"": {""min_instances"": 5, ""threshold"": 0.1}}",0.1,0.005,0.15,5,0.05,0.005,0.1,30,,,,-1,two_stage,2,0.5,"__confirm_cooldown=200,__confirm_rule=perm_test,__perm_alpha=0.05,__perm_min_effect=0,__perm_n_perm=200,__perm_post_n=10,__perm_pre_n=200,__perm_rng_seed=0,__perm_stat=vote_score,divergence=0.3,error_rate=0.5,teacher_entropy=0.2",3,0,200,0.0,0,10000,10.0,25.0,200,500,0,0,1.0,0.7645089285714286,0.380071203291171,0.16666666666666666,0.5186019539833069,0.01146028097718954,0,0,15,14,-1,perm_test,0.004975124378109453,0.514195838853456,14,14,0,0.0,0.00033522676676511765,0,0.0,0.0,0.0,0.0,0,none,0,1,0,overconfident,0.95,0,mild_drift,0.960353709946909,0.0012990668500972996,0.8003720195878399,0.8551729904941099,1768152350.3532953,0.45154789090156555,0.1183125376701355
85,5440,5439,sea_nodrift,sea,ts_drift_adapt,5,"error_divergence_ph_meta@error.threshold=0.10,error.min_instances=5",error_divergence_ph_meta,"{""divergence"": {""alpha"": 0.1, ""delta"": 0.005, ""min_instances"": 30, ""threshold"": 0.05}, ""error_rate"": {""alpha"": 0.15, ""delta"": 0.005, ""min_instances"": 5, ""threshold"": 0.1}}","{""error_rate"": {""min_instances"": 5, ""threshold"": 0.1}}",0.1,0.005,0.15,5,0.05,0.005,0.1,30,,,,-1,two_stage,2,0.5,"__confirm_cooldown=200,__confirm_rule=perm_test,__perm_alpha=0.05,__perm_min_effect=0,__perm_n_perm=200,__perm_post_n=10,__perm_pre_n=200,__perm_rng_seed=0,__perm_stat=vote_score,divergence=0.3,error_rate=0.5,teacher_entropy=0.2",3,0,200,0.0,0,10000,10.0,25.0,200,500,0,0,1.0,0.7647058823529411,0.3825855648164568,0.16666666666666666,0.5140657424926758,0.009346687234938145,0,0,15,14,-1,perm_test,0.004975124378109453,0.514195838853456,14,14,0,0.0,0.002113593742251396,0,0.0,0.0,0.0,0.0,0,none,0,1,0,overconfident,0.95,0,mild_drift,0.9603268549734545,0.0012995334250486498,0.80018600979392,0.8550864952470549,1768152350.3630602,0.2953244149684906,0.10410599410533905
86,5504,5503,sea_nodrift,sea,ts_drift_adapt,5,"error_divergence_ph_meta@error.threshold=0.10,error.min_instances=5",error_divergence_ph_meta,"{""divergence"": {""alpha"": 0.1, ""delta"": 0.005, ""min_instances"": 30, ""threshold"": 0.05}, ""error_rate"": {""alpha"": 0.15, ""delta"": 0.005, ""min_instances"": 5, ""threshold"": 0.1}}","{""error_rate"": {""min_instances"": 5, ""threshold"": 0.1}}",0.1,0.005,0.15,5,0.05,0.005,0.1,30,,,,-1,two_stage,2,0.5,"__confirm_cooldown=200,__confirm_rule=perm_test,__perm_alpha=0.05,__perm_min_effect=0,__perm_n_perm=200,__perm_post_n=10,__perm_pre_n=200,__perm_rng_seed=0,__perm_stat=vote_score,divergence=0.3,error_rate=0.5,teacher_entropy=0.2",3,0,200,0.0,0,10000,10.0,25.0,200,500,0,0,1.0,0.7648982558139535,0.38319487459904783,0.3333333333333333,0.47195756435394287,0.008590307086706161,1,1,16,15,0,perm_test,0.004975124378109453,0.5,15,15,0,0.3333333333333333,0.16666666666666666,1,0.5,0.0,0.0,0.0,0,none,1,1,0,overconfident,0.95,0,severe_drift,0.9256634274867273,0.001649766712524325,0.65009300489696,0.8325432476235275,1768152350.378629,0.4590616524219513,0.11443595588207245
87,5568,5567,sea_nodrift,sea,ts_drift_adapt,5,"error_divergence_ph_meta@error.threshold=0.10,error.min_instances=5",error_divergence_ph_meta,"{""divergence"": {""alpha"": 0.1, ""delta"": 0.005, ""min_instances"": 30, ""threshold"": 0.05}, ""error_rate"": {""alpha"": 0.15, ""delta"": 0.005, ""min_instances"": 5, ""threshold"": 0.1}}","{""error_rate"": {""min_instances"": 5, ""threshold"": 0.1}}",0.1,0.005,0.15,5,0.05,0.005,0.1,30,,,,-1,two_stage,2,0.5,"__confirm_cooldown=200,__confirm_rule=perm_test,__perm_alpha=0.05,__perm_min_effect=0,__perm_n_perm=200,__perm_post_n=10,__perm_pre_n=200,__perm_rng_seed=0,__perm_stat=vote_score,divergence=0.3,error_rate=0.5,teacher_entropy=0.2",3,0,200,0.0,0,10000,10.0,25.0,200,500,1,136,1.0,0.7659841954022989,0.3862467092128505,0.16666666666666666,0.47968363761901855,0.010966033674776554,0,0,16,15,-1,perm_test,0.004975124378109453,0.5,15,15,0,0.0,0.16666666666666666,0,0.0,0.0,0.0,0.0,0,none,0,1,0,overconfident,0.95,0,mild_drift,0.9429817137433636,0.0014748833562621625,0.72504650244848,0.8437716238117637,1768152350.388399,0.18304383754730225,0.11743322759866714
88,5632,5631,sea_nodrift,sea,ts_drift_adapt,5,"error_divergence_ph_meta@error.threshold=0.10,error.min_instances=5",error_divergence_ph_meta,"{""divergence"": {""alpha"": 0.1, ""delta"": 0.005, ""min_instances"": 30, ""threshold"": 0.05}, ""error_rate"": {""alpha"": 0.15, ""delta"": 0.005, ""min_instances"": 5, ""threshold"": 0.1}}","{""error_rate"": {""min_instances"": 5, ""threshold"": 0.1}}",0.1,0.005,0.15,5,0.05,0.005,0.1,30,,,,-1,two_stage,2,0.5,"__confirm_cooldown=200,__confirm_rule=perm_test,__perm_alpha=0.05,__perm_min_effect=0,__perm_n_perm=200,__perm_post_n=10,__perm_pre_n=200,__perm_rng_seed=0,__perm_stat=vote_score,divergence=0.3,error_rate=0.5,teacher_entropy=0.2",3,0,200,0.0,0,10000,10.0,25.0,200,500,1,72,1.0,0.7661576704545454,0.38709969558851215,0.16666666666666666,0.4522118866443634,0.007027129642665386,0,0,16,15,-1,perm_test,0.004975124378109453,0.5,15,15,0,0.0,0.003938904032111168,0,0.0,0.0,0.0,0.0,0,none,0,1,0,overconfident,0.95,0,mild_drift,0.9516408568716818,0.0013874416781310813,0.76252325122424,0.8493858119058819,1768152350.3979552,0.342083603143692,0.11226852983236313
89,5696,5695,sea_nodrift,sea,ts_drift_adapt,5,"error_divergence_ph_meta@error.threshold=0.10,error.min_instances=5",error_divergence_ph_meta,"{""divergence"": {""alpha"": 0.1, ""delta"": 0.005, ""min_instances"": 30, ""threshold"": 0.05}, ""error_rate"": {""alpha"": 0.15, ""delta"": 0.005, ""min_instances"": 5, ""threshold"": 0.1}}","{""error_rate"": {""min_instances"": 5, ""threshold"": 0.1}}",0.1,0.005,0.15,5,0.05,0.005,0.1,30,,,,-1,two_stage,2,0.5,"__confirm_cooldown=200,__confirm_rule=perm_test,__perm_alpha=0.05,__perm_min_effect=0,__perm_n_perm=200,__perm_post_n=10,__perm_pre_n=200,__perm_rng_seed=0,__perm_stat=vote_score,divergence=0.3,error_rate=0.5,teacher_entropy=0.2",3,0,200,0.0,0,10000,10.0,25.0,200,500,1,8,1.0,0.7654494382022472,0.38699591543057965,0.5,0.4909340739250183,0.007350725121796131,0,0,16,15,-1,perm_test,0.004975124378109453,0.5,15,15,0,0.0,0.33333333333333337,0,0.0,0.0,0.0,0.0,0,none,0,1,0,overconfident,0.95,0,mild_drift,0.9559704284358408,0.0013437208390655406,0.7812616256121201,0.852192905952941,1768152350.4074845,0.980299174785614,0.11738120019435883
90,5760,5759,sea_nodrift,sea,ts_drift_adapt,5,"error_divergence_ph_meta@error.threshold=0.10,error.min_instances=5",error_divergence_ph_meta,"{""divergence"": {""alpha"": 0.1, ""delta"": 0.005, ""min_instances"": 30, ""threshold"": 0.05}, ""error_rate"": {""alpha"": 0.15, ""delta"": 0.005, ""min_instances"": 5, ""threshold"": 0.1}}","{""error_rate"": {""min_instances"": 5, ""threshold"": 0.1}}",0.1,0.005,0.15,5,0.05,0.005,0.1,30,,,,-1,two_stage,2,0.5,"__confirm_cooldown=200,__confirm_rule=perm_test,__perm_alpha=0.05,__perm_min_effect=0,__perm_n_perm=200,__perm_post_n=10,__perm_pre_n=200,__perm_rng_seed=0,__perm_stat=vote_score,divergence=0.3,error_rate=0.5,teacher_entropy=0.2",3,0,200,0.0,0,10000,10.0,25.0,200,500,0,0,1.0,0.7659722222222223,0.3908037770341575,0.3333333333333333,0.46459442377090454,0.0048880730755627155,0,0,16,15,-1,perm_test,0.004975124378109453,0.5,15,15,0,0.0,0.16666666666666669,0,0.0,0.0,0.0,0.0,0,none,0,1,0,overconfident,0.95,0,mild_drift,0.9581352142179204,0.0013218604195327703,0.7906308128060601,0.8535964529764705,1768152350.4170783,0.5156803131103516,0.08161763846874237
91,5824,5823,sea_nodrift,sea,ts_drift_adapt,5,"error_divergence_ph_meta@error.threshold=0.10,error.min_instances=5",error_divergence_ph_meta,"{""divergence"": {""alpha"": 0.1, ""delta"": 0.005, ""min_instances"": 30, ""threshold"": 0.05}, ""error_rate"": {""alpha"": 0.15, ""delta"": 0.005, ""min_instances"": 5, ""threshold"": 0.1}}","{""error_rate"": {""min_instances"": 5, ""threshold"": 0.1}}",0.1,0.005,0.15,5,0.05,0.005,0.1,30,,,,-1,two_stage,2,0.5,"__confirm_cooldown=200,__confirm_rule=perm_test,__perm_alpha=0.05,__perm_min_effect=0,__perm_n_perm=200,__perm_post_n=10,__perm_pre_n=200,__perm_rng_seed=0,__perm_stat=vote_score,divergence=0.3,error_rate=0.5,teacher_entropy=0.2",3,0,200,0.0,0,10000,10.0,25.0,200,500,0,0,1.0,0.7661401098901099,0.39073471100736207,0.16666666666666666,0.4357871413230896,0.005520742852240801,1,1,17,16,0,perm_test,0.004975124378109453,0.4608101962103746,16,16,0,0.16666666666666666,0.16666666666666666,1,0.5,0.0,0.0,0.0,0,none,1,1,0,overconfident,0.95,0,severe_drift,0.9245676071089601,0.0016609302097663852,0.64531540640303,0.8317982264882353,1768152350.4327626,0.29761359095573425,0.09241525828838348
92,5888,5887,sea_nodrift,sea,ts_drift_adapt,5,"error_divergence_ph_meta@error.threshold=0.10,error.min_instances=5",error_divergence_ph_meta,"{""divergence"": {""alpha"": 0.1, ""delta"": 0.005, ""min_instances"": 30, ""threshold"": 0.05}, ""error_rate"": {""alpha"": 0.15, ""delta"": 0.005, ""min_instances"": 5, ""threshold"": 0.1}}","{""error_rate"": {""min_instances"": 5, ""threshold"": 0.1}}",0.1,0.005,0.15,5,0.05,0.005,0.1,30,,,,-1,two_stage,2,0.5,"__confirm_cooldown=200,__confirm_rule=perm_test,__perm_alpha=0.05,__perm_min_effect=0,__perm_n_perm=200,__perm_post_n=10,__perm_pre_n=200,__perm_rng_seed=0,__perm_stat=vote_score,divergence=0.3,error_rate=0.5,teacher_entropy=0.2",3,0,200,0.0,0,10000,10.0,25.0,200,500,1,136,1.0,0.766983695652174,0.39206557411592435,0.3333333333333333,0.4683552086353302,0.004244946874678135,0,0,17,16,-1,perm_test,0.004975124378109453,0.4608101962103746,16,16,0,0.0,0.16666666666666666,0,0.0,0.0,0.0,0.0,0,none,0,1,0,overconfident,0.95,0,mild_drift,0.94243380355448,0.0014804651048831927,0.722657703201515,0.8433991132441176,1768152350.4424634,0.7368432879447937,0.09149505943059921
93,5952,5951,sea_nodrift,sea,ts_drift_adapt,5,"error_divergence_ph_meta@error.threshold=0.10,error.min_instances=5",error_divergence_ph_meta,"{""divergence"": {""alpha"": 0.1, ""delta"": 0.005, ""min_instances"": 30, ""threshold"": 0.05}, ""error_rate"": {""alpha"": 0.15, ""delta"": 0.005, ""min_instances"": 5, ""threshold"": 0.1}}","{""error_rate"": {""min_instances"": 5, ""threshold"": 0.1}}",0.1,0.005,0.15,5,0.05,0.005,0.1,30,,,,-1,two_stage,2,0.5,"__confirm_cooldown=200,__confirm_rule=perm_test,__perm_alpha=0.05,__perm_min_effect=0,__perm_n_perm=200,__perm_post_n=10,__perm_pre_n=200,__perm_rng_seed=0,__perm_stat=vote_score,divergence=0.3,error_rate=0.5,teacher_entropy=0.2",3,0,200,0.0,0,10000,10.0,25.0,200,500,1,72,1.0,0.7661290322580645,0.3914513632435384,0.3333333333333333,0.4613695442676544,0.006176626309752464,0,0,17,16,-1,perm_test,0.004975124378109453,0.4608101962103746,16,16,0,0.0,0.0019316794350743294,0,0.0,0.0,0.0,0.0,0,none,0,1,0,overconfident,0.95,0,mild_drift,0.9513669017772399,0.0013902325524415963,0.7613288516007575,0.8491995566220588,1768152350.45208,0.6398350596427917,0.11477404832839966
94,6016,6015,sea_nodrift,sea,ts_drift_adapt,5,"error_divergence_ph_meta@error.threshold=0.10,error.min_instances=5",error_divergence_ph_meta,"{""divergence"": {""alpha"": 0.1, ""delta"": 0.005, ""min_instances"": 30, ""threshold"": 0.05}, ""error_rate"": {""alpha"": 0.15, ""delta"": 0.005, ""min_instances"": 5, ""threshold"": 0.1}}","{""error_rate"": {""min_instances"": 5, ""threshold"": 0.1}}",0.1,0.005,0.15,5,0.05,0.005,0.1,30,,,,-1,two_stage,2,0.5,"__confirm_cooldown=200,__confirm_rule=perm_test,__perm_alpha=0.05,__perm_min_effect=0,__perm_n_perm=200,__perm_post_n=10,__perm_pre_n=200,__perm_rng_seed=0,__perm_stat=vote_score,divergence=0.3,error_rate=0.5,teacher_entropy=0.2",3,0,200,0.0,0,10000,10.0,25.0,200,500,1,8,1.0,0.7666223404255319,0.3943853442134352,0.0,0.45066240429878235,0.006616680417209864,0,0,17,16,-1,perm_test,0.004975124378109453,0.4608101962103746,16,16,0,0.0,0.3333333333333333,0,0.0,0.0,0.0,0.0,0,none,0,1,0,overconfident,0.95,0,mild_drift,0.9558334508886199,0.0013451162762207983,0.7806644258003788,0.8520997783110293,1768152350.4617133,0.26490578055381775,0.11533258855342865
95,6080,6079,sea_nodrift,sea,ts_drift_adapt,5,"error_divergence_ph_meta@error.threshold=0.10,error.min_instances=5",error_divergence_ph_meta,"{""divergence"": {""alpha"": 0.1, ""delta"": 0.005, ""min_instances"": 30, ""threshold"": 0.05}, ""error_rate"": {""alpha"": 0.15, ""delta"": 0.005, ""min_instances"": 5, ""threshold"": 0.1}}","{""error_rate"": {""min_instances"": 5, ""threshold"": 0.1}}",0.1,0.005,0.15,5,0.05,0.005,0.1,30,,,,-1,two_stage,2,0.5,"__confirm_cooldown=200,__confirm_rule=perm_test,__perm_alpha=0.05,__perm_min_effect=0,__perm_n_perm=200,__perm_post_n=10,__perm_pre_n=200,__perm_rng_seed=0,__perm_stat=vote_score,divergence=0.3,error_rate=0.5,teacher_entropy=0.2",3,0,200,0.0,0,10000,10.0,25.0,200,500,0,0,1.0,0.7671052631578947,0.39531594048175095,0.16666666666666666,0.43855535984039307,0.005029588472098112,0,0,17,16,-1,perm_test,0.004975124378109453,0.4608101962103746,16,16,0,0.0,0.16666666666666666,0,0.0,0.0,0.0,0.0,0,none,0,1,0,overconfident,0.95,0,mild_drift,0.9580667254443099,0.0013225581381103991,0.7903322129001894,0.8535498891555147,1768152350.471408,0.29831328988075256,0.09254530072212219
96,6144,6143,sea_nodrift,sea,ts_drift_adapt,5,"error_divergence_ph_meta@error.threshold=0.10,error.min_instances=5",error_divergence_ph_meta,"{""divergence"": {""alpha"": 0.1, ""delta"": 0.005, ""min_instances"": 30, ""threshold"": 0.05}, ""error_rate"": {""alpha"": 0.15, ""delta"": 0.005, ""min_instances"": 5, ""threshold"": 0.1}}","{""error_rate"": {""min_instances"": 5, ""threshold"": 0.1}}",0.1,0.005,0.15,5,0.05,0.005,0.1,30,,,,-1,two_stage,2,0.5,"__confirm_cooldown=200,__confirm_rule=perm_test,__perm_alpha=0.05,__perm_min_effect=0,__perm_n_perm=200,__perm_post_n=10,__perm_pre_n=200,__perm_rng_seed=0,__perm_stat=vote_score,divergence=0.3,error_rate=0.5,teacher_entropy=0.2",3,0,200,0.0,0,10000,10.0,25.0,200,500,0,0,1.0,0.7669270833333334,0.3960951245066191,0.16666666666666666,0.45873990654945374,0.004935660399496555,1,1,18,17,0,perm_test,0.004975124378109453,0.5323371859763656,17,17,0,0.0,9.392807260155678e-05,1,0.5,0.0,0.0,0.0,0,none,1,1,0,overconfident,0.95,0,stable,0.9740333627221549,0.0010612790690551995,0.8951661064500946,0.8992749445777574,1768152350.4873123,0.24453194439411163,0.10117744654417038
97,6208,6207,sea_nodrift,sea,ts_drift_adapt,5,"error_divergence_ph_meta@error.threshold=0.10,error.min_instances=5",error_divergence_ph_meta,"{""divergence"": {""alpha"": 0.1, ""delta"": 0.005, ""min_instances"": 30, ""threshold"": 0.05}, ""error_rate"": {""alpha"": 0.15, ""delta"": 0.005, ""min_instances"": 5, ""threshold"": 0.1}}","{""error_rate"": {""min_instances"": 5, ""threshold"": 0.1}}",0.1,0.005,0.15,5,0.05,0.005,0.1,30,,,,-1,two_stage,2,0.5,"__confirm_cooldown=200,__confirm_rule=perm_test,__perm_alpha=0.05,__perm_min_effect=0,__perm_n_perm=200,__perm_post_n=10,__perm_pre_n=200,__perm_rng_seed=0,__perm_stat=vote_score,divergence=0.3,error_rate=0.5,teacher_entropy=0.2",3,0,200,0.0,0,10000,10.0,25.0,200,500,1,136,1.0,0.7677190721649485,0.3965433931005921,0.5,0.43813228607177734,0.005089175887405872,0,0,18,17,-1,perm_test,0.004975124378109453,0.5323371859763656,17,17,0,0.0,0.33333333333333337,0,0.0,0.0,0.0,0.0,0,none,0,1,0,overconfident,0.95,0,mild_drift,0.9671666813610774,0.0011806395345276,0.8475830532250473,0.8771374722888787,1768152350.4970114,0.5968756079673767,0.08016210794448853
98,6272,6271,sea_nodrift,sea,ts_drift_adapt,5,"error_divergence_ph_meta@error.threshold=0.10,error.min_instances=5",error_divergence_ph_meta,"{""divergence"": {""alpha"": 0.1, ""delta"": 0.005, ""min_instances"": 30, ""threshold"": 0.05}, ""error_rate"": {""alpha"": 0.15, ""delta"": 0.005, ""min_instances"": 5, ""threshold"": 0.1}}","{""error_rate"": {""min_instances"": 5, ""threshold"": 0.1}}",0.1,0.005,0.15,5,0.05,0.005,0.1,30,,,,-1,two_stage,2,0.5,"__confirm_cooldown=200,__confirm_rule=perm_test,__perm_alpha=0.05,__perm_min_effect=0,__perm_n_perm=200,__perm_post_n=10,__perm_pre_n=200,__perm_rng_seed=0,__perm_stat=vote_score,divergence=0.3,error_rate=0.5,teacher_entropy=0.2",3,0,200,0.0,0,10000,10.0,25.0,200,500,1,72,1.0,0.7680165816326531,0.39675787500885784,0.16666666666666666,0.4110748767852783,0.008890821598470211,0,0,18,17,-1,perm_test,0.004975124378109453,0.5323371859763656,17,17,0,0.0,0.33333333333333337,0,0.0,0.0,0.0,0.0,0,none,0,1,0,overconfident,0.95,0,mild_drift,0.9637333406805386,0.0012403197672638,0.8237915266125238,0.8660687361444394,1768152350.5065563,0.8051893711090088,0.12312890589237213
99,6336,6335,sea_nodrift,sea,ts_drift_adapt,5,"error_divergence_ph_meta@error.threshold=0.10,error.min_instances=5",error_divergence_ph_meta,"{""divergence"": {""alpha"": 0.1, ""delta"": 0.005, ""min_instances"": 30, ""threshold"": 0.05}, ""error_rate"": {""alpha"": 0.15, ""delta"": 0.005, ""min_instances"": 5, ""threshold"": 0.1}}","{""error_rate"": {""min_instances"": 5, ""threshold"": 0.1}}",0.1,0.005,0.15,5,0.05,0.005,0.1,30,,,,-1,two_stage,2,0.5,"__confirm_cooldown=200,__confirm_rule=perm_test,__perm_alpha=0.05,__perm_min_effect=0,__perm_n_perm=200,__perm_post_n=10,__perm_pre_n=200,__perm_rng_seed=0,__perm_stat=vote_score,divergence=0.3,error_rate=0.5,teacher_entropy=0.2",3,0,200,0.0,0,10000,10.0,25.0,200,500,1,8,1.0,0.7687815656565656,0.3977784946175167,0.0,0.46059367060661316,0.007175942417234182,0,0,18,17,-1,perm_test,0.004975124378109453,0.5323371859763656,17,17,0,0.0,0.16666666666666666,0,0.0,0.0,0.0,0.0,0,none,0,1,0,overconfident,0.95,0,mild_drift,0.9620166703402693,0.0012701598836319002,0.8118957633062619,0.8605343680722197,1768152350.5161107,0.10446691513061523,0.11355238407850266
100,6400,6399,sea_nodrift,sea,ts_drift_adapt,5,"error_divergence_ph_meta@error.threshold=0.10,error.min_instances=5",error_divergence_ph_meta,"{""divergence"": {""alpha"": 0.1, ""delta"": 0.005, ""min_instances"": 30, ""threshold"": 0.05}, ""error_rate"": {""alpha"": 0.15, ""delta"": 0.005, ""min_instances"": 5, ""threshold"": 0.1}}","{""error_rate"": {""min_instances"": 5, ""threshold"": 0.1}}",0.1,0.005,0.15,5,0.05,0.005,0.1,30,,,,-1,two_stage,2,0.5,"__confirm_cooldown=200,__confirm_rule=perm_test,__perm_alpha=0.05,__perm_min_effect=0,__perm_n_perm=200,__perm_post_n=10,__perm_pre_n=200,__perm_rng_seed=0,__perm_stat=vote_score,divergence=0.3,error_rate=0.5,teacher_entropy=0.2",3,0,200,0.0,0,10000,10.0,25.0,200,500,0,0,1.0,0.769375,0.3988741107582597,0.0,0.4552764892578125,0.011942926794290543,0,0,18,17,-1,perm_test,0.004975124378109453,0.5323371859763656,17,17,0,0.0,0.00476698437705636,0,0.0,0.0,0.0,0.0,0,none,0,1,0,overconfident,0.95,0,mild_drift,0.9611583351701346,0.00128507994181595,0.8059478816531309,0.8577671840361099,1768152350.5257893,0.1340189129114151,0.16090717911720276
101,6464,6463,sea_nodrift,sea,ts_drift_adapt,5,"error_divergence_ph_meta@error.threshold=0.10,error.min_instances=5",error_divergence_ph_meta,"{""divergence"": {""alpha"": 0.1, ""delta"": 0.005, ""min_instances"": 30, ""threshold"": 0.05}, ""error_rate"": {""alpha"": 0.15, ""delta"": 0.005, ""min_instances"": 5, ""threshold"": 0.1}}","{""error_rate"": {""min_instances"": 5, ""threshold"": 0.1}}",0.1,0.005,0.15,5,0.05,0.005,0.1,30,,,,-1,two_stage,2,0.5,"__confirm_cooldown=200,__confirm_rule=perm_test,__perm_alpha=0.05,__perm_min_effect=0,__perm_n_perm=200,__perm_post_n=10,__perm_pre_n=200,__perm_rng_seed=0,__perm_stat=vote_score,divergence=0.3,error_rate=0.5,teacher_entropy=0.2",3,0,200,0.0,0,10000,10.0,25.0,200,500,0,0,1.0,0.7693378712871287,0.39891465879208465,0.3333333333333333,0.4002600908279419,0.009658575057983398,1,1,19,18,0,perm_test,0.004975124378109453,0.5626301074170493,18,18,0,0.16666666666666666,0.3333333333333333,1,0.5,0.0,0.0,0.0,0,none,1,1,0,overconfident,0.95,0,severe_drift,0.9260791675850673,0.001642539970907975,0.6529739408265655,0.833883592018055,1768152350.5414467,1.1157881021499634,0.11668862402439117
102,6528,6527,sea_nodrift,sea,ts_drift_adapt,5,"error_divergence_ph_meta@error.threshold=0.10,error.min_instances=5",error_divergence_ph_meta,"{""divergence"": {""alpha"": 0.1, ""delta"": 0.005, ""min_instances"": 30, ""threshold"": 0.05}, ""error_rate"": {""alpha"": 0.15, ""delta"": 0.005, ""min_instances"": 5, ""threshold"": 0.1}}","{""error_rate"": {""min_instances"": 5, ""threshold"": 0.1}}",0.1,0.005,0.15,5,0.05,0.005,0.1,30,,,,-1,two_stage,2,0.5,"__confirm_cooldown=200,__confirm_rule=perm_test,__perm_alpha=0.05,__perm_min_effect=0,__perm_n_perm=200,__perm_post_n=10,__perm_pre_n=200,__perm_rng_seed=0,__perm_stat=vote_score,divergence=0.3,error_rate=0.5,teacher_entropy=0.2",3,0,200,0.0,0,10000,10.0,25.0,200,500,1,136,1.0,0.7696078431372549,0.39934360469747354,0.3333333333333333,0.44239768385887146,0.008500149473547935,0,0,19,18,-1,perm_test,0.004975124378109453,0.5626301074170493,18,18,0,0.0,0.001158425584435463,0,0.0,0.0,0.0,0.0,0,none,0,1,0,overconfident,0.95,0,mild_drift,0.9431895837925336,0.0014712699854539876,0.7264869704132828,0.8444417960090275,1768152350.5511434,0.6800224781036377,0.11201944947242737
103,6592,6591,sea_nodrift,sea,ts_drift_adapt,5,"error_divergence_ph_meta@error.threshold=0.10,error.min_instances=5",error_divergence_ph_meta,"{""divergence"": {""alpha"": 0.1, ""delta"": 0.005, ""min_instances"": 30, ""threshold"": 0.05}, ""error_rate"": {""alpha"": 0.15, ""delta"": 0.005, ""min_instances"": 5, ""threshold"": 0.1}}","{""error_rate"": {""min_instances"": 5, ""threshold"": 0.1}}",0.1,0.005,0.15,5,0.05,0.005,0.1,30,,,,-1,two_stage,2,0.5,"__confirm_cooldown=200,__confirm_rule=perm_test,__perm_alpha=0.05,__perm_min_effect=0,__perm_n_perm=200,__perm_post_n=10,__perm_pre_n=200,__perm_rng_seed=0,__perm_stat=vote_score,divergence=0.3,error_rate=0.5,teacher_entropy=0.2",3,0,200,0.0,0,10000,10.0,25.0,200,500,1,72,1.0,0.7697208737864077,0.4005015183583324,0.16666666666666666,0.45659491419792175,0.00771396653726697,0,0,19,18,-1,perm_test,0.004975124378109453,0.5626301074170493,18,18,0,0.0,0.16666666666666666,0,0.0,0.0,0.0,0.0,0,none,0,1,0,overconfident,0.95,0,mild_drift,0.9517447918962667,0.0013856349927269939,0.7632434852066414,0.8497208980045137,1768152350.560734,0.20845569670200348,0.12849339842796326
104,6656,6655,sea_nodrift,sea,ts_drift_adapt,5,"error_divergence_ph_meta@error.threshold=0.10,error.min_instances=5",error_divergence_ph_meta,"{""divergence"": {""alpha"": 0.1, ""delta"": 0.005, ""min_instances"": 30, ""threshold"": 0.05}, ""error_rate"": {""alpha"": 0.15, ""delta"": 0.005, ""min_instances"": 5, ""threshold"": 0.1}}","{""error_rate"": {""min_instances"": 5, ""threshold"": 0.1}}",0.1,0.005,0.15,5,0.05,0.005,0.1,30,,,,-1,two_stage,2,0.5,"__confirm_cooldown=200,__confirm_rule=perm_test,__perm_alpha=0.05,__perm_min_effect=0,__perm_n_perm=200,__perm_post_n=10,__perm_pre_n=200,__perm_rng_seed=0,__perm_stat=vote_score,divergence=0.3,error_rate=0.5,teacher_entropy=0.2",3,0,200,0.0,0,10000,10.0,25.0,200,500,1,8,1.0,0.7698317307692307,0.4016323824110178,0.0,0.41236743330955505,0.005337640177458525,0,0,19,18,-1,perm_test,0.004975124378109453,0.5626301074170493,18,18,0,0.0,0.16666666666666666,0,0.0,0.0,0.0,0.0,0,none,0,1,0,overconfident,0.95,0,mild_drift,0.9560223959481333,0.001342817496363497,0.7816217426033207,0.8523604490022568,1768152350.570372,0.12812601029872894,0.11450421810150146
105,6720,6719,sea_nodrift,sea,ts_drift_adapt,5,"error_divergence_ph_meta@error.threshold=0.10,error.min_instances=5",error_divergence_ph_meta,"{""divergence"": {""alpha"": 0.1, ""delta"": 0.005, ""min_instances"": 30, ""threshold"": 0.05}, ""error_rate"": {""alpha"": 0.15, ""delta"": 0.005, ""min_instances"": 5, ""threshold"": 0.1}}","{""error_rate"": {""min_instances"": 5, ""threshold"": 0.1}}",0.1,0.005,0.15,5,0.05,0.005,0.1,30,,,,-1,two_stage,2,0.5,"__confirm_cooldown=200,__confirm_rule=perm_test,__perm_alpha=0.05,__perm_min_effect=0,__perm_n_perm=200,__perm_post_n=10,__perm_pre_n=200,__perm_rng_seed=0,__perm_stat=vote_score,divergence=0.3,error_rate=0.5,teacher_entropy=0.2",3,0,200,0.0,0,10000,10.0,25.0,200,500,0,0,1.0,0.7697916666666667,0.4014866113096592,0.0,0.427619606256485,0.004473088309168816,0,0,19,18,-1,perm_test,0.004975124378109453,0.5626301074170493,18,18,0,0.0,0.0008645518682897091,0,0.0,0.0,0.0,0.0,0,none,0,1,0,overconfident,0.95,0,mild_drift,0.9581611979740666,0.0013214087481817486,0.7908108713016604,0.8536802245011283,1768152350.5800903,0.18189968168735504,0.11019185930490494
106,6784,6783,sea_nodrift,sea,ts_drift_adapt,5,"error_divergence_ph_meta@error.threshold=0.10,error.min_instances=5",error_divergence_ph_meta,"{""divergence"": {""alpha"": 0.1, ""delta"": 0.005, ""min_instances"": 30, ""threshold"": 0.05}, ""error_rate"": {""alpha"": 0.15, ""delta"": 0.005, ""min_instances"": 5, ""threshold"": 0.1}}","{""error_rate"": {""min_instances"": 5, ""threshold"": 0.1}}",0.1,0.005,0.15,5,0.05,0.005,0.1,30,,,,-1,two_stage,2,0.5,"__confirm_cooldown=200,__confirm_rule=perm_test,__perm_alpha=0.05,__perm_min_effect=0,__perm_n_perm=200,__perm_post_n=10,__perm_pre_n=200,__perm_rng_seed=0,__perm_stat=vote_score,divergence=0.3,error_rate=0.5,teacher_entropy=0.2",3,0,200,0.0,0,10000,10.0,25.0,200,500,0,0,1.0,0.7706367924528302,0.40333153848823544,0.16666666666666666,0.3917084038257599,0.0047892373986542225,1,1,20,19,0,perm_test,0.004975124378109453,0.5385899025939761,19,19,0,0.16666666666666666,0.16666666666666666,1,0.5,0.0,0.0,0.0,0,none,1,1,0,overconfident,0.95,0,severe_drift,0.9245805989870333,0.0016607043740908744,0.6454054356508302,0.8318401122505642,1768152350.5958886,0.5997034907341003,0.11240169405937195
107,6848,6847,sea_nodrift,sea,ts_drift_adapt,5,"error_divergence_ph_meta@error.threshold=0.10,error.min_instances=5",error_divergence_ph_meta,"{""divergence"": {""alpha"": 0.1, ""delta"": 0.005, ""min_instances"": 30, ""threshold"": 0.05}, ""error_rate"": {""alpha"": 0.15, ""delta"": 0.005, ""min_instances"": 5, ""threshold"": 0.1}}","{""error_rate"": {""min_instances"": 5, ""threshold"": 0.1}}",0.1,0.005,0.15,5,0.05,0.005,0.1,30,,,,-1,two_stage,2,0.5,"__confirm_cooldown=200,__confirm_rule=perm_test,__perm_alpha=0.05,__perm_min_effect=0,__perm_n_perm=200,__perm_post_n=10,__perm_pre_n=200,__perm_rng_seed=0,__perm_stat=vote_score,divergence=0.3,error_rate=0.5,teacher_entropy=0.2",3,0,200,0.0,0,10000,10.0,25.0,200,500,1,136,1.0,0.7717581775700935,0.40575027509957445,0.0,0.4228857755661011,0.005575933493673801,0,0,20,19,-1,perm_test,0.004975124378109453,0.5385899025939761,19,19,0,0.0,0.16666666666666666,0,0.0,0.0,0.0,0.0,0,none,0,1,0,overconfident,0.95,0,mild_drift,0.9424402994935166,0.0014803521870454372,0.7227027178254151,0.843420056125282,1768152350.60559,0.11281568557024002,0.13550324738025665
108,6912,6911,sea_nodrift,sea,ts_drift_adapt,5,"error_divergence_ph_meta@error.threshold=0.10,error.min_instances=5",error_divergence_ph_meta,"{""divergence"": {""alpha"": 0.1, ""delta"": 0.005, ""min_instances"": 30, ""threshold"": 0.05}, ""error_rate"": {""alpha"": 0.15, ""delta"": 0.005, ""min_instances"": 5, ""threshold"": 0.1}}","{""error_rate"": {""min_instances"": 5, ""threshold"": 0.1}}",0.1,0.005,0.15,5,0.05,0.005,0.1,30,,,,-1,two_stage,2,0.5,"__confirm_cooldown=200,__confirm_rule=perm_test,__perm_alpha=0.05,__perm_min_effect=0,__perm_n_perm=200,__perm_post_n=10,__perm_pre_n=200,__perm_rng_seed=0,__perm_stat=vote_score,divergence=0.3,error_rate=0.5,teacher_entropy=0.2",3,0,200,0.0,0,10000,10.0,25.0,200,500,1,72,1.0,0.7724247685185185,0.4072259644825473,0.16666666666666666,0.3933582901954651,0.005041935481131077,0,0,20,19,-1,perm_test,0.004975124378109453,0.5385899025939761,19,19,0,0.0,0.16666666666666666,0,0.0,0.0,0.0,0.0,0,none,0,1,0,overconfident,0.95,0,mild_drift,0.9513701497467583,0.0013901760935227186,0.7613513589127076,0.849210028062641,1768152350.6153064,0.31930243968963623,0.11134449392557144
109,6976,6975,sea_nodrift,sea,ts_drift_adapt,5,"error_divergence_ph_meta@error.threshold=0.10,error.min_instances=5",error_divergence_ph_meta,"{""divergence"": {""alpha"": 0.1, ""delta"": 0.005, ""min_instances"": 30, ""threshold"": 0.05}, ""error_rate"": {""alpha"": 0.15, ""delta"": 0.005, ""min_instances"": 5, ""threshold"": 0.1}}","{""error_rate"": {""min_instances"": 5, ""threshold"": 0.1}}",0.1,0.005,0.15,5,0.05,0.005,0.1,30,,,,-1,two_stage,2,0.5,"__confirm_cooldown=200,__confirm_rule=perm_test,__perm_alpha=0.05,__perm_min_effect=0,__perm_n_perm=200,__perm_post_n=10,__perm_pre_n=200,__perm_rng_seed=0,__perm_stat=vote_score,divergence=0.3,error_rate=0.5,teacher_entropy=0.2",3,0,200,0.0,0,10000,10.0,25.0,200,500,1,8,1.0,0.7729357798165137,0.4086036571574633,0.0,0.40876710414886475,0.004731285385787487,0,0,20,19,-1,perm_test,0.004975124378109453,0.5385899025939761,19,19,0,0.0,0.16666666666666666,0,0.0,0.0,0.0,0.0,0,none,0,1,0,overconfident,0.95,0,mild_drift,0.955835074873379,0.0013450880467613595,0.7806756794563539,0.8521050140313204,1768152350.6248705,0.18221138417720795,0.12063667923212051
110,7040,7039,sea_nodrift,sea,ts_drift_adapt,5,"error_divergence_ph_meta@error.threshold=0.10,error.min_instances=5",error_divergence_ph_meta,"{""divergence"": {""alpha"": 0.1, ""delta"": 0.005, ""min_instances"": 30, ""threshold"": 0.05}, ""error_rate"": {""alpha"": 0.15, ""delta"": 0.005, ""min_instances"": 5, ""threshold"": 0.1}}","{""error_rate"": {""min_instances"": 5, ""threshold"": 0.1}}",0.1,0.005,0.15,5,0.05,0.005,0.1,30,,,,-1,two_stage,2,0.5,"__confirm_cooldown=200,__confirm_rule=perm_test,__perm_alpha=0.05,__perm_min_effect=0,__perm_n_perm=200,__perm_post_n=10,__perm_pre_n=200,__perm_rng_seed=0,__perm_stat=vote_score,divergence=0.3,error_rate=0.5,teacher_entropy=0.2",3,0,200,0.0,0,10000,10.0,25.0,200,500,0,0,1.0,0.7730113636363637,0.4086223578504654,0.0,0.4068470895290375,0.003368871985003352,0,0,20,19,-1,perm_test,0.004975124378109453,0.5385899025939761,19,19,0,0.0,0.0013624134007841349,0,0.0,0.0,0.0,0.0,0,none,0,1,0,overconfident,0.95,0,mild_drift,0.9580675374366895,0.00132254402338068,0.790337839728177,0.8535525070156602,1768152350.6344998,0.1738283634185791,0.10143221169710159
111,7104,7103,sea_nodrift,sea,ts_drift_adapt,5,"error_divergence_ph_meta@error.threshold=0.10,error.min_instances=5",error_divergence_ph_meta,"{""divergence"": {""alpha"": 0.1, ""delta"": 0.005, ""min_instances"": 30, ""threshold"": 0.05}, ""error_rate"": {""alpha"": 0.15, ""delta"": 0.005, ""min_instances"": 5, ""threshold"": 0.1}}","{""error_rate"": {""min_instances"": 5, ""threshold"": 0.1}}",0.1,0.005,0.15,5,0.05,0.005,0.1,30,,,,-1,two_stage,2,0.5,"__confirm_cooldown=200,__confirm_rule=perm_test,__perm_alpha=0.05,__perm_min_effect=0,__perm_n_perm=200,__perm_post_n=10,__perm_pre_n=200,__perm_rng_seed=0,__perm_stat=vote_score,divergence=0.3,error_rate=0.5,teacher_entropy=0.2",3,0,200,0.0,0,10000,10.0,25.0,200,500,0,0,1.0,0.7728040540540541,0.40945380228763567,0.16666666666666666,0.40006765723228455,0.005132421851158142,1,1,21,20,0,perm_test,0.004975124378109453,0.4906013245900607,20,20,0,0.0,0.16666666666666666,1,0.5,0.0,0.0,0.0,0,none,1,1,0,overconfident,0.95,0,stable,0.9740337687183447,0.00106127201169034,0.8951689198640884,0.8992762535078301,1768152350.650174,0.38974034786224365,0.10803242772817612
112,7168,7167,sea_nodrift,sea,ts_drift_adapt,5,"error_divergence_ph_meta@error.threshold=0.10,error.min_instances=5",error_divergence_ph_meta,"{""divergence"": {""alpha"": 0.1, ""delta"": 0.005, ""min_instances"": 30, ""threshold"": 0.05}, ""error_rate"": {""alpha"": 0.15, ""delta"": 0.005, ""min_instances"": 5, ""threshold"": 0.1}}","{""error_rate"": {""min_instances"": 5, ""threshold"": 0.1}}",0.1,0.005,0.15,5,0.05,0.005,0.1,30,,,,-1,two_stage,2,0.5,"__confirm_cooldown=200,__confirm_rule=perm_test,__perm_alpha=0.05,__perm_min_effect=0,__perm_n_perm=200,__perm_post_n=10,__perm_pre_n=200,__perm_rng_seed=0,__perm_stat=vote_score,divergence=0.3,error_rate=0.5,teacher_entropy=0.2",3,0,200,0.0,0,10000,10.0,25.0,200,500,1,136,1.0,0.7737165178571429,0.4112083801942718,0.16666666666666666,0.3936645984649658,0.004919647704809904,0,0,21,20,-1,perm_test,0.004975124378109453,0.4906013245900607,20,20,0,0.0,0.000212774146348238,0,0.0,0.0,0.0,0.0,0,none,0,1,0,overconfident,0.95,0,mild_drift,0.9671668843591723,0.00118063600584517,0.8475844599320442,0.8771381267539151,1768152350.659889,0.6128665804862976,0.07920722663402557
113,7232,7231,sea_nodrift,sea,ts_drift_adapt,5,"error_divergence_ph_meta@error.threshold=0.10,error.min_instances=5",error_divergence_ph_meta,"{""divergence"": {""alpha"": 0.1, ""delta"": 0.005, ""min_instances"": 30, ""threshold"": 0.05}, ""error_rate"": {""alpha"": 0.15, ""delta"": 0.005, ""min_instances"": 5, ""threshold"": 0.1}}","{""error_rate"": {""min_instances"": 5, ""threshold"": 0.1}}",0.1,0.005,0.15,5,0.05,0.005,0.1,30,,,,-1,two_stage,2,0.5,"__confirm_cooldown=200,__confirm_rule=perm_test,__perm_alpha=0.05,__perm_min_effect=0,__perm_n_perm=200,__perm_post_n=10,__perm_pre_n=200,__perm_rng_seed=0,__perm_stat=vote_score,divergence=0.3,error_rate=0.5,teacher_entropy=0.2",3,0,200,0.0,0,10000,10.0,25.0,200,500,1,72,1.0,0.7733683628318584,0.4101954390197734,0.0,0.41134780645370483,0.004425691440701485,0,0,21,20,-1,perm_test,0.004975124378109453,0.4906013245900607,20,20,0,0.0,0.16666666666666666,0,0.0,0.0,0.0,0.0,0,none,0,1,0,overconfident,0.95,0,mild_drift,0.9637334421795861,0.0012403180029225852,0.8237922299660221,0.8660690633769575,1768152350.669519,0.05190544202923775,0.08927857130765915
114,7296,7295,sea_nodrift,sea,ts_drift_adapt,5,"error_divergence_ph_meta@error.threshold=0.10,error.min_instances=5",error_divergence_ph_meta,"{""divergence"": {""alpha"": 0.1, ""delta"": 0.005, ""min_instances"": 30, ""threshold"": 0.05}, ""error_rate"": {""alpha"": 0.15, ""delta"": 0.005, ""min_instances"": 5, ""threshold"": 0.1}}","{""error_rate"": {""min_instances"": 5, ""threshold"": 0.1}}",0.1,0.005,0.15,5,0.05,0.005,0.1,30,,,,-1,two_stage,2,0.5,"__confirm_cooldown=200,__confirm_rule=perm_test,__perm_alpha=0.05,__perm_min_effect=0,__perm_n_perm=200,__perm_post_n=10,__perm_pre_n=200,__perm_rng_seed=0,__perm_stat=vote_score,divergence=0.3,error_rate=0.5,teacher_entropy=0.2",3,0,200,0.0,0,10000,10.0,25.0,200,500,1,8,1.0,0.7739857456140351,0.41026682707767037,0.16666666666666666,0.3865395784378052,0.005670818500220776,0,0,21,20,-1,perm_test,0.004975124378109453,0.4906013245900607,20,20,0,0.0,0.16666666666666666,0,0.0,0.0,0.0,0.0,0,none,0,1,0,overconfident,0.95,0,mild_drift,0.962016721089793,0.0012701590014612928,0.8118961149830111,0.8605345316884787,1768152350.6793282,0.601281464099884,0.08157523721456528
115,7360,7359,sea_nodrift,sea,ts_drift_adapt,5,"error_divergence_ph_meta@error.threshold=0.10,error.min_instances=5",error_divergence_ph_meta,"{""divergence"": {""alpha"": 0.1, ""delta"": 0.005, ""min_instances"": 30, ""threshold"": 0.05}, ""error_rate"": {""alpha"": 0.15, ""delta"": 0.005, ""min_instances"": 5, ""threshold"": 0.1}}","{""error_rate"": {""min_instances"": 5, ""threshold"": 0.1}}",0.1,0.005,0.15,5,0.05,0.005,0.1,30,,,,-1,two_stage,2,0.5,"__confirm_cooldown=200,__confirm_rule=perm_test,__perm_alpha=0.05,__perm_min_effect=0,__perm_n_perm=200,__perm_post_n=10,__perm_pre_n=200,__perm_rng_seed=0,__perm_stat=vote_score,divergence=0.3,error_rate=0.5,teacher_entropy=0.2",3,0,200,0.0,0,10000,10.0,25.0,200,500,0,0,1.0,0.7740489130434782,0.4104114048683563,0.16666666666666666,0.41564515233039856,0.006786304526031017,0,0,21,20,-1,perm_test,0.004975124378109453,0.4906013245900607,20,20,0,0.0,0.0011154860258102417,0,0.0,0.0,0.0,0.0,0,none,0,1,0,overconfident,0.95,0,mild_drift,0.9611583605448965,0.0012850795007306464,0.8059480574915056,0.8577672658442393,1768152350.689071,0.7597849369049072,0.08511262387037277
116,7424,7423,sea_nodrift,sea,ts_drift_adapt,5,"error_divergence_ph_meta@error.threshold=0.10,error.min_instances=5",error_divergence_ph_meta,"{""divergence"": {""alpha"": 0.1, ""delta"": 0.005, ""min_instances"": 30, ""threshold"": 0.05}, ""error_rate"": {""alpha"": 0.15, ""delta"": 0.005, ""min_instances"": 5, ""threshold"": 0.1}}","{""error_rate"": {""min_instances"": 5, ""threshold"": 0.1}}",0.1,0.005,0.15,5,0.05,0.005,0.1,30,,,,-1,two_stage,2,0.5,"__confirm_cooldown=200,__confirm_rule=perm_test,__perm_alpha=0.05,__perm_min_effect=0,__perm_n_perm=200,__perm_post_n=10,__perm_pre_n=200,__perm_rng_seed=0,__perm_stat=vote_score,divergence=0.3,error_rate=0.5,teacher_entropy=0.2",3,0,200,0.0,0,10000,10.0,25.0,200,500,0,0,1.0,0.7746497844827587,0.4106881998828242,0.16666666666666666,0.3949218690395355,0.006686977110803127,1,1,22,21,0,perm_test,0.004975124378109453,0.5034695142564531,21,21,0,0.0,9.932741522789001e-05,1,0.5,0.0,0.0,0.0,0,none,1,1,0,overconfident,0.95,0,stable,0.9755791802724483,0.0010425397503653231,0.9029740287457528,0.9013836329221196,1768152350.704812,0.1806541234254837,0.07911602407693863
117,7488,7487,sea_nodrift,sea,ts_drift_adapt,5,"error_divergence_ph_meta@error.threshold=0.10,error.min_instances=5",error_divergence_ph_meta,"{""divergence"": {""alpha"": 0.1, ""delta"": 0.005, ""min_instances"": 30, ""threshold"": 0.05}, ""error_rate"": {""alpha"": 0.15, ""delta"": 0.005, ""min_instances"": 5, ""threshold"": 0.1}}","{""error_rate"": {""min_instances"": 5, ""threshold"": 0.1}}",0.1,0.005,0.15,5,0.05,0.005,0.1,30,,,,-1,two_stage,2,0.5,"__confirm_cooldown=200,__confirm_rule=perm_test,__perm_alpha=0.05,__perm_min_effect=0,__perm_n_perm=200,__perm_post_n=10,__perm_pre_n=200,__perm_rng_seed=0,__perm_stat=vote_score,divergence=0.3,error_rate=0.5,teacher_entropy=0.2",3,0,200,0.0,0,10000,10.0,25.0,200,500,1,136,1.0,0.7753739316239316,0.4120836293963787,0.0,0.3535139262676239,0.00399609562009573,0,0,22,21,-1,perm_test,0.004975124378109453,0.5034695142564531,21,21,0,0.0,0.16666666666666666,0,0.0,0.0,0.0,0.0,0,none,0,1,0,overconfident,0.95,0,mild_drift,0.9679395901362241,0.0011712698751826615,0.8514870143728764,0.8781918164610598,1768152350.7144353,0.16096483170986176,0.0543893426656723
118,7552,7551,sea_nodrift,sea,ts_drift_adapt,5,"error_divergence_ph_meta@error.threshold=0.10,error.min_instances=5",error_divergence_ph_meta,"{""divergence"": {""alpha"": 0.1, ""delta"": 0.005, ""min_instances"": 30, ""threshold"": 0.05}, ""error_rate"": {""alpha"": 0.15, ""delta"": 0.005, ""min_instances"": 5, ""threshold"": 0.1}}","{""error_rate"": {""min_instances"": 5, ""threshold"": 0.1}}",0.1,0.005,0.15,5,0.05,0.005,0.1,30,,,,-1,two_stage,2,0.5,"__confirm_cooldown=200,__confirm_rule=perm_test,__perm_alpha=0.05,__perm_min_effect=0,__perm_n_perm=200,__perm_post_n=10,__perm_pre_n=200,__perm_rng_seed=0,__perm_stat=vote_score,divergence=0.3,error_rate=0.5,teacher_entropy=0.2",3,0,200,0.0,0,10000,10.0,25.0,200,500,1,72,1.0,0.7756885593220338,0.4136002551483689,0.16666666666666666,0.42221400141716003,0.007886153645813465,0,0,22,21,-1,perm_test,0.004975124378109453,0.5034695142564531,21,21,0,0.0,0.16666666666666666,0,0.0,0.0,0.0,0.0,0,none,0,1,0,overconfident,0.95,0,mild_drift,0.964119795068112,0.0012356349375913307,0.8257435071864383,0.8665959082305299,1768152350.7239676,0.26059815287590027,0.09257442504167557
119,7616,7615,sea_nodrift,sea,ts_drift_adapt,5,"error_divergence_ph_meta@error.threshold=0.10,error.min_instances=5",error_divergence_ph_meta,"{""divergence"": {""alpha"": 0.1, ""delta"": 0.005, ""min_instances"": 30, ""threshold"": 0.05}, ""error_rate"": {""alpha"": 0.15, ""delta"": 0.005, ""min_instances"": 5, ""threshold"": 0.1}}","{""error_rate"": {""min_instances"": 5, ""threshold"": 0.1}}",0.1,0.005,0.15,5,0.05,0.005,0.1,30,,,,-1,two_stage,2,0.5,"__confirm_cooldown=200,__confirm_rule=perm_test,__perm_alpha=0.05,__perm_min_effect=0,__perm_n_perm=200,__perm_post_n=10,__perm_pre_n=200,__perm_rng_seed=0,__perm_stat=vote_score,divergence=0.3,error_rate=0.5,teacher_entropy=0.2",3,0,200,0.0,0,10000,10.0,25.0,200,500,1,8,1.0,0.7765231092436975,0.41467599770213126,0.0,0.3485136032104492,0.004923040978610516,0,0,22,21,-1,perm_test,0.004975124378109453,0.5034695142564531,21,21,0,0.0,0.16666666666666666,0,0.0,0.0,0.0,0.0,0,none,0,1,0,overconfident,0.95,0,mild_drift,0.962209897534056,0.0012678174687956656,0.8128717535932192,0.8607979541152649,1768152350.733574,0.06259658187627792,0.08066582679748535
120,7680,7679,sea_nodrift,sea,ts_drift_adapt,5,"error_divergence_ph_meta@error.threshold=0.10,error.min_instances=5",error_divergence_ph_meta,"{""divergence"": {""alpha"": 0.1, ""delta"": 0.005, ""min_instances"": 30, ""threshold"": 0.05}, ""error_rate"": {""alpha"": 0.15, ""delta"": 0.005, ""min_instances"": 5, ""threshold"": 0.1}}","{""error_rate"": {""min_instances"": 5, ""threshold"": 0.1}}",0.1,0.005,0.15,5,0.05,0.005,0.1,30,,,,-1,two_stage,2,0.5,"__confirm_cooldown=200,__confirm_rule=perm_test,__perm_alpha=0.05,__perm_min_effect=0,__perm_n_perm=200,__perm_post_n=10,__perm_pre_n=200,__perm_rng_seed=0,__perm_stat=vote_score,divergence=0.3,error_rate=0.5,teacher_entropy=0.2",3,0,200,0.0,0,10000,10.0,25.0,200,500,0,0,1.0,0.7768229166666667,0.41539242082195527,0.16666666666666666,0.37478673458099365,0.007695646490901709,0,0,22,21,-1,perm_test,0.004975124378109453,0.5034695142564531,21,21,0,0.0,0.16666666666666666,0,0.0,0.0,0.0,0.0,0,none,0,1,0,overconfident,0.95,0,mild_drift,0.9612549487670279,0.0012839087343978327,0.8064358767966096,0.8578989770576324,1768152350.743427,0.45945510268211365,0.0925462543964386
121,7744,7743,sea_nodrift,sea,ts_drift_adapt,5,"error_divergence_ph_meta@error.threshold=0.10,error.min_instances=5",error_divergence_ph_meta,"{""divergence"": {""alpha"": 0.1, ""delta"": 0.005, ""min_instances"": 30, ""threshold"": 0.05}, ""error_rate"": {""alpha"": 0.15, ""delta"": 0.005, ""min_instances"": 5, ""threshold"": 0.1}}","{""error_rate"": {""min_instances"": 5, ""threshold"": 0.1}}",0.1,0.005,0.15,5,0.05,0.005,0.1,30,,,,-1,two_stage,2,0.5,"__confirm_cooldown=200,__confirm_rule=perm_test,__perm_alpha=0.05,__perm_min_effect=0,__perm_n_perm=200,__perm_post_n=10,__perm_pre_n=200,__perm_rng_seed=0,__perm_stat=vote_score,divergence=0.3,error_rate=0.5,teacher_entropy=0.2",3,0,200,0.0,0,10000,10.0,25.0,200,500,0,0,1.0,0.7764721074380165,0.4144743922877044,0.5,0.40650030970573425,0.00759455980733037,1,1,23,22,0,perm_test,0.004975124378109453,0.49031135129499126,22,22,0,0.33333333333333337,0.33333333333333337,1,0.5,0.0,0.0,0.0,0,none,1,1,0,overconfident,0.95,0,severe_drift,0.926127474383514,0.0016419543671989164,0.6532179383983048,0.8339494885288162,1768152350.7590165,1.0457249879837036,0.08456608653068542
122,7808,7807,sea_nodrift,sea,ts_drift_adapt,5,"error_divergence_ph_meta@error.threshold=0.10,error.min_instances=5",error_divergence_ph_meta,"{""divergence"": {""alpha"": 0.1, ""delta"": 0.005, ""min_instances"": 30, ""threshold"": 0.05}, ""error_rate"": {""alpha"": 0.15, ""delta"": 0.005, ""min_instances"": 5, ""threshold"": 0.1}}","{""error_rate"": {""min_instances"": 5, ""threshold"": 0.1}}",0.1,0.005,0.15,5,0.05,0.005,0.1,30,,,,-1,two_stage,2,0.5,"__confirm_cooldown=200,__confirm_rule=perm_test,__perm_alpha=0.05,__perm_min_effect=0,__perm_n_perm=200,__perm_post_n=10,__perm_pre_n=200,__perm_rng_seed=0,__perm_stat=vote_score,divergence=0.3,error_rate=0.5,teacher_entropy=0.2",3,0,200,0.0,0,10000,10.0,25.0,200,500,1,136,1.0,0.7767674180327869,0.41619171866857513,0.0,0.3527098000049591,0.004186643753200769,0,0,23,22,-1,perm_test,0.004975124378109453,0.49031135129499126,22,22,0,0.0,0.5,0,0.0,0.0,0.0,0.0,0,none,0,1,0,overconfident,0.95,0,mild_drift,0.9432137371917569,0.0014709771835994582,0.7266089691991524,0.844474744264408,1768152350.768784,0.2551697790622711,0.09154608100652695
123,7872,7871,sea_nodrift,sea,ts_drift_adapt,5,"error_divergence_ph_meta@error.threshold=0.10,error.min_instances=5",error_divergence_ph_meta,"{""divergence"": {""alpha"": 0.1, ""delta"": 0.005, ""min_instances"": 30, ""threshold"": 0.05}, ""error_rate"": {""alpha"": 0.15, ""delta"": 0.005, ""min_instances"": 5, ""threshold"": 0.1}}","{""error_rate"": {""min_instances"": 5, ""threshold"": 0.1}}",0.1,0.005,0.15,5,0.05,0.005,0.1,30,,,,-1,two_stage,2,0.5,"__confirm_cooldown=200,__confirm_rule=perm_test,__perm_alpha=0.05,__perm_min_effect=0,__perm_n_perm=200,__perm_post_n=10,__perm_pre_n=200,__perm_rng_seed=0,__perm_stat=vote_score,divergence=0.3,error_rate=0.5,teacher_entropy=0.2",3,0,200,0.0,0,10000,10.0,25.0,200,500,1,72,1.0,0.7766768292682927,0.4166088572073194,0.0,0.3966592252254486,0.004695761017501354,0,0,23,22,-1,perm_test,0.004975124378109453,0.49031135129499126,22,22,0,0.0,0.0005091172643005848,0,0.0,0.0,0.0,0.0,0,none,0,1,0,overconfident,0.95,0,mild_drift,0.9517568685958784,0.0013854885917997293,0.7633044845995762,0.849737372132204,1768152350.7784212,0.1124836727976799,0.09552177041769028
124,7936,7935,sea_nodrift,sea,ts_drift_adapt,5,"error_divergence_ph_meta@error.threshold=0.10,error.min_instances=5",error_divergence_ph_meta,"{""divergence"": {""alpha"": 0.1, ""delta"": 0.005, ""min_instances"": 30, ""threshold"": 0.05}, ""error_rate"": {""alpha"": 0.15, ""delta"": 0.005, ""min_instances"": 5, ""threshold"": 0.1}}","{""error_rate"": {""min_instances"": 5, ""threshold"": 0.1}}",0.1,0.005,0.15,5,0.05,0.005,0.1,30,,,,-1,two_stage,2,0.5,"__confirm_cooldown=200,__confirm_rule=perm_test,__perm_alpha=0.05,__perm_min_effect=0,__perm_n_perm=200,__perm_post_n=10,__perm_pre_n=200,__perm_rng_seed=0,__perm_stat=vote_score,divergence=0.3,error_rate=0.5,teacher_entropy=0.2",3,0,200,0.0,0,10000,10.0,25.0,200,500,1,8,1.0,0.7774697580645161,0.4177567906749197,0.3333333333333333,0.3720684051513672,0.0035879360511898994,0,0,23,22,-1,perm_test,0.004975124378109453,0.49031135129499126,22,22,0,0.0,0.3333333333333333,0,0.0,0.0,0.0,0.0,0,none,0,1,0,overconfident,0.95,0,mild_drift,0.9560284342979392,0.0013427442958998648,0.7816522422997881,0.8523686860661019,1768152350.7880235,0.49425795674324036,0.09292839467525482
125,8000,7999,sea_nodrift,sea,ts_drift_adapt,5,"error_divergence_ph_meta@error.threshold=0.10,error.min_instances=5",error_divergence_ph_meta,"{""divergence"": {""alpha"": 0.1, ""delta"": 0.005, ""min_instances"": 30, ""threshold"": 0.05}, ""error_rate"": {""alpha"": 0.15, ""delta"": 0.005, ""min_instances"": 5, ""threshold"": 0.1}}","{""error_rate"": {""min_instances"": 5, ""threshold"": 0.1}}",0.1,0.005,0.15,5,0.05,0.005,0.1,30,,,,-1,two_stage,2,0.5,"__confirm_cooldown=200,__confirm_rule=perm_test,__perm_alpha=0.05,__perm_min_effect=0,__perm_n_perm=200,__perm_post_n=10,__perm_pre_n=200,__perm_rng_seed=0,__perm_stat=vote_score,divergence=0.3,error_rate=0.5,teacher_entropy=0.2",3,0,200,0.0,0,10000,10.0,25.0,200,500,0,0,1.0,0.777625,0.4183536400060224,0.16666666666666666,0.38795584440231323,0.006374840624630451,0,0,23,22,-1,perm_test,0.004975124378109453,0.49031135129499126,22,22,0,0.0,0.16666666666666666,0,0.0,0.0,0.0,0.0,0,none,0,1,0,overconfident,0.95,0,mild_drift,0.9581642171489695,0.0013213721479499326,0.7908261211498941,0.853684343033051,1768152350.7977476,0.3924582898616791,0.11535117775201797
126,8064,8063,sea_nodrift,sea,ts_drift_adapt,5,"error_divergence_ph_meta@error.threshold=0.10,error.min_instances=5",error_divergence_ph_meta,"{""divergence"": {""alpha"": 0.1, ""delta"": 0.005, ""min_instances"": 30, ""threshold"": 0.05}, ""error_rate"": {""alpha"": 0.15, ""delta"": 0.005, ""min_instances"": 5, ""threshold"": 0.1}}","{""error_rate"": {""min_instances"": 5, ""threshold"": 0.1}}",0.1,0.005,0.15,5,0.05,0.005,0.1,30,,,,-1,two_stage,2,0.5,"__confirm_cooldown=200,__confirm_rule=perm_test,__perm_alpha=0.05,__perm_min_effect=0,__perm_n_perm=200,__perm_post_n=10,__perm_pre_n=200,__perm_rng_seed=0,__perm_stat=vote_score,divergence=0.3,error_rate=0.5,teacher_entropy=0.2",3,0,200,0.0,0,10000,10.0,25.0,200,500,0,0,1.0,0.7779017857142857,0.41946033447801595,0.0,0.4047991931438446,0.006137728225439787,1,1,24,23,0,perm_test,0.004975124378109453,0.46164948624594543,23,23,0,0.5,0.16666666666666666,1,0.5,0.0,0.0,0.0,0,none,1,1,0,overconfident,0.95,0,severe_drift,0.9245821085744848,0.0016606860739749663,0.6454130605749471,0.8318421715165255,1768152350.813312,0.04807041957974434,0.10100572556257248
127,8128,8127,sea_nodrift,sea,ts_drift_adapt,5,"error_divergence_ph_meta@error.threshold=0.10,error.min_instances=5",error_divergence_ph_meta,"{""divergence"": {""alpha"": 0.1, ""delta"": 0.005, ""min_instances"": 30, ""threshold"": 0.05}, ""error_rate"": {""alpha"": 0.15, ""delta"": 0.005, ""min_instances"": 5, ""threshold"": 0.1}}","{""error_rate"": {""min_instances"": 5, ""threshold"": 0.1}}",0.1,0.005,0.15,5,0.05,0.005,0.1,30,,,,-1,two_stage,2,0.5,"__confirm_cooldown=200,__confirm_rule=perm_test,__perm_alpha=0.05,__perm_min_effect=0,__perm_n_perm=200,__perm_post_n=10,__perm_pre_n=200,__perm_rng_seed=0,__perm_stat=vote_score,divergence=0.3,error_rate=0.5,teacher_entropy=0.2",3,0,200,0.0,0,10000,10.0,25.0,200,500,1,136,1.0,0.7784202755905512,0.42106741857427776,0.0,0.41386348009109497,0.008557800203561783,0,0,24,23,-1,perm_test,0.004975124378109453,0.46164948624594543,23,23,0,0.0,0.002420071978121996,0,0.0,0.0,0.0,0.0,0,none,0,1,0,overconfident,0.95,0,mild_drift,0.9424410542872423,0.0014803430369874832,0.7227065302874736,0.8434210857582627,1768152350.8229892,0.1035640761256218,0.11826663464307785
128,8192,8191,sea_nodrift,sea,ts_drift_adapt,5,"error_divergence_ph_meta@error.threshold=0.10,error.min_instances=5",error_divergence_ph_meta,"{""divergence"": {""alpha"": 0.1, ""delta"": 0.005, ""min_instances"": 30, ""threshold"": 0.05}, ""error_rate"": {""alpha"": 0.15, ""delta"": 0.005, ""min_instances"": 5, ""threshold"": 0.1}}","{""error_rate"": {""min_instances"": 5, ""threshold"": 0.1}}",0.1,0.005,0.15,5,0.05,0.005,0.1,30,,,,-1,two_stage,2,0.5,"__confirm_cooldown=200,__confirm_rule=perm_test,__perm_alpha=0.05,__perm_min_effect=0,__perm_n_perm=200,__perm_post_n=10,__perm_pre_n=200,__perm_rng_seed=0,__perm_stat=vote_score,divergence=0.3,error_rate=0.5,teacher_entropy=0.2",3,0,200,0.0,0,10000,10.0,25.0,200,500,1,72,1.0,0.778564453125,0.42181660767313084,0.3333333333333333,0.3697959780693054,0.0061748274601995945,0,0,24,23,-1,perm_test,0.004975124378109453,0.46164948624594543,23,23,0,0.0,0.3333333333333333,0,0.0,0.0,0.0,0.0,0,none,0,1,0,overconfident,0.95,0,mild_drift,0.9513705271436211,0.0013901715184937418,0.7613532651437368,0.8492105428791313,1768152350.8325589,0.5135214328765869,0.09328868985176086
129,8256,8255,sea_nodrift,sea,ts_drift_adapt,5,"error_divergence_ph_meta@error.threshold=0.10,error.min_instances=5",error_divergence_ph_meta,"{""divergence"": {""alpha"": 0.1, ""delta"": 0.005, ""min_instances"": 30, ""threshold"": 0.05}, ""error_rate"": {""alpha"": 0.15, ""delta"": 0.005, ""min_instances"": 5, ""threshold"": 0.1}}","{""error_rate"": {""min_instances"": 5, ""threshold"": 0.1}}",0.1,0.005,0.15,5,0.05,0.005,0.1,30,,,,-1,two_stage,2,0.5,"__confirm_cooldown=200,__confirm_rule=perm_test,__perm_alpha=0.05,__perm_min_effect=0,__perm_n_perm=200,__perm_post_n=10,__perm_pre_n=200,__perm_rng_seed=0,__perm_stat=vote_score,divergence=0.3,error_rate=0.5,teacher_entropy=0.2",3,0,200,0.0,0,10000,10.0,25.0,200,500,1,8,1.0,0.778343023255814,0.4205989178567444,0.3333333333333333,0.3394727408885956,0.0035777504090219736,0,0,24,23,-1,perm_test,0.004975124378109453,0.46164948624594543,23,23,0,0.0,0.002597077051177621,0,0.0,0.0,0.0,0.0,0,none,0,1,0,overconfident,0.95,0,mild_drift,0.9558352635718106,0.0013450857592468709,0.7806766325718684,0.8521052714395656,1768152350.8420827,0.7717365622520447,0.081721231341362
130,8320,8319,sea_nodrift,sea,ts_drift_adapt,5,"error_divergence_ph_meta@error.threshold=0.10,error.min_instances=5",error_divergence_ph_meta,"{""divergence"": {""alpha"": 0.1, ""delta"": 0.005, ""min_instances"": 30, ""threshold"": 0.05}, ""error_rate"": {""alpha"": 0.15, ""delta"": 0.005, ""min_instances"": 5, ""threshold"": 0.1}}","{""error_rate"": {""min_instances"": 5, ""threshold"": 0.1}}",0.1,0.005,0.15,5,0.05,0.005,0.1,30,,,,-1,two_stage,2,0.5,"__confirm_cooldown=200,__confirm_rule=perm_test,__perm_alpha=0.05,__perm_min_effect=0,__perm_n_perm=200,__perm_post_n=10,__perm_pre_n=200,__perm_rng_seed=0,__perm_stat=vote_score,divergence=0.3,error_rate=0.5,teacher_entropy=0.2",3,0,200,0.0,0,10000,10.0,25.0,200,500,0,0,1.0,0.7786057692307692,0.42047434656340754,0.0,0.35590723156929016,0.004700267221778631,0,0,24,23,-1,perm_test,0.004975124378109453,0.46164948624594543,23,23,0,0.0,0.3333333333333333,0,0.0,0.0,0.0,0.0,0,none,0,1,0,overconfident,0.95,0,mild_drift,0.9580676317859053,0.0013225428796234356,0.7903383162859342,0.8535526357197828,1768152350.8516965,0.11901536583900452,0.09716486185789108
131,8384,8383,sea_nodrift,sea,ts_drift_adapt,5,"error_divergence_ph_meta@error.threshold=0.10,error.min_instances=5",error_divergence_ph_meta,"{""divergence"": {""alpha"": 0.1, ""delta"": 0.005, ""min_instances"": 30, ""threshold"": 0.05}, ""error_rate"": {""alpha"": 0.15, ""delta"": 0.005, ""min_instances"": 5, ""threshold"": 0.1}}","{""error_rate"": {""min_instances"": 5, ""threshold"": 0.1}}",0.1,0.005,0.15,5,0.05,0.005,0.1,30,,,,-1,two_stage,2,0.5,"__confirm_cooldown=200,__confirm_rule=perm_test,__perm_alpha=0.05,__perm_min_effect=0,__perm_n_perm=200,__perm_post_n=10,__perm_pre_n=200,__perm_rng_seed=0,__perm_stat=vote_score,divergence=0.3,error_rate=0.5,teacher_entropy=0.2",3,0,200,0.0,0,10000,10.0,25.0,200,500,0,0,1.0,0.7782681297709924,0.41995256563014893,0.16666666666666666,0.3616727292537689,0.0038557304069399834,1,1,25,24,0,perm_test,0.004975124378109453,0.44844529966950974,24,24,0,0.16666666666666666,0.16666666666666666,1,0.5,0.0,0.0,0.0,0,none,1,1,0,overconfident,0.95,0,severe_drift,0.9245338158929526,0.0016612714398117178,0.645169158142967,0.8317763178598914,1768152350.8674057,0.539269208908081,0.08426544815301895
132,8448,8447,sea_nodrift,sea,ts_drift_adapt,5,"error_divergence_ph_meta@error.threshold=0.10,error.min_instances=5",error_divergence_ph_meta,"{""divergence"": {""alpha"": 0.1, ""delta"": 0.005, ""min_instances"": 30, ""threshold"": 0.05}, ""error_rate"": {""alpha"": 0.15, ""delta"": 0.005, ""min_instances"": 5, ""threshold"": 0.1}}","{""error_rate"": {""min_instances"": 5, ""threshold"": 0.1}}",0.1,0.005,0.15,5,0.05,0.005,0.1,30,,,,-1,two_stage,2,0.5,"__confirm_cooldown=200,__confirm_rule=perm_test,__perm_alpha=0.05,__perm_min_effect=0,__perm_n_perm=200,__perm_post_n=10,__perm_pre_n=200,__perm_rng_seed=0,__perm_stat=vote_score,divergence=0.3,error_rate=0.5,teacher_entropy=0.2",3,0,200,0.0,0,10000,10.0,25.0,200,500,1,136,1.0,0.7785274621212122,0.42081282423575134,0.3333333333333333,0.35831910371780396,0.004692721180617809,0,0,25,24,-1,perm_test,0.004975124378109453,0.44844529966950974,24,24,0,0.0,0.16666666666666666,0,0.0,0.0,0.0,0.0,0,none,0,1,0,overconfident,0.95,0,mild_drift,0.9424169079464763,0.001480635719905859,0.7225845790714835,0.8433881589299457,1768152350.8770466,0.5506255626678467,0.09063540399074554
133,8512,8511,sea_nodrift,sea,ts_drift_adapt,5,"error_divergence_ph_meta@error.threshold=0.10,error.min_instances=5",error_divergence_ph_meta,"{""divergence"": {""alpha"": 0.1, ""delta"": 0.005, ""min_instances"": 30, ""threshold"": 0.05}, ""error_rate"": {""alpha"": 0.15, ""delta"": 0.005, ""min_instances"": 5, ""threshold"": 0.1}}","{""error_rate"": {""min_instances"": 5, ""threshold"": 0.1}}",0.1,0.005,0.15,5,0.05,0.005,0.1,30,,,,-1,two_stage,2,0.5,"__confirm_cooldown=200,__confirm_rule=perm_test,__perm_alpha=0.05,__perm_min_effect=0,__perm_n_perm=200,__perm_post_n=10,__perm_pre_n=200,__perm_rng_seed=0,__perm_stat=vote_score,divergence=0.3,error_rate=0.5,teacher_entropy=0.2",3,0,200,0.0,0,10000,10.0,25.0,200,500,1,72,1.0,0.7789003759398496,0.4215409725369266,0.16666666666666666,0.31875497102737427,0.003880393225699663,0,0,25,24,-1,perm_test,0.004975124378109453,0.44844529966950974,24,24,0,0.0,0.16666666666666666,0,0.0,0.0,0.0,0.0,0,none,0,1,0,overconfident,0.95,0,mild_drift,0.951358453973238,0.0013903178599529295,0.7612922895357418,0.8491940794649728,1768152350.886702,0.5228624939918518,0.07980583608150482
134,8576,8575,sea_nodrift,sea,ts_drift_adapt,5,"error_divergence_ph_meta@error.threshold=0.10,error.min_instances=5",error_divergence_ph_meta,"{""divergence"": {""alpha"": 0.1, ""delta"": 0.005, ""min_instances"": 30, ""threshold"": 0.05}, ""error_rate"": {""alpha"": 0.15, ""delta"": 0.005, ""min_instances"": 5, ""threshold"": 0.1}}","{""error_rate"": {""min_instances"": 5, ""threshold"": 0.1}}",0.1,0.005,0.15,5,0.05,0.005,0.1,30,,,,-1,two_stage,2,0.5,"__confirm_cooldown=200,__confirm_rule=perm_test,__perm_alpha=0.05,__perm_min_effect=0,__perm_n_perm=200,__perm_post_n=10,__perm_pre_n=200,__perm_rng_seed=0,__perm_stat=vote_score,divergence=0.3,error_rate=0.5,teacher_entropy=0.2",3,0,200,0.0,0,10000,10.0,25.0,200,500,1,8,1.0,0.7786847014925373,0.42175588572987605,0.16666666666666666,0.38978055119514465,0.0053818621672689915,0,0,25,24,-1,perm_test,0.004975124378109453,0.44844529966950974,24,24,0,0.0,0.0015014689415693283,0,0.0,0.0,0.0,0.0,0,none,0,1,0,overconfident,0.95,0,mild_drift,0.955829226986619,0.0013451589299764647,0.780646144767871,0.8520970397324864,1768152350.8962913,0.4528898298740387,0.09292063117027283
135,8640,8639,sea_nodrift,sea,ts_drift_adapt,5,"error_divergence_ph_meta@error.threshold=0.10,error.min_instances=5",error_divergence_ph_meta,"{""divergence"": {""alpha"": 0.1, ""delta"": 0.005, ""min_instances"": 30, ""threshold"": 0.05}, ""error_rate"": {""alpha"": 0.15, ""delta"": 0.005, ""min_instances"": 5, ""threshold"": 0.1}}","{""error_rate"": {""min_instances"": 5, ""threshold"": 0.1}}",0.1,0.005,0.15,5,0.05,0.005,0.1,30,,,,-1,two_stage,2,0.5,"__confirm_cooldown=200,__confirm_rule=perm_test,__perm_alpha=0.05,__perm_min_effect=0,__perm_n_perm=200,__perm_post_n=10,__perm_pre_n=200,__perm_rng_seed=0,__perm_stat=vote_score,divergence=0.3,error_rate=0.5,teacher_entropy=0.2",3,0,200,0.0,0,10000,10.0,25.0,200,500,0,0,1.0,0.779050925925926,0.42377051436863505,0.3333333333333333,0.36604347825050354,0.0037648393772542477,0,0,25,24,-1,perm_test,0.004975124378109453,0.44844529966950974,24,24,0,0.0,0.16666666666666666,0,0.0,0.0,0.0,0.0,0,none,0,1,0,overconfident,0.95,0,mild_drift,0.9580646134933095,0.0013225794649882323,0.7903230723839355,0.8535485198662431,1768152350.90583,0.7082939743995667,0.0812443271279335
136,8704,8703,sea_nodrift,sea,ts_drift_adapt,5,"error_divergence_ph_meta@error.threshold=0.10,error.min_instances=5",error_divergence_ph_meta,"{""divergence"": {""alpha"": 0.1, ""delta"": 0.005, ""min_instances"": 30, ""threshold"": 0.05}, ""error_rate"": {""alpha"": 0.15, ""delta"": 0.005, ""min_instances"": 5, ""threshold"": 0.1}}","{""error_rate"": {""min_instances"": 5, ""threshold"": 0.1}}",0.1,0.005,0.15,5,0.05,0.005,0.1,30,,,,-1,two_stage,2,0.5,"__confirm_cooldown=200,__confirm_rule=perm_test,__perm_alpha=0.05,__perm_min_effect=0,__perm_n_perm=200,__perm_post_n=10,__perm_pre_n=200,__perm_rng_seed=0,__perm_stat=vote_score,divergence=0.3,error_rate=0.5,teacher_entropy=0.2",3,0,200,0.0,0,10000,10.0,25.0,200,500,0,0,1.0,0.7801011029411765,0.4257951445912964,0.0,0.3045087456703186,0.00396574055776,1,1,26,25,0,perm_test,0.004975124378109453,0.5213179002591024,25,25,0,0.16666666666666666,0.3333333333333333,1,0.5,0.0,0.0,0.0,0,none,1,1,0,overconfident,0.95,0,severe_drift,0.9245323067466548,0.0016612897324941162,0.6451615361919678,0.8317742599331216,1768152350.9212203,0.1344776600599289,0.08878014236688614
137,8768,8767,sea_nodrift,sea,ts_drift_adapt,5,"error_divergence_ph_meta@error.threshold=0.10,error.min_instances=5",error_divergence_ph_meta,"{""divergence"": {""alpha"": 0.1, ""delta"": 0.005, ""min_instances"": 30, ""threshold"": 0.05}, ""error_rate"": {""alpha"": 0.15, ""delta"": 0.005, ""min_instances"": 5, ""threshold"": 0.1}}","{""error_rate"": {""min_instances"": 5, ""threshold"": 0.1}}",0.1,0.005,0.15,5,0.05,0.005,0.1,30,,,,-1,two_stage,2,0.5,"__confirm_cooldown=200,__confirm_rule=perm_test,__perm_alpha=0.05,__perm_min_effect=0,__perm_n_perm=200,__perm_post_n=10,__perm_pre_n=200,__perm_rng_seed=0,__perm_stat=vote_score,divergence=0.3,error_rate=0.5,teacher_entropy=0.2",3,0,200,0.0,0,10000,10.0,25.0,200,500,1,136,1.0,0.7803375912408759,0.42552872297193445,0.16666666666666666,0.32459884881973267,0.0026339252945035696,0,0,26,25,-1,perm_test,0.004975124378109453,0.5213179002591024,25,25,0,0.0,0.16666666666666666,0,0.0,0.0,0.0,0.0,0,none,0,1,0,overconfident,0.95,0,mild_drift,0.9424161533733273,0.0014806448662470582,0.7225807680959839,0.8433871299665607,1768152350.9308894,0.4406220018863678,0.09035103023052216
138,8832,8831,sea_nodrift,sea,ts_drift_adapt,5,"error_divergence_ph_meta@error.threshold=0.10,error.min_instances=5",error_divergence_ph_meta,"{""divergence"": {""alpha"": 0.1, ""delta"": 0.005, ""min_instances"": 30, ""threshold"": 0.05}, ""error_rate"": {""alpha"": 0.15, ""delta"": 0.005, ""min_instances"": 5, ""threshold"": 0.1}}","{""error_rate"": {""min_instances"": 5, ""threshold"": 0.1}}",0.1,0.005,0.15,5,0.05,0.005,0.1,30,,,,-1,two_stage,2,0.5,"__confirm_cooldown=200,__confirm_rule=perm_test,__perm_alpha=0.05,__perm_min_effect=0,__perm_n_perm=200,__perm_post_n=10,__perm_pre_n=200,__perm_rng_seed=0,__perm_stat=vote_score,divergence=0.3,error_rate=0.5,teacher_entropy=0.2",3,0,200,0.0,0,10000,10.0,25.0,200,500,1,72,1.0,0.7802309782608695,0.4249581068945402,0.0,0.36707791686058044,0.004764553625136614,0,0,26,25,-1,perm_test,0.004975124378109453,0.5213179002591024,25,25,0,0.0,0.16666666666666666,0,0.0,0.0,0.0,0.0,0,none,0,1,0,overconfident,0.95,0,mild_drift,0.9513580766866636,0.001390322433123529,0.761290384047992,0.8491935649832804,1768152350.9406416,0.2182750254869461,0.09427320212125778
139,8896,8895,sea_nodrift,sea,ts_drift_adapt,5,"error_divergence_ph_meta@error.threshold=0.10,error.min_instances=5",error_divergence_ph_meta,"{""divergence"": {""alpha"": 0.1, ""delta"": 0.005, ""min_instances"": 30, ""threshold"": 0.05}, ""error_rate"": {""alpha"": 0.15, ""delta"": 0.005, ""min_instances"": 5, ""threshold"": 0.1}}","{""error_rate"": {""min_instances"": 5, ""threshold"": 0.1}}",0.1,0.005,0.15,5,0.05,0.005,0.1,30,,,,-1,two_stage,2,0.5,"__confirm_cooldown=200,__confirm_rule=perm_test,__perm_alpha=0.05,__perm_min_effect=0,__perm_n_perm=200,__perm_post_n=10,__perm_pre_n=200,__perm_rng_seed=0,__perm_stat=vote_score,divergence=0.3,error_rate=0.5,teacher_entropy=0.2",3,0,200,0.0,0,10000,10.0,25.0,200,500,1,8,1.0,0.7797886690647482,0.4241398808367281,0.16666666666666666,0.3897726833820343,0.00711034657433629,0,0,26,25,-1,perm_test,0.004975124378109453,0.5213179002591024,25,25,0,0.0,0.16666666666666666,0,0.0,0.0,0.0,0.0,0,none,0,1,0,overconfident,0.95,0,mild_drift,0.9558290383433318,0.0013451612165617647,0.7806451920239961,0.8520967824916401,1768152350.9503434,0.5809906125068665,0.11911573261022568
140,8960,8959,sea_nodrift,sea,ts_drift_adapt,5,"error_divergence_ph_meta@error.threshold=0.10,error.min_instances=5",error_divergence_ph_meta,"{""divergence"": {""alpha"": 0.1, ""delta"": 0.005, ""min_instances"": 30, ""threshold"": 0.05}, ""error_rate"": {""alpha"": 0.15, ""delta"": 0.005, ""min_instances"": 5, ""threshold"": 0.1}}","{""error_rate"": {""min_instances"": 5, ""threshold"": 0.1}}",0.1,0.005,0.15,5,0.05,0.005,0.1,30,,,,-1,two_stage,2,0.5,"__confirm_cooldown=200,__confirm_rule=perm_test,__perm_alpha=0.05,__perm_min_effect=0,__perm_n_perm=200,__perm_post_n=10,__perm_pre_n=200,__perm_rng_seed=0,__perm_stat=vote_score,divergence=0.3,error_rate=0.5,teacher_entropy=0.2",3,0,200,0.0,0,10000,10.0,25.0,200,500,0,0,1.0,0.7797991071428572,0.4247892769076231,0.0,0.34220343828201294,0.003478112630546093,0,0,26,25,-1,perm_test,0.004975124378109453,0.5213179002591024,25,25,0,0.0,0.16666666666666666,0,0.0,0.0,0.0,0.0,0,none,0,1,0,overconfident,0.95,0,mild_drift,0.9580645191716659,0.0013225806082808825,0.7903225960119981,0.85354839124582,1768152350.9600658,0.08268910646438599,0.09832575917243958
141,9024,9023,sea_nodrift,sea,ts_drift_adapt,5,"error_divergence_ph_meta@error.threshold=0.10,error.min_instances=5",error_divergence_ph_meta,"{""divergence"": {""alpha"": 0.1, ""delta"": 0.005, ""min_instances"": 30, ""threshold"": 0.05}, ""error_rate"": {""alpha"": 0.15, ""delta"": 0.005, ""min_instances"": 5, ""threshold"": 0.1}}","{""error_rate"": {""min_instances"": 5, ""threshold"": 0.1}}",0.1,0.005,0.15,5,0.05,0.005,0.1,30,,,,-1,two_stage,2,0.5,"__confirm_cooldown=200,__confirm_rule=perm_test,__perm_alpha=0.05,__perm_min_effect=0,__perm_n_perm=200,__perm_post_n=10,__perm_pre_n=200,__perm_rng_seed=0,__perm_stat=vote_score,divergence=0.3,error_rate=0.5,teacher_entropy=0.2",3,0,200,0.0,0,10000,10.0,25.0,200,500,0,0,1.0,0.7806959219858156,0.4266227909473003,0.16666666666666666,0.34034043550491333,0.004870504606515169,1,1,27,26,0,perm_test,0.004975124378109453,0.5033403390974062,26,26,0,0.16666666666666666,0.16666666666666666,1,0.5,0.0,0.0,0.0,0,none,1,1,0,overconfident,0.95,0,severe_drift,0.924532259585833,0.0016612903041404413,0.6451612980059991,0.8317741956229101,1768152350.9760225,0.3768071234226227,0.10982967168092728
142,9088,9087,sea_nodrift,sea,ts_drift_adapt,5,"error_divergence_ph_meta@error.threshold=0.10,error.min_instances=5",error_divergence_ph_meta,"{""divergence"": {""alpha"": 0.1, ""delta"": 0.005, ""min_instances"": 30, ""threshold"": 0.05}, ""error_rate"": {""alpha"": 0.15, ""delta"": 0.005, ""min_instances"": 5, ""threshold"": 0.1}}","{""error_rate"": {""min_instances"": 5, ""threshold"": 0.1}}",0.1,0.005,0.15,5,0.05,0.005,0.1,30,,,,-1,two_stage,2,0.5,"__confirm_cooldown=200,__confirm_rule=perm_test,__perm_alpha=0.05,__perm_min_effect=0,__perm_n_perm=200,__perm_post_n=10,__perm_pre_n=200,__perm_rng_seed=0,__perm_stat=vote_score,divergence=0.3,error_rate=0.5,teacher_entropy=0.2",3,0,200,0.0,0,10000,10.0,25.0,200,500,1,136,1.0,0.7813600352112676,0.4281876056126092,0.16666666666666666,0.33304208517074585,0.004668510518968105,0,0,27,26,-1,perm_test,0.004975124378109453,0.5033403390974062,26,26,0,0.0,0.00020199408754706383,0,0.0,0.0,0.0,0.0,0,none,0,1,0,overconfident,0.95,0,mild_drift,0.9424161297929164,0.0014806451520702206,0.7225806490029996,0.843387097811455,1768152350.9857547,0.3934974670410156,0.09966888278722763
143,9152,9151,sea_nodrift,sea,ts_drift_adapt,5,"error_divergence_ph_meta@error.threshold=0.10,error.min_instances=5",error_divergence_ph_meta,"{""divergence"": {""alpha"": 0.1, ""delta"": 0.005, ""min_instances"": 30, ""threshold"": 0.05}, ""error_rate"": {""alpha"": 0.15, ""delta"": 0.005, ""min_instances"": 5, ""threshold"": 0.1}}","{""error_rate"": {""min_instances"": 5, ""threshold"": 0.1}}",0.1,0.005,0.15,5,0.05,0.005,0.1,30,,,,-1,two_stage,2,0.5,"__confirm_cooldown=200,__confirm_rule=perm_test,__perm_alpha=0.05,__perm_min_effect=0,__perm_n_perm=200,__perm_post_n=10,__perm_pre_n=200,__perm_rng_seed=0,__perm_stat=vote_score,divergence=0.3,error_rate=0.5,teacher_entropy=0.2",3,0,200,0.0,0,10000,10.0,25.0,200,500,1,72,1.0,0.7810314685314685,0.42809713644569974,0.16666666666666666,0.36180761456489563,0.003978836815804243,0,0,27,26,-1,perm_test,0.004975124378109453,0.5033403390974062,26,26,0,0.0,0.0006896737031638622,0,0.0,0.0,0.0,0.0,0,none,0,1,0,overconfident,0.95,0,mild_drift,0.9513580648964581,0.0013903225760351105,0.7612903245014998,0.8491935489057275,1768152350.9953387,0.4166070222854614,0.09758313000202179
144,9216,9215,sea_nodrift,sea,ts_drift_adapt,5,"error_divergence_ph_meta@error.threshold=0.10,error.min_instances=5",error_divergence_ph_meta,"{""divergence"": {""alpha"": 0.1, ""delta"": 0.005, ""min_instances"": 30, ""threshold"": 0.05}, ""error_rate"": {""alpha"": 0.15, ""delta"": 0.005, ""min_instances"": 5, ""threshold"": 0.1}}","{""error_rate"": {""min_instances"": 5, ""threshold"": 0.1}}",0.1,0.005,0.15,5,0.05,0.005,0.1,30,,,,-1,two_stage,2,0.5,"__confirm_cooldown=200,__confirm_rule=perm_test,__perm_alpha=0.05,__perm_min_effect=0,__perm_n_perm=200,__perm_post_n=10,__perm_pre_n=200,__perm_rng_seed=0,__perm_stat=vote_score,divergence=0.3,error_rate=0.5,teacher_entropy=0.2",3,0,200,0.0,0,10000,10.0,25.0,200,500,1,8,1.0,0.7811414930555556,0.42875686647038347,0.16666666666666666,0.33473655581474304,0.004100907128304243,0,0,27,26,-1,perm_test,0.004975124378109453,0.5033403390974062,26,26,0,0.0,0.0001220703125,0,0.0,0.0,0.0,0.0,0,none,0,1,0,overconfident,0.95,0,mild_drift,0.955829032448229,0.0013451612880175552,0.78064516225075,0.8520967744528638,1768152351.004877,0.20962107181549072,0.08581092953681946
145,9280,9279,sea_nodrift,sea,ts_drift_adapt,5,"error_divergence_ph_meta@error.threshold=0.10,error.min_instances=5",error_divergence_ph_meta,"{""divergence"": {""alpha"": 0.1, ""delta"": 0.005, ""min_instances"": 30, ""threshold"": 0.05}, ""error_rate"": {""alpha"": 0.15, ""delta"": 0.005, ""min_instances"": 5, ""threshold"": 0.1}}","{""error_rate"": {""min_instances"": 5, ""threshold"": 0.1}}",0.1,0.005,0.15,5,0.05,0.005,0.1,30,,,,-1,two_stage,2,0.5,"__confirm_cooldown=200,__confirm_rule=perm_test,__perm_alpha=0.05,__perm_min_effect=0,__perm_n_perm=200,__perm_post_n=10,__perm_pre_n=200,__perm_rng_seed=0,__perm_stat=vote_score,divergence=0.3,error_rate=0.5,teacher_entropy=0.2",3,0,200,0.0,0,10000,10.0,25.0,200,500,0,0,1.0,0.7813577586206897,0.42980184400345184,0.0,0.34115102887153625,0.00429948465898633,0,0,27,26,-1,perm_test,0.004975124378109453,0.5033403390974062,26,26,0,0.0,0.16666666666666666,0,0.0,0.0,0.0,0.0,0,none,0,1,0,overconfident,0.95,0,mild_drift,0.9580645162241145,0.0013225806440087776,0.790322581125375,0.8535483872264319,1768152351.0147672,0.15516597032546997,0.08593328297138214
146,9344,9343,sea_nodrift,sea,ts_drift_adapt,5,"error_divergence_ph_meta@error.threshold=0.10,error.min_instances=5",error_divergence_ph_meta,"{""divergence"": {""alpha"": 0.1, ""delta"": 0.005, ""min_instances"": 30, ""threshold"": 0.05}, ""error_rate"": {""alpha"": 0.15, ""delta"": 0.005, ""min_instances"": 5, ""threshold"": 0.1}}","{""error_rate"": {""min_instances"": 5, ""threshold"": 0.1}}",0.1,0.005,0.15,5,0.05,0.005,0.1,30,,,,-1,two_stage,2,0.5,"__confirm_cooldown=200,__confirm_rule=perm_test,__perm_alpha=0.05,__perm_min_effect=0,__perm_n_perm=200,__perm_post_n=10,__perm_pre_n=200,__perm_rng_seed=0,__perm_stat=vote_score,divergence=0.3,error_rate=0.5,teacher_entropy=0.2",3,0,200,0.0,0,10000,10.0,25.0,200,500,0,0,1.0,0.7813570205479452,0.4292926212740982,0.16666666666666666,0.3240169882774353,0.004573408979922533,1,1,28,27,0,perm_test,0.004975124378109453,0.4971748591889599,27,27,0,0.0,0.16666666666666666,1,0.5,0.0,0.0,0.0,0,none,1,1,0,overconfident,0.95,0,stable,0.9740322581120573,0.0010612903220043888,0.8951612905626876,0.899274193613216,1768152351.0304976,0.3463485538959503,0.07650172710418701
147,9408,9407,sea_nodrift,sea,ts_drift_adapt,5,"error_divergence_ph_meta@error.threshold=0.10,error.min_instances=5",error_divergence_ph_meta,"{""divergence"": {""alpha"": 0.1, ""delta"": 0.005, ""min_instances"": 30, ""threshold"": 0.05}, ""error_rate"": {""alpha"": 0.15, ""delta"": 0.005, ""min_instances"": 5, ""threshold"": 0.1}}","{""error_rate"": {""min_instances"": 5, ""threshold"": 0.1}}",0.1,0.005,0.15,5,0.05,0.005,0.1,30,,,,-1,two_stage,2,0.5,"__confirm_cooldown=200,__confirm_rule=perm_test,__perm_alpha=0.05,__perm_min_effect=0,__perm_n_perm=200,__perm_post_n=10,__perm_pre_n=200,__perm_rng_seed=0,__perm_stat=vote_score,divergence=0.3,error_rate=0.5,teacher_entropy=0.2",3,0,200,0.0,0,10000,10.0,25.0,200,500,1,136,1.0,0.7811437074829932,0.42823335477806945,0.16666666666666666,0.36702844500541687,0.005172961391508579,0,0,28,27,-1,perm_test,0.004975124378109453,0.4971748591889599,27,27,0,0.0,0.0005995524115860462,0,0.0,0.0,0.0,0.0,0,none,0,1,0,overconfident,0.95,0,mild_drift,0.9671661290560286,0.0011806451610021943,0.8475806452813438,0.877137096806608,1768152351.04032,0.3990405797958374,0.0719778835773468
148,9472,9471,sea_nodrift,sea,ts_drift_adapt,5,"error_divergence_ph_meta@error.threshold=0.10,error.min_instances=5",error_divergence_ph_meta,"{""divergence"": {""alpha"": 0.1, ""delta"": 0.005, ""min_instances"": 30, ""threshold"": 0.05}, ""error_rate"": {""alpha"": 0.15, ""delta"": 0.005, ""min_instances"": 5, ""threshold"": 0.1}}","{""error_rate"": {""min_instances"": 5, ""threshold"": 0.1}}",0.1,0.005,0.15,5,0.05,0.005,0.1,30,,,,-1,two_stage,2,0.5,"__confirm_cooldown=200,__confirm_rule=perm_test,__perm_alpha=0.05,__perm_min_effect=0,__perm_n_perm=200,__perm_post_n=10,__perm_pre_n=200,__perm_rng_seed=0,__perm_stat=vote_score,divergence=0.3,error_rate=0.5,teacher_entropy=0.2",3,0,200,0.0,0,10000,10.0,25.0,200,500,1,72,1.0,0.781566722972973,0.4296534586730326,0.0,0.3848012089729309,0.009538981132209301,0,0,28,27,-1,perm_test,0.004975124378109453,0.4971748591889599,27,27,0,0.0,0.16666666666666666,0,0.0,0.0,0.0,0.0,0,none,0,1,0,overconfident,0.95,0,mild_drift,0.9637330645280142,0.0012403225805010971,0.823790322640672,0.8660685484033039,1768152351.0498962,0.14105673134326935,0.10738229751586914
149,9536,9535,sea_nodrift,sea,ts_drift_adapt,5,"error_divergence_ph_meta@error.threshold=0.10,error.min_instances=5",error_divergence_ph_meta,"{""divergence"": {""alpha"": 0.1, ""delta"": 0.005, ""min_instances"": 30, ""threshold"": 0.05}, ""error_rate"": {""alpha"": 0.15, ""delta"": 0.005, ""min_instances"": 5, ""threshold"": 0.1}}","{""error_rate"": {""min_instances"": 5, ""threshold"": 0.1}}",0.1,0.005,0.15,5,0.05,0.005,0.1,30,,,,-1,two_stage,2,0.5,"__confirm_cooldown=200,__confirm_rule=perm_test,__perm_alpha=0.05,__perm_min_effect=0,__perm_n_perm=200,__perm_post_n=10,__perm_pre_n=200,__perm_rng_seed=0,__perm_stat=vote_score,divergence=0.3,error_rate=0.5,teacher_entropy=0.2",3,0,200,0.0,0,10000,10.0,25.0,200,500,1,8,1.0,0.7820889261744967,0.43063572654067733,0.16666666666666666,0.3148975670337677,0.0032196794636547565,0,0,28,27,-1,perm_test,0.004975124378109453,0.4971748591889599,27,27,0,0.0,0.16666666666666666,0,0.0,0.0,0.0,0.0,0,none,0,1,0,overconfident,0.95,0,mild_drift,0.9620165322640071,0.0012701612902505485,0.811895161320336,0.860534274201652,1768152351.0594788,0.6483023166656494,0.07757487893104553
150,9600,9599,sea_nodrift,sea,ts_drift_adapt,5,"error_divergence_ph_meta@error.threshold=0.10,error.min_instances=5",error_divergence_ph_meta,"{""divergence"": {""alpha"": 0.1, ""delta"": 0.005, ""min_instances"": 30, ""threshold"": 0.05}, ""error_rate"": {""alpha"": 0.15, ""delta"": 0.005, ""min_instances"": 5, ""threshold"": 0.1}}","{""error_rate"": {""min_instances"": 5, ""threshold"": 0.1}}",0.1,0.005,0.15,5,0.05,0.005,0.1,30,,,,-1,two_stage,2,0.5,"__confirm_cooldown=200,__confirm_rule=perm_test,__perm_alpha=0.05,__perm_min_effect=0,__perm_n_perm=200,__perm_post_n=10,__perm_pre_n=200,__perm_rng_seed=0,__perm_stat=vote_score,divergence=0.3,error_rate=0.5,teacher_entropy=0.2",3,0,200,0.0,0,10000,10.0,25.0,200,500,0,0,1.0,0.7815625,0.42956237886361315,0.0,0.3862164616584778,0.006574653554707766,0,0,28,27,-1,perm_test,0.004975124378109453,0.4971748591889599,27,27,0,0.0,0.16666666666666666,0,0.0,0.0,0.0,0.0,0,none,0,1,0,overconfident,0.95,0,mild_drift,0.9611582661320035,0.0012850806451252745,0.805947580660168,0.857767137100826,1768152351.069085,0.05860064551234245,0.08121129870414734
151,9664,9663,sea_nodrift,sea,ts_drift_adapt,5,"error_divergence_ph_meta@error.threshold=0.10,error.min_instances=5",error_divergence_ph_meta,"{""divergence"": {""alpha"": 0.1, ""delta"": 0.005, ""min_instances"": 30, ""threshold"": 0.05}, ""error_rate"": {""alpha"": 0.15, ""delta"": 0.005, ""min_instances"": 5, ""threshold"": 0.1}}","{""error_rate"": {""min_instances"": 5, ""threshold"": 0.1}}",0.1,0.005,0.15,5,0.05,0.005,0.1,30,,,,-1,two_stage,2,0.5,"__confirm_cooldown=200,__confirm_rule=perm_test,__perm_alpha=0.05,__perm_min_effect=0,__perm_n_perm=200,__perm_post_n=10,__perm_pre_n=200,__perm_rng_seed=0,__perm_stat=vote_score,divergence=0.3,error_rate=0.5,teacher_entropy=0.2",3,0,200,0.0,0,10000,10.0,25.0,200,500,0,0,1.0,0.7818708609271523,0.43077752217853127,0.16666666666666666,0.3462209105491638,0.004483414813876152,1,1,29,28,0,perm_test,0.004975124378109453,0.5030919674541079,28,28,0,0.0,0.16666666666666666,1,0.5,0.0,0.0,0.0,0,none,1,1,0,overconfident,0.95,0,stable,0.9755791330660017,0.0010425403225626372,0.9029737903300841,0.901383568550413,1768152351.0847104,0.41331496834754944,0.09697692096233368
152,9728,9727,sea_nodrift,sea,ts_drift_adapt,5,"error_divergence_ph_meta@error.threshold=0.10,error.min_instances=5",error_divergence_ph_meta,"{""divergence"": {""alpha"": 0.1, ""delta"": 0.005, ""min_instances"": 30, ""threshold"": 0.05}, ""error_rate"": {""alpha"": 0.15, ""delta"": 0.005, ""min_instances"": 5, ""threshold"": 0.1}}","{""error_rate"": {""min_instances"": 5, ""threshold"": 0.1}}",0.1,0.005,0.15,5,0.05,0.005,0.1,30,,,,-1,two_stage,2,0.5,"__confirm_cooldown=200,__confirm_rule=perm_test,__perm_alpha=0.05,__perm_min_effect=0,__perm_n_perm=200,__perm_post_n=10,__perm_pre_n=200,__perm_rng_seed=0,__perm_stat=vote_score,divergence=0.3,error_rate=0.5,teacher_entropy=0.2",3,0,200,0.0,0,10000,10.0,25.0,200,500,1,136,1.0,0.7823807565789473,0.43230562987900384,0.0,0.3495566248893738,0.004400416277348995,0,0,29,28,-1,perm_test,0.004975124378109453,0.5030919674541079,28,28,0,0.0,0.16666666666666666,0,0.0,0.0,0.0,0.0,0,none,0,1,0,overconfident,0.95,0,mild_drift,0.9679395665330008,0.0011712701612813187,0.8514868951650421,0.8781917842752065,1768152351.0943575,0.155347540974617,0.08179129660129547
153,9792,9791,sea_nodrift,sea,ts_drift_adapt,5,"error_divergence_ph_meta@error.threshold=0.10,error.min_instances=5",error_divergence_ph_meta,"{""divergence"": {""alpha"": 0.1, ""delta"": 0.005, ""min_instances"": 30, ""threshold"": 0.05}, ""error_rate"": {""alpha"": 0.15, ""delta"": 0.005, ""min_instances"": 5, ""threshold"": 0.1}}","{""error_rate"": {""min_instances"": 5, ""threshold"": 0.1}}",0.1,0.005,0.15,5,0.05,0.005,0.1,30,,,,-1,two_stage,2,0.5,"__confirm_cooldown=200,__confirm_rule=perm_test,__perm_alpha=0.05,__perm_min_effect=0,__perm_n_perm=200,__perm_post_n=10,__perm_pre_n=200,__perm_rng_seed=0,__perm_stat=vote_score,divergence=0.3,error_rate=0.5,teacher_entropy=0.2",3,0,200,0.0,0,10000,10.0,25.0,200,500,1,72,1.0,0.782577614379085,0.43270264518934537,0.16666666666666666,0.31546148657798767,0.00707918219268322,0,0,29,28,-1,perm_test,0.004975124378109453,0.5030919674541079,28,28,0,0.0,0.16666666666666666,0,0.0,0.0,0.0,0.0,0,none,0,1,0,overconfident,0.95,0,mild_drift,0.9641197832665004,0.0012356350806406594,0.825743447582521,0.8665958921376032,1768152351.1038685,0.24729789793491364,0.09114356338977814
154,9856,9855,sea_nodrift,sea,ts_drift_adapt,5,"error_divergence_ph_meta@error.threshold=0.10,error.min_instances=5",error_divergence_ph_meta,"{""divergence"": {""alpha"": 0.1, ""delta"": 0.005, ""min_instances"": 30, ""threshold"": 0.05}, ""error_rate"": {""alpha"": 0.15, ""delta"": 0.005, ""min_instances"": 5, ""threshold"": 0.1}}","{""error_rate"": {""min_instances"": 5, ""threshold"": 0.1}}",0.1,0.005,0.15,5,0.05,0.005,0.1,30,,,,-1,two_stage,2,0.5,"__confirm_cooldown=200,__confirm_rule=perm_test,__perm_alpha=0.05,__perm_min_effect=0,__perm_n_perm=200,__perm_post_n=10,__perm_pre_n=200,__perm_rng_seed=0,__perm_stat=vote_score,divergence=0.3,error_rate=0.5,teacher_entropy=0.2",3,0,200,0.0,0,10000,10.0,25.0,200,500,1,8,1.0,0.7829748376623377,0.4337282071684982,0.16666666666666666,0.3601624071598053,0.006465287413448095,0,0,29,28,-1,perm_test,0.004975124378109453,0.5030919674541079,28,28,0,0.0,0.0006138947792351246,0,0.0,0.0,0.0,0.0,0,none,0,1,0,overconfident,0.95,0,mild_drift,0.9622098916332502,0.0012678175403203298,0.8128717237912606,0.8607979460688016,1768152351.1133983,0.469603031873703,0.09590213000774384
155,9920,9919,sea_nodrift,sea,ts_drift_adapt,5,"error_divergence_ph_meta@error.threshold=0.10,error.min_instances=5",error_divergence_ph_meta,"{""divergence"": {""alpha"": 0.1, ""delta"": 0.005, ""min_instances"": 30, ""threshold"": 0.05}, ""error_rate"": {""alpha"": 0.15, ""delta"": 0.005, ""min_instances"": 5, ""threshold"": 0.1}}","{""error_rate"": {""min_instances"": 5, ""threshold"": 0.1}}",0.1,0.005,0.15,5,0.05,0.005,0.1,30,,,,-1,two_stage,2,0.5,"__confirm_cooldown=200,__confirm_rule=perm_test,__perm_alpha=0.05,__perm_min_effect=0,__perm_n_perm=200,__perm_post_n=10,__perm_pre_n=200,__perm_rng_seed=0,__perm_stat=vote_score,divergence=0.3,error_rate=0.5,teacher_entropy=0.2",3,0,200,0.0,0,10000,10.0,25.0,200,500,0,0,1.0,0.7830645161290323,0.4347061962204896,0.16666666666666666,0.32859116792678833,0.00401321379467845,0,0,29,28,-1,perm_test,0.004975124378109453,0.5030919674541079,28,28,0,0.0,0.0024520736187696457,0,0.0,0.0,0.0,0.0,0,none,0,1,0,overconfident,0.95,0,mild_drift,0.9612549458166251,0.001283908770160165,0.8064358618956303,0.8578989730344008,1768152351.1229618,0.3000725209712982,0.0746881514787674
156,9984,9983,sea_nodrift,sea,ts_drift_adapt,5,"error_divergence_ph_meta@error.threshold=0.10,error.min_instances=5",error_divergence_ph_meta,"{""divergence"": {""alpha"": 0.1, ""delta"": 0.005, ""min_instances"": 30, ""threshold"": 0.05}, ""error_rate"": {""alpha"": 0.15, ""delta"": 0.005, ""min_instances"": 5, ""threshold"": 0.1}}","{""error_rate"": {""min_instances"": 5, ""threshold"": 0.1}}",0.1,0.005,0.15,5,0.05,0.005,0.1,30,,,,-1,two_stage,2,0.5,"__confirm_cooldown=200,__confirm_rule=perm_test,__perm_alpha=0.05,__perm_min_effect=0,__perm_n_perm=200,__perm_post_n=10,__perm_pre_n=200,__perm_rng_seed=0,__perm_stat=vote_score,divergence=0.3,error_rate=0.5,teacher_entropy=0.2",3,0,200,0.0,0,10000,10.0,25.0,200,500,0,0,1.0,0.7832532051282052,0.4359791182506044,0.3333333333333333,0.3467293679714203,0.005158323794603348,1,1,30,29,0,perm_test,0.004975124378109453,0.47239742065498164,29,29,0,0.16666666666666666,0.16666666666666666,1,0.5,0.0,0.0,0.0,0,none,1,1,0,overconfident,0.95,0,severe_drift,0.9261274729083125,0.0016419543850800826,0.6532179309478152,0.8339494865172004,1768152351.138507,0.507975697517395,0.07663270086050034
157,10048,10047,sea_nodrift,sea,ts_drift_adapt,5,"error_divergence_ph_meta@error.threshold=0.10,error.min_instances=5",error_divergence_ph_meta,"{""divergence"": {""alpha"": 0.1, ""delta"": 0.005, ""min_instances"": 30, ""threshold"": 0.05}, ""error_rate"": {""alpha"": 0.15, ""delta"": 0.005, ""min_instances"": 5, ""threshold"": 0.1}}","{""error_rate"": {""min_instances"": 5, ""threshold"": 0.1}}",0.1,0.005,0.15,5,0.05,0.005,0.1,30,,,,-1,two_stage,2,0.5,"__confirm_cooldown=200,__confirm_rule=perm_test,__perm_alpha=0.05,__perm_min_effect=0,__perm_n_perm=200,__perm_post_n=10,__perm_pre_n=200,__perm_rng_seed=0,__perm_stat=vote_score,divergence=0.3,error_rate=0.5,teacher_entropy=0.2",3,0,200,0.0,0,10000,10.0,25.0,200,500,1,136,1.0,0.7834394904458599,0.43693534700878034,0.3333333333333333,0.3473133146762848,0.0050229644402861595,0,0,30,29,-1,perm_test,0.004975124378109453,0.47239742065498164,29,29,0,0.0,0.00013535935431718826,0,0.0,0.0,0.0,0.0,0,none,0,1,0,overconfident,0.95,0,mild_drift,0.9432137364541562,0.0014709771925400413,0.7266089654739076,0.8444747432586002,1768152351.1484017,0.46085500717163086,0.08710713684558868
158,10112,10111,sea_nodrift,sea,ts_drift_adapt,5,"error_divergence_ph_meta@error.threshold=0.10,error.min_instances=5",error_divergence_ph_meta,"{""divergence"": {""alpha"": 0.1, ""delta"": 0.005, ""min_instances"": 30, ""threshold"": 0.05}, ""error_rate"": {""alpha"": 0.15, ""delta"": 0.005, ""min_instances"": 5, ""threshold"": 0.1}}","{""error_rate"": {""min_instances"": 5, ""threshold"": 0.1}}",0.1,0.005,0.15,5,0.05,0.005,0.1,30,,,,-1,two_stage,2,0.5,"__confirm_cooldown=200,__confirm_rule=perm_test,__perm_alpha=0.05,__perm_min_effect=0,__perm_n_perm=200,__perm_post_n=10,__perm_pre_n=200,__perm_rng_seed=0,__perm_stat=vote_score,divergence=0.3,error_rate=0.5,teacher_entropy=0.2",3,0,200,0.0,0,10000,10.0,25.0,200,500,1,72,1.0,0.7841178797468354,0.43838572981246354,0.16666666666666666,0.35176023840904236,0.008079960942268372,0,0,30,29,-1,perm_test,0.004975124378109453,0.47239742065498164,29,29,0,0.0,0.16666666666666666,0,0.0,0.0,0.0,0.0,0,none,0,1,0,overconfident,0.95,0,mild_drift,0.9517568682270781,0.0013854885962700206,0.7633044827369538,0.8497373716293001,1768152351.157792,0.3960893154144287,0.10365848988294601
159,10176,10175,sea_nodrift,sea,ts_drift_adapt,5,"error_divergence_ph_meta@error.threshold=0.10,error.min_instances=5",error_divergence_ph_meta,"{""divergence"": {""alpha"": 0.1, ""delta"": 0.005, ""min_instances"": 30, ""threshold"": 0.05}, ""error_rate"": {""alpha"": 0.15, ""delta"": 0.005, ""min_instances"": 5, ""threshold"": 0.1}}","{""error_rate"": {""min_instances"": 5, ""threshold"": 0.1}}",0.1,0.005,0.15,5,0.05,0.005,0.1,30,,,,-1,two_stage,2,0.5,"__confirm_cooldown=200,__confirm_rule=perm_test,__perm_alpha=0.05,__perm_min_effect=0,__perm_n_perm=200,__perm_post_n=10,__perm_pre_n=200,__perm_rng_seed=0,__perm_stat=vote_score,divergence=0.3,error_rate=0.5,teacher_entropy=0.2",3,0,200,0.0,0,10000,10.0,25.0,200,500,1,8,1.0,0.7845911949685535,0.4395468815138898,0.0,0.3094600439071655,0.005732935853302479,0,0,30,29,-1,perm_test,0.004975124378109453,0.47239742065498164,29,29,0,0.0,0.16666666666666666,0,0.0,0.0,0.0,0.0,0,none,0,1,0,overconfident,0.95,0,mild_drift,0.956028434113539,0.0013427442981350105,0.781652241368477,0.85236868581465,1768152351.1673996,0.12531371414661407,0.10452044755220413
160,10240,10239,sea_nodrift,sea,ts_drift_adapt,5,"error_divergence_ph_meta@error.threshold=0.10,error.min_instances=5",error_divergence_ph_meta,"{""divergence"": {""alpha"": 0.1, ""delta"": 0.005, ""min_instances"": 30, ""threshold"": 0.05}, ""error_rate"": {""alpha"": 0.15, ""delta"": 0.005, ""min_instances"": 5, ""threshold"": 0.1}}","{""error_rate"": {""min_instances"": 5, ""threshold"": 0.1}}",0.1,0.005,0.15,5,0.05,0.005,0.1,30,,,,-1,two_stage,2,0.5,"__confirm_cooldown=200,__confirm_rule=perm_test,__perm_alpha=0.05,__perm_min_effect=0,__perm_n_perm=200,__perm_post_n=10,__perm_pre_n=200,__perm_rng_seed=0,__perm_stat=vote_score,divergence=0.3,error_rate=0.5,teacher_entropy=0.2",3,0,200,0.0,0,10000,10.0,25.0,200,500,0,0,1.0,0.784765625,0.4406552758972928,0.0,0.30690276622772217,0.0077649871818721294,0,0,30,29,-1,perm_test,0.004975124378109453,0.47239742065498164,29,29,0,0.0,0.0020320513285696507,0,0.0,0.0,0.0,0.0,0,none,0,1,0,overconfident,0.95,0,mild_drift,0.9581642170567695,0.0013213721490675052,0.7908261206842385,0.853684342907325,1768152351.177049,0.07424008101224899,0.09823325276374817
161,10304,10303,sea_nodrift,sea,ts_drift_adapt,5,"error_divergence_ph_meta@error.threshold=0.10,error.min_instances=5",error_divergence_ph_meta,"{""divergence"": {""alpha"": 0.1, ""delta"": 0.005, ""min_instances"": 30, ""threshold"": 0.05}, ""error_rate"": {""alpha"": 0.15, ""delta"": 0.005, ""min_instances"": 5, ""threshold"": 0.1}}","{""error_rate"": {""min_instances"": 5, ""threshold"": 0.1}}",0.1,0.005,0.15,5,0.05,0.005,0.1,30,,,,-1,two_stage,2,0.5,"__confirm_cooldown=200,__confirm_rule=perm_test,__perm_alpha=0.05,__perm_min_effect=0,__perm_n_perm=200,__perm_post_n=10,__perm_pre_n=200,__perm_rng_seed=0,__perm_stat=vote_score,divergence=0.3,error_rate=0.5,teacher_entropy=0.2",3,0,200,0.0,0,10000,10.0,25.0,200,500,0,0,1.0,0.7854231366459627,0.44291207788911424,0.3333333333333333,0.2764464020729065,0.009257642552256584,1,1,31,30,0,perm_test,0.004975124378109453,0.5385561452971398,30,30,0,0.0,0.3333333333333333,1,0.5,0.0,0.0,0.0,0,none,1,1,0,overconfident,0.95,0,stable,0.9740821085283847,0.0010606860745337526,0.8954130603421193,0.8993421714536625,1768152351.192843,0.49118563532829285,0.1143622100353241
162,10368,10367,sea_nodrift,sea,ts_drift_adapt,5,"error_divergence_ph_meta@error.threshold=0.10,error.min_instances=5",error_divergence_ph_meta,"{""divergence"": {""alpha"": 0.1, ""delta"": 0.005, ""min_instances"": 30, ""threshold"": 0.05}, ""error_rate"": {""alpha"": 0.15, ""delta"": 0.005, ""min_instances"": 5, ""threshold"": 0.1}}","{""error_rate"": {""min_instances"": 5, ""threshold"": 0.1}}",0.1,0.005,0.15,5,0.05,0.005,0.1,30,,,,-1,two_stage,2,0.5,"__confirm_cooldown=200,__confirm_rule=perm_test,__perm_alpha=0.05,__perm_min_effect=0,__perm_n_perm=200,__perm_post_n=10,__perm_pre_n=200,__perm_rng_seed=0,__perm_stat=vote_score,divergence=0.3,error_rate=0.5,teacher_entropy=0.2",3,0,200,0.0,0,10000,10.0,25.0,200,500,1,136,1.0,0.7854938271604939,0.4430717863105176,0.16666666666666666,0.33347126841545105,0.012400329113006592,0,0,31,30,-1,perm_test,0.004975124378109453,0.5385561452971398,30,30,0,0.0,0.16666666666666666,0,0.0,0.0,0.0,0.0,0,none,0,1,0,overconfident,0.95,0,mild_drift,0.9671910542641924,0.0011803430372668764,0.8477065301710597,0.8771710857268312,1768152351.2024872,0.3900693356990814,0.10752381384372711
163,10432,10431,sea_nodrift,sea,ts_drift_adapt,5,"error_divergence_ph_meta@error.threshold=0.10,error.min_instances=5",error_divergence_ph_meta,"{""divergence"": {""alpha"": 0.1, ""delta"": 0.005, ""min_instances"": 30, ""threshold"": 0.05}, ""error_rate"": {""alpha"": 0.15, ""delta"": 0.005, ""min_instances"": 5, ""threshold"": 0.1}}","{""error_rate"": {""min_instances"": 5, ""threshold"": 0.1}}",0.1,0.005,0.15,5,0.05,0.005,0.1,30,,,,-1,two_stage,2,0.5,"__confirm_cooldown=200,__confirm_rule=perm_test,__perm_alpha=0.05,__perm_min_effect=0,__perm_n_perm=200,__perm_post_n=10,__perm_pre_n=200,__perm_rng_seed=0,__perm_stat=vote_score,divergence=0.3,error_rate=0.5,teacher_entropy=0.2",3,0,200,0.0,0,10000,10.0,25.0,200,500,1,72,1.0,0.786042944785276,0.44480124700579676,0.16666666666666666,0.32674065232276917,0.010879586450755596,0,0,31,30,-1,perm_test,0.004975124378109453,0.5385561452971398,30,30,0,0.0,0.0015207426622509956,0,0.0,0.0,0.0,0.0,0,none,0,1,0,overconfident,0.95,0,mild_drift,0.9637455271320962,0.0012401715186334383,0.8238532650855299,0.8660855428634155,1768152351.2124345,0.2552143633365631,0.10347267985343933
164,10496,10495,sea_nodrift,sea,ts_drift_adapt,5,"error_divergence_ph_meta@error.threshold=0.10,error.min_instances=5",error_divergence_ph_meta,"{""divergence"": {""alpha"": 0.1, ""delta"": 0.005, ""min_instances"": 30, ""threshold"": 0.05}, ""error_rate"": {""alpha"": 0.15, ""delta"": 0.005, ""min_instances"": 5, ""threshold"": 0.1}}","{""error_rate"": {""min_instances"": 5, ""threshold"": 0.1}}",0.1,0.005,0.15,5,0.05,0.005,0.1,30,,,,-1,two_stage,2,0.5,"__confirm_cooldown=200,__confirm_rule=perm_test,__perm_alpha=0.05,__perm_min_effect=0,__perm_n_perm=200,__perm_post_n=10,__perm_pre_n=200,__perm_rng_seed=0,__perm_stat=vote_score,divergence=0.3,error_rate=0.5,teacher_entropy=0.2",3,0,200,0.0,0,10000,10.0,25.0,200,500,1,8,1.0,0.786204268292683,0.4445563154894275,0.0,0.32778748869895935,0.01310829259455204,0,0,31,30,-1,perm_test,0.004975124378109453,0.5385561452971398,30,30,0,0.0,0.16666666666666666,0,0.0,0.0,0.0,0.0,0,none,0,1,0,overconfident,0.95,0,mild_drift,0.9620227635660481,0.001270085759316719,0.811926632542765,0.8605427714317078,1768152351.221952,0.055791933089494705,0.1452336311340332
165,10560,10559,sea_nodrift,sea,ts_drift_adapt,5,"error_divergence_ph_meta@error.threshold=0.10,error.min_instances=5",error_divergence_ph_meta,"{""divergence"": {""alpha"": 0.1, ""delta"": 0.005, ""min_instances"": 30, ""threshold"": 0.05}, ""error_rate"": {""alpha"": 0.15, ""delta"": 0.005, ""min_instances"": 5, ""threshold"": 0.1}}","{""error_rate"": {""min_instances"": 5, ""threshold"": 0.1}}",0.1,0.005,0.15,5,0.05,0.005,0.1,30,,,,-1,two_stage,2,0.5,"__confirm_cooldown=200,__confirm_rule=perm_test,__perm_alpha=0.05,__perm_min_effect=0,__perm_n_perm=200,__perm_post_n=10,__perm_pre_n=200,__perm_rng_seed=0,__perm_stat=vote_score,divergence=0.3,error_rate=0.5,teacher_entropy=0.2",3,0,200,0.0,0,10000,10.0,25.0,200,500,0,0,1.0,0.7861742424242424,0.4457875682640975,0.0,0.34426671266555786,0.009459040127694607,0,0,31,30,-1,perm_test,0.004975124378109453,0.5385561452971398,30,30,0,0.0,0.0036492524668574333,0,0.0,0.0,0.0,0.0,0,none,0,1,0,overconfident,0.95,0,mild_drift,0.961161381783024,0.0012850428796583597,0.8059633162713825,0.8577713857158539,1768152351.2316573,0.21087948977947235,0.10611122846603394
166,10624,10623,sea_nodrift,sea,ts_drift_adapt,5,"error_divergence_ph_meta@error.threshold=0.10,error.min_instances=5",error_divergence_ph_meta,"{""divergence"": {""alpha"": 0.1, ""delta"": 0.005, ""min_instances"": 30, ""threshold"": 0.05}, ""error_rate"": {""alpha"": 0.15, ""delta"": 0.005, ""min_instances"": 5, ""threshold"": 0.1}}","{""error_rate"": {""min_instances"": 5, ""threshold"": 0.1}}",0.1,0.005,0.15,5,0.05,0.005,0.1,30,,,,-1,two_stage,2,0.5,"__confirm_cooldown=200,__confirm_rule=perm_test,__perm_alpha=0.05,__perm_min_effect=0,__perm_n_perm=200,__perm_post_n=10,__perm_pre_n=200,__perm_rng_seed=0,__perm_stat=vote_score,divergence=0.3,error_rate=0.5,teacher_entropy=0.2",3,0,200,0.0,0,10000,10.0,25.0,200,500,0,0,1.0,0.786144578313253,0.44559400983049297,0.3333333333333333,0.3343619108200073,0.008136067539453506,1,1,32,31,0,perm_test,0.004975124378109453,0.5130633906410751,31,31,0,0.0,0.3333333333333333,1,0.5,0.0,0.0,0.0,0,none,1,1,0,overconfident,0.95,0,stable,0.975580690891512,0.0010425214398291798,0.9029816581356913,0.9013856928579269,1768152351.2473488,0.9023895859718323,0.11340099573135376
167,10688,10687,sea_nodrift,sea,ts_drift_adapt,5,"error_divergence_ph_meta@error.threshold=0.10,error.min_instances=5",error_divergence_ph_meta,"{""divergence"": {""alpha"": 0.1, ""delta"": 0.005, ""min_instances"": 30, ""threshold"": 0.05}, ""error_rate"": {""alpha"": 0.15, ""delta"": 0.005, ""min_instances"": 5, ""threshold"": 0.1}}","{""error_rate"": {""min_instances"": 5, ""threshold"": 0.1}}",0.1,0.005,0.15,5,0.05,0.005,0.1,30,,,,-1,two_stage,2,0.5,"__confirm_cooldown=200,__confirm_rule=perm_test,__perm_alpha=0.05,__perm_min_effect=0,__perm_n_perm=200,__perm_post_n=10,__perm_pre_n=200,__perm_rng_seed=0,__perm_stat=vote_score,divergence=0.3,error_rate=0.5,teacher_entropy=0.2",3,0,200,0.0,0,10000,10.0,25.0,200,500,1,136,1.0,0.7863959580838323,0.44635502920665243,0.16666666666666666,0.3614208400249481,0.006810538936406374,0,0,32,31,-1,perm_test,0.004975124378109453,0.5130633906410751,31,31,0,0.0,0.16666666666666666,0,0.0,0.0,0.0,0.0,0,none,0,1,0,overconfident,0.95,0,mild_drift,0.967940345445756,0.00117126071991459,0.8514908290678457,0.8781928464289634,1768152351.2569637,0.3696640431880951,0.07145683467388153
168,10752,10751,sea_nodrift,sea,ts_drift_adapt,5,"error_divergence_ph_meta@error.threshold=0.10,error.min_instances=5",error_divergence_ph_meta,"{""divergence"": {""alpha"": 0.1, ""delta"": 0.005, ""min_instances"": 30, ""threshold"": 0.05}, ""error_rate"": {""alpha"": 0.15, ""delta"": 0.005, ""min_instances"": 5, ""threshold"": 0.1}}","{""error_rate"": {""min_instances"": 5, ""threshold"": 0.1}}",0.1,0.005,0.15,5,0.05,0.005,0.1,30,,,,-1,two_stage,2,0.5,"__confirm_cooldown=200,__confirm_rule=perm_test,__perm_alpha=0.05,__perm_min_effect=0,__perm_n_perm=200,__perm_post_n=10,__perm_pre_n=200,__perm_rng_seed=0,__perm_stat=vote_score,divergence=0.3,error_rate=0.5,teacher_entropy=0.2",3,0,200,0.0,0,10000,10.0,25.0,200,500,1,72,1.0,0.7865513392857143,0.4474394038003588,0.0,0.2809697985649109,0.006386277265846729,0,0,32,31,-1,perm_test,0.004975124378109453,0.5130633906410751,31,31,0,0.0,0.16666666666666666,0,0.0,0.0,0.0,0.0,0,none,0,1,0,overconfident,0.95,0,mild_drift,0.964120172722878,0.001235630359957295,0.8257454145339229,0.8665964232144817,1768152351.2665255,0.04287802800536156,0.07767972350120544
169,10816,10815,sea_nodrift,sea,ts_drift_adapt,5,"error_divergence_ph_meta@error.threshold=0.10,error.min_instances=5",error_divergence_ph_meta,"{""divergence"": {""alpha"": 0.1, ""delta"": 0.005, ""min_instances"": 30, ""threshold"": 0.05}, ""error_rate"": {""alpha"": 0.15, ""delta"": 0.005, ""min_instances"": 5, ""threshold"": 0.1}}","{""error_rate"": {""min_instances"": 5, ""threshold"": 0.1}}",0.1,0.005,0.15,5,0.05,0.005,0.1,30,,,,-1,two_stage,2,0.5,"__confirm_cooldown=200,__confirm_rule=perm_test,__perm_alpha=0.05,__perm_min_effect=0,__perm_n_perm=200,__perm_post_n=10,__perm_pre_n=200,__perm_rng_seed=0,__perm_stat=vote_score,divergence=0.3,error_rate=0.5,teacher_entropy=0.2",3,0,200,0.0,0,10000,10.0,25.0,200,500,1,8,1.0,0.786612426035503,0.44813203449422395,0.5,0.3553195893764496,0.01013154350221157,0,0,32,31,-1,perm_test,0.004975124378109453,0.5130633906410751,31,31,0,0.0,0.5,0,0.0,0.0,0.0,0.0,0,none,0,1,0,overconfident,0.95,0,mild_drift,0.9622100863614389,0.0012678151799786477,0.8128727072669615,0.8607982116072408,1768152351.2763834,0.6056745052337646,0.09174666553735733
170,10880,10879,sea_nodrift,sea,ts_drift_adapt,5,"error_divergence_ph_meta@error.threshold=0.10,error.min_instances=5",error_divergence_ph_meta,"{""divergence"": {""alpha"": 0.1, ""delta"": 0.005, ""min_instances"": 30, ""threshold"": 0.05}, ""error_rate"": {""alpha"": 0.15, ""delta"": 0.005, ""min_instances"": 5, ""threshold"": 0.1}}","{""error_rate"": {""min_instances"": 5, ""threshold"": 0.1}}",0.1,0.005,0.15,5,0.05,0.005,0.1,30,,,,-1,two_stage,2,0.5,"__confirm_cooldown=200,__confirm_rule=perm_test,__perm_alpha=0.05,__perm_min_effect=0,__perm_n_perm=200,__perm_post_n=10,__perm_pre_n=200,__perm_rng_seed=0,__perm_stat=vote_score,divergence=0.3,error_rate=0.5,teacher_entropy=0.2",3,0,200,0.0,0,10000,10.0,25.0,200,500,0,0,1.0,0.7868566176470588,0.4483355514436142,0.0,0.33420926332473755,0.007358007598668337,0,0,32,31,-1,perm_test,0.004975124378109453,0.5130633906410751,31,31,0,0.0,0.5,0,0.0,0.0,0.0,0.0,0,none,0,1,0,overconfident,0.95,0,mild_drift,0.9612550431807194,0.0012839075899893238,0.8064363536334808,0.8578991058036204,1768152351.2860007,0.09855782240629196,0.09786440432071686
171,10944,10943,sea_nodrift,sea,ts_drift_adapt,5,"error_divergence_ph_meta@error.threshold=0.10,error.min_instances=5",error_divergence_ph_meta,"{""divergence"": {""alpha"": 0.1, ""delta"": 0.005, ""min_instances"": 30, ""threshold"": 0.05}, ""error_rate"": {""alpha"": 0.15, ""delta"": 0.005, ""min_instances"": 5, ""threshold"": 0.1}}","{""error_rate"": {""min_instances"": 5, ""threshold"": 0.1}}",0.1,0.005,0.15,5,0.05,0.005,0.1,30,,,,-1,two_stage,2,0.5,"__confirm_cooldown=200,__confirm_rule=perm_test,__perm_alpha=0.05,__perm_min_effect=0,__perm_n_perm=200,__perm_post_n=10,__perm_pre_n=200,__perm_rng_seed=0,__perm_stat=vote_score,divergence=0.3,error_rate=0.5,teacher_entropy=0.2",3,0,200,0.0,0,10000,10.0,25.0,200,500,0,0,1.0,0.7877375730994152,0.45115128018225037,0.0,0.3355114459991455,0.008571800775825977,1,1,33,32,0,perm_test,0.004975124378109453,0.4671666095773416,32,32,0,0.3333333333333333,0.0012137931771576405,1,0.5,0.0,0.0,0.0,0,none,1,1,0,overconfident,0.95,0,severe_drift,0.9261275215903597,0.001641953794994662,0.6532181768167404,0.8339495529018102,1768152351.3016837,0.04760022461414337,0.08761250972747803
172,11008,11007,sea_nodrift,sea,ts_drift_adapt,5,"error_divergence_ph_meta@error.threshold=0.10,error.min_instances=5",error_divergence_ph_meta,"{""divergence"": {""alpha"": 0.1, ""delta"": 0.005, ""min_instances"": 30, ""threshold"": 0.05}, ""error_rate"": {""alpha"": 0.15, ""delta"": 0.005, ""min_instances"": 5, ""threshold"": 0.1}}","{""error_rate"": {""min_instances"": 5, ""threshold"": 0.1}}",0.1,0.005,0.15,5,0.05,0.005,0.1,30,,,,-1,two_stage,2,0.5,"__confirm_cooldown=200,__confirm_rule=perm_test,__perm_alpha=0.05,__perm_min_effect=0,__perm_n_perm=200,__perm_post_n=10,__perm_pre_n=200,__perm_rng_seed=0,__perm_stat=vote_score,divergence=0.3,error_rate=0.5,teacher_entropy=0.2",3,0,200,0.0,0,10000,10.0,25.0,200,500,1,136,1.0,0.7883357558139535,0.45330837587487566,0.0,0.34302660822868347,0.011069055646657944,0,0,33,32,-1,perm_test,0.004975124378109453,0.4671666095773416,32,32,0,0.0,0.0024972548708319664,0,0.0,0.0,0.0,0.0,0,none,0,1,0,overconfident,0.95,0,mild_drift,0.9432137607951798,0.001470976897497331,0.7266090884083702,0.8444747764509051,1768152351.3113854,0.10249271243810654,0.10175228118896484
173,11072,11071,sea_nodrift,sea,ts_drift_adapt,5,"error_divergence_ph_meta@error.threshold=0.10,error.min_instances=5",error_divergence_ph_meta,"{""divergence"": {""alpha"": 0.1, ""delta"": 0.005, ""min_instances"": 30, ""threshold"": 0.05}, ""error_rate"": {""alpha"": 0.15, ""delta"": 0.005, ""min_instances"": 5, ""threshold"": 0.1}}","{""error_rate"": {""min_instances"": 5, ""threshold"": 0.1}}",0.1,0.005,0.15,5,0.05,0.005,0.1,30,,,,-1,two_stage,2,0.5,"__confirm_cooldown=200,__confirm_rule=perm_test,__perm_alpha=0.05,__perm_min_effect=0,__perm_n_perm=200,__perm_post_n=10,__perm_pre_n=200,__perm_rng_seed=0,__perm_stat=vote_score,divergence=0.3,error_rate=0.5,teacher_entropy=0.2",3,0,200,0.0,0,10000,10.0,25.0,200,500,1,72,1.0,0.7882044797687862,0.45297350887168497,0.3333333333333333,0.3669634163379669,0.012521378695964813,0,0,33,32,-1,perm_test,0.004975124378109453,0.4671666095773416,32,32,0,0.0,0.3333333333333333,0,0.0,0.0,0.0,0.0,0,none,0,1,0,overconfident,0.95,0,mild_drift,0.9517568803975899,0.0013854884487486657,0.7633045442041851,0.8497373882254525,1768152351.3209844,0.9682076573371887,0.14865824580192566
174,11136,11135,sea_nodrift,sea,ts_drift_adapt,5,"error_divergence_ph_meta@error.threshold=0.10,error.min_instances=5",error_divergence_ph_meta,"{""divergence"": {""alpha"": 0.1, ""delta"": 0.005, ""min_instances"": 30, ""threshold"": 0.05}, ""error_rate"": {""alpha"": 0.15, ""delta"": 0.005, ""min_instances"": 5, ""threshold"": 0.1}}","{""error_rate"": {""min_instances"": 5, ""threshold"": 0.1}}",0.1,0.005,0.15,5,0.05,0.005,0.1,30,,,,-1,two_stage,2,0.5,"__confirm_cooldown=200,__confirm_rule=perm_test,__perm_alpha=0.05,__perm_min_effect=0,__perm_n_perm=200,__perm_post_n=10,__perm_pre_n=200,__perm_rng_seed=0,__perm_stat=vote_score,divergence=0.3,error_rate=0.5,teacher_entropy=0.2",3,0,200,0.0,0,10000,10.0,25.0,200,500,1,8,1.0,0.7888829022988506,0.4551522583949146,0.16666666666666666,0.27426186203956604,0.007404308300465345,0,0,33,32,-1,perm_test,0.004975124378109453,0.4671666095773416,32,32,0,0.0,0.16666666666666666,0,0.0,0.0,0.0,0.0,0,none,0,1,0,overconfident,0.95,0,mild_drift,0.9560284401987948,0.0013427442243743328,0.7816522721020926,0.8523686941127262,1768152351.330671,0.6911566853523254,0.09520800411701202
175,11200,11199,sea_nodrift,sea,ts_drift_adapt,5,"error_divergence_ph_meta@error.threshold=0.10,error.min_instances=5",error_divergence_ph_meta,"{""divergence"": {""alpha"": 0.1, ""delta"": 0.005, ""min_instances"": 30, ""threshold"": 0.05}, ""error_rate"": {""alpha"": 0.15, ""delta"": 0.005, ""min_instances"": 5, ""threshold"": 0.1}}","{""error_rate"": {""min_instances"": 5, ""threshold"": 0.1}}",0.1,0.005,0.15,5,0.05,0.005,0.1,30,,,,-1,two_stage,2,0.5,"__confirm_cooldown=200,__confirm_rule=perm_test,__perm_alpha=0.05,__perm_min_effect=0,__perm_n_perm=200,__perm_post_n=10,__perm_pre_n=200,__perm_rng_seed=0,__perm_stat=vote_score,divergence=0.3,error_rate=0.5,teacher_entropy=0.2",3,0,200,0.0,0,10000,10.0,25.0,200,500,0,0,1.0,0.7892857142857143,0.45619363193525925,0.3333333333333333,0.30792585015296936,0.006249241065233946,0,0,33,32,-1,perm_test,0.004975124378109453,0.4671666095773416,32,32,0,0.0,0.16666666666666666,0,0.0,0.0,0.0,0.0,0,none,0,1,0,overconfident,0.95,0,mild_drift,0.9581642200993974,0.0013213721121871666,0.7908261360510463,0.8536843470563631,1768152351.3403869,1.4077736139297485,0.07849907875061035
176,11264,11263,sea_nodrift,sea,ts_drift_adapt,5,"error_divergence_ph_meta@error.threshold=0.10,error.min_instances=5",error_divergence_ph_meta,"{""divergence"": {""alpha"": 0.1, ""delta"": 0.005, ""min_instances"": 30, ""threshold"": 0.05}, ""error_rate"": {""alpha"": 0.15, ""delta"": 0.005, ""min_instances"": 5, ""threshold"": 0.1}}","{""error_rate"": {""min_instances"": 5, ""threshold"": 0.1}}",0.1,0.005,0.15,5,0.05,0.005,0.1,30,,,,-1,two_stage,2,0.5,"__confirm_cooldown=200,__confirm_rule=perm_test,__perm_alpha=0.05,__perm_min_effect=0,__perm_n_perm=200,__perm_post_n=10,__perm_pre_n=200,__perm_rng_seed=0,__perm_stat=vote_score,divergence=0.3,error_rate=0.5,teacher_entropy=0.2",3,0,200,0.0,0,10000,10.0,25.0,200,500,0,0,1.0,0.7895951704545454,0.4574862330604161,0.0,0.30058252811431885,0.011302919127047062,1,1,34,33,0,perm_test,0.004975124378109453,0.46508726246608706,33,33,0,0.0,0.3333333333333333,1,0.5,0.0,0.0,0.0,0,none,1,1,0,overconfident,0.95,0,stable,0.9740821100496987,0.0010606860560935833,0.8954130680255232,0.8993421735281816,1768152351.356128,0.17948853969573975,0.11948199570178986
177,11328,11327,sea_nodrift,sea,ts_drift_adapt,5,"error_divergence_ph_meta@error.threshold=0.10,error.min_instances=5",error_divergence_ph_meta,"{""divergence"": {""alpha"": 0.1, ""delta"": 0.005, ""min_instances"": 30, ""threshold"": 0.05}, ""error_rate"": {""alpha"": 0.15, ""delta"": 0.005, ""min_instances"": 5, ""threshold"": 0.1}}","{""error_rate"": {""min_instances"": 5, ""threshold"": 0.1}}",0.1,0.005,0.15,5,0.05,0.005,0.1,30,,,,-1,two_stage,2,0.5,"__confirm_cooldown=200,__confirm_rule=perm_test,__perm_alpha=0.05,__perm_min_effect=0,__perm_n_perm=200,__perm_post_n=10,__perm_pre_n=200,__perm_rng_seed=0,__perm_stat=vote_score,divergence=0.3,error_rate=0.5,teacher_entropy=0.2",3,0,200,0.0,0,10000,10.0,25.0,200,500,1,136,1.0,0.78954802259887,0.45760585521605507,0.0,0.3105472922325134,0.013689528219401836,0,0,34,33,-1,perm_test,0.004975124378109453,0.46508726246608706,33,33,0,0.0,0.0023866090923547745,0,0.0,0.0,0.0,0.0,0,none,0,1,0,overconfident,0.95,0,mild_drift,0.9671910550248493,0.0011803430280467918,0.8477065340127616,0.8771710867640907,1768152351.365845,0.1466904580593109,0.12605467438697815
178,11392,11391,sea_nodrift,sea,ts_drift_adapt,5,"error_divergence_ph_meta@error.threshold=0.10,error.min_instances=5",error_divergence_ph_meta,"{""divergence"": {""alpha"": 0.1, ""delta"": 0.005, ""min_instances"": 30, ""threshold"": 0.05}, ""error_rate"": {""alpha"": 0.15, ""delta"": 0.005, ""min_instances"": 5, ""threshold"": 0.1}}","{""error_rate"": {""min_instances"": 5, ""threshold"": 0.1}}",0.1,0.005,0.15,5,0.05,0.005,0.1,30,,,,-1,two_stage,2,0.5,"__confirm_cooldown=200,__confirm_rule=perm_test,__perm_alpha=0.05,__perm_min_effect=0,__perm_n_perm=200,__perm_post_n=10,__perm_pre_n=200,__perm_rng_seed=0,__perm_stat=vote_score,divergence=0.3,error_rate=0.5,teacher_entropy=0.2",3,0,200,0.0,0,10000,10.0,25.0,200,500,1,72,1.0,0.7901158707865169,0.45895298138203466,0.16666666666666666,0.24237988889217377,0.004007046576589346,0,0,34,33,-1,perm_test,0.004975124378109453,0.46508726246608706,33,33,0,0.0,0.16666666666666666,0,0.0,0.0,0.0,0.0,0,none,0,1,0,overconfident,0.95,0,mild_drift,0.9637455275124246,0.0012401715140233959,0.8238532670063808,0.8660855433820454,1768152351.375568,0.2755754888057709,0.07294433563947678
179,11456,11455,sea_nodrift,sea,ts_drift_adapt,5,"error_divergence_ph_meta@error.threshold=0.10,error.min_instances=5",error_divergence_ph_meta,"{""divergence"": {""alpha"": 0.1, ""delta"": 0.005, ""min_instances"": 30, ""threshold"": 0.05}, ""error_rate"": {""alpha"": 0.15, ""delta"": 0.005, ""min_instances"": 5, ""threshold"": 0.1}}","{""error_rate"": {""min_instances"": 5, ""threshold"": 0.1}}",0.1,0.005,0.15,5,0.05,0.005,0.1,30,,,,-1,two_stage,2,0.5,"__confirm_cooldown=200,__confirm_rule=perm_test,__perm_alpha=0.05,__perm_min_effect=0,__perm_n_perm=200,__perm_post_n=10,__perm_pre_n=200,__perm_rng_seed=0,__perm_stat=vote_score,divergence=0.3,error_rate=0.5,teacher_entropy=0.2",3,0,200,0.0,0,10000,10.0,25.0,200,500,1,8,1.0,0.789804469273743,0.458111072696986,0.3333333333333333,0.26117193698883057,0.0088461022824049,0,0,34,33,-1,perm_test,0.004975124378109453,0.46508726246608706,33,33,0,0.0,0.16666666666666666,0,0.0,0.0,0.0,0.0,0,none,0,1,0,overconfident,0.95,0,mild_drift,0.9620227637562122,0.001270085757011698,0.8119266335031905,0.8605427716910227,1768152351.385112,0.40395283699035645,0.12345966696739197
180,11520,11519,sea_nodrift,sea,ts_drift_adapt,5,"error_divergence_ph_meta@error.threshold=0.10,error.min_instances=5",error_divergence_ph_meta,"{""divergence"": {""alpha"": 0.1, ""delta"": 0.005, ""min_instances"": 30, ""threshold"": 0.05}, ""error_rate"": {""alpha"": 0.15, ""delta"": 0.005, ""min_instances"": 5, ""threshold"": 0.1}}","{""error_rate"": {""min_instances"": 5, ""threshold"": 0.1}}",0.1,0.005,0.15,5,0.05,0.005,0.1,30,,,,-1,two_stage,2,0.5,"__confirm_cooldown=200,__confirm_rule=perm_test,__perm_alpha=0.05,__perm_min_effect=0,__perm_n_perm=200,__perm_post_n=10,__perm_pre_n=200,__perm_rng_seed=0,__perm_stat=vote_score,divergence=0.3,error_rate=0.5,teacher_entropy=0.2",3,0,200,0.0,0,10000,10.0,25.0,200,500,0,0,1.0,0.7904513888888889,0.4600314063650994,0.16666666666666666,0.32497188448905945,0.00644302275031805,0,0,34,33,-1,perm_test,0.004975124378109453,0.46508726246608706,33,33,0,0.0,0.16666666666666666,0,0.0,0.0,0.0,0.0,0,none,0,1,0,overconfident,0.95,0,mild_drift,0.9611613818781061,0.001285042878505849,0.8059633167515953,0.8577713858455114,1768152351.3947735,0.2559780478477478,0.10535195469856262
181,11584,11583,sea_nodrift,sea,ts_drift_adapt,5,"error_divergence_ph_meta@error.threshold=0.10,error.min_instances=5",error_divergence_ph_meta,"{""divergence"": {""alpha"": 0.1, ""delta"": 0.005, ""min_instances"": 30, ""threshold"": 0.05}, ""error_rate"": {""alpha"": 0.15, ""delta"": 0.005, ""min_instances"": 5, ""threshold"": 0.1}}","{""error_rate"": {""min_instances"": 5, ""threshold"": 0.1}}",0.1,0.005,0.15,5,0.05,0.005,0.1,30,,,,-1,two_stage,2,0.5,"__confirm_cooldown=200,__confirm_rule=perm_test,__perm_alpha=0.05,__perm_min_effect=0,__perm_n_perm=200,__perm_post_n=10,__perm_pre_n=200,__perm_rng_seed=0,__perm_stat=vote_score,divergence=0.3,error_rate=0.5,teacher_entropy=0.2",3,0,200,0.0,0,10000,10.0,25.0,200,500,0,0,1.0,0.7906595303867403,0.46092318708094754,0.0,0.2918013334274292,0.0056491512805223465,1,1,35,34,0,perm_test,0.004975124378109453,0.4544242508623349,34,34,0,0.0,0.16666666666666666,1,0.5,0.0,0.0,0.0,0,none,1,1,0,overconfident,0.95,0,stable,0.975580690939053,0.0010425214392529244,0.9029816583757977,0.9013856929227557,1768152351.4104235,0.08986464887857437,0.07872042804956436
182,11648,11647,sea_nodrift,sea,ts_drift_adapt,5,"error_divergence_ph_meta@error.threshold=0.10,error.min_instances=5",error_divergence_ph_meta,"{""divergence"": {""alpha"": 0.1, ""delta"": 0.005, ""min_instances"": 30, ""threshold"": 0.05}, ""error_rate"": {""alpha"": 0.15, ""delta"": 0.005, ""min_instances"": 5, ""threshold"": 0.1}}","{""error_rate"": {""min_instances"": 5, ""threshold"": 0.1}}",0.1,0.005,0.15,5,0.05,0.005,0.1,30,,,,-1,two_stage,2,0.5,"__confirm_cooldown=200,__confirm_rule=perm_test,__perm_alpha=0.05,__perm_min_effect=0,__perm_n_perm=200,__perm_post_n=10,__perm_pre_n=200,__perm_rng_seed=0,__perm_stat=vote_score,divergence=0.3,error_rate=0.5,teacher_entropy=0.2",3,0,200,0.0,0,10000,10.0,25.0,200,500,1,136,1.0,0.7911229395604396,0.4620351452245484,0.16666666666666666,0.2844180166721344,0.0068048653192818165,0,0,35,34,-1,perm_test,0.004975124378109453,0.4544242508623349,34,34,0,0.0,0.16666666666666666,0,0.0,0.0,0.0,0.0,0,none,0,1,0,overconfident,0.95,0,mild_drift,0.9679403454695265,0.0011712607196264623,0.8514908291878989,0.8781928464613779,1768152351.4201438,0.6154528260231018,0.07042653113603592
183,11712,11711,sea_nodrift,sea,ts_drift_adapt,5,"error_divergence_ph_meta@error.threshold=0.10,error.min_instances=5",error_divergence_ph_meta,"{""divergence"": {""alpha"": 0.1, ""delta"": 0.005, ""min_instances"": 30, ""threshold"": 0.05}, ""error_rate"": {""alpha"": 0.15, ""delta"": 0.005, ""min_instances"": 5, ""threshold"": 0.1}}","{""error_rate"": {""min_instances"": 5, ""threshold"": 0.1}}",0.1,0.005,0.15,5,0.05,0.005,0.1,30,,,,-1,two_stage,2,0.5,"__confirm_cooldown=200,__confirm_rule=perm_test,__perm_alpha=0.05,__perm_min_effect=0,__perm_n_perm=200,__perm_post_n=10,__perm_pre_n=200,__perm_rng_seed=0,__perm_stat=vote_score,divergence=0.3,error_rate=0.5,teacher_entropy=0.2",3,0,200,0.0,0,10000,10.0,25.0,200,500,1,72,1.0,0.7914959016393442,0.46322665732478835,0.0,0.279130756855011,0.0043882993049919605,0,0,35,34,-1,perm_test,0.004975124378109453,0.4544242508623349,34,34,0,0.0,0.16666666666666666,0,0.0,0.0,0.0,0.0,0,none,0,1,0,overconfident,0.95,0,mild_drift,0.9641201727347632,0.0012356303598132312,0.8257454145939495,0.8665964232306889,1768152351.4300764,0.017888275906443596,0.0706433579325676
184,11776,11775,sea_nodrift,sea,ts_drift_adapt,5,"error_divergence_ph_meta@error.threshold=0.10,error.min_instances=5",error_divergence_ph_meta,"{""divergence"": {""alpha"": 0.1, ""delta"": 0.005, ""min_instances"": 30, ""threshold"": 0.05}, ""error_rate"": {""alpha"": 0.15, ""delta"": 0.005, ""min_instances"": 5, ""threshold"": 0.1}}","{""error_rate"": {""min_instances"": 5, ""threshold"": 0.1}}",0.1,0.005,0.15,5,0.05,0.005,0.1,30,,,,-1,two_stage,2,0.5,"__confirm_cooldown=200,__confirm_rule=perm_test,__perm_alpha=0.05,__perm_min_effect=0,__perm_n_perm=200,__perm_post_n=10,__perm_pre_n=200,__perm_rng_seed=0,__perm_stat=vote_score,divergence=0.3,error_rate=0.5,teacher_entropy=0.2",3,0,200,0.0,0,10000,10.0,25.0,200,500,1,8,1.0,0.791610054347826,0.46367249928287496,0.0,0.27822476625442505,0.004662161227315664,0,0,35,34,-1,perm_test,0.004975124378109453,0.4544242508623349,34,34,0,0.0,0.00027386192232370377,0,0.0,0.0,0.0,0.0,0,none,0,1,0,overconfident,0.95,0,mild_drift,0.9622100863673816,0.0012678151799066157,0.8128727072969748,0.8607982116153444,1768152351.4397252,0.05738230049610138,0.07096312940120697
185,11840,11839,sea_nodrift,sea,ts_drift_adapt,5,"error_divergence_ph_meta@error.threshold=0.10,error.min_instances=5",error_divergence_ph_meta,"{""divergence"": {""alpha"": 0.1, ""delta"": 0.005, ""min_instances"": 30, ""threshold"": 0.05}, ""error_rate"": {""alpha"": 0.15, ""delta"": 0.005, ""min_instances"": 5, ""threshold"": 0.1}}","{""error_rate"": {""min_instances"": 5, ""threshold"": 0.1}}",0.1,0.005,0.15,5,0.05,0.005,0.1,30,,,,-1,two_stage,2,0.5,"__confirm_cooldown=200,__confirm_rule=perm_test,__perm_alpha=0.05,__perm_min_effect=0,__perm_n_perm=200,__perm_post_n=10,__perm_pre_n=200,__perm_rng_seed=0,__perm_stat=vote_score,divergence=0.3,error_rate=0.5,teacher_entropy=0.2",3,0,200,0.0,0,10000,10.0,25.0,200,500,0,0,1.0,0.791722972972973,0.46364141740553183,0.6666666666666666,0.2676352560520172,0.00534383300691843,0,0,35,34,-1,perm_test,0.004975124378109453,0.4544242508623349,34,34,0,0.0,0.6666666666666666,0,0.0,0.0,0.0,0.0,0,none,0,1,0,overconfident,0.95,0,mild_drift,0.9612550431836908,0.001283907589953308,0.8064363536484874,0.8578991058076721,1768152351.4494524,1.068861484527588,0.07493877410888672
186,11904,11903,sea_nodrift,sea,ts_drift_adapt,5,"error_divergence_ph_meta@error.threshold=0.10,error.min_instances=5",error_divergence_ph_meta,"{""divergence"": {""alpha"": 0.1, ""delta"": 0.005, ""min_instances"": 30, ""threshold"": 0.05}, ""error_rate"": {""alpha"": 0.15, ""delta"": 0.005, ""min_instances"": 5, ""threshold"": 0.1}}","{""error_rate"": {""min_instances"": 5, ""threshold"": 0.1}}",0.1,0.005,0.15,5,0.05,0.005,0.1,30,,,,-1,two_stage,2,0.5,"__confirm_cooldown=200,__confirm_rule=perm_test,__perm_alpha=0.05,__perm_min_effect=0,__perm_n_perm=200,__perm_post_n=10,__perm_pre_n=200,__perm_rng_seed=0,__perm_stat=vote_score,divergence=0.3,error_rate=0.5,teacher_entropy=0.2",3,0,200,0.0,0,10000,10.0,25.0,200,500,0,0,1.0,0.7914986559139785,0.4641610078058818,0.5,0.2980208992958069,0.004743064288049936,1,1,36,35,0,perm_test,0.004975124378109453,0.5212857221725073,35,35,0,0.5,0.16666666666666663,1,0.5,0.0,0.0,0.0,0,none,1,1,0,overconfident,0.95,0,severe_drift,0.9261275215918454,0.001641953794976654,0.6532181768242438,0.8339495529038361,1768152351.4650047,1.2924928665161133,0.06751970946788788
187,11968,11967,sea_nodrift,sea,ts_drift_adapt,5,"error_divergence_ph_meta@error.threshold=0.10,error.min_instances=5",error_divergence_ph_meta,"{""divergence"": {""alpha"": 0.1, ""delta"": 0.005, ""min_instances"": 30, ""threshold"": 0.05}, ""error_rate"": {""alpha"": 0.15, ""delta"": 0.005, ""min_instances"": 5, ""threshold"": 0.1}}","{""error_rate"": {""min_instances"": 5, ""threshold"": 0.1}}",0.1,0.005,0.15,5,0.05,0.005,0.1,30,,,,-1,two_stage,2,0.5,"__confirm_cooldown=200,__confirm_rule=perm_test,__perm_alpha=0.05,__perm_min_effect=0,__perm_n_perm=200,__perm_post_n=10,__perm_pre_n=200,__perm_rng_seed=0,__perm_stat=vote_score,divergence=0.3,error_rate=0.5,teacher_entropy=0.2",3,0,200,0.0,0,10000,10.0,25.0,200,500,1,136,1.0,0.7915274064171123,0.46452306799308324,0.0,0.2863686978816986,0.006828003562986851,0,0,36,35,-1,perm_test,0.004975124378109453,0.5212857221725073,35,35,0,0.0,0.5,0,0.0,0.0,0.0,0.0,0,none,0,1,0,overconfident,0.95,0,mild_drift,0.9432137607959227,0.001470976897488327,0.7266090884121219,0.844474776451918,1768152351.4746647,0.17035436630249023,0.08618469536304474
188,12032,12031,sea_nodrift,sea,ts_drift_adapt,5,"error_divergence_ph_meta@error.threshold=0.10,error.min_instances=5",error_divergence_ph_meta,"{""divergence"": {""alpha"": 0.1, ""delta"": 0.005, ""min_instances"": 30, ""threshold"": 0.05}, ""error_rate"": {""alpha"": 0.15, ""delta"": 0.005, ""min_instances"": 5, ""threshold"": 0.1}}","{""error_rate"": {""min_instances"": 5, ""threshold"": 0.1}}",0.1,0.005,0.15,5,0.05,0.005,0.1,30,,,,-1,two_stage,2,0.5,"__confirm_cooldown=200,__confirm_rule=perm_test,__perm_alpha=0.05,__perm_min_effect=0,__perm_n_perm=200,__perm_post_n=10,__perm_pre_n=200,__perm_rng_seed=0,__perm_stat=vote_score,divergence=0.3,error_rate=0.5,teacher_entropy=0.2",3,0,200,0.0,0,10000,10.0,25.0,200,500,1,72,1.0,0.7918051861702128,0.46568052687095024,0.3333333333333333,0.29255568981170654,0.00563235767185688,0,0,36,35,-1,perm_test,0.004975124378109453,0.5212857221725073,35,35,0,0.0,0.3333333333333333,0,0.0,0.0,0.0,0.0,0,none,0,1,0,overconfident,0.95,0,mild_drift,0.9517568803979612,0.0013854884487441636,0.763304544206061,0.849737388225959,1768152351.4841907,0.37027719616889954,0.0752466693520546
189,12096,12095,sea_nodrift,sea,ts_drift_adapt,5,"error_divergence_ph_meta@error.threshold=0.10,error.min_instances=5",error_divergence_ph_meta,"{""divergence"": {""alpha"": 0.1, ""delta"": 0.005, ""min_instances"": 30, ""threshold"": 0.05}, ""error_rate"": {""alpha"": 0.15, ""delta"": 0.005, ""min_instances"": 5, ""threshold"": 0.1}}","{""error_rate"": {""min_instances"": 5, ""threshold"": 0.1}}",0.1,0.005,0.15,5,0.05,0.005,0.1,30,,,,-1,two_stage,2,0.5,"__confirm_cooldown=200,__confirm_rule=perm_test,__perm_alpha=0.05,__perm_min_effect=0,__perm_n_perm=200,__perm_post_n=10,__perm_pre_n=200,__perm_rng_seed=0,__perm_stat=vote_score,divergence=0.3,error_rate=0.5,teacher_entropy=0.2",3,0,200,0.0,0,10000,10.0,25.0,200,500,1,8,1.0,0.7920800264550265,0.4665657783741486,0.0,0.3247567415237427,0.00688561936840415,0,0,36,35,-1,perm_test,0.004975124378109453,0.5212857221725073,35,35,0,0.0,0.3333333333333333,0,0.0,0.0,0.0,0.0,0,none,0,1,0,overconfident,0.95,0,mild_drift,0.9560284401989806,0.001342744224372082,0.7816522721030306,0.8523686941129796,1768152351.493927,0.23312430083751678,0.107022225856781
190,12160,12159,sea_nodrift,sea,ts_drift_adapt,5,"error_divergence_ph_meta@error.threshold=0.10,error.min_instances=5",error_divergence_ph_meta,"{""divergence"": {""alpha"": 0.1, ""delta"": 0.005, ""min_instances"": 30, ""threshold"": 0.05}, ""error_rate"": {""alpha"": 0.15, ""delta"": 0.005, ""min_instances"": 5, ""threshold"": 0.1}}","{""error_rate"": {""min_instances"": 5, ""threshold"": 0.1}}",0.1,0.005,0.15,5,0.05,0.005,0.1,30,,,,-1,two_stage,2,0.5,"__confirm_cooldown=200,__confirm_rule=perm_test,__perm_alpha=0.05,__perm_min_effect=0,__perm_n_perm=200,__perm_post_n=10,__perm_pre_n=200,__perm_rng_seed=0,__perm_stat=vote_score,divergence=0.3,error_rate=0.5,teacher_entropy=0.2",3,0,200,0.0,0,10000,10.0,25.0,200,500,0,0,1.0,0.7923519736842105,0.46739863505288537,0.16666666666666666,0.3132777810096741,0.0035654548555612564,0,0,36,35,-1,perm_test,0.004975124378109453,0.5212857221725073,35,35,0,0.0,0.16666666666666666,0,0.0,0.0,0.0,0.0,0,none,0,1,0,overconfident,0.95,0,mild_drift,0.9581642200994902,0.0013213721121860412,0.7908261360515153,0.8536843470564898,1768152351.5036056,0.2568103075027466,0.07645045965909958
191,12224,12223,sea_nodrift,sea,ts_drift_adapt,5,"error_divergence_ph_meta@error.threshold=0.10,error.min_instances=5",error_divergence_ph_meta,"{""divergence"": {""alpha"": 0.1, ""delta"": 0.005, ""min_instances"": 30, ""threshold"": 0.05}, ""error_rate"": {""alpha"": 0.15, ""delta"": 0.005, ""min_instances"": 5, ""threshold"": 0.1}}","{""error_rate"": {""min_instances"": 5, ""threshold"": 0.1}}",0.1,0.005,0.15,5,0.05,0.005,0.1,30,,,,-1,two_stage,2,0.5,"__confirm_cooldown=200,__confirm_rule=perm_test,__perm_alpha=0.05,__perm_min_effect=0,__perm_n_perm=200,__perm_post_n=10,__perm_pre_n=200,__perm_rng_seed=0,__perm_stat=vote_score,divergence=0.3,error_rate=0.5,teacher_entropy=0.2",3,0,200,0.0,0,10000,10.0,25.0,200,500,0,0,1.0,0.7925392670157068,0.4681269377296656,0.3333333333333333,0.32091444730758667,0.00685409689322114,1,1,37,36,0,perm_test,0.004975124378109453,0.48382764736342976,36,36,0,0.16666666666666669,0.16666666666666666,1,0.5,0.0,0.0,0.0,0,none,1,1,0,overconfident,0.95,0,severe_drift,0.9245821100497451,0.0016606860560930206,0.6454130680257577,0.8318421735282449,1768152351.5192463,0.44237565994262695,0.09869080036878586
192,12288,12287,sea_nodrift,sea,ts_drift_adapt,5,"error_divergence_ph_meta@error.threshold=0.10,error.min_instances=5",error_divergence_ph_meta,"{""divergence"": {""alpha"": 0.1, ""delta"": 0.005, ""min_instances"": 30, ""threshold"": 0.05}, ""error_rate"": {""alpha"": 0.15, ""delta"": 0.005, ""min_instances"": 5, ""threshold"": 0.1}}","{""error_rate"": {""min_instances"": 5, ""threshold"": 0.1}}",0.1,0.005,0.15,5,0.05,0.005,0.1,30,,,,-1,two_stage,2,0.5,"__confirm_cooldown=200,__confirm_rule=perm_test,__perm_alpha=0.05,__perm_min_effect=0,__perm_n_perm=200,__perm_post_n=10,__perm_pre_n=200,__perm_rng_seed=0,__perm_stat=vote_score,divergence=0.3,error_rate=0.5,teacher_entropy=0.2",3,0,200,0.0,0,10000,10.0,25.0,200,500,1,136,1.0,0.792724609375,0.4688047042692929,0.3333333333333333,0.30531683564186096,0.00966600887477398,0,0,37,36,-1,perm_test,0.004975124378109453,0.48382764736342976,36,36,0,0.0,0.0028119119815528393,0,0.0,0.0,0.0,0.0,0,none,0,1,0,overconfident,0.95,0,mild_drift,0.9424410550248725,0.0014803430280465103,0.7227065340128789,0.8434210867641224,1768152351.528954,0.6288660168647766,0.12131708860397339
193,12352,12351,sea_nodrift,sea,ts_drift_adapt,5,"error_divergence_ph_meta@error.threshold=0.10,error.min_instances=5",error_divergence_ph_meta,"{""divergence"": {""alpha"": 0.1, ""delta"": 0.005, ""min_instances"": 30, ""threshold"": 0.05}, ""error_rate"": {""alpha"": 0.15, ""delta"": 0.005, ""min_instances"": 5, ""threshold"": 0.1}}","{""error_rate"": {""min_instances"": 5, ""threshold"": 0.1}}",0.1,0.005,0.15,5,0.05,0.005,0.1,30,,,,-1,two_stage,2,0.5,"__confirm_cooldown=200,__confirm_rule=perm_test,__perm_alpha=0.05,__perm_min_effect=0,__perm_n_perm=200,__perm_post_n=10,__perm_pre_n=200,__perm_rng_seed=0,__perm_stat=vote_score,divergence=0.3,error_rate=0.5,teacher_entropy=0.2",3,0,200,0.0,0,10000,10.0,25.0,200,500,1,72,1.0,0.7928270725388601,0.46901304071479766,0.16666666666666666,0.2937799394130707,0.005988655611872673,0,0,37,36,-1,perm_test,0.004975124378109453,0.48382764736342976,36,36,0,0.0,0.16666666666666666,0,0.0,0.0,0.0,0.0,0,none,0,1,0,overconfident,0.95,0,mild_drift,0.9513705275124362,0.0013901715140232553,0.7613532670064395,0.8492105433820611,1768152351.5385566,0.6470083594322205,0.10009018331766129
194,12416,12415,sea_nodrift,sea,ts_drift_adapt,5,"error_divergence_ph_meta@error.threshold=0.10,error.min_instances=5",error_divergence_ph_meta,"{""divergence"": {""alpha"": 0.1, ""delta"": 0.005, ""min_instances"": 30, ""threshold"": 0.05}, ""error_rate"": {""alpha"": 0.15, ""delta"": 0.005, ""min_instances"": 5, ""threshold"": 0.1}}","{""error_rate"": {""min_instances"": 5, ""threshold"": 0.1}}",0.1,0.005,0.15,5,0.05,0.005,0.1,30,,,,-1,two_stage,2,0.5,"__confirm_cooldown=200,__confirm_rule=perm_test,__perm_alpha=0.05,__perm_min_effect=0,__perm_n_perm=200,__perm_post_n=10,__perm_pre_n=200,__perm_rng_seed=0,__perm_stat=vote_score,divergence=0.3,error_rate=0.5,teacher_entropy=0.2",3,0,200,0.0,0,10000,10.0,25.0,200,500,1,8,1.0,0.7928479381443299,0.46900841170822416,0.3333333333333333,0.32209885120391846,0.006420223508030176,0,0,37,36,-1,perm_test,0.004975124378109453,0.48382764736342976,36,36,0,0.0,0.16666666666666666,0,0.0,0.0,0.0,0.0,0,none,0,1,0,overconfident,0.95,0,mild_drift,0.9558352637562181,0.0013450857570116276,0.7806766335032198,0.8521052716910306,1768152351.548192,0.7698616981506348,0.11658919602632523
195,12480,12479,sea_nodrift,sea,ts_drift_adapt,5,"error_divergence_ph_meta@error.threshold=0.10,error.min_instances=5",error_divergence_ph_meta,"{""divergence"": {""alpha"": 0.1, ""delta"": 0.005, ""min_instances"": 30, ""threshold"": 0.05}, ""error_rate"": {""alpha"": 0.15, ""delta"": 0.005, ""min_instances"": 5, ""threshold"": 0.1}}","{""error_rate"": {""min_instances"": 5, ""threshold"": 0.1}}",0.1,0.005,0.15,5,0.05,0.005,0.1,30,,,,-1,two_stage,2,0.5,"__confirm_cooldown=200,__confirm_rule=perm_test,__perm_alpha=0.05,__perm_min_effect=0,__perm_n_perm=200,__perm_post_n=10,__perm_pre_n=200,__perm_rng_seed=0,__perm_stat=vote_score,divergence=0.3,error_rate=0.5,teacher_entropy=0.2",3,0,200,0.0,0,10000,10.0,25.0,200,500,0,0,1.0,0.793349358974359,0.4705662668581623,0.0,0.2675812244415283,0.005533616058528423,0,0,37,36,-1,perm_test,0.004975124378109453,0.48382764736342976,36,36,0,0.0,0.3333333333333333,0,0.0,0.0,0.0,0.0,0,none,0,1,0,overconfident,0.95,0,mild_drift,0.958067631878109,0.001322542878505814,0.7903383167516099,0.8535526358455152,1768152351.558063,0.1687936633825302,0.09056148678064346
196,12544,12543,sea_nodrift,sea,ts_drift_adapt,5,"error_divergence_ph_meta@error.threshold=0.10,error.min_instances=5",error_divergence_ph_meta,"{""divergence"": {""alpha"": 0.1, ""delta"": 0.005, ""min_instances"": 30, ""threshold"": 0.05}, ""error_rate"": {""alpha"": 0.15, ""delta"": 0.005, ""min_instances"": 5, ""threshold"": 0.1}}","{""error_rate"": {""min_instances"": 5, ""threshold"": 0.1}}",0.1,0.005,0.15,5,0.05,0.005,0.1,30,,,,-1,two_stage,2,0.5,"__confirm_cooldown=200,__confirm_rule=perm_test,__perm_alpha=0.05,__perm_min_effect=0,__perm_n_perm=200,__perm_post_n=10,__perm_pre_n=200,__perm_rng_seed=0,__perm_stat=vote_score,divergence=0.3,error_rate=0.5,teacher_entropy=0.2",3,0,200,0.0,0,10000,10.0,25.0,200,500,0,0,1.0,0.7935267857142857,0.4712575587038444,0.0,0.2713923454284668,0.006174754351377487,1,1,38,37,0,perm_test,0.004975124378109453,0.5030551529214062,37,37,0,0.3333333333333333,0.0006411382928490639,1,0.5,0.0,0.0,0.0,0,none,1,1,0,overconfident,0.95,0,severe_drift,0.9245338159390545,0.001661271439252907,0.645169158375805,0.8317763179227576,1768152351.5737646,0.16544051468372345,0.08870033174753189
197,12608,12607,sea_nodrift,sea,ts_drift_adapt,5,"error_divergence_ph_meta@error.threshold=0.10,error.min_instances=5",error_divergence_ph_meta,"{""divergence"": {""alpha"": 0.1, ""delta"": 0.005, ""min_instances"": 30, ""threshold"": 0.05}, ""error_rate"": {""alpha"": 0.15, ""delta"": 0.005, ""min_instances"": 5, ""threshold"": 0.1}}","{""error_rate"": {""min_instances"": 5, ""threshold"": 0.1}}",0.1,0.005,0.15,5,0.05,0.005,0.1,30,,,,-1,two_stage,2,0.5,"__confirm_cooldown=200,__confirm_rule=perm_test,__perm_alpha=0.05,__perm_min_effect=0,__perm_n_perm=200,__perm_post_n=10,__perm_pre_n=200,__perm_rng_seed=0,__perm_stat=vote_score,divergence=0.3,error_rate=0.5,teacher_entropy=0.2",3,0,200,0.0,0,10000,10.0,25.0,200,500,1,136,1.0,0.7939403553299492,0.4719549139591223,0.0,0.31449466943740845,0.005249264650046825,0,0,38,37,-1,perm_test,0.004975124378109453,0.5030551529214062,37,37,0,0.0,0.0009254897013306618,0,0.0,0.0,0.0,0.0,0,none,0,1,0,overconfident,0.95,0,mild_drift,0.9424169079695273,0.0014806357196264536,0.7225845791879025,0.8433881589613788,1768152351.583455,0.09724047780036926,0.1116504818201065
198,12672,12671,sea_nodrift,sea,ts_drift_adapt,5,"error_divergence_ph_meta@error.threshold=0.10,error.min_instances=5",error_divergence_ph_meta,"{""divergence"": {""alpha"": 0.1, ""delta"": 0.005, ""min_instances"": 30, ""threshold"": 0.05}, ""error_rate"": {""alpha"": 0.15, ""delta"": 0.005, ""min_instances"": 5, ""threshold"": 0.1}}","{""error_rate"": {""min_instances"": 5, ""threshold"": 0.1}}",0.1,0.005,0.15,5,0.05,0.005,0.1,30,,,,-1,two_stage,2,0.5,"__confirm_cooldown=200,__confirm_rule=perm_test,__perm_alpha=0.05,__perm_min_effect=0,__perm_n_perm=200,__perm_post_n=10,__perm_pre_n=200,__perm_rng_seed=0,__perm_stat=vote_score,divergence=0.3,error_rate=0.5,teacher_entropy=0.2",3,0,200,0.0,0,10000,10.0,25.0,200,500,1,72,1.0,0.7942708333333334,0.4727859338699668,0.0,0.34625664353370667,0.006692919880151749,0,0,38,37,-1,perm_test,0.004975124378109453,0.5030551529214062,37,37,0,0.0,0.0014436552301049232,0,0.0,0.0,0.0,0.0,0,none,0,1,0,overconfident,0.95,0,mild_drift,0.9513584539847636,0.001390317859813227,0.7612922895939513,0.8491940794806894,1768152351.5932539,0.10157683491706848,0.08718781173229218
199,12736,12735,sea_nodrift,sea,ts_drift_adapt,5,"error_divergence_ph_meta@error.threshold=0.10,error.min_instances=5",error_divergence_ph_meta,"{""divergence"": {""alpha"": 0.1, ""delta"": 0.005, ""min_instances"": 30, ""threshold"": 0.05}, ""error_rate"": {""alpha"": 0.15, ""delta"": 0.005, ""min_instances"": 5, ""threshold"": 0.1}}","{""error_rate"": {""min_instances"": 5, ""threshold"": 0.1}}",0.1,0.005,0.15,5,0.05,0.005,0.1,30,,,,-1,two_stage,2,0.5,"__confirm_cooldown=200,__confirm_rule=perm_test,__perm_alpha=0.05,__perm_min_effect=0,__perm_n_perm=200,__perm_post_n=10,__perm_pre_n=200,__perm_rng_seed=0,__perm_stat=vote_score,divergence=0.3,error_rate=0.5,teacher_entropy=0.2",3,0,200,0.0,0,10000,10.0,25.0,200,500,1,8,1.0,0.7944409547738693,0.4736226153581275,0.0,0.30971112847328186,0.004689547698944807,0,0,38,37,-1,perm_test,0.004975124378109453,0.5030551529214062,37,37,0,0.0,0.0020033721812069416,0,0.0,0.0,0.0,0.0,0,none,0,1,0,overconfident,0.95,0,mild_drift,0.9558292269923818,0.0013451589299066135,0.7806461447969757,0.8520970397403447,1768152351.602752,0.12317676097154617,0.08687162399291992
200,12800,12799,sea_nodrift,sea,ts_drift_adapt,5,"error_divergence_ph_meta@error.threshold=0.10,error.min_instances=5",error_divergence_ph_meta,"{""divergence"": {""alpha"": 0.1, ""delta"": 0.005, ""min_instances"": 30, ""threshold"": 0.05}, ""error_rate"": {""alpha"": 0.15, ""delta"": 0.005, ""min_instances"": 5, ""threshold"": 0.1}}","{""error_rate"": {""min_instances"": 5, ""threshold"": 0.1}}",0.1,0.005,0.15,5,0.05,0.005,0.1,30,,,,-1,two_stage,2,0.5,"__confirm_cooldown=200,__confirm_rule=perm_test,__perm_alpha=0.05,__perm_min_effect=0,__perm_n_perm=200,__perm_post_n=10,__perm_pre_n=200,__perm_rng_seed=0,__perm_stat=vote_score,divergence=0.3,error_rate=0.5,teacher_entropy=0.2",3,0,200,0.0,0,10000,10.0,25.0,200,500,0,0,1.0,0.7946875,0.47400328341391224,0.0,0.32163479924201965,0.004666958469897509,0,0,38,37,-1,perm_test,0.004975124378109453,0.5030551529214062,37,37,0,0.0,2.258922904729843e-05,0,0.0,0.0,0.0,0.0,0,none,0,1,0,overconfident,0.95,0,mild_drift,0.9580646134961909,0.0013225794649533067,0.7903230723984879,0.8535485198701723,1768152351.6123843,0.05735189840197563,0.07210403680801392
201,12864,12863,sea_nodrift,sea,ts_drift_adapt,5,"error_divergence_ph_meta@error.threshold=0.10,error.min_instances=5",error_divergence_ph_meta,"{""divergence"": {""alpha"": 0.1, ""delta"": 0.005, ""min_instances"": 30, ""threshold"": 0.05}, ""error_rate"": {""alpha"": 0.15, ""delta"": 0.005, ""min_instances"": 5, ""threshold"": 0.1}}","{""error_rate"": {""min_instances"": 5, ""threshold"": 0.1}}",0.1,0.005,0.15,5,0.05,0.005,0.1,30,,,,-1,two_stage,2,0.5,"__confirm_cooldown=200,__confirm_rule=perm_test,__perm_alpha=0.05,__perm_min_effect=0,__perm_n_perm=200,__perm_post_n=10,__perm_pre_n=200,__perm_rng_seed=0,__perm_stat=vote_score,divergence=0.3,error_rate=0.5,teacher_entropy=0.2",3,0,200,0.0,0,10000,10.0,25.0,200,500,0,0,1.0,0.794853855721393,0.4740736127545618,0.0,0.34968987107276917,0.006894892547279596,0,0,38,37,-1,perm_test,0.004975124378109453,0.5030551529214062,37,37,0,0.0,0.0022279340773820877,0,0.0,0.0,0.0,0.0,0,none,0,1,0,overconfident,0.95,0,mild_drift,0.9591823067480953,0.0013112897324766533,0.7951615361992439,0.8542742599350861,1768152351.6222,0.15852226316928864,0.10940632969141006
202,12928,12927,sea_nodrift,sea,ts_drift_adapt,5,"error_divergence_ph_meta@error.threshold=0.10,error.min_instances=5",error_divergence_ph_meta,"{""divergence"": {""alpha"": 0.1, ""delta"": 0.005, ""min_instances"": 30, ""threshold"": 0.05}, ""error_rate"": {""alpha"": 0.15, ""delta"": 0.005, ""min_instances"": 5, ""threshold"": 0.1}}","{""error_rate"": {""min_instances"": 5, ""threshold"": 0.1}}",0.1,0.005,0.15,5,0.05,0.005,0.1,30,,,,-1,two_stage,2,0.5,"__confirm_cooldown=200,__confirm_rule=perm_test,__perm_alpha=0.05,__perm_min_effect=0,__perm_n_perm=200,__perm_post_n=10,__perm_pre_n=200,__perm_rng_seed=0,__perm_stat=vote_score,divergence=0.3,error_rate=0.5,teacher_entropy=0.2",3,0,200,0.0,0,10000,10.0,25.0,200,500,0,0,1.0,0.7950959158415841,0.474685200174549,0.16666666666666666,0.3106793463230133,0.005645537283271551,1,1,39,38,0,perm_test,0.004975124378109453,0.4982712971924472,38,38,0,0.16666666666666666,0.16666666666666666,1,0.5,0.0,0.0,0.0,0,none,1,1,0,overconfident,0.95,0,severe_drift,0.9250911533740477,0.0016556448662383267,0.647580768099622,0.8321371299675431,1768152351.6377685,0.5504724979400635,0.0901920348405838
203,12992,12991,sea_nodrift,sea,ts_drift_adapt,5,"error_divergence_ph_meta@error.threshold=0.10,error.min_instances=5",error_divergence_ph_meta,"{""divergence"": {""alpha"": 0.1, ""delta"": 0.005, ""min_instances"": 30, ""threshold"": 0.05}, ""error_rate"": {""alpha"": 0.15, ""delta"": 0.005, ""min_instances"": 5, ""threshold"": 0.1}}","{""error_rate"": {""min_instances"": 5, ""threshold"": 0.1}}",0.1,0.005,0.15,5,0.05,0.005,0.1,30,,,,-1,two_stage,2,0.5,"__confirm_cooldown=200,__confirm_rule=perm_test,__perm_alpha=0.05,__perm_min_effect=0,__perm_n_perm=200,__perm_post_n=10,__perm_pre_n=200,__perm_rng_seed=0,__perm_stat=vote_score,divergence=0.3,error_rate=0.5,teacher_entropy=0.2",3,0,200,0.0,0,10000,10.0,25.0,200,500,1,136,1.0,0.7951046798029556,0.4750603014176876,0.16666666666666666,0.3476550281047821,0.008065511472523212,0,0,39,38,-1,perm_test,0.004975124378109453,0.4982712971924472,38,38,0,0.0,0.0024199741892516613,0,0.0,0.0,0.0,0.0,0,none,0,1,0,overconfident,0.95,0,mild_drift,0.9426955766870238,0.0014778224331191635,0.723790384049811,0.8435685649837715,1768152351.6474884,0.6516153812408447,0.09762352705001831
204,13056,13055,sea_nodrift,sea,ts_drift_adapt,5,"error_divergence_ph_meta@error.threshold=0.10,error.min_instances=5",error_divergence_ph_meta,"{""divergence"": {""alpha"": 0.1, ""delta"": 0.005, ""min_instances"": 30, ""threshold"": 0.05}, ""error_rate"": {""alpha"": 0.15, ""delta"": 0.005, ""min_instances"": 5, ""threshold"": 0.1}}","{""error_rate"": {""min_instances"": 5, ""threshold"": 0.1}}",0.1,0.005,0.15,5,0.05,0.005,0.1,30,,,,-1,two_stage,2,0.5,"__confirm_cooldown=200,__confirm_rule=perm_test,__perm_alpha=0.05,__perm_min_effect=0,__perm_n_perm=200,__perm_post_n=10,__perm_pre_n=200,__perm_rng_seed=0,__perm_stat=vote_score,divergence=0.3,error_rate=0.5,teacher_entropy=0.2",3,0,200,0.0,0,10000,10.0,25.0,200,500,1,72,1.0,0.7953431372549019,0.47514450679206505,0.0,0.338470995426178,0.0074789077043533325,0,0,39,38,-1,perm_test,0.004975124378109453,0.4982712971924472,38,38,0,0.0,0.16666666666666666,0,0.0,0.0,0.0,0.0,0,none,0,1,0,overconfident,0.95,0,mild_drift,0.9514977883435118,0.001388911216559582,0.7618951920249055,0.8492842824918858,1768152351.657017,0.1591964066028595,0.09441053867340088
205,13120,13119,sea_nodrift,sea,ts_drift_adapt,5,"error_divergence_ph_meta@error.threshold=0.10,error.min_instances=5",error_divergence_ph_meta,"{""divergence"": {""alpha"": 0.1, ""delta"": 0.005, ""min_instances"": 30, ""threshold"": 0.05}, ""error_rate"": {""alpha"": 0.15, ""delta"": 0.005, ""min_instances"": 5, ""threshold"": 0.1}}","{""error_rate"": {""min_instances"": 5, ""threshold"": 0.1}}",0.1,0.005,0.15,5,0.05,0.005,0.1,30,,,,-1,two_stage,2,0.5,"__confirm_cooldown=200,__confirm_rule=perm_test,__perm_alpha=0.05,__perm_min_effect=0,__perm_n_perm=200,__perm_post_n=10,__perm_pre_n=200,__perm_rng_seed=0,__perm_stat=vote_score,divergence=0.3,error_rate=0.5,teacher_entropy=0.2",3,0,200,0.0,0,10000,10.0,25.0,200,500,1,8,1.0,0.7953506097560976,0.4749185485195642,0.16666666666666666,0.3203219175338745,0.007975497283041477,0,0,39,38,-1,perm_test,0.004975124378109453,0.4982712971924472,38,38,0,0.0,0.16666666666666666,0,0.0,0.0,0.0,0.0,0,none,0,1,0,overconfident,0.95,0,mild_drift,0.9558988941717559,0.0013444556082797912,0.7809475960124528,0.8521421412459429,1768152351.6665623,0.31742697954177856,0.07519267499446869
206,13184,13183,sea_nodrift,sea,ts_drift_adapt,5,"error_divergence_ph_meta@error.threshold=0.10,error.min_instances=5",error_divergence_ph_meta,"{""divergence"": {""alpha"": 0.1, ""delta"": 0.005, ""min_instances"": 30, ""threshold"": 0.05}, ""error_rate"": {""alpha"": 0.15, ""delta"": 0.005, ""min_instances"": 5, ""threshold"": 0.1}}","{""error_rate"": {""min_instances"": 5, ""threshold"": 0.1}}",0.1,0.005,0.15,5,0.05,0.005,0.1,30,,,,-1,two_stage,2,0.5,"__confirm_cooldown=200,__confirm_rule=perm_test,__perm_alpha=0.05,__perm_min_effect=0,__perm_n_perm=200,__perm_post_n=10,__perm_pre_n=200,__perm_rng_seed=0,__perm_stat=vote_score,divergence=0.3,error_rate=0.5,teacher_entropy=0.2",3,0,200,0.0,0,10000,10.0,25.0,200,500,0,0,1.0,0.7957372572815534,0.47563287647019764,0.0,0.3050484359264374,0.008450694382190704,0,0,39,38,-1,perm_test,0.004975124378109453,0.4982712971924472,38,38,0,0.0,0.16666666666666666,0,0.0,0.0,0.0,0.0,0,none,0,1,0,overconfident,0.95,0,mild_drift,0.9580994470858779,0.0013222278041398958,0.7904737980062264,0.8535710706229714,1768152351.6762037,0.04103968292474747,0.08536568284034729
207,13248,13247,sea_nodrift,sea,ts_drift_adapt,5,"error_divergence_ph_meta@error.threshold=0.10,error.min_instances=5",error_divergence_ph_meta,"{""divergence"": {""alpha"": 0.1, ""delta"": 0.005, ""min_instances"": 30, ""threshold"": 0.05}, ""error_rate"": {""alpha"": 0.15, ""delta"": 0.005, ""min_instances"": 5, ""threshold"": 0.1}}","{""error_rate"": {""min_instances"": 5, ""threshold"": 0.1}}",0.1,0.005,0.15,5,0.05,0.005,0.1,30,,,,-1,two_stage,2,0.5,"__confirm_cooldown=200,__confirm_rule=perm_test,__perm_alpha=0.05,__perm_min_effect=0,__perm_n_perm=200,__perm_post_n=10,__perm_pre_n=200,__perm_rng_seed=0,__perm_stat=vote_score,divergence=0.3,error_rate=0.5,teacher_entropy=0.2",3,0,200,0.0,0,10000,10.0,25.0,200,500,0,0,1.0,0.7958937198067633,0.4754531598629283,0.5,0.2901586592197418,0.005986693315207958,1,1,40,39,0,perm_test,0.004975124378109453,0.5028094017193859,39,39,0,0.33333333333333337,0.5,1,0.5,0.0,0.0,0.0,0,none,1,1,0,overconfident,0.95,0,severe_drift,0.924549723542939,0.001661113902069948,0.6452368990031132,0.8317855353114858,1768152351.6918387,1.2720212936401367,0.068616583943367
208,13312,13311,sea_nodrift,sea,ts_drift_adapt,5,"error_divergence_ph_meta@error.threshold=0.10,error.min_instances=5",error_divergence_ph_meta,"{""divergence"": {""alpha"": 0.1, ""delta"": 0.005, ""min_instances"": 30, ""threshold"": 0.05}, ""error_rate"": {""alpha"": 0.15, ""delta"": 0.005, ""min_instances"": 5, ""threshold"": 0.1}}","{""error_rate"": {""min_instances"": 5, ""threshold"": 0.1}}",0.1,0.005,0.15,5,0.05,0.005,0.1,30,,,,-1,two_stage,2,0.5,"__confirm_cooldown=200,__confirm_rule=perm_test,__perm_alpha=0.05,__perm_min_effect=0,__perm_n_perm=200,__perm_post_n=10,__perm_pre_n=200,__perm_rng_seed=0,__perm_stat=vote_score,divergence=0.3,error_rate=0.5,teacher_entropy=0.2",3,0,200,0.0,0,10000,10.0,25.0,200,500,1,136,1.0,0.7959735576923077,0.4758753041209455,0.0,0.28717589378356934,0.0075068604201078415,0,0,40,39,-1,perm_test,0.004975124378109453,0.5028094017193859,39,39,0,0.0,0.5,0,0.0,0.0,0.0,0.0,0,none,0,1,0,overconfident,0.95,0,mild_drift,0.9424248617714694,0.001480556951034974,0.7226184495015566,0.8433927676557429,1768152351.70163,0.04720539227128029,0.09626493602991104
209,13376,13375,sea_nodrift,sea,ts_drift_adapt,5,"error_divergence_ph_meta@error.threshold=0.10,error.min_instances=5",error_divergence_ph_meta,"{""divergence"": {""alpha"": 0.1, ""delta"": 0.005, ""min_instances"": 30, ""threshold"": 0.05}, ""error_rate"": {""alpha"": 0.15, ""delta"": 0.005, ""min_instances"": 5, ""threshold"": 0.1}}","{""error_rate"": {""min_instances"": 5, ""threshold"": 0.1}}",0.1,0.005,0.15,5,0.05,0.005,0.1,30,,,,-1,two_stage,2,0.5,"__confirm_cooldown=200,__confirm_rule=perm_test,__perm_alpha=0.05,__perm_min_effect=0,__perm_n_perm=200,__perm_post_n=10,__perm_pre_n=200,__perm_rng_seed=0,__perm_stat=vote_score,divergence=0.3,error_rate=0.5,teacher_entropy=0.2",3,0,200,0.0,0,10000,10.0,25.0,200,500,1,72,1.0,0.7966507177033493,0.4770869834259315,0.0,0.2977169156074524,0.0065812305547297,0,0,40,39,-1,perm_test,0.004975124378109453,0.5028094017193859,39,39,0,0.0,0.0009256298653781414,0,0.0,0.0,0.0,0.0,0,none,0,1,0,overconfident,0.95,0,mild_drift,0.9513624308857347,0.001390278475517487,0.7613092247507783,0.8491963838278714,1768152351.7113602,0.039552561938762665,0.0896977037191391
210,13440,13439,sea_nodrift,sea,ts_drift_adapt,5,"error_divergence_ph_meta@error.threshold=0.10,error.min_instances=5",error_divergence_ph_meta,"{""divergence"": {""alpha"": 0.1, ""delta"": 0.005, ""min_instances"": 30, ""threshold"": 0.05}, ""error_rate"": {""alpha"": 0.15, ""delta"": 0.005, ""min_instances"": 5, ""threshold"": 0.1}}","{""error_rate"": {""min_instances"": 5, ""threshold"": 0.1}}",0.1,0.005,0.15,5,0.05,0.005,0.1,30,,,,-1,two_stage,2,0.5,"__confirm_cooldown=200,__confirm_rule=perm_test,__perm_alpha=0.05,__perm_min_effect=0,__perm_n_perm=200,__perm_post_n=10,__perm_pre_n=200,__perm_rng_seed=0,__perm_stat=vote_score,divergence=0.3,error_rate=0.5,teacher_entropy=0.2",3,0,200,0.0,0,10000,10.0,25.0,200,500,1,8,1.0,0.796577380952381,0.4769276663557603,0.3333333333333333,0.3054962456226349,0.006638966966420412,0,0,40,39,-1,perm_test,0.004975124378109453,0.5028094017193859,39,39,0,0.0,0.3333333333333333,0,0.0,0.0,0.0,0.0,0,none,0,1,0,overconfident,0.95,0,mild_drift,0.9558312154428673,0.0013451392377587437,0.7806546123753892,0.8520981919139357,1768152351.7209544,0.4304409921169281,0.10442543029785156
211,13504,13503,sea_nodrift,sea,ts_drift_adapt,5,"error_divergence_ph_meta@error.threshold=0.10,error.min_instances=5",error_divergence_ph_meta,"{""divergence"": {""alpha"": 0.1, ""delta"": 0.005, ""min_instances"": 30, ""threshold"": 0.05}, ""error_rate"": {""alpha"": 0.15, ""delta"": 0.005, ""min_instances"": 5, ""threshold"": 0.1}}","{""error_rate"": {""min_instances"": 5, ""threshold"": 0.1}}",0.1,0.005,0.15,5,0.05,0.005,0.1,30,,,,-1,two_stage,2,0.5,"__confirm_cooldown=200,__confirm_rule=perm_test,__perm_alpha=0.05,__perm_min_effect=0,__perm_n_perm=200,__perm_post_n=10,__perm_pre_n=200,__perm_rng_seed=0,__perm_stat=vote_score,divergence=0.3,error_rate=0.5,teacher_entropy=0.2",3,0,200,0.0,0,10000,10.0,25.0,200,500,0,0,1.0,0.7968009478672986,0.47760064888935333,0.3333333333333333,0.3221333622932434,0.006710466463118792,0,0,40,39,-1,perm_test,0.004975124378109453,0.5028094017193859,39,39,0,0.0,7.149949669837952e-05,0,0.0,0.0,0.0,0.0,0,none,0,1,0,overconfident,0.95,0,mild_drift,0.9580656077214336,0.0013225696188793718,0.7903273061876946,0.8535490959569678,1768152351.7306151,0.8404938578605652,0.0996067076921463
212,13568,13567,sea_nodrift,sea,ts_drift_adapt,5,"error_divergence_ph_meta@error.threshold=0.10,error.min_instances=5",error_divergence_ph_meta,"{""divergence"": {""alpha"": 0.1, ""delta"": 0.005, ""min_instances"": 30, ""threshold"": 0.05}, ""error_rate"": {""alpha"": 0.15, ""delta"": 0.005, ""min_instances"": 5, ""threshold"": 0.1}}","{""error_rate"": {""min_instances"": 5, ""threshold"": 0.1}}",0.1,0.005,0.15,5,0.05,0.005,0.1,30,,,,-1,two_stage,2,0.5,"__confirm_cooldown=200,__confirm_rule=perm_test,__perm_alpha=0.05,__perm_min_effect=0,__perm_n_perm=200,__perm_post_n=10,__perm_pre_n=200,__perm_rng_seed=0,__perm_stat=vote_score,divergence=0.3,error_rate=0.5,teacher_entropy=0.2",3,0,200,0.0,0,10000,10.0,25.0,200,500,0,0,1.0,0.7965064858490566,0.4777335652159946,0.3333333333333333,0.2980118989944458,0.007373271510004997,1,1,41,40,0,perm_test,0.004975124378109453,0.4610565476748881,40,40,0,0.16666666666666669,0.0006628050468862057,1,0.5,0.0,0.0,0.0,0,none,1,1,0,overconfident,0.95,0,severe_drift,0.9245328038607168,0.001661284809439686,0.6451636530938474,0.8317745479784839,1768152351.7461467,0.4959757626056671,0.10324707627296448
213,13632,13631,sea_nodrift,sea,ts_drift_adapt,5,"error_divergence_ph_meta@error.threshold=0.10,error.min_instances=5",error_divergence_ph_meta,"{""divergence"": {""alpha"": 0.1, ""delta"": 0.005, ""min_instances"": 30, ""threshold"": 0.05}, ""error_rate"": {""alpha"": 0.15, ""delta"": 0.005, ""min_instances"": 5, ""threshold"": 0.1}}","{""error_rate"": {""min_instances"": 5, ""threshold"": 0.1}}",0.1,0.005,0.15,5,0.05,0.005,0.1,30,,,,-1,two_stage,2,0.5,"__confirm_cooldown=200,__confirm_rule=perm_test,__perm_alpha=0.05,__perm_min_effect=0,__perm_n_perm=200,__perm_post_n=10,__perm_pre_n=200,__perm_rng_seed=0,__perm_stat=vote_score,divergence=0.3,error_rate=0.5,teacher_entropy=0.2",3,0,200,0.0,0,10000,10.0,25.0,200,500,1,136,1.0,0.796875,0.4785491692926849,0.16666666666666666,0.2915232479572296,0.011606693267822266,0,0,41,40,-1,perm_test,0.004975124378109453,0.4610565476748881,40,40,0,0.0,0.16666666666666666,0,0.0,0.0,0.0,0.0,0,none,0,1,0,overconfident,0.95,0,mild_drift,0.9424164019303584,0.001480642404719843,0.7225818265469237,0.843387273989242,1768152351.7556305,0.22560018301010132,0.17173835635185242
214,13696,13695,sea_nodrift,sea,ts_drift_adapt,5,"error_divergence_ph_meta@error.threshold=0.10,error.min_instances=5",error_divergence_ph_meta,"{""divergence"": {""alpha"": 0.1, ""delta"": 0.005, ""min_instances"": 30, ""threshold"": 0.05}, ""error_rate"": {""alpha"": 0.15, ""delta"": 0.005, ""min_instances"": 5, ""threshold"": 0.1}}","{""error_rate"": {""min_instances"": 5, ""threshold"": 0.1}}",0.1,0.005,0.15,5,0.05,0.005,0.1,30,,,,-1,two_stage,2,0.5,"__confirm_cooldown=200,__confirm_rule=perm_test,__perm_alpha=0.05,__perm_min_effect=0,__perm_n_perm=200,__perm_post_n=10,__perm_pre_n=200,__perm_rng_seed=0,__perm_stat=vote_score,divergence=0.3,error_rate=0.5,teacher_entropy=0.2",3,0,200,0.0,0,10000,10.0,25.0,200,500,1,72,1.0,0.7971670560747663,0.4797514368559499,0.0,0.2838613986968994,0.014196685515344143,0,0,41,40,-1,perm_test,0.004975124378109453,0.4610565476748881,40,40,0,0.0,0.16666666666666666,0,0.0,0.0,0.0,0.0,0,none,0,1,0,overconfident,0.95,0,mild_drift,0.9513582009651791,0.0013903212023599217,0.7612909132734619,0.8491936369946209,1768152351.7651405,0.07471039891242981,0.14377671480178833
215,13760,13759,sea_nodrift,sea,ts_drift_adapt,5,"error_divergence_ph_meta@error.threshold=0.10,error.min_instances=5",error_divergence_ph_meta,"{""divergence"": {""alpha"": 0.1, ""delta"": 0.005, ""min_instances"": 30, ""threshold"": 0.05}, ""error_rate"": {""alpha"": 0.15, ""delta"": 0.005, ""min_instances"": 5, ""threshold"": 0.1}}","{""error_rate"": {""min_instances"": 5, ""threshold"": 0.1}}",0.1,0.005,0.15,5,0.05,0.005,0.1,30,,,,-1,two_stage,2,0.5,"__confirm_cooldown=200,__confirm_rule=perm_test,__perm_alpha=0.05,__perm_min_effect=0,__perm_n_perm=200,__perm_post_n=10,__perm_pre_n=200,__perm_rng_seed=0,__perm_stat=vote_score,divergence=0.3,error_rate=0.5,teacher_entropy=0.2",3,0,200,0.0,0,10000,10.0,25.0,200,500,1,8,1.0,0.7970203488372093,0.47978364927120104,0.3333333333333333,0.271964967250824,0.018158240243792534,0,0,41,40,-1,perm_test,0.004975124378109453,0.4610565476748881,40,40,0,0.0,0.3333333333333333,0,0.0,0.0,0.0,0.0,0,none,0,1,0,overconfident,0.95,0,mild_drift,0.9558291004825895,0.001345160601179961,0.7806454566367309,0.8520968184973104,1768152351.7746878,0.7894542217254639,0.20732922852039337
216,13824,13823,sea_nodrift,sea,ts_drift_adapt,5,"error_divergence_ph_meta@error.threshold=0.10,error.min_instances=5",error_divergence_ph_meta,"{""divergence"": {""alpha"": 0.1, ""delta"": 0.005, ""min_instances"": 30, ""threshold"": 0.05}, ""error_rate"": {""alpha"": 0.15, ""delta"": 0.005, ""min_instances"": 5, ""threshold"": 0.1}}","{""error_rate"": {""min_instances"": 5, ""threshold"": 0.1}}",0.1,0.005,0.15,5,0.05,0.005,0.1,30,,,,-1,two_stage,2,0.5,"__confirm_cooldown=200,__confirm_rule=perm_test,__perm_alpha=0.05,__perm_min_effect=0,__perm_n_perm=200,__perm_post_n=10,__perm_pre_n=200,__perm_rng_seed=0,__perm_stat=vote_score,divergence=0.3,error_rate=0.5,teacher_entropy=0.2",3,0,200,0.0,0,10000,10.0,25.0,200,500,0,0,1.0,0.796875,0.47959833001890195,0.3333333333333333,0.27019932866096497,0.011042723432183266,0,0,41,40,-1,perm_test,0.004975124378109453,0.4610565476748881,40,40,0,0.0,0.007115516811609268,0,0.0,0.0,0.0,0.0,0,none,0,1,0,overconfident,0.95,0,mild_drift,0.9580645502412948,0.0013225803005899807,0.7903227283183655,0.8535484092486552,1768152351.7842968,0.5870366096496582,0.14149054884910583
217,13888,13887,sea_nodrift,sea,ts_drift_adapt,5,"error_divergence_ph_meta@error.threshold=0.10,error.min_instances=5",error_divergence_ph_meta,"{""divergence"": {""alpha"": 0.1, ""delta"": 0.005, ""min_instances"": 30, ""threshold"": 0.05}, ""error_rate"": {""alpha"": 0.15, ""delta"": 0.005, ""min_instances"": 5, ""threshold"": 0.1}}","{""error_rate"": {""min_instances"": 5, ""threshold"": 0.1}}",0.1,0.005,0.15,5,0.05,0.005,0.1,30,,,,-1,two_stage,2,0.5,"__confirm_cooldown=200,__confirm_rule=perm_test,__perm_alpha=0.05,__perm_min_effect=0,__perm_n_perm=200,__perm_post_n=10,__perm_pre_n=200,__perm_rng_seed=0,__perm_stat=vote_score,divergence=0.3,error_rate=0.5,teacher_entropy=0.2",3,0,200,0.0,0,10000,10.0,25.0,200,500,0,0,1.0,0.7970910138248848,0.48049150310083905,0.16666666666666666,0.29137083888053894,0.008129188790917397,1,1,42,41,0,perm_test,0.004975124378109453,0.48323043010821504,41,41,0,0.16666666666666666,0.16666666666666666,1,0.5,0.0,0.0,0.0,0,none,1,1,0,overconfident,0.95,0,severe_drift,0.9245322751206474,0.0016612901502949904,0.6451613641591827,0.8317742046243276,1768152351.7997053,0.2785685956478119,0.10808491706848145
218,13952,13951,sea_nodrift,sea,ts_drift_adapt,5,"error_divergence_ph_meta@error.threshold=0.10,error.min_instances=5",error_divergence_ph_meta,"{""divergence"": {""alpha"": 0.1, ""delta"": 0.005, ""min_instances"": 30, ""threshold"": 0.05}, ""error_rate"": {""alpha"": 0.15, ""delta"": 0.005, ""min_instances"": 5, ""threshold"": 0.1}}","{""error_rate"": {""min_instances"": 5, ""threshold"": 0.1}}",0.1,0.005,0.15,5,0.05,0.005,0.1,30,,,,-1,two_stage,2,0.5,"__confirm_cooldown=200,__confirm_rule=perm_test,__perm_alpha=0.05,__perm_min_effect=0,__perm_n_perm=200,__perm_post_n=10,__perm_pre_n=200,__perm_rng_seed=0,__perm_stat=vote_score,divergence=0.3,error_rate=0.5,teacher_entropy=0.2",3,0,200,0.0,0,10000,10.0,25.0,200,500,1,136,1.0,0.7970900229357798,0.48035317465183175,0.16666666666666666,0.3012733459472656,0.007014128845185041,0,0,42,41,-1,perm_test,0.004975124378109453,0.48323043010821504,41,41,0,0.0,0.0011150599457323551,0,0.0,0.0,0.0,0.0,0,none,0,1,0,overconfident,0.95,0,mild_drift,0.9424161375603237,0.0014806450751474953,0.7225806820795914,0.8433871023121637,1768152351.809258,0.2918480634689331,0.13618692755699158
219,14016,14015,sea_nodrift,sea,ts_drift_adapt,5,"error_divergence_ph_meta@error.threshold=0.10,error.min_instances=5",error_divergence_ph_meta,"{""divergence"": {""alpha"": 0.1, ""delta"": 0.005, ""min_instances"": 30, ""threshold"": 0.05}, ""error_rate"": {""alpha"": 0.15, ""delta"": 0.005, ""min_instances"": 5, ""threshold"": 0.1}}","{""error_rate"": {""min_instances"": 5, ""threshold"": 0.1}}",0.1,0.005,0.15,5,0.05,0.005,0.1,30,,,,-1,two_stage,2,0.5,"__confirm_cooldown=200,__confirm_rule=perm_test,__perm_alpha=0.05,__perm_min_effect=0,__perm_n_perm=200,__perm_post_n=10,__perm_pre_n=200,__perm_rng_seed=0,__perm_stat=vote_score,divergence=0.3,error_rate=0.5,teacher_entropy=0.2",3,0,200,0.0,0,10000,10.0,25.0,200,500,1,72,1.0,0.7971603881278538,0.4802186261316163,0.16666666666666666,0.29615363478660583,0.005747118964791298,0,0,42,41,-1,perm_test,0.004975124378109453,0.48323043010821504,41,41,0,0.0,0.0012670098803937435,0,0.0,0.0,0.0,0.0,0,none,0,1,0,overconfident,0.95,0,mild_drift,0.9513580687801618,0.0013903225375737477,0.7612903410397958,0.8491935511560819,1768152351.8186421,0.26289576292037964,0.10349920392036438
220,14080,14079,sea_nodrift,sea,ts_drift_adapt,5,"error_divergence_ph_meta@error.threshold=0.10,error.min_instances=5",error_divergence_ph_meta,"{""divergence"": {""alpha"": 0.1, ""delta"": 0.005, ""min_instances"": 30, ""threshold"": 0.05}, ""error_rate"": {""alpha"": 0.15, ""delta"": 0.005, ""min_instances"": 5, ""threshold"": 0.1}}","{""error_rate"": {""min_instances"": 5, ""threshold"": 0.1}}",0.1,0.005,0.15,5,0.05,0.005,0.1,30,,,,-1,two_stage,2,0.5,"__confirm_cooldown=200,__confirm_rule=perm_test,__perm_alpha=0.05,__perm_min_effect=0,__perm_n_perm=200,__perm_post_n=10,__perm_pre_n=200,__perm_rng_seed=0,__perm_stat=vote_score,divergence=0.3,error_rate=0.5,teacher_entropy=0.2",3,0,200,0.0,0,10000,10.0,25.0,200,500,1,8,1.0,0.7973011363636363,0.4802496975218049,0.3333333333333333,0.3126499056816101,0.006938816048204899,0,0,42,41,-1,perm_test,0.004975124378109453,0.48323043010821504,41,41,0,0.0,0.16666666666666666,0,0.0,0.0,0.0,0.0,0,none,0,1,0,overconfident,0.95,0,mild_drift,0.9558290343900808,0.001345161268786874,0.7806451705198979,0.8520967755780409,1768152351.8286037,0.7408168315887451,0.08829212188720703
221,14144,14143,sea_nodrift,sea,ts_drift_adapt,5,"error_divergence_ph_meta@error.threshold=0.10,error.min_instances=5",error_divergence_ph_meta,"{""divergence"": {""alpha"": 0.1, ""delta"": 0.005, ""min_instances"": 30, ""threshold"": 0.05}, ""error_rate"": {""alpha"": 0.15, ""delta"": 0.005, ""min_instances"": 5, ""threshold"": 0.1}}","{""error_rate"": {""min_instances"": 5, ""threshold"": 0.1}}",0.1,0.005,0.15,5,0.05,0.005,0.1,30,,,,-1,two_stage,2,0.5,"__confirm_cooldown=200,__confirm_rule=perm_test,__perm_alpha=0.05,__perm_min_effect=0,__perm_n_perm=200,__perm_post_n=10,__perm_pre_n=200,__perm_rng_seed=0,__perm_stat=vote_score,divergence=0.3,error_rate=0.5,teacher_entropy=0.2",3,0,200,0.0,0,10000,10.0,25.0,200,500,0,0,1.0,0.7975820135746606,0.48077402232972133,0.16666666666666666,0.30980584025382996,0.00855345744639635,0,0,42,41,-1,perm_test,0.004975124378109453,0.48323043010821504,41,41,0,0.0,0.16666666666666666,0,0.0,0.0,0.0,0.0,0,none,0,1,0,overconfident,0.95,0,mild_drift,0.9580645171950404,0.001322580634393437,0.7903225852599489,0.8535483877890204,1768152351.838264,0.4451042711734772,0.09310619533061981
222,14208,14207,sea_nodrift,sea,ts_drift_adapt,5,"error_divergence_ph_meta@error.threshold=0.10,error.min_instances=5",error_divergence_ph_meta,"{""divergence"": {""alpha"": 0.1, ""delta"": 0.005, ""min_instances"": 30, ""threshold"": 0.05}, ""error_rate"": {""alpha"": 0.15, ""delta"": 0.005, ""min_instances"": 5, ""threshold"": 0.1}}","{""error_rate"": {""min_instances"": 5, ""threshold"": 0.1}}",0.1,0.005,0.15,5,0.05,0.005,0.1,30,,,,-1,two_stage,2,0.5,"__confirm_cooldown=200,__confirm_rule=perm_test,__perm_alpha=0.05,__perm_min_effect=0,__perm_n_perm=200,__perm_post_n=10,__perm_pre_n=200,__perm_rng_seed=0,__perm_stat=vote_score,divergence=0.3,error_rate=0.5,teacher_entropy=0.2",3,0,200,0.0,0,10000,10.0,25.0,200,500,0,0,1.0,0.7975084459459459,0.4807147901634488,0.16666666666666666,0.30815669894218445,0.010374347679316998,1,1,43,42,0,perm_test,0.004975124378109453,0.47893944449643827,42,42,0,0.0,0.0018208902329206467,1,0.5,0.0,0.0,0.0,0,none,1,1,0,overconfident,0.95,0,stable,0.9740322585975202,0.0010612903171967184,0.8951612926299745,0.8992741938945102,1768152351.8538287,0.4918379485607147,0.11305726319551468
223,14272,14271,sea_nodrift,sea,ts_drift_adapt,5,"error_divergence_ph_meta@error.threshold=0.10,error.min_instances=5",error_divergence_ph_meta,"{""divergence"": {""alpha"": 0.1, ""delta"": 0.005, ""min_instances"": 30, ""threshold"": 0.05}, ""error_rate"": {""alpha"": 0.15, ""delta"": 0.005, ""min_instances"": 5, ""threshold"": 0.1}}","{""error_rate"": {""min_instances"": 5, ""threshold"": 0.1}}",0.1,0.005,0.15,5,0.05,0.005,0.1,30,,,,-1,two_stage,2,0.5,"__confirm_cooldown=200,__confirm_rule=perm_test,__perm_alpha=0.05,__perm_min_effect=0,__perm_n_perm=200,__perm_post_n=10,__perm_pre_n=200,__perm_rng_seed=0,__perm_stat=vote_score,divergence=0.3,error_rate=0.5,teacher_entropy=0.2",3,0,200,0.0,0,10000,10.0,25.0,200,500,1,136,1.0,0.7973654708520179,0.48035264377706327,0.3333333333333333,0.32438844442367554,0.00838144589215517,0,0,43,42,-1,perm_test,0.004975124378109453,0.47893944449643827,42,42,0,0.0,0.16666666666666666,0,0.0,0.0,0.0,0.0,0,none,0,1,0,overconfident,0.95,0,mild_drift,0.9671661292987601,0.0011806451585983594,0.8475806463149873,0.8771370969472552,1768152351.8634431,0.9645187854766846,0.07573242485523224
224,14336,14335,sea_nodrift,sea,ts_drift_adapt,5,"error_divergence_ph_meta@error.threshold=0.10,error.min_instances=5",error_divergence_ph_meta,"{""divergence"": {""alpha"": 0.1, ""delta"": 0.005, ""min_instances"": 30, ""threshold"": 0.05}, ""error_rate"": {""alpha"": 0.15, ""delta"": 0.005, ""min_instances"": 5, ""threshold"": 0.1}}","{""error_rate"": {""min_instances"": 5, ""threshold"": 0.1}}",0.1,0.005,0.15,5,0.05,0.005,0.1,30,,,,-1,two_stage,2,0.5,"__confirm_cooldown=200,__confirm_rule=perm_test,__perm_alpha=0.05,__perm_min_effect=0,__perm_n_perm=200,__perm_post_n=10,__perm_pre_n=200,__perm_rng_seed=0,__perm_stat=vote_score,divergence=0.3,error_rate=0.5,teacher_entropy=0.2",3,0,200,0.0,0,10000,10.0,25.0,200,500,1,72,1.0,0.7975725446428571,0.48102268803760534,0.3333333333333333,0.3650915324687958,0.014062592759728432,0,0,43,42,-1,perm_test,0.004975124378109453,0.47893944449643827,42,42,0,0.0,0.005681146867573261,0,0.0,0.0,0.0,0.0,0,none,0,1,0,overconfident,0.95,0,mild_drift,0.96373306464938,0.0012403225792991797,0.8237903231574937,0.8660685484736276,1768152351.8731282,0.4757216274738312,0.10947364568710327
225,14400,14399,sea_nodrift,sea,ts_drift_adapt,5,"error_divergence_ph_meta@error.threshold=0.10,error.min_instances=5",error_divergence_ph_meta,"{""divergence"": {""alpha"": 0.1, ""delta"": 0.005, ""min_instances"": 30, ""threshold"": 0.05}, ""error_rate"": {""alpha"": 0.15, ""delta"": 0.005, ""min_instances"": 5, ""threshold"": 0.1}}","{""error_rate"": {""min_instances"": 5, ""threshold"": 0.1}}",0.1,0.005,0.15,5,0.05,0.005,0.1,30,,,,-1,two_stage,2,0.5,"__confirm_cooldown=200,__confirm_rule=perm_test,__perm_alpha=0.05,__perm_min_effect=0,__perm_n_perm=200,__perm_post_n=10,__perm_pre_n=200,__perm_rng_seed=0,__perm_stat=vote_score,divergence=0.3,error_rate=0.5,teacher_entropy=0.2",3,0,200,0.0,0,10000,10.0,25.0,200,500,1,8,1.0,0.7979166666666667,0.48177096215681425,0.16666666666666666,0.3112122416496277,0.006177548319101334,0,0,43,42,-1,perm_test,0.004975124378109453,0.47893944449643827,42,42,0,0.0,0.16666666666666666,0,0.0,0.0,0.0,0.0,0,none,0,1,0,overconfident,0.95,0,mild_drift,0.96201653232469,0.00127016128964959,0.8118951615787469,0.8605342742368138,1768152351.882682,0.5407254099845886,0.0970543771982193
226,14464,14463,sea_nodrift,sea,ts_drift_adapt,5,"error_divergence_ph_meta@error.threshold=0.10,error.min_instances=5",error_divergence_ph_meta,"{""divergence"": {""alpha"": 0.1, ""delta"": 0.005, ""min_instances"": 30, ""threshold"": 0.05}, ""error_rate"": {""alpha"": 0.15, ""delta"": 0.005, ""min_instances"": 5, ""threshold"": 0.1}}","{""error_rate"": {""min_instances"": 5, ""threshold"": 0.1}}",0.1,0.005,0.15,5,0.05,0.005,0.1,30,,,,-1,two_stage,2,0.5,"__confirm_cooldown=200,__confirm_rule=perm_test,__perm_alpha=0.05,__perm_min_effect=0,__perm_n_perm=200,__perm_post_n=10,__perm_pre_n=200,__perm_rng_seed=0,__perm_stat=vote_score,divergence=0.3,error_rate=0.5,teacher_entropy=0.2",3,0,200,0.0,0,10000,10.0,25.0,200,500,0,0,1.0,0.797566371681416,0.48116439929490323,0.5,0.34436026215553284,0.008379938080906868,0,0,43,42,-1,perm_test,0.004975124378109453,0.47893944449643827,42,42,0,0.0,0.33333333333333337,0,0.0,0.0,0.0,0.0,0,none,0,1,0,overconfident,0.95,0,mild_drift,0.961158266162345,0.0012850806448247952,0.8059475807893735,0.8577671371184069,1768152351.8922498,0.4598177969455719,0.10787877440452576
227,14528,14527,sea_nodrift,sea,ts_drift_adapt,5,"error_divergence_ph_meta@error.threshold=0.10,error.min_instances=5",error_divergence_ph_meta,"{""divergence"": {""alpha"": 0.1, ""delta"": 0.005, ""min_instances"": 30, ""threshold"": 0.05}, ""error_rate"": {""alpha"": 0.15, ""delta"": 0.005, ""min_instances"": 5, ""threshold"": 0.1}}","{""error_rate"": {""min_instances"": 5, ""threshold"": 0.1}}",0.1,0.005,0.15,5,0.05,0.005,0.1,30,,,,-1,two_stage,2,0.5,"__confirm_cooldown=200,__confirm_rule=perm_test,__perm_alpha=0.05,__perm_min_effect=0,__perm_n_perm=200,__perm_post_n=10,__perm_pre_n=200,__perm_rng_seed=0,__perm_stat=vote_score,divergence=0.3,error_rate=0.5,teacher_entropy=0.2",3,0,200,0.0,0,10000,10.0,25.0,200,500,0,0,1.0,0.7974944933920705,0.4811158093532746,0.16666666666666666,0.32815316319465637,0.005956223700195551,1,1,44,43,0,perm_test,0.004975124378109453,0.5136466583657809,43,43,0,0.0,0.33333333333333337,1,0.5,0.0,0.0,0.0,0,none,1,1,0,overconfident,0.95,0,stable,0.9755791330811725,0.0010425403224123976,0.9029737903946867,0.9013835685592035,1768152351.9079273,0.3284444212913513,0.09893396496772766
228,14592,14591,sea_nodrift,sea,ts_drift_adapt,5,"error_divergence_ph_meta@error.threshold=0.10,error.min_instances=5",error_divergence_ph_meta,"{""divergence"": {""alpha"": 0.1, ""delta"": 0.005, ""min_instances"": 30, ""threshold"": 0.05}, ""error_rate"": {""alpha"": 0.15, ""delta"": 0.005, ""min_instances"": 5, ""threshold"": 0.1}}","{""error_rate"": {""min_instances"": 5, ""threshold"": 0.1}}",0.1,0.005,0.15,5,0.05,0.005,0.1,30,,,,-1,two_stage,2,0.5,"__confirm_cooldown=200,__confirm_rule=perm_test,__perm_alpha=0.05,__perm_min_effect=0,__perm_n_perm=200,__perm_post_n=10,__perm_pre_n=200,__perm_rng_seed=0,__perm_stat=vote_score,divergence=0.3,error_rate=0.5,teacher_entropy=0.2",3,0,200,0.0,0,10000,10.0,25.0,200,500,1,136,1.0,0.797765899122807,0.48215483661050673,0.16666666666666666,0.269794762134552,0.009044674225151539,0,0,44,43,-1,perm_test,0.004975124378109453,0.5136466583657809,43,43,0,0.0,0.003088450524955988,0,0.0,0.0,0.0,0.0,0,none,0,1,0,overconfident,0.95,0,mild_drift,0.9679395665405862,0.0011712701612061989,0.8514868951973433,0.8781917842796018,1768152351.9176018,0.33326342701911926,0.11473792791366577
229,14656,14655,sea_nodrift,sea,ts_drift_adapt,5,"error_divergence_ph_meta@error.threshold=0.10,error.min_instances=5",error_divergence_ph_meta,"{""divergence"": {""alpha"": 0.1, ""delta"": 0.005, ""min_instances"": 30, ""threshold"": 0.05}, ""error_rate"": {""alpha"": 0.15, ""delta"": 0.005, ""min_instances"": 5, ""threshold"": 0.1}}","{""error_rate"": {""min_instances"": 5, ""threshold"": 0.1}}",0.1,0.005,0.15,5,0.05,0.005,0.1,30,,,,-1,two_stage,2,0.5,"__confirm_cooldown=200,__confirm_rule=perm_test,__perm_alpha=0.05,__perm_min_effect=0,__perm_n_perm=200,__perm_post_n=10,__perm_pre_n=200,__perm_rng_seed=0,__perm_stat=vote_score,divergence=0.3,error_rate=0.5,teacher_entropy=0.2",3,0,200,0.0,0,10000,10.0,25.0,200,500,1,72,1.0,0.7977620087336245,0.48220853747613707,0.16666666666666666,0.28945934772491455,0.0036272439174354076,0,0,44,43,-1,perm_test,0.004975124378109453,0.5136466583657809,43,43,0,0.0,0.005417430307716131,0,0.0,0.0,0.0,0.0,0,none,0,1,0,overconfident,0.95,0,mild_drift,0.964119783270293,0.0012356350806030994,0.8257434475986717,0.8665958921398009,1768152351.9271977,0.3045528829097748,0.0935032069683075
230,14720,14719,sea_nodrift,sea,ts_drift_adapt,5,"error_divergence_ph_meta@error.threshold=0.10,error.min_instances=5",error_divergence_ph_meta,"{""divergence"": {""alpha"": 0.1, ""delta"": 0.005, ""min_instances"": 30, ""threshold"": 0.05}, ""error_rate"": {""alpha"": 0.15, ""delta"": 0.005, ""min_instances"": 5, ""threshold"": 0.1}}","{""error_rate"": {""min_instances"": 5, ""threshold"": 0.1}}",0.1,0.005,0.15,5,0.05,0.005,0.1,30,,,,-1,two_stage,2,0.5,"__confirm_cooldown=200,__confirm_rule=perm_test,__perm_alpha=0.05,__perm_min_effect=0,__perm_n_perm=200,__perm_post_n=10,__perm_pre_n=200,__perm_rng_seed=0,__perm_stat=vote_score,divergence=0.3,error_rate=0.5,teacher_entropy=0.2",3,0,200,0.0,0,10000,10.0,25.0,200,500,1,8,1.0,0.7978940217391305,0.482909883539007,0.16666666666666666,0.3173905611038208,0.008470007218420506,0,0,44,43,-1,perm_test,0.004975124378109453,0.5136466583657809,43,43,0,0.0,0.004842763300985098,0,0.0,0.0,0.0,0.0,0,none,0,1,0,overconfident,0.95,0,mild_drift,0.9622098916351465,0.0012678175403015497,0.8128717237993359,0.8607979460699005,1768152351.936733,0.33059796690940857,0.14811113476753235
231,14784,14783,sea_nodrift,sea,ts_drift_adapt,5,"error_divergence_ph_meta@error.threshold=0.10,error.min_instances=5",error_divergence_ph_meta,"{""divergence"": {""alpha"": 0.1, ""delta"": 0.005, ""min_instances"": 30, ""threshold"": 0.05}, ""error_rate"": {""alpha"": 0.15, ""delta"": 0.005, ""min_instances"": 5, ""threshold"": 0.1}}","{""error_rate"": {""min_instances"": 5, ""threshold"": 0.1}}",0.1,0.005,0.15,5,0.05,0.005,0.1,30,,,,-1,two_stage,2,0.5,"__confirm_cooldown=200,__confirm_rule=perm_test,__perm_alpha=0.05,__perm_min_effect=0,__perm_n_perm=200,__perm_post_n=10,__perm_pre_n=200,__perm_rng_seed=0,__perm_stat=vote_score,divergence=0.3,error_rate=0.5,teacher_entropy=0.2",3,0,200,0.0,0,10000,10.0,25.0,200,500,0,0,1.0,0.7983630952380952,0.48422317178020763,0.16666666666666666,0.2813744843006134,0.007354133762419224,0,0,44,43,-1,perm_test,0.004975124378109453,0.5136466583657809,43,43,0,0.0,0.0011158734560012817,0,0.0,0.0,0.0,0.0,0,none,0,1,0,overconfident,0.95,0,mild_drift,0.9612549458175732,0.001283908770150775,0.806435861899668,0.8578989730349502,1768152351.9463446,0.34137508273124695,0.10327649116516113
232,14848,14847,sea_nodrift,sea,ts_drift_adapt,5,"error_divergence_ph_meta@error.threshold=0.10,error.min_instances=5",error_divergence_ph_meta,"{""divergence"": {""alpha"": 0.1, ""delta"": 0.005, ""min_instances"": 30, ""threshold"": 0.05}, ""error_rate"": {""alpha"": 0.15, ""delta"": 0.005, ""min_instances"": 5, ""threshold"": 0.1}}","{""error_rate"": {""min_instances"": 5, ""threshold"": 0.1}}",0.1,0.005,0.15,5,0.05,0.005,0.1,30,,,,-1,two_stage,2,0.5,"__confirm_cooldown=200,__confirm_rule=perm_test,__perm_alpha=0.05,__perm_min_effect=0,__perm_n_perm=200,__perm_post_n=10,__perm_pre_n=200,__perm_rng_seed=0,__perm_stat=vote_score,divergence=0.3,error_rate=0.5,teacher_entropy=0.2",3,0,200,0.0,0,10000,10.0,25.0,200,500,0,0,1.0,0.7984240301724138,0.48486282487095406,0.3333333333333333,0.3271414041519165,0.012174395844340324,1,1,45,44,0,perm_test,0.004975124378109453,0.4967456304691523,44,44,0,0.16666666666666666,0.16666666666666666,1,0.5,0.0,0.0,0.0,0,none,1,1,0,overconfident,0.95,0,severe_drift,0.9261274729087866,0.0016419543850753875,0.653217930949834,0.8339494865174751,1768152351.961783,0.49442699551582336,0.16458314657211304
233,14912,14911,sea_nodrift,sea,ts_drift_adapt,5,"error_divergence_ph_meta@error.threshold=0.10,error.min_instances=5",error_divergence_ph_meta,"{""divergence"": {""alpha"": 0.1, ""delta"": 0.005, ""min_instances"": 30, ""threshold"": 0.05}, ""error_rate"": {""alpha"": 0.15, ""delta"": 0.005, ""min_instances"": 5, ""threshold"": 0.1}}","{""error_rate"": {""min_instances"": 5, ""threshold"": 0.1}}",0.1,0.005,0.15,5,0.05,0.005,0.1,30,,,,-1,two_stage,2,0.5,"__confirm_cooldown=200,__confirm_rule=perm_test,__perm_alpha=0.05,__perm_min_effect=0,__perm_n_perm=200,__perm_post_n=10,__perm_pre_n=200,__perm_rng_seed=0,__perm_stat=vote_score,divergence=0.3,error_rate=0.5,teacher_entropy=0.2",3,0,200,0.0,0,10000,10.0,25.0,200,500,1,136,1.0,0.7986185622317596,0.48592313531497555,0.16666666666666666,0.326997309923172,0.02161736972630024,0,0,45,44,-1,perm_test,0.004975124378109453,0.4967456304691523,44,44,0,0.0,0.16666666666666666,0,0.0,0.0,0.0,0.0,0,none,0,1,0,overconfident,0.95,0,mild_drift,0.9432137364543933,0.0014709771925376937,0.726608965474917,0.8444747432587376,1768152351.9714222,0.5862042307853699,0.22460219264030457
234,14976,14975,sea_nodrift,sea,ts_drift_adapt,5,"error_divergence_ph_meta@error.threshold=0.10,error.min_instances=5",error_divergence_ph_meta,"{""divergence"": {""alpha"": 0.1, ""delta"": 0.005, ""min_instances"": 30, ""threshold"": 0.05}, ""error_rate"": {""alpha"": 0.15, ""delta"": 0.005, ""min_instances"": 5, ""threshold"": 0.1}}","{""error_rate"": {""min_instances"": 5, ""threshold"": 0.1}}",0.1,0.005,0.15,5,0.05,0.005,0.1,30,,,,-1,two_stage,2,0.5,"__confirm_cooldown=200,__confirm_rule=perm_test,__perm_alpha=0.05,__perm_min_effect=0,__perm_n_perm=200,__perm_post_n=10,__perm_pre_n=200,__perm_rng_seed=0,__perm_stat=vote_score,divergence=0.3,error_rate=0.5,teacher_entropy=0.2",3,0,200,0.0,0,10000,10.0,25.0,200,500,1,72,1.0,0.7985443376068376,0.48613104257825407,0.16666666666666666,0.37107744812965393,0.021026596426963806,0,0,45,44,-1,perm_test,0.004975124378109453,0.4967456304691523,44,44,0,0.0,0.0005907732993364334,0,0.0,0.0,0.0,0.0,0,none,0,1,0,overconfident,0.95,0,mild_drift,0.9517568682271966,0.001385488596268847,0.7633044827374585,0.8497373716293688,1768152351.9810114,0.43563297390937805,0.20520278811454773
235,15040,15039,sea_nodrift,sea,ts_drift_adapt,5,"error_divergence_ph_meta@error.threshold=0.10,error.min_instances=5",error_divergence_ph_meta,"{""divergence"": {""alpha"": 0.1, ""delta"": 0.005, ""min_instances"": 30, ""threshold"": 0.05}, ""error_rate"": {""alpha"": 0.15, ""delta"": 0.005, ""min_instances"": 5, ""threshold"": 0.1}}","{""error_rate"": {""min_instances"": 5, ""threshold"": 0.1}}",0.1,0.005,0.15,5,0.05,0.005,0.1,30,,,,-1,two_stage,2,0.5,"__confirm_cooldown=200,__confirm_rule=perm_test,__perm_alpha=0.05,__perm_min_effect=0,__perm_n_perm=200,__perm_post_n=10,__perm_pre_n=200,__perm_rng_seed=0,__perm_stat=vote_score,divergence=0.3,error_rate=0.5,teacher_entropy=0.2",3,0,200,0.0,0,10000,10.0,25.0,200,500,1,8,1.0,0.7984042553191489,0.4861261215292484,0.0,0.3633241355419159,0.01375295128673315,0,0,45,44,-1,perm_test,0.004975124378109453,0.4967456304691523,44,44,0,0.0,0.16666666666666666,0,0.0,0.0,0.0,0.0,0,none,0,1,0,overconfident,0.95,0,mild_drift,0.9560284341135983,0.0013427442981344237,0.7816522413687292,0.8523686858146844,1768152351.99059,0.17379266023635864,0.19478796422481537
236,15104,15103,sea_nodrift,sea,ts_drift_adapt,5,"error_divergence_ph_meta@error.threshold=0.10,error.min_instances=5",error_divergence_ph_meta,"{""divergence"": {""alpha"": 0.1, ""delta"": 0.005, ""min_instances"": 30, ""threshold"": 0.05}, ""error_rate"": {""alpha"": 0.15, ""delta"": 0.005, ""min_instances"": 5, ""threshold"": 0.1}}","{""error_rate"": {""min_instances"": 5, ""threshold"": 0.1}}",0.1,0.005,0.15,5,0.05,0.005,0.1,30,,,,-1,two_stage,2,0.5,"__confirm_cooldown=200,__confirm_rule=perm_test,__perm_alpha=0.05,__perm_min_effect=0,__perm_n_perm=200,__perm_post_n=10,__perm_pre_n=200,__perm_rng_seed=0,__perm_stat=vote_score,divergence=0.3,error_rate=0.5,teacher_entropy=0.2",3,0,200,0.0,0,10000,10.0,25.0,200,500,0,0,1.0,0.7985963983050848,0.4867908740607671,0.16666666666666666,0.36327317357063293,0.009742192924022675,0,0,45,44,-1,perm_test,0.004975124378109453,0.4967456304691523,44,44,0,0.0,0.16666666666666666,0,0.0,0.0,0.0,0.0,0,none,0,1,0,overconfident,0.95,0,mild_drift,0.9581642170567991,0.001321372149067212,0.7908261206843646,0.8536843429073422,1768152352.0002038,0.46607232093811035,0.14428530633449554
237,15168,15167,sea_nodrift,sea,ts_drift_adapt,5,"error_divergence_ph_meta@error.threshold=0.10,error.min_instances=5",error_divergence_ph_meta,"{""divergence"": {""alpha"": 0.1, ""delta"": 0.005, ""min_instances"": 30, ""threshold"": 0.05}, ""error_rate"": {""alpha"": 0.15, ""delta"": 0.005, ""min_instances"": 5, ""threshold"": 0.1}}","{""error_rate"": {""min_instances"": 5, ""threshold"": 0.1}}",0.1,0.005,0.15,5,0.05,0.005,0.1,30,,,,-1,two_stage,2,0.5,"__confirm_cooldown=200,__confirm_rule=perm_test,__perm_alpha=0.05,__perm_min_effect=0,__perm_n_perm=200,__perm_post_n=10,__perm_pre_n=200,__perm_rng_seed=0,__perm_stat=vote_score,divergence=0.3,error_rate=0.5,teacher_entropy=0.2",3,0,200,0.0,0,10000,10.0,25.0,200,500,0,0,1.0,0.7985232067510548,0.48656247246775997,0.3333333333333333,0.35164064168930054,0.010823411867022514,1,1,46,45,0,perm_test,0.004975124378109453,0.5117215185555636,45,45,0,0.0,0.16666666666666666,1,0.5,0.0,0.0,0.0,0,none,1,1,0,overconfident,0.95,0,stable,0.9740821085283995,0.001060686074533606,0.8954130603421824,0.8993421714536711,1768152352.0157778,0.6962539553642273,0.163593590259552
238,15232,15231,sea_nodrift,sea,ts_drift_adapt,5,"error_divergence_ph_meta@error.threshold=0.10,error.min_instances=5",error_divergence_ph_meta,"{""divergence"": {""alpha"": 0.1, ""delta"": 0.005, ""min_instances"": 30, ""threshold"": 0.05}, ""error_rate"": {""alpha"": 0.15, ""delta"": 0.005, ""min_instances"": 5, ""threshold"": 0.1}}","{""error_rate"": {""min_instances"": 5, ""threshold"": 0.1}}",0.1,0.005,0.15,5,0.05,0.005,0.1,30,,,,-1,two_stage,2,0.5,"__confirm_cooldown=200,__confirm_rule=perm_test,__perm_alpha=0.05,__perm_min_effect=0,__perm_n_perm=200,__perm_post_n=10,__perm_pre_n=200,__perm_rng_seed=0,__perm_stat=vote_score,divergence=0.3,error_rate=0.5,teacher_entropy=0.2",3,0,200,0.0,0,10000,10.0,25.0,200,500,1,136,1.0,0.7987788865546218,0.48715472310950286,0.16666666666666666,0.32013803720474243,0.008447831496596336,0,0,46,45,-1,perm_test,0.004975124378109453,0.5117215185555636,45,45,0,0.0,0.16666666666666666,0,0.0,0.0,0.0,0.0,0,none,0,1,0,overconfident,0.95,0,mild_drift,0.9671910542641997,0.001180343037266803,0.8477065301710912,0.8771710857268356,1768152352.0256062,0.41507914662361145,0.10717359185218811
239,15296,15295,sea_nodrift,sea,ts_drift_adapt,5,"error_divergence_ph_meta@error.threshold=0.10,error.min_instances=5",error_divergence_ph_meta,"{""divergence"": {""alpha"": 0.1, ""delta"": 0.005, ""min_instances"": 30, ""threshold"": 0.05}, ""error_rate"": {""alpha"": 0.15, ""delta"": 0.005, ""min_instances"": 5, ""threshold"": 0.1}}","{""error_rate"": {""min_instances"": 5, ""threshold"": 0.1}}",0.1,0.005,0.15,5,0.05,0.005,0.1,30,,,,-1,two_stage,2,0.5,"__confirm_cooldown=200,__confirm_rule=perm_test,__perm_alpha=0.05,__perm_min_effect=0,__perm_n_perm=200,__perm_post_n=10,__perm_pre_n=200,__perm_rng_seed=0,__perm_stat=vote_score,divergence=0.3,error_rate=0.5,teacher_entropy=0.2",3,0,200,0.0,0,10000,10.0,25.0,200,500,1,72,1.0,0.7988362970711297,0.4873317242221571,0.5,0.33800479769706726,0.005347719416022301,0,0,46,45,-1,perm_test,0.004975124378109453,0.5117215185555636,45,45,0,0.0,0.33333333333333337,0,0.0,0.0,0.0,0.0,0,none,0,1,0,overconfident,0.95,0,mild_drift,0.9637455271320998,0.0012401715186334016,0.8238532650855457,0.8660855428634178,1768152352.0353315,0.7969552874565125,0.0827549397945404
240,15360,15359,sea_nodrift,sea,ts_drift_adapt,5,"error_divergence_ph_meta@error.threshold=0.10,error.min_instances=5",error_divergence_ph_meta,"{""divergence"": {""alpha"": 0.1, ""delta"": 0.005, ""min_instances"": 30, ""threshold"": 0.05}, ""error_rate"": {""alpha"": 0.15, ""delta"": 0.005, ""min_instances"": 5, ""threshold"": 0.1}}","{""error_rate"": {""min_instances"": 5, ""threshold"": 0.1}}",0.1,0.005,0.15,5,0.05,0.005,0.1,30,,,,-1,two_stage,2,0.5,"__confirm_cooldown=200,__confirm_rule=perm_test,__perm_alpha=0.05,__perm_min_effect=0,__perm_n_perm=200,__perm_post_n=10,__perm_pre_n=200,__perm_rng_seed=0,__perm_stat=vote_score,divergence=0.3,error_rate=0.5,teacher_entropy=0.2",3,0,200,0.0,0,10000,10.0,25.0,200,500,1,8,1.0,0.7992838541666667,0.48843213076535374,0.0,0.3566640019416809,0.006304800510406494,0,0,46,45,-1,perm_test,0.004975124378109453,0.5117215185555636,45,45,0,0.0,0.5,0,0.0,0.0,0.0,0.0,0,none,0,1,0,overconfident,0.95,0,mild_drift,0.9620227635660499,0.0012700857593167009,0.8119266325427729,0.8605427714317089,1768152352.044923,0.1071881577372551,0.0839875265955925
241,15424,15423,sea_nodrift,sea,ts_drift_adapt,5,"error_divergence_ph_meta@error.threshold=0.10,error.min_instances=5",error_divergence_ph_meta,"{""divergence"": {""alpha"": 0.1, ""delta"": 0.005, ""min_instances"": 30, ""threshold"": 0.05}, ""error_rate"": {""alpha"": 0.15, ""delta"": 0.005, ""min_instances"": 5, ""threshold"": 0.1}}","{""error_rate"": {""min_instances"": 5, ""threshold"": 0.1}}",0.1,0.005,0.15,5,0.05,0.005,0.1,30,,,,-1,two_stage,2,0.5,"__confirm_cooldown=200,__confirm_rule=perm_test,__perm_alpha=0.05,__perm_min_effect=0,__perm_n_perm=200,__perm_post_n=10,__perm_pre_n=200,__perm_rng_seed=0,__perm_stat=vote_score,divergence=0.3,error_rate=0.5,teacher_entropy=0.2",3,0,200,0.0,0,10000,10.0,25.0,200,500,0,0,1.0,0.7992738589211619,0.48857147820434366,0.16666666666666666,0.3437251150608063,0.004741772077977657,0,0,46,45,-1,perm_test,0.004975124378109453,0.5117215185555636,45,45,0,0.0,0.16666666666666666,0,0.0,0.0,0.0,0.0,0,none,0,1,0,overconfident,0.95,0,mild_drift,0.9611613817830249,0.0012850428796583506,0.8059633162713864,0.8577713857158544,1768152352.0544772,0.37047624588012695,0.10398030281066895
242,15488,15487,sea_nodrift,sea,ts_drift_adapt,5,"error_divergence_ph_meta@error.threshold=0.10,error.min_instances=5",error_divergence_ph_meta,"{""divergence"": {""alpha"": 0.1, ""delta"": 0.005, ""min_instances"": 30, ""threshold"": 0.05}, ""error_rate"": {""alpha"": 0.15, ""delta"": 0.005, ""min_instances"": 5, ""threshold"": 0.1}}","{""error_rate"": {""min_instances"": 5, ""threshold"": 0.1}}",0.1,0.005,0.15,5,0.05,0.005,0.1,30,,,,-1,two_stage,2,0.5,"__confirm_cooldown=200,__confirm_rule=perm_test,__perm_alpha=0.05,__perm_min_effect=0,__perm_n_perm=200,__perm_post_n=10,__perm_pre_n=200,__perm_rng_seed=0,__perm_stat=vote_score,divergence=0.3,error_rate=0.5,teacher_entropy=0.2",3,0,200,0.0,0,10000,10.0,25.0,200,500,0,0,1.0,0.7995222107438017,0.4889140494818004,0.0,0.3040381073951721,0.004756797105073929,1,1,47,46,0,perm_test,0.004975124378109453,0.5017164663767281,46,46,0,0.3333333333333333,0.16666666666666666,1,0.5,0.0,0.0,0.0,0,none,1,1,0,overconfident,0.95,0,severe_drift,0.9260806908915125,0.0016425214398291753,0.6529816581356932,0.8338856928579272,1768152352.0699148,0.06596262007951736,0.09017875045537949
243,15552,15551,sea_nodrift,sea,ts_drift_adapt,5,"error_divergence_ph_meta@error.threshold=0.10,error.min_instances=5",error_divergence_ph_meta,"{""divergence"": {""alpha"": 0.1, ""delta"": 0.005, ""min_instances"": 30, ""threshold"": 0.05}, ""error_rate"": {""alpha"": 0.15, ""delta"": 0.005, ""min_instances"": 5, ""threshold"": 0.1}}","{""error_rate"": {""min_instances"": 5, ""threshold"": 0.1}}",0.1,0.005,0.15,5,0.05,0.005,0.1,30,,,,-1,two_stage,2,0.5,"__confirm_cooldown=200,__confirm_rule=perm_test,__perm_alpha=0.05,__perm_min_effect=0,__perm_n_perm=200,__perm_post_n=10,__perm_pre_n=200,__perm_rng_seed=0,__perm_stat=vote_score,divergence=0.3,error_rate=0.5,teacher_entropy=0.2",3,0,200,0.0,0,10000,10.0,25.0,200,500,1,136,1.0,0.7997042181069959,0.4894666604503423,0.16666666666666666,0.3354942798614502,0.005341038573533297,0,0,47,46,-1,perm_test,0.004975124378109453,0.5017164663767281,46,46,0,0.0,0.16666666666666666,0,0.0,0.0,0.0,0.0,0,none,0,1,0,overconfident,0.95,0,mild_drift,0.9431903454457562,0.0014712607199145879,0.7264908290678467,0.8444428464289636,1768152352.0795734,0.35622620582580566,0.08834294229745865
244,15616,15615,sea_nodrift,sea,ts_drift_adapt,5,"error_divergence_ph_meta@error.threshold=0.10,error.min_instances=5",error_divergence_ph_meta,"{""divergence"": {""alpha"": 0.1, ""delta"": 0.005, ""min_instances"": 30, ""threshold"": 0.05}, ""error_rate"": {""alpha"": 0.15, ""delta"": 0.005, ""min_instances"": 5, ""threshold"": 0.1}}","{""error_rate"": {""min_instances"": 5, ""threshold"": 0.1}}",0.1,0.005,0.15,5,0.05,0.005,0.1,30,,,,-1,two_stage,2,0.5,"__confirm_cooldown=200,__confirm_rule=perm_test,__perm_alpha=0.05,__perm_min_effect=0,__perm_n_perm=200,__perm_post_n=10,__perm_pre_n=200,__perm_rng_seed=0,__perm_stat=vote_score,divergence=0.3,error_rate=0.5,teacher_entropy=0.2",3,0,200,0.0,0,10000,10.0,25.0,200,500,1,72,1.0,0.8000768442622951,0.4910376639932439,0.16666666666666666,0.32309919595718384,0.0040156906470656395,0,0,47,46,-1,perm_test,0.004975124378109453,0.5017164663767281,46,46,0,0.0,0.001325347926467657,0,0.0,0.0,0.0,0.0,0,none,0,1,0,overconfident,0.95,0,mild_drift,0.9517451727228781,0.0013856303599572941,0.7632454145339234,0.8497214232144819,1768152352.0891728,0.4973292350769043,0.06639786809682846
245,15680,15679,sea_nodrift,sea,ts_drift_adapt,5,"error_divergence_ph_meta@error.threshold=0.10,error.min_instances=5",error_divergence_ph_meta,"{""divergence"": {""alpha"": 0.1, ""delta"": 0.005, ""min_instances"": 30, ""threshold"": 0.05}, ""error_rate"": {""alpha"": 0.15, ""delta"": 0.005, ""min_instances"": 5, ""threshold"": 0.1}}","{""error_rate"": {""min_instances"": 5, ""threshold"": 0.1}}",0.1,0.005,0.15,5,0.05,0.005,0.1,30,,,,-1,two_stage,2,0.5,"__confirm_cooldown=200,__confirm_rule=perm_test,__perm_alpha=0.05,__perm_min_effect=0,__perm_n_perm=200,__perm_post_n=10,__perm_pre_n=200,__perm_rng_seed=0,__perm_stat=vote_score,divergence=0.3,error_rate=0.5,teacher_entropy=0.2",3,0,200,0.0,0,10000,10.0,25.0,200,500,1,8,1.0,0.8002551020408163,0.4913364152289503,0.16666666666666666,0.3320608139038086,0.007121793460100889,0,0,47,46,-1,perm_test,0.004975124378109453,0.5017164663767281,46,46,0,0.0,0.0031061028130352497,0,0.0,0.0,0.0,0.0,0,none,0,1,0,overconfident,0.95,0,mild_drift,0.956022586361439,0.0013428151799786472,0.7816227072669617,0.8523607116072409,1768152352.0987375,0.29257532954216003,0.1111597865819931
246,15744,15743,sea_nodrift,sea,ts_drift_adapt,5,"error_divergence_ph_meta@error.threshold=0.10,error.min_instances=5",error_divergence_ph_meta,"{""divergence"": {""alpha"": 0.1, ""delta"": 0.005, ""min_instances"": 30, ""threshold"": 0.05}, ""error_rate"": {""alpha"": 0.15, ""delta"": 0.005, ""min_instances"": 5, ""threshold"": 0.1}}","{""error_rate"": {""min_instances"": 5, ""threshold"": 0.1}}",0.1,0.005,0.15,5,0.05,0.005,0.1,30,,,,-1,two_stage,2,0.5,"__confirm_cooldown=200,__confirm_rule=perm_test,__perm_alpha=0.05,__perm_min_effect=0,__perm_n_perm=200,__perm_post_n=10,__perm_pre_n=200,__perm_rng_seed=0,__perm_stat=vote_score,divergence=0.3,error_rate=0.5,teacher_entropy=0.2",3,0,200,0.0,0,10000,10.0,25.0,200,500,0,0,1.0,0.8004319105691057,0.4919281132529749,0.3333333333333333,0.33412832021713257,0.007029648404568434,0,0,47,46,-1,perm_test,0.004975124378109453,0.5017164663767281,46,46,0,0.0,0.16666666666666666,0,0.0,0.0,0.0,0.0,0,none,0,1,0,overconfident,0.95,0,mild_drift,0.9581612931807195,0.0013214075899893236,0.7908113536334809,0.8536803558036204,1768152352.10849,0.7476175427436829,0.08429371565580368
247,15808,15807,sea_nodrift,sea,ts_drift_adapt,5,"error_divergence_ph_meta@error.threshold=0.10,error.min_instances=5",error_divergence_ph_meta,"{""divergence"": {""alpha"": 0.1, ""delta"": 0.005, ""min_instances"": 30, ""threshold"": 0.05}, ""error_rate"": {""alpha"": 0.15, ""delta"": 0.005, ""min_instances"": 5, ""threshold"": 0.1}}","{""error_rate"": {""min_instances"": 5, ""threshold"": 0.1}}",0.1,0.005,0.15,5,0.05,0.005,0.1,30,,,,-1,two_stage,2,0.5,"__confirm_cooldown=200,__confirm_rule=perm_test,__perm_alpha=0.05,__perm_min_effect=0,__perm_n_perm=200,__perm_post_n=10,__perm_pre_n=200,__perm_rng_seed=0,__perm_stat=vote_score,divergence=0.3,error_rate=0.5,teacher_entropy=0.2",3,0,200,0.0,0,10000,10.0,25.0,200,500,0,0,1.0,0.8004175101214575,0.49267848885360777,0.16666666666666666,0.3606073260307312,0.004380557686090469,1,1,48,47,0,perm_test,0.004975124378109453,0.4970232154204788,47,47,0,0.16666666666666666,0.16666666666666666,1,0.5,0.0,0.0,0.0,0,none,1,1,0,overconfident,0.95,0,severe_drift,0.9245806465903598,0.0016607037949946618,0.6454056768167404,0.8318401779018103,1768152352.1240559,0.2785051763057709,0.08508309721946716
248,15872,15871,sea_nodrift,sea,ts_drift_adapt,5,"error_divergence_ph_meta@error.threshold=0.10,error.min_instances=5",error_divergence_ph_meta,"{""divergence"": {""alpha"": 0.1, ""delta"": 0.005, ""min_instances"": 30, ""threshold"": 0.05}, ""error_rate"": {""alpha"": 0.15, ""delta"": 0.005, ""min_instances"": 5, ""threshold"": 0.1}}","{""error_rate"": {""min_instances"": 5, ""threshold"": 0.1}}",0.1,0.005,0.15,5,0.05,0.005,0.1,30,,,,-1,two_stage,2,0.5,"__confirm_cooldown=200,__confirm_rule=perm_test,__perm_alpha=0.05,__perm_min_effect=0,__perm_n_perm=200,__perm_post_n=10,__perm_pre_n=200,__perm_rng_seed=0,__perm_stat=vote_score,divergence=0.3,error_rate=0.5,teacher_entropy=0.2",3,0,200,0.0,0,10000,10.0,25.0,200,500,1,136,1.0,0.8009072580645161,0.49353958911163115,0.0,0.26283735036849976,0.002324894303455949,0,0,48,47,-1,perm_test,0.004975124378109453,0.4970232154204788,47,47,0,0.0,0.16666666666666666,0,0.0,0.0,0.0,0.0,0,none,0,1,0,overconfident,0.95,0,mild_drift,0.9424403232951799,0.001480351897497331,0.7227028384083702,0.8434200889509051,1768152352.1336315,0.14376747608184814,0.06826230138540268
249,15936,15935,sea_nodrift,sea,ts_drift_adapt,5,"error_divergence_ph_meta@error.threshold=0.10,error.min_instances=5",error_divergence_ph_meta,"{""divergence"": {""alpha"": 0.1, ""delta"": 0.005, ""min_instances"": 30, ""threshold"": 0.05}, ""error_rate"": {""alpha"": 0.15, ""delta"": 0.005, ""min_instances"": 5, ""threshold"": 0.1}}","{""error_rate"": {""min_instances"": 5, ""threshold"": 0.1}}",0.1,0.005,0.15,5,0.05,0.005,0.1,30,,,,-1,two_stage,2,0.5,"__confirm_cooldown=200,__confirm_rule=perm_test,__perm_alpha=0.05,__perm_min_effect=0,__perm_n_perm=200,__perm_post_n=10,__perm_pre_n=200,__perm_rng_seed=0,__perm_stat=vote_score,divergence=0.3,error_rate=0.5,teacher_entropy=0.2",3,0,200,0.0,0,10000,10.0,25.0,200,500,1,72,1.0,0.8010793172690763,0.49391409020491817,0.16666666666666666,0.33528825640678406,0.006167128682136536,0,0,48,47,-1,perm_test,0.004975124378109453,0.4970232154204788,47,47,0,0.0,0.16666666666666666,0,0.0,0.0,0.0,0.0,0,none,0,1,0,overconfident,0.95,0,mild_drift,0.9513701616475899,0.0013901759487486656,0.7613514192041851,0.8492100444754526,1768152352.1430242,0.5322609543800354,0.0816083550453186
250,16000,15999,sea_nodrift,sea,ts_drift_adapt,5,"error_divergence_ph_meta@error.threshold=0.10,error.min_instances=5",error_divergence_ph_meta,"{""divergence"": {""alpha"": 0.1, ""delta"": 0.005, ""min_instances"": 30, ""threshold"": 0.05}, ""error_rate"": {""alpha"": 0.15, ""delta"": 0.005, ""min_instances"": 5, ""threshold"": 0.1}}","{""error_rate"": {""min_instances"": 5, ""threshold"": 0.1}}",0.1,0.005,0.15,5,0.05,0.005,0.1,30,,,,-1,two_stage,2,0.5,"__confirm_cooldown=200,__confirm_rule=perm_test,__perm_alpha=0.05,__perm_min_effect=0,__perm_n_perm=200,__perm_post_n=10,__perm_pre_n=200,__perm_rng_seed=0,__perm_stat=vote_score,divergence=0.3,error_rate=0.5,teacher_entropy=0.2",3,0,200,0.0,0,10000,10.0,25.0,200,500,1,8,1.0,0.801,0.49383718153790196,0.16666666666666666,0.3481975197792053,0.005553985480219126,0,0,48,47,-1,perm_test,0.004975124378109453,0.4970232154204788,47,47,0,0.0,0.0006131432019174099,0,0.0,0.0,0.0,0.0,0,none,0,1,0,overconfident,0.95,0,mild_drift,0.955835080823795,0.001345087974374333,0.7806757096020926,0.8521050222377262,1768152352.1526003,0.4611721932888031,0.07214988768100739
251,16064,16063,sea_nodrift,sea,ts_drift_adapt,5,"error_divergence_ph_meta@error.threshold=0.10,error.min_instances=5",error_divergence_ph_meta,"{""divergence"": {""alpha"": 0.1, ""delta"": 0.005, ""min_instances"": 30, ""threshold"": 0.05}, ""error_rate"": {""alpha"": 0.15, ""delta"": 0.005, ""min_instances"": 5, ""threshold"": 0.1}}","{""error_rate"": {""min_instances"": 5, ""threshold"": 0.1}}",0.1,0.005,0.15,5,0.05,0.005,0.1,30,,,,-1,two_stage,2,0.5,"__confirm_cooldown=200,__confirm_rule=perm_test,__perm_alpha=0.05,__perm_min_effect=0,__perm_n_perm=200,__perm_post_n=10,__perm_pre_n=200,__perm_rng_seed=0,__perm_stat=vote_score,divergence=0.3,error_rate=0.5,teacher_entropy=0.2",3,0,200,0.0,0,10000,10.0,25.0,200,500,0,0,1.0,0.8014193227091634,0.4950388838750527,0.0,0.321204274892807,0.0052728354930877686,0,0,48,47,-1,perm_test,0.004975124378109453,0.4970232154204788,47,47,0,0.0,0.16666666666666666,0,0.0,0.0,0.0,0.0,0,none,0,1,0,overconfident,0.95,0,mild_drift,0.9580675404118975,0.0013225439871871665,0.7903378548010463,0.8535525111188631,1768152352.1625214,0.06163356825709343,0.08377682417631149
252,16128,16127,sea_nodrift,sea,ts_drift_adapt,5,"error_divergence_ph_meta@error.threshold=0.10,error.min_instances=5",error_divergence_ph_meta,"{""divergence"": {""alpha"": 0.1, ""delta"": 0.005, ""min_instances"": 30, ""threshold"": 0.05}, ""error_rate"": {""alpha"": 0.15, ""delta"": 0.005, ""min_instances"": 5, ""threshold"": 0.1}}","{""error_rate"": {""min_instances"": 5, ""threshold"": 0.1}}",0.1,0.005,0.15,5,0.05,0.005,0.1,30,,,,-1,two_stage,2,0.5,"__confirm_cooldown=200,__confirm_rule=perm_test,__perm_alpha=0.05,__perm_min_effect=0,__perm_n_perm=200,__perm_post_n=10,__perm_pre_n=200,__perm_rng_seed=0,__perm_stat=vote_score,divergence=0.3,error_rate=0.5,teacher_entropy=0.2",3,0,200,0.0,0,10000,10.0,25.0,200,500,0,0,1.0,0.8014632936507936,0.49534961447913806,0.16666666666666666,0.34420984983444214,0.007985282689332962,1,1,49,48,0,perm_test,0.004975124378109453,0.47283047265932204,48,48,0,0.0,0.16666666666666666,1,0.5,0.0,0.0,0.0,0,none,1,1,0,overconfident,0.95,0,stable,0.9740337702059487,0.0010612719935935832,0.8951689274005232,0.8992762555594316,1768152352.178032,0.22437389194965363,0.10469357669353485
253,16192,16191,sea_nodrift,sea,ts_drift_adapt,5,"error_divergence_ph_meta@error.threshold=0.10,error.min_instances=5",error_divergence_ph_meta,"{""divergence"": {""alpha"": 0.1, ""delta"": 0.005, ""min_instances"": 30, ""threshold"": 0.05}, ""error_rate"": {""alpha"": 0.15, ""delta"": 0.005, ""min_instances"": 5, ""threshold"": 0.1}}","{""error_rate"": {""min_instances"": 5, ""threshold"": 0.1}}",0.1,0.005,0.15,5,0.05,0.005,0.1,30,,,,-1,two_stage,2,0.5,"__confirm_cooldown=200,__confirm_rule=perm_test,__perm_alpha=0.05,__perm_min_effect=0,__perm_n_perm=200,__perm_post_n=10,__perm_pre_n=200,__perm_rng_seed=0,__perm_stat=vote_score,divergence=0.3,error_rate=0.5,teacher_entropy=0.2",3,0,200,0.0,0,10000,10.0,25.0,200,500,1,136,1.0,0.8018157114624506,0.49602414857000776,0.0,0.29152712225914,0.004398290533572435,0,0,49,48,-1,perm_test,0.004975124378109453,0.47283047265932204,48,48,0,0.0,0.16666666666666666,0,0.0,0.0,0.0,0.0,0,none,0,1,0,overconfident,0.95,0,mild_drift,0.9671668851029743,0.0011806359967967916,0.8475844637002616,0.8771381277797158,1768152352.1877718,0.163230299949646,0.06993842124938965
254,16256,16255,sea_nodrift,sea,ts_drift_adapt,5,"error_divergence_ph_meta@error.threshold=0.10,error.min_instances=5",error_divergence_ph_meta,"{""divergence"": {""alpha"": 0.1, ""delta"": 0.005, ""min_instances"": 30, ""threshold"": 0.05}, ""error_rate"": {""alpha"": 0.15, ""delta"": 0.005, ""min_instances"": 5, ""threshold"": 0.1}}","{""error_rate"": {""min_instances"": 5, ""threshold"": 0.1}}",0.1,0.005,0.15,5,0.05,0.005,0.1,30,,,,-1,two_stage,2,0.5,"__confirm_cooldown=200,__confirm_rule=perm_test,__perm_alpha=0.05,__perm_min_effect=0,__perm_n_perm=200,__perm_post_n=10,__perm_pre_n=200,__perm_rng_seed=0,__perm_stat=vote_score,divergence=0.3,error_rate=0.5,teacher_entropy=0.2",3,0,200,0.0,0,10000,10.0,25.0,200,500,1,72,1.0,0.8020423228346457,0.49672728185113146,0.16666666666666666,0.2999415099620819,0.0034605925902724266,0,0,49,48,-1,perm_test,0.004975124378109453,0.47283047265932204,48,48,0,0.0,0.16666666666666666,0,0.0,0.0,0.0,0.0,0,none,0,1,0,overconfident,0.95,0,mild_drift,0.9637334425514872,0.001240317998398396,0.8237922318501308,0.8660690638898578,1768152352.1973526,0.25047680735588074,0.06329119205474854
255,16320,16319,sea_nodrift,sea,ts_drift_adapt,5,"error_divergence_ph_meta@error.threshold=0.10,error.min_instances=5",error_divergence_ph_meta,"{""divergence"": {""alpha"": 0.1, ""delta"": 0.005, ""min_instances"": 30, ""threshold"": 0.05}, ""error_rate"": {""alpha"": 0.15, ""delta"": 0.005, ""min_instances"": 5, ""threshold"": 0.1}}","{""error_rate"": {""min_instances"": 5, ""threshold"": 0.1}}",0.1,0.005,0.15,5,0.05,0.005,0.1,30,,,,-1,two_stage,2,0.5,"__confirm_cooldown=200,__confirm_rule=perm_test,__perm_alpha=0.05,__perm_min_effect=0,__perm_n_perm=200,__perm_post_n=10,__perm_pre_n=200,__perm_rng_seed=0,__perm_stat=vote_score,divergence=0.3,error_rate=0.5,teacher_entropy=0.2",3,0,200,0.0,0,10000,10.0,25.0,200,500,1,8,1.0,0.8021446078431372,0.4967899077468025,0.0,0.32928019762039185,0.004332185722887516,0,0,49,48,-1,perm_test,0.004975124378109453,0.47283047265932204,48,48,0,0.0,0.16666666666666666,0,0.0,0.0,0.0,0.0,0,none,0,1,0,overconfident,0.95,0,mild_drift,0.9620167212757436,0.0012701589991991982,0.8118961159250655,0.8605345319449289,1768152352.2068765,0.13394586741924286,0.08234253525733948
256,16384,16383,sea_nodrift,sea,ts_drift_adapt,5,"error_divergence_ph_meta@error.threshold=0.10,error.min_instances=5",error_divergence_ph_meta,"{""divergence"": {""alpha"": 0.1, ""delta"": 0.005, ""min_instances"": 30, ""threshold"": 0.05}, ""error_rate"": {""alpha"": 0.15, ""delta"": 0.005, ""min_instances"": 5, ""threshold"": 0.1}}","{""error_rate"": {""min_instances"": 5, ""threshold"": 0.1}}",0.1,0.005,0.15,5,0.05,0.005,0.1,30,,,,-1,two_stage,2,0.5,"__confirm_cooldown=200,__confirm_rule=perm_test,__perm_alpha=0.05,__perm_min_effect=0,__perm_n_perm=200,__perm_post_n=10,__perm_pre_n=200,__perm_rng_seed=0,__perm_stat=vote_score,divergence=0.3,error_rate=0.5,teacher_entropy=0.2",3,0,200,0.0,0,10000,10.0,25.0,200,500,0,0,1.0,0.8023681640625,0.49753846718039585,0.3333333333333333,0.35330983996391296,0.00566238583996892,0,0,49,48,-1,perm_test,0.004975124378109453,0.47283047265932204,48,48,0,0.0,0.3333333333333333,0,0.0,0.0,0.0,0.0,0,none,0,1,0,overconfident,0.95,0,mild_drift,0.9611583606378717,0.0012850794995995993,0.8059480579625328,0.8577672659724644,1768152352.216435,0.8004038333892822,0.0973341315984726
257,16448,16447,sea_nodrift,sea,ts_drift_adapt,5,"error_divergence_ph_meta@error.threshold=0.10,error.min_instances=5",error_divergence_ph_meta,"{""divergence"": {""alpha"": 0.1, ""delta"": 0.005, ""min_instances"": 30, ""threshold"": 0.05}, ""error_rate"": {""alpha"": 0.15, ""delta"": 0.005, ""min_instances"": 5, ""threshold"": 0.1}}","{""error_rate"": {""min_instances"": 5, ""threshold"": 0.1}}",0.1,0.005,0.15,5,0.05,0.005,0.1,30,,,,-1,two_stage,2,0.5,"__confirm_cooldown=200,__confirm_rule=perm_test,__perm_alpha=0.05,__perm_min_effect=0,__perm_n_perm=200,__perm_post_n=10,__perm_pre_n=200,__perm_rng_seed=0,__perm_stat=vote_score,divergence=0.3,error_rate=0.5,teacher_entropy=0.2",3,0,200,0.0,0,10000,10.0,25.0,200,500,0,0,1.0,0.8028331712062257,0.4986003901942489,0.0,0.29118412733078003,0.007751800585538149,1,1,50,49,0,perm_test,0.004975124378109453,0.490913799799924,49,49,0,0.16666666666666666,0.3333333333333333,1,0.5,0.0,0.0,0.0,0,none,1,1,0,overconfident,0.95,0,severe_drift,0.9260791803189359,0.0016425397497997997,0.6529740289812664,0.8338836329862322,1768152352.232117,0.14063292741775513,0.09202785789966583
258,16512,16511,sea_nodrift,sea,ts_drift_adapt,5,"error_divergence_ph_meta@error.threshold=0.10,error.min_instances=5",error_divergence_ph_meta,"{""divergence"": {""alpha"": 0.1, ""delta"": 0.005, ""min_instances"": 30, ""threshold"": 0.05}, ""error_rate"": {""alpha"": 0.15, ""delta"": 0.005, ""min_instances"": 5, ""threshold"": 0.1}}","{""error_rate"": {""min_instances"": 5, ""threshold"": 0.1}}",0.1,0.005,0.15,5,0.05,0.005,0.1,30,,,,-1,two_stage,2,0.5,"__confirm_cooldown=200,__confirm_rule=perm_test,__perm_alpha=0.05,__perm_min_effect=0,__perm_n_perm=200,__perm_post_n=10,__perm_pre_n=200,__perm_rng_seed=0,__perm_stat=vote_score,divergence=0.3,error_rate=0.5,teacher_entropy=0.2",3,0,200,0.0,0,10000,10.0,25.0,200,500,1,136,1.0,0.8031128875968992,0.4993143059163399,0.16666666666666666,0.3445015251636505,0.00647074356675148,0,0,50,49,-1,perm_test,0.004975124378109453,0.490913799799924,49,49,0,0.0,0.16666666666666666,0,0.0,0.0,0.0,0.0,0,none,0,1,0,overconfident,0.95,0,mild_drift,0.9431895901594679,0.0014712698748998998,0.7264870144906332,0.8444418164931161,1768152352.2418075,0.4895186424255371,0.09157108515501022
259,16576,16575,sea_nodrift,sea,ts_drift_adapt,5,"error_divergence_ph_meta@error.threshold=0.10,error.min_instances=5",error_divergence_ph_meta,"{""divergence"": {""alpha"": 0.1, ""delta"": 0.005, ""min_instances"": 30, ""threshold"": 0.05}, ""error_rate"": {""alpha"": 0.15, ""delta"": 0.005, ""min_instances"": 5, ""threshold"": 0.1}}","{""error_rate"": {""min_instances"": 5, ""threshold"": 0.1}}",0.1,0.005,0.15,5,0.05,0.005,0.1,30,,,,-1,two_stage,2,0.5,"__confirm_cooldown=200,__confirm_rule=perm_test,__perm_alpha=0.05,__perm_min_effect=0,__perm_n_perm=200,__perm_post_n=10,__perm_pre_n=200,__perm_rng_seed=0,__perm_stat=vote_score,divergence=0.3,error_rate=0.5,teacher_entropy=0.2",3,0,200,0.0,0,10000,10.0,25.0,200,500,1,72,1.0,0.8034507722007722,0.5000343558184063,0.3333333333333333,0.30317193269729614,0.008009581826627254,0,0,50,49,-1,perm_test,0.004975124378109453,0.490913799799924,49,49,0,0.0,0.16666666666666666,0,0.0,0.0,0.0,0.0,0,none,0,1,0,overconfident,0.95,0,mild_drift,0.951744795079734,0.0013856349374499499,0.7632435072453166,0.849720908246558,1768152352.251207,0.4627143442630768,0.09247277677059174
260,16640,16639,sea_nodrift,sea,ts_drift_adapt,5,"error_divergence_ph_meta@error.threshold=0.10,error.min_instances=5",error_divergence_ph_meta,"{""divergence"": {""alpha"": 0.1, ""delta"": 0.005, ""min_instances"": 30, ""threshold"": 0.05}, ""error_rate"": {""alpha"": 0.15, ""delta"": 0.005, ""min_instances"": 5, ""threshold"": 0.1}}","{""error_rate"": {""min_instances"": 5, ""threshold"": 0.1}}",0.1,0.005,0.15,5,0.05,0.005,0.1,30,,,,-1,two_stage,2,0.5,"__confirm_cooldown=200,__confirm_rule=perm_test,__perm_alpha=0.05,__perm_min_effect=0,__perm_n_perm=200,__perm_post_n=10,__perm_pre_n=200,__perm_rng_seed=0,__perm_stat=vote_score,divergence=0.3,error_rate=0.5,teacher_entropy=0.2",3,0,200,0.0,0,10000,10.0,25.0,200,500,1,8,1.0,0.803545673076923,0.5004935545529298,0.0,0.3152703642845154,0.007986960001289845,0,0,50,49,-1,perm_test,0.004975124378109453,0.490913799799924,49,49,0,0.0,0.3333333333333333,0,0.0,0.0,0.0,0.0,0,none,0,1,0,overconfident,0.95,0,mild_drift,0.956022397539867,0.0013428174687249751,0.7816217536226584,0.852360454123279,1768152352.260791,0.09200016409158707,0.08587446063756943
261,16704,16703,sea_nodrift,sea,ts_drift_adapt,5,"error_divergence_ph_meta@error.threshold=0.10,error.min_instances=5",error_divergence_ph_meta,"{""divergence"": {""alpha"": 0.1, ""delta"": 0.005, ""min_instances"": 30, ""threshold"": 0.05}, ""error_rate"": {""alpha"": 0.15, ""delta"": 0.005, ""min_instances"": 5, ""threshold"": 0.1}}","{""error_rate"": {""min_instances"": 5, ""threshold"": 0.1}}",0.1,0.005,0.15,5,0.05,0.005,0.1,30,,,,-1,two_stage,2,0.5,"__confirm_cooldown=200,__confirm_rule=perm_test,__perm_alpha=0.05,__perm_min_effect=0,__perm_n_perm=200,__perm_post_n=10,__perm_pre_n=200,__perm_rng_seed=0,__perm_stat=vote_score,divergence=0.3,error_rate=0.5,teacher_entropy=0.2",3,0,200,0.0,0,10000,10.0,25.0,200,500,0,0,1.0,0.803639846743295,0.5008551920940314,0.0,0.32353806495666504,0.011997843161225319,0,0,50,49,-1,perm_test,0.004975124378109453,0.490913799799924,49,49,0,0.0,0.004010883159935474,0,0.0,0.0,0.0,0.0,0,none,0,1,0,overconfident,0.95,0,mild_drift,0.9581611987699334,0.0013214087343624875,0.7908108768113292,0.8536802270616395,1768152352.2704434,0.20896200835704803,0.11343587934970856
262,16768,16767,sea_nodrift,sea,ts_drift_adapt,5,"error_divergence_ph_meta@error.threshold=0.10,error.min_instances=5",error_divergence_ph_meta,"{""divergence"": {""alpha"": 0.1, ""delta"": 0.005, ""min_instances"": 30, ""threshold"": 0.05}, ""error_rate"": {""alpha"": 0.15, ""delta"": 0.005, ""min_instances"": 5, ""threshold"": 0.1}}","{""error_rate"": {""min_instances"": 5, ""threshold"": 0.1}}",0.1,0.005,0.15,5,0.05,0.005,0.1,30,,,,-1,two_stage,2,0.5,"__confirm_cooldown=200,__confirm_rule=perm_test,__perm_alpha=0.05,__perm_min_effect=0,__perm_n_perm=200,__perm_post_n=10,__perm_pre_n=200,__perm_rng_seed=0,__perm_stat=vote_score,divergence=0.3,error_rate=0.5,teacher_entropy=0.2",3,0,200,0.0,0,10000,10.0,25.0,200,500,0,0,1.0,0.8035543893129771,0.5006485427641156,0.3333333333333333,0.31416594982147217,0.007130601909011602,1,1,51,50,0,perm_test,0.004975124378109453,0.507782553200684,50,50,0,0.3333333333333333,0.3333333333333333,1,0.5,0.0,0.0,0.0,0,none,1,1,0,overconfident,0.95,0,severe_drift,0.9245805993849667,0.0016607043671812438,0.6454054384056647,0.8318401135308198,1768152352.2859347,0.5303650498390198,0.07143981754779816
263,16832,16831,sea_nodrift,sea,ts_drift_adapt,5,"error_divergence_ph_meta@error.threshold=0.10,error.min_instances=5",error_divergence_ph_meta,"{""divergence"": {""alpha"": 0.1, ""delta"": 0.005, ""min_instances"": 30, ""threshold"": 0.05}, ""error_rate"": {""alpha"": 0.15, ""delta"": 0.005, ""min_instances"": 5, ""threshold"": 0.1}}","{""error_rate"": {""min_instances"": 5, ""threshold"": 0.1}}",0.1,0.005,0.15,5,0.05,0.005,0.1,30,,,,-1,two_stage,2,0.5,"__confirm_cooldown=200,__confirm_rule=perm_test,__perm_alpha=0.05,__perm_min_effect=0,__perm_n_perm=200,__perm_post_n=10,__perm_pre_n=200,__perm_rng_seed=0,__perm_stat=vote_score,divergence=0.3,error_rate=0.5,teacher_entropy=0.2",3,0,200,0.0,0,10000,10.0,25.0,200,500,1,136,1.0,0.8036478136882129,0.5015330947611268,0.5,0.29667264223098755,0.004507471341639757,0,0,51,50,-1,perm_test,0.004975124378109453,0.507782553200684,50,50,0,0.0,0.16666666666666669,0,0.0,0.0,0.0,0.0,0,none,0,1,0,overconfident,0.95,0,mild_drift,0.9424402996924833,0.001480352183590622,0.7227027192028324,0.8434200567654099,1768152352.2955298,1.1257778406143188,0.07643689215183258
264,16896,16895,sea_nodrift,sea,ts_drift_adapt,5,"error_divergence_ph_meta@error.threshold=0.10,error.min_instances=5",error_divergence_ph_meta,"{""divergence"": {""alpha"": 0.1, ""delta"": 0.005, ""min_instances"": 30, ""threshold"": 0.05}, ""error_rate"": {""alpha"": 0.15, ""delta"": 0.005, ""min_instances"": 5, ""threshold"": 0.1}}","{""error_rate"": {""min_instances"": 5, ""threshold"": 0.1}}",0.1,0.005,0.15,5,0.05,0.005,0.1,30,,,,-1,two_stage,2,0.5,"__confirm_cooldown=200,__confirm_rule=perm_test,__perm_alpha=0.05,__perm_min_effect=0,__perm_n_perm=200,__perm_post_n=10,__perm_pre_n=200,__perm_rng_seed=0,__perm_stat=vote_score,divergence=0.3,error_rate=0.5,teacher_entropy=0.2",3,0,200,0.0,0,10000,10.0,25.0,200,500,1,72,1.0,0.8036813446969697,0.5017409540216802,0.16666666666666666,0.33598393201828003,0.011404410935938358,0,0,51,50,-1,perm_test,0.004975124378109453,0.507782553200684,50,50,0,0.0,0.33333333333333337,0,0.0,0.0,0.0,0.0,0,none,0,1,0,overconfident,0.95,0,mild_drift,0.9513701498462417,0.001390176091795311,0.7613513596014162,0.8492100283827049,1768152352.3051066,0.25647595524787903,0.12067857384681702
265,16960,16959,sea_nodrift,sea,ts_drift_adapt,5,"error_divergence_ph_meta@error.threshold=0.10,error.min_instances=5",error_divergence_ph_meta,"{""divergence"": {""alpha"": 0.1, ""delta"": 0.005, ""min_instances"": 30, ""threshold"": 0.05}, ""error_rate"": {""alpha"": 0.15, ""delta"": 0.005, ""min_instances"": 5, ""threshold"": 0.1}}","{""error_rate"": {""min_instances"": 5, ""threshold"": 0.1}}",0.1,0.005,0.15,5,0.05,0.005,0.1,30,,,,-1,two_stage,2,0.5,"__confirm_cooldown=200,__confirm_rule=perm_test,__perm_alpha=0.05,__perm_min_effect=0,__perm_n_perm=200,__perm_post_n=10,__perm_pre_n=200,__perm_rng_seed=0,__perm_stat=vote_score,divergence=0.3,error_rate=0.5,teacher_entropy=0.2",3,0,200,0.0,0,10000,10.0,25.0,200,500,1,8,1.0,0.8037146226415094,0.5018957130055768,0.0,0.30002135038375854,0.003823578357696533,0,0,51,50,-1,perm_test,0.004975124378109453,0.507782553200684,50,50,0,0.0,0.16666666666666666,0,0.0,0.0,0.0,0.0,0,none,0,1,0,overconfident,0.95,0,mild_drift,0.9558350749231208,0.0013450880458976556,0.7806756798007082,0.8521050141913524,1768152352.3146405,0.1216517984867096,0.06605317443609238
266,17024,17023,sea_nodrift,sea,ts_drift_adapt,5,"error_divergence_ph_meta@error.threshold=0.10,error.min_instances=5",error_divergence_ph_meta,"{""divergence"": {""alpha"": 0.1, ""delta"": 0.005, ""min_instances"": 30, ""threshold"": 0.05}, ""error_rate"": {""alpha"": 0.15, ""delta"": 0.005, ""min_instances"": 5, ""threshold"": 0.1}}","{""error_rate"": {""min_instances"": 5, ""threshold"": 0.1}}",0.1,0.005,0.15,5,0.05,0.005,0.1,30,,,,-1,two_stage,2,0.5,"__confirm_cooldown=200,__confirm_rule=perm_test,__perm_alpha=0.05,__perm_min_effect=0,__perm_n_perm=200,__perm_post_n=10,__perm_pre_n=200,__perm_rng_seed=0,__perm_stat=vote_score,divergence=0.3,error_rate=0.5,teacher_entropy=0.2",3,0,200,0.0,0,10000,10.0,25.0,200,500,0,0,1.0,0.8038651315789473,0.5020939804801475,0.3333333333333333,0.2854955494403839,0.005255859345197678,0,0,51,50,-1,perm_test,0.004975124378109453,0.507782553200684,50,50,0,0.0,0.3333333333333333,0,0.0,0.0,0.0,0.0,0,none,0,1,0,overconfident,0.95,0,mild_drift,0.9580675374615604,0.0013225440229488279,0.7903378399003541,0.8535525070956762,1768152352.324255,0.7554776072502136,0.07682410627603531
267,17088,17087,sea_nodrift,sea,ts_drift_adapt,5,"error_divergence_ph_meta@error.threshold=0.10,error.min_instances=5",error_divergence_ph_meta,"{""divergence"": {""alpha"": 0.1, ""delta"": 0.005, ""min_instances"": 30, ""threshold"": 0.05}, ""error_rate"": {""alpha"": 0.15, ""delta"": 0.005, ""min_instances"": 5, ""threshold"": 0.1}}","{""error_rate"": {""min_instances"": 5, ""threshold"": 0.1}}",0.1,0.005,0.15,5,0.05,0.005,0.1,30,,,,-1,two_stage,2,0.5,"__confirm_cooldown=200,__confirm_rule=perm_test,__perm_alpha=0.05,__perm_min_effect=0,__perm_n_perm=200,__perm_post_n=10,__perm_pre_n=200,__perm_rng_seed=0,__perm_stat=vote_score,divergence=0.3,error_rate=0.5,teacher_entropy=0.2",3,0,200,0.0,0,10000,10.0,25.0,200,500,0,0,1.0,0.8041900749063671,0.502904235080845,0.16666666666666666,0.2902914881706238,0.011261479929089546,1,1,52,51,0,perm_test,0.004975124378109453,0.5627928251045585,51,51,0,0.16666666666666666,0.16666666666666666,1,0.5,0.0,0.0,0.0,0,none,1,1,0,overconfident,0.95,0,severe_drift,0.9245337687307802,0.001661272011474414,0.6451689199501771,0.8317762535478381,1768152352.3397393,0.2881002724170685,0.14659427106380463
268,17152,17151,sea_nodrift,sea,ts_drift_adapt,5,"error_divergence_ph_meta@error.threshold=0.10,error.min_instances=5",error_divergence_ph_meta,"{""divergence"": {""alpha"": 0.1, ""delta"": 0.005, ""min_instances"": 30, ""threshold"": 0.05}, ""error_rate"": {""alpha"": 0.15, ""delta"": 0.005, ""min_instances"": 5, ""threshold"": 0.1}}","{""error_rate"": {""min_instances"": 5, ""threshold"": 0.1}}",0.1,0.005,0.15,5,0.05,0.005,0.1,30,,,,-1,two_stage,2,0.5,"__confirm_cooldown=200,__confirm_rule=perm_test,__perm_alpha=0.05,__perm_min_effect=0,__perm_n_perm=200,__perm_post_n=10,__perm_pre_n=200,__perm_rng_seed=0,__perm_stat=vote_score,divergence=0.3,error_rate=0.5,teacher_entropy=0.2",3,0,200,0.0,0,10000,10.0,25.0,200,500,1,136,1.0,0.8044542910447762,0.5038364913953967,0.0,0.3383634090423584,0.01403099112212658,0,0,52,51,-1,perm_test,0.004975124378109453,0.5627928251045585,51,51,0,0.0,0.16666666666666666,0,0.0,0.0,0.0,0.0,0,none,0,1,0,overconfident,0.95,0,mild_drift,0.9424168843653901,0.0014806360057372072,0.7225844599750886,0.8433881267739191,1768152352.3493278,0.08988723158836365,0.16400966048240662
269,17216,17215,sea_nodrift,sea,ts_drift_adapt,5,"error_divergence_ph_meta@error.threshold=0.10,error.min_instances=5",error_divergence_ph_meta,"{""divergence"": {""alpha"": 0.1, ""delta"": 0.005, ""min_instances"": 30, ""threshold"": 0.05}, ""error_rate"": {""alpha"": 0.15, ""delta"": 0.005, ""min_instances"": 5, ""threshold"": 0.1}}","{""error_rate"": {""min_instances"": 5, ""threshold"": 0.1}}",0.1,0.005,0.15,5,0.05,0.005,0.1,30,,,,-1,two_stage,2,0.5,"__confirm_cooldown=200,__confirm_rule=perm_test,__perm_alpha=0.05,__perm_min_effect=0,__perm_n_perm=200,__perm_post_n=10,__perm_pre_n=200,__perm_rng_seed=0,__perm_stat=vote_score,divergence=0.3,error_rate=0.5,teacher_entropy=0.2",3,0,200,0.0,0,10000,10.0,25.0,200,500,1,72,1.0,0.8047165427509294,0.5044926987737898,0.3333333333333333,0.30995166301727295,0.013518564403057098,0,0,52,51,-1,perm_test,0.004975124378109453,0.5627928251045585,51,51,0,0.0,0.3333333333333333,0,0.0,0.0,0.0,0.0,0,none,0,1,0,overconfident,0.95,0,mild_drift,0.951358442182695,0.0013903180028686036,0.7612922299875443,0.8491940633869595,1768152352.3587675,0.8959646821022034,0.1601581871509552
270,17280,17279,sea_nodrift,sea,ts_drift_adapt,5,"error_divergence_ph_meta@error.threshold=0.10,error.min_instances=5",error_divergence_ph_meta,"{""divergence"": {""alpha"": 0.1, ""delta"": 0.005, ""min_instances"": 30, ""threshold"": 0.05}, ""error_rate"": {""alpha"": 0.15, ""delta"": 0.005, ""min_instances"": 5, ""threshold"": 0.1}}","{""error_rate"": {""min_instances"": 5, ""threshold"": 0.1}}",0.1,0.005,0.15,5,0.05,0.005,0.1,30,,,,-1,two_stage,2,0.5,"__confirm_cooldown=200,__confirm_rule=perm_test,__perm_alpha=0.05,__perm_min_effect=0,__perm_n_perm=200,__perm_post_n=10,__perm_pre_n=200,__perm_rng_seed=0,__perm_stat=vote_score,divergence=0.3,error_rate=0.5,teacher_entropy=0.2",3,0,200,0.0,0,10000,10.0,25.0,200,500,1,8,1.0,0.8049768518518519,0.5049933250908156,0.3333333333333333,0.28262850642204285,0.011259354650974274,0,0,52,51,-1,perm_test,0.004975124378109453,0.5627928251045585,51,51,0,0.0,0.0022592097520828247,0,0.0,0.0,0.0,0.0,0,none,0,1,0,overconfident,0.95,0,mild_drift,0.9558292210913475,0.0013451590014343017,0.7806461149937722,0.8520970316934797,1768152352.368338,0.6933560967445374,0.15071892738342285
271,17344,17343,sea_nodrift,sea,ts_drift_adapt,5,"error_divergence_ph_meta@error.threshold=0.10,error.min_instances=5",error_divergence_ph_meta,"{""divergence"": {""alpha"": 0.1, ""delta"": 0.005, ""min_instances"": 30, ""threshold"": 0.05}, ""error_rate"": {""alpha"": 0.15, ""delta"": 0.005, ""min_instances"": 5, ""threshold"": 0.1}}","{""error_rate"": {""min_instances"": 5, ""threshold"": 0.1}}",0.1,0.005,0.15,5,0.05,0.005,0.1,30,,,,-1,two_stage,2,0.5,"__confirm_cooldown=200,__confirm_rule=perm_test,__perm_alpha=0.05,__perm_min_effect=0,__perm_n_perm=200,__perm_post_n=10,__perm_pre_n=200,__perm_rng_seed=0,__perm_stat=vote_score,divergence=0.3,error_rate=0.5,teacher_entropy=0.2",3,0,200,0.0,0,10000,10.0,25.0,200,500,0,0,1.0,0.8051775830258303,0.5060044289636652,0.0,0.3154754340648651,0.014240399934351444,0,0,52,51,-1,perm_test,0.004975124378109453,0.5627928251045585,51,51,0,0.0,0.3333333333333333,0,0.0,0.0,0.0,0.0,0,none,0,1,0,overconfident,0.95,0,mild_drift,0.9580646105456737,0.0013225795007171508,0.7903230574968861,0.8535485158467399,1768152352.377884,0.15939460694789886,0.15864361822605133
272,17408,17407,sea_nodrift,sea,ts_drift_adapt,5,"error_divergence_ph_meta@error.threshold=0.10,error.min_instances=5",error_divergence_ph_meta,"{""divergence"": {""alpha"": 0.1, ""delta"": 0.005, ""min_instances"": 30, ""threshold"": 0.05}, ""error_rate"": {""alpha"": 0.15, ""delta"": 0.005, ""min_instances"": 5, ""threshold"": 0.1}}","{""error_rate"": {""min_instances"": 5, ""threshold"": 0.1}}",0.1,0.005,0.15,5,0.05,0.005,0.1,30,,,,-1,two_stage,2,0.5,"__confirm_cooldown=200,__confirm_rule=perm_test,__perm_alpha=0.05,__perm_min_effect=0,__perm_n_perm=200,__perm_post_n=10,__perm_pre_n=200,__perm_rng_seed=0,__perm_stat=vote_score,divergence=0.3,error_rate=0.5,teacher_entropy=0.2",3,0,200,0.0,0,10000,10.0,25.0,200,500,0,0,1.0,0.8050321691176471,0.5055447295054781,0.0,0.33887699246406555,0.025072675198316574,1,1,53,52,0,perm_test,0.004975124378109453,0.4468334677092181,52,52,0,0.16666666666666666,0.01083227526396513,1,0.5,0.0,0.0,0.0,0,none,1,1,0,overconfident,0.95,0,severe_drift,0.9245323052728369,0.0016612897503585754,0.6451615287484431,0.83177425792337,1768152352.3934278,0.10333771258592606,0.29766955971717834
273,17472,17471,sea_nodrift,sea,ts_drift_adapt,5,"error_divergence_ph_meta@error.threshold=0.10,error.min_instances=5",error_divergence_ph_meta,"{""divergence"": {""alpha"": 0.1, ""delta"": 0.005, ""min_instances"": 30, ""threshold"": 0.05}, ""error_rate"": {""alpha"": 0.15, ""delta"": 0.005, ""min_instances"": 5, ""threshold"": 0.1}}","{""error_rate"": {""min_instances"": 5, ""threshold"": 0.1}}",0.1,0.005,0.15,5,0.05,0.005,0.1,30,,,,-1,two_stage,2,0.5,"__confirm_cooldown=200,__confirm_rule=perm_test,__perm_alpha=0.05,__perm_min_effect=0,__perm_n_perm=200,__perm_post_n=10,__perm_pre_n=200,__perm_rng_seed=0,__perm_stat=vote_score,divergence=0.3,error_rate=0.5,teacher_entropy=0.2",3,0,200,0.0,0,10000,10.0,25.0,200,500,1,136,1.0,0.8052312271062271,0.5060661505588839,0.16666666666666666,0.30803051590919495,0.017865868285298347,0,0,53,52,-1,perm_test,0.004975124378109453,0.4468334677092181,52,52,0,0.0,0.16666666666666666,0,0.0,0.0,0.0,0.0,0,none,0,1,0,overconfident,0.95,0,mild_drift,0.9424161526364184,0.0014806448751792877,0.7225807643742216,0.843387128961685,1768152352.4030747,0.41882094740867615,0.22663208842277527
274,17536,17535,sea_nodrift,sea,ts_drift_adapt,5,"error_divergence_ph_meta@error.threshold=0.10,error.min_instances=5",error_divergence_ph_meta,"{""divergence"": {""alpha"": 0.1, ""delta"": 0.005, ""min_instances"": 30, ""threshold"": 0.05}, ""error_rate"": {""alpha"": 0.15, ""delta"": 0.005, ""min_instances"": 5, ""threshold"": 0.1}}","{""error_rate"": {""min_instances"": 5, ""threshold"": 0.1}}",0.1,0.005,0.15,5,0.05,0.005,0.1,30,,,,-1,two_stage,2,0.5,"__confirm_cooldown=200,__confirm_rule=perm_test,__perm_alpha=0.05,__perm_min_effect=0,__perm_n_perm=200,__perm_post_n=10,__perm_pre_n=200,__perm_rng_seed=0,__perm_stat=vote_score,divergence=0.3,error_rate=0.5,teacher_entropy=0.2",3,0,200,0.0,0,10000,10.0,25.0,200,500,1,72,1.0,0.8054288321167883,0.5063298015623893,0.3333333333333333,0.29656705260276794,0.01193119864910841,0,0,53,52,-1,perm_test,0.004975124378109453,0.4468334677092181,52,52,0,0.0,0.16666666666666666,0,0.0,0.0,0.0,0.0,0,none,0,1,0,overconfident,0.95,0,mild_drift,0.9513580763182092,0.001390322437589644,0.7612903821871109,0.8491935644808425,1768152352.4126422,0.4599015712738037,0.13657952845096588
275,17600,17599,sea_nodrift,sea,ts_drift_adapt,5,"error_divergence_ph_meta@error.threshold=0.10,error.min_instances=5",error_divergence_ph_meta,"{""divergence"": {""alpha"": 0.1, ""delta"": 0.005, ""min_instances"": 30, ""threshold"": 0.05}, ""error_rate"": {""alpha"": 0.15, ""delta"": 0.005, ""min_instances"": 5, ""threshold"": 0.1}}","{""error_rate"": {""min_instances"": 5, ""threshold"": 0.1}}",0.1,0.005,0.15,5,0.05,0.005,0.1,30,,,,-1,two_stage,2,0.5,"__confirm_cooldown=200,__confirm_rule=perm_test,__perm_alpha=0.05,__perm_min_effect=0,__perm_n_perm=200,__perm_post_n=10,__perm_pre_n=200,__perm_rng_seed=0,__perm_stat=vote_score,divergence=0.3,error_rate=0.5,teacher_entropy=0.2",3,0,200,0.0,0,10000,10.0,25.0,200,500,1,8,1.0,0.8057386363636364,0.5077312045359569,0.16666666666666666,0.2852030396461487,0.005509863141924143,0,0,53,52,-1,perm_test,0.004975124378109453,0.4468334677092181,52,52,0,0.0,0.16666666666666666,0,0.0,0.0,0.0,0.0,0,none,0,1,0,overconfident,0.95,0,mild_drift,0.9558290381591046,0.0013451612187948222,0.7806451910935555,0.8520967822404213,1768152352.422225,0.3962210714817047,0.0897873044013977
276,17664,17663,sea_nodrift,sea,ts_drift_adapt,5,"error_divergence_ph_meta@error.threshold=0.10,error.min_instances=5",error_divergence_ph_meta,"{""divergence"": {""alpha"": 0.1, ""delta"": 0.005, ""min_instances"": 30, ""threshold"": 0.05}, ""error_rate"": {""alpha"": 0.15, ""delta"": 0.005, ""min_instances"": 5, ""threshold"": 0.1}}","{""error_rate"": {""min_instances"": 5, ""threshold"": 0.1}}",0.1,0.005,0.15,5,0.05,0.005,0.1,30,,,,-1,two_stage,2,0.5,"__confirm_cooldown=200,__confirm_rule=perm_test,__perm_alpha=0.05,__perm_min_effect=0,__perm_n_perm=200,__perm_post_n=10,__perm_pre_n=200,__perm_rng_seed=0,__perm_stat=vote_score,divergence=0.3,error_rate=0.5,teacher_entropy=0.2",3,0,200,0.0,0,10000,10.0,25.0,200,500,0,0,1.0,0.8059329710144928,0.50856282253506,0.16666666666666666,0.3675593435764313,0.012157142162322998,0,0,53,52,-1,perm_test,0.004975124378109453,0.4468334677092181,52,52,0,0.0,0.006647279020398855,0,0.0,0.0,0.0,0.0,0,none,0,1,0,overconfident,0.95,0,mild_drift,0.9580645190795523,0.0013225806093974113,0.7903225955467778,0.8535483911202106,1768152352.4319296,0.5120166540145874,0.11279554665088654
277,17728,17727,sea_nodrift,sea,ts_drift_adapt,5,"error_divergence_ph_meta@error.threshold=0.10,error.min_instances=5",error_divergence_ph_meta,"{""divergence"": {""alpha"": 0.1, ""delta"": 0.005, ""min_instances"": 30, ""threshold"": 0.05}, ""error_rate"": {""alpha"": 0.15, ""delta"": 0.005, ""min_instances"": 5, ""threshold"": 0.1}}","{""error_rate"": {""min_instances"": 5, ""threshold"": 0.1}}",0.1,0.005,0.15,5,0.05,0.005,0.1,30,,,,-1,two_stage,2,0.5,"__confirm_cooldown=200,__confirm_rule=perm_test,__perm_alpha=0.05,__perm_min_effect=0,__perm_n_perm=200,__perm_post_n=10,__perm_pre_n=200,__perm_rng_seed=0,__perm_stat=vote_score,divergence=0.3,error_rate=0.5,teacher_entropy=0.2",3,0,200,0.0,0,10000,10.0,25.0,200,500,0,0,1.0,0.8061259025270758,0.50903525881393,0.0,0.3487194776535034,0.008721474558115005,1,1,54,53,0,perm_test,0.004975124378109453,0.4893927182756744,53,53,0,0.0,0.16666666666666666,1,0.5,0.0,0.0,0.0,0,none,1,1,0,overconfident,0.95,0,stable,0.9740322595397761,0.0010612903046987056,0.8951612977733889,0.8992741955601053,1768152352.447632,0.09624438732862473,0.09189735352993011
278,17792,17791,sea_nodrift,sea,ts_drift_adapt,5,"error_divergence_ph_meta@error.threshold=0.10,error.min_instances=5",error_divergence_ph_meta,"{""divergence"": {""alpha"": 0.1, ""delta"": 0.005, ""min_instances"": 30, ""threshold"": 0.05}, ""error_rate"": {""alpha"": 0.15, ""delta"": 0.005, ""min_instances"": 5, ""threshold"": 0.1}}","{""error_rate"": {""min_instances"": 5, ""threshold"": 0.1}}",0.1,0.005,0.15,5,0.05,0.005,0.1,30,,,,-1,two_stage,2,0.5,"__confirm_cooldown=200,__confirm_rule=perm_test,__perm_alpha=0.05,__perm_min_effect=0,__perm_n_perm=200,__perm_post_n=10,__perm_pre_n=200,__perm_rng_seed=0,__perm_stat=vote_score,divergence=0.3,error_rate=0.5,teacher_entropy=0.2",3,0,200,0.0,0,10000,10.0,25.0,200,500,1,136,1.0,0.8064298561151079,0.5098250578332317,0.0,0.29908257722854614,0.008115770295262337,0,0,54,53,-1,perm_test,0.004975124378109453,0.4893927182756744,53,53,0,0.0,0.0006057042628526688,0,0.0,0.0,0.0,0.0,0,none,0,1,0,overconfident,0.95,0,mild_drift,0.967166129769888,0.0011806451523493529,0.8475806488866945,0.8771370977800527,1768152352.4571874,0.07297836244106293,0.09013745188713074
279,17856,17855,sea_nodrift,sea,ts_drift_adapt,5,"error_divergence_ph_meta@error.threshold=0.10,error.min_instances=5",error_divergence_ph_meta,"{""divergence"": {""alpha"": 0.1, ""delta"": 0.005, ""min_instances"": 30, ""threshold"": 0.05}, ""error_rate"": {""alpha"": 0.15, ""delta"": 0.005, ""min_instances"": 5, ""threshold"": 0.1}}","{""error_rate"": {""min_instances"": 5, ""threshold"": 0.1}}",0.1,0.005,0.15,5,0.05,0.005,0.1,30,,,,-1,two_stage,2,0.5,"__confirm_cooldown=200,__confirm_rule=perm_test,__perm_alpha=0.05,__perm_min_effect=0,__perm_n_perm=200,__perm_post_n=10,__perm_pre_n=200,__perm_rng_seed=0,__perm_stat=vote_score,divergence=0.3,error_rate=0.5,teacher_entropy=0.2",3,0,200,0.0,0,10000,10.0,25.0,200,500,1,72,1.0,0.8064516129032258,0.5097309027601227,0.16666666666666666,0.34152400493621826,0.011059243232011795,0,0,54,53,-1,perm_test,0.004975124378109453,0.4893927182756744,53,53,0,0.0,0.16666666666666666,0,0.0,0.0,0.0,0.0,0,none,0,1,0,overconfident,0.95,0,mild_drift,0.963733064884944,0.0012403225761746764,0.8237903244433473,0.8660685488900264,1768152352.466724,0.28827568888664246,0.10862229764461517
280,17920,17919,sea_nodrift,sea,ts_drift_adapt,5,"error_divergence_ph_meta@error.threshold=0.10,error.min_instances=5",error_divergence_ph_meta,"{""divergence"": {""alpha"": 0.1, ""delta"": 0.005, ""min_instances"": 30, ""threshold"": 0.05}, ""error_rate"": {""alpha"": 0.15, ""delta"": 0.005, ""min_instances"": 5, ""threshold"": 0.1}}","{""error_rate"": {""min_instances"": 5, ""threshold"": 0.1}}",0.1,0.005,0.15,5,0.05,0.005,0.1,30,,,,-1,two_stage,2,0.5,"__confirm_cooldown=200,__confirm_rule=perm_test,__perm_alpha=0.05,__perm_min_effect=0,__perm_n_perm=200,__perm_post_n=10,__perm_pre_n=200,__perm_rng_seed=0,__perm_stat=vote_score,divergence=0.3,error_rate=0.5,teacher_entropy=0.2",3,0,200,0.0,0,10000,10.0,25.0,200,500,1,8,1.0,0.8066964285714285,0.5104132908516632,0.0,0.2846919000148773,0.014156035147607327,0,0,54,53,-1,perm_test,0.004975124378109453,0.4893927182756744,53,53,0,0.0,0.16666666666666666,0,0.0,0.0,0.0,0.0,0,none,0,1,0,overconfident,0.95,0,mild_drift,0.962016532442472,0.0012701612880873384,0.8118951622216737,0.8605342744450132,1768152352.4762592,0.09639262408018112,0.14491599798202515
281,17984,17983,sea_nodrift,sea,ts_drift_adapt,5,"error_divergence_ph_meta@error.threshold=0.10,error.min_instances=5",error_divergence_ph_meta,"{""divergence"": {""alpha"": 0.1, ""delta"": 0.005, ""min_instances"": 30, ""threshold"": 0.05}, ""error_rate"": {""alpha"": 0.15, ""delta"": 0.005, ""min_instances"": 5, ""threshold"": 0.1}}","{""error_rate"": {""min_instances"": 5, ""threshold"": 0.1}}",0.1,0.005,0.15,5,0.05,0.005,0.1,30,,,,-1,two_stage,2,0.5,"__confirm_cooldown=200,__confirm_rule=perm_test,__perm_alpha=0.05,__perm_min_effect=0,__perm_n_perm=200,__perm_post_n=10,__perm_pre_n=200,__perm_rng_seed=0,__perm_stat=vote_score,divergence=0.3,error_rate=0.5,teacher_entropy=0.2",3,0,200,0.0,0,10000,10.0,25.0,200,500,0,0,1.0,0.8068282918149466,0.5109755957814248,0.3333333333333333,0.2900005578994751,0.011288219131529331,0,0,54,53,-1,perm_test,0.004975124378109453,0.4893927182756744,53,53,0,0.0,0.3333333333333333,0,0.0,0.0,0.0,0.0,0,none,0,1,0,overconfident,0.95,0,mild_drift,0.9611582662212359,0.0012850806440436692,0.8059475811108369,0.8577671372225066,1768152352.4858215,0.5271695256233215,0.09041450917720795
282,18048,18047,sea_nodrift,sea,ts_drift_adapt,5,"error_divergence_ph_meta@error.threshold=0.10,error.min_instances=5",error_divergence_ph_meta,"{""divergence"": {""alpha"": 0.1, ""delta"": 0.005, ""min_instances"": 30, ""threshold"": 0.05}, ""error_rate"": {""alpha"": 0.15, ""delta"": 0.005, ""min_instances"": 5, ""threshold"": 0.1}}","{""error_rate"": {""min_instances"": 5, ""threshold"": 0.1}}",0.1,0.005,0.15,5,0.05,0.005,0.1,30,,,,-1,two_stage,2,0.5,"__confirm_cooldown=200,__confirm_rule=perm_test,__perm_alpha=0.05,__perm_min_effect=0,__perm_n_perm=200,__perm_post_n=10,__perm_pre_n=200,__perm_rng_seed=0,__perm_stat=vote_score,divergence=0.3,error_rate=0.5,teacher_entropy=0.2",3,0,200,0.0,0,10000,10.0,25.0,200,500,0,0,1.0,0.8070146276595744,0.5115668974468313,0.16666666666666666,0.3075486123561859,0.010966270230710506,1,1,55,54,0,perm_test,0.004975124378109453,0.4890959871991648,54,54,0,0.16666666666666666,0.16666666666666666,1,0.5,0.0,0.0,0.0,0,none,1,1,0,overconfident,0.95,0,severe_drift,0.926079133110618,0.0016425403220218346,0.6529737905554185,0.8338835686112533,1768152352.5012937,0.1937766671180725,0.13145285844802856
283,18112,18111,sea_nodrift,sea,ts_drift_adapt,5,"error_divergence_ph_meta@error.threshold=0.10,error.min_instances=5",error_divergence_ph_meta,"{""divergence"": {""alpha"": 0.1, ""delta"": 0.005, ""min_instances"": 30, ""threshold"": 0.05}, ""error_rate"": {""alpha"": 0.15, ""delta"": 0.005, ""min_instances"": 5, ""threshold"": 0.1}}","{""error_rate"": {""min_instances"": 5, ""threshold"": 0.1}}",0.1,0.005,0.15,5,0.05,0.005,0.1,30,,,,-1,two_stage,2,0.5,"__confirm_cooldown=200,__confirm_rule=perm_test,__perm_alpha=0.05,__perm_min_effect=0,__perm_n_perm=200,__perm_post_n=10,__perm_pre_n=200,__perm_rng_seed=0,__perm_stat=vote_score,divergence=0.3,error_rate=0.5,teacher_entropy=0.2",3,0,200,0.0,0,10000,10.0,25.0,200,500,1,136,1.0,0.8074204946996466,0.5122707480535925,0.0,0.29395791888237,0.008197890594601631,0,0,55,54,-1,perm_test,0.004975124378109453,0.4890959871991648,54,54,0,0.0,0.16666666666666666,0,0.0,0.0,0.0,0.0,0,none,0,1,0,overconfident,0.95,0,mild_drift,0.943189566555309,0.0014712701610109175,0.7264868952777093,0.8444417843056267,1768152352.5109794,0.14073820412158966,0.09667512774467468
284,18176,18175,sea_nodrift,sea,ts_drift_adapt,5,"error_divergence_ph_meta@error.threshold=0.10,error.min_instances=5",error_divergence_ph_meta,"{""divergence"": {""alpha"": 0.1, ""delta"": 0.005, ""min_instances"": 30, ""threshold"": 0.05}, ""error_rate"": {""alpha"": 0.15, ""delta"": 0.005, ""min_instances"": 5, ""threshold"": 0.1}}","{""error_rate"": {""min_instances"": 5, ""threshold"": 0.1}}",0.1,0.005,0.15,5,0.05,0.005,0.1,30,,,,-1,two_stage,2,0.5,"__confirm_cooldown=200,__confirm_rule=perm_test,__perm_alpha=0.05,__perm_min_effect=0,__perm_n_perm=200,__perm_post_n=10,__perm_pre_n=200,__perm_rng_seed=0,__perm_stat=vote_score,divergence=0.3,error_rate=0.5,teacher_entropy=0.2",3,0,200,0.0,0,10000,10.0,25.0,200,500,1,72,1.0,0.8077134683098591,0.5131740187813849,0.0,0.3088417649269104,0.008937620557844639,0,0,55,54,-1,perm_test,0.004975124378109453,0.4890959871991648,54,54,0,0.0,0.0007397299632430077,0,0.0,0.0,0.0,0.0,0,none,0,1,0,overconfident,0.95,0,mild_drift,0.9517447832776544,0.0013856350805054587,0.7632434476388547,0.8497208921528133,1768152352.5205386,0.11864473670721054,0.09905904531478882
285,18240,18239,sea_nodrift,sea,ts_drift_adapt,5,"error_divergence_ph_meta@error.threshold=0.10,error.min_instances=5",error_divergence_ph_meta,"{""divergence"": {""alpha"": 0.1, ""delta"": 0.005, ""min_instances"": 30, ""threshold"": 0.05}, ""error_rate"": {""alpha"": 0.15, ""delta"": 0.005, ""min_instances"": 5, ""threshold"": 0.1}}","{""error_rate"": {""min_instances"": 5, ""threshold"": 0.1}}",0.1,0.005,0.15,5,0.05,0.005,0.1,30,,,,-1,two_stage,2,0.5,"__confirm_cooldown=200,__confirm_rule=perm_test,__perm_alpha=0.05,__perm_min_effect=0,__perm_n_perm=200,__perm_post_n=10,__perm_pre_n=200,__perm_rng_seed=0,__perm_stat=vote_score,divergence=0.3,error_rate=0.5,teacher_entropy=0.2",3,0,200,0.0,0,10000,10.0,25.0,200,500,1,8,1.0,0.8080043859649123,0.513783964229091,0.16666666666666666,0.3150705397129059,0.006531918421387672,0,0,55,54,-1,perm_test,0.004975124378109453,0.4890959871991648,54,54,0,0.0,0.16666666666666666,0,0.0,0.0,0.0,0.0,0,none,0,1,0,overconfident,0.95,0,mild_drift,0.9560223916388272,0.0013428175402527293,0.7816217238194274,0.8523604460764067,1768152352.530084,0.5041055083274841,0.07513236999511719
286,18304,18303,sea_nodrift,sea,ts_drift_adapt,5,"error_divergence_ph_meta@error.threshold=0.10,error.min_instances=5",error_divergence_ph_meta,"{""divergence"": {""alpha"": 0.1, ""delta"": 0.005, ""min_instances"": 30, ""threshold"": 0.05}, ""error_rate"": {""alpha"": 0.15, ""delta"": 0.005, ""min_instances"": 5, ""threshold"": 0.1}}","{""error_rate"": {""min_instances"": 5, ""threshold"": 0.1}}",0.1,0.005,0.15,5,0.05,0.005,0.1,30,,,,-1,two_stage,2,0.5,"__confirm_cooldown=200,__confirm_rule=perm_test,__perm_alpha=0.05,__perm_min_effect=0,__perm_n_perm=200,__perm_post_n=10,__perm_pre_n=200,__perm_rng_seed=0,__perm_stat=vote_score,divergence=0.3,error_rate=0.5,teacher_entropy=0.2",3,0,200,0.0,0,10000,10.0,25.0,200,500,0,0,1.0,0.8081293706293706,0.5144333520096183,0.16666666666666666,0.297570139169693,0.006271402817219496,0,0,55,54,-1,perm_test,0.004975124378109453,0.4890959871991648,54,54,0,0.0,0.00026051560416817665,0,0.0,0.0,0.0,0.0,0,none,0,1,0,overconfident,0.95,0,mild_drift,0.9581611958194136,0.0013214087701263646,0.7908108619097137,0.8536802230382033,1768152352.5396786,0.5864521861076355,0.06289276480674744
287,18368,18367,sea_nodrift,sea,ts_drift_adapt,5,"error_divergence_ph_meta@error.threshold=0.10,error.min_instances=5",error_divergence_ph_meta,"{""divergence"": {""alpha"": 0.1, ""delta"": 0.005, ""min_instances"": 30, ""threshold"": 0.05}, ""error_rate"": {""alpha"": 0.15, ""delta"": 0.005, ""min_instances"": 5, ""threshold"": 0.1}}","{""error_rate"": {""min_instances"": 5, ""threshold"": 0.1}}",0.1,0.005,0.15,5,0.05,0.005,0.1,30,,,,-1,two_stage,2,0.5,"__confirm_cooldown=200,__confirm_rule=perm_test,__perm_alpha=0.05,__perm_min_effect=0,__perm_n_perm=200,__perm_post_n=10,__perm_pre_n=200,__perm_rng_seed=0,__perm_stat=vote_score,divergence=0.3,error_rate=0.5,teacher_entropy=0.2",3,0,200,0.0,0,10000,10.0,25.0,200,500,0,0,1.0,0.8081990418118467,0.5144199944129059,0.0,0.333888441324234,0.009696735069155693,1,1,56,55,0,perm_test,0.004975124378109453,0.478720619528403,55,55,0,0.16666666666666666,0.16666666666666666,1,0.5,0.0,0.0,0.0,0,none,1,1,0,overconfident,0.95,0,severe_drift,0.9245805979097068,0.0016607043850631823,0.6454054309548569,0.8318401115191016,1768152352.5551367,0.05101800337433815,0.11113636940717697
288,18432,18431,sea_nodrift,sea,ts_drift_adapt,5,"error_divergence_ph_meta@error.threshold=0.10,error.min_instances=5",error_divergence_ph_meta,"{""divergence"": {""alpha"": 0.1, ""delta"": 0.005, ""min_instances"": 30, ""threshold"": 0.05}, ""error_rate"": {""alpha"": 0.15, ""delta"": 0.005, ""min_instances"": 5, ""threshold"": 0.1}}","{""error_rate"": {""min_instances"": 5, ""threshold"": 0.1}}",0.1,0.005,0.15,5,0.05,0.005,0.1,30,,,,-1,two_stage,2,0.5,"__confirm_cooldown=200,__confirm_rule=perm_test,__perm_alpha=0.05,__perm_min_effect=0,__perm_n_perm=200,__perm_post_n=10,__perm_pre_n=200,__perm_rng_seed=0,__perm_stat=vote_score,divergence=0.3,error_rate=0.5,teacher_entropy=0.2",3,0,200,0.0,0,10000,10.0,25.0,200,500,1,136,1.0,0.8082682291666666,0.5149307602212752,0.16666666666666666,0.318238228559494,0.005420589819550514,0,0,56,55,-1,perm_test,0.004975124378109453,0.478720619528403,55,55,0,0.0,0.16666666666666666,0,0.0,0.0,0.0,0.0,0,none,0,1,0,overconfident,0.95,0,mild_drift,0.9424402989548534,0.0014803521925315912,0.7227027154774285,0.8434200557595508,1768152352.5646892,0.3207145631313324,0.08740805834531784
289,18496,18495,sea_nodrift,sea,ts_drift_adapt,5,"error_divergence_ph_meta@error.threshold=0.10,error.min_instances=5",error_divergence_ph_meta,"{""divergence"": {""alpha"": 0.1, ""delta"": 0.005, ""min_instances"": 30, ""threshold"": 0.05}, ""error_rate"": {""alpha"": 0.15, ""delta"": 0.005, ""min_instances"": 5, ""threshold"": 0.1}}","{""error_rate"": {""min_instances"": 5, ""threshold"": 0.1}}",0.1,0.005,0.15,5,0.05,0.005,0.1,30,,,,-1,two_stage,2,0.5,"__confirm_cooldown=200,__confirm_rule=perm_test,__perm_alpha=0.05,__perm_min_effect=0,__perm_n_perm=200,__perm_post_n=10,__perm_pre_n=200,__perm_rng_seed=0,__perm_stat=vote_score,divergence=0.3,error_rate=0.5,teacher_entropy=0.2",3,0,200,0.0,0,10000,10.0,25.0,200,500,1,72,1.0,0.8085532006920415,0.5156693552127536,0.16666666666666666,0.28318342566490173,0.002982944482937455,0,0,56,55,-1,perm_test,0.004975124378109453,0.478720619528403,55,55,0,0.0,0.002437645336613059,0,0.0,0.0,0.0,0.0,0,none,0,1,0,overconfident,0.95,0,mild_drift,0.9513701494774267,0.0013901760962657956,0.7613513577387143,0.8492100278797754,1768152352.57412,0.1981399804353714,0.060514599084854126
290,18560,18559,sea_nodrift,sea,ts_drift_adapt,5,"error_divergence_ph_meta@error.threshold=0.10,error.min_instances=5",error_divergence_ph_meta,"{""divergence"": {""alpha"": 0.1, ""delta"": 0.005, ""min_instances"": 30, ""threshold"": 0.05}, ""error_rate"": {""alpha"": 0.15, ""delta"": 0.005, ""min_instances"": 5, ""threshold"": 0.1}}","{""error_rate"": {""min_instances"": 5, ""threshold"": 0.1}}",0.1,0.005,0.15,5,0.05,0.005,0.1,30,,,,-1,two_stage,2,0.5,"__confirm_cooldown=200,__confirm_rule=perm_test,__perm_alpha=0.05,__perm_min_effect=0,__perm_n_perm=200,__perm_post_n=10,__perm_pre_n=200,__perm_rng_seed=0,__perm_stat=vote_score,divergence=0.3,error_rate=0.5,teacher_entropy=0.2",3,0,200,0.0,0,10000,10.0,25.0,200,500,1,8,1.0,0.8086206896551724,0.5158576259023079,0.3333333333333333,0.2923116683959961,0.005972578655928373,0,0,56,55,-1,perm_test,0.004975124378109453,0.478720619528403,55,55,0,0.0,0.16666666666666666,0,0.0,0.0,0.0,0.0,0,none,0,1,0,overconfident,0.95,0,mild_drift,0.9558350747387133,0.0013450880481328978,0.7806756788693572,0.8521050139398877,1768152352.583713,0.6169103980064392,0.07863068580627441
291,18624,18623,sea_nodrift,sea,ts_drift_adapt,5,"error_divergence_ph_meta@error.threshold=0.10,error.min_instances=5",error_divergence_ph_meta,"{""divergence"": {""alpha"": 0.1, ""delta"": 0.005, ""min_instances"": 30, ""threshold"": 0.05}, ""error_rate"": {""alpha"": 0.15, ""delta"": 0.005, ""min_instances"": 5, ""threshold"": 0.1}}","{""error_rate"": {""min_instances"": 5, ""threshold"": 0.1}}",0.1,0.005,0.15,5,0.05,0.005,0.1,30,,,,-1,two_stage,2,0.5,"__confirm_cooldown=200,__confirm_rule=perm_test,__perm_alpha=0.05,__perm_min_effect=0,__perm_n_perm=200,__perm_post_n=10,__perm_pre_n=200,__perm_rng_seed=0,__perm_stat=vote_score,divergence=0.3,error_rate=0.5,teacher_entropy=0.2",3,0,200,0.0,0,10000,10.0,25.0,200,500,0,0,1.0,0.8089561855670103,0.5164970673017001,0.16666666666666666,0.28859323263168335,0.0076642222702503204,0,0,56,55,-1,perm_test,0.004975124378109453,0.478720619528403,55,55,0,0.0,0.16666666666666666,0,0.0,0.0,0.0,0.0,0,none,0,1,0,overconfident,0.95,0,mild_drift,0.9580675373693566,0.001322544024066449,0.7903378394346786,0.8535525069699439,1768152352.5933347,0.4748181402683258,0.09800064563751221
292,18688,18687,sea_nodrift,sea,ts_drift_adapt,5,"error_divergence_ph_meta@error.threshold=0.10,error.min_instances=5",error_divergence_ph_meta,"{""divergence"": {""alpha"": 0.1, ""delta"": 0.005, ""min_instances"": 30, ""threshold"": 0.05}, ""error_rate"": {""alpha"": 0.15, ""delta"": 0.005, ""min_instances"": 5, ""threshold"": 0.1}}","{""error_rate"": {""min_instances"": 5, ""threshold"": 0.1}}",0.1,0.005,0.15,5,0.05,0.005,0.1,30,,,,-1,two_stage,2,0.5,"__confirm_cooldown=200,__confirm_rule=perm_test,__perm_alpha=0.05,__perm_min_effect=0,__perm_n_perm=200,__perm_post_n=10,__perm_pre_n=200,__perm_rng_seed=0,__perm_stat=vote_score,divergence=0.3,error_rate=0.5,teacher_entropy=0.2",3,0,200,0.0,0,10000,10.0,25.0,200,500,0,0,1.0,0.8090218321917808,0.5164780661498154,0.3333333333333333,0.3189121186733246,0.008819183334708214,1,1,57,56,0,perm_test,0.004975124378109453,0.4795113291445239,56,56,0,0.3333333333333333,0.16666666666666666,1,0.5,0.0,0.0,0.0,0,none,1,1,0,overconfident,0.95,0,severe_drift,0.9245337686846783,0.0016612720120332246,0.6451689197173394,0.831776253484972,1768152352.6087737,0.7494276165962219,0.08092957735061646
293,18752,18751,sea_nodrift,sea,ts_drift_adapt,5,"error_divergence_ph_meta@error.threshold=0.10,error.min_instances=5",error_divergence_ph_meta,"{""divergence"": {""alpha"": 0.1, ""delta"": 0.005, ""min_instances"": 30, ""threshold"": 0.05}, ""error_rate"": {""alpha"": 0.15, ""delta"": 0.005, ""min_instances"": 5, ""threshold"": 0.1}}","{""error_rate"": {""min_instances"": 5, ""threshold"": 0.1}}",0.1,0.005,0.15,5,0.05,0.005,0.1,30,,,,-1,two_stage,2,0.5,"__confirm_cooldown=200,__confirm_rule=perm_test,__perm_alpha=0.05,__perm_min_effect=0,__perm_n_perm=200,__perm_post_n=10,__perm_pre_n=200,__perm_rng_seed=0,__perm_stat=vote_score,divergence=0.3,error_rate=0.5,teacher_entropy=0.2",3,0,200,0.0,0,10000,10.0,25.0,200,500,1,136,1.0,0.8092470136518771,0.5166551717538286,0.0,0.25005874037742615,0.004654590506106615,0,0,57,56,-1,perm_test,0.004975124378109453,0.4795113291445239,56,56,0,0.0,0.3333333333333333,0,0.0,0.0,0.0,0.0,0,none,0,1,0,overconfident,0.95,0,mild_drift,0.9424168843423391,0.0014806360060166124,0.7225844598586697,0.843388126742486,1768152352.6183002,0.08694206923246384,0.07201781868934631
294,18816,18815,sea_nodrift,sea,ts_drift_adapt,5,"error_divergence_ph_meta@error.threshold=0.10,error.min_instances=5",error_divergence_ph_meta,"{""divergence"": {""alpha"": 0.1, ""delta"": 0.005, ""min_instances"": 30, ""threshold"": 0.05}, ""error_rate"": {""alpha"": 0.15, ""delta"": 0.005, ""min_instances"": 5, ""threshold"": 0.1}}","{""error_rate"": {""min_instances"": 5, ""threshold"": 0.1}}",0.1,0.005,0.15,5,0.05,0.005,0.1,30,,,,-1,two_stage,2,0.5,"__confirm_cooldown=200,__confirm_rule=perm_test,__perm_alpha=0.05,__perm_min_effect=0,__perm_n_perm=200,__perm_post_n=10,__perm_pre_n=200,__perm_rng_seed=0,__perm_stat=vote_score,divergence=0.3,error_rate=0.5,teacher_entropy=0.2",3,0,200,0.0,0,10000,10.0,25.0,200,500,1,72,1.0,0.8095769557823129,0.5172865082889181,0.16666666666666666,0.27285194396972656,0.01003571692854166,0,0,57,56,-1,perm_test,0.004975124378109453,0.4795113291445239,56,56,0,0.0,0.16666666666666666,0,0.0,0.0,0.0,0.0,0,none,0,1,0,overconfident,0.95,0,mild_drift,0.9513584421711695,0.0013903180030083063,0.7612922299293349,0.8491940633712429,1768152352.6277475,0.34387850761413574,0.09195646643638611
295,18880,18879,sea_nodrift,sea,ts_drift_adapt,5,"error_divergence_ph_meta@error.threshold=0.10,error.min_instances=5",error_divergence_ph_meta,"{""divergence"": {""alpha"": 0.1, ""delta"": 0.005, ""min_instances"": 30, ""threshold"": 0.05}, ""error_rate"": {""alpha"": 0.15, ""delta"": 0.005, ""min_instances"": 5, ""threshold"": 0.1}}","{""error_rate"": {""min_instances"": 5, ""threshold"": 0.1}}",0.1,0.005,0.15,5,0.05,0.005,0.1,30,,,,-1,two_stage,2,0.5,"__confirm_cooldown=200,__confirm_rule=perm_test,__perm_alpha=0.05,__perm_min_effect=0,__perm_n_perm=200,__perm_post_n=10,__perm_pre_n=200,__perm_rng_seed=0,__perm_stat=vote_score,divergence=0.3,error_rate=0.5,teacher_entropy=0.2",3,0,200,0.0,0,10000,10.0,25.0,200,500,1,8,1.0,0.810010593220339,0.5183676483648929,0.0,0.2790954113006592,0.005719819106161594,0,0,57,56,-1,perm_test,0.004975124378109453,0.4795113291445239,56,56,0,0.0,0.16666666666666666,0,0.0,0.0,0.0,0.0,0,none,0,1,0,overconfident,0.95,0,mild_drift,0.9558292210855848,0.0013451590015041532,0.7806461149646675,0.8520970316856215,1768152352.6372938,0.1376463621854782,0.0956185981631279
296,18944,18943,sea_nodrift,sea,ts_drift_adapt,5,"error_divergence_ph_meta@error.threshold=0.10,error.min_instances=5",error_divergence_ph_meta,"{""divergence"": {""alpha"": 0.1, ""delta"": 0.005, ""min_instances"": 30, ""threshold"": 0.05}, ""error_rate"": {""alpha"": 0.15, ""delta"": 0.005, ""min_instances"": 5, ""threshold"": 0.1}}","{""error_rate"": {""min_instances"": 5, ""threshold"": 0.1}}",0.1,0.005,0.15,5,0.05,0.005,0.1,30,,,,-1,two_stage,2,0.5,"__confirm_cooldown=200,__confirm_rule=perm_test,__perm_alpha=0.05,__perm_min_effect=0,__perm_n_perm=200,__perm_post_n=10,__perm_pre_n=200,__perm_rng_seed=0,__perm_stat=vote_score,divergence=0.3,error_rate=0.5,teacher_entropy=0.2",3,0,200,0.0,0,10000,10.0,25.0,200,500,0,0,1.0,0.8102829391891891,0.5190627224038906,0.16666666666666666,0.2818642258644104,0.0117649519816041,0,0,57,56,-1,perm_test,0.004975124378109453,0.4795113291445239,56,56,0,0.0,0.16666666666666666,0,0.0,0.0,0.0,0.0,0,none,0,1,0,overconfident,0.95,0,mild_drift,0.9580646105427923,0.0013225795007520767,0.7903230574823338,0.8535485158428107,1768152352.6468582,0.44686147570610046,0.13206246495246887
297,19008,19007,sea_nodrift,sea,ts_drift_adapt,5,"error_divergence_ph_meta@error.threshold=0.10,error.min_instances=5",error_divergence_ph_meta,"{""divergence"": {""alpha"": 0.1, ""delta"": 0.005, ""min_instances"": 30, ""threshold"": 0.05}, ""error_rate"": {""alpha"": 0.15, ""delta"": 0.005, ""min_instances"": 5, ""threshold"": 0.1}}","{""error_rate"": {""min_instances"": 5, ""threshold"": 0.1}}",0.1,0.005,0.15,5,0.05,0.005,0.1,30,,,,-1,two_stage,2,0.5,"__confirm_cooldown=200,__confirm_rule=perm_test,__perm_alpha=0.05,__perm_min_effect=0,__perm_n_perm=200,__perm_post_n=10,__perm_pre_n=200,__perm_rng_seed=0,__perm_stat=vote_score,divergence=0.3,error_rate=0.5,teacher_entropy=0.2",3,0,200,0.0,0,10000,10.0,25.0,200,500,0,0,1.0,0.8104482323232324,0.5194704026237379,0.16666666666666666,0.2732599973678589,0.008837091736495495,1,1,58,57,0,perm_test,0.004975124378109453,0.49015616315387406,57,57,0,0.16666666666666666,0.0029278602451086044,1,0.5,0.0,0.0,0.0,0,none,1,1,0,overconfident,0.95,0,severe_drift,0.9245323052713962,0.0016612897503760385,0.645161528741167,0.8317742579214054,1768152352.662352,0.3220982253551483,0.14271295070648193
298,19072,19071,sea_nodrift,sea,ts_drift_adapt,5,"error_divergence_ph_meta@error.threshold=0.10,error.min_instances=5",error_divergence_ph_meta,"{""divergence"": {""alpha"": 0.1, ""delta"": 0.005, ""min_instances"": 30, ""threshold"": 0.05}, ""error_rate"": {""alpha"": 0.15, ""delta"": 0.005, ""min_instances"": 5, ""threshold"": 0.1}}","{""error_rate"": {""min_instances"": 5, ""threshold"": 0.1}}",0.1,0.005,0.15,5,0.05,0.005,0.1,30,,,,-1,two_stage,2,0.5,"__confirm_cooldown=200,__confirm_rule=perm_test,__perm_alpha=0.05,__perm_min_effect=0,__perm_n_perm=200,__perm_post_n=10,__perm_pre_n=200,__perm_rng_seed=0,__perm_stat=vote_score,divergence=0.3,error_rate=0.5,teacher_entropy=0.2",3,0,200,0.0,0,10000,10.0,25.0,200,500,1,136,1.0,0.8104551174496645,0.519332588567378,0.0,0.3128030598163605,0.011317400261759758,0,0,58,57,-1,perm_test,0.004975124378109453,0.49015616315387406,57,57,0,0.0,0.16666666666666666,0,0.0,0.0,0.0,0.0,0,none,0,1,0,overconfident,0.95,0,mild_drift,0.942416152635698,0.0014806448751880194,0.7225807643705835,0.8433871289607027,1768152352.671906,0.0693635493516922,0.13114362955093384
299,19136,19135,sea_nodrift,sea,ts_drift_adapt,5,"error_divergence_ph_meta@error.threshold=0.10,error.min_instances=5",error_divergence_ph_meta,"{""divergence"": {""alpha"": 0.1, ""delta"": 0.005, ""min_instances"": 30, ""threshold"": 0.05}, ""error_rate"": {""alpha"": 0.15, ""delta"": 0.005, ""min_instances"": 5, ""threshold"": 0.1}}","{""error_rate"": {""min_instances"": 5, ""threshold"": 0.1}}",0.1,0.005,0.15,5,0.05,0.005,0.1,30,,,,-1,two_stage,2,0.5,"__confirm_cooldown=200,__confirm_rule=perm_test,__perm_alpha=0.05,__perm_min_effect=0,__perm_n_perm=200,__perm_post_n=10,__perm_pre_n=200,__perm_rng_seed=0,__perm_stat=vote_score,divergence=0.3,error_rate=0.5,teacher_entropy=0.2",3,0,200,0.0,0,10000,10.0,25.0,200,500,1,72,1.0,0.8105142140468228,0.5198643413735906,0.16666666666666666,0.30660948157310486,0.008612191304564476,0,0,58,57,-1,perm_test,0.004975124378109453,0.49015616315387406,57,57,0,0.0,0.16666666666666666,0,0.0,0.0,0.0,0.0,0,none,0,1,0,overconfident,0.95,0,mild_drift,0.951358076317849,0.00139032243759401,0.7612903821852918,0.8491935644803513,1768152352.6813095,0.32458260655403137,0.13003480434417725
300,19200,19199,sea_nodrift,sea,ts_drift_adapt,5,"error_divergence_ph_meta@error.threshold=0.10,error.min_instances=5",error_divergence_ph_meta,"{""divergence"": {""alpha"": 0.1, ""delta"": 0.005, ""min_instances"": 30, ""threshold"": 0.05}, ""error_rate"": {""alpha"": 0.15, ""delta"": 0.005, ""min_instances"": 5, ""threshold"": 0.1}}","{""error_rate"": {""min_instances"": 5, ""threshold"": 0.1}}",0.1,0.005,0.15,5,0.05,0.005,0.1,30,,,,-1,two_stage,2,0.5,"__confirm_cooldown=200,__confirm_rule=perm_test,__perm_alpha=0.05,__perm_min_effect=0,__perm_n_perm=200,__perm_post_n=10,__perm_pre_n=200,__perm_rng_seed=0,__perm_stat=vote_score,divergence=0.3,error_rate=0.5,teacher_entropy=0.2",3,0,200,0.0,0,10000,10.0,25.0,200,500,1,8,1.0,0.8107291666666666,0.5203151083580977,0.0,0.2933095097541809,0.012758341617882252,0,0,58,57,-1,perm_test,0.004975124378109453,0.49015616315387406,57,57,0,0.0,0.16666666666666666,0,0.0,0.0,0.0,0.0,0,none,0,1,0,overconfident,0.95,0,mild_drift,0.9558290381589245,0.001345161218797005,0.780645191092646,0.8520967822401757,1768152352.6908383,0.04875512793660164,0.13615652918815613
301,19264,19263,sea_nodrift,sea,ts_drift_adapt,5,"error_divergence_ph_meta@error.threshold=0.10,error.min_instances=5",error_divergence_ph_meta,"{""divergence"": {""alpha"": 0.1, ""delta"": 0.005, ""min_instances"": 30, ""threshold"": 0.05}, ""error_rate"": {""alpha"": 0.15, ""delta"": 0.005, ""min_instances"": 5, ""threshold"": 0.1}}","{""error_rate"": {""min_instances"": 5, ""threshold"": 0.1}}",0.1,0.005,0.15,5,0.05,0.005,0.1,30,,,,-1,two_stage,2,0.5,"__confirm_cooldown=200,__confirm_rule=perm_test,__perm_alpha=0.05,__perm_min_effect=0,__perm_n_perm=200,__perm_post_n=10,__perm_pre_n=200,__perm_rng_seed=0,__perm_stat=vote_score,divergence=0.3,error_rate=0.5,teacher_entropy=0.2",3,0,200,0.0,0,10000,10.0,25.0,200,500,0,0,1.0,0.8109426910299004,0.5212266818768838,0.16666666666666666,0.2906758487224579,0.009949078783392906,0,0,58,57,-1,perm_test,0.004975124378109453,0.49015616315387406,57,57,0,0.0,0.16666666666666666,0,0.0,0.0,0.0,0.0,0,none,0,1,0,overconfident,0.95,0,mild_drift,0.9580645190794622,0.0013225806093985024,0.790322595546323,0.8535483911200878,1768152352.7003994,0.2956087291240692,0.11391936242580414
302,19328,19327,sea_nodrift,sea,ts_drift_adapt,5,"error_divergence_ph_meta@error.threshold=0.10,error.min_instances=5",error_divergence_ph_meta,"{""divergence"": {""alpha"": 0.1, ""delta"": 0.005, ""min_instances"": 30, ""threshold"": 0.05}, ""error_rate"": {""alpha"": 0.15, ""delta"": 0.005, ""min_instances"": 5, ""threshold"": 0.1}}","{""error_rate"": {""min_instances"": 5, ""threshold"": 0.1}}",0.1,0.005,0.15,5,0.05,0.005,0.1,30,,,,-1,two_stage,2,0.5,"__confirm_cooldown=200,__confirm_rule=perm_test,__perm_alpha=0.05,__perm_min_effect=0,__perm_n_perm=200,__perm_post_n=10,__perm_pre_n=200,__perm_rng_seed=0,__perm_stat=vote_score,divergence=0.3,error_rate=0.5,teacher_entropy=0.2",3,0,200,0.0,0,10000,10.0,25.0,200,500,0,0,1.0,0.8112065397350994,0.5219137800088992,0.16666666666666666,0.2988513112068176,0.010037805885076523,1,1,59,58,0,perm_test,0.004975124378109453,0.48939013586493973,58,58,0,0.0,8.872710168361664e-05,1,0.5,0.0,0.0,0.0,0,none,1,1,0,overconfident,0.95,0,stable,0.974032259539731,0.0010612903046992512,0.8951612977731616,0.899274195560044,1768152352.71572,0.6944993138313293,0.08902019262313843
303,19392,19391,sea_nodrift,sea,ts_drift_adapt,5,"error_divergence_ph_meta@error.threshold=0.10,error.min_instances=5",error_divergence_ph_meta,"{""divergence"": {""alpha"": 0.1, ""delta"": 0.005, ""min_instances"": 30, ""threshold"": 0.05}, ""error_rate"": {""alpha"": 0.15, ""delta"": 0.005, ""min_instances"": 5, ""threshold"": 0.1}}","{""error_rate"": {""min_instances"": 5, ""threshold"": 0.1}}",0.1,0.005,0.15,5,0.05,0.005,0.1,30,,,,-1,two_stage,2,0.5,"__confirm_cooldown=200,__confirm_rule=perm_test,__perm_alpha=0.05,__perm_min_effect=0,__perm_n_perm=200,__perm_post_n=10,__perm_pre_n=200,__perm_rng_seed=0,__perm_stat=vote_score,divergence=0.3,error_rate=0.5,teacher_entropy=0.2",3,0,200,0.0,0,10000,10.0,25.0,200,500,1,136,1.0,0.8113139438943895,0.5220926156588449,0.16666666666666666,0.2969840466976166,0.012900643050670624,0,0,59,58,-1,perm_test,0.004975124378109453,0.48939013586493973,58,58,0,0.0,0.002862837165594101,0,0.0,0.0,0.0,0.0,0,none,0,1,0,overconfident,0.95,0,mild_drift,0.9671661297698655,0.0011806451523496257,0.8475806488865808,0.8771370977800219,1768152352.7252903,0.46695399284362793,0.1286124289035797
304,19456,19455,sea_nodrift,sea,ts_drift_adapt,5,"error_divergence_ph_meta@error.threshold=0.10,error.min_instances=5",error_divergence_ph_meta,"{""divergence"": {""alpha"": 0.1, ""delta"": 0.005, ""min_instances"": 30, ""threshold"": 0.05}, ""error_rate"": {""alpha"": 0.15, ""delta"": 0.005, ""min_instances"": 5, ""threshold"": 0.1}}","{""error_rate"": {""min_instances"": 5, ""threshold"": 0.1}}",0.1,0.005,0.15,5,0.05,0.005,0.1,30,,,,-1,two_stage,2,0.5,"__confirm_cooldown=200,__confirm_rule=perm_test,__perm_alpha=0.05,__perm_min_effect=0,__perm_n_perm=200,__perm_post_n=10,__perm_pre_n=200,__perm_rng_seed=0,__perm_stat=vote_score,divergence=0.3,error_rate=0.5,teacher_entropy=0.2",3,0,200,0.0,0,10000,10.0,25.0,200,500,1,72,1.0,0.8116262335526315,0.5230860590202724,0.16666666666666666,0.2622050642967224,0.006404901389032602,0,0,59,58,-1,perm_test,0.004975124378109453,0.48939013586493973,58,58,0,0.0,0.0064957416616380215,0,0.0,0.0,0.0,0.0,0,none,0,1,0,overconfident,0.95,0,mild_drift,0.9637330648849327,0.001240322576174813,0.8237903244432905,0.866068548890011,1768152352.7347672,0.2197299748659134,0.06856662780046463
305,19520,19519,sea_nodrift,sea,ts_drift_adapt,5,"error_divergence_ph_meta@error.threshold=0.10,error.min_instances=5",error_divergence_ph_meta,"{""divergence"": {""alpha"": 0.1, ""delta"": 0.005, ""min_instances"": 30, ""threshold"": 0.05}, ""error_rate"": {""alpha"": 0.15, ""delta"": 0.005, ""min_instances"": 5, ""threshold"": 0.1}}","{""error_rate"": {""min_instances"": 5, ""threshold"": 0.1}}",0.1,0.005,0.15,5,0.05,0.005,0.1,30,,,,-1,two_stage,2,0.5,"__confirm_cooldown=200,__confirm_rule=perm_test,__perm_alpha=0.05,__perm_min_effect=0,__perm_n_perm=200,__perm_post_n=10,__perm_pre_n=200,__perm_rng_seed=0,__perm_stat=vote_score,divergence=0.3,error_rate=0.5,teacher_entropy=0.2",3,0,200,0.0,0,10000,10.0,25.0,200,500,1,8,1.0,0.8116803278688525,0.5235777349779517,0.0,0.30547356605529785,0.01322720292955637,0,0,59,58,-1,perm_test,0.004975124378109453,0.48939013586493973,58,58,0,0.0,0.16666666666666666,0,0.0,0.0,0.0,0.0,0,none,0,1,0,overconfident,0.95,0,mild_drift,0.9620165324424663,0.0012701612880874065,0.8118951622216453,0.8605342744450055,1768152352.744356,0.20740890502929688,0.10329703986644745
306,19584,19583,sea_nodrift,sea,ts_drift_adapt,5,"error_divergence_ph_meta@error.threshold=0.10,error.min_instances=5",error_divergence_ph_meta,"{""divergence"": {""alpha"": 0.1, ""delta"": 0.005, ""min_instances"": 30, ""threshold"": 0.05}, ""error_rate"": {""alpha"": 0.15, ""delta"": 0.005, ""min_instances"": 5, ""threshold"": 0.1}}","{""error_rate"": {""min_instances"": 5, ""threshold"": 0.1}}",0.1,0.005,0.15,5,0.05,0.005,0.1,30,,,,-1,two_stage,2,0.5,"__confirm_cooldown=200,__confirm_rule=perm_test,__perm_alpha=0.05,__perm_min_effect=0,__perm_n_perm=200,__perm_post_n=10,__perm_pre_n=200,__perm_rng_seed=0,__perm_stat=vote_score,divergence=0.3,error_rate=0.5,teacher_entropy=0.2",3,0,200,0.0,0,10000,10.0,25.0,200,500,0,0,1.0,0.8118872549019608,0.5240967136066991,0.16666666666666666,0.3183215260505676,0.005591282155364752,0,0,59,58,-1,perm_test,0.004975124378109453,0.48939013586493973,58,58,0,0.0,0.16666666666666666,0,0.0,0.0,0.0,0.0,0,none,0,1,0,overconfident,0.95,0,mild_drift,0.9611582662212331,0.0012850806440437034,0.8059475811108227,0.8577671372225028,1768152352.753963,0.20195959508419037,0.08105823397636414
307,19648,19647,sea_nodrift,sea,ts_drift_adapt,5,"error_divergence_ph_meta@error.threshold=0.10,error.min_instances=5",error_divergence_ph_meta,"{""divergence"": {""alpha"": 0.1, ""delta"": 0.005, ""min_instances"": 30, ""threshold"": 0.05}, ""error_rate"": {""alpha"": 0.15, ""delta"": 0.005, ""min_instances"": 5, ""threshold"": 0.1}}","{""error_rate"": {""min_instances"": 5, ""threshold"": 0.1}}",0.1,0.005,0.15,5,0.05,0.005,0.1,30,,,,-1,two_stage,2,0.5,"__confirm_cooldown=200,__confirm_rule=perm_test,__perm_alpha=0.05,__perm_min_effect=0,__perm_n_perm=200,__perm_post_n=10,__perm_pre_n=200,__perm_rng_seed=0,__perm_stat=vote_score,divergence=0.3,error_rate=0.5,teacher_entropy=0.2",3,0,200,0.0,0,10000,10.0,25.0,200,500,0,0,1.0,0.8120928338762216,0.5246703144920167,0.16666666666666666,0.2735418379306793,0.011599745601415634,1,1,60,59,0,perm_test,0.004975124378109453,0.513750486665971,59,59,0,0.0,0.006008463446050882,1,0.5,0.0,0.0,0.0,0,none,1,1,0,overconfident,0.95,0,stable,0.9755791331106165,0.0010425403220218517,0.9029737905554114,0.9013835686112515,1768152352.7692115,0.2599891722202301,0.10848089307546616
308,19712,19711,sea_nodrift,sea,ts_drift_adapt,5,"error_divergence_ph_meta@error.threshold=0.10,error.min_instances=5",error_divergence_ph_meta,"{""divergence"": {""alpha"": 0.1, ""delta"": 0.005, ""min_instances"": 30, ""threshold"": 0.05}, ""error_rate"": {""alpha"": 0.15, ""delta"": 0.005, ""min_instances"": 5, ""threshold"": 0.1}}","{""error_rate"": {""min_instances"": 5, ""threshold"": 0.1}}",0.1,0.005,0.15,5,0.05,0.005,0.1,30,,,,-1,two_stage,2,0.5,"__confirm_cooldown=200,__confirm_rule=perm_test,__perm_alpha=0.05,__perm_min_effect=0,__perm_n_perm=200,__perm_post_n=10,__perm_pre_n=200,__perm_rng_seed=0,__perm_stat=vote_score,divergence=0.3,error_rate=0.5,teacher_entropy=0.2",3,0,200,0.0,0,10000,10.0,25.0,200,500,1,136,1.0,0.812297077922078,0.5252977351761144,0.16666666666666666,0.2987859547138214,0.016436927020549774,0,0,60,59,-1,perm_test,0.004975124378109453,0.513750486665971,59,59,0,0.0,0.00483718141913414,0,0.0,0.0,0.0,0.0,0,none,0,1,0,overconfident,0.95,0,mild_drift,0.9679395665553082,0.0011712701610109258,0.8514868952777057,0.8781917843056257,1768152352.778971,0.43984535336494446,0.11637462675571442
309,19776,19775,sea_nodrift,sea,ts_drift_adapt,5,"error_divergence_ph_meta@error.threshold=0.10,error.min_instances=5",error_divergence_ph_meta,"{""divergence"": {""alpha"": 0.1, ""delta"": 0.005, ""min_instances"": 30, ""threshold"": 0.05}, ""error_rate"": {""alpha"": 0.15, ""delta"": 0.005, ""min_instances"": 5, ""threshold"": 0.1}}","{""error_rate"": {""min_instances"": 5, ""threshold"": 0.1}}",0.1,0.005,0.15,5,0.05,0.005,0.1,30,,,,-1,two_stage,2,0.5,"__confirm_cooldown=200,__confirm_rule=perm_test,__perm_alpha=0.05,__perm_min_effect=0,__perm_n_perm=200,__perm_post_n=10,__perm_pre_n=200,__perm_rng_seed=0,__perm_stat=vote_score,divergence=0.3,error_rate=0.5,teacher_entropy=0.2",3,0,200,0.0,0,10000,10.0,25.0,200,500,1,72,1.0,0.8123988673139159,0.5257649841773772,0.16666666666666666,0.32784631848335266,0.015111437998712063,0,0,60,59,-1,perm_test,0.004975124378109453,0.513750486665971,59,59,0,0.0,0.0013254890218377113,0,0.0,0.0,0.0,0.0,0,none,0,1,0,overconfident,0.95,0,mild_drift,0.964119783277654,0.001235635080505463,0.8257434476388529,0.8665958921528129,1768152352.788544,0.5616021752357483,0.12439145147800446
310,19840,19839,sea_nodrift,sea,ts_drift_adapt,5,"error_divergence_ph_meta@error.threshold=0.10,error.min_instances=5",error_divergence_ph_meta,"{""divergence"": {""alpha"": 0.1, ""delta"": 0.005, ""min_instances"": 30, ""threshold"": 0.05}, ""error_rate"": {""alpha"": 0.15, ""delta"": 0.005, ""min_instances"": 5, ""threshold"": 0.1}}","{""error_rate"": {""min_instances"": 5, ""threshold"": 0.1}}",0.1,0.005,0.15,5,0.05,0.005,0.1,30,,,,-1,two_stage,2,0.5,"__confirm_cooldown=200,__confirm_rule=perm_test,__perm_alpha=0.05,__perm_min_effect=0,__perm_n_perm=200,__perm_post_n=10,__perm_pre_n=200,__perm_rng_seed=0,__perm_stat=vote_score,divergence=0.3,error_rate=0.5,teacher_entropy=0.2",3,0,200,0.0,0,10000,10.0,25.0,200,500,1,8,1.0,0.8125,0.5257290731185801,0.16666666666666666,0.2906690239906311,0.007833641953766346,0,0,60,59,-1,perm_test,0.004975124378109453,0.513750486665971,59,59,0,0.0,0.007277796044945717,0,0.0,0.0,0.0,0.0,0,none,0,1,0,overconfident,0.95,0,mild_drift,0.962209891638827,0.0012678175402527315,0.8128717238194265,0.8607979460764064,1768152352.798063,0.27919578552246094,0.07927099615335464
311,19904,19903,sea_nodrift,sea,ts_drift_adapt,5,"error_divergence_ph_meta@error.threshold=0.10,error.min_instances=5",error_divergence_ph_meta,"{""divergence"": {""alpha"": 0.1, ""delta"": 0.005, ""min_instances"": 30, ""threshold"": 0.05}, ""error_rate"": {""alpha"": 0.15, ""delta"": 0.005, ""min_instances"": 5, ""threshold"": 0.1}}","{""error_rate"": {""min_instances"": 5, ""threshold"": 0.1}}",0.1,0.005,0.15,5,0.05,0.005,0.1,30,,,,-1,two_stage,2,0.5,"__confirm_cooldown=200,__confirm_rule=perm_test,__perm_alpha=0.05,__perm_min_effect=0,__perm_n_perm=200,__perm_post_n=10,__perm_pre_n=200,__perm_rng_seed=0,__perm_stat=vote_score,divergence=0.3,error_rate=0.5,teacher_entropy=0.2",3,0,200,0.0,0,10000,10.0,25.0,200,500,0,0,1.0,0.8125,0.5256820648814293,0.3333333333333333,0.3485972583293915,0.010533060878515244,0,0,60,59,-1,perm_test,0.004975124378109453,0.513750486665971,59,59,0,0.0,0.16666666666666666,0,0.0,0.0,0.0,0.0,0,none,0,1,0,overconfident,0.95,0,mild_drift,0.9612549458194135,0.0012839087701263657,0.8064358619097133,0.8578989730382032,1768152352.8076491,0.40571901202201843,0.11246097087860107
312,19968,19967,sea_nodrift,sea,ts_drift_adapt,5,"error_divergence_ph_meta@error.threshold=0.10,error.min_instances=5",error_divergence_ph_meta,"{""divergence"": {""alpha"": 0.1, ""delta"": 0.005, ""min_instances"": 30, ""threshold"": 0.05}, ""error_rate"": {""alpha"": 0.15, ""delta"": 0.005, ""min_instances"": 5, ""threshold"": 0.1}}","{""error_rate"": {""min_instances"": 5, ""threshold"": 0.1}}",0.1,0.005,0.15,5,0.05,0.005,0.1,30,,,,-1,two_stage,2,0.5,"__confirm_cooldown=200,__confirm_rule=perm_test,__perm_alpha=0.05,__perm_min_effect=0,__perm_n_perm=200,__perm_post_n=10,__perm_pre_n=200,__perm_rng_seed=0,__perm_stat=vote_score,divergence=0.3,error_rate=0.5,teacher_entropy=0.2",3,0,200,0.0,0,10000,10.0,25.0,200,500,0,0,1.0,0.8125500801282052,0.5257978278534787,0.16666666666666666,0.26962026953697205,0.007027210667729378,1,1,61,60,0,perm_test,0.004975124378109453,0.49545166528677426,60,60,0,0.0,0.16666666666666666,1,0.5,0.0,0.0,0.0,0,none,1,1,0,overconfident,0.95,0,stable,0.9756274729097067,0.0010419543850631828,0.9032179309548567,0.9014494865191016,1768152352.82315,0.1995733380317688,0.0761214941740036
313,20032,20031,sea_nodrift,sea,ts_drift_adapt,5,"error_divergence_ph_meta@error.threshold=0.10,error.min_instances=5",error_divergence_ph_meta,"{""divergence"": {""alpha"": 0.1, ""delta"": 0.005, ""min_instances"": 30, ""threshold"": 0.05}, ""error_rate"": {""alpha"": 0.15, ""delta"": 0.005, ""min_instances"": 5, ""threshold"": 0.1}}","{""error_rate"": {""min_instances"": 5, ""threshold"": 0.1}}",0.1,0.005,0.15,5,0.05,0.005,0.1,30,,,,-1,two_stage,2,0.5,"__confirm_cooldown=200,__confirm_rule=perm_test,__perm_alpha=0.05,__perm_min_effect=0,__perm_n_perm=200,__perm_post_n=10,__perm_pre_n=200,__perm_rng_seed=0,__perm_stat=vote_score,divergence=0.3,error_rate=0.5,teacher_entropy=0.2",3,0,200,0.0,0,10000,10.0,25.0,200,500,1,136,1.0,0.8127496006389776,0.5263256540630511,0.16666666666666666,0.2664248049259186,0.005400261376053095,0,0,61,60,-1,perm_test,0.004975124378109453,0.49545166528677426,60,60,0,0.0,0.0016269492916762829,0,0.0,0.0,0.0,0.0,0,none,0,1,0,overconfident,0.95,0,mild_drift,0.9679637364548533,0.0011709771925315915,0.8516089654774284,0.8782247432595508,1768152352.8327036,0.2822803556919098,0.06907521933317184
314,20096,20095,sea_nodrift,sea,ts_drift_adapt,5,"error_divergence_ph_meta@error.threshold=0.10,error.min_instances=5",error_divergence_ph_meta,"{""divergence"": {""alpha"": 0.1, ""delta"": 0.005, ""min_instances"": 30, ""threshold"": 0.05}, ""error_rate"": {""alpha"": 0.15, ""delta"": 0.005, ""min_instances"": 5, ""threshold"": 0.1}}","{""error_rate"": {""min_instances"": 5, ""threshold"": 0.1}}",0.1,0.005,0.15,5,0.05,0.005,0.1,30,,,,-1,two_stage,2,0.5,"__confirm_cooldown=200,__confirm_rule=perm_test,__perm_alpha=0.05,__perm_min_effect=0,__perm_n_perm=200,__perm_post_n=10,__perm_pre_n=200,__perm_rng_seed=0,__perm_stat=vote_score,divergence=0.3,error_rate=0.5,teacher_entropy=0.2",3,0,200,0.0,0,10000,10.0,25.0,200,500,1,72,1.0,0.8126990445859873,0.5265253275154653,0.16666666666666666,0.2671116590499878,0.007049492094665766,0,0,61,60,-1,perm_test,0.004975124378109453,0.49545166528677426,60,60,0,0.0,0.001649230718612671,0,0.0,0.0,0.0,0.0,0,none,0,1,0,overconfident,0.95,0,mild_drift,0.9641318682274267,0.0012354885962657957,0.8258044827387142,0.8666123716297753,1768152352.8424857,0.28657233715057373,0.08778352290391922
315,20160,20159,sea_nodrift,sea,ts_drift_adapt,5,"error_divergence_ph_meta@error.threshold=0.10,error.min_instances=5",error_divergence_ph_meta,"{""divergence"": {""alpha"": 0.1, ""delta"": 0.005, ""min_instances"": 30, ""threshold"": 0.05}, ""error_rate"": {""alpha"": 0.15, ""delta"": 0.005, ""min_instances"": 5, ""threshold"": 0.1}}","{""error_rate"": {""min_instances"": 5, ""threshold"": 0.1}}",0.1,0.005,0.15,5,0.05,0.005,0.1,30,,,,-1,two_stage,2,0.5,"__confirm_cooldown=200,__confirm_rule=perm_test,__perm_alpha=0.05,__perm_min_effect=0,__perm_n_perm=200,__perm_post_n=10,__perm_pre_n=200,__perm_rng_seed=0,__perm_stat=vote_score,divergence=0.3,error_rate=0.5,teacher_entropy=0.2",3,0,200,0.0,0,10000,10.0,25.0,200,500,1,8,1.0,0.8128968253968254,0.527117540091257,0.16666666666666666,0.35184305906295776,0.009583062492311,0,0,61,60,-1,perm_test,0.004975124378109453,0.49545166528677426,60,60,0,0.0,0.002533570397645235,0,0.0,0.0,0.0,0.0,0,none,0,1,0,overconfident,0.95,0,mild_drift,0.9622159341137133,0.001267744298132898,0.8129022413693572,0.8608061858148877,1768152352.8520982,0.6061977744102478,0.09421661496162415
316,20224,20223,sea_nodrift,sea,ts_drift_adapt,5,"error_divergence_ph_meta@error.threshold=0.10,error.min_instances=5",error_divergence_ph_meta,"{""divergence"": {""alpha"": 0.1, ""delta"": 0.005, ""min_instances"": 30, ""threshold"": 0.05}, ""error_rate"": {""alpha"": 0.15, ""delta"": 0.005, ""min_instances"": 5, ""threshold"": 0.1}}","{""error_rate"": {""min_instances"": 5, ""threshold"": 0.1}}",0.1,0.005,0.15,5,0.05,0.005,0.1,30,,,,-1,two_stage,2,0.5,"__confirm_cooldown=200,__confirm_rule=perm_test,__perm_alpha=0.05,__perm_min_effect=0,__perm_n_perm=200,__perm_post_n=10,__perm_pre_n=200,__perm_rng_seed=0,__perm_stat=vote_score,divergence=0.3,error_rate=0.5,teacher_entropy=0.2",3,0,200,0.0,0,10000,10.0,25.0,200,500,0,0,1.0,0.8132416930379747,0.5279483846063487,0.0,0.23373061418533325,0.004392771050333977,0,0,61,60,-1,perm_test,0.004975124378109453,0.49545166528677426,60,60,0,0.0,0.16666666666666666,0,0.0,0.0,0.0,0.0,0,none,0,1,0,overconfident,0.95,0,mild_drift,0.9612579670568566,0.001283872149066449,0.8064511206846786,0.8579030929074438,1768152352.861686,0.0685480609536171,0.07599348574876785
317,20288,20287,sea_nodrift,sea,ts_drift_adapt,5,"error_divergence_ph_meta@error.threshold=0.10,error.min_instances=5",error_divergence_ph_meta,"{""divergence"": {""alpha"": 0.1, ""delta"": 0.005, ""min_instances"": 30, ""threshold"": 0.05}, ""error_rate"": {""alpha"": 0.15, ""delta"": 0.005, ""min_instances"": 5, ""threshold"": 0.1}}","{""error_rate"": {""min_instances"": 5, ""threshold"": 0.1}}",0.1,0.005,0.15,5,0.05,0.005,0.1,30,,,,-1,two_stage,2,0.5,"__confirm_cooldown=200,__confirm_rule=perm_test,__perm_alpha=0.05,__perm_min_effect=0,__perm_n_perm=200,__perm_post_n=10,__perm_pre_n=200,__perm_rng_seed=0,__perm_stat=vote_score,divergence=0.3,error_rate=0.5,teacher_entropy=0.2",3,0,200,0.0,0,10000,10.0,25.0,200,500,0,0,1.0,0.8133872239747634,0.5282757621460485,0.16666666666666666,0.29598066210746765,0.00827255193144083,1,1,62,61,0,perm_test,0.004975124378109453,0.4965681057840622,61,61,0,0.0,0.16666666666666666,1,0.5,0.0,0.0,0.0,0,none,1,1,0,overconfident,0.95,0,stable,0.9756289835284283,0.0010419360745332245,0.9032255603423394,0.9014515464537219,1768152352.8770902,0.3654297888278961,0.10610368847846985
318,20352,20351,sea_nodrift,sea,ts_drift_adapt,5,"error_divergence_ph_meta@error.threshold=0.10,error.min_instances=5",error_divergence_ph_meta,"{""divergence"": {""alpha"": 0.1, ""delta"": 0.005, ""min_instances"": 30, ""threshold"": 0.05}, ""error_rate"": {""alpha"": 0.15, ""delta"": 0.005, ""min_instances"": 5, ""threshold"": 0.1}}","{""error_rate"": {""min_instances"": 5, ""threshold"": 0.1}}",0.1,0.005,0.15,5,0.05,0.005,0.1,30,,,,-1,two_stage,2,0.5,"__confirm_cooldown=200,__confirm_rule=perm_test,__perm_alpha=0.05,__perm_min_effect=0,__perm_n_perm=200,__perm_post_n=10,__perm_pre_n=200,__perm_rng_seed=0,__perm_stat=vote_score,divergence=0.3,error_rate=0.5,teacher_entropy=0.2",3,0,200,0.0,0,10000,10.0,25.0,200,500,1,136,1.0,0.8136301100628931,0.5290155098619751,0.0,0.25634652376174927,0.006306696683168411,0,0,62,61,-1,perm_test,0.004975124378109453,0.4965681057840622,61,61,0,0.0,0.16666666666666666,0,0.0,0.0,0.0,0.0,0,none,0,1,0,overconfident,0.95,0,mild_drift,0.9679644917642141,0.0011709680372666122,0.8516127801711697,0.878225773226861,1768152352.8866475,0.23396997153759003,0.08365635573863983
319,20416,20415,sea_nodrift,sea,ts_drift_adapt,5,"error_divergence_ph_meta@error.threshold=0.10,error.min_instances=5",error_divergence_ph_meta,"{""divergence"": {""alpha"": 0.1, ""delta"": 0.005, ""min_instances"": 30, ""threshold"": 0.05}, ""error_rate"": {""alpha"": 0.15, ""delta"": 0.005, ""min_instances"": 5, ""threshold"": 0.1}}","{""error_rate"": {""min_instances"": 5, ""threshold"": 0.1}}",0.1,0.005,0.15,5,0.05,0.005,0.1,30,,,,-1,two_stage,2,0.5,"__confirm_cooldown=200,__confirm_rule=perm_test,__perm_alpha=0.05,__perm_min_effect=0,__perm_n_perm=200,__perm_post_n=10,__perm_pre_n=200,__perm_rng_seed=0,__perm_stat=vote_score,divergence=0.3,error_rate=0.5,teacher_entropy=0.2",3,0,200,0.0,0,10000,10.0,25.0,200,500,1,72,1.0,0.8137245297805643,0.5295924584778752,0.16666666666666666,0.3263343870639801,0.008588768541812897,0,0,62,61,-1,perm_test,0.004975124378109453,0.4965681057840622,61,61,0,0.0,0.16666666666666666,0,0.0,0.0,0.0,0.0,0,none,0,1,0,overconfident,0.95,0,mild_drift,0.964132245882107,0.001235484018633306,0.8258063900855849,0.8666128866134305,1768152352.8960865,0.20780135691165924,0.08650919795036316
320,20480,20479,sea_nodrift,sea,ts_drift_adapt,5,"error_divergence_ph_meta@error.threshold=0.10,error.min_instances=5",error_divergence_ph_meta,"{""divergence"": {""alpha"": 0.1, ""delta"": 0.005, ""min_instances"": 30, ""threshold"": 0.05}, ""error_rate"": {""alpha"": 0.15, ""delta"": 0.005, ""min_instances"": 5, ""threshold"": 0.1}}","{""error_rate"": {""min_instances"": 5, ""threshold"": 0.1}}",0.1,0.005,0.15,5,0.05,0.005,0.1,30,,,,-1,two_stage,2,0.5,"__confirm_cooldown=200,__confirm_rule=perm_test,__perm_alpha=0.05,__perm_min_effect=0,__perm_n_perm=200,__perm_post_n=10,__perm_pre_n=200,__perm_rng_seed=0,__perm_stat=vote_score,divergence=0.3,error_rate=0.5,teacher_entropy=0.2",3,0,200,0.0,0,10000,10.0,25.0,200,500,1,8,1.0,0.814111328125,0.5304111167335465,0.16666666666666666,0.2514382600784302,0.006726177409291267,0,0,62,61,-1,perm_test,0.004975124378109453,0.4965681057840622,61,61,0,0.0,0.0018625911325216293,0,0.0,0.0,0.0,0.0,0,none,0,1,0,overconfident,0.95,0,mild_drift,0.9622161229410535,0.001267742009316653,0.8129031950427925,0.8608064433067153,1768152352.905716,0.39511051774024963,0.09739439189434052
321,20544,20543,sea_nodrift,sea,ts_drift_adapt,5,"error_divergence_ph_meta@error.threshold=0.10,error.min_instances=5",error_divergence_ph_meta,"{""divergence"": {""alpha"": 0.1, ""delta"": 0.005, ""min_instances"": 30, ""threshold"": 0.05}, ""error_rate"": {""alpha"": 0.15, ""delta"": 0.005, ""min_instances"": 5, ""threshold"": 0.1}}","{""error_rate"": {""min_instances"": 5, ""threshold"": 0.1}}",0.1,0.005,0.15,5,0.05,0.005,0.1,30,,,,-1,two_stage,2,0.5,"__confirm_cooldown=200,__confirm_rule=perm_test,__perm_alpha=0.05,__perm_min_effect=0,__perm_n_perm=200,__perm_post_n=10,__perm_pre_n=200,__perm_rng_seed=0,__perm_stat=vote_score,divergence=0.3,error_rate=0.5,teacher_entropy=0.2",3,0,200,0.0,0,10000,10.0,25.0,200,500,0,0,1.0,0.8142523364485982,0.5312151442641178,0.0,0.3023170828819275,0.01601022109389305,0,0,62,61,-1,perm_test,0.004975124378109453,0.4965681057840622,61,61,0,0.0,0.16666666666666666,0,0.0,0.0,0.0,0.0,0,none,0,1,0,overconfident,0.95,0,mild_drift,0.9612580614705267,0.0012838710046583265,0.8064515975213963,0.8579032216533576,1768152352.9153743,0.10014628618955612,0.15110230445861816
322,20608,20607,sea_nodrift,sea,ts_drift_adapt,5,"error_divergence_ph_meta@error.threshold=0.10,error.min_instances=5",error_divergence_ph_meta,"{""divergence"": {""alpha"": 0.1, ""delta"": 0.005, ""min_instances"": 30, ""threshold"": 0.05}, ""error_rate"": {""alpha"": 0.15, ""delta"": 0.005, ""min_instances"": 5, ""threshold"": 0.1}}","{""error_rate"": {""min_instances"": 5, ""threshold"": 0.1}}",0.1,0.005,0.15,5,0.05,0.005,0.1,30,,,,-1,two_stage,2,0.5,"__confirm_cooldown=200,__confirm_rule=perm_test,__perm_alpha=0.05,__perm_min_effect=0,__perm_n_perm=200,__perm_post_n=10,__perm_pre_n=200,__perm_rng_seed=0,__perm_stat=vote_score,divergence=0.3,error_rate=0.5,teacher_entropy=0.2",3,0,200,0.0,0,10000,10.0,25.0,200,500,0,0,1.0,0.8145865683229814,0.532191887856423,0.16666666666666666,0.27190253138542175,0.017616720870137215,1,1,63,62,0,perm_test,0.004975124378109453,0.4724207341373873,62,62,0,0.0,0.16666666666666666,1,0.5,0.0,0.0,0.0,0,none,1,1,0,overconfident,0.95,0,stable,0.9756290307352633,0.0010419355023291632,0.9032257987606982,0.9014516108266788,1768152352.9309475,0.2909887731075287,0.1837349832057953
323,20672,20671,sea_nodrift,sea,ts_drift_adapt,5,"error_divergence_ph_meta@error.threshold=0.10,error.min_instances=5",error_divergence_ph_meta,"{""divergence"": {""alpha"": 0.1, ""delta"": 0.005, ""min_instances"": 30, ""threshold"": 0.05}, ""error_rate"": {""alpha"": 0.15, ""delta"": 0.005, ""min_instances"": 5, ""threshold"": 0.1}}","{""error_rate"": {""min_instances"": 5, ""threshold"": 0.1}}",0.1,0.005,0.15,5,0.05,0.005,0.1,30,,,,-1,two_stage,2,0.5,"__confirm_cooldown=200,__confirm_rule=perm_test,__perm_alpha=0.05,__perm_min_effect=0,__perm_n_perm=200,__perm_post_n=10,__perm_pre_n=200,__perm_rng_seed=0,__perm_stat=vote_score,divergence=0.3,error_rate=0.5,teacher_entropy=0.2",3,0,200,0.0,0,10000,10.0,25.0,200,500,1,136,1.0,0.8148219814241486,0.5327570748120295,0.16666666666666666,0.3215205669403076,0.02080063708126545,0,0,63,62,-1,perm_test,0.004975124378109453,0.4724207341373873,62,62,0,0.0,0.003183916211128235,0,0.0,0.0,0.0,0.0,0,none,0,1,0,overconfident,0.95,0,mild_drift,0.9679645153676316,0.0011709677511645817,0.8516128993803491,0.8782258054133394,1768152352.940581,0.27968212962150574,0.24975869059562683
324,20736,20735,sea_nodrift,sea,ts_drift_adapt,5,"error_divergence_ph_meta@error.threshold=0.10,error.min_instances=5",error_divergence_ph_meta,"{""divergence"": {""alpha"": 0.1, ""delta"": 0.005, ""min_instances"": 30, ""threshold"": 0.05}, ""error_rate"": {""alpha"": 0.15, ""delta"": 0.005, ""min_instances"": 5, ""threshold"": 0.1}}","{""error_rate"": {""min_instances"": 5, ""threshold"": 0.1}}",0.1,0.005,0.15,5,0.05,0.005,0.1,30,,,,-1,two_stage,2,0.5,"__confirm_cooldown=200,__confirm_rule=perm_test,__perm_alpha=0.05,__perm_min_effect=0,__perm_n_perm=200,__perm_post_n=10,__perm_pre_n=200,__perm_rng_seed=0,__perm_stat=vote_score,divergence=0.3,error_rate=0.5,teacher_entropy=0.2",3,0,200,0.0,0,10000,10.0,25.0,200,500,1,72,1.0,0.8150077160493827,0.5331773769829572,0.0,0.29057472944259644,0.012885304167866707,0,0,63,62,-1,perm_test,0.004975124378109453,0.4724207341373873,62,62,0,0.0,0.16666666666666666,0,0.0,0.0,0.0,0.0,0,none,0,1,0,overconfident,0.95,0,mild_drift,0.9641322576838158,0.001235483875582291,0.8258064496901746,0.8666129027066697,1768152352.9499998,0.13921473920345306,0.12850841879844666
325,20800,20799,sea_nodrift,sea,ts_drift_adapt,5,"error_divergence_ph_meta@error.threshold=0.10,error.min_instances=5",error_divergence_ph_meta,"{""divergence"": {""alpha"": 0.1, ""delta"": 0.005, ""min_instances"": 30, ""threshold"": 0.05}, ""error_rate"": {""alpha"": 0.15, ""delta"": 0.005, ""min_instances"": 5, ""threshold"": 0.1}}","{""error_rate"": {""min_instances"": 5, ""threshold"": 0.1}}",0.1,0.005,0.15,5,0.05,0.005,0.1,30,,,,-1,two_stage,2,0.5,"__confirm_cooldown=200,__confirm_rule=perm_test,__perm_alpha=0.05,__perm_min_effect=0,__perm_n_perm=200,__perm_post_n=10,__perm_pre_n=200,__perm_rng_seed=0,__perm_stat=vote_score,divergence=0.3,error_rate=0.5,teacher_entropy=0.2",3,0,200,0.0,0,10000,10.0,25.0,200,500,1,8,1.0,0.8150480769230769,0.533371297669546,0.16666666666666666,0.30144181847572327,0.007103284355252981,0,0,63,62,-1,perm_test,0.004975124378109453,0.4724207341373873,62,62,0,0.0,0.16666666666666666,0,0.0,0.0,0.0,0.0,0,none,0,1,0,overconfident,0.95,0,mild_drift,0.9622161288419079,0.0012677419377911457,0.8129032248450874,0.8608064513533349,1768152352.959563,0.3431166112422943,0.10302107781171799
326,20864,20863,sea_nodrift,sea,ts_drift_adapt,5,"error_divergence_ph_meta@error.threshold=0.10,error.min_instances=5",error_divergence_ph_meta,"{""divergence"": {""alpha"": 0.1, ""delta"": 0.005, ""min_instances"": 30, ""threshold"": 0.05}, ""error_rate"": {""alpha"": 0.15, ""delta"": 0.005, ""min_instances"": 5, ""threshold"": 0.1}}","{""error_rate"": {""min_instances"": 5, ""threshold"": 0.1}}",0.1,0.005,0.15,5,0.05,0.005,0.1,30,,,,-1,two_stage,2,0.5,"__confirm_cooldown=200,__confirm_rule=perm_test,__perm_alpha=0.05,__perm_min_effect=0,__perm_n_perm=200,__perm_post_n=10,__perm_pre_n=200,__perm_rng_seed=0,__perm_stat=vote_score,divergence=0.3,error_rate=0.5,teacher_entropy=0.2",3,0,200,0.0,0,10000,10.0,25.0,200,500,0,0,1.0,0.8150402607361963,0.5335556376868053,0.5,0.324062705039978,0.009022887796163559,0,0,63,62,-1,perm_test,0.004975124378109453,0.4724207341373873,62,62,0,0.0,0.33333333333333337,0,0.0,0.0,0.0,0.0,0,none,0,1,0,overconfident,0.95,0,mild_drift,0.9612580644209539,0.001283870968895573,0.8064516124225437,0.8579032256766674,1768152352.9691167,0.823793888092041,0.09567536413669586
327,20928,20927,sea_nodrift,sea,ts_drift_adapt,5,"error_divergence_ph_meta@error.threshold=0.10,error.min_instances=5",error_divergence_ph_meta,"{""divergence"": {""alpha"": 0.1, ""delta"": 0.005, ""min_instances"": 30, ""threshold"": 0.05}, ""error_rate"": {""alpha"": 0.15, ""delta"": 0.005, ""min_instances"": 5, ""threshold"": 0.1}}","{""error_rate"": {""min_instances"": 5, ""threshold"": 0.1}}",0.1,0.005,0.15,5,0.05,0.005,0.1,30,,,,-1,two_stage,2,0.5,"__confirm_cooldown=200,__confirm_rule=perm_test,__perm_alpha=0.05,__perm_min_effect=0,__perm_n_perm=200,__perm_post_n=10,__perm_pre_n=200,__perm_rng_seed=0,__perm_stat=vote_score,divergence=0.3,error_rate=0.5,teacher_entropy=0.2",3,0,200,0.0,0,10000,10.0,25.0,200,500,0,0,1.0,0.8150802752293578,0.5342870098123891,0.0,0.3737103343009949,0.013345488347113132,1,1,64,63,0,perm_test,0.004975124378109453,0.5020414329380573,63,63,0,0.16666666666666666,0.5,1,0.5,0.0,0.0,0.0,0,none,1,1,0,overconfident,0.95,0,severe_drift,0.9261290322104769,0.0016419354844477865,0.6532258062112719,0.8339516128383337,1768152352.9846117,0.05313730239868164,0.1321229785680771
328,20992,20991,sea_nodrift,sea,ts_drift_adapt,5,"error_divergence_ph_meta@error.threshold=0.10,error.min_instances=5",error_divergence_ph_meta,"{""divergence"": {""alpha"": 0.1, ""delta"": 0.005, ""min_instances"": 30, ""threshold"": 0.05}, ""error_rate"": {""alpha"": 0.15, ""delta"": 0.005, ""min_instances"": 5, ""threshold"": 0.1}}","{""error_rate"": {""min_instances"": 5, ""threshold"": 0.1}}",0.1,0.005,0.15,5,0.05,0.005,0.1,30,,,,-1,two_stage,2,0.5,"__confirm_cooldown=200,__confirm_rule=perm_test,__perm_alpha=0.05,__perm_min_effect=0,__perm_n_perm=200,__perm_post_n=10,__perm_pre_n=200,__perm_rng_seed=0,__perm_stat=vote_score,divergence=0.3,error_rate=0.5,teacher_entropy=0.2",3,0,200,0.0,0,10000,10.0,25.0,200,500,1,136,1.0,0.8153105945121951,0.534863354638889,0.16666666666666666,0.27641913294792175,0.003445396199822426,0,0,64,63,-1,perm_test,0.004975124378109453,0.5020414329380573,63,63,0,0.0,0.16666666666666666,0,0.0,0.0,0.0,0.0,0,none,0,1,0,overconfident,0.95,0,mild_drift,0.9432145161052384,0.0014709677422238933,0.726612903105636,0.8444758064191669,1768152352.9941373,0.36467763781547546,0.07082879543304443
329,21056,21055,sea_nodrift,sea,ts_drift_adapt,5,"error_divergence_ph_meta@error.threshold=0.10,error.min_instances=5",error_divergence_ph_meta,"{""divergence"": {""alpha"": 0.1, ""delta"": 0.005, ""min_instances"": 30, ""threshold"": 0.05}, ""error_rate"": {""alpha"": 0.15, ""delta"": 0.005, ""min_instances"": 5, ""threshold"": 0.1}}","{""error_rate"": {""min_instances"": 5, ""threshold"": 0.1}}",0.1,0.005,0.15,5,0.05,0.005,0.1,30,,,,-1,two_stage,2,0.5,"__confirm_cooldown=200,__confirm_rule=perm_test,__perm_alpha=0.05,__perm_min_effect=0,__perm_n_perm=200,__perm_post_n=10,__perm_pre_n=200,__perm_rng_seed=0,__perm_stat=vote_score,divergence=0.3,error_rate=0.5,teacher_entropy=0.2",3,0,200,0.0,0,10000,10.0,25.0,200,500,1,72,1.0,0.8152070668693009,0.5345012568010435,0.0,0.2941628396511078,0.005272472742944956,0,0,64,63,-1,perm_test,0.004975124378109453,0.5020414329380573,63,63,0,0.0,0.16666666666666666,0,0.0,0.0,0.0,0.0,0,none,0,1,0,overconfident,0.95,0,mild_drift,0.9517572580526192,0.0013854838711119468,0.7633064515528181,0.8497379032095834,1768152353.0034826,0.09782180190086365,0.09284809231758118
330,21120,21119,sea_nodrift,sea,ts_drift_adapt,5,"error_divergence_ph_meta@error.threshold=0.10,error.min_instances=5",error_divergence_ph_meta,"{""divergence"": {""alpha"": 0.1, ""delta"": 0.005, ""min_instances"": 30, ""threshold"": 0.05}, ""error_rate"": {""alpha"": 0.15, ""delta"": 0.005, ""min_instances"": 5, ""threshold"": 0.1}}","{""error_rate"": {""min_instances"": 5, ""threshold"": 0.1}}",0.1,0.005,0.15,5,0.05,0.005,0.1,30,,,,-1,two_stage,2,0.5,"__confirm_cooldown=200,__confirm_rule=perm_test,__perm_alpha=0.05,__perm_min_effect=0,__perm_n_perm=200,__perm_post_n=10,__perm_pre_n=200,__perm_rng_seed=0,__perm_stat=vote_score,divergence=0.3,error_rate=0.5,teacher_entropy=0.2",3,0,200,0.0,0,10000,10.0,25.0,200,500,1,8,1.0,0.815530303030303,0.5353641635950516,0.16666666666666666,0.25817766785621643,0.005323667544871569,0,0,64,63,-1,perm_test,0.004975124378109453,0.5020414329380573,63,63,0,0.0,0.16666666666666666,0,0.0,0.0,0.0,0.0,0,none,0,1,0,overconfident,0.95,0,mild_drift,0.9560286290263096,0.0013427419355559736,0.781653225776409,0.8523689516047916,1768152353.0129943,0.22080127894878387,0.06999752670526505
331,21184,21183,sea_nodrift,sea,ts_drift_adapt,5,"error_divergence_ph_meta@error.threshold=0.10,error.min_instances=5",error_divergence_ph_meta,"{""divergence"": {""alpha"": 0.1, ""delta"": 0.005, ""min_instances"": 30, ""threshold"": 0.05}, ""error_rate"": {""alpha"": 0.15, ""delta"": 0.005, ""min_instances"": 5, ""threshold"": 0.1}}","{""error_rate"": {""min_instances"": 5, ""threshold"": 0.1}}",0.1,0.005,0.15,5,0.05,0.005,0.1,30,,,,-1,two_stage,2,0.5,"__confirm_cooldown=200,__confirm_rule=perm_test,__perm_alpha=0.05,__perm_min_effect=0,__perm_n_perm=200,__perm_post_n=10,__perm_pre_n=200,__perm_rng_seed=0,__perm_stat=vote_score,divergence=0.3,error_rate=0.5,teacher_entropy=0.2",3,0,200,0.0,0,10000,10.0,25.0,200,500,0,0,1.0,0.8157571752265861,0.5359322099576872,0.16666666666666666,0.2746095061302185,0.007998134940862656,0,0,64,63,-1,perm_test,0.004975124378109453,0.5020414329380573,63,63,0,0.0,0.002674467395991087,0,0.0,0.0,0.0,0.0,0,none,0,1,0,overconfident,0.95,0,mild_drift,0.9581643145131548,0.0013213709677779868,0.7908266128882045,0.8536844758023958,1768152353.0225523,0.21962817013263702,0.09016674757003784
332,21248,21247,sea_nodrift,sea,ts_drift_adapt,5,"error_divergence_ph_meta@error.threshold=0.10,error.min_instances=5",error_divergence_ph_meta,"{""divergence"": {""alpha"": 0.1, ""delta"": 0.005, ""min_instances"": 30, ""threshold"": 0.05}, ""error_rate"": {""alpha"": 0.15, ""delta"": 0.005, ""min_instances"": 5, ""threshold"": 0.1}}","{""error_rate"": {""min_instances"": 5, ""threshold"": 0.1}}",0.1,0.005,0.15,5,0.05,0.005,0.1,30,,,,-1,two_stage,2,0.5,"__confirm_cooldown=200,__confirm_rule=perm_test,__perm_alpha=0.05,__perm_min_effect=0,__perm_n_perm=200,__perm_post_n=10,__perm_pre_n=200,__perm_rng_seed=0,__perm_stat=vote_score,divergence=0.3,error_rate=0.5,teacher_entropy=0.2",3,0,200,0.0,0,10000,10.0,25.0,200,500,0,0,1.0,0.8160297439759037,0.5365961286378088,0.0,0.270563542842865,0.007531301584094763,1,1,65,64,0,perm_test,0.004975124378109453,0.5036883599826538,64,64,0,0.0,0.16666666666666666,1,0.5,0.0,0.0,0.0,0,none,1,1,0,overconfident,0.95,0,stable,0.9740821572565774,0.0010606854838889933,0.8954133064441023,0.8993422379011979,1768152353.0385375,0.04565320909023285,0.08230645954608917
333,21312,21311,sea_nodrift,sea,ts_drift_adapt,5,"error_divergence_ph_meta@error.threshold=0.10,error.min_instances=5",error_divergence_ph_meta,"{""divergence"": {""alpha"": 0.1, ""delta"": 0.005, ""min_instances"": 30, ""threshold"": 0.05}, ""error_rate"": {""alpha"": 0.15, ""delta"": 0.005, ""min_instances"": 5, ""threshold"": 0.1}}","{""error_rate"": {""min_instances"": 5, ""threshold"": 0.1}}",0.1,0.005,0.15,5,0.05,0.005,0.1,30,,,,-1,two_stage,2,0.5,"__confirm_cooldown=200,__confirm_rule=perm_test,__perm_alpha=0.05,__perm_min_effect=0,__perm_n_perm=200,__perm_post_n=10,__perm_pre_n=200,__perm_rng_seed=0,__perm_stat=vote_score,divergence=0.3,error_rate=0.5,teacher_entropy=0.2",3,0,200,0.0,0,10000,10.0,25.0,200,500,1,136,1.0,0.8163006756756757,0.5374227171175118,0.0,0.3145371675491333,0.012642810121178627,0,0,65,64,-1,perm_test,0.004975124378109453,0.5036883599826538,64,64,0,0.0,0.005111508537083864,0,0.0,0.0,0.0,0.0,0,none,0,1,0,overconfident,0.95,0,mild_drift,0.9671910786282887,0.0011803427419444967,0.8477066532220512,0.877171118950599,1768152353.04811,0.053019627928733826,0.10332091897726059
334,21376,21375,sea_nodrift,sea,ts_drift_adapt,5,"error_divergence_ph_meta@error.threshold=0.10,error.min_instances=5",error_divergence_ph_meta,"{""divergence"": {""alpha"": 0.1, ""delta"": 0.005, ""min_instances"": 30, ""threshold"": 0.05}, ""error_rate"": {""alpha"": 0.15, ""delta"": 0.005, ""min_instances"": 5, ""threshold"": 0.1}}","{""error_rate"": {""min_instances"": 5, ""threshold"": 0.1}}",0.1,0.005,0.15,5,0.05,0.005,0.1,30,,,,-1,two_stage,2,0.5,"__confirm_cooldown=200,__confirm_rule=perm_test,__perm_alpha=0.05,__perm_min_effect=0,__perm_n_perm=200,__perm_post_n=10,__perm_pre_n=200,__perm_rng_seed=0,__perm_stat=vote_score,divergence=0.3,error_rate=0.5,teacher_entropy=0.2",3,0,200,0.0,0,10000,10.0,25.0,200,500,1,72,1.0,0.8162425149700598,0.5377188030561929,0.0,0.32072898745536804,0.009029471315443516,0,0,65,64,-1,perm_test,0.004975124378109453,0.5036883599826538,64,64,0,0.0,0.0036133388057351112,0,0.0,0.0,0.0,0.0,0,none,0,1,0,overconfident,0.95,0,mild_drift,0.9637455393141443,0.0012401713709722486,0.8238533266110256,0.8660855594752994,1768152353.0575166,0.03636340796947479,0.08513519912958145
335,21440,21439,sea_nodrift,sea,ts_drift_adapt,5,"error_divergence_ph_meta@error.threshold=0.10,error.min_instances=5",error_divergence_ph_meta,"{""divergence"": {""alpha"": 0.1, ""delta"": 0.005, ""min_instances"": 30, ""threshold"": 0.05}, ""error_rate"": {""alpha"": 0.15, ""delta"": 0.005, ""min_instances"": 5, ""threshold"": 0.1}}","{""error_rate"": {""min_instances"": 5, ""threshold"": 0.1}}",0.1,0.005,0.15,5,0.05,0.005,0.1,30,,,,-1,two_stage,2,0.5,"__confirm_cooldown=200,__confirm_rule=perm_test,__perm_alpha=0.05,__perm_min_effect=0,__perm_n_perm=200,__perm_post_n=10,__perm_pre_n=200,__perm_rng_seed=0,__perm_stat=vote_score,divergence=0.3,error_rate=0.5,teacher_entropy=0.2",3,0,200,0.0,0,10000,10.0,25.0,200,500,1,8,1.0,0.816464552238806,0.5380949669529721,0.3333333333333333,0.27912041544914246,0.007420883513987064,0,0,65,64,-1,perm_test,0.004975124378109453,0.5036883599826538,64,64,0,0.0,0.3333333333333333,0,0.0,0.0,0.0,0.0,0,none,0,1,0,overconfident,0.95,0,mild_drift,0.9620227696570721,0.0012700856854861243,0.8119266633055129,0.8605427797376497,1768152353.066943,0.6789985299110413,0.0747390165925026
336,21504,21503,sea_nodrift,sea,ts_drift_adapt,5,"error_divergence_ph_meta@error.threshold=0.10,error.min_instances=5",error_divergence_ph_meta,"{""divergence"": {""alpha"": 0.1, ""delta"": 0.005, ""min_instances"": 30, ""threshold"": 0.05}, ""error_rate"": {""alpha"": 0.15, ""delta"": 0.005, ""min_instances"": 5, ""threshold"": 0.1}}","{""error_rate"": {""min_instances"": 5, ""threshold"": 0.1}}",0.1,0.005,0.15,5,0.05,0.005,0.1,30,,,,-1,two_stage,2,0.5,"__confirm_cooldown=200,__confirm_rule=perm_test,__perm_alpha=0.05,__perm_min_effect=0,__perm_n_perm=200,__perm_post_n=10,__perm_pre_n=200,__perm_rng_seed=0,__perm_stat=vote_score,divergence=0.3,error_rate=0.5,teacher_entropy=0.2",3,0,200,0.0,0,10000,10.0,25.0,200,500,0,0,1.0,0.8166852678571429,0.538595508949886,0.16666666666666666,0.25098809599876404,0.0055558341555297375,0,0,65,64,-1,perm_test,0.004975124378109453,0.5036883599826538,64,64,0,0.0,0.16666666666666666,0,0.0,0.0,0.0,0.0,0,none,0,1,0,overconfident,0.95,0,mild_drift,0.9611613848285361,0.001285042842743062,0.8059633316527565,0.8577713898688248,1768152353.076568,0.39964473247528076,0.0710674449801445
337,21568,21567,sea_nodrift,sea,ts_drift_adapt,5,"error_divergence_ph_meta@error.threshold=0.10,error.min_instances=5",error_divergence_ph_meta,"{""divergence"": {""alpha"": 0.1, ""delta"": 0.005, ""min_instances"": 30, ""threshold"": 0.05}, ""error_rate"": {""alpha"": 0.15, ""delta"": 0.005, ""min_instances"": 5, ""threshold"": 0.1}}","{""error_rate"": {""min_instances"": 5, ""threshold"": 0.1}}",0.1,0.005,0.15,5,0.05,0.005,0.1,30,,,,-1,two_stage,2,0.5,"__confirm_cooldown=200,__confirm_rule=perm_test,__perm_alpha=0.05,__perm_min_effect=0,__perm_n_perm=200,__perm_post_n=10,__perm_pre_n=200,__perm_rng_seed=0,__perm_stat=vote_score,divergence=0.3,error_rate=0.5,teacher_entropy=0.2",3,0,200,0.0,0,10000,10.0,25.0,200,500,0,0,1.0,0.8169046735905044,0.5389924691017576,0.5,0.2468249648809433,0.009985465556383133,1,1,66,65,0,perm_test,0.004975124378109453,0.4607712929371435,65,65,0,0.5,0.33333333333333337,1,0.5,0.0,0.0,0.0,0,none,1,1,0,overconfident,0.95,0,severe_drift,0.926080692414268,0.001642521421371531,0.6529816658263783,0.8338856949344124,1768152353.0917337,0.7029765248298645,0.09131653606891632
338,21632,21631,sea_nodrift,sea,ts_drift_adapt,5,"error_divergence_ph_meta@error.threshold=0.10,error.min_instances=5",error_divergence_ph_meta,"{""divergence"": {""alpha"": 0.1, ""delta"": 0.005, ""min_instances"": 30, ""threshold"": 0.05}, ""error_rate"": {""alpha"": 0.15, ""delta"": 0.005, ""min_instances"": 5, ""threshold"": 0.1}}","{""error_rate"": {""min_instances"": 5, ""threshold"": 0.1}}",0.1,0.005,0.15,5,0.05,0.005,0.1,30,,,,-1,two_stage,2,0.5,"__confirm_cooldown=200,__confirm_rule=perm_test,__perm_alpha=0.05,__perm_min_effect=0,__perm_n_perm=200,__perm_post_n=10,__perm_pre_n=200,__perm_rng_seed=0,__perm_stat=vote_score,divergence=0.3,error_rate=0.5,teacher_entropy=0.2",3,0,200,0.0,0,10000,10.0,25.0,200,500,1,136,1.0,0.817030325443787,0.5395810916314517,0.3333333333333333,0.24050794541835785,0.008841662667691708,0,0,66,65,-1,perm_test,0.004975124378109453,0.4607712929371435,65,65,0,0.0,0.16666666666666669,0,0.0,0.0,0.0,0.0,0,none,0,1,0,overconfident,0.95,0,mild_drift,0.943190346207134,0.0014712607106857657,0.7264908329131892,0.8444428474672062,1768152353.1012495,0.4632716476917267,0.0980229452252388
339,21696,21695,sea_nodrift,sea,ts_drift_adapt,5,"error_divergence_ph_meta@error.threshold=0.10,error.min_instances=5",error_divergence_ph_meta,"{""divergence"": {""alpha"": 0.1, ""delta"": 0.005, ""min_instances"": 30, ""threshold"": 0.05}, ""error_rate"": {""alpha"": 0.15, ""delta"": 0.005, ""min_instances"": 5, ""threshold"": 0.1}}","{""error_rate"": {""min_instances"": 5, ""threshold"": 0.1}}",0.1,0.005,0.15,5,0.05,0.005,0.1,30,,,,-1,two_stage,2,0.5,"__confirm_cooldown=200,__confirm_rule=perm_test,__perm_alpha=0.05,__perm_min_effect=0,__perm_n_perm=200,__perm_post_n=10,__perm_pre_n=200,__perm_rng_seed=0,__perm_stat=vote_score,divergence=0.3,error_rate=0.5,teacher_entropy=0.2",3,0,200,0.0,0,10000,10.0,25.0,200,500,1,72,1.0,0.8173396017699115,0.5403424921569069,0.16666666666666666,0.2732226848602295,0.009070309810340405,0,0,66,65,-1,perm_test,0.004975124378109453,0.4607712929371435,65,65,0,0.0,0.16666666666666666,0,0.0,0.0,0.0,0.0,0,none,0,1,0,overconfident,0.95,0,mild_drift,0.951745173103567,0.0013856303553428828,0.7632454164565946,0.849721423733603,1768152353.11058,0.40962639451026917,0.09959736466407776
340,21760,21759,sea_nodrift,sea,ts_drift_adapt,5,"error_divergence_ph_meta@error.threshold=0.10,error.min_instances=5",error_divergence_ph_meta,"{""divergence"": {""alpha"": 0.1, ""delta"": 0.005, ""min_instances"": 30, ""threshold"": 0.05}, ""error_rate"": {""alpha"": 0.15, ""delta"": 0.005, ""min_instances"": 5, ""threshold"": 0.1}}","{""error_rate"": {""min_instances"": 5, ""threshold"": 0.1}}",0.1,0.005,0.15,5,0.05,0.005,0.1,30,,,,-1,two_stage,2,0.5,"__confirm_cooldown=200,__confirm_rule=perm_test,__perm_alpha=0.05,__perm_min_effect=0,__perm_n_perm=200,__perm_post_n=10,__perm_pre_n=200,__perm_rng_seed=0,__perm_stat=vote_score,divergence=0.3,error_rate=0.5,teacher_entropy=0.2",3,0,200,0.0,0,10000,10.0,25.0,200,500,1,8,1.0,0.8175551470588235,0.5408806204684805,0.0,0.27787092328071594,0.006735870614647865,0,0,66,65,-1,perm_test,0.004975124378109453,0.4607712929371435,65,65,0,0.0,0.16666666666666666,0,0.0,0.0,0.0,0.0,0,none,0,1,0,overconfident,0.95,0,mild_drift,0.9560225865517835,0.0013428151776714416,0.7816227082282974,0.8523607118668015,1768152353.1199586,0.09499611705541611,0.06863251328468323
341,21824,21823,sea_nodrift,sea,ts_drift_adapt,5,"error_divergence_ph_meta@error.threshold=0.10,error.min_instances=5",error_divergence_ph_meta,"{""divergence"": {""alpha"": 0.1, ""delta"": 0.005, ""min_instances"": 30, ""threshold"": 0.05}, ""error_rate"": {""alpha"": 0.15, ""delta"": 0.005, ""min_instances"": 5, ""threshold"": 0.1}}","{""error_rate"": {""min_instances"": 5, ""threshold"": 0.1}}",0.1,0.005,0.15,5,0.05,0.005,0.1,30,,,,-1,two_stage,2,0.5,"__confirm_cooldown=200,__confirm_rule=perm_test,__perm_alpha=0.05,__perm_min_effect=0,__perm_n_perm=200,__perm_post_n=10,__perm_pre_n=200,__perm_rng_seed=0,__perm_stat=vote_score,divergence=0.3,error_rate=0.5,teacher_entropy=0.2",3,0,200,0.0,0,10000,10.0,25.0,200,500,0,0,1.0,0.8176777859237536,0.5413579844077435,0.0,0.26169997453689575,0.00597952026873827,0,0,66,65,-1,perm_test,0.004975124378109453,0.4607712929371435,65,65,0,0.0,0.0007563503459095955,0,0.0,0.0,0.0,0.0,0,none,0,1,0,overconfident,0.95,0,mild_drift,0.9581612932758917,0.0013214075888357208,0.7908113541141487,0.8536803559334007,1768152353.1296005,0.1295139640569687,0.09448697417974472
342,21888,21887,sea_nodrift,sea,ts_drift_adapt,5,"error_divergence_ph_meta@error.threshold=0.10,error.min_instances=5",error_divergence_ph_meta,"{""divergence"": {""alpha"": 0.1, ""delta"": 0.005, ""min_instances"": 30, ""threshold"": 0.05}, ""error_rate"": {""alpha"": 0.15, ""delta"": 0.005, ""min_instances"": 5, ""threshold"": 0.1}}","{""error_rate"": {""min_instances"": 5, ""threshold"": 0.1}}",0.1,0.005,0.15,5,0.05,0.005,0.1,30,,,,-1,two_stage,2,0.5,"__confirm_cooldown=200,__confirm_rule=perm_test,__perm_alpha=0.05,__perm_min_effect=0,__perm_n_perm=200,__perm_post_n=10,__perm_pre_n=200,__perm_rng_seed=0,__perm_stat=vote_score,divergence=0.3,error_rate=0.5,teacher_entropy=0.2",3,0,200,0.0,0,10000,10.0,25.0,200,500,0,0,1.0,0.8180281432748538,0.5420070176075644,0.0,0.2659072279930115,0.005355828441679478,1,1,67,66,0,perm_test,0.004975124378109453,0.5385253241079213,66,66,0,0.5,0.0006236918270587921,1,0.5,0.0,0.0,0.0,0,none,1,1,0,overconfident,0.95,0,severe_drift,0.9245806466379458,0.0016607037944178604,0.6454056770570744,0.8318401779667004,1768152353.1449108,0.11746692657470703,0.06279479712247849
343,21952,21951,sea_nodrift,sea,ts_drift_adapt,5,"error_divergence_ph_meta@error.threshold=0.10,error.min_instances=5",error_divergence_ph_meta,"{""divergence"": {""alpha"": 0.1, ""delta"": 0.005, ""min_instances"": 30, ""threshold"": 0.05}, ""error_rate"": {""alpha"": 0.15, ""delta"": 0.005, ""min_instances"": 5, ""threshold"": 0.1}}","{""error_rate"": {""min_instances"": 5, ""threshold"": 0.1}}",0.1,0.005,0.15,5,0.05,0.005,0.1,30,,,,-1,two_stage,2,0.5,"__confirm_cooldown=200,__confirm_rule=perm_test,__perm_alpha=0.05,__perm_min_effect=0,__perm_n_perm=200,__perm_post_n=10,__perm_pre_n=200,__perm_rng_seed=0,__perm_stat=vote_score,divergence=0.3,error_rate=0.5,teacher_entropy=0.2",3,0,200,0.0,0,10000,10.0,25.0,200,500,1,136,1.0,0.8182397959183674,0.542437617895274,0.16666666666666666,0.2761697471141815,0.00866001658141613,0,0,67,66,-1,perm_test,0.004975124378109453,0.5385253241079213,66,66,0,0.0,0.16666666666666666,0,0.0,0.0,0.0,0.0,0,none,0,1,0,overconfident,0.95,0,mild_drift,0.9424403233189729,0.0014803518972089304,0.7227028385285372,0.8434200889833502,1768152353.154389,0.34443947672843933,0.09799651801586151
344,22016,22015,sea_nodrift,sea,ts_drift_adapt,5,"error_divergence_ph_meta@error.threshold=0.10,error.min_instances=5",error_divergence_ph_meta,"{""divergence"": {""alpha"": 0.1, ""delta"": 0.005, ""min_instances"": 30, ""threshold"": 0.05}, ""error_rate"": {""alpha"": 0.15, ""delta"": 0.005, ""min_instances"": 5, ""threshold"": 0.1}}","{""error_rate"": {""min_instances"": 5, ""threshold"": 0.1}}",0.1,0.005,0.15,5,0.05,0.005,0.1,30,,,,-1,two_stage,2,0.5,"__confirm_cooldown=200,__confirm_rule=perm_test,__perm_alpha=0.05,__perm_min_effect=0,__perm_n_perm=200,__perm_post_n=10,__perm_pre_n=200,__perm_rng_seed=0,__perm_stat=vote_score,divergence=0.3,error_rate=0.5,teacher_entropy=0.2",3,0,200,0.0,0,10000,10.0,25.0,200,500,1,72,1.0,0.8185410610465116,0.543375750546227,0.5,0.25090038776397705,0.010463368147611618,0,0,67,66,-1,perm_test,0.004975124378109453,0.5385253241079213,66,66,0,0.0,0.33333333333333337,0,0.0,0.0,0.0,0.0,0,none,0,1,0,overconfident,0.95,0,mild_drift,0.9513701616594864,0.0013901759486044654,0.7613514192642686,0.849210044491675,1768152353.1636808,1.297608733177185,0.13467642664909363
345,22080,22079,sea_nodrift,sea,ts_drift_adapt,5,"error_divergence_ph_meta@error.threshold=0.10,error.min_instances=5",error_divergence_ph_meta,"{""divergence"": {""alpha"": 0.1, ""delta"": 0.005, ""min_instances"": 30, ""threshold"": 0.05}, ""error_rate"": {""alpha"": 0.15, ""delta"": 0.005, ""min_instances"": 5, ""threshold"": 0.1}}","{""error_rate"": {""min_instances"": 5, ""threshold"": 0.1}}",0.1,0.005,0.15,5,0.05,0.005,0.1,30,,,,-1,two_stage,2,0.5,"__confirm_cooldown=200,__confirm_rule=perm_test,__perm_alpha=0.05,__perm_min_effect=0,__perm_n_perm=200,__perm_post_n=10,__perm_pre_n=200,__perm_rng_seed=0,__perm_stat=vote_score,divergence=0.3,error_rate=0.5,teacher_entropy=0.2",3,0,200,0.0,0,10000,10.0,25.0,200,500,1,8,1.0,0.8187952898550724,0.5437619682196843,0.16666666666666666,0.2889384925365448,0.00865820050239563,0,0,67,66,-1,perm_test,0.004975124378109453,0.5385253241079213,66,66,0,0.0,0.33333333333333337,0,0.0,0.0,0.0,0.0,0,none,0,1,0,overconfident,0.95,0,mild_drift,0.9558350808297431,0.0013450879743022327,0.7806757096321344,0.8521050222458375,1768152353.1732314,0.43018293380737305,0.10128609836101532
346,22144,22143,sea_nodrift,sea,ts_drift_adapt,5,"error_divergence_ph_meta@error.threshold=0.10,error.min_instances=5",error_divergence_ph_meta,"{""divergence"": {""alpha"": 0.1, ""delta"": 0.005, ""min_instances"": 30, ""threshold"": 0.05}, ""error_rate"": {""alpha"": 0.15, ""delta"": 0.005, ""min_instances"": 5, ""threshold"": 0.1}}","{""error_rate"": {""min_instances"": 5, ""threshold"": 0.1}}",0.1,0.005,0.15,5,0.05,0.005,0.1,30,,,,-1,two_stage,2,0.5,"__confirm_cooldown=200,__confirm_rule=perm_test,__perm_alpha=0.05,__perm_min_effect=0,__perm_n_perm=200,__perm_post_n=10,__perm_pre_n=200,__perm_rng_seed=0,__perm_stat=vote_score,divergence=0.3,error_rate=0.5,teacher_entropy=0.2",3,0,200,0.0,0,10000,10.0,25.0,200,500,0,0,1.0,0.8189577312138728,0.5439432755789099,0.5,0.2884395122528076,0.00789806991815567,0,0,67,66,-1,perm_test,0.004975124378109453,0.5385253241079213,66,66,0,0.0,0.33333333333333337,0,0.0,0.0,0.0,0.0,0,none,0,1,0,overconfident,0.95,0,mild_drift,0.9580675404148715,0.0013225439871511163,0.7903378548160672,0.8535525111229187,1768152353.1828134,0.6743491291999817,0.09928438812494278
347,22208,22207,sea_nodrift,sea,ts_drift_adapt,5,"error_divergence_ph_meta@error.threshold=0.10,error.min_instances=5",error_divergence_ph_meta,"{""divergence"": {""alpha"": 0.1, ""delta"": 0.005, ""min_instances"": 30, ""threshold"": 0.05}, ""error_rate"": {""alpha"": 0.15, ""delta"": 0.005, ""min_instances"": 5, ""threshold"": 0.1}}","{""error_rate"": {""min_instances"": 5, ""threshold"": 0.1}}",0.1,0.005,0.15,5,0.05,0.005,0.1,30,,,,-1,two_stage,2,0.5,"__confirm_cooldown=200,__confirm_rule=perm_test,__perm_alpha=0.05,__perm_min_effect=0,__perm_n_perm=200,__perm_post_n=10,__perm_pre_n=200,__perm_rng_seed=0,__perm_stat=vote_score,divergence=0.3,error_rate=0.5,teacher_entropy=0.2",3,0,200,0.0,0,10000,10.0,25.0,200,500,0,0,1.0,0.8192993515850144,0.5449043776686996,0.0,0.2598342001438141,0.0063440511003136635,1,1,68,67,0,perm_test,0.004975124378109453,0.48332936314870856,67,67,0,0.0,0.5,1,0.5,0.0,0.0,0.0,0,none,1,1,0,overconfident,0.95,0,stable,0.9740337702074358,0.0010612719935755581,0.8951689274080337,0.8992762555614594,1768152353.1979551,0.09250560402870178,0.09911295026540756
348,22272,22271,sea_nodrift,sea,ts_drift_adapt,5,"error_divergence_ph_meta@error.threshold=0.10,error.min_instances=5",error_divergence_ph_meta,"{""divergence"": {""alpha"": 0.1, ""delta"": 0.005, ""min_instances"": 30, ""threshold"": 0.05}, ""error_rate"": {""alpha"": 0.15, ""delta"": 0.005, ""min_instances"": 5, ""threshold"": 0.1}}","{""error_rate"": {""min_instances"": 5, ""threshold"": 0.1}}",0.1,0.005,0.15,5,0.05,0.005,0.1,30,,,,-1,two_stage,2,0.5,"__confirm_cooldown=200,__confirm_rule=perm_test,__perm_alpha=0.05,__perm_min_effect=0,__perm_n_perm=200,__perm_post_n=10,__perm_pre_n=200,__perm_rng_seed=0,__perm_stat=vote_score,divergence=0.3,error_rate=0.5,teacher_entropy=0.2",3,0,200,0.0,0,10000,10.0,25.0,200,500,1,136,1.0,0.8194145114942529,0.5454801996611698,0.0,0.28957876563072205,0.015315811149775982,0,0,68,67,-1,perm_test,0.004975124378109453,0.48332936314870856,67,67,0,0.0,0.008971760049462318,0,0.0,0.0,0.0,0.0,0,none,0,1,0,overconfident,0.95,0,mild_drift,0.9671668851037178,0.0011806359967877792,0.8475844637040169,0.8771381277807297,1768152353.2075286,0.1297171413898468,0.12684068083763123
349,22336,22335,sea_nodrift,sea,ts_drift_adapt,5,"error_divergence_ph_meta@error.threshold=0.10,error.min_instances=5",error_divergence_ph_meta,"{""divergence"": {""alpha"": 0.1, ""delta"": 0.005, ""min_instances"": 30, ""threshold"": 0.05}, ""error_rate"": {""alpha"": 0.15, ""delta"": 0.005, ""min_instances"": 5, ""threshold"": 0.1}}","{""error_rate"": {""min_instances"": 5, ""threshold"": 0.1}}",0.1,0.005,0.15,5,0.05,0.005,0.1,30,,,,-1,two_stage,2,0.5,"__confirm_cooldown=200,__confirm_rule=perm_test,__perm_alpha=0.05,__perm_min_effect=0,__perm_n_perm=200,__perm_post_n=10,__perm_pre_n=200,__perm_rng_seed=0,__perm_stat=vote_score,divergence=0.3,error_rate=0.5,teacher_entropy=0.2",3,0,200,0.0,0,10000,10.0,25.0,200,500,1,72,1.0,0.819573782234957,0.5458722088740187,0.16666666666666666,0.2835056483745575,0.01141380239278078,0,0,68,67,-1,perm_test,0.004975124378109453,0.48332936314870856,67,67,0,0.0,0.16666666666666666,0,0.0,0.0,0.0,0.0,0,none,0,1,0,overconfident,0.95,0,mild_drift,0.9637334425518589,0.0012403179983938896,0.8237922318520084,0.8660690638903649,1768152353.2169242,0.21028731763362885,0.12463988363742828
350,22400,22399,sea_nodrift,sea,ts_drift_adapt,5,"error_divergence_ph_meta@error.threshold=0.10,error.min_instances=5",error_divergence_ph_meta,"{""divergence"": {""alpha"": 0.1, ""delta"": 0.005, ""min_instances"": 30, ""threshold"": 0.05}, ""error_rate"": {""alpha"": 0.15, ""delta"": 0.005, ""min_instances"": 5, ""threshold"": 0.1}}","{""error_rate"": {""min_instances"": 5, ""threshold"": 0.1}}",0.1,0.005,0.15,5,0.05,0.005,0.1,30,,,,-1,two_stage,2,0.5,"__confirm_cooldown=200,__confirm_rule=perm_test,__perm_alpha=0.05,__perm_min_effect=0,__perm_n_perm=200,__perm_post_n=10,__perm_pre_n=200,__perm_rng_seed=0,__perm_stat=vote_score,divergence=0.3,error_rate=0.5,teacher_entropy=0.2",3,0,200,0.0,0,10000,10.0,25.0,200,500,1,8,1.0,0.8197321428571429,0.5463447093290313,0.0,0.27404168248176575,0.01359707023948431,0,0,68,67,-1,perm_test,0.004975124378109453,0.48332936314870856,67,67,0,0.0,0.16666666666666666,0,0.0,0.0,0.0,0.0,0,none,0,1,0,overconfident,0.95,0,mild_drift,0.9620167212759294,0.0012701589991969448,0.8118961159260043,0.8605345319451825,1768152353.22647,0.20976155996322632,0.13397537171840668
351,22464,22463,sea_nodrift,sea,ts_drift_adapt,5,"error_divergence_ph_meta@error.threshold=0.10,error.min_instances=5",error_divergence_ph_meta,"{""divergence"": {""alpha"": 0.1, ""delta"": 0.005, ""min_instances"": 30, ""threshold"": 0.05}, ""error_rate"": {""alpha"": 0.15, ""delta"": 0.005, ""min_instances"": 5, ""threshold"": 0.1}}","{""error_rate"": {""min_instances"": 5, ""threshold"": 0.1}}",0.1,0.005,0.15,5,0.05,0.005,0.1,30,,,,-1,two_stage,2,0.5,"__confirm_cooldown=200,__confirm_rule=perm_test,__perm_alpha=0.05,__perm_min_effect=0,__perm_n_perm=200,__perm_post_n=10,__perm_pre_n=200,__perm_rng_seed=0,__perm_stat=vote_score,divergence=0.3,error_rate=0.5,teacher_entropy=0.2",3,0,200,0.0,0,10000,10.0,25.0,200,500,0,0,1.0,0.8200676638176638,0.547227725552872,0.0,0.26333096623420715,0.01949053816497326,0,0,68,67,-1,perm_test,0.004975124378109453,0.48332936314870856,67,67,0,0.0,0.005893467925488949,0,0.0,0.0,0.0,0.0,0,none,0,1,0,overconfident,0.95,0,mild_drift,0.9611583606379647,0.0012850794995984726,0.8059480579630022,0.8577672659725912,1768152353.2360106,0.257516473531723,0.1860756278038025
352,22528,22527,sea_nodrift,sea,ts_drift_adapt,5,"error_divergence_ph_meta@error.threshold=0.10,error.min_instances=5",error_divergence_ph_meta,"{""divergence"": {""alpha"": 0.1, ""delta"": 0.005, ""min_instances"": 30, ""threshold"": 0.05}, ""error_rate"": {""alpha"": 0.15, ""delta"": 0.005, ""min_instances"": 5, ""threshold"": 0.1}}","{""error_rate"": {""min_instances"": 5, ""threshold"": 0.1}}",0.1,0.005,0.15,5,0.05,0.005,0.1,30,,,,-1,two_stage,2,0.5,"__confirm_cooldown=200,__confirm_rule=perm_test,__perm_alpha=0.05,__perm_min_effect=0,__perm_n_perm=200,__perm_post_n=10,__perm_pre_n=200,__perm_rng_seed=0,__perm_stat=vote_score,divergence=0.3,error_rate=0.5,teacher_entropy=0.2",3,0,200,0.0,0,10000,10.0,25.0,200,500,0,0,1.0,0.8201793323863636,0.54738775260972,0.0,0.29506248235702515,0.01715213432908058,1,1,69,68,0,perm_test,0.004975124378109453,0.48895475052454057,68,68,0,0.0,0.0023384038358926773,1,0.5,0.0,0.0,0.0,0,none,1,1,0,overconfident,0.95,0,stable,0.9755791803189824,0.0010425397497992363,0.9029740289815011,0.9013836329862956,1768152353.2512066,0.12313856929540634,0.17729288339614868
353,22592,22591,sea_nodrift,sea,ts_drift_adapt,5,"error_divergence_ph_meta@error.threshold=0.10,error.min_instances=5",error_divergence_ph_meta,"{""divergence"": {""alpha"": 0.1, ""delta"": 0.005, ""min_instances"": 30, ""threshold"": 0.05}, ""error_rate"": {""alpha"": 0.15, ""delta"": 0.005, ""min_instances"": 5, ""threshold"": 0.1}}","{""error_rate"": {""min_instances"": 5, ""threshold"": 0.1}}",0.1,0.005,0.15,5,0.05,0.005,0.1,30,,,,-1,two_stage,2,0.5,"__confirm_cooldown=200,__confirm_rule=perm_test,__perm_alpha=0.05,__perm_min_effect=0,__perm_n_perm=200,__perm_post_n=10,__perm_pre_n=200,__perm_rng_seed=0,__perm_stat=vote_score,divergence=0.3,error_rate=0.5,teacher_entropy=0.2",3,0,200,0.0,0,10000,10.0,25.0,200,500,1,136,1.0,0.8204674220963173,0.5480399274911903,0.0,0.2711810767650604,0.013105595484375954,0,0,69,68,-1,perm_test,0.004975124378109453,0.48895475052454057,68,68,0,0.0,0.004046538844704628,0,0.0,0.0,0.0,0.0,0,none,0,1,0,overconfident,0.95,0,mild_drift,0.9679395901594912,0.0011712698748996182,0.8514870144907506,0.8781918164931478,1768152353.2607243,0.16399461030960083,0.1424884796142578
354,22656,22655,sea_nodrift,sea,ts_drift_adapt,5,"error_divergence_ph_meta@error.threshold=0.10,error.min_instances=5",error_divergence_ph_meta,"{""divergence"": {""alpha"": 0.1, ""delta"": 0.005, ""min_instances"": 30, ""threshold"": 0.05}, ""error_rate"": {""alpha"": 0.15, ""delta"": 0.005, ""min_instances"": 5, ""threshold"": 0.1}}","{""error_rate"": {""min_instances"": 5, ""threshold"": 0.1}}",0.1,0.005,0.15,5,0.05,0.005,0.1,30,,,,-1,two_stage,2,0.5,"__confirm_cooldown=200,__confirm_rule=perm_test,__perm_alpha=0.05,__perm_min_effect=0,__perm_n_perm=200,__perm_post_n=10,__perm_pre_n=200,__perm_rng_seed=0,__perm_stat=vote_score,divergence=0.3,error_rate=0.5,teacher_entropy=0.2",3,0,200,0.0,0,10000,10.0,25.0,200,500,1,72,1.0,0.8207097457627118,0.5488521845673865,0.0,0.31417709589004517,0.009455408900976181,0,0,69,68,-1,perm_test,0.004975124378109453,0.48895475052454057,68,68,0,0.0,0.0036501865833997726,0,0.0,0.0,0.0,0.0,0,none,0,1,0,overconfident,0.95,0,mild_drift,0.9641197950797455,0.0012356349374498092,0.8257435072453754,0.866595908246574,1768152353.2700706,0.1469847708940506,0.09992930293083191
355,22720,22719,sea_nodrift,sea,ts_drift_adapt,5,"error_divergence_ph_meta@error.threshold=0.10,error.min_instances=5",error_divergence_ph_meta,"{""divergence"": {""alpha"": 0.1, ""delta"": 0.005, ""min_instances"": 30, ""threshold"": 0.05}, ""error_rate"": {""alpha"": 0.15, ""delta"": 0.005, ""min_instances"": 5, ""threshold"": 0.1}}","{""error_rate"": {""min_instances"": 5, ""threshold"": 0.1}}",0.1,0.005,0.15,5,0.05,0.005,0.1,30,,,,-1,two_stage,2,0.5,"__confirm_cooldown=200,__confirm_rule=perm_test,__perm_alpha=0.05,__perm_min_effect=0,__perm_n_perm=200,__perm_post_n=10,__perm_pre_n=200,__perm_rng_seed=0,__perm_stat=vote_score,divergence=0.3,error_rate=0.5,teacher_entropy=0.2",3,0,200,0.0,0,10000,10.0,25.0,200,500,1,8,1.0,0.8209947183098592,0.5495659197903203,0.16666666666666666,0.2916950583457947,0.0077269901521503925,0,0,69,68,-1,perm_test,0.004975124378109453,0.48895475052454057,68,68,0,0.0,0.16666666666666666,0,0.0,0.0,0.0,0.0,0,none,0,1,0,overconfident,0.95,0,mild_drift,0.9622098975398727,0.0012678174687249047,0.8128717536226877,0.860797954123287,1768152353.279651,0.2575764060020447,0.09034600108861923
356,22784,22783,sea_nodrift,sea,ts_drift_adapt,5,"error_divergence_ph_meta@error.threshold=0.10,error.min_instances=5",error_divergence_ph_meta,"{""divergence"": {""alpha"": 0.1, ""delta"": 0.005, ""min_instances"": 30, ""threshold"": 0.05}, ""error_rate"": {""alpha"": 0.15, ""delta"": 0.005, ""min_instances"": 5, ""threshold"": 0.1}}","{""error_rate"": {""min_instances"": 5, ""threshold"": 0.1}}",0.1,0.005,0.15,5,0.05,0.005,0.1,30,,,,-1,two_stage,2,0.5,"__confirm_cooldown=200,__confirm_rule=perm_test,__perm_alpha=0.05,__perm_min_effect=0,__perm_n_perm=200,__perm_post_n=10,__perm_pre_n=200,__perm_rng_seed=0,__perm_stat=vote_score,divergence=0.3,error_rate=0.5,teacher_entropy=0.2",3,0,200,0.0,0,10000,10.0,25.0,200,500,0,0,1.0,0.8213658707865169,0.5505317527763333,0.3333333333333333,0.23031984269618988,0.0053028990514576435,0,0,69,68,-1,perm_test,0.004975124378109453,0.48895475052454057,68,68,0,0.0,0.16666666666666666,0,0.0,0.0,0.0,0.0,0,none,0,1,0,overconfident,0.95,0,mild_drift,0.9612549487699363,0.0012839087343624524,0.8064358768113439,0.8578989770616434,1768152353.289306,0.47134363651275635,0.07965043187141418
357,22848,22847,sea_nodrift,sea,ts_drift_adapt,5,"error_divergence_ph_meta@error.threshold=0.10,error.min_instances=5",error_divergence_ph_meta,"{""divergence"": {""alpha"": 0.1, ""delta"": 0.005, ""min_instances"": 30, ""threshold"": 0.05}, ""error_rate"": {""alpha"": 0.15, ""delta"": 0.005, ""min_instances"": 5, ""threshold"": 0.1}}","{""error_rate"": {""min_instances"": 5, ""threshold"": 0.1}}",0.1,0.005,0.15,5,0.05,0.005,0.1,30,,,,-1,two_stage,2,0.5,"__confirm_cooldown=200,__confirm_rule=perm_test,__perm_alpha=0.05,__perm_min_effect=0,__perm_n_perm=200,__perm_post_n=10,__perm_pre_n=200,__perm_rng_seed=0,__perm_stat=vote_score,divergence=0.3,error_rate=0.5,teacher_entropy=0.2",3,0,200,0.0,0,10000,10.0,25.0,200,500,0,0,1.0,0.8214285714285714,0.550598505761089,0.3333333333333333,0.31302350759506226,0.012663327157497406,1,1,70,69,0,perm_test,0.004975124378109453,0.4784527183621325,69,69,0,0.3333333333333333,0.0073604281060397625,1,0.5,0.0,0.0,0.0,0,none,1,1,0,overconfident,0.95,0,severe_drift,0.9261274743849681,0.0016419543671812261,0.653217938405672,0.8339494885308217,1768152353.3045514,0.6673553586006165,0.13426905870437622
358,22912,22911,sea_nodrift,sea,ts_drift_adapt,5,"error_divergence_ph_meta@error.threshold=0.10,error.min_instances=5",error_divergence_ph_meta,"{""divergence"": {""alpha"": 0.1, ""delta"": 0.005, ""min_instances"": 30, ""threshold"": 0.05}, ""error_rate"": {""alpha"": 0.15, ""delta"": 0.005, ""min_instances"": 5, ""threshold"": 0.1}}","{""error_rate"": {""min_instances"": 5, ""threshold"": 0.1}}",0.1,0.005,0.15,5,0.05,0.005,0.1,30,,,,-1,two_stage,2,0.5,"__confirm_cooldown=200,__confirm_rule=perm_test,__perm_alpha=0.05,__perm_min_effect=0,__perm_n_perm=200,__perm_post_n=10,__perm_pre_n=200,__perm_rng_seed=0,__perm_stat=vote_score,divergence=0.3,error_rate=0.5,teacher_entropy=0.2",3,0,200,0.0,0,10000,10.0,25.0,200,500,1,136,1.0,0.8215782122905028,0.5510116896939363,0.0,0.27886682748794556,0.0054532382637262344,0,0,70,69,-1,perm_test,0.004975124378109453,0.4784527183621325,69,69,0,0.0,0.3333333333333333,0,0.0,0.0,0.0,0.0,0,none,0,1,0,overconfident,0.95,0,mild_drift,0.943213737192484,0.0014709771835906132,0.726608969202836,0.8444747442654108,1768152353.3140516,0.20302391052246094,0.0924619808793068
359,22976,22975,sea_nodrift,sea,ts_drift_adapt,5,"error_divergence_ph_meta@error.threshold=0.10,error.min_instances=5",error_divergence_ph_meta,"{""divergence"": {""alpha"": 0.1, ""delta"": 0.005, ""min_instances"": 30, ""threshold"": 0.05}, ""error_rate"": {""alpha"": 0.15, ""delta"": 0.005, ""min_instances"": 5, ""threshold"": 0.1}}","{""error_rate"": {""min_instances"": 5, ""threshold"": 0.1}}",0.1,0.005,0.15,5,0.05,0.005,0.1,30,,,,-1,two_stage,2,0.5,"__confirm_cooldown=200,__confirm_rule=perm_test,__perm_alpha=0.05,__perm_min_effect=0,__perm_n_perm=200,__perm_post_n=10,__perm_pre_n=200,__perm_rng_seed=0,__perm_stat=vote_score,divergence=0.3,error_rate=0.5,teacher_entropy=0.2",3,0,200,0.0,0,10000,10.0,25.0,200,500,1,72,1.0,0.8217705431754875,0.5515146111709198,0.0,0.29037541151046753,0.010694293305277824,0,0,70,69,-1,perm_test,0.004975124378109453,0.4784527183621325,69,69,0,0.0,0.00524105504155159,0,0.0,0.0,0.0,0.0,0,none,0,1,0,overconfident,0.95,0,mild_drift,0.951756868596242,0.0013854885917953066,0.7633044846014181,0.8497373721327054,1768152353.323432,0.05838385596871376,0.09840056300163269
360,23040,23039,sea_nodrift,sea,ts_drift_adapt,5,"error_divergence_ph_meta@error.threshold=0.10,error.min_instances=5",error_divergence_ph_meta,"{""divergence"": {""alpha"": 0.1, ""delta"": 0.005, ""min_instances"": 30, ""threshold"": 0.05}, ""error_rate"": {""alpha"": 0.15, ""delta"": 0.005, ""min_instances"": 5, ""threshold"": 0.1}}","{""error_rate"": {""min_instances"": 5, ""threshold"": 0.1}}",0.1,0.005,0.15,5,0.05,0.005,0.1,30,,,,-1,two_stage,2,0.5,"__confirm_cooldown=200,__confirm_rule=perm_test,__perm_alpha=0.05,__perm_min_effect=0,__perm_n_perm=200,__perm_post_n=10,__perm_pre_n=200,__perm_rng_seed=0,__perm_stat=vote_score,divergence=0.3,error_rate=0.5,teacher_entropy=0.2",3,0,200,0.0,0,10000,10.0,25.0,200,500,1,8,1.0,0.8219618055555555,0.5522664159145955,0.0,0.26023006439208984,0.006486020516604185,0,0,70,69,-1,perm_test,0.004975124378109453,0.4784527183621325,69,69,0,0.0,0.004208272788673639,0,0.0,0.0,0.0,0.0,0,none,0,1,0,overconfident,0.95,0,mild_drift,0.9560284342981209,0.0013427442958976535,0.7816522423007091,0.8523686860663526,1768152353.3328156,0.016778483986854553,0.07680299133062363
361,23104,23103,sea_nodrift,sea,ts_drift_adapt,5,"error_divergence_ph_meta@error.threshold=0.10,error.min_instances=5",error_divergence_ph_meta,"{""divergence"": {""alpha"": 0.1, ""delta"": 0.005, ""min_instances"": 30, ""threshold"": 0.05}, ""error_rate"": {""alpha"": 0.15, ""delta"": 0.005, ""min_instances"": 5, ""threshold"": 0.1}}","{""error_rate"": {""min_instances"": 5, ""threshold"": 0.1}}",0.1,0.005,0.15,5,0.05,0.005,0.1,30,,,,-1,two_stage,2,0.5,"__confirm_cooldown=200,__confirm_rule=perm_test,__perm_alpha=0.05,__perm_min_effect=0,__perm_n_perm=200,__perm_post_n=10,__perm_pre_n=200,__perm_rng_seed=0,__perm_stat=vote_score,divergence=0.3,error_rate=0.5,teacher_entropy=0.2",3,0,200,0.0,0,10000,10.0,25.0,200,500,0,0,1.0,0.8222385734072022,0.5531851450252416,0.0,0.2982715964317322,0.010652280412614346,0,0,70,69,-1,perm_test,0.004975124378109453,0.4784527183621325,69,69,0,0.0,0.0041662598960101604,0,0.0,0.0,0.0,0.0,0,none,0,1,0,overconfident,0.95,0,mild_drift,0.9581642171490604,0.0013213721479488267,0.7908261211503546,0.8536843430331763,1768152353.3423753,0.2727414667606354,0.12148167192935944
362,23168,23167,sea_nodrift,sea,ts_drift_adapt,5,"error_divergence_ph_meta@error.threshold=0.10,error.min_instances=5",error_divergence_ph_meta,"{""divergence"": {""alpha"": 0.1, ""delta"": 0.005, ""min_instances"": 30, ""threshold"": 0.05}, ""error_rate"": {""alpha"": 0.15, ""delta"": 0.005, ""min_instances"": 5, ""threshold"": 0.1}}","{""error_rate"": {""min_instances"": 5, ""threshold"": 0.1}}",0.1,0.005,0.15,5,0.05,0.005,0.1,30,,,,-1,two_stage,2,0.5,"__confirm_cooldown=200,__confirm_rule=perm_test,__perm_alpha=0.05,__perm_min_effect=0,__perm_n_perm=200,__perm_post_n=10,__perm_pre_n=200,__perm_rng_seed=0,__perm_stat=vote_score,divergence=0.3,error_rate=0.5,teacher_entropy=0.2",3,0,200,0.0,0,10000,10.0,25.0,200,500,0,0,1.0,0.8225569751381215,0.5542232064007726,0.0,0.22526098787784576,0.006633551325649023,0,0,70,69,-1,perm_test,0.004975124378109453,0.4784527183621325,69,69,0,0.0,0.0040187290869653225,0,0.0,0.0,0.0,0.0,0,none,0,1,0,overconfident,0.95,0,mild_drift,0.9592321085745301,0.0013106860739744135,0.7954130605751772,0.8543421715165882,1768152353.3519683,0.09916114807128906,0.07174955308437347
363,23232,23231,sea_nodrift,sea,ts_drift_adapt,5,"error_divergence_ph_meta@error.threshold=0.10,error.min_instances=5",error_divergence_ph_meta,"{""divergence"": {""alpha"": 0.1, ""delta"": 0.005, ""min_instances"": 30, ""threshold"": 0.05}, ""error_rate"": {""alpha"": 0.15, ""delta"": 0.005, ""min_instances"": 5, ""threshold"": 0.1}}","{""error_rate"": {""min_instances"": 5, ""threshold"": 0.1}}",0.1,0.005,0.15,5,0.05,0.005,0.1,30,,,,-1,two_stage,2,0.5,"__confirm_cooldown=200,__confirm_rule=perm_test,__perm_alpha=0.05,__perm_min_effect=0,__perm_n_perm=200,__perm_post_n=10,__perm_pre_n=200,__perm_rng_seed=0,__perm_stat=vote_score,divergence=0.3,error_rate=0.5,teacher_entropy=0.2",3,0,200,0.0,0,10000,10.0,25.0,200,500,0,0,1.0,0.8228736225895317,0.5549966244798331,0.0,0.2944362461566925,0.013226080685853958,0,0,70,69,-1,perm_test,0.004975124378109453,0.4784527183621325,69,69,0,0.0,0.006592529360204935,0,0.0,0.0,0.0,0.0,0,none,0,1,0,overconfident,0.95,0,mild_drift,0.959766054287265,0.0013053430369872067,0.7977065302875886,0.8546710857582941,1768152353.3616118,0.03226911649107933,0.09315729141235352
364,23296,23295,sea_nodrift,sea,ts_drift_adapt,5,"error_divergence_ph_meta@error.threshold=0.10,error.min_instances=5",error_divergence_ph_meta,"{""divergence"": {""alpha"": 0.1, ""delta"": 0.005, ""min_instances"": 30, ""threshold"": 0.05}, ""error_rate"": {""alpha"": 0.15, ""delta"": 0.005, ""min_instances"": 5, ""threshold"": 0.1}}","{""error_rate"": {""min_instances"": 5, ""threshold"": 0.1}}",0.1,0.005,0.15,5,0.05,0.005,0.1,30,,,,-1,two_stage,2,0.5,"__confirm_cooldown=200,__confirm_rule=perm_test,__perm_alpha=0.05,__perm_min_effect=0,__perm_n_perm=200,__perm_post_n=10,__perm_pre_n=200,__perm_rng_seed=0,__perm_stat=vote_score,divergence=0.3,error_rate=0.5,teacher_entropy=0.2",3,0,200,0.0,0,10000,10.0,25.0,200,500,0,0,1.0,0.8229309752747253,0.555231264561344,0.16666666666666666,0.25698816776275635,0.00857340358197689,1,1,71,70,0,perm_test,0.004975124378109453,0.49960688564463684,70,70,0,0.16666666666666666,0.16666666666666666,1,0.5,0.0,0.0,0.0,0,none,1,1,0,overconfident,0.95,0,severe_drift,0.9253830271436325,0.0016526715184936034,0.6488532651437944,0.832335542879147,1768152353.3772056,0.21222679316997528,0.06975352764129639
365,23360,23359,sea_nodrift,sea,ts_drift_adapt,5,"error_divergence_ph_meta@error.threshold=0.10,error.min_instances=5",error_divergence_ph_meta,"{""divergence"": {""alpha"": 0.1, ""delta"": 0.005, ""min_instances"": 30, ""threshold"": 0.05}, ""error_rate"": {""alpha"": 0.15, ""delta"": 0.005, ""min_instances"": 5, ""threshold"": 0.1}}","{""error_rate"": {""min_instances"": 5, ""threshold"": 0.1}}",0.1,0.005,0.15,5,0.05,0.005,0.1,30,,,,-1,two_stage,2,0.5,"__confirm_cooldown=200,__confirm_rule=perm_test,__perm_alpha=0.05,__perm_min_effect=0,__perm_n_perm=200,__perm_post_n=10,__perm_pre_n=200,__perm_rng_seed=0,__perm_stat=vote_score,divergence=0.3,error_rate=0.5,teacher_entropy=0.2",3,0,200,0.0,0,10000,10.0,25.0,200,500,1,136,1.0,0.8229880136986302,0.5553399522405308,0.16666666666666666,0.3331797122955322,0.015107161365449429,0,0,71,70,-1,perm_test,0.004975124378109453,0.49960688564463684,70,70,0,0.0,0.006533757783472538,0,0.0,0.0,0.0,0.0,0,none,0,1,0,overconfident,0.95,0,mild_drift,0.9428415135718162,0.0014763357592468018,0.7244266325718972,0.8436677714395735,1768152353.386796,0.41752889752388,0.11419618129730225
366,23424,23423,sea_nodrift,sea,ts_drift_adapt,5,"error_divergence_ph_meta@error.threshold=0.10,error.min_instances=5",error_divergence_ph_meta,"{""divergence"": {""alpha"": 0.1, ""delta"": 0.005, ""min_instances"": 30, ""threshold"": 0.05}, ""error_rate"": {""alpha"": 0.15, ""delta"": 0.005, ""min_instances"": 5, ""threshold"": 0.1}}","{""error_rate"": {""min_instances"": 5, ""threshold"": 0.1}}",0.1,0.005,0.15,5,0.05,0.005,0.1,30,,,,-1,two_stage,2,0.5,"__confirm_cooldown=200,__confirm_rule=perm_test,__perm_alpha=0.05,__perm_min_effect=0,__perm_n_perm=200,__perm_post_n=10,__perm_pre_n=200,__perm_rng_seed=0,__perm_stat=vote_score,divergence=0.3,error_rate=0.5,teacher_entropy=0.2",3,0,200,0.0,0,10000,10.0,25.0,200,500,1,72,1.0,0.8231728142076503,0.5559213763095844,0.0,0.24351465702056885,0.00861301552504301,0,0,71,70,-1,perm_test,0.004975124378109453,0.49960688564463684,70,70,0,0.0,0.16666666666666666,0,0.0,0.0,0.0,0.0,0,none,0,1,0,overconfident,0.95,0,mild_drift,0.9515707567859081,0.001388167879623401,0.7622133162859486,0.8493338857197867,1768152353.3962038,0.023860113695263863,0.08718572556972504
367,23488,23487,sea_nodrift,sea,ts_drift_adapt,5,"error_divergence_ph_meta@error.threshold=0.10,error.min_instances=5",error_divergence_ph_meta,"{""divergence"": {""alpha"": 0.1, ""delta"": 0.005, ""min_instances"": 30, ""threshold"": 0.05}, ""error_rate"": {""alpha"": 0.15, ""delta"": 0.005, ""min_instances"": 5, ""threshold"": 0.1}}","{""error_rate"": {""min_instances"": 5, ""threshold"": 0.1}}",0.1,0.005,0.15,5,0.05,0.005,0.1,30,,,,-1,two_stage,2,0.5,"__confirm_cooldown=200,__confirm_rule=perm_test,__perm_alpha=0.05,__perm_min_effect=0,__perm_n_perm=200,__perm_post_n=10,__perm_pre_n=200,__perm_rng_seed=0,__perm_stat=vote_score,divergence=0.3,error_rate=0.5,teacher_entropy=0.2",3,0,200,0.0,0,10000,10.0,25.0,200,500,1,8,1.0,0.8233140326975477,0.5562203775717994,0.16666666666666666,0.2512321174144745,0.009879847057163715,0,0,71,70,-1,perm_test,0.004975124378109453,0.49960688564463684,70,70,0,0.0,0.16666666666666666,0,0.0,0.0,0.0,0.0,0,none,0,1,0,overconfident,0.95,0,mild_drift,0.9559353783929541,0.0013440839398117005,0.7811066581429743,0.8521669428598934,1768152353.4057777,0.39218461513519287,0.07715961337089539
368,23552,23551,sea_nodrift,sea,ts_drift_adapt,5,"error_divergence_ph_meta@error.threshold=0.10,error.min_instances=5",error_divergence_ph_meta,"{""divergence"": {""alpha"": 0.1, ""delta"": 0.005, ""min_instances"": 30, ""threshold"": 0.05}, ""error_rate"": {""alpha"": 0.15, ""delta"": 0.005, ""min_instances"": 5, ""threshold"": 0.1}}","{""error_rate"": {""min_instances"": 5, ""threshold"": 0.1}}",0.1,0.005,0.15,5,0.05,0.005,0.1,30,,,,-1,two_stage,2,0.5,"__confirm_cooldown=200,__confirm_rule=perm_test,__perm_alpha=0.05,__perm_min_effect=0,__perm_n_perm=200,__perm_post_n=10,__perm_pre_n=200,__perm_rng_seed=0,__perm_stat=vote_score,divergence=0.3,error_rate=0.5,teacher_entropy=0.2",3,0,200,0.0,0,10000,10.0,25.0,200,500,0,0,1.0,0.8234120244565217,0.5563964216137807,0.6666666666666666,0.24803173542022705,0.007458187174052,0,0,71,70,-1,perm_test,0.004975124378109453,0.49960688564463684,70,70,0,0.0,0.5,0,0.0,0.0,0.0,0.0,0,none,0,1,0,overconfident,0.95,0,mild_drift,0.958117689196477,0.0013220419699058504,0.7905533290714872,0.8535834714299466,1768152353.415513,1.2701457738876343,0.07088884711265564
369,23616,23615,sea_nodrift,sea,ts_drift_adapt,5,"error_divergence_ph_meta@error.threshold=0.10,error.min_instances=5",error_divergence_ph_meta,"{""divergence"": {""alpha"": 0.1, ""delta"": 0.005, ""min_instances"": 30, ""threshold"": 0.05}, ""error_rate"": {""alpha"": 0.15, ""delta"": 0.005, ""min_instances"": 5, ""threshold"": 0.1}}","{""error_rate"": {""min_instances"": 5, ""threshold"": 0.1}}",0.1,0.005,0.15,5,0.05,0.005,0.1,30,,,,-1,two_stage,2,0.5,"__confirm_cooldown=200,__confirm_rule=perm_test,__perm_alpha=0.05,__perm_min_effect=0,__perm_n_perm=200,__perm_post_n=10,__perm_pre_n=200,__perm_rng_seed=0,__perm_stat=vote_score,divergence=0.3,error_rate=0.5,teacher_entropy=0.2",3,0,200,0.0,0,10000,10.0,25.0,200,500,0,0,1.0,0.8235518292682927,0.5568241620026143,0.3333333333333333,0.30199775099754333,0.012760969810187817,1,1,72,71,0,perm_test,0.004975124378109453,0.502531248115505,71,71,0,0.16666666666666666,0.3333333333333333,1,0.5,0.0,0.0,0.0,0,none,1,1,0,overconfident,0.95,0,severe_drift,0.9245588445982384,0.0016610209849529252,0.6452766645357436,0.8317917357149733,1768152353.431088,0.4147850275039673,0.11700937151908875
370,23680,23679,sea_nodrift,sea,ts_drift_adapt,5,"error_divergence_ph_meta@error.threshold=0.10,error.min_instances=5",error_divergence_ph_meta,"{""divergence"": {""alpha"": 0.1, ""delta"": 0.005, ""min_instances"": 30, ""threshold"": 0.05}, ""error_rate"": {""alpha"": 0.15, ""delta"": 0.005, ""min_instances"": 5, ""threshold"": 0.1}}","{""error_rate"": {""min_instances"": 5, ""threshold"": 0.1}}",0.1,0.005,0.15,5,0.05,0.005,0.1,30,,,,-1,two_stage,2,0.5,"__confirm_cooldown=200,__confirm_rule=perm_test,__perm_alpha=0.05,__perm_min_effect=0,__perm_n_perm=200,__perm_post_n=10,__perm_pre_n=200,__perm_rng_seed=0,__perm_stat=vote_score,divergence=0.3,error_rate=0.5,teacher_entropy=0.2",3,0,200,0.0,0,10000,10.0,25.0,200,500,1,136,1.0,0.8236908783783784,0.5571517396020695,0.16666666666666666,0.2184813767671585,0.00626395596191287,0,0,72,71,-1,perm_test,0.004975124378109453,0.502531248115505,71,71,0,0.0,0.16666666666666666,0,0.0,0.0,0.0,0.0,0,none,0,1,0,overconfident,0.95,0,mild_drift,0.9424294222991192,0.0014805104924764628,0.7226383322678718,0.8433958678574867,1768152353.4407341,0.20395062863826752,0.06347260624170303
371,23744,23743,sea_nodrift,sea,ts_drift_adapt,5,"error_divergence_ph_meta@error.threshold=0.10,error.min_instances=5",error_divergence_ph_meta,"{""divergence"": {""alpha"": 0.1, ""delta"": 0.005, ""min_instances"": 30, ""threshold"": 0.05}, ""error_rate"": {""alpha"": 0.15, ""delta"": 0.005, ""min_instances"": 5, ""threshold"": 0.1}}","{""error_rate"": {""min_instances"": 5, ""threshold"": 0.1}}",0.1,0.005,0.15,5,0.05,0.005,0.1,30,,,,-1,two_stage,2,0.5,"__confirm_cooldown=200,__confirm_rule=perm_test,__perm_alpha=0.05,__perm_min_effect=0,__perm_n_perm=200,__perm_post_n=10,__perm_pre_n=200,__perm_rng_seed=0,__perm_stat=vote_score,divergence=0.3,error_rate=0.5,teacher_entropy=0.2",3,0,200,0.0,0,10000,10.0,25.0,200,500,1,72,1.0,0.823913409703504,0.5578423796681736,0.0,0.24903199076652527,0.0070840646512806416,0,0,72,71,-1,perm_test,0.004975124378109453,0.502531248115505,71,71,0,0.0,0.16666666666666666,0,0.0,0.0,0.0,0.0,0,none,0,1,0,overconfident,0.95,0,mild_drift,0.9513647111495596,0.0013902552462382316,0.7613191661339359,0.8491979339287433,1768152353.4503708,0.029481900855898857,0.07730600237846375
372,23808,23807,sea_nodrift,sea,ts_drift_adapt,5,"error_divergence_ph_meta@error.threshold=0.10,error.min_instances=5",error_divergence_ph_meta,"{""divergence"": {""alpha"": 0.1, ""delta"": 0.005, ""min_instances"": 30, ""threshold"": 0.05}, ""error_rate"": {""alpha"": 0.15, ""delta"": 0.005, ""min_instances"": 5, ""threshold"": 0.1}}","{""error_rate"": {""min_instances"": 5, ""threshold"": 0.1}}",0.1,0.005,0.15,5,0.05,0.005,0.1,30,,,,-1,two_stage,2,0.5,"__confirm_cooldown=200,__confirm_rule=perm_test,__perm_alpha=0.05,__perm_min_effect=0,__perm_n_perm=200,__perm_post_n=10,__perm_pre_n=200,__perm_rng_seed=0,__perm_stat=vote_score,divergence=0.3,error_rate=0.5,teacher_entropy=0.2",3,0,200,0.0,0,10000,10.0,25.0,200,500,1,8,1.0,0.8240087365591398,0.5583257250017426,0.0,0.27042022347450256,0.008532174862921238,0,0,72,71,-1,perm_test,0.004975124378109453,0.502531248115505,71,71,0,0.0,0.0014481102116405964,0,0.0,0.0,0.0,0.0,0,none,0,1,0,overconfident,0.95,0,mild_drift,0.9558323555747797,0.001345127623119116,0.780659583066968,0.8520989669643717,1768152353.4599886,0.16234783828258514,0.08074051141738892
373,23872,23871,sea_nodrift,sea,ts_drift_adapt,5,"error_divergence_ph_meta@error.threshold=0.10,error.min_instances=5",error_divergence_ph_meta,"{""divergence"": {""alpha"": 0.1, ""delta"": 0.005, ""min_instances"": 30, ""threshold"": 0.05}, ""error_rate"": {""alpha"": 0.15, ""delta"": 0.005, ""min_instances"": 5, ""threshold"": 0.1}}","{""error_rate"": {""min_instances"": 5, ""threshold"": 0.1}}",0.1,0.005,0.15,5,0.05,0.005,0.1,30,,,,-1,two_stage,2,0.5,"__confirm_cooldown=200,__confirm_rule=perm_test,__perm_alpha=0.05,__perm_min_effect=0,__perm_n_perm=200,__perm_post_n=10,__perm_pre_n=200,__perm_rng_seed=0,__perm_stat=vote_score,divergence=0.3,error_rate=0.5,teacher_entropy=0.2",3,0,200,0.0,0,10000,10.0,25.0,200,500,0,0,1.0,0.8239778820375335,0.5585702427976357,0.16666666666666666,0.303061306476593,0.014654609374701977,0,0,72,71,-1,perm_test,0.004975124378109453,0.502531248115505,71,71,0,0.0,0.16666666666666666,0,0.0,0.0,0.0,0.0,0,none,0,1,0,overconfident,0.95,0,mild_drift,0.9580661777873898,0.001322563811559558,0.790329791533484,0.8535494834821858,1768152353.4695826,0.24257604777812958,0.17032961547374725
374,23936,23935,sea_nodrift,sea,ts_drift_adapt,5,"error_divergence_ph_meta@error.threshold=0.10,error.min_instances=5",error_divergence_ph_meta,"{""divergence"": {""alpha"": 0.1, ""delta"": 0.005, ""min_instances"": 30, ""threshold"": 0.05}, ""error_rate"": {""alpha"": 0.15, ""delta"": 0.005, ""min_instances"": 5, ""threshold"": 0.1}}","{""error_rate"": {""min_instances"": 5, ""threshold"": 0.1}}",0.1,0.005,0.15,5,0.05,0.005,0.1,30,,,,-1,two_stage,2,0.5,"__confirm_cooldown=200,__confirm_rule=perm_test,__perm_alpha=0.05,__perm_min_effect=0,__perm_n_perm=200,__perm_post_n=10,__perm_pre_n=200,__perm_rng_seed=0,__perm_stat=vote_score,divergence=0.3,error_rate=0.5,teacher_entropy=0.2",3,0,200,0.0,0,10000,10.0,25.0,200,500,0,0,1.0,0.8241978609625669,0.5592497461640349,0.0,0.23921875655651093,0.017895998433232307,1,1,73,72,0,perm_test,0.004975124378109453,0.5209218219239259,72,72,0,0.3333333333333333,0.16666666666666666,1,0.5,0.0,0.0,0.0,0,none,1,1,0,overconfident,0.95,0,severe_drift,0.9245330888936949,0.001661281905779779,0.645164895766742,0.831774741741093,1768152353.4850872,0.1391521394252777,0.155023992061615
375,24000,23999,sea_nodrift,sea,ts_drift_adapt,5,"error_divergence_ph_meta@error.threshold=0.10,error.min_instances=5",error_divergence_ph_meta,"{""divergence"": {""alpha"": 0.1, ""delta"": 0.005, ""min_instances"": 30, ""threshold"": 0.05}, ""error_rate"": {""alpha"": 0.15, ""delta"": 0.005, ""min_instances"": 5, ""threshold"": 0.1}}","{""error_rate"": {""min_instances"": 5, ""threshold"": 0.1}}",0.1,0.005,0.15,5,0.05,0.005,0.1,30,,,,-1,two_stage,2,0.5,"__confirm_cooldown=200,__confirm_rule=perm_test,__perm_alpha=0.05,__perm_min_effect=0,__perm_n_perm=200,__perm_post_n=10,__perm_pre_n=200,__perm_rng_seed=0,__perm_stat=vote_score,divergence=0.3,error_rate=0.5,teacher_entropy=0.2",3,0,200,0.0,0,10000,10.0,25.0,200,500,1,136,1.0,0.82425,0.5595500421149381,0.3333333333333333,0.2297838032245636,0.008903495967388153,0,0,73,72,-1,perm_test,0.004975124378109453,0.5209218219239259,72,72,0,0.0,0.3333333333333333,0,0.0,0.0,0.0,0.0,0,none,0,1,0,overconfident,0.95,0,mild_drift,0.9424165444468474,0.0014806409528898895,0.722582447883371,0.8433873708705465,1768152353.494763,0.4014096260070801,0.1173655167222023
376,24064,24063,sea_nodrift,sea,ts_drift_adapt,5,"error_divergence_ph_meta@error.threshold=0.10,error.min_instances=5",error_divergence_ph_meta,"{""divergence"": {""alpha"": 0.1, ""delta"": 0.005, ""min_instances"": 30, ""threshold"": 0.05}, ""error_rate"": {""alpha"": 0.15, ""delta"": 0.005, ""min_instances"": 5, ""threshold"": 0.1}}","{""error_rate"": {""min_instances"": 5, ""threshold"": 0.1}}",0.1,0.005,0.15,5,0.05,0.005,0.1,30,,,,-1,two_stage,2,0.5,"__confirm_cooldown=200,__confirm_rule=perm_test,__perm_alpha=0.05,__perm_min_effect=0,__perm_n_perm=200,__perm_post_n=10,__perm_pre_n=200,__perm_rng_seed=0,__perm_stat=vote_score,divergence=0.3,error_rate=0.5,teacher_entropy=0.2",3,0,200,0.0,0,10000,10.0,25.0,200,500,1,72,1.0,0.824468085106383,0.5601702130369973,0.3333333333333333,0.24671670794487,0.017213130369782448,0,0,73,72,-1,perm_test,0.004975124378109453,0.5209218219239259,72,72,0,0.0,0.008309634402394295,0,0.0,0.0,0.0,0.0,0,none,0,1,0,overconfident,0.95,0,mild_drift,0.9513582722234237,0.0013903204764449447,0.7612912239416856,0.8491936854352733,1768152353.5043101,0.4633241891860962,0.15203064680099487
377,24128,24127,sea_nodrift,sea,ts_drift_adapt,5,"error_divergence_ph_meta@error.threshold=0.10,error.min_instances=5",error_divergence_ph_meta,"{""divergence"": {""alpha"": 0.1, ""delta"": 0.005, ""min_instances"": 30, ""threshold"": 0.05}, ""error_rate"": {""alpha"": 0.15, ""delta"": 0.005, ""min_instances"": 5, ""threshold"": 0.1}}","{""error_rate"": {""min_instances"": 5, ""threshold"": 0.1}}",0.1,0.005,0.15,5,0.05,0.005,0.1,30,,,,-1,two_stage,2,0.5,"__confirm_cooldown=200,__confirm_rule=perm_test,__perm_alpha=0.05,__perm_min_effect=0,__perm_n_perm=200,__perm_post_n=10,__perm_pre_n=200,__perm_rng_seed=0,__perm_stat=vote_score,divergence=0.3,error_rate=0.5,teacher_entropy=0.2",3,0,200,0.0,0,10000,10.0,25.0,200,500,1,8,1.0,0.8245606763925729,0.5607443214792499,0.0,0.2797566056251526,0.017552707344293594,0,0,73,72,-1,perm_test,0.004975124378109453,0.5209218219239259,72,72,0,0.0,0.3333333333333333,0,0.0,0.0,0.0,0.0,0,none,0,1,0,overconfident,0.95,0,mild_drift,0.9558291361117118,0.0013451602382224723,0.7806456119708428,0.8520968427176366,1768152353.5139196,0.03271564468741417,0.1959942877292633
378,24192,24191,sea_nodrift,sea,ts_drift_adapt,5,"error_divergence_ph_meta@error.threshold=0.10,error.min_instances=5",error_divergence_ph_meta,"{""divergence"": {""alpha"": 0.1, ""delta"": 0.005, ""min_instances"": 30, ""threshold"": 0.05}, ""error_rate"": {""alpha"": 0.15, ""delta"": 0.005, ""min_instances"": 5, ""threshold"": 0.1}}","{""error_rate"": {""min_instances"": 5, ""threshold"": 0.1}}",0.1,0.005,0.15,5,0.05,0.005,0.1,30,,,,-1,two_stage,2,0.5,"__confirm_cooldown=200,__confirm_rule=perm_test,__perm_alpha=0.05,__perm_min_effect=0,__perm_n_perm=200,__perm_post_n=10,__perm_pre_n=200,__perm_rng_seed=0,__perm_stat=vote_score,divergence=0.3,error_rate=0.5,teacher_entropy=0.2",3,0,200,0.0,0,10000,10.0,25.0,200,500,0,0,1.0,0.8245701058201058,0.5610948712852409,0.0,0.2728857100009918,0.01582871563732624,0,0,73,72,-1,perm_test,0.004975124378109453,0.5209218219239259,72,72,0,0.0,0.0017239917069673538,0,0.0,0.0,0.0,0.0,0,none,0,1,0,overconfident,0.95,0,mild_drift,0.9580645680558559,0.0013225801191112363,0.7903228059854215,0.8535484213588183,1768152353.5235302,0.1240343376994133,0.17785272002220154
379,24256,24255,sea_nodrift,sea,ts_drift_adapt,5,"error_divergence_ph_meta@error.threshold=0.10,error.min_instances=5",error_divergence_ph_meta,"{""divergence"": {""alpha"": 0.1, ""delta"": 0.005, ""min_instances"": 30, ""threshold"": 0.05}, ""error_rate"": {""alpha"": 0.15, ""delta"": 0.005, ""min_instances"": 5, ""threshold"": 0.1}}","{""error_rate"": {""min_instances"": 5, ""threshold"": 0.1}}",0.1,0.005,0.15,5,0.05,0.005,0.1,30,,,,-1,two_stage,2,0.5,"__confirm_cooldown=200,__confirm_rule=perm_test,__perm_alpha=0.05,__perm_min_effect=0,__perm_n_perm=200,__perm_post_n=10,__perm_pre_n=200,__perm_rng_seed=0,__perm_stat=vote_score,divergence=0.3,error_rate=0.5,teacher_entropy=0.2",3,0,200,0.0,0,10000,10.0,25.0,200,500,0,0,1.0,0.8247443931398417,0.5616175466282305,0.16666666666666666,0.22950193285942078,0.011606725864112377,1,1,74,73,0,perm_test,0.004975124378109453,0.5302184564086354,73,73,0,0.16666666666666666,0.16666666666666666,1,0.5,0.0,0.0,0.0,0,none,1,1,0,overconfident,0.95,0,severe_drift,0.924532284027928,0.0016612900595556182,0.6451614029927107,0.8317742106794092,1768152353.5391798,0.28071796894073486,0.1438102275133133
380,24320,24319,sea_nodrift,sea,ts_drift_adapt,5,"error_divergence_ph_meta@error.threshold=0.10,error.min_instances=5",error_divergence_ph_meta,"{""divergence"": {""alpha"": 0.1, ""delta"": 0.005, ""min_instances"": 30, ""threshold"": 0.05}, ""error_rate"": {""alpha"": 0.15, ""delta"": 0.005, ""min_instances"": 5, ""threshold"": 0.1}}","{""error_rate"": {""min_instances"": 5, ""threshold"": 0.1}}",0.1,0.005,0.15,5,0.05,0.005,0.1,30,,,,-1,two_stage,2,0.5,"__confirm_cooldown=200,__confirm_rule=perm_test,__perm_alpha=0.05,__perm_min_effect=0,__perm_n_perm=200,__perm_post_n=10,__perm_pre_n=200,__perm_rng_seed=0,__perm_stat=vote_score,divergence=0.3,error_rate=0.5,teacher_entropy=0.2",3,0,200,0.0,0,10000,10.0,25.0,200,500,1,136,1.0,0.8250411184210527,0.5624493809794631,0.0,0.2358267903327942,0.006074302829802036,0,0,74,73,-1,perm_test,0.004975124378109453,0.5302184564086354,73,73,0,0.0,0.16666666666666666,0,0.0,0.0,0.0,0.0,0,none,0,1,0,overconfident,0.95,0,mild_drift,0.942416142013964,0.0014806450297778092,0.7225807014963554,0.8433871053397046,1768152353.548879,0.2115849256515503,0.0722557008266449
381,24384,24383,sea_nodrift,sea,ts_drift_adapt,5,"error_divergence_ph_meta@error.threshold=0.10,error.min_instances=5",error_divergence_ph_meta,"{""divergence"": {""alpha"": 0.1, ""delta"": 0.005, ""min_instances"": 30, ""threshold"": 0.05}, ""error_rate"": {""alpha"": 0.15, ""delta"": 0.005, ""min_instances"": 5, ""threshold"": 0.1}}","{""error_rate"": {""min_instances"": 5, ""threshold"": 0.1}}",0.1,0.005,0.15,5,0.05,0.005,0.1,30,,,,-1,two_stage,2,0.5,"__confirm_cooldown=200,__confirm_rule=perm_test,__perm_alpha=0.05,__perm_min_effect=0,__perm_n_perm=200,__perm_post_n=10,__perm_pre_n=200,__perm_rng_seed=0,__perm_stat=vote_score,divergence=0.3,error_rate=0.5,teacher_entropy=0.2",3,0,200,0.0,0,10000,10.0,25.0,200,500,1,72,1.0,0.8252542650918635,0.5630810599369912,0.0,0.24123384058475494,0.007943013682961464,0,0,74,73,-1,perm_test,0.004975124378109453,0.5302184564086354,73,73,0,0.0,0.0018687108531594276,0,0.0,0.0,0.0,0.0,0,none,0,1,0,overconfident,0.95,0,mild_drift,0.951358071006982,0.0013903225148889048,0.7612903507481777,0.8491935526698523,1768152353.5584056,0.05218253657221794,0.09277087450027466
382,24448,24447,sea_nodrift,sea,ts_drift_adapt,5,"error_divergence_ph_meta@error.threshold=0.10,error.min_instances=5",error_divergence_ph_meta,"{""divergence"": {""alpha"": 0.1, ""delta"": 0.005, ""min_instances"": 30, ""threshold"": 0.05}, ""error_rate"": {""alpha"": 0.15, ""delta"": 0.005, ""min_instances"": 5, ""threshold"": 0.1}}","{""error_rate"": {""min_instances"": 5, ""threshold"": 0.1}}",0.1,0.005,0.15,5,0.05,0.005,0.1,30,,,,-1,two_stage,2,0.5,"__confirm_cooldown=200,__confirm_rule=perm_test,__perm_alpha=0.05,__perm_min_effect=0,__perm_n_perm=200,__perm_post_n=10,__perm_pre_n=200,__perm_rng_seed=0,__perm_stat=vote_score,divergence=0.3,error_rate=0.5,teacher_entropy=0.2",3,0,200,0.0,0,10000,10.0,25.0,200,500,1,8,1.0,0.8255071989528796,0.5639186554792752,0.16666666666666666,0.18179132044315338,0.0062653180211782455,0,0,74,73,-1,perm_test,0.004975124378109453,0.5302184564086354,73,73,0,0.0,0.16666666666666666,0,0.0,0.0,0.0,0.0,0,none,0,1,0,overconfident,0.95,0,mild_drift,0.955829035503491,0.0013451612574444526,0.7806451753740888,0.8520967763349261,1768152353.5679882,0.3307347297668457,0.07855187356472015
383,24512,24511,sea_nodrift,sea,ts_drift_adapt,5,"error_divergence_ph_meta@error.threshold=0.10,error.min_instances=5",error_divergence_ph_meta,"{""divergence"": {""alpha"": 0.1, ""delta"": 0.005, ""min_instances"": 30, ""threshold"": 0.05}, ""error_rate"": {""alpha"": 0.15, ""delta"": 0.005, ""min_instances"": 5, ""threshold"": 0.1}}","{""error_rate"": {""min_instances"": 5, ""threshold"": 0.1}}",0.1,0.005,0.15,5,0.05,0.005,0.1,30,,,,-1,two_stage,2,0.5,"__confirm_cooldown=200,__confirm_rule=perm_test,__perm_alpha=0.05,__perm_min_effect=0,__perm_n_perm=200,__perm_post_n=10,__perm_pre_n=200,__perm_rng_seed=0,__perm_stat=vote_score,divergence=0.3,error_rate=0.5,teacher_entropy=0.2",3,0,200,0.0,0,10000,10.0,25.0,200,500,0,0,1.0,0.8255140339425587,0.5639952768778951,0.0,0.29394474625587463,0.01249692216515541,0,0,74,73,-1,perm_test,0.004975124378109453,0.5302184564086354,73,73,0,0.0,0.16666666666666666,0,0.0,0.0,0.0,0.0,0,none,0,1,0,overconfident,0.95,0,mild_drift,0.9580645177517455,0.0013225806287222265,0.7903225876870444,0.853548388167463,1768152353.5775526,0.10874664783477783,0.12408216297626495
384,24576,24575,sea_nodrift,sea,ts_drift_adapt,5,"error_divergence_ph_meta@error.threshold=0.10,error.min_instances=5",error_divergence_ph_meta,"{""divergence"": {""alpha"": 0.1, ""delta"": 0.005, ""min_instances"": 30, ""threshold"": 0.05}, ""error_rate"": {""alpha"": 0.15, ""delta"": 0.005, ""min_instances"": 5, ""threshold"": 0.1}}","{""error_rate"": {""min_instances"": 5, ""threshold"": 0.1}}",0.1,0.005,0.15,5,0.05,0.005,0.1,30,,,,-1,two_stage,2,0.5,"__confirm_cooldown=200,__confirm_rule=perm_test,__perm_alpha=0.05,__perm_min_effect=0,__perm_n_perm=200,__perm_post_n=10,__perm_pre_n=200,__perm_rng_seed=0,__perm_stat=vote_score,divergence=0.3,error_rate=0.5,teacher_entropy=0.2",3,0,200,0.0,0,10000,10.0,25.0,200,500,0,0,1.0,0.8256429036458334,0.5643106289874074,0.0,0.2979848086833954,0.014290961436927319,1,1,75,74,0,perm_test,0.004975124378109453,0.47908802483171303,74,74,0,0.16666666666666666,0.0017940392717719078,1,0.5,0.0,0.0,0.0,0,none,1,1,0,overconfident,0.95,0,severe_drift,0.9245322588758728,0.0016612903143611133,0.6451612938435223,0.8317741940837315,1768152353.5930786,0.07960205525159836,0.09363958239555359
385,24640,24639,sea_nodrift,sea,ts_drift_adapt,5,"error_divergence_ph_meta@error.threshold=0.10,error.min_instances=5",error_divergence_ph_meta,"{""divergence"": {""alpha"": 0.1, ""delta"": 0.005, ""min_instances"": 30, ""threshold"": 0.05}, ""error_rate"": {""alpha"": 0.15, ""delta"": 0.005, ""min_instances"": 5, ""threshold"": 0.1}}","{""error_rate"": {""min_instances"": 5, ""threshold"": 0.1}}",0.1,0.005,0.15,5,0.05,0.005,0.1,30,,,,-1,two_stage,2,0.5,"__confirm_cooldown=200,__confirm_rule=perm_test,__perm_alpha=0.05,__perm_min_effect=0,__perm_n_perm=200,__perm_post_n=10,__perm_pre_n=200,__perm_rng_seed=0,__perm_stat=vote_score,divergence=0.3,error_rate=0.5,teacher_entropy=0.2",3,0,200,0.0,0,10000,10.0,25.0,200,500,1,136,1.0,0.8258116883116883,0.5647723621679154,0.16666666666666666,0.21111339330673218,0.008240165188908577,0,0,75,74,-1,perm_test,0.004975124378109453,0.47908802483171303,74,74,0,0.0,0.16666666666666666,0,0.0,0.0,0.0,0.0,0,none,0,1,0,overconfident,0.95,0,mild_drift,0.9424161294379363,0.0014806451571805568,0.7225806469217612,0.8433870970418658,1768152353.6029625,0.7859821319580078,0.0696033239364624
386,24704,24703,sea_nodrift,sea,ts_drift_adapt,5,"error_divergence_ph_meta@error.threshold=0.10,error.min_instances=5",error_divergence_ph_meta,"{""divergence"": {""alpha"": 0.1, ""delta"": 0.005, ""min_instances"": 30, ""threshold"": 0.05}, ""error_rate"": {""alpha"": 0.15, ""delta"": 0.005, ""min_instances"": 5, ""threshold"": 0.1}}","{""error_rate"": {""min_instances"": 5, ""threshold"": 0.1}}",0.1,0.005,0.15,5,0.05,0.005,0.1,30,,,,-1,two_stage,2,0.5,"__confirm_cooldown=200,__confirm_rule=perm_test,__perm_alpha=0.05,__perm_min_effect=0,__perm_n_perm=200,__perm_post_n=10,__perm_pre_n=200,__perm_rng_seed=0,__perm_stat=vote_score,divergence=0.3,error_rate=0.5,teacher_entropy=0.2",3,0,200,0.0,0,10000,10.0,25.0,200,500,1,72,1.0,0.8260200777202072,0.5650152187617057,0.3333333333333333,0.25007641315460205,0.008271759375929832,0,0,75,74,-1,perm_test,0.004975124378109453,0.47908802483171303,74,74,0,0.0,0.16666666666666666,0,0.0,0.0,0.0,0.0,0,none,0,1,0,overconfident,0.95,0,mild_drift,0.9513580647189681,0.0013903225785902784,0.7612903234608805,0.8491935485209329,1768152353.612581,0.5805484652519226,0.07983584702014923
387,24768,24767,sea_nodrift,sea,ts_drift_adapt,5,"error_divergence_ph_meta@error.threshold=0.10,error.min_instances=5",error_divergence_ph_meta,"{""divergence"": {""alpha"": 0.1, ""delta"": 0.005, ""min_instances"": 30, ""threshold"": 0.05}, ""error_rate"": {""alpha"": 0.15, ""delta"": 0.005, ""min_instances"": 5, ""threshold"": 0.1}}","{""error_rate"": {""min_instances"": 5, ""threshold"": 0.1}}",0.1,0.005,0.15,5,0.05,0.005,0.1,30,,,,-1,two_stage,2,0.5,"__confirm_cooldown=200,__confirm_rule=perm_test,__perm_alpha=0.05,__perm_min_effect=0,__perm_n_perm=200,__perm_post_n=10,__perm_pre_n=200,__perm_rng_seed=0,__perm_stat=vote_score,divergence=0.3,error_rate=0.5,teacher_entropy=0.2",3,0,200,0.0,0,10000,10.0,25.0,200,500,1,8,1.0,0.8260658914728682,0.5653658416410084,0.16666666666666666,0.2395884096622467,0.012342509813606739,0,0,75,74,-1,perm_test,0.004975124378109453,0.47908802483171303,74,74,0,0.0,0.16666666666666666,0,0.0,0.0,0.0,0.0,0,none,0,1,0,overconfident,0.95,0,mild_drift,0.955829032359484,0.0013451612892951392,0.7806451617304403,0.8520967742604664,1768152353.6221867,0.39023855328559875,0.13810133934020996
388,24832,24831,sea_nodrift,sea,ts_drift_adapt,5,"error_divergence_ph_meta@error.threshold=0.10,error.min_instances=5",error_divergence_ph_meta,"{""divergence"": {""alpha"": 0.1, ""delta"": 0.005, ""min_instances"": 30, ""threshold"": 0.05}, ""error_rate"": {""alpha"": 0.15, ""delta"": 0.005, ""min_instances"": 5, ""threshold"": 0.1}}","{""error_rate"": {""min_instances"": 5, ""threshold"": 0.1}}",0.1,0.005,0.15,5,0.05,0.005,0.1,30,,,,-1,two_stage,2,0.5,"__confirm_cooldown=200,__confirm_rule=perm_test,__perm_alpha=0.05,__perm_min_effect=0,__perm_n_perm=200,__perm_post_n=10,__perm_pre_n=200,__perm_rng_seed=0,__perm_stat=vote_score,divergence=0.3,error_rate=0.5,teacher_entropy=0.2",3,0,200,0.0,0,10000,10.0,25.0,200,500,0,0,1.0,0.8261114690721649,0.565544122512593,0.16666666666666666,0.2654303014278412,0.01331900805234909,0,0,75,74,-1,perm_test,0.004975124378109453,0.47908802483171303,74,74,0,0.0,0.0009764982387423515,0,0.0,0.0,0.0,0.0,0,none,0,1,0,overconfident,0.95,0,mild_drift,0.958064516179742,0.0013225806446475695,0.7903225808652201,0.8535483871302332,1768152353.63181,0.5265837907791138,0.14192868769168854
389,24896,24895,sea_nodrift,sea,ts_drift_adapt,5,"error_divergence_ph_meta@error.threshold=0.10,error.min_instances=5",error_divergence_ph_meta,"{""divergence"": {""alpha"": 0.1, ""delta"": 0.005, ""min_instances"": 30, ""threshold"": 0.05}, ""error_rate"": {""alpha"": 0.15, ""delta"": 0.005, ""min_instances"": 5, ""threshold"": 0.1}}","{""error_rate"": {""min_instances"": 5, ""threshold"": 0.1}}",0.1,0.005,0.15,5,0.05,0.005,0.1,30,,,,-1,two_stage,2,0.5,"__confirm_cooldown=200,__confirm_rule=perm_test,__perm_alpha=0.05,__perm_min_effect=0,__perm_n_perm=200,__perm_post_n=10,__perm_pre_n=200,__perm_rng_seed=0,__perm_stat=vote_score,divergence=0.3,error_rate=0.5,teacher_entropy=0.2",3,0,200,0.0,0,10000,10.0,25.0,200,500,0,0,1.0,0.8261568123393316,0.565761434750536,0.16666666666666666,0.26803532242774963,0.011488480493426323,1,1,76,75,0,perm_test,0.004975124378109453,0.4897217939678081,75,75,0,0.16666666666666666,0.0018305275589227676,1,0.5,0.0,0.0,0.0,0,none,1,1,0,overconfident,0.95,0,severe_drift,0.9245322580898709,0.0016612903223237848,0.6451612904326101,0.8317741935651166,1768152353.6473882,0.6048811674118042,0.10330243408679962
390,24960,24959,sea_nodrift,sea,ts_drift_adapt,5,"error_divergence_ph_meta@error.threshold=0.10,error.min_instances=5",error_divergence_ph_meta,"{""divergence"": {""alpha"": 0.1, ""delta"": 0.005, ""min_instances"": 30, ""threshold"": 0.05}, ""error_rate"": {""alpha"": 0.15, ""delta"": 0.005, ""min_instances"": 5, ""threshold"": 0.1}}","{""error_rate"": {""min_instances"": 5, ""threshold"": 0.1}}",0.1,0.005,0.15,5,0.05,0.005,0.1,30,,,,-1,two_stage,2,0.5,"__confirm_cooldown=200,__confirm_rule=perm_test,__perm_alpha=0.05,__perm_min_effect=0,__perm_n_perm=200,__perm_post_n=10,__perm_pre_n=200,__perm_rng_seed=0,__perm_stat=vote_score,divergence=0.3,error_rate=0.5,teacher_entropy=0.2",3,0,200,0.0,0,10000,10.0,25.0,200,500,1,136,1.0,0.8262019230769231,0.5659681581356233,0.16666666666666666,0.25393328070640564,0.012996814213693142,0,0,76,75,-1,perm_test,0.004975124378109453,0.4897217939678081,75,75,0,0.0,0.001508333720266819,0,0.0,0.0,0.0,0.0,0,none,0,1,0,overconfident,0.95,0,mild_drift,0.9424161290449354,0.0014806451611618925,0.722580645216305,0.8433870967825583,1768152353.6570325,0.4372827112674713,0.16040879487991333
391,25024,25023,sea_nodrift,sea,ts_drift_adapt,5,"error_divergence_ph_meta@error.threshold=0.10,error.min_instances=5",error_divergence_ph_meta,"{""divergence"": {""alpha"": 0.1, ""delta"": 0.005, ""min_instances"": 30, ""threshold"": 0.05}, ""error_rate"": {""alpha"": 0.15, ""delta"": 0.005, ""min_instances"": 5, ""threshold"": 0.1}}","{""error_rate"": {""min_instances"": 5, ""threshold"": 0.1}}",0.1,0.005,0.15,5,0.05,0.005,0.1,30,,,,-1,two_stage,2,0.5,"__confirm_cooldown=200,__confirm_rule=perm_test,__perm_alpha=0.05,__perm_min_effect=0,__perm_n_perm=200,__perm_post_n=10,__perm_pre_n=200,__perm_rng_seed=0,__perm_stat=vote_score,divergence=0.3,error_rate=0.5,teacher_entropy=0.2",3,0,200,0.0,0,10000,10.0,25.0,200,500,1,72,1.0,0.8262468030690537,0.5659258668696181,0.16666666666666666,0.275170236825943,0.010696949437260628,0,0,76,75,-1,perm_test,0.004975124378109453,0.4897217939678081,75,75,0,0.0,0.002299864776432514,0,0.0,0.0,0.0,0.0,0,none,0,1,0,overconfident,0.95,0,mild_drift,0.9513580645224677,0.0013903225805809464,0.7612903226081525,0.8491935483912791,1768152353.6666381,0.3129803240299225,0.11649693548679352
392,25088,25087,sea_nodrift,sea,ts_drift_adapt,5,"error_divergence_ph_meta@error.threshold=0.10,error.min_instances=5",error_divergence_ph_meta,"{""divergence"": {""alpha"": 0.1, ""delta"": 0.005, ""min_instances"": 30, ""threshold"": 0.05}, ""error_rate"": {""alpha"": 0.15, ""delta"": 0.005, ""min_instances"": 5, ""threshold"": 0.1}}","{""error_rate"": {""min_instances"": 5, ""threshold"": 0.1}}",0.1,0.005,0.15,5,0.05,0.005,0.1,30,,,,-1,two_stage,2,0.5,"__confirm_cooldown=200,__confirm_rule=perm_test,__perm_alpha=0.05,__perm_min_effect=0,__perm_n_perm=200,__perm_post_n=10,__perm_pre_n=200,__perm_rng_seed=0,__perm_stat=vote_score,divergence=0.3,error_rate=0.5,teacher_entropy=0.2",3,0,200,0.0,0,10000,10.0,25.0,200,500,1,8,1.0,0.8262515943877551,0.5660892028922699,0.16666666666666666,0.2749815881252289,0.015303886495530605,0,0,76,75,-1,perm_test,0.004975124378109453,0.4897217939678081,75,75,0,0.0,0.004606937058269978,0,0.0,0.0,0.0,0.0,0,none,0,1,0,overconfident,0.95,0,mild_drift,0.9558290322612338,0.0013451612902904732,0.7806451613040764,0.8520967741956396,1768152353.6761985,0.5370732545852661,0.153321772813797
393,25152,25151,sea_nodrift,sea,ts_drift_adapt,5,"error_divergence_ph_meta@error.threshold=0.10,error.min_instances=5",error_divergence_ph_meta,"{""divergence"": {""alpha"": 0.1, ""delta"": 0.005, ""min_instances"": 30, ""threshold"": 0.05}, ""error_rate"": {""alpha"": 0.15, ""delta"": 0.005, ""min_instances"": 5, ""threshold"": 0.1}}","{""error_rate"": {""min_instances"": 5, ""threshold"": 0.1}}",0.1,0.005,0.15,5,0.05,0.005,0.1,30,,,,-1,two_stage,2,0.5,"__confirm_cooldown=200,__confirm_rule=perm_test,__perm_alpha=0.05,__perm_min_effect=0,__perm_n_perm=200,__perm_post_n=10,__perm_pre_n=200,__perm_rng_seed=0,__perm_stat=vote_score,divergence=0.3,error_rate=0.5,teacher_entropy=0.2",3,0,200,0.0,0,10000,10.0,25.0,200,500,0,0,1.0,0.8264551526717557,0.5668995287514448,0.16666666666666666,0.22657565772533417,0.008819506503641605,0,0,76,75,-1,perm_test,0.004975124378109453,0.4897217939678081,75,75,0,0.0,0.006484379991889,0,0.0,0.0,0.0,0.0,0,none,0,1,0,overconfident,0.95,0,mild_drift,0.9580645161306169,0.0013225806451452366,0.7903225806520382,0.8535483870978198,1768152353.685908,0.1732991337776184,0.1129230260848999
394,25216,25215,sea_nodrift,sea,ts_drift_adapt,5,"error_divergence_ph_meta@error.threshold=0.10,error.min_instances=5",error_divergence_ph_meta,"{""divergence"": {""alpha"": 0.1, ""delta"": 0.005, ""min_instances"": 30, ""threshold"": 0.05}, ""error_rate"": {""alpha"": 0.15, ""delta"": 0.005, ""min_instances"": 5, ""threshold"": 0.1}}","{""error_rate"": {""min_instances"": 5, ""threshold"": 0.1}}",0.1,0.005,0.15,5,0.05,0.005,0.1,30,,,,-1,two_stage,2,0.5,"__confirm_cooldown=200,__confirm_rule=perm_test,__perm_alpha=0.05,__perm_min_effect=0,__perm_n_perm=200,__perm_post_n=10,__perm_pre_n=200,__perm_rng_seed=0,__perm_stat=vote_score,divergence=0.3,error_rate=0.5,teacher_entropy=0.2",3,0,200,0.0,0,10000,10.0,25.0,200,500,0,0,1.0,0.8265783629441624,0.5674673007607018,0.0,0.212730273604393,0.01812104880809784,1,1,77,76,0,perm_test,0.004975124378109453,0.4954712492883233,76,76,0,0.16666666666666666,0.16666666666666666,1,0.5,0.0,0.0,0.0,0,none,1,1,0,overconfident,0.95,0,severe_drift,0.9245322580653085,0.0016612903225726183,0.6451612903260191,0.8317741935489099,1768152353.7017255,0.02837757207453251,0.14512059092521667
395,25280,25279,sea_nodrift,sea,ts_drift_adapt,5,"error_divergence_ph_meta@error.threshold=0.10,error.min_instances=5",error_divergence_ph_meta,"{""divergence"": {""alpha"": 0.1, ""delta"": 0.005, ""min_instances"": 30, ""threshold"": 0.05}, ""error_rate"": {""alpha"": 0.15, ""delta"": 0.005, ""min_instances"": 5, ""threshold"": 0.1}}","{""error_rate"": {""min_instances"": 5, ""threshold"": 0.1}}",0.1,0.005,0.15,5,0.05,0.005,0.1,30,,,,-1,two_stage,2,0.5,"__confirm_cooldown=200,__confirm_rule=perm_test,__perm_alpha=0.05,__perm_min_effect=0,__perm_n_perm=200,__perm_post_n=10,__perm_pre_n=200,__perm_rng_seed=0,__perm_stat=vote_score,divergence=0.3,error_rate=0.5,teacher_entropy=0.2",3,0,200,0.0,0,10000,10.0,25.0,200,500,1,136,1.0,0.8267800632911393,0.5681416302606332,0.0,0.2030966579914093,0.00707997428253293,0,0,77,76,-1,perm_test,0.004975124378109453,0.4954712492883233,76,76,0,0.0,0.011041074525564909,0,0.0,0.0,0.0,0.0,0,none,0,1,0,overconfident,0.95,0,mild_drift,0.9424161290326543,0.0014806451612863092,0.7225806451630096,0.843387096774455,1768152353.7113945,0.08739738911390305,0.08388203382492065
396,25344,25343,sea_nodrift,sea,ts_drift_adapt,5,"error_divergence_ph_meta@error.threshold=0.10,error.min_instances=5",error_divergence_ph_meta,"{""divergence"": {""alpha"": 0.1, ""delta"": 0.005, ""min_instances"": 30, ""threshold"": 0.05}, ""error_rate"": {""alpha"": 0.15, ""delta"": 0.005, ""min_instances"": 5, ""threshold"": 0.1}}","{""error_rate"": {""min_instances"": 5, ""threshold"": 0.1}}",0.1,0.005,0.15,5,0.05,0.005,0.1,30,,,,-1,two_stage,2,0.5,"__confirm_cooldown=200,__confirm_rule=perm_test,__perm_alpha=0.05,__perm_min_effect=0,__perm_n_perm=200,__perm_post_n=10,__perm_pre_n=200,__perm_rng_seed=0,__perm_stat=vote_score,divergence=0.3,error_rate=0.5,teacher_entropy=0.2",3,0,200,0.0,0,10000,10.0,25.0,200,500,1,72,1.0,0.8269412878787878,0.5685914129672981,0.3333333333333333,0.2167673110961914,0.008098970167338848,0,0,77,76,-1,perm_test,0.004975124378109453,0.4954712492883233,76,76,0,0.0,0.3333333333333333,0,0.0,0.0,0.0,0.0,0,none,0,1,0,overconfident,0.95,0,mild_drift,0.9513580645163271,0.0013903225806431547,0.7612903225815049,0.8491935483872275,1768152353.720984,0.5620914101600647,0.08465451002120972
397,25408,25407,sea_nodrift,sea,ts_drift_adapt,5,"error_divergence_ph_meta@error.threshold=0.10,error.min_instances=5",error_divergence_ph_meta,"{""divergence"": {""alpha"": 0.1, ""delta"": 0.005, ""min_instances"": 30, ""threshold"": 0.05}, ""error_rate"": {""alpha"": 0.15, ""delta"": 0.005, ""min_instances"": 5, ""threshold"": 0.1}}","{""error_rate"": {""min_instances"": 5, ""threshold"": 0.1}}",0.1,0.005,0.15,5,0.05,0.005,0.1,30,,,,-1,two_stage,2,0.5,"__confirm_cooldown=200,__confirm_rule=perm_test,__perm_alpha=0.05,__perm_min_effect=0,__perm_n_perm=200,__perm_post_n=10,__perm_pre_n=200,__perm_rng_seed=0,__perm_stat=vote_score,divergence=0.3,error_rate=0.5,teacher_entropy=0.2",3,0,200,0.0,0,10000,10.0,25.0,200,500,1,8,1.0,0.8269836272040302,0.5688544839229894,0.0,0.2773100435733795,0.014580350369215012,0,0,77,76,-1,perm_test,0.004975124378109453,0.4954712492883233,76,76,0,0.0,0.3333333333333333,0,0.0,0.0,0.0,0.0,0,none,0,1,0,overconfident,0.95,0,mild_drift,0.9558290322581635,0.0013451612903215774,0.7806451612907525,0.8520967741936137,1768152353.7305803,0.03866053745150566,0.1491221785545349
398,25472,25471,sea_nodrift,sea,ts_drift_adapt,5,"error_divergence_ph_meta@error.threshold=0.10,error.min_instances=5",error_divergence_ph_meta,"{""divergence"": {""alpha"": 0.1, ""delta"": 0.005, ""min_instances"": 30, ""threshold"": 0.05}, ""error_rate"": {""alpha"": 0.15, ""delta"": 0.005, ""min_instances"": 5, ""threshold"": 0.1}}","{""error_rate"": {""min_instances"": 5, ""threshold"": 0.1}}",0.1,0.005,0.15,5,0.05,0.005,0.1,30,,,,-1,two_stage,2,0.5,"__confirm_cooldown=200,__confirm_rule=perm_test,__perm_alpha=0.05,__perm_min_effect=0,__perm_n_perm=200,__perm_post_n=10,__perm_pre_n=200,__perm_rng_seed=0,__perm_stat=vote_score,divergence=0.3,error_rate=0.5,teacher_entropy=0.2",3,0,200,0.0,0,10000,10.0,25.0,200,500,0,0,1.0,0.8271827889447236,0.5692675771175214,0.0,0.25561782717704773,0.006483196746557951,0,0,77,76,-1,perm_test,0.004975124378109453,0.4954712492883233,76,76,0,0.0,0.00809715362265706,0,0.0,0.0,0.0,0.0,0,none,0,1,0,overconfident,0.95,0,mild_drift,0.9580645161290817,0.0013225806451607888,0.7903225806453762,0.8535483870968068,1768152353.740148,0.18630248308181763,0.09377248585224152
399,25536,25535,sea_nodrift,sea,ts_drift_adapt,5,"error_divergence_ph_meta@error.threshold=0.10,error.min_instances=5",error_divergence_ph_meta,"{""divergence"": {""alpha"": 0.1, ""delta"": 0.005, ""min_instances"": 30, ""threshold"": 0.05}, ""error_rate"": {""alpha"": 0.15, ""delta"": 0.005, ""min_instances"": 5, ""threshold"": 0.1}}","{""error_rate"": {""min_instances"": 5, ""threshold"": 0.1}}",0.1,0.005,0.15,5,0.05,0.005,0.1,30,,,,-1,two_stage,2,0.5,"__confirm_cooldown=200,__confirm_rule=perm_test,__perm_alpha=0.05,__perm_min_effect=0,__perm_n_perm=200,__perm_post_n=10,__perm_pre_n=200,__perm_rng_seed=0,__perm_stat=vote_score,divergence=0.3,error_rate=0.5,teacher_entropy=0.2",3,0,200,0.0,0,10000,10.0,25.0,200,500,0,0,1.0,0.8273809523809523,0.5697938894900734,0.0,0.2774165868759155,0.01153585221618414,1,1,78,77,0,perm_test,0.004975124378109453,0.4831364225313911,77,77,0,0.0,0.005052655469626188,1,0.5,0.0,0.0,0.0,0,none,1,1,0,overconfident,0.95,0,stable,0.9740322580645409,0.0010612903225803944,0.8951612903226881,0.8992741935484034,1768152353.7557077,0.16791470348834991,0.13677582144737244
400,25600,25599,sea_nodrift,sea,ts_drift_adapt,5,"error_divergence_ph_meta@error.threshold=0.10,error.min_instances=5",error_divergence_ph_meta,"{""divergence"": {""alpha"": 0.1, ""delta"": 0.005, ""min_instances"": 30, ""threshold"": 0.05}, ""error_rate"": {""alpha"": 0.15, ""delta"": 0.005, ""min_instances"": 5, ""threshold"": 0.1}}","{""error_rate"": {""min_instances"": 5, ""threshold"": 0.1}}",0.1,0.005,0.15,5,0.05,0.005,0.1,30,,,,-1,two_stage,2,0.5,"__confirm_cooldown=200,__confirm_rule=perm_test,__perm_alpha=0.05,__perm_min_effect=0,__perm_n_perm=200,__perm_post_n=10,__perm_pre_n=200,__perm_rng_seed=0,__perm_stat=vote_score,divergence=0.3,error_rate=0.5,teacher_entropy=0.2",3,0,200,0.0,0,10000,10.0,25.0,200,500,1,136,1.0,0.827421875,0.5700514772850717,0.0,0.28806185722351074,0.008049171417951584,0,0,78,77,-1,perm_test,0.004975124378109453,0.4831364225313911,77,77,0,0.0,0.0034866807982325554,0,0.0,0.0,0.0,0.0,0,none,0,1,0,overconfident,0.95,0,mild_drift,0.9671661290322704,0.0011806451612901973,0.8475806451613441,0.8771370967742017,1768152353.7652428,0.045168813318014145,0.07562745362520218
401,25664,25663,sea_nodrift,sea,ts_drift_adapt,5,"error_divergence_ph_meta@error.threshold=0.10,error.min_instances=5",error_divergence_ph_meta,"{""divergence"": {""alpha"": 0.1, ""delta"": 0.005, ""min_instances"": 30, ""threshold"": 0.05}, ""error_rate"": {""alpha"": 0.15, ""delta"": 0.005, ""min_instances"": 5, ""threshold"": 0.1}}","{""error_rate"": {""min_instances"": 5, ""threshold"": 0.1}}",0.1,0.005,0.15,5,0.05,0.005,0.1,30,,,,-1,two_stage,2,0.5,"__confirm_cooldown=200,__confirm_rule=perm_test,__perm_alpha=0.05,__perm_min_effect=0,__perm_n_perm=200,__perm_post_n=10,__perm_pre_n=200,__perm_rng_seed=0,__perm_stat=vote_score,divergence=0.3,error_rate=0.5,teacher_entropy=0.2",3,0,200,0.0,0,10000,10.0,25.0,200,500,1,72,1.0,0.8276574189526185,0.5707780437944528,0.0,0.2547251880168915,0.006842926610261202,0,0,78,77,-1,perm_test,0.004975124378109453,0.4831364225313911,77,77,0,0.0,0.001206244807690382,0,0.0,0.0,0.0,0.0,0,none,0,1,0,overconfident,0.95,0,mild_drift,0.9637330645161352,0.0012403225806450987,0.8237903225806721,0.8660685483871009,1768152353.774672,0.18524503707885742,0.07711100578308105
402,25728,25727,sea_nodrift,sea,ts_drift_adapt,5,"error_divergence_ph_meta@error.threshold=0.10,error.min_instances=5",error_divergence_ph_meta,"{""divergence"": {""alpha"": 0.1, ""delta"": 0.005, ""min_instances"": 30, ""threshold"": 0.05}, ""error_rate"": {""alpha"": 0.15, ""delta"": 0.005, ""min_instances"": 5, ""threshold"": 0.1}}","{""error_rate"": {""min_instances"": 5, ""threshold"": 0.1}}",0.1,0.005,0.15,5,0.05,0.005,0.1,30,,,,-1,two_stage,2,0.5,"__confirm_cooldown=200,__confirm_rule=perm_test,__perm_alpha=0.05,__perm_min_effect=0,__perm_n_perm=200,__perm_post_n=10,__perm_pre_n=200,__perm_rng_seed=0,__perm_stat=vote_score,divergence=0.3,error_rate=0.5,teacher_entropy=0.2",3,0,200,0.0,0,10000,10.0,25.0,200,500,1,8,1.0,0.8277751865671642,0.5710441973665633,0.0,0.29040834307670593,0.010721823200583458,0,0,78,77,-1,perm_test,0.004975124378109453,0.4831364225313911,77,77,0,0.0,0.003878896590322256,0,0.0,0.0,0.0,0.0,0,none,0,1,0,overconfident,0.95,0,mild_drift,0.9620165322580676,0.0012701612903225495,0.811895161290336,0.8605342741935504,1768152353.7843351,0.14664053916931152,0.10018076747655869
403,25792,25791,sea_nodrift,sea,ts_drift_adapt,5,"error_divergence_ph_meta@error.threshold=0.10,error.min_instances=5",error_divergence_ph_meta,"{""divergence"": {""alpha"": 0.1, ""delta"": 0.005, ""min_instances"": 30, ""threshold"": 0.05}, ""error_rate"": {""alpha"": 0.15, ""delta"": 0.005, ""min_instances"": 5, ""threshold"": 0.1}}","{""error_rate"": {""min_instances"": 5, ""threshold"": 0.1}}",0.1,0.005,0.15,5,0.05,0.005,0.1,30,,,,-1,two_stage,2,0.5,"__confirm_cooldown=200,__confirm_rule=perm_test,__perm_alpha=0.05,__perm_min_effect=0,__perm_n_perm=200,__perm_post_n=10,__perm_pre_n=200,__perm_rng_seed=0,__perm_stat=vote_score,divergence=0.3,error_rate=0.5,teacher_entropy=0.2",3,0,200,0.0,0,10000,10.0,25.0,200,500,0,0,1.0,0.8278148263027295,0.5713885796084308,0.16666666666666666,0.30428454279899597,0.013020431622862816,0,0,78,77,-1,perm_test,0.004975124378109453,0.4831364225313911,77,77,0,0.0,0.16666666666666666,0,0.0,0.0,0.0,0.0,0,none,0,1,0,overconfident,0.95,0,mild_drift,0.9611582661290338,0.0012850806451612747,0.805947580645168,0.8577671370967752,1768152353.7940197,0.662105143070221,0.10720944404602051
404,25856,25855,sea_nodrift,sea,ts_drift_adapt,5,"error_divergence_ph_meta@error.threshold=0.10,error.min_instances=5",error_divergence_ph_meta,"{""divergence"": {""alpha"": 0.1, ""delta"": 0.005, ""min_instances"": 30, ""threshold"": 0.05}, ""error_rate"": {""alpha"": 0.15, ""delta"": 0.005, ""min_instances"": 5, ""threshold"": 0.1}}","{""error_rate"": {""min_instances"": 5, ""threshold"": 0.1}}",0.1,0.005,0.15,5,0.05,0.005,0.1,30,,,,-1,two_stage,2,0.5,"__confirm_cooldown=200,__confirm_rule=perm_test,__perm_alpha=0.05,__perm_min_effect=0,__perm_n_perm=200,__perm_post_n=10,__perm_pre_n=200,__perm_rng_seed=0,__perm_stat=vote_score,divergence=0.3,error_rate=0.5,teacher_entropy=0.2",3,0,200,0.0,0,10000,10.0,25.0,200,500,0,0,1.0,0.8280089727722773,0.5717778543453697,0.0,0.3107864558696747,0.012454884126782417,1,1,79,78,0,perm_test,0.004975124378109453,0.49652172497446007,78,78,0,0.0,0.16666666666666666,1,0.5,0.0,0.0,0.0,0,none,1,1,0,overconfident,0.95,0,stable,0.9755791330645169,0.0010425403225806373,0.9029737903225841,0.9013835685483876,1768152353.809511,0.0878581777215004,0.11497274041175842
405,25920,25919,sea_nodrift,sea,ts_drift_adapt,5,"error_divergence_ph_meta@error.threshold=0.10,error.min_instances=5",error_divergence_ph_meta,"{""divergence"": {""alpha"": 0.1, ""delta"": 0.005, ""min_instances"": 30, ""threshold"": 0.05}, ""error_rate"": {""alpha"": 0.15, ""delta"": 0.005, ""min_instances"": 5, ""threshold"": 0.1}}","{""error_rate"": {""min_instances"": 5, ""threshold"": 0.1}}",0.1,0.005,0.15,5,0.05,0.005,0.1,30,,,,-1,two_stage,2,0.5,"__confirm_cooldown=200,__confirm_rule=perm_test,__perm_alpha=0.05,__perm_min_effect=0,__perm_n_perm=200,__perm_post_n=10,__perm_pre_n=200,__perm_rng_seed=0,__perm_stat=vote_score,divergence=0.3,error_rate=0.5,teacher_entropy=0.2",3,0,200,0.0,0,10000,10.0,25.0,200,500,1,136,1.0,0.8281635802469136,0.5721586391600761,0.3333333333333333,0.23255608975887299,0.011163373477756977,0,0,79,78,-1,perm_test,0.004975124378109453,0.49652172497446007,78,78,0,0.0,0.3333333333333333,0,0.0,0.0,0.0,0.0,0,none,0,1,0,overconfident,0.95,0,mild_drift,0.9679395665322584,0.0011712701612903186,0.8514868951612921,0.8781917842741938,1768152353.8190541,0.613032341003418,0.08443249762058258
406,25984,25983,sea_nodrift,sea,ts_drift_adapt,5,"error_divergence_ph_meta@error.threshold=0.10,error.min_instances=5",error_divergence_ph_meta,"{""divergence"": {""alpha"": 0.1, ""delta"": 0.005, ""min_instances"": 30, ""threshold"": 0.05}, ""error_rate"": {""alpha"": 0.15, ""delta"": 0.005, ""min_instances"": 5, ""threshold"": 0.1}}","{""error_rate"": {""min_instances"": 5, ""threshold"": 0.1}}",0.1,0.005,0.15,5,0.05,0.005,0.1,30,,,,-1,two_stage,2,0.5,"__confirm_cooldown=200,__confirm_rule=perm_test,__perm_alpha=0.05,__perm_min_effect=0,__perm_n_perm=200,__perm_post_n=10,__perm_pre_n=200,__perm_rng_seed=0,__perm_stat=vote_score,divergence=0.3,error_rate=0.5,teacher_entropy=0.2",3,0,200,0.0,0,10000,10.0,25.0,200,500,1,72,1.0,0.8283174261083743,0.5725578687685011,0.0,0.281549870967865,0.009537426754832268,0,0,79,78,-1,perm_test,0.004975124378109453,0.49652172497446007,78,78,0,0.0,0.3333333333333333,0,0.0,0.0,0.0,0.0,0,none,0,1,0,overconfident,0.95,0,mild_drift,0.9641197832661292,0.0012356350806451595,0.825743447580646,0.8665958921370969,1768152353.8284469,0.05637957528233528,0.09929221123456955
407,26048,26047,sea_nodrift,sea,ts_drift_adapt,5,"error_divergence_ph_meta@error.threshold=0.10,error.min_instances=5",error_divergence_ph_meta,"{""divergence"": {""alpha"": 0.1, ""delta"": 0.005, ""min_instances"": 30, ""threshold"": 0.05}, ""error_rate"": {""alpha"": 0.15, ""delta"": 0.005, ""min_instances"": 5, ""threshold"": 0.1}}","{""error_rate"": {""min_instances"": 5, ""threshold"": 0.1}}",0.1,0.005,0.15,5,0.05,0.005,0.1,30,,,,-1,two_stage,2,0.5,"__confirm_cooldown=200,__confirm_rule=perm_test,__perm_alpha=0.05,__perm_min_effect=0,__perm_n_perm=200,__perm_post_n=10,__perm_pre_n=200,__perm_rng_seed=0,__perm_stat=vote_score,divergence=0.3,error_rate=0.5,teacher_entropy=0.2",3,0,200,0.0,0,10000,10.0,25.0,200,500,1,8,1.0,0.8283937346437347,0.5727149781509316,0.0,0.2639417350292206,0.007938187569379807,0,0,79,78,-1,perm_test,0.004975124378109453,0.49652172497446007,78,78,0,0.0,0.0015992391854524612,0,0.0,0.0,0.0,0.0,0,none,0,1,0,overconfident,0.95,0,mild_drift,0.9622098916330646,0.0012678175403225797,0.812871723790323,0.8607979460685484,1768152353.838029,0.026606321334838867,0.06565632671117783
408,26112,26111,sea_nodrift,sea,ts_drift_adapt,5,"error_divergence_ph_meta@error.threshold=0.10,error.min_instances=5",error_divergence_ph_meta,"{""divergence"": {""alpha"": 0.1, ""delta"": 0.005, ""min_instances"": 30, ""threshold"": 0.05}, ""error_rate"": {""alpha"": 0.15, ""delta"": 0.005, ""min_instances"": 5, ""threshold"": 0.1}}","{""error_rate"": {""min_instances"": 5, ""threshold"": 0.1}}",0.1,0.005,0.15,5,0.05,0.005,0.1,30,,,,-1,two_stage,2,0.5,"__confirm_cooldown=200,__confirm_rule=perm_test,__perm_alpha=0.05,__perm_min_effect=0,__perm_n_perm=200,__perm_post_n=10,__perm_pre_n=200,__perm_rng_seed=0,__perm_stat=vote_score,divergence=0.3,error_rate=0.5,teacher_entropy=0.2",3,0,200,0.0,0,10000,10.0,25.0,200,500,0,0,1.0,0.8286611519607843,0.573382665414872,0.16666666666666666,0.23977543413639069,0.011748391203582287,0,0,79,78,-1,perm_test,0.004975124378109453,0.49652172497446007,78,78,0,0.0,0.16666666666666666,0,0.0,0.0,0.0,0.0,0,none,0,1,0,overconfident,0.95,0,mild_drift,0.9612549458165323,0.00128390877016129,0.8064358618951615,0.8578989730342742,1768152353.8476093,0.232915997505188,0.08831924200057983
409,26176,26175,sea_nodrift,sea,ts_drift_adapt,5,"error_divergence_ph_meta@error.threshold=0.10,error.min_instances=5",error_divergence_ph_meta,"{""divergence"": {""alpha"": 0.1, ""delta"": 0.005, ""min_instances"": 30, ""threshold"": 0.05}, ""error_rate"": {""alpha"": 0.15, ""delta"": 0.005, ""min_instances"": 5, ""threshold"": 0.1}}","{""error_rate"": {""min_instances"": 5, ""threshold"": 0.1}}",0.1,0.005,0.15,5,0.05,0.005,0.1,30,,,,-1,two_stage,2,0.5,"__confirm_cooldown=200,__confirm_rule=perm_test,__perm_alpha=0.05,__perm_min_effect=0,__perm_n_perm=200,__perm_post_n=10,__perm_pre_n=200,__perm_rng_seed=0,__perm_stat=vote_score,divergence=0.3,error_rate=0.5,teacher_entropy=0.2",3,0,200,0.0,0,10000,10.0,25.0,200,500,0,0,1.0,0.8287744498777506,0.5737488686095584,0.16666666666666666,0.29234543442726135,0.010059591382741928,1,1,80,79,0,perm_test,0.004975124378109453,0.544835590580194,79,79,0,0.16666666666666666,0.0016887998208403587,1,0.5,0.0,0.0,0.0,0,none,1,1,0,overconfident,0.95,0,severe_drift,0.9261274729082661,0.001641954385080645,0.6532179309475807,0.8339494865171371,1768152353.8632004,0.2421676516532898,0.0893298089504242
410,26240,26239,sea_nodrift,sea,ts_drift_adapt,5,"error_divergence_ph_meta@error.threshold=0.10,error.min_instances=5",error_divergence_ph_meta,"{""divergence"": {""alpha"": 0.1, ""delta"": 0.005, ""min_instances"": 30, ""threshold"": 0.05}, ""error_rate"": {""alpha"": 0.15, ""delta"": 0.005, ""min_instances"": 5, ""threshold"": 0.1}}","{""error_rate"": {""min_instances"": 5, ""threshold"": 0.1}}",0.1,0.005,0.15,5,0.05,0.005,0.1,30,,,,-1,two_stage,2,0.5,"__confirm_cooldown=200,__confirm_rule=perm_test,__perm_alpha=0.05,__perm_min_effect=0,__perm_n_perm=200,__perm_post_n=10,__perm_pre_n=200,__perm_rng_seed=0,__perm_stat=vote_score,divergence=0.3,error_rate=0.5,teacher_entropy=0.2",3,0,200,0.0,0,10000,10.0,25.0,200,500,1,136,1.0,0.8289253048780488,0.5740834011077334,0.0,0.2848682403564453,0.0057291206903755665,0,0,80,79,-1,perm_test,0.004975124378109453,0.544835590580194,79,79,0,0.0,0.16666666666666666,0,0.0,0.0,0.0,0.0,0,none,0,1,0,overconfident,0.95,0,mild_drift,0.9432137364541331,0.0014709771925403227,0.7266089654737904,0.8444747432585685,1768152353.8728309,0.04608692228794098,0.08434711396694183
411,26304,26303,sea_nodrift,sea,ts_drift_adapt,5,"error_divergence_ph_meta@error.threshold=0.10,error.min_instances=5",error_divergence_ph_meta,"{""divergence"": {""alpha"": 0.1, ""delta"": 0.005, ""min_instances"": 30, ""threshold"": 0.05}, ""error_rate"": {""alpha"": 0.15, ""delta"": 0.005, ""min_instances"": 5, ""threshold"": 0.1}}","{""error_rate"": {""min_instances"": 5, ""threshold"": 0.1}}",0.1,0.005,0.15,5,0.05,0.005,0.1,30,,,,-1,two_stage,2,0.5,"__confirm_cooldown=200,__confirm_rule=perm_test,__perm_alpha=0.05,__perm_min_effect=0,__perm_n_perm=200,__perm_post_n=10,__perm_pre_n=200,__perm_rng_seed=0,__perm_stat=vote_score,divergence=0.3,error_rate=0.5,teacher_entropy=0.2",3,0,200,0.0,0,10000,10.0,25.0,200,500,1,72,1.0,0.8290374087591241,0.5744009505975034,0.16666666666666666,0.24659456312656403,0.009342623874545097,0,0,80,79,-1,perm_test,0.004975124378109453,0.544835590580194,79,79,0,0.0,0.16666666666666666,0,0.0,0.0,0.0,0.0,0,none,0,1,0,overconfident,0.95,0,mild_drift,0.9517568682270665,0.0013854885962701615,0.7633044827368952,0.8497373716292842,1768152353.882397,0.20667040348052979,0.09036338329315186
412,26368,26367,sea_nodrift,sea,ts_drift_adapt,5,"error_divergence_ph_meta@error.threshold=0.10,error.min_instances=5",error_divergence_ph_meta,"{""divergence"": {""alpha"": 0.1, ""delta"": 0.005, ""min_instances"": 30, ""threshold"": 0.05}, ""error_rate"": {""alpha"": 0.15, ""delta"": 0.005, ""min_instances"": 5, ""threshold"": 0.1}}","{""error_rate"": {""min_instances"": 5, ""threshold"": 0.1}}",0.1,0.005,0.15,5,0.05,0.005,0.1,30,,,,-1,two_stage,2,0.5,"__confirm_cooldown=200,__confirm_rule=perm_test,__perm_alpha=0.05,__perm_min_effect=0,__perm_n_perm=200,__perm_post_n=10,__perm_pre_n=200,__perm_rng_seed=0,__perm_stat=vote_score,divergence=0.3,error_rate=0.5,teacher_entropy=0.2",3,0,200,0.0,0,10000,10.0,25.0,200,500,1,8,1.0,0.8290351941747572,0.5745375171560246,0.16666666666666666,0.2662712633609772,0.00926878023892641,0,0,80,79,-1,perm_test,0.004975124378109453,0.544835590580194,79,79,0,0.0,7.384363561868668e-05,0,0.0,0.0,0.0,0.0,0,none,0,1,0,overconfident,0.95,0,mild_drift,0.9560284341135332,0.0013427442981350807,0.7816522413684477,0.8523686858146421,1768152353.8919556,0.47308406233787537,0.08827179670333862
413,26432,26431,sea_nodrift,sea,ts_drift_adapt,5,"error_divergence_ph_meta@error.threshold=0.10,error.min_instances=5",error_divergence_ph_meta,"{""divergence"": {""alpha"": 0.1, ""delta"": 0.005, ""min_instances"": 30, ""threshold"": 0.05}, ""error_rate"": {""alpha"": 0.15, ""delta"": 0.005, ""min_instances"": 5, ""threshold"": 0.1}}","{""error_rate"": {""min_instances"": 5, ""threshold"": 0.1}}",0.1,0.005,0.15,5,0.05,0.005,0.1,30,,,,-1,two_stage,2,0.5,"__confirm_cooldown=200,__confirm_rule=perm_test,__perm_alpha=0.05,__perm_min_effect=0,__perm_n_perm=200,__perm_post_n=10,__perm_pre_n=200,__perm_rng_seed=0,__perm_stat=vote_score,divergence=0.3,error_rate=0.5,teacher_entropy=0.2",3,0,200,0.0,0,10000,10.0,25.0,200,500,0,0,1.0,0.8291843220338984,0.5750133406956559,0.0,0.28273943066596985,0.014401081949472427,0,0,80,79,-1,perm_test,0.004975124378109453,0.544835590580194,79,79,0,0.0,0.16666666666666666,0,0.0,0.0,0.0,0.0,0,none,0,1,0,overconfident,0.95,0,mild_drift,0.9581642170567666,0.0013213721490675403,0.7908261206842239,0.8536843429073211,1768152353.9015346,0.141180157661438,0.11822675168514252
414,26496,26495,sea_nodrift,sea,ts_drift_adapt,5,"error_divergence_ph_meta@error.threshold=0.10,error.min_instances=5",error_divergence_ph_meta,"{""divergence"": {""alpha"": 0.1, ""delta"": 0.005, ""min_instances"": 30, ""threshold"": 0.05}, ""error_rate"": {""alpha"": 0.15, ""delta"": 0.005, ""min_instances"": 5, ""threshold"": 0.1}}","{""error_rate"": {""min_instances"": 5, ""threshold"": 0.1}}",0.1,0.005,0.15,5,0.05,0.005,0.1,30,,,,-1,two_stage,2,0.5,"__confirm_cooldown=200,__confirm_rule=perm_test,__perm_alpha=0.05,__perm_min_effect=0,__perm_n_perm=200,__perm_post_n=10,__perm_pre_n=200,__perm_rng_seed=0,__perm_stat=vote_score,divergence=0.3,error_rate=0.5,teacher_entropy=0.2",3,0,200,0.0,0,10000,10.0,25.0,200,500,0,0,1.0,0.8292572463768116,0.5750729423604711,0.0,0.27178505063056946,0.013793080113828182,1,1,81,80,0,perm_test,0.004975124378109453,0.4722788607121435,80,80,0,0.16666666666666666,0.0006080018356442451,1,0.5,0.0,0.0,0.0,0,none,1,1,0,overconfident,0.95,0,severe_drift,0.9245821085283833,0.0016606860745337702,0.645413060342112,0.8318421714536606,1768152353.9167306,0.07501683384180069,0.12547291815280914
415,26560,26559,sea_nodrift,sea,ts_drift_adapt,5,"error_divergence_ph_meta@error.threshold=0.10,error.min_instances=5",error_divergence_ph_meta,"{""divergence"": {""alpha"": 0.1, ""delta"": 0.005, ""min_instances"": 30, ""threshold"": 0.05}, ""error_rate"": {""alpha"": 0.15, ""delta"": 0.005, ""min_instances"": 5, ""threshold"": 0.1}}","{""error_rate"": {""min_instances"": 5, ""threshold"": 0.1}}",0.1,0.005,0.15,5,0.05,0.005,0.1,30,,,,-1,two_stage,2,0.5,"__confirm_cooldown=200,__confirm_rule=perm_test,__perm_alpha=0.05,__perm_min_effect=0,__perm_n_perm=200,__perm_post_n=10,__perm_pre_n=200,__perm_rng_seed=0,__perm_stat=vote_score,divergence=0.3,error_rate=0.5,teacher_entropy=0.2",3,0,200,0.0,0,10000,10.0,25.0,200,500,1,136,1.0,0.8295557228915663,0.5757588322853343,0.0,0.21756798028945923,0.005837683100253344,0,0,81,80,-1,perm_test,0.004975124378109453,0.4722788607121435,80,80,0,0.0,0.007955397013574839,0,0.0,0.0,0.0,0.0,0,none,0,1,0,overconfident,0.95,0,mild_drift,0.9424410542641917,0.0014803430372668852,0.722706530171056,0.8434210857268303,1768152353.9263954,0.1193232610821724,0.09096665680408478
416,26624,26623,sea_nodrift,sea,ts_drift_adapt,5,"error_divergence_ph_meta@error.threshold=0.10,error.min_instances=5",error_divergence_ph_meta,"{""divergence"": {""alpha"": 0.1, ""delta"": 0.005, ""min_instances"": 30, ""threshold"": 0.05}, ""error_rate"": {""alpha"": 0.15, ""delta"": 0.005, ""min_instances"": 5, ""threshold"": 0.1}}","{""error_rate"": {""min_instances"": 5, ""threshold"": 0.1}}",0.1,0.005,0.15,5,0.05,0.005,0.1,30,,,,-1,two_stage,2,0.5,"__confirm_cooldown=200,__confirm_rule=perm_test,__perm_alpha=0.05,__perm_min_effect=0,__perm_n_perm=200,__perm_post_n=10,__perm_pre_n=200,__perm_rng_seed=0,__perm_stat=vote_score,divergence=0.3,error_rate=0.5,teacher_entropy=0.2",3,0,200,0.0,0,10000,10.0,25.0,200,500,1,72,1.0,0.8296274038461539,0.5759690759662004,0.16666666666666666,0.2513662576675415,0.00845979992300272,0,0,81,80,-1,perm_test,0.004975124378109453,0.4722788607121435,80,80,0,0.0,0.16666666666666666,0,0.0,0.0,0.0,0.0,0,none,0,1,0,overconfident,0.95,0,mild_drift,0.9513705271320958,0.0013901715186334426,0.761353265085528,0.8492105428634151,1768152353.9358573,0.32201752066612244,0.11185421049594879
417,26688,26687,sea_nodrift,sea,ts_drift_adapt,5,"error_divergence_ph_meta@error.threshold=0.10,error.min_instances=5",error_divergence_ph_meta,"{""divergence"": {""alpha"": 0.1, ""delta"": 0.005, ""min_instances"": 30, ""threshold"": 0.05}, ""error_rate"": {""alpha"": 0.15, ""delta"": 0.005, ""min_instances"": 5, ""threshold"": 0.1}}","{""error_rate"": {""min_instances"": 5, ""threshold"": 0.1}}",0.1,0.005,0.15,5,0.05,0.005,0.1,30,,,,-1,two_stage,2,0.5,"__confirm_cooldown=200,__confirm_rule=perm_test,__perm_alpha=0.05,__perm_min_effect=0,__perm_n_perm=200,__perm_post_n=10,__perm_pre_n=200,__perm_rng_seed=0,__perm_stat=vote_score,divergence=0.3,error_rate=0.5,teacher_entropy=0.2",3,0,200,0.0,0,10000,10.0,25.0,200,500,1,8,1.0,0.8298111510791367,0.5764638372650356,0.16666666666666666,0.2263406664133072,0.007180155720561743,0,0,81,80,-1,perm_test,0.004975124378109453,0.4722788607121435,80,80,0,0.0,0.001279644202440977,0,0.0,0.0,0.0,0.0,0,none,0,1,0,overconfident,0.95,0,mild_drift,0.9558352635660479,0.0013450857593167212,0.7806766325427641,0.8521052714317076,1768152353.9455159,0.3404861390590668,0.07531851530075073
418,26752,26751,sea_nodrift,sea,ts_drift_adapt,5,"error_divergence_ph_meta@error.threshold=0.10,error.min_instances=5",error_divergence_ph_meta,"{""divergence"": {""alpha"": 0.1, ""delta"": 0.005, ""min_instances"": 30, ""threshold"": 0.05}, ""error_rate"": {""alpha"": 0.15, ""delta"": 0.005, ""min_instances"": 5, ""threshold"": 0.1}}","{""error_rate"": {""min_instances"": 5, ""threshold"": 0.1}}",0.1,0.005,0.15,5,0.05,0.005,0.1,30,,,,-1,two_stage,2,0.5,"__confirm_cooldown=200,__confirm_rule=perm_test,__perm_alpha=0.05,__perm_min_effect=0,__perm_n_perm=200,__perm_post_n=10,__perm_pre_n=200,__perm_rng_seed=0,__perm_stat=vote_score,divergence=0.3,error_rate=0.5,teacher_entropy=0.2",3,0,200,0.0,0,10000,10.0,25.0,200,500,0,0,1.0,0.8300687799043063,0.5770983709245339,0.16666666666666666,0.21521061658859253,0.012043172493577003,0,0,81,80,-1,perm_test,0.004975124378109453,0.4722788607121435,80,80,0,0.0,0.004863016773015261,0,0.0,0.0,0.0,0.0,0,none,0,1,0,overconfident,0.95,0,mild_drift,0.9580676317830239,0.0013225428796583608,0.7903383162713821,0.8535526357158538,1768152353.9551287,0.16153641045093536,0.1350991278886795
419,26816,26815,sea_nodrift,sea,ts_drift_adapt,5,"error_divergence_ph_meta@error.threshold=0.10,error.min_instances=5",error_divergence_ph_meta,"{""divergence"": {""alpha"": 0.1, ""delta"": 0.005, ""min_instances"": 30, ""threshold"": 0.05}, ""error_rate"": {""alpha"": 0.15, ""delta"": 0.005, ""min_instances"": 5, ""threshold"": 0.1}}","{""error_rate"": {""min_instances"": 5, ""threshold"": 0.1}}",0.1,0.005,0.15,5,0.05,0.005,0.1,30,,,,-1,two_stage,2,0.5,"__confirm_cooldown=200,__confirm_rule=perm_test,__perm_alpha=0.05,__perm_min_effect=0,__perm_n_perm=200,__perm_post_n=10,__perm_pre_n=200,__perm_rng_seed=0,__perm_stat=vote_score,divergence=0.3,error_rate=0.5,teacher_entropy=0.2",3,0,200,0.0,0,10000,10.0,25.0,200,500,0,0,1.0,0.830138723150358,0.5775015937745658,0.0,0.250763475894928,0.012919205240905285,1,1,82,81,0,perm_test,0.004975124378109453,0.47256007130802447,81,81,0,0.0,0.16666666666666666,1,0.5,0.0,0.0,0.0,0,none,1,1,0,overconfident,0.95,0,stable,0.974033815891512,0.0010612714398291804,0.8951691581356911,0.8992763178579269,1768152353.9704256,0.10108209401369095,0.12244753539562225
420,26880,26879,sea_nodrift,sea,ts_drift_adapt,5,"error_divergence_ph_meta@error.threshold=0.10,error.min_instances=5",error_divergence_ph_meta,"{""divergence"": {""alpha"": 0.1, ""delta"": 0.005, ""min_instances"": 30, ""threshold"": 0.05}, ""error_rate"": {""alpha"": 0.15, ""delta"": 0.005, ""min_instances"": 5, ""threshold"": 0.1}}","{""error_rate"": {""min_instances"": 5, ""threshold"": 0.1}}",0.1,0.005,0.15,5,0.05,0.005,0.1,30,,,,-1,two_stage,2,0.5,"__confirm_cooldown=200,__confirm_rule=perm_test,__perm_alpha=0.05,__perm_min_effect=0,__perm_n_perm=200,__perm_post_n=10,__perm_pre_n=200,__perm_rng_seed=0,__perm_stat=vote_score,divergence=0.3,error_rate=0.5,teacher_entropy=0.2",3,0,200,0.0,0,10000,10.0,25.0,200,500,1,136,1.0,0.8301711309523809,0.5778393861397589,0.5,0.2600945830345154,0.012728325091302395,0,0,82,81,-1,perm_test,0.004975124378109453,0.47256007130802447,81,81,0,0.0,0.5,0,0.0,0.0,0.0,0.0,0,none,0,1,0,overconfident,0.95,0,mild_drift,0.9671669079457559,0.0011806357199145904,0.8475845790678456,0.8771381589289635,1768152353.9802125,0.586645245552063,0.09545715153217316
421,26944,26943,sea_nodrift,sea,ts_drift_adapt,5,"error_divergence_ph_meta@error.threshold=0.10,error.min_instances=5",error_divergence_ph_meta,"{""divergence"": {""alpha"": 0.1, ""delta"": 0.005, ""min_instances"": 30, ""threshold"": 0.05}, ""error_rate"": {""alpha"": 0.15, ""delta"": 0.005, ""min_instances"": 5, ""threshold"": 0.1}}","{""error_rate"": {""min_instances"": 5, ""threshold"": 0.1}}",0.1,0.005,0.15,5,0.05,0.005,0.1,30,,,,-1,two_stage,2,0.5,"__confirm_cooldown=200,__confirm_rule=perm_test,__perm_alpha=0.05,__perm_min_effect=0,__perm_n_perm=200,__perm_post_n=10,__perm_pre_n=200,__perm_rng_seed=0,__perm_stat=vote_score,divergence=0.3,error_rate=0.5,teacher_entropy=0.2",3,0,200,0.0,0,10000,10.0,25.0,200,500,1,72,1.0,0.830314726840855,0.5780611439390518,0.0,0.24058181047439575,0.01059660967439413,0,0,82,81,-1,perm_test,0.004975124378109453,0.47256007130802447,81,81,0,0.0,0.5,0,0.0,0.0,0.0,0.0,0,none,0,1,0,overconfident,0.95,0,mild_drift,0.9637334539728779,0.0012403178599572954,0.8237922895339228,0.8660690794644818,1768152353.9896467,0.15585662424564362,0.07629729807376862
422,27008,27007,sea_nodrift,sea,ts_drift_adapt,5,"error_divergence_ph_meta@error.threshold=0.10,error.min_instances=5",error_divergence_ph_meta,"{""divergence"": {""alpha"": 0.1, ""delta"": 0.005, ""min_instances"": 30, ""threshold"": 0.05}, ""error_rate"": {""alpha"": 0.15, ""delta"": 0.005, ""min_instances"": 5, ""threshold"": 0.1}}","{""error_rate"": {""min_instances"": 5, ""threshold"": 0.1}}",0.1,0.005,0.15,5,0.05,0.005,0.1,30,,,,-1,two_stage,2,0.5,"__confirm_cooldown=200,__confirm_rule=perm_test,__perm_alpha=0.05,__perm_min_effect=0,__perm_n_perm=200,__perm_post_n=10,__perm_pre_n=200,__perm_rng_seed=0,__perm_stat=vote_score,divergence=0.3,error_rate=0.5,teacher_entropy=0.2",3,0,200,0.0,0,10000,10.0,25.0,200,500,1,8,1.0,0.8304576421800948,0.578517102400234,0.16666666666666666,0.2719515860080719,0.010671696625649929,0,0,82,81,-1,perm_test,0.004975124378109453,0.47256007130802447,81,81,0,0.0,0.16666666666666666,0,0.0,0.0,0.0,0.0,0,none,0,1,0,overconfident,0.95,0,mild_drift,0.9620167269864389,0.0012701589299786479,0.8118961447669615,0.8605345397322408,1768152353.999189,0.2424638718366623,0.11537104845046997
423,27072,27071,sea_nodrift,sea,ts_drift_adapt,5,"error_divergence_ph_meta@error.threshold=0.10,error.min_instances=5",error_divergence_ph_meta,"{""divergence"": {""alpha"": 0.1, ""delta"": 0.005, ""min_instances"": 30, ""threshold"": 0.05}, ""error_rate"": {""alpha"": 0.15, ""delta"": 0.005, ""min_instances"": 5, ""threshold"": 0.1}}","{""error_rate"": {""min_instances"": 5, ""threshold"": 0.1}}",0.1,0.005,0.15,5,0.05,0.005,0.1,30,,,,-1,two_stage,2,0.5,"__confirm_cooldown=200,__confirm_rule=perm_test,__perm_alpha=0.05,__perm_min_effect=0,__perm_n_perm=200,__perm_post_n=10,__perm_pre_n=200,__perm_rng_seed=0,__perm_stat=vote_score,divergence=0.3,error_rate=0.5,teacher_entropy=0.2",3,0,200,0.0,0,10000,10.0,25.0,200,500,0,0,1.0,0.8307106973995272,0.579279001036416,0.3333333333333333,0.26503607630729675,0.008150650188326836,0,0,82,81,-1,perm_test,0.004975124378109453,0.47256007130802447,81,81,0,0.0,0.16666666666666666,0,0.0,0.0,0.0,0.0,0,none,0,1,0,overconfident,0.95,0,mild_drift,0.9611583634932195,0.0012850794649893241,0.8059480723834808,0.8577672698661204,1768152354.008841,0.43789589405059814,0.07239212095737457
424,27136,27135,sea_nodrift,sea,ts_drift_adapt,5,"error_divergence_ph_meta@error.threshold=0.10,error.min_instances=5",error_divergence_ph_meta,"{""divergence"": {""alpha"": 0.1, ""delta"": 0.005, ""min_instances"": 30, ""threshold"": 0.05}, ""error_rate"": {""alpha"": 0.15, ""delta"": 0.005, ""min_instances"": 5, ""threshold"": 0.1}}","{""error_rate"": {""min_instances"": 5, ""threshold"": 0.1}}",0.1,0.005,0.15,5,0.05,0.005,0.1,30,,,,-1,two_stage,2,0.5,"__confirm_cooldown=200,__confirm_rule=perm_test,__perm_alpha=0.05,__perm_min_effect=0,__perm_n_perm=200,__perm_post_n=10,__perm_pre_n=200,__perm_rng_seed=0,__perm_stat=vote_score,divergence=0.3,error_rate=0.5,teacher_entropy=0.2",3,0,200,0.0,0,10000,10.0,25.0,200,500,0,0,1.0,0.8308520047169812,0.5799383213287919,0.16666666666666666,0.26508358120918274,0.006827464327216148,1,1,83,82,0,perm_test,0.004975124378109453,0.5508652960819466,82,82,0,0.16666666666666666,0.16666666666666666,1,0.5,0.0,0.0,0.0,0,none,1,1,0,overconfident,0.95,0,severe_drift,0.9260791817466097,0.001642539732494662,0.6529740361917404,0.8338836349330603,1768152354.0241585,0.21056626737117767,0.07403990626335144
425,27200,27199,sea_nodrift,sea,ts_drift_adapt,5,"error_divergence_ph_meta@error.threshold=0.10,error.min_instances=5",error_divergence_ph_meta,"{""divergence"": {""alpha"": 0.1, ""delta"": 0.005, ""min_instances"": 30, ""threshold"": 0.05}, ""error_rate"": {""alpha"": 0.15, ""delta"": 0.005, ""min_instances"": 5, ""threshold"": 0.1}}","{""error_rate"": {""min_instances"": 5, ""threshold"": 0.1}}",0.1,0.005,0.15,5,0.05,0.005,0.1,30,,,,-1,two_stage,2,0.5,"__confirm_cooldown=200,__confirm_rule=perm_test,__perm_alpha=0.05,__perm_min_effect=0,__perm_n_perm=200,__perm_post_n=10,__perm_pre_n=200,__perm_rng_seed=0,__perm_stat=vote_score,divergence=0.3,error_rate=0.5,teacher_entropy=0.2",3,0,200,0.0,0,10000,10.0,25.0,200,500,1,136,1.0,0.8309926470588235,0.5803351897406615,0.16666666666666666,0.3060716986656189,0.015589546412229538,0,0,83,82,-1,perm_test,0.004975124378109453,0.5508652960819466,82,82,0,0.0,0.00876208208501339,0,0.0,0.0,0.0,0.0,0,none,0,1,0,overconfident,0.95,0,mild_drift,0.9431895908733048,0.0014712698662473311,0.7264870180958702,0.8444418174665301,1768152354.033656,0.4887291491031647,0.16105890274047852
426,27264,27263,sea_nodrift,sea,ts_drift_adapt,5,"error_divergence_ph_meta@error.threshold=0.10,error.min_instances=5",error_divergence_ph_meta,"{""divergence"": {""alpha"": 0.1, ""delta"": 0.005, ""min_instances"": 30, ""threshold"": 0.05}, ""error_rate"": {""alpha"": 0.15, ""delta"": 0.005, ""min_instances"": 5, ""threshold"": 0.1}}","{""error_rate"": {""min_instances"": 5, ""threshold"": 0.1}}",0.1,0.005,0.15,5,0.05,0.005,0.1,30,,,,-1,two_stage,2,0.5,"__confirm_cooldown=200,__confirm_rule=perm_test,__perm_alpha=0.05,__perm_min_effect=0,__perm_n_perm=200,__perm_post_n=10,__perm_pre_n=200,__perm_rng_seed=0,__perm_stat=vote_score,divergence=0.3,error_rate=0.5,teacher_entropy=0.2",3,0,200,0.0,0,10000,10.0,25.0,200,500,1,72,1.0,0.8310592723004695,0.580613430732858,0.0,0.31201183795928955,0.013371172361075878,0,0,83,82,-1,perm_test,0.004975124378109453,0.5508652960819466,82,82,0,0.0,0.16666666666666666,0,0.0,0.0,0.0,0.0,0,none,0,1,0,overconfident,0.95,0,mild_drift,0.9517447954366524,0.0013856349331236657,0.7632435090479351,0.8497209087332651,1768152354.043009,0.22216211259365082,0.16204608976840973
427,27328,27327,sea_nodrift,sea,ts_drift_adapt,5,"error_divergence_ph_meta@error.threshold=0.10,error.min_instances=5",error_divergence_ph_meta,"{""divergence"": {""alpha"": 0.1, ""delta"": 0.005, ""min_instances"": 30, ""threshold"": 0.05}, ""error_rate"": {""alpha"": 0.15, ""delta"": 0.005, ""min_instances"": 5, ""threshold"": 0.1}}","{""error_rate"": {""min_instances"": 5, ""threshold"": 0.1}}",0.1,0.005,0.15,5,0.05,0.005,0.1,30,,,,-1,two_stage,2,0.5,"__confirm_cooldown=200,__confirm_rule=perm_test,__perm_alpha=0.05,__perm_min_effect=0,__perm_n_perm=200,__perm_post_n=10,__perm_pre_n=200,__perm_rng_seed=0,__perm_stat=vote_score,divergence=0.3,error_rate=0.5,teacher_entropy=0.2",3,0,200,0.0,0,10000,10.0,25.0,200,500,1,8,1.0,0.8313817330210773,0.5813365073283204,0.16666666666666666,0.23881158232688904,0.00594082148745656,0,0,83,82,-1,perm_test,0.004975124378109453,0.5508652960819466,82,82,0,0.0,0.16666666666666666,0,0.0,0.0,0.0,0.0,0,none,0,1,0,overconfident,0.95,0,mild_drift,0.9560223977183262,0.001342817466561833,0.7816217545239676,0.8523604543666325,1768152354.052579,0.23652227222919464,0.08603999763727188
428,27392,27391,sea_nodrift,sea,ts_drift_adapt,5,"error_divergence_ph_meta@error.threshold=0.10,error.min_instances=5",error_divergence_ph_meta,"{""divergence"": {""alpha"": 0.1, ""delta"": 0.005, ""min_instances"": 30, ""threshold"": 0.05}, ""error_rate"": {""alpha"": 0.15, ""delta"": 0.005, ""min_instances"": 5, ""threshold"": 0.1}}","{""error_rate"": {""min_instances"": 5, ""threshold"": 0.1}}",0.1,0.005,0.15,5,0.05,0.005,0.1,30,,,,-1,two_stage,2,0.5,"__confirm_cooldown=200,__confirm_rule=perm_test,__perm_alpha=0.05,__perm_min_effect=0,__perm_n_perm=200,__perm_post_n=10,__perm_pre_n=200,__perm_rng_seed=0,__perm_stat=vote_score,divergence=0.3,error_rate=0.5,teacher_entropy=0.2",3,0,200,0.0,0,10000,10.0,25.0,200,500,0,0,1.0,0.8313741238317757,0.5812882796450866,0.16666666666666666,0.25393906235694885,0.00832407921552658,0,0,83,82,-1,perm_test,0.004975124378109453,0.5508652960819466,82,82,0,0.0,0.0023832577280700207,0,0.0,0.0,0.0,0.0,0,none,0,1,0,overconfident,0.95,0,mild_drift,0.9581611988591631,0.0013214087332809165,0.7908108772619838,0.8536802271833163,1768152354.0621674,0.20903430879116058,0.08657693862915039
429,27456,27455,sea_nodrift,sea,ts_drift_adapt,5,"error_divergence_ph_meta@error.threshold=0.10,error.min_instances=5",error_divergence_ph_meta,"{""divergence"": {""alpha"": 0.1, ""delta"": 0.005, ""min_instances"": 30, ""threshold"": 0.05}, ""error_rate"": {""alpha"": 0.15, ""delta"": 0.005, ""min_instances"": 5, ""threshold"": 0.1}}","{""error_rate"": {""min_instances"": 5, ""threshold"": 0.1}}",0.1,0.005,0.15,5,0.05,0.005,0.1,30,,,,-1,two_stage,2,0.5,"__confirm_cooldown=200,__confirm_rule=perm_test,__perm_alpha=0.05,__perm_min_effect=0,__perm_n_perm=200,__perm_post_n=10,__perm_pre_n=200,__perm_rng_seed=0,__perm_stat=vote_score,divergence=0.3,error_rate=0.5,teacher_entropy=0.2",3,0,200,0.0,0,10000,10.0,25.0,200,500,0,0,1.0,0.831402972027972,0.5815570736739764,0.5,0.23628155887126923,0.008921943604946136,1,1,84,83,0,perm_test,0.004975124378109453,0.5025056882913059,83,83,0,0.33333333333333337,0.33333333333333337,1,0.5,0.0,0.0,0.0,0,none,1,1,0,overconfident,0.95,0,severe_drift,0.9245805994295815,0.0016607043666404583,0.645405438630992,0.8318401135916582,1768152354.0773146,0.728312075138092,0.09586022794246674
430,27520,27519,sea_nodrift,sea,ts_drift_adapt,5,"error_divergence_ph_meta@error.threshold=0.10,error.min_instances=5",error_divergence_ph_meta,"{""divergence"": {""alpha"": 0.1, ""delta"": 0.005, ""min_instances"": 30, ""threshold"": 0.05}, ""error_rate"": {""alpha"": 0.15, ""delta"": 0.005, ""min_instances"": 5, ""threshold"": 0.1}}","{""error_rate"": {""min_instances"": 5, ""threshold"": 0.1}}",0.1,0.005,0.15,5,0.05,0.005,0.1,30,,,,-1,two_stage,2,0.5,"__confirm_cooldown=200,__confirm_rule=perm_test,__perm_alpha=0.05,__perm_min_effect=0,__perm_n_perm=200,__perm_post_n=10,__perm_pre_n=200,__perm_rng_seed=0,__perm_stat=vote_score,divergence=0.3,error_rate=0.5,teacher_entropy=0.2",3,0,200,0.0,0,10000,10.0,25.0,200,500,1,136,1.0,0.8315043604651163,0.5818417872131635,0.16666666666666666,0.24726182222366333,0.01170797273516655,0,0,84,83,-1,perm_test,0.004975124378109453,0.5025056882913059,83,83,0,0.0,0.33333333333333337,0,0.0,0.0,0.0,0.0,0,none,0,1,0,overconfident,0.95,0,mild_drift,0.9424402997147907,0.001480352183320229,0.722702719315496,0.8434200567958291,1768152354.086809,0.24229449033737183,0.11208952963352203
431,27584,27583,sea_nodrift,sea,ts_drift_adapt,5,"error_divergence_ph_meta@error.threshold=0.10,error.min_instances=5",error_divergence_ph_meta,"{""divergence"": {""alpha"": 0.1, ""delta"": 0.005, ""min_instances"": 30, ""threshold"": 0.05}, ""error_rate"": {""alpha"": 0.15, ""delta"": 0.005, ""min_instances"": 5, ""threshold"": 0.1}}","{""error_rate"": {""min_instances"": 5, ""threshold"": 0.1}}",0.1,0.005,0.15,5,0.05,0.005,0.1,30,,,,-1,two_stage,2,0.5,"__confirm_cooldown=200,__confirm_rule=perm_test,__perm_alpha=0.05,__perm_min_effect=0,__perm_n_perm=200,__perm_post_n=10,__perm_pre_n=200,__perm_rng_seed=0,__perm_stat=vote_score,divergence=0.3,error_rate=0.5,teacher_entropy=0.2",3,0,200,0.0,0,10000,10.0,25.0,200,500,1,72,1.0,0.8316777842227379,0.582365430587372,0.3333333333333333,0.26226115226745605,0.010677467100322247,0,0,84,83,-1,perm_test,0.004975124378109453,0.5025056882913059,83,83,0,0.0,0.16666666666666666,0,0.0,0.0,0.0,0.0,0,none,0,1,0,overconfident,0.95,0,mild_drift,0.9513701498573953,0.0013901760916601147,0.761351359657748,0.8492100283979145,1768152354.096137,0.4329725503921509,0.12662367522716522
432,27648,27647,sea_nodrift,sea,ts_drift_adapt,5,"error_divergence_ph_meta@error.threshold=0.10,error.min_instances=5",error_divergence_ph_meta,"{""divergence"": {""alpha"": 0.1, ""delta"": 0.005, ""min_instances"": 30, ""threshold"": 0.05}, ""error_rate"": {""alpha"": 0.15, ""delta"": 0.005, ""min_instances"": 5, ""threshold"": 0.1}}","{""error_rate"": {""min_instances"": 5, ""threshold"": 0.1}}",0.1,0.005,0.15,5,0.05,0.005,0.1,30,,,,-1,two_stage,2,0.5,"__confirm_cooldown=200,__confirm_rule=perm_test,__perm_alpha=0.05,__perm_min_effect=0,__perm_n_perm=200,__perm_post_n=10,__perm_pre_n=200,__perm_rng_seed=0,__perm_stat=vote_score,divergence=0.3,error_rate=0.5,teacher_entropy=0.2",3,0,200,0.0,0,10000,10.0,25.0,200,500,1,8,1.0,0.8318142361111112,0.5827760533642887,0.0,0.24494542181491852,0.015952320769429207,0,0,84,83,-1,perm_test,0.004975124378109453,0.5025056882913059,83,83,0,0.0,0.3333333333333333,0,0.0,0.0,0.0,0.0,0,none,0,1,0,overconfident,0.95,0,mild_drift,0.9558350749286977,0.0013450880458300576,0.7806756798288741,0.8521050141989572,1768152354.1054935,0.08451627939939499,0.15665432810783386
433,27712,27711,sea_nodrift,sea,ts_drift_adapt,5,"error_divergence_ph_meta@error.threshold=0.10,error.min_instances=5",error_divergence_ph_meta,"{""divergence"": {""alpha"": 0.1, ""delta"": 0.005, ""min_instances"": 30, ""threshold"": 0.05}, ""error_rate"": {""alpha"": 0.15, ""delta"": 0.005, ""min_instances"": 5, ""threshold"": 0.1}}","{""error_rate"": {""min_instances"": 5, ""threshold"": 0.1}}",0.1,0.005,0.15,5,0.05,0.005,0.1,30,,,,-1,two_stage,2,0.5,"__confirm_cooldown=200,__confirm_rule=perm_test,__perm_alpha=0.05,__perm_min_effect=0,__perm_n_perm=200,__perm_post_n=10,__perm_pre_n=200,__perm_rng_seed=0,__perm_stat=vote_score,divergence=0.3,error_rate=0.5,teacher_entropy=0.2",3,0,200,0.0,0,10000,10.0,25.0,200,500,0,0,1.0,0.8319139722863741,0.5832092311261152,0.5,0.23513174057006836,0.031631529331207275,0,0,84,83,-1,perm_test,0.004975124378109453,0.5025056882913059,83,83,0,0.0,0.5,0,0.0,0.0,0.0,0.0,0,none,0,1,0,overconfident,0.95,0,mild_drift,0.9580675374643488,0.001322544022915029,0.7903378399144371,0.8535525070994786,1768152354.1150699,0.6146593689918518,0.30685654282569885
434,27776,27775,sea_nodrift,sea,ts_drift_adapt,5,"error_divergence_ph_meta@error.threshold=0.10,error.min_instances=5",error_divergence_ph_meta,"{""divergence"": {""alpha"": 0.1, ""delta"": 0.005, ""min_instances"": 30, ""threshold"": 0.05}, ""error_rate"": {""alpha"": 0.15, ""delta"": 0.005, ""min_instances"": 5, ""threshold"": 0.1}}","{""error_rate"": {""min_instances"": 5, ""threshold"": 0.1}}",0.1,0.005,0.15,5,0.05,0.005,0.1,30,,,,-1,two_stage,2,0.5,"__confirm_cooldown=200,__confirm_rule=perm_test,__perm_alpha=0.05,__perm_min_effect=0,__perm_n_perm=200,__perm_post_n=10,__perm_pre_n=200,__perm_rng_seed=0,__perm_stat=vote_score,divergence=0.3,error_rate=0.5,teacher_entropy=0.2",3,0,200,0.0,0,10000,10.0,25.0,200,500,0,0,1.0,0.8319412442396313,0.5833126540342116,0.0,0.3093869090080261,0.032235193997621536,1,1,85,84,0,perm_test,0.004975124378109453,0.5068614909410226,84,84,0,0.5,0.5,1,0.5,0.0,0.0,0.0,0,none,1,1,0,overconfident,0.95,0,severe_drift,0.9245337687321744,0.0016612720114575145,0.6451689199572186,0.8317762535497393,1768152354.1302786,0.133738175034523,0.338691771030426
435,27840,27839,sea_nodrift,sea,ts_drift_adapt,5,"error_divergence_ph_meta@error.threshold=0.10,error.min_instances=5",error_divergence_ph_meta,"{""divergence"": {""alpha"": 0.1, ""delta"": 0.005, ""min_instances"": 30, ""threshold"": 0.05}, ""error_rate"": {""alpha"": 0.15, ""delta"": 0.005, ""min_instances"": 5, ""threshold"": 0.1}}","{""error_rate"": {""min_instances"": 5, ""threshold"": 0.1}}",0.1,0.005,0.15,5,0.05,0.005,0.1,30,,,,-1,two_stage,2,0.5,"__confirm_cooldown=200,__confirm_rule=perm_test,__perm_alpha=0.05,__perm_min_effect=0,__perm_n_perm=200,__perm_post_n=10,__perm_pre_n=200,__perm_rng_seed=0,__perm_stat=vote_score,divergence=0.3,error_rate=0.5,teacher_entropy=0.2",3,0,200,0.0,0,10000,10.0,25.0,200,500,1,136,1.0,0.8320043103448276,0.5834583204571322,0.16666666666666666,0.255465030670166,0.017767107114195824,0,0,85,84,-1,perm_test,0.004975124378109453,0.5068614909410226,84,84,0,0.0,0.16666666666666666,0,0.0,0.0,0.0,0.0,0,none,0,1,0,overconfident,0.95,0,mild_drift,0.9424168843660872,0.0014806360057287573,0.7225844599786093,0.8433881267748696,1768152354.139752,0.42324164509773254,0.2011508047580719
436,27904,27903,sea_nodrift,sea,ts_drift_adapt,5,"error_divergence_ph_meta@error.threshold=0.10,error.min_instances=5",error_divergence_ph_meta,"{""divergence"": {""alpha"": 0.1, ""delta"": 0.005, ""min_instances"": 30, ""threshold"": 0.05}, ""error_rate"": {""alpha"": 0.15, ""delta"": 0.005, ""min_instances"": 5, ""threshold"": 0.1}}","{""error_rate"": {""min_instances"": 5, ""threshold"": 0.1}}",0.1,0.005,0.15,5,0.05,0.005,0.1,30,,,,-1,two_stage,2,0.5,"__confirm_cooldown=200,__confirm_rule=perm_test,__perm_alpha=0.05,__perm_min_effect=0,__perm_n_perm=200,__perm_post_n=10,__perm_pre_n=200,__perm_rng_seed=0,__perm_stat=vote_score,divergence=0.3,error_rate=0.5,teacher_entropy=0.2",3,0,200,0.0,0,10000,10.0,25.0,200,500,1,72,1.0,0.8322821100917431,0.5841439149253642,0.0,0.22187235951423645,0.014489628374576569,0,0,85,84,-1,perm_test,0.004975124378109453,0.5068614909410226,84,84,0,0.0,0.16666666666666666,0,0.0,0.0,0.0,0.0,0,none,0,1,0,overconfident,0.95,0,mild_drift,0.9513584421830436,0.0013903180028643786,0.7612922299893047,0.8491940633874349,1768152354.1492171,0.3293229639530182,0.1398274451494217
437,27968,27967,sea_nodrift,sea,ts_drift_adapt,5,"error_divergence_ph_meta@error.threshold=0.10,error.min_instances=5",error_divergence_ph_meta,"{""divergence"": {""alpha"": 0.1, ""delta"": 0.005, ""min_instances"": 30, ""threshold"": 0.05}, ""error_rate"": {""alpha"": 0.15, ""delta"": 0.005, ""min_instances"": 5, ""threshold"": 0.1}}","{""error_rate"": {""min_instances"": 5, ""threshold"": 0.1}}",0.1,0.005,0.15,5,0.05,0.005,0.1,30,,,,-1,two_stage,2,0.5,"__confirm_cooldown=200,__confirm_rule=perm_test,__perm_alpha=0.05,__perm_min_effect=0,__perm_n_perm=200,__perm_post_n=10,__perm_pre_n=200,__perm_rng_seed=0,__perm_stat=vote_score,divergence=0.3,error_rate=0.5,teacher_entropy=0.2",3,0,200,0.0,0,10000,10.0,25.0,200,500,1,8,1.0,0.8325943935926774,0.584850269333043,0.16666666666666666,0.2248990684747696,0.009574064053595066,0,0,85,84,-1,perm_test,0.004975124378109453,0.5068614909410226,84,84,0,0.0,0.16666666666666666,0,0.0,0.0,0.0,0.0,0,none,0,1,0,overconfident,0.95,0,mild_drift,0.9558292210915218,0.0013451590014321893,0.7806461149946524,0.8520970316937174,1768152354.158798,0.29778334498405457,0.10612300038337708
438,28032,28031,sea_nodrift,sea,ts_drift_adapt,5,"error_divergence_ph_meta@error.threshold=0.10,error.min_instances=5",error_divergence_ph_meta,"{""divergence"": {""alpha"": 0.1, ""delta"": 0.005, ""min_instances"": 30, ""threshold"": 0.05}, ""error_rate"": {""alpha"": 0.15, ""delta"": 0.005, ""min_instances"": 5, ""threshold"": 0.1}}","{""error_rate"": {""min_instances"": 5, ""threshold"": 0.1}}",0.1,0.005,0.15,5,0.05,0.005,0.1,30,,,,-1,two_stage,2,0.5,"__confirm_cooldown=200,__confirm_rule=perm_test,__perm_alpha=0.05,__perm_min_effect=0,__perm_n_perm=200,__perm_post_n=10,__perm_pre_n=200,__perm_rng_seed=0,__perm_stat=vote_score,divergence=0.3,error_rate=0.5,teacher_entropy=0.2",3,0,200,0.0,0,10000,10.0,25.0,200,500,0,0,1.0,0.832833904109589,0.5855347583271847,0.0,0.2323848307132721,0.008312062360346317,0,0,85,84,-1,perm_test,0.004975124378109453,0.5068614909410226,84,84,0,0.0,0.16666666666666666,0,0.0,0.0,0.0,0.0,0,none,0,1,0,overconfident,0.95,0,mild_drift,0.9580646105457609,0.0013225795007160948,0.7903230574973262,0.8535485158468588,1768152354.1684926,0.03793627396225929,0.09343427419662476
439,28096,28095,sea_nodrift,sea,ts_drift_adapt,5,"error_divergence_ph_meta@error.threshold=0.10,error.min_instances=5",error_divergence_ph_meta,"{""divergence"": {""alpha"": 0.1, ""delta"": 0.005, ""min_instances"": 30, ""threshold"": 0.05}, ""error_rate"": {""alpha"": 0.15, ""delta"": 0.005, ""min_instances"": 5, ""threshold"": 0.1}}","{""error_rate"": {""min_instances"": 5, ""threshold"": 0.1}}",0.1,0.005,0.15,5,0.05,0.005,0.1,30,,,,-1,two_stage,2,0.5,"__confirm_cooldown=200,__confirm_rule=perm_test,__perm_alpha=0.05,__perm_min_effect=0,__perm_n_perm=200,__perm_post_n=10,__perm_pre_n=200,__perm_rng_seed=0,__perm_stat=vote_score,divergence=0.3,error_rate=0.5,teacher_entropy=0.2",3,0,200,0.0,0,10000,10.0,25.0,200,500,0,0,1.0,0.8329299544419134,0.5858843637436727,0.0,0.2777344584465027,0.007072503212839365,1,1,86,85,0,perm_test,0.004975124378109453,0.5018962505910749,85,85,0,0.0,0.0012395591475069523,1,0.5,0.0,0.0,0.0,0,none,1,1,0,overconfident,0.95,0,stable,0.9740323052728804,0.0010612897503580474,0.8951615287486632,0.8992742579234294,1768152354.1837883,0.16270174086093903,0.07098424434661865
440,28160,28159,sea_nodrift,sea,ts_drift_adapt,5,"error_divergence_ph_meta@error.threshold=0.10,error.min_instances=5",error_divergence_ph_meta,"{""divergence"": {""alpha"": 0.1, ""delta"": 0.005, ""min_instances"": 30, ""threshold"": 0.05}, ""error_rate"": {""alpha"": 0.15, ""delta"": 0.005, ""min_instances"": 5, ""threshold"": 0.1}}","{""error_rate"": {""min_instances"": 5, ""threshold"": 0.1}}",0.1,0.005,0.15,5,0.05,0.005,0.1,30,,,,-1,two_stage,2,0.5,"__confirm_cooldown=200,__confirm_rule=perm_test,__perm_alpha=0.05,__perm_min_effect=0,__perm_n_perm=200,__perm_post_n=10,__perm_pre_n=200,__perm_rng_seed=0,__perm_stat=vote_score,divergence=0.3,error_rate=0.5,teacher_entropy=0.2",3,0,200,0.0,0,10000,10.0,25.0,200,500,1,136,1.0,0.8329190340909091,0.5857840617802411,0.0,0.27264517545700073,0.01641939766705036,0,0,86,85,-1,perm_test,0.004975124378109453,0.5018962505910749,85,85,0,0.0,0.009346894454210997,0,0.0,0.0,0.0,0.0,0,none,0,1,0,overconfident,0.95,0,mild_drift,0.9671661526364401,0.0011806448751790237,0.8475807643743316,0.8771371289617147,1768152354.193297,0.011006832122802734,0.11943970620632172
441,28224,28223,sea_nodrift,sea,ts_drift_adapt,5,"error_divergence_ph_meta@error.threshold=0.10,error.min_instances=5",error_divergence_ph_meta,"{""divergence"": {""alpha"": 0.1, ""delta"": 0.005, ""min_instances"": 30, ""threshold"": 0.05}, ""error_rate"": {""alpha"": 0.15, ""delta"": 0.005, ""min_instances"": 5, ""threshold"": 0.1}}","{""error_rate"": {""min_instances"": 5, ""threshold"": 0.1}}",0.1,0.005,0.15,5,0.05,0.005,0.1,30,,,,-1,two_stage,2,0.5,"__confirm_cooldown=200,__confirm_rule=perm_test,__perm_alpha=0.05,__perm_min_effect=0,__perm_n_perm=200,__perm_post_n=10,__perm_pre_n=200,__perm_rng_seed=0,__perm_stat=vote_score,divergence=0.3,error_rate=0.5,teacher_entropy=0.2",3,0,200,0.0,0,10000,10.0,25.0,200,500,1,72,1.0,0.833156179138322,0.5864684428938908,0.16666666666666666,0.2577914595603943,0.011236610822379589,0,0,86,85,-1,perm_test,0.004975124378109453,0.5018962505910749,85,85,0,0.0,0.16666666666666666,0,0.0,0.0,0.0,0.0,0,none,0,1,0,overconfident,0.95,0,mild_drift,0.96373307631822,0.0012403224375895118,0.8237903821871658,0.8660685644808573,1768152354.2027493,0.45741358399391174,0.09905505925416946
442,28288,28287,sea_nodrift,sea,ts_drift_adapt,5,"error_divergence_ph_meta@error.threshold=0.10,error.min_instances=5",error_divergence_ph_meta,"{""divergence"": {""alpha"": 0.1, ""delta"": 0.005, ""min_instances"": 30, ""threshold"": 0.05}, ""error_rate"": {""alpha"": 0.15, ""delta"": 0.005, ""min_instances"": 5, ""threshold"": 0.1}}","{""error_rate"": {""min_instances"": 5, ""threshold"": 0.1}}",0.1,0.005,0.15,5,0.05,0.005,0.1,30,,,,-1,two_stage,2,0.5,"__confirm_cooldown=200,__confirm_rule=perm_test,__perm_alpha=0.05,__perm_min_effect=0,__perm_n_perm=200,__perm_post_n=10,__perm_pre_n=200,__perm_rng_seed=0,__perm_stat=vote_score,divergence=0.3,error_rate=0.5,teacher_entropy=0.2",3,0,200,0.0,0,10000,10.0,25.0,200,500,1,8,1.0,0.8333215497737556,0.5870067280743381,0.0,0.2407878190279007,0.011877319775521755,0,0,86,85,-1,perm_test,0.004975124378109453,0.5018962505910749,85,85,0,0.0,0.16666666666666666,0,0.0,0.0,0.0,0.0,0,none,0,1,0,overconfident,0.95,0,mild_drift,0.9620165381591099,0.0012701612187947559,0.811895191093583,0.8605342822404287,1768152354.2123055,0.03973941504955292,0.09068891406059265
443,28352,28351,sea_nodrift,sea,ts_drift_adapt,5,"error_divergence_ph_meta@error.threshold=0.10,error.min_instances=5",error_divergence_ph_meta,"{""divergence"": {""alpha"": 0.1, ""delta"": 0.005, ""min_instances"": 30, ""threshold"": 0.05}, ""error_rate"": {""alpha"": 0.15, ""delta"": 0.005, ""min_instances"": 5, ""threshold"": 0.1}}","{""error_rate"": {""min_instances"": 5, ""threshold"": 0.1}}",0.1,0.005,0.15,5,0.05,0.005,0.1,30,,,,-1,two_stage,2,0.5,"__confirm_cooldown=200,__confirm_rule=perm_test,__perm_alpha=0.05,__perm_min_effect=0,__perm_n_perm=200,__perm_post_n=10,__perm_pre_n=200,__perm_rng_seed=0,__perm_stat=vote_score,divergence=0.3,error_rate=0.5,teacher_entropy=0.2",3,0,200,0.0,0,10000,10.0,25.0,200,500,0,0,1.0,0.8336272573363431,0.5878592667569723,0.0,0.22607995569705963,0.01259311381727457,0,0,86,85,-1,perm_test,0.004975124378109453,0.5018962505910749,85,85,0,0.0,0.0007157940417528152,0,0.0,0.0,0.0,0.0,0,none,0,1,0,overconfident,0.95,0,mild_drift,0.9611582690795549,0.0012850806093973781,0.8059475955467915,0.8577671411202143,1768152354.2220535,0.08318684250116348,0.09221667051315308
444,28416,28415,sea_nodrift,sea,ts_drift_adapt,5,"error_divergence_ph_meta@error.threshold=0.10,error.min_instances=5",error_divergence_ph_meta,"{""divergence"": {""alpha"": 0.1, ""delta"": 0.005, ""min_instances"": 30, ""threshold"": 0.05}, ""error_rate"": {""alpha"": 0.15, ""delta"": 0.005, ""min_instances"": 5, ""threshold"": 0.1}}","{""error_rate"": {""min_instances"": 5, ""threshold"": 0.1}}",0.1,0.005,0.15,5,0.05,0.005,0.1,30,,,,-1,two_stage,2,0.5,"__confirm_cooldown=200,__confirm_rule=perm_test,__perm_alpha=0.05,__perm_min_effect=0,__perm_n_perm=200,__perm_post_n=10,__perm_pre_n=200,__perm_rng_seed=0,__perm_stat=vote_score,divergence=0.3,error_rate=0.5,teacher_entropy=0.2",3,0,200,0.0,0,10000,10.0,25.0,200,500,0,0,1.0,0.8337908220720721,0.5884555979469706,0.16666666666666666,0.21411114931106567,0.01741338148713112,1,1,87,86,0,perm_test,0.004975124378109453,0.48929106211746043,86,86,0,0.16666666666666666,0.16666666666666666,1,0.5,0.0,0.0,0.0,0,none,1,1,0,overconfident,0.95,0,severe_drift,0.9260791345397774,0.001642540304698689,0.6529737977733958,0.8338835705601072,1768152354.237335,0.4171542823314667,0.14749133586883545
445,28480,28479,sea_nodrift,sea,ts_drift_adapt,5,"error_divergence_ph_meta@error.threshold=0.10,error.min_instances=5",error_divergence_ph_meta,"{""divergence"": {""alpha"": 0.1, ""delta"": 0.005, ""min_instances"": 30, ""threshold"": 0.05}, ""error_rate"": {""alpha"": 0.15, ""delta"": 0.005, ""min_instances"": 5, ""threshold"": 0.1}}","{""error_rate"": {""min_instances"": 5, ""threshold"": 0.1}}",0.1,0.005,0.15,5,0.05,0.005,0.1,30,,,,-1,two_stage,2,0.5,"__confirm_cooldown=200,__confirm_rule=perm_test,__perm_alpha=0.05,__perm_min_effect=0,__perm_n_perm=200,__perm_post_n=10,__perm_pre_n=200,__perm_rng_seed=0,__perm_stat=vote_score,divergence=0.3,error_rate=0.5,teacher_entropy=0.2",3,0,200,0.0,0,10000,10.0,25.0,200,500,1,136,1.0,0.8340238764044944,0.5889657233247331,0.0,0.23011913895606995,0.009349262341856956,0,0,87,86,-1,perm_test,0.004975124378109453,0.48929106211746043,86,86,0,0.0,0.16666666666666666,0,0.0,0.0,0.0,0.0,0,none,0,1,0,overconfident,0.95,0,mild_drift,0.9431895672698887,0.0014712701523493447,0.7264868988866979,0.8444417852800536,1768152354.246872,0.05940447375178337,0.07357493042945862
446,28544,28543,sea_nodrift,sea,ts_drift_adapt,5,"error_divergence_ph_meta@error.threshold=0.10,error.min_instances=5",error_divergence_ph_meta,"{""divergence"": {""alpha"": 0.1, ""delta"": 0.005, ""min_instances"": 30, ""threshold"": 0.05}, ""error_rate"": {""alpha"": 0.15, ""delta"": 0.005, ""min_instances"": 5, ""threshold"": 0.1}}","{""error_rate"": {""min_instances"": 5, ""threshold"": 0.1}}",0.1,0.005,0.15,5,0.05,0.005,0.1,30,,,,-1,two_stage,2,0.5,"__confirm_cooldown=200,__confirm_rule=perm_test,__perm_alpha=0.05,__perm_min_effect=0,__perm_n_perm=200,__perm_post_n=10,__perm_pre_n=200,__perm_rng_seed=0,__perm_stat=vote_score,divergence=0.3,error_rate=0.5,teacher_entropy=0.2",3,0,200,0.0,0,10000,10.0,25.0,200,500,1,72,1.0,0.8341157511210763,0.589293646104215,0.5,0.30054646730422974,0.00882692914456129,0,0,87,86,-1,perm_test,0.004975124378109453,0.48929106211746043,86,86,0,0.0,0.5,0,0.0,0.0,0.0,0.0,0,none,0,1,0,overconfident,0.95,0,mild_drift,0.9517447836349443,0.0013856350761746726,0.763243449443349,0.8497208926400268,1768152354.2563071,0.6126217842102051,0.08139727264642715
447,28608,28607,sea_nodrift,sea,ts_drift_adapt,5,"error_divergence_ph_meta@error.threshold=0.10,error.min_instances=5",error_divergence_ph_meta,"{""divergence"": {""alpha"": 0.1, ""delta"": 0.005, ""min_instances"": 30, ""threshold"": 0.05}, ""error_rate"": {""alpha"": 0.15, ""delta"": 0.005, ""min_instances"": 5, ""threshold"": 0.1}}","{""error_rate"": {""min_instances"": 5, ""threshold"": 0.1}}",0.1,0.005,0.15,5,0.05,0.005,0.1,30,,,,-1,two_stage,2,0.5,"__confirm_cooldown=200,__confirm_rule=perm_test,__perm_alpha=0.05,__perm_min_effect=0,__perm_n_perm=200,__perm_post_n=10,__perm_pre_n=200,__perm_rng_seed=0,__perm_stat=vote_score,divergence=0.3,error_rate=0.5,teacher_entropy=0.2",3,0,200,0.0,0,10000,10.0,25.0,200,500,1,8,1.0,0.83417225950783,0.5894070711738955,0.3333333333333333,0.23371870815753937,0.006276894360780716,0,0,87,86,-1,perm_test,0.004975124378109453,0.48929106211746043,86,86,0,0.0,0.16666666666666669,0,0.0,0.0,0.0,0.0,0,none,0,1,0,overconfident,0.95,0,mild_drift,0.9560223918174722,0.0013428175380873365,0.7816217247216746,0.8523604463200134,1768152354.2658732,0.5913675427436829,0.07338155806064606
448,28672,28671,sea_nodrift,sea,ts_drift_adapt,5,"error_divergence_ph_meta@error.threshold=0.10,error.min_instances=5",error_divergence_ph_meta,"{""divergence"": {""alpha"": 0.1, ""delta"": 0.005, ""min_instances"": 30, ""threshold"": 0.05}, ""error_rate"": {""alpha"": 0.15, ""delta"": 0.005, ""min_instances"": 5, ""threshold"": 0.1}}","{""error_rate"": {""min_instances"": 5, ""threshold"": 0.1}}",0.1,0.005,0.15,5,0.05,0.005,0.1,30,,,,-1,two_stage,2,0.5,"__confirm_cooldown=200,__confirm_rule=perm_test,__perm_alpha=0.05,__perm_min_effect=0,__perm_n_perm=200,__perm_post_n=10,__perm_pre_n=200,__perm_rng_seed=0,__perm_stat=vote_score,divergence=0.3,error_rate=0.5,teacher_entropy=0.2",3,0,200,0.0,0,10000,10.0,25.0,200,500,0,0,1.0,0.8343680245535714,0.5899582852980523,0.0,0.2534582316875458,0.0183941051363945,0,0,87,86,-1,perm_test,0.004975124378109453,0.48929106211746043,86,86,0,0.0,0.3333333333333333,0,0.0,0.0,0.0,0.0,0,none,0,1,0,overconfident,0.95,0,mild_drift,0.958161195908736,0.0013214087690436682,0.7908108623608373,0.8536802231600067,1768152354.2754283,0.08905726671218872,0.20449979603290558
449,28736,28735,sea_nodrift,sea,ts_drift_adapt,5,"error_divergence_ph_meta@error.threshold=0.10,error.min_instances=5",error_divergence_ph_meta,"{""divergence"": {""alpha"": 0.1, ""delta"": 0.005, ""min_instances"": 30, ""threshold"": 0.05}, ""error_rate"": {""alpha"": 0.15, ""delta"": 0.005, ""min_instances"": 5, ""threshold"": 0.1}}","{""error_rate"": {""min_instances"": 5, ""threshold"": 0.1}}",0.1,0.005,0.15,5,0.05,0.005,0.1,30,,,,-1,two_stage,2,0.5,"__confirm_cooldown=200,__confirm_rule=perm_test,__perm_alpha=0.05,__perm_min_effect=0,__perm_n_perm=200,__perm_post_n=10,__perm_pre_n=200,__perm_rng_seed=0,__perm_stat=vote_score,divergence=0.3,error_rate=0.5,teacher_entropy=0.2",3,0,200,0.0,0,10000,10.0,25.0,200,500,0,0,1.0,0.8345977171492205,0.5907771615904679,0.0,0.23331446945667267,0.006995666306465864,1,1,88,87,0,perm_test,0.004975124378109453,0.44187307702816364,87,87,0,0.16666666666666666,0.011398438829928637,1,0.5,0.0,0.0,0.0,0,none,1,1,0,overconfident,0.95,0,severe_drift,0.924580597954368,0.0016607043845218341,0.6454054311804187,0.8318401115800034,1768152354.2908907,0.03957192599773407,0.08947064727544785
450,28800,28799,sea_nodrift,sea,ts_drift_adapt,5,"error_divergence_ph_meta@error.threshold=0.10,error.min_instances=5",error_divergence_ph_meta,"{""divergence"": {""alpha"": 0.1, ""delta"": 0.005, ""min_instances"": 30, ""threshold"": 0.05}, ""error_rate"": {""alpha"": 0.15, ""delta"": 0.005, ""min_instances"": 5, ""threshold"": 0.1}}","{""error_rate"": {""min_instances"": 5, ""threshold"": 0.1}}",0.1,0.005,0.15,5,0.05,0.005,0.1,30,,,,-1,two_stage,2,0.5,"__confirm_cooldown=200,__confirm_rule=perm_test,__perm_alpha=0.05,__perm_min_effect=0,__perm_n_perm=200,__perm_post_n=10,__perm_pre_n=200,__perm_rng_seed=0,__perm_stat=vote_score,divergence=0.3,error_rate=0.5,teacher_entropy=0.2",3,0,200,0.0,0,10000,10.0,25.0,200,500,1,136,1.0,0.8346527777777778,0.5909020595626456,0.0,0.24495764076709747,0.01676088012754917,0,0,88,87,-1,perm_test,0.004975124378109453,0.44187307702816364,87,87,0,0.0,0.009765213821083307,0,0.0,0.0,0.0,0.0,0,none,0,1,0,overconfident,0.95,0,mild_drift,0.942440298977184,0.0014803521922609171,0.7227027155902094,0.8434200557900017,1768152354.300471,0.27121737599372864,0.17069527506828308
451,28864,28863,sea_nodrift,sea,ts_drift_adapt,5,"error_divergence_ph_meta@error.threshold=0.10,error.min_instances=5",error_divergence_ph_meta,"{""divergence"": {""alpha"": 0.1, ""delta"": 0.005, ""min_instances"": 30, ""threshold"": 0.05}, ""error_rate"": {""alpha"": 0.15, ""delta"": 0.005, ""min_instances"": 5, ""threshold"": 0.1}}","{""error_rate"": {""min_instances"": 5, ""threshold"": 0.1}}",0.1,0.005,0.15,5,0.05,0.005,0.1,30,,,,-1,two_stage,2,0.5,"__confirm_cooldown=200,__confirm_rule=perm_test,__perm_alpha=0.05,__perm_min_effect=0,__perm_n_perm=200,__perm_post_n=10,__perm_pre_n=200,__perm_rng_seed=0,__perm_stat=vote_score,divergence=0.3,error_rate=0.5,teacher_entropy=0.2",3,0,200,0.0,0,10000,10.0,25.0,200,500,1,72,1.0,0.8346729490022173,0.5910474287214348,0.0,0.2832670509815216,0.01605437509715557,0,0,88,87,-1,perm_test,0.004975124378109453,0.44187307702816364,87,87,0,0.0,0.0007065050303936005,0,0.0,0.0,0.0,0.0,0,none,0,1,0,overconfident,0.95,0,mild_drift,0.951370149488592,0.0013901760961304585,0.7613513577951048,0.8492100278950008,1768152354.3100224,0.08725256472826004,0.131809800863266
452,28928,28927,sea_nodrift,sea,ts_drift_adapt,5,"error_divergence_ph_meta@error.threshold=0.10,error.min_instances=5",error_divergence_ph_meta,"{""divergence"": {""alpha"": 0.1, ""delta"": 0.005, ""min_instances"": 30, ""threshold"": 0.05}, ""error_rate"": {""alpha"": 0.15, ""delta"": 0.005, ""min_instances"": 5, ""threshold"": 0.1}}","{""error_rate"": {""min_instances"": 5, ""threshold"": 0.1}}",0.1,0.005,0.15,5,0.05,0.005,0.1,30,,,,-1,two_stage,2,0.5,"__confirm_cooldown=200,__confirm_rule=perm_test,__perm_alpha=0.05,__perm_min_effect=0,__perm_n_perm=200,__perm_post_n=10,__perm_pre_n=200,__perm_rng_seed=0,__perm_stat=vote_score,divergence=0.3,error_rate=0.5,teacher_entropy=0.2",3,0,200,0.0,0,10000,10.0,25.0,200,500,1,8,1.0,0.8346584623893806,0.5911502817723691,0.16666666666666666,0.2942636013031006,0.017547840252518654,0,0,88,87,-1,perm_test,0.004975124378109453,0.44187307702816364,87,87,0,0.0,0.16666666666666666,0,0.0,0.0,0.0,0.0,0,none,0,1,0,overconfident,0.95,0,mild_drift,0.955835074744296,0.0013450880480652292,0.7806756788975524,0.8521050139475004,1768152354.3196275,0.26706933975219727,0.18814507126808167
453,28992,28991,sea_nodrift,sea,ts_drift_adapt,5,"error_divergence_ph_meta@error.threshold=0.10,error.min_instances=5",error_divergence_ph_meta,"{""divergence"": {""alpha"": 0.1, ""delta"": 0.005, ""min_instances"": 30, ""threshold"": 0.05}, ""error_rate"": {""alpha"": 0.15, ""delta"": 0.005, ""min_instances"": 5, ""threshold"": 0.1}}","{""error_rate"": {""min_instances"": 5, ""threshold"": 0.1}}",0.1,0.005,0.15,5,0.05,0.005,0.1,30,,,,-1,two_stage,2,0.5,"__confirm_cooldown=200,__confirm_rule=perm_test,__perm_alpha=0.05,__perm_min_effect=0,__perm_n_perm=200,__perm_post_n=10,__perm_pre_n=200,__perm_rng_seed=0,__perm_stat=vote_score,divergence=0.3,error_rate=0.5,teacher_entropy=0.2",3,0,200,0.0,0,10000,10.0,25.0,200,500,0,0,1.0,0.8348509933774835,0.5916462622219203,0.16666666666666666,0.24385987222194672,0.013959997333586216,0,0,88,87,-1,perm_test,0.004975124378109453,0.44187307702816364,87,87,0,0.0,0.003587842918932438,0,0.0,0.0,0.0,0.0,0,none,0,1,0,overconfident,0.95,0,mild_drift,0.9580675373721479,0.0013225440240326146,0.7903378394487762,0.8535525069737502,1768152354.3292542,0.2850084602832794,0.14163269102573395
454,29056,29055,sea_nodrift,sea,ts_drift_adapt,5,"error_divergence_ph_meta@error.threshold=0.10,error.min_instances=5",error_divergence_ph_meta,"{""divergence"": {""alpha"": 0.1, ""delta"": 0.005, ""min_instances"": 30, ""threshold"": 0.05}, ""error_rate"": {""alpha"": 0.15, ""delta"": 0.005, ""min_instances"": 5, ""threshold"": 0.1}}","{""error_rate"": {""min_instances"": 5, ""threshold"": 0.1}}",0.1,0.005,0.15,5,0.05,0.005,0.1,30,,,,-1,two_stage,2,0.5,"__confirm_cooldown=200,__confirm_rule=perm_test,__perm_alpha=0.05,__perm_min_effect=0,__perm_n_perm=200,__perm_post_n=10,__perm_pre_n=200,__perm_rng_seed=0,__perm_stat=vote_score,divergence=0.3,error_rate=0.5,teacher_entropy=0.2",3,0,200,0.0,0,10000,10.0,25.0,200,500,0,0,1.0,0.8349050110132159,0.5919192980058843,0.16666666666666666,0.30271822214126587,0.01872812584042549,0,0,88,87,-1,perm_test,0.004975124378109453,0.44187307702816364,87,87,0,0.0,0.004768128506839275,0,0.0,0.0,0.0,0.0,0,none,0,1,0,overconfident,0.95,0,mild_drift,0.9591837686860739,0.0013112720120163073,0.7951689197243881,0.8542762534868751,1768152354.3388624,0.2334577441215515,0.1879887729883194
455,29120,29119,sea_nodrift,sea,ts_drift_adapt,5,"error_divergence_ph_meta@error.threshold=0.10,error.min_instances=5",error_divergence_ph_meta,"{""divergence"": {""alpha"": 0.1, ""delta"": 0.005, ""min_instances"": 30, ""threshold"": 0.05}, ""error_rate"": {""alpha"": 0.15, ""delta"": 0.005, ""min_instances"": 5, ""threshold"": 0.1}}","{""error_rate"": {""min_instances"": 5, ""threshold"": 0.1}}",0.1,0.005,0.15,5,0.05,0.005,0.1,30,,,,-1,two_stage,2,0.5,"__confirm_cooldown=200,__confirm_rule=perm_test,__perm_alpha=0.05,__perm_min_effect=0,__perm_n_perm=200,__perm_post_n=10,__perm_pre_n=200,__perm_rng_seed=0,__perm_stat=vote_score,divergence=0.3,error_rate=0.5,teacher_entropy=0.2",3,0,200,0.0,0,10000,10.0,25.0,200,500,0,0,1.0,0.8351304945054945,0.5925654960493706,0.0,0.2567579448223114,0.011308727785944939,1,1,89,88,0,perm_test,0.004975124378109453,0.47914794875689304,88,88,0,0.0,0.16666666666666666,1,0.5,0.0,0.0,0.0,0,none,1,1,0,overconfident,0.95,0,stable,0.974591884343037,0.0010556360060081536,0.897584459862194,0.8996381267434376,1768152354.354514,0.021903464570641518,0.11961255967617035
456,29184,29183,sea_nodrift,sea,ts_drift_adapt,5,"error_divergence_ph_meta@error.threshold=0.10,error.min_instances=5",error_divergence_ph_meta,"{""divergence"": {""alpha"": 0.1, ""delta"": 0.005, ""min_instances"": 30, ""threshold"": 0.05}, ""error_rate"": {""alpha"": 0.15, ""delta"": 0.005, ""min_instances"": 5, ""threshold"": 0.1}}","{""error_rate"": {""min_instances"": 5, ""threshold"": 0.1}}",0.1,0.005,0.15,5,0.05,0.005,0.1,30,,,,-1,two_stage,2,0.5,"__confirm_cooldown=200,__confirm_rule=perm_test,__perm_alpha=0.05,__perm_min_effect=0,__perm_n_perm=200,__perm_post_n=10,__perm_pre_n=200,__perm_rng_seed=0,__perm_stat=vote_score,divergence=0.3,error_rate=0.5,teacher_entropy=0.2",3,0,200,0.0,0,10000,10.0,25.0,200,500,1,136,1.0,0.8354235197368421,0.5934635625814142,0.0,0.26317331194877625,0.01342737302184105,0,0,89,88,-1,perm_test,0.004975124378109453,0.47914794875689304,88,88,0,0.0,0.0021186452358961105,0,0.0,0.0,0.0,0.0,0,none,0,1,0,overconfident,0.95,0,mild_drift,0.9674459421715185,0.0011778180030040768,0.848792229931097,0.8773190633717187,1768152354.3640347,0.058561574667692184,0.1097654402256012
457,29248,29247,sea_nodrift,sea,ts_drift_adapt,5,"error_divergence_ph_meta@error.threshold=0.10,error.min_instances=5",error_divergence_ph_meta,"{""divergence"": {""alpha"": 0.1, ""delta"": 0.005, ""min_instances"": 30, ""threshold"": 0.05}, ""error_rate"": {""alpha"": 0.15, ""delta"": 0.005, ""min_instances"": 5, ""threshold"": 0.1}}","{""error_rate"": {""min_instances"": 5, ""threshold"": 0.1}}",0.1,0.005,0.15,5,0.05,0.005,0.1,30,,,,-1,two_stage,2,0.5,"__confirm_cooldown=200,__confirm_rule=perm_test,__perm_alpha=0.05,__perm_min_effect=0,__perm_n_perm=200,__perm_post_n=10,__perm_pre_n=200,__perm_rng_seed=0,__perm_stat=vote_score,divergence=0.3,error_rate=0.5,teacher_entropy=0.2",3,0,200,0.0,0,10000,10.0,25.0,200,500,1,72,1.0,0.8356126914660832,0.5939691275206775,0.0,0.24897204339504242,0.012960133142769337,0,0,89,88,-1,perm_test,0.004975124378109453,0.47914794875689304,88,88,0,0.0,0.0004672398790717125,0,0.0,0.0,0.0,0.0,0,none,0,1,0,overconfident,0.95,0,mild_drift,0.9638729710857592,0.0012389090015020384,0.8243961149655485,0.8661595316858594,1768152354.3734505,0.0557178296148777,0.10722093284130096
458,29312,29311,sea_nodrift,sea,ts_drift_adapt,5,"error_divergence_ph_meta@error.threshold=0.10,error.min_instances=5",error_divergence_ph_meta,"{""divergence"": {""alpha"": 0.1, ""delta"": 0.005, ""min_instances"": 30, ""threshold"": 0.05}, ""error_rate"": {""alpha"": 0.15, ""delta"": 0.005, ""min_instances"": 5, ""threshold"": 0.1}}","{""error_rate"": {""min_instances"": 5, ""threshold"": 0.1}}",0.1,0.005,0.15,5,0.05,0.005,0.1,30,,,,-1,two_stage,2,0.5,"__confirm_cooldown=200,__confirm_rule=perm_test,__perm_alpha=0.05,__perm_min_effect=0,__perm_n_perm=200,__perm_post_n=10,__perm_pre_n=200,__perm_rng_seed=0,__perm_stat=vote_score,divergence=0.3,error_rate=0.5,teacher_entropy=0.2",3,0,200,0.0,0,10000,10.0,25.0,200,500,1,8,1.0,0.8356986899563319,0.5942686156981823,0.16666666666666666,0.2584618926048279,0.009206504561007023,0,0,89,88,-1,perm_test,0.004975124378109453,0.47914794875689304,88,88,0,0.0,0.16666666666666666,0,0.0,0.0,0.0,0.0,0,none,0,1,0,overconfident,0.95,0,mild_drift,0.9620864855428796,0.0012694545007510194,0.8121980574827743,0.8605797658429297,1768152354.3829372,0.36737218499183655,0.09082919359207153
459,29376,29375,sea_nodrift,sea,ts_drift_adapt,5,"error_divergence_ph_meta@error.threshold=0.10,error.min_instances=5",error_divergence_ph_meta,"{""divergence"": {""alpha"": 0.1, ""delta"": 0.005, ""min_instances"": 30, ""threshold"": 0.05}, ""error_rate"": {""alpha"": 0.15, ""delta"": 0.005, ""min_instances"": 5, ""threshold"": 0.1}}","{""error_rate"": {""min_instances"": 5, ""threshold"": 0.1}}",0.1,0.005,0.15,5,0.05,0.005,0.1,30,,,,-1,two_stage,2,0.5,"__confirm_cooldown=200,__confirm_rule=perm_test,__perm_alpha=0.05,__perm_min_effect=0,__perm_n_perm=200,__perm_post_n=10,__perm_pre_n=200,__perm_rng_seed=0,__perm_stat=vote_score,divergence=0.3,error_rate=0.5,teacher_entropy=0.2",3,0,200,0.0,0,10000,10.0,25.0,200,500,0,0,1.0,0.8360226034858388,0.5952275775965222,0.0,0.19028344750404358,0.009261930361390114,0,0,89,88,-1,perm_test,0.004975124378109453,0.47914794875689304,88,88,0,0.0,0.16666666666666666,0,0.0,0.0,0.0,0.0,0,none,0,1,0,overconfident,0.95,0,mild_drift,0.9611932427714398,0.0012847272503755097,0.8060990287413872,0.8577898829214649,1768152354.3925602,0.18969757854938507,0.07688455283641815
460,29440,29439,sea_nodrift,sea,ts_drift_adapt,5,"error_divergence_ph_meta@error.threshold=0.10,error.min_instances=5",error_divergence_ph_meta,"{""divergence"": {""alpha"": 0.1, ""delta"": 0.005, ""min_instances"": 30, ""threshold"": 0.05}, ""error_rate"": {""alpha"": 0.15, ""delta"": 0.005, ""min_instances"": 5, ""threshold"": 0.1}}","{""error_rate"": {""min_instances"": 5, ""threshold"": 0.1}}",0.1,0.005,0.15,5,0.05,0.005,0.1,30,,,,-1,two_stage,2,0.5,"__confirm_cooldown=200,__confirm_rule=perm_test,__perm_alpha=0.05,__perm_min_effect=0,__perm_n_perm=200,__perm_post_n=10,__perm_pre_n=200,__perm_rng_seed=0,__perm_stat=vote_score,divergence=0.3,error_rate=0.5,teacher_entropy=0.2",3,0,200,0.0,0,10000,10.0,25.0,200,500,0,0,1.0,0.8362092391304348,0.5957318666253429,0.16666666666666666,0.2561228573322296,0.007377112749963999,1,1,90,89,0,perm_test,0.004975124378109453,0.47816659464267197,89,89,0,0.16666666666666666,0.16666666666666666,1,0.5,0.0,0.0,0.0,0,none,1,1,0,overconfident,0.95,0,severe_drift,0.9260966213857199,0.0016423636251877548,0.6530495143706936,0.8338949414607324,1768152354.40817,0.44273316860198975,0.08371011912822723
461,29504,29503,sea_nodrift,sea,ts_drift_adapt,5,"error_divergence_ph_meta@error.threshold=0.10,error.min_instances=5",error_divergence_ph_meta,"{""divergence"": {""alpha"": 0.1, ""delta"": 0.005, ""min_instances"": 30, ""threshold"": 0.05}, ""error_rate"": {""alpha"": 0.15, ""delta"": 0.005, ""min_instances"": 5, ""threshold"": 0.1}}","{""error_rate"": {""min_instances"": 5, ""threshold"": 0.1}}",0.1,0.005,0.15,5,0.05,0.005,0.1,30,,,,-1,two_stage,2,0.5,"__confirm_cooldown=200,__confirm_rule=perm_test,__perm_alpha=0.05,__perm_min_effect=0,__perm_n_perm=200,__perm_post_n=10,__perm_pre_n=200,__perm_rng_seed=0,__perm_stat=vote_score,divergence=0.3,error_rate=0.5,teacher_entropy=0.2",3,0,200,0.0,0,10000,10.0,25.0,200,500,1,136,1.0,0.8362933839479393,0.5961579021097387,0.0,0.24854132533073425,0.009432327933609486,0,0,90,89,-1,perm_test,0.004975124378109453,0.47816659464267197,89,89,0,0.0,0.16666666666666666,0,0.0,0.0,0.0,0.0,0,none,0,1,0,overconfident,0.95,0,mild_drift,0.9431983106928599,0.0014711818125938774,0.7265247571853468,0.8444474707303662,1768152354.4176762,0.18360137939453125,0.08337369561195374
462,29568,29567,sea_nodrift,sea,ts_drift_adapt,5,"error_divergence_ph_meta@error.threshold=0.10,error.min_instances=5",error_divergence_ph_meta,"{""divergence"": {""alpha"": 0.1, ""delta"": 0.005, ""min_instances"": 30, ""threshold"": 0.05}, ""error_rate"": {""alpha"": 0.15, ""delta"": 0.005, ""min_instances"": 5, ""threshold"": 0.1}}","{""error_rate"": {""min_instances"": 5, ""threshold"": 0.1}}",0.1,0.005,0.15,5,0.05,0.005,0.1,30,,,,-1,two_stage,2,0.5,"__confirm_cooldown=200,__confirm_rule=perm_test,__perm_alpha=0.05,__perm_min_effect=0,__perm_n_perm=200,__perm_post_n=10,__perm_pre_n=200,__perm_rng_seed=0,__perm_stat=vote_score,divergence=0.3,error_rate=0.5,teacher_entropy=0.2",3,0,200,0.0,0,10000,10.0,25.0,200,500,1,72,1.0,0.8363433441558441,0.5962165519199014,0.0,0.29044589400291443,0.021485203877091408,0,0,90,89,-1,perm_test,0.004975124378109453,0.47816659464267197,89,89,0,0.0,0.012052875943481922,0,0.0,0.0,0.0,0.0,0,none,0,1,0,overconfident,0.95,0,mild_drift,0.9517491553464299,0.0013855909062969389,0.7632623785926734,0.8497237353651831,1768152354.4270866,0.21132971346378326,0.1413208544254303
463,29632,29631,sea_nodrift,sea,ts_drift_adapt,5,"error_divergence_ph_meta@error.threshold=0.10,error.min_instances=5",error_divergence_ph_meta,"{""divergence"": {""alpha"": 0.1, ""delta"": 0.005, ""min_instances"": 30, ""threshold"": 0.05}, ""error_rate"": {""alpha"": 0.15, ""delta"": 0.005, ""min_instances"": 5, ""threshold"": 0.1}}","{""error_rate"": {""min_instances"": 5, ""threshold"": 0.1}}",0.1,0.005,0.15,5,0.05,0.005,0.1,30,,,,-1,two_stage,2,0.5,"__confirm_cooldown=200,__confirm_rule=perm_test,__perm_alpha=0.05,__perm_min_effect=0,__perm_n_perm=200,__perm_post_n=10,__perm_pre_n=200,__perm_rng_seed=0,__perm_stat=vote_score,divergence=0.3,error_rate=0.5,teacher_entropy=0.2",3,0,200,0.0,0,10000,10.0,25.0,200,500,1,8,1.0,0.8364605831533477,0.5964587841861078,0.0,0.24013762176036835,0.017233675345778465,0,0,90,89,-1,perm_test,0.004975124378109453,0.47816659464267197,89,89,0,0.0,0.0042515285313129425,0,0.0,0.0,0.0,0.0,0,none,0,1,0,overconfident,0.95,0,mild_drift,0.9560245776732149,0.0013427954531484696,0.7816311892963368,0.8523618676825915,1768152354.436664,0.013747294433414936,0.1632096916437149
464,29696,29695,sea_nodrift,sea,ts_drift_adapt,5,"error_divergence_ph_meta@error.threshold=0.10,error.min_instances=5",error_divergence_ph_meta,"{""divergence"": {""alpha"": 0.1, ""delta"": 0.005, ""min_instances"": 30, ""threshold"": 0.05}, ""error_rate"": {""alpha"": 0.15, ""delta"": 0.005, ""min_instances"": 5, ""threshold"": 0.1}}","{""error_rate"": {""min_instances"": 5, ""threshold"": 0.1}}",0.1,0.005,0.15,5,0.05,0.005,0.1,30,,,,-1,two_stage,2,0.5,"__confirm_cooldown=200,__confirm_rule=perm_test,__perm_alpha=0.05,__perm_min_effect=0,__perm_n_perm=200,__perm_post_n=10,__perm_pre_n=200,__perm_rng_seed=0,__perm_stat=vote_score,divergence=0.3,error_rate=0.5,teacher_entropy=0.2",3,0,200,0.0,0,10000,10.0,25.0,200,500,0,0,1.0,0.8365773168103449,0.5968193863993786,0.3333333333333333,0.21294136345386505,0.012570619583129883,0,0,90,89,-1,perm_test,0.004975124378109453,0.47816659464267197,89,89,0,0.0,0.3333333333333333,0,0.0,0.0,0.0,0.0,0,none,0,1,0,overconfident,0.95,0,mild_drift,0.9581622888366075,0.001321397726574235,0.7908155946481684,0.8536809338412957,1768152354.4462929,0.6829894185066223,0.1218426376581192
465,29760,29759,sea_nodrift,sea,ts_drift_adapt,5,"error_divergence_ph_meta@error.threshold=0.10,error.min_instances=5",error_divergence_ph_meta,"{""divergence"": {""alpha"": 0.1, ""delta"": 0.005, ""min_instances"": 30, ""threshold"": 0.05}, ""error_rate"": {""alpha"": 0.15, ""delta"": 0.005, ""min_instances"": 5, ""threshold"": 0.1}}","{""error_rate"": {""min_instances"": 5, ""threshold"": 0.1}}",0.1,0.005,0.15,5,0.05,0.005,0.1,30,,,,-1,two_stage,2,0.5,"__confirm_cooldown=200,__confirm_rule=perm_test,__perm_alpha=0.05,__perm_min_effect=0,__perm_n_perm=200,__perm_post_n=10,__perm_pre_n=200,__perm_rng_seed=0,__perm_stat=vote_score,divergence=0.3,error_rate=0.5,teacher_entropy=0.2",3,0,200,0.0,0,10000,10.0,25.0,200,500,0,0,1.0,0.8366263440860215,0.5969953306054349,0.0,0.273189902305603,0.012545018456876278,1,1,91,90,0,perm_test,0.004975124378109453,0.4944507208926711,90,90,0,0.16666666666666666,0.3333333333333333,1,0.5,0.0,0.0,0.0,0,none,1,1,0,overconfident,0.95,0,severe_drift,0.9245811444183037,0.0016606988632871175,0.6454077973240842,0.8318404669206478,1768152354.4617245,0.08215375244617462,0.10002784430980682
466,29824,29823,sea_nodrift,sea,ts_drift_adapt,5,"error_divergence_ph_meta@error.threshold=0.10,error.min_instances=5",error_divergence_ph_meta,"{""divergence"": {""alpha"": 0.1, ""delta"": 0.005, ""min_instances"": 30, ""threshold"": 0.05}, ""error_rate"": {""alpha"": 0.15, ""delta"": 0.005, ""min_instances"": 5, ""threshold"": 0.1}}","{""error_rate"": {""min_instances"": 5, ""threshold"": 0.1}}",0.1,0.005,0.15,5,0.05,0.005,0.1,30,,,,-1,two_stage,2,0.5,"__confirm_cooldown=200,__confirm_rule=perm_test,__perm_alpha=0.05,__perm_min_effect=0,__perm_n_perm=200,__perm_post_n=10,__perm_pre_n=200,__perm_rng_seed=0,__perm_stat=vote_score,divergence=0.3,error_rate=0.5,teacher_entropy=0.2",3,0,200,0.0,0,10000,10.0,25.0,200,500,1,136,1.0,0.8367757510729614,0.5974707240359537,0.0,0.26184070110321045,0.006973158568143845,0,0,91,90,-1,perm_test,0.004975124378109453,0.4944507208926711,90,90,0,0.0,0.005571859888732433,0,0.0,0.0,0.0,0.0,0,none,0,1,0,overconfident,0.95,0,mild_drift,0.9424405722091518,0.0014803494316435587,0.7227038986620421,0.8434202334603239,1768152354.471291,0.13674883544445038,0.06584817171096802
467,29888,29887,sea_nodrift,sea,ts_drift_adapt,5,"error_divergence_ph_meta@error.threshold=0.10,error.min_instances=5",error_divergence_ph_meta,"{""divergence"": {""alpha"": 0.1, ""delta"": 0.005, ""min_instances"": 30, ""threshold"": 0.05}, ""error_rate"": {""alpha"": 0.15, ""delta"": 0.005, ""min_instances"": 5, ""threshold"": 0.1}}","{""error_rate"": {""min_instances"": 5, ""threshold"": 0.1}}",0.1,0.005,0.15,5,0.05,0.005,0.1,30,,,,-1,two_stage,2,0.5,"__confirm_cooldown=200,__confirm_rule=perm_test,__perm_alpha=0.05,__perm_min_effect=0,__perm_n_perm=200,__perm_post_n=10,__perm_pre_n=200,__perm_rng_seed=0,__perm_stat=vote_score,divergence=0.3,error_rate=0.5,teacher_entropy=0.2",3,0,200,0.0,0,10000,10.0,25.0,200,500,1,72,1.0,0.8369914346895075,0.5982498129838352,0.0,0.25091657042503357,0.01443399116396904,0,0,91,90,-1,perm_test,0.004975124378109453,0.4944507208926711,90,90,0,0.0,0.007460832595825195,0,0.0,0.0,0.0,0.0,0,none,0,1,0,overconfident,0.95,0,mild_drift,0.9513702861045759,0.0013901747158217796,0.761351949331021,0.849210116730162,1768152354.4807503,0.01735379546880722,0.1395123302936554
468,29952,29951,sea_nodrift,sea,ts_drift_adapt,5,"error_divergence_ph_meta@error.threshold=0.10,error.min_instances=5",error_divergence_ph_meta,"{""divergence"": {""alpha"": 0.1, ""delta"": 0.005, ""min_instances"": 30, ""threshold"": 0.05}, ""error_rate"": {""alpha"": 0.15, ""delta"": 0.005, ""min_instances"": 5, ""threshold"": 0.1}}","{""error_rate"": {""min_instances"": 5, ""threshold"": 0.1}}",0.1,0.005,0.15,5,0.05,0.005,0.1,30,,,,-1,two_stage,2,0.5,"__confirm_cooldown=200,__confirm_rule=perm_test,__perm_alpha=0.05,__perm_min_effect=0,__perm_n_perm=200,__perm_post_n=10,__perm_pre_n=200,__perm_rng_seed=0,__perm_stat=vote_score,divergence=0.3,error_rate=0.5,teacher_entropy=0.2",3,0,200,0.0,0,10000,10.0,25.0,200,500,1,8,1.0,0.8372395833333334,0.5991950038510944,0.0,0.3073691427707672,0.009354539215564728,0,0,91,90,-1,perm_test,0.004975124378109453,0.4944507208926711,90,90,0,0.0,0.005079451948404312,0,0.0,0.0,0.0,0.0,0,none,0,1,0,overconfident,0.95,0,mild_drift,0.9558351430522879,0.0013450873579108897,0.7806759746655105,0.852105058365081,1768152354.490293,0.038972221314907074,0.08732841908931732
469,30016,30015,sea_nodrift,sea,ts_drift_adapt,5,"error_divergence_ph_meta@error.threshold=0.10,error.min_instances=5",error_divergence_ph_meta,"{""divergence"": {""alpha"": 0.1, ""delta"": 0.005, ""min_instances"": 30, ""threshold"": 0.05}, ""error_rate"": {""alpha"": 0.15, ""delta"": 0.005, ""min_instances"": 5, ""threshold"": 0.1}}","{""error_rate"": {""min_instances"": 5, ""threshold"": 0.1}}",0.1,0.005,0.15,5,0.05,0.005,0.1,30,,,,-1,two_stage,2,0.5,"__confirm_cooldown=200,__confirm_rule=perm_test,__perm_alpha=0.05,__perm_min_effect=0,__perm_n_perm=200,__perm_post_n=10,__perm_pre_n=200,__perm_rng_seed=0,__perm_stat=vote_score,divergence=0.3,error_rate=0.5,teacher_entropy=0.2",3,0,200,0.0,0,10000,10.0,25.0,200,500,0,0,1.0,0.8373867270788913,0.5996440860446244,0.3333333333333333,0.24111446738243103,0.01083663385361433,0,0,91,90,-1,perm_test,0.004975124378109453,0.4944507208926711,90,90,0,0.0,0.3333333333333333,0,0.0,0.0,0.0,0.0,0,none,0,1,0,overconfident,0.95,0,mild_drift,0.958067571526144,0.001322543678955445,0.7903379873327553,0.8535525291825405,1768152354.499895,0.47786006331443787,0.1198728084564209
470,30080,30079,sea_nodrift,sea,ts_drift_adapt,5,"error_divergence_ph_meta@error.threshold=0.10,error.min_instances=5",error_divergence_ph_meta,"{""divergence"": {""alpha"": 0.1, ""delta"": 0.005, ""min_instances"": 30, ""threshold"": 0.05}, ""error_rate"": {""alpha"": 0.15, ""delta"": 0.005, ""min_instances"": 5, ""threshold"": 0.1}}","{""error_rate"": {""min_instances"": 5, ""threshold"": 0.1}}",0.1,0.005,0.15,5,0.05,0.005,0.1,30,,,,-1,two_stage,2,0.5,"__confirm_cooldown=200,__confirm_rule=perm_test,__perm_alpha=0.05,__perm_min_effect=0,__perm_n_perm=200,__perm_post_n=10,__perm_pre_n=200,__perm_rng_seed=0,__perm_stat=vote_score,divergence=0.3,error_rate=0.5,teacher_entropy=0.2",3,0,200,0.0,0,10000,10.0,25.0,200,500,0,0,1.0,0.8375332446808511,0.6000498307449147,0.16666666666666666,0.2657604515552521,0.008249714970588684,1,1,92,91,0,perm_test,0.004975124378109453,0.49603330500476905,91,91,0,0.16666666666666666,0.16666666666666666,1,0.5,0.0,0.0,0.0,0,none,1,1,0,overconfident,0.95,0,severe_drift,0.924533785763072,0.0016612718394777226,0.6451689936663776,0.8317762645912703,1768152354.5154655,0.21922682225704193,0.09991087019443512
471,30144,30143,sea_nodrift,sea,ts_drift_adapt,5,"error_divergence_ph_meta@error.threshold=0.10,error.min_instances=5",error_divergence_ph_meta,"{""divergence"": {""alpha"": 0.1, ""delta"": 0.005, ""min_instances"": 30, ""threshold"": 0.05}, ""error_rate"": {""alpha"": 0.15, ""delta"": 0.005, ""min_instances"": 5, ""threshold"": 0.1}}","{""error_rate"": {""min_instances"": 5, ""threshold"": 0.1}}",0.1,0.005,0.15,5,0.05,0.005,0.1,30,,,,-1,two_stage,2,0.5,"__confirm_cooldown=200,__confirm_rule=perm_test,__perm_alpha=0.05,__perm_min_effect=0,__perm_n_perm=200,__perm_post_n=10,__perm_pre_n=200,__perm_rng_seed=0,__perm_stat=vote_score,divergence=0.3,error_rate=0.5,teacher_entropy=0.2",3,0,200,0.0,0,10000,10.0,25.0,200,500,1,136,1.0,0.837645966029724,0.6003896054596513,0.0,0.2847229540348053,0.00990333966910839,0,0,92,91,-1,perm_test,0.004975124378109453,0.49603330500476905,91,91,0,0.0,0.16666666666666666,0,0.0,0.0,0.0,0.0,0,none,0,1,0,overconfident,0.95,0,mild_drift,0.942416892881536,0.0014806359197388614,0.7225844968331888,0.8433881322956351,1768152354.5249882,0.1397494226694107,0.09503200650215149
472,30208,30207,sea_nodrift,sea,ts_drift_adapt,5,"error_divergence_ph_meta@error.threshold=0.10,error.min_instances=5",error_divergence_ph_meta,"{""divergence"": {""alpha"": 0.1, ""delta"": 0.005, ""min_instances"": 30, ""threshold"": 0.05}, ""error_rate"": {""alpha"": 0.15, ""delta"": 0.005, ""min_instances"": 5, ""threshold"": 0.1}}","{""error_rate"": {""min_instances"": 5, ""threshold"": 0.1}}",0.1,0.005,0.15,5,0.05,0.005,0.1,30,,,,-1,two_stage,2,0.5,"__confirm_cooldown=200,__confirm_rule=perm_test,__perm_alpha=0.05,__perm_min_effect=0,__perm_n_perm=200,__perm_post_n=10,__perm_pre_n=200,__perm_rng_seed=0,__perm_stat=vote_score,divergence=0.3,error_rate=0.5,teacher_entropy=0.2",3,0,200,0.0,0,10000,10.0,25.0,200,500,1,72,1.0,0.837791313559322,0.6007979208627791,0.16666666666666666,0.2328866422176361,0.008410112001001835,0,0,92,91,-1,perm_test,0.004975124378109453,0.49603330500476905,91,91,0,0.0,0.16666666666666666,0,0.0,0.0,0.0,0.0,0,none,0,1,0,overconfident,0.95,0,mild_drift,0.951358446440768,0.0013903179598694308,0.7612922484165945,0.8491940661478176,1768152354.5343947,0.5285314321517944,0.08629929274320602
473,30272,30271,sea_nodrift,sea,ts_drift_adapt,5,"error_divergence_ph_meta@error.threshold=0.10,error.min_instances=5",error_divergence_ph_meta,"{""divergence"": {""alpha"": 0.1, ""delta"": 0.005, ""min_instances"": 30, ""threshold"": 0.05}, ""error_rate"": {""alpha"": 0.15, ""delta"": 0.005, ""min_instances"": 5, ""threshold"": 0.1}}","{""error_rate"": {""min_instances"": 5, ""threshold"": 0.1}}",0.1,0.005,0.15,5,0.05,0.005,0.1,30,,,,-1,two_stage,2,0.5,"__confirm_cooldown=200,__confirm_rule=perm_test,__perm_alpha=0.05,__perm_min_effect=0,__perm_n_perm=200,__perm_post_n=10,__perm_pre_n=200,__perm_rng_seed=0,__perm_stat=vote_score,divergence=0.3,error_rate=0.5,teacher_entropy=0.2",3,0,200,0.0,0,10000,10.0,25.0,200,500,1,8,1.0,0.8379690803382663,0.601331712385471,0.16666666666666666,0.2561774253845215,0.0064864312298595905,0,0,92,91,-1,perm_test,0.004975124378109453,0.49603330500476905,91,91,0,0.0,0.0019236807711422443,0,0.0,0.0,0.0,0.0,0,none,0,1,0,overconfident,0.95,0,mild_drift,0.955829223220384,0.0013451589799347153,0.7806461242082973,0.8520970330739088,1768152354.5439646,0.31049230694770813,0.07563699036836624
474,30336,30335,sea_nodrift,sea,ts_drift_adapt,5,"error_divergence_ph_meta@error.threshold=0.10,error.min_instances=5",error_divergence_ph_meta,"{""divergence"": {""alpha"": 0.1, ""delta"": 0.005, ""min_instances"": 30, ""threshold"": 0.05}, ""error_rate"": {""alpha"": 0.15, ""delta"": 0.005, ""min_instances"": 5, ""threshold"": 0.1}}","{""error_rate"": {""min_instances"": 5, ""threshold"": 0.1}}",0.1,0.005,0.15,5,0.05,0.005,0.1,30,,,,-1,two_stage,2,0.5,"__confirm_cooldown=200,__confirm_rule=perm_test,__perm_alpha=0.05,__perm_min_effect=0,__perm_n_perm=200,__perm_post_n=10,__perm_pre_n=200,__perm_rng_seed=0,__perm_stat=vote_score,divergence=0.3,error_rate=0.5,teacher_entropy=0.2",3,0,200,0.0,0,10000,10.0,25.0,200,500,0,0,1.0,0.8381790611814346,0.6018696564121845,0.16666666666666666,0.20976833999156952,0.01033361442387104,0,0,92,91,-1,perm_test,0.004975124378109453,0.49603330500476905,91,91,0,0.0,0.00384718319401145,0,0.0,0.0,0.0,0.0,0,none,0,1,0,overconfident,0.95,0,mild_drift,0.958064611610192,0.0013225794899673579,0.7903230621041486,0.8535485165369544,1768152354.5536103,0.3037893772125244,0.09946933388710022
475,30400,30399,sea_nodrift,sea,ts_drift_adapt,5,"error_divergence_ph_meta@error.threshold=0.10,error.min_instances=5",error_divergence_ph_meta,"{""divergence"": {""alpha"": 0.1, ""delta"": 0.005, ""min_instances"": 30, ""threshold"": 0.05}, ""error_rate"": {""alpha"": 0.15, ""delta"": 0.005, ""min_instances"": 5, ""threshold"": 0.1}}","{""error_rate"": {""min_instances"": 5, ""threshold"": 0.1}}",0.1,0.005,0.15,5,0.05,0.005,0.1,30,,,,-1,two_stage,2,0.5,"__confirm_cooldown=200,__confirm_rule=perm_test,__perm_alpha=0.05,__perm_min_effect=0,__perm_n_perm=200,__perm_post_n=10,__perm_pre_n=200,__perm_rng_seed=0,__perm_stat=vote_score,divergence=0.3,error_rate=0.5,teacher_entropy=0.2",3,0,200,0.0,0,10000,10.0,25.0,200,500,0,0,1.0,0.8382565789473684,0.6019450168952232,0.0,0.2615318298339844,0.012601438909769058,1,1,93,92,0,perm_test,0.004975124378109453,0.47263170021580486,92,92,0,0.16666666666666666,0.16666666666666666,1,0.5,0.0,0.0,0.0,0,none,1,1,0,overconfident,0.95,0,severe_drift,0.924532305805096,0.001661289744983679,0.6451615310520743,0.8317742582684773,1768152354.5688205,0.02736073173582554,0.10262596607208252
476,30464,30463,sea_nodrift,sea,ts_drift_adapt,5,"error_divergence_ph_meta@error.threshold=0.10,error.min_instances=5",error_divergence_ph_meta,"{""divergence"": {""alpha"": 0.1, ""delta"": 0.005, ""min_instances"": 30, ""threshold"": 0.05}, ""error_rate"": {""alpha"": 0.15, ""delta"": 0.005, ""min_instances"": 5, ""threshold"": 0.1}}","{""error_rate"": {""min_instances"": 5, ""threshold"": 0.1}}",0.1,0.005,0.15,5,0.05,0.005,0.1,30,,,,-1,two_stage,2,0.5,"__confirm_cooldown=200,__confirm_rule=perm_test,__perm_alpha=0.05,__perm_min_effect=0,__perm_n_perm=200,__perm_post_n=10,__perm_pre_n=200,__perm_rng_seed=0,__perm_stat=vote_score,divergence=0.3,error_rate=0.5,teacher_entropy=0.2",3,0,200,0.0,0,10000,10.0,25.0,200,500,1,136,1.0,0.8383665966386554,0.602368055678081,0.16666666666666666,0.2615962028503418,0.011328743770718575,0,0,93,92,-1,perm_test,0.004975124378109453,0.47263170021580486,92,92,0,0.0,0.16666666666666666,0,0.0,0.0,0.0,0.0,0,none,0,1,0,overconfident,0.95,0,mild_drift,0.942416152902548,0.0014806448724918396,0.7225807655260372,0.8433871291342386,1768152354.5784042,0.3559333384037018,0.1259988695383072
477,30528,30527,sea_nodrift,sea,ts_drift_adapt,5,"error_divergence_ph_meta@error.threshold=0.10,error.min_instances=5",error_divergence_ph_meta,"{""divergence"": {""alpha"": 0.1, ""delta"": 0.005, ""min_instances"": 30, ""threshold"": 0.05}, ""error_rate"": {""alpha"": 0.15, ""delta"": 0.005, ""min_instances"": 5, ""threshold"": 0.1}}","{""error_rate"": {""min_instances"": 5, ""threshold"": 0.1}}",0.1,0.005,0.15,5,0.05,0.005,0.1,30,,,,-1,two_stage,2,0.5,"__confirm_cooldown=200,__confirm_rule=perm_test,__perm_alpha=0.05,__perm_min_effect=0,__perm_n_perm=200,__perm_post_n=10,__perm_pre_n=200,__perm_rng_seed=0,__perm_stat=vote_score,divergence=0.3,error_rate=0.5,teacher_entropy=0.2",3,0,200,0.0,0,10000,10.0,25.0,200,500,1,72,1.0,0.8385744234800838,0.602894427497115,0.0,0.2644563913345337,0.01028579380363226,0,0,93,92,-1,perm_test,0.004975124378109453,0.47263170021580486,92,92,0,0.0,0.16666666666666666,0,0.0,0.0,0.0,0.0,0,none,0,1,0,overconfident,0.95,0,mild_drift,0.9513580764512739,0.0013903224362459199,0.7612903827630186,0.8491935645671194,1768152354.5879629,0.09328233450651169,0.10466911643743515
478,30592,30591,sea_nodrift,sea,ts_drift_adapt,5,"error_divergence_ph_meta@error.threshold=0.10,error.min_instances=5",error_divergence_ph_meta,"{""divergence"": {""alpha"": 0.1, ""delta"": 0.005, ""min_instances"": 30, ""threshold"": 0.05}, ""error_rate"": {""alpha"": 0.15, ""delta"": 0.005, ""min_instances"": 5, ""threshold"": 0.1}}","{""error_rate"": {""min_instances"": 5, ""threshold"": 0.1}}",0.1,0.005,0.15,5,0.05,0.005,0.1,30,,,,-1,two_stage,2,0.5,"__confirm_cooldown=200,__confirm_rule=perm_test,__perm_alpha=0.05,__perm_min_effect=0,__perm_n_perm=200,__perm_post_n=10,__perm_pre_n=200,__perm_rng_seed=0,__perm_stat=vote_score,divergence=0.3,error_rate=0.5,teacher_entropy=0.2",3,0,200,0.0,0,10000,10.0,25.0,200,500,1,8,1.0,0.8387486924686193,0.6034679323068322,0.0,0.2712389826774597,0.015058356337249279,0,0,93,92,-1,perm_test,0.004975124378109453,0.47263170021580486,92,92,0,0.0,0.00477256253361702,0,0.0,0.0,0.0,0.0,0,none,0,1,0,overconfident,0.95,0,mild_drift,0.9558290382256369,0.00134516121812296,0.7806451913815093,0.8520967822835597,1768152354.5975199,0.06282665580511093,0.12411626428365707
479,30656,30655,sea_nodrift,sea,ts_drift_adapt,5,"error_divergence_ph_meta@error.threshold=0.10,error.min_instances=5",error_divergence_ph_meta,"{""divergence"": {""alpha"": 0.1, ""delta"": 0.005, ""min_instances"": 30, ""threshold"": 0.05}, ""error_rate"": {""alpha"": 0.15, ""delta"": 0.005, ""min_instances"": 5, ""threshold"": 0.1}}","{""error_rate"": {""min_instances"": 5, ""threshold"": 0.1}}",0.1,0.005,0.15,5,0.05,0.005,0.1,30,,,,-1,two_stage,2,0.5,"__confirm_cooldown=200,__confirm_rule=perm_test,__perm_alpha=0.05,__perm_min_effect=0,__perm_n_perm=200,__perm_post_n=10,__perm_pre_n=200,__perm_rng_seed=0,__perm_stat=vote_score,divergence=0.3,error_rate=0.5,teacher_entropy=0.2",3,0,200,0.0,0,10000,10.0,25.0,200,500,0,0,1.0,0.8389548538622129,0.604129800195194,0.0,0.20433810353279114,0.009745118208229542,0,0,93,92,-1,perm_test,0.004975124378109453,0.47263170021580486,92,92,0,0.0,0.005313238129019737,0,0.0,0.0,0.0,0.0,0,none,0,1,0,overconfident,0.95,0,mild_drift,0.9580645191128184,0.00132258060906148,0.7903225956907547,0.8535483911417798,1768152354.6070778,0.1900615245103836,0.10134990513324738
480,30720,30719,sea_nodrift,sea,ts_drift_adapt,5,"error_divergence_ph_meta@error.threshold=0.10,error.min_instances=5",error_divergence_ph_meta,"{""divergence"": {""alpha"": 0.1, ""delta"": 0.005, ""min_instances"": 30, ""threshold"": 0.05}, ""error_rate"": {""alpha"": 0.15, ""delta"": 0.005, ""min_instances"": 5, ""threshold"": 0.1}}","{""error_rate"": {""min_instances"": 5, ""threshold"": 0.1}}",0.1,0.005,0.15,5,0.05,0.005,0.1,30,,,,-1,two_stage,2,0.5,"__confirm_cooldown=200,__confirm_rule=perm_test,__perm_alpha=0.05,__perm_min_effect=0,__perm_n_perm=200,__perm_post_n=10,__perm_pre_n=200,__perm_rng_seed=0,__perm_stat=vote_score,divergence=0.3,error_rate=0.5,teacher_entropy=0.2",3,0,200,0.0,0,10000,10.0,25.0,200,500,0,0,1.0,0.8390299479166666,0.604222691765911,0.0,0.22428466379642487,0.011351637542247772,0,0,93,92,-1,perm_test,0.004975124378109453,0.47263170021580486,92,92,0,0.0,0.0016065193340182304,0,0.0,0.0,0.0,0.0,0,none,0,1,0,overconfident,0.95,0,mild_drift,0.9591822595564092,0.0013112903045307401,0.7951612978453774,0.8542741955708899,1768152354.6166747,0.15027308464050293,0.10112396627664566
481,30784,30783,sea_nodrift,sea,ts_drift_adapt,5,"error_divergence_ph_meta@error.threshold=0.10,error.min_instances=5",error_divergence_ph_meta,"{""divergence"": {""alpha"": 0.1, ""delta"": 0.005, ""min_instances"": 30, ""threshold"": 0.05}, ""error_rate"": {""alpha"": 0.15, ""delta"": 0.005, ""min_instances"": 5, ""threshold"": 0.1}}","{""error_rate"": {""min_instances"": 5, ""threshold"": 0.1}}",0.1,0.005,0.15,5,0.05,0.005,0.1,30,,,,-1,two_stage,2,0.5,"__confirm_cooldown=200,__confirm_rule=perm_test,__perm_alpha=0.05,__perm_min_effect=0,__perm_n_perm=200,__perm_post_n=10,__perm_pre_n=200,__perm_rng_seed=0,__perm_stat=vote_score,divergence=0.3,error_rate=0.5,teacher_entropy=0.2",3,0,200,0.0,0,10000,10.0,25.0,200,500,0,0,1.0,0.8391372141372141,0.6046014094480223,0.16666666666666666,0.21616923809051514,0.011677520349621773,1,1,94,93,0,perm_test,0.004975124378109453,0.5120578406321351,93,93,0,0.16666666666666666,0.16666666666666666,1,0.5,0.0,0.0,0.0,0,none,1,1,0,overconfident,0.95,0,severe_drift,0.9250911297782046,0.00165564515226537,0.6475806489226887,0.832137097785445,1768152354.6322188,0.5416504740715027,0.12606634199619293
482,30848,30847,sea_nodrift,sea,ts_drift_adapt,5,"error_divergence_ph_meta@error.threshold=0.10,error.min_instances=5",error_divergence_ph_meta,"{""divergence"": {""alpha"": 0.1, ""delta"": 0.005, ""min_instances"": 30, ""threshold"": 0.05}, ""error_rate"": {""alpha"": 0.15, ""delta"": 0.005, ""min_instances"": 5, ""threshold"": 0.1}}","{""error_rate"": {""min_instances"": 5, ""threshold"": 0.1}}",0.1,0.005,0.15,5,0.05,0.005,0.1,30,,,,-1,two_stage,2,0.5,"__confirm_cooldown=200,__confirm_rule=perm_test,__perm_alpha=0.05,__perm_min_effect=0,__perm_n_perm=200,__perm_post_n=10,__perm_pre_n=200,__perm_rng_seed=0,__perm_stat=vote_score,divergence=0.3,error_rate=0.5,teacher_entropy=0.2",3,0,200,0.0,0,10000,10.0,25.0,200,500,1,136,1.0,0.8392440352697096,0.604872964480883,0.0,0.2654615640640259,0.01715744659304619,0,0,94,93,-1,perm_test,0.004975124378109453,0.5120578406321351,93,93,0,0.0,0.16666666666666666,0,0.0,0.0,0.0,0.0,0,none,0,1,0,overconfident,0.95,0,mild_drift,0.9426955648891022,0.0014778225761326851,0.7237903244613444,0.8435685488927225,1768152354.6418633,0.10996522754430771,0.13552522659301758
483,30912,30911,sea_nodrift,sea,ts_drift_adapt,5,"error_divergence_ph_meta@error.threshold=0.10,error.min_instances=5",error_divergence_ph_meta,"{""divergence"": {""alpha"": 0.1, ""delta"": 0.005, ""min_instances"": 30, ""threshold"": 0.05}, ""error_rate"": {""alpha"": 0.15, ""delta"": 0.005, ""min_instances"": 5, ""threshold"": 0.1}}","{""error_rate"": {""min_instances"": 5, ""threshold"": 0.1}}",0.1,0.005,0.15,5,0.05,0.005,0.1,30,,,,-1,two_stage,2,0.5,"__confirm_cooldown=200,__confirm_rule=perm_test,__perm_alpha=0.05,__perm_min_effect=0,__perm_n_perm=200,__perm_post_n=10,__perm_pre_n=200,__perm_rng_seed=0,__perm_stat=vote_score,divergence=0.3,error_rate=0.5,teacher_entropy=0.2",3,0,200,0.0,0,10000,10.0,25.0,200,500,1,72,1.0,0.8393827639751553,0.6051230415254903,0.16666666666666666,0.2528262734413147,0.00952030997723341,0,0,94,93,-1,perm_test,0.004975124378109453,0.5120578406321351,93,93,0,0.0,0.16666666666666666,0,0.0,0.0,0.0,0.0,0,none,0,1,0,overconfident,0.95,0,mild_drift,0.9514977824445511,0.0013889112880663425,0.7618951622306722,0.8492842744463612,1768152354.651239,0.1736873984336853,0.09203197062015533
484,30976,30975,sea_nodrift,sea,ts_drift_adapt,5,"error_divergence_ph_meta@error.threshold=0.10,error.min_instances=5",error_divergence_ph_meta,"{""divergence"": {""alpha"": 0.1, ""delta"": 0.005, ""min_instances"": 30, ""threshold"": 0.05}, ""error_rate"": {""alpha"": 0.15, ""delta"": 0.005, ""min_instances"": 5, ""threshold"": 0.1}}","{""error_rate"": {""min_instances"": 5, ""threshold"": 0.1}}",0.1,0.005,0.15,5,0.05,0.005,0.1,30,,,,-1,two_stage,2,0.5,"__confirm_cooldown=200,__confirm_rule=perm_test,__perm_alpha=0.05,__perm_min_effect=0,__perm_n_perm=200,__perm_post_n=10,__perm_pre_n=200,__perm_rng_seed=0,__perm_stat=vote_score,divergence=0.3,error_rate=0.5,teacher_entropy=0.2",3,0,200,0.0,0,10000,10.0,25.0,200,500,1,8,1.0,0.8393595041322314,0.6052304202437296,0.5,0.2576831579208374,0.01513634156435728,0,0,94,93,-1,perm_test,0.004975124378109453,0.5120578406321351,93,93,0,0.0,0.33333333333333337,0,0.0,0.0,0.0,0.0,0,none,0,1,0,overconfident,0.95,0,mild_drift,0.9558988912222754,0.0013444556440331715,0.7809475811153361,0.8521421372231806,1768152354.6608174,0.499108225107193,0.13813063502311707
485,31040,31039,sea_nodrift,sea,ts_drift_adapt,5,"error_divergence_ph_meta@error.threshold=0.10,error.min_instances=5",error_divergence_ph_meta,"{""divergence"": {""alpha"": 0.1, ""delta"": 0.005, ""min_instances"": 30, ""threshold"": 0.05}, ""error_rate"": {""alpha"": 0.15, ""delta"": 0.005, ""min_instances"": 5, ""threshold"": 0.1}}","{""error_rate"": {""min_instances"": 5, ""threshold"": 0.1}}",0.1,0.005,0.15,5,0.05,0.005,0.1,30,,,,-1,two_stage,2,0.5,"__confirm_cooldown=200,__confirm_rule=perm_test,__perm_alpha=0.05,__perm_min_effect=0,__perm_n_perm=200,__perm_post_n=10,__perm_pre_n=200,__perm_rng_seed=0,__perm_stat=vote_score,divergence=0.3,error_rate=0.5,teacher_entropy=0.2",3,0,200,0.0,0,10000,10.0,25.0,200,500,0,0,1.0,0.8394329896907217,0.6054468212091697,0.0,0.28220969438552856,0.019284412264823914,0,0,94,93,-1,perm_test,0.004975124378109453,0.5120578406321351,93,93,0,0.0,0.5,0,0.0,0.0,0.0,0.0,0,none,0,1,0,overconfident,0.95,0,mild_drift,0.9580994456111377,0.001322227822016586,0.7904737905576681,0.8535710686115903,1768152354.6704173,0.10893139243125916,0.13811655342578888
486,31104,31103,sea_nodrift,sea,ts_drift_adapt,5,"error_divergence_ph_meta@error.threshold=0.10,error.min_instances=5",error_divergence_ph_meta,"{""divergence"": {""alpha"": 0.1, ""delta"": 0.005, ""min_instances"": 30, ""threshold"": 0.05}, ""error_rate"": {""alpha"": 0.15, ""delta"": 0.005, ""min_instances"": 5, ""threshold"": 0.1}}","{""error_rate"": {""min_instances"": 5, ""threshold"": 0.1}}",0.1,0.005,0.15,5,0.05,0.005,0.1,30,,,,-1,two_stage,2,0.5,"__confirm_cooldown=200,__confirm_rule=perm_test,__perm_alpha=0.05,__perm_min_effect=0,__perm_n_perm=200,__perm_post_n=10,__perm_pre_n=200,__perm_rng_seed=0,__perm_stat=vote_score,divergence=0.3,error_rate=0.5,teacher_entropy=0.2",3,0,200,0.0,0,10000,10.0,25.0,200,500,0,0,1.0,0.8396990740740741,0.6062024676334729,0.0,0.24719442427158356,0.00812272634357214,1,1,95,94,0,perm_test,0.004975124378109453,0.435860577662006,94,94,0,0.16666666666666666,0.011161685921251774,1,0.5,0.0,0.0,0.0,0,none,1,1,0,overconfident,0.95,0,severe_drift,0.9245497228055688,0.001661113911008293,0.6452368952788341,0.8317855343057952,1768152354.6859152,0.1489410400390625,0.10074017941951752
487,31168,31167,sea_nodrift,sea,ts_drift_adapt,5,"error_divergence_ph_meta@error.threshold=0.10,error.min_instances=5",error_divergence_ph_meta,"{""divergence"": {""alpha"": 0.1, ""delta"": 0.005, ""min_instances"": 30, ""threshold"": 0.05}, ""error_rate"": {""alpha"": 0.15, ""delta"": 0.005, ""min_instances"": 5, ""threshold"": 0.1}}","{""error_rate"": {""min_instances"": 5, ""threshold"": 0.1}}",0.1,0.005,0.15,5,0.05,0.005,0.1,30,,,,-1,two_stage,2,0.5,"__confirm_cooldown=200,__confirm_rule=perm_test,__perm_alpha=0.05,__perm_min_effect=0,__perm_n_perm=200,__perm_post_n=10,__perm_pre_n=200,__perm_rng_seed=0,__perm_stat=vote_score,divergence=0.3,error_rate=0.5,teacher_entropy=0.2",3,0,200,0.0,0,10000,10.0,25.0,200,500,1,136,1.0,0.8398036447638604,0.6067407236146664,0.0,0.248260959982872,0.023165179416537285,0,0,95,94,-1,perm_test,0.004975124378109453,0.435860577662006,94,94,0,0.0,0.015042453072965145,0,0.0,0.0,0.0,0.0,0,none,0,1,0,overconfident,0.95,0,mild_drift,0.9424248614027844,0.0014805569555041466,0.7226184476394171,0.8433927671528976,1768152354.6954632,0.08478612452745438,0.19269269704818726
488,31232,31231,sea_nodrift,sea,ts_drift_adapt,5,"error_divergence_ph_meta@error.threshold=0.10,error.min_instances=5",error_divergence_ph_meta,"{""divergence"": {""alpha"": 0.1, ""delta"": 0.005, ""min_instances"": 30, ""threshold"": 0.05}, ""error_rate"": {""alpha"": 0.15, ""delta"": 0.005, ""min_instances"": 5, ""threshold"": 0.1}}","{""error_rate"": {""min_instances"": 5, ""threshold"": 0.1}}",0.1,0.005,0.15,5,0.05,0.005,0.1,30,,,,-1,two_stage,2,0.5,"__confirm_cooldown=200,__confirm_rule=perm_test,__perm_alpha=0.05,__perm_min_effect=0,__perm_n_perm=200,__perm_post_n=10,__perm_pre_n=200,__perm_rng_seed=0,__perm_stat=vote_score,divergence=0.3,error_rate=0.5,teacher_entropy=0.2",3,0,200,0.0,0,10000,10.0,25.0,200,500,1,72,1.0,0.8400358606557377,0.6071010731727007,0.0,0.21694256365299225,0.013820449821650982,0,0,95,94,-1,perm_test,0.004975124378109453,0.435860577662006,94,94,0,0.0,0.009344729594886303,0,0.0,0.0,0.0,0.0,0,none,0,1,0,overconfident,0.95,0,mild_drift,0.9513624307013921,0.0013902784777520734,0.7613092238197086,0.8491963835764488,1768152354.7049086,0.09927815198898315,0.10748541355133057
489,31296,31295,sea_nodrift,sea,ts_drift_adapt,5,"error_divergence_ph_meta@error.threshold=0.10,error.min_instances=5",error_divergence_ph_meta,"{""divergence"": {""alpha"": 0.1, ""delta"": 0.005, ""min_instances"": 30, ""threshold"": 0.05}, ""error_rate"": {""alpha"": 0.15, ""delta"": 0.005, ""min_instances"": 5, ""threshold"": 0.1}}","{""error_rate"": {""min_instances"": 5, ""threshold"": 0.1}}",0.1,0.005,0.15,5,0.05,0.005,0.1,30,,,,-1,two_stage,2,0.5,"__confirm_cooldown=200,__confirm_rule=perm_test,__perm_alpha=0.05,__perm_min_effect=0,__perm_n_perm=200,__perm_post_n=10,__perm_pre_n=200,__perm_rng_seed=0,__perm_stat=vote_score,divergence=0.3,error_rate=0.5,teacher_entropy=0.2",3,0,200,0.0,0,10000,10.0,25.0,200,500,1,8,1.0,0.8403310327198364,0.6079099941345748,0.0,0.19386088848114014,0.007449433673173189,0,0,95,94,-1,perm_test,0.004975124378109453,0.435860577662006,94,94,0,0.0,0.006371016148477793,0,0.0,0.0,0.0,0.0,0,none,0,1,0,overconfident,0.95,0,mild_drift,0.955831215350696,0.0013451392388760368,0.7806546119098543,0.8520981917882244,1768152354.7144809,0.1502029448747635,0.08330313116312027
490,31360,31359,sea_nodrift,sea,ts_drift_adapt,5,"error_divergence_ph_meta@error.threshold=0.10,error.min_instances=5",error_divergence_ph_meta,"{""divergence"": {""alpha"": 0.1, ""delta"": 0.005, ""min_instances"": 30, ""threshold"": 0.05}, ""error_rate"": {""alpha"": 0.15, ""delta"": 0.005, ""min_instances"": 5, ""threshold"": 0.1}}","{""error_rate"": {""min_instances"": 5, ""threshold"": 0.1}}",0.1,0.005,0.15,5,0.05,0.005,0.1,30,,,,-1,two_stage,2,0.5,"__confirm_cooldown=200,__confirm_rule=perm_test,__perm_alpha=0.05,__perm_min_effect=0,__perm_n_perm=200,__perm_post_n=10,__perm_pre_n=200,__perm_rng_seed=0,__perm_stat=vote_score,divergence=0.3,error_rate=0.5,teacher_entropy=0.2",3,0,200,0.0,0,10000,10.0,25.0,200,500,0,0,1.0,0.8404336734693878,0.6081756416893958,0.16666666666666666,0.2305048704147339,0.008629788644611835,0,0,95,94,-1,perm_test,0.004975124378109453,0.435860577662006,94,94,0,0.0,0.16666666666666666,0,0.0,0.0,0.0,0.0,0,none,0,1,0,overconfident,0.95,0,mild_drift,0.958065607675348,0.0013225696194380185,0.7903273059549272,0.8535490958941122,1768152354.7240553,0.24166427552700043,0.07067139446735382
491,31424,31423,sea_nodrift,sea,ts_drift_adapt,5,"error_divergence_ph_meta@error.threshold=0.10,error.min_instances=5",error_divergence_ph_meta,"{""divergence"": {""alpha"": 0.1, ""delta"": 0.005, ""min_instances"": 30, ""threshold"": 0.05}, ""error_rate"": {""alpha"": 0.15, ""delta"": 0.005, ""min_instances"": 5, ""threshold"": 0.1}}","{""error_rate"": {""min_instances"": 5, ""threshold"": 0.1}}",0.1,0.005,0.15,5,0.05,0.005,0.1,30,,,,-1,two_stage,2,0.5,"__confirm_cooldown=200,__confirm_rule=perm_test,__perm_alpha=0.05,__perm_min_effect=0,__perm_n_perm=200,__perm_post_n=10,__perm_pre_n=200,__perm_rng_seed=0,__perm_stat=vote_score,divergence=0.3,error_rate=0.5,teacher_entropy=0.2",3,0,200,0.0,0,10000,10.0,25.0,200,500,0,0,1.0,0.8405995417515275,0.6085695416389558,0.16666666666666666,0.22269487380981445,0.021010175347328186,1,1,96,95,0,perm_test,0.004975124378109453,0.4957230545742443,95,95,0,0.16666666666666666,0.01238038670271635,1,0.5,0.0,0.0,0.0,0,none,1,1,0,overconfident,0.95,0,severe_drift,0.924532803837674,0.0016612848097190091,0.6451636529774636,0.8317745479470562,1768152354.739525,0.4085814952850342,0.16680647432804108
492,31488,31487,sea_nodrift,sea,ts_drift_adapt,5,"error_divergence_ph_meta@error.threshold=0.10,error.min_instances=5",error_divergence_ph_meta,"{""divergence"": {""alpha"": 0.1, ""delta"": 0.005, ""min_instances"": 30, ""threshold"": 0.05}, ""error_rate"": {""alpha"": 0.15, ""delta"": 0.005, ""min_instances"": 5, ""threshold"": 0.1}}","{""error_rate"": {""min_instances"": 5, ""threshold"": 0.1}}",0.1,0.005,0.15,5,0.05,0.005,0.1,30,,,,-1,two_stage,2,0.5,"__confirm_cooldown=200,__confirm_rule=perm_test,__perm_alpha=0.05,__perm_min_effect=0,__perm_n_perm=200,__perm_post_n=10,__perm_pre_n=200,__perm_rng_seed=0,__perm_stat=vote_score,divergence=0.3,error_rate=0.5,teacher_entropy=0.2",3,0,200,0.0,0,10000,10.0,25.0,200,500,1,136,1.0,0.840796493902439,0.6090773522464503,0.3333333333333333,0.20248527824878693,0.01842942275106907,0,0,96,95,-1,perm_test,0.004975124378109453,0.4957230545742443,95,95,0,0.0,0.16666666666666666,0,0.0,0.0,0.0,0.0,0,none,0,1,0,overconfident,0.95,0,mild_drift,0.942416401918837,0.0014806424048595048,0.7225818264887318,0.8433872739735281,1768152354.7490761,0.49595561623573303,0.150382399559021
493,31552,31551,sea_nodrift,sea,ts_drift_adapt,5,"error_divergence_ph_meta@error.threshold=0.10,error.min_instances=5",error_divergence_ph_meta,"{""divergence"": {""alpha"": 0.1, ""delta"": 0.005, ""min_instances"": 30, ""threshold"": 0.05}, ""error_rate"": {""alpha"": 0.15, ""delta"": 0.005, ""min_instances"": 5, ""threshold"": 0.1}}","{""error_rate"": {""min_instances"": 5, ""threshold"": 0.1}}",0.1,0.005,0.15,5,0.05,0.005,0.1,30,,,,-1,two_stage,2,0.5,"__confirm_cooldown=200,__confirm_rule=perm_test,__perm_alpha=0.05,__perm_min_effect=0,__perm_n_perm=200,__perm_post_n=10,__perm_pre_n=200,__perm_rng_seed=0,__perm_stat=vote_score,divergence=0.3,error_rate=0.5,teacher_entropy=0.2",3,0,200,0.0,0,10000,10.0,25.0,200,500,1,72,1.0,0.8408975659229209,0.6093712270530778,0.0,0.2106008231639862,0.01136587280780077,0,0,96,95,-1,perm_test,0.004975124378109453,0.4957230545742443,95,95,0,0.0,0.3333333333333333,0,0.0,0.0,0.0,0.0,0,none,0,1,0,overconfident,0.95,0,mild_drift,0.9513582009594185,0.0013903212024297526,0.7612909132443659,0.8491936369867641,1768152354.7584975,0.011143248528242111,0.10449310392141342
494,31616,31615,sea_nodrift,sea,ts_drift_adapt,5,"error_divergence_ph_meta@error.threshold=0.10,error.min_instances=5",error_divergence_ph_meta,"{""divergence"": {""alpha"": 0.1, ""delta"": 0.005, ""min_instances"": 30, ""threshold"": 0.05}, ""error_rate"": {""alpha"": 0.15, ""delta"": 0.005, ""min_instances"": 5, ""threshold"": 0.1}}","{""error_rate"": {""min_instances"": 5, ""threshold"": 0.1}}",0.1,0.005,0.15,5,0.05,0.005,0.1,30,,,,-1,two_stage,2,0.5,"__confirm_cooldown=200,__confirm_rule=perm_test,__perm_alpha=0.05,__perm_min_effect=0,__perm_n_perm=200,__perm_post_n=10,__perm_pre_n=200,__perm_rng_seed=0,__perm_stat=vote_score,divergence=0.3,error_rate=0.5,teacher_entropy=0.2",3,0,200,0.0,0,10000,10.0,25.0,200,500,1,8,1.0,0.8411563765182186,0.61015816717605,0.0,0.2580706775188446,0.01139996200799942,0,0,96,95,-1,perm_test,0.004975124378109453,0.4957230545742443,95,95,0,0.0,3.408920019865036e-05,0,0.0,0.0,0.0,0.0,0,none,0,1,0,overconfident,0.95,0,mild_drift,0.9558291004797093,0.0013451606012148763,0.780645456622183,0.852096818493382,1768152354.7680097,0.015910232439637184,0.0992206260561943
495,31680,31679,sea_nodrift,sea,ts_drift_adapt,5,"error_divergence_ph_meta@error.threshold=0.10,error.min_instances=5",error_divergence_ph_meta,"{""divergence"": {""alpha"": 0.1, ""delta"": 0.005, ""min_instances"": 30, ""threshold"": 0.05}, ""error_rate"": {""alpha"": 0.15, ""delta"": 0.005, ""min_instances"": 5, ""threshold"": 0.1}}","{""error_rate"": {""min_instances"": 5, ""threshold"": 0.1}}",0.1,0.005,0.15,5,0.05,0.005,0.1,30,,,,-1,two_stage,2,0.5,"__confirm_cooldown=200,__confirm_rule=perm_test,__perm_alpha=0.05,__perm_min_effect=0,__perm_n_perm=200,__perm_post_n=10,__perm_pre_n=200,__perm_rng_seed=0,__perm_stat=vote_score,divergence=0.3,error_rate=0.5,teacher_entropy=0.2",3,0,200,0.0,0,10000,10.0,25.0,200,500,0,0,1.0,0.8412878787878788,0.6105838970865082,0.16666666666666666,0.1929166615009308,0.009886029176414013,0,0,96,95,-1,perm_test,0.004975124378109453,0.4957230545742443,95,95,0,0.0,0.16666666666666666,0,0.0,0.0,0.0,0.0,0,none,0,1,0,overconfident,0.95,0,mild_drift,0.9580645502398546,0.001322580300607438,0.7903227283110915,0.853548409246691,1768152354.7775977,0.1535194218158722,0.09707911312580109
496,31744,31743,sea_nodrift,sea,ts_drift_adapt,5,"error_divergence_ph_meta@error.threshold=0.10,error.min_instances=5",error_divergence_ph_meta,"{""divergence"": {""alpha"": 0.1, ""delta"": 0.005, ""min_instances"": 30, ""threshold"": 0.05}, ""error_rate"": {""alpha"": 0.15, ""delta"": 0.005, ""min_instances"": 5, ""threshold"": 0.1}}","{""error_rate"": {""min_instances"": 5, ""threshold"": 0.1}}",0.1,0.005,0.15,5,0.05,0.005,0.1,30,,,,-1,two_stage,2,0.5,"__confirm_cooldown=200,__confirm_rule=perm_test,__perm_alpha=0.05,__perm_min_effect=0,__perm_n_perm=200,__perm_post_n=10,__perm_pre_n=200,__perm_rng_seed=0,__perm_stat=vote_score,divergence=0.3,error_rate=0.5,teacher_entropy=0.2",3,0,200,0.0,0,10000,10.0,25.0,200,500,0,0,1.0,0.8414503528225806,0.6109314597961333,0.16666666666666666,0.2587745785713196,0.01320283580571413,1,1,97,96,0,perm_test,0.004975124378109453,0.5441938513260245,96,96,0,0.0,0.0033168066293001175,1,0.5,0.0,0.0,0.0,0,none,1,1,0,overconfident,0.95,0,stable,0.9740322751199273,0.001061290150303719,0.8951613641555458,0.8992742046233455,1768152354.793063,0.1974492222070694,0.10824444890022278
497,31808,31807,sea_nodrift,sea,ts_drift_adapt,5,"error_divergence_ph_meta@error.threshold=0.10,error.min_instances=5",error_divergence_ph_meta,"{""divergence"": {""alpha"": 0.1, ""delta"": 0.005, ""min_instances"": 30, ""threshold"": 0.05}, ""error_rate"": {""alpha"": 0.15, ""delta"": 0.005, ""min_instances"": 5, ""threshold"": 0.1}}","{""error_rate"": {""min_instances"": 5, ""threshold"": 0.1}}",0.1,0.005,0.15,5,0.05,0.005,0.1,30,,,,-1,two_stage,2,0.5,"__confirm_cooldown=200,__confirm_rule=perm_test,__perm_alpha=0.05,__perm_min_effect=0,__perm_n_perm=200,__perm_post_n=10,__perm_pre_n=200,__perm_rng_seed=0,__perm_stat=vote_score,divergence=0.3,error_rate=0.5,teacher_entropy=0.2",3,0,200,0.0,0,10000,10.0,25.0,200,500,1,136,1.0,0.8417693661971831,0.6118844625937683,0.0,0.1921476423740387,0.008164338767528534,0,0,97,96,-1,perm_test,0.004975124378109453,0.5441938513260245,96,96,0,0.0,0.16666666666666666,0,0.0,0.0,0.0,0.0,0,none,0,1,0,overconfident,0.95,0,mild_drift,0.9671661375599636,0.0011806450751518597,0.8475806820777729,0.8771371023116727,1768152354.8026235,0.17624764144420624,0.06873835623264313
498,31872,31871,sea_nodrift,sea,ts_drift_adapt,5,"error_divergence_ph_meta@error.threshold=0.10,error.min_instances=5",error_divergence_ph_meta,"{""divergence"": {""alpha"": 0.1, ""delta"": 0.005, ""min_instances"": 30, ""threshold"": 0.05}, ""error_rate"": {""alpha"": 0.15, ""delta"": 0.005, ""min_instances"": 5, ""threshold"": 0.1}}","{""error_rate"": {""min_instances"": 5, ""threshold"": 0.1}}",0.1,0.005,0.15,5,0.05,0.005,0.1,30,,,,-1,two_stage,2,0.5,"__confirm_cooldown=200,__confirm_rule=perm_test,__perm_alpha=0.05,__perm_min_effect=0,__perm_n_perm=200,__perm_post_n=10,__perm_pre_n=200,__perm_rng_seed=0,__perm_stat=vote_score,divergence=0.3,error_rate=0.5,teacher_entropy=0.2",3,0,200,0.0,0,10000,10.0,25.0,200,500,1,72,1.0,0.8419929718875502,0.612387473658776,0.0,0.168284073472023,0.012769692577421665,0,0,97,96,-1,perm_test,0.004975124378109453,0.5441938513260245,96,96,0,0.0,0.004605353809893131,0,0.0,0.0,0.0,0.0,0,none,0,1,0,overconfident,0.95,0,mild_drift,0.9637330687799818,0.0012403225375759298,0.8237903410388865,0.8660685511558364,1768152354.8120518,0.11662157624959946,0.11044315993785858
499,31936,31935,sea_nodrift,sea,ts_drift_adapt,5,"error_divergence_ph_meta@error.threshold=0.10,error.min_instances=5",error_divergence_ph_meta,"{""divergence"": {""alpha"": 0.1, ""delta"": 0.005, ""min_instances"": 30, ""threshold"": 0.05}, ""error_rate"": {""alpha"": 0.15, ""delta"": 0.005, ""min_instances"": 5, ""threshold"": 0.1}}","{""error_rate"": {""min_instances"": 5, ""threshold"": 0.1}}",0.1,0.005,0.15,5,0.05,0.005,0.1,30,,,,-1,two_stage,2,0.5,"__confirm_cooldown=200,__confirm_rule=perm_test,__perm_alpha=0.05,__perm_min_effect=0,__perm_n_perm=200,__perm_post_n=10,__perm_pre_n=200,__perm_rng_seed=0,__perm_stat=vote_score,divergence=0.3,error_rate=0.5,teacher_entropy=0.2",3,0,200,0.0,0,10000,10.0,25.0,200,500,1,8,1.0,0.8421843687374749,0.6129004943692359,0.16666666666666666,0.24038411676883698,0.02019503526389599,0,0,97,96,-1,perm_test,0.004975124378109453,0.5441938513260245,96,96,0,0.0,0.16666666666666666,0,0.0,0.0,0.0,0.0,0,none,0,1,0,overconfident,0.95,0,mild_drift,0.9620165343899909,0.001270161268787965,0.8118951705194433,0.8605342755779182,1768152354.8216465,0.31988880038261414,0.14758670330047607
500,32000,31999,sea_nodrift,sea,ts_drift_adapt,5,"error_divergence_ph_meta@error.threshold=0.10,error.min_instances=5",error_divergence_ph_meta,"{""divergence"": {""alpha"": 0.1, ""delta"": 0.005, ""min_instances"": 30, ""threshold"": 0.05}, ""error_rate"": {""alpha"": 0.15, ""delta"": 0.005, ""min_instances"": 5, ""threshold"": 0.1}}","{""error_rate"": {""min_instances"": 5, ""threshold"": 0.1}}",0.1,0.005,0.15,5,0.05,0.005,0.1,30,,,,-1,two_stage,2,0.5,"__confirm_cooldown=200,__confirm_rule=perm_test,__perm_alpha=0.05,__perm_min_effect=0,__perm_n_perm=200,__perm_post_n=10,__perm_pre_n=200,__perm_rng_seed=0,__perm_stat=vote_score,divergence=0.3,error_rate=0.5,teacher_entropy=0.2",3,0,200,0.0,0,10000,10.0,25.0,200,500,0,0,1.0,0.84240625,0.6135449913365647,0.0,0.20695476233959198,0.009358965791761875,0,0,97,96,-1,perm_test,0.004975124378109453,0.5441938513260245,96,96,0,0.0,0.16666666666666666,0,0.0,0.0,0.0,0.0,0,none,0,1,0,overconfident,0.95,0,mild_drift,0.9611582671949954,0.0012850806343939827,0.8059475852597217,0.8577671377889591,1768152354.8312223,0.06792736798524857,0.06229110062122345
501,32064,32063,sea_nodrift,sea,ts_drift_adapt,5,"error_divergence_ph_meta@error.threshold=0.10,error.min_instances=5",error_divergence_ph_meta,"{""divergence"": {""alpha"": 0.1, ""delta"": 0.005, ""min_instances"": 30, ""threshold"": 0.05}, ""error_rate"": {""alpha"": 0.15, ""delta"": 0.005, ""min_instances"": 5, ""threshold"": 0.1}}","{""error_rate"": {""min_instances"": 5, ""threshold"": 0.1}}",0.1,0.005,0.15,5,0.05,0.005,0.1,30,,,,-1,two_stage,2,0.5,"__confirm_cooldown=200,__confirm_rule=perm_test,__perm_alpha=0.05,__perm_min_effect=0,__perm_n_perm=200,__perm_post_n=10,__perm_pre_n=200,__perm_rng_seed=0,__perm_stat=vote_score,divergence=0.3,error_rate=0.5,teacher_entropy=0.2",3,0,200,0.0,0,10000,10.0,25.0,200,500,0,0,1.0,0.8425024950099801,0.6139530572094003,0.0,0.2625814378261566,0.027728760614991188,1,1,98,97,0,perm_test,0.004975124378109453,0.4774008061669142,97,97,0,0.16666666666666666,0.018369794823229313,1,0.5,0.0,0.0,0.0,0,none,1,1,0,overconfident,0.95,0,severe_drift,0.9260791335974977,0.0016425403171969914,0.6529737926298609,0.8338835688944796,1768152354.8466823,0.04117589816451073,0.1796261966228485
502,32128,32127,sea_nodrift,sea,ts_drift_adapt,5,"error_divergence_ph_meta@error.threshold=0.10,error.min_instances=5",error_divergence_ph_meta,"{""divergence"": {""alpha"": 0.1, ""delta"": 0.005, ""min_instances"": 30, ""threshold"": 0.05}, ""error_rate"": {""alpha"": 0.15, ""delta"": 0.005, ""min_instances"": 5, ""threshold"": 0.1}}","{""error_rate"": {""min_instances"": 5, ""threshold"": 0.1}}",0.1,0.005,0.15,5,0.05,0.005,0.1,30,,,,-1,two_stage,2,0.5,"__confirm_cooldown=200,__confirm_rule=perm_test,__perm_alpha=0.05,__perm_min_effect=0,__perm_n_perm=200,__perm_post_n=10,__perm_pre_n=200,__perm_rng_seed=0,__perm_stat=vote_score,divergence=0.3,error_rate=0.5,teacher_entropy=0.2",3,0,200,0.0,0,10000,10.0,25.0,200,500,1,136,1.0,0.8426294820717132,0.6144197607685014,0.0,0.2190965712070465,0.01174409780651331,0,0,98,97,-1,perm_test,0.004975124378109453,0.4774008061669142,97,97,0,0.0,0.01598466280847788,0,0.0,0.0,0.0,0.0,0,none,0,1,0,overconfident,0.95,0,mild_drift,0.9431895667987489,0.0014712701585984957,0.7264868963149305,0.8444417844472398,1768152354.8562555,0.139017716050148,0.10935255885124207
503,32192,32191,sea_nodrift,sea,ts_drift_adapt,5,"error_divergence_ph_meta@error.threshold=0.10,error.min_instances=5",error_divergence_ph_meta,"{""divergence"": {""alpha"": 0.1, ""delta"": 0.005, ""min_instances"": 30, ""threshold"": 0.05}, ""error_rate"": {""alpha"": 0.15, ""delta"": 0.005, ""min_instances"": 5, ""threshold"": 0.1}}","{""error_rate"": {""min_instances"": 5, ""threshold"": 0.1}}",0.1,0.005,0.15,5,0.05,0.005,0.1,30,,,,-1,two_stage,2,0.5,"__confirm_cooldown=200,__confirm_rule=perm_test,__perm_alpha=0.05,__perm_min_effect=0,__perm_n_perm=200,__perm_post_n=10,__perm_pre_n=200,__perm_rng_seed=0,__perm_stat=vote_score,divergence=0.3,error_rate=0.5,teacher_entropy=0.2",3,0,200,0.0,0,10000,10.0,25.0,200,500,1,72,1.0,0.842787027833002,0.6147652308620214,0.3333333333333333,0.17407147586345673,0.01107517909258604,0,0,98,97,-1,perm_test,0.004975124378109453,0.4774008061669142,97,97,0,0.0,0.3333333333333333,0,0.0,0.0,0.0,0.0,0,none,0,1,0,overconfident,0.95,0,mild_drift,0.9517447833993744,0.0013856350792992478,0.7632434481574653,0.8497208922236199,1768152354.865608,0.597141683101654,0.12376359105110168
504,32256,32255,sea_nodrift,sea,ts_drift_adapt,5,"error_divergence_ph_meta@error.threshold=0.10,error.min_instances=5",error_divergence_ph_meta,"{""divergence"": {""alpha"": 0.1, ""delta"": 0.005, ""min_instances"": 30, ""threshold"": 0.05}, ""error_rate"": {""alpha"": 0.15, ""delta"": 0.005, ""min_instances"": 5, ""threshold"": 0.1}}","{""error_rate"": {""min_instances"": 5, ""threshold"": 0.1}}",0.1,0.005,0.15,5,0.05,0.005,0.1,30,,,,-1,two_stage,2,0.5,"__confirm_cooldown=200,__confirm_rule=perm_test,__perm_alpha=0.05,__perm_min_effect=0,__perm_n_perm=200,__perm_post_n=10,__perm_pre_n=200,__perm_rng_seed=0,__perm_stat=vote_score,divergence=0.3,error_rate=0.5,teacher_entropy=0.2",3,0,200,0.0,0,10000,10.0,25.0,200,500,1,8,1.0,0.8428819444444444,0.6150447428686483,0.16666666666666666,0.21879084408283234,0.01331369113177061,0,0,98,97,-1,perm_test,0.004975124378109453,0.4774008061669142,97,97,0,0.0,0.16666666666666666,0,0.0,0.0,0.0,0.0,0,none,0,1,0,overconfident,0.95,0,mild_drift,0.9560223916996872,0.001342817539649624,0.7816217240787326,0.8523604461118099,1768152354.8751724,0.2584666907787323,0.11655670404434204
505,32320,32319,sea_nodrift,sea,ts_drift_adapt,5,"error_divergence_ph_meta@error.threshold=0.10,error.min_instances=5",error_divergence_ph_meta,"{""divergence"": {""alpha"": 0.1, ""delta"": 0.005, ""min_instances"": 30, ""threshold"": 0.05}, ""error_rate"": {""alpha"": 0.15, ""delta"": 0.005, ""min_instances"": 5, ""threshold"": 0.1}}","{""error_rate"": {""min_instances"": 5, ""threshold"": 0.1}}",0.1,0.005,0.15,5,0.05,0.005,0.1,30,,,,-1,two_stage,2,0.5,"__confirm_cooldown=200,__confirm_rule=perm_test,__perm_alpha=0.05,__perm_min_effect=0,__perm_n_perm=200,__perm_post_n=10,__perm_pre_n=200,__perm_rng_seed=0,__perm_stat=vote_score,divergence=0.3,error_rate=0.5,teacher_entropy=0.2",3,0,200,0.0,0,10000,10.0,25.0,200,500,0,0,1.0,0.8429455445544555,0.6153239829750197,0.0,0.2655401825904846,0.019207937642931938,0,0,98,97,-1,perm_test,0.004975124378109453,0.4774008061669142,97,97,0,0.0,0.16666666666666666,0,0.0,0.0,0.0,0.0,0,none,0,1,0,overconfident,0.95,0,mild_drift,0.9581611958498435,0.001321408769824812,0.7908108620393663,0.853680223055905,1768152354.8848243,0.02388639934360981,0.15551544725894928
506,32384,32383,sea_nodrift,sea,ts_drift_adapt,5,"error_divergence_ph_meta@error.threshold=0.10,error.min_instances=5",error_divergence_ph_meta,"{""divergence"": {""alpha"": 0.1, ""delta"": 0.005, ""min_instances"": 30, ""threshold"": 0.05}, ""error_rate"": {""alpha"": 0.15, ""delta"": 0.005, ""min_instances"": 5, ""threshold"": 0.1}}","{""error_rate"": {""min_instances"": 5, ""threshold"": 0.1}}",0.1,0.005,0.15,5,0.05,0.005,0.1,30,,,,-1,two_stage,2,0.5,"__confirm_cooldown=200,__confirm_rule=perm_test,__perm_alpha=0.05,__perm_min_effect=0,__perm_n_perm=200,__perm_post_n=10,__perm_pre_n=200,__perm_rng_seed=0,__perm_stat=vote_score,divergence=0.3,error_rate=0.5,teacher_entropy=0.2",3,0,200,0.0,0,10000,10.0,25.0,200,500,0,0,1.0,0.8431941699604744,0.6159488080812732,0.16666666666666666,0.22434954345226288,0.0100952023640275,1,1,99,98,0,perm_test,0.004975124378109453,0.465178717843009,98,98,0,0.16666666666666666,0.16666666666666666,1,0.5,0.0,0.0,0.0,0,none,1,1,0,overconfident,0.95,0,severe_drift,0.9245805979249218,0.001660704384912406,0.6454054310196832,0.8318401115279526,1768152354.9000127,0.38234618306159973,0.08366888016462326
507,32448,32447,sea_nodrift,sea,ts_drift_adapt,5,"error_divergence_ph_meta@error.threshold=0.10,error.min_instances=5",error_divergence_ph_meta,"{""divergence"": {""alpha"": 0.1, ""delta"": 0.005, ""min_instances"": 30, ""threshold"": 0.05}, ""error_rate"": {""alpha"": 0.15, ""delta"": 0.005, ""min_instances"": 5, ""threshold"": 0.1}}","{""error_rate"": {""min_instances"": 5, ""threshold"": 0.1}}",0.1,0.005,0.15,5,0.05,0.005,0.1,30,,,,-1,two_stage,2,0.5,"__confirm_cooldown=200,__confirm_rule=perm_test,__perm_alpha=0.05,__perm_min_effect=0,__perm_n_perm=200,__perm_post_n=10,__perm_pre_n=200,__perm_rng_seed=0,__perm_stat=vote_score,divergence=0.3,error_rate=0.5,teacher_entropy=0.2",3,0,200,0.0,0,10000,10.0,25.0,200,500,1,136,1.0,0.8433185404339251,0.6162996592142771,0.0,0.2605743706226349,0.011475450359284878,0,0,99,98,-1,perm_test,0.004975124378109453,0.465178717843009,98,98,0,0.0,0.16666666666666666,0,0.0,0.0,0.0,0.0,0,none,0,1,0,overconfident,0.95,0,mild_drift,0.9424402989624608,0.0014803521924562032,0.7227027155098416,0.8434200557639763,1768152354.9094973,0.0342014916241169,0.129072368144989
508,32512,32511,sea_nodrift,sea,ts_drift_adapt,5,"error_divergence_ph_meta@error.threshold=0.10,error.min_instances=5",error_divergence_ph_meta,"{""divergence"": {""alpha"": 0.1, ""delta"": 0.005, ""min_instances"": 30, ""threshold"": 0.05}, ""error_rate"": {""alpha"": 0.15, ""delta"": 0.005, ""min_instances"": 5, ""threshold"": 0.1}}","{""error_rate"": {""min_instances"": 5, ""threshold"": 0.1}}",0.1,0.005,0.15,5,0.05,0.005,0.1,30,,,,-1,two_stage,2,0.5,"__confirm_cooldown=200,__confirm_rule=perm_test,__perm_alpha=0.05,__perm_min_effect=0,__perm_n_perm=200,__perm_post_n=10,__perm_pre_n=200,__perm_rng_seed=0,__perm_stat=vote_score,divergence=0.3,error_rate=0.5,teacher_entropy=0.2",3,0,200,0.0,0,10000,10.0,25.0,200,500,1,72,1.0,0.8434731791338582,0.6167293127569433,0.0,0.21126942336559296,0.010475429706275463,0,0,99,98,-1,perm_test,0.004975124378109453,0.465178717843009,98,98,0,0.0,0.0010000206530094147,0,0.0,0.0,0.0,0.0,0,none,0,1,0,overconfident,0.95,0,mild_drift,0.9513701494812303,0.0013901760962281018,0.7613513577549208,0.8492100278819881,1768152354.9188488,0.0353793203830719,0.08014417439699173
509,32576,32575,sea_nodrift,sea,ts_drift_adapt,5,"error_divergence_ph_meta@error.threshold=0.10,error.min_instances=5",error_divergence_ph_meta,"{""divergence"": {""alpha"": 0.1, ""delta"": 0.005, ""min_instances"": 30, ""threshold"": 0.05}, ""error_rate"": {""alpha"": 0.15, ""delta"": 0.005, ""min_instances"": 5, ""threshold"": 0.1}}","{""error_rate"": {""min_instances"": 5, ""threshold"": 0.1}}",0.1,0.005,0.15,5,0.05,0.005,0.1,30,,,,-1,two_stage,2,0.5,"__confirm_cooldown=200,__confirm_rule=perm_test,__perm_alpha=0.05,__perm_min_effect=0,__perm_n_perm=200,__perm_post_n=10,__perm_pre_n=200,__perm_rng_seed=0,__perm_stat=vote_score,divergence=0.3,error_rate=0.5,teacher_entropy=0.2",3,0,200,0.0,0,10000,10.0,25.0,200,500,1,8,1.0,0.8435965127701375,0.6169764007218002,0.0,0.24726109206676483,0.014830315485596657,0,0,99,98,-1,perm_test,0.004975124378109453,0.465178717843009,98,98,0,0.0,0.004354885779321194,0,0.0,0.0,0.0,0.0,0,none,0,1,0,overconfident,0.95,0,mild_drift,0.9558350747406151,0.0013450880481140509,0.7806756788774605,0.852105013940994,1768152354.928435,0.030599944293498993,0.09452873468399048
510,32640,32639,sea_nodrift,sea,ts_drift_adapt,5,"error_divergence_ph_meta@error.threshold=0.10,error.min_instances=5",error_divergence_ph_meta,"{""divergence"": {""alpha"": 0.1, ""delta"": 0.005, ""min_instances"": 30, ""threshold"": 0.05}, ""error_rate"": {""alpha"": 0.15, ""delta"": 0.005, ""min_instances"": 5, ""threshold"": 0.1}}","{""error_rate"": {""min_instances"": 5, ""threshold"": 0.1}}",0.1,0.005,0.15,5,0.05,0.005,0.1,30,,,,-1,two_stage,2,0.5,"__confirm_cooldown=200,__confirm_rule=perm_test,__perm_alpha=0.05,__perm_min_effect=0,__perm_n_perm=200,__perm_post_n=10,__perm_pre_n=200,__perm_rng_seed=0,__perm_stat=vote_score,divergence=0.3,error_rate=0.5,teacher_entropy=0.2",3,0,200,0.0,0,10000,10.0,25.0,200,500,0,0,1.0,0.84375,0.6174131021376842,0.16666666666666666,0.18937960267066956,0.009352071210741997,0,0,99,98,-1,perm_test,0.004975124378109453,0.465178717843009,98,98,0,0.0,0.16666666666666666,0,0.0,0.0,0.0,0.0,0,none,0,1,0,overconfident,0.95,0,mild_drift,0.9580675373703076,0.0013225440240570256,0.7903378394387303,0.853552506970497,1768152354.9380386,0.5571965575218201,0.07831355184316635
511,32704,32703,sea_nodrift,sea,ts_drift_adapt,5,"error_divergence_ph_meta@error.threshold=0.10,error.min_instances=5",error_divergence_ph_meta,"{""divergence"": {""alpha"": 0.1, ""delta"": 0.005, ""min_instances"": 30, ""threshold"": 0.05}, ""error_rate"": {""alpha"": 0.15, ""delta"": 0.005, ""min_instances"": 5, ""threshold"": 0.1}}","{""error_rate"": {""min_instances"": 5, ""threshold"": 0.1}}",0.1,0.005,0.15,5,0.05,0.005,0.1,30,,,,-1,two_stage,2,0.5,"__confirm_cooldown=200,__confirm_rule=perm_test,__perm_alpha=0.05,__perm_min_effect=0,__perm_n_perm=200,__perm_post_n=10,__perm_pre_n=200,__perm_rng_seed=0,__perm_stat=vote_score,divergence=0.3,error_rate=0.5,teacher_entropy=0.2",3,0,200,0.0,0,10000,10.0,25.0,200,500,0,0,1.0,0.8439334637964775,0.6178577744579865,0.0,0.18412090837955475,0.01046773698180914,1,1,100,99,0,perm_test,0.004975124378109453,0.49584619795914625,99,99,0,0.16666666666666666,0.16666666666666666,1,0.5,0.0,0.0,0.0,0,none,1,1,0,overconfident,0.95,0,severe_drift,0.9245337686851538,0.0016612720120285128,0.6451689197193651,0.8317762534852485,1768152354.953231,0.08192548155784607,0.09932976961135864
512,32768,32767,sea_nodrift,sea,ts_drift_adapt,5,"error_divergence_ph_meta@error.threshold=0.10,error.min_instances=5",error_divergence_ph_meta,"{""divergence"": {""alpha"": 0.1, ""delta"": 0.005, ""min_instances"": 30, ""threshold"": 0.05}, ""error_rate"": {""alpha"": 0.15, ""delta"": 0.005, ""min_instances"": 5, ""threshold"": 0.1}}","{""error_rate"": {""min_instances"": 5, ""threshold"": 0.1}}",0.1,0.005,0.15,5,0.05,0.005,0.1,30,,,,-1,two_stage,2,0.5,"__confirm_cooldown=200,__confirm_rule=perm_test,__perm_alpha=0.05,__perm_min_effect=0,__perm_n_perm=200,__perm_post_n=10,__perm_pre_n=200,__perm_rng_seed=0,__perm_stat=vote_score,divergence=0.3,error_rate=0.5,teacher_entropy=0.2",3,0,200,0.0,0,10000,10.0,25.0,200,500,1,136,1.0,0.84417724609375,0.6183653357586048,0.0,0.1893252432346344,0.006337291561067104,0,0,100,99,-1,perm_test,0.004975124378109453,0.49584619795914625,99,99,0,0.0,0.004130445420742035,0,0.0,0.0,0.0,0.0,0,none,0,1,0,overconfident,0.95,0,mild_drift,0.9424168843425769,0.0014806360060142564,0.7225844598596826,0.8433881267426242,1768152354.9627213,0.041264478117227554,0.05776991322636604
513,32832,32831,sea_nodrift,sea,ts_drift_adapt,5,"error_divergence_ph_meta@error.threshold=0.10,error.min_instances=5",error_divergence_ph_meta,"{""divergence"": {""alpha"": 0.1, ""delta"": 0.005, ""min_instances"": 30, ""threshold"": 0.05}, ""error_rate"": {""alpha"": 0.15, ""delta"": 0.005, ""min_instances"": 5, ""threshold"": 0.1}}","{""error_rate"": {""min_instances"": 5, ""threshold"": 0.1}}",0.1,0.005,0.15,5,0.05,0.005,0.1,30,,,,-1,two_stage,2,0.5,"__confirm_cooldown=200,__confirm_rule=perm_test,__perm_alpha=0.05,__perm_min_effect=0,__perm_n_perm=200,__perm_post_n=10,__perm_pre_n=200,__perm_rng_seed=0,__perm_stat=vote_score,divergence=0.3,error_rate=0.5,teacher_entropy=0.2",3,0,200,0.0,0,10000,10.0,25.0,200,500,1,72,1.0,0.8443287037037037,0.6187170135717137,0.0,0.161685511469841,0.012166068889200687,0,0,100,99,-1,perm_test,0.004975124378109453,0.49584619795914625,99,99,0,0.0,0.005828777328133583,0,0.0,0.0,0.0,0.0,0,none,0,1,0,overconfident,0.95,0,mild_drift,0.9513584421712884,0.0013903180030071282,0.7612922299298412,0.8491940633713121,1768152354.972123,0.15103401243686676,0.12369464337825775
514,32896,32895,sea_nodrift,sea,ts_drift_adapt,5,"error_divergence_ph_meta@error.threshold=0.10,error.min_instances=5",error_divergence_ph_meta,"{""divergence"": {""alpha"": 0.1, ""delta"": 0.005, ""min_instances"": 30, ""threshold"": 0.05}, ""error_rate"": {""alpha"": 0.15, ""delta"": 0.005, ""min_instances"": 5, ""threshold"": 0.1}}","{""error_rate"": {""min_instances"": 5, ""threshold"": 0.1}}",0.1,0.005,0.15,5,0.05,0.005,0.1,30,,,,-1,two_stage,2,0.5,"__confirm_cooldown=200,__confirm_rule=perm_test,__perm_alpha=0.05,__perm_min_effect=0,__perm_n_perm=200,__perm_post_n=10,__perm_pre_n=200,__perm_rng_seed=0,__perm_stat=vote_score,divergence=0.3,error_rate=0.5,teacher_entropy=0.2",3,0,200,0.0,0,10000,10.0,25.0,200,500,1,8,1.0,0.8444491731517509,0.6190623853818588,0.0,0.19807352125644684,0.012812783941626549,0,0,100,99,-1,perm_test,0.004975124378109453,0.49584619795914625,99,99,0,0.0,0.0006467150524258614,0,0.0,0.0,0.0,0.0,0,none,0,1,0,overconfident,0.95,0,mild_drift,0.9558292210856442,0.001345159001503564,0.7806461149649206,0.852097031685656,1768152354.9817333,0.05441095307469368,0.11239681392908096
515,32960,32959,sea_nodrift,sea,ts_drift_adapt,5,"error_divergence_ph_meta@error.threshold=0.10,error.min_instances=5",error_divergence_ph_meta,"{""divergence"": {""alpha"": 0.1, ""delta"": 0.005, ""min_instances"": 30, ""threshold"": 0.05}, ""error_rate"": {""alpha"": 0.15, ""delta"": 0.005, ""min_instances"": 5, ""threshold"": 0.1}}","{""error_rate"": {""min_instances"": 5, ""threshold"": 0.1}}",0.1,0.005,0.15,5,0.05,0.005,0.1,30,,,,-1,two_stage,2,0.5,"__confirm_cooldown=200,__confirm_rule=perm_test,__perm_alpha=0.05,__perm_min_effect=0,__perm_n_perm=200,__perm_post_n=10,__perm_pre_n=200,__perm_rng_seed=0,__perm_stat=vote_score,divergence=0.3,error_rate=0.5,teacher_entropy=0.2",3,0,200,0.0,0,10000,10.0,25.0,200,500,0,0,1.0,0.8446601941747572,0.6195253201219819,0.16666666666666666,0.23414246737957,0.011632065288722515,0,0,100,99,-1,perm_test,0.004975124378109453,0.49584619795914625,99,99,0,0.0,0.16666666666666666,0,0.0,0.0,0.0,0.0,0,none,0,1,0,overconfident,0.95,0,mild_drift,0.9580646105428221,0.001322579500751782,0.7903230574824603,0.853548515842828,1768152354.991288,0.40445634722709656,0.1276767998933792
516,33024,33023,sea_nodrift,sea,ts_drift_adapt,5,"error_divergence_ph_meta@error.threshold=0.10,error.min_instances=5",error_divergence_ph_meta,"{""divergence"": {""alpha"": 0.1, ""delta"": 0.005, ""min_instances"": 30, ""threshold"": 0.05}, ""error_rate"": {""alpha"": 0.15, ""delta"": 0.005, ""min_instances"": 5, ""threshold"": 0.1}}","{""error_rate"": {""min_instances"": 5, ""threshold"": 0.1}}",0.1,0.005,0.15,5,0.05,0.005,0.1,30,,,,-1,two_stage,2,0.5,"__confirm_cooldown=200,__confirm_rule=perm_test,__perm_alpha=0.05,__perm_min_effect=0,__perm_n_perm=200,__perm_post_n=10,__perm_pre_n=200,__perm_rng_seed=0,__perm_stat=vote_score,divergence=0.3,error_rate=0.5,teacher_entropy=0.2",3,0,200,0.0,0,10000,10.0,25.0,200,500,0,0,1.0,0.844718992248062,0.619665097638475,0.3333333333333333,0.2281065434217453,0.02245194837450981,1,1,101,100,0,perm_test,0.004975124378109453,0.49606034672884614,100,100,0,0.3333333333333333,0.16666666666666666,1,0.5,0.0,0.0,0.0,0,none,1,1,0,overconfident,0.95,0,severe_drift,0.9245323052714111,0.001661289750375891,0.6451615287412302,0.831774257921414,1768152355.006352,0.6584871411323547,0.20517487823963165
517,33088,33087,sea_nodrift,sea,ts_drift_adapt,5,"error_divergence_ph_meta@error.threshold=0.10,error.min_instances=5",error_divergence_ph_meta,"{""divergence"": {""alpha"": 0.1, ""delta"": 0.005, ""min_instances"": 30, ""threshold"": 0.05}, ""error_rate"": {""alpha"": 0.15, ""delta"": 0.005, ""min_instances"": 5, ""threshold"": 0.1}}","{""error_rate"": {""min_instances"": 5, ""threshold"": 0.1}}",0.1,0.005,0.15,5,0.05,0.005,0.1,30,,,,-1,two_stage,2,0.5,"__confirm_cooldown=200,__confirm_rule=perm_test,__perm_alpha=0.05,__perm_min_effect=0,__perm_n_perm=200,__perm_post_n=10,__perm_pre_n=200,__perm_rng_seed=0,__perm_stat=vote_score,divergence=0.3,error_rate=0.5,teacher_entropy=0.2",3,0,200,0.0,0,10000,10.0,25.0,200,500,1,136,1.0,0.8448077852998066,0.6200111259099739,0.0,0.2080719918012619,0.013665666803717613,0,0,101,100,-1,perm_test,0.004975124378109453,0.49606034672884614,100,100,0,0.0,0.3333333333333333,0,0.0,0.0,0.0,0.0,0,none,0,1,0,overconfident,0.95,0,mild_drift,0.9424161526357056,0.0014806448751879457,0.7225807643706151,0.843387128960707,1768152355.0158432,0.12563671171665192,0.13742586970329285
518,33152,33151,sea_nodrift,sea,ts_drift_adapt,5,"error_divergence_ph_meta@error.threshold=0.10,error.min_instances=5",error_divergence_ph_meta,"{""divergence"": {""alpha"": 0.1, ""delta"": 0.005, ""min_instances"": 30, ""threshold"": 0.05}, ""error_rate"": {""alpha"": 0.15, ""delta"": 0.005, ""min_instances"": 5, ""threshold"": 0.1}}","{""error_rate"": {""min_instances"": 5, ""threshold"": 0.1}}",0.1,0.005,0.15,5,0.05,0.005,0.1,30,,,,-1,two_stage,2,0.5,"__confirm_cooldown=200,__confirm_rule=perm_test,__perm_alpha=0.05,__perm_min_effect=0,__perm_n_perm=200,__perm_post_n=10,__perm_pre_n=200,__perm_rng_seed=0,__perm_stat=vote_score,divergence=0.3,error_rate=0.5,teacher_entropy=0.2",3,0,200,0.0,0,10000,10.0,25.0,200,500,1,72,1.0,0.8450168918918919,0.6205235659387822,0.0,0.19398531317710876,0.013898682780563831,0,0,101,100,-1,perm_test,0.004975124378109453,0.49606034672884614,100,100,0,0.0,0.0002330159768462181,0,0.0,0.0,0.0,0.0,0,none,0,1,0,overconfident,0.95,0,mild_drift,0.9513580763178527,0.001390322437593973,0.7612903821853076,0.8491935644803534,1768152355.025266,0.15739856660366058,0.162388414144516
519,33216,33215,sea_nodrift,sea,ts_drift_adapt,5,"error_divergence_ph_meta@error.threshold=0.10,error.min_instances=5",error_divergence_ph_meta,"{""divergence"": {""alpha"": 0.1, ""delta"": 0.005, ""min_instances"": 30, ""threshold"": 0.05}, ""error_rate"": {""alpha"": 0.15, ""delta"": 0.005, ""min_instances"": 5, ""threshold"": 0.1}}","{""error_rate"": {""min_instances"": 5, ""threshold"": 0.1}}",0.1,0.005,0.15,5,0.05,0.005,0.1,30,,,,-1,two_stage,2,0.5,"__confirm_cooldown=200,__confirm_rule=perm_test,__perm_alpha=0.05,__perm_min_effect=0,__perm_n_perm=200,__perm_post_n=10,__perm_pre_n=200,__perm_rng_seed=0,__perm_stat=vote_score,divergence=0.3,error_rate=0.5,teacher_entropy=0.2",3,0,200,0.0,0,10000,10.0,25.0,200,500,1,8,1.0,0.8452854046242775,0.621083843234179,0.0,0.18945102393627167,0.0075853499583899975,0,0,101,100,-1,perm_test,0.004975124378109453,0.49606034672884614,100,100,0,0.0,0.006313332822173834,0,0.0,0.0,0.0,0.0,0,none,0,1,0,overconfident,0.95,0,mild_drift,0.9558290381589263,0.0013451612187969867,0.7806451910926538,0.8520967822401767,1768152355.0347908,0.03579389676451683,0.08847589045763016
520,33280,33279,sea_nodrift,sea,ts_drift_adapt,5,"error_divergence_ph_meta@error.threshold=0.10,error.min_instances=5",error_divergence_ph_meta,"{""divergence"": {""alpha"": 0.1, ""delta"": 0.005, ""min_instances"": 30, ""threshold"": 0.05}, ""error_rate"": {""alpha"": 0.15, ""delta"": 0.005, ""min_instances"": 5, ""threshold"": 0.1}}","{""error_rate"": {""min_instances"": 5, ""threshold"": 0.1}}",0.1,0.005,0.15,5,0.05,0.005,0.1,30,,,,-1,two_stage,2,0.5,"__confirm_cooldown=200,__confirm_rule=perm_test,__perm_alpha=0.05,__perm_min_effect=0,__perm_n_perm=200,__perm_post_n=10,__perm_pre_n=200,__perm_rng_seed=0,__perm_stat=vote_score,divergence=0.3,error_rate=0.5,teacher_entropy=0.2",3,0,200,0.0,0,10000,10.0,25.0,200,500,0,0,1.0,0.8454927884615384,0.621524229425758,0.0,0.20940424501895905,0.015506458468735218,0,0,101,100,-1,perm_test,0.004975124378109453,0.49606034672884614,100,100,0,0.0,0.00792110851034522,0,0.0,0.0,0.0,0.0,0,none,0,1,0,overconfident,0.95,0,mild_drift,0.9580645190794631,0.0013225806093984933,0.7903225955463269,0.8535483911200883,1768152355.04438,0.07094729691743851,0.137702077627182
521,33344,33343,sea_nodrift,sea,ts_drift_adapt,5,"error_divergence_ph_meta@error.threshold=0.10,error.min_instances=5",error_divergence_ph_meta,"{""divergence"": {""alpha"": 0.1, ""delta"": 0.005, ""min_instances"": 30, ""threshold"": 0.05}, ""error_rate"": {""alpha"": 0.15, ""delta"": 0.005, ""min_instances"": 5, ""threshold"": 0.1}}","{""error_rate"": {""min_instances"": 5, ""threshold"": 0.1}}",0.1,0.005,0.15,5,0.05,0.005,0.1,30,,,,-1,two_stage,2,0.5,"__confirm_cooldown=200,__confirm_rule=perm_test,__perm_alpha=0.05,__perm_min_effect=0,__perm_n_perm=200,__perm_post_n=10,__perm_pre_n=200,__perm_rng_seed=0,__perm_stat=vote_score,divergence=0.3,error_rate=0.5,teacher_entropy=0.2",3,0,200,0.0,0,10000,10.0,25.0,200,500,0,0,1.0,0.84551943378119,0.6216534476002926,0.16666666666666666,0.20908677577972412,0.011369975283741951,1,1,102,101,0,perm_test,0.004975124378109453,0.49607114883280656,101,101,0,0.16666666666666666,0.16666666666666666,1,0.5,0.0,0.0,0.0,0,none,1,1,0,overconfident,0.95,0,severe_drift,0.9245322595397316,0.0016612903046992467,0.6451612977731634,0.8317741955600442,1768152355.0595522,0.2427133470773697,0.09451588988304138
522,33408,33407,sea_nodrift,sea,ts_drift_adapt,5,"error_divergence_ph_meta@error.threshold=0.10,error.min_instances=5",error_divergence_ph_meta,"{""divergence"": {""alpha"": 0.1, ""delta"": 0.005, ""min_instances"": 30, ""threshold"": 0.05}, ""error_rate"": {""alpha"": 0.15, ""delta"": 0.005, ""min_instances"": 5, ""threshold"": 0.1}}","{""error_rate"": {""min_instances"": 5, ""threshold"": 0.1}}",0.1,0.005,0.15,5,0.05,0.005,0.1,30,,,,-1,two_stage,2,0.5,"__confirm_cooldown=200,__confirm_rule=perm_test,__perm_alpha=0.05,__perm_min_effect=0,__perm_n_perm=200,__perm_post_n=10,__perm_pre_n=200,__perm_rng_seed=0,__perm_stat=vote_score,divergence=0.3,error_rate=0.5,teacher_entropy=0.2",3,0,200,0.0,0,10000,10.0,25.0,200,500,1,136,1.0,0.8454861111111112,0.6218823664620082,0.16666666666666666,0.25325074791908264,0.022614873945713043,0,0,102,101,-1,perm_test,0.004975124378109453,0.49607114883280656,101,101,0,0.0,0.011244898661971092,0,0.0,0.0,0.0,0.0,0,none,0,1,0,overconfident,0.95,0,mild_drift,0.9424161297698658,0.0014806451523496234,0.7225806488865818,0.8433870977800221,1768152355.069227,0.5179859399795532,0.22747871279716492
523,33472,33471,sea_nodrift,sea,ts_drift_adapt,5,"error_divergence_ph_meta@error.threshold=0.10,error.min_instances=5",error_divergence_ph_meta,"{""divergence"": {""alpha"": 0.1, ""delta"": 0.005, ""min_instances"": 30, ""threshold"": 0.05}, ""error_rate"": {""alpha"": 0.15, ""delta"": 0.005, ""min_instances"": 5, ""threshold"": 0.1}}","{""error_rate"": {""min_instances"": 5, ""threshold"": 0.1}}",0.1,0.005,0.15,5,0.05,0.005,0.1,30,,,,-1,two_stage,2,0.5,"__confirm_cooldown=200,__confirm_rule=perm_test,__perm_alpha=0.05,__perm_min_effect=0,__perm_n_perm=200,__perm_post_n=10,__perm_pre_n=200,__perm_rng_seed=0,__perm_stat=vote_score,divergence=0.3,error_rate=0.5,teacher_entropy=0.2",3,0,200,0.0,0,10000,10.0,25.0,200,500,1,72,1.0,0.8455724187380497,0.6220695084430882,0.16666666666666666,0.2403855174779892,0.010658076032996178,0,0,102,101,-1,perm_test,0.004975124378109453,0.49607114883280656,101,101,0,0.0,0.011956797912716866,0,0.0,0.0,0.0,0.0,0,none,0,1,0,overconfident,0.95,0,mild_drift,0.9513580648849329,0.0013903225761748117,0.7612903244432909,0.8491935488900111,1768152355.0787933,0.24667324125766754,0.10548113286495209
524,33536,33535,sea_nodrift,sea,ts_drift_adapt,5,"error_divergence_ph_meta@error.threshold=0.10,error.min_instances=5",error_divergence_ph_meta,"{""divergence"": {""alpha"": 0.1, ""delta"": 0.005, ""min_instances"": 30, ""threshold"": 0.05}, ""error_rate"": {""alpha"": 0.15, ""delta"": 0.005, ""min_instances"": 5, ""threshold"": 0.1}}","{""error_rate"": {""min_instances"": 5, ""threshold"": 0.1}}",0.1,0.005,0.15,5,0.05,0.005,0.1,30,,,,-1,two_stage,2,0.5,"__confirm_cooldown=200,__confirm_rule=perm_test,__perm_alpha=0.05,__perm_min_effect=0,__perm_n_perm=200,__perm_post_n=10,__perm_pre_n=200,__perm_rng_seed=0,__perm_stat=vote_score,divergence=0.3,error_rate=0.5,teacher_entropy=0.2",3,0,200,0.0,0,10000,10.0,25.0,200,500,1,8,1.0,0.845688215648855,0.622482778025987,0.16666666666666666,0.20018869638442993,0.010309426113963127,0,0,102,101,-1,perm_test,0.004975124378109453,0.49607114883280656,101,101,0,0.0,0.00034864991903305054,0,0.0,0.0,0.0,0.0,0,none,0,1,0,overconfident,0.95,0,mild_drift,0.9558290324424664,0.001345161288087406,0.7806451622216455,0.8520967744450055,1768152355.0883965,0.3444373309612274,0.09086798876523972
525,33600,33599,sea_nodrift,sea,ts_drift_adapt,5,"error_divergence_ph_meta@error.threshold=0.10,error.min_instances=5",error_divergence_ph_meta,"{""divergence"": {""alpha"": 0.1, ""delta"": 0.005, ""min_instances"": 30, ""threshold"": 0.05}, ""error_rate"": {""alpha"": 0.15, ""delta"": 0.005, ""min_instances"": 5, ""threshold"": 0.1}}","{""error_rate"": {""min_instances"": 5, ""threshold"": 0.1}}",0.1,0.005,0.15,5,0.05,0.005,0.1,30,,,,-1,two_stage,2,0.5,"__confirm_cooldown=200,__confirm_rule=perm_test,__perm_alpha=0.05,__perm_min_effect=0,__perm_n_perm=200,__perm_post_n=10,__perm_pre_n=200,__perm_rng_seed=0,__perm_stat=vote_score,divergence=0.3,error_rate=0.5,teacher_entropy=0.2",3,0,200,0.0,0,10000,10.0,25.0,200,500,0,0,1.0,0.8458928571428571,0.6228922879724997,0.0,0.19986170530319214,0.014004535973072052,0,0,102,101,-1,perm_test,0.004975124378109453,0.49607114883280656,101,101,0,0.0,0.16666666666666666,0,0.0,0.0,0.0,0.0,0,none,0,1,0,overconfident,0.95,0,mild_drift,0.9580645162212331,0.0013225806440437032,0.7903225811108228,0.8535483872225027,1768152355.0980108,0.009164961986243725,0.14443008601665497
526,33664,33663,sea_nodrift,sea,ts_drift_adapt,5,"error_divergence_ph_meta@error.threshold=0.10,error.min_instances=5",error_divergence_ph_meta,"{""divergence"": {""alpha"": 0.1, ""delta"": 0.005, ""min_instances"": 30, ""threshold"": 0.05}, ""error_rate"": {""alpha"": 0.15, ""delta"": 0.005, ""min_instances"": 5, ""threshold"": 0.1}}","{""error_rate"": {""min_instances"": 5, ""threshold"": 0.1}}",0.1,0.005,0.15,5,0.05,0.005,0.1,30,,,,-1,two_stage,2,0.5,"__confirm_cooldown=200,__confirm_rule=perm_test,__perm_alpha=0.05,__perm_min_effect=0,__perm_n_perm=200,__perm_post_n=10,__perm_pre_n=200,__perm_rng_seed=0,__perm_stat=vote_score,divergence=0.3,error_rate=0.5,teacher_entropy=0.2",3,0,200,0.0,0,10000,10.0,25.0,200,500,0,0,1.0,0.8460670152091255,0.6232898307177515,0.0,0.18933644890785217,0.012530859559774399,1,1,103,102,0,perm_test,0.004975124378109453,0.49586753594638927,102,102,0,0.16666666666666666,0.0014736764132976532,1,0.5,0.0,0.0,0.0,0,none,1,1,0,overconfident,0.95,0,severe_drift,0.9245322581106166,0.0016612903220218516,0.6451612905554114,0.8317741936112514,1768152355.1131628,0.01895015873014927,0.10057011991739273
527,33728,33727,sea_nodrift,sea,ts_drift_adapt,5,"error_divergence_ph_meta@error.threshold=0.10,error.min_instances=5",error_divergence_ph_meta,"{""divergence"": {""alpha"": 0.1, ""delta"": 0.005, ""min_instances"": 30, ""threshold"": 0.05}, ""error_rate"": {""alpha"": 0.15, ""delta"": 0.005, ""min_instances"": 5, ""threshold"": 0.1}}","{""error_rate"": {""min_instances"": 5, ""threshold"": 0.1}}",0.1,0.005,0.15,5,0.05,0.005,0.1,30,,,,-1,two_stage,2,0.5,"__confirm_cooldown=200,__confirm_rule=perm_test,__perm_alpha=0.05,__perm_min_effect=0,__perm_n_perm=200,__perm_post_n=10,__perm_pre_n=200,__perm_rng_seed=0,__perm_stat=vote_score,divergence=0.3,error_rate=0.5,teacher_entropy=0.2",3,0,200,0.0,0,10000,10.0,25.0,200,500,1,136,1.0,0.8462405123339658,0.6237335679254653,0.16666666666666666,0.167722687125206,0.010749304667115211,0,0,103,102,-1,perm_test,0.004975124378109453,0.49586753594638927,102,102,0,0.0,0.16666666666666666,0,0.0,0.0,0.0,0.0,0,none,0,1,0,overconfident,0.95,0,mild_drift,0.9424161290553082,0.001480645161010926,0.7225806452777057,0.8433870968056256,1768152355.122765,0.15928606688976288,0.10688194632530212
528,33792,33791,sea_nodrift,sea,ts_drift_adapt,5,"error_divergence_ph_meta@error.threshold=0.10,error.min_instances=5",error_divergence_ph_meta,"{""divergence"": {""alpha"": 0.1, ""delta"": 0.005, ""min_instances"": 30, ""threshold"": 0.05}, ""error_rate"": {""alpha"": 0.15, ""delta"": 0.005, ""min_instances"": 5, ""threshold"": 0.1}}","{""error_rate"": {""min_instances"": 5, ""threshold"": 0.1}}",0.1,0.005,0.15,5,0.05,0.005,0.1,30,,,,-1,two_stage,2,0.5,"__confirm_cooldown=200,__confirm_rule=perm_test,__perm_alpha=0.05,__perm_min_effect=0,__perm_n_perm=200,__perm_post_n=10,__perm_pre_n=200,__perm_rng_seed=0,__perm_stat=vote_score,divergence=0.3,error_rate=0.5,teacher_entropy=0.2",3,0,200,0.0,0,10000,10.0,25.0,200,500,1,72,1.0,0.8463541666666666,0.6240877943484505,0.0,0.20439445972442627,0.016941417008638382,0,0,103,102,-1,perm_test,0.004975124378109453,0.49586753594638927,102,102,0,0.0,0.16666666666666666,0,0.0,0.0,0.0,0.0,0,none,0,1,0,overconfident,0.95,0,mild_drift,0.951358064527654,0.001390322580505463,0.7612903226388529,0.8491935484028128,1768152355.1323154,0.02750198356807232,0.12958253920078278
529,33856,33855,sea_nodrift,sea,ts_drift_adapt,5,"error_divergence_ph_meta@error.threshold=0.10,error.min_instances=5",error_divergence_ph_meta,"{""divergence"": {""alpha"": 0.1, ""delta"": 0.005, ""min_instances"": 30, ""threshold"": 0.05}, ""error_rate"": {""alpha"": 0.15, ""delta"": 0.005, ""min_instances"": 5, ""threshold"": 0.1}}","{""error_rate"": {""min_instances"": 5, ""threshold"": 0.1}}",0.1,0.005,0.15,5,0.05,0.005,0.1,30,,,,-1,two_stage,2,0.5,"__confirm_cooldown=200,__confirm_rule=perm_test,__perm_alpha=0.05,__perm_min_effect=0,__perm_n_perm=200,__perm_post_n=10,__perm_pre_n=200,__perm_rng_seed=0,__perm_stat=vote_score,divergence=0.3,error_rate=0.5,teacher_entropy=0.2",3,0,200,0.0,0,10000,10.0,25.0,200,500,1,8,1.0,0.8464969281663516,0.6244986176398288,0.0,0.1950472891330719,0.017327498644590378,0,0,103,102,-1,perm_test,0.004975124378109453,0.49586753594638927,102,102,0,0.0,0.00038608163595199585,0,0.0,0.0,0.0,0.0,0,none,0,1,0,overconfident,0.95,0,mild_drift,0.955829032263827,0.0013451612902527317,0.7806451613194265,0.8520967742014064,1768152355.1418374,0.1769533008337021,0.15072780847549438
530,33920,33919,sea_nodrift,sea,ts_drift_adapt,5,"error_divergence_ph_meta@error.threshold=0.10,error.min_instances=5",error_divergence_ph_meta,"{""divergence"": {""alpha"": 0.1, ""delta"": 0.005, ""min_instances"": 30, ""threshold"": 0.05}, ""error_rate"": {""alpha"": 0.15, ""delta"": 0.005, ""min_instances"": 5, ""threshold"": 0.1}}","{""error_rate"": {""min_instances"": 5, ""threshold"": 0.1}}",0.1,0.005,0.15,5,0.05,0.005,0.1,30,,,,-1,two_stage,2,0.5,"__confirm_cooldown=200,__confirm_rule=perm_test,__perm_alpha=0.05,__perm_min_effect=0,__perm_n_perm=200,__perm_post_n=10,__perm_pre_n=200,__perm_rng_seed=0,__perm_stat=vote_score,divergence=0.3,error_rate=0.5,teacher_entropy=0.2",3,0,200,0.0,0,10000,10.0,25.0,200,500,0,0,1.0,0.8466391509433963,0.6249406649353256,0.3333333333333333,0.22007912397384644,0.014572269283235073,0,0,103,102,-1,perm_test,0.004975124378109453,0.49586753594638927,102,102,0,0.0,0.3333333333333333,0,0.0,0.0,0.0,0.0,0,none,0,1,0,overconfident,0.95,0,mild_drift,0.9580645161319135,0.0013225806451263658,0.7903225806597133,0.8535483871007032,1768152355.1514347,0.563453733921051,0.1388823390007019
531,33984,33983,sea_nodrift,sea,ts_drift_adapt,5,"error_divergence_ph_meta@error.threshold=0.10,error.min_instances=5",error_divergence_ph_meta,"{""divergence"": {""alpha"": 0.1, ""delta"": 0.005, ""min_instances"": 30, ""threshold"": 0.05}, ""error_rate"": {""alpha"": 0.15, ""delta"": 0.005, ""min_instances"": 5, ""threshold"": 0.1}}","{""error_rate"": {""min_instances"": 5, ""threshold"": 0.1}}",0.1,0.005,0.15,5,0.05,0.005,0.1,30,,,,-1,two_stage,2,0.5,"__confirm_cooldown=200,__confirm_rule=perm_test,__perm_alpha=0.05,__perm_min_effect=0,__perm_n_perm=200,__perm_post_n=10,__perm_pre_n=200,__perm_rng_seed=0,__perm_stat=vote_score,divergence=0.3,error_rate=0.5,teacher_entropy=0.2",3,0,200,0.0,0,10000,10.0,25.0,200,500,0,0,1.0,0.846810263653484,0.6254667759444643,0.0,0.22649918496608734,0.014068430289626122,1,1,104,103,0,perm_test,0.004975124378109453,0.519204240998941,103,103,0,0.0,0.3333333333333333,1,0.5,0.0,0.0,0.0,0,none,1,1,0,overconfident,0.95,0,stable,0.9740322580659567,0.0010612903225631829,0.8951612903298567,0.8992741935503517,1768152355.1664732,0.1368733048439026,0.13520798087120056
532,34048,34047,sea_nodrift,sea,ts_drift_adapt,5,"error_divergence_ph_meta@error.threshold=0.10,error.min_instances=5",error_divergence_ph_meta,"{""divergence"": {""alpha"": 0.1, ""delta"": 0.005, ""min_instances"": 30, ""threshold"": 0.05}, ""error_rate"": {""alpha"": 0.15, ""delta"": 0.005, ""min_instances"": 5, ""threshold"": 0.1}}","{""error_rate"": {""min_instances"": 5, ""threshold"": 0.1}}",0.1,0.005,0.15,5,0.05,0.005,0.1,30,,,,-1,two_stage,2,0.5,"__confirm_cooldown=200,__confirm_rule=perm_test,__perm_alpha=0.05,__perm_min_effect=0,__perm_n_perm=200,__perm_post_n=10,__perm_pre_n=200,__perm_rng_seed=0,__perm_stat=vote_score,divergence=0.3,error_rate=0.5,teacher_entropy=0.2",3,0,200,0.0,0,10000,10.0,25.0,200,500,1,136,1.0,0.8470101033834586,0.6260483415610864,0.0,0.1816784143447876,0.01090792752802372,0,0,104,103,-1,perm_test,0.004975124378109453,0.519204240998941,103,103,0,0.0,0.0031605027616024017,0,0.0,0.0,0.0,0.0,0,none,0,1,0,overconfident,0.95,0,mild_drift,0.9671661290329783,0.0011806451612815915,0.8475806451649284,0.8771370967751758,1768152355.1760097,0.020953236147761345,0.0966750830411911
533,34112,34111,sea_nodrift,sea,ts_drift_adapt,5,"error_divergence_ph_meta@error.threshold=0.10,error.min_instances=5",error_divergence_ph_meta,"{""divergence"": {""alpha"": 0.1, ""delta"": 0.005, ""min_instances"": 30, ""threshold"": 0.05}, ""error_rate"": {""alpha"": 0.15, ""delta"": 0.005, ""min_instances"": 5, ""threshold"": 0.1}}","{""error_rate"": {""min_instances"": 5, ""threshold"": 0.1}}",0.1,0.005,0.15,5,0.05,0.005,0.1,30,,,,-1,two_stage,2,0.5,"__confirm_cooldown=200,__confirm_rule=perm_test,__perm_alpha=0.05,__perm_min_effect=0,__perm_n_perm=200,__perm_post_n=10,__perm_pre_n=200,__perm_rng_seed=0,__perm_stat=vote_score,divergence=0.3,error_rate=0.5,teacher_entropy=0.2",3,0,200,0.0,0,10000,10.0,25.0,200,500,1,72,1.0,0.8471212476547842,0.626426413995568,0.0,0.23007923364639282,0.01171825360506773,0,0,104,103,-1,perm_test,0.004975124378109453,0.519204240998941,103,103,0,0.0,0.0008103260770440102,0,0.0,0.0,0.0,0.0,0,none,0,1,0,overconfident,0.95,0,mild_drift,0.9637330645164891,0.0012403225806407957,0.8237903225824642,0.8660685483875878,1768152355.1855454,0.028986558318138123,0.10733430832624435
534,34176,34175,sea_nodrift,sea,ts_drift_adapt,5,"error_divergence_ph_meta@error.threshold=0.10,error.min_instances=5",error_divergence_ph_meta,"{""divergence"": {""alpha"": 0.1, ""delta"": 0.005, ""min_instances"": 30, ""threshold"": 0.05}, ""error_rate"": {""alpha"": 0.15, ""delta"": 0.005, ""min_instances"": 5, ""threshold"": 0.1}}","{""error_rate"": {""min_instances"": 5, ""threshold"": 0.1}}",0.1,0.005,0.15,5,0.05,0.005,0.1,30,,,,-1,two_stage,2,0.5,"__confirm_cooldown=200,__confirm_rule=perm_test,__perm_alpha=0.05,__perm_min_effect=0,__perm_n_perm=200,__perm_post_n=10,__perm_pre_n=200,__perm_rng_seed=0,__perm_stat=vote_score,divergence=0.3,error_rate=0.5,teacher_entropy=0.2",3,0,200,0.0,0,10000,10.0,25.0,200,500,1,8,1.0,0.8472319756554307,0.6267610139043711,0.0,0.21004019677639008,0.015490607358515263,0,0,104,103,-1,perm_test,0.004975124378109453,0.519204240998941,103,103,0,0.0,0.0037723537534475327,0,0.0,0.0,0.0,0.0,0,none,0,1,0,overconfident,0.95,0,mild_drift,0.9620165322582446,0.001270161290320398,0.8118951612912322,0.8605342741937939,1768152355.1950905,0.06529585272073746,0.10898775607347488
535,34240,34239,sea_nodrift,sea,ts_drift_adapt,5,"error_divergence_ph_meta@error.threshold=0.10,error.min_instances=5",error_divergence_ph_meta,"{""divergence"": {""alpha"": 0.1, ""delta"": 0.005, ""min_instances"": 30, ""threshold"": 0.05}, ""error_rate"": {""alpha"": 0.15, ""delta"": 0.005, ""min_instances"": 5, ""threshold"": 0.1}}","{""error_rate"": {""min_instances"": 5, ""threshold"": 0.1}}",0.1,0.005,0.15,5,0.05,0.005,0.1,30,,,,-1,two_stage,2,0.5,"__confirm_cooldown=200,__confirm_rule=perm_test,__perm_alpha=0.05,__perm_min_effect=0,__perm_n_perm=200,__perm_post_n=10,__perm_pre_n=200,__perm_rng_seed=0,__perm_stat=vote_score,divergence=0.3,error_rate=0.5,teacher_entropy=0.2",3,0,200,0.0,0,10000,10.0,25.0,200,500,0,0,1.0,0.8472546728971962,0.6268106794258321,0.0,0.2485407590866089,0.01403617300093174,0,0,104,103,-1,perm_test,0.004975124378109453,0.519204240998941,103,103,0,0.0,0.0014544343575835228,0,0.0,0.0,0.0,0.0,0,none,0,1,0,overconfident,0.95,0,mild_drift,0.9611582661291223,0.0012850806451601992,0.8059475806456161,0.8577671370968969,1768152355.2046523,0.005626028403639793,0.11283808946609497
536,34304,34303,sea_nodrift,sea,ts_drift_adapt,5,"error_divergence_ph_meta@error.threshold=0.10,error.min_instances=5",error_divergence_ph_meta,"{""divergence"": {""alpha"": 0.1, ""delta"": 0.005, ""min_instances"": 30, ""threshold"": 0.05}, ""error_rate"": {""alpha"": 0.15, ""delta"": 0.005, ""min_instances"": 5, ""threshold"": 0.1}}","{""error_rate"": {""min_instances"": 5, ""threshold"": 0.1}}",0.1,0.005,0.15,5,0.05,0.005,0.1,30,,,,-1,two_stage,2,0.5,"__confirm_cooldown=200,__confirm_rule=perm_test,__perm_alpha=0.05,__perm_min_effect=0,__perm_n_perm=200,__perm_post_n=10,__perm_pre_n=200,__perm_rng_seed=0,__perm_stat=vote_score,divergence=0.3,error_rate=0.5,teacher_entropy=0.2",3,0,200,0.0,0,10000,10.0,25.0,200,500,0,0,1.0,0.8472772854477612,0.6268324910451377,0.0,0.24774761497974396,0.023160597309470177,0,0,104,103,-1,perm_test,0.004975124378109453,0.519204240998941,103,103,0,0.0,0.009124424308538437,0,0.0,0.0,0.0,0.0,0,none,0,1,0,overconfident,0.95,0,mild_drift,0.9607291330645611,0.0012925403225800998,0.802973790322808,0.8563835685484484,1768152355.2143059,0.008857812732458115,0.13838151097297668
537,34368,34367,sea_nodrift,sea,ts_drift_adapt,5,"error_divergence_ph_meta@error.threshold=0.10,error.min_instances=5",error_divergence_ph_meta,"{""divergence"": {""alpha"": 0.1, ""delta"": 0.005, ""min_instances"": 30, ""threshold"": 0.05}, ""error_rate"": {""alpha"": 0.15, ""delta"": 0.005, ""min_instances"": 5, ""threshold"": 0.1}}","{""error_rate"": {""min_instances"": 5, ""threshold"": 0.1}}",0.1,0.005,0.15,5,0.05,0.005,0.1,30,,,,-1,two_stage,2,0.5,"__confirm_cooldown=200,__confirm_rule=perm_test,__perm_alpha=0.05,__perm_min_effect=0,__perm_n_perm=200,__perm_post_n=10,__perm_pre_n=200,__perm_rng_seed=0,__perm_stat=vote_score,divergence=0.3,error_rate=0.5,teacher_entropy=0.2",3,0,200,0.0,0,10000,10.0,25.0,200,500,0,0,1.0,0.847387104283054,0.6271228597024217,0.3333333333333333,0.22505556046962738,0.020375598222017288,1,1,105,104,0,perm_test,0.004975124378109453,0.49739531892293726,104,104,0,0.3333333333333333,0.3333333333333333,1,0.5,0.0,0.0,0.0,0,none,1,1,0,overconfident,0.95,0,severe_drift,0.9258645665322806,0.00164627016129005,0.651486895161404,0.8331917842742242,1768152355.2299,0.5858040452003479,0.20741289854049683
538,34432,34431,sea_nodrift,sea,ts_drift_adapt,5,"error_divergence_ph_meta@error.threshold=0.10,error.min_instances=5",error_divergence_ph_meta,"{""divergence"": {""alpha"": 0.1, ""delta"": 0.005, ""min_instances"": 30, ""threshold"": 0.05}, ""error_rate"": {""alpha"": 0.15, ""delta"": 0.005, ""min_instances"": 5, ""threshold"": 0.1}}","{""error_rate"": {""min_instances"": 5, ""threshold"": 0.1}}",0.1,0.005,0.15,5,0.05,0.005,0.1,30,,,,-1,two_stage,2,0.5,"__confirm_cooldown=200,__confirm_rule=perm_test,__perm_alpha=0.05,__perm_min_effect=0,__perm_n_perm=200,__perm_post_n=10,__perm_pre_n=200,__perm_rng_seed=0,__perm_stat=vote_score,divergence=0.3,error_rate=0.5,teacher_entropy=0.2",3,0,200,0.0,0,10000,10.0,25.0,200,500,1,136,1.0,0.8474674721189591,0.6272629733646002,0.16666666666666666,0.21949778497219086,0.022581541910767555,0,0,105,104,-1,perm_test,0.004975124378109453,0.49739531892293726,104,104,0,0.0,0.16666666666666666,0,0.0,0.0,0.0,0.0,0,none,0,1,0,overconfident,0.95,0,mild_drift,0.9430822832661403,0.001473135080645025,0.7257434475807021,0.8440958921371121,1768152355.2396379,0.1485918164253235,0.21402525901794434
539,34496,34495,sea_nodrift,sea,ts_drift_adapt,5,"error_divergence_ph_meta@error.threshold=0.10,error.min_instances=5",error_divergence_ph_meta,"{""divergence"": {""alpha"": 0.1, ""delta"": 0.005, ""min_instances"": 30, ""threshold"": 0.05}, ""error_rate"": {""alpha"": 0.15, ""delta"": 0.005, ""min_instances"": 5, ""threshold"": 0.1}}","{""error_rate"": {""min_instances"": 5, ""threshold"": 0.1}}",0.1,0.005,0.15,5,0.05,0.005,0.1,30,,,,-1,two_stage,2,0.5,"__confirm_cooldown=200,__confirm_rule=perm_test,__perm_alpha=0.05,__perm_min_effect=0,__perm_n_perm=200,__perm_post_n=10,__perm_pre_n=200,__perm_rng_seed=0,__perm_stat=vote_score,divergence=0.3,error_rate=0.5,teacher_entropy=0.2",3,0,200,0.0,0,10000,10.0,25.0,200,500,1,72,1.0,0.8475185528756958,0.6274372922037298,0.16666666666666666,0.18822170794010162,0.007147439289838076,0,0,105,104,-1,perm_test,0.004975124378109453,0.49739531892293726,104,104,0,0.0,0.01543410262092948,0,0.0,0.0,0.0,0.0,0,none,0,1,0,overconfident,0.95,0,mild_drift,0.9516911416330701,0.0013865675403225124,0.7628717237903511,0.849547946068556,1768152355.2492619,0.20334647595882416,0.05917038023471832
540,34560,34559,sea_nodrift,sea,ts_drift_adapt,5,"error_divergence_ph_meta@error.threshold=0.10,error.min_instances=5",error_divergence_ph_meta,"{""divergence"": {""alpha"": 0.1, ""delta"": 0.005, ""min_instances"": 30, ""threshold"": 0.05}, ""error_rate"": {""alpha"": 0.15, ""delta"": 0.005, ""min_instances"": 5, ""threshold"": 0.1}}","{""error_rate"": {""min_instances"": 5, ""threshold"": 0.1}}",0.1,0.005,0.15,5,0.05,0.005,0.1,30,,,,-1,two_stage,2,0.5,"__confirm_cooldown=200,__confirm_rule=perm_test,__perm_alpha=0.05,__perm_min_effect=0,__perm_n_perm=200,__perm_post_n=10,__perm_pre_n=200,__perm_rng_seed=0,__perm_stat=vote_score,divergence=0.3,error_rate=0.5,teacher_entropy=0.2",3,0,200,0.0,0,10000,10.0,25.0,200,500,1,8,1.0,0.8477141203703704,0.6278043423956265,0.16666666666666666,0.16546398401260376,0.0091383783146739,0,0,105,104,-1,perm_test,0.004975124378109453,0.49739531892293726,104,104,0,0.0,0.001990939024835825,0,0.0,0.0,0.0,0.0,0,none,0,1,0,overconfident,0.95,0,mild_drift,0.9559955708165351,0.0013432837701612562,0.7814358618951756,0.852273973034278,1768152355.2588675,0.6783320307731628,0.0681464821100235
541,34624,34623,sea_nodrift,sea,ts_drift_adapt,5,"error_divergence_ph_meta@error.threshold=0.10,error.min_instances=5",error_divergence_ph_meta,"{""divergence"": {""alpha"": 0.1, ""delta"": 0.005, ""min_instances"": 30, ""threshold"": 0.05}, ""error_rate"": {""alpha"": 0.15, ""delta"": 0.005, ""min_instances"": 5, ""threshold"": 0.1}}","{""error_rate"": {""min_instances"": 5, ""threshold"": 0.1}}",0.1,0.005,0.15,5,0.05,0.005,0.1,30,,,,-1,two_stage,2,0.5,"__confirm_cooldown=200,__confirm_rule=perm_test,__perm_alpha=0.05,__perm_min_effect=0,__perm_n_perm=200,__perm_post_n=10,__perm_pre_n=200,__perm_rng_seed=0,__perm_stat=vote_score,divergence=0.3,error_rate=0.5,teacher_entropy=0.2",3,0,200,0.0,0,10000,10.0,25.0,200,500,0,0,1.0,0.8478800831792976,0.6281499234545692,0.0,0.21979683637619019,0.015162903815507889,0,0,105,104,-1,perm_test,0.004975124378109453,0.49739531892293726,104,104,0,0.0,0.16666666666666666,0,0.0,0.0,0.0,0.0,0,none,0,1,0,overconfident,0.95,0,mild_drift,0.9581477854082675,0.0013216418850806283,0.7907179309475878,0.8536369865171389,1768152355.2684984,0.009714066982269287,0.1238740086555481
542,34688,34687,sea_nodrift,sea,ts_drift_adapt,5,"error_divergence_ph_meta@error.threshold=0.10,error.min_instances=5",error_divergence_ph_meta,"{""divergence"": {""alpha"": 0.1, ""delta"": 0.005, ""min_instances"": 30, ""threshold"": 0.05}, ""error_rate"": {""alpha"": 0.15, ""delta"": 0.005, ""min_instances"": 5, ""threshold"": 0.1}}","{""error_rate"": {""min_instances"": 5, ""threshold"": 0.1}}",0.1,0.005,0.15,5,0.05,0.005,0.1,30,,,,-1,two_stage,2,0.5,"__confirm_cooldown=200,__confirm_rule=perm_test,__perm_alpha=0.05,__perm_min_effect=0,__perm_n_perm=200,__perm_post_n=10,__perm_pre_n=200,__perm_rng_seed=0,__perm_stat=vote_score,divergence=0.3,error_rate=0.5,teacher_entropy=0.2",3,0,200,0.0,0,10000,10.0,25.0,200,500,0,0,1.0,0.848103090405904,0.6285942415339024,0.0,0.14626863598823547,0.008685430511832237,1,1,106,105,0,perm_test,0.004975124378109453,0.496356800564137,105,105,0,0.3333333333333333,0.0064774733036756516,1,0.5,0.0,0.0,0.0,0,none,1,1,0,overconfident,0.95,0,severe_drift,0.9245738927041338,0.0016608209425403142,0.6453589654737939,0.8318184932585695,1768152355.2841163,0.0357469879090786,0.08531639724969864
543,34752,34751,sea_nodrift,sea,ts_drift_adapt,5,"error_divergence_ph_meta@error.threshold=0.10,error.min_instances=5",error_divergence_ph_meta,"{""divergence"": {""alpha"": 0.1, ""delta"": 0.005, ""min_instances"": 30, ""threshold"": 0.05}, ""error_rate"": {""alpha"": 0.15, ""delta"": 0.005, ""min_instances"": 5, ""threshold"": 0.1}}","{""error_rate"": {""min_instances"": 5, ""threshold"": 0.1}}",0.1,0.005,0.15,5,0.05,0.005,0.1,30,,,,-1,two_stage,2,0.5,"__confirm_cooldown=200,__confirm_rule=perm_test,__perm_alpha=0.05,__perm_min_effect=0,__perm_n_perm=200,__perm_post_n=10,__perm_pre_n=200,__perm_rng_seed=0,__perm_stat=vote_score,divergence=0.3,error_rate=0.5,teacher_entropy=0.2",3,0,200,0.0,0,10000,10.0,25.0,200,500,1,136,1.0,0.8483540515653776,0.629343644346781,0.0,0.20545418560504913,0.00975155457854271,0,0,106,105,-1,perm_test,0.004975124378109453,0.496356800564137,105,105,0,0.0,0.001066124066710472,0,0.0,0.0,0.0,0.0,0,none,0,1,0,overconfident,0.95,0,mild_drift,0.9424369463520669,0.0014804104712701572,0.722679482736897,0.8434092466292847,1768152355.2937706,0.017142632976174355,0.10365992784500122
544,34816,34815,sea_nodrift,sea,ts_drift_adapt,5,"error_divergence_ph_meta@error.threshold=0.10,error.min_instances=5",error_divergence_ph_meta,"{""divergence"": {""alpha"": 0.1, ""delta"": 0.005, ""min_instances"": 30, ""threshold"": 0.05}, ""error_rate"": {""alpha"": 0.15, ""delta"": 0.005, ""min_instances"": 5, ""threshold"": 0.1}}","{""error_rate"": {""min_instances"": 5, ""threshold"": 0.1}}",0.1,0.005,0.15,5,0.05,0.005,0.1,30,,,,-1,two_stage,2,0.5,"__confirm_cooldown=200,__confirm_rule=perm_test,__perm_alpha=0.05,__perm_min_effect=0,__perm_n_perm=200,__perm_post_n=10,__perm_pre_n=200,__perm_rng_seed=0,__perm_stat=vote_score,divergence=0.3,error_rate=0.5,teacher_entropy=0.2",3,0,200,0.0,0,10000,10.0,25.0,200,500,1,72,1.0,0.8486328125,0.6298752195105625,0.0,0.1740368753671646,0.011478360742330551,0,0,106,105,-1,perm_test,0.004975124378109453,0.496356800564137,105,105,0,0.0,0.0017268061637878418,0,0.0,0.0,0.0,0.0,0,none,0,1,0,overconfident,0.95,0,mild_drift,0.9513684731760335,0.0013902052356350785,0.7613397413684485,0.8492046233146424,1768152355.3033378,0.16621273756027222,0.12143261730670929
545,34880,34879,sea_nodrift,sea,ts_drift_adapt,5,"error_divergence_ph_meta@error.threshold=0.10,error.min_instances=5",error_divergence_ph_meta,"{""divergence"": {""alpha"": 0.1, ""delta"": 0.005, ""min_instances"": 30, ""threshold"": 0.05}, ""error_rate"": {""alpha"": 0.15, ""delta"": 0.005, ""min_instances"": 5, ""threshold"": 0.1}}","{""error_rate"": {""min_instances"": 5, ""threshold"": 0.1}}",0.1,0.005,0.15,5,0.05,0.005,0.1,30,,,,-1,two_stage,2,0.5,"__confirm_cooldown=200,__confirm_rule=perm_test,__perm_alpha=0.05,__perm_min_effect=0,__perm_n_perm=200,__perm_post_n=10,__perm_pre_n=200,__perm_rng_seed=0,__perm_stat=vote_score,divergence=0.3,error_rate=0.5,teacher_entropy=0.2",3,0,200,0.0,0,10000,10.0,25.0,200,500,1,8,1.0,0.8487098623853211,0.6299911427891094,0.0,0.22216050326824188,0.0068947626277804375,0,0,106,105,-1,perm_test,0.004975124378109453,0.496356800564137,105,105,0,0.0,0.004583598114550114,0,0.0,0.0,0.0,0.0,0,none,0,1,0,overconfident,0.95,0,mild_drift,0.9558342365880167,0.0013451026178175392,0.7806698706842243,0.8521023116573212,1768152355.312877,0.09274633973836899,0.09146904200315475
546,34944,34943,sea_nodrift,sea,ts_drift_adapt,5,"error_divergence_ph_meta@error.threshold=0.10,error.min_instances=5",error_divergence_ph_meta,"{""divergence"": {""alpha"": 0.1, ""delta"": 0.005, ""min_instances"": 30, ""threshold"": 0.05}, ""error_rate"": {""alpha"": 0.15, ""delta"": 0.005, ""min_instances"": 5, ""threshold"": 0.1}}","{""error_rate"": {""min_instances"": 5, ""threshold"": 0.1}}",0.1,0.005,0.15,5,0.05,0.005,0.1,30,,,,-1,two_stage,2,0.5,"__confirm_cooldown=200,__confirm_rule=perm_test,__perm_alpha=0.05,__perm_min_effect=0,__perm_n_perm=200,__perm_post_n=10,__perm_pre_n=200,__perm_rng_seed=0,__perm_stat=vote_score,divergence=0.3,error_rate=0.5,teacher_entropy=0.2",3,0,200,0.0,0,10000,10.0,25.0,200,500,0,0,1.0,0.8488438644688645,0.6304718627986621,0.16666666666666666,0.20045407116413116,0.018516018986701965,0,0,106,105,-1,perm_test,0.004975124378109453,0.496356800564137,105,105,0,0.0,0.16666666666666666,0,0.0,0.0,0.0,0.0,0,none,0,1,0,overconfident,0.95,0,mild_drift,0.9580671182940084,0.0013225513089087696,0.7903349353421122,0.8535511558286606,1768152355.322532,0.4683130085468292,0.21299204230308533
547,35008,35007,sea_nodrift,sea,ts_drift_adapt,5,"error_divergence_ph_meta@error.threshold=0.10,error.min_instances=5",error_divergence_ph_meta,"{""divergence"": {""alpha"": 0.1, ""delta"": 0.005, ""min_instances"": 30, ""threshold"": 0.05}, ""error_rate"": {""alpha"": 0.15, ""delta"": 0.005, ""min_instances"": 5, ""threshold"": 0.1}}","{""error_rate"": {""min_instances"": 5, ""threshold"": 0.1}}",0.1,0.005,0.15,5,0.05,0.005,0.1,30,,,,-1,two_stage,2,0.5,"__confirm_cooldown=200,__confirm_rule=perm_test,__perm_alpha=0.05,__perm_min_effect=0,__perm_n_perm=200,__perm_post_n=10,__perm_pre_n=200,__perm_rng_seed=0,__perm_stat=vote_score,divergence=0.3,error_rate=0.5,teacher_entropy=0.2",3,0,200,0.0,0,10000,10.0,25.0,200,500,0,0,1.0,0.8490345063985375,0.630776060820199,0.0,0.2098582237958908,0.012002978473901749,1,1,107,106,0,perm_test,0.004975124378109453,0.4966470625363387,106,106,0,0.0,0.16666666666666666,1,0.5,0.0,0.0,0.0,0,none,1,1,0,overconfident,0.95,0,stable,0.9740335591470042,0.0010612756544543848,0.8951674676710561,0.8992755779143303,1768152355.338159,0.18206579983234406,0.11825911700725555
548,35072,35071,sea_nodrift,sea,ts_drift_adapt,5,"error_divergence_ph_meta@error.threshold=0.10,error.min_instances=5",error_divergence_ph_meta,"{""divergence"": {""alpha"": 0.1, ""delta"": 0.005, ""min_instances"": 30, ""threshold"": 0.05}, ""error_rate"": {""alpha"": 0.15, ""delta"": 0.005, ""min_instances"": 5, ""threshold"": 0.1}}","{""error_rate"": {""min_instances"": 5, ""threshold"": 0.1}}",0.1,0.005,0.15,5,0.05,0.005,0.1,30,,,,-1,two_stage,2,0.5,"__confirm_cooldown=200,__confirm_rule=perm_test,__perm_alpha=0.05,__perm_min_effect=0,__perm_n_perm=200,__perm_post_n=10,__perm_pre_n=200,__perm_rng_seed=0,__perm_stat=vote_score,divergence=0.3,error_rate=0.5,teacher_entropy=0.2",3,0,200,0.0,0,10000,10.0,25.0,200,500,1,136,1.0,0.8492529653284672,0.6312073052757081,0.0,0.19466093182563782,0.015388179570436478,0,0,107,106,-1,perm_test,0.004975124378109453,0.4966470625363387,106,106,0,0.0,0.003385201096534729,0,0.0,0.0,0.0,0.0,0,none,0,1,0,overconfident,0.95,0,mild_drift,0.9671667795735021,0.0011806378272271926,0.8475837338355281,0.8771377889571652,1768152355.347829,0.04031757265329361,0.15363916754722595
549,35136,35135,sea_nodrift,sea,ts_drift_adapt,5,"error_divergence_ph_meta@error.threshold=0.10,error.min_instances=5",error_divergence_ph_meta,"{""divergence"": {""alpha"": 0.1, ""delta"": 0.005, ""min_instances"": 30, ""threshold"": 0.05}, ""error_rate"": {""alpha"": 0.15, ""delta"": 0.005, ""min_instances"": 5, ""threshold"": 0.1}}","{""error_rate"": {""min_instances"": 5, ""threshold"": 0.1}}",0.1,0.005,0.15,5,0.05,0.005,0.1,30,,,,-1,two_stage,2,0.5,"__confirm_cooldown=200,__confirm_rule=perm_test,__perm_alpha=0.05,__perm_min_effect=0,__perm_n_perm=200,__perm_post_n=10,__perm_pre_n=200,__perm_rng_seed=0,__perm_stat=vote_score,divergence=0.3,error_rate=0.5,teacher_entropy=0.2",3,0,200,0.0,0,10000,10.0,25.0,200,500,1,72,1.0,0.8493567850637522,0.6314704148071338,0.0,0.2384042590856552,0.02229379117488861,0,0,107,106,-1,perm_test,0.004975124378109453,0.4966470625363387,106,106,0,0.0,0.006905611604452133,0,0.0,0.0,0.0,0.0,0,none,0,1,0,overconfident,0.95,0,mild_drift,0.963733389786751,0.0012403189136135965,0.8237918669177641,0.8660688944785826,1768152355.357373,0.08695420622825623,0.19521787762641907
550,35200,35199,sea_nodrift,sea,ts_drift_adapt,5,"error_divergence_ph_meta@error.threshold=0.10,error.min_instances=5",error_divergence_ph_meta,"{""divergence"": {""alpha"": 0.1, ""delta"": 0.005, ""min_instances"": 30, ""threshold"": 0.05}, ""error_rate"": {""alpha"": 0.15, ""delta"": 0.005, ""min_instances"": 5, ""threshold"": 0.1}}","{""error_rate"": {""min_instances"": 5, ""threshold"": 0.1}}",0.1,0.005,0.15,5,0.05,0.005,0.1,30,,,,-1,two_stage,2,0.5,"__confirm_cooldown=200,__confirm_rule=perm_test,__perm_alpha=0.05,__perm_min_effect=0,__perm_n_perm=200,__perm_post_n=10,__perm_pre_n=200,__perm_rng_seed=0,__perm_stat=vote_score,divergence=0.3,error_rate=0.5,teacher_entropy=0.2",3,0,200,0.0,0,10000,10.0,25.0,200,500,1,8,1.0,0.8494602272727273,0.6316743503070191,0.0,0.24231095612049103,0.011278687976300716,0,0,107,106,-1,perm_test,0.004975124378109453,0.4966470625363387,106,106,0,0.0,0.011015103198587894,0,0.0,0.0,0.0,0.0,0,none,0,1,0,overconfident,0.95,0,mild_drift,0.9620166948933755,0.0012701594568067984,0.811895933458882,0.8605344472392913,1768152355.3669047,0.022775491699576378,0.09389480948448181
551,35264,35263,sea_nodrift,sea,ts_drift_adapt,5,"error_divergence_ph_meta@error.threshold=0.10,error.min_instances=5",error_divergence_ph_meta,"{""divergence"": {""alpha"": 0.1, ""delta"": 0.005, ""min_instances"": 30, ""threshold"": 0.05}, ""error_rate"": {""alpha"": 0.15, ""delta"": 0.005, ""min_instances"": 5, ""threshold"": 0.1}}","{""error_rate"": {""min_instances"": 5, ""threshold"": 0.1}}",0.1,0.005,0.15,5,0.05,0.005,0.1,30,,,,-1,two_stage,2,0.5,"__confirm_cooldown=200,__confirm_rule=perm_test,__perm_alpha=0.05,__perm_min_effect=0,__perm_n_perm=200,__perm_post_n=10,__perm_pre_n=200,__perm_rng_seed=0,__perm_stat=vote_score,divergence=0.3,error_rate=0.5,teacher_entropy=0.2",3,0,200,0.0,0,10000,10.0,25.0,200,500,0,0,1.0,0.849676724137931,0.6321465181886757,0.0,0.20006564259529114,0.012216752395033836,0,0,107,106,-1,perm_test,0.004975124378109453,0.4966470625363387,106,106,0,0.0,0.00093806441873312,0,0.0,0.0,0.0,0.0,0,none,0,1,0,overconfident,0.95,0,mild_drift,0.9611583474466877,0.0012850797284033994,0.805947966729441,0.8577672236196456,1768152355.376589,0.09562516212463379,0.11738161742687225
552,35328,35327,sea_nodrift,sea,ts_drift_adapt,5,"error_divergence_ph_meta@error.threshold=0.10,error.min_instances=5",error_divergence_ph_meta,"{""divergence"": {""alpha"": 0.1, ""delta"": 0.005, ""min_instances"": 30, ""threshold"": 0.05}, ""error_rate"": {""alpha"": 0.15, ""delta"": 0.005, ""min_instances"": 5, ""threshold"": 0.1}}","{""error_rate"": {""min_instances"": 5, ""threshold"": 0.1}}",0.1,0.005,0.15,5,0.05,0.005,0.1,30,,,,-1,two_stage,2,0.5,"__confirm_cooldown=200,__confirm_rule=perm_test,__perm_alpha=0.05,__perm_min_effect=0,__perm_n_perm=200,__perm_post_n=10,__perm_pre_n=200,__perm_rng_seed=0,__perm_stat=vote_score,divergence=0.3,error_rate=0.5,teacher_entropy=0.2",3,0,200,0.0,0,10000,10.0,25.0,200,500,0,0,1.0,0.8497792119565217,0.6325924939304352,0.0,0.23003129661083221,0.03040439262986183,0,0,107,106,-1,perm_test,0.004975124378109453,0.4966470625363387,106,106,0,0.0,0.018187640234827995,0,0.0,0.0,0.0,0.0,0,none,0,1,0,overconfident,0.95,0,mild_drift,0.9607291737233439,0.0012925398642016999,0.8029739833647205,0.8563836118098228,1768152355.3866599,0.02518845908343792,0.2610357105731964
553,35392,35391,sea_nodrift,sea,ts_drift_adapt,5,"error_divergence_ph_meta@error.threshold=0.10,error.min_instances=5",error_divergence_ph_meta,"{""divergence"": {""alpha"": 0.1, ""delta"": 0.005, ""min_instances"": 30, ""threshold"": 0.05}, ""error_rate"": {""alpha"": 0.15, ""delta"": 0.005, ""min_instances"": 5, ""threshold"": 0.1}}","{""error_rate"": {""min_instances"": 5, ""threshold"": 0.1}}",0.1,0.005,0.15,5,0.05,0.005,0.1,30,,,,-1,two_stage,2,0.5,"__confirm_cooldown=200,__confirm_rule=perm_test,__perm_alpha=0.05,__perm_min_effect=0,__perm_n_perm=200,__perm_post_n=10,__perm_pre_n=200,__perm_rng_seed=0,__perm_stat=vote_score,divergence=0.3,error_rate=0.5,teacher_entropy=0.2",3,0,200,0.0,0,10000,10.0,25.0,200,500,0,0,1.0,0.849881329113924,0.6328596957112308,0.0,0.24335896968841553,0.027867348864674568,0,0,107,106,-1,perm_test,0.004975124378109453,0.4966470625363387,106,106,0,0.0,0.0025370437651872635,0,0.0,0.0,0.0,0.0,0,none,0,1,0,overconfident,0.95,0,mild_drift,0.9605145868616719,0.0012962699321008501,0.8014869916823603,0.8556918059049115,1768152355.3964624,0.04140721634030342,0.18403556942939758
554,35456,35455,sea_nodrift,sea,ts_drift_adapt,5,"error_divergence_ph_meta@error.threshold=0.10,error.min_instances=5",error_divergence_ph_meta,"{""divergence"": {""alpha"": 0.1, ""delta"": 0.005, ""min_instances"": 30, ""threshold"": 0.05}, ""error_rate"": {""alpha"": 0.15, ""delta"": 0.005, ""min_instances"": 5, ""threshold"": 0.1}}","{""error_rate"": {""min_instances"": 5, ""threshold"": 0.1}}",0.1,0.005,0.15,5,0.05,0.005,0.1,30,,,,-1,two_stage,2,0.5,"__confirm_cooldown=200,__confirm_rule=perm_test,__perm_alpha=0.05,__perm_min_effect=0,__perm_n_perm=200,__perm_post_n=10,__perm_pre_n=200,__perm_rng_seed=0,__perm_stat=vote_score,divergence=0.3,error_rate=0.5,teacher_entropy=0.2",3,0,200,0.0,0,10000,10.0,25.0,200,500,0,0,1.0,0.8500112815884476,0.6330495217218014,0.0,0.22902031242847443,0.022659221664071083,0,0,107,106,-1,perm_test,0.004975124378109453,0.4966470625363387,106,106,0,0.0,0.005208127200603485,0,0.0,0.0,0.0,0.0,0,none,0,1,0,overconfident,0.95,0,mild_drift,0.9604072934308359,0.0012981349660504253,0.8007434958411801,0.8553459029524557,1768152355.4062977,0.01145690307021141,0.16852021217346191
555,35520,35519,sea_nodrift,sea,ts_drift_adapt,5,"error_divergence_ph_meta@error.threshold=0.10,error.min_instances=5",error_divergence_ph_meta,"{""divergence"": {""alpha"": 0.1, ""delta"": 0.005, ""min_instances"": 30, ""threshold"": 0.05}, ""error_rate"": {""alpha"": 0.15, ""delta"": 0.005, ""min_instances"": 5, ""threshold"": 0.1}}","{""error_rate"": {""min_instances"": 5, ""threshold"": 0.1}}",0.1,0.005,0.15,5,0.05,0.005,0.1,30,,,,-1,two_stage,2,0.5,"__confirm_cooldown=200,__confirm_rule=perm_test,__perm_alpha=0.05,__perm_min_effect=0,__perm_n_perm=200,__perm_post_n=10,__perm_pre_n=200,__perm_rng_seed=0,__perm_stat=vote_score,divergence=0.3,error_rate=0.5,teacher_entropy=0.2",3,0,200,0.0,0,10000,10.0,25.0,200,500,0,0,1.0,0.8501689189189189,0.6335186888458018,0.16666666666666666,0.2169598489999771,0.017386112362146378,1,1,108,107,0,perm_test,0.004975124378109453,0.5,107,107,0,0.16666666666666666,0.16666666666666666,1,0.5,0.0,0.0,0.0,0,none,1,1,0,overconfident,0.95,0,severe_drift,0.9257036467154179,0.0016490674830252126,0.65037174792059,0.8326729514762279,1768152355.4219868,0.5032768845558167,0.11633933335542679
556,35584,35583,sea_nodrift,sea,ts_drift_adapt,5,"error_divergence_ph_meta@error.threshold=0.10,error.min_instances=5",error_divergence_ph_meta,"{""divergence"": {""alpha"": 0.1, ""delta"": 0.005, ""min_instances"": 30, ""threshold"": 0.05}, ""error_rate"": {""alpha"": 0.15, ""delta"": 0.005, ""min_instances"": 5, ""threshold"": 0.1}}","{""error_rate"": {""min_instances"": 5, ""threshold"": 0.1}}",0.1,0.005,0.15,5,0.05,0.005,0.1,30,,,,-1,two_stage,2,0.5,"__confirm_cooldown=200,__confirm_rule=perm_test,__perm_alpha=0.05,__perm_min_effect=0,__perm_n_perm=200,__perm_post_n=10,__perm_pre_n=200,__perm_rng_seed=0,__perm_stat=vote_score,divergence=0.3,error_rate=0.5,teacher_entropy=0.2",3,0,200,0.0,0,10000,10.0,25.0,200,500,1,136,1.0,0.8502978866906474,0.6339083677024386,0.3333333333333333,0.2005290985107422,0.01447458378970623,0,0,108,107,-1,perm_test,0.004975124378109453,0.5,107,107,0,0.0,0.16666666666666666,0,0.0,0.0,0.0,0.0,0,none,0,1,0,overconfident,0.95,0,mild_drift,0.9430018233577089,0.0014745337415126064,0.725185873960295,0.8438364757381139,1768152355.431713,1.1418169736862183,0.14692354202270508
557,35648,35647,sea_nodrift,sea,ts_drift_adapt,5,"error_divergence_ph_meta@error.threshold=0.10,error.min_instances=5",error_divergence_ph_meta,"{""divergence"": {""alpha"": 0.1, ""delta"": 0.005, ""min_instances"": 30, ""threshold"": 0.05}, ""error_rate"": {""alpha"": 0.15, ""delta"": 0.005, ""min_instances"": 5, ""threshold"": 0.1}}","{""error_rate"": {""min_instances"": 5, ""threshold"": 0.1}}",0.1,0.005,0.15,5,0.05,0.005,0.1,30,,,,-1,two_stage,2,0.5,"__confirm_cooldown=200,__confirm_rule=perm_test,__perm_alpha=0.05,__perm_min_effect=0,__perm_n_perm=200,__perm_post_n=10,__perm_pre_n=200,__perm_rng_seed=0,__perm_stat=vote_score,divergence=0.3,error_rate=0.5,teacher_entropy=0.2",3,0,200,0.0,0,10000,10.0,25.0,200,500,1,72,1.0,0.8505385996409336,0.6343003719353962,0.0,0.15743567049503326,0.00702650286257267,0,0,108,107,-1,perm_test,0.004975124378109453,0.5,107,107,0,0.0,0.3333333333333333,0,0.0,0.0,0.0,0.0,0,none,0,1,0,overconfident,0.95,0,mild_drift,0.9516509116788544,0.0013872668707563033,0.7625929369801475,0.8494182378690569,1768152355.4413762,0.044771526008844376,0.06128318980336189
558,35712,35711,sea_nodrift,sea,ts_drift_adapt,5,"error_divergence_ph_meta@error.threshold=0.10,error.min_instances=5",error_divergence_ph_meta,"{""divergence"": {""alpha"": 0.1, ""delta"": 0.005, ""min_instances"": 30, ""threshold"": 0.05}, ""error_rate"": {""alpha"": 0.15, ""delta"": 0.005, ""min_instances"": 5, ""threshold"": 0.1}}","{""error_rate"": {""min_instances"": 5, ""threshold"": 0.1}}",0.1,0.005,0.15,5,0.05,0.005,0.1,30,,,,-1,two_stage,2,0.5,"__confirm_cooldown=200,__confirm_rule=perm_test,__perm_alpha=0.05,__perm_min_effect=0,__perm_n_perm=200,__perm_post_n=10,__perm_pre_n=200,__perm_rng_seed=0,__perm_stat=vote_score,divergence=0.3,error_rate=0.5,teacher_entropy=0.2",3,0,200,0.0,0,10000,10.0,25.0,200,500,1,8,1.0,0.850638440860215,0.6344488568875618,0.16666666666666666,0.17526885867118835,0.006062347441911697,0,0,108,107,-1,perm_test,0.004975124378109453,0.5,107,107,0,0.0,0.16666666666666666,0,0.0,0.0,0.0,0.0,0,none,0,1,0,overconfident,0.95,0,mild_drift,0.9559754558394271,0.0013436334353781518,0.7812964684900738,0.8522091189345284,1768152355.4510508,0.5335773825645447,0.05680342763662338
559,35776,35775,sea_nodrift,sea,ts_drift_adapt,5,"error_divergence_ph_meta@error.threshold=0.10,error.min_instances=5",error_divergence_ph_meta,"{""divergence"": {""alpha"": 0.1, ""delta"": 0.005, ""min_instances"": 30, ""threshold"": 0.05}, ""error_rate"": {""alpha"": 0.15, ""delta"": 0.005, ""min_instances"": 5, ""threshold"": 0.1}}","{""error_rate"": {""min_instances"": 5, ""threshold"": 0.1}}",0.1,0.005,0.15,5,0.05,0.005,0.1,30,,,,-1,two_stage,2,0.5,"__confirm_cooldown=200,__confirm_rule=perm_test,__perm_alpha=0.05,__perm_min_effect=0,__perm_n_perm=200,__perm_post_n=10,__perm_pre_n=200,__perm_rng_seed=0,__perm_stat=vote_score,divergence=0.3,error_rate=0.5,teacher_entropy=0.2",3,0,200,0.0,0,10000,10.0,25.0,200,500,0,0,1.0,0.8508217799642218,0.6349850596162452,0.0,0.19802746176719666,0.013155060820281506,0,0,108,107,-1,perm_test,0.004975124378109453,0.5,107,107,0,0.0,0.16666666666666666,0,0.0,0.0,0.0,0.0,0,none,0,1,0,overconfident,0.95,0,mild_drift,0.9581377279197135,0.001321816717689076,0.7906482342450369,0.8536045594672642,1768152355.460908,0.04343274235725403,0.1046617180109024
560,35840,35839,sea_nodrift,sea,ts_drift_adapt,5,"error_divergence_ph_meta@error.threshold=0.10,error.min_instances=5",error_divergence_ph_meta,"{""divergence"": {""alpha"": 0.1, ""delta"": 0.005, ""min_instances"": 30, ""threshold"": 0.05}, ""error_rate"": {""alpha"": 0.15, ""delta"": 0.005, ""min_instances"": 5, ""threshold"": 0.1}}","{""error_rate"": {""min_instances"": 5, ""threshold"": 0.1}}",0.1,0.005,0.15,5,0.05,0.005,0.1,30,,,,-1,two_stage,2,0.5,"__confirm_cooldown=200,__confirm_rule=perm_test,__perm_alpha=0.05,__perm_min_effect=0,__perm_n_perm=200,__perm_post_n=10,__perm_pre_n=200,__perm_rng_seed=0,__perm_stat=vote_score,divergence=0.3,error_rate=0.5,teacher_entropy=0.2",3,0,200,0.0,0,10000,10.0,25.0,200,500,0,0,1.0,0.8509486607142858,0.6354300348345401,0.0,0.19719776511192322,0.011873961426317692,1,1,109,108,0,perm_test,0.004975124378109453,0.5276936794306707,108,108,0,0.16666666666666666,0.0012810993939638138,1,0.5,0.0,0.0,0.0,0,none,1,1,0,overconfident,0.95,0,severe_drift,0.9245688639598568,0.001660908358844538,0.6453241171225185,0.8318022797336322,1768152355.4766011,0.07392028719186783,0.1109134703874588
561,35904,35903,sea_nodrift,sea,ts_drift_adapt,5,"error_divergence_ph_meta@error.threshold=0.10,error.min_instances=5",error_divergence_ph_meta,"{""divergence"": {""alpha"": 0.1, ""delta"": 0.005, ""min_instances"": 30, ""threshold"": 0.05}, ""error_rate"": {""alpha"": 0.15, ""delta"": 0.005, ""min_instances"": 5, ""threshold"": 0.1}}","{""error_rate"": {""min_instances"": 5, ""threshold"": 0.1}}",0.1,0.005,0.15,5,0.05,0.005,0.1,30,,,,-1,two_stage,2,0.5,"__confirm_cooldown=200,__confirm_rule=perm_test,__perm_alpha=0.05,__perm_min_effect=0,__perm_n_perm=200,__perm_post_n=10,__perm_pre_n=200,__perm_rng_seed=0,__perm_stat=vote_score,divergence=0.3,error_rate=0.5,teacher_entropy=0.2",3,0,200,0.0,0,10000,10.0,25.0,200,500,1,136,1.0,0.8511864973262032,0.6359861109498205,0.0,0.17491668462753296,0.005919266026467085,0,0,109,108,-1,perm_test,0.004975124378109453,0.5276936794306707,108,108,0,0.0,0.005954695399850607,0,0.0,0.0,0.0,0.0,0,none,0,1,0,overconfident,0.95,0,mild_drift,0.9424344319799284,0.0014804541794222691,0.7226620585612593,0.8434011398668161,1768152355.4862924,0.20151442289352417,0.08594758808612823
562,35968,35967,sea_nodrift,sea,ts_drift_adapt,5,"error_divergence_ph_meta@error.threshold=0.10,error.min_instances=5",error_divergence_ph_meta,"{""divergence"": {""alpha"": 0.1, ""delta"": 0.005, ""min_instances"": 30, ""threshold"": 0.05}, ""error_rate"": {""alpha"": 0.15, ""delta"": 0.005, ""min_instances"": 5, ""threshold"": 0.1}}","{""error_rate"": {""min_instances"": 5, ""threshold"": 0.1}}",0.1,0.005,0.15,5,0.05,0.005,0.1,30,,,,-1,two_stage,2,0.5,"__confirm_cooldown=200,__confirm_rule=perm_test,__perm_alpha=0.05,__perm_min_effect=0,__perm_n_perm=200,__perm_post_n=10,__perm_pre_n=200,__perm_rng_seed=0,__perm_stat=vote_score,divergence=0.3,error_rate=0.5,teacher_entropy=0.2",3,0,200,0.0,0,10000,10.0,25.0,200,500,1,72,1.0,0.851284475088968,0.6363595647586509,0.0,0.199138343334198,0.016281194984912872,0,0,109,108,-1,perm_test,0.004975124378109453,0.5276936794306707,108,108,0,0.0,0.010361928958445787,0,0.0,0.0,0.0,0.0,0,none,0,1,0,overconfident,0.95,0,mild_drift,0.9513672159899642,0.0013902270897111347,0.7613310292806297,0.849200569933408,1768152355.4958475,0.06555768102407455,0.1533917486667633
563,36032,36031,sea_nodrift,sea,ts_drift_adapt,5,"error_divergence_ph_meta@error.threshold=0.10,error.min_instances=5",error_divergence_ph_meta,"{""divergence"": {""alpha"": 0.1, ""delta"": 0.005, ""min_instances"": 30, ""threshold"": 0.05}, ""error_rate"": {""alpha"": 0.15, ""delta"": 0.005, ""min_instances"": 5, ""threshold"": 0.1}}","{""error_rate"": {""min_instances"": 5, ""threshold"": 0.1}}",0.1,0.005,0.15,5,0.05,0.005,0.1,30,,,,-1,two_stage,2,0.5,"__confirm_cooldown=200,__confirm_rule=perm_test,__perm_alpha=0.05,__perm_min_effect=0,__perm_n_perm=200,__perm_post_n=10,__perm_pre_n=200,__perm_rng_seed=0,__perm_stat=vote_score,divergence=0.3,error_rate=0.5,teacher_entropy=0.2",3,0,200,0.0,0,10000,10.0,25.0,200,500,1,8,1.0,0.8514098579040853,0.636653743730275,0.0,0.2114584594964981,0.028733473271131516,0,0,109,108,-1,perm_test,0.004975124378109453,0.5276936794306707,108,108,0,0.0,0.012452278286218643,0,0.0,0.0,0.0,0.0,0,none,0,1,0,overconfident,0.95,0,mild_drift,0.9558336079949821,0.0013451135448555676,0.7806655146403149,0.852100284966704,1768152355.505462,0.03833146393299103,0.2657284736633301
564,36096,36095,sea_nodrift,sea,ts_drift_adapt,5,"error_divergence_ph_meta@error.threshold=0.10,error.min_instances=5",error_divergence_ph_meta,"{""divergence"": {""alpha"": 0.1, ""delta"": 0.005, ""min_instances"": 30, ""threshold"": 0.05}, ""error_rate"": {""alpha"": 0.15, ""delta"": 0.005, ""min_instances"": 5, ""threshold"": 0.1}}","{""error_rate"": {""min_instances"": 5, ""threshold"": 0.1}}",0.1,0.005,0.15,5,0.05,0.005,0.1,30,,,,-1,two_stage,2,0.5,"__confirm_cooldown=200,__confirm_rule=perm_test,__perm_alpha=0.05,__perm_min_effect=0,__perm_n_perm=200,__perm_post_n=10,__perm_pre_n=200,__perm_rng_seed=0,__perm_stat=vote_score,divergence=0.3,error_rate=0.5,teacher_entropy=0.2",3,0,200,0.0,0,10000,10.0,25.0,200,500,0,0,1.0,0.8516179078014184,0.6372097502843029,0.0,0.19901178777217865,0.011867097578942776,0,0,109,108,-1,perm_test,0.004975124378109453,0.5276936794306707,108,108,0,0.0,0.01686637569218874,0,0.0,0.0,0.0,0.0,0,none,0,1,0,overconfident,0.95,0,mild_drift,0.958066803997491,0.001322556772427784,0.7903327573201575,0.853550142483352,1768152355.5152924,0.13876749575138092,0.1049061119556427
565,36160,36159,sea_nodrift,sea,ts_drift_adapt,5,"error_divergence_ph_meta@error.threshold=0.10,error.min_instances=5",error_divergence_ph_meta,"{""divergence"": {""alpha"": 0.1, ""delta"": 0.005, ""min_instances"": 30, ""threshold"": 0.05}, ""error_rate"": {""alpha"": 0.15, ""delta"": 0.005, ""min_instances"": 5, ""threshold"": 0.1}}","{""error_rate"": {""min_instances"": 5, ""threshold"": 0.1}}",0.1,0.005,0.15,5,0.05,0.005,0.1,30,,,,-1,two_stage,2,0.5,"__confirm_cooldown=200,__confirm_rule=perm_test,__perm_alpha=0.05,__perm_min_effect=0,__perm_n_perm=200,__perm_post_n=10,__perm_pre_n=200,__perm_rng_seed=0,__perm_stat=vote_score,divergence=0.3,error_rate=0.5,teacher_entropy=0.2",3,0,200,0.0,0,10000,10.0,25.0,200,500,0,0,1.0,0.8517975663716815,0.6374143516118654,0.0,0.20470260083675385,0.011703155003488064,0,0,109,108,-1,perm_test,0.004975124378109453,0.5276936794306707,108,108,0,0.0,0.00016394257545471191,0,0.0,0.0,0.0,0.0,0,none,0,1,0,overconfident,0.95,0,mild_drift,0.9591834019987455,0.001311278386213892,0.7951663786600788,0.854275071241676,1768152355.525069,0.01893937774002552,0.10743255913257599
566,36224,36223,sea_nodrift,sea,ts_drift_adapt,5,"error_divergence_ph_meta@error.threshold=0.10,error.min_instances=5",error_divergence_ph_meta,"{""divergence"": {""alpha"": 0.1, ""delta"": 0.005, ""min_instances"": 30, ""threshold"": 0.05}, ""error_rate"": {""alpha"": 0.15, ""delta"": 0.005, ""min_instances"": 5, ""threshold"": 0.1}}","{""error_rate"": {""min_instances"": 5, ""threshold"": 0.1}}",0.1,0.005,0.15,5,0.05,0.005,0.1,30,,,,-1,two_stage,2,0.5,"__confirm_cooldown=200,__confirm_rule=perm_test,__perm_alpha=0.05,__perm_min_effect=0,__perm_n_perm=200,__perm_post_n=10,__perm_pre_n=200,__perm_rng_seed=0,__perm_stat=vote_score,divergence=0.3,error_rate=0.5,teacher_entropy=0.2",3,0,200,0.0,0,10000,10.0,25.0,200,500,0,0,1.0,0.8518937720848057,0.6377478974712288,0.0,0.197830468416214,0.0062325699254870415,0,0,109,108,-1,perm_test,0.004975124378109453,0.5276936794306707,108,108,0,0.0,0.005470585078001022,0,0.0,0.0,0.0,0.0,0,none,0,1,0,overconfident,0.95,0,mild_drift,0.9597417009993727,0.0013056391931069462,0.7975831893300394,0.854637535620838,1768152355.5348384,0.055952440947294235,0.06913931667804718
567,36288,36287,sea_nodrift,sea,ts_drift_adapt,5,"error_divergence_ph_meta@error.threshold=0.10,error.min_instances=5",error_divergence_ph_meta,"{""divergence"": {""alpha"": 0.1, ""delta"": 0.005, ""min_instances"": 30, ""threshold"": 0.05}, ""error_rate"": {""alpha"": 0.15, ""delta"": 0.005, ""min_instances"": 5, ""threshold"": 0.1}}","{""error_rate"": {""min_instances"": 5, ""threshold"": 0.1}}",0.1,0.005,0.15,5,0.05,0.005,0.1,30,,,,-1,two_stage,2,0.5,"__confirm_cooldown=200,__confirm_rule=perm_test,__perm_alpha=0.05,__perm_min_effect=0,__perm_n_perm=200,__perm_post_n=10,__perm_pre_n=200,__perm_rng_seed=0,__perm_stat=vote_score,divergence=0.3,error_rate=0.5,teacher_entropy=0.2",3,0,200,0.0,0,10000,10.0,25.0,200,500,0,0,1.0,0.8520447530864198,0.6382107638867768,0.0,0.17165745794773102,0.011973200365900993,0,0,109,108,-1,perm_test,0.004975124378109453,0.5276936794306707,108,108,0,0.0,0.005740630440413952,0,0.0,0.0,0.0,0.0,0,none,0,1,0,overconfident,0.95,0,mild_drift,0.9600208504996863,0.001302819596553473,0.7987915946650197,0.854818767810419,1768152355.544661,0.17747704684734344,0.11001645028591156
568,36352,36351,sea_nodrift,sea,ts_drift_adapt,5,"error_divergence_ph_meta@error.threshold=0.10,error.min_instances=5",error_divergence_ph_meta,"{""divergence"": {""alpha"": 0.1, ""delta"": 0.005, ""min_instances"": 30, ""threshold"": 0.05}, ""error_rate"": {""alpha"": 0.15, ""delta"": 0.005, ""min_instances"": 5, ""threshold"": 0.1}}","{""error_rate"": {""min_instances"": 5, ""threshold"": 0.1}}",0.1,0.005,0.15,5,0.05,0.005,0.1,30,,,,-1,two_stage,2,0.5,"__confirm_cooldown=200,__confirm_rule=perm_test,__perm_alpha=0.05,__perm_min_effect=0,__perm_n_perm=200,__perm_post_n=10,__perm_pre_n=200,__perm_rng_seed=0,__perm_stat=vote_score,divergence=0.3,error_rate=0.5,teacher_entropy=0.2",3,0,200,0.0,0,10000,10.0,25.0,200,500,0,0,1.0,0.8520301496478874,0.6382380085928734,0.0,0.23418684303760529,0.009624574333429337,0,0,109,108,-1,perm_test,0.004975124378109453,0.5276936794306707,108,108,0,0.0,0.002348626032471657,0,0.0,0.0,0.0,0.0,0,none,0,1,0,overconfident,0.95,0,mild_drift,0.9601604252498431,0.0013014097982767367,0.7993957973325099,0.8549093839052095,1768152355.5545647,0.14758533239364624,0.0809512585401535
569,36416,36415,sea_nodrift,sea,ts_drift_adapt,5,"error_divergence_ph_meta@error.threshold=0.10,error.min_instances=5",error_divergence_ph_meta,"{""divergence"": {""alpha"": 0.1, ""delta"": 0.005, ""min_instances"": 30, ""threshold"": 0.05}, ""error_rate"": {""alpha"": 0.15, ""delta"": 0.005, ""min_instances"": 5, ""threshold"": 0.1}}","{""error_rate"": {""min_instances"": 5, ""threshold"": 0.1}}",0.1,0.005,0.15,5,0.05,0.005,0.1,30,,,,-1,two_stage,2,0.5,"__confirm_cooldown=200,__confirm_rule=perm_test,__perm_alpha=0.05,__perm_min_effect=0,__perm_n_perm=200,__perm_post_n=10,__perm_pre_n=200,__perm_rng_seed=0,__perm_stat=vote_score,divergence=0.3,error_rate=0.5,teacher_entropy=0.2",3,0,200,0.0,0,10000,10.0,25.0,200,500,0,0,1.0,0.8521528998242531,0.6386684582098032,0.0,0.1887037307024002,0.010956925339996815,0,0,109,108,-1,perm_test,0.004975124378109453,0.5276936794306707,108,108,0,0.0,0.0013323510065674782,0,0.0,0.0,0.0,0.0,0,none,0,1,0,overconfident,0.95,0,mild_drift,0.9602302126249216,0.0013007048991383685,0.799697898666255,0.8549546919526048,1768152355.5646455,0.05731871724128723,0.11838549375534058
570,36480,36479,sea_nodrift,sea,ts_drift_adapt,5,"error_divergence_ph_meta@error.threshold=0.10,error.min_instances=5",error_divergence_ph_meta,"{""divergence"": {""alpha"": 0.1, ""delta"": 0.005, ""min_instances"": 30, ""threshold"": 0.05}, ""error_rate"": {""alpha"": 0.15, ""delta"": 0.005, ""min_instances"": 5, ""threshold"": 0.1}}","{""error_rate"": {""min_instances"": 5, ""threshold"": 0.1}}",0.1,0.005,0.15,5,0.05,0.005,0.1,30,,,,-1,two_stage,2,0.5,"__confirm_cooldown=200,__confirm_rule=perm_test,__perm_alpha=0.05,__perm_min_effect=0,__perm_n_perm=200,__perm_post_n=10,__perm_pre_n=200,__perm_rng_seed=0,__perm_stat=vote_score,divergence=0.3,error_rate=0.5,teacher_entropy=0.2",3,0,200,0.0,0,10000,10.0,25.0,200,500,0,0,1.0,0.8523574561403509,0.6392644567939749,0.0,0.19618606567382812,0.007902138866484165,0,0,109,108,-1,perm_test,0.004975124378109453,0.5276936794306707,108,108,0,0.0,0.0030547864735126495,0,0.0,0.0,0.0,0.0,0,none,0,1,0,overconfident,0.95,0,mild_drift,0.9602651063124608,0.0013003524495691842,0.7998489493331276,0.8549773459763024,1768152355.5747511,0.11844605207443237,0.08064905554056168
571,36544,36543,sea_nodrift,sea,ts_drift_adapt,5,"error_divergence_ph_meta@error.threshold=0.10,error.min_instances=5",error_divergence_ph_meta,"{""divergence"": {""alpha"": 0.1, ""delta"": 0.005, ""min_instances"": 30, ""threshold"": 0.05}, ""error_rate"": {""alpha"": 0.15, ""delta"": 0.005, ""min_instances"": 5, ""threshold"": 0.1}}","{""error_rate"": {""min_instances"": 5, ""threshold"": 0.1}}",0.1,0.005,0.15,5,0.05,0.005,0.1,30,,,,-1,two_stage,2,0.5,"__confirm_cooldown=200,__confirm_rule=perm_test,__perm_alpha=0.05,__perm_min_effect=0,__perm_n_perm=200,__perm_post_n=10,__perm_pre_n=200,__perm_rng_seed=0,__perm_stat=vote_score,divergence=0.3,error_rate=0.5,teacher_entropy=0.2",3,0,200,0.0,0,10000,10.0,25.0,200,500,0,0,1.0,0.8524244746059545,0.6394316956577683,0.16666666666666666,0.19701825082302094,0.017251085489988327,1,1,110,109,0,perm_test,0.004975124378109453,0.5,109,109,0,0.16666666666666666,0.16666666666666666,1,0.5,0.0,0.0,0.0,0,none,1,1,0,overconfident,0.95,0,severe_drift,0.9256325531562304,0.0016501762247845921,0.6499244746665638,0.8324886729881512,1768152355.590846,0.24197439849376678,0.11737092584371567
572,36608,36607,sea_nodrift,sea,ts_drift_adapt,5,"error_divergence_ph_meta@error.threshold=0.10,error.min_instances=5",error_divergence_ph_meta,"{""divergence"": {""alpha"": 0.1, ""delta"": 0.005, ""min_instances"": 30, ""threshold"": 0.05}, ""error_rate"": {""alpha"": 0.15, ""delta"": 0.005, ""min_instances"": 5, ""threshold"": 0.1}}","{""error_rate"": {""min_instances"": 5, ""threshold"": 0.1}}",0.1,0.005,0.15,5,0.05,0.005,0.1,30,,,,-1,two_stage,2,0.5,"__confirm_cooldown=200,__confirm_rule=perm_test,__perm_alpha=0.05,__perm_min_effect=0,__perm_n_perm=200,__perm_post_n=10,__perm_pre_n=200,__perm_rng_seed=0,__perm_stat=vote_score,divergence=0.3,error_rate=0.5,teacher_entropy=0.2",3,0,200,0.0,0,10000,10.0,25.0,200,500,1,136,1.0,0.852573208041958,0.6398656086067328,0.16666666666666666,0.18095827102661133,0.005220374558120966,0,0,110,109,-1,perm_test,0.004975124378109453,0.5,109,109,0,0.0,0.012030710931867361,0,0.0,0.0,0.0,0.0,0,none,0,1,0,overconfident,0.95,0,mild_drift,0.9429662765781152,0.0014750881123922963,0.7249622373332819,0.8437443364940755,1768152355.6007535,0.2186102420091629,0.06474819034337997
573,36672,36671,sea_nodrift,sea,ts_drift_adapt,5,"error_divergence_ph_meta@error.threshold=0.10,error.min_instances=5",error_divergence_ph_meta,"{""divergence"": {""alpha"": 0.1, ""delta"": 0.005, ""min_instances"": 30, ""threshold"": 0.05}, ""error_rate"": {""alpha"": 0.15, ""delta"": 0.005, ""min_instances"": 5, ""threshold"": 0.1}}","{""error_rate"": {""min_instances"": 5, ""threshold"": 0.1}}",0.1,0.005,0.15,5,0.05,0.005,0.1,30,,,,-1,two_stage,2,0.5,"__confirm_cooldown=200,__confirm_rule=perm_test,__perm_alpha=0.05,__perm_min_effect=0,__perm_n_perm=200,__perm_post_n=10,__perm_pre_n=200,__perm_rng_seed=0,__perm_stat=vote_score,divergence=0.3,error_rate=0.5,teacher_entropy=0.2",3,0,200,0.0,0,10000,10.0,25.0,200,500,1,72,1.0,0.8526396160558464,0.6400519744960936,0.3333333333333333,0.20346425473690033,0.008544198237359524,0,0,110,109,-1,perm_test,0.004975124378109453,0.5,109,109,0,0.0,0.16666666666666666,0,0.0,0.0,0.0,0.0,0,none,0,1,0,overconfident,0.95,0,mild_drift,0.9516331382890575,0.001387544056196148,0.7624811186666409,0.8493721682470378,1768152355.6105556,0.5274662375450134,0.0800161212682724
574,36736,36735,sea_nodrift,sea,ts_drift_adapt,5,"error_divergence_ph_meta@error.threshold=0.10,error.min_instances=5",error_divergence_ph_meta,"{""divergence"": {""alpha"": 0.1, ""delta"": 0.005, ""min_instances"": 30, ""threshold"": 0.05}, ""error_rate"": {""alpha"": 0.15, ""delta"": 0.005, ""min_instances"": 5, ""threshold"": 0.1}}","{""error_rate"": {""min_instances"": 5, ""threshold"": 0.1}}",0.1,0.005,0.15,5,0.05,0.005,0.1,30,,,,-1,two_stage,2,0.5,"__confirm_cooldown=200,__confirm_rule=perm_test,__perm_alpha=0.05,__perm_min_effect=0,__perm_n_perm=200,__perm_post_n=10,__perm_pre_n=200,__perm_rng_seed=0,__perm_stat=vote_score,divergence=0.3,error_rate=0.5,teacher_entropy=0.2",3,0,200,0.0,0,10000,10.0,25.0,200,500,1,8,1.0,0.8527874564459931,0.6403962069706924,0.16666666666666666,0.18435876071453094,0.008068922907114029,0,0,110,109,-1,perm_test,0.004975124378109453,0.5,109,109,0,0.0,0.16666666666666666,0,0.0,0.0,0.0,0.0,0,none,0,1,0,overconfident,0.95,0,mild_drift,0.9559665691445287,0.0013437720280980742,0.7812405593333205,0.8521860841235189,1768152355.620339,0.13016541302204132,0.0637623518705368
575,36800,36799,sea_nodrift,sea,ts_drift_adapt,5,"error_divergence_ph_meta@error.threshold=0.10,error.min_instances=5",error_divergence_ph_meta,"{""divergence"": {""alpha"": 0.1, ""delta"": 0.005, ""min_instances"": 30, ""threshold"": 0.05}, ""error_rate"": {""alpha"": 0.15, ""delta"": 0.005, ""min_instances"": 5, ""threshold"": 0.1}}","{""error_rate"": {""min_instances"": 5, ""threshold"": 0.1}}",0.1,0.005,0.15,5,0.05,0.005,0.1,30,,,,-1,two_stage,2,0.5,"__confirm_cooldown=200,__confirm_rule=perm_test,__perm_alpha=0.05,__perm_min_effect=0,__perm_n_perm=200,__perm_post_n=10,__perm_pre_n=200,__perm_rng_seed=0,__perm_stat=vote_score,divergence=0.3,error_rate=0.5,teacher_entropy=0.2",3,0,200,0.0,0,10000,10.0,25.0,200,500,0,0,1.0,0.8528804347826087,0.6405819458359961,0.0,0.23160900175571442,0.01110333576798439,0,0,110,109,-1,perm_test,0.004975124378109453,0.5,109,109,0,0.0,0.16666666666666666,0,0.0,0.0,0.0,0.0,0,none,0,1,0,overconfident,0.95,0,mild_drift,0.9581332845722643,0.001321886014049037,0.7906202796666603,0.8535930420617595,1768152355.6301517,0.0182463601231575,0.10076792538166046
576,36864,36863,sea_nodrift,sea,ts_drift_adapt,5,"error_divergence_ph_meta@error.threshold=0.10,error.min_instances=5",error_divergence_ph_meta,"{""divergence"": {""alpha"": 0.1, ""delta"": 0.005, ""min_instances"": 30, ""threshold"": 0.05}, ""error_rate"": {""alpha"": 0.15, ""delta"": 0.005, ""min_instances"": 5, ""threshold"": 0.1}}","{""error_rate"": {""min_instances"": 5, ""threshold"": 0.1}}",0.1,0.005,0.15,5,0.05,0.005,0.1,30,,,,-1,two_stage,2,0.5,"__confirm_cooldown=200,__confirm_rule=perm_test,__perm_alpha=0.05,__perm_min_effect=0,__perm_n_perm=200,__perm_post_n=10,__perm_pre_n=200,__perm_rng_seed=0,__perm_stat=vote_score,divergence=0.3,error_rate=0.5,teacher_entropy=0.2",3,0,200,0.0,0,10000,10.0,25.0,200,500,0,0,1.0,0.85302734375,0.6409487441109267,0.16666666666666666,0.20483192801475525,0.009950893931090832,1,1,111,110,0,perm_test,0.004975124378109453,0.49059878373828036,110,110,0,0.0,0.16666666666666666,1,0.5,0.0,0.0,0.0,0,none,1,1,0,overconfident,0.95,0,stable,0.9740666422861322,0.0010609430070245185,0.8953101398333301,0.8992965210308798,1768152355.6462383,0.21879003942012787,0.0845373272895813
577,36928,36927,sea_nodrift,sea,ts_drift_adapt,5,"error_divergence_ph_meta@error.threshold=0.10,error.min_instances=5",error_divergence_ph_meta,"{""divergence"": {""alpha"": 0.1, ""delta"": 0.005, ""min_instances"": 30, ""threshold"": 0.05}, ""error_rate"": {""alpha"": 0.15, ""delta"": 0.005, ""min_instances"": 5, ""threshold"": 0.1}}","{""error_rate"": {""min_instances"": 5, ""threshold"": 0.1}}",0.1,0.005,0.15,5,0.05,0.005,0.1,30,,,,-1,two_stage,2,0.5,"__confirm_cooldown=200,__confirm_rule=perm_test,__perm_alpha=0.05,__perm_min_effect=0,__perm_n_perm=200,__perm_post_n=10,__perm_pre_n=200,__perm_rng_seed=0,__perm_stat=vote_score,divergence=0.3,error_rate=0.5,teacher_entropy=0.2",3,0,200,0.0,0,10000,10.0,25.0,200,500,1,136,1.0,0.853065424610052,0.6410779942935703,0.16666666666666666,0.19320319592952728,0.016431840136647224,0,0,111,110,-1,perm_test,0.004975124378109453,0.49059878373828036,110,110,0,0.0,0.006480946205556393,0,0.0,0.0,0.0,0.0,0,none,0,1,0,overconfident,0.95,0,mild_drift,0.967183321143066,0.0011804715035122594,0.8476550699166651,0.8771482605154399,1768152355.656099,0.32736238837242126,0.15113502740859985
578,36992,36991,sea_nodrift,sea,ts_drift_adapt,5,"error_divergence_ph_meta@error.threshold=0.10,error.min_instances=5",error_divergence_ph_meta,"{""divergence"": {""alpha"": 0.1, ""delta"": 0.005, ""min_instances"": 30, ""threshold"": 0.05}, ""error_rate"": {""alpha"": 0.15, ""delta"": 0.005, ""min_instances"": 5, ""threshold"": 0.1}}","{""error_rate"": {""min_instances"": 5, ""threshold"": 0.1}}",0.1,0.005,0.15,5,0.05,0.005,0.1,30,,,,-1,two_stage,2,0.5,"__confirm_cooldown=200,__confirm_rule=perm_test,__perm_alpha=0.05,__perm_min_effect=0,__perm_n_perm=200,__perm_post_n=10,__perm_pre_n=200,__perm_rng_seed=0,__perm_stat=vote_score,divergence=0.3,error_rate=0.5,teacher_entropy=0.2",3,0,200,0.0,0,10000,10.0,25.0,200,500,1,72,1.0,0.8532385380622838,0.6414759404899124,0.16666666666666666,0.1909531056880951,0.0144217973574996,0,0,111,110,-1,perm_test,0.004975124378109453,0.49059878373828036,110,110,0,0.0,0.002010042779147625,0,0.0,0.0,0.0,0.0,0,none,0,1,0,overconfident,0.95,0,mild_drift,0.963741660571533,0.0012402357517561297,0.8238275349583326,0.86607413025772,1768152355.6657906,0.2052636295557022,0.09827905148267746
579,37056,37055,sea_nodrift,sea,ts_drift_adapt,5,"error_divergence_ph_meta@error.threshold=0.10,error.min_instances=5",error_divergence_ph_meta,"{""divergence"": {""alpha"": 0.1, ""delta"": 0.005, ""min_instances"": 30, ""threshold"": 0.05}, ""error_rate"": {""alpha"": 0.15, ""delta"": 0.005, ""min_instances"": 5, ""threshold"": 0.1}}","{""error_rate"": {""min_instances"": 5, ""threshold"": 0.1}}",0.1,0.005,0.15,5,0.05,0.005,0.1,30,,,,-1,two_stage,2,0.5,"__confirm_cooldown=200,__confirm_rule=perm_test,__perm_alpha=0.05,__perm_min_effect=0,__perm_n_perm=200,__perm_post_n=10,__perm_pre_n=200,__perm_rng_seed=0,__perm_stat=vote_score,divergence=0.3,error_rate=0.5,teacher_entropy=0.2",3,0,200,0.0,0,10000,10.0,25.0,200,500,1,8,1.0,0.8534110535405872,0.6418521147357348,0.0,0.18956565856933594,0.008438797667622566,0,0,111,110,-1,perm_test,0.004975124378109453,0.49059878373828036,110,110,0,0.0,0.16666666666666666,0,0.0,0.0,0.0,0.0,0,none,0,1,0,overconfident,0.95,0,mild_drift,0.9620208302857665,0.0012701178758780648,0.8119137674791663,0.86053706512886,1768152355.675586,0.1734052449464798,0.08187545835971832
580,37120,37119,sea_nodrift,sea,ts_drift_adapt,5,"error_divergence_ph_meta@error.threshold=0.10,error.min_instances=5",error_divergence_ph_meta,"{""divergence"": {""alpha"": 0.1, ""delta"": 0.005, ""min_instances"": 30, ""threshold"": 0.05}, ""error_rate"": {""alpha"": 0.15, ""delta"": 0.005, ""min_instances"": 5, ""threshold"": 0.1}}","{""error_rate"": {""min_instances"": 5, ""threshold"": 0.1}}",0.1,0.005,0.15,5,0.05,0.005,0.1,30,,,,-1,two_stage,2,0.5,"__confirm_cooldown=200,__confirm_rule=perm_test,__perm_alpha=0.05,__perm_min_effect=0,__perm_n_perm=200,__perm_post_n=10,__perm_pre_n=200,__perm_rng_seed=0,__perm_stat=vote_score,divergence=0.3,error_rate=0.5,teacher_entropy=0.2",3,0,200,0.0,0,10000,10.0,25.0,200,500,0,0,1.0,0.8535560344827586,0.6421772305651787,0.0,0.15346209704875946,0.011249203234910965,0,0,111,110,-1,perm_test,0.004975124378109453,0.49059878373828036,110,110,0,0.0,0.0028104055672883987,0,0.0,0.0,0.0,0.0,0,none,0,1,0,overconfident,0.95,0,mild_drift,0.9611604151428832,0.0012850589379390324,0.8059568837395832,0.85776853256443,1768152355.6854315,0.11852076649665833,0.1045503318309784
581,37184,37183,sea_nodrift,sea,ts_drift_adapt,5,"error_divergence_ph_meta@error.threshold=0.10,error.min_instances=5",error_divergence_ph_meta,"{""divergence"": {""alpha"": 0.1, ""delta"": 0.005, ""min_instances"": 30, ""threshold"": 0.05}, ""error_rate"": {""alpha"": 0.15, ""delta"": 0.005, ""min_instances"": 5, ""threshold"": 0.1}}","{""error_rate"": {""min_instances"": 5, ""threshold"": 0.1}}",0.1,0.005,0.15,5,0.05,0.005,0.1,30,,,,-1,two_stage,2,0.5,"__confirm_cooldown=200,__confirm_rule=perm_test,__perm_alpha=0.05,__perm_min_effect=0,__perm_n_perm=200,__perm_post_n=10,__perm_pre_n=200,__perm_rng_seed=0,__perm_stat=vote_score,divergence=0.3,error_rate=0.5,teacher_entropy=0.2",3,0,200,0.0,0,10000,10.0,25.0,200,500,0,0,1.0,0.8536467297762479,0.6423940507388395,0.16666666666666666,0.19185209274291992,0.004548494704067707,1,1,112,111,0,perm_test,0.004975124378109453,0.5137751020660691,111,111,0,0.0,0.16666666666666666,1,0.5,0.0,0.0,0.0,0,none,1,1,0,overconfident,0.95,0,stable,0.9755802075714416,0.0010425294689695162,0.9029784418697916,0.901384266282215,1768152355.700967,0.17506043612957,0.049752481281757355
582,37248,37247,sea_nodrift,sea,ts_drift_adapt,5,"error_divergence_ph_meta@error.threshold=0.10,error.min_instances=5",error_divergence_ph_meta,"{""divergence"": {""alpha"": 0.1, ""delta"": 0.005, ""min_instances"": 30, ""threshold"": 0.05}, ""error_rate"": {""alpha"": 0.15, ""delta"": 0.005, ""min_instances"": 5, ""threshold"": 0.1}}","{""error_rate"": {""min_instances"": 5, ""threshold"": 0.1}}",0.1,0.005,0.15,5,0.05,0.005,0.1,30,,,,-1,two_stage,2,0.5,"__confirm_cooldown=200,__confirm_rule=perm_test,__perm_alpha=0.05,__perm_min_effect=0,__perm_n_perm=200,__perm_post_n=10,__perm_pre_n=200,__perm_rng_seed=0,__perm_stat=vote_score,divergence=0.3,error_rate=0.5,teacher_entropy=0.2",3,0,200,0.0,0,10000,10.0,25.0,200,500,1,136,1.0,0.853844501718213,0.6429867718131294,0.16666666666666666,0.18123136460781097,0.006364534609019756,0,0,112,111,-1,perm_test,0.004975124378109453,0.5137751020660691,111,111,0,0.0,0.0018160399049520493,0,0.0,0.0,0.0,0.0,0,none,0,1,0,overconfident,0.95,0,mild_drift,0.9679401037857207,0.0011712647344847582,0.8514892209348959,0.8781921331411076,1768152355.7107065,0.41581466794013977,0.06044885516166687
583,37312,37311,sea_nodrift,sea,ts_drift_adapt,5,"error_divergence_ph_meta@error.threshold=0.10,error.min_instances=5",error_divergence_ph_meta,"{""divergence"": {""alpha"": 0.1, ""delta"": 0.005, ""min_instances"": 30, ""threshold"": 0.05}, ""error_rate"": {""alpha"": 0.15, ""delta"": 0.005, ""min_instances"": 5, ""threshold"": 0.1}}","{""error_rate"": {""min_instances"": 5, ""threshold"": 0.1}}",0.1,0.005,0.15,5,0.05,0.005,0.1,30,,,,-1,two_stage,2,0.5,"__confirm_cooldown=200,__confirm_rule=perm_test,__perm_alpha=0.05,__perm_min_effect=0,__perm_n_perm=200,__perm_post_n=10,__perm_pre_n=200,__perm_rng_seed=0,__perm_stat=vote_score,divergence=0.3,error_rate=0.5,teacher_entropy=0.2",3,0,200,0.0,0,10000,10.0,25.0,200,500,1,72,1.0,0.853907590051458,0.6431682093000685,0.0,0.2181118130683899,0.024297790601849556,0,0,112,111,-1,perm_test,0.004975124378109453,0.5137751020660691,111,111,0,0.0,0.16666666666666666,0,0.0,0.0,0.0,0.0,0,none,0,1,0,overconfident,0.95,0,mild_drift,0.9641200518928603,0.0012356323672423793,0.825744610467448,0.8665960665705538,1768152355.720281,0.0100056491792202,0.20603834092617035
584,37376,37375,sea_nodrift,sea,ts_drift_adapt,5,"error_divergence_ph_meta@error.threshold=0.10,error.min_instances=5",error_divergence_ph_meta,"{""divergence"": {""alpha"": 0.1, ""delta"": 0.005, ""min_instances"": 30, ""threshold"": 0.05}, ""error_rate"": {""alpha"": 0.15, ""delta"": 0.005, ""min_instances"": 5, ""threshold"": 0.1}}","{""error_rate"": {""min_instances"": 5, ""threshold"": 0.1}}",0.1,0.005,0.15,5,0.05,0.005,0.1,30,,,,-1,two_stage,2,0.5,"__confirm_cooldown=200,__confirm_rule=perm_test,__perm_alpha=0.05,__perm_min_effect=0,__perm_n_perm=200,__perm_post_n=10,__perm_pre_n=200,__perm_rng_seed=0,__perm_stat=vote_score,divergence=0.3,error_rate=0.5,teacher_entropy=0.2",3,0,200,0.0,0,10000,10.0,25.0,200,500,1,8,1.0,0.8541042380136986,0.643777176866267,0.0,0.1725834459066391,0.007186025381088257,0,0,112,111,-1,perm_test,0.004975124378109453,0.5137751020660691,111,111,0,0.0,0.0171117652207613,0,0.0,0.0,0.0,0.0,0,none,0,1,0,overconfident,0.95,0,mild_drift,0.9622100259464301,0.0012678161836211896,0.812872305233724,0.8607980332852769,1768152355.7298784,0.07802433520555496,0.06923869252204895
585,37440,37439,sea_nodrift,sea,ts_drift_adapt,5,"error_divergence_ph_meta@error.threshold=0.10,error.min_instances=5",error_divergence_ph_meta,"{""divergence"": {""alpha"": 0.1, ""delta"": 0.005, ""min_instances"": 30, ""threshold"": 0.05}, ""error_rate"": {""alpha"": 0.15, ""delta"": 0.005, ""min_instances"": 5, ""threshold"": 0.1}}","{""error_rate"": {""min_instances"": 5, ""threshold"": 0.1}}",0.1,0.005,0.15,5,0.05,0.005,0.1,30,,,,-1,two_stage,2,0.5,"__confirm_cooldown=200,__confirm_rule=perm_test,__perm_alpha=0.05,__perm_min_effect=0,__perm_n_perm=200,__perm_post_n=10,__perm_pre_n=200,__perm_rng_seed=0,__perm_stat=vote_score,divergence=0.3,error_rate=0.5,teacher_entropy=0.2",3,0,200,0.0,0,10000,10.0,25.0,200,500,0,0,1.0,0.8542467948717949,0.6441728521398077,0.0,0.154058575630188,0.013645251281559467,0,0,112,111,-1,perm_test,0.004975124378109453,0.5137751020660691,111,111,0,0.0,0.0064592259004712105,0,0.0,0.0,0.0,0.0,0,none,0,1,0,overconfident,0.95,0,mild_drift,0.961255012973215,0.001283908091810595,0.806436152616862,0.8578990166426385,1768152355.739711,0.00694024795666337,0.13274046778678894
586,37504,37503,sea_nodrift,sea,ts_drift_adapt,5,"error_divergence_ph_meta@error.threshold=0.10,error.min_instances=5",error_divergence_ph_meta,"{""divergence"": {""alpha"": 0.1, ""delta"": 0.005, ""min_instances"": 30, ""threshold"": 0.05}, ""error_rate"": {""alpha"": 0.15, ""delta"": 0.005, ""min_instances"": 5, ""threshold"": 0.1}}","{""error_rate"": {""min_instances"": 5, ""threshold"": 0.1}}",0.1,0.005,0.15,5,0.05,0.005,0.1,30,,,,-1,two_stage,2,0.5,"__confirm_cooldown=200,__confirm_rule=perm_test,__perm_alpha=0.05,__perm_min_effect=0,__perm_n_perm=200,__perm_post_n=10,__perm_pre_n=200,__perm_rng_seed=0,__perm_stat=vote_score,divergence=0.3,error_rate=0.5,teacher_entropy=0.2",3,0,200,0.0,0,10000,10.0,25.0,200,500,0,0,1.0,0.8543355375426621,0.6443842787948039,0.16666666666666666,0.20456381142139435,0.01890789158642292,1,1,113,112,0,perm_test,0.004975124378109453,0.5196976747711488,112,112,0,0.0,0.16666666666666666,1,0.5,0.0,0.0,0.0,0,none,1,1,0,overconfident,0.95,0,stable,0.9756275064866076,0.0010419540459052975,0.903218076308431,0.9014495083213192,1768152355.7553968,0.25294724106788635,0.15618664026260376
587,37568,37567,sea_nodrift,sea,ts_drift_adapt,5,"error_divergence_ph_meta@error.threshold=0.10,error.min_instances=5",error_divergence_ph_meta,"{""divergence"": {""alpha"": 0.1, ""delta"": 0.005, ""min_instances"": 30, ""threshold"": 0.05}, ""error_rate"": {""alpha"": 0.15, ""delta"": 0.005, ""min_instances"": 5, ""threshold"": 0.1}}","{""error_rate"": {""min_instances"": 5, ""threshold"": 0.1}}",0.1,0.005,0.15,5,0.05,0.005,0.1,30,,,,-1,two_stage,2,0.5,"__confirm_cooldown=200,__confirm_rule=perm_test,__perm_alpha=0.05,__perm_min_effect=0,__perm_n_perm=200,__perm_post_n=10,__perm_pre_n=200,__perm_rng_seed=0,__perm_stat=vote_score,divergence=0.3,error_rate=0.5,teacher_entropy=0.2",3,0,200,0.0,0,10000,10.0,25.0,200,500,1,136,1.0,0.8544772146507666,0.6447449446097964,0.0,0.17313426733016968,0.011126499623060226,0,0,113,112,-1,perm_test,0.004975124378109453,0.5196976747711488,112,112,0,0.0,0.16666666666666666,0,0.0,0.0,0.0,0.0,0,none,0,1,0,overconfident,0.95,0,mild_drift,0.9679637532433037,0.0011709770229526488,0.8516090381542155,0.8782247541606596,1768152355.7651927,0.03234011307358742,0.07922417670488358
588,37632,37631,sea_nodrift,sea,ts_drift_adapt,5,"error_divergence_ph_meta@error.threshold=0.10,error.min_instances=5",error_divergence_ph_meta,"{""divergence"": {""alpha"": 0.1, ""delta"": 0.005, ""min_instances"": 30, ""threshold"": 0.05}, ""error_rate"": {""alpha"": 0.15, ""delta"": 0.005, ""min_instances"": 5, ""threshold"": 0.1}}","{""error_rate"": {""min_instances"": 5, ""threshold"": 0.1}}",0.1,0.005,0.15,5,0.05,0.005,0.1,30,,,,-1,two_stage,2,0.5,"__confirm_cooldown=200,__confirm_rule=perm_test,__perm_alpha=0.05,__perm_min_effect=0,__perm_n_perm=200,__perm_post_n=10,__perm_pre_n=200,__perm_rng_seed=0,__perm_stat=vote_score,divergence=0.3,error_rate=0.5,teacher_entropy=0.2",3,0,200,0.0,0,10000,10.0,25.0,200,500,1,72,1.0,0.8546715561224489,0.6451506770319035,0.0,0.18725982308387756,0.006519367918372154,0,0,113,112,-1,perm_test,0.004975124378109453,0.5196976747711488,112,112,0,0.0,0.004607131704688072,0,0.0,0.0,0.0,0.0,0,none,0,1,0,overconfident,0.95,0,mild_drift,0.9641318766216518,0.0012354885114763245,0.8258045190771077,0.8666123770803298,1768152355.7746944,0.012576787732541561,0.0509701669216156
589,37696,37695,sea_nodrift,sea,ts_drift_adapt,5,"error_divergence_ph_meta@error.threshold=0.10,error.min_instances=5",error_divergence_ph_meta,"{""divergence"": {""alpha"": 0.1, ""delta"": 0.005, ""min_instances"": 30, ""threshold"": 0.05}, ""error_rate"": {""alpha"": 0.15, ""delta"": 0.005, ""min_instances"": 5, ""threshold"": 0.1}}","{""error_rate"": {""min_instances"": 5, ""threshold"": 0.1}}",0.1,0.005,0.15,5,0.05,0.005,0.1,30,,,,-1,two_stage,2,0.5,"__confirm_cooldown=200,__confirm_rule=perm_test,__perm_alpha=0.05,__perm_min_effect=0,__perm_n_perm=200,__perm_post_n=10,__perm_pre_n=200,__perm_rng_seed=0,__perm_stat=vote_score,divergence=0.3,error_rate=0.5,teacher_entropy=0.2",3,0,200,0.0,0,10000,10.0,25.0,200,500,1,8,1.0,0.854812181663837,0.645505146563843,0.0,0.1571500599384308,0.009285302832722664,0,0,113,112,-1,perm_test,0.004975124378109453,0.5196976747711488,112,112,0,0.0,0.0027659349143505096,0,0.0,0.0,0.0,0.0,0,none,0,1,0,overconfident,0.95,0,mild_drift,0.9622159383108259,0.0012677442557381623,0.8129022595385539,0.8608061885401649,1768152355.7843328,0.045878347009420395,0.09336638450622559
590,37760,37759,sea_nodrift,sea,ts_drift_adapt,5,"error_divergence_ph_meta@error.threshold=0.10,error.min_instances=5",error_divergence_ph_meta,"{""divergence"": {""alpha"": 0.1, ""delta"": 0.005, ""min_instances"": 30, ""threshold"": 0.05}, ""error_rate"": {""alpha"": 0.15, ""delta"": 0.005, ""min_instances"": 5, ""threshold"": 0.1}}","{""error_rate"": {""min_instances"": 5, ""threshold"": 0.1}}",0.1,0.005,0.15,5,0.05,0.005,0.1,30,,,,-1,two_stage,2,0.5,"__confirm_cooldown=200,__confirm_rule=perm_test,__perm_alpha=0.05,__perm_min_effect=0,__perm_n_perm=200,__perm_post_n=10,__perm_pre_n=200,__perm_rng_seed=0,__perm_stat=vote_score,divergence=0.3,error_rate=0.5,teacher_entropy=0.2",3,0,200,0.0,0,10000,10.0,25.0,200,500,0,0,1.0,0.8549258474576271,0.6457746141562793,0.16666666666666666,0.2151256650686264,0.007242499850690365,0,0,113,112,-1,perm_test,0.004975124378109453,0.5196976747711488,112,112,0,0.0,0.16666666666666666,0,0.0,0.0,0.0,0.0,0,none,0,1,0,overconfident,0.95,0,mild_drift,0.9612579691554128,0.0012838721278690813,0.8064511297692769,0.8579030942700825,1768152355.7941635,0.33048754930496216,0.07528063654899597
591,37824,37823,sea_nodrift,sea,ts_drift_adapt,5,"error_divergence_ph_meta@error.threshold=0.10,error.min_instances=5",error_divergence_ph_meta,"{""divergence"": {""alpha"": 0.1, ""delta"": 0.005, ""min_instances"": 30, ""threshold"": 0.05}, ""error_rate"": {""alpha"": 0.15, ""delta"": 0.005, ""min_instances"": 5, ""threshold"": 0.1}}","{""error_rate"": {""min_instances"": 5, ""threshold"": 0.1}}",0.1,0.005,0.15,5,0.05,0.005,0.1,30,,,,-1,two_stage,2,0.5,"__confirm_cooldown=200,__confirm_rule=perm_test,__perm_alpha=0.05,__perm_min_effect=0,__perm_n_perm=200,__perm_post_n=10,__perm_pre_n=200,__perm_rng_seed=0,__perm_stat=vote_score,divergence=0.3,error_rate=0.5,teacher_entropy=0.2",3,0,200,0.0,0,10000,10.0,25.0,200,500,0,0,1.0,0.8550391285956007,0.6461135333504339,0.16666666666666666,0.1800919771194458,0.006031649187207222,1,1,114,113,0,perm_test,0.004975124378109453,0.49692346631029405,113,113,0,0.0,0.0012108506634831429,1,0.5,0.0,0.0,0.0,0,none,1,1,0,overconfident,0.95,0,stable,0.9756289845777064,0.0010419360639345406,0.9032255648846385,0.9014515471350413,1768152355.8098485,0.34510985016822815,0.0556982159614563
592,37888,37887,sea_nodrift,sea,ts_drift_adapt,5,"error_divergence_ph_meta@error.threshold=0.10,error.min_instances=5",error_divergence_ph_meta,"{""divergence"": {""alpha"": 0.1, ""delta"": 0.005, ""min_instances"": 30, ""threshold"": 0.05}, ""error_rate"": {""alpha"": 0.15, ""delta"": 0.005, ""min_instances"": 5, ""threshold"": 0.1}}","{""error_rate"": {""min_instances"": 5, ""threshold"": 0.1}}",0.1,0.005,0.15,5,0.05,0.005,0.1,30,,,,-1,two_stage,2,0.5,"__confirm_cooldown=200,__confirm_rule=perm_test,__perm_alpha=0.05,__perm_min_effect=0,__perm_n_perm=200,__perm_post_n=10,__perm_pre_n=200,__perm_rng_seed=0,__perm_stat=vote_score,divergence=0.3,error_rate=0.5,teacher_entropy=0.2",3,0,200,0.0,0,10000,10.0,25.0,200,500,1,136,1.0,0.855152027027027,0.6464117536266868,0.0,0.20198549330234528,0.014512700960040092,0,0,114,113,-1,perm_test,0.004975124378109453,0.49692346631029405,113,113,0,0.0,0.16666666666666666,0,0.0,0.0,0.0,0.0,0,none,0,1,0,overconfident,0.95,0,mild_drift,0.9679644922888532,0.0011709680319672705,0.8516127824423192,0.8782257735675206,1768152355.8195798,0.037051666527986526,0.12140001356601715
593,37952,37951,sea_nodrift,sea,ts_drift_adapt,5,"error_divergence_ph_meta@error.threshold=0.10,error.min_instances=5",error_divergence_ph_meta,"{""divergence"": {""alpha"": 0.1, ""delta"": 0.005, ""min_instances"": 30, ""threshold"": 0.05}, ""error_rate"": {""alpha"": 0.15, ""delta"": 0.005, ""min_instances"": 5, ""threshold"": 0.1}}","{""error_rate"": {""min_instances"": 5, ""threshold"": 0.1}}",0.1,0.005,0.15,5,0.05,0.005,0.1,30,,,,-1,two_stage,2,0.5,"__confirm_cooldown=200,__confirm_rule=perm_test,__perm_alpha=0.05,__perm_min_effect=0,__perm_n_perm=200,__perm_post_n=10,__perm_pre_n=200,__perm_rng_seed=0,__perm_stat=vote_score,divergence=0.3,error_rate=0.5,teacher_entropy=0.2",3,0,200,0.0,0,10000,10.0,25.0,200,500,1,72,1.0,0.8552908937605397,0.6468241828948249,0.0,0.2080465704202652,0.011432038620114326,0,0,114,113,-1,perm_test,0.004975124378109453,0.49692346631029405,113,113,0,0.0,0.003080662339925766,0,0.0,0.0,0.0,0.0,0,none,0,1,0,overconfident,0.95,0,mild_drift,0.9641322461444266,0.0012354840159836352,0.8258063912211596,0.8666128867837604,1768152355.8291707,0.014639075845479965,0.1090962365269661
594,38016,38015,sea_nodrift,sea,ts_drift_adapt,5,"error_divergence_ph_meta@error.threshold=0.10,error.min_instances=5",error_divergence_ph_meta,"{""divergence"": {""alpha"": 0.1, ""delta"": 0.005, ""min_instances"": 30, ""threshold"": 0.05}, ""error_rate"": {""alpha"": 0.15, ""delta"": 0.005, ""min_instances"": 5, ""threshold"": 0.1}}","{""error_rate"": {""min_instances"": 5, ""threshold"": 0.1}}",0.1,0.005,0.15,5,0.05,0.005,0.1,30,,,,-1,two_stage,2,0.5,"__confirm_cooldown=200,__confirm_rule=perm_test,__perm_alpha=0.05,__perm_min_effect=0,__perm_n_perm=200,__perm_post_n=10,__perm_pre_n=200,__perm_rng_seed=0,__perm_stat=vote_score,divergence=0.3,error_rate=0.5,teacher_entropy=0.2",3,0,200,0.0,0,10000,10.0,25.0,200,500,1,8,1.0,0.8554029882154882,0.6471628607892022,0.16666666666666666,0.1618325561285019,0.019285280257463455,0,0,114,113,-1,perm_test,0.004975124378109453,0.49692346631029405,113,113,0,0.0,0.16666666666666666,0,0.0,0.0,0.0,0.0,0,none,0,1,0,overconfident,0.95,0,mild_drift,0.9622161230722133,0.0012677420079918178,0.8129031956105799,0.8608064433918802,1768152355.8387423,0.255685418844223,0.18139506876468658
595,38080,38079,sea_nodrift,sea,ts_drift_adapt,5,"error_divergence_ph_meta@error.threshold=0.10,error.min_instances=5",error_divergence_ph_meta,"{""divergence"": {""alpha"": 0.1, ""delta"": 0.005, ""min_instances"": 30, ""threshold"": 0.05}, ""error_rate"": {""alpha"": 0.15, ""delta"": 0.005, ""min_instances"": 5, ""threshold"": 0.1}}","{""error_rate"": {""min_instances"": 5, ""threshold"": 0.1}}",0.1,0.005,0.15,5,0.05,0.005,0.1,30,,,,-1,two_stage,2,0.5,"__confirm_cooldown=200,__confirm_rule=perm_test,__perm_alpha=0.05,__perm_min_effect=0,__perm_n_perm=200,__perm_post_n=10,__perm_pre_n=200,__perm_rng_seed=0,__perm_stat=vote_score,divergence=0.3,error_rate=0.5,teacher_entropy=0.2",3,0,200,0.0,0,10000,10.0,25.0,200,500,0,0,1.0,0.8555672268907563,0.6475076386696936,0.0,0.24512115120887756,0.012062032707035542,0,0,114,113,-1,perm_test,0.004975124378109453,0.49692346631029405,113,113,0,0.0,0.16666666666666666,0,0.0,0.0,0.0,0.0,0,none,0,1,0,overconfident,0.95,0,mild_drift,0.9612580615361066,0.0012838710039959089,0.80645159780529,0.8579032216959401,1768152355.8484201,0.00963681936264038,0.079501211643219
596,38144,38143,sea_nodrift,sea,ts_drift_adapt,5,"error_divergence_ph_meta@error.threshold=0.10,error.min_instances=5",error_divergence_ph_meta,"{""divergence"": {""alpha"": 0.1, ""delta"": 0.005, ""min_instances"": 30, ""threshold"": 0.05}, ""error_rate"": {""alpha"": 0.15, ""delta"": 0.005, ""min_instances"": 5, ""threshold"": 0.1}}","{""error_rate"": {""min_instances"": 5, ""threshold"": 0.1}}",0.1,0.005,0.15,5,0.05,0.005,0.1,30,,,,-1,two_stage,2,0.5,"__confirm_cooldown=200,__confirm_rule=perm_test,__perm_alpha=0.05,__perm_min_effect=0,__perm_n_perm=200,__perm_post_n=10,__perm_pre_n=200,__perm_rng_seed=0,__perm_stat=vote_score,divergence=0.3,error_rate=0.5,teacher_entropy=0.2",3,0,200,0.0,0,10000,10.0,25.0,200,500,0,0,1.0,0.8556522651006712,0.6477149885417264,0.0,0.24538154900074005,0.02408047951757908,1,1,115,114,0,perm_test,0.004975124378109453,0.47759226828860024,114,114,0,0.16666666666666666,0.012018446810543537,1,0.5,0.0,0.0,0.0,0,none,1,1,0,overconfident,0.95,0,severe_drift,0.9261290307680533,0.0016419355019979545,0.653225798902645,0.8339516108479701,1768152355.8638756,0.03558255359530449,0.16630670428276062
597,38208,38207,sea_nodrift,sea,ts_drift_adapt,5,"error_divergence_ph_meta@error.threshold=0.10,error.min_instances=5",error_divergence_ph_meta,"{""divergence"": {""alpha"": 0.1, ""delta"": 0.005, ""min_instances"": 30, ""threshold"": 0.05}, ""error_rate"": {""alpha"": 0.15, ""delta"": 0.005, ""min_instances"": 5, ""threshold"": 0.1}}","{""error_rate"": {""min_instances"": 5, ""threshold"": 0.1}}",0.1,0.005,0.15,5,0.05,0.005,0.1,30,,,,-1,two_stage,2,0.5,"__confirm_cooldown=200,__confirm_rule=perm_test,__perm_alpha=0.05,__perm_min_effect=0,__perm_n_perm=200,__perm_post_n=10,__perm_pre_n=200,__perm_rng_seed=0,__perm_stat=vote_score,divergence=0.3,error_rate=0.5,teacher_entropy=0.2",3,0,200,0.0,0,10000,10.0,25.0,200,500,1,136,1.0,0.8557108458961474,0.6478217490182195,0.16666666666666666,0.17452296614646912,0.009494851343333721,0,0,115,114,-1,perm_test,0.004975124378109453,0.47759226828860024,114,114,0,0.0,0.16666666666666666,0,0.0,0.0,0.0,0.0,0,none,0,1,0,overconfident,0.95,0,mild_drift,0.9432145153840266,0.0014709677509989773,0.7266128994513226,0.844475805423985,1768152355.8735375,0.21347260475158691,0.0906408280134201
598,38272,38271,sea_nodrift,sea,ts_drift_adapt,5,"error_divergence_ph_meta@error.threshold=0.10,error.min_instances=5",error_divergence_ph_meta,"{""divergence"": {""alpha"": 0.1, ""delta"": 0.005, ""min_instances"": 30, ""threshold"": 0.05}, ""error_rate"": {""alpha"": 0.15, ""delta"": 0.005, ""min_instances"": 5, ""threshold"": 0.1}}","{""error_rate"": {""min_instances"": 5, ""threshold"": 0.1}}",0.1,0.005,0.15,5,0.05,0.005,0.1,30,,,,-1,two_stage,2,0.5,"__confirm_cooldown=200,__confirm_rule=perm_test,__perm_alpha=0.05,__perm_min_effect=0,__perm_n_perm=200,__perm_post_n=10,__perm_pre_n=200,__perm_rng_seed=0,__perm_stat=vote_score,divergence=0.3,error_rate=0.5,teacher_entropy=0.2",3,0,200,0.0,0,10000,10.0,25.0,200,500,1,72,1.0,0.8557692307692307,0.6479792594245936,0.16666666666666666,0.16586729884147644,0.00845464039593935,0,0,115,114,-1,perm_test,0.004975124378109453,0.47759226828860024,114,114,0,0.0,0.001040210947394371,0,0.0,0.0,0.0,0.0,0,none,0,1,0,overconfident,0.95,0,mild_drift,0.9517572576920132,0.0013854838754994887,0.7633064497256613,0.8497379027119925,1768152355.883126,0.1561502367258072,0.10426007211208344
599,38336,38335,sea_nodrift,sea,ts_drift_adapt,5,"error_divergence_ph_meta@error.threshold=0.10,error.min_instances=5",error_divergence_ph_meta,"{""divergence"": {""alpha"": 0.1, ""delta"": 0.005, ""min_instances"": 30, ""threshold"": 0.05}, ""error_rate"": {""alpha"": 0.15, ""delta"": 0.005, ""min_instances"": 5, ""threshold"": 0.1}}","{""error_rate"": {""min_instances"": 5, ""threshold"": 0.1}}",0.1,0.005,0.15,5,0.05,0.005,0.1,30,,,,-1,two_stage,2,0.5,"__confirm_cooldown=200,__confirm_rule=perm_test,__perm_alpha=0.05,__perm_min_effect=0,__perm_n_perm=200,__perm_post_n=10,__perm_pre_n=200,__perm_rng_seed=0,__perm_stat=vote_score,divergence=0.3,error_rate=0.5,teacher_entropy=0.2",3,0,200,0.0,0,10000,10.0,25.0,200,500,1,8,1.0,0.8559317612687813,0.6485069282921073,0.0,0.19067563116550446,0.01015215739607811,0,0,115,114,-1,perm_test,0.004975124378109453,0.47759226828860024,114,114,0,0.0,0.16666666666666666,0,0.0,0.0,0.0,0.0,0,none,0,1,0,overconfident,0.95,0,mild_drift,0.9560286288460066,0.0013427419377497443,0.7816532248628307,0.8523689513559962,1768152355.89272,0.016776392236351967,0.0995415449142456
600,38400,38399,sea_nodrift,sea,ts_drift_adapt,5,"error_divergence_ph_meta@error.threshold=0.10,error.min_instances=5",error_divergence_ph_meta,"{""divergence"": {""alpha"": 0.1, ""delta"": 0.005, ""min_instances"": 30, ""threshold"": 0.05}, ""error_rate"": {""alpha"": 0.15, ""delta"": 0.005, ""min_instances"": 5, ""threshold"": 0.1}}","{""error_rate"": {""min_instances"": 5, ""threshold"": 0.1}}",0.1,0.005,0.15,5,0.05,0.005,0.1,30,,,,-1,two_stage,2,0.5,"__confirm_cooldown=200,__confirm_rule=perm_test,__perm_alpha=0.05,__perm_min_effect=0,__perm_n_perm=200,__perm_post_n=10,__perm_pre_n=200,__perm_rng_seed=0,__perm_stat=vote_score,divergence=0.3,error_rate=0.5,teacher_entropy=0.2",3,0,200,0.0,0,10000,10.0,25.0,200,500,0,0,1.0,0.8559895833333333,0.6487853827821215,0.0,0.24323689937591553,0.019538741558790207,0,0,115,114,-1,perm_test,0.004975124378109453,0.47759226828860024,114,114,0,0.0,0.009386584162712097,0,0.0,0.0,0.0,0.0,0,none,0,1,0,overconfident,0.95,0,mild_drift,0.9581643144230032,0.0013213709688748724,0.7908266124314154,0.8536844756779981,1768152355.9023485,0.148936465382576,0.16104188561439514
601,38464,38463,sea_nodrift,sea,ts_drift_adapt,5,"error_divergence_ph_meta@error.threshold=0.10,error.min_instances=5",error_divergence_ph_meta,"{""divergence"": {""alpha"": 0.1, ""delta"": 0.005, ""min_instances"": 30, ""threshold"": 0.05}, ""error_rate"": {""alpha"": 0.15, ""delta"": 0.005, ""min_instances"": 5, ""threshold"": 0.1}}","{""error_rate"": {""min_instances"": 5, ""threshold"": 0.1}}",0.1,0.005,0.15,5,0.05,0.005,0.1,30,,,,-1,two_stage,2,0.5,"__confirm_cooldown=200,__confirm_rule=perm_test,__perm_alpha=0.05,__perm_min_effect=0,__perm_n_perm=200,__perm_post_n=10,__perm_pre_n=200,__perm_rng_seed=0,__perm_stat=vote_score,divergence=0.3,error_rate=0.5,teacher_entropy=0.2",3,0,200,0.0,0,10000,10.0,25.0,200,500,0,0,1.0,0.8560992096505824,0.6490322643267781,0.16666666666666666,0.2224695086479187,0.010540816001594067,1,1,116,115,0,perm_test,0.004975124378109453,0.5144668880354356,115,115,0,0.16666666666666666,0.16666666666666666,1,0.5,0.0,0.0,0.0,0,none,1,1,0,overconfident,0.95,0,severe_drift,0.9245821572115016,0.0016606854844374362,0.6454133062157077,0.8318422378389991,1768152355.9180377,0.29479625821113586,0.09178687632083893
602,38528,38527,sea_nodrift,sea,ts_drift_adapt,5,"error_divergence_ph_meta@error.threshold=0.10,error.min_instances=5",error_divergence_ph_meta,"{""divergence"": {""alpha"": 0.1, ""delta"": 0.005, ""min_instances"": 30, ""threshold"": 0.05}, ""error_rate"": {""alpha"": 0.15, ""delta"": 0.005, ""min_instances"": 5, ""threshold"": 0.1}}","{""error_rate"": {""min_instances"": 5, ""threshold"": 0.1}}",0.1,0.005,0.15,5,0.05,0.005,0.1,30,,,,-1,two_stage,2,0.5,"__confirm_cooldown=200,__confirm_rule=perm_test,__perm_alpha=0.05,__perm_min_effect=0,__perm_n_perm=200,__perm_post_n=10,__perm_pre_n=200,__perm_rng_seed=0,__perm_stat=vote_score,divergence=0.3,error_rate=0.5,teacher_entropy=0.2",3,0,200,0.0,0,10000,10.0,25.0,200,500,1,136,1.0,0.8562084717607974,0.649294009496491,0.0,0.18772287666797638,0.021393699571490288,0,0,116,115,-1,perm_test,0.004975124378109453,0.5144668880354356,115,115,0,0.0,0.16666666666666666,0,0.0,0.0,0.0,0.0,0,none,0,1,0,overconfident,0.95,0,mild_drift,0.9424410786057508,0.0014803427422187183,0.7227066531078539,0.8434211189194996,1768152355.9277277,0.053081002086400986,0.1727892905473709
603,38592,38591,sea_nodrift,sea,ts_drift_adapt,5,"error_divergence_ph_meta@error.threshold=0.10,error.min_instances=5",error_divergence_ph_meta,"{""divergence"": {""alpha"": 0.1, ""delta"": 0.005, ""min_instances"": 30, ""threshold"": 0.05}, ""error_rate"": {""alpha"": 0.15, ""delta"": 0.005, ""min_instances"": 5, ""threshold"": 0.1}}","{""error_rate"": {""min_instances"": 5, ""threshold"": 0.1}}",0.1,0.005,0.15,5,0.05,0.005,0.1,30,,,,-1,two_stage,2,0.5,"__confirm_cooldown=200,__confirm_rule=perm_test,__perm_alpha=0.05,__perm_min_effect=0,__perm_n_perm=200,__perm_post_n=10,__perm_pre_n=200,__perm_rng_seed=0,__perm_stat=vote_score,divergence=0.3,error_rate=0.5,teacher_entropy=0.2",3,0,200,0.0,0,10000,10.0,25.0,200,500,1,72,1.0,0.8563173714759535,0.6495357955061305,0.0,0.1880163550376892,0.01886449009180069,0,0,116,115,-1,perm_test,0.004975124378109453,0.5144668880354356,115,115,0,0.0,0.002529209479689598,0,0.0,0.0,0.0,0.0,0,none,0,1,0,overconfident,0.95,0,mild_drift,0.9513705393028753,0.0013901713711093593,0.761353326553927,0.8492105594597498,1768152355.9374418,0.07383430004119873,0.148262619972229
604,38656,38655,sea_nodrift,sea,ts_drift_adapt,5,"error_divergence_ph_meta@error.threshold=0.10,error.min_instances=5",error_divergence_ph_meta,"{""divergence"": {""alpha"": 0.1, ""delta"": 0.005, ""min_instances"": 30, ""threshold"": 0.05}, ""error_rate"": {""alpha"": 0.15, ""delta"": 0.005, ""min_instances"": 5, ""threshold"": 0.1}}","{""error_rate"": {""min_instances"": 5, ""threshold"": 0.1}}",0.1,0.005,0.15,5,0.05,0.005,0.1,30,,,,-1,two_stage,2,0.5,"__confirm_cooldown=200,__confirm_rule=perm_test,__perm_alpha=0.05,__perm_min_effect=0,__perm_n_perm=200,__perm_post_n=10,__perm_pre_n=200,__perm_rng_seed=0,__perm_stat=vote_score,divergence=0.3,error_rate=0.5,teacher_entropy=0.2",3,0,200,0.0,0,10000,10.0,25.0,200,500,1,8,1.0,0.8563483029801324,0.6496751268062614,0.16666666666666666,0.21184036135673523,0.017495330423116684,0,0,116,115,-1,perm_test,0.004975124378109453,0.5144668880354356,115,115,0,0.0,0.16666666666666666,0,0.0,0.0,0.0,0.0,0,none,0,1,0,overconfident,0.95,0,mild_drift,0.9558352696514376,0.0013450856855546796,0.7806766632769635,0.8521052797298749,1768152355.9473088,0.7616403102874756,0.13777245581150055
605,38720,38719,sea_nodrift,sea,ts_drift_adapt,5,"error_divergence_ph_meta@error.threshold=0.10,error.min_instances=5",error_divergence_ph_meta,"{""divergence"": {""alpha"": 0.1, ""delta"": 0.005, ""min_instances"": 30, ""threshold"": 0.05}, ""error_rate"": {""alpha"": 0.15, ""delta"": 0.005, ""min_instances"": 5, ""threshold"": 0.1}}","{""error_rate"": {""min_instances"": 5, ""threshold"": 0.1}}",0.1,0.005,0.15,5,0.05,0.005,0.1,30,,,,-1,two_stage,2,0.5,"__confirm_cooldown=200,__confirm_rule=perm_test,__perm_alpha=0.05,__perm_min_effect=0,__perm_n_perm=200,__perm_post_n=10,__perm_pre_n=200,__perm_rng_seed=0,__perm_stat=vote_score,divergence=0.3,error_rate=0.5,teacher_entropy=0.2",3,0,200,0.0,0,10000,10.0,25.0,200,500,0,0,1.0,0.8564566115702479,0.6500175596387372,0.0,0.15757843852043152,0.016359146684408188,0,0,116,115,-1,perm_test,0.004975124378109453,0.5144668880354356,115,115,0,0.0,0.16666666666666666,0,0.0,0.0,0.0,0.0,0,none,0,1,0,overconfident,0.95,0,mild_drift,0.9580676348257188,0.00132254284277734,0.7903383316384818,0.8535526398649375,1768152355.9569526,0.26723378896713257,0.1562708616256714
606,38784,38783,sea_nodrift,sea,ts_drift_adapt,5,"error_divergence_ph_meta@error.threshold=0.10,error.min_instances=5",error_divergence_ph_meta,"{""divergence"": {""alpha"": 0.1, ""delta"": 0.005, ""min_instances"": 30, ""threshold"": 0.05}, ""error_rate"": {""alpha"": 0.15, ""delta"": 0.005, ""min_instances"": 5, ""threshold"": 0.1}}","{""error_rate"": {""min_instances"": 5, ""threshold"": 0.1}}",0.1,0.005,0.15,5,0.05,0.005,0.1,30,,,,-1,two_stage,2,0.5,"__confirm_cooldown=200,__confirm_rule=perm_test,__perm_alpha=0.05,__perm_min_effect=0,__perm_n_perm=200,__perm_post_n=10,__perm_pre_n=200,__perm_rng_seed=0,__perm_stat=vote_score,divergence=0.3,error_rate=0.5,teacher_entropy=0.2",3,0,200,0.0,0,10000,10.0,25.0,200,500,0,0,1.0,0.8565645627062707,0.6503431921804647,0.0,0.20738376677036285,0.021440930664539337,1,1,117,116,0,perm_test,0.004975124378109453,0.4767222946548145,116,116,0,0.16666666666666666,0.005081783980131149,1,0.5,0.0,0.0,0.0,0,none,1,1,0,overconfident,0.95,0,severe_drift,0.9245338174128594,0.00166127142138867,0.6451691658192409,0.8317763199324688,1768152355.9723551,0.10646712779998779,0.17057663202285767
607,38848,38847,sea_nodrift,sea,ts_drift_adapt,5,"error_divergence_ph_meta@error.threshold=0.10,error.min_instances=5",error_divergence_ph_meta,"{""divergence"": {""alpha"": 0.1, ""delta"": 0.005, ""min_instances"": 30, ""threshold"": 0.05}, ""error_rate"": {""alpha"": 0.15, ""delta"": 0.005, ""min_instances"": 5, ""threshold"": 0.1}}","{""error_rate"": {""min_instances"": 5, ""threshold"": 0.1}}",0.1,0.005,0.15,5,0.05,0.005,0.1,30,,,,-1,two_stage,2,0.5,"__confirm_cooldown=200,__confirm_rule=perm_test,__perm_alpha=0.05,__perm_min_effect=0,__perm_n_perm=200,__perm_post_n=10,__perm_pre_n=200,__perm_rng_seed=0,__perm_stat=vote_score,divergence=0.3,error_rate=0.5,teacher_entropy=0.2",3,0,200,0.0,0,10000,10.0,25.0,200,500,1,136,1.0,0.85667215815486,0.6506040215015272,0.0,0.18450549244880676,0.012611262500286102,0,0,117,116,-1,perm_test,0.004975124378109453,0.4767222946548145,116,116,0,0.0,0.008829668164253235,0,0.0,0.0,0.0,0.0,0,none,0,1,0,overconfident,0.95,0,mild_drift,0.9424169087064297,0.001480635710694335,0.7225845829096205,0.8433881599662344,1768152355.9820573,0.016311204060912132,0.14407023787498474
608,38912,38911,sea_nodrift,sea,ts_drift_adapt,5,"error_divergence_ph_meta@error.threshold=0.10,error.min_instances=5",error_divergence_ph_meta,"{""divergence"": {""alpha"": 0.1, ""delta"": 0.005, ""min_instances"": 30, ""threshold"": 0.05}, ""error_rate"": {""alpha"": 0.15, ""delta"": 0.005, ""min_instances"": 5, ""threshold"": 0.1}}","{""error_rate"": {""min_instances"": 5, ""threshold"": 0.1}}",0.1,0.005,0.15,5,0.05,0.005,0.1,30,,,,-1,two_stage,2,0.5,"__confirm_cooldown=200,__confirm_rule=perm_test,__perm_alpha=0.05,__perm_min_effect=0,__perm_n_perm=200,__perm_post_n=10,__perm_pre_n=200,__perm_rng_seed=0,__perm_stat=vote_score,divergence=0.3,error_rate=0.5,teacher_entropy=0.2",3,0,200,0.0,0,10000,10.0,25.0,200,500,1,72,1.0,0.8568050986842105,0.650918946534352,0.16666666666666666,0.17811965942382812,0.01628711260855198,0,0,117,116,-1,perm_test,0.004975124378109453,0.4767222946548145,116,116,0,0.0,0.16666666666666666,0,0.0,0.0,0.0,0.0,0,none,0,1,0,overconfident,0.95,0,mild_drift,0.9513584543532148,0.0013903178553471675,0.7612922914548103,0.8491940799831172,1768152355.991607,0.18133288621902466,0.13791367411613464
609,38976,38975,sea_nodrift,sea,ts_drift_adapt,5,"error_divergence_ph_meta@error.threshold=0.10,error.min_instances=5",error_divergence_ph_meta,"{""divergence"": {""alpha"": 0.1, ""delta"": 0.005, ""min_instances"": 30, ""threshold"": 0.05}, ""error_rate"": {""alpha"": 0.15, ""delta"": 0.005, ""min_instances"": 5, ""threshold"": 0.1}}","{""error_rate"": {""min_instances"": 5, ""threshold"": 0.1}}",0.1,0.005,0.15,5,0.05,0.005,0.1,30,,,,-1,two_stage,2,0.5,"__confirm_cooldown=200,__confirm_rule=perm_test,__perm_alpha=0.05,__perm_min_effect=0,__perm_n_perm=200,__perm_post_n=10,__perm_pre_n=200,__perm_rng_seed=0,__perm_stat=vote_score,divergence=0.3,error_rate=0.5,teacher_entropy=0.2",3,0,200,0.0,0,10000,10.0,25.0,200,500,1,8,1.0,0.8569632594417077,0.6511936450655129,0.0,0.20115871727466583,0.014684933237731457,0,0,117,116,-1,perm_test,0.004975124378109453,0.4767222946548145,116,116,0,0.0,0.16666666666666666,0,0.0,0.0,0.0,0.0,0,none,0,1,0,overconfident,0.95,0,mild_drift,0.9558292271766073,0.0013451589276735837,0.7806461457274052,0.8520970399915586,1768152356.0011437,0.017842132598161697,0.11050382256507874
610,39040,39039,sea_nodrift,sea,ts_drift_adapt,5,"error_divergence_ph_meta@error.threshold=0.10,error.min_instances=5",error_divergence_ph_meta,"{""divergence"": {""alpha"": 0.1, ""delta"": 0.005, ""min_instances"": 30, ""threshold"": 0.05}, ""error_rate"": {""alpha"": 0.15, ""delta"": 0.005, ""min_instances"": 5, ""threshold"": 0.1}}","{""error_rate"": {""min_instances"": 5, ""threshold"": 0.1}}",0.1,0.005,0.15,5,0.05,0.005,0.1,30,,,,-1,two_stage,2,0.5,"__confirm_cooldown=200,__confirm_rule=perm_test,__perm_alpha=0.05,__perm_min_effect=0,__perm_n_perm=200,__perm_post_n=10,__perm_pre_n=200,__perm_rng_seed=0,__perm_stat=vote_score,divergence=0.3,error_rate=0.5,teacher_entropy=0.2",3,0,200,0.0,0,10000,10.0,25.0,200,500,0,0,1.0,0.8570440573770491,0.6514005528383524,0.0,0.19773563742637634,0.01879991963505745,0,0,117,116,-1,perm_test,0.004975124378109453,0.4767222946548145,116,116,0,0.0,0.004114986397325993,0,0.0,0.0,0.0,0.0,0,none,0,1,0,overconfident,0.95,0,mild_drift,0.9580646135883036,0.0013225794638367918,0.7903230728637026,0.8535485199957793,1768152356.0108104,0.005522432271391153,0.12256833910942078
611,39104,39103,sea_nodrift,sea,ts_drift_adapt,5,"error_divergence_ph_meta@error.threshold=0.10,error.min_instances=5",error_divergence_ph_meta,"{""divergence"": {""alpha"": 0.1, ""delta"": 0.005, ""min_instances"": 30, ""threshold"": 0.05}, ""error_rate"": {""alpha"": 0.15, ""delta"": 0.005, ""min_instances"": 5, ""threshold"": 0.1}}","{""error_rate"": {""min_instances"": 5, ""threshold"": 0.1}}",0.1,0.005,0.15,5,0.05,0.005,0.1,30,,,,-1,two_stage,2,0.5,"__confirm_cooldown=200,__confirm_rule=perm_test,__perm_alpha=0.05,__perm_min_effect=0,__perm_n_perm=200,__perm_post_n=10,__perm_pre_n=200,__perm_rng_seed=0,__perm_stat=vote_score,divergence=0.3,error_rate=0.5,teacher_entropy=0.2",3,0,200,0.0,0,10000,10.0,25.0,200,500,0,0,1.0,0.8571501636661211,0.6516461451398291,0.3333333333333333,0.1838447004556656,0.013137592934072018,1,1,118,117,0,perm_test,0.004975124378109453,0.4889017808667948,117,117,0,0.3333333333333333,0.3333333333333333,1,0.5,0.0,0.0,0.0,0,none,1,1,0,overconfident,0.95,0,severe_drift,0.9245323067941518,0.001661289731918396,0.6451615364318513,0.8317742599978897,1768152356.0264697,0.47173479199409485,0.08838973939418793
612,39168,39167,sea_nodrift,sea,ts_drift_adapt,5,"error_divergence_ph_meta@error.threshold=0.10,error.min_instances=5",error_divergence_ph_meta,"{""divergence"": {""alpha"": 0.1, ""delta"": 0.005, ""min_instances"": 30, ""threshold"": 0.05}, ""error_rate"": {""alpha"": 0.15, ""delta"": 0.005, ""min_instances"": 5, ""threshold"": 0.1}}","{""error_rate"": {""min_instances"": 5, ""threshold"": 0.1}}",0.1,0.005,0.15,5,0.05,0.005,0.1,30,,,,-1,two_stage,2,0.5,"__confirm_cooldown=200,__confirm_rule=perm_test,__perm_alpha=0.05,__perm_min_effect=0,__perm_n_perm=200,__perm_post_n=10,__perm_pre_n=200,__perm_rng_seed=0,__perm_stat=vote_score,divergence=0.3,error_rate=0.5,teacher_entropy=0.2",3,0,200,0.0,0,10000,10.0,25.0,200,500,1,136,1.0,0.8573069852941176,0.6519933800036316,0.0,0.16078026592731476,0.008938786573708057,0,0,118,117,-1,perm_test,0.004975124378109453,0.4889017808667948,117,117,0,0.0,0.3333333333333333,0,0.0,0.0,0.0,0.0,0,none,0,1,0,overconfident,0.95,0,mild_drift,0.9424161533970759,0.0014806448659591982,0.7225807682159257,0.8433871299989448,1768152356.0361707,0.052737683057785034,0.06188029795885086
613,39232,39231,sea_nodrift,sea,ts_drift_adapt,5,"error_divergence_ph_meta@error.threshold=0.10,error.min_instances=5",error_divergence_ph_meta,"{""divergence"": {""alpha"": 0.1, ""delta"": 0.005, ""min_instances"": 30, ""threshold"": 0.05}, ""error_rate"": {""alpha"": 0.15, ""delta"": 0.005, ""min_instances"": 5, ""threshold"": 0.1}}","{""error_rate"": {""min_instances"": 5, ""threshold"": 0.1}}",0.1,0.005,0.15,5,0.05,0.005,0.1,30,,,,-1,two_stage,2,0.5,"__confirm_cooldown=200,__confirm_rule=perm_test,__perm_alpha=0.05,__perm_min_effect=0,__perm_n_perm=200,__perm_post_n=10,__perm_pre_n=200,__perm_rng_seed=0,__perm_stat=vote_score,divergence=0.3,error_rate=0.5,teacher_entropy=0.2",3,0,200,0.0,0,10000,10.0,25.0,200,500,1,72,1.0,0.8574123164763459,0.6523118413678518,0.0,0.1645127534866333,0.01171067450195551,0,0,118,117,-1,perm_test,0.004975124378109453,0.4889017808667948,117,117,0,0.0,0.0027718879282474518,0,0.0,0.0,0.0,0.0,0,none,0,1,0,overconfident,0.95,0,mild_drift,0.9513580766985379,0.001390322432979599,0.7612903841079628,0.8491935649994724,1768152356.0457468,0.02586679719388485,0.09845995157957077
614,39296,39295,sea_nodrift,sea,ts_drift_adapt,5,"error_divergence_ph_meta@error.threshold=0.10,error.min_instances=5",error_divergence_ph_meta,"{""divergence"": {""alpha"": 0.1, ""delta"": 0.005, ""min_instances"": 30, ""threshold"": 0.05}, ""error_rate"": {""alpha"": 0.15, ""delta"": 0.005, ""min_instances"": 5, ""threshold"": 0.1}}","{""error_rate"": {""min_instances"": 5, ""threshold"": 0.1}}",0.1,0.005,0.15,5,0.05,0.005,0.1,30,,,,-1,two_stage,2,0.5,"__confirm_cooldown=200,__confirm_rule=perm_test,__perm_alpha=0.05,__perm_min_effect=0,__perm_n_perm=200,__perm_post_n=10,__perm_pre_n=200,__perm_rng_seed=0,__perm_stat=vote_score,divergence=0.3,error_rate=0.5,teacher_entropy=0.2",3,0,200,0.0,0,10000,10.0,25.0,200,500,1,8,1.0,0.8575427524429967,0.6526396422331981,0.0,0.17404763400554657,0.016489947214722633,0,0,118,117,-1,perm_test,0.004975124378109453,0.4889017808667948,117,117,0,0.0,0.004779272712767124,0,0.0,0.0,0.0,0.0,0,none,0,1,0,overconfident,0.95,0,mild_drift,0.9558290383492689,0.0013451612164897997,0.7806451920539814,0.8520967824997362,1768152356.0553145,0.056855279952287674,0.14919552206993103
615,39360,39359,sea_nodrift,sea,ts_drift_adapt,5,"error_divergence_ph_meta@error.threshold=0.10,error.min_instances=5",error_divergence_ph_meta,"{""divergence"": {""alpha"": 0.1, ""delta"": 0.005, ""min_instances"": 30, ""threshold"": 0.05}, ""error_rate"": {""alpha"": 0.15, ""delta"": 0.005, ""min_instances"": 5, ""threshold"": 0.1}}","{""error_rate"": {""min_instances"": 5, ""threshold"": 0.1}}",0.1,0.005,0.15,5,0.05,0.005,0.1,30,,,,-1,two_stage,2,0.5,"__confirm_cooldown=200,__confirm_rule=perm_test,__perm_alpha=0.05,__perm_min_effect=0,__perm_n_perm=200,__perm_post_n=10,__perm_pre_n=200,__perm_rng_seed=0,__perm_stat=vote_score,divergence=0.3,error_rate=0.5,teacher_entropy=0.2",3,0,200,0.0,0,10000,10.0,25.0,200,500,0,0,1.0,0.8575965447154471,0.6528032818088465,0.16666666666666666,0.19222678244113922,0.012893624603748322,0,0,118,117,-1,perm_test,0.004975124378109453,0.4889017808667948,117,117,0,0.0,0.16666666666666666,0,0.0,0.0,0.0,0.0,0,none,0,1,0,overconfident,0.95,0,mild_drift,0.9580645191746344,0.0013225806082449,0.7903225960269907,0.853548391249868,1768152356.0648425,0.26433274149894714,0.11487319320440292
616,39424,39423,sea_nodrift,sea,ts_drift_adapt,5,"error_divergence_ph_meta@error.threshold=0.10,error.min_instances=5",error_divergence_ph_meta,"{""divergence"": {""alpha"": 0.1, ""delta"": 0.005, ""min_instances"": 30, ""threshold"": 0.05}, ""error_rate"": {""alpha"": 0.15, ""delta"": 0.005, ""min_instances"": 5, ""threshold"": 0.1}}","{""error_rate"": {""min_instances"": 5, ""threshold"": 0.1}}",0.1,0.005,0.15,5,0.05,0.005,0.1,30,,,,-1,two_stage,2,0.5,"__confirm_cooldown=200,__confirm_rule=perm_test,__perm_alpha=0.05,__perm_min_effect=0,__perm_n_perm=200,__perm_post_n=10,__perm_pre_n=200,__perm_rng_seed=0,__perm_stat=vote_score,divergence=0.3,error_rate=0.5,teacher_entropy=0.2",3,0,200,0.0,0,10000,10.0,25.0,200,500,0,0,1.0,0.8577262581168831,0.6531879898586055,0.16666666666666666,0.17132961750030518,0.012435038574039936,1,1,119,118,0,perm_test,0.004975124378109453,0.4958328099294668,118,118,0,0.16666666666666666,0.00045858602970838547,1,0.5,0.0,0.0,0.0,0,none,1,1,0,overconfident,0.95,0,severe_drift,0.9245322595873172,0.00166129030412245,0.6451612980134953,0.831774195624934,1768152356.080265,0.2427925318479538,0.10067220032215118
617,39488,39487,sea_nodrift,sea,ts_drift_adapt,5,"error_divergence_ph_meta@error.threshold=0.10,error.min_instances=5",error_divergence_ph_meta,"{""divergence"": {""alpha"": 0.1, ""delta"": 0.005, ""min_instances"": 30, ""threshold"": 0.05}, ""error_rate"": {""alpha"": 0.15, ""delta"": 0.005, ""min_instances"": 5, ""threshold"": 0.1}}","{""error_rate"": {""min_instances"": 5, ""threshold"": 0.1}}",0.1,0.005,0.15,5,0.05,0.005,0.1,30,,,,-1,two_stage,2,0.5,"__confirm_cooldown=200,__confirm_rule=perm_test,__perm_alpha=0.05,__perm_min_effect=0,__perm_n_perm=200,__perm_post_n=10,__perm_pre_n=200,__perm_rng_seed=0,__perm_stat=vote_score,divergence=0.3,error_rate=0.5,teacher_entropy=0.2",3,0,200,0.0,0,10000,10.0,25.0,200,500,1,136,1.0,0.8578555510534847,0.6535344264405794,0.16666666666666666,0.15803205966949463,0.004614704288542271,0,0,119,118,-1,perm_test,0.004975124378109453,0.4958328099294668,118,118,0,0.0,0.007820334285497665,0,0.0,0.0,0.0,0.0,0,none,0,1,0,overconfident,0.95,0,mild_drift,0.9424161297936586,0.0014806451520612252,0.7225806490067477,0.843387097812467,1768152356.0900433,0.2554190158843994,0.05257184058427811
618,39552,39551,sea_nodrift,sea,ts_drift_adapt,5,"error_divergence_ph_meta@error.threshold=0.10,error.min_instances=5",error_divergence_ph_meta,"{""divergence"": {""alpha"": 0.1, ""delta"": 0.005, ""min_instances"": 30, ""threshold"": 0.05}, ""error_rate"": {""alpha"": 0.15, ""delta"": 0.005, ""min_instances"": 5, ""threshold"": 0.1}}","{""error_rate"": {""min_instances"": 5, ""threshold"": 0.1}}",0.1,0.005,0.15,5,0.05,0.005,0.1,30,,,,-1,two_stage,2,0.5,"__confirm_cooldown=200,__confirm_rule=perm_test,__perm_alpha=0.05,__perm_min_effect=0,__perm_n_perm=200,__perm_post_n=10,__perm_pre_n=200,__perm_rng_seed=0,__perm_stat=vote_score,divergence=0.3,error_rate=0.5,teacher_entropy=0.2",3,0,200,0.0,0,10000,10.0,25.0,200,500,1,72,1.0,0.857984425566343,0.6537810917594652,0.16666666666666666,0.19363263249397278,0.027835456654429436,0,0,119,118,-1,perm_test,0.004975124378109453,0.4958328099294668,118,118,0,0.0,0.023220752365887165,0,0.0,0.0,0.0,0.0,0,none,0,1,0,overconfident,0.95,0,mild_drift,0.9513580648968293,0.0013903225760306128,0.7612903245033739,0.8491935489062334,1768152356.0996468,0.27633246779441833,0.269071102142334
619,39616,39615,sea_nodrift,sea,ts_drift_adapt,5,"error_divergence_ph_meta@error.threshold=0.10,error.min_instances=5",error_divergence_ph_meta,"{""divergence"": {""alpha"": 0.1, ""delta"": 0.005, ""min_instances"": 30, ""threshold"": 0.05}, ""error_rate"": {""alpha"": 0.15, ""delta"": 0.005, ""min_instances"": 5, ""threshold"": 0.1}}","{""error_rate"": {""min_instances"": 5, ""threshold"": 0.1}}",0.1,0.005,0.15,5,0.05,0.005,0.1,30,,,,-1,two_stage,2,0.5,"__confirm_cooldown=200,__confirm_rule=perm_test,__perm_alpha=0.05,__perm_min_effect=0,__perm_n_perm=200,__perm_post_n=10,__perm_pre_n=200,__perm_rng_seed=0,__perm_stat=vote_score,divergence=0.3,error_rate=0.5,teacher_entropy=0.2",3,0,200,0.0,0,10000,10.0,25.0,200,500,1,8,1.0,0.8581633683360258,0.6543151701263914,0.0,0.17837591469287872,0.009893939830362797,0,0,119,118,-1,perm_test,0.004975124378109453,0.4958328099294668,118,118,0,0.0,0.16666666666666666,0,0.0,0.0,0.0,0.0,0,none,0,1,0,overconfident,0.95,0,mild_drift,0.9558290324484147,0.0013451612880153066,0.780645162251687,0.8520967744531167,1768152356.1091948,0.14671654999256134,0.11242562532424927
620,39680,39679,sea_nodrift,sea,ts_drift_adapt,5,"error_divergence_ph_meta@error.threshold=0.10,error.min_instances=5",error_divergence_ph_meta,"{""divergence"": {""alpha"": 0.1, ""delta"": 0.005, ""min_instances"": 30, ""threshold"": 0.05}, ""error_rate"": {""alpha"": 0.15, ""delta"": 0.005, ""min_instances"": 5, ""threshold"": 0.1}}","{""error_rate"": {""min_instances"": 5, ""threshold"": 0.1}}",0.1,0.005,0.15,5,0.05,0.005,0.1,30,,,,-1,two_stage,2,0.5,"__confirm_cooldown=200,__confirm_rule=perm_test,__perm_alpha=0.05,__perm_min_effect=0,__perm_n_perm=200,__perm_post_n=10,__perm_pre_n=200,__perm_rng_seed=0,__perm_stat=vote_score,divergence=0.3,error_rate=0.5,teacher_entropy=0.2",3,0,200,0.0,0,10000,10.0,25.0,200,500,0,0,1.0,0.8583165322580645,0.6546870020948309,0.16666666666666666,0.15605302155017853,0.010224762372672558,0,0,119,118,-1,perm_test,0.004975124378109453,0.4958328099294668,118,118,0,0.0,0.16666666666666666,0,0.0,0.0,0.0,0.0,0,none,0,1,0,overconfident,0.95,0,mild_drift,0.9580645162242073,0.0013225806440076535,0.7903225811258435,0.8535483872265583,1768152356.1188328,0.427242249250412,0.0770869106054306
621,39744,39743,sea_nodrift,sea,ts_drift_adapt,5,"error_divergence_ph_meta@error.threshold=0.10,error.min_instances=5",error_divergence_ph_meta,"{""divergence"": {""alpha"": 0.1, ""delta"": 0.005, ""min_instances"": 30, ""threshold"": 0.05}, ""error_rate"": {""alpha"": 0.15, ""delta"": 0.005, ""min_instances"": 5, ""threshold"": 0.1}}","{""error_rate"": {""min_instances"": 5, ""threshold"": 0.1}}",0.1,0.005,0.15,5,0.05,0.005,0.1,30,,,,-1,two_stage,2,0.5,"__confirm_cooldown=200,__confirm_rule=perm_test,__perm_alpha=0.05,__perm_min_effect=0,__perm_n_perm=200,__perm_post_n=10,__perm_pre_n=200,__perm_rng_seed=0,__perm_stat=vote_score,divergence=0.3,error_rate=0.5,teacher_entropy=0.2",3,0,200,0.0,0,10000,10.0,25.0,200,500,0,0,1.0,0.8584692028985508,0.6550394277157805,0.16666666666666666,0.1691886931657791,0.017103981226682663,1,1,120,119,0,perm_test,0.004975124378109453,0.5127164321579779,119,119,0,0.0,0.006879218854010105,1,0.5,0.0,0.0,0.0,0,none,1,1,0,overconfident,0.95,0,stable,0.9740322581121037,0.0010612903220038267,0.8951612905629218,0.8992741936132792,1768152356.1344457,0.4219125211238861,0.1275588423013687
622,39808,39807,sea_nodrift,sea,ts_drift_adapt,5,"error_divergence_ph_meta@error.threshold=0.10,error.min_instances=5",error_divergence_ph_meta,"{""divergence"": {""alpha"": 0.1, ""delta"": 0.005, ""min_instances"": 30, ""threshold"": 0.05}, ""error_rate"": {""alpha"": 0.15, ""delta"": 0.005, ""min_instances"": 5, ""threshold"": 0.1}}","{""error_rate"": {""min_instances"": 5, ""threshold"": 0.1}}",0.1,0.005,0.15,5,0.05,0.005,0.1,30,,,,-1,two_stage,2,0.5,"__confirm_cooldown=200,__confirm_rule=perm_test,__perm_alpha=0.05,__perm_min_effect=0,__perm_n_perm=200,__perm_post_n=10,__perm_pre_n=200,__perm_rng_seed=0,__perm_stat=vote_score,divergence=0.3,error_rate=0.5,teacher_entropy=0.2",3,0,200,0.0,0,10000,10.0,25.0,200,500,1,136,1.0,0.8585962620578779,0.6554459845702255,0.0,0.19520148634910583,0.014960507862269878,0,0,120,119,-1,perm_test,0.004975124378109453,0.5127164321579779,119,119,0,0.0,0.16666666666666666,0,0.0,0.0,0.0,0.0,0,none,0,1,0,overconfident,0.95,0,mild_drift,0.9671661290560518,0.0011806451610019133,0.8475806452814609,0.8771370968066396,1768152356.144089,0.02282072603702545,0.14638547599315643
623,39872,39871,sea_nodrift,sea,ts_drift_adapt,5,"error_divergence_ph_meta@error.threshold=0.10,error.min_instances=5",error_divergence_ph_meta,"{""divergence"": {""alpha"": 0.1, ""delta"": 0.005, ""min_instances"": 30, ""threshold"": 0.05}, ""error_rate"": {""alpha"": 0.15, ""delta"": 0.005, ""min_instances"": 5, ""threshold"": 0.1}}","{""error_rate"": {""min_instances"": 5, ""threshold"": 0.1}}",0.1,0.005,0.15,5,0.05,0.005,0.1,30,,,,-1,two_stage,2,0.5,"__confirm_cooldown=200,__confirm_rule=perm_test,__perm_alpha=0.05,__perm_min_effect=0,__perm_n_perm=200,__perm_post_n=10,__perm_pre_n=200,__perm_rng_seed=0,__perm_stat=vote_score,divergence=0.3,error_rate=0.5,teacher_entropy=0.2",3,0,200,0.0,0,10000,10.0,25.0,200,500,1,72,1.0,0.8586978330658106,0.6556013256068624,0.0,0.21365901827812195,0.015550718642771244,0,0,120,119,-1,perm_test,0.004975124378109453,0.5127164321579779,119,119,0,0.0,0.0005902107805013657,0,0.0,0.0,0.0,0.0,0,none,0,1,0,overconfident,0.95,0,mild_drift,0.9637330645280259,0.0012403225805009566,0.8237903226407305,0.8660685484033198,1768152356.1537013,0.011962455697357655,0.13877560198307037
624,39936,39935,sea_nodrift,sea,ts_drift_adapt,5,"error_divergence_ph_meta@error.threshold=0.10,error.min_instances=5",error_divergence_ph_meta,"{""divergence"": {""alpha"": 0.1, ""delta"": 0.005, ""min_instances"": 30, ""threshold"": 0.05}, ""error_rate"": {""alpha"": 0.15, ""delta"": 0.005, ""min_instances"": 5, ""threshold"": 0.1}}","{""error_rate"": {""min_instances"": 5, ""threshold"": 0.1}}",0.1,0.005,0.15,5,0.05,0.005,0.1,30,,,,-1,two_stage,2,0.5,"__confirm_cooldown=200,__confirm_rule=perm_test,__perm_alpha=0.05,__perm_min_effect=0,__perm_n_perm=200,__perm_post_n=10,__perm_pre_n=200,__perm_rng_seed=0,__perm_stat=vote_score,divergence=0.3,error_rate=0.5,teacher_entropy=0.2",3,0,200,0.0,0,10000,10.0,25.0,200,500,1,8,1.0,0.8589242788461539,0.6561231240092882,0.0,0.20460762083530426,0.016388319432735443,0,0,120,119,-1,perm_test,0.004975124378109453,0.5127164321579779,119,119,0,0.0,0.0008376007899641991,0,0.0,0.0,0.0,0.0,0,none,0,1,0,overconfident,0.95,0,mild_drift,0.9620165322640128,0.0012701612902504783,0.8118951613203653,0.86053427420166,1768152356.163242,0.09372959285974503,0.12052217125892639
625,40000,39999,sea_nodrift,sea,ts_drift_adapt,5,"error_divergence_ph_meta@error.threshold=0.10,error.min_instances=5",error_divergence_ph_meta,"{""divergence"": {""alpha"": 0.1, ""delta"": 0.005, ""min_instances"": 30, ""threshold"": 0.05}, ""error_rate"": {""alpha"": 0.15, ""delta"": 0.005, ""min_instances"": 5, ""threshold"": 0.1}}","{""error_rate"": {""min_instances"": 5, ""threshold"": 0.1}}",0.1,0.005,0.15,5,0.05,0.005,0.1,30,,,,-1,two_stage,2,0.5,"__confirm_cooldown=200,__confirm_rule=perm_test,__perm_alpha=0.05,__perm_min_effect=0,__perm_n_perm=200,__perm_post_n=10,__perm_pre_n=200,__perm_rng_seed=0,__perm_stat=vote_score,divergence=0.3,error_rate=0.5,teacher_entropy=0.2",3,0,200,0.0,0,10000,10.0,25.0,200,500,0,0,1.0,0.859125,0.6566110687384812,0.0,0.1463645100593567,0.01385300699621439,0,0,120,119,-1,perm_test,0.004975124378109453,0.5127164321579779,119,119,0,0.0,0.0025353124365210533,0,0.0,0.0,0.0,0.0,0,none,0,1,0,overconfident,0.95,0,mild_drift,0.9611582661320064,0.0012850806451252393,0.8059475806601827,0.85776713710083,1768152356.1728985,0.1162206158041954,0.14692439138889313
626,40064,40063,sea_nodrift,sea,ts_drift_adapt,5,"error_divergence_ph_meta@error.threshold=0.10,error.min_instances=5",error_divergence_ph_meta,"{""divergence"": {""alpha"": 0.1, ""delta"": 0.005, ""min_instances"": 30, ""threshold"": 0.05}, ""error_rate"": {""alpha"": 0.15, ""delta"": 0.005, ""min_instances"": 5, ""threshold"": 0.1}}","{""error_rate"": {""min_instances"": 5, ""threshold"": 0.1}}",0.1,0.005,0.15,5,0.05,0.005,0.1,30,,,,-1,two_stage,2,0.5,"__confirm_cooldown=200,__confirm_rule=perm_test,__perm_alpha=0.05,__perm_min_effect=0,__perm_n_perm=200,__perm_post_n=10,__perm_pre_n=200,__perm_rng_seed=0,__perm_stat=vote_score,divergence=0.3,error_rate=0.5,teacher_entropy=0.2",3,0,200,0.0,0,10000,10.0,25.0,200,500,0,0,1.0,0.8591503594249201,0.6567997356569906,0.16666666666666666,0.19584134221076965,0.01179540902376175,1,1,121,120,0,perm_test,0.004975124378109453,0.49521684766782725,120,120,0,0.0,0.16666666666666666,1,0.5,0.0,0.0,0.0,0,none,1,1,0,overconfident,0.95,0,stable,0.9755791330660032,0.0010425403225626196,0.9029737903300914,0.901383568550415,1768152356.1883934,0.25265970826148987,0.08958469331264496
627,40128,40127,sea_nodrift,sea,ts_drift_adapt,5,"error_divergence_ph_meta@error.threshold=0.10,error.min_instances=5",error_divergence_ph_meta,"{""divergence"": {""alpha"": 0.1, ""delta"": 0.005, ""min_instances"": 30, ""threshold"": 0.05}, ""error_rate"": {""alpha"": 0.15, ""delta"": 0.005, ""min_instances"": 5, ""threshold"": 0.1}}","{""error_rate"": {""min_instances"": 5, ""threshold"": 0.1}}",0.1,0.005,0.15,5,0.05,0.005,0.1,30,,,,-1,two_stage,2,0.5,"__confirm_cooldown=200,__confirm_rule=perm_test,__perm_alpha=0.05,__perm_min_effect=0,__perm_n_perm=200,__perm_post_n=10,__perm_pre_n=200,__perm_rng_seed=0,__perm_stat=vote_score,divergence=0.3,error_rate=0.5,teacher_entropy=0.2",3,0,200,0.0,0,10000,10.0,25.0,200,500,1,136,1.0,0.8592753189792663,0.6570774277584315,0.0,0.11895100027322769,0.007616088259965181,0,0,121,120,-1,perm_test,0.004975124378109453,0.49521684766782725,120,120,0,0.0,0.16666666666666666,0,0.0,0.0,0.0,0.0,0,none,0,1,0,overconfident,0.95,0,mild_drift,0.9679395665330015,0.0011712701612813098,0.8514868951650457,0.8781917842752075,1768152356.1979775,0.09956357628107071,0.0569678470492363
628,40192,40191,sea_nodrift,sea,ts_drift_adapt,5,"error_divergence_ph_meta@error.threshold=0.10,error.min_instances=5",error_divergence_ph_meta,"{""divergence"": {""alpha"": 0.1, ""delta"": 0.005, ""min_instances"": 30, ""threshold"": 0.05}, ""error_rate"": {""alpha"": 0.15, ""delta"": 0.005, ""min_instances"": 5, ""threshold"": 0.1}}","{""error_rate"": {""min_instances"": 5, ""threshold"": 0.1}}",0.1,0.005,0.15,5,0.05,0.005,0.1,30,,,,-1,two_stage,2,0.5,"__confirm_cooldown=200,__confirm_rule=perm_test,__perm_alpha=0.05,__perm_min_effect=0,__perm_n_perm=200,__perm_post_n=10,__perm_pre_n=200,__perm_rng_seed=0,__perm_stat=vote_score,divergence=0.3,error_rate=0.5,teacher_entropy=0.2",3,0,200,0.0,0,10000,10.0,25.0,200,500,1,72,1.0,0.8594247611464968,0.6574254607245793,0.0,0.18801313638687134,0.008833684958517551,0,0,121,120,-1,perm_test,0.004975124378109453,0.49521684766782725,120,120,0,0.0,0.00121759669855237,0,0.0,0.0,0.0,0.0,0,none,0,1,0,overconfident,0.95,0,mild_drift,0.9641197832665007,0.0012356350806406549,0.8257434475825229,0.8665958921376038,1768152356.2073882,0.09730158001184464,0.07702568173408508
629,40256,40255,sea_nodrift,sea,ts_drift_adapt,5,"error_divergence_ph_meta@error.threshold=0.10,error.min_instances=5",error_divergence_ph_meta,"{""divergence"": {""alpha"": 0.1, ""delta"": 0.005, ""min_instances"": 30, ""threshold"": 0.05}, ""error_rate"": {""alpha"": 0.15, ""delta"": 0.005, ""min_instances"": 5, ""threshold"": 0.1}}","{""error_rate"": {""min_instances"": 5, ""threshold"": 0.1}}",0.1,0.005,0.15,5,0.05,0.005,0.1,30,,,,-1,two_stage,2,0.5,"__confirm_cooldown=200,__confirm_rule=perm_test,__perm_alpha=0.05,__perm_min_effect=0,__perm_n_perm=200,__perm_post_n=10,__perm_pre_n=200,__perm_rng_seed=0,__perm_stat=vote_score,divergence=0.3,error_rate=0.5,teacher_entropy=0.2",3,0,200,0.0,0,10000,10.0,25.0,200,500,1,8,1.0,0.8594743640699523,0.6575513149586538,0.5,0.22386156022548676,0.019450798630714417,0,0,121,120,-1,perm_test,0.004975124378109453,0.49521684766782725,120,120,0,0.0,0.5,0,0.0,0.0,0.0,0.0,0,none,0,1,0,overconfident,0.95,0,mild_drift,0.9622098916332503,0.0012678175403203276,0.8128717237912615,0.8607979460688019,1768152356.2169485,0.7859756350517273,0.16182884573936462
630,40320,40319,sea_nodrift,sea,ts_drift_adapt,5,"error_divergence_ph_meta@error.threshold=0.10,error.min_instances=5",error_divergence_ph_meta,"{""divergence"": {""alpha"": 0.1, ""delta"": 0.005, ""min_instances"": 30, ""threshold"": 0.05}, ""error_rate"": {""alpha"": 0.15, ""delta"": 0.005, ""min_instances"": 5, ""threshold"": 0.1}}","{""error_rate"": {""min_instances"": 5, ""threshold"": 0.1}}",0.1,0.005,0.15,5,0.05,0.005,0.1,30,,,,-1,two_stage,2,0.5,"__confirm_cooldown=200,__confirm_rule=perm_test,__perm_alpha=0.05,__perm_min_effect=0,__perm_n_perm=200,__perm_post_n=10,__perm_pre_n=200,__perm_rng_seed=0,__perm_stat=vote_score,divergence=0.3,error_rate=0.5,teacher_entropy=0.2",3,0,200,0.0,0,10000,10.0,25.0,200,500,0,0,1.0,0.8594990079365079,0.6576446416346099,0.0,0.20500802993774414,0.01059446856379509,0,0,121,120,-1,perm_test,0.004975124378109453,0.49521684766782725,120,120,0,0.0,0.5,0,0.0,0.0,0.0,0.0,0,none,0,1,0,overconfident,0.95,0,mild_drift,0.9612549458166251,0.0012839087701601638,0.8064358618956308,0.8578989730344009,1768152356.22653,0.02518891729414463,0.06442639231681824
631,40384,40383,sea_nodrift,sea,ts_drift_adapt,5,"error_divergence_ph_meta@error.threshold=0.10,error.min_instances=5",error_divergence_ph_meta,"{""divergence"": {""alpha"": 0.1, ""delta"": 0.005, ""min_instances"": 30, ""threshold"": 0.05}, ""error_rate"": {""alpha"": 0.15, ""delta"": 0.005, ""min_instances"": 5, ""threshold"": 0.1}}","{""error_rate"": {""min_instances"": 5, ""threshold"": 0.1}}",0.1,0.005,0.15,5,0.05,0.005,0.1,30,,,,-1,two_stage,2,0.5,"__confirm_cooldown=200,__confirm_rule=perm_test,__perm_alpha=0.05,__perm_min_effect=0,__perm_n_perm=200,__perm_post_n=10,__perm_pre_n=200,__perm_rng_seed=0,__perm_stat=vote_score,divergence=0.3,error_rate=0.5,teacher_entropy=0.2",3,0,200,0.0,0,10000,10.0,25.0,200,500,0,0,1.0,0.8595730982567353,0.6579083908342486,0.0,0.17816057801246643,0.006985667627304792,1,1,122,121,0,perm_test,0.004975124378109453,0.4425978843026267,121,121,0,0.16666666666666666,0.0036088009364902973,1,0.5,0.0,0.0,0.0,0,none,1,1,0,overconfident,0.95,0,severe_drift,0.9261274729083125,0.001641954385080082,0.6532179309478154,0.8339494865172005,1768152356.2419853,0.026732487604022026,0.07278856635093689
632,40448,40447,sea_nodrift,sea,ts_drift_adapt,5,"error_divergence_ph_meta@error.threshold=0.10,error.min_instances=5",error_divergence_ph_meta,"{""divergence"": {""alpha"": 0.1, ""delta"": 0.005, ""min_instances"": 30, ""threshold"": 0.05}, ""error_rate"": {""alpha"": 0.15, ""delta"": 0.005, ""min_instances"": 5, ""threshold"": 0.1}}","{""error_rate"": {""min_instances"": 5, ""threshold"": 0.1}}",0.1,0.005,0.15,5,0.05,0.005,0.1,30,,,,-1,two_stage,2,0.5,"__confirm_cooldown=200,__confirm_rule=perm_test,__perm_alpha=0.05,__perm_min_effect=0,__perm_n_perm=200,__perm_post_n=10,__perm_pre_n=200,__perm_rng_seed=0,__perm_stat=vote_score,divergence=0.3,error_rate=0.5,teacher_entropy=0.2",3,0,200,0.0,0,10000,10.0,25.0,200,500,1,136,1.0,0.8596222310126582,0.6579296518223285,0.0,0.17290185391902924,0.019814182072877884,0,0,122,121,-1,perm_test,0.004975124378109453,0.4425978843026267,121,121,0,0.0,0.012828514445573092,0,0.0,0.0,0.0,0.0,0,none,0,1,0,overconfident,0.95,0,mild_drift,0.9432137364541562,0.001470977192540041,0.7266089654739077,0.8444747432586002,1768152356.251575,0.08433475345373154,0.17258426547050476
633,40512,40511,sea_nodrift,sea,ts_drift_adapt,5,"error_divergence_ph_meta@error.threshold=0.10,error.min_instances=5",error_divergence_ph_meta,"{""divergence"": {""alpha"": 0.1, ""delta"": 0.005, ""min_instances"": 30, ""threshold"": 0.05}, ""error_rate"": {""alpha"": 0.15, ""delta"": 0.005, ""min_instances"": 5, ""threshold"": 0.1}}","{""error_rate"": {""min_instances"": 5, ""threshold"": 0.1}}",0.1,0.005,0.15,5,0.05,0.005,0.1,30,,,,-1,two_stage,2,0.5,"__confirm_cooldown=200,__confirm_rule=perm_test,__perm_alpha=0.05,__perm_min_effect=0,__perm_n_perm=200,__perm_post_n=10,__perm_pre_n=200,__perm_rng_seed=0,__perm_stat=vote_score,divergence=0.3,error_rate=0.5,teacher_entropy=0.2",3,0,200,0.0,0,10000,10.0,25.0,200,500,1,72,1.0,0.8596958925750395,0.6581598753955498,0.16666666666666666,0.20280981063842773,0.017616286873817444,0,0,122,121,-1,perm_test,0.004975124378109453,0.4425978843026267,121,121,0,0.0,0.16666666666666666,0,0.0,0.0,0.0,0.0,0,none,0,1,0,overconfident,0.95,0,mild_drift,0.9517568682270781,0.0013854885962700206,0.763304482736954,0.8497373716293001,1768152356.2610824,0.1748778373003006,0.16511017084121704
634,40576,40575,sea_nodrift,sea,ts_drift_adapt,5,"error_divergence_ph_meta@error.threshold=0.10,error.min_instances=5",error_divergence_ph_meta,"{""divergence"": {""alpha"": 0.1, ""delta"": 0.005, ""min_instances"": 30, ""threshold"": 0.05}, ""error_rate"": {""alpha"": 0.15, ""delta"": 0.005, ""min_instances"": 5, ""threshold"": 0.1}}","{""error_rate"": {""min_instances"": 5, ""threshold"": 0.1}}",0.1,0.005,0.15,5,0.05,0.005,0.1,30,,,,-1,two_stage,2,0.5,"__confirm_cooldown=200,__confirm_rule=perm_test,__perm_alpha=0.05,__perm_min_effect=0,__perm_n_perm=200,__perm_post_n=10,__perm_pre_n=200,__perm_rng_seed=0,__perm_stat=vote_score,divergence=0.3,error_rate=0.5,teacher_entropy=0.2",3,0,200,0.0,0,10000,10.0,25.0,200,500,1,8,1.0,0.8598186119873817,0.658470911024645,0.0,0.17701981961727142,0.01199718564748764,0,0,122,121,-1,perm_test,0.004975124378109453,0.4425978843026267,121,121,0,0.0,0.16666666666666666,0,0.0,0.0,0.0,0.0,0,none,0,1,0,overconfident,0.95,0,mild_drift,0.956028434113539,0.0013427442981350105,0.781652241368477,0.85236868581465,1768152356.2706616,0.008164823986589909,0.11749383807182312
635,40640,40639,sea_nodrift,sea,ts_drift_adapt,5,"error_divergence_ph_meta@error.threshold=0.10,error.min_instances=5",error_divergence_ph_meta,"{""divergence"": {""alpha"": 0.1, ""delta"": 0.005, ""min_instances"": 30, ""threshold"": 0.05}, ""error_rate"": {""alpha"": 0.15, ""delta"": 0.005, ""min_instances"": 5, ""threshold"": 0.1}}","{""error_rate"": {""min_instances"": 5, ""threshold"": 0.1}}",0.1,0.005,0.15,5,0.05,0.005,0.1,30,,,,-1,two_stage,2,0.5,"__confirm_cooldown=200,__confirm_rule=perm_test,__perm_alpha=0.05,__perm_min_effect=0,__perm_n_perm=200,__perm_post_n=10,__perm_pre_n=200,__perm_rng_seed=0,__perm_stat=vote_score,divergence=0.3,error_rate=0.5,teacher_entropy=0.2",3,0,200,0.0,0,10000,10.0,25.0,200,500,0,0,1.0,0.859867125984252,0.6586290923068558,0.0,0.18163126707077026,0.012333441525697708,0,0,122,121,-1,perm_test,0.004975124378109453,0.4425978843026267,121,121,0,0.0,0.00033625587821006775,0,0.0,0.0,0.0,0.0,0,none,0,1,0,overconfident,0.95,0,mild_drift,0.9581642170567695,0.0013213721490675052,0.7908261206842385,0.853684342907325,1768152356.2802489,0.02435877174139023,0.09263725578784943
636,40704,40703,sea_nodrift,sea,ts_drift_adapt,5,"error_divergence_ph_meta@error.threshold=0.10,error.min_instances=5",error_divergence_ph_meta,"{""divergence"": {""alpha"": 0.1, ""delta"": 0.005, ""min_instances"": 30, ""threshold"": 0.05}, ""error_rate"": {""alpha"": 0.15, ""delta"": 0.005, ""min_instances"": 5, ""threshold"": 0.1}}","{""error_rate"": {""min_instances"": 5, ""threshold"": 0.1}}",0.1,0.005,0.15,5,0.05,0.005,0.1,30,,,,-1,two_stage,2,0.5,"__confirm_cooldown=200,__confirm_rule=perm_test,__perm_alpha=0.05,__perm_min_effect=0,__perm_n_perm=200,__perm_post_n=10,__perm_pre_n=200,__perm_rng_seed=0,__perm_stat=vote_score,divergence=0.3,error_rate=0.5,teacher_entropy=0.2",3,0,200,0.0,0,10000,10.0,25.0,200,500,0,0,1.0,0.8599154874213837,0.6587069915963066,0.0,0.15054358541965485,0.004441580735146999,1,1,123,122,0,perm_test,0.004975124378109453,0.4888440554671017,122,122,0,0.0,0.007891860790550709,1,0.5,0.0,0.0,0.0,0,none,1,1,0,overconfident,0.95,0,stable,0.9740821085283847,0.0010606860745337526,0.8954130603421193,0.8993421714536625,1768152356.2956583,0.010793071240186691,0.0408315472304821
637,40768,40767,sea_nodrift,sea,ts_drift_adapt,5,"error_divergence_ph_meta@error.threshold=0.10,error.min_instances=5",error_divergence_ph_meta,"{""divergence"": {""alpha"": 0.1, ""delta"": 0.005, ""min_instances"": 30, ""threshold"": 0.05}, ""error_rate"": {""alpha"": 0.15, ""delta"": 0.005, ""min_instances"": 5, ""threshold"": 0.1}}","{""error_rate"": {""min_instances"": 5, ""threshold"": 0.1}}",0.1,0.005,0.15,5,0.05,0.005,0.1,30,,,,-1,two_stage,2,0.5,"__confirm_cooldown=200,__confirm_rule=perm_test,__perm_alpha=0.05,__perm_min_effect=0,__perm_n_perm=200,__perm_post_n=10,__perm_pre_n=200,__perm_rng_seed=0,__perm_stat=vote_score,divergence=0.3,error_rate=0.5,teacher_entropy=0.2",3,0,200,0.0,0,10000,10.0,25.0,200,500,1,136,1.0,0.8599636970172685,0.6589375246735762,0.3333333333333333,0.17663665115833282,0.020553816109895706,0,0,123,122,-1,perm_test,0.004975124378109453,0.4888440554671017,122,122,0,0.0,0.3333333333333333,0,0.0,0.0,0.0,0.0,0,none,0,1,0,overconfident,0.95,0,mild_drift,0.9671910542641924,0.0011803430372668764,0.8477065301710597,0.8771710857268312,1768152356.3052056,0.7094745635986328,0.22060294449329376
638,40832,40831,sea_nodrift,sea,ts_drift_adapt,5,"error_divergence_ph_meta@error.threshold=0.10,error.min_instances=5",error_divergence_ph_meta,"{""divergence"": {""alpha"": 0.1, ""delta"": 0.005, ""min_instances"": 30, ""threshold"": 0.05}, ""error_rate"": {""alpha"": 0.15, ""delta"": 0.005, ""min_instances"": 5, ""threshold"": 0.1}}","{""error_rate"": {""min_instances"": 5, ""threshold"": 0.1}}",0.1,0.005,0.15,5,0.05,0.005,0.1,30,,,,-1,two_stage,2,0.5,"__confirm_cooldown=200,__confirm_rule=perm_test,__perm_alpha=0.05,__perm_min_effect=0,__perm_n_perm=200,__perm_post_n=10,__perm_pre_n=200,__perm_rng_seed=0,__perm_stat=vote_score,divergence=0.3,error_rate=0.5,teacher_entropy=0.2",3,0,200,0.0,0,10000,10.0,25.0,200,500,1,72,1.0,0.8600852272727273,0.6593674559408312,0.0,0.16629107296466827,0.00936472974717617,0,0,123,122,-1,perm_test,0.004975124378109453,0.4888440554671017,122,122,0,0.0,0.3333333333333333,0,0.0,0.0,0.0,0.0,0,none,0,1,0,overconfident,0.95,0,mild_drift,0.9637455271320962,0.0012401715186334383,0.8238532650855299,0.8660855428634155,1768152356.314615,0.07635339349508286,0.08491666615009308
639,40896,40895,sea_nodrift,sea,ts_drift_adapt,5,"error_divergence_ph_meta@error.threshold=0.10,error.min_instances=5",error_divergence_ph_meta,"{""divergence"": {""alpha"": 0.1, ""delta"": 0.005, ""min_instances"": 30, ""threshold"": 0.05}, ""error_rate"": {""alpha"": 0.15, ""delta"": 0.005, ""min_instances"": 5, ""threshold"": 0.1}}","{""error_rate"": {""min_instances"": 5, ""threshold"": 0.1}}",0.1,0.005,0.15,5,0.05,0.005,0.1,30,,,,-1,two_stage,2,0.5,"__confirm_cooldown=200,__confirm_rule=perm_test,__perm_alpha=0.05,__perm_min_effect=0,__perm_n_perm=200,__perm_post_n=10,__perm_pre_n=200,__perm_rng_seed=0,__perm_stat=vote_score,divergence=0.3,error_rate=0.5,teacher_entropy=0.2",3,0,200,0.0,0,10000,10.0,25.0,200,500,1,8,1.0,0.8602797339593115,0.6599259990712163,0.0,0.15923245251178741,0.007788651157170534,0,0,123,122,-1,perm_test,0.004975124378109453,0.4888440554671017,122,122,0,0.0,0.0015760785900056362,0,0.0,0.0,0.0,0.0,0,none,0,1,0,overconfident,0.95,0,mild_drift,0.9620227635660481,0.001270085759316719,0.811926632542765,0.8605427714317078,1768152356.324152,0.09610459953546524,0.07705871760845184
640,40960,40959,sea_nodrift,sea,ts_drift_adapt,5,"error_divergence_ph_meta@error.threshold=0.10,error.min_instances=5",error_divergence_ph_meta,"{""divergence"": {""alpha"": 0.1, ""delta"": 0.005, ""min_instances"": 30, ""threshold"": 0.05}, ""error_rate"": {""alpha"": 0.15, ""delta"": 0.005, ""min_instances"": 5, ""threshold"": 0.1}}","{""error_rate"": {""min_instances"": 5, ""threshold"": 0.1}}",0.1,0.005,0.15,5,0.05,0.005,0.1,30,,,,-1,two_stage,2,0.5,"__confirm_cooldown=200,__confirm_rule=perm_test,__perm_alpha=0.05,__perm_min_effect=0,__perm_n_perm=200,__perm_post_n=10,__perm_pre_n=200,__perm_rng_seed=0,__perm_stat=vote_score,divergence=0.3,error_rate=0.5,teacher_entropy=0.2",3,0,200,0.0,0,10000,10.0,25.0,200,500,0,0,1.0,0.860400390625,0.6602042996554923,0.0,0.1764860451221466,0.013775764964520931,0,0,123,122,-1,perm_test,0.004975124378109453,0.4888440554671017,122,122,0,0.0,0.005987113807350397,0,0.0,0.0,0.0,0.0,0,none,0,1,0,overconfident,0.95,0,mild_drift,0.961161381783024,0.0012850428796583597,0.8059633162713825,0.8577713857158539,1768152356.333732,0.0367114320397377,0.11603040993213654
641,41024,41023,sea_nodrift,sea,ts_drift_adapt,5,"error_divergence_ph_meta@error.threshold=0.10,error.min_instances=5",error_divergence_ph_meta,"{""divergence"": {""alpha"": 0.1, ""delta"": 0.005, ""min_instances"": 30, ""threshold"": 0.05}, ""error_rate"": {""alpha"": 0.15, ""delta"": 0.005, ""min_instances"": 5, ""threshold"": 0.1}}","{""error_rate"": {""min_instances"": 5, ""threshold"": 0.1}}",0.1,0.005,0.15,5,0.05,0.005,0.1,30,,,,-1,two_stage,2,0.5,"__confirm_cooldown=200,__confirm_rule=perm_test,__perm_alpha=0.05,__perm_min_effect=0,__perm_n_perm=200,__perm_post_n=10,__perm_pre_n=200,__perm_rng_seed=0,__perm_stat=vote_score,divergence=0.3,error_rate=0.5,teacher_entropy=0.2",3,0,200,0.0,0,10000,10.0,25.0,200,500,0,0,1.0,0.860496294851794,0.6604499353545544,0.16666666666666666,0.16992153227329254,0.007883377373218536,1,1,124,123,0,perm_test,0.004975124378109453,0.5449933652724316,123,123,0,0.16666666666666666,0.16666666666666666,1,0.5,0.0,0.0,0.0,0,none,1,1,0,overconfident,0.95,0,severe_drift,0.926080690891512,0.0016425214398291799,0.6529816581356913,0.833885692857927,1768152356.3491402,0.27333521842956543,0.06608159840106964
642,41088,41087,sea_nodrift,sea,ts_drift_adapt,5,"error_divergence_ph_meta@error.threshold=0.10,error.min_instances=5",error_divergence_ph_meta,"{""divergence"": {""alpha"": 0.1, ""delta"": 0.005, ""min_instances"": 30, ""threshold"": 0.05}, ""error_rate"": {""alpha"": 0.15, ""delta"": 0.005, ""min_instances"": 5, ""threshold"": 0.1}}","{""error_rate"": {""min_instances"": 5, ""threshold"": 0.1}}",0.1,0.005,0.15,5,0.05,0.005,0.1,30,,,,-1,two_stage,2,0.5,"__confirm_cooldown=200,__confirm_rule=perm_test,__perm_alpha=0.05,__perm_min_effect=0,__perm_n_perm=200,__perm_post_n=10,__perm_pre_n=200,__perm_rng_seed=0,__perm_stat=vote_score,divergence=0.3,error_rate=0.5,teacher_entropy=0.2",3,0,200,0.0,0,10000,10.0,25.0,200,500,1,136,1.0,0.8606405763239875,0.6608274378015364,0.0,0.1715189516544342,0.010343610309064388,0,0,124,123,-1,perm_test,0.004975124378109453,0.5449933652724316,123,123,0,0.0,0.16666666666666666,0,0.0,0.0,0.0,0.0,0,none,0,1,0,overconfident,0.95,0,mild_drift,0.943190345445756,0.00147126071991459,0.7264908290678457,0.8444428464289635,1768152356.3587716,0.07994800060987473,0.09304999560117722
643,41152,41151,sea_nodrift,sea,ts_drift_adapt,5,"error_divergence_ph_meta@error.threshold=0.10,error.min_instances=5",error_divergence_ph_meta,"{""divergence"": {""alpha"": 0.1, ""delta"": 0.005, ""min_instances"": 30, ""threshold"": 0.05}, ""error_rate"": {""alpha"": 0.15, ""delta"": 0.005, ""min_instances"": 5, ""threshold"": 0.1}}","{""error_rate"": {""min_instances"": 5, ""threshold"": 0.1}}",0.1,0.005,0.15,5,0.05,0.005,0.1,30,,,,-1,two_stage,2,0.5,"__confirm_cooldown=200,__confirm_rule=perm_test,__perm_alpha=0.05,__perm_min_effect=0,__perm_n_perm=200,__perm_post_n=10,__perm_pre_n=200,__perm_rng_seed=0,__perm_stat=vote_score,divergence=0.3,error_rate=0.5,teacher_entropy=0.2",3,0,200,0.0,0,10000,10.0,25.0,200,500,1,72,1.0,0.8608330093312597,0.661359423310371,0.0,0.1624556928873062,0.011691621504724026,0,0,124,123,-1,perm_test,0.004975124378109453,0.5449933652724316,123,123,0,0.0,0.0013480111956596375,0,0.0,0.0,0.0,0.0,0,none,0,1,0,overconfident,0.95,0,mild_drift,0.951745172722878,0.001385630359957295,0.7632454145339229,0.8497214232144817,1768152356.3682294,0.05531737208366394,0.07960564643144608
644,41216,41215,sea_nodrift,sea,ts_drift_adapt,5,"error_divergence_ph_meta@error.threshold=0.10,error.min_instances=5",error_divergence_ph_meta,"{""divergence"": {""alpha"": 0.1, ""delta"": 0.005, ""min_instances"": 30, ""threshold"": 0.05}, ""error_rate"": {""alpha"": 0.15, ""delta"": 0.005, ""min_instances"": 5, ""threshold"": 0.1}}","{""error_rate"": {""min_instances"": 5, ""threshold"": 0.1}}",0.1,0.005,0.15,5,0.05,0.005,0.1,30,,,,-1,two_stage,2,0.5,"__confirm_cooldown=200,__confirm_rule=perm_test,__perm_alpha=0.05,__perm_min_effect=0,__perm_n_perm=200,__perm_post_n=10,__perm_pre_n=200,__perm_rng_seed=0,__perm_stat=vote_score,divergence=0.3,error_rate=0.5,teacher_entropy=0.2",3,0,200,0.0,0,10000,10.0,25.0,200,500,1,8,1.0,0.8609520574534162,0.6616540409075513,0.0,0.19474948942661285,0.016743868589401245,0,0,124,123,-1,perm_test,0.004975124378109453,0.5449933652724316,123,123,0,0.0,0.005052247084677219,0,0.0,0.0,0.0,0.0,0,none,0,1,0,overconfident,0.95,0,mild_drift,0.9560225863614389,0.0013428151799786477,0.7816227072669615,0.8523607116072409,1768152356.3778076,0.01968373917043209,0.12164536118507385
645,41280,41279,sea_nodrift,sea,ts_drift_adapt,5,"error_divergence_ph_meta@error.threshold=0.10,error.min_instances=5",error_divergence_ph_meta,"{""divergence"": {""alpha"": 0.1, ""delta"": 0.005, ""min_instances"": 30, ""threshold"": 0.05}, ""error_rate"": {""alpha"": 0.15, ""delta"": 0.005, ""min_instances"": 5, ""threshold"": 0.1}}","{""error_rate"": {""min_instances"": 5, ""threshold"": 0.1}}",0.1,0.005,0.15,5,0.05,0.005,0.1,30,,,,-1,two_stage,2,0.5,"__confirm_cooldown=200,__confirm_rule=perm_test,__perm_alpha=0.05,__perm_min_effect=0,__perm_n_perm=200,__perm_post_n=10,__perm_pre_n=200,__perm_rng_seed=0,__perm_stat=vote_score,divergence=0.3,error_rate=0.5,teacher_entropy=0.2",3,0,200,0.0,0,10000,10.0,25.0,200,500,0,0,1.0,0.8609738372093023,0.6617742658764746,0.0,0.17526008188724518,0.021068306639790535,0,0,124,123,-1,perm_test,0.004975124378109453,0.5449933652724316,123,123,0,0.0,0.00432443805038929,0,0.0,0.0,0.0,0.0,0,none,0,1,0,overconfident,0.95,0,mild_drift,0.9581612931807194,0.001321407589989324,0.7908113536334808,0.8536803558036204,1768152356.387413,0.17570815980434418,0.20104049146175385
646,41344,41343,sea_nodrift,sea,ts_drift_adapt,5,"error_divergence_ph_meta@error.threshold=0.10,error.min_instances=5",error_divergence_ph_meta,"{""divergence"": {""alpha"": 0.1, ""delta"": 0.005, ""min_instances"": 30, ""threshold"": 0.05}, ""error_rate"": {""alpha"": 0.15, ""delta"": 0.005, ""min_instances"": 5, ""threshold"": 0.1}}","{""error_rate"": {""min_instances"": 5, ""threshold"": 0.1}}",0.1,0.005,0.15,5,0.05,0.005,0.1,30,,,,-1,two_stage,2,0.5,"__confirm_cooldown=200,__confirm_rule=perm_test,__perm_alpha=0.05,__perm_min_effect=0,__perm_n_perm=200,__perm_post_n=10,__perm_pre_n=200,__perm_rng_seed=0,__perm_stat=vote_score,divergence=0.3,error_rate=0.5,teacher_entropy=0.2",3,0,200,0.0,0,10000,10.0,25.0,200,500,0,0,1.0,0.8610439241486069,0.6620117296096799,0.16666666666666666,0.21569156646728516,0.039237748831510544,1,1,125,124,0,perm_test,0.004975124378109453,0.49581594609466034,124,124,0,0.0,0.16666666666666666,1,0.5,0.0,0.0,0.0,0,none,1,1,0,overconfident,0.95,0,stable,0.9740806465903598,0.001060703794994662,0.8954056768167404,0.8993401779018102,1768152356.402821,0.25183120369911194,0.36517882347106934
647,41408,41407,sea_nodrift,sea,ts_drift_adapt,5,"error_divergence_ph_meta@error.threshold=0.10,error.min_instances=5",error_divergence_ph_meta,"{""divergence"": {""alpha"": 0.1, ""delta"": 0.005, ""min_instances"": 30, ""threshold"": 0.05}, ""error_rate"": {""alpha"": 0.15, ""delta"": 0.005, ""min_instances"": 5, ""threshold"": 0.1}}","{""error_rate"": {""min_instances"": 5, ""threshold"": 0.1}}",0.1,0.005,0.15,5,0.05,0.005,0.1,30,,,,-1,two_stage,2,0.5,"__confirm_cooldown=200,__confirm_rule=perm_test,__perm_alpha=0.05,__perm_min_effect=0,__perm_n_perm=200,__perm_post_n=10,__perm_pre_n=200,__perm_rng_seed=0,__perm_stat=vote_score,divergence=0.3,error_rate=0.5,teacher_entropy=0.2",3,0,200,0.0,0,10000,10.0,25.0,200,500,1,136,1.0,0.8612586939721792,0.6625388423902228,0.0,0.16111606359481812,0.010647180490195751,0,0,125,124,-1,perm_test,0.004975124378109453,0.49581594609466034,124,124,0,0.0,0.16666666666666666,0,0.0,0.0,0.0,0.0,0,none,0,1,0,overconfident,0.95,0,mild_drift,0.9671903232951798,0.001180351897497331,0.8477028384083702,0.8771700889509051,1768152356.412364,0.014041244052350521,0.07542530447244644
648,41472,41471,sea_nodrift,sea,ts_drift_adapt,5,"error_divergence_ph_meta@error.threshold=0.10,error.min_instances=5",error_divergence_ph_meta,"{""divergence"": {""alpha"": 0.1, ""delta"": 0.005, ""min_instances"": 30, ""threshold"": 0.05}, ""error_rate"": {""alpha"": 0.15, ""delta"": 0.005, ""min_instances"": 5, ""threshold"": 0.1}}","{""error_rate"": {""min_instances"": 5, ""threshold"": 0.1}}",0.1,0.005,0.15,5,0.05,0.005,0.1,30,,,,-1,two_stage,2,0.5,"__confirm_cooldown=200,__confirm_rule=perm_test,__perm_alpha=0.05,__perm_min_effect=0,__perm_n_perm=200,__perm_post_n=10,__perm_pre_n=200,__perm_rng_seed=0,__perm_stat=vote_score,divergence=0.3,error_rate=0.5,teacher_entropy=0.2",3,0,200,0.0,0,10000,10.0,25.0,200,500,1,72,1.0,0.8614004629629629,0.6628505186041237,0.0,0.17446258664131165,0.015149528160691261,0,0,125,124,-1,perm_test,0.004975124378109453,0.49581594609466034,124,124,0,0.0,0.00450234767049551,0,0.0,0.0,0.0,0.0,0,none,0,1,0,overconfident,0.95,0,mild_drift,0.9637451616475898,0.0012401759487486656,0.8238514192041851,0.8660850444754525,1768152356.4217672,0.08736854791641235,0.1473373919725418
649,41536,41535,sea_nodrift,sea,ts_drift_adapt,5,"error_divergence_ph_meta@error.threshold=0.10,error.min_instances=5",error_divergence_ph_meta,"{""divergence"": {""alpha"": 0.1, ""delta"": 0.005, ""min_instances"": 30, ""threshold"": 0.05}, ""error_rate"": {""alpha"": 0.15, ""delta"": 0.005, ""min_instances"": 5, ""threshold"": 0.1}}","{""error_rate"": {""min_instances"": 5, ""threshold"": 0.1}}",0.1,0.005,0.15,5,0.05,0.005,0.1,30,,,,-1,two_stage,2,0.5,"__confirm_cooldown=200,__confirm_rule=perm_test,__perm_alpha=0.05,__perm_min_effect=0,__perm_n_perm=200,__perm_post_n=10,__perm_pre_n=200,__perm_rng_seed=0,__perm_stat=vote_score,divergence=0.3,error_rate=0.5,teacher_entropy=0.2",3,0,200,0.0,0,10000,10.0,25.0,200,500,1,8,1.0,0.861517719568567,0.6631971716707838,0.0,0.20207509398460388,0.011669986881315708,0,0,125,124,-1,perm_test,0.004975124378109453,0.49581594609466034,124,124,0,0.0,0.003479541279375553,0,0.0,0.0,0.0,0.0,0,none,0,1,0,overconfident,0.95,0,mild_drift,0.9620225808237949,0.001270087974374333,0.8119257096020926,0.8605425222377263,1768152356.431339,0.0656323954463005,0.12222286313772202
650,41600,41599,sea_nodrift,sea,ts_drift_adapt,5,"error_divergence_ph_meta@error.threshold=0.10,error.min_instances=5",error_divergence_ph_meta,"{""divergence"": {""alpha"": 0.1, ""delta"": 0.005, ""min_instances"": 30, ""threshold"": 0.05}, ""error_rate"": {""alpha"": 0.15, ""delta"": 0.005, ""min_instances"": 5, ""threshold"": 0.1}}","{""error_rate"": {""min_instances"": 5, ""threshold"": 0.1}}",0.1,0.005,0.15,5,0.05,0.005,0.1,30,,,,-1,two_stage,2,0.5,"__confirm_cooldown=200,__confirm_rule=perm_test,__perm_alpha=0.05,__perm_min_effect=0,__perm_n_perm=200,__perm_post_n=10,__perm_pre_n=200,__perm_rng_seed=0,__perm_stat=vote_score,divergence=0.3,error_rate=0.5,teacher_entropy=0.2",3,0,200,0.0,0,10000,10.0,25.0,200,500,0,0,1.0,0.8614663461538462,0.6630620109433227,0.3333333333333333,0.16718372702598572,0.006695001386106014,0,0,125,124,-1,perm_test,0.004975124378109453,0.49581594609466034,124,124,0,0.0,0.3333333333333333,0,0.0,0.0,0.0,0.0,0,none,0,1,0,overconfident,0.95,0,mild_drift,0.9611612904118974,0.0012850439871871667,0.8059628548010463,0.8577712611188631,1768152356.4409533,0.4202740490436554,0.06264685094356537
651,41664,41663,sea_nodrift,sea,ts_drift_adapt,5,"error_divergence_ph_meta@error.threshold=0.10,error.min_instances=5",error_divergence_ph_meta,"{""divergence"": {""alpha"": 0.1, ""delta"": 0.005, ""min_instances"": 30, ""threshold"": 0.05}, ""error_rate"": {""alpha"": 0.15, ""delta"": 0.005, ""min_instances"": 5, ""threshold"": 0.1}}","{""error_rate"": {""min_instances"": 5, ""threshold"": 0.1}}",0.1,0.005,0.15,5,0.05,0.005,0.1,30,,,,-1,two_stage,2,0.5,"__confirm_cooldown=200,__confirm_rule=perm_test,__perm_alpha=0.05,__perm_min_effect=0,__perm_n_perm=200,__perm_post_n=10,__perm_pre_n=200,__perm_rng_seed=0,__perm_stat=vote_score,divergence=0.3,error_rate=0.5,teacher_entropy=0.2",3,0,200,0.0,0,10000,10.0,25.0,200,500,0,0,1.0,0.8616071428571429,0.663438808606346,0.16666666666666666,0.1850421279668808,0.0077283261343836784,1,1,126,125,0,perm_test,0.004975124378109453,0.4958248777588455,125,125,0,0.0,0.16666666666666666,1,0.5,0.0,0.0,0.0,0,none,1,1,0,overconfident,0.95,0,stable,0.9755806452059487,0.0010425219935935833,0.9029814274005232,0.9013856305594317,1768152356.4562001,0.4489687383174896,0.05731847882270813
652,41728,41727,sea_nodrift,sea,ts_drift_adapt,5,"error_divergence_ph_meta@error.threshold=0.10,error.min_instances=5",error_divergence_ph_meta,"{""divergence"": {""alpha"": 0.1, ""delta"": 0.005, ""min_instances"": 30, ""threshold"": 0.05}, ""error_rate"": {""alpha"": 0.15, ""delta"": 0.005, ""min_instances"": 5, ""threshold"": 0.1}}","{""error_rate"": {""min_instances"": 5, ""threshold"": 0.1}}",0.1,0.005,0.15,5,0.05,0.005,0.1,30,,,,-1,two_stage,2,0.5,"__confirm_cooldown=200,__confirm_rule=perm_test,__perm_alpha=0.05,__perm_min_effect=0,__perm_n_perm=200,__perm_post_n=10,__perm_pre_n=200,__perm_rng_seed=0,__perm_stat=vote_score,divergence=0.3,error_rate=0.5,teacher_entropy=0.2",3,0,200,0.0,0,10000,10.0,25.0,200,500,1,136,1.0,0.8617714723926381,0.6637788673670754,0.0,0.16393139958381653,0.012447287328541279,0,0,126,125,-1,perm_test,0.004975124378109453,0.4958248777588455,125,125,0,0.0,0.16666666666666666,0,0.0,0.0,0.0,0.0,0,none,0,1,0,overconfident,0.95,0,mild_drift,0.9679403226029744,0.0011712609967967917,0.8514907137002616,0.8781928152797158,1768152356.4657836,0.1196017935872078,0.10662873089313507
653,41792,41791,sea_nodrift,sea,ts_drift_adapt,5,"error_divergence_ph_meta@error.threshold=0.10,error.min_instances=5",error_divergence_ph_meta,"{""divergence"": {""alpha"": 0.1, ""delta"": 0.005, ""min_instances"": 30, ""threshold"": 0.05}, ""error_rate"": {""alpha"": 0.15, ""delta"": 0.005, ""min_instances"": 5, ""threshold"": 0.1}}","{""error_rate"": {""min_instances"": 5, ""threshold"": 0.1}}",0.1,0.005,0.15,5,0.05,0.005,0.1,30,,,,-1,two_stage,2,0.5,"__confirm_cooldown=200,__confirm_rule=perm_test,__perm_alpha=0.05,__perm_min_effect=0,__perm_n_perm=200,__perm_post_n=10,__perm_pre_n=200,__perm_rng_seed=0,__perm_stat=vote_score,divergence=0.3,error_rate=0.5,teacher_entropy=0.2",3,0,200,0.0,0,10000,10.0,25.0,200,500,1,72,1.0,0.861863514548239,0.663902908527979,0.16666666666666666,0.2009994089603424,0.01349475048482418,0,0,126,125,-1,perm_test,0.004975124378109453,0.4958248777588455,125,125,0,0.0,0.16666666666666666,0,0.0,0.0,0.0,0.0,0,none,0,1,0,overconfident,0.95,0,mild_drift,0.9641201613014871,0.001235630498398396,0.8257453568501308,0.8665964076398579,1768152356.4753387,0.6701240539550781,0.08590829372406006
654,41856,41855,sea_nodrift,sea,ts_drift_adapt,5,"error_divergence_ph_meta@error.threshold=0.10,error.min_instances=5",error_divergence_ph_meta,"{""divergence"": {""alpha"": 0.1, ""delta"": 0.005, ""min_instances"": 30, ""threshold"": 0.05}, ""error_rate"": {""alpha"": 0.15, ""delta"": 0.005, ""min_instances"": 5, ""threshold"": 0.1}}","{""error_rate"": {""min_instances"": 5, ""threshold"": 0.1}}",0.1,0.005,0.15,5,0.05,0.005,0.1,30,,,,-1,two_stage,2,0.5,"__confirm_cooldown=200,__confirm_rule=perm_test,__perm_alpha=0.05,__perm_min_effect=0,__perm_n_perm=200,__perm_post_n=10,__perm_pre_n=200,__perm_rng_seed=0,__perm_stat=vote_score,divergence=0.3,error_rate=0.5,teacher_entropy=0.2",3,0,200,0.0,0,10000,10.0,25.0,200,500,1,8,1.0,0.8619313837920489,0.6640590902221449,0.0,0.1971331685781479,0.020122261717915535,0,0,126,125,-1,perm_test,0.004975124378109453,0.4958248777588455,125,125,0,0.0,0.16666666666666666,0,0.0,0.0,0.0,0.0,0,none,0,1,0,overconfident,0.95,0,mild_drift,0.9622100806507435,0.001267815249199198,0.8128726784250655,0.8607982038199289,1768152356.4848611,0.013293195515871048,0.12203114479780197
655,41920,41919,sea_nodrift,sea,ts_drift_adapt,5,"error_divergence_ph_meta@error.threshold=0.10,error.min_instances=5",error_divergence_ph_meta,"{""divergence"": {""alpha"": 0.1, ""delta"": 0.005, ""min_instances"": 30, ""threshold"": 0.05}, ""error_rate"": {""alpha"": 0.15, ""delta"": 0.005, ""min_instances"": 5, ""threshold"": 0.1}}","{""error_rate"": {""min_instances"": 5, ""threshold"": 0.1}}",0.1,0.005,0.15,5,0.05,0.005,0.1,30,,,,-1,two_stage,2,0.5,"__confirm_cooldown=200,__confirm_rule=perm_test,__perm_alpha=0.05,__perm_min_effect=0,__perm_n_perm=200,__perm_post_n=10,__perm_pre_n=200,__perm_rng_seed=0,__perm_stat=vote_score,divergence=0.3,error_rate=0.5,teacher_entropy=0.2",3,0,200,0.0,0,10000,10.0,25.0,200,500,0,0,1.0,0.8620229007633587,0.664319020268598,0.16666666666666666,0.1641341596841812,0.012987441383302212,0,0,126,125,-1,perm_test,0.004975124378109453,0.4958248777588455,125,125,0,0.0,0.16666666666666666,0,0.0,0.0,0.0,0.0,0,none,0,1,0,overconfident,0.95,0,mild_drift,0.9612550403253717,0.001283907624599599,0.8064363392125328,0.8578991019099644,1768152356.494451,0.34681984782218933,0.1160036250948906
656,41984,41983,sea_nodrift,sea,ts_drift_adapt,5,"error_divergence_ph_meta@error.threshold=0.10,error.min_instances=5",error_divergence_ph_meta,"{""divergence"": {""alpha"": 0.1, ""delta"": 0.005, ""min_instances"": 30, ""threshold"": 0.05}, ""error_rate"": {""alpha"": 0.15, ""delta"": 0.005, ""min_instances"": 5, ""threshold"": 0.1}}","{""error_rate"": {""min_instances"": 5, ""threshold"": 0.1}}",0.1,0.005,0.15,5,0.05,0.005,0.1,30,,,,-1,two_stage,2,0.5,"__confirm_cooldown=200,__confirm_rule=perm_test,__perm_alpha=0.05,__perm_min_effect=0,__perm_n_perm=200,__perm_post_n=10,__perm_pre_n=200,__perm_rng_seed=0,__perm_stat=vote_score,divergence=0.3,error_rate=0.5,teacher_entropy=0.2",3,0,200,0.0,0,10000,10.0,25.0,200,500,0,0,1.0,0.8621379573170732,0.6645762679714525,0.16666666666666666,0.143450066447258,0.009080138988792896,1,1,127,126,0,perm_test,0.004975124378109453,0.48880243732517514,126,126,0,0.0,0.0039073023945093155,1,0.5,0.0,0.0,0.0,0,none,1,1,0,overconfident,0.95,0,stable,0.9756275201626858,0.0010419538122997994,0.9032181696062664,0.9014495509549822,1768152356.5097501,0.19863295555114746,0.07145224511623383
657,42048,42047,sea_nodrift,sea,ts_drift_adapt,5,"error_divergence_ph_meta@error.threshold=0.10,error.min_instances=5",error_divergence_ph_meta,"{""divergence"": {""alpha"": 0.1, ""delta"": 0.005, ""min_instances"": 30, ""threshold"": 0.05}, ""error_rate"": {""alpha"": 0.15, ""delta"": 0.005, ""min_instances"": 5, ""threshold"": 0.1}}","{""error_rate"": {""min_instances"": 5, ""threshold"": 0.1}}",0.1,0.005,0.15,5,0.05,0.005,0.1,30,,,,-1,two_stage,2,0.5,"__confirm_cooldown=200,__confirm_rule=perm_test,__perm_alpha=0.05,__perm_min_effect=0,__perm_n_perm=200,__perm_post_n=10,__perm_pre_n=200,__perm_rng_seed=0,__perm_stat=vote_score,divergence=0.3,error_rate=0.5,teacher_entropy=0.2",3,0,200,0.0,0,10000,10.0,25.0,200,500,1,136,1.0,0.8622288812785388,0.6648785308264563,0.16666666666666666,0.17610397934913635,0.0057611651718616486,0,0,127,126,-1,perm_test,0.004975124378109453,0.48880243732517514,126,126,0,0.0,0.0033189738169312477,0,0.0,0.0,0.0,0.0,0,none,0,1,0,overconfident,0.95,0,mild_drift,0.9679637600813429,0.0011709769061498997,0.8516090848031332,0.8782247754774911,1768152356.5193598,0.20079387724399567,0.05715871974825859
658,42112,42111,sea_nodrift,sea,ts_drift_adapt,5,"error_divergence_ph_meta@error.threshold=0.10,error.min_instances=5",error_divergence_ph_meta,"{""divergence"": {""alpha"": 0.1, ""delta"": 0.005, ""min_instances"": 30, ""threshold"": 0.05}, ""error_rate"": {""alpha"": 0.15, ""delta"": 0.005, ""min_instances"": 5, ""threshold"": 0.1}}","{""error_rate"": {""min_instances"": 5, ""threshold"": 0.1}}",0.1,0.005,0.15,5,0.05,0.005,0.1,30,,,,-1,two_stage,2,0.5,"__confirm_cooldown=200,__confirm_rule=perm_test,__perm_alpha=0.05,__perm_min_effect=0,__perm_n_perm=200,__perm_post_n=10,__perm_pre_n=200,__perm_rng_seed=0,__perm_stat=vote_score,divergence=0.3,error_rate=0.5,teacher_entropy=0.2",3,0,200,0.0,0,10000,10.0,25.0,200,500,1,72,1.0,0.8624145136778115,0.6652089938861343,0.0,0.15896467864513397,0.009104202501475811,0,0,127,126,-1,perm_test,0.004975124378109453,0.48880243732517514,126,126,0,0.0,0.16666666666666666,0,0.0,0.0,0.0,0.0,0,none,0,1,0,overconfident,0.95,0,mild_drift,0.9641318800406714,0.0012354884530749498,0.8258045424015666,0.8666123877387455,1768152356.528786,0.11403769999742508,0.08588188141584396
659,42176,42175,sea_nodrift,sea,ts_drift_adapt,5,"error_divergence_ph_meta@error.threshold=0.10,error.min_instances=5",error_divergence_ph_meta,"{""divergence"": {""alpha"": 0.1, ""delta"": 0.005, ""min_instances"": 30, ""threshold"": 0.05}, ""error_rate"": {""alpha"": 0.15, ""delta"": 0.005, ""min_instances"": 5, ""threshold"": 0.1}}","{""error_rate"": {""min_instances"": 5, ""threshold"": 0.1}}",0.1,0.005,0.15,5,0.05,0.005,0.1,30,,,,-1,two_stage,2,0.5,"__confirm_cooldown=200,__confirm_rule=perm_test,__perm_alpha=0.05,__perm_min_effect=0,__perm_n_perm=200,__perm_post_n=10,__perm_pre_n=200,__perm_rng_seed=0,__perm_stat=vote_score,divergence=0.3,error_rate=0.5,teacher_entropy=0.2",3,0,200,0.0,0,10000,10.0,25.0,200,500,1,8,1.0,0.8625047420333839,0.6654898594440606,0.0,0.20660622417926788,0.008913067169487476,0,0,127,126,-1,perm_test,0.004975124378109453,0.48880243732517514,126,126,0,0.0,0.00019113533198833466,0,0.0,0.0,0.0,0.0,0,none,0,1,0,overconfident,0.95,0,mild_drift,0.9622159400203356,0.0012677442265374749,0.8129022712007834,0.8608061938693727,1768152356.5383377,0.04228724539279938,0.10697516798973083
660,42240,42239,sea_nodrift,sea,ts_drift_adapt,5,"error_divergence_ph_meta@error.threshold=0.10,error.min_instances=5",error_divergence_ph_meta,"{""divergence"": {""alpha"": 0.1, ""delta"": 0.005, ""min_instances"": 30, ""threshold"": 0.05}, ""error_rate"": {""alpha"": 0.15, ""delta"": 0.005, ""min_instances"": 5, ""threshold"": 0.1}}","{""error_rate"": {""min_instances"": 5, ""threshold"": 0.1}}",0.1,0.005,0.15,5,0.05,0.005,0.1,30,,,,-1,two_stage,2,0.5,"__confirm_cooldown=200,__confirm_rule=perm_test,__perm_alpha=0.05,__perm_min_effect=0,__perm_n_perm=200,__perm_post_n=10,__perm_pre_n=200,__perm_rng_seed=0,__perm_stat=vote_score,divergence=0.3,error_rate=0.5,teacher_entropy=0.2",3,0,200,0.0,0,10000,10.0,25.0,200,500,0,0,1.0,0.8626183712121213,0.6658011682502538,0.0,0.1650853008031845,0.009376880712807178,0,0,127,126,-1,perm_test,0.004975124378109453,0.48880243732517514,126,126,0,0.0,0.00046381354331970215,0,0.0,0.0,0.0,0.0,0,none,0,1,0,overconfident,0.95,0,mild_drift,0.9612579700101678,0.0012838721132687374,0.8064511356003917,0.8579030969346864,1768152356.5479474,0.12723657488822937,0.08697737753391266
661,42304,42303,sea_nodrift,sea,ts_drift_adapt,5,"error_divergence_ph_meta@error.threshold=0.10,error.min_instances=5",error_divergence_ph_meta,"{""divergence"": {""alpha"": 0.1, ""delta"": 0.005, ""min_instances"": 30, ""threshold"": 0.05}, ""error_rate"": {""alpha"": 0.15, ""delta"": 0.005, ""min_instances"": 5, ""threshold"": 0.1}}","{""error_rate"": {""min_instances"": 5, ""threshold"": 0.1}}",0.1,0.005,0.15,5,0.05,0.005,0.1,30,,,,-1,two_stage,2,0.5,"__confirm_cooldown=200,__confirm_rule=perm_test,__perm_alpha=0.05,__perm_min_effect=0,__perm_n_perm=200,__perm_post_n=10,__perm_pre_n=200,__perm_rng_seed=0,__perm_stat=vote_score,divergence=0.3,error_rate=0.5,teacher_entropy=0.2",3,0,200,0.0,0,10000,10.0,25.0,200,500,0,0,1.0,0.8626134644478064,0.6658258424255181,0.5,0.2256486862897873,0.016864288598299026,1,1,128,127,0,perm_test,0.004975124378109453,0.5212537345195067,127,127,0,0.33333333333333337,0.5,1,0.5,0.0,0.0,0.0,0,none,1,1,0,overconfident,0.95,0,severe_drift,0.9261289850050839,0.0016419360566343687,0.6532255678001959,0.8339515484673432,1768152356.5630653,0.8190620541572571,0.1251060664653778
662,42368,42367,sea_nodrift,sea,ts_drift_adapt,5,"error_divergence_ph_meta@error.threshold=0.10,error.min_instances=5",error_divergence_ph_meta,"{""divergence"": {""alpha"": 0.1, ""delta"": 0.005, ""min_instances"": 30, ""threshold"": 0.05}, ""error_rate"": {""alpha"": 0.15, ""delta"": 0.005, ""min_instances"": 5, ""threshold"": 0.1}}","{""error_rate"": {""min_instances"": 5, ""threshold"": 0.1}}",0.1,0.005,0.15,5,0.05,0.005,0.1,30,,,,-1,two_stage,2,0.5,"__confirm_cooldown=200,__confirm_rule=perm_test,__perm_alpha=0.05,__perm_min_effect=0,__perm_n_perm=200,__perm_post_n=10,__perm_pre_n=200,__perm_rng_seed=0,__perm_stat=vote_score,divergence=0.3,error_rate=0.5,teacher_entropy=0.2",3,0,200,0.0,0,10000,10.0,25.0,200,500,1,136,1.0,0.8627501888217523,0.6661698240793938,0.3333333333333333,0.15338966250419617,0.012098077684640884,0,0,128,127,-1,perm_test,0.004975124378109453,0.5212537345195067,127,127,0,0.0,0.16666666666666669,0,0.0,0.0,0.0,0.0,0,none,0,1,0,overconfident,0.95,0,mild_drift,0.9432144925025419,0.0014709680283171845,0.726612783900098,0.8444757742336716,1768152356.5725782,0.6812198162078857,0.1366594433784485
663,42432,42431,sea_nodrift,sea,ts_drift_adapt,5,"error_divergence_ph_meta@error.threshold=0.10,error.min_instances=5",error_divergence_ph_meta,"{""divergence"": {""alpha"": 0.1, ""delta"": 0.005, ""min_instances"": 30, ""threshold"": 0.05}, ""error_rate"": {""alpha"": 0.15, ""delta"": 0.005, ""min_instances"": 5, ""threshold"": 0.1}}","{""error_rate"": {""min_instances"": 5, ""threshold"": 0.1}}",0.1,0.005,0.15,5,0.05,0.005,0.1,30,,,,-1,two_stage,2,0.5,"__confirm_cooldown=200,__confirm_rule=perm_test,__perm_alpha=0.05,__perm_min_effect=0,__perm_n_perm=200,__perm_post_n=10,__perm_pre_n=200,__perm_rng_seed=0,__perm_stat=vote_score,divergence=0.3,error_rate=0.5,teacher_entropy=0.2",3,0,200,0.0,0,10000,10.0,25.0,200,500,1,72,1.0,0.8628393665158371,0.6665069348513287,0.0,0.15472090244293213,0.023890791460871696,0,0,128,127,-1,perm_test,0.004975124378109453,0.5212537345195067,127,127,0,0.0,0.3333333333333333,0,0.0,0.0,0.0,0.0,0,none,0,1,0,overconfident,0.95,0,mild_drift,0.9517572462512709,0.0013854840141585925,0.763306391950049,0.8497378871168357,1768152356.5819833,0.05082337185740471,0.18622003495693207
664,42496,42495,sea_nodrift,sea,ts_drift_adapt,5,"error_divergence_ph_meta@error.threshold=0.10,error.min_instances=5",error_divergence_ph_meta,"{""divergence"": {""alpha"": 0.1, ""delta"": 0.005, ""min_instances"": 30, ""threshold"": 0.05}, ""error_rate"": {""alpha"": 0.15, ""delta"": 0.005, ""min_instances"": 5, ""threshold"": 0.1}}","{""error_rate"": {""min_instances"": 5, ""threshold"": 0.1}}",0.1,0.005,0.15,5,0.05,0.005,0.1,30,,,,-1,two_stage,2,0.5,"__confirm_cooldown=200,__confirm_rule=perm_test,__perm_alpha=0.05,__perm_min_effect=0,__perm_n_perm=200,__perm_post_n=10,__perm_pre_n=200,__perm_rng_seed=0,__perm_stat=vote_score,divergence=0.3,error_rate=0.5,teacher_entropy=0.2",3,0,200,0.0,0,10000,10.0,25.0,200,500,1,8,1.0,0.8630224021084337,0.6669468413268652,0.0,0.1559397131204605,0.009890716522932053,0,0,128,127,-1,perm_test,0.004975124378109453,0.5212537345195067,127,127,0,0.0,0.014000074937939644,0,0.0,0.0,0.0,0.0,0,none,0,1,0,overconfident,0.95,0,mild_drift,0.9560286231256354,0.0013427420070792964,0.7816531959750246,0.8523689435584179,1768152356.591821,0.10111355036497116,0.08806952834129333
665,42560,42559,sea_nodrift,sea,ts_drift_adapt,5,"error_divergence_ph_meta@error.threshold=0.10,error.min_instances=5",error_divergence_ph_meta,"{""divergence"": {""alpha"": 0.1, ""delta"": 0.005, ""min_instances"": 30, ""threshold"": 0.05}, ""error_rate"": {""alpha"": 0.15, ""delta"": 0.005, ""min_instances"": 5, ""threshold"": 0.1}}","{""error_rate"": {""min_instances"": 5, ""threshold"": 0.1}}",0.1,0.005,0.15,5,0.05,0.005,0.1,30,,,,-1,two_stage,2,0.5,"__confirm_cooldown=200,__confirm_rule=perm_test,__perm_alpha=0.05,__perm_min_effect=0,__perm_n_perm=200,__perm_post_n=10,__perm_pre_n=200,__perm_rng_seed=0,__perm_stat=vote_score,divergence=0.3,error_rate=0.5,teacher_entropy=0.2",3,0,200,0.0,0,10000,10.0,25.0,200,500,0,0,1.0,0.8631813909774436,0.6672756356844592,0.16666666666666666,0.15315338969230652,0.0070149535313248634,0,0,128,127,-1,perm_test,0.004975124378109453,0.5212537345195067,127,127,0,0.0,0.16666666666666666,0,0.0,0.0,0.0,0.0,0,none,0,1,0,overconfident,0.95,0,mild_drift,0.9581643115628177,0.0013213710035396482,0.7908265979875123,0.8536844717792089,1768152356.6013777,0.23085491359233856,0.07991180568933487
666,42624,42623,sea_nodrift,sea,ts_drift_adapt,5,"error_divergence_ph_meta@error.threshold=0.10,error.min_instances=5",error_divergence_ph_meta,"{""divergence"": {""alpha"": 0.1, ""delta"": 0.005, ""min_instances"": 30, ""threshold"": 0.05}, ""error_rate"": {""alpha"": 0.15, ""delta"": 0.005, ""min_instances"": 5, ""threshold"": 0.1}}","{""error_rate"": {""min_instances"": 5, ""threshold"": 0.1}}",0.1,0.005,0.15,5,0.05,0.005,0.1,30,,,,-1,two_stage,2,0.5,"__confirm_cooldown=200,__confirm_rule=perm_test,__perm_alpha=0.05,__perm_min_effect=0,__perm_n_perm=200,__perm_post_n=10,__perm_pre_n=200,__perm_rng_seed=0,__perm_stat=vote_score,divergence=0.3,error_rate=0.5,teacher_entropy=0.2",3,0,200,0.0,0,10000,10.0,25.0,200,500,0,0,1.0,0.8632695195195195,0.6675230749700752,0.16666666666666666,0.19811709225177765,0.016190938651561737,1,1,129,128,0,perm_test,0.004975124378109453,0.543562322875434,128,128,0,0.33333333333333337,0.009175985120236874,1,0.5,0.0,0.0,0.0,0,none,1,1,0,overconfident,0.95,0,severe_drift,0.9245821557814089,0.0016606855017698241,0.6454132989937562,0.8318422358896045,1768152356.6164167,0.13199524581432343,0.15030530095100403
667,42688,42687,sea_nodrift,sea,ts_drift_adapt,5,"error_divergence_ph_meta@error.threshold=0.10,error.min_instances=5",error_divergence_ph_meta,"{""divergence"": {""alpha"": 0.1, ""delta"": 0.005, ""min_instances"": 30, ""threshold"": 0.05}, ""error_rate"": {""alpha"": 0.15, ""delta"": 0.005, ""min_instances"": 5, ""threshold"": 0.1}}","{""error_rate"": {""min_instances"": 5, ""threshold"": 0.1}}",0.1,0.005,0.15,5,0.05,0.005,0.1,30,,,,-1,two_stage,2,0.5,"__confirm_cooldown=200,__confirm_rule=perm_test,__perm_alpha=0.05,__perm_min_effect=0,__perm_n_perm=200,__perm_post_n=10,__perm_pre_n=200,__perm_rng_seed=0,__perm_stat=vote_score,divergence=0.3,error_rate=0.5,teacher_entropy=0.2",3,0,200,0.0,0,10000,10.0,25.0,200,500,1,136,1.0,0.8633573838080959,0.6678611596173397,0.16666666666666666,0.16812852025032043,0.011035037226974964,0,0,129,128,-1,perm_test,0.004975124378109453,0.543562322875434,128,128,0,0.0,0.005155901424586773,0,0.0,0.0,0.0,0.0,0,none,0,1,0,overconfident,0.95,0,mild_drift,0.9424410778907044,0.0014803427508849121,0.7227066494968781,0.8434211179448022,1768152356.6259737,0.17670093476772308,0.12108083069324493
668,42752,42751,sea_nodrift,sea,ts_drift_adapt,5,"error_divergence_ph_meta@error.threshold=0.10,error.min_instances=5",error_divergence_ph_meta,"{""divergence"": {""alpha"": 0.1, ""delta"": 0.005, ""min_instances"": 30, ""threshold"": 0.05}, ""error_rate"": {""alpha"": 0.15, ""delta"": 0.005, ""min_instances"": 5, ""threshold"": 0.1}}","{""error_rate"": {""min_instances"": 5, ""threshold"": 0.1}}",0.1,0.005,0.15,5,0.05,0.005,0.1,30,,,,-1,two_stage,2,0.5,"__confirm_cooldown=200,__confirm_rule=perm_test,__perm_alpha=0.05,__perm_min_effect=0,__perm_n_perm=200,__perm_post_n=10,__perm_pre_n=200,__perm_rng_seed=0,__perm_stat=vote_score,divergence=0.3,error_rate=0.5,teacher_entropy=0.2",3,0,200,0.0,0,10000,10.0,25.0,200,500,1,72,1.0,0.8635151571856288,0.6682489441741116,0.16666666666666666,0.1847020387649536,0.017277084290981293,0,0,129,128,-1,perm_test,0.004975124378109453,0.543562322875434,128,128,0,0.0,0.006242047064006329,0,0.0,0.0,0.0,0.0,0,none,0,1,0,overconfident,0.95,0,mild_drift,0.9513705389453522,0.0013901713754424561,0.7613533247484391,0.849210558972401,1768152356.6355653,0.22259871661663055,0.1345665156841278
669,42816,42815,sea_nodrift,sea,ts_drift_adapt,5,"error_divergence_ph_meta@error.threshold=0.10,error.min_instances=5",error_divergence_ph_meta,"{""divergence"": {""alpha"": 0.1, ""delta"": 0.005, ""min_instances"": 30, ""threshold"": 0.05}, ""error_rate"": {""alpha"": 0.15, ""delta"": 0.005, ""min_instances"": 5, ""threshold"": 0.1}}","{""error_rate"": {""min_instances"": 5, ""threshold"": 0.1}}",0.1,0.005,0.15,5,0.05,0.005,0.1,30,,,,-1,two_stage,2,0.5,"__confirm_cooldown=200,__confirm_rule=perm_test,__perm_alpha=0.05,__perm_min_effect=0,__perm_n_perm=200,__perm_post_n=10,__perm_pre_n=200,__perm_rng_seed=0,__perm_stat=vote_score,divergence=0.3,error_rate=0.5,teacher_entropy=0.2",3,0,200,0.0,0,10000,10.0,25.0,200,500,1,8,1.0,0.8636257473841554,0.6684737592228903,0.0,0.2042761743068695,0.011885643936693668,0,0,129,128,-1,perm_test,0.004975124378109453,0.543562322875434,128,128,0,0.0,0.16666666666666666,0,0.0,0.0,0.0,0.0,0,none,0,1,0,overconfident,0.95,0,mild_drift,0.955835269472676,0.0013450856877212283,0.7806766623742196,0.8521052794862005,1768152356.6450999,0.04606778547167778,0.10675284266471863
670,42880,42879,sea_nodrift,sea,ts_drift_adapt,5,"error_divergence_ph_meta@error.threshold=0.10,error.min_instances=5",error_divergence_ph_meta,"{""divergence"": {""alpha"": 0.1, ""delta"": 0.005, ""min_instances"": 30, ""threshold"": 0.05}, ""error_rate"": {""alpha"": 0.15, ""delta"": 0.005, ""min_instances"": 5, ""threshold"": 0.1}}","{""error_rate"": {""min_instances"": 5, ""threshold"": 0.1}}",0.1,0.005,0.15,5,0.05,0.005,0.1,30,,,,-1,two_stage,2,0.5,"__confirm_cooldown=200,__confirm_rule=perm_test,__perm_alpha=0.05,__perm_min_effect=0,__perm_n_perm=200,__perm_post_n=10,__perm_pre_n=200,__perm_rng_seed=0,__perm_stat=vote_score,divergence=0.3,error_rate=0.5,teacher_entropy=0.2",3,0,200,0.0,0,10000,10.0,25.0,200,500,0,0,1.0,0.8636893656716418,0.6686061932451798,0.0,0.18893155455589294,0.016790024936199188,0,0,129,128,-1,perm_test,0.004975124378109453,0.543562322875434,128,128,0,0.0,0.00490438099950552,0,0.0,0.0,0.0,0.0,0,none,0,1,0,overconfident,0.95,0,mild_drift,0.9580676347363379,0.001322542843860614,0.7903383311871098,0.8535526397431002,1768152356.6547024,0.07172717899084091,0.131539985537529
671,42944,42943,sea_nodrift,sea,ts_drift_adapt,5,"error_divergence_ph_meta@error.threshold=0.10,error.min_instances=5",error_divergence_ph_meta,"{""divergence"": {""alpha"": 0.1, ""delta"": 0.005, ""min_instances"": 30, ""threshold"": 0.05}, ""error_rate"": {""alpha"": 0.15, ""delta"": 0.005, ""min_instances"": 5, ""threshold"": 0.1}}","{""error_rate"": {""min_instances"": 5, ""threshold"": 0.1}}",0.1,0.005,0.15,5,0.05,0.005,0.1,30,,,,-1,two_stage,2,0.5,"__confirm_cooldown=200,__confirm_rule=perm_test,__perm_alpha=0.05,__perm_min_effect=0,__perm_n_perm=200,__perm_post_n=10,__perm_pre_n=200,__perm_rng_seed=0,__perm_stat=vote_score,divergence=0.3,error_rate=0.5,teacher_entropy=0.2",3,0,200,0.0,0,10000,10.0,25.0,200,500,0,0,1.0,0.863822652757079,0.6689628036937402,0.0,0.18749406933784485,0.0073606702499091625,0,0,129,128,-1,perm_test,0.004975124378109453,0.543562322875434,128,128,0,0.0,0.009429354686290026,0,0.0,0.0,0.0,0.0,0,none,0,1,0,overconfident,0.95,0,mild_drift,0.9591838173681689,0.0013112714219303072,0.7951691655935549,0.8542763198715502,1768152356.6643932,0.1832316666841507,0.07189346104860306
672,43008,43007,sea_nodrift,sea,ts_drift_adapt,5,"error_divergence_ph_meta@error.threshold=0.10,error.min_instances=5",error_divergence_ph_meta,"{""divergence"": {""alpha"": 0.1, ""delta"": 0.005, ""min_instances"": 30, ""threshold"": 0.05}, ""error_rate"": {""alpha"": 0.15, ""delta"": 0.005, ""min_instances"": 5, ""threshold"": 0.1}}","{""error_rate"": {""min_instances"": 5, ""threshold"": 0.1}}",0.1,0.005,0.15,5,0.05,0.005,0.1,30,,,,-1,two_stage,2,0.5,"__confirm_cooldown=200,__confirm_rule=perm_test,__perm_alpha=0.05,__perm_min_effect=0,__perm_n_perm=200,__perm_post_n=10,__perm_pre_n=200,__perm_rng_seed=0,__perm_stat=vote_score,divergence=0.3,error_rate=0.5,teacher_entropy=0.2",3,0,200,0.0,0,10000,10.0,25.0,200,500,0,0,1.0,0.8638625372023809,0.6690310060465429,0.0,0.22985617816448212,0.012072896584868431,0,0,129,128,-1,perm_test,0.004975124378109453,0.543562322875434,128,128,0,0.0,0.004712226334959269,0,0.0,0.0,0.0,0.0,0,none,0,1,0,overconfident,0.95,0,mild_drift,0.9597419086840844,0.0013056357109651538,0.7975845827967775,0.8546381599357751,1768152356.6742198,0.054059743881225586,0.09459905326366425
673,43072,43071,sea_nodrift,sea,ts_drift_adapt,5,"error_divergence_ph_meta@error.threshold=0.10,error.min_instances=5",error_divergence_ph_meta,"{""divergence"": {""alpha"": 0.1, ""delta"": 0.005, ""min_instances"": 30, ""threshold"": 0.05}, ""error_rate"": {""alpha"": 0.15, ""delta"": 0.005, ""min_instances"": 5, ""threshold"": 0.1}}","{""error_rate"": {""min_instances"": 5, ""threshold"": 0.1}}",0.1,0.005,0.15,5,0.05,0.005,0.1,30,,,,-1,two_stage,2,0.5,"__confirm_cooldown=200,__confirm_rule=perm_test,__perm_alpha=0.05,__perm_min_effect=0,__perm_n_perm=200,__perm_post_n=10,__perm_pre_n=200,__perm_rng_seed=0,__perm_stat=vote_score,divergence=0.3,error_rate=0.5,teacher_entropy=0.2",3,0,200,0.0,0,10000,10.0,25.0,200,500,0,0,1.0,0.8639719539375929,0.6693041246418729,0.0,0.22542095184326172,0.0147452587261796,0,0,129,128,-1,perm_test,0.004975124378109453,0.543562322875434,128,128,0,0.0,0.0026723621413111687,0,0.0,0.0,0.0,0.0,0,none,0,1,0,overconfident,0.95,0,mild_drift,0.9600209543420422,0.001302817855482577,0.7987922913983887,0.8548190799678875,1768152356.684081,0.22834043204784393,0.10353407263755798
674,43136,43135,sea_nodrift,sea,ts_drift_adapt,5,"error_divergence_ph_meta@error.threshold=0.10,error.min_instances=5",error_divergence_ph_meta,"{""divergence"": {""alpha"": 0.1, ""delta"": 0.005, ""min_instances"": 30, ""threshold"": 0.05}, ""error_rate"": {""alpha"": 0.15, ""delta"": 0.005, ""min_instances"": 5, ""threshold"": 0.1}}","{""error_rate"": {""min_instances"": 5, ""threshold"": 0.1}}",0.1,0.005,0.15,5,0.05,0.005,0.1,30,,,,-1,two_stage,2,0.5,"__confirm_cooldown=200,__confirm_rule=perm_test,__perm_alpha=0.05,__perm_min_effect=0,__perm_n_perm=200,__perm_post_n=10,__perm_pre_n=200,__perm_rng_seed=0,__perm_stat=vote_score,divergence=0.3,error_rate=0.5,teacher_entropy=0.2",3,0,200,0.0,0,10000,10.0,25.0,200,500,0,0,1.0,0.8641042284866469,0.6696739443684421,0.0,0.2114674150943756,0.009000660851597786,0,0,129,128,-1,perm_test,0.004975124378109453,0.543562322875434,128,128,0,0.0,0.005744597874581814,0,0.0,0.0,0.0,0.0,0,none,0,1,0,overconfident,0.95,0,mild_drift,0.960160477171021,0.0013014089277412887,0.7993961456991944,0.8549095399839437,1768152356.6939597,0.08465957641601562,0.0742296576499939
675,43200,43199,sea_nodrift,sea,ts_drift_adapt,5,"error_divergence_ph_meta@error.threshold=0.10,error.min_instances=5",error_divergence_ph_meta,"{""divergence"": {""alpha"": 0.1, ""delta"": 0.005, ""min_instances"": 30, ""threshold"": 0.05}, ""error_rate"": {""alpha"": 0.15, ""delta"": 0.005, ""min_instances"": 5, ""threshold"": 0.1}}","{""error_rate"": {""min_instances"": 5, ""threshold"": 0.1}}",0.1,0.005,0.15,5,0.05,0.005,0.1,30,,,,-1,two_stage,2,0.5,"__confirm_cooldown=200,__confirm_rule=perm_test,__perm_alpha=0.05,__perm_min_effect=0,__perm_n_perm=200,__perm_post_n=10,__perm_pre_n=200,__perm_rng_seed=0,__perm_stat=vote_score,divergence=0.3,error_rate=0.5,teacher_entropy=0.2",3,0,200,0.0,0,10000,10.0,25.0,200,500,0,0,1.0,0.8642824074074074,0.670088868650438,0.16666666666666666,0.18633431196212769,0.006788391619920731,1,1,130,129,0,perm_test,0.004975124378109453,0.5,129,129,0,0.0,0.16666666666666666,1,0.5,0.0,0.0,0.0,0,none,1,1,0,overconfident,0.95,0,stable,0.9750802385855105,0.0010507044638706443,0.8996980728495971,0.8999547699919719,1768152356.7096555,0.14266712963581085,0.06803203374147415
676,43264,43263,sea_nodrift,sea,ts_drift_adapt,5,"error_divergence_ph_meta@error.threshold=0.10,error.min_instances=5",error_divergence_ph_meta,"{""divergence"": {""alpha"": 0.1, ""delta"": 0.005, ""min_instances"": 30, ""threshold"": 0.05}, ""error_rate"": {""alpha"": 0.15, ""delta"": 0.005, ""min_instances"": 5, ""threshold"": 0.1}}","{""error_rate"": {""min_instances"": 5, ""threshold"": 0.1}}",0.1,0.005,0.15,5,0.05,0.005,0.1,30,,,,-1,two_stage,2,0.5,"__confirm_cooldown=200,__confirm_rule=perm_test,__perm_alpha=0.05,__perm_min_effect=0,__perm_n_perm=200,__perm_post_n=10,__perm_pre_n=200,__perm_rng_seed=0,__perm_stat=vote_score,divergence=0.3,error_rate=0.5,teacher_entropy=0.2",3,0,200,0.0,0,10000,10.0,25.0,200,500,1,136,1.0,0.8643676035502958,0.6703149951703765,0.16666666666666666,0.23693348467350006,0.019080346450209618,0,0,130,129,-1,perm_test,0.004975124378109453,0.5,129,129,0,0.0,0.012291954830288887,0,0.0,0.0,0.0,0.0,0,none,0,1,0,overconfident,0.95,0,mild_drift,0.9676901192927552,0.0011753522319353222,0.8498490364247986,0.8774773849959859,1768152356.719363,0.6120962500572205,0.16285698115825653
677,43328,43327,sea_nodrift,sea,ts_drift_adapt,5,"error_divergence_ph_meta@error.threshold=0.10,error.min_instances=5",error_divergence_ph_meta,"{""divergence"": {""alpha"": 0.1, ""delta"": 0.005, ""min_instances"": 30, ""threshold"": 0.05}, ""error_rate"": {""alpha"": 0.15, ""delta"": 0.005, ""min_instances"": 5, ""threshold"": 0.1}}","{""error_rate"": {""min_instances"": 5, ""threshold"": 0.1}}",0.1,0.005,0.15,5,0.05,0.005,0.1,30,,,,-1,two_stage,2,0.5,"__confirm_cooldown=200,__confirm_rule=perm_test,__perm_alpha=0.05,__perm_min_effect=0,__perm_n_perm=200,__perm_post_n=10,__perm_pre_n=200,__perm_rng_seed=0,__perm_stat=vote_score,divergence=0.3,error_rate=0.5,teacher_entropy=0.2",3,0,200,0.0,0,10000,10.0,25.0,200,500,1,72,1.0,0.8644756277695717,0.6705082494693985,0.16666666666666666,0.19684474170207977,0.01649376191198826,0,0,130,129,-1,perm_test,0.004975124378109453,0.5,129,129,0,0.0,0.0025865845382213593,0,0.0,0.0,0.0,0.0,0,none,0,1,0,overconfident,0.95,0,mild_drift,0.9639950596463776,0.0012376761159676613,0.8249245182123993,0.866238692497993,1768152356.728911,0.1979174166917801,0.13775146007537842
678,43392,43391,sea_nodrift,sea,ts_drift_adapt,5,"error_divergence_ph_meta@error.threshold=0.10,error.min_instances=5",error_divergence_ph_meta,"{""divergence"": {""alpha"": 0.1, ""delta"": 0.005, ""min_instances"": 30, ""threshold"": 0.05}, ""error_rate"": {""alpha"": 0.15, ""delta"": 0.005, ""min_instances"": 5, ""threshold"": 0.1}}","{""error_rate"": {""min_instances"": 5, ""threshold"": 0.1}}",0.1,0.005,0.15,5,0.05,0.005,0.1,30,,,,-1,two_stage,2,0.5,"__confirm_cooldown=200,__confirm_rule=perm_test,__perm_alpha=0.05,__perm_min_effect=0,__perm_n_perm=200,__perm_post_n=10,__perm_pre_n=200,__perm_rng_seed=0,__perm_stat=vote_score,divergence=0.3,error_rate=0.5,teacher_entropy=0.2",3,0,200,0.0,0,10000,10.0,25.0,200,500,1,8,1.0,0.8645372418879056,0.6706836065359398,0.16666666666666666,0.24340678751468658,0.019094882532954216,0,0,130,129,-1,perm_test,0.004975124378109453,0.5,129,129,0,0.0,0.0026011206209659576,0,0.0,0.0,0.0,0.0,0,none,0,1,0,overconfident,0.95,0,mild_drift,0.9621475298231887,0.0012688380579838308,0.8124622591061996,0.8606193462489965,1768152356.7385554,0.18527008593082428,0.15560314059257507
679,43456,43455,sea_nodrift,sea,ts_drift_adapt,5,"error_divergence_ph_meta@error.threshold=0.10,error.min_instances=5",error_divergence_ph_meta,"{""divergence"": {""alpha"": 0.1, ""delta"": 0.005, ""min_instances"": 30, ""threshold"": 0.05}, ""error_rate"": {""alpha"": 0.15, ""delta"": 0.005, ""min_instances"": 5, ""threshold"": 0.1}}","{""error_rate"": {""min_instances"": 5, ""threshold"": 0.1}}",0.1,0.005,0.15,5,0.05,0.005,0.1,30,,,,-1,two_stage,2,0.5,"__confirm_cooldown=200,__confirm_rule=perm_test,__perm_alpha=0.05,__perm_min_effect=0,__perm_n_perm=200,__perm_post_n=10,__perm_pre_n=200,__perm_rng_seed=0,__perm_stat=vote_score,divergence=0.3,error_rate=0.5,teacher_entropy=0.2",3,0,200,0.0,0,10000,10.0,25.0,200,500,0,0,1.0,0.8646907216494846,0.6710268302231226,0.0,0.1270035207271576,0.006373156327754259,0,0,130,129,-1,perm_test,0.004975124378109453,0.5,129,129,0,0.0,0.16666666666666666,0,0.0,0.0,0.0,0.0,0,none,0,1,0,overconfident,0.95,0,mild_drift,0.9612237649115943,0.0012844190289919154,0.8062311295530998,0.8578096731244982,1768152356.7483673,0.05941043421626091,0.0635576993227005
680,43520,43519,sea_nodrift,sea,ts_drift_adapt,5,"error_divergence_ph_meta@error.threshold=0.10,error.min_instances=5",error_divergence_ph_meta,"{""divergence"": {""alpha"": 0.1, ""delta"": 0.005, ""min_instances"": 30, ""threshold"": 0.05}, ""error_rate"": {""alpha"": 0.15, ""delta"": 0.005, ""min_instances"": 5, ""threshold"": 0.1}}","{""error_rate"": {""min_instances"": 5, ""threshold"": 0.1}}",0.1,0.005,0.15,5,0.05,0.005,0.1,30,,,,-1,two_stage,2,0.5,"__confirm_cooldown=200,__confirm_rule=perm_test,__perm_alpha=0.05,__perm_min_effect=0,__perm_n_perm=200,__perm_post_n=10,__perm_pre_n=200,__perm_rng_seed=0,__perm_stat=vote_score,divergence=0.3,error_rate=0.5,teacher_entropy=0.2",3,0,200,0.0,0,10000,10.0,25.0,200,500,0,0,1.0,0.8647748161764706,0.6713573689323293,0.16666666666666666,0.22237063944339752,0.014310154132544994,1,1,131,130,0,perm_test,0.004975124378109453,0.4948058805657589,130,130,0,0.0,0.16666666666666666,1,0.5,0.0,0.0,0.0,0,none,1,1,0,overconfident,0.95,0,stable,0.9756118824557971,0.0010422095144959577,0.9031155647765499,0.9014048365622491,1768152356.7640555,0.3683876693248749,0.11132402718067169
681,43584,43583,sea_nodrift,sea,ts_drift_adapt,5,"error_divergence_ph_meta@error.threshold=0.10,error.min_instances=5",error_divergence_ph_meta,"{""divergence"": {""alpha"": 0.1, ""delta"": 0.005, ""min_instances"": 30, ""threshold"": 0.05}, ""error_rate"": {""alpha"": 0.15, ""delta"": 0.005, ""min_instances"": 5, ""threshold"": 0.1}}","{""error_rate"": {""min_instances"": 5, ""threshold"": 0.1}}",0.1,0.005,0.15,5,0.05,0.005,0.1,30,,,,-1,two_stage,2,0.5,"__confirm_cooldown=200,__confirm_rule=perm_test,__perm_alpha=0.05,__perm_min_effect=0,__perm_n_perm=200,__perm_post_n=10,__perm_pre_n=200,__perm_rng_seed=0,__perm_stat=vote_score,divergence=0.3,error_rate=0.5,teacher_entropy=0.2",3,0,200,0.0,0,10000,10.0,25.0,200,500,1,136,1.0,0.8649045521292217,0.6716573805704552,0.0,0.19777235388755798,0.024258645251393318,0,0,131,130,-1,perm_test,0.004975124378109453,0.4948058805657589,130,130,0,0.0,0.16666666666666666,0,0.0,0.0,0.0,0.0,0,none,0,1,0,overconfident,0.95,0,mild_drift,0.9679559412278985,0.0011711047572479788,0.851557782388275,0.8782024182811246,1768152356.7739403,0.014888863079249859,0.1475343406200409
682,43648,43647,sea_nodrift,sea,ts_drift_adapt,5,"error_divergence_ph_meta@error.threshold=0.10,error.min_instances=5",error_divergence_ph_meta,"{""divergence"": {""alpha"": 0.1, ""delta"": 0.005, ""min_instances"": 30, ""threshold"": 0.05}, ""error_rate"": {""alpha"": 0.15, ""delta"": 0.005, ""min_instances"": 5, ""threshold"": 0.1}}","{""error_rate"": {""min_instances"": 5, ""threshold"": 0.1}}",0.1,0.005,0.15,5,0.05,0.005,0.1,30,,,,-1,two_stage,2,0.5,"__confirm_cooldown=200,__confirm_rule=perm_test,__perm_alpha=0.05,__perm_min_effect=0,__perm_n_perm=200,__perm_post_n=10,__perm_pre_n=200,__perm_rng_seed=0,__perm_stat=vote_score,divergence=0.3,error_rate=0.5,teacher_entropy=0.2",3,0,200,0.0,0,10000,10.0,25.0,200,500,1,72,1.0,0.8649880865102639,0.6719543969363359,0.0,0.15592588484287262,0.01155735645443201,0,0,131,130,-1,perm_test,0.004975124378109453,0.4948058805657589,130,130,0,0.0,0.012701288796961308,0,0.0,0.0,0.0,0.0,0,none,0,1,0,overconfident,0.95,0,mild_drift,0.9641279706139492,0.0012355523786239894,0.8257788911941375,0.8666012091405623,1768152356.7834933,0.03795095533132553,0.10606949776411057
683,43712,43711,sea_nodrift,sea,ts_drift_adapt,5,"error_divergence_ph_meta@error.threshold=0.10,error.min_instances=5",error_divergence_ph_meta,"{""divergence"": {""alpha"": 0.1, ""delta"": 0.005, ""min_instances"": 30, ""threshold"": 0.05}, ""error_rate"": {""alpha"": 0.15, ""delta"": 0.005, ""min_instances"": 5, ""threshold"": 0.1}}","{""error_rate"": {""min_instances"": 5, ""threshold"": 0.1}}",0.1,0.005,0.15,5,0.05,0.005,0.1,30,,,,-1,two_stage,2,0.5,"__confirm_cooldown=200,__confirm_rule=perm_test,__perm_alpha=0.05,__perm_min_effect=0,__perm_n_perm=200,__perm_post_n=10,__perm_pre_n=200,__perm_rng_seed=0,__perm_stat=vote_score,divergence=0.3,error_rate=0.5,teacher_entropy=0.2",3,0,200,0.0,0,10000,10.0,25.0,200,500,1,8,1.0,0.8651171303074671,0.6722655020483569,0.16666666666666666,0.2120995819568634,0.019264377653598785,0,0,131,130,-1,perm_test,0.004975124378109453,0.4948058805657589,130,130,0,0.0,0.16666666666666666,0,0.0,0.0,0.0,0.0,0,none,0,1,0,overconfident,0.95,0,mild_drift,0.9622139853069746,0.0012677761893119949,0.8128894455970688,0.8608006045702812,1768152356.7931094,0.33549341559410095,0.16018813848495483
684,43776,43775,sea_nodrift,sea,ts_drift_adapt,5,"error_divergence_ph_meta@error.threshold=0.10,error.min_instances=5",error_divergence_ph_meta,"{""divergence"": {""alpha"": 0.1, ""delta"": 0.005, ""min_instances"": 30, ""threshold"": 0.05}, ""error_rate"": {""alpha"": 0.15, ""delta"": 0.005, ""min_instances"": 5, ""threshold"": 0.1}}","{""error_rate"": {""min_instances"": 5, ""threshold"": 0.1}}",0.1,0.005,0.15,5,0.05,0.005,0.1,30,,,,-1,two_stage,2,0.5,"__confirm_cooldown=200,__confirm_rule=perm_test,__perm_alpha=0.05,__perm_min_effect=0,__perm_n_perm=200,__perm_post_n=10,__perm_pre_n=200,__perm_rng_seed=0,__perm_stat=vote_score,divergence=0.3,error_rate=0.5,teacher_entropy=0.2",3,0,200,0.0,0,10000,10.0,25.0,200,500,0,0,1.0,0.8652457967836257,0.6726014086394505,0.0,0.17117497324943542,0.005538042634725571,0,0,131,130,-1,perm_test,0.004975124378109453,0.4948058805657589,130,130,0,0.0,0.16666666666666666,0,0.0,0.0,0.0,0.0,0,none,0,1,0,overconfident,0.95,0,mild_drift,0.9612569926534873,0.0012838880946559974,0.8064447227985344,0.8579003022851406,1768152356.8029237,0.02782033570110798,0.0693293958902359
685,43840,43839,sea_nodrift,sea,ts_drift_adapt,5,"error_divergence_ph_meta@error.threshold=0.10,error.min_instances=5",error_divergence_ph_meta,"{""divergence"": {""alpha"": 0.1, ""delta"": 0.005, ""min_instances"": 30, ""threshold"": 0.05}, ""error_rate"": {""alpha"": 0.15, ""delta"": 0.005, ""min_instances"": 5, ""threshold"": 0.1}}","{""error_rate"": {""min_instances"": 5, ""threshold"": 0.1}}",0.1,0.005,0.15,5,0.05,0.005,0.1,30,,,,-1,two_stage,2,0.5,"__confirm_cooldown=200,__confirm_rule=perm_test,__perm_alpha=0.05,__perm_min_effect=0,__perm_n_perm=200,__perm_post_n=10,__perm_pre_n=200,__perm_rng_seed=0,__perm_stat=vote_score,divergence=0.3,error_rate=0.5,teacher_entropy=0.2",3,0,200,0.0,0,10000,10.0,25.0,200,500,0,0,1.0,0.8653284671532847,0.6727352251667559,0.16666666666666666,0.16682299971580505,0.011038410477340221,1,1,132,131,0,perm_test,0.004975124378109453,0.47732063900993293,131,131,0,0.0,0.16666666666666666,1,0.5,0.0,0.0,0.0,0,none,1,1,0,overconfident,0.95,0,stable,0.9756284963267436,0.0010419440473279987,0.9032223613992671,0.9014501511425703,1768152356.81859,0.22567319869995117,0.09736400842666626
686,43904,43903,sea_nodrift,sea,ts_drift_adapt,5,"error_divergence_ph_meta@error.threshold=0.10,error.min_instances=5",error_divergence_ph_meta,"{""divergence"": {""alpha"": 0.1, ""delta"": 0.005, ""min_instances"": 30, ""threshold"": 0.05}, ""error_rate"": {""alpha"": 0.15, ""delta"": 0.005, ""min_instances"": 5, ""threshold"": 0.1}}","{""error_rate"": {""min_instances"": 5, ""threshold"": 0.1}}",0.1,0.005,0.15,5,0.05,0.005,0.1,30,,,,-1,two_stage,2,0.5,"__confirm_cooldown=200,__confirm_rule=perm_test,__perm_alpha=0.05,__perm_min_effect=0,__perm_n_perm=200,__perm_post_n=10,__perm_pre_n=200,__perm_rng_seed=0,__perm_stat=vote_score,divergence=0.3,error_rate=0.5,teacher_entropy=0.2",3,0,200,0.0,0,10000,10.0,25.0,200,500,1,136,1.0,0.8654108965014577,0.6729897378857103,0.3333333333333333,0.1545814871788025,0.015538724139332771,0,0,132,131,-1,perm_test,0.004975124378109453,0.47732063900993293,131,131,0,0.0,0.16666666666666666,0,0.0,0.0,0.0,0.0,0,none,0,1,0,overconfident,0.95,0,mild_drift,0.9679642481633718,0.0011709720236639993,0.8516111806996336,0.8782250755712852,1768152356.8283105,0.3779670298099518,0.12372161448001862
687,43968,43967,sea_nodrift,sea,ts_drift_adapt,5,"error_divergence_ph_meta@error.threshold=0.10,error.min_instances=5",error_divergence_ph_meta,"{""divergence"": {""alpha"": 0.1, ""delta"": 0.005, ""min_instances"": 30, ""threshold"": 0.05}, ""error_rate"": {""alpha"": 0.15, ""delta"": 0.005, ""min_instances"": 5, ""threshold"": 0.1}}","{""error_rate"": {""min_instances"": 5, ""threshold"": 0.1}}",0.1,0.005,0.15,5,0.05,0.005,0.1,30,,,,-1,two_stage,2,0.5,"__confirm_cooldown=200,__confirm_rule=perm_test,__perm_alpha=0.05,__perm_min_effect=0,__perm_n_perm=200,__perm_post_n=10,__perm_pre_n=200,__perm_rng_seed=0,__perm_stat=vote_score,divergence=0.3,error_rate=0.5,teacher_entropy=0.2",3,0,200,0.0,0,10000,10.0,25.0,200,500,1,72,1.0,0.8654930858806404,0.6732024545621189,0.3333333333333333,0.2064175307750702,0.023139627650380135,0,0,132,131,-1,perm_test,0.004975124378109453,0.47732063900993293,131,131,0,0.0,0.007600903511047363,0,0.0,0.0,0.0,0.0,0,none,0,1,0,overconfident,0.95,0,mild_drift,0.9641321240816858,0.0012354860118319998,0.8258055903498168,0.8666125377856426,1768152356.837878,0.5520161986351013,0.17637112736701965
688,44032,44031,sea_nodrift,sea,ts_drift_adapt,5,"error_divergence_ph_meta@error.threshold=0.10,error.min_instances=5",error_divergence_ph_meta,"{""divergence"": {""alpha"": 0.1, ""delta"": 0.005, ""min_instances"": 30, ""threshold"": 0.05}, ""error_rate"": {""alpha"": 0.15, ""delta"": 0.005, ""min_instances"": 5, ""threshold"": 0.1}}","{""error_rate"": {""min_instances"": 5, ""threshold"": 0.1}}",0.1,0.005,0.15,5,0.05,0.005,0.1,30,,,,-1,two_stage,2,0.5,"__confirm_cooldown=200,__confirm_rule=perm_test,__perm_alpha=0.05,__perm_min_effect=0,__perm_n_perm=200,__perm_post_n=10,__perm_pre_n=200,__perm_rng_seed=0,__perm_stat=vote_score,divergence=0.3,error_rate=0.5,teacher_entropy=0.2",3,0,200,0.0,0,10000,10.0,25.0,200,500,1,8,1.0,0.8656204578488372,0.6737091472148464,0.16666666666666666,0.21463845670223236,0.010115895420312881,0,0,132,131,-1,perm_test,0.004975124378109453,0.47732063900993293,131,131,0,0.0,0.16666666666666666,0,0.0,0.0,0.0,0.0,0,none,0,1,0,overconfident,0.95,0,mild_drift,0.9622160620408429,0.0012677430059159999,0.8129027951749084,0.8608062688928213,1768152356.8474736,0.2087857723236084,0.07377766072750092
689,44096,44095,sea_nodrift,sea,ts_drift_adapt,5,"error_divergence_ph_meta@error.threshold=0.10,error.min_instances=5",error_divergence_ph_meta,"{""divergence"": {""alpha"": 0.1, ""delta"": 0.005, ""min_instances"": 30, ""threshold"": 0.05}, ""error_rate"": {""alpha"": 0.15, ""delta"": 0.005, ""min_instances"": 5, ""threshold"": 0.1}}","{""error_rate"": {""min_instances"": 5, ""threshold"": 0.1}}",0.1,0.005,0.15,5,0.05,0.005,0.1,30,,,,-1,two_stage,2,0.5,"__confirm_cooldown=200,__confirm_rule=perm_test,__perm_alpha=0.05,__perm_min_effect=0,__perm_n_perm=200,__perm_post_n=10,__perm_pre_n=200,__perm_rng_seed=0,__perm_stat=vote_score,divergence=0.3,error_rate=0.5,teacher_entropy=0.2",3,0,200,0.0,0,10000,10.0,25.0,200,500,0,0,1.0,0.8657021044992743,0.6739812042472689,0.16666666666666666,0.17763875424861908,0.02235337533056736,0,0,132,131,-1,perm_test,0.004975124378109453,0.47732063900993293,131,131,0,0.0,0.012237479910254478,0,0.0,0.0,0.0,0.0,0,none,0,1,0,overconfident,0.95,0,mild_drift,0.9612580310204214,0.0012838715029580001,0.8064513975874542,0.8579031344464106,1768152356.8571517,0.24817316234111786,0.18727540969848633
690,44160,44159,sea_nodrift,sea,ts_drift_adapt,5,"error_divergence_ph_meta@error.threshold=0.10,error.min_instances=5",error_divergence_ph_meta,"{""divergence"": {""alpha"": 0.1, ""delta"": 0.005, ""min_instances"": 30, ""threshold"": 0.05}, ""error_rate"": {""alpha"": 0.15, ""delta"": 0.005, ""min_instances"": 5, ""threshold"": 0.1}}","{""error_rate"": {""min_instances"": 5, ""threshold"": 0.1}}",0.1,0.005,0.15,5,0.05,0.005,0.1,30,,,,-1,two_stage,2,0.5,"__confirm_cooldown=200,__confirm_rule=perm_test,__perm_alpha=0.05,__perm_min_effect=0,__perm_n_perm=200,__perm_post_n=10,__perm_pre_n=200,__perm_rng_seed=0,__perm_stat=vote_score,divergence=0.3,error_rate=0.5,teacher_entropy=0.2",3,0,200,0.0,0,10000,10.0,25.0,200,500,0,0,1.0,0.8658061594202898,0.6742425643214505,0.0,0.1516723334789276,0.006474097725003958,1,1,133,132,0,perm_test,0.004975124378109453,0.5128782301052592,132,132,0,0.16666666666666666,0.16666666666666666,1,0.5,0.0,0.0,0.0,0,none,1,1,0,overconfident,0.95,0,severe_drift,0.9261290155102107,0.001641935751479,0.653225698793727,0.8339515672232054,1768152356.872871,0.008571538142859936,0.051315080374479294
691,44224,44223,sea_nodrift,sea,ts_drift_adapt,5,"error_divergence_ph_meta@error.threshold=0.10,error.min_instances=5",error_divergence_ph_meta,"{""divergence"": {""alpha"": 0.1, ""delta"": 0.005, ""min_instances"": 30, ""threshold"": 0.05}, ""error_rate"": {""alpha"": 0.15, ""delta"": 0.005, ""min_instances"": 5, ""threshold"": 0.1}}","{""error_rate"": {""min_instances"": 5, ""threshold"": 0.1}}",0.1,0.005,0.15,5,0.05,0.005,0.1,30,,,,-1,two_stage,2,0.5,"__confirm_cooldown=200,__confirm_rule=perm_test,__perm_alpha=0.05,__perm_min_effect=0,__perm_n_perm=200,__perm_post_n=10,__perm_pre_n=200,__perm_rng_seed=0,__perm_stat=vote_score,divergence=0.3,error_rate=0.5,teacher_entropy=0.2",3,0,200,0.0,0,10000,10.0,25.0,200,500,1,136,1.0,0.865932525325615,0.6745339187506951,0.0,0.20108874142169952,0.00818687118589878,0,0,133,132,-1,perm_test,0.004975124378109453,0.5128782301052592,132,132,0,0.0,0.001712773460894823,0,0.0,0.0,0.0,0.0,0,none,0,1,0,overconfident,0.95,0,mild_drift,0.9432145077551053,0.0014709678757395001,0.7266128493968635,0.8444757836116027,1768152356.8825378,0.019897596910595894,0.0800996646285057
692,44288,44287,sea_nodrift,sea,ts_drift_adapt,5,"error_divergence_ph_meta@error.threshold=0.10,error.min_instances=5",error_divergence_ph_meta,"{""divergence"": {""alpha"": 0.1, ""delta"": 0.005, ""min_instances"": 30, ""threshold"": 0.05}, ""error_rate"": {""alpha"": 0.15, ""delta"": 0.005, ""min_instances"": 5, ""threshold"": 0.1}}","{""error_rate"": {""min_instances"": 5, ""threshold"": 0.1}}",0.1,0.005,0.15,5,0.05,0.005,0.1,30,,,,-1,two_stage,2,0.5,"__confirm_cooldown=200,__confirm_rule=perm_test,__perm_alpha=0.05,__perm_min_effect=0,__perm_n_perm=200,__perm_post_n=10,__perm_pre_n=200,__perm_rng_seed=0,__perm_stat=vote_score,divergence=0.3,error_rate=0.5,teacher_entropy=0.2",3,0,200,0.0,0,10000,10.0,25.0,200,500,1,72,1.0,0.8660585260115607,0.67479407934442,0.0,0.16323721408843994,0.007924682460725307,0,0,133,132,-1,perm_test,0.004975124378109453,0.5128782301052592,132,132,0,0.0,0.00026218872517347336,0,0.0,0.0,0.0,0.0,0,none,0,1,0,overconfident,0.95,0,mild_drift,0.9517572538775526,0.00138548393786975,0.7633064246984318,0.8497378918058014,1768152356.8920743,0.03139707073569298,0.07509593665599823
693,44352,44351,sea_nodrift,sea,ts_drift_adapt,5,"error_divergence_ph_meta@error.threshold=0.10,error.min_instances=5",error_divergence_ph_meta,"{""divergence"": {""alpha"": 0.1, ""delta"": 0.005, ""min_instances"": 30, ""threshold"": 0.05}, ""error_rate"": {""alpha"": 0.15, ""delta"": 0.005, ""min_instances"": 5, ""threshold"": 0.1}}","{""error_rate"": {""min_instances"": 5, ""threshold"": 0.1}}",0.1,0.005,0.15,5,0.05,0.005,0.1,30,,,,-1,two_stage,2,0.5,"__confirm_cooldown=200,__confirm_rule=perm_test,__perm_alpha=0.05,__perm_min_effect=0,__perm_n_perm=200,__perm_post_n=10,__perm_pre_n=200,__perm_rng_seed=0,__perm_stat=vote_score,divergence=0.3,error_rate=0.5,teacher_entropy=0.2",3,0,200,0.0,0,10000,10.0,25.0,200,500,1,8,1.0,0.8660263347763347,0.6747272951129064,0.16666666666666666,0.2248215675354004,0.018942920491099358,0,0,133,132,-1,perm_test,0.004975124378109453,0.5128782301052592,132,132,0,0.0,0.16666666666666666,0,0.0,0.0,0.0,0.0,0,none,0,1,0,overconfident,0.95,0,mild_drift,0.9560286269387763,0.0013427419689348752,0.7816532123492159,0.8523689459029007,1768152356.901632,0.329787939786911,0.21993713080883026
694,44416,44415,sea_nodrift,sea,ts_drift_adapt,5,"error_divergence_ph_meta@error.threshold=0.10,error.min_instances=5",error_divergence_ph_meta,"{""divergence"": {""alpha"": 0.1, ""delta"": 0.005, ""min_instances"": 30, ""threshold"": 0.05}, ""error_rate"": {""alpha"": 0.15, ""delta"": 0.005, ""min_instances"": 5, ""threshold"": 0.1}}","{""error_rate"": {""min_instances"": 5, ""threshold"": 0.1}}",0.1,0.005,0.15,5,0.05,0.005,0.1,30,,,,-1,two_stage,2,0.5,"__confirm_cooldown=200,__confirm_rule=perm_test,__perm_alpha=0.05,__perm_min_effect=0,__perm_n_perm=200,__perm_post_n=10,__perm_pre_n=200,__perm_rng_seed=0,__perm_stat=vote_score,divergence=0.3,error_rate=0.5,teacher_entropy=0.2",3,0,200,0.0,0,10000,10.0,25.0,200,500,0,0,1.0,0.8661293227665706,0.6749380847895029,0.0,0.19114726781845093,0.009137957356870174,0,0,133,132,-1,perm_test,0.004975124378109453,0.5128782301052592,132,132,0,0.0,0.16666666666666666,0,0.0,0.0,0.0,0.0,0,none,0,1,0,overconfident,0.95,0,mild_drift,0.9581643134693881,0.0013213709844674378,0.790826606174608,0.8536844729514503,1768152356.911261,0.07630953937768936,0.08432029187679291
695,44480,44479,sea_nodrift,sea,ts_drift_adapt,5,"error_divergence_ph_meta@error.threshold=0.10,error.min_instances=5",error_divergence_ph_meta,"{""divergence"": {""alpha"": 0.1, ""delta"": 0.005, ""min_instances"": 30, ""threshold"": 0.05}, ""error_rate"": {""alpha"": 0.15, ""delta"": 0.005, ""min_instances"": 5, ""threshold"": 0.1}}","{""error_rate"": {""min_instances"": 5, ""threshold"": 0.1}}",0.1,0.005,0.15,5,0.05,0.005,0.1,30,,,,-1,two_stage,2,0.5,"__confirm_cooldown=200,__confirm_rule=perm_test,__perm_alpha=0.05,__perm_min_effect=0,__perm_n_perm=200,__perm_post_n=10,__perm_pre_n=200,__perm_rng_seed=0,__perm_stat=vote_score,divergence=0.3,error_rate=0.5,teacher_entropy=0.2",3,0,200,0.0,0,10000,10.0,25.0,200,500,0,0,1.0,0.8662769784172661,0.6752877304825362,0.0,0.1639590710401535,0.008542242459952831,1,1,134,133,0,perm_test,0.004975124378109453,0.47837314234525313,133,133,0,0.0,0.0005957148969173431,1,0.5,0.0,0.0,0.0,0,none,1,1,0,overconfident,0.95,0,stable,0.974082156734694,0.0010606854922337189,0.8954133030873039,0.8993422364757252,1768152356.9269764,0.013126443140208721,0.08368207514286041
696,44544,44543,sea_nodrift,sea,ts_drift_adapt,5,"error_divergence_ph_meta@error.threshold=0.10,error.min_instances=5",error_divergence_ph_meta,"{""divergence"": {""alpha"": 0.1, ""delta"": 0.005, ""min_instances"": 30, ""threshold"": 0.05}, ""error_rate"": {""alpha"": 0.15, ""delta"": 0.005, ""min_instances"": 5, ""threshold"": 0.1}}","{""error_rate"": {""min_instances"": 5, ""threshold"": 0.1}}",0.1,0.005,0.15,5,0.05,0.005,0.1,30,,,,-1,two_stage,2,0.5,"__confirm_cooldown=200,__confirm_rule=perm_test,__perm_alpha=0.05,__perm_min_effect=0,__perm_n_perm=200,__perm_post_n=10,__perm_pre_n=200,__perm_rng_seed=0,__perm_stat=vote_score,divergence=0.3,error_rate=0.5,teacher_entropy=0.2",3,0,200,0.0,0,10000,10.0,25.0,200,500,1,136,1.0,0.8663793103448276,0.6755600757824513,0.0,0.20645111799240112,0.011718923225998878,0,0,134,133,-1,perm_test,0.004975124378109453,0.47837314234525313,133,133,0,0.0,0.003176680766046047,0,0.0,0.0,0.0,0.0,0,none,0,1,0,overconfident,0.95,0,mild_drift,0.967191078367347,0.0011803427461168595,0.847706651543652,0.8771711182378625,1768152356.9367108,0.013990211300551891,0.12270494550466537
697,44608,44607,sea_nodrift,sea,ts_drift_adapt,5,"error_divergence_ph_meta@error.threshold=0.10,error.min_instances=5",error_divergence_ph_meta,"{""divergence"": {""alpha"": 0.1, ""delta"": 0.005, ""min_instances"": 30, ""threshold"": 0.05}, ""error_rate"": {""alpha"": 0.15, ""delta"": 0.005, ""min_instances"": 5, ""threshold"": 0.1}}","{""error_rate"": {""min_instances"": 5, ""threshold"": 0.1}}",0.1,0.005,0.15,5,0.05,0.005,0.1,30,,,,-1,two_stage,2,0.5,"__confirm_cooldown=200,__confirm_rule=perm_test,__perm_alpha=0.05,__perm_min_effect=0,__perm_n_perm=200,__perm_post_n=10,__perm_pre_n=200,__perm_rng_seed=0,__perm_stat=vote_score,divergence=0.3,error_rate=0.5,teacher_entropy=0.2",3,0,200,0.0,0,10000,10.0,25.0,200,500,1,72,1.0,0.866458931133429,0.6758208319068776,0.0,0.16330398619174957,0.004961668513715267,0,0,134,133,-1,perm_test,0.004975124378109453,0.47837314234525313,133,133,0,0.0,0.006757254712283611,0,0.0,0.0,0.0,0.0,0,none,0,1,0,overconfident,0.95,0,mild_drift,0.9637455391836734,0.0012401713730584298,0.823853325771826,0.8660855591189313,1768152356.9463036,0.04794936999678612,0.07083428651094437
698,44672,44671,sea_nodrift,sea,ts_drift_adapt,5,"error_divergence_ph_meta@error.threshold=0.10,error.min_instances=5",error_divergence_ph_meta,"{""divergence"": {""alpha"": 0.1, ""delta"": 0.005, ""min_instances"": 30, ""threshold"": 0.05}, ""error_rate"": {""alpha"": 0.15, ""delta"": 0.005, ""min_instances"": 5, ""threshold"": 0.1}}","{""error_rate"": {""min_instances"": 5, ""threshold"": 0.1}}",0.1,0.005,0.15,5,0.05,0.005,0.1,30,,,,-1,two_stage,2,0.5,"__confirm_cooldown=200,__confirm_rule=perm_test,__perm_alpha=0.05,__perm_min_effect=0,__perm_n_perm=200,__perm_post_n=10,__perm_pre_n=200,__perm_rng_seed=0,__perm_stat=vote_score,divergence=0.3,error_rate=0.5,teacher_entropy=0.2",3,0,200,0.0,0,10000,10.0,25.0,200,500,1,8,1.0,0.8665159383954155,0.6758953622240126,0.16666666666666666,0.15683448314666748,0.014039838686585426,0,0,134,133,-1,perm_test,0.004975124378109453,0.47837314234525313,133,133,0,0.0,0.16666666666666666,0,0.0,0.0,0.0,0.0,0,none,0,1,0,overconfident,0.95,0,mild_drift,0.9620227695918366,0.001270085686529215,0.811926662885913,0.8605427795594656,1768152356.9558482,0.2447448968887329,0.1115788146853447
699,44736,44735,sea_nodrift,sea,ts_drift_adapt,5,"error_divergence_ph_meta@error.threshold=0.10,error.min_instances=5",error_divergence_ph_meta,"{""divergence"": {""alpha"": 0.1, ""delta"": 0.005, ""min_instances"": 30, ""threshold"": 0.05}, ""error_rate"": {""alpha"": 0.15, ""delta"": 0.005, ""min_instances"": 5, ""threshold"": 0.1}}","{""error_rate"": {""min_instances"": 5, ""threshold"": 0.1}}",0.1,0.005,0.15,5,0.05,0.005,0.1,30,,,,-1,two_stage,2,0.5,"__confirm_cooldown=200,__confirm_rule=perm_test,__perm_alpha=0.05,__perm_min_effect=0,__perm_n_perm=200,__perm_post_n=10,__perm_pre_n=200,__perm_rng_seed=0,__perm_stat=vote_score,divergence=0.3,error_rate=0.5,teacher_entropy=0.2",3,0,200,0.0,0,10000,10.0,25.0,200,500,0,0,1.0,0.8666621959942775,0.6763314482340739,0.0,0.157782644033432,0.009630081243813038,0,0,134,133,-1,perm_test,0.004975124378109453,0.47837314234525313,133,133,0,0.0,0.16666666666666666,0,0.0,0.0,0.0,0.0,0,none,0,1,0,overconfident,0.95,0,mild_drift,0.9611613847959183,0.0012850428432646076,0.8059633314429565,0.8577713897797328,1768152356.9655108,0.0405551977455616,0.0986199602484703
700,44800,44799,sea_nodrift,sea,ts_drift_adapt,5,"error_divergence_ph_meta@error.threshold=0.10,error.min_instances=5",error_divergence_ph_meta,"{""divergence"": {""alpha"": 0.1, ""delta"": 0.005, ""min_instances"": 30, ""threshold"": 0.05}, ""error_rate"": {""alpha"": 0.15, ""delta"": 0.005, ""min_instances"": 5, ""threshold"": 0.1}}","{""error_rate"": {""min_instances"": 5, ""threshold"": 0.1}}",0.1,0.005,0.15,5,0.05,0.005,0.1,30,,,,-1,two_stage,2,0.5,"__confirm_cooldown=200,__confirm_rule=perm_test,__perm_alpha=0.05,__perm_min_effect=0,__perm_n_perm=200,__perm_post_n=10,__perm_pre_n=200,__perm_rng_seed=0,__perm_stat=vote_score,divergence=0.3,error_rate=0.5,teacher_entropy=0.2",3,0,200,0.0,0,10000,10.0,25.0,200,500,0,0,1.0,0.8667410714285714,0.6765401882477181,0.0,0.2187727987766266,0.007152946665883064,1,1,135,134,0,perm_test,0.004975124378109453,0.47902153210686127,134,134,0,0.0,0.0024771345779299736,1,0.5,0.0,0.0,0.0,0,none,1,1,0,overconfident,0.95,0,stable,0.9755806923979591,0.0010425214216323038,0.9029816657214782,0.9013856948898664,1768152356.981291,0.12021533399820328,0.06169012188911438
701,44864,44863,sea_nodrift,sea,ts_drift_adapt,5,"error_divergence_ph_meta@error.threshold=0.10,error.min_instances=5",error_divergence_ph_meta,"{""divergence"": {""alpha"": 0.1, ""delta"": 0.005, ""min_instances"": 30, ""threshold"": 0.05}, ""error_rate"": {""alpha"": 0.15, ""delta"": 0.005, ""min_instances"": 5, ""threshold"": 0.1}}","{""error_rate"": {""min_instances"": 5, ""threshold"": 0.1}}",0.1,0.005,0.15,5,0.05,0.005,0.1,30,,,,-1,two_stage,2,0.5,"__confirm_cooldown=200,__confirm_rule=perm_test,__perm_alpha=0.05,__perm_min_effect=0,__perm_n_perm=200,__perm_post_n=10,__perm_pre_n=200,__perm_rng_seed=0,__perm_stat=vote_score,divergence=0.3,error_rate=0.5,teacher_entropy=0.2",3,0,200,0.0,0,10000,10.0,25.0,200,500,1,136,1.0,0.8668643009985735,0.6768093137038166,0.16666666666666666,0.15864121913909912,0.008787449449300766,0,0,135,134,-1,perm_test,0.004975124378109453,0.47902153210686127,134,134,0,0.0,0.16666666666666666,0,0.0,0.0,0.0,0.0,0,none,0,1,0,overconfident,0.95,0,mild_drift,0.9679403461989795,0.001171260710816152,0.8514908328607391,0.8781928474449332,1768152356.9909074,0.2662549912929535,0.0776989758014679
702,44928,44927,sea_nodrift,sea,ts_drift_adapt,5,"error_divergence_ph_meta@error.threshold=0.10,error.min_instances=5",error_divergence_ph_meta,"{""divergence"": {""alpha"": 0.1, ""delta"": 0.005, ""min_instances"": 30, ""threshold"": 0.05}, ""error_rate"": {""alpha"": 0.15, ""delta"": 0.005, ""min_instances"": 5, ""threshold"": 0.1}}","{""error_rate"": {""min_instances"": 5, ""threshold"": 0.1}}",0.1,0.005,0.15,5,0.05,0.005,0.1,30,,,,-1,two_stage,2,0.5,"__confirm_cooldown=200,__confirm_rule=perm_test,__perm_alpha=0.05,__perm_min_effect=0,__perm_n_perm=200,__perm_post_n=10,__perm_pre_n=200,__perm_rng_seed=0,__perm_stat=vote_score,divergence=0.3,error_rate=0.5,teacher_entropy=0.2",3,0,200,0.0,0,10000,10.0,25.0,200,500,1,72,1.0,0.8669871794871795,0.6770331111633888,0.16666666666666666,0.15354591608047485,0.009944009594619274,0,0,135,134,-1,perm_test,0.004975124378109453,0.47902153210686127,134,134,0,0.0,0.0011565601453185081,0,0.0,0.0,0.0,0.0,0,none,0,1,0,overconfident,0.95,0,mild_drift,0.9641201730994897,0.001235630355408076,0.8257454164303696,0.8665964237224666,1768152357.0004768,0.3117959201335907,0.07056453078985214
703,44992,44991,sea_nodrift,sea,ts_drift_adapt,5,"error_divergence_ph_meta@error.threshold=0.10,error.min_instances=5",error_divergence_ph_meta,"{""divergence"": {""alpha"": 0.1, ""delta"": 0.005, ""min_instances"": 30, ""threshold"": 0.05}, ""error_rate"": {""alpha"": 0.15, ""delta"": 0.005, ""min_instances"": 5, ""threshold"": 0.1}}","{""error_rate"": {""min_instances"": 5, ""threshold"": 0.1}}",0.1,0.005,0.15,5,0.05,0.005,0.1,30,,,,-1,two_stage,2,0.5,"__confirm_cooldown=200,__confirm_rule=perm_test,__perm_alpha=0.05,__perm_min_effect=0,__perm_n_perm=200,__perm_post_n=10,__perm_pre_n=200,__perm_rng_seed=0,__perm_stat=vote_score,divergence=0.3,error_rate=0.5,teacher_entropy=0.2",3,0,200,0.0,0,10000,10.0,25.0,200,500,1,8,1.0,0.8670430298719772,0.6772366988203302,0.16666666666666666,0.19950872659683228,0.004706475418061018,0,0,135,134,-1,perm_test,0.004975124378109453,0.47902153210686127,134,134,0,0.0,0.005237534176558256,0,0.0,0.0,0.0,0.0,0,none,0,1,0,overconfident,0.95,0,mild_drift,0.9622100865497448,0.001267815177704038,0.8128727082151848,0.8607982118612333,1768152357.0100193,0.383127361536026,0.055794693529605865
704,45056,45055,sea_nodrift,sea,ts_drift_adapt,5,"error_divergence_ph_meta@error.threshold=0.10,error.min_instances=5",error_divergence_ph_meta,"{""divergence"": {""alpha"": 0.1, ""delta"": 0.005, ""min_instances"": 30, ""threshold"": 0.05}, ""error_rate"": {""alpha"": 0.15, ""delta"": 0.005, ""min_instances"": 5, ""threshold"": 0.1}}","{""error_rate"": {""min_instances"": 5, ""threshold"": 0.1}}",0.1,0.005,0.15,5,0.05,0.005,0.1,30,,,,-1,two_stage,2,0.5,"__confirm_cooldown=200,__confirm_rule=perm_test,__perm_alpha=0.05,__perm_min_effect=0,__perm_n_perm=200,__perm_post_n=10,__perm_pre_n=200,__perm_rng_seed=0,__perm_stat=vote_score,divergence=0.3,error_rate=0.5,teacher_entropy=0.2",3,0,200,0.0,0,10000,10.0,25.0,200,500,0,0,1.0,0.8671431107954546,0.677589165468761,0.16666666666666666,0.16959835588932037,0.007852872833609581,0,0,135,134,-1,perm_test,0.004975124378109453,0.47902153210686127,134,134,0,0.0,0.003146397415548563,0,0.0,0.0,0.0,0.0,0,none,0,1,0,overconfident,0.95,0,mild_drift,0.9612550432748723,0.0012839075888520192,0.8064363541075924,0.8578991059306167,1768152357.0196114,0.2789658308029175,0.08536028116941452
705,45120,45119,sea_nodrift,sea,ts_drift_adapt,5,"error_divergence_ph_meta@error.threshold=0.10,error.min_instances=5",error_divergence_ph_meta,"{""divergence"": {""alpha"": 0.1, ""delta"": 0.005, ""min_instances"": 30, ""threshold"": 0.05}, ""error_rate"": {""alpha"": 0.15, ""delta"": 0.005, ""min_instances"": 5, ""threshold"": 0.1}}","{""error_rate"": {""min_instances"": 5, ""threshold"": 0.1}}",0.1,0.005,0.15,5,0.05,0.005,0.1,30,,,,-1,two_stage,2,0.5,"__confirm_cooldown=200,__confirm_rule=perm_test,__perm_alpha=0.05,__perm_min_effect=0,__perm_n_perm=200,__perm_post_n=10,__perm_pre_n=200,__perm_rng_seed=0,__perm_stat=vote_score,divergence=0.3,error_rate=0.5,teacher_entropy=0.2",3,0,200,0.0,0,10000,10.0,25.0,200,500,0,0,1.0,0.8672872340425531,0.6779102505398088,0.0,0.16630415618419647,0.010934590362012386,1,1,136,135,0,perm_test,0.004975124378109453,0.4972827050681203,135,135,0,0.0,0.16666666666666666,1,0.5,0.0,0.0,0.0,0,none,1,1,0,overconfident,0.95,0,stable,0.9756275216374362,0.0010419537944260095,0.9032181770537961,0.9014495529653084,1768152357.0350564,0.03247154876589775,0.12624803185462952
706,45184,45183,sea_nodrift,sea,ts_drift_adapt,5,"error_divergence_ph_meta@error.threshold=0.10,error.min_instances=5",error_divergence_ph_meta,"{""divergence"": {""alpha"": 0.1, ""delta"": 0.005, ""min_instances"": 30, ""threshold"": 0.05}, ""error_rate"": {""alpha"": 0.15, ""delta"": 0.005, ""min_instances"": 5, ""threshold"": 0.1}}","{""error_rate"": {""min_instances"": 5, ""threshold"": 0.1}}",0.1,0.005,0.15,5,0.05,0.005,0.1,30,,,,-1,two_stage,2,0.5,"__confirm_cooldown=200,__confirm_rule=perm_test,__perm_alpha=0.05,__perm_min_effect=0,__perm_n_perm=200,__perm_post_n=10,__perm_pre_n=200,__perm_rng_seed=0,__perm_stat=vote_score,divergence=0.3,error_rate=0.5,teacher_entropy=0.2",3,0,200,0.0,0,10000,10.0,25.0,200,500,1,136,1.0,0.8674309490084986,0.6782648911870947,0.16666666666666666,0.14370237290859222,0.008172314614057541,0,0,136,135,-1,perm_test,0.004975124378109453,0.4972827050681203,135,135,0,0.0,0.16666666666666666,0,0.0,0.0,0.0,0.0,0,none,0,1,0,overconfident,0.95,0,mild_drift,0.967963760818718,0.0011709768972130049,0.8516090885268981,0.8782247764826542,1768152357.0447702,0.2805584669113159,0.06356895714998245
707,45248,45247,sea_nodrift,sea,ts_drift_adapt,5,"error_divergence_ph_meta@error.threshold=0.10,error.min_instances=5",error_divergence_ph_meta,"{""divergence"": {""alpha"": 0.1, ""delta"": 0.005, ""min_instances"": 30, ""threshold"": 0.05}, ""error_rate"": {""alpha"": 0.15, ""delta"": 0.005, ""min_instances"": 5, ""threshold"": 0.1}}","{""error_rate"": {""min_instances"": 5, ""threshold"": 0.1}}",0.1,0.005,0.15,5,0.05,0.005,0.1,30,,,,-1,two_stage,2,0.5,"__confirm_cooldown=200,__confirm_rule=perm_test,__perm_alpha=0.05,__perm_min_effect=0,__perm_n_perm=200,__perm_post_n=10,__perm_pre_n=200,__perm_rng_seed=0,__perm_stat=vote_score,divergence=0.3,error_rate=0.5,teacher_entropy=0.2",3,0,200,0.0,0,10000,10.0,25.0,200,500,1,72,1.0,0.8675300565770863,0.6785087682687027,0.16666666666666666,0.17538049817085266,0.009708628989756107,0,0,136,135,-1,perm_test,0.004975124378109453,0.4972827050681203,135,135,0,0.0,0.0015363143756985664,0,0.0,0.0,0.0,0.0,0,none,0,1,0,overconfident,0.95,0,mild_drift,0.964131880409359,0.0012354884486065025,0.8258045442634491,0.866612388241327,1768152357.054395,0.1850648671388626,0.08539173007011414
708,45312,45311,sea_nodrift,sea,ts_drift_adapt,5,"error_divergence_ph_meta@error.threshold=0.10,error.min_instances=5",error_divergence_ph_meta,"{""divergence"": {""alpha"": 0.1, ""delta"": 0.005, ""min_instances"": 30, ""threshold"": 0.05}, ""error_rate"": {""alpha"": 0.15, ""delta"": 0.005, ""min_instances"": 5, ""threshold"": 0.1}}","{""error_rate"": {""min_instances"": 5, ""threshold"": 0.1}}",0.1,0.005,0.15,5,0.05,0.005,0.1,30,,,,-1,two_stage,2,0.5,"__confirm_cooldown=200,__confirm_rule=perm_test,__perm_alpha=0.05,__perm_min_effect=0,__perm_n_perm=200,__perm_post_n=10,__perm_pre_n=200,__perm_rng_seed=0,__perm_stat=vote_score,divergence=0.3,error_rate=0.5,teacher_entropy=0.2",3,0,200,0.0,0,10000,10.0,25.0,200,500,1,8,1.0,0.86767302259887,0.6788566091009895,0.0,0.19149084389209747,0.012460284866392612,0,0,136,135,-1,perm_test,0.004975124378109453,0.4972827050681203,135,135,0,0.0,0.16666666666666666,0,0.0,0.0,0.0,0.0,0,none,0,1,0,overconfident,0.95,0,mild_drift,0.9622159402046795,0.0012677442243032512,0.8129022721317245,0.8608061941206635,1768152357.0639234,0.05431319400668144,0.10283911228179932
709,45376,45375,sea_nodrift,sea,ts_drift_adapt,5,"error_divergence_ph_meta@error.threshold=0.10,error.min_instances=5",error_divergence_ph_meta,"{""divergence"": {""alpha"": 0.1, ""delta"": 0.005, ""min_instances"": 30, ""threshold"": 0.05}, ""error_rate"": {""alpha"": 0.15, ""delta"": 0.005, ""min_instances"": 5, ""threshold"": 0.1}}","{""error_rate"": {""min_instances"": 5, ""threshold"": 0.1}}",0.1,0.005,0.15,5,0.05,0.005,0.1,30,,,,-1,two_stage,2,0.5,"__confirm_cooldown=200,__confirm_rule=perm_test,__perm_alpha=0.05,__perm_min_effect=0,__perm_n_perm=200,__perm_post_n=10,__perm_pre_n=200,__perm_rng_seed=0,__perm_stat=vote_score,divergence=0.3,error_rate=0.5,teacher_entropy=0.2",3,0,200,0.0,0,10000,10.0,25.0,200,500,0,0,1.0,0.8677935472496474,0.6792922759614447,0.0,0.20496399700641632,0.014642718248069286,0,0,136,135,-1,perm_test,0.004975124378109453,0.4972827050681203,135,135,0,0.0,0.002182433381676674,0,0.0,0.0,0.0,0.0,0,none,0,1,0,overconfident,0.95,0,mild_drift,0.9612579701023397,0.0012838721121516258,0.8064511360658623,0.8579030970603317,1768152357.0735419,0.023317592218518257,0.11202699691057205
710,45440,45439,sea_nodrift,sea,ts_drift_adapt,5,"error_divergence_ph_meta@error.threshold=0.10,error.min_instances=5",error_divergence_ph_meta,"{""divergence"": {""alpha"": 0.1, ""delta"": 0.005, ""min_instances"": 30, ""threshold"": 0.05}, ""error_rate"": {""alpha"": 0.15, ""delta"": 0.005, ""min_instances"": 5, ""threshold"": 0.1}}","{""error_rate"": {""min_instances"": 5, ""threshold"": 0.1}}",0.1,0.005,0.15,5,0.05,0.005,0.1,30,,,,-1,two_stage,2,0.5,"__confirm_cooldown=200,__confirm_rule=perm_test,__perm_alpha=0.05,__perm_min_effect=0,__perm_n_perm=200,__perm_post_n=10,__perm_pre_n=200,__perm_rng_seed=0,__perm_stat=vote_score,divergence=0.3,error_rate=0.5,teacher_entropy=0.2",3,0,200,0.0,0,10000,10.0,25.0,200,500,0,0,1.0,0.8679137323943662,0.6795905539281439,0.0,0.19337032735347748,0.014403059147298336,0,0,136,135,-1,perm_test,0.004975124378109453,0.4972827050681203,135,135,0,0.0,0.00023965910077095032,0,0.0,0.0,0.0,0.0,0,none,0,1,0,overconfident,0.95,0,mild_drift,0.9607789850511699,0.0012919360560758129,0.8032255680329312,0.8564515485301658,1768152357.083192,0.09893567115068436,0.1249440386891365
711,45504,45503,sea_nodrift,sea,ts_drift_adapt,5,"error_divergence_ph_meta@error.threshold=0.10,error.min_instances=5",error_divergence_ph_meta,"{""divergence"": {""alpha"": 0.1, ""delta"": 0.005, ""min_instances"": 30, ""threshold"": 0.05}, ""error_rate"": {""alpha"": 0.15, ""delta"": 0.005, ""min_instances"": 5, ""threshold"": 0.1}}","{""error_rate"": {""min_instances"": 5, ""threshold"": 0.1}}",0.1,0.005,0.15,5,0.05,0.005,0.1,30,,,,-1,two_stage,2,0.5,"__confirm_cooldown=200,__confirm_rule=perm_test,__perm_alpha=0.05,__perm_min_effect=0,__perm_n_perm=200,__perm_post_n=10,__perm_pre_n=200,__perm_rng_seed=0,__perm_stat=vote_score,divergence=0.3,error_rate=0.5,teacher_entropy=0.2",3,0,200,0.0,0,10000,10.0,25.0,200,500,0,0,1.0,0.8680116033755274,0.6797924374403216,0.16666666666666666,0.19486473500728607,0.011434929445385933,1,1,137,136,0,perm_test,0.004975124378109453,0.5156843922194329,136,136,0,0.16666666666666666,0.16666666666666666,1,0.5,0.0,0.0,0.0,0,none,1,1,0,overconfident,0.95,0,severe_drift,0.925889492525585,0.0016459680280379065,0.6516127840164656,0.8332257742650829,1768152357.0988429,0.37454137206077576,0.08368334174156189
712,45568,45567,sea_nodrift,sea,ts_drift_adapt,5,"error_divergence_ph_meta@error.threshold=0.10,error.min_instances=5",error_divergence_ph_meta,"{""divergence"": {""alpha"": 0.1, ""delta"": 0.005, ""min_instances"": 30, ""threshold"": 0.05}, ""error_rate"": {""alpha"": 0.15, ""delta"": 0.005, ""min_instances"": 5, ""threshold"": 0.1}}","{""error_rate"": {""min_instances"": 5, ""threshold"": 0.1}}",0.1,0.005,0.15,5,0.05,0.005,0.1,30,,,,-1,two_stage,2,0.5,"__confirm_cooldown=200,__confirm_rule=perm_test,__perm_alpha=0.05,__perm_min_effect=0,__perm_n_perm=200,__perm_post_n=10,__perm_pre_n=200,__perm_rng_seed=0,__perm_stat=vote_score,divergence=0.3,error_rate=0.5,teacher_entropy=0.2",3,0,200,0.0,0,10000,10.0,25.0,200,500,1,136,1.0,0.8681311446629213,0.6801230279942853,0.0,0.19800475239753723,0.013617516495287418,0,0,137,136,-1,perm_test,0.004975124378109453,0.5156843922194329,136,136,0,0.0,0.16666666666666666,0,0.0,0.0,0.0,0.0,0,none,0,1,0,overconfident,0.95,0,mild_drift,0.9430947462627924,0.0014729840140189532,0.7258063920082328,0.8441128871325414,1768152357.10857,0.0355323925614357,0.10850474238395691
713,45632,45631,sea_nodrift,sea,ts_drift_adapt,5,"error_divergence_ph_meta@error.threshold=0.10,error.min_instances=5",error_divergence_ph_meta,"{""divergence"": {""alpha"": 0.1, ""delta"": 0.005, ""min_instances"": 30, ""threshold"": 0.05}, ""error_rate"": {""alpha"": 0.15, ""delta"": 0.005, ""min_instances"": 5, ""threshold"": 0.1}}","{""error_rate"": {""min_instances"": 5, ""threshold"": 0.1}}",0.1,0.005,0.15,5,0.05,0.005,0.1,30,,,,-1,two_stage,2,0.5,"__confirm_cooldown=200,__confirm_rule=perm_test,__perm_alpha=0.05,__perm_min_effect=0,__perm_n_perm=200,__perm_post_n=10,__perm_pre_n=200,__perm_rng_seed=0,__perm_stat=vote_score,divergence=0.3,error_rate=0.5,teacher_entropy=0.2",3,0,200,0.0,0,10000,10.0,25.0,200,500,1,72,1.0,0.8683160939691444,0.6805603413433025,0.0,0.16357076168060303,0.008921471424400806,0,0,137,136,-1,perm_test,0.004975124378109453,0.5156843922194329,136,136,0,0.0,0.004696045070886612,0,0.0,0.0,0.0,0.0,0,none,0,1,0,overconfident,0.95,0,mild_drift,0.9516973731313962,0.0013864920070094768,0.7629031960041164,0.8495564435662707,1768152357.1182508,0.02338617481291294,0.06469964981079102
714,45696,45695,sea_nodrift,sea,ts_drift_adapt,5,"error_divergence_ph_meta@error.threshold=0.10,error.min_instances=5",error_divergence_ph_meta,"{""divergence"": {""alpha"": 0.1, ""delta"": 0.005, ""min_instances"": 30, ""threshold"": 0.05}, ""error_rate"": {""alpha"": 0.15, ""delta"": 0.005, ""min_instances"": 5, ""threshold"": 0.1}}","{""error_rate"": {""min_instances"": 5, ""threshold"": 0.1}}",0.1,0.005,0.15,5,0.05,0.005,0.1,30,,,,-1,two_stage,2,0.5,"__confirm_cooldown=200,__confirm_rule=perm_test,__perm_alpha=0.05,__perm_min_effect=0,__perm_n_perm=200,__perm_post_n=10,__perm_pre_n=200,__perm_rng_seed=0,__perm_stat=vote_score,divergence=0.3,error_rate=0.5,teacher_entropy=0.2",3,0,200,0.0,0,10000,10.0,25.0,200,500,1,8,1.0,0.868391106442577,0.6807538439217173,0.3333333333333333,0.19715839624404907,0.010202172212302685,0,0,137,136,-1,perm_test,0.004975124378109453,0.5156843922194329,136,136,0,0.0,0.3333333333333333,0,0.0,0.0,0.0,0.0,0,none,0,1,0,overconfident,0.95,0,mild_drift,0.9559986865656981,0.0013432460035047384,0.7814515980020582,0.8522782217831353,1768152357.1278,0.4706827402114868,0.09381373971700668
715,45760,45759,sea_nodrift,sea,ts_drift_adapt,5,"error_divergence_ph_meta@error.threshold=0.10,error.min_instances=5",error_divergence_ph_meta,"{""divergence"": {""alpha"": 0.1, ""delta"": 0.005, ""min_instances"": 30, ""threshold"": 0.05}, ""error_rate"": {""alpha"": 0.15, ""delta"": 0.005, ""min_instances"": 5, ""threshold"": 0.1}}","{""error_rate"": {""min_instances"": 5, ""threshold"": 0.1}}",0.1,0.005,0.15,5,0.05,0.005,0.1,30,,,,-1,two_stage,2,0.5,"__confirm_cooldown=200,__confirm_rule=perm_test,__perm_alpha=0.05,__perm_min_effect=0,__perm_n_perm=200,__perm_post_n=10,__perm_pre_n=200,__perm_rng_seed=0,__perm_stat=vote_score,divergence=0.3,error_rate=0.5,teacher_entropy=0.2",3,0,200,0.0,0,10000,10.0,25.0,200,500,0,0,1.0,0.8684222027972028,0.6808431863813927,0.16666666666666666,0.21560977399349213,0.014668110758066177,0,0,137,136,-1,perm_test,0.004975124378109453,0.5156843922194329,136,136,0,0.0,0.16666666666666666,0,0.0,0.0,0.0,0.0,0,none,0,1,0,overconfident,0.95,0,mild_drift,0.958149343282849,0.0013216230017523692,0.7907257990010291,0.8536391108915676,1768152357.1374662,0.37702155113220215,0.12240992486476898
716,45824,45823,sea_nodrift,sea,ts_drift_adapt,5,"error_divergence_ph_meta@error.threshold=0.10,error.min_instances=5",error_divergence_ph_meta,"{""divergence"": {""alpha"": 0.1, ""delta"": 0.005, ""min_instances"": 30, ""threshold"": 0.05}, ""error_rate"": {""alpha"": 0.15, ""delta"": 0.005, ""min_instances"": 5, ""threshold"": 0.1}}","{""error_rate"": {""min_instances"": 5, ""threshold"": 0.1}}",0.1,0.005,0.15,5,0.05,0.005,0.1,30,,,,-1,two_stage,2,0.5,"__confirm_cooldown=200,__confirm_rule=perm_test,__perm_alpha=0.05,__perm_min_effect=0,__perm_n_perm=200,__perm_post_n=10,__perm_pre_n=200,__perm_rng_seed=0,__perm_stat=vote_score,divergence=0.3,error_rate=0.5,teacher_entropy=0.2",3,0,200,0.0,0,10000,10.0,25.0,200,500,0,0,1.0,0.8685405027932961,0.6811153080052678,0.0,0.14105382561683655,0.006845352239906788,1,1,138,137,0,perm_test,0.004975124378109453,0.46111112021576556,137,137,0,0.16666666666666666,0.16666666666666666,1,0.5,0.0,0.0,0.0,0,none,1,1,0,overconfident,0.95,0,severe_drift,0.9245746716414245,0.0016608115008761846,0.6453628995005145,0.8318195554457839,1768152357.153068,0.05741814151406288,0.07096504420042038
717,45888,45887,sea_nodrift,sea,ts_drift_adapt,5,"error_divergence_ph_meta@error.threshold=0.10,error.min_instances=5",error_divergence_ph_meta,"{""divergence"": {""alpha"": 0.1, ""delta"": 0.005, ""min_instances"": 30, ""threshold"": 0.05}, ""error_rate"": {""alpha"": 0.15, ""delta"": 0.005, ""min_instances"": 5, ""threshold"": 0.1}}","{""error_rate"": {""min_instances"": 5, ""threshold"": 0.1}}",0.1,0.005,0.15,5,0.05,0.005,0.1,30,,,,-1,two_stage,2,0.5,"__confirm_cooldown=200,__confirm_rule=perm_test,__perm_alpha=0.05,__perm_min_effect=0,__perm_n_perm=200,__perm_post_n=10,__perm_pre_n=200,__perm_rng_seed=0,__perm_stat=vote_score,divergence=0.3,error_rate=0.5,teacher_entropy=0.2",3,0,200,0.0,0,10000,10.0,25.0,200,500,1,136,1.0,0.868636680613668,0.6813660266167669,0.0,0.17632664740085602,0.016180794686079025,0,0,138,137,-1,perm_test,0.004975124378109453,0.46111112021576556,137,137,0,0.0,0.009335442446172237,0,0.0,0.0,0.0,0.0,0,none,0,1,0,overconfident,0.95,0,mild_drift,0.9424373358207122,0.0014804057504380925,0.7226814497502573,0.8434097777228919,1768152357.1627464,0.180294930934906,0.1488805115222931
718,45952,45951,sea_nodrift,sea,ts_drift_adapt,5,"error_divergence_ph_meta@error.threshold=0.10,error.min_instances=5",error_divergence_ph_meta,"{""divergence"": {""alpha"": 0.1, ""delta"": 0.005, ""min_instances"": 30, ""threshold"": 0.05}, ""error_rate"": {""alpha"": 0.15, ""delta"": 0.005, ""min_instances"": 5, ""threshold"": 0.1}}","{""error_rate"": {""min_instances"": 5, ""threshold"": 0.1}}",0.1,0.005,0.15,5,0.05,0.005,0.1,30,,,,-1,two_stage,2,0.5,"__confirm_cooldown=200,__confirm_rule=perm_test,__perm_alpha=0.05,__perm_min_effect=0,__perm_n_perm=200,__perm_post_n=10,__perm_pre_n=200,__perm_rng_seed=0,__perm_stat=vote_score,divergence=0.3,error_rate=0.5,teacher_entropy=0.2",3,0,200,0.0,0,10000,10.0,25.0,200,500,1,72,1.0,0.8686455431754875,0.681530979978571,0.16666666666666666,0.2602187395095825,0.01521916501224041,0,0,138,137,-1,perm_test,0.004975124378109453,0.46111112021576556,137,137,0,0.0,0.16666666666666666,0,0.0,0.0,0.0,0.0,0,none,0,1,0,overconfident,0.95,0,mild_drift,0.9513686679103561,0.0013902028752190462,0.7613407248751287,0.849204888861446,1768152357.1723404,0.146351158618927,0.14236392080783844
719,46016,46015,sea_nodrift,sea,ts_drift_adapt,5,"error_divergence_ph_meta@error.threshold=0.10,error.min_instances=5",error_divergence_ph_meta,"{""divergence"": {""alpha"": 0.1, ""delta"": 0.005, ""min_instances"": 30, ""threshold"": 0.05}, ""error_rate"": {""alpha"": 0.15, ""delta"": 0.005, ""min_instances"": 5, ""threshold"": 0.1}}","{""error_rate"": {""min_instances"": 5, ""threshold"": 0.1}}",0.1,0.005,0.15,5,0.05,0.005,0.1,30,,,,-1,two_stage,2,0.5,"__confirm_cooldown=200,__confirm_rule=perm_test,__perm_alpha=0.05,__perm_min_effect=0,__perm_n_perm=200,__perm_post_n=10,__perm_pre_n=200,__perm_rng_seed=0,__perm_stat=vote_score,divergence=0.3,error_rate=0.5,teacher_entropy=0.2",3,0,200,0.0,0,10000,10.0,25.0,200,500,1,8,1.0,0.8687413073713491,0.6818063430026626,0.0,0.19442199170589447,0.01719280146062374,0,0,138,137,-1,perm_test,0.004975124378109453,0.46111112021576556,137,137,0,0.0,0.16666666666666666,0,0.0,0.0,0.0,0.0,0,none,0,1,0,overconfident,0.95,0,mild_drift,0.955834333955178,0.0013451014376095233,0.7806703624375644,0.852102444430723,1768152357.1819205,0.02876996248960495,0.15673992037773132
720,46080,46079,sea_nodrift,sea,ts_drift_adapt,5,"error_divergence_ph_meta@error.threshold=0.10,error.min_instances=5",error_divergence_ph_meta,"{""divergence"": {""alpha"": 0.1, ""delta"": 0.005, ""min_instances"": 30, ""threshold"": 0.05}, ""error_rate"": {""alpha"": 0.15, ""delta"": 0.005, ""min_instances"": 5, ""threshold"": 0.1}}","{""error_rate"": {""min_instances"": 5, ""threshold"": 0.1}}",0.1,0.005,0.15,5,0.05,0.005,0.1,30,,,,-1,two_stage,2,0.5,"__confirm_cooldown=200,__confirm_rule=perm_test,__perm_alpha=0.05,__perm_min_effect=0,__perm_n_perm=200,__perm_post_n=10,__perm_pre_n=200,__perm_rng_seed=0,__perm_stat=vote_score,divergence=0.3,error_rate=0.5,teacher_entropy=0.2",3,0,200,0.0,0,10000,10.0,25.0,200,500,0,0,1.0,0.8688151041666666,0.6820767174815524,0.3333333333333333,0.1954393833875656,0.00841287337243557,0,0,138,137,-1,perm_test,0.004975124378109453,0.46111112021576556,137,137,0,0.0,0.3333333333333333,0,0.0,0.0,0.0,0.0,0,none,0,1,0,overconfident,0.95,0,mild_drift,0.958067166977589,0.0013225507188047618,0.7903351812187822,0.8535512222153615,1768152357.1916173,0.6606596112251282,0.07531954348087311
721,46144,46143,sea_nodrift,sea,ts_drift_adapt,5,"error_divergence_ph_meta@error.threshold=0.10,error.min_instances=5",error_divergence_ph_meta,"{""divergence"": {""alpha"": 0.1, ""delta"": 0.005, ""min_instances"": 30, ""threshold"": 0.05}, ""error_rate"": {""alpha"": 0.15, ""delta"": 0.005, ""min_instances"": 5, ""threshold"": 0.1}}","{""error_rate"": {""min_instances"": 5, ""threshold"": 0.1}}",0.1,0.005,0.15,5,0.05,0.005,0.1,30,,,,-1,two_stage,2,0.5,"__confirm_cooldown=200,__confirm_rule=perm_test,__perm_alpha=0.05,__perm_min_effect=0,__perm_n_perm=200,__perm_post_n=10,__perm_pre_n=200,__perm_rng_seed=0,__perm_stat=vote_score,divergence=0.3,error_rate=0.5,teacher_entropy=0.2",3,0,200,0.0,0,10000,10.0,25.0,200,500,0,0,1.0,0.8689753814147018,0.6824902133101604,0.0,0.16890206933021545,0.01056137029081583,1,1,139,138,0,perm_test,0.004975124378109453,0.4888120291621797,138,138,0,0.0,0.3333333333333333,1,0.5,0.0,0.0,0.0,0,none,1,1,0,overconfident,0.95,0,stable,0.9740335834887945,0.0010612753594023809,0.8951675906093911,0.8992756111076807,1768152357.2072508,0.06237779185175896,0.08099403232336044
722,46208,46207,sea_nodrift,sea,ts_drift_adapt,5,"error_divergence_ph_meta@error.threshold=0.10,error.min_instances=5",error_divergence_ph_meta,"{""divergence"": {""alpha"": 0.1, ""delta"": 0.005, ""min_instances"": 30, ""threshold"": 0.05}, ""error_rate"": {""alpha"": 0.15, ""delta"": 0.005, ""min_instances"": 5, ""threshold"": 0.1}}","{""error_rate"": {""min_instances"": 5, ""threshold"": 0.1}}",0.1,0.005,0.15,5,0.05,0.005,0.1,30,,,,-1,two_stage,2,0.5,"__confirm_cooldown=200,__confirm_rule=perm_test,__perm_alpha=0.05,__perm_min_effect=0,__perm_n_perm=200,__perm_post_n=10,__perm_pre_n=200,__perm_rng_seed=0,__perm_stat=vote_score,divergence=0.3,error_rate=0.5,teacher_entropy=0.2",3,0,200,0.0,0,10000,10.0,25.0,200,500,1,136,1.0,0.8691352146814404,0.6828743062918122,0.0,0.20513316988945007,0.015081357210874557,0,0,139,138,-1,perm_test,0.004975124378109453,0.4888120291621797,138,138,0,0.0,0.004519986920058727,0,0.0,0.0,0.0,0.0,0,none,0,1,0,overconfident,0.95,0,mild_drift,0.9671667917443972,0.0011806376797011905,0.8475837953046956,0.8771378055538404,1768152357.2170765,0.007814007811248302,0.106874980032444
723,46272,46271,sea_nodrift,sea,ts_drift_adapt,5,"error_divergence_ph_meta@error.threshold=0.10,error.min_instances=5",error_divergence_ph_meta,"{""divergence"": {""alpha"": 0.1, ""delta"": 0.005, ""min_instances"": 30, ""threshold"": 0.05}, ""error_rate"": {""alpha"": 0.15, ""delta"": 0.005, ""min_instances"": 5, ""threshold"": 0.1}}","{""error_rate"": {""min_instances"": 5, ""threshold"": 0.1}}",0.1,0.005,0.15,5,0.05,0.005,0.1,30,,,,-1,two_stage,2,0.5,"__confirm_cooldown=200,__confirm_rule=perm_test,__perm_alpha=0.05,__perm_min_effect=0,__perm_n_perm=200,__perm_post_n=10,__perm_pre_n=200,__perm_rng_seed=0,__perm_stat=vote_score,divergence=0.3,error_rate=0.5,teacher_entropy=0.2",3,0,200,0.0,0,10000,10.0,25.0,200,500,1,72,1.0,0.8692297717842323,0.6831248390425505,0.0,0.24478383362293243,0.014824159443378448,0,0,139,138,-1,perm_test,0.004975124378109453,0.4888120291621797,138,138,0,0.0,0.000257197767496109,0,0.0,0.0,0.0,0.0,0,none,0,1,0,overconfident,0.95,0,mild_drift,0.9637333958721985,0.0012403188398505953,0.8237918976523478,0.8660689027769202,1768152357.2268338,0.019508372992277145,0.1018969863653183
724,46336,46335,sea_nodrift,sea,ts_drift_adapt,5,"error_divergence_ph_meta@error.threshold=0.10,error.min_instances=5",error_divergence_ph_meta,"{""divergence"": {""alpha"": 0.1, ""delta"": 0.005, ""min_instances"": 30, ""threshold"": 0.05}, ""error_rate"": {""alpha"": 0.15, ""delta"": 0.005, ""min_instances"": 5, ""threshold"": 0.1}}","{""error_rate"": {""min_instances"": 5, ""threshold"": 0.1}}",0.1,0.005,0.15,5,0.05,0.005,0.1,30,,,,-1,two_stage,2,0.5,"__confirm_cooldown=200,__confirm_rule=perm_test,__perm_alpha=0.05,__perm_min_effect=0,__perm_n_perm=200,__perm_post_n=10,__perm_pre_n=200,__perm_rng_seed=0,__perm_stat=vote_score,divergence=0.3,error_rate=0.5,teacher_entropy=0.2",3,0,200,0.0,0,10000,10.0,25.0,200,500,1,8,1.0,0.8692161602209945,0.6831377469063259,0.0,0.22302547097206116,0.014281016774475574,0,0,139,138,-1,perm_test,0.004975124378109453,0.4888120291621797,138,138,0,0.0,0.000543142668902874,0,0.0,0.0,0.0,0.0,0,none,0,1,0,overconfident,0.95,0,mild_drift,0.9620166979360992,0.0012701594199252977,0.8118959488261739,0.8605344513884601,1768152357.2364116,0.09739745408296585,0.12835875153541565
725,46400,46399,sea_nodrift,sea,ts_drift_adapt,5,"error_divergence_ph_meta@error.threshold=0.10,error.min_instances=5",error_divergence_ph_meta,"{""divergence"": {""alpha"": 0.1, ""delta"": 0.005, ""min_instances"": 30, ""threshold"": 0.05}, ""error_rate"": {""alpha"": 0.15, ""delta"": 0.005, ""min_instances"": 5, ""threshold"": 0.1}}","{""error_rate"": {""min_instances"": 5, ""threshold"": 0.1}}",0.1,0.005,0.15,5,0.05,0.005,0.1,30,,,,-1,two_stage,2,0.5,"__confirm_cooldown=200,__confirm_rule=perm_test,__perm_alpha=0.05,__perm_min_effect=0,__perm_n_perm=200,__perm_post_n=10,__perm_pre_n=200,__perm_rng_seed=0,__perm_stat=vote_score,divergence=0.3,error_rate=0.5,teacher_entropy=0.2",3,0,200,0.0,0,10000,10.0,25.0,200,500,0,0,1.0,0.8692672413793103,0.6833037478515871,0.0,0.20740088820457458,0.017456145957112312,0,0,139,138,-1,perm_test,0.004975124378109453,0.4888120291621797,138,138,0,0.0,0.003175129182636738,0,0.0,0.0,0.0,0.0,0,none,0,1,0,overconfident,0.95,0,mild_drift,0.9611583489680495,0.001285079709962649,0.805947974413087,0.85776722569423,1768152357.246096,0.017325906082987785,0.10579316318035126
726,46464,46463,sea_nodrift,sea,ts_drift_adapt,5,"error_divergence_ph_meta@error.threshold=0.10,error.min_instances=5",error_divergence_ph_meta,"{""divergence"": {""alpha"": 0.1, ""delta"": 0.005, ""min_instances"": 30, ""threshold"": 0.05}, ""error_rate"": {""alpha"": 0.15, ""delta"": 0.005, ""min_instances"": 5, ""threshold"": 0.1}}","{""error_rate"": {""min_instances"": 5, ""threshold"": 0.1}}",0.1,0.005,0.15,5,0.05,0.005,0.1,30,,,,-1,two_stage,2,0.5,"__confirm_cooldown=200,__confirm_rule=perm_test,__perm_alpha=0.05,__perm_min_effect=0,__perm_n_perm=200,__perm_post_n=10,__perm_pre_n=200,__perm_rng_seed=0,__perm_stat=vote_score,divergence=0.3,error_rate=0.5,teacher_entropy=0.2",3,0,200,0.0,0,10000,10.0,25.0,200,500,0,0,1.0,0.8693612258953168,0.683592102930232,0.0,0.18682993948459625,0.019153974950313568,0,0,139,138,-1,perm_test,0.004975124378109453,0.4888120291621797,138,138,0,0.0,0.0016978289932012558,0,0.0,0.0,0.0,0.0,0,none,0,1,0,overconfident,0.95,0,mild_drift,0.9607291744840247,0.0012925398549813246,0.8029739872065436,0.856383612847115,1768152357.2559488,0.016717510297894478,0.16185447573661804
727,46528,46527,sea_nodrift,sea,ts_drift_adapt,5,"error_divergence_ph_meta@error.threshold=0.10,error.min_instances=5",error_divergence_ph_meta,"{""divergence"": {""alpha"": 0.1, ""delta"": 0.005, ""min_instances"": 30, ""threshold"": 0.05}, ""error_rate"": {""alpha"": 0.15, ""delta"": 0.005, ""min_instances"": 5, ""threshold"": 0.1}}","{""error_rate"": {""min_instances"": 5, ""threshold"": 0.1}}",0.1,0.005,0.15,5,0.05,0.005,0.1,30,,,,-1,two_stage,2,0.5,"__confirm_cooldown=200,__confirm_rule=perm_test,__perm_alpha=0.05,__perm_min_effect=0,__perm_n_perm=200,__perm_post_n=10,__perm_pre_n=200,__perm_rng_seed=0,__perm_stat=vote_score,divergence=0.3,error_rate=0.5,teacher_entropy=0.2",3,0,200,0.0,0,10000,10.0,25.0,200,500,0,0,1.0,0.8694549518569463,0.683837749509142,0.0,0.2221217006444931,0.01029528770595789,0,0,139,138,-1,perm_test,0.004975124378109453,0.4888120291621797,138,138,0,0.0,0.008858687244355679,0,0.0,0.0,0.0,0.0,0,none,0,1,0,overconfident,0.95,0,mild_drift,0.9605145872420123,0.0012962699274906625,0.8014869936032718,0.8556918064235575,1768152357.2657886,0.12074387818574905,0.10894465446472168
728,46592,46591,sea_nodrift,sea,ts_drift_adapt,5,"error_divergence_ph_meta@error.threshold=0.10,error.min_instances=5",error_divergence_ph_meta,"{""divergence"": {""alpha"": 0.1, ""delta"": 0.005, ""min_instances"": 30, ""threshold"": 0.05}, ""error_rate"": {""alpha"": 0.15, ""delta"": 0.005, ""min_instances"": 5, ""threshold"": 0.1}}","{""error_rate"": {""min_instances"": 5, ""threshold"": 0.1}}",0.1,0.005,0.15,5,0.05,0.005,0.1,30,,,,-1,two_stage,2,0.5,"__confirm_cooldown=200,__confirm_rule=perm_test,__perm_alpha=0.05,__perm_min_effect=0,__perm_n_perm=200,__perm_post_n=10,__perm_pre_n=200,__perm_rng_seed=0,__perm_stat=vote_score,divergence=0.3,error_rate=0.5,teacher_entropy=0.2",3,0,200,0.0,0,10000,10.0,25.0,200,500,0,0,1.0,0.8696128090659341,0.6842166326130984,0.16666666666666666,0.15987750887870789,0.004165239166468382,1,1,140,139,0,perm_test,0.004975124378109453,0.49945936573635186,139,139,0,0.16666666666666666,0.16666666666666666,1,0.5,0.0,0.0,0.0,0,none,1,1,0,overconfident,0.95,0,severe_drift,0.9257572936210061,0.0016481349637453313,0.6507434968016359,0.8328459032117788,1768152357.281432,0.21837906539440155,0.04586958885192871
729,46656,46655,sea_nodrift,sea,ts_drift_adapt,5,"error_divergence_ph_meta@error.threshold=0.10,error.min_instances=5",error_divergence_ph_meta,"{""divergence"": {""alpha"": 0.1, ""delta"": 0.005, ""min_instances"": 30, ""threshold"": 0.05}, ""error_rate"": {""alpha"": 0.15, ""delta"": 0.005, ""min_instances"": 5, ""threshold"": 0.1}}","{""error_rate"": {""min_instances"": 5, ""threshold"": 0.1}}",0.1,0.005,0.15,5,0.05,0.005,0.1,30,,,,-1,two_stage,2,0.5,"__confirm_cooldown=200,__confirm_rule=perm_test,__perm_alpha=0.05,__perm_min_effect=0,__perm_n_perm=200,__perm_post_n=10,__perm_pre_n=200,__perm_rng_seed=0,__perm_stat=vote_score,divergence=0.3,error_rate=0.5,teacher_entropy=0.2",3,0,200,0.0,0,10000,10.0,25.0,200,500,1,136,1.0,0.8697059327846365,0.6844168092185857,0.16666666666666666,0.20537623763084412,0.011927084997296333,0,0,140,139,-1,perm_test,0.004975124378109453,0.49945936573635186,139,139,0,0.0,0.007761845830827951,0,0.0,0.0,0.0,0.0,0,none,0,1,0,overconfident,0.95,0,mild_drift,0.943028646810503,0.0014740674818726658,0.725371748400818,0.8439229516058894,1768152357.2911074,0.4224632978439331,0.12554696202278137
730,46720,46719,sea_nodrift,sea,ts_drift_adapt,5,"error_divergence_ph_meta@error.threshold=0.10,error.min_instances=5",error_divergence_ph_meta,"{""divergence"": {""alpha"": 0.1, ""delta"": 0.005, ""min_instances"": 30, ""threshold"": 0.05}, ""error_rate"": {""alpha"": 0.15, ""delta"": 0.005, ""min_instances"": 5, ""threshold"": 0.1}}","{""error_rate"": {""min_instances"": 5, ""threshold"": 0.1}}",0.1,0.005,0.15,5,0.05,0.005,0.1,30,,,,-1,two_stage,2,0.5,"__confirm_cooldown=200,__confirm_rule=perm_test,__perm_alpha=0.05,__perm_min_effect=0,__perm_n_perm=200,__perm_post_n=10,__perm_pre_n=200,__perm_rng_seed=0,__perm_stat=vote_score,divergence=0.3,error_rate=0.5,teacher_entropy=0.2",3,0,200,0.0,0,10000,10.0,25.0,200,500,1,72,1.0,0.8698630136986302,0.6848354020507286,0.0,0.16199250519275665,0.015221007168293,0,0,140,139,-1,perm_test,0.004975124378109453,0.49945936573635186,139,139,0,0.0,0.16666666666666666,0,0.0,0.0,0.0,0.0,0,none,0,1,0,overconfident,0.95,0,mild_drift,0.9516643234052515,0.0013870337409363329,0.762685874200409,0.8494614758029446,1768152357.3006353,0.05754278972744942,0.14619126915931702
731,46784,46783,sea_nodrift,sea,ts_drift_adapt,5,"error_divergence_ph_meta@error.threshold=0.10,error.min_instances=5",error_divergence_ph_meta,"{""divergence"": {""alpha"": 0.1, ""delta"": 0.005, ""min_instances"": 30, ""threshold"": 0.05}, ""error_rate"": {""alpha"": 0.15, ""delta"": 0.005, ""min_instances"": 5, ""threshold"": 0.1}}","{""error_rate"": {""min_instances"": 5, ""threshold"": 0.1}}",0.1,0.005,0.15,5,0.05,0.005,0.1,30,,,,-1,two_stage,2,0.5,"__confirm_cooldown=200,__confirm_rule=perm_test,__perm_alpha=0.05,__perm_min_effect=0,__perm_n_perm=200,__perm_post_n=10,__perm_pre_n=200,__perm_rng_seed=0,__perm_stat=vote_score,divergence=0.3,error_rate=0.5,teacher_entropy=0.2",3,0,200,0.0,0,10000,10.0,25.0,200,500,1,8,1.0,0.8699769151846786,0.6851492218415982,0.16666666666666666,0.14631250500679016,0.00849227700382471,0,0,140,139,-1,perm_test,0.004975124378109453,0.49945936573635186,139,139,0,0.0,0.16666666666666666,0,0.0,0.0,0.0,0.0,0,none,0,1,0,overconfident,0.95,0,mild_drift,0.9559821617026257,0.0013435168704681666,0.7813429371002045,0.8522307379014723,1768152357.310265,0.33006688952445984,0.07247431576251984
732,46848,46847,sea_nodrift,sea,ts_drift_adapt,5,"error_divergence_ph_meta@error.threshold=0.10,error.min_instances=5",error_divergence_ph_meta,"{""divergence"": {""alpha"": 0.1, ""delta"": 0.005, ""min_instances"": 30, ""threshold"": 0.05}, ""error_rate"": {""alpha"": 0.15, ""delta"": 0.005, ""min_instances"": 5, ""threshold"": 0.1}}","{""error_rate"": {""min_instances"": 5, ""threshold"": 0.1}}",0.1,0.005,0.15,5,0.05,0.005,0.1,30,,,,-1,two_stage,2,0.5,"__confirm_cooldown=200,__confirm_rule=perm_test,__perm_alpha=0.05,__perm_min_effect=0,__perm_n_perm=200,__perm_post_n=10,__perm_pre_n=200,__perm_rng_seed=0,__perm_stat=vote_score,divergence=0.3,error_rate=0.5,teacher_entropy=0.2",3,0,200,0.0,0,10000,10.0,25.0,200,500,0,0,1.0,0.8700478142076503,0.6853036997028893,0.0,0.21537840366363525,0.010588739067316055,0,0,140,139,-1,perm_test,0.004975124378109453,0.49945936573635186,139,139,0,0.0,0.16666666666666666,0,0.0,0.0,0.0,0.0,0,none,0,1,0,overconfident,0.95,0,mild_drift,0.9581410808513129,0.0013217584352340833,0.7906714685501023,0.8536153689507362,1768152357.3199108,0.01090534869581461,0.07990747690200806
733,46912,46911,sea_nodrift,sea,ts_drift_adapt,5,"error_divergence_ph_meta@error.threshold=0.10,error.min_instances=5",error_divergence_ph_meta,"{""divergence"": {""alpha"": 0.1, ""delta"": 0.005, ""min_instances"": 30, ""threshold"": 0.05}, ""error_rate"": {""alpha"": 0.15, ""delta"": 0.005, ""min_instances"": 5, ""threshold"": 0.1}}","{""error_rate"": {""min_instances"": 5, ""threshold"": 0.1}}",0.1,0.005,0.15,5,0.05,0.005,0.1,30,,,,-1,two_stage,2,0.5,"__confirm_cooldown=200,__confirm_rule=perm_test,__perm_alpha=0.05,__perm_min_effect=0,__perm_n_perm=200,__perm_post_n=10,__perm_pre_n=200,__perm_rng_seed=0,__perm_stat=vote_score,divergence=0.3,error_rate=0.5,teacher_entropy=0.2",3,0,200,0.0,0,10000,10.0,25.0,200,500,0,0,1.0,0.8701611527967258,0.6856251465176029,0.0,0.19008316099643707,0.0175335593521595,1,1,141,140,0,perm_test,0.004975124378109453,0.5027184945079044,140,140,0,0.16666666666666666,0.006944820284843445,1,0.5,0.0,0.0,0.0,0,none,1,1,0,overconfident,0.95,0,severe_drift,0.9245705404256565,0.0016608792176170417,0.6453357342750512,0.8318076844753681,1768152357.335461,0.03074272722005844,0.14461901783943176
734,46976,46975,sea_nodrift,sea,ts_drift_adapt,5,"error_divergence_ph_meta@error.threshold=0.10,error.min_instances=5",error_divergence_ph_meta,"{""divergence"": {""alpha"": 0.1, ""delta"": 0.005, ""min_instances"": 30, ""threshold"": 0.05}, ""error_rate"": {""alpha"": 0.15, ""delta"": 0.005, ""min_instances"": 5, ""threshold"": 0.1}}","{""error_rate"": {""min_instances"": 5, ""threshold"": 0.1}}",0.1,0.005,0.15,5,0.05,0.005,0.1,30,,,,-1,two_stage,2,0.5,"__confirm_cooldown=200,__confirm_rule=perm_test,__perm_alpha=0.05,__perm_min_effect=0,__perm_n_perm=200,__perm_post_n=10,__perm_pre_n=200,__perm_rng_seed=0,__perm_stat=vote_score,divergence=0.3,error_rate=0.5,teacher_entropy=0.2",3,0,200,0.0,0,10000,10.0,25.0,200,500,1,136,1.0,0.8702528950953679,0.6859043037406548,0.16666666666666666,0.177606999874115,0.022884663194417953,0,0,141,140,-1,perm_test,0.004975124378109453,0.5027184945079044,140,140,0,0.0,0.16666666666666666,0,0.0,0.0,0.0,0.0,0,none,0,1,0,overconfident,0.95,0,mild_drift,0.9424352702128282,0.001480439608808521,0.7226678671375256,0.843403842237684,1768152357.3451154,0.28675517439842224,0.22882425785064697
735,47040,47039,sea_nodrift,sea,ts_drift_adapt,5,"error_divergence_ph_meta@error.threshold=0.10,error.min_instances=5",error_divergence_ph_meta,"{""divergence"": {""alpha"": 0.1, ""delta"": 0.005, ""min_instances"": 30, ""threshold"": 0.05}, ""error_rate"": {""alpha"": 0.15, ""delta"": 0.005, ""min_instances"": 5, ""threshold"": 0.1}}","{""error_rate"": {""min_instances"": 5, ""threshold"": 0.1}}",0.1,0.005,0.15,5,0.05,0.005,0.1,30,,,,-1,two_stage,2,0.5,"__confirm_cooldown=200,__confirm_rule=perm_test,__perm_alpha=0.05,__perm_min_effect=0,__perm_n_perm=200,__perm_post_n=10,__perm_pre_n=200,__perm_rng_seed=0,__perm_stat=vote_score,divergence=0.3,error_rate=0.5,teacher_entropy=0.2",3,0,200,0.0,0,10000,10.0,25.0,200,500,1,72,1.0,0.8703231292517006,0.6861231791679039,0.0,0.20242394506931305,0.015203804709017277,0,0,141,140,-1,perm_test,0.004975124378109453,0.5027184945079044,140,140,0,0.0,0.16666666666666666,0,0.0,0.0,0.0,0.0,0,none,0,1,0,overconfident,0.95,0,mild_drift,0.9513676351064141,0.0013902198044042605,0.7613339335687628,0.849201921118842,1768152357.3546808,0.1593020260334015,0.13741551339626312
736,47104,47103,sea_nodrift,sea,ts_drift_adapt,5,"error_divergence_ph_meta@error.threshold=0.10,error.min_instances=5",error_divergence_ph_meta,"{""divergence"": {""alpha"": 0.1, ""delta"": 0.005, ""min_instances"": 30, ""threshold"": 0.05}, ""error_rate"": {""alpha"": 0.15, ""delta"": 0.005, ""min_instances"": 5, ""threshold"": 0.1}}","{""error_rate"": {""min_instances"": 5, ""threshold"": 0.1}}",0.1,0.005,0.15,5,0.05,0.005,0.1,30,,,,-1,two_stage,2,0.5,"__confirm_cooldown=200,__confirm_rule=perm_test,__perm_alpha=0.05,__perm_min_effect=0,__perm_n_perm=200,__perm_post_n=10,__perm_pre_n=200,__perm_rng_seed=0,__perm_stat=vote_score,divergence=0.3,error_rate=0.5,teacher_entropy=0.2",3,0,200,0.0,0,10000,10.0,25.0,200,500,1,8,1.0,0.8703507133152174,0.68619105826263,0.0,0.23408274352550507,0.020027663558721542,0,0,141,140,-1,perm_test,0.004975124378109453,0.5027184945079044,140,140,0,0.0,0.004823858849704266,0,0.0,0.0,0.0,0.0,0,none,0,1,0,overconfident,0.95,0,mild_drift,0.9558338175532071,0.0013451099022021304,0.7806669667843814,0.852100960559421,1768152357.3643026,0.01282647717744112,0.16842855513095856
737,47168,47167,sea_nodrift,sea,ts_drift_adapt,5,"error_divergence_ph_meta@error.threshold=0.10,error.min_instances=5",error_divergence_ph_meta,"{""divergence"": {""alpha"": 0.1, ""delta"": 0.005, ""min_instances"": 30, ""threshold"": 0.05}, ""error_rate"": {""alpha"": 0.15, ""delta"": 0.005, ""min_instances"": 5, ""threshold"": 0.1}}","{""error_rate"": {""min_instances"": 5, ""threshold"": 0.1}}",0.1,0.005,0.15,5,0.05,0.005,0.1,30,,,,-1,two_stage,2,0.5,"__confirm_cooldown=200,__confirm_rule=perm_test,__perm_alpha=0.05,__perm_min_effect=0,__perm_n_perm=200,__perm_post_n=10,__perm_pre_n=200,__perm_rng_seed=0,__perm_stat=vote_score,divergence=0.3,error_rate=0.5,teacher_entropy=0.2",3,0,200,0.0,0,10000,10.0,25.0,200,500,0,0,1.0,0.8704206241519674,0.6865130708227526,0.0,0.221259206533432,0.019283590838313103,0,0,141,140,-1,perm_test,0.004975124378109453,0.5027184945079044,140,140,0,0.0,0.0007440727204084396,0,0.0,0.0,0.0,0.0,0,none,0,1,0,overconfident,0.95,0,mild_drift,0.9580669087766035,0.0013225549511010652,0.7903334833921907,0.8535504802797105,1768152357.3739877,0.026190409436821938,0.15704721212387085
738,47232,47231,sea_nodrift,sea,ts_drift_adapt,5,"error_divergence_ph_meta@error.threshold=0.10,error.min_instances=5",error_divergence_ph_meta,"{""divergence"": {""alpha"": 0.1, ""delta"": 0.005, ""min_instances"": 30, ""threshold"": 0.05}, ""error_rate"": {""alpha"": 0.15, ""delta"": 0.005, ""min_instances"": 5, ""threshold"": 0.1}}","{""error_rate"": {""min_instances"": 5, ""threshold"": 0.1}}",0.1,0.005,0.15,5,0.05,0.005,0.1,30,,,,-1,two_stage,2,0.5,"__confirm_cooldown=200,__confirm_rule=perm_test,__perm_alpha=0.05,__perm_min_effect=0,__perm_n_perm=200,__perm_post_n=10,__perm_pre_n=200,__perm_rng_seed=0,__perm_stat=vote_score,divergence=0.3,error_rate=0.5,teacher_entropy=0.2",3,0,200,0.0,0,10000,10.0,25.0,200,500,0,0,1.0,0.8704903455284553,0.6866713726560294,0.0,0.1810193508863449,0.018247591331601143,0,0,141,140,-1,perm_test,0.004975124378109453,0.5027184945079044,140,140,0,0.0,0.0010359995067119598,0,0.0,0.0,0.0,0.0,0,none,0,1,0,overconfident,0.95,0,mild_drift,0.9591834543883018,0.0013112774755505326,0.7951667416960954,0.8542752401398552,1768152357.3838475,0.11541194468736649,0.16783130168914795
739,47296,47295,sea_nodrift,sea,ts_drift_adapt,5,"error_divergence_ph_meta@error.threshold=0.10,error.min_instances=5",error_divergence_ph_meta,"{""divergence"": {""alpha"": 0.1, ""delta"": 0.005, ""min_instances"": 30, ""threshold"": 0.05}, ""error_rate"": {""alpha"": 0.15, ""delta"": 0.005, ""min_instances"": 5, ""threshold"": 0.1}}","{""error_rate"": {""min_instances"": 5, ""threshold"": 0.1}}",0.1,0.005,0.15,5,0.05,0.005,0.1,30,,,,-1,two_stage,2,0.5,"__confirm_cooldown=200,__confirm_rule=perm_test,__perm_alpha=0.05,__perm_min_effect=0,__perm_n_perm=200,__perm_post_n=10,__perm_pre_n=200,__perm_rng_seed=0,__perm_stat=vote_score,divergence=0.3,error_rate=0.5,teacher_entropy=0.2",3,0,200,0.0,0,10000,10.0,25.0,200,500,0,0,1.0,0.8705387347767253,0.6867746705454305,0.0,0.2300039529800415,0.015705114230513573,0,0,141,140,-1,perm_test,0.004975124378109453,0.5027184945079044,140,140,0,0.0,0.00254247710108757,0,0.0,0.0,0.0,0.0,0,none,0,1,0,overconfident,0.95,0,mild_drift,0.9597417271941509,0.0013056387377752663,0.7975833708480478,0.8546376200699276,1768152357.3936698,0.13770538568496704,0.12762142717838287
740,47360,47359,sea_nodrift,sea,ts_drift_adapt,5,"error_divergence_ph_meta@error.threshold=0.10,error.min_instances=5",error_divergence_ph_meta,"{""divergence"": {""alpha"": 0.1, ""delta"": 0.005, ""min_instances"": 30, ""threshold"": 0.05}, ""error_rate"": {""alpha"": 0.15, ""delta"": 0.005, ""min_instances"": 5, ""threshold"": 0.1}}","{""error_rate"": {""min_instances"": 5, ""threshold"": 0.1}}",0.1,0.005,0.15,5,0.05,0.005,0.1,30,,,,-1,two_stage,2,0.5,"__confirm_cooldown=200,__confirm_rule=perm_test,__perm_alpha=0.05,__perm_min_effect=0,__perm_n_perm=200,__perm_post_n=10,__perm_pre_n=200,__perm_rng_seed=0,__perm_stat=vote_score,divergence=0.3,error_rate=0.5,teacher_entropy=0.2",3,0,200,0.0,0,10000,10.0,25.0,200,500,0,0,1.0,0.8705869932432433,0.6869295083611846,0.0,0.2010386884212494,0.018262408673763275,0,0,141,140,-1,perm_test,0.004975124378109453,0.5027184945079044,140,140,0,0.0,0.0025572944432497025,0,0.0,0.0,0.0,0.0,0,none,0,1,0,overconfident,0.95,0,mild_drift,0.9600208635970754,0.0013028193688876333,0.7987916854240239,0.8548188100349638,1768152357.4034863,0.10693585127592087,0.13852831721305847
741,47424,47423,sea_nodrift,sea,ts_drift_adapt,5,"error_divergence_ph_meta@error.threshold=0.10,error.min_instances=5",error_divergence_ph_meta,"{""divergence"": {""alpha"": 0.1, ""delta"": 0.005, ""min_instances"": 30, ""threshold"": 0.05}, ""error_rate"": {""alpha"": 0.15, ""delta"": 0.005, ""min_instances"": 5, ""threshold"": 0.1}}","{""error_rate"": {""min_instances"": 5, ""threshold"": 0.1}}",0.1,0.005,0.15,5,0.05,0.005,0.1,30,,,,-1,two_stage,2,0.5,"__confirm_cooldown=200,__confirm_rule=perm_test,__perm_alpha=0.05,__perm_min_effect=0,__perm_n_perm=200,__perm_post_n=10,__perm_pre_n=200,__perm_rng_seed=0,__perm_stat=vote_score,divergence=0.3,error_rate=0.5,teacher_entropy=0.2",3,0,200,0.0,0,10000,10.0,25.0,200,500,0,0,1.0,0.8707405533063428,0.687389253562982,0.16666666666666666,0.13737080991268158,0.006256094202399254,1,1,142,141,0,perm_test,0.004975124378109453,0.5,141,141,0,0.16666666666666666,0.16666666666666666,1,0.5,0.0,0.0,0.0,0,none,1,1,0,overconfident,0.95,0,severe_drift,0.9255104317985376,0.0016514096844438167,0.6493958427120119,0.832409405017482,1768152357.4193935,0.2568027675151825,0.07453218847513199
742,47488,47487,sea_nodrift,sea,ts_drift_adapt,5,"error_divergence_ph_meta@error.threshold=0.10,error.min_instances=5",error_divergence_ph_meta,"{""divergence"": {""alpha"": 0.1, ""delta"": 0.005, ""min_instances"": 30, ""threshold"": 0.05}, ""error_rate"": {""alpha"": 0.15, ""delta"": 0.005, ""min_instances"": 5, ""threshold"": 0.1}}","{""error_rate"": {""min_instances"": 5, ""threshold"": 0.1}}",0.1,0.005,0.15,5,0.05,0.005,0.1,30,,,,-1,two_stage,2,0.5,"__confirm_cooldown=200,__confirm_rule=perm_test,__perm_alpha=0.05,__perm_min_effect=0,__perm_n_perm=200,__perm_post_n=10,__perm_pre_n=200,__perm_rng_seed=0,__perm_stat=vote_score,divergence=0.3,error_rate=0.5,teacher_entropy=0.2",3,0,200,0.0,0,10000,10.0,25.0,200,500,1,136,1.0,0.8708936994609164,0.6878608343113194,0.0,0.18638116121292114,0.006398133002221584,0,0,142,141,-1,perm_test,0.004975124378109453,0.5,141,141,0,0.0,0.16666666666666666,0,0.0,0.0,0.0,0.0,0,none,0,1,0,overconfident,0.95,0,mild_drift,0.9429052158992688,0.0014757048422219085,0.724697921356006,0.843704702508741,1768152357.4290867,0.07266755402088165,0.07179636508226395
743,47552,47551,sea_nodrift,sea,ts_drift_adapt,5,"error_divergence_ph_meta@error.threshold=0.10,error.min_instances=5",error_divergence_ph_meta,"{""divergence"": {""alpha"": 0.1, ""delta"": 0.005, ""min_instances"": 30, ""threshold"": 0.05}, ""error_rate"": {""alpha"": 0.15, ""delta"": 0.005, ""min_instances"": 5, ""threshold"": 0.1}}","{""error_rate"": {""min_instances"": 5, ""threshold"": 0.1}}",0.1,0.005,0.15,5,0.05,0.005,0.1,30,,,,-1,two_stage,2,0.5,"__confirm_cooldown=200,__confirm_rule=perm_test,__perm_alpha=0.05,__perm_min_effect=0,__perm_n_perm=200,__perm_post_n=10,__perm_pre_n=200,__perm_rng_seed=0,__perm_stat=vote_score,divergence=0.3,error_rate=0.5,teacher_entropy=0.2",3,0,200,0.0,0,10000,10.0,25.0,200,500,1,72,1.0,0.8710043741588156,0.688273441363883,0.0,0.15649276971817017,0.008879306726157665,0,0,142,141,-1,perm_test,0.004975124378109453,0.5,141,141,0,0.0,0.002481173723936081,0,0.0,0.0,0.0,0.0,0,none,0,1,0,overconfident,0.95,0,mild_drift,0.9516026079496344,0.0013878524211109544,0.762348960678003,0.8493523512543705,1768152357.438643,0.022868914529681206,0.0806007832288742
744,47616,47615,sea_nodrift,sea,ts_drift_adapt,5,"error_divergence_ph_meta@error.threshold=0.10,error.min_instances=5",error_divergence_ph_meta,"{""divergence"": {""alpha"": 0.1, ""delta"": 0.005, ""min_instances"": 30, ""threshold"": 0.05}, ""error_rate"": {""alpha"": 0.15, ""delta"": 0.005, ""min_instances"": 5, ""threshold"": 0.1}}","{""error_rate"": {""min_instances"": 5, ""threshold"": 0.1}}",0.1,0.005,0.15,5,0.05,0.005,0.1,30,,,,-1,two_stage,2,0.5,"__confirm_cooldown=200,__confirm_rule=perm_test,__perm_alpha=0.05,__perm_min_effect=0,__perm_n_perm=200,__perm_post_n=10,__perm_pre_n=200,__perm_rng_seed=0,__perm_stat=vote_score,divergence=0.3,error_rate=0.5,teacher_entropy=0.2",3,0,200,0.0,0,10000,10.0,25.0,200,500,1,8,1.0,0.871135752688172,0.6885812470759302,0.0,0.17558717727661133,0.009710981510579586,0,0,142,141,-1,perm_test,0.004975124378109453,0.5,141,141,0,0.0,0.0008316747844219208,0,0.0,0.0,0.0,0.0,0,none,0,1,0,overconfident,0.95,0,mild_drift,0.9559513039748171,0.0013439262105554772,0.7811744803390015,0.8521761756271853,1768152357.4483654,0.019601939246058464,0.08312385529279709
745,47680,47679,sea_nodrift,sea,ts_drift_adapt,5,"error_divergence_ph_meta@error.threshold=0.10,error.min_instances=5",error_divergence_ph_meta,"{""divergence"": {""alpha"": 0.1, ""delta"": 0.005, ""min_instances"": 30, ""threshold"": 0.05}, ""error_rate"": {""alpha"": 0.15, ""delta"": 0.005, ""min_instances"": 5, ""threshold"": 0.1}}","{""error_rate"": {""min_instances"": 5, ""threshold"": 0.1}}",0.1,0.005,0.15,5,0.05,0.005,0.1,30,,,,-1,two_stage,2,0.5,"__confirm_cooldown=200,__confirm_rule=perm_test,__perm_alpha=0.05,__perm_min_effect=0,__perm_n_perm=200,__perm_post_n=10,__perm_pre_n=200,__perm_rng_seed=0,__perm_stat=vote_score,divergence=0.3,error_rate=0.5,teacher_entropy=0.2",3,0,200,0.0,0,10000,10.0,25.0,200,500,0,0,1.0,0.8711828859060403,0.6887429062667078,0.16666666666666666,0.21120774745941162,0.011303411796689034,0,0,142,141,-1,perm_test,0.004975124378109453,0.5,141,141,0,0.0,0.16666666666666666,0,0.0,0.0,0.0,0.0,0,none,0,1,0,overconfident,0.95,0,mild_drift,0.9581256519874085,0.0013219631052777386,0.7905872401695008,0.8535880878135926,1768152357.4581788,0.2620438039302826,0.08473845571279526
746,47744,47743,sea_nodrift,sea,ts_drift_adapt,5,"error_divergence_ph_meta@error.threshold=0.10,error.min_instances=5",error_divergence_ph_meta,"{""divergence"": {""alpha"": 0.1, ""delta"": 0.005, ""min_instances"": 30, ""threshold"": 0.05}, ""error_rate"": {""alpha"": 0.15, ""delta"": 0.005, ""min_instances"": 5, ""threshold"": 0.1}}","{""error_rate"": {""min_instances"": 5, ""threshold"": 0.1}}",0.1,0.005,0.15,5,0.05,0.005,0.1,30,,,,-1,two_stage,2,0.5,"__confirm_cooldown=200,__confirm_rule=perm_test,__perm_alpha=0.05,__perm_min_effect=0,__perm_n_perm=200,__perm_post_n=10,__perm_pre_n=200,__perm_rng_seed=0,__perm_stat=vote_score,divergence=0.3,error_rate=0.5,teacher_entropy=0.2",3,0,200,0.0,0,10000,10.0,25.0,200,500,0,0,1.0,0.8712927278820375,0.6889533374918618,0.0,0.17347276210784912,0.01221181359142065,1,1,143,142,0,perm_test,0.004975124378109453,0.4970425931381098,142,142,0,0.16666666666666666,0.16666666666666666,1,0.5,0.0,0.0,0.0,0,none,1,1,0,overconfident,0.95,0,severe_drift,0.9245628259937042,0.0016609815526388693,0.6452936200847503,0.8317940439067963,1768152357.4738858,0.12078914791345596,0.08479029685258865
747,47808,47807,sea_nodrift,sea,ts_drift_adapt,5,"error_divergence_ph_meta@error.threshold=0.10,error.min_instances=5",error_divergence_ph_meta,"{""divergence"": {""alpha"": 0.1, ""delta"": 0.005, ""min_instances"": 30, ""threshold"": 0.05}, ""error_rate"": {""alpha"": 0.15, ""delta"": 0.005, ""min_instances"": 5, ""threshold"": 0.1}}","{""error_rate"": {""min_instances"": 5, ""threshold"": 0.1}}",0.1,0.005,0.15,5,0.05,0.005,0.1,30,,,,-1,two_stage,2,0.5,"__confirm_cooldown=200,__confirm_rule=perm_test,__perm_alpha=0.05,__perm_min_effect=0,__perm_n_perm=200,__perm_post_n=10,__perm_pre_n=200,__perm_rng_seed=0,__perm_stat=vote_score,divergence=0.3,error_rate=0.5,teacher_entropy=0.2",3,0,200,0.0,0,10000,10.0,25.0,200,500,1,136,1.0,0.8713395247657296,0.6891800831952689,0.16666666666666666,0.18239524960517883,0.014556734822690487,0,0,143,142,-1,perm_test,0.004975124378109453,0.4970425931381098,142,142,0,0.0,0.16666666666666666,0,0.0,0.0,0.0,0.0,0,none,0,1,0,overconfident,0.95,0,mild_drift,0.9424314129968521,0.0014804907763194346,0.7226468100423752,0.8433970219533982,1768152357.483598,0.30300185084342957,0.10259728878736496
748,47872,47871,sea_nodrift,sea,ts_drift_adapt,5,"error_divergence_ph_meta@error.threshold=0.10,error.min_instances=5",error_divergence_ph_meta,"{""divergence"": {""alpha"": 0.1, ""delta"": 0.005, ""min_instances"": 30, ""threshold"": 0.05}, ""error_rate"": {""alpha"": 0.15, ""delta"": 0.005, ""min_instances"": 5, ""threshold"": 0.1}}","{""error_rate"": {""min_instances"": 5, ""threshold"": 0.1}}",0.1,0.005,0.15,5,0.05,0.005,0.1,30,,,,-1,two_stage,2,0.5,"__confirm_cooldown=200,__confirm_rule=perm_test,__perm_alpha=0.05,__perm_min_effect=0,__perm_n_perm=200,__perm_post_n=10,__perm_pre_n=200,__perm_rng_seed=0,__perm_stat=vote_score,divergence=0.3,error_rate=0.5,teacher_entropy=0.2",3,0,200,0.0,0,10000,10.0,25.0,200,500,1,72,1.0,0.8714488636363636,0.6894532027450985,0.0,0.168388232588768,0.008484508842229843,0,0,143,142,-1,perm_test,0.004975124378109453,0.4970425931381098,142,142,0,0.0,0.16666666666666666,0,0.0,0.0,0.0,0.0,0,none,0,1,0,overconfident,0.95,0,mild_drift,0.951365706498426,0.0013902453881597175,0.7613234050211877,0.8491985109766991,1768152357.4931512,0.0966014564037323,0.0642542690038681
749,47936,47935,sea_nodrift,sea,ts_drift_adapt,5,"error_divergence_ph_meta@error.threshold=0.10,error.min_instances=5",error_divergence_ph_meta,"{""divergence"": {""alpha"": 0.1, ""delta"": 0.005, ""min_instances"": 30, ""threshold"": 0.05}, ""error_rate"": {""alpha"": 0.15, ""delta"": 0.005, ""min_instances"": 5, ""threshold"": 0.1}}","{""error_rate"": {""min_instances"": 5, ""threshold"": 0.1}}",0.1,0.005,0.15,5,0.05,0.005,0.1,30,,,,-1,two_stage,2,0.5,"__confirm_cooldown=200,__confirm_rule=perm_test,__perm_alpha=0.05,__perm_min_effect=0,__perm_n_perm=200,__perm_post_n=10,__perm_pre_n=200,__perm_rng_seed=0,__perm_stat=vote_score,divergence=0.3,error_rate=0.5,teacher_entropy=0.2",3,0,200,0.0,0,10000,10.0,25.0,200,500,1,8,1.0,0.8714953271028038,0.6895578657886302,0.16666666666666666,0.22309833765029907,0.009220226667821407,0,0,143,142,-1,perm_test,0.004975124378109453,0.4970425931381098,142,142,0,0.0,0.16666666666666666,0,0.0,0.0,0.0,0.0,0,none,0,1,0,overconfident,0.95,0,mild_drift,0.955832853249213,0.001345122694079859,0.7806617025105939,0.8520992554883495,1768152357.502834,0.26424461603164673,0.0789884626865387
750,48000,47999,sea_nodrift,sea,ts_drift_adapt,5,"error_divergence_ph_meta@error.threshold=0.10,error.min_instances=5",error_divergence_ph_meta,"{""divergence"": {""alpha"": 0.1, ""delta"": 0.005, ""min_instances"": 30, ""threshold"": 0.05}, ""error_rate"": {""alpha"": 0.15, ""delta"": 0.005, ""min_instances"": 5, ""threshold"": 0.1}}","{""error_rate"": {""min_instances"": 5, ""threshold"": 0.1}}",0.1,0.005,0.15,5,0.05,0.005,0.1,30,,,,-1,two_stage,2,0.5,"__confirm_cooldown=200,__confirm_rule=perm_test,__perm_alpha=0.05,__perm_min_effect=0,__perm_n_perm=200,__perm_post_n=10,__perm_pre_n=200,__perm_rng_seed=0,__perm_stat=vote_score,divergence=0.3,error_rate=0.5,teacher_entropy=0.2",3,0,200,0.0,0,10000,10.0,25.0,200,500,0,0,1.0,0.8715416666666667,0.6896863905036588,0.0,0.2254919707775116,0.02071758545935154,0,0,143,142,-1,perm_test,0.004975124378109453,0.4970425931381098,142,142,0,0.0,0.16666666666666666,0,0.0,0.0,0.0,0.0,0,none,0,1,0,overconfident,0.95,0,mild_drift,0.9580664266246064,0.0013225613470399297,0.7903308512552969,0.8535496277441748,1768152357.5126538,0.06950671225786209,0.13415232300758362
751,48064,48063,sea_nodrift,sea,ts_drift_adapt,5,"error_divergence_ph_meta@error.threshold=0.10,error.min_instances=5",error_divergence_ph_meta,"{""divergence"": {""alpha"": 0.1, ""delta"": 0.005, ""min_instances"": 30, ""threshold"": 0.05}, ""error_rate"": {""alpha"": 0.15, ""delta"": 0.005, ""min_instances"": 5, ""threshold"": 0.1}}","{""error_rate"": {""min_instances"": 5, ""threshold"": 0.1}}",0.1,0.005,0.15,5,0.05,0.005,0.1,30,,,,-1,two_stage,2,0.5,"__confirm_cooldown=200,__confirm_rule=perm_test,__perm_alpha=0.05,__perm_min_effect=0,__perm_n_perm=200,__perm_post_n=10,__perm_pre_n=200,__perm_rng_seed=0,__perm_stat=vote_score,divergence=0.3,error_rate=0.5,teacher_entropy=0.2",3,0,200,0.0,0,10000,10.0,25.0,200,500,0,0,1.0,0.8716502996005326,0.6899031809835038,0.0,0.2009444236755371,0.015359031967818737,1,1,144,143,0,perm_test,0.004975124378109453,0.503251527046771,143,143,0,0.0,0.005358553491532803,1,0.5,0.0,0.0,0.0,0,none,1,1,0,overconfident,0.95,0,stable,0.9740332133123032,0.0010612806735199648,0.8951654256276484,0.8992748138720874,1768152357.5282578,0.16496731340885162,0.11730445921421051
752,48128,48127,sea_nodrift,sea,ts_drift_adapt,5,"error_divergence_ph_meta@error.threshold=0.10,error.min_instances=5",error_divergence_ph_meta,"{""divergence"": {""alpha"": 0.1, ""delta"": 0.005, ""min_instances"": 30, ""threshold"": 0.05}, ""error_rate"": {""alpha"": 0.15, ""delta"": 0.005, ""min_instances"": 5, ""threshold"": 0.1}}","{""error_rate"": {""min_instances"": 5, ""threshold"": 0.1}}",0.1,0.005,0.15,5,0.05,0.005,0.1,30,,,,-1,two_stage,2,0.5,"__confirm_cooldown=200,__confirm_rule=perm_test,__perm_alpha=0.05,__perm_min_effect=0,__perm_n_perm=200,__perm_post_n=10,__perm_pre_n=200,__perm_rng_seed=0,__perm_stat=vote_score,divergence=0.3,error_rate=0.5,teacher_entropy=0.2",3,0,200,0.0,0,10000,10.0,25.0,200,500,1,136,1.0,0.8717378656914894,0.6901422669059533,0.16666666666666666,0.17322944104671478,0.011819062754511833,0,0,144,143,-1,perm_test,0.004975124378109453,0.503251527046771,143,143,0,0.0,0.16666666666666666,0,0.0,0.0,0.0,0.0,0,none,0,1,0,overconfident,0.95,0,mild_drift,0.9671666066561515,0.0011806403367599825,0.8475827128138242,0.8771374069360437,1768152357.5380156,0.13095088303089142,0.08251317590475082
753,48192,48191,sea_nodrift,sea,ts_drift_adapt,5,"error_divergence_ph_meta@error.threshold=0.10,error.min_instances=5",error_divergence_ph_meta,"{""divergence"": {""alpha"": 0.1, ""delta"": 0.005, ""min_instances"": 30, ""threshold"": 0.05}, ""error_rate"": {""alpha"": 0.15, ""delta"": 0.005, ""min_instances"": 5, ""threshold"": 0.1}}","{""error_rate"": {""min_instances"": 5, ""threshold"": 0.1}}",0.1,0.005,0.15,5,0.05,0.005,0.1,30,,,,-1,two_stage,2,0.5,"__confirm_cooldown=200,__confirm_rule=perm_test,__perm_alpha=0.05,__perm_min_effect=0,__perm_n_perm=200,__perm_post_n=10,__perm_pre_n=200,__perm_rng_seed=0,__perm_stat=vote_score,divergence=0.3,error_rate=0.5,teacher_entropy=0.2",3,0,200,0.0,0,10000,10.0,25.0,200,500,1,72,1.0,0.8718251992031872,0.6903937183009816,0.0,0.18921147286891937,0.012465723790228367,0,0,144,143,-1,perm_test,0.004975124378109453,0.503251527046771,143,143,0,0.0,0.16666666666666666,0,0.0,0.0,0.0,0.0,0,none,0,1,0,overconfident,0.95,0,mild_drift,0.9637333033280757,0.0012403201683799914,0.8237913564069121,0.8660687034680219,1768152357.5476408,0.026697726920247078,0.09648066014051437
754,48256,48255,sea_nodrift,sea,ts_drift_adapt,5,"error_divergence_ph_meta@error.threshold=0.10,error.min_instances=5",error_divergence_ph_meta,"{""divergence"": {""alpha"": 0.1, ""delta"": 0.005, ""min_instances"": 30, ""threshold"": 0.05}, ""error_rate"": {""alpha"": 0.15, ""delta"": 0.005, ""min_instances"": 5, ""threshold"": 0.1}}","{""error_rate"": {""min_instances"": 5, ""threshold"": 0.1}}",0.1,0.005,0.15,5,0.05,0.005,0.1,30,,,,-1,two_stage,2,0.5,"__confirm_cooldown=200,__confirm_rule=perm_test,__perm_alpha=0.05,__perm_min_effect=0,__perm_n_perm=200,__perm_post_n=10,__perm_pre_n=200,__perm_rng_seed=0,__perm_stat=vote_score,divergence=0.3,error_rate=0.5,teacher_entropy=0.2",3,0,200,0.0,0,10000,10.0,25.0,200,500,1,8,1.0,0.8719537466843501,0.6906425092050336,0.0,0.16369391977787018,0.00845145434141159,0,0,144,143,-1,perm_test,0.004975124378109453,0.503251527046771,143,143,0,0.0,0.004014269448816776,0,0.0,0.0,0.0,0.0,0,none,0,1,0,overconfident,0.95,0,mild_drift,0.9620166516640378,0.001270160084189996,0.8118956782034561,0.8605343517340109,1768152357.5557003,0.08343342691659927,0.06756330281496048
755,48320,48319,sea_nodrift,sea,ts_drift_adapt,5,"error_divergence_ph_meta@error.threshold=0.10,error.min_instances=5",error_divergence_ph_meta,"{""divergence"": {""alpha"": 0.1, ""delta"": 0.005, ""min_instances"": 30, ""threshold"": 0.05}, ""error_rate"": {""alpha"": 0.15, ""delta"": 0.005, ""min_instances"": 5, ""threshold"": 0.1}}","{""error_rate"": {""min_instances"": 5, ""threshold"": 0.1}}",0.1,0.005,0.15,5,0.05,0.005,0.1,30,,,,-1,two_stage,2,0.5,"__confirm_cooldown=200,__confirm_rule=perm_test,__perm_alpha=0.05,__perm_min_effect=0,__perm_n_perm=200,__perm_post_n=10,__perm_pre_n=200,__perm_rng_seed=0,__perm_stat=vote_score,divergence=0.3,error_rate=0.5,teacher_entropy=0.2",3,0,200,0.0,0,10000,10.0,25.0,200,500,0,0,1.0,0.8720405629139073,0.6908796069780403,0.0,0.20368966460227966,0.013298300094902515,0,0,144,143,-1,perm_test,0.004975124378109453,0.503251527046771,143,143,0,0.0,0.004846845753490925,0,0.0,0.0,0.0,0.0,0,none,0,1,0,overconfident,0.95,0,mild_drift,0.9611583258320189,0.0012850800420949981,0.8059478391017281,0.8577671758670055,1768152357.5654805,0.02868226170539856,0.11469249427318573
756,48384,48383,sea_nodrift,sea,ts_drift_adapt,5,"error_divergence_ph_meta@error.threshold=0.10,error.min_instances=5",error_divergence_ph_meta,"{""divergence"": {""alpha"": 0.1, ""delta"": 0.005, ""min_instances"": 30, ""threshold"": 0.05}, ""error_rate"": {""alpha"": 0.15, ""delta"": 0.005, ""min_instances"": 5, ""threshold"": 0.1}}","{""error_rate"": {""min_instances"": 5, ""threshold"": 0.1}}",0.1,0.005,0.15,5,0.05,0.005,0.1,30,,,,-1,two_stage,2,0.5,"__confirm_cooldown=200,__confirm_rule=perm_test,__perm_alpha=0.05,__perm_min_effect=0,__perm_n_perm=200,__perm_post_n=10,__perm_pre_n=200,__perm_rng_seed=0,__perm_stat=vote_score,divergence=0.3,error_rate=0.5,teacher_entropy=0.2",3,0,200,0.0,0,10000,10.0,25.0,200,500,0,0,1.0,0.8721478174603174,0.6911366830913614,0.3333333333333333,0.1589823067188263,0.006691183429211378,1,1,145,144,0,perm_test,0.004975124378109453,0.5207758538126812,144,144,0,0.3333333333333333,0.3333333333333333,1,0.5,0.0,0.0,0.0,0,none,1,1,0,overconfident,0.95,0,severe_drift,0.9260791629160094,0.001642540021047499,0.652973919550864,0.8338835879335027,1768152357.5811405,0.4013662040233612,0.052748292684555054
757,48448,48447,sea_nodrift,sea,ts_drift_adapt,5,"error_divergence_ph_meta@error.threshold=0.10,error.min_instances=5",error_divergence_ph_meta,"{""divergence"": {""alpha"": 0.1, ""delta"": 0.005, ""min_instances"": 30, ""threshold"": 0.05}, ""error_rate"": {""alpha"": 0.15, ""delta"": 0.005, ""min_instances"": 5, ""threshold"": 0.1}}","{""error_rate"": {""min_instances"": 5, ""threshold"": 0.1}}",0.1,0.005,0.15,5,0.05,0.005,0.1,30,,,,-1,two_stage,2,0.5,"__confirm_cooldown=200,__confirm_rule=perm_test,__perm_alpha=0.05,__perm_min_effect=0,__perm_n_perm=200,__perm_post_n=10,__perm_pre_n=200,__perm_rng_seed=0,__perm_stat=vote_score,divergence=0.3,error_rate=0.5,teacher_entropy=0.2",3,0,200,0.0,0,10000,10.0,25.0,200,500,1,136,1.0,0.872275429326288,0.6914312802331808,0.0,0.10141973197460175,0.0057783955708146095,0,0,145,144,-1,perm_test,0.004975124378109453,0.5207758538126812,144,144,0,0.0,0.3333333333333333,0,0.0,0.0,0.0,0.0,0,none,0,1,0,overconfident,0.95,0,mild_drift,0.9431895814580047,0.0014712700105237496,0.726486959775432,0.8444417939667513,1768152357.5907724,0.09432537108659744,0.04528949037194252
758,48512,48511,sea_nodrift,sea,ts_drift_adapt,5,"error_divergence_ph_meta@error.threshold=0.10,error.min_instances=5",error_divergence_ph_meta,"{""divergence"": {""alpha"": 0.1, ""delta"": 0.005, ""min_instances"": 30, ""threshold"": 0.05}, ""error_rate"": {""alpha"": 0.15, ""delta"": 0.005, ""min_instances"": 5, ""threshold"": 0.1}}","{""error_rate"": {""min_instances"": 5, ""threshold"": 0.1}}",0.1,0.005,0.15,5,0.05,0.005,0.1,30,,,,-1,two_stage,2,0.5,"__confirm_cooldown=200,__confirm_rule=perm_test,__perm_alpha=0.05,__perm_min_effect=0,__perm_n_perm=200,__perm_post_n=10,__perm_pre_n=200,__perm_rng_seed=0,__perm_stat=vote_score,divergence=0.3,error_rate=0.5,teacher_entropy=0.2",3,0,200,0.0,0,10000,10.0,25.0,200,500,1,72,1.0,0.8723614775725593,0.6916446617795824,0.0,0.17311519384384155,0.01481570117175579,0,0,145,144,-1,perm_test,0.004975124378109453,0.5207758538126812,144,144,0,0.0,0.009037305600941181,0,0.0,0.0,0.0,0.0,0,none,0,1,0,overconfident,0.95,0,mild_drift,0.9517447907290023,0.0013856350052618748,0.763243479887716,0.8497208969833756,1768152357.6002123,0.05704111233353615,0.11196032166481018
759,48576,48575,sea_nodrift,sea,ts_drift_adapt,5,"error_divergence_ph_meta@error.threshold=0.10,error.min_instances=5",error_divergence_ph_meta,"{""divergence"": {""alpha"": 0.1, ""delta"": 0.005, ""min_instances"": 30, ""threshold"": 0.05}, ""error_rate"": {""alpha"": 0.15, ""delta"": 0.005, ""min_instances"": 5, ""threshold"": 0.1}}","{""error_rate"": {""min_instances"": 5, ""threshold"": 0.1}}",0.1,0.005,0.15,5,0.05,0.005,0.1,30,,,,-1,two_stage,2,0.5,"__confirm_cooldown=200,__confirm_rule=perm_test,__perm_alpha=0.05,__perm_min_effect=0,__perm_n_perm=200,__perm_post_n=10,__perm_pre_n=200,__perm_rng_seed=0,__perm_stat=vote_score,divergence=0.3,error_rate=0.5,teacher_entropy=0.2",3,0,200,0.0,0,10000,10.0,25.0,200,500,1,8,1.0,0.8724884716732543,0.6919291074948477,0.0,0.1583418846130371,0.008548819459974766,0,0,145,144,-1,perm_test,0.004975124378109453,0.5207758538126812,144,144,0,0.0,0.006266881711781025,0,0.0,0.0,0.0,0.0,0,none,0,1,0,overconfident,0.95,0,mild_drift,0.9560223953645011,0.0013428175026309374,0.7816217399438581,0.8523604484916878,1768152357.6097186,0.06909111887216568,0.05935613438487053
760,48640,48639,sea_nodrift,sea,ts_drift_adapt,5,"error_divergence_ph_meta@error.threshold=0.10,error.min_instances=5",error_divergence_ph_meta,"{""divergence"": {""alpha"": 0.1, ""delta"": 0.005, ""min_instances"": 30, ""threshold"": 0.05}, ""error_rate"": {""alpha"": 0.15, ""delta"": 0.005, ""min_instances"": 5, ""threshold"": 0.1}}","{""error_rate"": {""min_instances"": 5, ""threshold"": 0.1}}",0.1,0.005,0.15,5,0.05,0.005,0.1,30,,,,-1,two_stage,2,0.5,"__confirm_cooldown=200,__confirm_rule=perm_test,__perm_alpha=0.05,__perm_min_effect=0,__perm_n_perm=200,__perm_post_n=10,__perm_pre_n=200,__perm_rng_seed=0,__perm_stat=vote_score,divergence=0.3,error_rate=0.5,teacher_entropy=0.2",3,0,200,0.0,0,10000,10.0,25.0,200,500,0,0,1.0,0.8726356907894737,0.6922144186925122,0.0,0.13165128231048584,0.004291224759072065,0,0,145,144,-1,perm_test,0.004975124378109453,0.5207758538126812,144,144,0,0.0,0.0042575947009027,0,0.0,0.0,0.0,0.0,0,none,0,1,0,overconfident,0.95,0,mild_drift,0.9581611976822505,0.0013214087513154687,0.7908108699719291,0.8536802242458439,1768152357.619295,0.008312786929309368,0.03780272603034973
761,48704,48703,sea_nodrift,sea,ts_drift_adapt,5,"error_divergence_ph_meta@error.threshold=0.10,error.min_instances=5",error_divergence_ph_meta,"{""divergence"": {""alpha"": 0.1, ""delta"": 0.005, ""min_instances"": 30, ""threshold"": 0.05}, ""error_rate"": {""alpha"": 0.15, ""delta"": 0.005, ""min_instances"": 5, ""threshold"": 0.1}}","{""error_rate"": {""min_instances"": 5, ""threshold"": 0.1}}",0.1,0.005,0.15,5,0.05,0.005,0.1,30,,,,-1,two_stage,2,0.5,"__confirm_cooldown=200,__confirm_rule=perm_test,__perm_alpha=0.05,__perm_min_effect=0,__perm_n_perm=200,__perm_post_n=10,__perm_pre_n=200,__perm_rng_seed=0,__perm_stat=vote_score,divergence=0.3,error_rate=0.5,teacher_entropy=0.2",3,0,200,0.0,0,10000,10.0,25.0,200,500,0,0,1.0,0.8727619908015769,0.692546767881963,0.0,0.17891553044319153,0.007832563482224941,0,0,145,144,-1,perm_test,0.004975124378109453,0.5207758538126812,144,144,0,0.0,0.003541338723152876,0,0.0,0.0,0.0,0.0,0,none,0,1,0,overconfident,0.95,0,mild_drift,0.9592305988411252,0.0013107043756577343,0.7954054349859645,0.8543401121229219,1768152357.628944,0.09664565324783325,0.0701352059841156
762,48768,48767,sea_nodrift,sea,ts_drift_adapt,5,"error_divergence_ph_meta@error.threshold=0.10,error.min_instances=5",error_divergence_ph_meta,"{""divergence"": {""alpha"": 0.1, ""delta"": 0.005, ""min_instances"": 30, ""threshold"": 0.05}, ""error_rate"": {""alpha"": 0.15, ""delta"": 0.005, ""min_instances"": 5, ""threshold"": 0.1}}","{""error_rate"": {""min_instances"": 5, ""threshold"": 0.1}}",0.1,0.005,0.15,5,0.05,0.005,0.1,30,,,,-1,two_stage,2,0.5,"__confirm_cooldown=200,__confirm_rule=perm_test,__perm_alpha=0.05,__perm_min_effect=0,__perm_n_perm=200,__perm_post_n=10,__perm_pre_n=200,__perm_rng_seed=0,__perm_stat=vote_score,divergence=0.3,error_rate=0.5,teacher_entropy=0.2",3,0,200,0.0,0,10000,10.0,25.0,200,500,0,0,1.0,0.8728264435695539,0.6927134207245208,0.16666666666666666,0.16007080674171448,0.007364259567111731,1,1,146,145,0,perm_test,0.004975124378109453,0.49813137577300454,145,145,0,0.16666666666666666,0.16666666666666666,1,0.5,0.0,0.0,0.0,0,none,1,1,0,overconfident,0.95,0,severe_drift,0.9251152994205626,0.0016553521878288672,0.6477027174929822,0.832170056061461,1768152357.6445625,0.6823551058769226,0.07531853020191193
763,48832,48831,sea_nodrift,sea,ts_drift_adapt,5,"error_divergence_ph_meta@error.threshold=0.10,error.min_instances=5",error_divergence_ph_meta,"{""divergence"": {""alpha"": 0.1, ""delta"": 0.005, ""min_instances"": 30, ""threshold"": 0.05}, ""error_rate"": {""alpha"": 0.15, ""delta"": 0.005, ""min_instances"": 5, ""threshold"": 0.1}}","{""error_rate"": {""min_instances"": 5, ""threshold"": 0.1}}",0.1,0.005,0.15,5,0.05,0.005,0.1,30,,,,-1,two_stage,2,0.5,"__confirm_cooldown=200,__confirm_rule=perm_test,__perm_alpha=0.05,__perm_min_effect=0,__perm_n_perm=200,__perm_post_n=10,__perm_pre_n=200,__perm_rng_seed=0,__perm_stat=vote_score,divergence=0.3,error_rate=0.5,teacher_entropy=0.2",3,0,200,0.0,0,10000,10.0,25.0,200,500,1,136,1.0,0.8729521625163827,0.6931314442717922,0.16666666666666666,0.17223533987998962,0.010568339377641678,0,0,146,145,-1,perm_test,0.004975124378109453,0.49813137577300454,145,145,0,0.0,0.0032040798105299473,0,0.0,0.0,0.0,0.0,0,none,0,1,0,overconfident,0.95,0,mild_drift,0.9427076497102813,0.0014776760939144338,0.7238513587464912,0.8435850280307304,1768152357.6542943,0.35982954502105713,0.09448955953121185
764,48896,48895,sea_nodrift,sea,ts_drift_adapt,5,"error_divergence_ph_meta@error.threshold=0.10,error.min_instances=5",error_divergence_ph_meta,"{""divergence"": {""alpha"": 0.1, ""delta"": 0.005, ""min_instances"": 30, ""threshold"": 0.05}, ""error_rate"": {""alpha"": 0.15, ""delta"": 0.005, ""min_instances"": 5, ""threshold"": 0.1}}","{""error_rate"": {""min_instances"": 5, ""threshold"": 0.1}}",0.1,0.005,0.15,5,0.05,0.005,0.1,30,,,,-1,two_stage,2,0.5,"__confirm_cooldown=200,__confirm_rule=perm_test,__perm_alpha=0.05,__perm_min_effect=0,__perm_n_perm=200,__perm_post_n=10,__perm_pre_n=200,__perm_rng_seed=0,__perm_stat=vote_score,divergence=0.3,error_rate=0.5,teacher_entropy=0.2",3,0,200,0.0,0,10000,10.0,25.0,200,500,1,72,1.0,0.8730980039267016,0.6934032591837866,0.0,0.12955090403556824,0.0042007374577224255,0,0,146,145,-1,perm_test,0.004975124378109453,0.49813137577300454,145,145,0,0.0,0.16666666666666666,0,0.0,0.0,0.0,0.0,0,none,0,1,0,overconfident,0.95,0,mild_drift,0.9515038248551406,0.001388838046957217,0.7619256793732456,0.8492925140153652,1768152357.663963,0.025598883628845215,0.043754398822784424
765,48960,48959,sea_nodrift,sea,ts_drift_adapt,5,"error_divergence_ph_meta@error.threshold=0.10,error.min_instances=5",error_divergence_ph_meta,"{""divergence"": {""alpha"": 0.1, ""delta"": 0.005, ""min_instances"": 30, ""threshold"": 0.05}, ""error_rate"": {""alpha"": 0.15, ""delta"": 0.005, ""min_instances"": 5, ""threshold"": 0.1}}","{""error_rate"": {""min_instances"": 5, ""threshold"": 0.1}}",0.1,0.005,0.15,5,0.05,0.005,0.1,30,,,,-1,two_stage,2,0.5,"__confirm_cooldown=200,__confirm_rule=perm_test,__perm_alpha=0.05,__perm_min_effect=0,__perm_n_perm=200,__perm_post_n=10,__perm_pre_n=200,__perm_rng_seed=0,__perm_stat=vote_score,divergence=0.3,error_rate=0.5,teacher_entropy=0.2",3,0,200,0.0,0,10000,10.0,25.0,200,500,1,8,1.0,0.8732434640522876,0.6936871812420828,0.0,0.1823444366455078,0.01603897102177143,0,0,146,145,-1,perm_test,0.004975124378109453,0.49813137577300454,145,145,0,0.0,0.011838233564049006,0,0.0,0.0,0.0,0.0,0,none,0,1,0,overconfident,0.95,0,mild_drift,0.9559019124275703,0.0013444190234786087,0.7809628396866228,0.8521462570076825,1768152357.6735365,0.0066192070953547955,0.11938707530498505
766,49024,49023,sea_nodrift,sea,ts_drift_adapt,5,"error_divergence_ph_meta@error.threshold=0.10,error.min_instances=5",error_divergence_ph_meta,"{""divergence"": {""alpha"": 0.1, ""delta"": 0.005, ""min_instances"": 30, ""threshold"": 0.05}, ""error_rate"": {""alpha"": 0.15, ""delta"": 0.005, ""min_instances"": 5, ""threshold"": 0.1}}","{""error_rate"": {""min_instances"": 5, ""threshold"": 0.1}}",0.1,0.005,0.15,5,0.05,0.005,0.1,30,,,,-1,two_stage,2,0.5,"__confirm_cooldown=200,__confirm_rule=perm_test,__perm_alpha=0.05,__perm_min_effect=0,__perm_n_perm=200,__perm_post_n=10,__perm_pre_n=200,__perm_rng_seed=0,__perm_stat=vote_score,divergence=0.3,error_rate=0.5,teacher_entropy=0.2",3,0,200,0.0,0,10000,10.0,25.0,200,500,0,0,1.0,0.8732865535248042,0.693811542115832,0.0,0.16479116678237915,0.010578591376543045,0,0,146,145,-1,perm_test,0.004975124378109453,0.49813137577300454,145,145,0,0.0,0.005460379645228386,0,0.0,0.0,0.0,0.0,0,none,0,1,0,overconfident,0.95,0,mild_drift,0.9581009562137851,0.0013222095117393045,0.7904814198433114,0.8535731285038413,1768152357.6831777,0.09040828794240952,0.05789608508348465
767,49088,49087,sea_nodrift,sea,ts_drift_adapt,5,"error_divergence_ph_meta@error.threshold=0.10,error.min_instances=5",error_divergence_ph_meta,"{""divergence"": {""alpha"": 0.1, ""delta"": 0.005, ""min_instances"": 30, ""threshold"": 0.05}, ""error_rate"": {""alpha"": 0.15, ""delta"": 0.005, ""min_instances"": 5, ""threshold"": 0.1}}","{""error_rate"": {""min_instances"": 5, ""threshold"": 0.1}}",0.1,0.005,0.15,5,0.05,0.005,0.1,30,,,,-1,two_stage,2,0.5,"__confirm_cooldown=200,__confirm_rule=perm_test,__perm_alpha=0.05,__perm_min_effect=0,__perm_n_perm=200,__perm_post_n=10,__perm_pre_n=200,__perm_rng_seed=0,__perm_stat=vote_score,divergence=0.3,error_rate=0.5,teacher_entropy=0.2",3,0,200,0.0,0,10000,10.0,25.0,200,500,0,0,1.0,0.8733906453715776,0.6940485377968844,0.16666666666666666,0.1457250863313675,0.0077082267962396145,1,1,147,146,0,perm_test,0.004975124378109453,0.5209970720062629,146,146,0,0.0,0.16666666666666666,1,0.5,0.0,0.0,0.0,0,none,1,1,0,overconfident,0.95,0,stable,0.9740504781068926,0.0010611047558696522,0.8952407099216557,0.8992865642519207,1768152357.698733,0.24632199108600616,0.062051963061094284
768,49152,49151,sea_nodrift,sea,ts_drift_adapt,5,"error_divergence_ph_meta@error.threshold=0.10,error.min_instances=5",error_divergence_ph_meta,"{""divergence"": {""alpha"": 0.1, ""delta"": 0.005, ""min_instances"": 30, ""threshold"": 0.05}, ""error_rate"": {""alpha"": 0.15, ""delta"": 0.005, ""min_instances"": 5, ""threshold"": 0.1}}","{""error_rate"": {""min_instances"": 5, ""threshold"": 0.1}}",0.1,0.005,0.15,5,0.05,0.005,0.1,30,,,,-1,two_stage,2,0.5,"__confirm_cooldown=200,__confirm_rule=perm_test,__perm_alpha=0.05,__perm_min_effect=0,__perm_n_perm=200,__perm_post_n=10,__perm_pre_n=200,__perm_rng_seed=0,__perm_stat=vote_score,divergence=0.3,error_rate=0.5,teacher_entropy=0.2",3,0,200,0.0,0,10000,10.0,25.0,200,500,1,136,1.0,0.8734334309895834,0.6941554038420746,0.0,0.16899175941944122,0.019369838759303093,0,0,147,146,-1,perm_test,0.004975124378109453,0.5209970720062629,146,146,0,0.0,0.16666666666666666,0,0.0,0.0,0.0,0.0,0,none,0,1,0,overconfident,0.95,0,mild_drift,0.9671752390534463,0.0011805523779348263,0.8476203549608279,0.8771432821259604,1768152357.7084198,0.0055866241455078125,0.12055204808712006
769,49216,49215,sea_nodrift,sea,ts_drift_adapt,5,"error_divergence_ph_meta@error.threshold=0.10,error.min_instances=5",error_divergence_ph_meta,"{""divergence"": {""alpha"": 0.1, ""delta"": 0.005, ""min_instances"": 30, ""threshold"": 0.05}, ""error_rate"": {""alpha"": 0.15, ""delta"": 0.005, ""min_instances"": 5, ""threshold"": 0.1}}","{""error_rate"": {""min_instances"": 5, ""threshold"": 0.1}}",0.1,0.005,0.15,5,0.05,0.005,0.1,30,,,,-1,two_stage,2,0.5,"__confirm_cooldown=200,__confirm_rule=perm_test,__perm_alpha=0.05,__perm_min_effect=0,__perm_n_perm=200,__perm_post_n=10,__perm_pre_n=200,__perm_rng_seed=0,__perm_stat=vote_score,divergence=0.3,error_rate=0.5,teacher_entropy=0.2",3,0,200,0.0,0,10000,10.0,25.0,200,500,1,72,1.0,0.8734151495448634,0.694128050703434,0.3333333333333333,0.19703957438468933,0.014249525964260101,0,0,147,146,-1,perm_test,0.004975124378109453,0.5209970720062629,146,146,0,0.0,0.3333333333333333,0,0.0,0.0,0.0,0.0,0,none,0,1,0,overconfident,0.95,0,mild_drift,0.9637376195267231,0.0012402761889674131,0.823810177480414,0.8660716410629802,1768152357.7181802,0.3119605779647827,0.09176823496818542
770,49280,49279,sea_nodrift,sea,ts_drift_adapt,5,"error_divergence_ph_meta@error.threshold=0.10,error.min_instances=5",error_divergence_ph_meta,"{""divergence"": {""alpha"": 0.1, ""delta"": 0.005, ""min_instances"": 30, ""threshold"": 0.05}, ""error_rate"": {""alpha"": 0.15, ""delta"": 0.005, ""min_instances"": 5, ""threshold"": 0.1}}","{""error_rate"": {""min_instances"": 5, ""threshold"": 0.1}}",0.1,0.005,0.15,5,0.05,0.005,0.1,30,,,,-1,two_stage,2,0.5,"__confirm_cooldown=200,__confirm_rule=perm_test,__perm_alpha=0.05,__perm_min_effect=0,__perm_n_perm=200,__perm_post_n=10,__perm_pre_n=200,__perm_rng_seed=0,__perm_stat=vote_score,divergence=0.3,error_rate=0.5,teacher_entropy=0.2",3,0,200,0.0,0,10000,10.0,25.0,200,500,1,8,1.0,0.873538961038961,0.6945187935248085,0.0,0.13255703449249268,0.008862657472491264,0,0,147,146,-1,perm_test,0.004975124378109453,0.5209970720062629,146,146,0,0.0,0.3333333333333333,0,0.0,0.0,0.0,0.0,0,none,0,1,0,overconfident,0.95,0,mild_drift,0.9620188097633615,0.0012701380944837065,0.8119050887402071,0.8605358205314901,1768152357.727707,0.029344985261559486,0.07971815764904022
771,49344,49343,sea_nodrift,sea,ts_drift_adapt,5,"error_divergence_ph_meta@error.threshold=0.10,error.min_instances=5",error_divergence_ph_meta,"{""divergence"": {""alpha"": 0.1, ""delta"": 0.005, ""min_instances"": 30, ""threshold"": 0.05}, ""error_rate"": {""alpha"": 0.15, ""delta"": 0.005, ""min_instances"": 5, ""threshold"": 0.1}}","{""error_rate"": {""min_instances"": 5, ""threshold"": 0.1}}",0.1,0.005,0.15,5,0.05,0.005,0.1,30,,,,-1,two_stage,2,0.5,"__confirm_cooldown=200,__confirm_rule=perm_test,__perm_alpha=0.05,__perm_min_effect=0,__perm_n_perm=200,__perm_post_n=10,__perm_pre_n=200,__perm_rng_seed=0,__perm_stat=vote_score,divergence=0.3,error_rate=0.5,teacher_entropy=0.2",3,0,200,0.0,0,10000,10.0,25.0,200,500,0,0,1.0,0.8736421854734111,0.6947661694734428,0.0,0.1282266229391098,0.007654028944671154,0,0,147,146,-1,perm_test,0.004975124378109453,0.5209970720062629,146,146,0,0.0,0.0012086285278201103,0,0.0,0.0,0.0,0.0,0,none,0,1,0,overconfident,0.95,0,mild_drift,0.9611594048816807,0.0012850690472418535,0.8059525443701036,0.8577679102657451,1768152357.7374184,0.0037426624912768602,0.07452355325222015
772,49408,49407,sea_nodrift,sea,ts_drift_adapt,5,"error_divergence_ph_meta@error.threshold=0.10,error.min_instances=5",error_divergence_ph_meta,"{""divergence"": {""alpha"": 0.1, ""delta"": 0.005, ""min_instances"": 30, ""threshold"": 0.05}, ""error_rate"": {""alpha"": 0.15, ""delta"": 0.005, ""min_instances"": 5, ""threshold"": 0.1}}","{""error_rate"": {""min_instances"": 5, ""threshold"": 0.1}}",0.1,0.005,0.15,5,0.05,0.005,0.1,30,,,,-1,two_stage,2,0.5,"__confirm_cooldown=200,__confirm_rule=perm_test,__perm_alpha=0.05,__perm_min_effect=0,__perm_n_perm=200,__perm_post_n=10,__perm_pre_n=200,__perm_rng_seed=0,__perm_stat=vote_score,divergence=0.3,error_rate=0.5,teacher_entropy=0.2",3,0,200,0.0,0,10000,10.0,25.0,200,500,0,0,1.0,0.8736844235751295,0.6949005650282558,0.16666666666666666,0.1617199033498764,0.005762334447354078,1,1,148,147,0,perm_test,0.004975124378109453,0.48318425183323405,147,147,0,0.0,0.16666666666666666,1,0.5,0.0,0.0,0.0,0,none,1,1,0,overconfident,0.95,0,stable,0.9755797024408404,0.0010425345236209267,0.9029762721850518,0.9013839551328726,1768152357.7532148,0.32711800932884216,0.06580532342195511
773,49472,49471,sea_nodrift,sea,ts_drift_adapt,5,"error_divergence_ph_meta@error.threshold=0.10,error.min_instances=5",error_divergence_ph_meta,"{""divergence"": {""alpha"": 0.1, ""delta"": 0.005, ""min_instances"": 30, ""threshold"": 0.05}, ""error_rate"": {""alpha"": 0.15, ""delta"": 0.005, ""min_instances"": 5, ""threshold"": 0.1}}","{""error_rate"": {""min_instances"": 5, ""threshold"": 0.1}}",0.1,0.005,0.15,5,0.05,0.005,0.1,30,,,,-1,two_stage,2,0.5,"__confirm_cooldown=200,__confirm_rule=perm_test,__perm_alpha=0.05,__perm_min_effect=0,__perm_n_perm=200,__perm_post_n=10,__perm_pre_n=200,__perm_rng_seed=0,__perm_stat=vote_score,divergence=0.3,error_rate=0.5,teacher_entropy=0.2",3,0,200,0.0,0,10000,10.0,25.0,200,500,1,136,1.0,0.873766979301423,0.6951637263756472,0.0,0.1794411540031433,0.009458746761083603,0,0,148,147,-1,perm_test,0.004975124378109453,0.48318425183323405,147,147,0,0.0,0.16666666666666666,0,0.0,0.0,0.0,0.0,0,none,0,1,0,overconfident,0.95,0,mild_drift,0.9679398512204201,0.0011712672618104634,0.8514881360925259,0.8781919775664363,1768152357.762878,0.06492801755666733,0.06517496705055237
774,49536,49535,sea_nodrift,sea,ts_drift_adapt,5,"error_divergence_ph_meta@error.threshold=0.10,error.min_instances=5",error_divergence_ph_meta,"{""divergence"": {""alpha"": 0.1, ""delta"": 0.005, ""min_instances"": 30, ""threshold"": 0.05}, ""error_rate"": {""alpha"": 0.15, ""delta"": 0.005, ""min_instances"": 5, ""threshold"": 0.1}}","{""error_rate"": {""min_instances"": 5, ""threshold"": 0.1}}",0.1,0.005,0.15,5,0.05,0.005,0.1,30,,,,-1,two_stage,2,0.5,"__confirm_cooldown=200,__confirm_rule=perm_test,__perm_alpha=0.05,__perm_min_effect=0,__perm_n_perm=200,__perm_post_n=10,__perm_pre_n=200,__perm_rng_seed=0,__perm_stat=vote_score,divergence=0.3,error_rate=0.5,teacher_entropy=0.2",3,0,200,0.0,0,10000,10.0,25.0,200,500,1,72,1.0,0.873889696382429,0.6954632309066581,0.0,0.14016231894493103,0.013734712265431881,0,0,148,147,-1,perm_test,0.004975124378109453,0.48318425183323405,147,147,0,0.0,0.004275965504348278,0,0.0,0.0,0.0,0.0,0,none,0,1,0,overconfident,0.95,0,mild_drift,0.96411992561021,0.0012356336309052318,0.825744068046263,0.8665959887832182,1768152357.77243,0.08121827244758606,0.12781651318073273
775,49600,49599,sea_nodrift,sea,ts_drift_adapt,5,"error_divergence_ph_meta@error.threshold=0.10,error.min_instances=5",error_divergence_ph_meta,"{""divergence"": {""alpha"": 0.1, ""delta"": 0.005, ""min_instances"": 30, ""threshold"": 0.05}, ""error_rate"": {""alpha"": 0.15, ""delta"": 0.005, ""min_instances"": 5, ""threshold"": 0.1}}","{""error_rate"": {""min_instances"": 5, ""threshold"": 0.1}}",0.1,0.005,0.15,5,0.05,0.005,0.1,30,,,,-1,two_stage,2,0.5,"__confirm_cooldown=200,__confirm_rule=perm_test,__perm_alpha=0.05,__perm_min_effect=0,__perm_n_perm=200,__perm_post_n=10,__perm_pre_n=200,__perm_rng_seed=0,__perm_stat=vote_score,divergence=0.3,error_rate=0.5,teacher_entropy=0.2",3,0,200,0.0,0,10000,10.0,25.0,200,500,1,8,1.0,0.8739717741935484,0.6956750457585379,0.0,0.20204688608646393,0.016491733491420746,0,0,148,147,-1,perm_test,0.004975124378109453,0.48318425183323405,147,147,0,0.0,0.002757021225988865,0,0.0,0.0,0.0,0.0,0,none,0,1,0,overconfident,0.95,0,mild_drift,0.962209962805105,0.001267816815452616,0.8128720340231315,0.8607979943916091,1768152357.7819774,0.02400195598602295,0.14311742782592773
776,49664,49663,sea_nodrift,sea,ts_drift_adapt,5,"error_divergence_ph_meta@error.threshold=0.10,error.min_instances=5",error_divergence_ph_meta,"{""divergence"": {""alpha"": 0.1, ""delta"": 0.005, ""min_instances"": 30, ""threshold"": 0.05}, ""error_rate"": {""alpha"": 0.15, ""delta"": 0.005, ""min_instances"": 5, ""threshold"": 0.1}}","{""error_rate"": {""min_instances"": 5, ""threshold"": 0.1}}",0.1,0.005,0.15,5,0.05,0.005,0.1,30,,,,-1,two_stage,2,0.5,"__confirm_cooldown=200,__confirm_rule=perm_test,__perm_alpha=0.05,__perm_min_effect=0,__perm_n_perm=200,__perm_post_n=10,__perm_pre_n=200,__perm_rng_seed=0,__perm_stat=vote_score,divergence=0.3,error_rate=0.5,teacher_entropy=0.2",3,0,200,0.0,0,10000,10.0,25.0,200,500,0,0,1.0,0.8740133698453608,0.6957995023436018,0.16666666666666666,0.16074466705322266,0.009970035403966904,0,0,148,147,-1,perm_test,0.004975124378109453,0.48318425183323405,147,147,0,0.0,0.16666666666666666,0,0.0,0.0,0.0,0.0,0,none,0,1,0,overconfident,0.95,0,mild_drift,0.9612549814025524,0.001283908407726308,0.8064360170115658,0.8578989971958045,1768152357.7916672,0.3195565640926361,0.0748421773314476
777,49728,49727,sea_nodrift,sea,ts_drift_adapt,5,"error_divergence_ph_meta@error.threshold=0.10,error.min_instances=5",error_divergence_ph_meta,"{""divergence"": {""alpha"": 0.1, ""delta"": 0.005, ""min_instances"": 30, ""threshold"": 0.05}, ""error_rate"": {""alpha"": 0.15, ""delta"": 0.005, ""min_instances"": 5, ""threshold"": 0.1}}","{""error_rate"": {""min_instances"": 5, ""threshold"": 0.1}}",0.1,0.005,0.15,5,0.05,0.005,0.1,30,,,,-1,two_stage,2,0.5,"__confirm_cooldown=200,__confirm_rule=perm_test,__perm_alpha=0.05,__perm_min_effect=0,__perm_n_perm=200,__perm_post_n=10,__perm_pre_n=200,__perm_rng_seed=0,__perm_stat=vote_score,divergence=0.3,error_rate=0.5,teacher_entropy=0.2",3,0,200,0.0,0,10000,10.0,25.0,200,500,0,0,1.0,0.8741151866151866,0.6961012095958953,0.16666666666666666,0.15929122269153595,0.019517360255122185,1,1,149,148,0,perm_test,0.004975124378109453,0.4957752522894087,148,148,0,0.0,0.009547324851155281,1,0.5,0.0,0.0,0.0,0,none,1,1,0,overconfident,0.95,0,stable,0.9756274907012762,0.001041954203863154,0.9032180085057828,0.9014494985979022,1768152357.8071988,0.45803940296173096,0.19202879071235657
778,49792,49791,sea_nodrift,sea,ts_drift_adapt,5,"error_divergence_ph_meta@error.threshold=0.10,error.min_instances=5",error_divergence_ph_meta,"{""divergence"": {""alpha"": 0.1, ""delta"": 0.005, ""min_instances"": 30, ""threshold"": 0.05}, ""error_rate"": {""alpha"": 0.15, ""delta"": 0.005, ""min_instances"": 5, ""threshold"": 0.1}}","{""error_rate"": {""min_instances"": 5, ""threshold"": 0.1}}",0.1,0.005,0.15,5,0.05,0.005,0.1,30,,,,-1,two_stage,2,0.5,"__confirm_cooldown=200,__confirm_rule=perm_test,__perm_alpha=0.05,__perm_min_effect=0,__perm_n_perm=200,__perm_post_n=10,__perm_pre_n=200,__perm_rng_seed=0,__perm_stat=vote_score,divergence=0.3,error_rate=0.5,teacher_entropy=0.2",3,0,200,0.0,0,10000,10.0,25.0,200,500,1,136,1.0,0.8742368251928021,0.6963816086908519,0.0,0.16507764160633087,0.013460016809403896,0,0,149,148,-1,perm_test,0.004975124378109453,0.4957752522894087,148,148,0,0.0,0.16666666666666666,0,0.0,0.0,0.0,0.0,0,none,0,1,0,overconfident,0.95,0,mild_drift,0.967963745350638,0.001170977101931577,0.8516090042528914,0.8782247492989511,1768152357.816863,0.06179897487163544,0.10309439897537231
779,49856,49855,sea_nodrift,sea,ts_drift_adapt,5,"error_divergence_ph_meta@error.threshold=0.10,error.min_instances=5",error_divergence_ph_meta,"{""divergence"": {""alpha"": 0.1, ""delta"": 0.005, ""min_instances"": 30, ""threshold"": 0.05}, ""error_rate"": {""alpha"": 0.15, ""delta"": 0.005, ""min_instances"": 5, ""threshold"": 0.1}}","{""error_rate"": {""min_instances"": 5, ""threshold"": 0.1}}",0.1,0.005,0.15,5,0.05,0.005,0.1,30,,,,-1,two_stage,2,0.5,"__confirm_cooldown=200,__confirm_rule=perm_test,__perm_alpha=0.05,__perm_min_effect=0,__perm_n_perm=200,__perm_post_n=10,__perm_pre_n=200,__perm_rng_seed=0,__perm_stat=vote_score,divergence=0.3,error_rate=0.5,teacher_entropy=0.2",3,0,200,0.0,0,10000,10.0,25.0,200,500,1,72,1.0,0.8743581514762516,0.6966859695096979,0.16666666666666666,0.13696499168872833,0.01709515042603016,0,0,149,148,-1,perm_test,0.004975124378109453,0.4957752522894087,148,148,0,0.0,0.16666666666666666,0,0.0,0.0,0.0,0.0,0,none,0,1,0,overconfident,0.95,0,mild_drift,0.964131872675319,0.0012354885509657885,0.8258045021264457,0.8666123746494756,1768152357.8264573,0.27240094542503357,0.12202484905719757
780,49920,49919,sea_nodrift,sea,ts_drift_adapt,5,"error_divergence_ph_meta@error.threshold=0.10,error.min_instances=5",error_divergence_ph_meta,"{""divergence"": {""alpha"": 0.1, ""delta"": 0.005, ""min_instances"": 30, ""threshold"": 0.05}, ""error_rate"": {""alpha"": 0.15, ""delta"": 0.005, ""min_instances"": 5, ""threshold"": 0.1}}","{""error_rate"": {""min_instances"": 5, ""threshold"": 0.1}}",0.1,0.005,0.15,5,0.05,0.005,0.1,30,,,,-1,two_stage,2,0.5,"__confirm_cooldown=200,__confirm_rule=perm_test,__perm_alpha=0.05,__perm_min_effect=0,__perm_n_perm=200,__perm_post_n=10,__perm_pre_n=200,__perm_rng_seed=0,__perm_stat=vote_score,divergence=0.3,error_rate=0.5,teacher_entropy=0.2",3,0,200,0.0,0,10000,10.0,25.0,200,500,1,8,1.0,0.8744391025641025,0.696872110341865,0.0,0.17245963215827942,0.008502048440277576,0,0,149,148,-1,perm_test,0.004975124378109453,0.4957752522894087,148,148,0,0.0,0.16666666666666666,0,0.0,0.0,0.0,0.0,0,none,0,1,0,overconfident,0.95,0,mild_drift,0.9622159363376594,0.0012677442754828942,0.8129022510632229,0.8608061873247378,1768152357.8360705,0.005424091592431068,0.05098918452858925
781,49984,49983,sea_nodrift,sea,ts_drift_adapt,5,"error_divergence_ph_meta@error.threshold=0.10,error.min_instances=5",error_divergence_ph_meta,"{""divergence"": {""alpha"": 0.1, ""delta"": 0.005, ""min_instances"": 30, ""threshold"": 0.05}, ""error_rate"": {""alpha"": 0.15, ""delta"": 0.005, ""min_instances"": 5, ""threshold"": 0.1}}","{""error_rate"": {""min_instances"": 5, ""threshold"": 0.1}}",0.1,0.005,0.15,5,0.05,0.005,0.1,30,,,,-1,two_stage,2,0.5,"__confirm_cooldown=200,__confirm_rule=perm_test,__perm_alpha=0.05,__perm_min_effect=0,__perm_n_perm=200,__perm_post_n=10,__perm_pre_n=200,__perm_rng_seed=0,__perm_stat=vote_score,divergence=0.3,error_rate=0.5,teacher_entropy=0.2",3,0,200,0.0,0,10000,10.0,25.0,200,500,0,0,1.0,0.8745398527528809,0.6971377356752605,0.16666666666666666,0.13615429401397705,0.008757016621530056,0,0,149,148,-1,perm_test,0.004975124378109453,0.4957752522894087,148,148,0,0.0,0.16666666666666666,0,0.0,0.0,0.0,0.0,0,none,0,1,0,overconfident,0.95,0,mild_drift,0.9612579681688297,0.0012838721377414473,0.8064511255316115,0.8579030936623688,1768152357.84582,0.20883774757385254,0.08301709592342377
782,50000,49999,sea_nodrift,sea,ts_drift_adapt,5,"error_divergence_ph_meta@error.threshold=0.10,error.min_instances=5",error_divergence_ph_meta,"{""divergence"": {""alpha"": 0.1, ""delta"": 0.005, ""min_instances"": 30, ""threshold"": 0.05}, ""error_rate"": {""alpha"": 0.15, ""delta"": 0.005, ""min_instances"": 5, ""threshold"": 0.1}}","{""error_rate"": {""min_instances"": 5, ""threshold"": 0.1}}",0.1,0.005,0.15,5,0.05,0.005,0.1,30,,,,-1,two_stage,2,0.5,"__confirm_cooldown=200,__confirm_rule=perm_test,__perm_alpha=0.05,__perm_min_effect=0,__perm_n_perm=200,__perm_post_n=10,__perm_pre_n=200,__perm_rng_seed=0,__perm_stat=vote_score,divergence=0.3,error_rate=0.5,teacher_entropy=0.2",3,0,200,0.0,0,10000,10.0,25.0,200,500,0,0,1.0,0.87452,0.697065375628891,0.0,0.20013658702373505,0.018582671880722046,1,1,150,149,0,perm_test,0.004975124378109453,0.4895465914010845,149,149,0,0.16666666666666666,0.16666666666666666,1,0.5,0.0,0.0,0.0,0,none,1,1,0,overconfident,0.95,0,severe_drift,0.9261289840844149,0.0016419360688707237,0.6532255627658057,0.8339515468311844,1768152357.8607903,0.0020808966364711523,0.10367874056100845
