step,seen_samples,sample_idx,dataset_name,dataset_type,model_variant,seed,monitor_preset,monitor_preset_base,monitor_ph_params,monitor_ph_overrides,ph_error_threshold,ph_error_delta,ph_error_alpha,ph_error_min_instances,ph_divergence_threshold,ph_divergence_delta,ph_divergence_alpha,ph_divergence_min_instances,ph_entropy_threshold,ph_entropy_delta,ph_entropy_alpha,ph_entropy_min_instances,trigger_mode,trigger_k,trigger_threshold,trigger_weights,confirm_window,confirm_cooldown,effective_confirm_cooldown,confirm_rate_per10k,adaptive_cooldown_enabled,adaptive_window,adaptive_lower_per10k,adaptive_upper_per10k,adaptive_cooldown_low,adaptive_cooldown_high,confirm_cooldown_active,confirm_cooldown_remaining,severity_scheduler_scale,metric_accuracy,metric_kappa,student_error_rate,teacher_entropy,divergence_js,drift_flag,candidate_flag,candidate_count_total,confirmed_count_total,confirm_delay,confirm_rule_effective,last_perm_pvalue,last_perm_effect,perm_test_count_total,perm_accept_count_total,perm_reject_count_total,monitor_severity,monitor_fused_severity,monitor_vote_count,monitor_vote_score,drift_severity_raw,drift_severity,severity_carry,use_severity_v2,severity_gate,severity_confirmed,severity_gate_min_streak,severity_confirmed_streak,entropy_mode,decay,freeze_baseline_steps,regime,alpha,lr,lambda_u,tau,timestamp,supervised_loss,unsupervised_loss
1,64,63,sine_nodrift,sine,ts_drift_adapt,5,"error_divergence_ph_meta@error.threshold=0.10,error.min_instances=5",error_divergence_ph_meta,"{""divergence"": {""alpha"": 0.1, ""delta"": 0.005, ""min_instances"": 30, ""threshold"": 0.05}, ""error_rate"": {""alpha"": 0.15, ""delta"": 0.005, ""min_instances"": 5, ""threshold"": 0.1}}","{""error_rate"": {""min_instances"": 5, ""threshold"": 0.1}}",0.1,0.005,0.15,5,0.05,0.005,0.1,30,,,,-1,two_stage,2,0.5,"__confirm_cooldown=200,__confirm_rule=perm_test,__perm_alpha=0.005,__perm_delta_k=50,__perm_min_effect=0,__perm_n_perm=200,__perm_post_n=10,__perm_pre_n=500,__perm_rng_seed=0,__perm_stat=delta_fused_score,divergence=0.3,error_rate=0.5,teacher_entropy=0.2",3,0,200,0.0,0,10000,10.0,25.0,200,500,0,0,1.0,0.578125,0.02262443438914027,0.3333333333333333,0.6672611832618713,0.0025552089791744947,0,0,0,0,-1,perm_test,,,0,0,0,0.0,0.0,0,0.0,0.0,0.0,0.0,0,none,0,1,0,overconfident,0.95,0,mild_drift,0.97515,0.00115,0.9,0.8775,1768145321.1345851,0.6274228096008301,0.01018901914358139
2,128,127,sine_nodrift,sine,ts_drift_adapt,5,"error_divergence_ph_meta@error.threshold=0.10,error.min_instances=5",error_divergence_ph_meta,"{""divergence"": {""alpha"": 0.1, ""delta"": 0.005, ""min_instances"": 30, ""threshold"": 0.05}, ""error_rate"": {""alpha"": 0.15, ""delta"": 0.005, ""min_instances"": 5, ""threshold"": 0.1}}","{""error_rate"": {""min_instances"": 5, ""threshold"": 0.1}}",0.1,0.005,0.15,5,0.05,0.005,0.1,30,,,,-1,two_stage,2,0.5,"__confirm_cooldown=200,__confirm_rule=perm_test,__perm_alpha=0.005,__perm_delta_k=50,__perm_min_effect=0,__perm_n_perm=200,__perm_post_n=10,__perm_pre_n=500,__perm_rng_seed=0,__perm_stat=delta_fused_score,divergence=0.3,error_rate=0.5,teacher_entropy=0.2",3,0,200,0.0,0,10000,10.0,25.0,200,500,0,0,1.0,0.5234375,0.0030643513789581204,0.6666666666666666,0.6706254482269287,0.006156594958156347,0,0,0,0,-1,perm_test,,,0,0,0,0.0,0.3333333333333333,0,0.0,0.0,0.0,0.0,0,none,0,1,0,overconfident,0.95,0,mild_drift,0.967725,0.001225,0.8500000000000001,0.86625,1768145321.1427305,0.7015946507453918,0.025673454627394676
3,192,191,sine_nodrift,sine,ts_drift_adapt,5,"error_divergence_ph_meta@error.threshold=0.10,error.min_instances=5",error_divergence_ph_meta,"{""divergence"": {""alpha"": 0.1, ""delta"": 0.005, ""min_instances"": 30, ""threshold"": 0.05}, ""error_rate"": {""alpha"": 0.15, ""delta"": 0.005, ""min_instances"": 5, ""threshold"": 0.1}}","{""error_rate"": {""min_instances"": 5, ""threshold"": 0.1}}",0.1,0.005,0.15,5,0.05,0.005,0.1,30,,,,-1,two_stage,2,0.5,"__confirm_cooldown=200,__confirm_rule=perm_test,__perm_alpha=0.005,__perm_delta_k=50,__perm_min_effect=0,__perm_n_perm=200,__perm_post_n=10,__perm_pre_n=500,__perm_rng_seed=0,__perm_stat=delta_fused_score,divergence=0.3,error_rate=0.5,teacher_entropy=0.2",3,0,200,0.0,0,10000,10.0,25.0,200,500,0,0,1.0,0.484375,-0.0012642225031604844,0.16666666666666666,0.668368935585022,0.004726002458482981,0,0,0,0,-1,perm_test,,,0,0,0,0.0,0.5,0,0.0,0.0,0.0,0.0,0,none,0,1,0,overconfident,0.95,0,mild_drift,0.9640124999999999,0.0012625000000000002,0.8250000000000001,0.860625,1768145321.150973,0.5156232714653015,0.019410504028201103
4,256,255,sine_nodrift,sine,ts_drift_adapt,5,"error_divergence_ph_meta@error.threshold=0.10,error.min_instances=5",error_divergence_ph_meta,"{""divergence"": {""alpha"": 0.1, ""delta"": 0.005, ""min_instances"": 30, ""threshold"": 0.05}, ""error_rate"": {""alpha"": 0.15, ""delta"": 0.005, ""min_instances"": 5, ""threshold"": 0.1}}","{""error_rate"": {""min_instances"": 5, ""threshold"": 0.1}}",0.1,0.005,0.15,5,0.05,0.005,0.1,30,,,,-1,two_stage,2,0.5,"__confirm_cooldown=200,__confirm_rule=perm_test,__perm_alpha=0.005,__perm_delta_k=50,__perm_min_effect=0,__perm_n_perm=200,__perm_post_n=10,__perm_pre_n=500,__perm_rng_seed=0,__perm_stat=delta_fused_score,divergence=0.3,error_rate=0.5,teacher_entropy=0.2",3,0,200,0.0,0,10000,10.0,25.0,200,500,0,0,1.0,0.48046875,0.03129623307158302,0.6666666666666666,0.6736055016517639,0.004804970230907202,0,0,0,0,-1,perm_test,,,0,0,0,0.0,0.5,0,0.0,0.0,0.0,0.0,0,none,0,1,0,overconfident,0.95,0,mild_drift,0.9621562499999999,0.0012812500000000003,0.8125,0.8578125,1768145321.159214,0.8821312785148621,0.019618552178144455
5,320,319,sine_nodrift,sine,ts_drift_adapt,5,"error_divergence_ph_meta@error.threshold=0.10,error.min_instances=5",error_divergence_ph_meta,"{""divergence"": {""alpha"": 0.1, ""delta"": 0.005, ""min_instances"": 30, ""threshold"": 0.05}, ""error_rate"": {""alpha"": 0.15, ""delta"": 0.005, ""min_instances"": 5, ""threshold"": 0.1}}","{""error_rate"": {""min_instances"": 5, ""threshold"": 0.1}}",0.1,0.005,0.15,5,0.05,0.005,0.1,30,,,,-1,two_stage,2,0.5,"__confirm_cooldown=200,__confirm_rule=perm_test,__perm_alpha=0.005,__perm_delta_k=50,__perm_min_effect=0,__perm_n_perm=200,__perm_post_n=10,__perm_pre_n=500,__perm_rng_seed=0,__perm_stat=delta_fused_score,divergence=0.3,error_rate=0.5,teacher_entropy=0.2",3,0,200,0.0,0,10000,10.0,25.0,200,500,0,0,1.0,0.515625,0.0946922683799372,0.6666666666666666,0.6672408580780029,0.003782272571697831,0,1,1,0,-1,perm_test,,,0,0,0,0.0,0.0010226976592093706,1,0.5,0.0,0.0,0.0,0,none,0,1,0,overconfident,0.95,0,mild_drift,0.9612281249999999,0.001290625,0.80625,0.85640625,1768145321.1676185,0.7836636900901794,0.015234848484396935
6,384,383,sine_nodrift,sine,ts_drift_adapt,5,"error_divergence_ph_meta@error.threshold=0.10,error.min_instances=5",error_divergence_ph_meta,"{""divergence"": {""alpha"": 0.1, ""delta"": 0.005, ""min_instances"": 30, ""threshold"": 0.05}, ""error_rate"": {""alpha"": 0.15, ""delta"": 0.005, ""min_instances"": 5, ""threshold"": 0.1}}","{""error_rate"": {""min_instances"": 5, ""threshold"": 0.1}}",0.1,0.005,0.15,5,0.05,0.005,0.1,30,,,,-1,two_stage,2,0.5,"__confirm_cooldown=200,__confirm_rule=perm_test,__perm_alpha=0.005,__perm_delta_k=50,__perm_min_effect=0,__perm_n_perm=200,__perm_post_n=10,__perm_pre_n=500,__perm_rng_seed=0,__perm_stat=delta_fused_score,divergence=0.3,error_rate=0.5,teacher_entropy=0.2",3,0,200,0.0,0,10000,10.0,25.0,200,500,0,0,1.0,0.5677083333333334,0.18960563451905732,0.16666666666666666,0.6674462556838989,0.004897572565823793,0,0,1,0,-1,perm_test,,,0,0,0,0.0,0.5,0,0.0,0.0,0.0,0.0,0,none,0,1,0,overconfident,0.95,0,mild_drift,0.9607640624999999,0.0012953125,0.8031250000000001,0.855703125,1768145321.1759918,0.6121097207069397,0.01949836127460003
7,448,447,sine_nodrift,sine,ts_drift_adapt,5,"error_divergence_ph_meta@error.threshold=0.10,error.min_instances=5",error_divergence_ph_meta,"{""divergence"": {""alpha"": 0.1, ""delta"": 0.005, ""min_instances"": 30, ""threshold"": 0.05}, ""error_rate"": {""alpha"": 0.15, ""delta"": 0.005, ""min_instances"": 5, ""threshold"": 0.1}}","{""error_rate"": {""min_instances"": 5, ""threshold"": 0.1}}",0.1,0.005,0.15,5,0.05,0.005,0.1,30,,,,-1,two_stage,2,0.5,"__confirm_cooldown=200,__confirm_rule=perm_test,__perm_alpha=0.005,__perm_delta_k=50,__perm_min_effect=0,__perm_n_perm=200,__perm_post_n=10,__perm_pre_n=500,__perm_rng_seed=0,__perm_stat=delta_fused_score,divergence=0.3,error_rate=0.5,teacher_entropy=0.2",3,0,200,0.0,0,10000,10.0,25.0,200,500,0,0,1.0,0.6049107142857143,0.2433010153446828,0.16666666666666666,0.6710807085037231,0.007929021492600441,0,0,1,0,-1,perm_test,,,0,0,0,0.0,0.0030314489267766476,0,0.0,0.0,0.0,0.0,0,none,0,1,0,overconfident,0.95,0,mild_drift,0.9605320312499999,0.0012976562500000002,0.8015625000000001,0.8553515625,1768145321.184154,0.5991907715797424,0.03188394010066986
8,512,511,sine_nodrift,sine,ts_drift_adapt,5,"error_divergence_ph_meta@error.threshold=0.10,error.min_instances=5",error_divergence_ph_meta,"{""divergence"": {""alpha"": 0.1, ""delta"": 0.005, ""min_instances"": 30, ""threshold"": 0.05}, ""error_rate"": {""alpha"": 0.15, ""delta"": 0.005, ""min_instances"": 5, ""threshold"": 0.1}}","{""error_rate"": {""min_instances"": 5, ""threshold"": 0.1}}",0.1,0.005,0.15,5,0.05,0.005,0.1,30,,,,-1,two_stage,2,0.5,"__confirm_cooldown=200,__confirm_rule=perm_test,__perm_alpha=0.005,__perm_delta_k=50,__perm_min_effect=0,__perm_n_perm=200,__perm_post_n=10,__perm_pre_n=500,__perm_rng_seed=0,__perm_stat=delta_fused_score,divergence=0.3,error_rate=0.5,teacher_entropy=0.2",3,0,200,0.0,0,10000,10.0,25.0,200,500,0,0,1.0,0.630859375,0.2836033048061832,0.16666666666666666,0.6721120476722717,0.011234891600906849,0,0,1,0,-1,perm_test,,,0,0,0,0.0,0.003305870108306408,0,0.0,0.0,0.0,0.0,0,none,0,1,0,overconfident,0.95,0,mild_drift,0.9604160156249999,0.001298828125,0.80078125,0.85517578125,1768145321.192367,0.5459098219871521,0.04546017572283745
9,576,575,sine_nodrift,sine,ts_drift_adapt,5,"error_divergence_ph_meta@error.threshold=0.10,error.min_instances=5",error_divergence_ph_meta,"{""divergence"": {""alpha"": 0.1, ""delta"": 0.005, ""min_instances"": 30, ""threshold"": 0.05}, ""error_rate"": {""alpha"": 0.15, ""delta"": 0.005, ""min_instances"": 5, ""threshold"": 0.1}}","{""error_rate"": {""min_instances"": 5, ""threshold"": 0.1}}",0.1,0.005,0.15,5,0.05,0.005,0.1,30,,,,-1,two_stage,2,0.5,"__confirm_cooldown=200,__confirm_rule=perm_test,__perm_alpha=0.005,__perm_delta_k=50,__perm_min_effect=0,__perm_n_perm=200,__perm_post_n=10,__perm_pre_n=500,__perm_rng_seed=0,__perm_stat=delta_fused_score,divergence=0.3,error_rate=0.5,teacher_entropy=0.2",3,0,200,0.0,0,10000,10.0,25.0,200,500,0,0,1.0,0.6614583333333334,0.3459881215791312,0.3333333333333333,0.6734725832939148,0.012792110443115234,0,0,1,0,-1,perm_test,,,0,0,0,0.0,0.16666666666666666,0,0.0,0.0,0.0,0.0,0,none,0,1,0,overconfident,0.95,0,mild_drift,0.9603580078124999,0.0012994140625,0.800390625,0.855087890625,1768145321.2006977,0.6093013286590576,0.05205265432596207
10,640,639,sine_nodrift,sine,ts_drift_adapt,5,"error_divergence_ph_meta@error.threshold=0.10,error.min_instances=5",error_divergence_ph_meta,"{""divergence"": {""alpha"": 0.1, ""delta"": 0.005, ""min_instances"": 30, ""threshold"": 0.05}, ""error_rate"": {""alpha"": 0.15, ""delta"": 0.005, ""min_instances"": 5, ""threshold"": 0.1}}","{""error_rate"": {""min_instances"": 5, ""threshold"": 0.1}}",0.1,0.005,0.15,5,0.05,0.005,0.1,30,,,,-1,two_stage,2,0.5,"__confirm_cooldown=200,__confirm_rule=perm_test,__perm_alpha=0.005,__perm_delta_k=50,__perm_min_effect=0,__perm_n_perm=200,__perm_post_n=10,__perm_pre_n=500,__perm_rng_seed=0,__perm_stat=delta_fused_score,divergence=0.3,error_rate=0.5,teacher_entropy=0.2",3,0,200,0.0,0,10000,10.0,25.0,200,500,0,0,1.0,0.684375,0.38912829817796923,0.3333333333333333,0.6765725612640381,0.012320962734520435,0,1,2,0,-1,perm_test,1.0,-0.01015249520287403,1,0,1,0.3333333333333333,0.00047114770859479904,1,0.5,0.0,0.0,0.0,0,none,0,1,0,overconfident,0.95,0,mild_drift,0.96032900390625,0.0012997070312500002,0.8001953125000001,0.8550439453125,1768145321.215895,0.5896559357643127,0.050310079008340836
11,704,703,sine_nodrift,sine,ts_drift_adapt,5,"error_divergence_ph_meta@error.threshold=0.10,error.min_instances=5",error_divergence_ph_meta,"{""divergence"": {""alpha"": 0.1, ""delta"": 0.005, ""min_instances"": 30, ""threshold"": 0.05}, ""error_rate"": {""alpha"": 0.15, ""delta"": 0.005, ""min_instances"": 5, ""threshold"": 0.1}}","{""error_rate"": {""min_instances"": 5, ""threshold"": 0.1}}",0.1,0.005,0.15,5,0.05,0.005,0.1,30,,,,-1,two_stage,2,0.5,"__confirm_cooldown=200,__confirm_rule=perm_test,__perm_alpha=0.005,__perm_delta_k=50,__perm_min_effect=0,__perm_n_perm=200,__perm_post_n=10,__perm_pre_n=500,__perm_rng_seed=0,__perm_stat=delta_fused_score,divergence=0.3,error_rate=0.5,teacher_entropy=0.2",3,0,200,0.0,0,10000,10.0,25.0,200,500,0,0,1.0,0.7059659090909091,0.43052754982415,0.0,0.6801943778991699,0.010065902955830097,0,0,2,0,-1,perm_test,1.0,-0.06734681252330053,2,0,2,0.0,0.3333333333333333,0,0.0,0.0,0.0,0.0,0,none,0,1,0,overconfident,0.95,0,mild_drift,0.960314501953125,0.0012998535156250003,0.8000976562500001,0.85502197265625,1768145321.2511554,0.42458435893058777,0.041193652898073196
12,768,767,sine_nodrift,sine,ts_drift_adapt,5,"error_divergence_ph_meta@error.threshold=0.10,error.min_instances=5",error_divergence_ph_meta,"{""divergence"": {""alpha"": 0.1, ""delta"": 0.005, ""min_instances"": 30, ""threshold"": 0.05}, ""error_rate"": {""alpha"": 0.15, ""delta"": 0.005, ""min_instances"": 5, ""threshold"": 0.1}}","{""error_rate"": {""min_instances"": 5, ""threshold"": 0.1}}",0.1,0.005,0.15,5,0.05,0.005,0.1,30,,,,-1,two_stage,2,0.5,"__confirm_cooldown=200,__confirm_rule=perm_test,__perm_alpha=0.005,__perm_delta_k=50,__perm_min_effect=0,__perm_n_perm=200,__perm_post_n=10,__perm_pre_n=500,__perm_rng_seed=0,__perm_stat=delta_fused_score,divergence=0.3,error_rate=0.5,teacher_entropy=0.2",3,0,200,0.0,0,10000,10.0,25.0,200,500,0,0,1.0,0.7200520833333334,0.45489118952038887,0.0,0.673738420009613,0.007400095462799072,0,0,2,0,-1,perm_test,1.0,-0.007249257736172837,3,0,3,0.0,0.002665807493031025,0,0.0,0.0,0.0,0.0,0,none,0,1,0,overconfident,0.95,0,mild_drift,0.9603072509765624,0.0012999267578125001,0.800048828125,0.855010986328125,1768145321.2593985,0.4390765428543091,0.030059345066547394
13,832,831,sine_nodrift,sine,ts_drift_adapt,5,"error_divergence_ph_meta@error.threshold=0.10,error.min_instances=5",error_divergence_ph_meta,"{""divergence"": {""alpha"": 0.1, ""delta"": 0.005, ""min_instances"": 30, ""threshold"": 0.05}, ""error_rate"": {""alpha"": 0.15, ""delta"": 0.005, ""min_instances"": 5, ""threshold"": 0.1}}","{""error_rate"": {""min_instances"": 5, ""threshold"": 0.1}}",0.1,0.005,0.15,5,0.05,0.005,0.1,30,,,,-1,two_stage,2,0.5,"__confirm_cooldown=200,__confirm_rule=perm_test,__perm_alpha=0.005,__perm_delta_k=50,__perm_min_effect=0,__perm_n_perm=200,__perm_post_n=10,__perm_pre_n=500,__perm_rng_seed=0,__perm_stat=delta_fused_score,divergence=0.3,error_rate=0.5,teacher_entropy=0.2",3,0,200,0.0,0,10000,10.0,25.0,200,500,0,0,1.0,0.7331730769230769,0.47655457374270954,0.0,0.6742411255836487,0.008559869602322578,0,0,2,0,-1,perm_test,1.0,-0.00645638970750454,4,0,4,0.0,0.0011597741395235062,0,0.0,0.0,0.0,0.0,0,none,0,1,0,overconfident,0.95,0,mild_drift,0.9603036254882812,0.00129996337890625,0.8000244140625,0.8550054931640625,1768145321.2678535,0.5319222211837769,0.035416390746831894
14,896,895,sine_nodrift,sine,ts_drift_adapt,5,"error_divergence_ph_meta@error.threshold=0.10,error.min_instances=5",error_divergence_ph_meta,"{""divergence"": {""alpha"": 0.1, ""delta"": 0.005, ""min_instances"": 30, ""threshold"": 0.05}, ""error_rate"": {""alpha"": 0.15, ""delta"": 0.005, ""min_instances"": 5, ""threshold"": 0.1}}","{""error_rate"": {""min_instances"": 5, ""threshold"": 0.1}}",0.1,0.005,0.15,5,0.05,0.005,0.1,30,,,,-1,two_stage,2,0.5,"__confirm_cooldown=200,__confirm_rule=perm_test,__perm_alpha=0.005,__perm_delta_k=50,__perm_min_effect=0,__perm_n_perm=200,__perm_post_n=10,__perm_pre_n=500,__perm_rng_seed=0,__perm_stat=delta_fused_score,divergence=0.3,error_rate=0.5,teacher_entropy=0.2",3,0,200,0.0,0,10000,10.0,25.0,200,500,0,0,1.0,0.7444196428571429,0.4977234227971057,0.0,0.6733430027961731,0.007813609205186367,0,0,2,0,-1,perm_test,1.0,-0.00645638970750454,4,0,4,0.0,0.0007462603971362114,0,0.0,0.0,0.0,0.0,0,none,0,1,0,overconfident,0.95,0,mild_drift,0.9603018127441405,0.0012999816894531252,0.8000122070312501,0.8550027465820312,1768145321.2763054,0.4296324551105499,0.03219594061374664
15,960,959,sine_nodrift,sine,ts_drift_adapt,5,"error_divergence_ph_meta@error.threshold=0.10,error.min_instances=5",error_divergence_ph_meta,"{""divergence"": {""alpha"": 0.1, ""delta"": 0.005, ""min_instances"": 30, ""threshold"": 0.05}, ""error_rate"": {""alpha"": 0.15, ""delta"": 0.005, ""min_instances"": 5, ""threshold"": 0.1}}","{""error_rate"": {""min_instances"": 5, ""threshold"": 0.1}}",0.1,0.005,0.15,5,0.05,0.005,0.1,30,,,,-1,two_stage,2,0.5,"__confirm_cooldown=200,__confirm_rule=perm_test,__perm_alpha=0.005,__perm_delta_k=50,__perm_min_effect=0,__perm_n_perm=200,__perm_post_n=10,__perm_pre_n=500,__perm_rng_seed=0,__perm_stat=delta_fused_score,divergence=0.3,error_rate=0.5,teacher_entropy=0.2",3,0,200,0.0,0,10000,10.0,25.0,200,500,0,0,1.0,0.7395833333333334,0.48910081743869227,0.3333333333333333,0.6760375499725342,0.008463704027235508,1,1,3,1,0,perm_test,0.004975124378109453,0.13343129406122975,5,1,4,0.0,0.3333333333333333,1,0.5,0.0,0.0,0.0,0,none,1,1,0,overconfident,0.95,0,stable,0.9751509063720702,0.0010499908447265626,0.900006103515625,0.9000013732910157,1768145321.2906528,0.646300733089447,0.03565608337521553
16,1024,1023,sine_nodrift,sine,ts_drift_adapt,5,"error_divergence_ph_meta@error.threshold=0.10,error.min_instances=5",error_divergence_ph_meta,"{""divergence"": {""alpha"": 0.1, ""delta"": 0.005, ""min_instances"": 30, ""threshold"": 0.05}, ""error_rate"": {""alpha"": 0.15, ""delta"": 0.005, ""min_instances"": 5, ""threshold"": 0.1}}","{""error_rate"": {""min_instances"": 5, ""threshold"": 0.1}}",0.1,0.005,0.15,5,0.05,0.005,0.1,30,,,,-1,two_stage,2,0.5,"__confirm_cooldown=200,__confirm_rule=perm_test,__perm_alpha=0.005,__perm_delta_k=50,__perm_min_effect=0,__perm_n_perm=200,__perm_post_n=10,__perm_pre_n=500,__perm_rng_seed=0,__perm_stat=delta_fused_score,divergence=0.3,error_rate=0.5,teacher_entropy=0.2",3,0,200,0.0,0,10000,10.0,25.0,200,500,1,136,1.0,0.7421875,0.49586752200507234,0.0,0.6768731474876404,0.011870977468788624,0,0,3,1,-1,perm_test,0.004975124378109453,0.13343129406122975,5,1,4,0.0,0.3333333333333333,0,0.0,0.0,0.0,0.0,0,none,0,1,0,overconfident,0.95,0,mild_drift,0.9677254531860351,0.0011749954223632814,0.8500030517578125,0.8775006866455078,1768145321.2990036,0.40891870856285095,0.050988566130399704
17,1088,1087,sine_nodrift,sine,ts_drift_adapt,5,"error_divergence_ph_meta@error.threshold=0.10,error.min_instances=5",error_divergence_ph_meta,"{""divergence"": {""alpha"": 0.1, ""delta"": 0.005, ""min_instances"": 30, ""threshold"": 0.05}, ""error_rate"": {""alpha"": 0.15, ""delta"": 0.005, ""min_instances"": 5, ""threshold"": 0.1}}","{""error_rate"": {""min_instances"": 5, ""threshold"": 0.1}}",0.1,0.005,0.15,5,0.05,0.005,0.1,30,,,,-1,two_stage,2,0.5,"__confirm_cooldown=200,__confirm_rule=perm_test,__perm_alpha=0.005,__perm_delta_k=50,__perm_min_effect=0,__perm_n_perm=200,__perm_post_n=10,__perm_pre_n=500,__perm_rng_seed=0,__perm_stat=delta_fused_score,divergence=0.3,error_rate=0.5,teacher_entropy=0.2",3,0,200,0.0,0,10000,10.0,25.0,200,500,1,72,1.0,0.734375,0.48351489507089446,0.5,0.6725742220878601,0.010562353767454624,0,0,3,1,-1,perm_test,0.004975124378109453,0.13343129406122975,5,1,4,0.0,0.5,0,0.0,0.0,0.0,0.0,0,none,0,1,0,overconfident,0.95,0,mild_drift,0.9640127265930175,0.0012374977111816407,0.8250015258789063,0.866250343322754,1768145321.3071036,0.7486185431480408,0.044867515563964844
18,1152,1151,sine_nodrift,sine,ts_drift_adapt,5,"error_divergence_ph_meta@error.threshold=0.10,error.min_instances=5",error_divergence_ph_meta,"{""divergence"": {""alpha"": 0.1, ""delta"": 0.005, ""min_instances"": 30, ""threshold"": 0.05}, ""error_rate"": {""alpha"": 0.15, ""delta"": 0.005, ""min_instances"": 5, ""threshold"": 0.1}}","{""error_rate"": {""min_instances"": 5, ""threshold"": 0.1}}",0.1,0.005,0.15,5,0.05,0.005,0.1,30,,,,-1,two_stage,2,0.5,"__confirm_cooldown=200,__confirm_rule=perm_test,__perm_alpha=0.005,__perm_delta_k=50,__perm_min_effect=0,__perm_n_perm=200,__perm_post_n=10,__perm_pre_n=500,__perm_rng_seed=0,__perm_stat=delta_fused_score,divergence=0.3,error_rate=0.5,teacher_entropy=0.2",3,0,200,0.0,0,10000,10.0,25.0,200,500,1,8,1.0,0.7352430555555556,0.4860843771756873,0.0,0.6695473194122314,0.010167094878852367,0,0,3,1,-1,perm_test,0.004975124378109453,0.13343129406122975,5,1,4,0.0,0.5,0,0.0,0.0,0.0,0.0,0,none,0,1,0,overconfident,0.95,0,mild_drift,0.9621563632965087,0.0012687488555908205,0.8125007629394532,0.860625171661377,1768145321.3153012,0.3684713840484619,0.043677084147930145
19,1216,1215,sine_nodrift,sine,ts_drift_adapt,5,"error_divergence_ph_meta@error.threshold=0.10,error.min_instances=5",error_divergence_ph_meta,"{""divergence"": {""alpha"": 0.1, ""delta"": 0.005, ""min_instances"": 30, ""threshold"": 0.05}, ""error_rate"": {""alpha"": 0.15, ""delta"": 0.005, ""min_instances"": 5, ""threshold"": 0.1}}","{""error_rate"": {""min_instances"": 5, ""threshold"": 0.1}}",0.1,0.005,0.15,5,0.05,0.005,0.1,30,,,,-1,two_stage,2,0.5,"__confirm_cooldown=200,__confirm_rule=perm_test,__perm_alpha=0.005,__perm_delta_k=50,__perm_min_effect=0,__perm_n_perm=200,__perm_post_n=10,__perm_pre_n=500,__perm_rng_seed=0,__perm_stat=delta_fused_score,divergence=0.3,error_rate=0.5,teacher_entropy=0.2",3,0,200,0.0,0,10000,10.0,25.0,200,500,0,0,1.0,0.7327302631578947,0.4830797563987191,0.16666666666666666,0.6788841485977173,0.011593799106776714,0,0,3,1,-1,perm_test,0.004975124378109453,0.13343129406122975,5,1,4,0.0,0.16666666666666666,0,0.0,0.0,0.0,0.0,0,none,0,1,0,overconfident,0.95,0,mild_drift,0.9612281816482543,0.0012843744277954102,0.8062503814697266,0.8578125858306884,1768145321.3236396,0.48295676708221436,0.04932651296257973
20,1280,1279,sine_nodrift,sine,ts_drift_adapt,5,"error_divergence_ph_meta@error.threshold=0.10,error.min_instances=5",error_divergence_ph_meta,"{""divergence"": {""alpha"": 0.1, ""delta"": 0.005, ""min_instances"": 30, ""threshold"": 0.05}, ""error_rate"": {""alpha"": 0.15, ""delta"": 0.005, ""min_instances"": 5, ""threshold"": 0.1}}","{""error_rate"": {""min_instances"": 5, ""threshold"": 0.1}}",0.1,0.005,0.15,5,0.05,0.005,0.1,30,,,,-1,two_stage,2,0.5,"__confirm_cooldown=200,__confirm_rule=perm_test,__perm_alpha=0.005,__perm_delta_k=50,__perm_min_effect=0,__perm_n_perm=200,__perm_post_n=10,__perm_pre_n=500,__perm_rng_seed=0,__perm_stat=delta_fused_score,divergence=0.3,error_rate=0.5,teacher_entropy=0.2",3,0,200,0.0,0,10000,10.0,25.0,200,500,0,0,1.0,0.73515625,0.4877292067074984,0.16666666666666666,0.6680229306221008,0.008542726747691631,0,1,4,1,-1,perm_test,1.0,-0.025451220060946467,6,1,5,0.16666666666666666,0.003051072359085083,1,0.5,0.0,0.0,0.0,0,none,0,1,0,overconfident,0.95,0,mild_drift,0.9607640908241271,0.0012921872138977053,0.8031251907348633,0.8564062929153442,1768145321.332053,0.6220742464065552,0.036506086587905884
21,1344,1343,sine_nodrift,sine,ts_drift_adapt,5,"error_divergence_ph_meta@error.threshold=0.10,error.min_instances=5",error_divergence_ph_meta,"{""divergence"": {""alpha"": 0.1, ""delta"": 0.005, ""min_instances"": 30, ""threshold"": 0.05}, ""error_rate"": {""alpha"": 0.15, ""delta"": 0.005, ""min_instances"": 5, ""threshold"": 0.1}}","{""error_rate"": {""min_instances"": 5, ""threshold"": 0.1}}",0.1,0.005,0.15,5,0.05,0.005,0.1,30,,,,-1,two_stage,2,0.5,"__confirm_cooldown=200,__confirm_rule=perm_test,__perm_alpha=0.005,__perm_delta_k=50,__perm_min_effect=0,__perm_n_perm=200,__perm_post_n=10,__perm_pre_n=500,__perm_rng_seed=0,__perm_stat=delta_fused_score,divergence=0.3,error_rate=0.5,teacher_entropy=0.2",3,0,200,0.0,0,10000,10.0,25.0,200,500,0,0,1.0,0.7380952380952381,0.4939423436915014,0.16666666666666666,0.6706440448760986,0.00780644454061985,0,0,4,1,-1,perm_test,1.0,-0.032093159717607324,7,1,6,0.0,0.0007362822070717812,0,0.0,0.0,0.0,0.0,0,none,0,1,0,overconfident,0.95,0,mild_drift,0.9605320454120635,0.0012960936069488526,0.8015625953674317,0.8557031464576721,1768145321.340524,0.4010513126850128,0.03268536552786827
22,1408,1407,sine_nodrift,sine,ts_drift_adapt,5,"error_divergence_ph_meta@error.threshold=0.10,error.min_instances=5",error_divergence_ph_meta,"{""divergence"": {""alpha"": 0.1, ""delta"": 0.005, ""min_instances"": 30, ""threshold"": 0.05}, ""error_rate"": {""alpha"": 0.15, ""delta"": 0.005, ""min_instances"": 5, ""threshold"": 0.1}}","{""error_rate"": {""min_instances"": 5, ""threshold"": 0.1}}",0.1,0.005,0.15,5,0.05,0.005,0.1,30,,,,-1,two_stage,2,0.5,"__confirm_cooldown=200,__confirm_rule=perm_test,__perm_alpha=0.005,__perm_delta_k=50,__perm_min_effect=0,__perm_n_perm=200,__perm_post_n=10,__perm_pre_n=500,__perm_rng_seed=0,__perm_stat=delta_fused_score,divergence=0.3,error_rate=0.5,teacher_entropy=0.2",3,0,200,0.0,0,10000,10.0,25.0,200,500,0,0,1.0,0.7457386363636364,0.5069024886523712,0.0,0.6555257439613342,0.015112906694412231,0,0,4,1,-1,perm_test,1.0,-0.07202631216523553,8,1,7,0.0,0.16666666666666666,0,0.0,0.0,0.0,0.0,0,none,0,1,0,overconfident,0.95,0,mild_drift,0.9604160227060317,0.0012980468034744265,0.8007812976837159,0.855351573228836,1768145321.349124,0.2945187985897064,0.0662749633193016
23,1472,1471,sine_nodrift,sine,ts_drift_adapt,5,"error_divergence_ph_meta@error.threshold=0.10,error.min_instances=5",error_divergence_ph_meta,"{""divergence"": {""alpha"": 0.1, ""delta"": 0.005, ""min_instances"": 30, ""threshold"": 0.05}, ""error_rate"": {""alpha"": 0.15, ""delta"": 0.005, ""min_instances"": 5, ""threshold"": 0.1}}","{""error_rate"": {""min_instances"": 5, ""threshold"": 0.1}}",0.1,0.005,0.15,5,0.05,0.005,0.1,30,,,,-1,two_stage,2,0.5,"__confirm_cooldown=200,__confirm_rule=perm_test,__perm_alpha=0.005,__perm_delta_k=50,__perm_min_effect=0,__perm_n_perm=200,__perm_post_n=10,__perm_pre_n=500,__perm_rng_seed=0,__perm_stat=delta_fused_score,divergence=0.3,error_rate=0.5,teacher_entropy=0.2",3,0,200,0.0,0,10000,10.0,25.0,200,500,0,0,1.0,0.751358695652174,0.5177304456646479,0.0,0.6647288799285889,0.017745714634656906,0,0,4,1,-1,perm_test,1.0,-0.02423078236029826,9,1,8,0.0,0.0026328079402446747,0,0.0,0.0,0.0,0.0,0,none,0,1,0,overconfident,0.95,0,mild_drift,0.9603580113530158,0.0012990234017372132,0.800390648841858,0.8551757866144181,1768145321.3577554,0.3693094253540039,0.07788509875535965
24,1536,1535,sine_nodrift,sine,ts_drift_adapt,5,"error_divergence_ph_meta@error.threshold=0.10,error.min_instances=5",error_divergence_ph_meta,"{""divergence"": {""alpha"": 0.1, ""delta"": 0.005, ""min_instances"": 30, ""threshold"": 0.05}, ""error_rate"": {""alpha"": 0.15, ""delta"": 0.005, ""min_instances"": 5, ""threshold"": 0.1}}","{""error_rate"": {""min_instances"": 5, ""threshold"": 0.1}}",0.1,0.005,0.15,5,0.05,0.005,0.1,30,,,,-1,two_stage,2,0.5,"__confirm_cooldown=200,__confirm_rule=perm_test,__perm_alpha=0.005,__perm_delta_k=50,__perm_min_effect=0,__perm_n_perm=200,__perm_post_n=10,__perm_pre_n=500,__perm_rng_seed=0,__perm_stat=delta_fused_score,divergence=0.3,error_rate=0.5,teacher_entropy=0.2",3,0,200,0.0,0,10000,10.0,25.0,200,500,0,0,1.0,0.7578125,0.5302783185142316,0.16666666666666666,0.6534597873687744,0.013913539238274097,0,0,4,1,-1,perm_test,1.0,-0.02423078236029826,9,1,8,0.0,0.16666666666666666,0,0.0,0.0,0.0,0.0,0,none,0,1,0,overconfident,0.95,0,mild_drift,0.9603290056765079,0.0012995117008686068,0.800195324420929,0.855087893307209,1768145321.3663857,0.4763690233230591,0.05998777970671654
25,1600,1599,sine_nodrift,sine,ts_drift_adapt,5,"error_divergence_ph_meta@error.threshold=0.10,error.min_instances=5",error_divergence_ph_meta,"{""divergence"": {""alpha"": 0.1, ""delta"": 0.005, ""min_instances"": 30, ""threshold"": 0.05}, ""error_rate"": {""alpha"": 0.15, ""delta"": 0.005, ""min_instances"": 5, ""threshold"": 0.1}}","{""error_rate"": {""min_instances"": 5, ""threshold"": 0.1}}",0.1,0.005,0.15,5,0.05,0.005,0.1,30,,,,-1,two_stage,2,0.5,"__confirm_cooldown=200,__confirm_rule=perm_test,__perm_alpha=0.005,__perm_delta_k=50,__perm_min_effect=0,__perm_n_perm=200,__perm_post_n=10,__perm_pre_n=500,__perm_rng_seed=0,__perm_stat=delta_fused_score,divergence=0.3,error_rate=0.5,teacher_entropy=0.2",3,0,200,0.0,0,10000,10.0,25.0,200,500,0,0,1.0,0.76625,0.5462789413984072,0.0,0.656157374382019,0.014272528700530529,0,1,5,1,-1,perm_test,1.0,-0.08474684357940197,10,1,9,0.16666666666666666,0.16666666666666666,1,0.5,0.0,0.0,0.0,0,none,0,1,0,overconfident,0.95,0,mild_drift,0.9603145028382539,0.0012997558504343034,0.8000976622104645,0.8550439466536045,1768145321.375234,0.3818182647228241,0.061307601630687714
26,1664,1663,sine_nodrift,sine,ts_drift_adapt,5,"error_divergence_ph_meta@error.threshold=0.10,error.min_instances=5",error_divergence_ph_meta,"{""divergence"": {""alpha"": 0.1, ""delta"": 0.005, ""min_instances"": 30, ""threshold"": 0.05}, ""error_rate"": {""alpha"": 0.15, ""delta"": 0.005, ""min_instances"": 5, ""threshold"": 0.1}}","{""error_rate"": {""min_instances"": 5, ""threshold"": 0.1}}",0.1,0.005,0.15,5,0.05,0.005,0.1,30,,,,-1,two_stage,2,0.5,"__confirm_cooldown=200,__confirm_rule=perm_test,__perm_alpha=0.005,__perm_delta_k=50,__perm_min_effect=0,__perm_n_perm=200,__perm_post_n=10,__perm_pre_n=500,__perm_rng_seed=0,__perm_stat=delta_fused_score,divergence=0.3,error_rate=0.5,teacher_entropy=0.2",3,0,200,0.0,0,10000,10.0,25.0,200,500,0,0,1.0,0.7716346153846154,0.5564391106895985,0.0,0.6593870520591736,0.019201748073101044,0,0,5,1,-1,perm_test,0.3582089552238806,0.008496017483296807,11,1,10,0.0,0.004929219372570515,0,0.0,0.0,0.0,0.0,0,none,0,1,0,overconfident,0.95,0,mild_drift,0.9603072514191269,0.0012998779252171517,0.8000488311052323,0.8550219733268023,1768145321.3901541,0.3501906394958496,0.08392708748579025
27,1728,1727,sine_nodrift,sine,ts_drift_adapt,5,"error_divergence_ph_meta@error.threshold=0.10,error.min_instances=5",error_divergence_ph_meta,"{""divergence"": {""alpha"": 0.1, ""delta"": 0.005, ""min_instances"": 30, ""threshold"": 0.05}, ""error_rate"": {""alpha"": 0.15, ""delta"": 0.005, ""min_instances"": 5, ""threshold"": 0.1}}","{""error_rate"": {""min_instances"": 5, ""threshold"": 0.1}}",0.1,0.005,0.15,5,0.05,0.005,0.1,30,,,,-1,two_stage,2,0.5,"__confirm_cooldown=200,__confirm_rule=perm_test,__perm_alpha=0.005,__perm_delta_k=50,__perm_min_effect=0,__perm_n_perm=200,__perm_post_n=10,__perm_pre_n=500,__perm_rng_seed=0,__perm_stat=delta_fused_score,divergence=0.3,error_rate=0.5,teacher_entropy=0.2",3,0,200,0.0,0,10000,10.0,25.0,200,500,0,0,1.0,0.7748842592592593,0.5614957075385539,0.16666666666666666,0.6508716940879822,0.018364107236266136,0,0,5,1,-1,perm_test,0.14925373134328357,0.021559768769436754,12,1,11,0.0,0.16666666666666666,0,0.0,0.0,0.0,0.0,0,none,0,1,0,overconfident,0.95,0,mild_drift,0.9603036257095634,0.0012999389626085758,0.8000244155526162,0.8550109866634011,1768145321.405708,0.39175140857696533,0.07967502623796463
28,1792,1791,sine_nodrift,sine,ts_drift_adapt,5,"error_divergence_ph_meta@error.threshold=0.10,error.min_instances=5",error_divergence_ph_meta,"{""divergence"": {""alpha"": 0.1, ""delta"": 0.005, ""min_instances"": 30, ""threshold"": 0.05}, ""error_rate"": {""alpha"": 0.15, ""delta"": 0.005, ""min_instances"": 5, ""threshold"": 0.1}}","{""error_rate"": {""min_instances"": 5, ""threshold"": 0.1}}",0.1,0.005,0.15,5,0.05,0.005,0.1,30,,,,-1,two_stage,2,0.5,"__confirm_cooldown=200,__confirm_rule=perm_test,__perm_alpha=0.005,__perm_delta_k=50,__perm_min_effect=0,__perm_n_perm=200,__perm_post_n=10,__perm_pre_n=500,__perm_rng_seed=0,__perm_stat=delta_fused_score,divergence=0.3,error_rate=0.5,teacher_entropy=0.2",3,0,200,0.0,0,10000,10.0,25.0,200,500,0,0,1.0,0.7790178571428571,0.5687616677037958,0.0,0.6491332650184631,0.02299419976770878,0,0,5,1,-1,perm_test,1.0,-0.08217955908447677,13,1,12,0.0,0.16666666666666666,0,0.0,0.0,0.0,0.0,0,none,0,1,0,overconfident,0.95,0,mild_drift,0.9603018128547817,0.0012999694813042879,0.8000122077763081,0.8550054933317006,1768145321.4310606,0.271002858877182,0.10160194337368011
29,1856,1855,sine_nodrift,sine,ts_drift_adapt,5,"error_divergence_ph_meta@error.threshold=0.10,error.min_instances=5",error_divergence_ph_meta,"{""divergence"": {""alpha"": 0.1, ""delta"": 0.005, ""min_instances"": 30, ""threshold"": 0.05}, ""error_rate"": {""alpha"": 0.15, ""delta"": 0.005, ""min_instances"": 5, ""threshold"": 0.1}}","{""error_rate"": {""min_instances"": 5, ""threshold"": 0.1}}",0.1,0.005,0.15,5,0.05,0.005,0.1,30,,,,-1,two_stage,2,0.5,"__confirm_cooldown=200,__confirm_rule=perm_test,__perm_alpha=0.005,__perm_delta_k=50,__perm_min_effect=0,__perm_n_perm=200,__perm_post_n=10,__perm_pre_n=500,__perm_rng_seed=0,__perm_stat=delta_fused_score,divergence=0.3,error_rate=0.5,teacher_entropy=0.2",3,0,200,0.0,0,10000,10.0,25.0,200,500,0,0,1.0,0.7823275862068966,0.5742930754722766,0.0,0.6454986929893494,0.02102290466427803,0,0,5,1,-1,perm_test,1.0,-0.08217955908447677,13,1,12,0.0,0.001971295103430748,0,0.0,0.0,0.0,0.0,0,none,0,1,0,overconfident,0.95,0,mild_drift,0.9603009064273909,0.001299984740652144,0.8000061038881541,0.8550027466658503,1768145321.4556599,0.2560279071331024,0.09329738467931747
30,1920,1919,sine_nodrift,sine,ts_drift_adapt,5,"error_divergence_ph_meta@error.threshold=0.10,error.min_instances=5",error_divergence_ph_meta,"{""divergence"": {""alpha"": 0.1, ""delta"": 0.005, ""min_instances"": 30, ""threshold"": 0.05}, ""error_rate"": {""alpha"": 0.15, ""delta"": 0.005, ""min_instances"": 5, ""threshold"": 0.1}}","{""error_rate"": {""min_instances"": 5, ""threshold"": 0.1}}",0.1,0.005,0.15,5,0.05,0.005,0.1,30,,,,-1,two_stage,2,0.5,"__confirm_cooldown=200,__confirm_rule=perm_test,__perm_alpha=0.005,__perm_delta_k=50,__perm_min_effect=0,__perm_n_perm=200,__perm_post_n=10,__perm_pre_n=500,__perm_rng_seed=0,__perm_stat=delta_fused_score,divergence=0.3,error_rate=0.5,teacher_entropy=0.2",3,0,200,0.0,0,10000,10.0,25.0,200,500,0,0,1.0,0.7859375,0.5806470126838973,0.0,0.6447356939315796,0.027907568961381912,0,1,6,1,-1,perm_test,0.25870646766169153,0.007974833785544944,14,1,13,0.0,0.006884664297103882,1,0.5,0.0,0.0,0.0,0,none,0,1,0,overconfident,0.95,0,mild_drift,0.9603004532136954,0.0012999923703260721,0.8000030519440771,0.8550013733329251,1768145321.469745,0.3256201446056366,0.1234784871339798
31,1984,1983,sine_nodrift,sine,ts_drift_adapt,5,"error_divergence_ph_meta@error.threshold=0.10,error.min_instances=5",error_divergence_ph_meta,"{""divergence"": {""alpha"": 0.1, ""delta"": 0.005, ""min_instances"": 30, ""threshold"": 0.05}, ""error_rate"": {""alpha"": 0.15, ""delta"": 0.005, ""min_instances"": 5, ""threshold"": 0.1}}","{""error_rate"": {""min_instances"": 5, ""threshold"": 0.1}}",0.1,0.005,0.15,5,0.05,0.005,0.1,30,,,,-1,two_stage,2,0.5,"__confirm_cooldown=200,__confirm_rule=perm_test,__perm_alpha=0.005,__perm_delta_k=50,__perm_min_effect=0,__perm_n_perm=200,__perm_post_n=10,__perm_pre_n=500,__perm_rng_seed=0,__perm_stat=delta_fused_score,divergence=0.3,error_rate=0.5,teacher_entropy=0.2",3,0,200,0.0,0,10000,10.0,25.0,200,500,0,0,1.0,0.7893145161290323,0.5867313428819453,0.16666666666666666,0.6527361869812012,0.024026677012443542,0,0,6,1,-1,perm_test,0.07462686567164178,0.021082499728557247,15,1,14,0.0,0.16666666666666666,0,0.0,0.0,0.0,0.0,0,none,0,1,0,overconfident,0.95,0,mild_drift,0.9603002266068477,0.0012999961851630363,0.8000015259720386,0.8550006866664626,1768145321.4838088,0.3056347072124481,0.10603733360767365
32,2048,2047,sine_nodrift,sine,ts_drift_adapt,5,"error_divergence_ph_meta@error.threshold=0.10,error.min_instances=5",error_divergence_ph_meta,"{""divergence"": {""alpha"": 0.1, ""delta"": 0.005, ""min_instances"": 30, ""threshold"": 0.05}, ""error_rate"": {""alpha"": 0.15, ""delta"": 0.005, ""min_instances"": 5, ""threshold"": 0.1}}","{""error_rate"": {""min_instances"": 5, ""threshold"": 0.1}}",0.1,0.005,0.15,5,0.05,0.005,0.1,30,,,,-1,two_stage,2,0.5,"__confirm_cooldown=200,__confirm_rule=perm_test,__perm_alpha=0.005,__perm_delta_k=50,__perm_min_effect=0,__perm_n_perm=200,__perm_post_n=10,__perm_pre_n=500,__perm_rng_seed=0,__perm_stat=delta_fused_score,divergence=0.3,error_rate=0.5,teacher_entropy=0.2",3,0,200,0.0,0,10000,10.0,25.0,200,500,0,0,1.0,0.79248046875,0.5924696786953036,0.16666666666666666,0.6376291513442993,0.02269170619547367,0,0,6,1,-1,perm_test,0.4228855721393035,0.0021123180724590064,16,1,15,0.0,0.0013349708169698715,0,0.0,0.0,0.0,0.0,0,none,0,1,0,overconfident,0.95,0,mild_drift,0.9603001133034238,0.001299998092581518,0.8000007629860193,0.8550003433332313,1768145321.4978688,0.3256880044937134,0.1008126512169838
33,2112,2111,sine_nodrift,sine,ts_drift_adapt,5,"error_divergence_ph_meta@error.threshold=0.10,error.min_instances=5",error_divergence_ph_meta,"{""divergence"": {""alpha"": 0.1, ""delta"": 0.005, ""min_instances"": 30, ""threshold"": 0.05}, ""error_rate"": {""alpha"": 0.15, ""delta"": 0.005, ""min_instances"": 5, ""threshold"": 0.1}}","{""error_rate"": {""min_instances"": 5, ""threshold"": 0.1}}",0.1,0.005,0.15,5,0.05,0.005,0.1,30,,,,-1,two_stage,2,0.5,"__confirm_cooldown=200,__confirm_rule=perm_test,__perm_alpha=0.005,__perm_delta_k=50,__perm_min_effect=0,__perm_n_perm=200,__perm_post_n=10,__perm_pre_n=500,__perm_rng_seed=0,__perm_stat=delta_fused_score,divergence=0.3,error_rate=0.5,teacher_entropy=0.2",3,0,200,0.0,0,10000,10.0,25.0,200,500,0,0,1.0,0.7940340909090909,0.59505847216027,0.0,0.6345683336257935,0.016647769138216972,0,0,6,1,-1,perm_test,1.0,-0.055064604782614074,17,1,16,0.0,0.16666666666666666,0,0.0,0.0,0.0,0.0,0,none,0,1,0,overconfident,0.95,0,mild_drift,0.9603000566517119,0.001299999046290759,0.8000003814930097,0.8550001716666156,1768145321.5062475,0.1896129846572876,0.07449807971715927
34,2176,2175,sine_nodrift,sine,ts_drift_adapt,5,"error_divergence_ph_meta@error.threshold=0.10,error.min_instances=5",error_divergence_ph_meta,"{""divergence"": {""alpha"": 0.1, ""delta"": 0.005, ""min_instances"": 30, ""threshold"": 0.05}, ""error_rate"": {""alpha"": 0.15, ""delta"": 0.005, ""min_instances"": 5, ""threshold"": 0.1}}","{""error_rate"": {""min_instances"": 5, ""threshold"": 0.1}}",0.1,0.005,0.15,5,0.05,0.005,0.1,30,,,,-1,two_stage,2,0.5,"__confirm_cooldown=200,__confirm_rule=perm_test,__perm_alpha=0.005,__perm_delta_k=50,__perm_min_effect=0,__perm_n_perm=200,__perm_post_n=10,__perm_pre_n=500,__perm_rng_seed=0,__perm_stat=delta_fused_score,divergence=0.3,error_rate=0.5,teacher_entropy=0.2",3,0,200,0.0,0,10000,10.0,25.0,200,500,0,0,1.0,0.7950367647058824,0.5963629678860811,0.0,0.638266384601593,0.0145055977627635,0,0,6,1,-1,perm_test,1.0,-0.055064604782614074,17,1,16,0.0,0.002142171375453472,0,0.0,0.0,0.0,0.0,0,none,0,1,0,overconfident,0.95,0,mild_drift,0.9603000283258559,0.0012999995231453795,0.8000001907465049,0.8550000858333078,1768145321.5144312,0.26789578795433044,0.06426835060119629
35,2240,2239,sine_nodrift,sine,ts_drift_adapt,5,"error_divergence_ph_meta@error.threshold=0.10,error.min_instances=5",error_divergence_ph_meta,"{""divergence"": {""alpha"": 0.1, ""delta"": 0.005, ""min_instances"": 30, ""threshold"": 0.05}, ""error_rate"": {""alpha"": 0.15, ""delta"": 0.005, ""min_instances"": 5, ""threshold"": 0.1}}","{""error_rate"": {""min_instances"": 5, ""threshold"": 0.1}}",0.1,0.005,0.15,5,0.05,0.005,0.1,30,,,,-1,two_stage,2,0.5,"__confirm_cooldown=200,__confirm_rule=perm_test,__perm_alpha=0.005,__perm_delta_k=50,__perm_min_effect=0,__perm_n_perm=200,__perm_post_n=10,__perm_pre_n=500,__perm_rng_seed=0,__perm_stat=delta_fused_score,divergence=0.3,error_rate=0.5,teacher_entropy=0.2",3,0,200,0.0,0,10000,10.0,25.0,200,500,0,0,1.0,0.7982142857142858,0.6020951626392008,0.16666666666666666,0.6394501328468323,0.009971893392503262,1,1,7,2,0,perm_test,0.004975124378109453,0.08129721967628731,18,2,16,0.16666666666666666,0.16666666666666666,1,0.5,0.0,0.0,0.0,0,none,1,1,0,overconfident,0.95,0,severe_drift,0.925650014162928,0.0016499997615726898,0.6500000953732524,0.8325000429166539,1768145321.528416,0.3377959430217743,0.04338483139872551
36,2304,2303,sine_nodrift,sine,ts_drift_adapt,5,"error_divergence_ph_meta@error.threshold=0.10,error.min_instances=5",error_divergence_ph_meta,"{""divergence"": {""alpha"": 0.1, ""delta"": 0.005, ""min_instances"": 30, ""threshold"": 0.05}, ""error_rate"": {""alpha"": 0.15, ""delta"": 0.005, ""min_instances"": 5, ""threshold"": 0.1}}","{""error_rate"": {""min_instances"": 5, ""threshold"": 0.1}}",0.1,0.005,0.15,5,0.05,0.005,0.1,30,,,,-1,two_stage,2,0.5,"__confirm_cooldown=200,__confirm_rule=perm_test,__perm_alpha=0.005,__perm_delta_k=50,__perm_min_effect=0,__perm_n_perm=200,__perm_post_n=10,__perm_pre_n=500,__perm_rng_seed=0,__perm_stat=delta_fused_score,divergence=0.3,error_rate=0.5,teacher_entropy=0.2",3,0,200,0.0,0,10000,10.0,25.0,200,500,1,136,1.0,0.8016493055555556,0.6085169921936,0.16666666666666666,0.6346678137779236,0.01558870729058981,0,0,7,2,-1,perm_test,0.004975124378109453,0.08129721967628731,18,2,16,0.0,0.005616813898086548,0,0.0,0.0,0.0,0.0,0,none,0,1,0,overconfident,0.95,0,mild_drift,0.942975007081464,0.001474999880786345,0.7250000476866263,0.8437500214583269,1768145321.5365465,0.3328770697116852,0.06917551904916763
37,2368,2367,sine_nodrift,sine,ts_drift_adapt,5,"error_divergence_ph_meta@error.threshold=0.10,error.min_instances=5",error_divergence_ph_meta,"{""divergence"": {""alpha"": 0.1, ""delta"": 0.005, ""min_instances"": 30, ""threshold"": 0.05}, ""error_rate"": {""alpha"": 0.15, ""delta"": 0.005, ""min_instances"": 5, ""threshold"": 0.1}}","{""error_rate"": {""min_instances"": 5, ""threshold"": 0.1}}",0.1,0.005,0.15,5,0.05,0.005,0.1,30,,,,-1,two_stage,2,0.5,"__confirm_cooldown=200,__confirm_rule=perm_test,__perm_alpha=0.005,__perm_delta_k=50,__perm_min_effect=0,__perm_n_perm=200,__perm_post_n=10,__perm_pre_n=500,__perm_rng_seed=0,__perm_stat=delta_fused_score,divergence=0.3,error_rate=0.5,teacher_entropy=0.2",3,0,200,0.0,0,10000,10.0,25.0,200,500,1,72,1.0,0.8048986486486487,0.6147917793401839,0.0,0.6048043370246887,0.011049062013626099,0,0,7,2,-1,perm_test,0.004975124378109453,0.08129721967628731,18,2,16,0.0,0.16666666666666666,0,0.0,0.0,0.0,0.0,0,none,0,1,0,overconfident,0.95,0,mild_drift,0.951637503540732,0.0013874999403931726,0.7625000238433132,0.8493750107291634,1768145321.5454884,0.26652395725250244,0.10274098813533783
38,2432,2431,sine_nodrift,sine,ts_drift_adapt,5,"error_divergence_ph_meta@error.threshold=0.10,error.min_instances=5",error_divergence_ph_meta,"{""divergence"": {""alpha"": 0.1, ""delta"": 0.005, ""min_instances"": 30, ""threshold"": 0.05}, ""error_rate"": {""alpha"": 0.15, ""delta"": 0.005, ""min_instances"": 5, ""threshold"": 0.1}}","{""error_rate"": {""min_instances"": 5, ""threshold"": 0.1}}",0.1,0.005,0.15,5,0.05,0.005,0.1,30,,,,-1,two_stage,2,0.5,"__confirm_cooldown=200,__confirm_rule=perm_test,__perm_alpha=0.005,__perm_delta_k=50,__perm_min_effect=0,__perm_n_perm=200,__perm_post_n=10,__perm_pre_n=500,__perm_rng_seed=0,__perm_stat=delta_fused_score,divergence=0.3,error_rate=0.5,teacher_entropy=0.2",3,0,200,0.0,0,10000,10.0,25.0,200,500,1,8,1.0,0.8067434210526315,0.6182455540355676,0.0,0.6139508485794067,0.010981190018355846,0,0,7,2,-1,perm_test,0.004975124378109453,0.08129721967628731,18,2,16,0.0,6.787199527025223e-05,0,0.0,0.0,0.0,0.0,0,none,0,1,0,overconfident,0.95,0,mild_drift,0.9559687517703659,0.0013437499701965862,0.7812500119216566,0.8521875053645818,1768145321.5542958,0.2248469591140747,0.10746468603610992
39,2496,2495,sine_nodrift,sine,ts_drift_adapt,5,"error_divergence_ph_meta@error.threshold=0.10,error.min_instances=5",error_divergence_ph_meta,"{""divergence"": {""alpha"": 0.1, ""delta"": 0.005, ""min_instances"": 30, ""threshold"": 0.05}, ""error_rate"": {""alpha"": 0.15, ""delta"": 0.005, ""min_instances"": 5, ""threshold"": 0.1}}","{""error_rate"": {""min_instances"": 5, ""threshold"": 0.1}}",0.1,0.005,0.15,5,0.05,0.005,0.1,30,,,,-1,two_stage,2,0.5,"__confirm_cooldown=200,__confirm_rule=perm_test,__perm_alpha=0.005,__perm_delta_k=50,__perm_min_effect=0,__perm_n_perm=200,__perm_post_n=10,__perm_pre_n=500,__perm_rng_seed=0,__perm_stat=delta_fused_score,divergence=0.3,error_rate=0.5,teacher_entropy=0.2",3,0,200,0.0,0,10000,10.0,25.0,200,500,0,0,1.0,0.8080929487179487,0.6207201971418491,0.0,0.6019444465637207,0.01244170032441616,0,0,7,2,-1,perm_test,0.004975124378109453,0.08129721967628731,18,2,16,0.0,0.0014605103060603142,0,0.0,0.0,0.0,0.0,0,none,0,1,0,overconfident,0.95,0,mild_drift,0.9581343758851829,0.001321874985098293,0.7906250059608283,0.8535937526822909,1768145321.5632334,0.1468096375465393,0.11907626688480377
40,2560,2559,sine_nodrift,sine,ts_drift_adapt,5,"error_divergence_ph_meta@error.threshold=0.10,error.min_instances=5",error_divergence_ph_meta,"{""divergence"": {""alpha"": 0.1, ""delta"": 0.005, ""min_instances"": 30, ""threshold"": 0.05}, ""error_rate"": {""alpha"": 0.15, ""delta"": 0.005, ""min_instances"": 5, ""threshold"": 0.1}}","{""error_rate"": {""min_instances"": 5, ""threshold"": 0.1}}",0.1,0.005,0.15,5,0.05,0.005,0.1,30,,,,-1,two_stage,2,0.5,"__confirm_cooldown=200,__confirm_rule=perm_test,__perm_alpha=0.005,__perm_delta_k=50,__perm_min_effect=0,__perm_n_perm=200,__perm_post_n=10,__perm_pre_n=500,__perm_rng_seed=0,__perm_stat=delta_fused_score,divergence=0.3,error_rate=0.5,teacher_entropy=0.2",3,0,200,0.0,0,10000,10.0,25.0,200,500,0,0,1.0,0.810546875,0.6254622898202726,0.0,0.5935028195381165,0.01335807703435421,0,0,7,2,-1,perm_test,0.004975124378109453,0.08129721967628731,18,2,16,0.0,0.0009163767099380493,0,0.0,0.0,0.0,0.0,0,none,0,1,0,overconfident,0.95,0,mild_drift,0.9592171879425915,0.0013109374925491467,0.7953125029804142,0.8542968763411454,1768145321.5721328,0.3106078505516052,0.12084491550922394
41,2624,2623,sine_nodrift,sine,ts_drift_adapt,5,"error_divergence_ph_meta@error.threshold=0.10,error.min_instances=5",error_divergence_ph_meta,"{""divergence"": {""alpha"": 0.1, ""delta"": 0.005, ""min_instances"": 30, ""threshold"": 0.05}, ""error_rate"": {""alpha"": 0.15, ""delta"": 0.005, ""min_instances"": 5, ""threshold"": 0.1}}","{""error_rate"": {""min_instances"": 5, ""threshold"": 0.1}}",0.1,0.005,0.15,5,0.05,0.005,0.1,30,,,,-1,two_stage,2,0.5,"__confirm_cooldown=200,__confirm_rule=perm_test,__perm_alpha=0.005,__perm_delta_k=50,__perm_min_effect=0,__perm_n_perm=200,__perm_post_n=10,__perm_pre_n=500,__perm_rng_seed=0,__perm_stat=delta_fused_score,divergence=0.3,error_rate=0.5,teacher_entropy=0.2",3,0,200,0.0,0,10000,10.0,25.0,200,500,0,0,1.0,0.8140243902439024,0.6321754556902683,0.0,0.5832542181015015,0.0115426080301404,0,0,7,2,-1,perm_test,0.004975124378109453,0.08129721967628731,18,2,16,0.0,0.00181546900421381,0,0.0,0.0,0.0,0.0,0,none,0,1,0,overconfident,0.95,0,mild_drift,0.9597585939712957,0.0013054687462745736,0.7976562514902071,0.8546484381705727,1768145321.5810864,0.3819945752620697,0.09995701909065247
42,2688,2687,sine_nodrift,sine,ts_drift_adapt,5,"error_divergence_ph_meta@error.threshold=0.10,error.min_instances=5",error_divergence_ph_meta,"{""divergence"": {""alpha"": 0.1, ""delta"": 0.005, ""min_instances"": 30, ""threshold"": 0.05}, ""error_rate"": {""alpha"": 0.15, ""delta"": 0.005, ""min_instances"": 5, ""threshold"": 0.1}}","{""error_rate"": {""min_instances"": 5, ""threshold"": 0.1}}",0.1,0.005,0.15,5,0.05,0.005,0.1,30,,,,-1,two_stage,2,0.5,"__confirm_cooldown=200,__confirm_rule=perm_test,__perm_alpha=0.005,__perm_delta_k=50,__perm_min_effect=0,__perm_n_perm=200,__perm_post_n=10,__perm_pre_n=500,__perm_rng_seed=0,__perm_stat=delta_fused_score,divergence=0.3,error_rate=0.5,teacher_entropy=0.2",3,0,200,0.0,0,10000,10.0,25.0,200,500,0,0,1.0,0.8158482142857143,0.6357328707718994,0.3333333333333333,0.5872758626937866,0.015474474057555199,1,1,8,3,0,perm_test,0.004975124378109453,0.1421965501244023,19,3,16,0.16666666666666666,0.3333333333333333,1,0.5,0.0,0.0,0.0,0,none,1,1,0,overconfident,0.95,0,severe_drift,0.9253792969856478,0.0016527343731372868,0.6488281257451036,0.8323242190852864,1768145321.5962384,0.3896792232990265,0.12450002878904343
43,2752,2751,sine_nodrift,sine,ts_drift_adapt,5,"error_divergence_ph_meta@error.threshold=0.10,error.min_instances=5",error_divergence_ph_meta,"{""divergence"": {""alpha"": 0.1, ""delta"": 0.005, ""min_instances"": 30, ""threshold"": 0.05}, ""error_rate"": {""alpha"": 0.15, ""delta"": 0.005, ""min_instances"": 5, ""threshold"": 0.1}}","{""error_rate"": {""min_instances"": 5, ""threshold"": 0.1}}",0.1,0.005,0.15,5,0.05,0.005,0.1,30,,,,-1,two_stage,2,0.5,"__confirm_cooldown=200,__confirm_rule=perm_test,__perm_alpha=0.005,__perm_delta_k=50,__perm_min_effect=0,__perm_n_perm=200,__perm_post_n=10,__perm_pre_n=500,__perm_rng_seed=0,__perm_stat=delta_fused_score,divergence=0.3,error_rate=0.5,teacher_entropy=0.2",3,0,200,0.0,0,10000,10.0,25.0,200,500,1,136,1.0,0.8172238372093024,0.6383242669843808,0.0,0.5859586000442505,0.014185511507093906,0,0,8,3,-1,perm_test,0.004975124378109453,0.1421965501244023,19,3,16,0.0,0.3333333333333333,0,0.0,0.0,0.0,0.0,0,none,0,1,0,overconfident,0.95,0,mild_drift,0.9428396484928239,0.0014763671865686435,0.7244140628725518,0.8436621095426432,1768145321.6056986,0.29742932319641113,0.1411636769771576
44,2816,2815,sine_nodrift,sine,ts_drift_adapt,5,"error_divergence_ph_meta@error.threshold=0.10,error.min_instances=5",error_divergence_ph_meta,"{""divergence"": {""alpha"": 0.1, ""delta"": 0.005, ""min_instances"": 30, ""threshold"": 0.05}, ""error_rate"": {""alpha"": 0.15, ""delta"": 0.005, ""min_instances"": 5, ""threshold"": 0.1}}","{""error_rate"": {""min_instances"": 5, ""threshold"": 0.1}}",0.1,0.005,0.15,5,0.05,0.005,0.1,30,,,,-1,two_stage,2,0.5,"__confirm_cooldown=200,__confirm_rule=perm_test,__perm_alpha=0.005,__perm_delta_k=50,__perm_min_effect=0,__perm_n_perm=200,__perm_post_n=10,__perm_pre_n=500,__perm_rng_seed=0,__perm_stat=delta_fused_score,divergence=0.3,error_rate=0.5,teacher_entropy=0.2",3,0,200,0.0,0,10000,10.0,25.0,200,500,1,72,1.0,0.8196022727272727,0.642811627958076,0.16666666666666666,0.5863816738128662,0.015242127701640129,0,0,8,3,-1,perm_test,0.004975124378109453,0.1421965501244023,19,3,16,0.0,0.16666666666666666,0,0.0,0.0,0.0,0.0,0,none,0,1,0,overconfident,0.95,0,mild_drift,0.9515698242464119,0.0013881835932843217,0.7622070314362759,0.8493310547713215,1768145321.6249986,0.25571131706237793,0.06978502124547958
45,2880,2879,sine_nodrift,sine,ts_drift_adapt,5,"error_divergence_ph_meta@error.threshold=0.10,error.min_instances=5",error_divergence_ph_meta,"{""divergence"": {""alpha"": 0.1, ""delta"": 0.005, ""min_instances"": 30, ""threshold"": 0.05}, ""error_rate"": {""alpha"": 0.15, ""delta"": 0.005, ""min_instances"": 5, ""threshold"": 0.1}}","{""error_rate"": {""min_instances"": 5, ""threshold"": 0.1}}",0.1,0.005,0.15,5,0.05,0.005,0.1,30,,,,-1,two_stage,2,0.5,"__confirm_cooldown=200,__confirm_rule=perm_test,__perm_alpha=0.005,__perm_delta_k=50,__perm_min_effect=0,__perm_n_perm=200,__perm_post_n=10,__perm_pre_n=500,__perm_rng_seed=0,__perm_stat=delta_fused_score,divergence=0.3,error_rate=0.5,teacher_entropy=0.2",3,0,200,0.0,0,10000,10.0,25.0,200,500,1,8,1.0,0.821875,0.6471306436311839,0.0,0.574825644493103,0.014343545772135258,0,0,8,3,-1,perm_test,0.004975124378109453,0.1421965501244023,19,3,16,0.0,0.16666666666666666,0,0.0,0.0,0.0,0.0,0,none,0,1,0,overconfident,0.95,0,mild_drift,0.9559349121232059,0.001344091796642161,0.781103515718138,0.8521655273856608,1768145321.656072,0.19415469467639923,0.15511935949325562
46,2944,2943,sine_nodrift,sine,ts_drift_adapt,5,"error_divergence_ph_meta@error.threshold=0.10,error.min_instances=5",error_divergence_ph_meta,"{""divergence"": {""alpha"": 0.1, ""delta"": 0.005, ""min_instances"": 30, ""threshold"": 0.05}, ""error_rate"": {""alpha"": 0.15, ""delta"": 0.005, ""min_instances"": 5, ""threshold"": 0.1}}","{""error_rate"": {""min_instances"": 5, ""threshold"": 0.1}}",0.1,0.005,0.15,5,0.05,0.005,0.1,30,,,,-1,two_stage,2,0.5,"__confirm_cooldown=200,__confirm_rule=perm_test,__perm_alpha=0.005,__perm_delta_k=50,__perm_min_effect=0,__perm_n_perm=200,__perm_post_n=10,__perm_pre_n=500,__perm_rng_seed=0,__perm_stat=delta_fused_score,divergence=0.3,error_rate=0.5,teacher_entropy=0.2",3,0,200,0.0,0,10000,10.0,25.0,200,500,0,0,1.0,0.8250679347826086,0.653245925154765,0.0,0.5604815483093262,0.013885973021388054,0,0,8,3,-1,perm_test,0.004975124378109453,0.1421965501244023,19,3,16,0.0,0.0004575727507472038,0,0.0,0.0,0.0,0.0,0,none,0,1,0,overconfident,0.95,0,mild_drift,0.9581174560616029,0.0013220458983210807,0.7905517578590691,0.8535827636928304,1768145321.6651123,0.2001953125,0.14383643865585327
47,3008,3007,sine_nodrift,sine,ts_drift_adapt,5,"error_divergence_ph_meta@error.threshold=0.10,error.min_instances=5",error_divergence_ph_meta,"{""divergence"": {""alpha"": 0.1, ""delta"": 0.005, ""min_instances"": 30, ""threshold"": 0.05}, ""error_rate"": {""alpha"": 0.15, ""delta"": 0.005, ""min_instances"": 5, ""threshold"": 0.1}}","{""error_rate"": {""min_instances"": 5, ""threshold"": 0.1}}",0.1,0.005,0.15,5,0.05,0.005,0.1,30,,,,-1,two_stage,2,0.5,"__confirm_cooldown=200,__confirm_rule=perm_test,__perm_alpha=0.005,__perm_delta_k=50,__perm_min_effect=0,__perm_n_perm=200,__perm_post_n=10,__perm_pre_n=500,__perm_rng_seed=0,__perm_stat=delta_fused_score,divergence=0.3,error_rate=0.5,teacher_entropy=0.2",3,0,200,0.0,0,10000,10.0,25.0,200,500,0,0,1.0,0.828125,0.6590606946047292,0.0,0.5188287496566772,0.012548343278467655,0,1,9,3,-1,perm_test,1.0,-0.021815160937082773,20,3,17,0.3333333333333333,0.0013376297429203987,1,0.5,0.0,0.0,0.0,0,none,0,1,0,overconfident,0.95,0,mild_drift,0.9592087280308015,0.0013110229491605403,0.7952758789295346,0.8542913818464152,1768145321.6742141,0.20028959214687347,0.13160312175750732
48,3072,3071,sine_nodrift,sine,ts_drift_adapt,5,"error_divergence_ph_meta@error.threshold=0.10,error.min_instances=5",error_divergence_ph_meta,"{""divergence"": {""alpha"": 0.1, ""delta"": 0.005, ""min_instances"": 30, ""threshold"": 0.05}, ""error_rate"": {""alpha"": 0.15, ""delta"": 0.005, ""min_instances"": 5, ""threshold"": 0.1}}","{""error_rate"": {""min_instances"": 5, ""threshold"": 0.1}}",0.1,0.005,0.15,5,0.05,0.005,0.1,30,,,,-1,two_stage,2,0.5,"__confirm_cooldown=200,__confirm_rule=perm_test,__perm_alpha=0.005,__perm_delta_k=50,__perm_min_effect=0,__perm_n_perm=200,__perm_post_n=10,__perm_pre_n=500,__perm_rng_seed=0,__perm_stat=delta_fused_score,divergence=0.3,error_rate=0.5,teacher_entropy=0.2",3,0,200,0.0,0,10000,10.0,25.0,200,500,0,0,1.0,0.8297526041666666,0.662013643519917,0.16666666666666666,0.5411322712898254,0.016344230622053146,0,0,9,3,-1,perm_test,1.0,-0.004276162476937212,21,3,18,0.0,0.16666666666666666,0,0.0,0.0,0.0,0.0,0,none,0,1,0,overconfident,0.95,0,mild_drift,0.9597543640154007,0.0013055114745802701,0.7976379394647672,0.8546456909232076,1768145321.6835759,0.4230157434940338,0.1683686077594757
49,3136,3135,sine_nodrift,sine,ts_drift_adapt,5,"error_divergence_ph_meta@error.threshold=0.10,error.min_instances=5",error_divergence_ph_meta,"{""divergence"": {""alpha"": 0.1, ""delta"": 0.005, ""min_instances"": 30, ""threshold"": 0.05}, ""error_rate"": {""alpha"": 0.15, ""delta"": 0.005, ""min_instances"": 5, ""threshold"": 0.1}}","{""error_rate"": {""min_instances"": 5, ""threshold"": 0.1}}",0.1,0.005,0.15,5,0.05,0.005,0.1,30,,,,-1,two_stage,2,0.5,"__confirm_cooldown=200,__confirm_rule=perm_test,__perm_alpha=0.005,__perm_delta_k=50,__perm_min_effect=0,__perm_n_perm=200,__perm_post_n=10,__perm_pre_n=500,__perm_rng_seed=0,__perm_stat=delta_fused_score,divergence=0.3,error_rate=0.5,teacher_entropy=0.2",3,0,200,0.0,0,10000,10.0,25.0,200,500,0,0,1.0,0.8322704081632653,0.666773194564249,0.0,0.5269550085067749,0.01654943637549877,0,0,9,3,-1,perm_test,1.0,-0.0663312646778986,22,3,19,0.0,0.16666666666666666,0,0.0,0.0,0.0,0.0,0,none,0,1,0,overconfident,0.95,0,mild_drift,0.9600271820077003,0.0013027557372901353,0.7988189697323836,0.8548228454616038,1768145321.6927948,0.12775857746601105,0.13751652836799622
50,3200,3199,sine_nodrift,sine,ts_drift_adapt,5,"error_divergence_ph_meta@error.threshold=0.10,error.min_instances=5",error_divergence_ph_meta,"{""divergence"": {""alpha"": 0.1, ""delta"": 0.005, ""min_instances"": 30, ""threshold"": 0.05}, ""error_rate"": {""alpha"": 0.15, ""delta"": 0.005, ""min_instances"": 5, ""threshold"": 0.1}}","{""error_rate"": {""min_instances"": 5, ""threshold"": 0.1}}",0.1,0.005,0.15,5,0.05,0.005,0.1,30,,,,-1,two_stage,2,0.5,"__confirm_cooldown=200,__confirm_rule=perm_test,__perm_alpha=0.005,__perm_delta_k=50,__perm_min_effect=0,__perm_n_perm=200,__perm_post_n=10,__perm_pre_n=500,__perm_rng_seed=0,__perm_stat=delta_fused_score,divergence=0.3,error_rate=0.5,teacher_entropy=0.2",3,0,200,0.0,0,10000,10.0,25.0,200,500,0,0,1.0,0.8334375,0.6688373971427131,0.0,0.5574376583099365,0.017547352239489555,0,0,9,3,-1,perm_test,1.0,-0.017204524598176864,23,3,20,0.0,0.0009979158639907837,0,0.0,0.0,0.0,0.0,0,none,0,1,0,overconfident,0.95,0,mild_drift,0.9601635910038502,0.0013013778686450676,0.7994094848661919,0.8549114227308019,1768145321.7022433,0.10781412571668625,0.1711854636669159
51,3264,3263,sine_nodrift,sine,ts_drift_adapt,5,"error_divergence_ph_meta@error.threshold=0.10,error.min_instances=5",error_divergence_ph_meta,"{""divergence"": {""alpha"": 0.1, ""delta"": 0.005, ""min_instances"": 30, ""threshold"": 0.05}, ""error_rate"": {""alpha"": 0.15, ""delta"": 0.005, ""min_instances"": 5, ""threshold"": 0.1}}","{""error_rate"": {""min_instances"": 5, ""threshold"": 0.1}}",0.1,0.005,0.15,5,0.05,0.005,0.1,30,,,,-1,two_stage,2,0.5,"__confirm_cooldown=200,__confirm_rule=perm_test,__perm_alpha=0.005,__perm_delta_k=50,__perm_min_effect=0,__perm_n_perm=200,__perm_post_n=10,__perm_pre_n=500,__perm_rng_seed=0,__perm_stat=delta_fused_score,divergence=0.3,error_rate=0.5,teacher_entropy=0.2",3,0,200,0.0,0,10000,10.0,25.0,200,500,0,0,1.0,0.8360906862745098,0.6739118256261861,0.0,0.5034525990486145,0.012619049288332462,0,0,9,3,-1,perm_test,1.0,-0.017204524598176864,23,3,20,0.0,0.004928302951157093,0,0.0,0.0,0.0,0.0,0,none,0,1,0,overconfident,0.95,0,mild_drift,0.9602317955019251,0.0013006889343225338,0.799704742433096,0.8549557113654009,1768145321.7116373,0.11148981004953384,0.1607789546251297
52,3328,3327,sine_nodrift,sine,ts_drift_adapt,5,"error_divergence_ph_meta@error.threshold=0.10,error.min_instances=5",error_divergence_ph_meta,"{""divergence"": {""alpha"": 0.1, ""delta"": 0.005, ""min_instances"": 30, ""threshold"": 0.05}, ""error_rate"": {""alpha"": 0.15, ""delta"": 0.005, ""min_instances"": 5, ""threshold"": 0.1}}","{""error_rate"": {""min_instances"": 5, ""threshold"": 0.1}}",0.1,0.005,0.15,5,0.05,0.005,0.1,30,,,,-1,two_stage,2,0.5,"__confirm_cooldown=200,__confirm_rule=perm_test,__perm_alpha=0.005,__perm_delta_k=50,__perm_min_effect=0,__perm_n_perm=200,__perm_post_n=10,__perm_pre_n=500,__perm_rng_seed=0,__perm_stat=delta_fused_score,divergence=0.3,error_rate=0.5,teacher_entropy=0.2",3,0,200,0.0,0,10000,10.0,25.0,200,500,0,0,1.0,0.8383413461538461,0.6781860580315626,0.0,0.5386305451393127,0.014501041732728481,0,0,9,3,-1,perm_test,1.0,-0.017204524598176864,23,3,20,0.0,0.001881992444396019,0,0.0,0.0,0.0,0.0,0,none,0,1,0,overconfident,0.95,0,mild_drift,0.9602658977509625,0.0013003444671612669,0.799852371216548,0.8549778556827005,1768145321.7210355,0.07315278053283691,0.12891893088817596
53,3392,3391,sine_nodrift,sine,ts_drift_adapt,5,"error_divergence_ph_meta@error.threshold=0.10,error.min_instances=5",error_divergence_ph_meta,"{""divergence"": {""alpha"": 0.1, ""delta"": 0.005, ""min_instances"": 30, ""threshold"": 0.05}, ""error_rate"": {""alpha"": 0.15, ""delta"": 0.005, ""min_instances"": 5, ""threshold"": 0.1}}","{""error_rate"": {""min_instances"": 5, ""threshold"": 0.1}}",0.1,0.005,0.15,5,0.05,0.005,0.1,30,,,,-1,two_stage,2,0.5,"__confirm_cooldown=200,__confirm_rule=perm_test,__perm_alpha=0.005,__perm_delta_k=50,__perm_min_effect=0,__perm_n_perm=200,__perm_post_n=10,__perm_pre_n=500,__perm_rng_seed=0,__perm_stat=delta_fused_score,divergence=0.3,error_rate=0.5,teacher_entropy=0.2",3,0,200,0.0,0,10000,10.0,25.0,200,500,0,0,1.0,0.8405070754716981,0.6823765540437158,0.16666666666666666,0.5046939253807068,0.0118363993242383,1,1,10,4,0,perm_test,0.004975124378109453,0.07430658927827223,24,4,20,0.16666666666666666,0.16666666666666666,1,0.5,0.0,0.0,0.0,0,none,1,1,0,overconfident,0.95,0,severe_drift,0.9256329488754813,0.0016501722335806334,0.649926185608274,0.8324889278413503,1768145321.7373087,0.38224077224731445,0.13081544637680054
54,3456,3455,sine_nodrift,sine,ts_drift_adapt,5,"error_divergence_ph_meta@error.threshold=0.10,error.min_instances=5",error_divergence_ph_meta,"{""divergence"": {""alpha"": 0.1, ""delta"": 0.005, ""min_instances"": 30, ""threshold"": 0.05}, ""error_rate"": {""alpha"": 0.15, ""delta"": 0.005, ""min_instances"": 5, ""threshold"": 0.1}}","{""error_rate"": {""min_instances"": 5, ""threshold"": 0.1}}",0.1,0.005,0.15,5,0.05,0.005,0.1,30,,,,-1,two_stage,2,0.5,"__confirm_cooldown=200,__confirm_rule=perm_test,__perm_alpha=0.005,__perm_delta_k=50,__perm_min_effect=0,__perm_n_perm=200,__perm_post_n=10,__perm_pre_n=500,__perm_rng_seed=0,__perm_stat=delta_fused_score,divergence=0.3,error_rate=0.5,teacher_entropy=0.2",3,0,200,0.0,0,10000,10.0,25.0,200,500,1,136,1.0,0.8420138888888888,0.6852777146768525,0.0,0.4857243299484253,0.009023628197610378,0,0,10,4,-1,perm_test,0.004975124378109453,0.07430658927827223,24,4,20,0.0,0.16666666666666666,0,0.0,0.0,0.0,0.0,0,none,0,1,0,overconfident,0.95,0,mild_drift,0.9429664744377406,0.0014750861167903168,0.7249630928041371,0.8437444639206751,1768145321.7466102,0.16228236258029938,0.11708903312683105
55,3520,3519,sine_nodrift,sine,ts_drift_adapt,5,"error_divergence_ph_meta@error.threshold=0.10,error.min_instances=5",error_divergence_ph_meta,"{""divergence"": {""alpha"": 0.1, ""delta"": 0.005, ""min_instances"": 30, ""threshold"": 0.05}, ""error_rate"": {""alpha"": 0.15, ""delta"": 0.005, ""min_instances"": 5, ""threshold"": 0.1}}","{""error_rate"": {""min_instances"": 5, ""threshold"": 0.1}}",0.1,0.005,0.15,5,0.05,0.005,0.1,30,,,,-1,two_stage,2,0.5,"__confirm_cooldown=200,__confirm_rule=perm_test,__perm_alpha=0.005,__perm_delta_k=50,__perm_min_effect=0,__perm_n_perm=200,__perm_post_n=10,__perm_pre_n=500,__perm_rng_seed=0,__perm_stat=delta_fused_score,divergence=0.3,error_rate=0.5,teacher_entropy=0.2",3,0,200,0.0,0,10000,10.0,25.0,200,500,1,72,1.0,0.8440340909090909,0.6892919158788345,0.0,0.5051094889640808,0.01329261064529419,0,0,10,4,-1,perm_test,0.004975124378109453,0.07430658927827223,24,4,20,0.0,0.004268982447683811,0,0.0,0.0,0.0,0.0,0,none,0,1,0,overconfident,0.95,0,mild_drift,0.9516332372188703,0.0013875430583951585,0.7624815464020686,0.8493722319603376,1768145321.7559543,0.09307713061571121,0.1271059513092041
56,3584,3583,sine_nodrift,sine,ts_drift_adapt,5,"error_divergence_ph_meta@error.threshold=0.10,error.min_instances=5",error_divergence_ph_meta,"{""divergence"": {""alpha"": 0.1, ""delta"": 0.005, ""min_instances"": 30, ""threshold"": 0.05}, ""error_rate"": {""alpha"": 0.15, ""delta"": 0.005, ""min_instances"": 5, ""threshold"": 0.1}}","{""error_rate"": {""min_instances"": 5, ""threshold"": 0.1}}",0.1,0.005,0.15,5,0.05,0.005,0.1,30,,,,-1,two_stage,2,0.5,"__confirm_cooldown=200,__confirm_rule=perm_test,__perm_alpha=0.005,__perm_delta_k=50,__perm_min_effect=0,__perm_n_perm=200,__perm_post_n=10,__perm_pre_n=500,__perm_rng_seed=0,__perm_stat=delta_fused_score,divergence=0.3,error_rate=0.5,teacher_entropy=0.2",3,0,200,0.0,0,10000,10.0,25.0,200,500,1,8,1.0,0.8462611607142857,0.693584335124755,0.0,0.47568848729133606,0.010963641107082367,0,0,10,4,-1,perm_test,0.004975124378109453,0.07430658927827223,24,4,20,0.0,0.0023289695382118225,0,0.0,0.0,0.0,0.0,0,none,0,1,0,overconfident,0.95,0,mild_drift,0.9559666186094351,0.0013437715291975793,0.7812407732010342,0.8521861159801688,1768145321.7651596,0.14080537855625153,0.13203860819339752
57,3648,3647,sine_nodrift,sine,ts_drift_adapt,5,"error_divergence_ph_meta@error.threshold=0.10,error.min_instances=5",error_divergence_ph_meta,"{""divergence"": {""alpha"": 0.1, ""delta"": 0.005, ""min_instances"": 30, ""threshold"": 0.05}, ""error_rate"": {""alpha"": 0.15, ""delta"": 0.005, ""min_instances"": 5, ""threshold"": 0.1}}","{""error_rate"": {""min_instances"": 5, ""threshold"": 0.1}}",0.1,0.005,0.15,5,0.05,0.005,0.1,30,,,,-1,two_stage,2,0.5,"__confirm_cooldown=200,__confirm_rule=perm_test,__perm_alpha=0.005,__perm_delta_k=50,__perm_min_effect=0,__perm_n_perm=200,__perm_post_n=10,__perm_pre_n=500,__perm_rng_seed=0,__perm_stat=delta_fused_score,divergence=0.3,error_rate=0.5,teacher_entropy=0.2",3,0,200,0.0,0,10000,10.0,25.0,200,500,0,0,1.0,0.8481359649122807,0.6972604130996134,0.0,0.46017131209373474,0.010287043638527393,0,0,10,4,-1,perm_test,0.004975124378109453,0.07430658927827223,24,4,20,0.0,0.0006765974685549736,0,0.0,0.0,0.0,0.0,0,none,0,1,0,overconfident,0.95,0,mild_drift,0.9581333093047175,0.0013218857645987897,0.7906203866005171,0.8535930579900843,1768145321.774569,0.08680322766304016,0.1185108870267868
58,3712,3711,sine_nodrift,sine,ts_drift_adapt,5,"error_divergence_ph_meta@error.threshold=0.10,error.min_instances=5",error_divergence_ph_meta,"{""divergence"": {""alpha"": 0.1, ""delta"": 0.005, ""min_instances"": 30, ""threshold"": 0.05}, ""error_rate"": {""alpha"": 0.15, ""delta"": 0.005, ""min_instances"": 5, ""threshold"": 0.1}}","{""error_rate"": {""min_instances"": 5, ""threshold"": 0.1}}",0.1,0.005,0.15,5,0.05,0.005,0.1,30,,,,-1,two_stage,2,0.5,"__confirm_cooldown=200,__confirm_rule=perm_test,__perm_alpha=0.005,__perm_delta_k=50,__perm_min_effect=0,__perm_n_perm=200,__perm_post_n=10,__perm_pre_n=500,__perm_rng_seed=0,__perm_stat=delta_fused_score,divergence=0.3,error_rate=0.5,teacher_entropy=0.2",3,0,200,0.0,0,10000,10.0,25.0,200,500,0,0,1.0,0.849676724137931,0.7002985589473779,0.3333333333333333,0.44261252880096436,0.013858328573405743,1,1,11,5,0,perm_test,0.004975124378109453,0.12107894763308984,25,5,20,0.16666666666666666,0.3333333333333333,1,0.5,0.0,0.0,0.0,0,none,1,1,0,overconfident,0.95,0,severe_drift,0.9245666546523588,0.0016609428822993949,0.6453101933002585,0.8317965289950422,1768145321.7908401,0.43846002221107483,0.11833783984184265
59,3776,3775,sine_nodrift,sine,ts_drift_adapt,5,"error_divergence_ph_meta@error.threshold=0.10,error.min_instances=5",error_divergence_ph_meta,"{""divergence"": {""alpha"": 0.1, ""delta"": 0.005, ""min_instances"": 30, ""threshold"": 0.05}, ""error_rate"": {""alpha"": 0.15, ""delta"": 0.005, ""min_instances"": 5, ""threshold"": 0.1}}","{""error_rate"": {""min_instances"": 5, ""threshold"": 0.1}}",0.1,0.005,0.15,5,0.05,0.005,0.1,30,,,,-1,two_stage,2,0.5,"__confirm_cooldown=200,__confirm_rule=perm_test,__perm_alpha=0.005,__perm_delta_k=50,__perm_min_effect=0,__perm_n_perm=200,__perm_post_n=10,__perm_pre_n=500,__perm_rng_seed=0,__perm_stat=delta_fused_score,divergence=0.3,error_rate=0.5,teacher_entropy=0.2",3,0,200,0.0,0,10000,10.0,25.0,200,500,1,136,1.0,0.8516949152542372,0.7042825716966803,0.0,0.46305134892463684,0.011321309953927994,0,0,11,5,-1,perm_test,0.004975124378109453,0.12107894763308984,25,5,20,0.0,0.3333333333333333,0,0.0,0.0,0.0,0.0,0,none,0,1,0,overconfident,0.95,0,mild_drift,0.9424333273261793,0.0014804714411496976,0.7226550966501293,0.8433982644975211,1768145321.8001075,0.10083470493555069,0.12124849110841751
60,3840,3839,sine_nodrift,sine,ts_drift_adapt,5,"error_divergence_ph_meta@error.threshold=0.10,error.min_instances=5",error_divergence_ph_meta,"{""divergence"": {""alpha"": 0.1, ""delta"": 0.005, ""min_instances"": 30, ""threshold"": 0.05}, ""error_rate"": {""alpha"": 0.15, ""delta"": 0.005, ""min_instances"": 5, ""threshold"": 0.1}}","{""error_rate"": {""min_instances"": 5, ""threshold"": 0.1}}",0.1,0.005,0.15,5,0.05,0.005,0.1,30,,,,-1,two_stage,2,0.5,"__confirm_cooldown=200,__confirm_rule=perm_test,__perm_alpha=0.005,__perm_delta_k=50,__perm_min_effect=0,__perm_n_perm=200,__perm_post_n=10,__perm_pre_n=500,__perm_rng_seed=0,__perm_stat=delta_fused_score,divergence=0.3,error_rate=0.5,teacher_entropy=0.2",3,0,200,0.0,0,10000,10.0,25.0,200,500,1,72,1.0,0.85234375,0.705648549819437,0.16666666666666666,0.4361371397972107,0.013449323363602161,0,0,11,5,-1,perm_test,0.004975124378109453,0.12107894763308984,25,5,20,0.0,0.16666666666666666,0,0.0,0.0,0.0,0.0,0,none,0,1,0,overconfident,0.95,0,mild_drift,0.9513666636630896,0.001390235720574849,0.7613275483250647,0.8491991322487605,1768145321.8106003,0.2901283800601959,0.11527732014656067
61,3904,3903,sine_nodrift,sine,ts_drift_adapt,5,"error_divergence_ph_meta@error.threshold=0.10,error.min_instances=5",error_divergence_ph_meta,"{""divergence"": {""alpha"": 0.1, ""delta"": 0.005, ""min_instances"": 30, ""threshold"": 0.05}, ""error_rate"": {""alpha"": 0.15, ""delta"": 0.005, ""min_instances"": 5, ""threshold"": 0.1}}","{""error_rate"": {""min_instances"": 5, ""threshold"": 0.1}}",0.1,0.005,0.15,5,0.05,0.005,0.1,30,,,,-1,two_stage,2,0.5,"__confirm_cooldown=200,__confirm_rule=perm_test,__perm_alpha=0.005,__perm_delta_k=50,__perm_min_effect=0,__perm_n_perm=200,__perm_post_n=10,__perm_pre_n=500,__perm_rng_seed=0,__perm_stat=delta_fused_score,divergence=0.3,error_rate=0.5,teacher_entropy=0.2",3,0,200,0.0,0,10000,10.0,25.0,200,500,1,8,1.0,0.8537397540983607,0.7084096149650304,0.0,0.4334668517112732,0.014365957118570805,0,0,11,5,-1,perm_test,0.004975124378109453,0.12107894763308984,25,5,20,0.0,0.16666666666666666,0,0.0,0.0,0.0,0.0,0,none,0,1,0,overconfident,0.95,0,mild_drift,0.9558333318315448,0.0013451178602874245,0.7806637741625324,0.8520995661243802,1768145321.8408391,0.14874762296676636,0.1297052651643753
62,3968,3967,sine_nodrift,sine,ts_drift_adapt,5,"error_divergence_ph_meta@error.threshold=0.10,error.min_instances=5",error_divergence_ph_meta,"{""divergence"": {""alpha"": 0.1, ""delta"": 0.005, ""min_instances"": 30, ""threshold"": 0.05}, ""error_rate"": {""alpha"": 0.15, ""delta"": 0.005, ""min_instances"": 5, ""threshold"": 0.1}}","{""error_rate"": {""min_instances"": 5, ""threshold"": 0.1}}",0.1,0.005,0.15,5,0.05,0.005,0.1,30,,,,-1,two_stage,2,0.5,"__confirm_cooldown=200,__confirm_rule=perm_test,__perm_alpha=0.005,__perm_delta_k=50,__perm_min_effect=0,__perm_n_perm=200,__perm_post_n=10,__perm_pre_n=500,__perm_rng_seed=0,__perm_stat=delta_fused_score,divergence=0.3,error_rate=0.5,teacher_entropy=0.2",3,0,200,0.0,0,10000,10.0,25.0,200,500,0,0,1.0,0.8553427419354839,0.7115010852757169,0.0,0.4057729244232178,0.006763983517885208,0,0,11,5,-1,perm_test,0.004975124378109453,0.12107894763308984,25,5,20,0.0,0.0076019736006855965,0,0.0,0.0,0.0,0.0,0,none,0,1,0,overconfident,0.95,0,mild_drift,0.9580666659157724,0.0013225589301437122,0.7903318870812662,0.8535497830621901,1768145321.8614397,0.22659434378147125,0.08144873380661011
63,4032,4031,sine_nodrift,sine,ts_drift_adapt,5,"error_divergence_ph_meta@error.threshold=0.10,error.min_instances=5",error_divergence_ph_meta,"{""divergence"": {""alpha"": 0.1, ""delta"": 0.005, ""min_instances"": 30, ""threshold"": 0.05}, ""error_rate"": {""alpha"": 0.15, ""delta"": 0.005, ""min_instances"": 5, ""threshold"": 0.1}}","{""error_rate"": {""min_instances"": 5, ""threshold"": 0.1}}",0.1,0.005,0.15,5,0.05,0.005,0.1,30,,,,-1,two_stage,2,0.5,"__confirm_cooldown=200,__confirm_rule=perm_test,__perm_alpha=0.005,__perm_delta_k=50,__perm_min_effect=0,__perm_n_perm=200,__perm_post_n=10,__perm_pre_n=500,__perm_rng_seed=0,__perm_stat=delta_fused_score,divergence=0.3,error_rate=0.5,teacher_entropy=0.2",3,0,200,0.0,0,10000,10.0,25.0,200,500,0,0,1.0,0.8571428571428571,0.7150473397218583,0.0,0.391073614358902,0.010365407913923264,0,1,12,5,-1,perm_test,1.0,-0.017400908893793733,26,5,21,0.3333333333333333,0.0036014243960380554,1,0.5,0.0,0.0,0.0,0,none,0,1,0,overconfident,0.95,0,mild_drift,0.9591833329578862,0.0013112794650718563,0.7951659435406331,0.854274891531095,1768145321.8709428,0.04860842227935791,0.09375118464231491
64,4096,4095,sine_nodrift,sine,ts_drift_adapt,5,"error_divergence_ph_meta@error.threshold=0.10,error.min_instances=5",error_divergence_ph_meta,"{""divergence"": {""alpha"": 0.1, ""delta"": 0.005, ""min_instances"": 30, ""threshold"": 0.05}, ""error_rate"": {""alpha"": 0.15, ""delta"": 0.005, ""min_instances"": 5, ""threshold"": 0.1}}","{""error_rate"": {""min_instances"": 5, ""threshold"": 0.1}}",0.1,0.005,0.15,5,0.05,0.005,0.1,30,,,,-1,two_stage,2,0.5,"__confirm_cooldown=200,__confirm_rule=perm_test,__perm_alpha=0.005,__perm_delta_k=50,__perm_min_effect=0,__perm_n_perm=200,__perm_post_n=10,__perm_pre_n=500,__perm_rng_seed=0,__perm_stat=delta_fused_score,divergence=0.3,error_rate=0.5,teacher_entropy=0.2",3,0,200,0.0,0,10000,10.0,25.0,200,500,0,0,1.0,0.8583984375,0.7174661770022643,0.0,0.4123477041721344,0.010992513969540596,0,0,12,5,-1,perm_test,1.0,-0.001940259473196114,27,5,22,0.0,0.0006271060556173325,0,0.0,0.0,0.0,0.0,0,none,0,1,0,overconfident,0.95,0,mild_drift,0.9597416664789431,0.0013056397325359281,0.7975829717703166,0.8546374457655475,1768145321.8802903,0.12786294519901276,0.09857332706451416
65,4160,4159,sine_nodrift,sine,ts_drift_adapt,5,"error_divergence_ph_meta@error.threshold=0.10,error.min_instances=5",error_divergence_ph_meta,"{""divergence"": {""alpha"": 0.1, ""delta"": 0.005, ""min_instances"": 30, ""threshold"": 0.05}, ""error_rate"": {""alpha"": 0.15, ""delta"": 0.005, ""min_instances"": 5, ""threshold"": 0.1}}","{""error_rate"": {""min_instances"": 5, ""threshold"": 0.1}}",0.1,0.005,0.15,5,0.05,0.005,0.1,30,,,,-1,two_stage,2,0.5,"__confirm_cooldown=200,__confirm_rule=perm_test,__perm_alpha=0.005,__perm_delta_k=50,__perm_min_effect=0,__perm_n_perm=200,__perm_post_n=10,__perm_pre_n=500,__perm_rng_seed=0,__perm_stat=delta_fused_score,divergence=0.3,error_rate=0.5,teacher_entropy=0.2",3,0,200,0.0,0,10000,10.0,25.0,200,500,0,0,1.0,0.859375,0.7193579367180746,0.0,0.43630528450012207,0.013739168643951416,0,0,12,5,-1,perm_test,1.0,-0.020836069053910545,28,5,23,0.0,0.00274665467441082,0,0.0,0.0,0.0,0.0,0,none,0,1,0,overconfident,0.95,0,mild_drift,0.9600208332394715,0.0013028198662679642,0.7987914858851584,0.8548187228827737,1768145321.8896878,0.13097093999385834,0.11219659447669983
66,4224,4223,sine_nodrift,sine,ts_drift_adapt,5,"error_divergence_ph_meta@error.threshold=0.10,error.min_instances=5",error_divergence_ph_meta,"{""divergence"": {""alpha"": 0.1, ""delta"": 0.005, ""min_instances"": 30, ""threshold"": 0.05}, ""error_rate"": {""alpha"": 0.15, ""delta"": 0.005, ""min_instances"": 5, ""threshold"": 0.1}}","{""error_rate"": {""min_instances"": 5, ""threshold"": 0.1}}",0.1,0.005,0.15,5,0.05,0.005,0.1,30,,,,-1,two_stage,2,0.5,"__confirm_cooldown=200,__confirm_rule=perm_test,__perm_alpha=0.005,__perm_delta_k=50,__perm_min_effect=0,__perm_n_perm=200,__perm_post_n=10,__perm_pre_n=500,__perm_rng_seed=0,__perm_stat=delta_fused_score,divergence=0.3,error_rate=0.5,teacher_entropy=0.2",3,0,200,0.0,0,10000,10.0,25.0,200,500,0,0,1.0,0.8607954545454546,0.7221349224941752,0.0,0.39822515845298767,0.013589813373982906,0,0,12,5,-1,perm_test,1.0,-0.021966357563048166,29,5,24,0.0,0.00014935526996850967,0,0.0,0.0,0.0,0.0,0,none,0,1,0,overconfident,0.95,0,mild_drift,0.9601604166197357,0.0013014099331339823,0.7993957429425792,0.8549093614413869,1768145321.8990939,0.2733035981655121,0.1341978758573532
67,4288,4287,sine_nodrift,sine,ts_drift_adapt,5,"error_divergence_ph_meta@error.threshold=0.10,error.min_instances=5",error_divergence_ph_meta,"{""divergence"": {""alpha"": 0.1, ""delta"": 0.005, ""min_instances"": 30, ""threshold"": 0.05}, ""error_rate"": {""alpha"": 0.15, ""delta"": 0.005, ""min_instances"": 5, ""threshold"": 0.1}}","{""error_rate"": {""min_instances"": 5, ""threshold"": 0.1}}",0.1,0.005,0.15,5,0.05,0.005,0.1,30,,,,-1,two_stage,2,0.5,"__confirm_cooldown=200,__confirm_rule=perm_test,__perm_alpha=0.005,__perm_delta_k=50,__perm_min_effect=0,__perm_n_perm=200,__perm_post_n=10,__perm_pre_n=500,__perm_rng_seed=0,__perm_stat=delta_fused_score,divergence=0.3,error_rate=0.5,teacher_entropy=0.2",3,0,200,0.0,0,10000,10.0,25.0,200,500,0,0,1.0,0.8621735074626866,0.7247777442315589,0.16666666666666666,0.4114134609699249,0.014827392995357513,0,0,12,5,-1,perm_test,1.0,-0.021966357563048166,29,5,24,0.0,0.16666666666666666,0,0.0,0.0,0.0,0.0,0,none,0,1,0,overconfident,0.95,0,mild_drift,0.9602302083098678,0.0013007049665669911,0.7996978714712897,0.8549546807206934,1768145321.90859,0.16260650753974915,0.11656010895967484
68,4352,4351,sine_nodrift,sine,ts_drift_adapt,5,"error_divergence_ph_meta@error.threshold=0.10,error.min_instances=5",error_divergence_ph_meta,"{""divergence"": {""alpha"": 0.1, ""delta"": 0.005, ""min_instances"": 30, ""threshold"": 0.05}, ""error_rate"": {""alpha"": 0.15, ""delta"": 0.005, ""min_instances"": 5, ""threshold"": 0.1}}","{""error_rate"": {""min_instances"": 5, ""threshold"": 0.1}}",0.1,0.005,0.15,5,0.05,0.005,0.1,30,,,,-1,two_stage,2,0.5,"__confirm_cooldown=200,__confirm_rule=perm_test,__perm_alpha=0.005,__perm_delta_k=50,__perm_min_effect=0,__perm_n_perm=200,__perm_post_n=10,__perm_pre_n=500,__perm_rng_seed=0,__perm_stat=delta_fused_score,divergence=0.3,error_rate=0.5,teacher_entropy=0.2",3,0,200,0.0,0,10000,10.0,25.0,200,500,0,0,1.0,0.86328125,0.726882628636569,0.0,0.39833760261535645,0.010850979015231133,0,1,13,5,-1,perm_test,1.0,-0.08410862675702126,30,5,25,0.0,0.16666666666666666,1,0.5,0.0,0.0,0.0,0,none,0,1,0,overconfident,0.95,0,mild_drift,0.9602651041549339,0.0013003524832834955,0.7998489357356449,0.8549773403603467,1768145321.9183416,0.1248897910118103,0.08909095823764801
69,4416,4415,sine_nodrift,sine,ts_drift_adapt,5,"error_divergence_ph_meta@error.threshold=0.10,error.min_instances=5",error_divergence_ph_meta,"{""divergence"": {""alpha"": 0.1, ""delta"": 0.005, ""min_instances"": 30, ""threshold"": 0.05}, ""error_rate"": {""alpha"": 0.15, ""delta"": 0.005, ""min_instances"": 5, ""threshold"": 0.1}}","{""error_rate"": {""min_instances"": 5, ""threshold"": 0.1}}",0.1,0.005,0.15,5,0.05,0.005,0.1,30,,,,-1,two_stage,2,0.5,"__confirm_cooldown=200,__confirm_rule=perm_test,__perm_alpha=0.005,__perm_delta_k=50,__perm_min_effect=0,__perm_n_perm=200,__perm_post_n=10,__perm_pre_n=500,__perm_rng_seed=0,__perm_stat=delta_fused_score,divergence=0.3,error_rate=0.5,teacher_entropy=0.2",3,0,200,0.0,0,10000,10.0,25.0,200,500,0,0,1.0,0.8645833333333334,0.7294153135902213,0.16666666666666666,0.36723047494888306,0.011209217831492424,0,0,13,5,-1,perm_test,1.0,-0.006320248888807577,31,5,26,0.0,0.16666666666666666,0,0.0,0.0,0.0,0.0,0,none,0,1,0,overconfident,0.95,0,mild_drift,0.9602825520774669,0.001300176241641748,0.7999244678678225,0.8549886701801733,1768145321.9280717,0.2065826803445816,0.09521529078483582
70,4480,4479,sine_nodrift,sine,ts_drift_adapt,5,"error_divergence_ph_meta@error.threshold=0.10,error.min_instances=5",error_divergence_ph_meta,"{""divergence"": {""alpha"": 0.1, ""delta"": 0.005, ""min_instances"": 30, ""threshold"": 0.05}, ""error_rate"": {""alpha"": 0.15, ""delta"": 0.005, ""min_instances"": 5, ""threshold"": 0.1}}","{""error_rate"": {""min_instances"": 5, ""threshold"": 0.1}}",0.1,0.005,0.15,5,0.05,0.005,0.1,30,,,,-1,two_stage,2,0.5,"__confirm_cooldown=200,__confirm_rule=perm_test,__perm_alpha=0.005,__perm_delta_k=50,__perm_min_effect=0,__perm_n_perm=200,__perm_post_n=10,__perm_pre_n=500,__perm_rng_seed=0,__perm_stat=delta_fused_score,divergence=0.3,error_rate=0.5,teacher_entropy=0.2",3,0,200,0.0,0,10000,10.0,25.0,200,500,0,0,1.0,0.8665178571428571,0.7332069263586426,0.0,0.39190801978111267,0.011858723126351833,0,0,13,5,-1,perm_test,1.0,-0.05426348531610035,32,5,27,0.0,0.16666666666666666,0,0.0,0.0,0.0,0.0,0,none,0,1,0,overconfident,0.95,0,mild_drift,0.9602912760387334,0.0013000881208208742,0.7999622339339112,0.8549943350900866,1768145321.9376907,0.1562058925628662,0.11440587043762207
71,4544,4543,sine_nodrift,sine,ts_drift_adapt,5,"error_divergence_ph_meta@error.threshold=0.10,error.min_instances=5",error_divergence_ph_meta,"{""divergence"": {""alpha"": 0.1, ""delta"": 0.005, ""min_instances"": 30, ""threshold"": 0.05}, ""error_rate"": {""alpha"": 0.15, ""delta"": 0.005, ""min_instances"": 5, ""threshold"": 0.1}}","{""error_rate"": {""min_instances"": 5, ""threshold"": 0.1}}",0.1,0.005,0.15,5,0.05,0.005,0.1,30,,,,-1,two_stage,2,0.5,"__confirm_cooldown=200,__confirm_rule=perm_test,__perm_alpha=0.005,__perm_delta_k=50,__perm_min_effect=0,__perm_n_perm=200,__perm_post_n=10,__perm_pre_n=500,__perm_rng_seed=0,__perm_stat=delta_fused_score,divergence=0.3,error_rate=0.5,teacher_entropy=0.2",3,0,200,0.0,0,10000,10.0,25.0,200,500,0,0,1.0,0.8679577464788732,0.736177629558324,0.0,0.39865100383758545,0.010257506743073463,0,0,13,5,-1,perm_test,1.0,-0.005925309109634024,33,5,28,0.0,0.00160121638327837,0,0.0,0.0,0.0,0.0,0,none,0,1,0,overconfident,0.95,0,mild_drift,0.9602956380193667,0.0013000440604104373,0.7999811169669556,0.8549971675450433,1768145321.9474218,0.10575567930936813,0.10293708741664886
72,4608,4607,sine_nodrift,sine,ts_drift_adapt,5,"error_divergence_ph_meta@error.threshold=0.10,error.min_instances=5",error_divergence_ph_meta,"{""divergence"": {""alpha"": 0.1, ""delta"": 0.005, ""min_instances"": 30, ""threshold"": 0.05}, ""error_rate"": {""alpha"": 0.15, ""delta"": 0.005, ""min_instances"": 5, ""threshold"": 0.1}}","{""error_rate"": {""min_instances"": 5, ""threshold"": 0.1}}",0.1,0.005,0.15,5,0.05,0.005,0.1,30,,,,-1,two_stage,2,0.5,"__confirm_cooldown=200,__confirm_rule=perm_test,__perm_alpha=0.005,__perm_delta_k=50,__perm_min_effect=0,__perm_n_perm=200,__perm_post_n=10,__perm_pre_n=500,__perm_rng_seed=0,__perm_stat=delta_fused_score,divergence=0.3,error_rate=0.5,teacher_entropy=0.2",3,0,200,0.0,0,10000,10.0,25.0,200,500,0,0,1.0,0.8693576388888888,0.7389697475774857,0.0,0.4154951274394989,0.019573021680116653,0,0,13,5,-1,perm_test,1.0,-0.005925309109634024,33,5,28,0.0,0.00931551493704319,0,0.0,0.0,0.0,0.0,0,none,0,1,0,overconfident,0.95,0,mild_drift,0.9602978190096834,0.0013000220302052186,0.7999905584834779,0.8549985837725216,1768145321.9571838,0.06890267878770828,0.1489441692829132
73,4672,4671,sine_nodrift,sine,ts_drift_adapt,5,"error_divergence_ph_meta@error.threshold=0.10,error.min_instances=5",error_divergence_ph_meta,"{""divergence"": {""alpha"": 0.1, ""delta"": 0.005, ""min_instances"": 30, ""threshold"": 0.05}, ""error_rate"": {""alpha"": 0.15, ""delta"": 0.005, ""min_instances"": 5, ""threshold"": 0.1}}","{""error_rate"": {""min_instances"": 5, ""threshold"": 0.1}}",0.1,0.005,0.15,5,0.05,0.005,0.1,30,,,,-1,two_stage,2,0.5,"__confirm_cooldown=200,__confirm_rule=perm_test,__perm_alpha=0.005,__perm_delta_k=50,__perm_min_effect=0,__perm_n_perm=200,__perm_post_n=10,__perm_pre_n=500,__perm_rng_seed=0,__perm_stat=delta_fused_score,divergence=0.3,error_rate=0.5,teacher_entropy=0.2",3,0,200,0.0,0,10000,10.0,25.0,200,500,0,0,1.0,0.8709332191780822,0.7420829094552462,0.16666666666666666,0.2978399991989136,0.008203879930078983,1,1,14,6,0,perm_test,0.004975124378109453,0.07208437600837594,34,6,28,0.16666666666666666,0.16666666666666666,1,0.5,0.0,0.0,0.0,0,none,1,1,0,overconfident,0.95,0,severe_drift,0.9256489095048417,0.0016500110151026093,0.6499952792417389,0.8324992918862608,1768145321.9740179,0.31359049677848816,0.0822596549987793
74,4736,4735,sine_nodrift,sine,ts_drift_adapt,5,"error_divergence_ph_meta@error.threshold=0.10,error.min_instances=5",error_divergence_ph_meta,"{""divergence"": {""alpha"": 0.1, ""delta"": 0.005, ""min_instances"": 30, ""threshold"": 0.05}, ""error_rate"": {""alpha"": 0.15, ""delta"": 0.005, ""min_instances"": 5, ""threshold"": 0.1}}","{""error_rate"": {""min_instances"": 5, ""threshold"": 0.1}}",0.1,0.005,0.15,5,0.05,0.005,0.1,30,,,,-1,two_stage,2,0.5,"__confirm_cooldown=200,__confirm_rule=perm_test,__perm_alpha=0.005,__perm_delta_k=50,__perm_min_effect=0,__perm_n_perm=200,__perm_post_n=10,__perm_pre_n=500,__perm_rng_seed=0,__perm_stat=delta_fused_score,divergence=0.3,error_rate=0.5,teacher_entropy=0.2",3,0,200,0.0,0,10000,10.0,25.0,200,500,1,136,1.0,0.871410472972973,0.7430461244493829,0.16666666666666666,0.3783354163169861,0.027712572365999222,0,0,14,6,-1,perm_test,0.004975124378109453,0.07208437600837594,34,6,28,0.0,0.01950869243592024,0,0.0,0.0,0.0,0.0,0,none,0,1,0,overconfident,0.95,0,mild_drift,0.9429744547524208,0.0014750055075513047,0.7249976396208695,0.8437496459431304,1768145321.9839938,0.3693239390850067,0.22063226997852325
75,4800,4799,sine_nodrift,sine,ts_drift_adapt,5,"error_divergence_ph_meta@error.threshold=0.10,error.min_instances=5",error_divergence_ph_meta,"{""divergence"": {""alpha"": 0.1, ""delta"": 0.005, ""min_instances"": 30, ""threshold"": 0.05}, ""error_rate"": {""alpha"": 0.15, ""delta"": 0.005, ""min_instances"": 5, ""threshold"": 0.1}}","{""error_rate"": {""min_instances"": 5, ""threshold"": 0.1}}",0.1,0.005,0.15,5,0.05,0.005,0.1,30,,,,-1,two_stage,2,0.5,"__confirm_cooldown=200,__confirm_rule=perm_test,__perm_alpha=0.005,__perm_delta_k=50,__perm_min_effect=0,__perm_n_perm=200,__perm_post_n=10,__perm_pre_n=500,__perm_rng_seed=0,__perm_stat=delta_fused_score,divergence=0.3,error_rate=0.5,teacher_entropy=0.2",3,0,200,0.0,0,10000,10.0,25.0,200,500,1,72,1.0,0.873125,0.7464568841396778,0.0,0.3828720152378082,0.010674598626792431,0,0,14,6,-1,perm_test,0.004975124378109453,0.07208437600837594,34,6,28,0.0,0.16666666666666666,0,0.0,0.0,0.0,0.0,0,none,0,1,0,overconfident,0.95,0,mild_drift,0.9516372273762104,0.0013875027537756524,0.7624988198104348,0.8493748229715652,1768145321.993577,0.11494935303926468,0.10154471546411514
76,4864,4863,sine_nodrift,sine,ts_drift_adapt,5,"error_divergence_ph_meta@error.threshold=0.10,error.min_instances=5",error_divergence_ph_meta,"{""divergence"": {""alpha"": 0.1, ""delta"": 0.005, ""min_instances"": 30, ""threshold"": 0.05}, ""error_rate"": {""alpha"": 0.15, ""delta"": 0.005, ""min_instances"": 5, ""threshold"": 0.1}}","{""error_rate"": {""min_instances"": 5, ""threshold"": 0.1}}",0.1,0.005,0.15,5,0.05,0.005,0.1,30,,,,-1,two_stage,2,0.5,"__confirm_cooldown=200,__confirm_rule=perm_test,__perm_alpha=0.005,__perm_delta_k=50,__perm_min_effect=0,__perm_n_perm=200,__perm_post_n=10,__perm_pre_n=500,__perm_rng_seed=0,__perm_stat=delta_fused_score,divergence=0.3,error_rate=0.5,teacher_entropy=0.2",3,0,200,0.0,0,10000,10.0,25.0,200,500,1,8,1.0,0.873766447368421,0.747707655082914,0.16666666666666666,0.3882567584514618,0.007497499696910381,0,0,14,6,-1,perm_test,0.004975124378109453,0.07208437600837594,34,6,28,0.0,0.16666666666666666,0,0.0,0.0,0.0,0.0,0,none,0,1,0,overconfident,0.95,0,mild_drift,0.9559686136881052,0.0013437513768878263,0.7812494099052174,0.8521874114857826,1768145322.0029612,0.2750316262245178,0.08010795712471008
77,4928,4927,sine_nodrift,sine,ts_drift_adapt,5,"error_divergence_ph_meta@error.threshold=0.10,error.min_instances=5",error_divergence_ph_meta,"{""divergence"": {""alpha"": 0.1, ""delta"": 0.005, ""min_instances"": 30, ""threshold"": 0.05}, ""error_rate"": {""alpha"": 0.15, ""delta"": 0.005, ""min_instances"": 5, ""threshold"": 0.1}}","{""error_rate"": {""min_instances"": 5, ""threshold"": 0.1}}",0.1,0.005,0.15,5,0.05,0.005,0.1,30,,,,-1,two_stage,2,0.5,"__confirm_cooldown=200,__confirm_rule=perm_test,__perm_alpha=0.005,__perm_delta_k=50,__perm_min_effect=0,__perm_n_perm=200,__perm_post_n=10,__perm_pre_n=500,__perm_rng_seed=0,__perm_stat=delta_fused_score,divergence=0.3,error_rate=0.5,teacher_entropy=0.2",3,0,200,0.0,0,10000,10.0,25.0,200,500,0,0,1.0,0.875,0.7501310811573861,0.0,0.3450015187263489,0.00609651068225503,0,0,14,6,-1,perm_test,0.004975124378109453,0.07208437600837594,34,6,28,0.0,0.16666666666666666,0,0.0,0.0,0.0,0.0,0,none,0,1,0,overconfident,0.95,0,mild_drift,0.9581343068440525,0.0013218756884439131,0.7906247049526087,0.8535937057428913,1768145322.014022,0.10482143610715866,0.06754886358976364
78,4992,4991,sine_nodrift,sine,ts_drift_adapt,5,"error_divergence_ph_meta@error.threshold=0.10,error.min_instances=5",error_divergence_ph_meta,"{""divergence"": {""alpha"": 0.1, ""delta"": 0.005, ""min_instances"": 30, ""threshold"": 0.05}, ""error_rate"": {""alpha"": 0.15, ""delta"": 0.005, ""min_instances"": 5, ""threshold"": 0.1}}","{""error_rate"": {""min_instances"": 5, ""threshold"": 0.1}}",0.1,0.005,0.15,5,0.05,0.005,0.1,30,,,,-1,two_stage,2,0.5,"__confirm_cooldown=200,__confirm_rule=perm_test,__perm_alpha=0.005,__perm_delta_k=50,__perm_min_effect=0,__perm_n_perm=200,__perm_post_n=10,__perm_pre_n=500,__perm_rng_seed=0,__perm_stat=delta_fused_score,divergence=0.3,error_rate=0.5,teacher_entropy=0.2",3,0,200,0.0,0,10000,10.0,25.0,200,500,0,0,1.0,0.875801282051282,0.7516623563190722,0.16666666666666666,0.3425273895263672,0.008487098850309849,1,1,15,7,0,perm_test,0.004975124378109453,0.06772619870322975,35,7,28,0.0,0.16666666666666666,1,0.5,0.0,0.0,0.0,0,none,1,1,0,overconfident,0.95,0,stable,0.9740671534220262,0.0010609378442219565,0.8953123524763044,0.8992968528714457,1768145322.0615964,0.2907669246196747,0.09854896366596222
79,5056,5055,sine_nodrift,sine,ts_drift_adapt,5,"error_divergence_ph_meta@error.threshold=0.10,error.min_instances=5",error_divergence_ph_meta,"{""divergence"": {""alpha"": 0.1, ""delta"": 0.005, ""min_instances"": 30, ""threshold"": 0.05}, ""error_rate"": {""alpha"": 0.15, ""delta"": 0.005, ""min_instances"": 5, ""threshold"": 0.1}}","{""error_rate"": {""min_instances"": 5, ""threshold"": 0.1}}",0.1,0.005,0.15,5,0.05,0.005,0.1,30,,,,-1,two_stage,2,0.5,"__confirm_cooldown=200,__confirm_rule=perm_test,__perm_alpha=0.005,__perm_delta_k=50,__perm_min_effect=0,__perm_n_perm=200,__perm_post_n=10,__perm_pre_n=500,__perm_rng_seed=0,__perm_stat=delta_fused_score,divergence=0.3,error_rate=0.5,teacher_entropy=0.2",3,0,200,0.0,0,10000,10.0,25.0,200,500,1,136,1.0,0.8765822784810127,0.753104753056547,0.0,0.3096669912338257,0.011756542138755322,0,0,15,7,-1,perm_test,0.004975124378109453,0.06772619870322975,35,7,28,0.0,0.16666666666666666,0,0.0,0.0,0.0,0.0,0,none,0,1,0,overconfident,0.95,0,mild_drift,0.9671835767110131,0.0011804689221109783,0.8476561762381523,0.8771484264357228,1768145322.0711935,0.05924946069717407,0.09738577902317047
80,5120,5119,sine_nodrift,sine,ts_drift_adapt,5,"error_divergence_ph_meta@error.threshold=0.10,error.min_instances=5",error_divergence_ph_meta,"{""divergence"": {""alpha"": 0.1, ""delta"": 0.005, ""min_instances"": 30, ""threshold"": 0.05}, ""error_rate"": {""alpha"": 0.15, ""delta"": 0.005, ""min_instances"": 5, ""threshold"": 0.1}}","{""error_rate"": {""min_instances"": 5, ""threshold"": 0.1}}",0.1,0.005,0.15,5,0.05,0.005,0.1,30,,,,-1,two_stage,2,0.5,"__confirm_cooldown=200,__confirm_rule=perm_test,__perm_alpha=0.005,__perm_delta_k=50,__perm_min_effect=0,__perm_n_perm=200,__perm_post_n=10,__perm_pre_n=500,__perm_rng_seed=0,__perm_stat=delta_fused_score,divergence=0.3,error_rate=0.5,teacher_entropy=0.2",3,0,200,0.0,0,10000,10.0,25.0,200,500,1,72,1.0,0.8767578125,0.7534394777684025,0.3333333333333333,0.33979010581970215,0.01069304533302784,0,0,15,7,-1,perm_test,0.004975124378109453,0.06772619870322975,35,7,28,0.0,0.3333333333333333,0,0.0,0.0,0.0,0.0,0,none,0,1,0,overconfident,0.95,0,mild_drift,0.9637417883555065,0.0012402344610554891,0.8238280881190762,0.8660742132178614,1768145322.0801287,0.4733644723892212,0.09941220283508301
81,5184,5183,sine_nodrift,sine,ts_drift_adapt,5,"error_divergence_ph_meta@error.threshold=0.10,error.min_instances=5",error_divergence_ph_meta,"{""divergence"": {""alpha"": 0.1, ""delta"": 0.005, ""min_instances"": 30, ""threshold"": 0.05}, ""error_rate"": {""alpha"": 0.15, ""delta"": 0.005, ""min_instances"": 5, ""threshold"": 0.1}}","{""error_rate"": {""min_instances"": 5, ""threshold"": 0.1}}",0.1,0.005,0.15,5,0.05,0.005,0.1,30,,,,-1,two_stage,2,0.5,"__confirm_cooldown=200,__confirm_rule=perm_test,__perm_alpha=0.005,__perm_delta_k=50,__perm_min_effect=0,__perm_n_perm=200,__perm_post_n=10,__perm_pre_n=500,__perm_rng_seed=0,__perm_stat=delta_fused_score,divergence=0.3,error_rate=0.5,teacher_entropy=0.2",3,0,200,0.0,0,10000,10.0,25.0,200,500,1,8,1.0,0.8777006172839507,0.7552496878306375,0.0,0.30220720171928406,0.009813017211854458,0,0,15,7,-1,perm_test,0.004975124378109453,0.06772619870322975,35,7,28,0.0,0.3333333333333333,0,0.0,0.0,0.0,0.0,0,none,0,1,0,overconfident,0.95,0,mild_drift,0.9620208941777533,0.0012701172305277448,0.811914044059538,0.8605371066089307,1768145322.089209,0.08168914169073105,0.08589649200439453
82,5248,5247,sine_nodrift,sine,ts_drift_adapt,5,"error_divergence_ph_meta@error.threshold=0.10,error.min_instances=5",error_divergence_ph_meta,"{""divergence"": {""alpha"": 0.1, ""delta"": 0.005, ""min_instances"": 30, ""threshold"": 0.05}, ""error_rate"": {""alpha"": 0.15, ""delta"": 0.005, ""min_instances"": 5, ""threshold"": 0.1}}","{""error_rate"": {""min_instances"": 5, ""threshold"": 0.1}}",0.1,0.005,0.15,5,0.05,0.005,0.1,30,,,,-1,two_stage,2,0.5,"__confirm_cooldown=200,__confirm_rule=perm_test,__perm_alpha=0.005,__perm_delta_k=50,__perm_min_effect=0,__perm_n_perm=200,__perm_post_n=10,__perm_pre_n=500,__perm_rng_seed=0,__perm_stat=delta_fused_score,divergence=0.3,error_rate=0.5,teacher_entropy=0.2",3,0,200,0.0,0,10000,10.0,25.0,200,500,0,0,1.0,0.8784298780487805,0.7565944815489442,0.0,0.33996760845184326,0.013712290674448013,0,0,15,7,-1,perm_test,0.004975124378109453,0.06772619870322975,35,7,28,0.0,0.0038992734625935555,0,0.0,0.0,0.0,0.0,0,none,0,1,0,overconfident,0.95,0,mild_drift,0.9611604470888766,0.0012850586152638723,0.805957022029769,0.8577685533044653,1768145322.0972285,0.09920629858970642,0.13451839983463287
83,5312,5311,sine_nodrift,sine,ts_drift_adapt,5,"error_divergence_ph_meta@error.threshold=0.10,error.min_instances=5",error_divergence_ph_meta,"{""divergence"": {""alpha"": 0.1, ""delta"": 0.005, ""min_instances"": 30, ""threshold"": 0.05}, ""error_rate"": {""alpha"": 0.15, ""delta"": 0.005, ""min_instances"": 5, ""threshold"": 0.1}}","{""error_rate"": {""min_instances"": 5, ""threshold"": 0.1}}",0.1,0.005,0.15,5,0.05,0.005,0.1,30,,,,-1,two_stage,2,0.5,"__confirm_cooldown=200,__confirm_rule=perm_test,__perm_alpha=0.005,__perm_delta_k=50,__perm_min_effect=0,__perm_n_perm=200,__perm_post_n=10,__perm_pre_n=500,__perm_rng_seed=0,__perm_stat=delta_fused_score,divergence=0.3,error_rate=0.5,teacher_entropy=0.2",3,0,200,0.0,0,10000,10.0,25.0,200,500,0,0,1.0,0.8787650602409639,0.7572141766626602,0.16666666666666666,0.3226083517074585,0.008874357677996159,1,1,16,8,0,perm_test,0.004975124378109453,0.06741376262544803,36,8,28,0.0,0.16666666666666666,1,0.5,0.0,0.0,0.0,0,none,1,1,0,overconfident,0.95,0,stable,0.9755802235444383,0.0010425293076319361,0.9029785110148845,0.9013842766522326,1768145322.1119537,0.2865585684776306,0.09565496444702148
84,5376,5375,sine_nodrift,sine,ts_drift_adapt,5,"error_divergence_ph_meta@error.threshold=0.10,error.min_instances=5",error_divergence_ph_meta,"{""divergence"": {""alpha"": 0.1, ""delta"": 0.005, ""min_instances"": 30, ""threshold"": 0.05}, ""error_rate"": {""alpha"": 0.15, ""delta"": 0.005, ""min_instances"": 5, ""threshold"": 0.1}}","{""error_rate"": {""min_instances"": 5, ""threshold"": 0.1}}",0.1,0.005,0.15,5,0.05,0.005,0.1,30,,,,-1,two_stage,2,0.5,"__confirm_cooldown=200,__confirm_rule=perm_test,__perm_alpha=0.005,__perm_delta_k=50,__perm_min_effect=0,__perm_n_perm=200,__perm_post_n=10,__perm_pre_n=500,__perm_rng_seed=0,__perm_stat=delta_fused_score,divergence=0.3,error_rate=0.5,teacher_entropy=0.2",3,0,200,0.0,0,10000,10.0,25.0,200,500,1,136,1.0,0.8792782738095238,0.7582068426784927,0.0,0.3191320300102234,0.009370147250592709,0,0,16,8,-1,perm_test,0.004975124378109453,0.06741376262544803,36,8,28,0.0,0.16666666666666666,0,0.0,0.0,0.0,0.0,0,none,0,1,0,overconfident,0.95,0,mild_drift,0.9679401117722191,0.0011712646538159681,0.8514892555074423,0.8781921383261163,1768145322.120255,0.1193300187587738,0.07567620277404785
85,5440,5439,sine_nodrift,sine,ts_drift_adapt,5,"error_divergence_ph_meta@error.threshold=0.10,error.min_instances=5",error_divergence_ph_meta,"{""divergence"": {""alpha"": 0.1, ""delta"": 0.005, ""min_instances"": 30, ""threshold"": 0.05}, ""error_rate"": {""alpha"": 0.15, ""delta"": 0.005, ""min_instances"": 5, ""threshold"": 0.1}}","{""error_rate"": {""min_instances"": 5, ""threshold"": 0.1}}",0.1,0.005,0.15,5,0.05,0.005,0.1,30,,,,-1,two_stage,2,0.5,"__confirm_cooldown=200,__confirm_rule=perm_test,__perm_alpha=0.005,__perm_delta_k=50,__perm_min_effect=0,__perm_n_perm=200,__perm_post_n=10,__perm_pre_n=500,__perm_rng_seed=0,__perm_stat=delta_fused_score,divergence=0.3,error_rate=0.5,teacher_entropy=0.2",3,0,200,0.0,0,10000,10.0,25.0,200,500,1,72,1.0,0.8805147058823529,0.7606722834679777,0.0,0.32209429144859314,0.008337841369211674,0,0,16,8,-1,perm_test,0.004975124378109453,0.06741376262544803,36,8,28,0.0,0.0010323058813810349,0,0.0,0.0,0.0,0.0,0,none,0,1,0,overconfident,0.95,0,mild_drift,0.9641200558861095,0.0012356323269079842,0.8257446277537211,0.8665960691630581,1768145322.128563,0.10726239532232285,0.06809055805206299
86,5504,5503,sine_nodrift,sine,ts_drift_adapt,5,"error_divergence_ph_meta@error.threshold=0.10,error.min_instances=5",error_divergence_ph_meta,"{""divergence"": {""alpha"": 0.1, ""delta"": 0.005, ""min_instances"": 30, ""threshold"": 0.05}, ""error_rate"": {""alpha"": 0.15, ""delta"": 0.005, ""min_instances"": 5, ""threshold"": 0.1}}","{""error_rate"": {""min_instances"": 5, ""threshold"": 0.1}}",0.1,0.005,0.15,5,0.05,0.005,0.1,30,,,,-1,two_stage,2,0.5,"__confirm_cooldown=200,__confirm_rule=perm_test,__perm_alpha=0.005,__perm_delta_k=50,__perm_min_effect=0,__perm_n_perm=200,__perm_post_n=10,__perm_pre_n=500,__perm_rng_seed=0,__perm_stat=delta_fused_score,divergence=0.3,error_rate=0.5,teacher_entropy=0.2",3,0,200,0.0,0,10000,10.0,25.0,200,500,1,8,1.0,0.8817223837209303,0.76311791506447,0.0,0.2763228714466095,0.007490373682230711,0,0,16,8,-1,perm_test,0.004975124378109453,0.06741376262544803,36,8,28,0.0,0.0008474676869809628,0,0.0,0.0,0.0,0.0,0,none,0,1,0,overconfident,0.95,0,mild_drift,0.9622100279430548,0.0012678161634539923,0.8128723138768605,0.860798034581529,1768145322.1370988,0.10110721737146378,0.06775444746017456
87,5568,5567,sine_nodrift,sine,ts_drift_adapt,5,"error_divergence_ph_meta@error.threshold=0.10,error.min_instances=5",error_divergence_ph_meta,"{""divergence"": {""alpha"": 0.1, ""delta"": 0.005, ""min_instances"": 30, ""threshold"": 0.05}, ""error_rate"": {""alpha"": 0.15, ""delta"": 0.005, ""min_instances"": 5, ""threshold"": 0.1}}","{""error_rate"": {""min_instances"": 5, ""threshold"": 0.1}}",0.1,0.005,0.15,5,0.05,0.005,0.1,30,,,,-1,two_stage,2,0.5,"__confirm_cooldown=200,__confirm_rule=perm_test,__perm_alpha=0.005,__perm_delta_k=50,__perm_min_effect=0,__perm_n_perm=200,__perm_post_n=10,__perm_pre_n=500,__perm_rng_seed=0,__perm_stat=delta_fused_score,divergence=0.3,error_rate=0.5,teacher_entropy=0.2",3,0,200,0.0,0,10000,10.0,25.0,200,500,0,0,1.0,0.8829022988505747,0.7655155255047053,0.0,0.2910398840904236,0.007472418714314699,0,0,16,8,-1,perm_test,0.004975124378109453,0.06741376262544803,36,8,28,0.0,1.795496791601181e-05,0,0.0,0.0,0.0,0.0,0,none,0,1,0,overconfident,0.95,0,mild_drift,0.9612550139715274,0.001283908081726996,0.8064361569384303,0.8578990172907646,1768145322.1460383,0.08921992033720016,0.07837642729282379
88,5632,5631,sine_nodrift,sine,ts_drift_adapt,5,"error_divergence_ph_meta@error.threshold=0.10,error.min_instances=5",error_divergence_ph_meta,"{""divergence"": {""alpha"": 0.1, ""delta"": 0.005, ""min_instances"": 30, ""threshold"": 0.05}, ""error_rate"": {""alpha"": 0.15, ""delta"": 0.005, ""min_instances"": 5, ""threshold"": 0.1}}","{""error_rate"": {""min_instances"": 5, ""threshold"": 0.1}}",0.1,0.005,0.15,5,0.05,0.005,0.1,30,,,,-1,two_stage,2,0.5,"__confirm_cooldown=200,__confirm_rule=perm_test,__perm_alpha=0.005,__perm_delta_k=50,__perm_min_effect=0,__perm_n_perm=200,__perm_post_n=10,__perm_pre_n=500,__perm_rng_seed=0,__perm_stat=delta_fused_score,divergence=0.3,error_rate=0.5,teacher_entropy=0.2",3,0,200,0.0,0,10000,10.0,25.0,200,500,0,0,1.0,0.8838778409090909,0.7674177715390925,0.0,0.32409951090812683,0.010825367644429207,0,0,16,8,-1,perm_test,0.004975124378109453,0.06741376262544803,36,8,28,0.0,0.0033529489301145077,0,0.0,0.0,0.0,0.0,0,none,0,1,0,overconfident,0.95,0,mild_drift,0.9607775069857636,0.001291954040863498,0.8032180784692151,0.8564495086453823,1768145322.155255,0.022379109635949135,0.09189055860042572
89,5696,5695,sine_nodrift,sine,ts_drift_adapt,5,"error_divergence_ph_meta@error.threshold=0.10,error.min_instances=5",error_divergence_ph_meta,"{""divergence"": {""alpha"": 0.1, ""delta"": 0.005, ""min_instances"": 30, ""threshold"": 0.05}, ""error_rate"": {""alpha"": 0.15, ""delta"": 0.005, ""min_instances"": 5, ""threshold"": 0.1}}","{""error_rate"": {""min_instances"": 5, ""threshold"": 0.1}}",0.1,0.005,0.15,5,0.05,0.005,0.1,30,,,,-1,two_stage,2,0.5,"__confirm_cooldown=200,__confirm_rule=perm_test,__perm_alpha=0.005,__perm_delta_k=50,__perm_min_effect=0,__perm_n_perm=200,__perm_post_n=10,__perm_pre_n=500,__perm_rng_seed=0,__perm_stat=delta_fused_score,divergence=0.3,error_rate=0.5,teacher_entropy=0.2",3,0,200,0.0,0,10000,10.0,25.0,200,500,0,0,1.0,0.8846558988764045,0.7689357070510362,0.16666666666666666,0.3045787811279297,0.012316806241869926,1,1,17,9,0,perm_test,0.004975124378109453,0.0647315680776891,37,9,28,0.0,0.16666666666666666,1,0.5,0.0,0.0,0.0,0,none,1,1,0,overconfident,0.95,0,stable,0.9753887534928818,0.001045977020431749,0.9016090392346076,0.9007247543226912,1768145322.1711717,0.22761917114257812,0.09634798765182495
90,5760,5759,sine_nodrift,sine,ts_drift_adapt,5,"error_divergence_ph_meta@error.threshold=0.10,error.min_instances=5",error_divergence_ph_meta,"{""divergence"": {""alpha"": 0.1, ""delta"": 0.005, ""min_instances"": 30, ""threshold"": 0.05}, ""error_rate"": {""alpha"": 0.15, ""delta"": 0.005, ""min_instances"": 5, ""threshold"": 0.1}}","{""error_rate"": {""min_instances"": 5, ""threshold"": 0.1}}",0.1,0.005,0.15,5,0.05,0.005,0.1,30,,,,-1,two_stage,2,0.5,"__confirm_cooldown=200,__confirm_rule=perm_test,__perm_alpha=0.005,__perm_delta_k=50,__perm_min_effect=0,__perm_n_perm=200,__perm_post_n=10,__perm_pre_n=500,__perm_rng_seed=0,__perm_stat=delta_fused_score,divergence=0.3,error_rate=0.5,teacher_entropy=0.2",3,0,200,0.0,0,10000,10.0,25.0,200,500,1,136,1.0,0.8852430555555556,0.7700695173498667,0.16666666666666666,0.2848758101463318,0.009625304490327835,0,0,17,9,-1,perm_test,0.004975124378109453,0.0647315680776891,37,9,28,0.0,0.0026915017515420914,0,0.0,0.0,0.0,0.0,0,none,0,1,0,overconfident,0.95,0,mild_drift,0.9678443767464409,0.0011729885102158746,0.8508045196173037,0.8778623771613456,1768145322.1803184,0.19551603496074677,0.08066099882125854
91,5824,5823,sine_nodrift,sine,ts_drift_adapt,5,"error_divergence_ph_meta@error.threshold=0.10,error.min_instances=5",error_divergence_ph_meta,"{""divergence"": {""alpha"": 0.1, ""delta"": 0.005, ""min_instances"": 30, ""threshold"": 0.05}, ""error_rate"": {""alpha"": 0.15, ""delta"": 0.005, ""min_instances"": 5, ""threshold"": 0.1}}","{""error_rate"": {""min_instances"": 5, ""threshold"": 0.1}}",0.1,0.005,0.15,5,0.05,0.005,0.1,30,,,,-1,two_stage,2,0.5,"__confirm_cooldown=200,__confirm_rule=perm_test,__perm_alpha=0.005,__perm_delta_k=50,__perm_min_effect=0,__perm_n_perm=200,__perm_post_n=10,__perm_pre_n=500,__perm_rng_seed=0,__perm_stat=delta_fused_score,divergence=0.3,error_rate=0.5,teacher_entropy=0.2",3,0,200,0.0,0,10000,10.0,25.0,200,500,1,72,1.0,0.8861607142857143,0.7718579741868792,0.0,0.2875249683856964,0.007686215452849865,0,0,17,9,-1,perm_test,0.004975124378109453,0.0647315680776891,37,9,28,0.0,0.16666666666666666,0,0.0,0.0,0.0,0.0,0,none,0,1,0,overconfident,0.95,0,mild_drift,0.9640721883732204,0.0012364942551079373,0.8254022598086519,0.8664311885806728,1768145322.189449,0.09844208508729935,0.06756458431482315
92,5888,5887,sine_nodrift,sine,ts_drift_adapt,5,"error_divergence_ph_meta@error.threshold=0.10,error.min_instances=5",error_divergence_ph_meta,"{""divergence"": {""alpha"": 0.1, ""delta"": 0.005, ""min_instances"": 30, ""threshold"": 0.05}, ""error_rate"": {""alpha"": 0.15, ""delta"": 0.005, ""min_instances"": 5, ""threshold"": 0.1}}","{""error_rate"": {""min_instances"": 5, ""threshold"": 0.1}}",0.1,0.005,0.15,5,0.05,0.005,0.1,30,,,,-1,two_stage,2,0.5,"__confirm_cooldown=200,__confirm_rule=perm_test,__perm_alpha=0.005,__perm_delta_k=50,__perm_min_effect=0,__perm_n_perm=200,__perm_post_n=10,__perm_pre_n=500,__perm_rng_seed=0,__perm_stat=delta_fused_score,divergence=0.3,error_rate=0.5,teacher_entropy=0.2",3,0,200,0.0,0,10000,10.0,25.0,200,500,1,8,1.0,0.8872282608695652,0.7740243406207228,0.0,0.277488648891449,0.008320825174450874,0,0,17,9,-1,perm_test,0.004975124378109453,0.0647315680776891,37,9,28,0.0,0.0006346097216010094,0,0.0,0.0,0.0,0.0,0,none,0,1,0,overconfident,0.95,0,mild_drift,0.9621860941866102,0.0012682471275539688,0.812701129904326,0.8607155942903364,1768145322.1985822,0.18479518592357635,0.06186237931251526
93,5952,5951,sine_nodrift,sine,ts_drift_adapt,5,"error_divergence_ph_meta@error.threshold=0.10,error.min_instances=5",error_divergence_ph_meta,"{""divergence"": {""alpha"": 0.1, ""delta"": 0.005, ""min_instances"": 30, ""threshold"": 0.05}, ""error_rate"": {""alpha"": 0.15, ""delta"": 0.005, ""min_instances"": 5, ""threshold"": 0.1}}","{""error_rate"": {""min_instances"": 5, ""threshold"": 0.1}}",0.1,0.005,0.15,5,0.05,0.005,0.1,30,,,,-1,two_stage,2,0.5,"__confirm_cooldown=200,__confirm_rule=perm_test,__perm_alpha=0.005,__perm_delta_k=50,__perm_min_effect=0,__perm_n_perm=200,__perm_post_n=10,__perm_pre_n=500,__perm_rng_seed=0,__perm_stat=delta_fused_score,divergence=0.3,error_rate=0.5,teacher_entropy=0.2",3,0,200,0.0,0,10000,10.0,25.0,200,500,0,0,1.0,0.8879368279569892,0.7754003942559297,0.16666666666666666,0.3135640323162079,0.01347861997783184,0,0,17,9,-1,perm_test,0.004975124378109453,0.0647315680776891,37,9,28,0.0,0.16666666666666666,0,0.0,0.0,0.0,0.0,0,none,0,1,0,overconfident,0.95,0,mild_drift,0.9612430470933051,0.0012841235637769846,0.806350564952163,0.8578577971451682,1768145322.2079756,0.3493608236312866,0.09179390966892242
94,6016,6015,sine_nodrift,sine,ts_drift_adapt,5,"error_divergence_ph_meta@error.threshold=0.10,error.min_instances=5",error_divergence_ph_meta,"{""divergence"": {""alpha"": 0.1, ""delta"": 0.005, ""min_instances"": 30, ""threshold"": 0.05}, ""error_rate"": {""alpha"": 0.15, ""delta"": 0.005, ""min_instances"": 5, ""threshold"": 0.1}}","{""error_rate"": {""min_instances"": 5, ""threshold"": 0.1}}",0.1,0.005,0.15,5,0.05,0.005,0.1,30,,,,-1,two_stage,2,0.5,"__confirm_cooldown=200,__confirm_rule=perm_test,__perm_alpha=0.005,__perm_delta_k=50,__perm_min_effect=0,__perm_n_perm=200,__perm_post_n=10,__perm_pre_n=500,__perm_rng_seed=0,__perm_stat=delta_fused_score,divergence=0.3,error_rate=0.5,teacher_entropy=0.2",3,0,200,0.0,0,10000,10.0,25.0,200,500,0,0,1.0,0.8886303191489362,0.7767531302980506,0.0,0.27104100584983826,0.014283412136137486,0,1,18,9,-1,perm_test,1.0,-0.07283775082895352,38,9,29,0.16666666666666666,0.16666666666666666,1,0.5,0.0,0.0,0.0,0,none,0,1,0,overconfident,0.95,0,mild_drift,0.9607715235466525,0.0012920617818884925,0.8031752824760815,0.8564288985725841,1768145322.224524,0.09732931107282639,0.11195376515388489
95,6080,6079,sine_nodrift,sine,ts_drift_adapt,5,"error_divergence_ph_meta@error.threshold=0.10,error.min_instances=5",error_divergence_ph_meta,"{""divergence"": {""alpha"": 0.1, ""delta"": 0.005, ""min_instances"": 30, ""threshold"": 0.05}, ""error_rate"": {""alpha"": 0.15, ""delta"": 0.005, ""min_instances"": 5, ""threshold"": 0.1}}","{""error_rate"": {""min_instances"": 5, ""threshold"": 0.1}}",0.1,0.005,0.15,5,0.05,0.005,0.1,30,,,,-1,two_stage,2,0.5,"__confirm_cooldown=200,__confirm_rule=perm_test,__perm_alpha=0.005,__perm_delta_k=50,__perm_min_effect=0,__perm_n_perm=200,__perm_post_n=10,__perm_pre_n=500,__perm_rng_seed=0,__perm_stat=delta_fused_score,divergence=0.3,error_rate=0.5,teacher_entropy=0.2",3,0,200,0.0,0,10000,10.0,25.0,200,500,0,0,1.0,0.8891447368421053,0.777708151250804,0.0,0.2992866337299347,0.014122079126536846,0,0,18,9,-1,perm_test,0.05970149253731343,0.018574603851857448,39,9,30,0.0,0.00016133300960063934,0,0.0,0.0,0.0,0.0,0,none,0,1,0,overconfident,0.95,0,mild_drift,0.9605357617733262,0.0012960308909442464,0.8015876412380407,0.855714449286292,1768145322.2653625,0.072674460709095,0.13867022097110748
96,6144,6143,sine_nodrift,sine,ts_drift_adapt,5,"error_divergence_ph_meta@error.threshold=0.10,error.min_instances=5",error_divergence_ph_meta,"{""divergence"": {""alpha"": 0.1, ""delta"": 0.005, ""min_instances"": 30, ""threshold"": 0.05}, ""error_rate"": {""alpha"": 0.15, ""delta"": 0.005, ""min_instances"": 5, ""threshold"": 0.1}}","{""error_rate"": {""min_instances"": 5, ""threshold"": 0.1}}",0.1,0.005,0.15,5,0.05,0.005,0.1,30,,,,-1,two_stage,2,0.5,"__confirm_cooldown=200,__confirm_rule=perm_test,__perm_alpha=0.005,__perm_delta_k=50,__perm_min_effect=0,__perm_n_perm=200,__perm_post_n=10,__perm_pre_n=500,__perm_rng_seed=0,__perm_stat=delta_fused_score,divergence=0.3,error_rate=0.5,teacher_entropy=0.2",3,0,200,0.0,0,10000,10.0,25.0,200,500,0,0,1.0,0.8894856770833334,0.7784321073576388,0.3333333333333333,0.2582927644252777,0.009150082245469093,1,0,18,10,2,perm_test,0.004975124378109453,0.07340681314700967,40,10,30,0.0,0.3333333333333333,0,0.0,0.0,0.0,0.0,0,none,1,1,0,overconfident,0.95,0,stable,0.975267880886663,0.0010480154454721232,0.9007938206190204,0.900357224643146,1768145322.280619,0.6953231692314148,0.07797326147556305
97,6208,6207,sine_nodrift,sine,ts_drift_adapt,5,"error_divergence_ph_meta@error.threshold=0.10,error.min_instances=5",error_divergence_ph_meta,"{""divergence"": {""alpha"": 0.1, ""delta"": 0.005, ""min_instances"": 30, ""threshold"": 0.05}, ""error_rate"": {""alpha"": 0.15, ""delta"": 0.005, ""min_instances"": 5, ""threshold"": 0.1}}","{""error_rate"": {""min_instances"": 5, ""threshold"": 0.1}}",0.1,0.005,0.15,5,0.05,0.005,0.1,30,,,,-1,two_stage,2,0.5,"__confirm_cooldown=200,__confirm_rule=perm_test,__perm_alpha=0.005,__perm_delta_k=50,__perm_min_effect=0,__perm_n_perm=200,__perm_post_n=10,__perm_pre_n=500,__perm_rng_seed=0,__perm_stat=delta_fused_score,divergence=0.3,error_rate=0.5,teacher_entropy=0.2",3,0,200,0.0,0,10000,10.0,25.0,200,500,1,136,1.0,0.8901417525773195,0.7797421657543915,0.0,0.30149564146995544,0.010327345691621304,0,0,18,10,-1,perm_test,0.004975124378109453,0.07340681314700967,40,10,30,0.0,0.3333333333333333,0,0.0,0.0,0.0,0.0,0,none,0,1,0,overconfident,0.95,0,mild_drift,0.9677839404433315,0.0011740077227360617,0.8503969103095101,0.877678612321573,1768145322.289508,0.08110671490430832,0.08004193007946014
98,6272,6271,sine_nodrift,sine,ts_drift_adapt,5,"error_divergence_ph_meta@error.threshold=0.10,error.min_instances=5",error_divergence_ph_meta,"{""divergence"": {""alpha"": 0.1, ""delta"": 0.005, ""min_instances"": 30, ""threshold"": 0.05}, ""error_rate"": {""alpha"": 0.15, ""delta"": 0.005, ""min_instances"": 5, ""threshold"": 0.1}}","{""error_rate"": {""min_instances"": 5, ""threshold"": 0.1}}",0.1,0.005,0.15,5,0.05,0.005,0.1,30,,,,-1,two_stage,2,0.5,"__confirm_cooldown=200,__confirm_rule=perm_test,__perm_alpha=0.005,__perm_delta_k=50,__perm_min_effect=0,__perm_n_perm=200,__perm_post_n=10,__perm_pre_n=500,__perm_rng_seed=0,__perm_stat=delta_fused_score,divergence=0.3,error_rate=0.5,teacher_entropy=0.2",3,0,200,0.0,0,10000,10.0,25.0,200,500,1,72,1.0,0.890625,0.7807395327979126,0.0,0.232908695936203,0.010444073006510735,0,0,18,10,-1,perm_test,0.004975124378109453,0.07340681314700967,40,10,30,0.0,0.000116727314889431,0,0.0,0.0,0.0,0.0,0,none,0,1,0,overconfident,0.95,0,mild_drift,0.9640419702216657,0.001237003861368031,0.8251984551547551,0.8663393061607865,1768145322.298349,0.16004978120326996,0.07499641925096512
99,6336,6335,sine_nodrift,sine,ts_drift_adapt,5,"error_divergence_ph_meta@error.threshold=0.10,error.min_instances=5",error_divergence_ph_meta,"{""divergence"": {""alpha"": 0.1, ""delta"": 0.005, ""min_instances"": 30, ""threshold"": 0.05}, ""error_rate"": {""alpha"": 0.15, ""delta"": 0.005, ""min_instances"": 5, ""threshold"": 0.1}}","{""error_rate"": {""min_instances"": 5, ""threshold"": 0.1}}",0.1,0.005,0.15,5,0.05,0.005,0.1,30,,,,-1,two_stage,2,0.5,"__confirm_cooldown=200,__confirm_rule=perm_test,__perm_alpha=0.005,__perm_delta_k=50,__perm_min_effect=0,__perm_n_perm=200,__perm_post_n=10,__perm_pre_n=500,__perm_rng_seed=0,__perm_stat=delta_fused_score,divergence=0.3,error_rate=0.5,teacher_entropy=0.2",3,0,200,0.0,0,10000,10.0,25.0,200,500,1,8,1.0,0.8907828282828283,0.7810608381055066,0.0,0.23499223589897156,0.008093204349279404,0,1,18,10,-1,perm_test,0.004975124378109453,0.07340681314700967,40,10,30,0.0,0.002350868657231331,1,0.5,0.0,0.0,0.0,0,none,0,1,0,overconfident,0.95,0,mild_drift,0.9621709851108329,0.0012685019306840155,0.8125992275773776,0.8606696530803932,1768145322.3071449,0.07291387766599655,0.061757415533065796
100,6400,6399,sine_nodrift,sine,ts_drift_adapt,5,"error_divergence_ph_meta@error.threshold=0.10,error.min_instances=5",error_divergence_ph_meta,"{""divergence"": {""alpha"": 0.1, ""delta"": 0.005, ""min_instances"": 30, ""threshold"": 0.05}, ""error_rate"": {""alpha"": 0.15, ""delta"": 0.005, ""min_instances"": 5, ""threshold"": 0.1}}","{""error_rate"": {""min_instances"": 5, ""threshold"": 0.1}}",0.1,0.005,0.15,5,0.05,0.005,0.1,30,,,,-1,two_stage,2,0.5,"__confirm_cooldown=200,__confirm_rule=perm_test,__perm_alpha=0.005,__perm_delta_k=50,__perm_min_effect=0,__perm_n_perm=200,__perm_post_n=10,__perm_pre_n=500,__perm_rng_seed=0,__perm_stat=delta_fused_score,divergence=0.3,error_rate=0.5,teacher_entropy=0.2",3,0,200,0.0,0,10000,10.0,25.0,200,500,0,0,1.0,0.89171875,0.7828981800688076,0.0,0.26874884963035583,0.009580131620168686,0,0,18,10,-1,perm_test,0.004975124378109453,0.07340681314700967,40,10,30,0.0,0.0014869272708892822,0,0.0,0.0,0.0,0.0,0,none,0,1,0,overconfident,0.95,0,mild_drift,0.9612354925554164,0.001284250965342008,0.8062996137886889,0.8578348265401966,1768145322.3163204,0.014448222704231739,0.06845284253358841
101,6464,6463,sine_nodrift,sine,ts_drift_adapt,5,"error_divergence_ph_meta@error.threshold=0.10,error.min_instances=5",error_divergence_ph_meta,"{""divergence"": {""alpha"": 0.1, ""delta"": 0.005, ""min_instances"": 30, ""threshold"": 0.05}, ""error_rate"": {""alpha"": 0.15, ""delta"": 0.005, ""min_instances"": 5, ""threshold"": 0.1}}","{""error_rate"": {""min_instances"": 5, ""threshold"": 0.1}}",0.1,0.005,0.15,5,0.05,0.005,0.1,30,,,,-1,two_stage,2,0.5,"__confirm_cooldown=200,__confirm_rule=perm_test,__perm_alpha=0.005,__perm_delta_k=50,__perm_min_effect=0,__perm_n_perm=200,__perm_post_n=10,__perm_pre_n=500,__perm_rng_seed=0,__perm_stat=delta_fused_score,divergence=0.3,error_rate=0.5,teacher_entropy=0.2",3,0,200,0.0,0,10000,10.0,25.0,200,500,0,0,1.0,0.8926361386138614,0.7846736574359227,0.0,0.26841551065444946,0.007841376587748528,0,0,18,10,-1,perm_test,0.004975124378109453,0.07340681314700967,40,10,30,0.0,0.0017387550324201584,0,0.0,0.0,0.0,0.0,0,none,0,1,0,overconfident,0.95,0,mild_drift,0.9607677462777082,0.0012921254826710042,0.8031498068943445,0.8564174132700983,1768145322.325446,0.023484639823436737,0.06684732437133789
102,6528,6527,sine_nodrift,sine,ts_drift_adapt,5,"error_divergence_ph_meta@error.threshold=0.10,error.min_instances=5",error_divergence_ph_meta,"{""divergence"": {""alpha"": 0.1, ""delta"": 0.005, ""min_instances"": 30, ""threshold"": 0.05}, ""error_rate"": {""alpha"": 0.15, ""delta"": 0.005, ""min_instances"": 5, ""threshold"": 0.1}}","{""error_rate"": {""min_instances"": 5, ""threshold"": 0.1}}",0.1,0.005,0.15,5,0.05,0.005,0.1,30,,,,-1,two_stage,2,0.5,"__confirm_cooldown=200,__confirm_rule=perm_test,__perm_alpha=0.005,__perm_delta_k=50,__perm_min_effect=0,__perm_n_perm=200,__perm_post_n=10,__perm_pre_n=500,__perm_rng_seed=0,__perm_stat=delta_fused_score,divergence=0.3,error_rate=0.5,teacher_entropy=0.2",3,0,200,0.0,0,10000,10.0,25.0,200,500,0,0,1.0,0.8930759803921569,0.7854713454821026,0.0,0.2589316964149475,0.010702315717935562,0,0,18,10,-1,perm_test,0.004975124378109453,0.07340681314700967,40,10,30,0.0,0.0028609391301870346,0,0.0,0.0,0.0,0.0,0,none,0,1,0,overconfident,0.95,0,mild_drift,0.9605338731388541,0.0012960627413355023,0.8015749034471722,0.8557087066350492,1768145322.334619,0.05340340733528137,0.09154319763183594
103,6592,6591,sine_nodrift,sine,ts_drift_adapt,5,"error_divergence_ph_meta@error.threshold=0.10,error.min_instances=5",error_divergence_ph_meta,"{""divergence"": {""alpha"": 0.1, ""delta"": 0.005, ""min_instances"": 30, ""threshold"": 0.05}, ""error_rate"": {""alpha"": 0.15, ""delta"": 0.005, ""min_instances"": 5, ""threshold"": 0.1}}","{""error_rate"": {""min_instances"": 5, ""threshold"": 0.1}}",0.1,0.005,0.15,5,0.05,0.005,0.1,30,,,,-1,two_stage,2,0.5,"__confirm_cooldown=200,__confirm_rule=perm_test,__perm_alpha=0.005,__perm_delta_k=50,__perm_min_effect=0,__perm_n_perm=200,__perm_post_n=10,__perm_pre_n=500,__perm_rng_seed=0,__perm_stat=delta_fused_score,divergence=0.3,error_rate=0.5,teacher_entropy=0.2",3,0,200,0.0,0,10000,10.0,25.0,200,500,0,0,1.0,0.8941140776699029,0.7875586010164758,0.0,0.23108884692192078,0.0056786853820085526,0,0,18,10,-1,perm_test,0.004975124378109453,0.07340681314700967,40,10,30,0.0,0.00502363033592701,0,0.0,0.0,0.0,0.0,0,none,0,1,0,overconfident,0.95,0,mild_drift,0.9604169365694271,0.001298031370667751,0.8007874517235861,0.8553543533175245,1768145322.3439083,0.028884755447506905,0.060877878218889236
104,6656,6655,sine_nodrift,sine,ts_drift_adapt,5,"error_divergence_ph_meta@error.threshold=0.10,error.min_instances=5",error_divergence_ph_meta,"{""divergence"": {""alpha"": 0.1, ""delta"": 0.005, ""min_instances"": 30, ""threshold"": 0.05}, ""error_rate"": {""alpha"": 0.15, ""delta"": 0.005, ""min_instances"": 5, ""threshold"": 0.1}}","{""error_rate"": {""min_instances"": 5, ""threshold"": 0.1}}",0.1,0.005,0.15,5,0.05,0.005,0.1,30,,,,-1,two_stage,2,0.5,"__confirm_cooldown=200,__confirm_rule=perm_test,__perm_alpha=0.005,__perm_delta_k=50,__perm_min_effect=0,__perm_n_perm=200,__perm_post_n=10,__perm_pre_n=500,__perm_rng_seed=0,__perm_stat=delta_fused_score,divergence=0.3,error_rate=0.5,teacher_entropy=0.2",3,0,200,0.0,0,10000,10.0,25.0,200,500,0,0,1.0,0.8943810096153846,0.7880136847906117,0.16666666666666666,0.26938286423683167,0.013653885573148727,1,1,19,11,0,perm_test,0.004975124378109453,0.06899672960687496,41,11,30,0.16666666666666666,0.16666666666666666,1,0.5,0.0,0.0,0.0,0,none,1,1,0,overconfident,0.95,0,severe_drift,0.9257084682847135,0.0016490156853338756,0.6503937258617931,0.8326771766587623,1768145322.3597069,0.38175690174102783,0.09637090563774109
105,6720,6719,sine_nodrift,sine,ts_drift_adapt,5,"error_divergence_ph_meta@error.threshold=0.10,error.min_instances=5",error_divergence_ph_meta,"{""divergence"": {""alpha"": 0.1, ""delta"": 0.005, ""min_instances"": 30, ""threshold"": 0.05}, ""error_rate"": {""alpha"": 0.15, ""delta"": 0.005, ""min_instances"": 5, ""threshold"": 0.1}}","{""error_rate"": {""min_instances"": 5, ""threshold"": 0.1}}",0.1,0.005,0.15,5,0.05,0.005,0.1,30,,,,-1,two_stage,2,0.5,"__confirm_cooldown=200,__confirm_rule=perm_test,__perm_alpha=0.005,__perm_delta_k=50,__perm_min_effect=0,__perm_n_perm=200,__perm_post_n=10,__perm_pre_n=500,__perm_rng_seed=0,__perm_stat=delta_fused_score,divergence=0.3,error_rate=0.5,teacher_entropy=0.2",3,0,200,0.0,0,10000,10.0,25.0,200,500,1,136,1.0,0.8947916666666667,0.7887910378092422,0.0,0.30351772904396057,0.01416800357401371,0,0,19,11,-1,perm_test,0.004975124378109453,0.06899672960687496,41,11,30,0.0,0.16666666666666666,0,0.0,0.0,0.0,0.0,0,none,0,1,0,overconfident,0.95,0,mild_drift,0.9430042341423568,0.0014745078426669379,0.7251968629308966,0.8438385883293811,1768145322.3688188,0.15612436830997467,0.1281173974275589
106,6784,6783,sine_nodrift,sine,ts_drift_adapt,5,"error_divergence_ph_meta@error.threshold=0.10,error.min_instances=5",error_divergence_ph_meta,"{""divergence"": {""alpha"": 0.1, ""delta"": 0.005, ""min_instances"": 30, ""threshold"": 0.05}, ""error_rate"": {""alpha"": 0.15, ""delta"": 0.005, ""min_instances"": 5, ""threshold"": 0.1}}","{""error_rate"": {""min_instances"": 5, ""threshold"": 0.1}}",0.1,0.005,0.15,5,0.05,0.005,0.1,30,,,,-1,two_stage,2,0.5,"__confirm_cooldown=200,__confirm_rule=perm_test,__perm_alpha=0.005,__perm_delta_k=50,__perm_min_effect=0,__perm_n_perm=200,__perm_post_n=10,__perm_pre_n=500,__perm_rng_seed=0,__perm_stat=delta_fused_score,divergence=0.3,error_rate=0.5,teacher_entropy=0.2",3,0,200,0.0,0,10000,10.0,25.0,200,500,1,72,1.0,0.8956367924528302,0.7905217826603833,0.0,0.20455868542194366,0.005849848035722971,0,0,19,11,-1,perm_test,0.004975124378109453,0.06899672960687496,41,11,30,0.0,0.008318155538290739,0,0.0,0.0,0.0,0.0,0,none,0,1,0,overconfident,0.95,0,mild_drift,0.9516521170711784,0.001387253921333469,0.7625984314654484,0.8494192941646905,1768145322.3778214,0.02837543934583664,0.06548212468624115
107,6848,6847,sine_nodrift,sine,ts_drift_adapt,5,"error_divergence_ph_meta@error.threshold=0.10,error.min_instances=5",error_divergence_ph_meta,"{""divergence"": {""alpha"": 0.1, ""delta"": 0.005, ""min_instances"": 30, ""threshold"": 0.05}, ""error_rate"": {""alpha"": 0.15, ""delta"": 0.005, ""min_instances"": 5, ""threshold"": 0.1}}","{""error_rate"": {""min_instances"": 5, ""threshold"": 0.1}}",0.1,0.005,0.15,5,0.05,0.005,0.1,30,,,,-1,two_stage,2,0.5,"__confirm_cooldown=200,__confirm_rule=perm_test,__perm_alpha=0.005,__perm_delta_k=50,__perm_min_effect=0,__perm_n_perm=200,__perm_post_n=10,__perm_pre_n=500,__perm_rng_seed=0,__perm_stat=delta_fused_score,divergence=0.3,error_rate=0.5,teacher_entropy=0.2",3,0,200,0.0,0,10000,10.0,25.0,200,500,1,8,1.0,0.8961740654205608,0.7916039414787479,0.0,0.26665249466896057,0.010034654289484024,0,0,19,11,-1,perm_test,0.004975124378109453,0.06899672960687496,41,11,30,0.0,0.004184806253761053,0,0.0,0.0,0.0,0.0,0,none,0,1,0,overconfident,0.95,0,mild_drift,0.9559760585355892,0.0013436269606667346,0.7812992157327242,0.8522096470823453,1768145322.3868196,0.06782088428735733,0.09049034118652344
108,6912,6911,sine_nodrift,sine,ts_drift_adapt,5,"error_divergence_ph_meta@error.threshold=0.10,error.min_instances=5",error_divergence_ph_meta,"{""divergence"": {""alpha"": 0.1, ""delta"": 0.005, ""min_instances"": 30, ""threshold"": 0.05}, ""error_rate"": {""alpha"": 0.15, ""delta"": 0.005, ""min_instances"": 5, ""threshold"": 0.1}}","{""error_rate"": {""min_instances"": 5, ""threshold"": 0.1}}",0.1,0.005,0.15,5,0.05,0.005,0.1,30,,,,-1,two_stage,2,0.5,"__confirm_cooldown=200,__confirm_rule=perm_test,__perm_alpha=0.005,__perm_delta_k=50,__perm_min_effect=0,__perm_n_perm=200,__perm_post_n=10,__perm_pre_n=500,__perm_rng_seed=0,__perm_stat=delta_fused_score,divergence=0.3,error_rate=0.5,teacher_entropy=0.2",3,0,200,0.0,0,10000,10.0,25.0,200,500,0,0,1.0,0.8971354166666666,0.7935227121857106,0.0,0.22178424894809723,0.007346143014729023,0,0,19,11,-1,perm_test,0.004975124378109453,0.06899672960687496,41,11,30,0.0,0.002688511274755001,0,0.0,0.0,0.0,0.0,0,none,0,1,0,overconfident,0.95,0,mild_drift,0.9581380292677946,0.0013218134803333675,0.7906496078663621,0.8536048235411726,1768145322.3961186,0.023860236629843712,0.06133689731359482
109,6976,6975,sine_nodrift,sine,ts_drift_adapt,5,"error_divergence_ph_meta@error.threshold=0.10,error.min_instances=5",error_divergence_ph_meta,"{""divergence"": {""alpha"": 0.1, ""delta"": 0.005, ""min_instances"": 30, ""threshold"": 0.05}, ""error_rate"": {""alpha"": 0.15, ""delta"": 0.005, ""min_instances"": 5, ""threshold"": 0.1}}","{""error_rate"": {""min_instances"": 5, ""threshold"": 0.1}}",0.1,0.005,0.15,5,0.05,0.005,0.1,30,,,,-1,two_stage,2,0.5,"__confirm_cooldown=200,__confirm_rule=perm_test,__perm_alpha=0.005,__perm_delta_k=50,__perm_min_effect=0,__perm_n_perm=200,__perm_post_n=10,__perm_pre_n=500,__perm_rng_seed=0,__perm_stat=delta_fused_score,divergence=0.3,error_rate=0.5,teacher_entropy=0.2",3,0,200,0.0,0,10000,10.0,25.0,200,500,0,0,1.0,0.8976490825688074,0.7945038065898378,0.16666666666666666,0.23225463926792145,0.009050903841853142,1,1,20,12,0,perm_test,0.004975124378109453,0.0569793440022077,42,12,30,0.0,0.16666666666666666,1,0.5,0.0,0.0,0.0,0,none,1,1,0,overconfident,0.95,0,stable,0.9740690146338973,0.0010609067401666837,0.895324803933181,0.8993024117705863,1768145322.4120123,0.22786259651184082,0.07596950232982635
110,7040,7039,sine_nodrift,sine,ts_drift_adapt,5,"error_divergence_ph_meta@error.threshold=0.10,error.min_instances=5",error_divergence_ph_meta,"{""divergence"": {""alpha"": 0.1, ""delta"": 0.005, ""min_instances"": 30, ""threshold"": 0.05}, ""error_rate"": {""alpha"": 0.15, ""delta"": 0.005, ""min_instances"": 5, ""threshold"": 0.1}}","{""error_rate"": {""min_instances"": 5, ""threshold"": 0.1}}",0.1,0.005,0.15,5,0.05,0.005,0.1,30,,,,-1,two_stage,2,0.5,"__confirm_cooldown=200,__confirm_rule=perm_test,__perm_alpha=0.005,__perm_delta_k=50,__perm_min_effect=0,__perm_n_perm=200,__perm_post_n=10,__perm_pre_n=500,__perm_rng_seed=0,__perm_stat=delta_fused_score,divergence=0.3,error_rate=0.5,teacher_entropy=0.2",3,0,200,0.0,0,10000,10.0,25.0,200,500,1,136,1.0,0.8982954545454546,0.7958034180112222,0.0,0.24315722286701202,0.006571292411535978,0,0,20,12,-1,perm_test,0.004975124378109453,0.0569793440022077,42,12,30,0.0,0.16666666666666666,0,0.0,0.0,0.0,0.0,0,none,0,1,0,overconfident,0.95,0,mild_drift,0.9671845073169486,0.001180453370083342,0.8476624019665906,0.8771512058852932,1768145322.433915,0.06529494374990463,0.055032193660736084
111,7104,7103,sine_nodrift,sine,ts_drift_adapt,5,"error_divergence_ph_meta@error.threshold=0.10,error.min_instances=5",error_divergence_ph_meta,"{""divergence"": {""alpha"": 0.1, ""delta"": 0.005, ""min_instances"": 30, ""threshold"": 0.05}, ""error_rate"": {""alpha"": 0.15, ""delta"": 0.005, ""min_instances"": 5, ""threshold"": 0.1}}","{""error_rate"": {""min_instances"": 5, ""threshold"": 0.1}}",0.1,0.005,0.15,5,0.05,0.005,0.1,30,,,,-1,two_stage,2,0.5,"__confirm_cooldown=200,__confirm_rule=perm_test,__perm_alpha=0.005,__perm_delta_k=50,__perm_min_effect=0,__perm_n_perm=200,__perm_post_n=10,__perm_pre_n=500,__perm_rng_seed=0,__perm_stat=delta_fused_score,divergence=0.3,error_rate=0.5,teacher_entropy=0.2",3,0,200,0.0,0,10000,10.0,25.0,200,500,1,72,1.0,0.8990709459459459,0.7973766040589219,0.0,0.24246998131275177,0.008914163336157799,0,0,20,12,-1,perm_test,0.004975124378109453,0.0569793440022077,42,12,30,0.0,0.0023428709246218204,0,0.0,0.0,0.0,0.0,0,none,0,1,0,overconfident,0.95,0,mild_drift,0.9637422536584743,0.001240226685041671,0.8238312009832953,0.8660756029426466,1768145322.4630406,0.01492809783667326,0.07792577892541885
112,7168,7167,sine_nodrift,sine,ts_drift_adapt,5,"error_divergence_ph_meta@error.threshold=0.10,error.min_instances=5",error_divergence_ph_meta,"{""divergence"": {""alpha"": 0.1, ""delta"": 0.005, ""min_instances"": 30, ""threshold"": 0.05}, ""error_rate"": {""alpha"": 0.15, ""delta"": 0.005, ""min_instances"": 5, ""threshold"": 0.1}}","{""error_rate"": {""min_instances"": 5, ""threshold"": 0.1}}",0.1,0.005,0.15,5,0.05,0.005,0.1,30,,,,-1,two_stage,2,0.5,"__confirm_cooldown=200,__confirm_rule=perm_test,__perm_alpha=0.005,__perm_delta_k=50,__perm_min_effect=0,__perm_n_perm=200,__perm_post_n=10,__perm_pre_n=500,__perm_rng_seed=0,__perm_stat=delta_fused_score,divergence=0.3,error_rate=0.5,teacher_entropy=0.2",3,0,200,0.0,0,10000,10.0,25.0,200,500,1,8,1.0,0.8998325892857143,0.7989212923487772,0.0,0.2768285274505615,0.009332441724836826,0,0,20,12,-1,perm_test,0.004975124378109453,0.0569793440022077,42,12,30,0.0,0.00041827838867902756,0,0.0,0.0,0.0,0.0,0,none,0,1,0,overconfident,0.95,0,mild_drift,0.9620211268292371,0.0012701133425208357,0.8119156004916477,0.8605378014713233,1768145322.4719806,0.18303458392620087,0.0869186744093895
113,7232,7231,sine_nodrift,sine,ts_drift_adapt,5,"error_divergence_ph_meta@error.threshold=0.10,error.min_instances=5",error_divergence_ph_meta,"{""divergence"": {""alpha"": 0.1, ""delta"": 0.005, ""min_instances"": 30, ""threshold"": 0.05}, ""error_rate"": {""alpha"": 0.15, ""delta"": 0.005, ""min_instances"": 5, ""threshold"": 0.1}}","{""error_rate"": {""min_instances"": 5, ""threshold"": 0.1}}",0.1,0.005,0.15,5,0.05,0.005,0.1,30,,,,-1,two_stage,2,0.5,"__confirm_cooldown=200,__confirm_rule=perm_test,__perm_alpha=0.005,__perm_delta_k=50,__perm_min_effect=0,__perm_n_perm=200,__perm_post_n=10,__perm_pre_n=500,__perm_rng_seed=0,__perm_stat=delta_fused_score,divergence=0.3,error_rate=0.5,teacher_entropy=0.2",3,0,200,0.0,0,10000,10.0,25.0,200,500,0,0,1.0,0.9005807522123894,0.800403752056685,0.0,0.19699329137802124,0.005086581222712994,0,0,20,12,-1,perm_test,0.004975124378109453,0.0569793440022077,42,12,30,0.0,0.004245860502123833,0,0.0,0.0,0.0,0.0,0,none,0,1,0,overconfident,0.95,0,mild_drift,0.9611605634146185,0.001285056671260418,0.8059578002458239,0.8577689007356617,1768145322.481041,0.21572743356227875,0.051046837121248245
114,7296,7295,sine_nodrift,sine,ts_drift_adapt,5,"error_divergence_ph_meta@error.threshold=0.10,error.min_instances=5",error_divergence_ph_meta,"{""divergence"": {""alpha"": 0.1, ""delta"": 0.005, ""min_instances"": 30, ""threshold"": 0.05}, ""error_rate"": {""alpha"": 0.15, ""delta"": 0.005, ""min_instances"": 5, ""threshold"": 0.1}}","{""error_rate"": {""min_instances"": 5, ""threshold"": 0.1}}",0.1,0.005,0.15,5,0.05,0.005,0.1,30,,,,-1,two_stage,2,0.5,"__confirm_cooldown=200,__confirm_rule=perm_test,__perm_alpha=0.005,__perm_delta_k=50,__perm_min_effect=0,__perm_n_perm=200,__perm_post_n=10,__perm_pre_n=500,__perm_rng_seed=0,__perm_stat=delta_fused_score,divergence=0.3,error_rate=0.5,teacher_entropy=0.2",3,0,200,0.0,0,10000,10.0,25.0,200,500,0,0,1.0,0.9010416666666666,0.8013031124544042,0.0,0.2360081821680069,0.007198151666671038,0,0,20,12,-1,perm_test,0.004975124378109453,0.0569793440022077,42,12,30,0.0,0.002111570443958044,0,0.0,0.0,0.0,0.0,0,none,0,1,0,overconfident,0.95,0,mild_drift,0.9607302817073092,0.0012925283356302092,0.802978900122912,0.8563844503678308,1768145322.490295,0.05442405119538307,0.07958503067493439
115,7360,7359,sine_nodrift,sine,ts_drift_adapt,5,"error_divergence_ph_meta@error.threshold=0.10,error.min_instances=5",error_divergence_ph_meta,"{""divergence"": {""alpha"": 0.1, ""delta"": 0.005, ""min_instances"": 30, ""threshold"": 0.05}, ""error_rate"": {""alpha"": 0.15, ""delta"": 0.005, ""min_instances"": 5, ""threshold"": 0.1}}","{""error_rate"": {""min_instances"": 5, ""threshold"": 0.1}}",0.1,0.005,0.15,5,0.05,0.005,0.1,30,,,,-1,two_stage,2,0.5,"__confirm_cooldown=200,__confirm_rule=perm_test,__perm_alpha=0.005,__perm_delta_k=50,__perm_min_effect=0,__perm_n_perm=200,__perm_post_n=10,__perm_pre_n=500,__perm_rng_seed=0,__perm_stat=delta_fused_score,divergence=0.3,error_rate=0.5,teacher_entropy=0.2",3,0,200,0.0,0,10000,10.0,25.0,200,500,0,0,1.0,0.9017663043478261,0.8027586975835006,0.0,0.17464831471443176,0.0042918105609714985,0,0,20,12,-1,perm_test,0.004975124378109453,0.0569793440022077,42,12,30,0.0,0.002906341105699539,0,0.0,0.0,0.0,0.0,0,none,0,1,0,overconfident,0.95,0,mild_drift,0.9605151408536545,0.0012962641678151048,0.801489450061456,0.8556922251839154,1768145322.4999015,0.1495317965745926,0.04257975518703461
116,7424,7423,sine_nodrift,sine,ts_drift_adapt,5,"error_divergence_ph_meta@error.threshold=0.10,error.min_instances=5",error_divergence_ph_meta,"{""divergence"": {""alpha"": 0.1, ""delta"": 0.005, ""min_instances"": 30, ""threshold"": 0.05}, ""error_rate"": {""alpha"": 0.15, ""delta"": 0.005, ""min_instances"": 5, ""threshold"": 0.1}}","{""error_rate"": {""min_instances"": 5, ""threshold"": 0.1}}",0.1,0.005,0.15,5,0.05,0.005,0.1,30,,,,-1,two_stage,2,0.5,"__confirm_cooldown=200,__confirm_rule=perm_test,__perm_alpha=0.005,__perm_delta_k=50,__perm_min_effect=0,__perm_n_perm=200,__perm_post_n=10,__perm_pre_n=500,__perm_rng_seed=0,__perm_stat=delta_fused_score,divergence=0.3,error_rate=0.5,teacher_entropy=0.2",3,0,200,0.0,0,10000,10.0,25.0,200,500,0,0,1.0,0.90234375,0.8039676733136427,0.0,0.22874048352241516,0.010850513353943825,0,0,20,12,-1,perm_test,0.004975124378109453,0.0569793440022077,42,12,30,0.0,0.006558702792972326,0,0.0,0.0,0.0,0.0,0,none,0,1,0,overconfident,0.95,0,mild_drift,0.9604075704268272,0.0012981320839075524,0.800744725030728,0.8553461125919577,1768145322.5095882,0.09070321917533875,0.0886063352227211
117,7488,7487,sine_nodrift,sine,ts_drift_adapt,5,"error_divergence_ph_meta@error.threshold=0.10,error.min_instances=5",error_divergence_ph_meta,"{""divergence"": {""alpha"": 0.1, ""delta"": 0.005, ""min_instances"": 30, ""threshold"": 0.05}, ""error_rate"": {""alpha"": 0.15, ""delta"": 0.005, ""min_instances"": 5, ""threshold"": 0.1}}","{""error_rate"": {""min_instances"": 5, ""threshold"": 0.1}}",0.1,0.005,0.15,5,0.05,0.005,0.1,30,,,,-1,two_stage,2,0.5,"__confirm_cooldown=200,__confirm_rule=perm_test,__perm_alpha=0.005,__perm_delta_k=50,__perm_min_effect=0,__perm_n_perm=200,__perm_post_n=10,__perm_pre_n=500,__perm_rng_seed=0,__perm_stat=delta_fused_score,divergence=0.3,error_rate=0.5,teacher_entropy=0.2",3,0,200,0.0,0,10000,10.0,25.0,200,500,0,0,1.0,0.9031784188034188,0.805641299934913,0.0,0.2054435759782791,0.0057401638478040695,0,0,20,12,-1,perm_test,0.004975124378109453,0.0569793440022077,42,12,30,0.0,0.005110349506139755,0,0.0,0.0,0.0,0.0,0,none,0,1,0,overconfident,0.95,0,mild_drift,0.9603537852134136,0.0012990660419537762,0.800372362515364,0.8551730562959788,1768145322.519161,0.013936939649283886,0.05556214600801468
118,7552,7551,sine_nodrift,sine,ts_drift_adapt,5,"error_divergence_ph_meta@error.threshold=0.10,error.min_instances=5",error_divergence_ph_meta,"{""divergence"": {""alpha"": 0.1, ""delta"": 0.005, ""min_instances"": 30, ""threshold"": 0.05}, ""error_rate"": {""alpha"": 0.15, ""delta"": 0.005, ""min_instances"": 5, ""threshold"": 0.1}}","{""error_rate"": {""min_instances"": 5, ""threshold"": 0.1}}",0.1,0.005,0.15,5,0.05,0.005,0.1,30,,,,-1,two_stage,2,0.5,"__confirm_cooldown=200,__confirm_rule=perm_test,__perm_alpha=0.005,__perm_delta_k=50,__perm_min_effect=0,__perm_n_perm=200,__perm_post_n=10,__perm_pre_n=500,__perm_rng_seed=0,__perm_stat=delta_fused_score,divergence=0.3,error_rate=0.5,teacher_entropy=0.2",3,0,200,0.0,0,10000,10.0,25.0,200,500,0,0,1.0,0.9037341101694916,0.8068127902134035,0.16666666666666666,0.23448783159255981,0.007042623590677977,1,1,21,13,0,perm_test,0.004975124378109453,0.07319550010250786,43,13,30,0.0,0.16666666666666666,1,0.5,0.0,0.0,0.0,0,none,1,1,0,overconfident,0.95,0,stable,0.9751768926067068,0.001049533020976888,0.900186181257682,0.9000865281479895,1768145322.5359764,0.16344401240348816,0.05853210389614105
119,7616,7615,sine_nodrift,sine,ts_drift_adapt,5,"error_divergence_ph_meta@error.threshold=0.10,error.min_instances=5",error_divergence_ph_meta,"{""divergence"": {""alpha"": 0.1, ""delta"": 0.005, ""min_instances"": 30, ""threshold"": 0.05}, ""error_rate"": {""alpha"": 0.15, ""delta"": 0.005, ""min_instances"": 5, ""threshold"": 0.1}}","{""error_rate"": {""min_instances"": 5, ""threshold"": 0.1}}",0.1,0.005,0.15,5,0.05,0.005,0.1,30,,,,-1,two_stage,2,0.5,"__confirm_cooldown=200,__confirm_rule=perm_test,__perm_alpha=0.005,__perm_delta_k=50,__perm_min_effect=0,__perm_n_perm=200,__perm_post_n=10,__perm_pre_n=500,__perm_rng_seed=0,__perm_stat=delta_fused_score,divergence=0.3,error_rate=0.5,teacher_entropy=0.2",3,0,200,0.0,0,10000,10.0,25.0,200,500,1,136,1.0,0.9044117647058824,0.8081455960376547,0.0,0.22656075656414032,0.00906595028936863,0,0,21,13,-1,perm_test,0.004975124378109453,0.07319550010250786,43,13,30,0.0,0.16666666666666666,0,0.0,0.0,0.0,0.0,0,none,0,1,0,overconfident,0.95,0,mild_drift,0.9677384463033534,0.001174766510488444,0.8500930906288411,0.8775432640739947,1768145322.545309,0.09666077047586441,0.07244709134101868
120,7680,7679,sine_nodrift,sine,ts_drift_adapt,5,"error_divergence_ph_meta@error.threshold=0.10,error.min_instances=5",error_divergence_ph_meta,"{""divergence"": {""alpha"": 0.1, ""delta"": 0.005, ""min_instances"": 30, ""threshold"": 0.05}, ""error_rate"": {""alpha"": 0.15, ""delta"": 0.005, ""min_instances"": 5, ""threshold"": 0.1}}","{""error_rate"": {""min_instances"": 5, ""threshold"": 0.1}}",0.1,0.005,0.15,5,0.05,0.005,0.1,30,,,,-1,two_stage,2,0.5,"__confirm_cooldown=200,__confirm_rule=perm_test,__perm_alpha=0.005,__perm_delta_k=50,__perm_min_effect=0,__perm_n_perm=200,__perm_post_n=10,__perm_pre_n=500,__perm_rng_seed=0,__perm_stat=delta_fused_score,divergence=0.3,error_rate=0.5,teacher_entropy=0.2",3,0,200,0.0,0,10000,10.0,25.0,200,500,1,72,1.0,0.9048177083333333,0.8089924033543913,0.0,0.2872675657272339,0.014634625986218452,0,0,21,13,-1,perm_test,0.004975124378109453,0.07319550010250786,43,13,30,0.0,0.005568675696849823,0,0.0,0.0,0.0,0.0,0,none,0,1,0,overconfident,0.95,0,mild_drift,0.9640192231516767,0.0012373832552442221,0.8250465453144206,0.8662716320369974,1768145322.5545394,0.02327866666018963,0.11030224710702896
121,7744,7743,sine_nodrift,sine,ts_drift_adapt,5,"error_divergence_ph_meta@error.threshold=0.10,error.min_instances=5",error_divergence_ph_meta,"{""divergence"": {""alpha"": 0.1, ""delta"": 0.005, ""min_instances"": 30, ""threshold"": 0.05}, ""error_rate"": {""alpha"": 0.15, ""delta"": 0.005, ""min_instances"": 5, ""threshold"": 0.1}}","{""error_rate"": {""min_instances"": 5, ""threshold"": 0.1}}",0.1,0.005,0.15,5,0.05,0.005,0.1,30,,,,-1,two_stage,2,0.5,"__confirm_cooldown=200,__confirm_rule=perm_test,__perm_alpha=0.005,__perm_delta_k=50,__perm_min_effect=0,__perm_n_perm=200,__perm_post_n=10,__perm_pre_n=500,__perm_rng_seed=0,__perm_stat=delta_fused_score,divergence=0.3,error_rate=0.5,teacher_entropy=0.2",3,0,200,0.0,0,10000,10.0,25.0,200,500,1,8,1.0,0.9048295454545454,0.8089878901198966,0.16666666666666666,0.2685486078262329,0.008828718215227127,0,0,21,13,-1,perm_test,0.004975124378109453,0.07319550010250786,43,13,30,0.0,0.16666666666666666,0,0.0,0.0,0.0,0.0,0,none,0,1,0,overconfident,0.95,0,mild_drift,0.9621596115758383,0.0012686916276221111,0.8125232726572102,0.8606358160184987,1768145322.563963,0.18863801658153534,0.06258779019117355
122,7808,7807,sine_nodrift,sine,ts_drift_adapt,5,"error_divergence_ph_meta@error.threshold=0.10,error.min_instances=5",error_divergence_ph_meta,"{""divergence"": {""alpha"": 0.1, ""delta"": 0.005, ""min_instances"": 30, ""threshold"": 0.05}, ""error_rate"": {""alpha"": 0.15, ""delta"": 0.005, ""min_instances"": 5, ""threshold"": 0.1}}","{""error_rate"": {""min_instances"": 5, ""threshold"": 0.1}}",0.1,0.005,0.15,5,0.05,0.005,0.1,30,,,,-1,two_stage,2,0.5,"__confirm_cooldown=200,__confirm_rule=perm_test,__perm_alpha=0.005,__perm_delta_k=50,__perm_min_effect=0,__perm_n_perm=200,__perm_post_n=10,__perm_pre_n=500,__perm_rng_seed=0,__perm_stat=delta_fused_score,divergence=0.3,error_rate=0.5,teacher_entropy=0.2",3,0,200,0.0,0,10000,10.0,25.0,200,500,0,0,1.0,0.905609631147541,0.8105321605295003,0.0,0.1858142912387848,0.003581996075809002,0,0,21,13,-1,perm_test,0.004975124378109453,0.07319550010250786,43,13,30,0.0,0.16666666666666666,0,0.0,0.0,0.0,0.0,0,none,0,1,0,overconfident,0.95,0,mild_drift,0.9612298057879192,0.0012843458138110555,0.8062616363286051,0.8578179080092494,1768145322.5735588,0.026349389925599098,0.05540092661976814
123,7872,7871,sine_nodrift,sine,ts_drift_adapt,5,"error_divergence_ph_meta@error.threshold=0.10,error.min_instances=5",error_divergence_ph_meta,"{""divergence"": {""alpha"": 0.1, ""delta"": 0.005, ""min_instances"": 30, ""threshold"": 0.05}, ""error_rate"": {""alpha"": 0.15, ""delta"": 0.005, ""min_instances"": 5, ""threshold"": 0.1}}","{""error_rate"": {""min_instances"": 5, ""threshold"": 0.1}}",0.1,0.005,0.15,5,0.05,0.005,0.1,30,,,,-1,two_stage,2,0.5,"__confirm_cooldown=200,__confirm_rule=perm_test,__perm_alpha=0.005,__perm_delta_k=50,__perm_min_effect=0,__perm_n_perm=200,__perm_post_n=10,__perm_pre_n=500,__perm_rng_seed=0,__perm_stat=delta_fused_score,divergence=0.3,error_rate=0.5,teacher_entropy=0.2",3,0,200,0.0,0,10000,10.0,25.0,200,500,0,0,1.0,0.9061229674796748,0.8115414459228943,0.0,0.1934453248977661,0.0075882128439843655,0,1,22,13,-1,perm_test,1.0,-0.015675113080208344,44,13,31,0.16666666666666666,0.0040062167681753635,1,0.5,0.0,0.0,0.0,0,none,0,1,0,overconfident,0.95,0,mild_drift,0.9607649028939595,0.001292172906905528,0.8031308181643027,0.8564089540046247,1768145322.5833879,0.027873879298567772,0.06574682891368866
124,7936,7935,sine_nodrift,sine,ts_drift_adapt,5,"error_divergence_ph_meta@error.threshold=0.10,error.min_instances=5",error_divergence_ph_meta,"{""divergence"": {""alpha"": 0.1, ""delta"": 0.005, ""min_instances"": 30, ""threshold"": 0.05}, ""error_rate"": {""alpha"": 0.15, ""delta"": 0.005, ""min_instances"": 5, ""threshold"": 0.1}}","{""error_rate"": {""min_instances"": 5, ""threshold"": 0.1}}",0.1,0.005,0.15,5,0.05,0.005,0.1,30,,,,-1,two_stage,2,0.5,"__confirm_cooldown=200,__confirm_rule=perm_test,__perm_alpha=0.005,__perm_delta_k=50,__perm_min_effect=0,__perm_n_perm=200,__perm_post_n=10,__perm_pre_n=500,__perm_rng_seed=0,__perm_stat=delta_fused_score,divergence=0.3,error_rate=0.5,teacher_entropy=0.2",3,0,200,0.0,0,10000,10.0,25.0,200,500,0,0,1.0,0.9065020161290323,0.8122676504074662,0.0,0.2425745576620102,0.014025277458131313,0,0,22,13,-1,perm_test,0.21393034825870647,0.009454627418661687,45,13,32,0.0,0.006437064614146948,0,0.0,0.0,0.0,0.0,0,none,0,1,0,overconfident,0.95,0,mild_drift,0.9605324514469797,0.0012960864534527642,0.8015654090821513,0.8557044770023123,1768145322.5999522,0.022187592461705208,0.09168796241283417
125,8000,7999,sine_nodrift,sine,ts_drift_adapt,5,"error_divergence_ph_meta@error.threshold=0.10,error.min_instances=5",error_divergence_ph_meta,"{""divergence"": {""alpha"": 0.1, ""delta"": 0.005, ""min_instances"": 30, ""threshold"": 0.05}, ""error_rate"": {""alpha"": 0.15, ""delta"": 0.005, ""min_instances"": 5, ""threshold"": 0.1}}","{""error_rate"": {""min_instances"": 5, ""threshold"": 0.1}}",0.1,0.005,0.15,5,0.05,0.005,0.1,30,,,,-1,two_stage,2,0.5,"__confirm_cooldown=200,__confirm_rule=perm_test,__perm_alpha=0.005,__perm_delta_k=50,__perm_min_effect=0,__perm_n_perm=200,__perm_post_n=10,__perm_pre_n=500,__perm_rng_seed=0,__perm_stat=delta_fused_score,divergence=0.3,error_rate=0.5,teacher_entropy=0.2",3,0,200,0.0,0,10000,10.0,25.0,200,500,0,0,1.0,0.907125,0.8135192986819729,0.0,0.20925867557525635,0.01166564878076315,0,0,22,13,-1,perm_test,1.0,-0.010805466267843646,46,13,33,0.0,0.002359628677368164,0,0.0,0.0,0.0,0.0,0,none,0,1,0,overconfident,0.95,0,mild_drift,0.9604162257234898,0.001298043226726382,0.8007827045410757,0.8553522385011562,1768145322.6095257,0.12084456533193588,0.08322073519229889
126,8064,8063,sine_nodrift,sine,ts_drift_adapt,5,"error_divergence_ph_meta@error.threshold=0.10,error.min_instances=5",error_divergence_ph_meta,"{""divergence"": {""alpha"": 0.1, ""delta"": 0.005, ""min_instances"": 30, ""threshold"": 0.05}, ""error_rate"": {""alpha"": 0.15, ""delta"": 0.005, ""min_instances"": 5, ""threshold"": 0.1}}","{""error_rate"": {""min_instances"": 5, ""threshold"": 0.1}}",0.1,0.005,0.15,5,0.05,0.005,0.1,30,,,,-1,two_stage,2,0.5,"__confirm_cooldown=200,__confirm_rule=perm_test,__perm_alpha=0.005,__perm_delta_k=50,__perm_min_effect=0,__perm_n_perm=200,__perm_post_n=10,__perm_pre_n=500,__perm_rng_seed=0,__perm_stat=delta_fused_score,divergence=0.3,error_rate=0.5,teacher_entropy=0.2",3,0,200,0.0,0,10000,10.0,25.0,200,500,0,0,1.0,0.9077380952380952,0.8147320542150939,0.0,0.20561140775680542,0.007225534878671169,0,0,22,13,-1,perm_test,1.0,-0.011991218330315547,47,13,34,0.0,0.00444011390209198,0,0.0,0.0,0.0,0.0,0,none,0,1,0,overconfident,0.95,0,mild_drift,0.9603581128617449,0.001299021613363191,0.8003913522705379,0.855176119250578,1768145322.6209297,0.017071114853024483,0.05660634487867355
127,8128,8127,sine_nodrift,sine,ts_drift_adapt,5,"error_divergence_ph_meta@error.threshold=0.10,error.min_instances=5",error_divergence_ph_meta,"{""divergence"": {""alpha"": 0.1, ""delta"": 0.005, ""min_instances"": 30, ""threshold"": 0.05}, ""error_rate"": {""alpha"": 0.15, ""delta"": 0.005, ""min_instances"": 5, ""threshold"": 0.1}}","{""error_rate"": {""min_instances"": 5, ""threshold"": 0.1}}",0.1,0.005,0.15,5,0.05,0.005,0.1,30,,,,-1,two_stage,2,0.5,"__confirm_cooldown=200,__confirm_rule=perm_test,__perm_alpha=0.005,__perm_delta_k=50,__perm_min_effect=0,__perm_n_perm=200,__perm_post_n=10,__perm_pre_n=500,__perm_rng_seed=0,__perm_stat=delta_fused_score,divergence=0.3,error_rate=0.5,teacher_entropy=0.2",3,0,200,0.0,0,10000,10.0,25.0,200,500,0,0,1.0,0.9079724409448819,0.8152243101133453,0.0,0.25182706117630005,0.01132888998836279,0,0,22,13,-1,perm_test,1.0,-0.011991218330315547,47,13,34,0.0,0.00410335510969162,0,0.0,0.0,0.0,0.0,0,none,0,1,0,overconfident,0.95,0,mild_drift,0.9603290564308724,0.0012995108066815955,0.800195676135269,0.855088059625289,1768145322.6592867,0.02658918686211109,0.114133819937706
128,8192,8191,sine_nodrift,sine,ts_drift_adapt,5,"error_divergence_ph_meta@error.threshold=0.10,error.min_instances=5",error_divergence_ph_meta,"{""divergence"": {""alpha"": 0.1, ""delta"": 0.005, ""min_instances"": 30, ""threshold"": 0.05}, ""error_rate"": {""alpha"": 0.15, ""delta"": 0.005, ""min_instances"": 5, ""threshold"": 0.1}}","{""error_rate"": {""min_instances"": 5, ""threshold"": 0.1}}",0.1,0.005,0.15,5,0.05,0.005,0.1,30,,,,-1,two_stage,2,0.5,"__confirm_cooldown=200,__confirm_rule=perm_test,__perm_alpha=0.005,__perm_delta_k=50,__perm_min_effect=0,__perm_n_perm=200,__perm_post_n=10,__perm_pre_n=500,__perm_rng_seed=0,__perm_stat=delta_fused_score,divergence=0.3,error_rate=0.5,teacher_entropy=0.2",3,0,200,0.0,0,10000,10.0,25.0,200,500,0,0,1.0,0.9083251953125,0.8158517482822246,0.0,0.21638745069503784,0.005396061576902866,0,0,22,13,-1,perm_test,1.0,-0.011991218330315547,47,13,34,0.0,0.005932828411459923,0,0.0,0.0,0.0,0.0,0,none,0,1,0,overconfident,0.95,0,mild_drift,0.9603145282154362,0.001299755403340798,0.8000978380676345,0.8550440298126445,1768145322.6688607,0.06093348190188408,0.05107700079679489
129,8256,8255,sine_nodrift,sine,ts_drift_adapt,5,"error_divergence_ph_meta@error.threshold=0.10,error.min_instances=5",error_divergence_ph_meta,"{""divergence"": {""alpha"": 0.1, ""delta"": 0.005, ""min_instances"": 30, ""threshold"": 0.05}, ""error_rate"": {""alpha"": 0.15, ""delta"": 0.005, ""min_instances"": 5, ""threshold"": 0.1}}","{""error_rate"": {""min_instances"": 5, ""threshold"": 0.1}}",0.1,0.005,0.15,5,0.05,0.005,0.1,30,,,,-1,two_stage,2,0.5,"__confirm_cooldown=200,__confirm_rule=perm_test,__perm_alpha=0.005,__perm_delta_k=50,__perm_min_effect=0,__perm_n_perm=200,__perm_post_n=10,__perm_pre_n=500,__perm_rng_seed=0,__perm_stat=delta_fused_score,divergence=0.3,error_rate=0.5,teacher_entropy=0.2",3,0,200,0.0,0,10000,10.0,25.0,200,500,0,0,1.0,0.9089147286821705,0.8169863569982176,0.0,0.19061486423015594,0.010185847990214825,0,0,22,13,-1,perm_test,1.0,-0.011991218330315547,47,13,34,0.0,0.004789786413311958,0,0.0,0.0,0.0,0.0,0,none,0,1,0,overconfident,0.95,0,mild_drift,0.960307264107718,0.001299877701670399,0.8000489190338173,0.8550220149063222,1768145322.6767616,0.14618541300296783,0.06936708092689514
130,8320,8319,sine_nodrift,sine,ts_drift_adapt,5,"error_divergence_ph_meta@error.threshold=0.10,error.min_instances=5",error_divergence_ph_meta,"{""divergence"": {""alpha"": 0.1, ""delta"": 0.005, ""min_instances"": 30, ""threshold"": 0.05}, ""error_rate"": {""alpha"": 0.15, ""delta"": 0.005, ""min_instances"": 5, ""threshold"": 0.1}}","{""error_rate"": {""min_instances"": 5, ""threshold"": 0.1}}",0.1,0.005,0.15,5,0.05,0.005,0.1,30,,,,-1,two_stage,2,0.5,"__confirm_cooldown=200,__confirm_rule=perm_test,__perm_alpha=0.005,__perm_delta_k=50,__perm_min_effect=0,__perm_n_perm=200,__perm_post_n=10,__perm_pre_n=500,__perm_rng_seed=0,__perm_stat=delta_fused_score,divergence=0.3,error_rate=0.5,teacher_entropy=0.2",3,0,200,0.0,0,10000,10.0,25.0,200,500,0,0,1.0,0.9092548076923077,0.8176566934414699,0.0,0.20428133010864258,0.010003156960010529,0,0,22,13,-1,perm_test,1.0,-0.011991218330315547,47,13,34,0.0,0.0001826910302042961,0,0.0,0.0,0.0,0.0,0,none,0,1,0,overconfident,0.95,0,mild_drift,0.9603036320538589,0.0012999388508351997,0.8000244595169086,0.8550110074531612,1768145322.685604,0.05806765332818031,0.0836162194609642
131,8384,8383,sine_nodrift,sine,ts_drift_adapt,5,"error_divergence_ph_meta@error.threshold=0.10,error.min_instances=5",error_divergence_ph_meta,"{""divergence"": {""alpha"": 0.1, ""delta"": 0.005, ""min_instances"": 30, ""threshold"": 0.05}, ""error_rate"": {""alpha"": 0.15, ""delta"": 0.005, ""min_instances"": 5, ""threshold"": 0.1}}","{""error_rate"": {""min_instances"": 5, ""threshold"": 0.1}}",0.1,0.005,0.15,5,0.05,0.005,0.1,30,,,,-1,two_stage,2,0.5,"__confirm_cooldown=200,__confirm_rule=perm_test,__perm_alpha=0.005,__perm_delta_k=50,__perm_min_effect=0,__perm_n_perm=200,__perm_post_n=10,__perm_pre_n=500,__perm_rng_seed=0,__perm_stat=delta_fused_score,divergence=0.3,error_rate=0.5,teacher_entropy=0.2",3,0,200,0.0,0,10000,10.0,25.0,200,500,0,0,1.0,0.9095896946564885,0.8183169749944667,0.0,0.19300012290477753,0.008179552853107452,0,0,22,13,-1,perm_test,1.0,-0.011991218330315547,47,13,34,0.0,0.0018236041069030762,0,0.0,0.0,0.0,0.0,0,none,0,1,0,overconfident,0.95,0,mild_drift,0.9603018160269294,0.0012999694254175998,0.8000122297584543,0.8550055037265806,1768145322.6949935,0.0767429992556572,0.0540398508310318
132,8448,8447,sine_nodrift,sine,ts_drift_adapt,5,"error_divergence_ph_meta@error.threshold=0.10,error.min_instances=5",error_divergence_ph_meta,"{""divergence"": {""alpha"": 0.1, ""delta"": 0.005, ""min_instances"": 30, ""threshold"": 0.05}, ""error_rate"": {""alpha"": 0.15, ""delta"": 0.005, ""min_instances"": 5, ""threshold"": 0.1}}","{""error_rate"": {""min_instances"": 5, ""threshold"": 0.1}}",0.1,0.005,0.15,5,0.05,0.005,0.1,30,,,,-1,two_stage,2,0.5,"__confirm_cooldown=200,__confirm_rule=perm_test,__perm_alpha=0.005,__perm_delta_k=50,__perm_min_effect=0,__perm_n_perm=200,__perm_post_n=10,__perm_pre_n=500,__perm_rng_seed=0,__perm_stat=delta_fused_score,divergence=0.3,error_rate=0.5,teacher_entropy=0.2",3,0,200,0.0,0,10000,10.0,25.0,200,500,0,0,1.0,0.9102746212121212,0.8196748123527512,0.0,0.19475875794887543,0.00794921163469553,0,0,22,13,-1,perm_test,1.0,-0.011991218330315547,47,13,34,0.0,0.00023034121841192245,0,0.0,0.0,0.0,0.0,0,none,0,1,0,overconfident,0.95,0,mild_drift,0.9603009080134647,0.0012999847127088,0.8000061148792272,0.8550027518632903,1768145322.7044506,0.03620021417737007,0.06434807181358337
133,8512,8511,sine_nodrift,sine,ts_drift_adapt,5,"error_divergence_ph_meta@error.threshold=0.10,error.min_instances=5",error_divergence_ph_meta,"{""divergence"": {""alpha"": 0.1, ""delta"": 0.005, ""min_instances"": 30, ""threshold"": 0.05}, ""error_rate"": {""alpha"": 0.15, ""delta"": 0.005, ""min_instances"": 5, ""threshold"": 0.1}}","{""error_rate"": {""min_instances"": 5, ""threshold"": 0.1}}",0.1,0.005,0.15,5,0.05,0.005,0.1,30,,,,-1,two_stage,2,0.5,"__confirm_cooldown=200,__confirm_rule=perm_test,__perm_alpha=0.005,__perm_delta_k=50,__perm_min_effect=0,__perm_n_perm=200,__perm_post_n=10,__perm_pre_n=500,__perm_rng_seed=0,__perm_stat=delta_fused_score,divergence=0.3,error_rate=0.5,teacher_entropy=0.2",3,0,200,0.0,0,10000,10.0,25.0,200,500,0,0,1.0,0.9109492481203008,0.8209933401191347,0.0,0.2380523383617401,0.009100588038563728,0,0,22,13,-1,perm_test,1.0,-0.011991218330315547,47,13,34,0.0,0.0011513764038681984,0,0.0,0.0,0.0,0.0,0,none,0,1,0,overconfident,0.95,0,mild_drift,0.9603004540067324,0.0012999923563544002,0.8000030574396136,0.8550013759316452,1768145322.713832,0.0228644460439682,0.07901273667812347
134,8576,8575,sine_nodrift,sine,ts_drift_adapt,5,"error_divergence_ph_meta@error.threshold=0.10,error.min_instances=5",error_divergence_ph_meta,"{""divergence"": {""alpha"": 0.1, ""delta"": 0.005, ""min_instances"": 30, ""threshold"": 0.05}, ""error_rate"": {""alpha"": 0.15, ""delta"": 0.005, ""min_instances"": 5, ""threshold"": 0.1}}","{""error_rate"": {""min_instances"": 5, ""threshold"": 0.1}}",0.1,0.005,0.15,5,0.05,0.005,0.1,30,,,,-1,two_stage,2,0.5,"__confirm_cooldown=200,__confirm_rule=perm_test,__perm_alpha=0.005,__perm_delta_k=50,__perm_min_effect=0,__perm_n_perm=200,__perm_post_n=10,__perm_pre_n=500,__perm_rng_seed=0,__perm_stat=delta_fused_score,divergence=0.3,error_rate=0.5,teacher_entropy=0.2",3,0,200,0.0,0,10000,10.0,25.0,200,500,0,0,1.0,0.9116138059701493,0.8222857243773789,0.0,0.16416354477405548,0.007107981480658054,0,0,22,13,-1,perm_test,1.0,-0.011991218330315547,47,13,34,0.0,0.001992606557905674,0,0.0,0.0,0.0,0.0,0,none,0,1,0,overconfident,0.95,0,mild_drift,0.9603002270033661,0.0012999961781772003,0.8000015287198068,0.8550006879658225,1768145322.7234166,0.016895873472094536,0.06933189183473587
135,8640,8639,sine_nodrift,sine,ts_drift_adapt,5,"error_divergence_ph_meta@error.threshold=0.10,error.min_instances=5",error_divergence_ph_meta,"{""divergence"": {""alpha"": 0.1, ""delta"": 0.005, ""min_instances"": 30, ""threshold"": 0.05}, ""error_rate"": {""alpha"": 0.15, ""delta"": 0.005, ""min_instances"": 5, ""threshold"": 0.1}}","{""error_rate"": {""min_instances"": 5, ""threshold"": 0.1}}",0.1,0.005,0.15,5,0.05,0.005,0.1,30,,,,-1,two_stage,2,0.5,"__confirm_cooldown=200,__confirm_rule=perm_test,__perm_alpha=0.005,__perm_delta_k=50,__perm_min_effect=0,__perm_n_perm=200,__perm_post_n=10,__perm_pre_n=500,__perm_rng_seed=0,__perm_stat=delta_fused_score,divergence=0.3,error_rate=0.5,teacher_entropy=0.2",3,0,200,0.0,0,10000,10.0,25.0,200,500,0,0,1.0,0.9120370370370371,0.8230996834253748,0.0,0.17687064409255981,0.010773363523185253,0,0,22,13,-1,perm_test,1.0,-0.011991218330315547,47,13,34,0.0,0.003665382042527199,0,0.0,0.0,0.0,0.0,0,none,0,1,0,overconfident,0.95,0,mild_drift,0.9603001135016831,0.0012999980890886003,0.8000007643599034,0.8550003439829112,1768145322.7332454,0.02083943597972393,0.08286407589912415
136,8704,8703,sine_nodrift,sine,ts_drift_adapt,5,"error_divergence_ph_meta@error.threshold=0.10,error.min_instances=5",error_divergence_ph_meta,"{""divergence"": {""alpha"": 0.1, ""delta"": 0.005, ""min_instances"": 30, ""threshold"": 0.05}, ""error_rate"": {""alpha"": 0.15, ""delta"": 0.005, ""min_instances"": 5, ""threshold"": 0.1}}","{""error_rate"": {""min_instances"": 5, ""threshold"": 0.1}}",0.1,0.005,0.15,5,0.05,0.005,0.1,30,,,,-1,two_stage,2,0.5,"__confirm_cooldown=200,__confirm_rule=perm_test,__perm_alpha=0.005,__perm_delta_k=50,__perm_min_effect=0,__perm_n_perm=200,__perm_post_n=10,__perm_pre_n=500,__perm_rng_seed=0,__perm_stat=delta_fused_score,divergence=0.3,error_rate=0.5,teacher_entropy=0.2",3,0,200,0.0,0,10000,10.0,25.0,200,500,0,0,1.0,0.9123391544117647,0.8237087204874819,0.0,0.18292678892612457,0.010285894386470318,0,0,22,13,-1,perm_test,1.0,-0.011991218330315547,47,13,34,0.0,0.0004874691367149353,0,0.0,0.0,0.0,0.0,0,none,0,1,0,overconfident,0.95,0,mild_drift,0.9603000567508415,0.0012999990445443001,0.8000003821799517,0.8550001719914556,1768145322.7428164,0.013317971490323544,0.09708721190690994
137,8768,8767,sine_nodrift,sine,ts_drift_adapt,5,"error_divergence_ph_meta@error.threshold=0.10,error.min_instances=5",error_divergence_ph_meta,"{""divergence"": {""alpha"": 0.1, ""delta"": 0.005, ""min_instances"": 30, ""threshold"": 0.05}, ""error_rate"": {""alpha"": 0.15, ""delta"": 0.005, ""min_instances"": 5, ""threshold"": 0.1}}","{""error_rate"": {""min_instances"": 5, ""threshold"": 0.1}}",0.1,0.005,0.15,5,0.05,0.005,0.1,30,,,,-1,two_stage,2,0.5,"__confirm_cooldown=200,__confirm_rule=perm_test,__perm_alpha=0.005,__perm_delta_k=50,__perm_min_effect=0,__perm_n_perm=200,__perm_post_n=10,__perm_pre_n=500,__perm_rng_seed=0,__perm_stat=delta_fused_score,divergence=0.3,error_rate=0.5,teacher_entropy=0.2",3,0,200,0.0,0,10000,10.0,25.0,200,500,0,0,1.0,0.9126368613138686,0.8243276977620161,0.0,0.17248842120170593,0.017441662028431892,0,0,22,13,-1,perm_test,1.0,-0.011991218330315547,47,13,34,0.0,0.0071557676419615746,0,0.0,0.0,0.0,0.0,0,none,0,1,0,overconfident,0.95,0,mild_drift,0.9603000283754207,0.00129999952227215,0.8000001910899759,0.8550000859957279,1768145322.7524686,0.03511352464556694,0.13391603529453278
138,8832,8831,sine_nodrift,sine,ts_drift_adapt,5,"error_divergence_ph_meta@error.threshold=0.10,error.min_instances=5",error_divergence_ph_meta,"{""divergence"": {""alpha"": 0.1, ""delta"": 0.005, ""min_instances"": 30, ""threshold"": 0.05}, ""error_rate"": {""alpha"": 0.15, ""delta"": 0.005, ""min_instances"": 5, ""threshold"": 0.1}}","{""error_rate"": {""min_instances"": 5, ""threshold"": 0.1}}",0.1,0.005,0.15,5,0.05,0.005,0.1,30,,,,-1,two_stage,2,0.5,"__confirm_cooldown=200,__confirm_rule=perm_test,__perm_alpha=0.005,__perm_delta_k=50,__perm_min_effect=0,__perm_n_perm=200,__perm_post_n=10,__perm_pre_n=500,__perm_rng_seed=0,__perm_stat=delta_fused_score,divergence=0.3,error_rate=0.5,teacher_entropy=0.2",3,0,200,0.0,0,10000,10.0,25.0,200,500,0,0,1.0,0.9131567028985508,0.8254210423013296,0.0,0.1878056675195694,0.004243474453687668,0,0,22,13,-1,perm_test,1.0,-0.011991218330315547,47,13,34,0.0,0.013198187574744225,0,0.0,0.0,0.0,0.0,0,none,0,1,0,overconfident,0.95,0,mild_drift,0.9603000141877103,0.0012999997611360752,0.800000095544988,0.8550000429978639,1768145322.7621126,0.04423585906624794,0.043463341891765594
139,8896,8895,sine_nodrift,sine,ts_drift_adapt,5,"error_divergence_ph_meta@error.threshold=0.10,error.min_instances=5",error_divergence_ph_meta,"{""divergence"": {""alpha"": 0.1, ""delta"": 0.005, ""min_instances"": 30, ""threshold"": 0.05}, ""error_rate"": {""alpha"": 0.15, ""delta"": 0.005, ""min_instances"": 5, ""threshold"": 0.1}}","{""error_rate"": {""min_instances"": 5, ""threshold"": 0.1}}",0.1,0.005,0.15,5,0.05,0.005,0.1,30,,,,-1,two_stage,2,0.5,"__confirm_cooldown=200,__confirm_rule=perm_test,__perm_alpha=0.005,__perm_delta_k=50,__perm_min_effect=0,__perm_n_perm=200,__perm_post_n=10,__perm_pre_n=500,__perm_rng_seed=0,__perm_stat=delta_fused_score,divergence=0.3,error_rate=0.5,teacher_entropy=0.2",3,0,200,0.0,0,10000,10.0,25.0,200,500,0,0,1.0,0.9136690647482014,0.826461838575957,0.0,0.14083580672740936,0.00407249154523015,0,0,22,13,-1,perm_test,1.0,-0.011991218330315547,47,13,34,0.0,0.00017098290845751762,0,0.0,0.0,0.0,0.0,0,none,0,1,0,overconfident,0.95,0,stable,0.9751500070938551,0.0010499998805680376,0.900000047772494,0.900000021498932,1768145322.7719102,0.052231937646865845,0.04678407683968544
140,8960,8959,sine_nodrift,sine,ts_drift_adapt,5,"error_divergence_ph_meta@error.threshold=0.10,error.min_instances=5",error_divergence_ph_meta,"{""divergence"": {""alpha"": 0.1, ""delta"": 0.005, ""min_instances"": 30, ""threshold"": 0.05}, ""error_rate"": {""alpha"": 0.15, ""delta"": 0.005, ""min_instances"": 5, ""threshold"": 0.1}}","{""error_rate"": {""min_instances"": 5, ""threshold"": 0.1}}",0.1,0.005,0.15,5,0.05,0.005,0.1,30,,,,-1,two_stage,2,0.5,"__confirm_cooldown=200,__confirm_rule=perm_test,__perm_alpha=0.005,__perm_delta_k=50,__perm_min_effect=0,__perm_n_perm=200,__perm_post_n=10,__perm_pre_n=500,__perm_rng_seed=0,__perm_stat=delta_fused_score,divergence=0.3,error_rate=0.5,teacher_entropy=0.2",3,0,200,0.0,0,10000,10.0,25.0,200,500,0,0,1.0,0.9139508928571428,0.8270408506628978,0.0,0.17055274546146393,0.0102126719430089,0,0,22,13,-1,perm_test,1.0,-0.011991218330315547,47,13,34,0.0,0.0061401803977787495,0,0.0,0.0,0.0,0.0,0,none,0,1,0,overconfident,0.95,0,stable,0.9825750035469276,0.0009249999402840187,0.9500000238862469,0.9225000107494661,1768145322.781814,0.04707356169819832,0.09793484956026077
141,9024,9023,sine_nodrift,sine,ts_drift_adapt,5,"error_divergence_ph_meta@error.threshold=0.10,error.min_instances=5",error_divergence_ph_meta,"{""divergence"": {""alpha"": 0.1, ""delta"": 0.005, ""min_instances"": 30, ""threshold"": 0.05}, ""error_rate"": {""alpha"": 0.15, ""delta"": 0.005, ""min_instances"": 5, ""threshold"": 0.1}}","{""error_rate"": {""min_instances"": 5, ""threshold"": 0.1}}",0.1,0.005,0.15,5,0.05,0.005,0.1,30,,,,-1,two_stage,2,0.5,"__confirm_cooldown=200,__confirm_rule=perm_test,__perm_alpha=0.005,__perm_delta_k=50,__perm_min_effect=0,__perm_n_perm=200,__perm_post_n=10,__perm_pre_n=500,__perm_rng_seed=0,__perm_stat=delta_fused_score,divergence=0.3,error_rate=0.5,teacher_entropy=0.2",3,0,200,0.0,0,10000,10.0,25.0,200,500,0,0,1.0,0.9143395390070922,0.8278549727146428,0.16666666666666666,0.14852263033390045,0.006119019817560911,1,1,23,14,0,perm_test,0.004975124378109453,0.07762959317734287,48,14,34,0.16666666666666666,0.16666666666666666,1,0.5,0.0,0.0,0.0,0,none,1,1,0,overconfident,0.95,0,severe_drift,0.9367875017734638,0.0014624999701420094,0.7250000119431235,0.8662500053747331,1768145322.7988653,0.1591508388519287,0.047068383544683456
142,9088,9087,sine_nodrift,sine,ts_drift_adapt,5,"error_divergence_ph_meta@error.threshold=0.10,error.min_instances=5",error_divergence_ph_meta,"{""divergence"": {""alpha"": 0.1, ""delta"": 0.005, ""min_instances"": 30, ""threshold"": 0.05}, ""error_rate"": {""alpha"": 0.15, ""delta"": 0.005, ""min_instances"": 5, ""threshold"": 0.1}}","{""error_rate"": {""min_instances"": 5, ""threshold"": 0.1}}",0.1,0.005,0.15,5,0.05,0.005,0.1,30,,,,-1,two_stage,2,0.5,"__confirm_cooldown=200,__confirm_rule=perm_test,__perm_alpha=0.005,__perm_delta_k=50,__perm_min_effect=0,__perm_n_perm=200,__perm_post_n=10,__perm_pre_n=500,__perm_rng_seed=0,__perm_stat=delta_fused_score,divergence=0.3,error_rate=0.5,teacher_entropy=0.2",3,0,200,0.0,0,10000,10.0,25.0,200,500,1,136,1.0,0.9149427816901409,0.8290228082064489,0.0,0.1507369875907898,0.004229703918099403,0,0,23,14,-1,perm_test,0.004975124378109453,0.07762959317734287,48,14,34,0.0,0.16666666666666666,0,0.0,0.0,0.0,0.0,0,none,0,1,0,overconfident,0.95,0,mild_drift,0.9485437508867318,0.0013812499850710048,0.7625000059715618,0.8606250026873665,1768145322.8084383,0.029878541827201843,0.0447063073515892
143,9152,9151,sine_nodrift,sine,ts_drift_adapt,5,"error_divergence_ph_meta@error.threshold=0.10,error.min_instances=5",error_divergence_ph_meta,"{""divergence"": {""alpha"": 0.1, ""delta"": 0.005, ""min_instances"": 30, ""threshold"": 0.05}, ""error_rate"": {""alpha"": 0.15, ""delta"": 0.005, ""min_instances"": 5, ""threshold"": 0.1}}","{""error_rate"": {""min_instances"": 5, ""threshold"": 0.1}}",0.1,0.005,0.15,5,0.05,0.005,0.1,30,,,,-1,two_stage,2,0.5,"__confirm_cooldown=200,__confirm_rule=perm_test,__perm_alpha=0.005,__perm_delta_k=50,__perm_min_effect=0,__perm_n_perm=200,__perm_post_n=10,__perm_pre_n=500,__perm_rng_seed=0,__perm_stat=delta_fused_score,divergence=0.3,error_rate=0.5,teacher_entropy=0.2",3,0,200,0.0,0,10000,10.0,25.0,200,500,1,72,1.0,0.9155375874125874,0.8302415497701486,0.0,0.14796283841133118,0.0037665157578885555,0,0,23,14,-1,perm_test,0.004975124378109453,0.07762959317734287,48,14,34,0.0,0.00046318816021084785,0,0.0,0.0,0.0,0.0,0,none,0,1,0,overconfident,0.95,0,mild_drift,0.9544218754433659,0.0013406249925355025,0.781250002985781,0.8578125013436833,1768145322.8190844,0.12869513034820557,0.04063185304403305
144,9216,9215,sine_nodrift,sine,ts_drift_adapt,5,"error_divergence_ph_meta@error.threshold=0.10,error.min_instances=5",error_divergence_ph_meta,"{""divergence"": {""alpha"": 0.1, ""delta"": 0.005, ""min_instances"": 30, ""threshold"": 0.05}, ""error_rate"": {""alpha"": 0.15, ""delta"": 0.005, ""min_instances"": 5, ""threshold"": 0.1}}","{""error_rate"": {""min_instances"": 5, ""threshold"": 0.1}}",0.1,0.005,0.15,5,0.05,0.005,0.1,30,,,,-1,two_stage,2,0.5,"__confirm_cooldown=200,__confirm_rule=perm_test,__perm_alpha=0.005,__perm_delta_k=50,__perm_min_effect=0,__perm_n_perm=200,__perm_post_n=10,__perm_pre_n=500,__perm_rng_seed=0,__perm_stat=delta_fused_score,divergence=0.3,error_rate=0.5,teacher_entropy=0.2",3,0,200,0.0,0,10000,10.0,25.0,200,500,1,8,1.0,0.9159071180555556,0.8309611471921716,0.0,0.16368484497070312,0.008550647646188736,0,0,23,14,-1,perm_test,0.004975124378109453,0.07762959317734287,48,14,34,0.0,0.0047841318883001804,0,0.0,0.0,0.0,0.0,0,none,0,1,0,overconfident,0.95,0,mild_drift,0.957360937721683,0.0013203124962677514,0.7906250014928905,0.8564062506718416,1768145322.8482099,0.11635639518499374,0.07596824318170547
145,9280,9279,sine_nodrift,sine,ts_drift_adapt,5,"error_divergence_ph_meta@error.threshold=0.10,error.min_instances=5",error_divergence_ph_meta,"{""divergence"": {""alpha"": 0.1, ""delta"": 0.005, ""min_instances"": 30, ""threshold"": 0.05}, ""error_rate"": {""alpha"": 0.15, ""delta"": 0.005, ""min_instances"": 5, ""threshold"": 0.1}}","{""error_rate"": {""min_instances"": 5, ""threshold"": 0.1}}",0.1,0.005,0.15,5,0.05,0.005,0.1,30,,,,-1,two_stage,2,0.5,"__confirm_cooldown=200,__confirm_rule=perm_test,__perm_alpha=0.005,__perm_delta_k=50,__perm_min_effect=0,__perm_n_perm=200,__perm_post_n=10,__perm_pre_n=500,__perm_rng_seed=0,__perm_stat=delta_fused_score,divergence=0.3,error_rate=0.5,teacher_entropy=0.2",3,0,200,0.0,0,10000,10.0,25.0,200,500,0,0,1.0,0.9162715517241379,0.8316890875493304,0.0,0.16669273376464844,0.006522505544126034,0,0,23,14,-1,perm_test,0.004975124378109453,0.07762959317734287,48,14,34,0.0,0.002028142102062702,0,0.0,0.0,0.0,0.0,0,none,0,1,0,overconfident,0.95,0,mild_drift,0.9588304688608414,0.0013101562481338757,0.7953125007464452,0.8557031253359209,1768145322.8699691,0.10391952842473984,0.07580307126045227
146,9344,9343,sine_nodrift,sine,ts_drift_adapt,5,"error_divergence_ph_meta@error.threshold=0.10,error.min_instances=5",error_divergence_ph_meta,"{""divergence"": {""alpha"": 0.1, ""delta"": 0.005, ""min_instances"": 30, ""threshold"": 0.05}, ""error_rate"": {""alpha"": 0.15, ""delta"": 0.005, ""min_instances"": 5, ""threshold"": 0.1}}","{""error_rate"": {""min_instances"": 5, ""threshold"": 0.1}}",0.1,0.005,0.15,5,0.05,0.005,0.1,30,,,,-1,two_stage,2,0.5,"__confirm_cooldown=200,__confirm_rule=perm_test,__perm_alpha=0.005,__perm_delta_k=50,__perm_min_effect=0,__perm_n_perm=200,__perm_post_n=10,__perm_pre_n=500,__perm_rng_seed=0,__perm_stat=delta_fused_score,divergence=0.3,error_rate=0.5,teacher_entropy=0.2",3,0,200,0.0,0,10000,10.0,25.0,200,500,0,0,1.0,0.9165239726027398,0.8321883901936749,0.0,0.16603483259677887,0.004919226281344891,0,0,23,14,-1,perm_test,0.004975124378109453,0.07762959317734287,48,14,34,0.0,0.0016032792627811432,0,0.0,0.0,0.0,0.0,0,none,0,1,0,overconfident,0.95,0,mild_drift,0.9595652344304206,0.001305078124066938,0.7976562503732226,0.8553515626679604,1768145322.8792229,0.02997557632625103,0.0551825575530529
147,9408,9407,sine_nodrift,sine,ts_drift_adapt,5,"error_divergence_ph_meta@error.threshold=0.10,error.min_instances=5",error_divergence_ph_meta,"{""divergence"": {""alpha"": 0.1, ""delta"": 0.005, ""min_instances"": 30, ""threshold"": 0.05}, ""error_rate"": {""alpha"": 0.15, ""delta"": 0.005, ""min_instances"": 5, ""threshold"": 0.1}}","{""error_rate"": {""min_instances"": 5, ""threshold"": 0.1}}",0.1,0.005,0.15,5,0.05,0.005,0.1,30,,,,-1,two_stage,2,0.5,"__confirm_cooldown=200,__confirm_rule=perm_test,__perm_alpha=0.005,__perm_delta_k=50,__perm_min_effect=0,__perm_n_perm=200,__perm_post_n=10,__perm_pre_n=500,__perm_rng_seed=0,__perm_stat=delta_fused_score,divergence=0.3,error_rate=0.5,teacher_entropy=0.2",3,0,200,0.0,0,10000,10.0,25.0,200,500,0,0,1.0,0.9167729591836735,0.8326846923359336,0.0,0.15175707638263702,0.014756483025848866,0,0,23,14,-1,perm_test,0.004975124378109453,0.07762959317734287,48,14,34,0.0,0.009837256744503975,0,0.0,0.0,0.0,0.0,0,none,0,1,0,overconfident,0.95,0,mild_drift,0.9599326172152103,0.0013025390620334692,0.7988281251866114,0.8551757813339802,1768145322.8884597,0.009326142258942127,0.14938712120056152
148,9472,9471,sine_nodrift,sine,ts_drift_adapt,5,"error_divergence_ph_meta@error.threshold=0.10,error.min_instances=5",error_divergence_ph_meta,"{""divergence"": {""alpha"": 0.1, ""delta"": 0.005, ""min_instances"": 30, ""threshold"": 0.05}, ""error_rate"": {""alpha"": 0.15, ""delta"": 0.005, ""min_instances"": 5, ""threshold"": 0.1}}","{""error_rate"": {""min_instances"": 5, ""threshold"": 0.1}}",0.1,0.005,0.15,5,0.05,0.005,0.1,30,,,,-1,two_stage,2,0.5,"__confirm_cooldown=200,__confirm_rule=perm_test,__perm_alpha=0.005,__perm_delta_k=50,__perm_min_effect=0,__perm_n_perm=200,__perm_post_n=10,__perm_pre_n=500,__perm_rng_seed=0,__perm_stat=delta_fused_score,divergence=0.3,error_rate=0.5,teacher_entropy=0.2",3,0,200,0.0,0,10000,10.0,25.0,200,500,0,0,1.0,0.917018581081081,0.8331420834002707,0.0,0.16591964662075043,0.004487048368901014,0,0,23,14,-1,perm_test,0.004975124378109453,0.07762959317734287,48,14,34,0.0,0.010269434656947851,0,0.0,0.0,0.0,0.0,0,none,0,1,0,overconfident,0.95,0,mild_drift,0.9601163086076051,0.0013012695310167348,0.7994140625933057,0.8550878906669901,1768145322.8977919,0.017377885058522224,0.03706963360309601
149,9536,9535,sine_nodrift,sine,ts_drift_adapt,5,"error_divergence_ph_meta@error.threshold=0.10,error.min_instances=5",error_divergence_ph_meta,"{""divergence"": {""alpha"": 0.1, ""delta"": 0.005, ""min_instances"": 30, ""threshold"": 0.05}, ""error_rate"": {""alpha"": 0.15, ""delta"": 0.005, ""min_instances"": 5, ""threshold"": 0.1}}","{""error_rate"": {""min_instances"": 5, ""threshold"": 0.1}}",0.1,0.005,0.15,5,0.05,0.005,0.1,30,,,,-1,two_stage,2,0.5,"__confirm_cooldown=200,__confirm_rule=perm_test,__perm_alpha=0.005,__perm_delta_k=50,__perm_min_effect=0,__perm_n_perm=200,__perm_post_n=10,__perm_pre_n=500,__perm_rng_seed=0,__perm_stat=delta_fused_score,divergence=0.3,error_rate=0.5,teacher_entropy=0.2",3,0,200,0.0,0,10000,10.0,25.0,200,500,0,0,1.0,0.9173657718120806,0.833802014944612,0.0,0.1628938764333725,0.003042866475880146,0,0,23,14,-1,perm_test,0.004975124378109453,0.07762959317734287,48,14,34,0.0,0.0014441818930208683,0,0.0,0.0,0.0,0.0,0,none,0,1,0,overconfident,0.95,0,mild_drift,0.9602081543038026,0.0013006347655083674,0.7997070312966529,0.855043945333495,1768145322.9071717,0.036439571529626846,0.03075050376355648
150,9600,9599,sine_nodrift,sine,ts_drift_adapt,5,"error_divergence_ph_meta@error.threshold=0.10,error.min_instances=5",error_divergence_ph_meta,"{""divergence"": {""alpha"": 0.1, ""delta"": 0.005, ""min_instances"": 30, ""threshold"": 0.05}, ""error_rate"": {""alpha"": 0.15, ""delta"": 0.005, ""min_instances"": 5, ""threshold"": 0.1}}","{""error_rate"": {""min_instances"": 5, ""threshold"": 0.1}}",0.1,0.005,0.15,5,0.05,0.005,0.1,30,,,,-1,two_stage,2,0.5,"__confirm_cooldown=200,__confirm_rule=perm_test,__perm_alpha=0.005,__perm_delta_k=50,__perm_min_effect=0,__perm_n_perm=200,__perm_post_n=10,__perm_pre_n=500,__perm_rng_seed=0,__perm_stat=delta_fused_score,divergence=0.3,error_rate=0.5,teacher_entropy=0.2",3,0,200,0.0,0,10000,10.0,25.0,200,500,0,0,1.0,0.9178125,0.8347094020026036,0.0,0.14172512292861938,0.0034935432486236095,0,0,23,14,-1,perm_test,0.004975124378109453,0.07762959317734287,48,14,34,0.0,0.0004506767727434635,0,0.0,0.0,0.0,0.0,0,none,0,1,0,overconfident,0.95,0,mild_drift,0.9602540771519013,0.0013003173827541839,0.7998535156483264,0.8550219726667475,1768145322.9167588,0.014033394865691662,0.04454437643289566
151,9664,9663,sine_nodrift,sine,ts_drift_adapt,5,"error_divergence_ph_meta@error.threshold=0.10,error.min_instances=5",error_divergence_ph_meta,"{""divergence"": {""alpha"": 0.1, ""delta"": 0.005, ""min_instances"": 30, ""threshold"": 0.05}, ""error_rate"": {""alpha"": 0.15, ""delta"": 0.005, ""min_instances"": 5, ""threshold"": 0.1}}","{""error_rate"": {""min_instances"": 5, ""threshold"": 0.1}}",0.1,0.005,0.15,5,0.05,0.005,0.1,30,,,,-1,two_stage,2,0.5,"__confirm_cooldown=200,__confirm_rule=perm_test,__perm_alpha=0.005,__perm_delta_k=50,__perm_min_effect=0,__perm_n_perm=200,__perm_post_n=10,__perm_pre_n=500,__perm_rng_seed=0,__perm_stat=delta_fused_score,divergence=0.3,error_rate=0.5,teacher_entropy=0.2",3,0,200,0.0,0,10000,10.0,25.0,200,500,0,0,1.0,0.918046357615894,0.8352080291164589,0.16666666666666666,0.16373811662197113,0.006339589599519968,1,1,24,15,0,perm_test,0.004975124378109453,0.07532875445336011,49,15,34,0.0,0.16666666666666666,1,0.5,0.0,0.0,0.0,0,none,1,1,0,overconfident,0.95,0,stable,0.9751270385759506,0.001050158691377092,0.8999267578241632,0.9000109863333738,1768145322.933196,0.1768590211868286,0.05764937400817871
152,9728,9727,sine_nodrift,sine,ts_drift_adapt,5,"error_divergence_ph_meta@error.threshold=0.10,error.min_instances=5",error_divergence_ph_meta,"{""divergence"": {""alpha"": 0.1, ""delta"": 0.005, ""min_instances"": 30, ""threshold"": 0.05}, ""error_rate"": {""alpha"": 0.15, ""delta"": 0.005, ""min_instances"": 5, ""threshold"": 0.1}}","{""error_rate"": {""min_instances"": 5, ""threshold"": 0.1}}",0.1,0.005,0.15,5,0.05,0.005,0.1,30,,,,-1,two_stage,2,0.5,"__confirm_cooldown=200,__confirm_rule=perm_test,__perm_alpha=0.005,__perm_delta_k=50,__perm_min_effect=0,__perm_n_perm=200,__perm_post_n=10,__perm_pre_n=500,__perm_rng_seed=0,__perm_stat=delta_fused_score,divergence=0.3,error_rate=0.5,teacher_entropy=0.2",3,0,200,0.0,0,10000,10.0,25.0,200,500,1,136,1.0,0.9182771381578947,0.8356477528351111,0.0,0.17765063047409058,0.007772757671773434,0,0,24,15,-1,perm_test,0.004975124378109453,0.07532875445336011,49,15,34,0.0,0.16666666666666666,0,0.0,0.0,0.0,0.0,0,none,0,1,0,overconfident,0.95,0,mild_drift,0.9677135192879753,0.001175079345688546,0.8499633789120816,0.8775054931666869,1768145322.9427195,0.007222173735499382,0.05912376195192337
153,9792,9791,sine_nodrift,sine,ts_drift_adapt,5,"error_divergence_ph_meta@error.threshold=0.10,error.min_instances=5",error_divergence_ph_meta,"{""divergence"": {""alpha"": 0.1, ""delta"": 0.005, ""min_instances"": 30, ""threshold"": 0.05}, ""error_rate"": {""alpha"": 0.15, ""delta"": 0.005, ""min_instances"": 5, ""threshold"": 0.1}}","{""error_rate"": {""min_instances"": 5, ""threshold"": 0.1}}",0.1,0.005,0.15,5,0.05,0.005,0.1,30,,,,-1,two_stage,2,0.5,"__confirm_cooldown=200,__confirm_rule=perm_test,__perm_alpha=0.005,__perm_delta_k=50,__perm_min_effect=0,__perm_n_perm=200,__perm_post_n=10,__perm_pre_n=500,__perm_rng_seed=0,__perm_stat=delta_fused_score,divergence=0.3,error_rate=0.5,teacher_entropy=0.2",3,0,200,0.0,0,10000,10.0,25.0,200,500,1,72,1.0,0.9188112745098039,0.8367388848957799,0.0,0.16907088458538055,0.009177145548164845,0,0,24,15,-1,perm_test,0.004975124378109453,0.07532875445336011,49,15,34,0.0,0.0014043878763914108,0,0.0,0.0,0.0,0.0,0,none,0,1,0,overconfident,0.95,0,mild_drift,0.9640067596439876,0.001237539672844273,0.8249816894560409,0.8662527465833434,1768145322.951933,0.03273448720574379,0.06915134191513062
154,9856,9855,sine_nodrift,sine,ts_drift_adapt,5,"error_divergence_ph_meta@error.threshold=0.10,error.min_instances=5",error_divergence_ph_meta,"{""divergence"": {""alpha"": 0.1, ""delta"": 0.005, ""min_instances"": 30, ""threshold"": 0.05}, ""error_rate"": {""alpha"": 0.15, ""delta"": 0.005, ""min_instances"": 5, ""threshold"": 0.1}}","{""error_rate"": {""min_instances"": 5, ""threshold"": 0.1}}",0.1,0.005,0.15,5,0.05,0.005,0.1,30,,,,-1,two_stage,2,0.5,"__confirm_cooldown=200,__confirm_rule=perm_test,__perm_alpha=0.005,__perm_delta_k=50,__perm_min_effect=0,__perm_n_perm=200,__perm_post_n=10,__perm_pre_n=500,__perm_rng_seed=0,__perm_stat=delta_fused_score,divergence=0.3,error_rate=0.5,teacher_entropy=0.2",3,0,200,0.0,0,10000,10.0,25.0,200,500,1,8,1.0,0.919237012987013,0.8375931165801138,0.0,0.22171375155448914,0.011176535859704018,0,0,24,15,-1,perm_test,0.004975124378109453,0.07532875445336011,49,15,34,0.0,0.001999390311539173,0,0.0,0.0,0.0,0.0,0,none,0,1,0,overconfident,0.95,0,mild_drift,0.9621533798219938,0.0012687698364221367,0.8124908447280205,0.8606263732916717,1768145322.9611669,0.027354052290320396,0.07545046508312225
155,9920,9919,sine_nodrift,sine,ts_drift_adapt,5,"error_divergence_ph_meta@error.threshold=0.10,error.min_instances=5",error_divergence_ph_meta,"{""divergence"": {""alpha"": 0.1, ""delta"": 0.005, ""min_instances"": 30, ""threshold"": 0.05}, ""error_rate"": {""alpha"": 0.15, ""delta"": 0.005, ""min_instances"": 5, ""threshold"": 0.1}}","{""error_rate"": {""min_instances"": 5, ""threshold"": 0.1}}",0.1,0.005,0.15,5,0.05,0.005,0.1,30,,,,-1,two_stage,2,0.5,"__confirm_cooldown=200,__confirm_rule=perm_test,__perm_alpha=0.005,__perm_delta_k=50,__perm_min_effect=0,__perm_n_perm=200,__perm_post_n=10,__perm_pre_n=500,__perm_rng_seed=0,__perm_stat=delta_fused_score,divergence=0.3,error_rate=0.5,teacher_entropy=0.2",3,0,200,0.0,0,10000,10.0,25.0,200,500,0,0,1.0,0.9194556451612903,0.8380409553223136,0.0,0.15463881194591522,0.012144415639340878,0,0,24,15,-1,perm_test,0.004975124378109453,0.07532875445336011,49,15,34,0.0,0.0009678797796368599,0,0.0,0.0,0.0,0.0,0,none,0,1,0,overconfident,0.95,0,mild_drift,0.9612266899109969,0.0012843849182110683,0.8062454223640103,0.8578131866458358,1768145322.970929,0.011941050179302692,0.11023985594511032
156,9984,9983,sine_nodrift,sine,ts_drift_adapt,5,"error_divergence_ph_meta@error.threshold=0.10,error.min_instances=5",error_divergence_ph_meta,"{""divergence"": {""alpha"": 0.1, ""delta"": 0.005, ""min_instances"": 30, ""threshold"": 0.05}, ""error_rate"": {""alpha"": 0.15, ""delta"": 0.005, ""min_instances"": 5, ""threshold"": 0.1}}","{""error_rate"": {""min_instances"": 5, ""threshold"": 0.1}}",0.1,0.005,0.15,5,0.05,0.005,0.1,30,,,,-1,two_stage,2,0.5,"__confirm_cooldown=200,__confirm_rule=perm_test,__perm_alpha=0.005,__perm_delta_k=50,__perm_min_effect=0,__perm_n_perm=200,__perm_post_n=10,__perm_pre_n=500,__perm_rng_seed=0,__perm_stat=delta_fused_score,divergence=0.3,error_rate=0.5,teacher_entropy=0.2",3,0,200,0.0,0,10000,10.0,25.0,200,500,0,0,1.0,0.9199719551282052,0.8390304946321545,0.0,0.13417169451713562,0.01085811946541071,0,0,24,15,-1,perm_test,0.004975124378109453,0.07532875445336011,49,15,34,0.0,0.0012862961739301682,0,0.0,0.0,0.0,0.0,0,none,0,1,0,overconfident,0.95,0,mild_drift,0.9607633449554984,0.0012921924591055341,0.8031227111820052,0.8564065933229179,1768145322.9813852,0.03482988476753235,0.11993969976902008
157,10000,9999,sine_nodrift,sine,ts_drift_adapt,5,"error_divergence_ph_meta@error.threshold=0.10,error.min_instances=5",error_divergence_ph_meta,"{""divergence"": {""alpha"": 0.1, ""delta"": 0.005, ""min_instances"": 30, ""threshold"": 0.05}, ""error_rate"": {""alpha"": 0.15, ""delta"": 0.005, ""min_instances"": 5, ""threshold"": 0.1}}","{""error_rate"": {""min_instances"": 5, ""threshold"": 0.1}}",0.1,0.005,0.15,5,0.05,0.005,0.1,30,,,,-1,two_stage,2,0.5,"__confirm_cooldown=200,__confirm_rule=perm_test,__perm_alpha=0.005,__perm_delta_k=50,__perm_min_effect=0,__perm_n_perm=200,__perm_post_n=10,__perm_pre_n=500,__perm_rng_seed=0,__perm_stat=delta_fused_score,divergence=0.3,error_rate=0.5,teacher_entropy=0.2",3,0,200,0.0,0,10000,10.0,25.0,200,500,0,0,1.0,0.92,0.8390829206916555,0.0,0.15798641741275787,0.007677888032048941,0,0,24,15,-1,perm_test,0.004975124378109453,0.07532875445336011,49,15,34,0.0,0.0031802314333617687,0,0.0,0.0,0.0,0.0,0,none,0,1,0,overconfident,0.95,0,mild_drift,0.9605316724777492,0.001296096229552767,0.8015613555910026,0.855703296661459,1768145322.9904242,0.026514772325754166,0.0836111456155777
