step,seen_samples,sample_idx,dataset_name,dataset_type,model_variant,seed,monitor_preset,monitor_preset_base,monitor_ph_params,monitor_ph_overrides,ph_error_threshold,ph_error_delta,ph_error_alpha,ph_error_min_instances,ph_divergence_threshold,ph_divergence_delta,ph_divergence_alpha,ph_divergence_min_instances,ph_entropy_threshold,ph_entropy_delta,ph_entropy_alpha,ph_entropy_min_instances,trigger_mode,trigger_k,trigger_threshold,trigger_weights,confirm_window,confirm_cooldown,effective_confirm_cooldown,confirm_rate_per10k,adaptive_cooldown_enabled,adaptive_window,adaptive_lower_per10k,adaptive_upper_per10k,adaptive_cooldown_low,adaptive_cooldown_high,confirm_cooldown_active,confirm_cooldown_remaining,severity_scheduler_scale,metric_accuracy,metric_kappa,student_error_rate,teacher_entropy,divergence_js,drift_flag,candidate_flag,candidate_count_total,confirmed_count_total,confirm_delay,confirm_rule_effective,last_perm_pvalue,last_perm_effect,perm_test_count_total,perm_accept_count_total,perm_reject_count_total,monitor_severity,monitor_fused_severity,monitor_vote_count,monitor_vote_score,drift_severity_raw,drift_severity,severity_carry,use_severity_v2,severity_gate,severity_confirmed,severity_gate_min_streak,severity_confirmed_streak,entropy_mode,decay,freeze_baseline_steps,regime,alpha,lr,lambda_u,tau,timestamp,supervised_loss,unsupervised_loss
1,64,63,sea_nodrift,sea,ts_drift_adapt,1,"error_divergence_ph_meta@error.threshold=0.10,error.min_instances=5",error_divergence_ph_meta,"{""divergence"": {""alpha"": 0.1, ""delta"": 0.005, ""min_instances"": 30, ""threshold"": 0.05}, ""error_rate"": {""alpha"": 0.15, ""delta"": 0.005, ""min_instances"": 5, ""threshold"": 0.1}}","{""error_rate"": {""min_instances"": 5, ""threshold"": 0.1}}",0.1,0.005,0.15,5,0.05,0.005,0.1,30,,,,-1,two_stage,2,0.5,"__confirm_cooldown=200,__confirm_rule=perm_test,__perm_alpha=0.03,__perm_min_effect=0,__perm_n_perm=200,__perm_post_n=10,__perm_pre_n=500,__perm_rng_seed=0,__perm_side=two_sided,__perm_stat=vote_score,divergence=0.3,error_rate=0.5,teacher_entropy=0.2",3,0,200,0.0,0,10000,10.0,25.0,200,500,0,0,1.0,0.21875,-0.06382978723404255,1.0,0.6411521434783936,0.0037976973690092564,0,0,0,0,-1,perm_test,,,0,0,0,0.0,0.0,0,0.0,0.0,0.0,0.0,0,none,0,1,0,overconfident,0.95,0,mild_drift,0.97515,0.00115,0.9,0.8775,1768237750.9346938,1.0899032354354858,0.015141506679356098
2,128,127,sea_nodrift,sea,ts_drift_adapt,1,"error_divergence_ph_meta@error.threshold=0.10,error.min_instances=5",error_divergence_ph_meta,"{""divergence"": {""alpha"": 0.1, ""delta"": 0.005, ""min_instances"": 30, ""threshold"": 0.05}, ""error_rate"": {""alpha"": 0.15, ""delta"": 0.005, ""min_instances"": 5, ""threshold"": 0.1}}","{""error_rate"": {""min_instances"": 5, ""threshold"": 0.1}}",0.1,0.005,0.15,5,0.05,0.005,0.1,30,,,,-1,two_stage,2,0.5,"__confirm_cooldown=200,__confirm_rule=perm_test,__perm_alpha=0.03,__perm_min_effect=0,__perm_n_perm=200,__perm_post_n=10,__perm_pre_n=500,__perm_rng_seed=0,__perm_side=two_sided,__perm_stat=vote_score,divergence=0.3,error_rate=0.5,teacher_entropy=0.2",3,0,200,0.0,0,10000,10.0,25.0,200,500,0,0,1.0,0.390625,0.00932724746973606,0.5,0.6479218006134033,0.008735304698348045,0,0,0,0,-1,perm_test,,,0,0,0,0.0,0.5,0,0.0,0.0,0.0,0.0,0,none,0,1,0,overconfident,0.95,0,mild_drift,0.967725,0.001225,0.8500000000000001,0.86625,1768237750.9434173,0.7420699000358582,0.034498292952775955
3,192,191,sea_nodrift,sea,ts_drift_adapt,1,"error_divergence_ph_meta@error.threshold=0.10,error.min_instances=5",error_divergence_ph_meta,"{""divergence"": {""alpha"": 0.1, ""delta"": 0.005, ""min_instances"": 30, ""threshold"": 0.05}, ""error_rate"": {""alpha"": 0.15, ""delta"": 0.005, ""min_instances"": 5, ""threshold"": 0.1}}","{""error_rate"": {""min_instances"": 5, ""threshold"": 0.1}}",0.1,0.005,0.15,5,0.05,0.005,0.1,30,,,,-1,two_stage,2,0.5,"__confirm_cooldown=200,__confirm_rule=perm_test,__perm_alpha=0.03,__perm_min_effect=0,__perm_n_perm=200,__perm_post_n=10,__perm_pre_n=500,__perm_rng_seed=0,__perm_side=two_sided,__perm_stat=vote_score,divergence=0.3,error_rate=0.5,teacher_entropy=0.2",3,0,200,0.0,0,10000,10.0,25.0,200,500,0,0,1.0,0.4375,-0.012598886610020545,0.5,0.6395893096923828,0.016647111624479294,0,0,0,0,-1,perm_test,,,0,0,0,0.0,0.007911806926131248,0,0.0,0.0,0.0,0.0,0,none,0,1,0,overconfident,0.95,0,mild_drift,0.9640124999999999,0.0012625000000000002,0.8250000000000001,0.860625,1768237750.9521165,0.6984501481056213,0.06581230461597443
4,256,255,sea_nodrift,sea,ts_drift_adapt,1,"error_divergence_ph_meta@error.threshold=0.10,error.min_instances=5",error_divergence_ph_meta,"{""divergence"": {""alpha"": 0.1, ""delta"": 0.005, ""min_instances"": 30, ""threshold"": 0.05}, ""error_rate"": {""alpha"": 0.15, ""delta"": 0.005, ""min_instances"": 5, ""threshold"": 0.1}}","{""error_rate"": {""min_instances"": 5, ""threshold"": 0.1}}",0.1,0.005,0.15,5,0.05,0.005,0.1,30,,,,-1,two_stage,2,0.5,"__confirm_cooldown=200,__confirm_rule=perm_test,__perm_alpha=0.03,__perm_min_effect=0,__perm_n_perm=200,__perm_post_n=10,__perm_pre_n=500,__perm_rng_seed=0,__perm_side=two_sided,__perm_stat=vote_score,divergence=0.3,error_rate=0.5,teacher_entropy=0.2",3,0,200,0.0,0,10000,10.0,25.0,200,500,0,0,1.0,0.50390625,0.060455438677609524,0.16666666666666666,0.650370180606842,0.016516422852873802,0,0,0,0,-1,perm_test,,,0,0,0,0.0,0.33333333333333337,0,0.0,0.0,0.0,0.0,0,none,0,1,0,overconfident,0.95,0,mild_drift,0.9621562499999999,0.0012812500000000003,0.8125,0.8578125,1768237750.9607608,0.633867084980011,0.06548959761857986
5,320,319,sea_nodrift,sea,ts_drift_adapt,1,"error_divergence_ph_meta@error.threshold=0.10,error.min_instances=5",error_divergence_ph_meta,"{""divergence"": {""alpha"": 0.1, ""delta"": 0.005, ""min_instances"": 30, ""threshold"": 0.05}, ""error_rate"": {""alpha"": 0.15, ""delta"": 0.005, ""min_instances"": 5, ""threshold"": 0.1}}","{""error_rate"": {""min_instances"": 5, ""threshold"": 0.1}}",0.1,0.005,0.15,5,0.05,0.005,0.1,30,,,,-1,two_stage,2,0.5,"__confirm_cooldown=200,__confirm_rule=perm_test,__perm_alpha=0.03,__perm_min_effect=0,__perm_n_perm=200,__perm_post_n=10,__perm_pre_n=500,__perm_rng_seed=0,__perm_side=two_sided,__perm_stat=vote_score,divergence=0.3,error_rate=0.5,teacher_entropy=0.2",3,0,200,0.0,0,10000,10.0,25.0,200,500,0,0,1.0,0.5375,0.0631058358061325,0.5,0.650652289390564,0.01885153166949749,0,1,1,0,-1,perm_test,,,0,0,0,0.0,0.33333333333333337,1,0.5,0.0,0.0,0.0,0,none,0,1,0,overconfident,0.95,0,mild_drift,0.9612281249999999,0.001290625,0.80625,0.85640625,1768237750.969363,0.6897287964820862,0.07506633549928665
6,384,383,sea_nodrift,sea,ts_drift_adapt,1,"error_divergence_ph_meta@error.threshold=0.10,error.min_instances=5",error_divergence_ph_meta,"{""divergence"": {""alpha"": 0.1, ""delta"": 0.005, ""min_instances"": 30, ""threshold"": 0.05}, ""error_rate"": {""alpha"": 0.15, ""delta"": 0.005, ""min_instances"": 5, ""threshold"": 0.1}}","{""error_rate"": {""min_instances"": 5, ""threshold"": 0.1}}",0.1,0.005,0.15,5,0.05,0.005,0.1,30,,,,-1,two_stage,2,0.5,"__confirm_cooldown=200,__confirm_rule=perm_test,__perm_alpha=0.03,__perm_min_effect=0,__perm_n_perm=200,__perm_post_n=10,__perm_pre_n=500,__perm_rng_seed=0,__perm_side=two_sided,__perm_stat=vote_score,divergence=0.3,error_rate=0.5,teacher_entropy=0.2",3,0,200,0.0,0,10000,10.0,25.0,200,500,0,0,1.0,0.5572916666666666,0.06443476266911248,0.3333333333333333,0.6605583429336548,0.018393350765109062,0,0,1,0,-1,perm_test,,,0,0,0,0.0,0.16666666666666669,0,0.0,0.0,0.0,0.0,0,none,0,1,0,overconfident,0.95,0,mild_drift,0.9607640624999999,0.0012953125,0.8031250000000001,0.855703125,1768237750.9779794,0.6456834673881531,0.07375591993331909
7,448,447,sea_nodrift,sea,ts_drift_adapt,1,"error_divergence_ph_meta@error.threshold=0.10,error.min_instances=5",error_divergence_ph_meta,"{""divergence"": {""alpha"": 0.1, ""delta"": 0.005, ""min_instances"": 30, ""threshold"": 0.05}, ""error_rate"": {""alpha"": 0.15, ""delta"": 0.005, ""min_instances"": 5, ""threshold"": 0.1}}","{""error_rate"": {""min_instances"": 5, ""threshold"": 0.1}}",0.1,0.005,0.15,5,0.05,0.005,0.1,30,,,,-1,two_stage,2,0.5,"__confirm_cooldown=200,__confirm_rule=perm_test,__perm_alpha=0.03,__perm_min_effect=0,__perm_n_perm=200,__perm_post_n=10,__perm_pre_n=500,__perm_rng_seed=0,__perm_side=two_sided,__perm_stat=vote_score,divergence=0.3,error_rate=0.5,teacher_entropy=0.2",3,0,200,0.0,0,10000,10.0,25.0,200,500,0,0,1.0,0.578125,0.09079975947083578,0.16666666666666666,0.667929470539093,0.015081415884196758,0,0,1,0,-1,perm_test,,,0,0,0,0.0,0.16666666666666666,0,0.0,0.0,0.0,0.0,0,none,0,1,0,overconfident,0.95,0,mild_drift,0.9605320312499999,0.0012976562500000002,0.8015625000000001,0.8553515625,1768237750.9866855,0.6039090156555176,0.06064873933792114
8,512,511,sea_nodrift,sea,ts_drift_adapt,1,"error_divergence_ph_meta@error.threshold=0.10,error.min_instances=5",error_divergence_ph_meta,"{""divergence"": {""alpha"": 0.1, ""delta"": 0.005, ""min_instances"": 30, ""threshold"": 0.05}, ""error_rate"": {""alpha"": 0.15, ""delta"": 0.005, ""min_instances"": 5, ""threshold"": 0.1}}","{""error_rate"": {""min_instances"": 5, ""threshold"": 0.1}}",0.1,0.005,0.15,5,0.05,0.005,0.1,30,,,,-1,two_stage,2,0.5,"__confirm_cooldown=200,__confirm_rule=perm_test,__perm_alpha=0.03,__perm_min_effect=0,__perm_n_perm=200,__perm_post_n=10,__perm_pre_n=500,__perm_rng_seed=0,__perm_side=two_sided,__perm_stat=vote_score,divergence=0.3,error_rate=0.5,teacher_entropy=0.2",3,0,200,0.0,0,10000,10.0,25.0,200,500,0,0,1.0,0.59375,0.10772994621043283,0.5,0.6638157963752747,0.02032335475087166,0,0,1,0,-1,perm_test,,,0,0,0,0.0,0.33333333333333337,0,0.0,0.0,0.0,0.0,0,none,0,1,0,overconfident,0.95,0,mild_drift,0.9604160156249999,0.001298828125,0.80078125,0.85517578125,1768237750.9955006,0.6922926902770996,0.08202122151851654
9,576,575,sea_nodrift,sea,ts_drift_adapt,1,"error_divergence_ph_meta@error.threshold=0.10,error.min_instances=5",error_divergence_ph_meta,"{""divergence"": {""alpha"": 0.1, ""delta"": 0.005, ""min_instances"": 30, ""threshold"": 0.05}, ""error_rate"": {""alpha"": 0.15, ""delta"": 0.005, ""min_instances"": 5, ""threshold"": 0.1}}","{""error_rate"": {""min_instances"": 5, ""threshold"": 0.1}}",0.1,0.005,0.15,5,0.05,0.005,0.1,30,,,,-1,two_stage,2,0.5,"__confirm_cooldown=200,__confirm_rule=perm_test,__perm_alpha=0.03,__perm_min_effect=0,__perm_n_perm=200,__perm_post_n=10,__perm_pre_n=500,__perm_rng_seed=0,__perm_side=two_sided,__perm_stat=vote_score,divergence=0.3,error_rate=0.5,teacher_entropy=0.2",3,0,200,0.0,0,10000,10.0,25.0,200,500,0,0,1.0,0.6076388888888888,0.13575525812619496,0.16666666666666666,0.6661542654037476,0.014841517433524132,0,0,1,0,-1,perm_test,,,0,0,0,0.0,0.33333333333333337,0,0.0,0.0,0.0,0.0,0,none,0,1,0,overconfident,0.95,0,mild_drift,0.9603580078124999,0.0012994140625,0.800390625,0.855087890625,1768237751.0042977,0.6098741888999939,0.05963245779275894
10,640,639,sea_nodrift,sea,ts_drift_adapt,1,"error_divergence_ph_meta@error.threshold=0.10,error.min_instances=5",error_divergence_ph_meta,"{""divergence"": {""alpha"": 0.1, ""delta"": 0.005, ""min_instances"": 30, ""threshold"": 0.05}, ""error_rate"": {""alpha"": 0.15, ""delta"": 0.005, ""min_instances"": 5, ""threshold"": 0.1}}","{""error_rate"": {""min_instances"": 5, ""threshold"": 0.1}}",0.1,0.005,0.15,5,0.05,0.005,0.1,30,,,,-1,two_stage,2,0.5,"__confirm_cooldown=200,__confirm_rule=perm_test,__perm_alpha=0.03,__perm_min_effect=0,__perm_n_perm=200,__perm_post_n=10,__perm_pre_n=500,__perm_rng_seed=0,__perm_side=two_sided,__perm_stat=vote_score,divergence=0.3,error_rate=0.5,teacher_entropy=0.2",3,0,200,0.0,0,10000,10.0,25.0,200,500,0,0,1.0,0.625,0.1699361239907915,0.16666666666666666,0.6715654730796814,0.012677439488470554,1,1,2,1,0,perm_test,0.004975124378109453,0.436,1,1,0,0.33333333333333337,0.0021640779450535774,1,0.5,0.0,0.0,0.0,0,none,1,1,0,overconfident,0.95,0,severe_drift,0.9256790039062499,0.00164970703125,0.6501953125,0.8325439453125001,1768237751.0198083,0.5990895628929138,0.05106298625469208
11,704,703,sea_nodrift,sea,ts_drift_adapt,1,"error_divergence_ph_meta@error.threshold=0.10,error.min_instances=5",error_divergence_ph_meta,"{""divergence"": {""alpha"": 0.1, ""delta"": 0.005, ""min_instances"": 30, ""threshold"": 0.05}, ""error_rate"": {""alpha"": 0.15, ""delta"": 0.005, ""min_instances"": 5, ""threshold"": 0.1}}","{""error_rate"": {""min_instances"": 5, ""threshold"": 0.1}}",0.1,0.005,0.15,5,0.05,0.005,0.1,30,,,,-1,two_stage,2,0.5,"__confirm_cooldown=200,__confirm_rule=perm_test,__perm_alpha=0.03,__perm_min_effect=0,__perm_n_perm=200,__perm_post_n=10,__perm_pre_n=500,__perm_rng_seed=0,__perm_side=two_sided,__perm_stat=vote_score,divergence=0.3,error_rate=0.5,teacher_entropy=0.2",3,0,200,0.0,0,10000,10.0,25.0,200,500,1,136,1.0,0.6349431818181818,0.1848915158941828,0.0,0.674191951751709,0.013264812529087067,0,0,2,1,-1,perm_test,0.004975124378109453,0.436,1,1,0,0.0,0.16666666666666666,0,0.0,0.0,0.0,0.0,0,none,0,1,0,overconfident,0.95,0,mild_drift,0.9429895019531249,0.001474853515625,0.72509765625,0.84377197265625,1768237751.0288534,0.5479301810264587,0.05381900817155838
12,768,767,sea_nodrift,sea,ts_drift_adapt,1,"error_divergence_ph_meta@error.threshold=0.10,error.min_instances=5",error_divergence_ph_meta,"{""divergence"": {""alpha"": 0.1, ""delta"": 0.005, ""min_instances"": 30, ""threshold"": 0.05}, ""error_rate"": {""alpha"": 0.15, ""delta"": 0.005, ""min_instances"": 5, ""threshold"": 0.1}}","{""error_rate"": {""min_instances"": 5, ""threshold"": 0.1}}",0.1,0.005,0.15,5,0.05,0.005,0.1,30,,,,-1,two_stage,2,0.5,"__confirm_cooldown=200,__confirm_rule=perm_test,__perm_alpha=0.03,__perm_min_effect=0,__perm_n_perm=200,__perm_post_n=10,__perm_pre_n=500,__perm_rng_seed=0,__perm_side=two_sided,__perm_stat=vote_score,divergence=0.3,error_rate=0.5,teacher_entropy=0.2",3,0,200,0.0,0,10000,10.0,25.0,200,500,1,72,1.0,0.64453125,0.20222820875759104,0.3333333333333333,0.6772041320800781,0.01364445872604847,0,0,2,1,-1,perm_test,0.004975124378109453,0.436,1,1,0,0.0,0.3333333333333333,0,0.0,0.0,0.0,0.0,0,none,0,1,0,overconfident,0.95,0,mild_drift,0.9516447509765624,0.0013874267578125,0.762548828125,0.849385986328125,1768237751.0377305,0.6568379402160645,0.055549103766679764
13,832,831,sea_nodrift,sea,ts_drift_adapt,1,"error_divergence_ph_meta@error.threshold=0.10,error.min_instances=5",error_divergence_ph_meta,"{""divergence"": {""alpha"": 0.1, ""delta"": 0.005, ""min_instances"": 30, ""threshold"": 0.05}, ""error_rate"": {""alpha"": 0.15, ""delta"": 0.005, ""min_instances"": 5, ""threshold"": 0.1}}","{""error_rate"": {""min_instances"": 5, ""threshold"": 0.1}}",0.1,0.005,0.15,5,0.05,0.005,0.1,30,,,,-1,two_stage,2,0.5,"__confirm_cooldown=200,__confirm_rule=perm_test,__perm_alpha=0.03,__perm_min_effect=0,__perm_n_perm=200,__perm_post_n=10,__perm_pre_n=500,__perm_rng_seed=0,__perm_side=two_sided,__perm_stat=vote_score,divergence=0.3,error_rate=0.5,teacher_entropy=0.2",3,0,200,0.0,0,10000,10.0,25.0,200,500,1,8,1.0,0.6526442307692307,0.21778055382052885,0.5,0.6742643713951111,0.013761392794549465,0,0,2,1,-1,perm_test,0.004975124378109453,0.436,1,1,0,0.0,0.16666666666666669,0,0.0,0.0,0.0,0.0,0,none,0,1,0,overconfident,0.95,0,mild_drift,0.9559723754882812,0.00134371337890625,0.7812744140625001,0.8521929931640625,1768237751.046442,0.6433480381965637,0.0559600330889225
14,896,895,sea_nodrift,sea,ts_drift_adapt,1,"error_divergence_ph_meta@error.threshold=0.10,error.min_instances=5",error_divergence_ph_meta,"{""divergence"": {""alpha"": 0.1, ""delta"": 0.005, ""min_instances"": 30, ""threshold"": 0.05}, ""error_rate"": {""alpha"": 0.15, ""delta"": 0.005, ""min_instances"": 5, ""threshold"": 0.1}}","{""error_rate"": {""min_instances"": 5, ""threshold"": 0.1}}",0.1,0.005,0.15,5,0.05,0.005,0.1,30,,,,-1,two_stage,2,0.5,"__confirm_cooldown=200,__confirm_rule=perm_test,__perm_alpha=0.03,__perm_min_effect=0,__perm_n_perm=200,__perm_post_n=10,__perm_pre_n=500,__perm_rng_seed=0,__perm_side=two_sided,__perm_stat=vote_score,divergence=0.3,error_rate=0.5,teacher_entropy=0.2",3,0,200,0.0,0,10000,10.0,25.0,200,500,0,0,1.0,0.6662946428571429,0.2426356676806171,0.16666666666666666,0.6784666776657104,0.012758152559399605,0,0,2,1,-1,perm_test,0.004975124378109453,0.436,1,1,0,0.0,0.33333333333333337,0,0.0,0.0,0.0,0.0,0,none,0,1,0,overconfident,0.95,0,mild_drift,0.9581361877441406,0.001321856689453125,0.7906372070312501,0.8535964965820313,1768237751.055232,0.5646786093711853,0.05220060423016548
15,960,959,sea_nodrift,sea,ts_drift_adapt,1,"error_divergence_ph_meta@error.threshold=0.10,error.min_instances=5",error_divergence_ph_meta,"{""divergence"": {""alpha"": 0.1, ""delta"": 0.005, ""min_instances"": 30, ""threshold"": 0.05}, ""error_rate"": {""alpha"": 0.15, ""delta"": 0.005, ""min_instances"": 5, ""threshold"": 0.1}}","{""error_rate"": {""min_instances"": 5, ""threshold"": 0.1}}",0.1,0.005,0.15,5,0.05,0.005,0.1,30,,,,-1,two_stage,2,0.5,"__confirm_cooldown=200,__confirm_rule=perm_test,__perm_alpha=0.03,__perm_min_effect=0,__perm_n_perm=200,__perm_post_n=10,__perm_pre_n=500,__perm_rng_seed=0,__perm_side=two_sided,__perm_stat=vote_score,divergence=0.3,error_rate=0.5,teacher_entropy=0.2",3,0,200,0.0,0,10000,10.0,25.0,200,500,0,0,1.0,0.678125,0.2691796008869179,0.0,0.6747663617134094,0.01799890771508217,1,1,3,2,0,perm_test,0.004975124378109453,0.40792138691212343,2,2,0,0.16666666666666666,0.16666666666666666,1,0.5,0.0,0.0,0.0,0,none,1,1,0,overconfident,0.95,0,severe_drift,0.9245680938720703,0.0016609283447265625,0.6453186035156251,0.8317982482910157,1768237751.0705779,0.37617674469947815,0.07420974224805832
16,1024,1023,sea_nodrift,sea,ts_drift_adapt,1,"error_divergence_ph_meta@error.threshold=0.10,error.min_instances=5",error_divergence_ph_meta,"{""divergence"": {""alpha"": 0.1, ""delta"": 0.005, ""min_instances"": 30, ""threshold"": 0.05}, ""error_rate"": {""alpha"": 0.15, ""delta"": 0.005, ""min_instances"": 5, ""threshold"": 0.1}}","{""error_rate"": {""min_instances"": 5, ""threshold"": 0.1}}",0.1,0.005,0.15,5,0.05,0.005,0.1,30,,,,-1,two_stage,2,0.5,"__confirm_cooldown=200,__confirm_rule=perm_test,__perm_alpha=0.03,__perm_min_effect=0,__perm_n_perm=200,__perm_post_n=10,__perm_pre_n=500,__perm_rng_seed=0,__perm_side=two_sided,__perm_stat=vote_score,divergence=0.3,error_rate=0.5,teacher_entropy=0.2",3,0,200,0.0,0,10000,10.0,25.0,200,500,1,136,1.0,0.6767578125,0.26211935177686635,0.16666666666666666,0.6811975836753845,0.012934509664773941,0,0,3,2,-1,perm_test,0.004975124378109453,0.40792138691212343,2,2,0,0.0,0.16666666666666666,0,0.0,0.0,0.0,0.0,0,none,0,1,0,overconfident,0.95,0,mild_drift,0.942434046936035,0.0014804641723632813,0.7226593017578126,0.8433991241455079,1768237751.0794222,0.5981482863426208,0.05337551608681679
17,1088,1087,sea_nodrift,sea,ts_drift_adapt,1,"error_divergence_ph_meta@error.threshold=0.10,error.min_instances=5",error_divergence_ph_meta,"{""divergence"": {""alpha"": 0.1, ""delta"": 0.005, ""min_instances"": 30, ""threshold"": 0.05}, ""error_rate"": {""alpha"": 0.15, ""delta"": 0.005, ""min_instances"": 5, ""threshold"": 0.1}}","{""error_rate"": {""min_instances"": 5, ""threshold"": 0.1}}",0.1,0.005,0.15,5,0.05,0.005,0.1,30,,,,-1,two_stage,2,0.5,"__confirm_cooldown=200,__confirm_rule=perm_test,__perm_alpha=0.03,__perm_min_effect=0,__perm_n_perm=200,__perm_post_n=10,__perm_pre_n=500,__perm_rng_seed=0,__perm_side=two_sided,__perm_stat=vote_score,divergence=0.3,error_rate=0.5,teacher_entropy=0.2",3,0,200,0.0,0,10000,10.0,25.0,200,500,1,72,1.0,0.6856617647058824,0.276536671294082,0.3333333333333333,0.6811739802360535,0.015700187534093857,0,0,3,2,-1,perm_test,0.004975124378109453,0.40792138691212343,2,2,0,0.0,0.16666666666666666,0,0.0,0.0,0.0,0.0,0,none,0,1,0,overconfident,0.95,0,mild_drift,0.9513670234680175,0.0013902320861816407,0.7613296508789062,0.8491995620727539,1768237751.0883079,0.6605329513549805,0.06512051075696945
18,1152,1151,sea_nodrift,sea,ts_drift_adapt,1,"error_divergence_ph_meta@error.threshold=0.10,error.min_instances=5",error_divergence_ph_meta,"{""divergence"": {""alpha"": 0.1, ""delta"": 0.005, ""min_instances"": 30, ""threshold"": 0.05}, ""error_rate"": {""alpha"": 0.15, ""delta"": 0.005, ""min_instances"": 5, ""threshold"": 0.1}}","{""error_rate"": {""min_instances"": 5, ""threshold"": 0.1}}",0.1,0.005,0.15,5,0.05,0.005,0.1,30,,,,-1,two_stage,2,0.5,"__confirm_cooldown=200,__confirm_rule=perm_test,__perm_alpha=0.03,__perm_min_effect=0,__perm_n_perm=200,__perm_post_n=10,__perm_pre_n=500,__perm_rng_seed=0,__perm_side=two_sided,__perm_stat=vote_score,divergence=0.3,error_rate=0.5,teacher_entropy=0.2",3,0,200,0.0,0,10000,10.0,25.0,200,500,1,8,1.0,0.6953125,0.2925170068027211,0.16666666666666666,0.6802531480789185,0.016471464186906815,0,0,3,2,-1,perm_test,0.004975124378109453,0.40792138691212343,2,2,0,0.0,0.16666666666666666,0,0.0,0.0,0.0,0.0,0,none,0,1,0,overconfident,0.95,0,mild_drift,0.9558335117340087,0.0013451160430908203,0.7806648254394531,0.852099781036377,1768237751.0969715,0.6791260838508606,0.06847939640283585
19,1216,1215,sea_nodrift,sea,ts_drift_adapt,1,"error_divergence_ph_meta@error.threshold=0.10,error.min_instances=5",error_divergence_ph_meta,"{""divergence"": {""alpha"": 0.1, ""delta"": 0.005, ""min_instances"": 30, ""threshold"": 0.05}, ""error_rate"": {""alpha"": 0.15, ""delta"": 0.005, ""min_instances"": 5, ""threshold"": 0.1}}","{""error_rate"": {""min_instances"": 5, ""threshold"": 0.1}}",0.1,0.005,0.15,5,0.05,0.005,0.1,30,,,,-1,two_stage,2,0.5,"__confirm_cooldown=200,__confirm_rule=perm_test,__perm_alpha=0.03,__perm_min_effect=0,__perm_n_perm=200,__perm_post_n=10,__perm_pre_n=500,__perm_rng_seed=0,__perm_side=two_sided,__perm_stat=vote_score,divergence=0.3,error_rate=0.5,teacher_entropy=0.2",3,0,200,0.0,0,10000,10.0,25.0,200,500,0,0,1.0,0.6998355263157895,0.29792592030168435,0.16666666666666666,0.6797759532928467,0.011191277764737606,0,0,3,2,-1,perm_test,0.004975124378109453,0.40792138691212343,2,2,0,0.0,0.0052801864221692085,0,0.0,0.0,0.0,0.0,0,none,0,1,0,overconfident,0.95,0,mild_drift,0.9580667558670043,0.0013225580215454101,0.7903324127197267,0.8535498905181884,1768237751.1056666,0.5733680725097656,0.04640157148241997
20,1280,1279,sea_nodrift,sea,ts_drift_adapt,1,"error_divergence_ph_meta@error.threshold=0.10,error.min_instances=5",error_divergence_ph_meta,"{""divergence"": {""alpha"": 0.1, ""delta"": 0.005, ""min_instances"": 30, ""threshold"": 0.05}, ""error_rate"": {""alpha"": 0.15, ""delta"": 0.005, ""min_instances"": 5, ""threshold"": 0.1}}","{""error_rate"": {""min_instances"": 5, ""threshold"": 0.1}}",0.1,0.005,0.15,5,0.05,0.005,0.1,30,,,,-1,two_stage,2,0.5,"__confirm_cooldown=200,__confirm_rule=perm_test,__perm_alpha=0.03,__perm_min_effect=0,__perm_n_perm=200,__perm_post_n=10,__perm_pre_n=500,__perm_rng_seed=0,__perm_side=two_sided,__perm_stat=vote_score,divergence=0.3,error_rate=0.5,teacher_entropy=0.2",3,0,200,0.0,0,10000,10.0,25.0,200,500,0,0,1.0,0.70703125,0.3082018436420866,0.3333333333333333,0.6758097410202026,0.01194770261645317,1,1,4,3,0,perm_test,0.004975124378109453,0.40439378990272135,3,3,0,0.3333333333333333,0.16666666666666666,1,0.5,0.0,0.0,0.0,0,none,1,1,0,overconfident,0.95,0,severe_drift,0.9245333779335021,0.001661279010772705,0.6451662063598633,0.8317749452590942,1768237751.120874,0.616065263748169,0.0497797429561615
21,1344,1343,sea_nodrift,sea,ts_drift_adapt,1,"error_divergence_ph_meta@error.threshold=0.10,error.min_instances=5",error_divergence_ph_meta,"{""divergence"": {""alpha"": 0.1, ""delta"": 0.005, ""min_instances"": 30, ""threshold"": 0.05}, ""error_rate"": {""alpha"": 0.15, ""delta"": 0.005, ""min_instances"": 5, ""threshold"": 0.1}}","{""error_rate"": {""min_instances"": 5, ""threshold"": 0.1}}",0.1,0.005,0.15,5,0.05,0.005,0.1,30,,,,-1,two_stage,2,0.5,"__confirm_cooldown=200,__confirm_rule=perm_test,__perm_alpha=0.03,__perm_min_effect=0,__perm_n_perm=200,__perm_post_n=10,__perm_pre_n=500,__perm_rng_seed=0,__perm_side=two_sided,__perm_stat=vote_score,divergence=0.3,error_rate=0.5,teacher_entropy=0.2",3,0,200,0.0,0,10000,10.0,25.0,200,500,1,136,1.0,0.7083333333333334,0.31250505656831923,0.3333333333333333,0.6780091524124146,0.00948335975408554,0,0,4,3,-1,perm_test,0.004975124378109453,0.40439378990272135,3,3,0,0.0,0.00246434286236763,0,0.0,0.0,0.0,0.0,0,none,0,1,0,overconfident,0.95,0,mild_drift,0.942416688966751,0.0014806395053863527,0.7225831031799317,0.8433874726295472,1768237751.1297693,0.6059725880622864,0.03899262845516205
22,1408,1407,sea_nodrift,sea,ts_drift_adapt,1,"error_divergence_ph_meta@error.threshold=0.10,error.min_instances=5",error_divergence_ph_meta,"{""divergence"": {""alpha"": 0.1, ""delta"": 0.005, ""min_instances"": 30, ""threshold"": 0.05}, ""error_rate"": {""alpha"": 0.15, ""delta"": 0.005, ""min_instances"": 5, ""threshold"": 0.1}}","{""error_rate"": {""min_instances"": 5, ""threshold"": 0.1}}",0.1,0.005,0.15,5,0.05,0.005,0.1,30,,,,-1,two_stage,2,0.5,"__confirm_cooldown=200,__confirm_rule=perm_test,__perm_alpha=0.03,__perm_min_effect=0,__perm_n_perm=200,__perm_post_n=10,__perm_pre_n=500,__perm_rng_seed=0,__perm_side=two_sided,__perm_stat=vote_score,divergence=0.3,error_rate=0.5,teacher_entropy=0.2",3,0,200,0.0,0,10000,10.0,25.0,200,500,1,72,1.0,0.7109375,0.32054389118382176,0.16666666666666666,0.6737322807312012,0.009553649462759495,0,0,4,3,-1,perm_test,0.004975124378109453,0.40439378990272135,3,3,0,0.0,0.16666666666666666,0,0.0,0.0,0.0,0.0,0,none,0,1,0,overconfident,0.95,0,mild_drift,0.9513583444833755,0.0013903197526931766,0.7612915515899659,0.8491937363147736,1768237751.1383805,0.6197086572647095,0.03953873738646507
23,1472,1471,sea_nodrift,sea,ts_drift_adapt,1,"error_divergence_ph_meta@error.threshold=0.10,error.min_instances=5",error_divergence_ph_meta,"{""divergence"": {""alpha"": 0.1, ""delta"": 0.005, ""min_instances"": 30, ""threshold"": 0.05}, ""error_rate"": {""alpha"": 0.15, ""delta"": 0.005, ""min_instances"": 5, ""threshold"": 0.1}}","{""error_rate"": {""min_instances"": 5, ""threshold"": 0.1}}",0.1,0.005,0.15,5,0.05,0.005,0.1,30,,,,-1,two_stage,2,0.5,"__confirm_cooldown=200,__confirm_rule=perm_test,__perm_alpha=0.03,__perm_min_effect=0,__perm_n_perm=200,__perm_post_n=10,__perm_pre_n=500,__perm_rng_seed=0,__perm_side=two_sided,__perm_stat=vote_score,divergence=0.3,error_rate=0.5,teacher_entropy=0.2",3,0,200,0.0,0,10000,10.0,25.0,200,500,1,8,1.0,0.7180706521739131,0.33276244735324445,0.16666666666666666,0.6739246845245361,0.005279827397316694,0,0,4,3,-1,perm_test,0.004975124378109453,0.40439378990272135,3,3,0,0.0,0.0042738220654428005,0,0.0,0.0,0.0,0.0,0,none,0,1,0,overconfident,0.95,0,mild_drift,0.9558291722416877,0.0013451598763465885,0.780645775794983,0.8520968681573868,1768237751.1472578,0.530807614326477,0.021608466282486916
24,1536,1535,sea_nodrift,sea,ts_drift_adapt,1,"error_divergence_ph_meta@error.threshold=0.10,error.min_instances=5",error_divergence_ph_meta,"{""divergence"": {""alpha"": 0.1, ""delta"": 0.005, ""min_instances"": 30, ""threshold"": 0.05}, ""error_rate"": {""alpha"": 0.15, ""delta"": 0.005, ""min_instances"": 5, ""threshold"": 0.1}}","{""error_rate"": {""min_instances"": 5, ""threshold"": 0.1}}",0.1,0.005,0.15,5,0.05,0.005,0.1,30,,,,-1,two_stage,2,0.5,"__confirm_cooldown=200,__confirm_rule=perm_test,__perm_alpha=0.03,__perm_min_effect=0,__perm_n_perm=200,__perm_post_n=10,__perm_pre_n=500,__perm_rng_seed=0,__perm_side=two_sided,__perm_stat=vote_score,divergence=0.3,error_rate=0.5,teacher_entropy=0.2",3,0,200,0.0,0,10000,10.0,25.0,200,500,0,0,1.0,0.7233072916666666,0.3417603071785231,0.0,0.6724445223808289,0.004705226514488459,0,0,4,3,-1,perm_test,0.004975124378109453,0.40439378990272135,3,3,0,0.0,0.16666666666666666,0,0.0,0.0,0.0,0.0,0,none,0,1,0,overconfident,0.95,0,mild_drift,0.9580645861208439,0.0013225799381732942,0.7903228878974915,0.8535484340786934,1768237751.1560638,0.4126833379268646,0.01927524246275425
25,1600,1599,sea_nodrift,sea,ts_drift_adapt,1,"error_divergence_ph_meta@error.threshold=0.10,error.min_instances=5",error_divergence_ph_meta,"{""divergence"": {""alpha"": 0.1, ""delta"": 0.005, ""min_instances"": 30, ""threshold"": 0.05}, ""error_rate"": {""alpha"": 0.15, ""delta"": 0.005, ""min_instances"": 5, ""threshold"": 0.1}}","{""error_rate"": {""min_instances"": 5, ""threshold"": 0.1}}",0.1,0.005,0.15,5,0.05,0.005,0.1,30,,,,-1,two_stage,2,0.5,"__confirm_cooldown=200,__confirm_rule=perm_test,__perm_alpha=0.03,__perm_min_effect=0,__perm_n_perm=200,__perm_post_n=10,__perm_pre_n=500,__perm_rng_seed=0,__perm_side=two_sided,__perm_stat=vote_score,divergence=0.3,error_rate=0.5,teacher_entropy=0.2",3,0,200,0.0,0,10000,10.0,25.0,200,500,0,0,1.0,0.72375,0.3463085660198769,0.3333333333333333,0.6691232323646545,0.004719668999314308,1,1,5,4,0,perm_test,0.004975124378109453,0.44100572812022765,4,4,0,0.0,0.3333333333333333,1,0.5,0.0,0.0,0.0,0,none,1,1,0,overconfident,0.95,0,stable,0.9740322930604219,0.001061289969086647,0.8951614439487457,0.8992742170393467,1768237751.1709337,0.6512631773948669,0.01938760280609131
26,1664,1663,sea_nodrift,sea,ts_drift_adapt,1,"error_divergence_ph_meta@error.threshold=0.10,error.min_instances=5",error_divergence_ph_meta,"{""divergence"": {""alpha"": 0.1, ""delta"": 0.005, ""min_instances"": 30, ""threshold"": 0.05}, ""error_rate"": {""alpha"": 0.15, ""delta"": 0.005, ""min_instances"": 5, ""threshold"": 0.1}}","{""error_rate"": {""min_instances"": 5, ""threshold"": 0.1}}",0.1,0.005,0.15,5,0.05,0.005,0.1,30,,,,-1,two_stage,2,0.5,"__confirm_cooldown=200,__confirm_rule=perm_test,__perm_alpha=0.03,__perm_min_effect=0,__perm_n_perm=200,__perm_post_n=10,__perm_pre_n=500,__perm_rng_seed=0,__perm_side=two_sided,__perm_stat=vote_score,divergence=0.3,error_rate=0.5,teacher_entropy=0.2",3,0,200,0.0,0,10000,10.0,25.0,200,500,1,136,1.0,0.7247596153846154,0.34988466840460253,0.3333333333333333,0.6674062013626099,0.004217355977743864,0,0,5,4,-1,perm_test,0.004975124378109453,0.44100572812022765,4,4,0,0.0,0.0005023130215704441,0,0.0,0.0,0.0,0.0,0,none,0,1,0,overconfident,0.95,0,mild_drift,0.9671661465302109,0.0011806449845433236,0.847580721974373,0.8771371085196733,1768237751.179553,0.5983166694641113,0.017427289858460426
27,1728,1727,sea_nodrift,sea,ts_drift_adapt,1,"error_divergence_ph_meta@error.threshold=0.10,error.min_instances=5",error_divergence_ph_meta,"{""divergence"": {""alpha"": 0.1, ""delta"": 0.005, ""min_instances"": 30, ""threshold"": 0.05}, ""error_rate"": {""alpha"": 0.15, ""delta"": 0.005, ""min_instances"": 5, ""threshold"": 0.1}}","{""error_rate"": {""min_instances"": 5, ""threshold"": 0.1}}",0.1,0.005,0.15,5,0.05,0.005,0.1,30,,,,-1,two_stage,2,0.5,"__confirm_cooldown=200,__confirm_rule=perm_test,__perm_alpha=0.03,__perm_min_effect=0,__perm_n_perm=200,__perm_post_n=10,__perm_pre_n=500,__perm_rng_seed=0,__perm_side=two_sided,__perm_stat=vote_score,divergence=0.3,error_rate=0.5,teacher_entropy=0.2",3,0,200,0.0,0,10000,10.0,25.0,200,500,1,72,1.0,0.7251157407407407,0.3499828942866917,0.0,0.6658761501312256,0.002714948495849967,0,0,5,4,-1,perm_test,0.004975124378109453,0.44100572812022765,4,4,0,0.0,0.3333333333333333,0,0.0,0.0,0.0,0.0,0,none,0,1,0,overconfident,0.95,0,mild_drift,0.9637330732651055,0.0012403224922716619,0.8237903609871865,0.8660685542598366,1768237751.1880653,0.40371599793434143,0.011017528362572193
28,1792,1791,sea_nodrift,sea,ts_drift_adapt,1,"error_divergence_ph_meta@error.threshold=0.10,error.min_instances=5",error_divergence_ph_meta,"{""divergence"": {""alpha"": 0.1, ""delta"": 0.005, ""min_instances"": 30, ""threshold"": 0.05}, ""error_rate"": {""alpha"": 0.15, ""delta"": 0.005, ""min_instances"": 5, ""threshold"": 0.1}}","{""error_rate"": {""min_instances"": 5, ""threshold"": 0.1}}",0.1,0.005,0.15,5,0.05,0.005,0.1,30,,,,-1,two_stage,2,0.5,"__confirm_cooldown=200,__confirm_rule=perm_test,__perm_alpha=0.03,__perm_min_effect=0,__perm_n_perm=200,__perm_post_n=10,__perm_pre_n=500,__perm_rng_seed=0,__perm_side=two_sided,__perm_stat=vote_score,divergence=0.3,error_rate=0.5,teacher_entropy=0.2",3,0,200,0.0,0,10000,10.0,25.0,200,500,1,8,1.0,0.7237723214285714,0.3491792838506892,0.16666666666666666,0.6711617708206177,0.004304324276745319,0,0,5,4,-1,perm_test,0.004975124378109453,0.44100572812022765,4,4,0,0.0,0.16666666666666666,0,0.0,0.0,0.0,0.0,0,none,0,1,0,overconfident,0.95,0,mild_drift,0.9620165366325527,0.001270161246135831,0.8118951804935932,0.8605342771299183,1768237751.1967063,0.5328147411346436,0.01758670061826706
29,1856,1855,sea_nodrift,sea,ts_drift_adapt,1,"error_divergence_ph_meta@error.threshold=0.10,error.min_instances=5",error_divergence_ph_meta,"{""divergence"": {""alpha"": 0.1, ""delta"": 0.005, ""min_instances"": 30, ""threshold"": 0.05}, ""error_rate"": {""alpha"": 0.15, ""delta"": 0.005, ""min_instances"": 5, ""threshold"": 0.1}}","{""error_rate"": {""min_instances"": 5, ""threshold"": 0.1}}",0.1,0.005,0.15,5,0.05,0.005,0.1,30,,,,-1,two_stage,2,0.5,"__confirm_cooldown=200,__confirm_rule=perm_test,__perm_alpha=0.03,__perm_min_effect=0,__perm_n_perm=200,__perm_post_n=10,__perm_pre_n=500,__perm_rng_seed=0,__perm_side=two_sided,__perm_stat=vote_score,divergence=0.3,error_rate=0.5,teacher_entropy=0.2",3,0,200,0.0,0,10000,10.0,25.0,200,500,0,0,1.0,0.724676724137931,0.35151752185959,0.3333333333333333,0.6588564515113831,0.004652494098991156,0,0,5,4,-1,perm_test,0.004975124378109453,0.44100572812022765,4,4,0,0.0,0.16666666666666666,0,0.0,0.0,0.0,0.0,0,none,0,1,0,overconfident,0.95,0,mild_drift,0.9611582683162763,0.0012850806230679155,0.8059475902467966,0.8577671385649591,1768237751.2055073,0.5724755525588989,0.019458932802081108
30,1920,1919,sea_nodrift,sea,ts_drift_adapt,1,"error_divergence_ph_meta@error.threshold=0.10,error.min_instances=5",error_divergence_ph_meta,"{""divergence"": {""alpha"": 0.1, ""delta"": 0.005, ""min_instances"": 30, ""threshold"": 0.05}, ""error_rate"": {""alpha"": 0.15, ""delta"": 0.005, ""min_instances"": 5, ""threshold"": 0.1}}","{""error_rate"": {""min_instances"": 5, ""threshold"": 0.1}}",0.1,0.005,0.15,5,0.05,0.005,0.1,30,,,,-1,two_stage,2,0.5,"__confirm_cooldown=200,__confirm_rule=perm_test,__perm_alpha=0.03,__perm_min_effect=0,__perm_n_perm=200,__perm_post_n=10,__perm_pre_n=500,__perm_rng_seed=0,__perm_side=two_sided,__perm_stat=vote_score,divergence=0.3,error_rate=0.5,teacher_entropy=0.2",3,0,200,0.0,0,10000,10.0,25.0,200,500,0,0,1.0,0.725,0.34910490367168623,0.0,0.6676128506660461,0.003235928015783429,1,1,6,5,0,perm_test,0.004975124378109453,0.4565169704122445,5,5,0,0.3333333333333333,0.3333333333333333,1,0.5,0.0,0.0,0.0,0,none,1,1,0,overconfident,0.95,0,severe_drift,0.9260791341581381,0.0016425403115339578,0.6529737951233983,0.8338835692824795,1768237751.220672,0.41662558913230896,0.013148166239261627
31,1984,1983,sea_nodrift,sea,ts_drift_adapt,1,"error_divergence_ph_meta@error.threshold=0.10,error.min_instances=5",error_divergence_ph_meta,"{""divergence"": {""alpha"": 0.1, ""delta"": 0.005, ""min_instances"": 30, ""threshold"": 0.05}, ""error_rate"": {""alpha"": 0.15, ""delta"": 0.005, ""min_instances"": 5, ""threshold"": 0.1}}","{""error_rate"": {""min_instances"": 5, ""threshold"": 0.1}}",0.1,0.005,0.15,5,0.05,0.005,0.1,30,,,,-1,two_stage,2,0.5,"__confirm_cooldown=200,__confirm_rule=perm_test,__perm_alpha=0.03,__perm_min_effect=0,__perm_n_perm=200,__perm_post_n=10,__perm_pre_n=500,__perm_rng_seed=0,__perm_side=two_sided,__perm_stat=vote_score,divergence=0.3,error_rate=0.5,teacher_entropy=0.2",3,0,200,0.0,0,10000,10.0,25.0,200,500,1,136,1.0,0.7242943548387096,0.34932801243248945,0.0,0.6648885607719421,0.0053785149939358234,0,0,6,5,-1,perm_test,0.004975124378109453,0.4565169704122445,5,5,0,0.0,0.0021425869781523943,0,0.0,0.0,0.0,0.0,0,none,0,1,0,overconfident,0.95,0,mild_drift,0.9431895670790691,0.001471270155766979,0.7264868975616992,0.8444417846412398,1768237751.229453,0.4708300530910492,0.022465892136096954
32,2048,2047,sea_nodrift,sea,ts_drift_adapt,1,"error_divergence_ph_meta@error.threshold=0.10,error.min_instances=5",error_divergence_ph_meta,"{""divergence"": {""alpha"": 0.1, ""delta"": 0.005, ""min_instances"": 30, ""threshold"": 0.05}, ""error_rate"": {""alpha"": 0.15, ""delta"": 0.005, ""min_instances"": 5, ""threshold"": 0.1}}","{""error_rate"": {""min_instances"": 5, ""threshold"": 0.1}}",0.1,0.005,0.15,5,0.05,0.005,0.1,30,,,,-1,two_stage,2,0.5,"__confirm_cooldown=200,__confirm_rule=perm_test,__perm_alpha=0.03,__perm_min_effect=0,__perm_n_perm=200,__perm_post_n=10,__perm_pre_n=500,__perm_rng_seed=0,__perm_side=two_sided,__perm_stat=vote_score,divergence=0.3,error_rate=0.5,teacher_entropy=0.2",3,0,200,0.0,0,10000,10.0,25.0,200,500,1,72,1.0,0.7275390625,0.35473262925855326,0.0,0.6585489511489868,0.004965293221175671,0,0,6,5,-1,perm_test,0.004975124378109453,0.4565169704122445,5,5,0,0.0,0.0004132217727601528,0,0.0,0.0,0.0,0.0,0,none,0,1,0,overconfident,0.95,0,mild_drift,0.9517447835395345,0.0013856350778834897,0.7632434487808496,0.8497208923206199,1768237751.2381372,0.41378822922706604,0.020598242059350014
33,2112,2111,sea_nodrift,sea,ts_drift_adapt,1,"error_divergence_ph_meta@error.threshold=0.10,error.min_instances=5",error_divergence_ph_meta,"{""divergence"": {""alpha"": 0.1, ""delta"": 0.005, ""min_instances"": 30, ""threshold"": 0.05}, ""error_rate"": {""alpha"": 0.15, ""delta"": 0.005, ""min_instances"": 5, ""threshold"": 0.1}}","{""error_rate"": {""min_instances"": 5, ""threshold"": 0.1}}",0.1,0.005,0.15,5,0.05,0.005,0.1,30,,,,-1,two_stage,2,0.5,"__confirm_cooldown=200,__confirm_rule=perm_test,__perm_alpha=0.03,__perm_min_effect=0,__perm_n_perm=200,__perm_post_n=10,__perm_pre_n=500,__perm_rng_seed=0,__perm_side=two_sided,__perm_stat=vote_score,divergence=0.3,error_rate=0.5,teacher_entropy=0.2",3,0,200,0.0,0,10000,10.0,25.0,200,500,1,8,1.0,0.7305871212121212,0.36044687314397145,0.0,0.6621981263160706,0.006931517273187637,0,0,6,5,-1,perm_test,0.004975124378109453,0.4565169704122445,5,5,0,0.0,0.0019662240520119667,0,0.0,0.0,0.0,0.0,0,none,0,1,0,overconfident,0.95,0,mild_drift,0.9560223917697672,0.001342817538941745,0.7816217243904249,0.8523604461603099,1768237751.246963,0.28663620352745056,0.028858087956905365
34,2176,2175,sea_nodrift,sea,ts_drift_adapt,1,"error_divergence_ph_meta@error.threshold=0.10,error.min_instances=5",error_divergence_ph_meta,"{""divergence"": {""alpha"": 0.1, ""delta"": 0.005, ""min_instances"": 30, ""threshold"": 0.05}, ""error_rate"": {""alpha"": 0.15, ""delta"": 0.005, ""min_instances"": 5, ""threshold"": 0.1}}","{""error_rate"": {""min_instances"": 5, ""threshold"": 0.1}}",0.1,0.005,0.15,5,0.05,0.005,0.1,30,,,,-1,two_stage,2,0.5,"__confirm_cooldown=200,__confirm_rule=perm_test,__perm_alpha=0.03,__perm_min_effect=0,__perm_n_perm=200,__perm_post_n=10,__perm_pre_n=500,__perm_rng_seed=0,__perm_side=two_sided,__perm_stat=vote_score,divergence=0.3,error_rate=0.5,teacher_entropy=0.2",3,0,200,0.0,0,10000,10.0,25.0,200,500,0,0,1.0,0.7325367647058824,0.3630072701044493,0.16666666666666666,0.6468256711959839,0.007367993239313364,0,0,6,5,-1,perm_test,0.004975124378109453,0.4565169704122445,5,5,0,0.0,0.16666666666666666,0,0.0,0.0,0.0,0.0,0,none,0,1,0,overconfident,0.95,0,mild_drift,0.9581611958848836,0.0013214087694708725,0.7908108621952125,0.853680223080155,1768237751.2556577,0.44976726174354553,0.03115040622651577
35,2240,2239,sea_nodrift,sea,ts_drift_adapt,1,"error_divergence_ph_meta@error.threshold=0.10,error.min_instances=5",error_divergence_ph_meta,"{""divergence"": {""alpha"": 0.1, ""delta"": 0.005, ""min_instances"": 30, ""threshold"": 0.05}, ""error_rate"": {""alpha"": 0.15, ""delta"": 0.005, ""min_instances"": 5, ""threshold"": 0.1}}","{""error_rate"": {""min_instances"": 5, ""threshold"": 0.1}}",0.1,0.005,0.15,5,0.05,0.005,0.1,30,,,,-1,two_stage,2,0.5,"__confirm_cooldown=200,__confirm_rule=perm_test,__perm_alpha=0.03,__perm_min_effect=0,__perm_n_perm=200,__perm_post_n=10,__perm_pre_n=500,__perm_rng_seed=0,__perm_side=two_sided,__perm_stat=vote_score,divergence=0.3,error_rate=0.5,teacher_entropy=0.2",3,0,200,0.0,0,10000,10.0,25.0,200,500,0,0,1.0,0.7334821428571429,0.363478856881747,0.3333333333333333,0.6441128253936768,0.010682879947125912,1,1,7,6,0,perm_test,0.004975124378109453,0.4464676449714598,6,6,0,0.3333333333333333,0.16666666666666666,1,0.5,0.0,0.0,0.0,0,none,1,1,0,overconfident,0.95,0,severe_drift,0.9245805979424417,0.0016607043847354363,0.6454054310976063,0.8318401115400775,1768237751.2708719,0.5310829281806946,0.04604625701904297
36,2304,2303,sea_nodrift,sea,ts_drift_adapt,1,"error_divergence_ph_meta@error.threshold=0.10,error.min_instances=5",error_divergence_ph_meta,"{""divergence"": {""alpha"": 0.1, ""delta"": 0.005, ""min_instances"": 30, ""threshold"": 0.05}, ""error_rate"": {""alpha"": 0.15, ""delta"": 0.005, ""min_instances"": 5, ""threshold"": 0.1}}","{""error_rate"": {""min_instances"": 5, ""threshold"": 0.1}}",0.1,0.005,0.15,5,0.05,0.005,0.1,30,,,,-1,two_stage,2,0.5,"__confirm_cooldown=200,__confirm_rule=perm_test,__perm_alpha=0.03,__perm_min_effect=0,__perm_n_perm=200,__perm_post_n=10,__perm_pre_n=500,__perm_rng_seed=0,__perm_side=two_sided,__perm_stat=vote_score,divergence=0.3,error_rate=0.5,teacher_entropy=0.2",3,0,200,0.0,0,10000,10.0,25.0,200,500,1,136,1.0,0.7365451388888888,0.36607698123607296,0.3333333333333333,0.6498603224754333,0.014392471872270107,0,0,7,6,-1,perm_test,0.004975124378109453,0.4464676449714598,6,6,0,0.0,0.0037095919251441956,0,0.0,0.0,0.0,0.0,0,none,0,1,0,overconfident,0.95,0,mild_drift,0.9424402989712208,0.0014803521923677182,0.7227027155488032,0.8434200557700388,1768237751.2798452,0.5011497735977173,0.06235606595873833
37,2368,2367,sea_nodrift,sea,ts_drift_adapt,1,"error_divergence_ph_meta@error.threshold=0.10,error.min_instances=5",error_divergence_ph_meta,"{""divergence"": {""alpha"": 0.1, ""delta"": 0.005, ""min_instances"": 30, ""threshold"": 0.05}, ""error_rate"": {""alpha"": 0.15, ""delta"": 0.005, ""min_instances"": 5, ""threshold"": 0.1}}","{""error_rate"": {""min_instances"": 5, ""threshold"": 0.1}}",0.1,0.005,0.15,5,0.05,0.005,0.1,30,,,,-1,two_stage,2,0.5,"__confirm_cooldown=200,__confirm_rule=perm_test,__perm_alpha=0.03,__perm_min_effect=0,__perm_n_perm=200,__perm_post_n=10,__perm_pre_n=500,__perm_rng_seed=0,__perm_side=two_sided,__perm_stat=vote_score,divergence=0.3,error_rate=0.5,teacher_entropy=0.2",3,0,200,0.0,0,10000,10.0,25.0,200,500,1,72,1.0,0.738597972972973,0.3675311921269329,0.0,0.6478702425956726,0.010930626653134823,0,0,7,6,-1,perm_test,0.004975124378109453,0.4464676449714598,6,6,0,0.0,0.3333333333333333,0,0.0,0.0,0.0,0.0,0,none,0,1,0,overconfident,0.95,0,mild_drift,0.9513701494856104,0.0013901760961838592,0.7613513577744015,0.8492100278850194,1768237751.288724,0.2663135826587677,0.04645996913313866
38,2432,2431,sea_nodrift,sea,ts_drift_adapt,1,"error_divergence_ph_meta@error.threshold=0.10,error.min_instances=5",error_divergence_ph_meta,"{""divergence"": {""alpha"": 0.1, ""delta"": 0.005, ""min_instances"": 30, ""threshold"": 0.05}, ""error_rate"": {""alpha"": 0.15, ""delta"": 0.005, ""min_instances"": 5, ""threshold"": 0.1}}","{""error_rate"": {""min_instances"": 5, ""threshold"": 0.1}}",0.1,0.005,0.15,5,0.05,0.005,0.1,30,,,,-1,two_stage,2,0.5,"__confirm_cooldown=200,__confirm_rule=perm_test,__perm_alpha=0.03,__perm_min_effect=0,__perm_n_perm=200,__perm_post_n=10,__perm_pre_n=500,__perm_rng_seed=0,__perm_side=two_sided,__perm_stat=vote_score,divergence=0.3,error_rate=0.5,teacher_entropy=0.2",3,0,200,0.0,0,10000,10.0,25.0,200,500,1,8,1.0,0.7384868421052632,0.36912019147233505,0.16666666666666666,0.6363093256950378,0.012247187085449696,0,0,7,6,-1,perm_test,0.004975124378109453,0.4464676449714598,6,6,0,0.0,0.16666666666666666,0,0.0,0.0,0.0,0.0,0,none,0,1,0,overconfident,0.95,0,mild_drift,0.9558350747428052,0.0013450880480919297,0.7806756788872008,0.8521050139425097,1768237751.297523,0.5419299602508545,0.05300125852227211
39,2496,2495,sea_nodrift,sea,ts_drift_adapt,1,"error_divergence_ph_meta@error.threshold=0.10,error.min_instances=5",error_divergence_ph_meta,"{""divergence"": {""alpha"": 0.1, ""delta"": 0.005, ""min_instances"": 30, ""threshold"": 0.05}, ""error_rate"": {""alpha"": 0.15, ""delta"": 0.005, ""min_instances"": 5, ""threshold"": 0.1}}","{""error_rate"": {""min_instances"": 5, ""threshold"": 0.1}}",0.1,0.005,0.15,5,0.05,0.005,0.1,30,,,,-1,two_stage,2,0.5,"__confirm_cooldown=200,__confirm_rule=perm_test,__perm_alpha=0.03,__perm_min_effect=0,__perm_n_perm=200,__perm_post_n=10,__perm_pre_n=500,__perm_rng_seed=0,__perm_side=two_sided,__perm_stat=vote_score,divergence=0.3,error_rate=0.5,teacher_entropy=0.2",3,0,200,0.0,0,10000,10.0,25.0,200,500,0,0,1.0,0.7403846153846154,0.37494618627856396,0.3333333333333333,0.6469004154205322,0.013520080596208572,0,0,7,6,-1,perm_test,0.004975124378109453,0.4464676449714598,6,6,0,0.0,0.16666666666666666,0,0.0,0.0,0.0,0.0,0,none,0,1,0,overconfident,0.95,0,mild_drift,0.9580675373714025,0.001322544024045965,0.7903378394436005,0.8535525069712548,1768237751.3063707,0.6783807277679443,0.059338100254535675
40,2560,2559,sea_nodrift,sea,ts_drift_adapt,1,"error_divergence_ph_meta@error.threshold=0.10,error.min_instances=5",error_divergence_ph_meta,"{""divergence"": {""alpha"": 0.1, ""delta"": 0.005, ""min_instances"": 30, ""threshold"": 0.05}, ""error_rate"": {""alpha"": 0.15, ""delta"": 0.005, ""min_instances"": 5, ""threshold"": 0.1}}","{""error_rate"": {""min_instances"": 5, ""threshold"": 0.1}}",0.1,0.005,0.15,5,0.05,0.005,0.1,30,,,,-1,two_stage,2,0.5,"__confirm_cooldown=200,__confirm_rule=perm_test,__perm_alpha=0.03,__perm_min_effect=0,__perm_n_perm=200,__perm_post_n=10,__perm_pre_n=500,__perm_rng_seed=0,__perm_side=two_sided,__perm_stat=vote_score,divergence=0.3,error_rate=0.5,teacher_entropy=0.2",3,0,200,0.0,0,10000,10.0,25.0,200,500,0,0,1.0,0.7421875,0.3787010969808756,0.16666666666666666,0.621320903301239,0.01086492370814085,1,1,8,7,0,perm_test,0.004975124378109453,0.44561688550555073,7,7,0,0.16666666666666666,0.16666666666666666,1,0.5,0.0,0.0,0.0,0,none,1,1,0,overconfident,0.95,0,severe_drift,0.9245337686857013,0.0016612720120229825,0.6451689197218002,0.8317762534856274,1768237751.3215256,0.4558676779270172,0.047471579164266586
41,2624,2623,sea_nodrift,sea,ts_drift_adapt,1,"error_divergence_ph_meta@error.threshold=0.10,error.min_instances=5",error_divergence_ph_meta,"{""divergence"": {""alpha"": 0.1, ""delta"": 0.005, ""min_instances"": 30, ""threshold"": 0.05}, ""error_rate"": {""alpha"": 0.15, ""delta"": 0.005, ""min_instances"": 5, ""threshold"": 0.1}}","{""error_rate"": {""min_instances"": 5, ""threshold"": 0.1}}",0.1,0.005,0.15,5,0.05,0.005,0.1,30,,,,-1,two_stage,2,0.5,"__confirm_cooldown=200,__confirm_rule=perm_test,__perm_alpha=0.03,__perm_min_effect=0,__perm_n_perm=200,__perm_post_n=10,__perm_pre_n=500,__perm_rng_seed=0,__perm_side=two_sided,__perm_stat=vote_score,divergence=0.3,error_rate=0.5,teacher_entropy=0.2",3,0,200,0.0,0,10000,10.0,25.0,200,500,1,136,1.0,0.7454268292682927,0.38341396973830755,0.0,0.6110036373138428,0.012127452529966831,0,0,8,7,-1,perm_test,0.004975124378109453,0.44561688550555073,7,7,0,0.0,0.16666666666666666,0,0.0,0.0,0.0,0.0,0,none,0,1,0,overconfident,0.95,0,mild_drift,0.9424168843428506,0.0014806360060114912,0.7225844598609001,0.8433881267428137,1768237751.331432,0.22483479976654053,0.1533854901790619
42,2688,2687,sea_nodrift,sea,ts_drift_adapt,1,"error_divergence_ph_meta@error.threshold=0.10,error.min_instances=5",error_divergence_ph_meta,"{""divergence"": {""alpha"": 0.1, ""delta"": 0.005, ""min_instances"": 30, ""threshold"": 0.05}, ""error_rate"": {""alpha"": 0.15, ""delta"": 0.005, ""min_instances"": 5, ""threshold"": 0.1}}","{""error_rate"": {""min_instances"": 5, ""threshold"": 0.1}}",0.1,0.005,0.15,5,0.05,0.005,0.1,30,,,,-1,two_stage,2,0.5,"__confirm_cooldown=200,__confirm_rule=perm_test,__perm_alpha=0.03,__perm_min_effect=0,__perm_n_perm=200,__perm_post_n=10,__perm_pre_n=500,__perm_rng_seed=0,__perm_side=two_sided,__perm_stat=vote_score,divergence=0.3,error_rate=0.5,teacher_entropy=0.2",3,0,200,0.0,0,10000,10.0,25.0,200,500,1,72,1.0,0.7455357142857143,0.3822765757290686,0.5,0.6136690378189087,0.011915741488337517,0,0,8,7,-1,perm_test,0.004975124378109453,0.44561688550555073,7,7,0,0.0,0.5,0,0.0,0.0,0.0,0.0,0,none,0,1,0,overconfident,0.95,0,mild_drift,0.9513584421714253,0.0013903180030057456,0.7612922299304501,0.8491940633714068,1768237751.3408742,0.5858651995658875,0.10867942869663239
43,2752,2751,sea_nodrift,sea,ts_drift_adapt,1,"error_divergence_ph_meta@error.threshold=0.10,error.min_instances=5",error_divergence_ph_meta,"{""divergence"": {""alpha"": 0.1, ""delta"": 0.005, ""min_instances"": 30, ""threshold"": 0.05}, ""error_rate"": {""alpha"": 0.15, ""delta"": 0.005, ""min_instances"": 5, ""threshold"": 0.1}}","{""error_rate"": {""min_instances"": 5, ""threshold"": 0.1}}",0.1,0.005,0.15,5,0.05,0.005,0.1,30,,,,-1,two_stage,2,0.5,"__confirm_cooldown=200,__confirm_rule=perm_test,__perm_alpha=0.03,__perm_min_effect=0,__perm_n_perm=200,__perm_post_n=10,__perm_pre_n=500,__perm_rng_seed=0,__perm_side=two_sided,__perm_stat=vote_score,divergence=0.3,error_rate=0.5,teacher_entropy=0.2",3,0,200,0.0,0,10000,10.0,25.0,200,500,1,8,1.0,0.7474563953488372,0.3875844191107063,0.3333333333333333,0.5976617932319641,0.009123622439801693,0,0,8,7,-1,perm_test,0.004975124378109453,0.44561688550555073,7,7,0,0.0,0.16666666666666669,0,0.0,0.0,0.0,0.0,0,none,0,1,0,overconfident,0.95,0,mild_drift,0.9558292210857127,0.0013451590015028728,0.7806461149652251,0.8520970316857034,1768237751.350483,0.8350346684455872,0.15428434312343597
44,2816,2815,sea_nodrift,sea,ts_drift_adapt,1,"error_divergence_ph_meta@error.threshold=0.10,error.min_instances=5",error_divergence_ph_meta,"{""divergence"": {""alpha"": 0.1, ""delta"": 0.005, ""min_instances"": 30, ""threshold"": 0.05}, ""error_rate"": {""alpha"": 0.15, ""delta"": 0.005, ""min_instances"": 5, ""threshold"": 0.1}}","{""error_rate"": {""min_instances"": 5, ""threshold"": 0.1}}",0.1,0.005,0.15,5,0.05,0.005,0.1,30,,,,-1,two_stage,2,0.5,"__confirm_cooldown=200,__confirm_rule=perm_test,__perm_alpha=0.03,__perm_min_effect=0,__perm_n_perm=200,__perm_post_n=10,__perm_pre_n=500,__perm_rng_seed=0,__perm_side=two_sided,__perm_stat=vote_score,divergence=0.3,error_rate=0.5,teacher_entropy=0.2",3,0,200,0.0,0,10000,10.0,25.0,200,500,0,0,1.0,0.7492897727272727,0.39080826769313165,0.16666666666666666,0.5876142382621765,0.006562892347574234,0,0,8,7,-1,perm_test,0.004975124378109453,0.44561688550555073,7,7,0,0.0,0.16666666666666666,0,0.0,0.0,0.0,0.0,0,none,0,1,0,overconfident,0.95,0,mild_drift,0.9580646105428563,0.0013225795007514364,0.7903230574826126,0.8535485158428517,1768237751.3602254,0.32128041982650757,0.10043739527463913
45,2880,2879,sea_nodrift,sea,ts_drift_adapt,1,"error_divergence_ph_meta@error.threshold=0.10,error.min_instances=5",error_divergence_ph_meta,"{""divergence"": {""alpha"": 0.1, ""delta"": 0.005, ""min_instances"": 30, ""threshold"": 0.05}, ""error_rate"": {""alpha"": 0.15, ""delta"": 0.005, ""min_instances"": 5, ""threshold"": 0.1}}","{""error_rate"": {""min_instances"": 5, ""threshold"": 0.1}}",0.1,0.005,0.15,5,0.05,0.005,0.1,30,,,,-1,two_stage,2,0.5,"__confirm_cooldown=200,__confirm_rule=perm_test,__perm_alpha=0.03,__perm_min_effect=0,__perm_n_perm=200,__perm_post_n=10,__perm_pre_n=500,__perm_rng_seed=0,__perm_side=two_sided,__perm_stat=vote_score,divergence=0.3,error_rate=0.5,teacher_entropy=0.2",3,0,200,0.0,0,10000,10.0,25.0,200,500,0,0,1.0,0.7517361111111112,0.3950290851401375,0.0,0.5917081236839294,0.007746581453830004,1,1,9,8,0,perm_test,0.004975124378109453,0.4230225314695376,8,8,0,0.16666666666666666,0.16666666666666666,1,0.5,0.0,0.0,0.0,0,none,1,1,0,overconfident,0.95,0,severe_drift,0.9245323052714282,0.0016612897503757182,0.6451615287413063,0.8317742579214259,1768237751.375567,0.2622896730899811,0.03389003127813339
46,2944,2943,sea_nodrift,sea,ts_drift_adapt,1,"error_divergence_ph_meta@error.threshold=0.10,error.min_instances=5",error_divergence_ph_meta,"{""divergence"": {""alpha"": 0.1, ""delta"": 0.005, ""min_instances"": 30, ""threshold"": 0.05}, ""error_rate"": {""alpha"": 0.15, ""delta"": 0.005, ""min_instances"": 5, ""threshold"": 0.1}}","{""error_rate"": {""min_instances"": 5, ""threshold"": 0.1}}",0.1,0.005,0.15,5,0.05,0.005,0.1,30,,,,-1,two_stage,2,0.5,"__confirm_cooldown=200,__confirm_rule=perm_test,__perm_alpha=0.03,__perm_min_effect=0,__perm_n_perm=200,__perm_post_n=10,__perm_pre_n=500,__perm_rng_seed=0,__perm_side=two_sided,__perm_stat=vote_score,divergence=0.3,error_rate=0.5,teacher_entropy=0.2",3,0,200,0.0,0,10000,10.0,25.0,200,500,1,136,1.0,0.7533967391304348,0.39882135069879643,0.0,0.5906130075454712,0.006768941879272461,0,0,9,8,-1,perm_test,0.004975124378109453,0.4230225314695376,8,8,0,0.0,0.0009776395745575428,0,0.0,0.0,0.0,0.0,0,none,0,1,0,overconfident,0.95,0,mild_drift,0.942416152635714,0.0014806448751878592,0.7225807643706532,0.8433871289607129,1768237751.3852658,0.19358228147029877,0.11717180907726288
47,3008,3007,sea_nodrift,sea,ts_drift_adapt,1,"error_divergence_ph_meta@error.threshold=0.10,error.min_instances=5",error_divergence_ph_meta,"{""divergence"": {""alpha"": 0.1, ""delta"": 0.005, ""min_instances"": 30, ""threshold"": 0.05}, ""error_rate"": {""alpha"": 0.15, ""delta"": 0.005, ""min_instances"": 5, ""threshold"": 0.1}}","{""error_rate"": {""min_instances"": 5, ""threshold"": 0.1}}",0.1,0.005,0.15,5,0.05,0.005,0.1,30,,,,-1,two_stage,2,0.5,"__confirm_cooldown=200,__confirm_rule=perm_test,__perm_alpha=0.03,__perm_min_effect=0,__perm_n_perm=200,__perm_post_n=10,__perm_pre_n=500,__perm_rng_seed=0,__perm_side=two_sided,__perm_stat=vote_score,divergence=0.3,error_rate=0.5,teacher_entropy=0.2",3,0,200,0.0,0,10000,10.0,25.0,200,500,1,72,1.0,0.7523271276595744,0.396462198091052,0.5,0.5981809496879578,0.008607922121882439,0,0,9,8,-1,perm_test,0.004975124378109453,0.4230225314695376,8,8,0,0.0,0.5,0,0.0,0.0,0.0,0.0,0,none,0,1,0,overconfident,0.95,0,mild_drift,0.951358076317857,0.0013903224375939297,0.7612903821853266,0.8491935644803564,1768237751.3940482,0.5288581252098083,0.03742038831114769
48,3072,3071,sea_nodrift,sea,ts_drift_adapt,1,"error_divergence_ph_meta@error.threshold=0.10,error.min_instances=5",error_divergence_ph_meta,"{""divergence"": {""alpha"": 0.1, ""delta"": 0.005, ""min_instances"": 30, ""threshold"": 0.05}, ""error_rate"": {""alpha"": 0.15, ""delta"": 0.005, ""min_instances"": 5, ""threshold"": 0.1}}","{""error_rate"": {""min_instances"": 5, ""threshold"": 0.1}}",0.1,0.005,0.15,5,0.05,0.005,0.1,30,,,,-1,two_stage,2,0.5,"__confirm_cooldown=200,__confirm_rule=perm_test,__perm_alpha=0.03,__perm_min_effect=0,__perm_n_perm=200,__perm_post_n=10,__perm_pre_n=500,__perm_rng_seed=0,__perm_side=two_sided,__perm_stat=vote_score,divergence=0.3,error_rate=0.5,teacher_entropy=0.2",3,0,200,0.0,0,10000,10.0,25.0,200,500,1,8,1.0,0.7532552083333334,0.3983679341220826,0.3333333333333333,0.575006902217865,0.006745726335793734,0,0,9,8,-1,perm_test,0.004975124378109453,0.4230225314695376,8,8,0,0.0,0.16666666666666669,0,0.0,0.0,0.0,0.0,0,none,0,1,0,overconfident,0.95,0,mild_drift,0.9558290381589285,0.001345161218796965,0.7806451910926633,0.8520967822401782,1768237751.4037056,0.5247097611427307,0.17365138232707977
49,3136,3135,sea_nodrift,sea,ts_drift_adapt,1,"error_divergence_ph_meta@error.threshold=0.10,error.min_instances=5",error_divergence_ph_meta,"{""divergence"": {""alpha"": 0.1, ""delta"": 0.005, ""min_instances"": 30, ""threshold"": 0.05}, ""error_rate"": {""alpha"": 0.15, ""delta"": 0.005, ""min_instances"": 5, ""threshold"": 0.1}}","{""error_rate"": {""min_instances"": 5, ""threshold"": 0.1}}",0.1,0.005,0.15,5,0.05,0.005,0.1,30,,,,-1,two_stage,2,0.5,"__confirm_cooldown=200,__confirm_rule=perm_test,__perm_alpha=0.03,__perm_min_effect=0,__perm_n_perm=200,__perm_post_n=10,__perm_pre_n=500,__perm_rng_seed=0,__perm_side=two_sided,__perm_stat=vote_score,divergence=0.3,error_rate=0.5,teacher_entropy=0.2",3,0,200,0.0,0,10000,10.0,25.0,200,500,0,0,1.0,0.7554209183673469,0.40285915162877894,0.16666666666666666,0.5583839416503906,0.007055997848510742,0,0,9,8,-1,perm_test,0.004975124378109453,0.4230225314695376,8,8,0,0.0,0.16666666666666666,0,0.0,0.0,0.0,0.0,0,none,0,1,0,overconfident,0.95,0,mild_drift,0.9580645190794642,0.0013225806093984825,0.7903225955463317,0.8535483911200891,1768237751.413421,0.30185094475746155,0.06579521298408508
50,3200,3199,sea_nodrift,sea,ts_drift_adapt,1,"error_divergence_ph_meta@error.threshold=0.10,error.min_instances=5",error_divergence_ph_meta,"{""divergence"": {""alpha"": 0.1, ""delta"": 0.005, ""min_instances"": 30, ""threshold"": 0.05}, ""error_rate"": {""alpha"": 0.15, ""delta"": 0.005, ""min_instances"": 5, ""threshold"": 0.1}}","{""error_rate"": {""min_instances"": 5, ""threshold"": 0.1}}",0.1,0.005,0.15,5,0.05,0.005,0.1,30,,,,-1,two_stage,2,0.5,"__confirm_cooldown=200,__confirm_rule=perm_test,__perm_alpha=0.03,__perm_min_effect=0,__perm_n_perm=200,__perm_post_n=10,__perm_pre_n=500,__perm_rng_seed=0,__perm_side=two_sided,__perm_stat=vote_score,divergence=0.3,error_rate=0.5,teacher_entropy=0.2",3,0,200,0.0,0,10000,10.0,25.0,200,500,0,0,1.0,0.75625,0.4041756402366684,0.3333333333333333,0.5647149085998535,0.008315740153193474,1,1,10,9,0,perm_test,0.004975124378109453,0.39016721271301913,9,9,0,0.3333333333333333,0.16666666666666666,1,0.5,0.0,0.0,0.0,0,none,1,1,0,overconfident,0.95,0,severe_drift,0.9245322595397321,0.0016612903046992413,0.6451612977731658,0.8317741955600446,1768237751.429377,0.45760515332221985,0.15268650650978088
51,3264,3263,sea_nodrift,sea,ts_drift_adapt,1,"error_divergence_ph_meta@error.threshold=0.10,error.min_instances=5",error_divergence_ph_meta,"{""divergence"": {""alpha"": 0.1, ""delta"": 0.005, ""min_instances"": 30, ""threshold"": 0.05}, ""error_rate"": {""alpha"": 0.15, ""delta"": 0.005, ""min_instances"": 5, ""threshold"": 0.1}}","{""error_rate"": {""min_instances"": 5, ""threshold"": 0.1}}",0.1,0.005,0.15,5,0.05,0.005,0.1,30,,,,-1,two_stage,2,0.5,"__confirm_cooldown=200,__confirm_rule=perm_test,__perm_alpha=0.03,__perm_min_effect=0,__perm_n_perm=200,__perm_post_n=10,__perm_pre_n=500,__perm_rng_seed=0,__perm_side=two_sided,__perm_stat=vote_score,divergence=0.3,error_rate=0.5,teacher_entropy=0.2",3,0,200,0.0,0,10000,10.0,25.0,200,500,1,136,1.0,0.7582720588235294,0.407624957215886,0.0,0.5531443357467651,0.005443873815238476,0,0,10,9,-1,perm_test,0.004975124378109453,0.39016721271301913,9,9,0,0.0,0.3333333333333333,0,0.0,0.0,0.0,0.0,0,none,0,1,0,overconfident,0.95,0,mild_drift,0.942416129769866,0.0014806451523496208,0.7225806488865829,0.8433870977800223,1768237751.4390385,0.43589961528778076,0.14298531413078308
52,3328,3327,sea_nodrift,sea,ts_drift_adapt,1,"error_divergence_ph_meta@error.threshold=0.10,error.min_instances=5",error_divergence_ph_meta,"{""divergence"": {""alpha"": 0.1, ""delta"": 0.005, ""min_instances"": 30, ""threshold"": 0.05}, ""error_rate"": {""alpha"": 0.15, ""delta"": 0.005, ""min_instances"": 5, ""threshold"": 0.1}}","{""error_rate"": {""min_instances"": 5, ""threshold"": 0.1}}",0.1,0.005,0.15,5,0.05,0.005,0.1,30,,,,-1,two_stage,2,0.5,"__confirm_cooldown=200,__confirm_rule=perm_test,__perm_alpha=0.03,__perm_min_effect=0,__perm_n_perm=200,__perm_post_n=10,__perm_pre_n=500,__perm_rng_seed=0,__perm_side=two_sided,__perm_stat=vote_score,divergence=0.3,error_rate=0.5,teacher_entropy=0.2",3,0,200,0.0,0,10000,10.0,25.0,200,500,1,72,1.0,0.7584134615384616,0.4088360682395027,0.0,0.5567713975906372,0.006447901949286461,0,0,10,9,-1,perm_test,0.004975124378109453,0.39016721271301913,9,9,0,0.0,0.001004028134047985,0,0.0,0.0,0.0,0.0,0,none,0,1,0,overconfident,0.95,0,mild_drift,0.9513580648849329,0.0013903225761748104,0.7612903244432915,0.8491935488900111,1768237751.4487011,0.15532775223255157,0.09271543473005295
53,3392,3391,sea_nodrift,sea,ts_drift_adapt,1,"error_divergence_ph_meta@error.threshold=0.10,error.min_instances=5",error_divergence_ph_meta,"{""divergence"": {""alpha"": 0.1, ""delta"": 0.005, ""min_instances"": 30, ""threshold"": 0.05}, ""error_rate"": {""alpha"": 0.15, ""delta"": 0.005, ""min_instances"": 5, ""threshold"": 0.1}}","{""error_rate"": {""min_instances"": 5, ""threshold"": 0.1}}",0.1,0.005,0.15,5,0.05,0.005,0.1,30,,,,-1,two_stage,2,0.5,"__confirm_cooldown=200,__confirm_rule=perm_test,__perm_alpha=0.03,__perm_min_effect=0,__perm_n_perm=200,__perm_post_n=10,__perm_pre_n=500,__perm_rng_seed=0,__perm_side=two_sided,__perm_stat=vote_score,divergence=0.3,error_rate=0.5,teacher_entropy=0.2",3,0,200,0.0,0,10000,10.0,25.0,200,500,1,8,1.0,0.7585495283018868,0.4099954975236381,0.0,0.5610040426254272,0.007226861547678709,0,0,10,9,-1,perm_test,0.004975124378109453,0.39016721271301913,9,9,0,0.0,0.0007789595983922482,0,0.0,0.0,0.0,0.0,0,none,0,1,0,overconfident,0.95,0,mild_drift,0.9558290324424664,0.0013451612880874052,0.7806451622216457,0.8520967744450055,1768237751.4584937,0.158587247133255,0.09374354779720306
54,3456,3455,sea_nodrift,sea,ts_drift_adapt,1,"error_divergence_ph_meta@error.threshold=0.10,error.min_instances=5",error_divergence_ph_meta,"{""divergence"": {""alpha"": 0.1, ""delta"": 0.005, ""min_instances"": 30, ""threshold"": 0.05}, ""error_rate"": {""alpha"": 0.15, ""delta"": 0.005, ""min_instances"": 5, ""threshold"": 0.1}}","{""error_rate"": {""min_instances"": 5, ""threshold"": 0.1}}",0.1,0.005,0.15,5,0.05,0.005,0.1,30,,,,-1,two_stage,2,0.5,"__confirm_cooldown=200,__confirm_rule=perm_test,__perm_alpha=0.03,__perm_min_effect=0,__perm_n_perm=200,__perm_post_n=10,__perm_pre_n=500,__perm_rng_seed=0,__perm_side=two_sided,__perm_stat=vote_score,divergence=0.3,error_rate=0.5,teacher_entropy=0.2",3,0,200,0.0,0,10000,10.0,25.0,200,500,0,0,1.0,0.7586805555555556,0.4107954118028006,0.3333333333333333,0.5571112632751465,0.006198458839207888,0,0,10,9,-1,perm_test,0.004975124378109453,0.39016721271301913,9,9,0,0.0,0.3333333333333333,0,0.0,0.0,0.0,0.0,0,none,0,1,0,overconfident,0.95,0,mild_drift,0.9580645162212331,0.0013225806440437028,0.7903225811108229,0.8535483872225027,1768237751.468358,0.5652737617492676,0.11250269412994385
55,3520,3519,sea_nodrift,sea,ts_drift_adapt,1,"error_divergence_ph_meta@error.threshold=0.10,error.min_instances=5",error_divergence_ph_meta,"{""divergence"": {""alpha"": 0.1, ""delta"": 0.005, ""min_instances"": 30, ""threshold"": 0.05}, ""error_rate"": {""alpha"": 0.15, ""delta"": 0.005, ""min_instances"": 5, ""threshold"": 0.1}}","{""error_rate"": {""min_instances"": 5, ""threshold"": 0.1}}",0.1,0.005,0.15,5,0.05,0.005,0.1,30,,,,-1,two_stage,2,0.5,"__confirm_cooldown=200,__confirm_rule=perm_test,__perm_alpha=0.03,__perm_min_effect=0,__perm_n_perm=200,__perm_post_n=10,__perm_pre_n=500,__perm_rng_seed=0,__perm_side=two_sided,__perm_stat=vote_score,divergence=0.3,error_rate=0.5,teacher_entropy=0.2",3,0,200,0.0,0,10000,10.0,25.0,200,500,0,0,1.0,0.7588068181818182,0.4113995254136874,0.5,0.5481758713722229,0.007718003820627928,1,1,11,10,0,perm_test,0.004975124378109453,0.4124261494168716,10,10,0,0.16666666666666669,0.16666666666666669,1,0.5,0.0,0.0,0.0,0,none,1,1,0,overconfident,0.95,0,severe_drift,0.9245322581106166,0.0016612903220218514,0.6451612905554114,0.8317741936112514,1768237751.4847727,0.8033437728881836,0.1330525279045105
56,3584,3583,sea_nodrift,sea,ts_drift_adapt,1,"error_divergence_ph_meta@error.threshold=0.10,error.min_instances=5",error_divergence_ph_meta,"{""divergence"": {""alpha"": 0.1, ""delta"": 0.005, ""min_instances"": 30, ""threshold"": 0.05}, ""error_rate"": {""alpha"": 0.15, ""delta"": 0.005, ""min_instances"": 5, ""threshold"": 0.1}}","{""error_rate"": {""min_instances"": 5, ""threshold"": 0.1}}",0.1,0.005,0.15,5,0.05,0.005,0.1,30,,,,-1,two_stage,2,0.5,"__confirm_cooldown=200,__confirm_rule=perm_test,__perm_alpha=0.03,__perm_min_effect=0,__perm_n_perm=200,__perm_post_n=10,__perm_pre_n=500,__perm_rng_seed=0,__perm_side=two_sided,__perm_stat=vote_score,divergence=0.3,error_rate=0.5,teacher_entropy=0.2",3,0,200,0.0,0,10000,10.0,25.0,200,500,1,136,1.0,0.7600446428571429,0.4152530057487424,0.3333333333333333,0.5459166169166565,0.006166247650980949,0,0,11,10,-1,perm_test,0.004975124378109453,0.4124261494168716,10,10,0,0.0,0.16666666666666669,0,0.0,0.0,0.0,0.0,0,none,0,1,0,overconfident,0.95,0,mild_drift,0.9424161290553082,0.0014806451610109258,0.7225806452777057,0.8433870968056256,1768237751.494474,0.6690797209739685,0.14086323976516724
57,3648,3647,sea_nodrift,sea,ts_drift_adapt,1,"error_divergence_ph_meta@error.threshold=0.10,error.min_instances=5",error_divergence_ph_meta,"{""divergence"": {""alpha"": 0.1, ""delta"": 0.005, ""min_instances"": 30, ""threshold"": 0.05}, ""error_rate"": {""alpha"": 0.15, ""delta"": 0.005, ""min_instances"": 5, ""threshold"": 0.1}}","{""error_rate"": {""min_instances"": 5, ""threshold"": 0.1}}",0.1,0.005,0.15,5,0.05,0.005,0.1,30,,,,-1,two_stage,2,0.5,"__confirm_cooldown=200,__confirm_rule=perm_test,__perm_alpha=0.03,__perm_min_effect=0,__perm_n_perm=200,__perm_post_n=10,__perm_pre_n=500,__perm_rng_seed=0,__perm_side=two_sided,__perm_stat=vote_score,divergence=0.3,error_rate=0.5,teacher_entropy=0.2",3,0,200,0.0,0,10000,10.0,25.0,200,500,1,72,1.0,0.7615131578947368,0.4193932914547769,0.0,0.5186961889266968,0.009003565646708012,0,0,11,10,-1,perm_test,0.004975124378109453,0.4124261494168716,10,10,0,0.0,0.3333333333333333,0,0.0,0.0,0.0,0.0,0,none,0,1,0,overconfident,0.95,0,mild_drift,0.951358064527654,0.001390322580505463,0.7612903226388529,0.8491935484028128,1768237751.5040753,0.1853480190038681,0.14202815294265747
58,3712,3711,sea_nodrift,sea,ts_drift_adapt,1,"error_divergence_ph_meta@error.threshold=0.10,error.min_instances=5",error_divergence_ph_meta,"{""divergence"": {""alpha"": 0.1, ""delta"": 0.005, ""min_instances"": 30, ""threshold"": 0.05}, ""error_rate"": {""alpha"": 0.15, ""delta"": 0.005, ""min_instances"": 5, ""threshold"": 0.1}}","{""error_rate"": {""min_instances"": 5, ""threshold"": 0.1}}",0.1,0.005,0.15,5,0.05,0.005,0.1,30,,,,-1,two_stage,2,0.5,"__confirm_cooldown=200,__confirm_rule=perm_test,__perm_alpha=0.03,__perm_min_effect=0,__perm_n_perm=200,__perm_post_n=10,__perm_pre_n=500,__perm_rng_seed=0,__perm_side=two_sided,__perm_stat=vote_score,divergence=0.3,error_rate=0.5,teacher_entropy=0.2",3,0,200,0.0,0,10000,10.0,25.0,200,500,1,8,1.0,0.7629310344827587,0.42273728304668967,0.0,0.5290830731391907,0.006349567789584398,0,0,11,10,-1,perm_test,0.004975124378109453,0.4124261494168716,10,10,0,0.0,0.0026539978571236134,0,0.0,0.0,0.0,0.0,0,none,0,1,0,overconfident,0.95,0,mild_drift,0.955829032263827,0.0013451612902527317,0.7806451613194265,0.8520967742014064,1768237751.5138059,0.19842106103897095,0.10775528848171234
59,3776,3775,sea_nodrift,sea,ts_drift_adapt,1,"error_divergence_ph_meta@error.threshold=0.10,error.min_instances=5",error_divergence_ph_meta,"{""divergence"": {""alpha"": 0.1, ""delta"": 0.005, ""min_instances"": 30, ""threshold"": 0.05}, ""error_rate"": {""alpha"": 0.15, ""delta"": 0.005, ""min_instances"": 5, ""threshold"": 0.1}}","{""error_rate"": {""min_instances"": 5, ""threshold"": 0.1}}",0.1,0.005,0.15,5,0.05,0.005,0.1,30,,,,-1,two_stage,2,0.5,"__confirm_cooldown=200,__confirm_rule=perm_test,__perm_alpha=0.03,__perm_min_effect=0,__perm_n_perm=200,__perm_post_n=10,__perm_pre_n=500,__perm_rng_seed=0,__perm_side=two_sided,__perm_stat=vote_score,divergence=0.3,error_rate=0.5,teacher_entropy=0.2",3,0,200,0.0,0,10000,10.0,25.0,200,500,0,0,1.0,0.7645656779661016,0.4257145242458539,0.0,0.5268837213516235,0.006811896804720163,0,0,11,10,-1,perm_test,0.004975124378109453,0.4124261494168716,10,10,0,0.0,0.0004623290151357651,0,0.0,0.0,0.0,0.0,0,none,0,1,0,overconfident,0.95,0,mild_drift,0.9580645161319135,0.0013225806451263658,0.7903225806597133,0.8535483871007032,1768237751.5235538,0.1719595193862915,0.13669836521148682
60,3840,3839,sea_nodrift,sea,ts_drift_adapt,1,"error_divergence_ph_meta@error.threshold=0.10,error.min_instances=5",error_divergence_ph_meta,"{""divergence"": {""alpha"": 0.1, ""delta"": 0.005, ""min_instances"": 30, ""threshold"": 0.05}, ""error_rate"": {""alpha"": 0.15, ""delta"": 0.005, ""min_instances"": 5, ""threshold"": 0.1}}","{""error_rate"": {""min_instances"": 5, ""threshold"": 0.1}}",0.1,0.005,0.15,5,0.05,0.005,0.1,30,,,,-1,two_stage,2,0.5,"__confirm_cooldown=200,__confirm_rule=perm_test,__perm_alpha=0.03,__perm_min_effect=0,__perm_n_perm=200,__perm_post_n=10,__perm_pre_n=500,__perm_rng_seed=0,__perm_side=two_sided,__perm_stat=vote_score,divergence=0.3,error_rate=0.5,teacher_entropy=0.2",3,0,200,0.0,0,10000,10.0,25.0,200,500,0,0,1.0,0.7645833333333333,0.42455202266144687,0.5,0.5367560982704163,0.005505096632987261,1,1,12,11,0,perm_test,0.004975124378109453,0.45316652060206447,11,11,0,0.0,0.5,1,0.5,0.0,0.0,0.0,0,none,1,1,0,overconfident,0.95,0,stable,0.9740322580659567,0.0010612903225631829,0.8951612903298567,0.8992741935503517,1768237751.5400276,0.7765092849731445,0.13427694141864777
61,3904,3903,sea_nodrift,sea,ts_drift_adapt,1,"error_divergence_ph_meta@error.threshold=0.10,error.min_instances=5",error_divergence_ph_meta,"{""divergence"": {""alpha"": 0.1, ""delta"": 0.005, ""min_instances"": 30, ""threshold"": 0.05}, ""error_rate"": {""alpha"": 0.15, ""delta"": 0.005, ""min_instances"": 5, ""threshold"": 0.1}}","{""error_rate"": {""min_instances"": 5, ""threshold"": 0.1}}",0.1,0.005,0.15,5,0.05,0.005,0.1,30,,,,-1,two_stage,2,0.5,"__confirm_cooldown=200,__confirm_rule=perm_test,__perm_alpha=0.03,__perm_min_effect=0,__perm_n_perm=200,__perm_post_n=10,__perm_pre_n=500,__perm_rng_seed=0,__perm_side=two_sided,__perm_stat=vote_score,divergence=0.3,error_rate=0.5,teacher_entropy=0.2",3,0,200,0.0,0,10000,10.0,25.0,200,500,1,136,1.0,0.7646004098360656,0.42377151917316014,0.16666666666666666,0.5451619625091553,0.006143989972770214,0,0,12,11,-1,perm_test,0.004975124378109453,0.45316652060206447,11,11,0,0.0,0.33333333333333337,0,0.0,0.0,0.0,0.0,0,none,0,1,0,overconfident,0.95,0,mild_drift,0.9671661290329783,0.0011806451612815915,0.8475806451649284,0.8771370967751758,1768237751.5498872,0.3054483234882355,0.059016287326812744
62,3968,3967,sea_nodrift,sea,ts_drift_adapt,1,"error_divergence_ph_meta@error.threshold=0.10,error.min_instances=5",error_divergence_ph_meta,"{""divergence"": {""alpha"": 0.1, ""delta"": 0.005, ""min_instances"": 30, ""threshold"": 0.05}, ""error_rate"": {""alpha"": 0.15, ""delta"": 0.005, ""min_instances"": 5, ""threshold"": 0.1}}","{""error_rate"": {""min_instances"": 5, ""threshold"": 0.1}}",0.1,0.005,0.15,5,0.05,0.005,0.1,30,,,,-1,two_stage,2,0.5,"__confirm_cooldown=200,__confirm_rule=perm_test,__perm_alpha=0.03,__perm_min_effect=0,__perm_n_perm=200,__perm_post_n=10,__perm_pre_n=500,__perm_rng_seed=0,__perm_side=two_sided,__perm_stat=vote_score,divergence=0.3,error_rate=0.5,teacher_entropy=0.2",3,0,200,0.0,0,10000,10.0,25.0,200,500,1,72,1.0,0.7661290322580645,0.4267593780619217,0.16666666666666666,0.5129997134208679,0.004267871379852295,0,0,12,11,-1,perm_test,0.004975124378109453,0.45316652060206447,11,11,0,0.0,0.0018761185929179192,0,0.0,0.0,0.0,0.0,0,none,0,1,0,overconfident,0.95,0,mild_drift,0.9637330645164891,0.0012403225806407957,0.8237903225824642,0.8660685483875878,1768237751.5596342,0.4887576103210449,0.10743497312068939
63,4032,4031,sea_nodrift,sea,ts_drift_adapt,1,"error_divergence_ph_meta@error.threshold=0.10,error.min_instances=5",error_divergence_ph_meta,"{""divergence"": {""alpha"": 0.1, ""delta"": 0.005, ""min_instances"": 30, ""threshold"": 0.05}, ""error_rate"": {""alpha"": 0.15, ""delta"": 0.005, ""min_instances"": 5, ""threshold"": 0.1}}","{""error_rate"": {""min_instances"": 5, ""threshold"": 0.1}}",0.1,0.005,0.15,5,0.05,0.005,0.1,30,,,,-1,two_stage,2,0.5,"__confirm_cooldown=200,__confirm_rule=perm_test,__perm_alpha=0.03,__perm_min_effect=0,__perm_n_perm=200,__perm_post_n=10,__perm_pre_n=500,__perm_rng_seed=0,__perm_side=two_sided,__perm_stat=vote_score,divergence=0.3,error_rate=0.5,teacher_entropy=0.2",3,0,200,0.0,0,10000,10.0,25.0,200,500,1,8,1.0,0.7663690476190477,0.4281302283899241,0.0,0.5356584191322327,0.007185671012848616,0,0,12,11,-1,perm_test,0.004975124378109453,0.45316652060206447,11,11,0,0.0,0.16666666666666666,0,0.0,0.0,0.0,0.0,0,none,0,1,0,overconfident,0.95,0,mild_drift,0.9620165322582446,0.001270161290320398,0.8118951612912322,0.8605342741937939,1768237751.5694237,0.3307934105396271,0.129952535033226
64,4096,4095,sea_nodrift,sea,ts_drift_adapt,1,"error_divergence_ph_meta@error.threshold=0.10,error.min_instances=5",error_divergence_ph_meta,"{""divergence"": {""alpha"": 0.1, ""delta"": 0.005, ""min_instances"": 30, ""threshold"": 0.05}, ""error_rate"": {""alpha"": 0.15, ""delta"": 0.005, ""min_instances"": 5, ""threshold"": 0.1}}","{""error_rate"": {""min_instances"": 5, ""threshold"": 0.1}}",0.1,0.005,0.15,5,0.05,0.005,0.1,30,,,,-1,two_stage,2,0.5,"__confirm_cooldown=200,__confirm_rule=perm_test,__perm_alpha=0.03,__perm_min_effect=0,__perm_n_perm=200,__perm_post_n=10,__perm_pre_n=500,__perm_rng_seed=0,__perm_side=two_sided,__perm_stat=vote_score,divergence=0.3,error_rate=0.5,teacher_entropy=0.2",3,0,200,0.0,0,10000,10.0,25.0,200,500,0,0,1.0,0.767578125,0.4315483305907338,0.0,0.5341147780418396,0.006358667742460966,0,0,12,11,-1,perm_test,0.004975124378109453,0.45316652060206447,11,11,0,0.0,0.0008270032703876495,0,0.0,0.0,0.0,0.0,0,none,0,1,0,overconfident,0.95,0,mild_drift,0.9611582661291223,0.0012850806451601992,0.8059475806456161,0.8577671370968969,1768237751.579453,0.1624385118484497,0.09099289774894714
65,4160,4159,sea_nodrift,sea,ts_drift_adapt,1,"error_divergence_ph_meta@error.threshold=0.10,error.min_instances=5",error_divergence_ph_meta,"{""divergence"": {""alpha"": 0.1, ""delta"": 0.005, ""min_instances"": 30, ""threshold"": 0.05}, ""error_rate"": {""alpha"": 0.15, ""delta"": 0.005, ""min_instances"": 5, ""threshold"": 0.1}}","{""error_rate"": {""min_instances"": 5, ""threshold"": 0.1}}",0.1,0.005,0.15,5,0.05,0.005,0.1,30,,,,-1,two_stage,2,0.5,"__confirm_cooldown=200,__confirm_rule=perm_test,__perm_alpha=0.03,__perm_min_effect=0,__perm_n_perm=200,__perm_post_n=10,__perm_pre_n=500,__perm_rng_seed=0,__perm_side=two_sided,__perm_stat=vote_score,divergence=0.3,error_rate=0.5,teacher_entropy=0.2",3,0,200,0.0,0,10000,10.0,25.0,200,500,0,0,1.0,0.76875,0.43464510910211335,0.16666666666666666,0.5039933919906616,0.006309899501502514,1,1,13,12,0,perm_test,0.004975124378109453,0.45998728462102867,12,12,0,0.33333333333333337,0.16666666666666666,1,0.5,0.0,0.0,0.0,0,none,1,1,0,overconfident,0.95,0,severe_drift,0.9260791330645611,0.0016425403225800996,0.6529737903228081,0.8338835685484485,1768237751.5961263,0.26218703389167786,0.1220531016588211
66,4224,4223,sea_nodrift,sea,ts_drift_adapt,1,"error_divergence_ph_meta@error.threshold=0.10,error.min_instances=5",error_divergence_ph_meta,"{""divergence"": {""alpha"": 0.1, ""delta"": 0.005, ""min_instances"": 30, ""threshold"": 0.05}, ""error_rate"": {""alpha"": 0.15, ""delta"": 0.005, ""min_instances"": 5, ""threshold"": 0.1}}","{""error_rate"": {""min_instances"": 5, ""threshold"": 0.1}}",0.1,0.005,0.15,5,0.05,0.005,0.1,30,,,,-1,two_stage,2,0.5,"__confirm_cooldown=200,__confirm_rule=perm_test,__perm_alpha=0.03,__perm_min_effect=0,__perm_n_perm=200,__perm_post_n=10,__perm_pre_n=500,__perm_rng_seed=0,__perm_side=two_sided,__perm_stat=vote_score,divergence=0.3,error_rate=0.5,teacher_entropy=0.2",3,0,200,0.0,0,10000,10.0,25.0,200,500,1,136,1.0,0.7696496212121212,0.43743121797700635,0.0,0.4913674592971802,0.006292436271905899,0,0,13,12,-1,perm_test,0.004975124378109453,0.45998728462102867,12,12,0,0.0,0.16666666666666666,0,0.0,0.0,0.0,0.0,0,none,0,1,0,overconfident,0.95,0,mild_drift,0.9431895665322805,0.00147127016129005,0.7264868951614041,0.8444417842742242,1768237751.6059413,0.25892847776412964,0.12289705127477646
67,4288,4287,sea_nodrift,sea,ts_drift_adapt,1,"error_divergence_ph_meta@error.threshold=0.10,error.min_instances=5",error_divergence_ph_meta,"{""divergence"": {""alpha"": 0.1, ""delta"": 0.005, ""min_instances"": 30, ""threshold"": 0.05}, ""error_rate"": {""alpha"": 0.15, ""delta"": 0.005, ""min_instances"": 5, ""threshold"": 0.1}}","{""error_rate"": {""min_instances"": 5, ""threshold"": 0.1}}",0.1,0.005,0.15,5,0.05,0.005,0.1,30,,,,-1,two_stage,2,0.5,"__confirm_cooldown=200,__confirm_rule=perm_test,__perm_alpha=0.03,__perm_min_effect=0,__perm_n_perm=200,__perm_post_n=10,__perm_pre_n=500,__perm_rng_seed=0,__perm_side=two_sided,__perm_stat=vote_score,divergence=0.3,error_rate=0.5,teacher_entropy=0.2",3,0,200,0.0,0,10000,10.0,25.0,200,500,1,72,1.0,0.7705223880597015,0.4401989251862668,0.3333333333333333,0.5127249956130981,0.006523021496832371,0,0,13,12,-1,perm_test,0.004975124378109453,0.45998728462102867,12,12,0,0.0,0.3333333333333333,0,0.0,0.0,0.0,0.0,0,none,0,1,0,overconfident,0.95,0,mild_drift,0.9517447832661402,0.001385635080645025,0.7632434475807021,0.8497208921371121,1768237751.6156933,0.3612457811832428,0.11908146739006042
68,4352,4351,sea_nodrift,sea,ts_drift_adapt,1,"error_divergence_ph_meta@error.threshold=0.10,error.min_instances=5",error_divergence_ph_meta,"{""divergence"": {""alpha"": 0.1, ""delta"": 0.005, ""min_instances"": 30, ""threshold"": 0.05}, ""error_rate"": {""alpha"": 0.15, ""delta"": 0.005, ""min_instances"": 5, ""threshold"": 0.1}}","{""error_rate"": {""min_instances"": 5, ""threshold"": 0.1}}",0.1,0.005,0.15,5,0.05,0.005,0.1,30,,,,-1,two_stage,2,0.5,"__confirm_cooldown=200,__confirm_rule=perm_test,__perm_alpha=0.03,__perm_min_effect=0,__perm_n_perm=200,__perm_post_n=10,__perm_pre_n=500,__perm_rng_seed=0,__perm_side=two_sided,__perm_stat=vote_score,divergence=0.3,error_rate=0.5,teacher_entropy=0.2",3,0,200,0.0,0,10000,10.0,25.0,200,500,1,8,1.0,0.7713694852941176,0.4423794885319399,0.0,0.49639278650283813,0.008231735788285732,0,0,13,12,-1,perm_test,0.004975124378109453,0.45998728462102867,12,12,0,0.0,0.3333333333333333,0,0.0,0.0,0.0,0.0,0,none,0,1,0,overconfident,0.95,0,mild_drift,0.9560223916330701,0.0013428175403225125,0.7816217237903511,0.8523604460685561,1768237751.6254618,0.10369548946619034,0.13761572539806366
69,4416,4415,sea_nodrift,sea,ts_drift_adapt,1,"error_divergence_ph_meta@error.threshold=0.10,error.min_instances=5",error_divergence_ph_meta,"{""divergence"": {""alpha"": 0.1, ""delta"": 0.005, ""min_instances"": 30, ""threshold"": 0.05}, ""error_rate"": {""alpha"": 0.15, ""delta"": 0.005, ""min_instances"": 5, ""threshold"": 0.1}}","{""error_rate"": {""min_instances"": 5, ""threshold"": 0.1}}",0.1,0.005,0.15,5,0.05,0.005,0.1,30,,,,-1,two_stage,2,0.5,"__confirm_cooldown=200,__confirm_rule=perm_test,__perm_alpha=0.03,__perm_min_effect=0,__perm_n_perm=200,__perm_post_n=10,__perm_pre_n=500,__perm_rng_seed=0,__perm_side=two_sided,__perm_stat=vote_score,divergence=0.3,error_rate=0.5,teacher_entropy=0.2",3,0,200,0.0,0,10000,10.0,25.0,200,500,0,0,1.0,0.7721920289855072,0.44498548777855046,0.16666666666666666,0.4853452444076538,0.00740809878334403,0,0,13,12,-1,perm_test,0.004975124378109453,0.45998728462102867,12,12,0,0.0,0.16666666666666666,0,0.0,0.0,0.0,0.0,0,none,0,1,0,overconfident,0.95,0,mild_drift,0.958161195816535,0.0013214087701612564,0.7908108618951756,0.853680223034278,1768237751.6352153,0.5172407031059265,0.09117794781923294
70,4480,4479,sea_nodrift,sea,ts_drift_adapt,1,"error_divergence_ph_meta@error.threshold=0.10,error.min_instances=5",error_divergence_ph_meta,"{""divergence"": {""alpha"": 0.1, ""delta"": 0.005, ""min_instances"": 30, ""threshold"": 0.05}, ""error_rate"": {""alpha"": 0.15, ""delta"": 0.005, ""min_instances"": 5, ""threshold"": 0.1}}","{""error_rate"": {""min_instances"": 5, ""threshold"": 0.1}}",0.1,0.005,0.15,5,0.05,0.005,0.1,30,,,,-1,two_stage,2,0.5,"__confirm_cooldown=200,__confirm_rule=perm_test,__perm_alpha=0.03,__perm_min_effect=0,__perm_n_perm=200,__perm_post_n=10,__perm_pre_n=500,__perm_rng_seed=0,__perm_side=two_sided,__perm_stat=vote_score,divergence=0.3,error_rate=0.5,teacher_entropy=0.2",3,0,200,0.0,0,10000,10.0,25.0,200,500,0,0,1.0,0.7729910714285714,0.4449977488846746,0.3333333333333333,0.4948691725730896,0.007684057112783194,1,1,14,13,0,perm_test,0.004975124378109453,0.4357474731227362,13,13,0,0.16666666666666666,0.16666666666666666,1,0.5,0.0,0.0,0.0,0,none,1,1,0,overconfident,0.95,0,severe_drift,0.9245805979082675,0.0016607043850806282,0.6454054309475878,0.831840111517139,1768237751.651776,0.7040900588035583,0.10497640073299408
71,4544,4543,sea_nodrift,sea,ts_drift_adapt,1,"error_divergence_ph_meta@error.threshold=0.10,error.min_instances=5",error_divergence_ph_meta,"{""divergence"": {""alpha"": 0.1, ""delta"": 0.005, ""min_instances"": 30, ""threshold"": 0.05}, ""error_rate"": {""alpha"": 0.15, ""delta"": 0.005, ""min_instances"": 5, ""threshold"": 0.1}}","{""error_rate"": {""min_instances"": 5, ""threshold"": 0.1}}",0.1,0.005,0.15,5,0.05,0.005,0.1,30,,,,-1,two_stage,2,0.5,"__confirm_cooldown=200,__confirm_rule=perm_test,__perm_alpha=0.03,__perm_min_effect=0,__perm_n_perm=200,__perm_post_n=10,__perm_pre_n=500,__perm_rng_seed=0,__perm_side=two_sided,__perm_stat=vote_score,divergence=0.3,error_rate=0.5,teacher_entropy=0.2",3,0,200,0.0,0,10000,10.0,25.0,200,500,1,136,1.0,0.7742077464788732,0.4467809507716704,0.0,0.4956141412258148,0.006758396979421377,0,0,14,13,-1,perm_test,0.004975124378109453,0.4357474731227362,13,13,0,0.0,0.3333333333333333,0,0.0,0.0,0.0,0.0,0,none,0,1,0,overconfident,0.95,0,mild_drift,0.9424402989541337,0.0014803521925403143,0.7227027154737939,0.8434200557585695,1768237751.6617434,0.22909153997898102,0.11920712888240814
72,4608,4607,sea_nodrift,sea,ts_drift_adapt,1,"error_divergence_ph_meta@error.threshold=0.10,error.min_instances=5",error_divergence_ph_meta,"{""divergence"": {""alpha"": 0.1, ""delta"": 0.005, ""min_instances"": 30, ""threshold"": 0.05}, ""error_rate"": {""alpha"": 0.15, ""delta"": 0.005, ""min_instances"": 5, ""threshold"": 0.1}}","{""error_rate"": {""min_instances"": 5, ""threshold"": 0.1}}",0.1,0.005,0.15,5,0.05,0.005,0.1,30,,,,-1,two_stage,2,0.5,"__confirm_cooldown=200,__confirm_rule=perm_test,__perm_alpha=0.03,__perm_min_effect=0,__perm_n_perm=200,__perm_post_n=10,__perm_pre_n=500,__perm_rng_seed=0,__perm_side=two_sided,__perm_stat=vote_score,divergence=0.3,error_rate=0.5,teacher_entropy=0.2",3,0,200,0.0,0,10000,10.0,25.0,200,500,1,72,1.0,0.7743055555555556,0.4461846961649928,0.0,0.4589865803718567,0.004897044971585274,0,0,14,13,-1,perm_test,0.004975124378109453,0.4357474731227362,13,13,0,0.0,0.0018613520078361034,0,0.0,0.0,0.0,0.0,0,none,0,1,0,overconfident,0.95,0,mild_drift,0.9513701494770668,0.0013901760962701571,0.761351357736897,0.8492100278792847,1768237751.6714804,0.17515093088150024,0.10771223902702332
73,4672,4671,sea_nodrift,sea,ts_drift_adapt,1,"error_divergence_ph_meta@error.threshold=0.10,error.min_instances=5",error_divergence_ph_meta,"{""divergence"": {""alpha"": 0.1, ""delta"": 0.005, ""min_instances"": 30, ""threshold"": 0.05}, ""error_rate"": {""alpha"": 0.15, ""delta"": 0.005, ""min_instances"": 5, ""threshold"": 0.1}}","{""error_rate"": {""min_instances"": 5, ""threshold"": 0.1}}",0.1,0.005,0.15,5,0.05,0.005,0.1,30,,,,-1,two_stage,2,0.5,"__confirm_cooldown=200,__confirm_rule=perm_test,__perm_alpha=0.03,__perm_min_effect=0,__perm_n_perm=200,__perm_post_n=10,__perm_pre_n=500,__perm_rng_seed=0,__perm_side=two_sided,__perm_stat=vote_score,divergence=0.3,error_rate=0.5,teacher_entropy=0.2",3,0,200,0.0,0,10000,10.0,25.0,200,500,1,8,1.0,0.7748287671232876,0.4467903004069825,0.5,0.45878922939300537,0.009126185439527035,0,0,14,13,-1,perm_test,0.004975124378109453,0.4357474731227362,13,13,0,0.0,0.5,0,0.0,0.0,0.0,0.0,0,none,0,1,0,overconfident,0.95,0,mild_drift,0.9558350747385334,0.0013450880481350787,0.7806756788684486,0.8521050139396423,1768237751.681359,0.8877782821655273,0.10941876471042633
74,4736,4735,sea_nodrift,sea,ts_drift_adapt,1,"error_divergence_ph_meta@error.threshold=0.10,error.min_instances=5",error_divergence_ph_meta,"{""divergence"": {""alpha"": 0.1, ""delta"": 0.005, ""min_instances"": 30, ""threshold"": 0.05}, ""error_rate"": {""alpha"": 0.15, ""delta"": 0.005, ""min_instances"": 5, ""threshold"": 0.1}}","{""error_rate"": {""min_instances"": 5, ""threshold"": 0.1}}",0.1,0.005,0.15,5,0.05,0.005,0.1,30,,,,-1,two_stage,2,0.5,"__confirm_cooldown=200,__confirm_rule=perm_test,__perm_alpha=0.03,__perm_min_effect=0,__perm_n_perm=200,__perm_post_n=10,__perm_pre_n=500,__perm_rng_seed=0,__perm_side=two_sided,__perm_stat=vote_score,divergence=0.3,error_rate=0.5,teacher_entropy=0.2",3,0,200,0.0,0,10000,10.0,25.0,200,500,0,0,1.0,0.7751266891891891,0.4477193501890118,0.0,0.452859491109848,0.006441042292863131,0,0,14,13,-1,perm_test,0.004975124378109453,0.4357474731227362,13,13,0,0.0,0.5,0,0.0,0.0,0.0,0.0,0,none,0,1,0,overconfident,0.95,0,mild_drift,0.9580675373692666,0.0013225440240675393,0.7903378394342243,0.8535525069698211,1768237751.6912425,0.11086209863424301,0.09576861560344696
75,4800,4799,sea_nodrift,sea,ts_drift_adapt,1,"error_divergence_ph_meta@error.threshold=0.10,error.min_instances=5",error_divergence_ph_meta,"{""divergence"": {""alpha"": 0.1, ""delta"": 0.005, ""min_instances"": 30, ""threshold"": 0.05}, ""error_rate"": {""alpha"": 0.15, ""delta"": 0.005, ""min_instances"": 5, ""threshold"": 0.1}}","{""error_rate"": {""min_instances"": 5, ""threshold"": 0.1}}",0.1,0.005,0.15,5,0.05,0.005,0.1,30,,,,-1,two_stage,2,0.5,"__confirm_cooldown=200,__confirm_rule=perm_test,__perm_alpha=0.03,__perm_min_effect=0,__perm_n_perm=200,__perm_post_n=10,__perm_pre_n=500,__perm_rng_seed=0,__perm_side=two_sided,__perm_stat=vote_score,divergence=0.3,error_rate=0.5,teacher_entropy=0.2",3,0,200,0.0,0,10000,10.0,25.0,200,500,0,0,1.0,0.7766666666666666,0.451379909177445,0.16666666666666666,0.4223858416080475,0.005951227620244026,1,1,15,14,0,perm_test,0.004975124378109453,0.40747184222602595,14,14,0,0.16666666666666666,0.16666666666666666,1,0.5,0.0,0.0,0.0,0,none,1,1,0,overconfident,0.95,0,severe_drift,0.9245337686846333,0.0016612720120337697,0.6451689197171122,0.8317762534849106,1768237751.7077413,0.37079811096191406,0.1111244335770607
76,4864,4863,sea_nodrift,sea,ts_drift_adapt,1,"error_divergence_ph_meta@error.threshold=0.10,error.min_instances=5",error_divergence_ph_meta,"{""divergence"": {""alpha"": 0.1, ""delta"": 0.005, ""min_instances"": 30, ""threshold"": 0.05}, ""error_rate"": {""alpha"": 0.15, ""delta"": 0.005, ""min_instances"": 5, ""threshold"": 0.1}}","{""error_rate"": {""min_instances"": 5, ""threshold"": 0.1}}",0.1,0.005,0.15,5,0.05,0.005,0.1,30,,,,-1,two_stage,2,0.5,"__confirm_cooldown=200,__confirm_rule=perm_test,__perm_alpha=0.03,__perm_min_effect=0,__perm_n_perm=200,__perm_post_n=10,__perm_pre_n=500,__perm_rng_seed=0,__perm_side=two_sided,__perm_stat=vote_score,divergence=0.3,error_rate=0.5,teacher_entropy=0.2",3,0,200,0.0,0,10000,10.0,25.0,200,500,1,136,1.0,0.7767269736842105,0.45102995071401475,0.16666666666666666,0.4457757771015167,0.007036259863525629,0,0,15,14,-1,perm_test,0.004975124378109453,0.40747184222602595,14,14,0,0.0,0.0010850322432816029,0,0.0,0.0,0.0,0.0,0,none,0,1,0,overconfident,0.95,0,mild_drift,0.9424168843423166,0.001480636006016885,0.7225844598585561,0.8433881267424552,1768237751.717619,0.43131884932518005,0.1002545952796936
77,4928,4927,sea_nodrift,sea,ts_drift_adapt,1,"error_divergence_ph_meta@error.threshold=0.10,error.min_instances=5",error_divergence_ph_meta,"{""divergence"": {""alpha"": 0.1, ""delta"": 0.005, ""min_instances"": 30, ""threshold"": 0.05}, ""error_rate"": {""alpha"": 0.15, ""delta"": 0.005, ""min_instances"": 5, ""threshold"": 0.1}}","{""error_rate"": {""min_instances"": 5, ""threshold"": 0.1}}",0.1,0.005,0.15,5,0.05,0.005,0.1,30,,,,-1,two_stage,2,0.5,"__confirm_cooldown=200,__confirm_rule=perm_test,__perm_alpha=0.03,__perm_min_effect=0,__perm_n_perm=200,__perm_post_n=10,__perm_pre_n=500,__perm_rng_seed=0,__perm_side=two_sided,__perm_stat=vote_score,divergence=0.3,error_rate=0.5,teacher_entropy=0.2",3,0,200,0.0,0,10000,10.0,25.0,200,500,1,72,1.0,0.7769886363636364,0.45125652661488996,0.5,0.4323071837425232,0.006897583603858948,0,0,15,14,-1,perm_test,0.004975124378109453,0.40747184222602595,14,14,0,0.0,0.33333333333333337,0,0.0,0.0,0.0,0.0,0,none,0,1,0,overconfident,0.95,0,mild_drift,0.9513584421711583,0.0013903180030084426,0.7612922299292781,0.8491940633712276,1768237751.7274673,0.8153023719787598,0.10675334185361862
78,4992,4991,sea_nodrift,sea,ts_drift_adapt,1,"error_divergence_ph_meta@error.threshold=0.10,error.min_instances=5",error_divergence_ph_meta,"{""divergence"": {""alpha"": 0.1, ""delta"": 0.005, ""min_instances"": 30, ""threshold"": 0.05}, ""error_rate"": {""alpha"": 0.15, ""delta"": 0.005, ""min_instances"": 5, ""threshold"": 0.1}}","{""error_rate"": {""min_instances"": 5, ""threshold"": 0.1}}",0.1,0.005,0.15,5,0.05,0.005,0.1,30,,,,-1,two_stage,2,0.5,"__confirm_cooldown=200,__confirm_rule=perm_test,__perm_alpha=0.03,__perm_min_effect=0,__perm_n_perm=200,__perm_post_n=10,__perm_pre_n=500,__perm_rng_seed=0,__perm_side=two_sided,__perm_stat=vote_score,divergence=0.3,error_rate=0.5,teacher_entropy=0.2",3,0,200,0.0,0,10000,10.0,25.0,200,500,1,8,1.0,0.7778445512820513,0.45217746506524636,0.3333333333333333,0.4521092474460602,0.006053033284842968,0,0,15,14,-1,perm_test,0.004975124378109453,0.40747184222602595,14,14,0,0.0,0.16666666666666669,0,0.0,0.0,0.0,0.0,0,none,0,1,0,overconfident,0.95,0,mild_drift,0.9558292210855791,0.0013451590015042215,0.7806461149646391,0.8520970316856138,1768237751.7371767,0.4729965925216675,0.10703495889902115
79,5056,5055,sea_nodrift,sea,ts_drift_adapt,1,"error_divergence_ph_meta@error.threshold=0.10,error.min_instances=5",error_divergence_ph_meta,"{""divergence"": {""alpha"": 0.1, ""delta"": 0.005, ""min_instances"": 30, ""threshold"": 0.05}, ""error_rate"": {""alpha"": 0.15, ""delta"": 0.005, ""min_instances"": 5, ""threshold"": 0.1}}","{""error_rate"": {""min_instances"": 5, ""threshold"": 0.1}}",0.1,0.005,0.15,5,0.05,0.005,0.1,30,,,,-1,two_stage,2,0.5,"__confirm_cooldown=200,__confirm_rule=perm_test,__perm_alpha=0.03,__perm_min_effect=0,__perm_n_perm=200,__perm_post_n=10,__perm_pre_n=500,__perm_rng_seed=0,__perm_side=two_sided,__perm_stat=vote_score,divergence=0.3,error_rate=0.5,teacher_entropy=0.2",3,0,200,0.0,0,10000,10.0,25.0,200,500,0,0,1.0,0.7786787974683544,0.4532768423384057,0.16666666666666666,0.4591749310493469,0.006700953934341669,0,0,15,14,-1,perm_test,0.004975124378109453,0.40747184222602595,14,14,0,0.0,0.16666666666666666,0,0.0,0.0,0.0,0.0,0,none,0,1,0,overconfident,0.95,0,mild_drift,0.9580646105427895,0.0013225795007521107,0.7903230574823196,0.8535485158428069,1768237751.7472217,0.29907307028770447,0.10051275789737701
80,5120,5119,sea_nodrift,sea,ts_drift_adapt,1,"error_divergence_ph_meta@error.threshold=0.10,error.min_instances=5",error_divergence_ph_meta,"{""divergence"": {""alpha"": 0.1, ""delta"": 0.005, ""min_instances"": 30, ""threshold"": 0.05}, ""error_rate"": {""alpha"": 0.15, ""delta"": 0.005, ""min_instances"": 5, ""threshold"": 0.1}}","{""error_rate"": {""min_instances"": 5, ""threshold"": 0.1}}",0.1,0.005,0.15,5,0.05,0.005,0.1,30,,,,-1,two_stage,2,0.5,"__confirm_cooldown=200,__confirm_rule=perm_test,__perm_alpha=0.03,__perm_min_effect=0,__perm_n_perm=200,__perm_post_n=10,__perm_pre_n=500,__perm_rng_seed=0,__perm_side=two_sided,__perm_stat=vote_score,divergence=0.3,error_rate=0.5,teacher_entropy=0.2",3,0,200,0.0,0,10000,10.0,25.0,200,500,0,0,1.0,0.7796875,0.45618693574083896,0.0,0.41038742661476135,0.003996511455625296,1,1,16,15,0,perm_test,0.004975124378109453,0.4000523712907096,15,15,0,0.16666666666666666,0.16666666666666666,1,0.5,0.0,0.0,0.0,0,none,1,1,0,overconfident,0.95,0,severe_drift,0.9245323052713947,0.0016612897503760554,0.6451615287411598,0.8317742579214035,1768237751.7636595,0.1583610326051712,0.08455775678157806
81,5184,5183,sea_nodrift,sea,ts_drift_adapt,1,"error_divergence_ph_meta@error.threshold=0.10,error.min_instances=5",error_divergence_ph_meta,"{""divergence"": {""alpha"": 0.1, ""delta"": 0.005, ""min_instances"": 30, ""threshold"": 0.05}, ""error_rate"": {""alpha"": 0.15, ""delta"": 0.005, ""min_instances"": 5, ""threshold"": 0.1}}","{""error_rate"": {""min_instances"": 5, ""threshold"": 0.1}}",0.1,0.005,0.15,5,0.05,0.005,0.1,30,,,,-1,two_stage,2,0.5,"__confirm_cooldown=200,__confirm_rule=perm_test,__perm_alpha=0.03,__perm_min_effect=0,__perm_n_perm=200,__perm_post_n=10,__perm_pre_n=500,__perm_rng_seed=0,__perm_side=two_sided,__perm_stat=vote_score,divergence=0.3,error_rate=0.5,teacher_entropy=0.2",3,0,200,0.0,0,10000,10.0,25.0,200,500,1,136,1.0,0.7800925925925926,0.45808040432694985,0.0,0.4852072596549988,0.007251877337694168,0,0,16,15,-1,perm_test,0.004975124378109453,0.4000523712907096,15,15,0,0.0,0.0032553658820688725,0,0.0,0.0,0.0,0.0,0,none,0,1,0,overconfident,0.95,0,mild_drift,0.9424161526356973,0.0014806448751880277,0.7225807643705799,0.8433871289607018,1768237751.7735665,0.12008067965507507,0.12575379014015198
82,5248,5247,sea_nodrift,sea,ts_drift_adapt,1,"error_divergence_ph_meta@error.threshold=0.10,error.min_instances=5",error_divergence_ph_meta,"{""divergence"": {""alpha"": 0.1, ""delta"": 0.005, ""min_instances"": 30, ""threshold"": 0.05}, ""error_rate"": {""alpha"": 0.15, ""delta"": 0.005, ""min_instances"": 5, ""threshold"": 0.1}}","{""error_rate"": {""min_instances"": 5, ""threshold"": 0.1}}",0.1,0.005,0.15,5,0.05,0.005,0.1,30,,,,-1,two_stage,2,0.5,"__confirm_cooldown=200,__confirm_rule=perm_test,__perm_alpha=0.03,__perm_min_effect=0,__perm_n_perm=200,__perm_post_n=10,__perm_pre_n=500,__perm_rng_seed=0,__perm_side=two_sided,__perm_stat=vote_score,divergence=0.3,error_rate=0.5,teacher_entropy=0.2",3,0,200,0.0,0,10000,10.0,25.0,200,500,1,72,1.0,0.7814405487804879,0.45997612914662783,0.3333333333333333,0.4414578080177307,0.00818207673728466,0,0,16,15,-1,perm_test,0.004975124378109453,0.4000523712907096,15,15,0,0.0,0.3333333333333333,0,0.0,0.0,0.0,0.0,0,none,0,1,0,overconfident,0.95,0,mild_drift,0.9513580763178486,0.0013903224375940138,0.76129038218529,0.8491935644803509,1768237751.7833765,0.8561234474182129,0.11063188314437866
83,5312,5311,sea_nodrift,sea,ts_drift_adapt,1,"error_divergence_ph_meta@error.threshold=0.10,error.min_instances=5",error_divergence_ph_meta,"{""divergence"": {""alpha"": 0.1, ""delta"": 0.005, ""min_instances"": 30, ""threshold"": 0.05}, ""error_rate"": {""alpha"": 0.15, ""delta"": 0.005, ""min_instances"": 5, ""threshold"": 0.1}}","{""error_rate"": {""min_instances"": 5, ""threshold"": 0.1}}",0.1,0.005,0.15,5,0.05,0.005,0.1,30,,,,-1,two_stage,2,0.5,"__confirm_cooldown=200,__confirm_rule=perm_test,__perm_alpha=0.03,__perm_min_effect=0,__perm_n_perm=200,__perm_post_n=10,__perm_pre_n=500,__perm_rng_seed=0,__perm_side=two_sided,__perm_stat=vote_score,divergence=0.3,error_rate=0.5,teacher_entropy=0.2",3,0,200,0.0,0,10000,10.0,25.0,200,500,1,8,1.0,0.782191265060241,0.4625157546434878,0.3333333333333333,0.4317859709262848,0.008057265542447567,0,0,16,15,-1,perm_test,0.004975124378109453,0.4000523712907096,15,15,0,0.0,0.00012481119483709335,0,0.0,0.0,0.0,0.0,0,none,0,1,0,overconfident,0.95,0,mild_drift,0.9558290381589243,0.001345161218797007,0.7806451910926451,0.8520967822401755,1768237751.7932334,0.7720678448677063,0.12999746203422546
84,5376,5375,sea_nodrift,sea,ts_drift_adapt,1,"error_divergence_ph_meta@error.threshold=0.10,error.min_instances=5",error_divergence_ph_meta,"{""divergence"": {""alpha"": 0.1, ""delta"": 0.005, ""min_instances"": 30, ""threshold"": 0.05}, ""error_rate"": {""alpha"": 0.15, ""delta"": 0.005, ""min_instances"": 5, ""threshold"": 0.1}}","{""error_rate"": {""min_instances"": 5, ""threshold"": 0.1}}",0.1,0.005,0.15,5,0.05,0.005,0.1,30,,,,-1,two_stage,2,0.5,"__confirm_cooldown=200,__confirm_rule=perm_test,__perm_alpha=0.03,__perm_min_effect=0,__perm_n_perm=200,__perm_post_n=10,__perm_pre_n=500,__perm_rng_seed=0,__perm_side=two_sided,__perm_stat=vote_score,divergence=0.3,error_rate=0.5,teacher_entropy=0.2",3,0,200,0.0,0,10000,10.0,25.0,200,500,0,0,1.0,0.7831101190476191,0.46510776578190044,0.0,0.41051068902015686,0.005641705356538296,0,0,16,15,-1,perm_test,0.004975124378109453,0.4000523712907096,15,15,0,0.0,0.3333333333333333,0,0.0,0.0,0.0,0.0,0,none,0,1,0,overconfident,0.95,0,mild_drift,0.9580645190794621,0.0013225806093985037,0.7903225955463226,0.8535483911200877,1768237751.8033667,0.08334555476903915,0.12209516763687134
85,5440,5439,sea_nodrift,sea,ts_drift_adapt,1,"error_divergence_ph_meta@error.threshold=0.10,error.min_instances=5",error_divergence_ph_meta,"{""divergence"": {""alpha"": 0.1, ""delta"": 0.005, ""min_instances"": 30, ""threshold"": 0.05}, ""error_rate"": {""alpha"": 0.15, ""delta"": 0.005, ""min_instances"": 5, ""threshold"": 0.1}}","{""error_rate"": {""min_instances"": 5, ""threshold"": 0.1}}",0.1,0.005,0.15,5,0.05,0.005,0.1,30,,,,-1,two_stage,2,0.5,"__confirm_cooldown=200,__confirm_rule=perm_test,__perm_alpha=0.03,__perm_min_effect=0,__perm_n_perm=200,__perm_post_n=10,__perm_pre_n=500,__perm_rng_seed=0,__perm_side=two_sided,__perm_stat=vote_score,divergence=0.3,error_rate=0.5,teacher_entropy=0.2",3,0,200,0.0,0,10000,10.0,25.0,200,500,0,0,1.0,0.78125,0.4616909669089955,0.3333333333333333,0.4677388370037079,0.01373316626995802,1,1,17,16,0,perm_test,0.004975124378109453,0.402210689353481,16,16,0,0.3333333333333333,0.3333333333333333,1,0.5,0.0,0.0,0.0,0,none,1,1,0,overconfident,0.95,0,severe_drift,0.9245322595397311,0.0016612903046992519,0.6451612977731613,0.831774195560044,1768237751.819901,0.4788149893283844,0.1920808106660843
86,5504,5503,sea_nodrift,sea,ts_drift_adapt,1,"error_divergence_ph_meta@error.threshold=0.10,error.min_instances=5",error_divergence_ph_meta,"{""divergence"": {""alpha"": 0.1, ""delta"": 0.005, ""min_instances"": 30, ""threshold"": 0.05}, ""error_rate"": {""alpha"": 0.15, ""delta"": 0.005, ""min_instances"": 5, ""threshold"": 0.1}}","{""error_rate"": {""min_instances"": 5, ""threshold"": 0.1}}",0.1,0.005,0.15,5,0.05,0.005,0.1,30,,,,-1,two_stage,2,0.5,"__confirm_cooldown=200,__confirm_rule=perm_test,__perm_alpha=0.03,__perm_min_effect=0,__perm_n_perm=200,__perm_post_n=10,__perm_pre_n=500,__perm_rng_seed=0,__perm_side=two_sided,__perm_stat=vote_score,divergence=0.3,error_rate=0.5,teacher_entropy=0.2",3,0,200,0.0,0,10000,10.0,25.0,200,500,1,136,1.0,0.7823401162790697,0.46455152705074537,0.16666666666666666,0.4160013794898987,0.004929459188133478,0,0,17,16,-1,perm_test,0.004975124378109453,0.402210689353481,16,16,0,0.0,0.16666666666666666,0,0.0,0.0,0.0,0.0,0,none,0,1,0,overconfident,0.95,0,mild_drift,0.9424161297698654,0.001480645152349626,0.7225806488865807,0.843387097780022,1768237751.8299043,0.6183533072471619,0.0967911034822464
87,5568,5567,sea_nodrift,sea,ts_drift_adapt,1,"error_divergence_ph_meta@error.threshold=0.10,error.min_instances=5",error_divergence_ph_meta,"{""divergence"": {""alpha"": 0.1, ""delta"": 0.005, ""min_instances"": 30, ""threshold"": 0.05}, ""error_rate"": {""alpha"": 0.15, ""delta"": 0.005, ""min_instances"": 5, ""threshold"": 0.1}}","{""error_rate"": {""min_instances"": 5, ""threshold"": 0.1}}",0.1,0.005,0.15,5,0.05,0.005,0.1,30,,,,-1,two_stage,2,0.5,"__confirm_cooldown=200,__confirm_rule=perm_test,__perm_alpha=0.03,__perm_min_effect=0,__perm_n_perm=200,__perm_post_n=10,__perm_pre_n=500,__perm_rng_seed=0,__perm_side=two_sided,__perm_stat=vote_score,divergence=0.3,error_rate=0.5,teacher_entropy=0.2",3,0,200,0.0,0,10000,10.0,25.0,200,500,1,72,1.0,0.7834051724137931,0.4663716814159293,0.5,0.3979138433933258,0.007120371796190739,0,0,17,16,-1,perm_test,0.004975124378109453,0.402210689353481,16,16,0,0.0,0.33333333333333337,0,0.0,0.0,0.0,0.0,0,none,0,1,0,overconfident,0.95,0,mild_drift,0.9513580648849327,0.001390322576174813,0.7612903244432904,0.849193548890011,1768237751.8396418,0.7128138542175293,0.1060575619339943
88,5632,5631,sea_nodrift,sea,ts_drift_adapt,1,"error_divergence_ph_meta@error.threshold=0.10,error.min_instances=5",error_divergence_ph_meta,"{""divergence"": {""alpha"": 0.1, ""delta"": 0.005, ""min_instances"": 30, ""threshold"": 0.05}, ""error_rate"": {""alpha"": 0.15, ""delta"": 0.005, ""min_instances"": 5, ""threshold"": 0.1}}","{""error_rate"": {""min_instances"": 5, ""threshold"": 0.1}}",0.1,0.005,0.15,5,0.05,0.005,0.1,30,,,,-1,two_stage,2,0.5,"__confirm_cooldown=200,__confirm_rule=perm_test,__perm_alpha=0.03,__perm_min_effect=0,__perm_n_perm=200,__perm_post_n=10,__perm_pre_n=500,__perm_rng_seed=0,__perm_side=two_sided,__perm_stat=vote_score,divergence=0.3,error_rate=0.5,teacher_entropy=0.2",3,0,200,0.0,0,10000,10.0,25.0,200,500,1,8,1.0,0.7833806818181818,0.46663776958854725,0.16666666666666666,0.40140917897224426,0.00505222100764513,0,0,17,16,-1,perm_test,0.004975124378109453,0.402210689353481,16,16,0,0.0,0.33333333333333337,0,0.0,0.0,0.0,0.0,0,none,0,1,0,overconfident,0.95,0,mild_drift,0.9558290324424663,0.0013451612880874065,0.7806451622216453,0.8520967744450054,1768237751.8498073,0.4134260416030884,0.11019463837146759
89,5696,5695,sea_nodrift,sea,ts_drift_adapt,1,"error_divergence_ph_meta@error.threshold=0.10,error.min_instances=5",error_divergence_ph_meta,"{""divergence"": {""alpha"": 0.1, ""delta"": 0.005, ""min_instances"": 30, ""threshold"": 0.05}, ""error_rate"": {""alpha"": 0.15, ""delta"": 0.005, ""min_instances"": 5, ""threshold"": 0.1}}","{""error_rate"": {""min_instances"": 5, ""threshold"": 0.1}}",0.1,0.005,0.15,5,0.05,0.005,0.1,30,,,,-1,two_stage,2,0.5,"__confirm_cooldown=200,__confirm_rule=perm_test,__perm_alpha=0.03,__perm_min_effect=0,__perm_n_perm=200,__perm_post_n=10,__perm_pre_n=500,__perm_rng_seed=0,__perm_side=two_sided,__perm_stat=vote_score,divergence=0.3,error_rate=0.5,teacher_entropy=0.2",3,0,200,0.0,0,10000,10.0,25.0,200,500,0,0,1.0,0.7837078651685393,0.46776400375945537,0.3333333333333333,0.43791893124580383,0.005528449546545744,0,0,17,16,-1,perm_test,0.004975124378109453,0.402210689353481,16,16,0,0.0,0.16666666666666666,0,0.0,0.0,0.0,0.0,0,none,0,1,0,overconfident,0.95,0,mild_drift,0.9580645162212331,0.0013225806440437032,0.7903225811108227,0.8535483872225027,1768237751.8596697,0.7874228954315186,0.11547160893678665
90,5760,5759,sea_nodrift,sea,ts_drift_adapt,1,"error_divergence_ph_meta@error.threshold=0.10,error.min_instances=5",error_divergence_ph_meta,"{""divergence"": {""alpha"": 0.1, ""delta"": 0.005, ""min_instances"": 30, ""threshold"": 0.05}, ""error_rate"": {""alpha"": 0.15, ""delta"": 0.005, ""min_instances"": 5, ""threshold"": 0.1}}","{""error_rate"": {""min_instances"": 5, ""threshold"": 0.1}}",0.1,0.005,0.15,5,0.05,0.005,0.1,30,,,,-1,two_stage,2,0.5,"__confirm_cooldown=200,__confirm_rule=perm_test,__perm_alpha=0.03,__perm_min_effect=0,__perm_n_perm=200,__perm_post_n=10,__perm_pre_n=500,__perm_rng_seed=0,__perm_side=two_sided,__perm_stat=vote_score,divergence=0.3,error_rate=0.5,teacher_entropy=0.2",3,0,200,0.0,0,10000,10.0,25.0,200,500,0,0,1.0,0.7840277777777778,0.4694002317464154,0.16666666666666666,0.42052578926086426,0.005766911897808313,1,1,18,17,0,perm_test,0.004975124378109453,0.4093891068493527,17,17,0,0.16666666666666666,0.16666666666666666,1,0.5,0.0,0.0,0.0,0,none,1,1,0,overconfident,0.95,0,severe_drift,0.9245322581106166,0.0016612903220218516,0.6451612905554114,0.8317741936112514,1768237751.8765178,0.5886535048484802,0.1122223436832428
91,5824,5823,sea_nodrift,sea,ts_drift_adapt,1,"error_divergence_ph_meta@error.threshold=0.10,error.min_instances=5",error_divergence_ph_meta,"{""divergence"": {""alpha"": 0.1, ""delta"": 0.005, ""min_instances"": 30, ""threshold"": 0.05}, ""error_rate"": {""alpha"": 0.15, ""delta"": 0.005, ""min_instances"": 5, ""threshold"": 0.1}}","{""error_rate"": {""min_instances"": 5, ""threshold"": 0.1}}",0.1,0.005,0.15,5,0.05,0.005,0.1,30,,,,-1,two_stage,2,0.5,"__confirm_cooldown=200,__confirm_rule=perm_test,__perm_alpha=0.03,__perm_min_effect=0,__perm_n_perm=200,__perm_post_n=10,__perm_pre_n=500,__perm_rng_seed=0,__perm_side=two_sided,__perm_stat=vote_score,divergence=0.3,error_rate=0.5,teacher_entropy=0.2",3,0,200,0.0,0,10000,10.0,25.0,200,500,1,136,1.0,0.7845123626373627,0.47013553404589725,0.16666666666666666,0.38728898763656616,0.006530303508043289,0,0,18,17,-1,perm_test,0.004975124378109453,0.4093891068493527,17,17,0,0.0,0.0007633916102349758,0,0.0,0.0,0.0,0.0,0,none,0,1,0,overconfident,0.95,0,mild_drift,0.9424161290553082,0.001480645161010926,0.7225806452777057,0.8433870968056256,1768237751.8866642,0.43489789962768555,0.17444206774234772
92,5888,5887,sea_nodrift,sea,ts_drift_adapt,1,"error_divergence_ph_meta@error.threshold=0.10,error.min_instances=5",error_divergence_ph_meta,"{""divergence"": {""alpha"": 0.1, ""delta"": 0.005, ""min_instances"": 30, ""threshold"": 0.05}, ""error_rate"": {""alpha"": 0.15, ""delta"": 0.005, ""min_instances"": 5, ""threshold"": 0.1}}","{""error_rate"": {""min_instances"": 5, ""threshold"": 0.1}}",0.1,0.005,0.15,5,0.05,0.005,0.1,30,,,,-1,two_stage,2,0.5,"__confirm_cooldown=200,__confirm_rule=perm_test,__perm_alpha=0.03,__perm_min_effect=0,__perm_n_perm=200,__perm_post_n=10,__perm_pre_n=500,__perm_rng_seed=0,__perm_side=two_sided,__perm_stat=vote_score,divergence=0.3,error_rate=0.5,teacher_entropy=0.2",3,0,200,0.0,0,10000,10.0,25.0,200,500,1,72,1.0,0.7860054347826086,0.4725316727848956,0.0,0.39181363582611084,0.004287417978048325,0,0,18,17,-1,perm_test,0.004975124378109453,0.4093891068493527,17,17,0,0.0,0.16666666666666666,0,0.0,0.0,0.0,0.0,0,none,0,1,0,overconfident,0.95,0,mild_drift,0.951358064527654,0.001390322580505463,0.7612903226388529,0.8491935484028128,1768237751.896567,0.12185288220643997,0.14407768845558167
93,5952,5951,sea_nodrift,sea,ts_drift_adapt,1,"error_divergence_ph_meta@error.threshold=0.10,error.min_instances=5",error_divergence_ph_meta,"{""divergence"": {""alpha"": 0.1, ""delta"": 0.005, ""min_instances"": 30, ""threshold"": 0.05}, ""error_rate"": {""alpha"": 0.15, ""delta"": 0.005, ""min_instances"": 5, ""threshold"": 0.1}}","{""error_rate"": {""min_instances"": 5, ""threshold"": 0.1}}",0.1,0.005,0.15,5,0.05,0.005,0.1,30,,,,-1,two_stage,2,0.5,"__confirm_cooldown=200,__confirm_rule=perm_test,__perm_alpha=0.03,__perm_min_effect=0,__perm_n_perm=200,__perm_post_n=10,__perm_pre_n=500,__perm_rng_seed=0,__perm_side=two_sided,__perm_stat=vote_score,divergence=0.3,error_rate=0.5,teacher_entropy=0.2",3,0,200,0.0,0,10000,10.0,25.0,200,500,1,8,1.0,0.7867943548387096,0.4750804779193053,0.16666666666666666,0.43316200375556946,0.005495941266417503,0,0,18,17,-1,perm_test,0.004975124378109453,0.4093891068493527,17,17,0,0.0,0.16666666666666666,0,0.0,0.0,0.0,0.0,0,none,0,1,0,overconfident,0.95,0,mild_drift,0.955829032263827,0.0013451612902527317,0.7806451613194265,0.8520967742014064,1768237751.9065282,0.3872663676738739,0.15802505612373352
94,6016,6015,sea_nodrift,sea,ts_drift_adapt,1,"error_divergence_ph_meta@error.threshold=0.10,error.min_instances=5",error_divergence_ph_meta,"{""divergence"": {""alpha"": 0.1, ""delta"": 0.005, ""min_instances"": 30, ""threshold"": 0.05}, ""error_rate"": {""alpha"": 0.15, ""delta"": 0.005, ""min_instances"": 5, ""threshold"": 0.1}}","{""error_rate"": {""min_instances"": 5, ""threshold"": 0.1}}",0.1,0.005,0.15,5,0.05,0.005,0.1,30,,,,-1,two_stage,2,0.5,"__confirm_cooldown=200,__confirm_rule=perm_test,__perm_alpha=0.03,__perm_min_effect=0,__perm_n_perm=200,__perm_post_n=10,__perm_pre_n=500,__perm_rng_seed=0,__perm_side=two_sided,__perm_stat=vote_score,divergence=0.3,error_rate=0.5,teacher_entropy=0.2",3,0,200,0.0,0,10000,10.0,25.0,200,500,0,0,1.0,0.7864029255319149,0.47395711557216413,0.16666666666666666,0.45334792137145996,0.008851336315274239,0,0,18,17,-1,perm_test,0.004975124378109453,0.4093891068493527,17,17,0,0.0,0.0033553950488567352,0,0.0,0.0,0.0,0.0,0,none,0,1,0,overconfident,0.95,0,mild_drift,0.9580645161319135,0.0013225806451263658,0.7903225806597133,0.8535483871007032,1768237751.91676,0.27472832798957825,0.21837270259857178
95,6080,6079,sea_nodrift,sea,ts_drift_adapt,1,"error_divergence_ph_meta@error.threshold=0.10,error.min_instances=5",error_divergence_ph_meta,"{""divergence"": {""alpha"": 0.1, ""delta"": 0.005, ""min_instances"": 30, ""threshold"": 0.05}, ""error_rate"": {""alpha"": 0.15, ""delta"": 0.005, ""min_instances"": 5, ""threshold"": 0.1}}","{""error_rate"": {""min_instances"": 5, ""threshold"": 0.1}}",0.1,0.005,0.15,5,0.05,0.005,0.1,30,,,,-1,two_stage,2,0.5,"__confirm_cooldown=200,__confirm_rule=perm_test,__perm_alpha=0.03,__perm_min_effect=0,__perm_n_perm=200,__perm_post_n=10,__perm_pre_n=500,__perm_rng_seed=0,__perm_side=two_sided,__perm_stat=vote_score,divergence=0.3,error_rate=0.5,teacher_entropy=0.2",3,0,200,0.0,0,10000,10.0,25.0,200,500,0,0,1.0,0.7871710526315789,0.4752401349731636,0.16666666666666666,0.38599878549575806,0.0068083941005170345,1,1,19,18,0,perm_test,0.004975124378109453,0.43154909584784645,18,18,0,0.0,0.002042942214757204,1,0.5,0.0,0.0,0.0,0,none,1,1,0,overconfident,0.95,0,stable,0.9740322580659567,0.0010612903225631829,0.8951612903298567,0.8992741935503517,1768237751.9333656,0.4094083309173584,0.17488698661327362
96,6144,6143,sea_nodrift,sea,ts_drift_adapt,1,"error_divergence_ph_meta@error.threshold=0.10,error.min_instances=5",error_divergence_ph_meta,"{""divergence"": {""alpha"": 0.1, ""delta"": 0.005, ""min_instances"": 30, ""threshold"": 0.05}, ""error_rate"": {""alpha"": 0.15, ""delta"": 0.005, ""min_instances"": 5, ""threshold"": 0.1}}","{""error_rate"": {""min_instances"": 5, ""threshold"": 0.1}}",0.1,0.005,0.15,5,0.05,0.005,0.1,30,,,,-1,two_stage,2,0.5,"__confirm_cooldown=200,__confirm_rule=perm_test,__perm_alpha=0.03,__perm_min_effect=0,__perm_n_perm=200,__perm_post_n=10,__perm_pre_n=500,__perm_rng_seed=0,__perm_side=two_sided,__perm_stat=vote_score,divergence=0.3,error_rate=0.5,teacher_entropy=0.2",3,0,200,0.0,0,10000,10.0,25.0,200,500,1,136,1.0,0.78759765625,0.47539857805293867,0.3333333333333333,0.4593343436717987,0.00477267149835825,0,0,19,18,-1,perm_test,0.004975124378109453,0.43154909584784645,18,18,0,0.0,0.16666666666666666,0,0.0,0.0,0.0,0.0,0,none,0,1,0,overconfident,0.95,0,mild_drift,0.9671661290329783,0.0011806451612815915,0.8475806451649284,0.8771370967751758,1768237751.943209,0.5716394782066345,0.1196913942694664
97,6208,6207,sea_nodrift,sea,ts_drift_adapt,1,"error_divergence_ph_meta@error.threshold=0.10,error.min_instances=5",error_divergence_ph_meta,"{""divergence"": {""alpha"": 0.1, ""delta"": 0.005, ""min_instances"": 30, ""threshold"": 0.05}, ""error_rate"": {""alpha"": 0.15, ""delta"": 0.005, ""min_instances"": 5, ""threshold"": 0.1}}","{""error_rate"": {""min_instances"": 5, ""threshold"": 0.1}}",0.1,0.005,0.15,5,0.05,0.005,0.1,30,,,,-1,two_stage,2,0.5,"__confirm_cooldown=200,__confirm_rule=perm_test,__perm_alpha=0.03,__perm_min_effect=0,__perm_n_perm=200,__perm_post_n=10,__perm_pre_n=500,__perm_rng_seed=0,__perm_side=two_sided,__perm_stat=vote_score,divergence=0.3,error_rate=0.5,teacher_entropy=0.2",3,0,200,0.0,0,10000,10.0,25.0,200,500,1,72,1.0,0.788659793814433,0.47809154769202,0.16666666666666666,0.40844476222991943,0.00426264526322484,0,0,19,18,-1,perm_test,0.004975124378109453,0.43154909584784645,18,18,0,0.0,0.16666666666666666,0,0.0,0.0,0.0,0.0,0,none,0,1,0,overconfident,0.95,0,mild_drift,0.9637330645164891,0.0012403225806407957,0.8237903225824642,0.8660685483875878,1768237751.9531264,0.3156528174877167,0.11572180688381195
98,6272,6271,sea_nodrift,sea,ts_drift_adapt,1,"error_divergence_ph_meta@error.threshold=0.10,error.min_instances=5",error_divergence_ph_meta,"{""divergence"": {""alpha"": 0.1, ""delta"": 0.005, ""min_instances"": 30, ""threshold"": 0.05}, ""error_rate"": {""alpha"": 0.15, ""delta"": 0.005, ""min_instances"": 5, ""threshold"": 0.1}}","{""error_rate"": {""min_instances"": 5, ""threshold"": 0.1}}",0.1,0.005,0.15,5,0.05,0.005,0.1,30,,,,-1,two_stage,2,0.5,"__confirm_cooldown=200,__confirm_rule=perm_test,__perm_alpha=0.03,__perm_min_effect=0,__perm_n_perm=200,__perm_post_n=10,__perm_pre_n=500,__perm_rng_seed=0,__perm_side=two_sided,__perm_stat=vote_score,divergence=0.3,error_rate=0.5,teacher_entropy=0.2",3,0,200,0.0,0,10000,10.0,25.0,200,500,1,8,1.0,0.7882653061224489,0.4777842425215175,0.16666666666666666,0.4217054545879364,0.007360704708844423,0,0,19,18,-1,perm_test,0.004975124378109453,0.43154909584784645,18,18,0,0.0,0.003098059445619583,0,0.0,0.0,0.0,0.0,0,none,0,1,0,overconfident,0.95,0,mild_drift,0.9620165322582446,0.001270161290320398,0.8118951612912322,0.8605342741937939,1768237751.9630022,0.3957328796386719,0.1328762322664261
99,6336,6335,sea_nodrift,sea,ts_drift_adapt,1,"error_divergence_ph_meta@error.threshold=0.10,error.min_instances=5",error_divergence_ph_meta,"{""divergence"": {""alpha"": 0.1, ""delta"": 0.005, ""min_instances"": 30, ""threshold"": 0.05}, ""error_rate"": {""alpha"": 0.15, ""delta"": 0.005, ""min_instances"": 5, ""threshold"": 0.1}}","{""error_rate"": {""min_instances"": 5, ""threshold"": 0.1}}",0.1,0.005,0.15,5,0.05,0.005,0.1,30,,,,-1,two_stage,2,0.5,"__confirm_cooldown=200,__confirm_rule=perm_test,__perm_alpha=0.03,__perm_min_effect=0,__perm_n_perm=200,__perm_post_n=10,__perm_pre_n=500,__perm_rng_seed=0,__perm_side=two_sided,__perm_stat=vote_score,divergence=0.3,error_rate=0.5,teacher_entropy=0.2",3,0,200,0.0,0,10000,10.0,25.0,200,500,0,0,1.0,0.7883522727272727,0.4787264117605485,0.3333333333333333,0.4085823595523834,0.004298824351280928,0,0,19,18,-1,perm_test,0.004975124378109453,0.43154909584784645,18,18,0,0.0,0.16666666666666666,0,0.0,0.0,0.0,0.0,0,none,0,1,0,overconfident,0.95,0,mild_drift,0.9611582661291223,0.0012850806451601992,0.8059475806456161,0.8577671370968969,1768237751.9729462,0.5519289374351501,0.10723131895065308
100,6400,6399,sea_nodrift,sea,ts_drift_adapt,1,"error_divergence_ph_meta@error.threshold=0.10,error.min_instances=5",error_divergence_ph_meta,"{""divergence"": {""alpha"": 0.1, ""delta"": 0.005, ""min_instances"": 30, ""threshold"": 0.05}, ""error_rate"": {""alpha"": 0.15, ""delta"": 0.005, ""min_instances"": 5, ""threshold"": 0.1}}","{""error_rate"": {""min_instances"": 5, ""threshold"": 0.1}}",0.1,0.005,0.15,5,0.05,0.005,0.1,30,,,,-1,two_stage,2,0.5,"__confirm_cooldown=200,__confirm_rule=perm_test,__perm_alpha=0.03,__perm_min_effect=0,__perm_n_perm=200,__perm_post_n=10,__perm_pre_n=500,__perm_rng_seed=0,__perm_side=two_sided,__perm_stat=vote_score,divergence=0.3,error_rate=0.5,teacher_entropy=0.2",3,0,200,0.0,0,10000,10.0,25.0,200,500,0,0,1.0,0.78890625,0.4789127945519195,0.16666666666666666,0.4427073299884796,0.007573806680738926,1,1,20,19,0,perm_test,0.004975124378109453,0.4459559231629189,19,19,0,0.0,0.16666666666666666,1,0.5,0.0,0.0,0.0,0,none,1,1,0,overconfident,0.95,0,stable,0.9755791330645611,0.0010425403225800996,0.9029737903228081,0.9013835685484485,1768237751.9896379,0.2998739778995514,0.1206507459282875
101,6464,6463,sea_nodrift,sea,ts_drift_adapt,1,"error_divergence_ph_meta@error.threshold=0.10,error.min_instances=5",error_divergence_ph_meta,"{""divergence"": {""alpha"": 0.1, ""delta"": 0.005, ""min_instances"": 30, ""threshold"": 0.05}, ""error_rate"": {""alpha"": 0.15, ""delta"": 0.005, ""min_instances"": 5, ""threshold"": 0.1}}","{""error_rate"": {""min_instances"": 5, ""threshold"": 0.1}}",0.1,0.005,0.15,5,0.05,0.005,0.1,30,,,,-1,two_stage,2,0.5,"__confirm_cooldown=200,__confirm_rule=perm_test,__perm_alpha=0.03,__perm_min_effect=0,__perm_n_perm=200,__perm_post_n=10,__perm_pre_n=500,__perm_rng_seed=0,__perm_side=two_sided,__perm_stat=vote_score,divergence=0.3,error_rate=0.5,teacher_entropy=0.2",3,0,200,0.0,0,10000,10.0,25.0,200,500,1,136,1.0,0.7897586633663366,0.4802085088737454,0.16666666666666666,0.3883971571922302,0.005062283016741276,0,0,20,19,-1,perm_test,0.004975124378109453,0.4459559231629189,19,19,0,0.0,0.00251152366399765,0,0.0,0.0,0.0,0.0,0,none,0,1,0,overconfident,0.95,0,mild_drift,0.9679395665322805,0.0011712701612900498,0.8514868951614041,0.8781917842742242,1768237751.999716,0.5192189812660217,0.08339104801416397
102,6528,6527,sea_nodrift,sea,ts_drift_adapt,1,"error_divergence_ph_meta@error.threshold=0.10,error.min_instances=5",error_divergence_ph_meta,"{""divergence"": {""alpha"": 0.1, ""delta"": 0.005, ""min_instances"": 30, ""threshold"": 0.05}, ""error_rate"": {""alpha"": 0.15, ""delta"": 0.005, ""min_instances"": 5, ""threshold"": 0.1}}","{""error_rate"": {""min_instances"": 5, ""threshold"": 0.1}}",0.1,0.005,0.15,5,0.05,0.005,0.1,30,,,,-1,two_stage,2,0.5,"__confirm_cooldown=200,__confirm_rule=perm_test,__perm_alpha=0.03,__perm_min_effect=0,__perm_n_perm=200,__perm_post_n=10,__perm_pre_n=500,__perm_rng_seed=0,__perm_side=two_sided,__perm_stat=vote_score,divergence=0.3,error_rate=0.5,teacher_entropy=0.2",3,0,200,0.0,0,10000,10.0,25.0,200,500,1,72,1.0,0.7904411764705882,0.48102704099944393,0.0,0.4094204604625702,0.008329608477652073,0,0,20,19,-1,perm_test,0.004975124378109453,0.4459559231629189,19,19,0,0.0,0.16666666666666666,0,0.0,0.0,0.0,0.0,0,none,0,1,0,overconfident,0.95,0,mild_drift,0.9641197832661402,0.001235635080645025,0.8257434475807021,0.8665958921371121,1768237752.0097198,0.2092832326889038,0.10782597213983536
103,6592,6591,sea_nodrift,sea,ts_drift_adapt,1,"error_divergence_ph_meta@error.threshold=0.10,error.min_instances=5",error_divergence_ph_meta,"{""divergence"": {""alpha"": 0.1, ""delta"": 0.005, ""min_instances"": 30, ""threshold"": 0.05}, ""error_rate"": {""alpha"": 0.15, ""delta"": 0.005, ""min_instances"": 5, ""threshold"": 0.1}}","{""error_rate"": {""min_instances"": 5, ""threshold"": 0.1}}",0.1,0.005,0.15,5,0.05,0.005,0.1,30,,,,-1,two_stage,2,0.5,"__confirm_cooldown=200,__confirm_rule=perm_test,__perm_alpha=0.03,__perm_min_effect=0,__perm_n_perm=200,__perm_post_n=10,__perm_pre_n=500,__perm_rng_seed=0,__perm_side=two_sided,__perm_stat=vote_score,divergence=0.3,error_rate=0.5,teacher_entropy=0.2",3,0,200,0.0,0,10000,10.0,25.0,200,500,1,8,1.0,0.7903519417475728,0.4812359577178114,0.5,0.4136126935482025,0.007179505657404661,0,0,20,19,-1,perm_test,0.004975124378109453,0.4459559231629189,19,19,0,0.0,0.5,0,0.0,0.0,0.0,0.0,0,none,0,1,0,overconfident,0.95,0,mild_drift,0.9622098916330701,0.0012678175403225125,0.8128717237903511,0.860797946068556,1768237752.0198138,0.8230900168418884,0.10363030433654785
104,6656,6655,sea_nodrift,sea,ts_drift_adapt,1,"error_divergence_ph_meta@error.threshold=0.10,error.min_instances=5",error_divergence_ph_meta,"{""divergence"": {""alpha"": 0.1, ""delta"": 0.005, ""min_instances"": 30, ""threshold"": 0.05}, ""error_rate"": {""alpha"": 0.15, ""delta"": 0.005, ""min_instances"": 5, ""threshold"": 0.1}}","{""error_rate"": {""min_instances"": 5, ""threshold"": 0.1}}",0.1,0.005,0.15,5,0.05,0.005,0.1,30,,,,-1,two_stage,2,0.5,"__confirm_cooldown=200,__confirm_rule=perm_test,__perm_alpha=0.03,__perm_min_effect=0,__perm_n_perm=200,__perm_post_n=10,__perm_pre_n=500,__perm_rng_seed=0,__perm_side=two_sided,__perm_stat=vote_score,divergence=0.3,error_rate=0.5,teacher_entropy=0.2",3,0,200,0.0,0,10000,10.0,25.0,200,500,0,0,1.0,0.7899639423076923,0.48230541655298437,0.16666666666666666,0.38629016280174255,0.006398881319910288,0,0,20,19,-1,perm_test,0.004975124378109453,0.4459559231629189,19,19,0,0.0,0.33333333333333337,0,0.0,0.0,0.0,0.0,0,none,0,1,0,overconfident,0.95,0,mild_drift,0.961254945816535,0.0012839087701612562,0.8064358618951756,0.857898973034278,1768237752.0298777,0.39935874938964844,0.12311012297868729
105,6720,6719,sea_nodrift,sea,ts_drift_adapt,1,"error_divergence_ph_meta@error.threshold=0.10,error.min_instances=5",error_divergence_ph_meta,"{""divergence"": {""alpha"": 0.1, ""delta"": 0.005, ""min_instances"": 30, ""threshold"": 0.05}, ""error_rate"": {""alpha"": 0.15, ""delta"": 0.005, ""min_instances"": 5, ""threshold"": 0.1}}","{""error_rate"": {""min_instances"": 5, ""threshold"": 0.1}}",0.1,0.005,0.15,5,0.05,0.005,0.1,30,,,,-1,two_stage,2,0.5,"__confirm_cooldown=200,__confirm_rule=perm_test,__perm_alpha=0.03,__perm_min_effect=0,__perm_n_perm=200,__perm_post_n=10,__perm_pre_n=500,__perm_rng_seed=0,__perm_side=two_sided,__perm_stat=vote_score,divergence=0.3,error_rate=0.5,teacher_entropy=0.2",3,0,200,0.0,0,10000,10.0,25.0,200,500,0,0,1.0,0.7895833333333333,0.481119108864794,0.3333333333333333,0.42428404092788696,0.006558915600180626,1,1,21,20,0,perm_test,0.004975124378109453,0.4314656736528152,20,20,0,0.16666666666666666,0.16666666666666666,1,0.5,0.0,0.0,0.0,0,none,1,1,0,overconfident,0.95,0,severe_drift,0.9261274729082676,0.0016419543850806281,0.6532179309475878,0.8339494865171391,1768237752.0463343,0.4669281244277954,0.11620795726776123
106,6784,6783,sea_nodrift,sea,ts_drift_adapt,1,"error_divergence_ph_meta@error.threshold=0.10,error.min_instances=5",error_divergence_ph_meta,"{""divergence"": {""alpha"": 0.1, ""delta"": 0.005, ""min_instances"": 30, ""threshold"": 0.05}, ""error_rate"": {""alpha"": 0.15, ""delta"": 0.005, ""min_instances"": 5, ""threshold"": 0.1}}","{""error_rate"": {""min_instances"": 5, ""threshold"": 0.1}}",0.1,0.005,0.15,5,0.05,0.005,0.1,30,,,,-1,two_stage,2,0.5,"__confirm_cooldown=200,__confirm_rule=perm_test,__perm_alpha=0.03,__perm_min_effect=0,__perm_n_perm=200,__perm_post_n=10,__perm_pre_n=500,__perm_rng_seed=0,__perm_side=two_sided,__perm_stat=vote_score,divergence=0.3,error_rate=0.5,teacher_entropy=0.2",3,0,200,0.0,0,10000,10.0,25.0,200,500,1,136,1.0,0.7903891509433962,0.48333359041199414,0.16666666666666666,0.45299333333969116,0.005111205857247114,0,0,21,20,-1,perm_test,0.004975124378109453,0.4314656736528152,20,20,0,0.0,0.16666666666666666,0,0.0,0.0,0.0,0.0,0,none,0,1,0,overconfident,0.95,0,mild_drift,0.9432137364541338,0.001470977192540314,0.7266089654737939,0.8444747432585695,1768237752.0561416,0.3320190906524658,0.1081404983997345
107,6848,6847,sea_nodrift,sea,ts_drift_adapt,1,"error_divergence_ph_meta@error.threshold=0.10,error.min_instances=5",error_divergence_ph_meta,"{""divergence"": {""alpha"": 0.1, ""delta"": 0.005, ""min_instances"": 30, ""threshold"": 0.05}, ""error_rate"": {""alpha"": 0.15, ""delta"": 0.005, ""min_instances"": 5, ""threshold"": 0.1}}","{""error_rate"": {""min_instances"": 5, ""threshold"": 0.1}}",0.1,0.005,0.15,5,0.05,0.005,0.1,30,,,,-1,two_stage,2,0.5,"__confirm_cooldown=200,__confirm_rule=perm_test,__perm_alpha=0.03,__perm_min_effect=0,__perm_n_perm=200,__perm_post_n=10,__perm_pre_n=500,__perm_rng_seed=0,__perm_side=two_sided,__perm_stat=vote_score,divergence=0.3,error_rate=0.5,teacher_entropy=0.2",3,0,200,0.0,0,10000,10.0,25.0,200,500,1,72,1.0,0.7901577102803738,0.4825901786221301,0.3333333333333333,0.40581807494163513,0.004055766388773918,0,0,21,20,-1,perm_test,0.004975124378109453,0.4314656736528152,20,20,0,0.0,0.16666666666666666,0,0.0,0.0,0.0,0.0,0,none,0,1,0,overconfident,0.95,0,mild_drift,0.9517568682270668,0.0013854885962701572,0.763304482736897,0.8497373716292848,1768237752.0659432,0.5895325541496277,0.10588063299655914
108,6912,6911,sea_nodrift,sea,ts_drift_adapt,1,"error_divergence_ph_meta@error.threshold=0.10,error.min_instances=5",error_divergence_ph_meta,"{""divergence"": {""alpha"": 0.1, ""delta"": 0.005, ""min_instances"": 30, ""threshold"": 0.05}, ""error_rate"": {""alpha"": 0.15, ""delta"": 0.005, ""min_instances"": 5, ""threshold"": 0.1}}","{""error_rate"": {""min_instances"": 5, ""threshold"": 0.1}}",0.1,0.005,0.15,5,0.05,0.005,0.1,30,,,,-1,two_stage,2,0.5,"__confirm_cooldown=200,__confirm_rule=perm_test,__perm_alpha=0.03,__perm_min_effect=0,__perm_n_perm=200,__perm_post_n=10,__perm_pre_n=500,__perm_rng_seed=0,__perm_side=two_sided,__perm_stat=vote_score,divergence=0.3,error_rate=0.5,teacher_entropy=0.2",3,0,200,0.0,0,10000,10.0,25.0,200,500,1,8,1.0,0.7910879629629629,0.48493274197963104,0.16666666666666666,0.36615341901779175,0.0072981673292815685,0,0,21,20,-1,perm_test,0.004975124378109453,0.4314656736528152,20,20,0,0.0,0.16666666666666666,0,0.0,0.0,0.0,0.0,0,none,0,1,0,overconfident,0.95,0,mild_drift,0.9560284341135334,0.0013427442981350786,0.7816522413684486,0.8523686858146424,1768237752.0757709,0.5497742295265198,0.11532130092382431
109,6976,6975,sea_nodrift,sea,ts_drift_adapt,1,"error_divergence_ph_meta@error.threshold=0.10,error.min_instances=5",error_divergence_ph_meta,"{""divergence"": {""alpha"": 0.1, ""delta"": 0.005, ""min_instances"": 30, ""threshold"": 0.05}, ""error_rate"": {""alpha"": 0.15, ""delta"": 0.005, ""min_instances"": 5, ""threshold"": 0.1}}","{""error_rate"": {""min_instances"": 5, ""threshold"": 0.1}}",0.1,0.005,0.15,5,0.05,0.005,0.1,30,,,,-1,two_stage,2,0.5,"__confirm_cooldown=200,__confirm_rule=perm_test,__perm_alpha=0.03,__perm_min_effect=0,__perm_n_perm=200,__perm_post_n=10,__perm_pre_n=500,__perm_rng_seed=0,__perm_side=two_sided,__perm_stat=vote_score,divergence=0.3,error_rate=0.5,teacher_entropy=0.2",3,0,200,0.0,0,10000,10.0,25.0,200,500,0,0,1.0,0.7915711009174312,0.48567636287520954,0.16666666666666666,0.3694708049297333,0.004747265018522739,0,0,21,20,-1,perm_test,0.004975124378109453,0.4314656736528152,20,20,0,0.0,0.002550902310758829,0,0.0,0.0,0.0,0.0,0,none,0,1,0,overconfident,0.95,0,mild_drift,0.9581642170567667,0.0013213721490675395,0.7908261206842243,0.8536843429073212,1768237752.085709,0.27801278233528137,0.1268944889307022
110,7040,7039,sea_nodrift,sea,ts_drift_adapt,1,"error_divergence_ph_meta@error.threshold=0.10,error.min_instances=5",error_divergence_ph_meta,"{""divergence"": {""alpha"": 0.1, ""delta"": 0.005, ""min_instances"": 30, ""threshold"": 0.05}, ""error_rate"": {""alpha"": 0.15, ""delta"": 0.005, ""min_instances"": 5, ""threshold"": 0.1}}","{""error_rate"": {""min_instances"": 5, ""threshold"": 0.1}}",0.1,0.005,0.15,5,0.05,0.005,0.1,30,,,,-1,two_stage,2,0.5,"__confirm_cooldown=200,__confirm_rule=perm_test,__perm_alpha=0.03,__perm_min_effect=0,__perm_n_perm=200,__perm_post_n=10,__perm_pre_n=500,__perm_rng_seed=0,__perm_side=two_sided,__perm_stat=vote_score,divergence=0.3,error_rate=0.5,teacher_entropy=0.2",3,0,200,0.0,0,10000,10.0,25.0,200,500,0,0,1.0,0.7916193181818182,0.4862163617499113,0.0,0.4523710608482361,0.008976705372333527,1,1,22,21,0,perm_test,0.004975124378109453,0.4191928786408833,21,21,0,0.3333333333333333,0.16666666666666666,1,0.5,0.0,0.0,0.0,0,none,1,1,0,overconfident,0.95,0,severe_drift,0.9245821085283834,0.0016606860745337698,0.6454130603421122,0.8318421714536606,1768237752.1026132,0.1647975742816925,0.15057919919490814
111,7104,7103,sea_nodrift,sea,ts_drift_adapt,1,"error_divergence_ph_meta@error.threshold=0.10,error.min_instances=5",error_divergence_ph_meta,"{""divergence"": {""alpha"": 0.1, ""delta"": 0.005, ""min_instances"": 30, ""threshold"": 0.05}, ""error_rate"": {""alpha"": 0.15, ""delta"": 0.005, ""min_instances"": 5, ""threshold"": 0.1}}","{""error_rate"": {""min_instances"": 5, ""threshold"": 0.1}}",0.1,0.005,0.15,5,0.05,0.005,0.1,30,,,,-1,two_stage,2,0.5,"__confirm_cooldown=200,__confirm_rule=perm_test,__perm_alpha=0.03,__perm_min_effect=0,__perm_n_perm=200,__perm_post_n=10,__perm_pre_n=500,__perm_rng_seed=0,__perm_side=two_sided,__perm_stat=vote_score,divergence=0.3,error_rate=0.5,teacher_entropy=0.2",3,0,200,0.0,0,10000,10.0,25.0,200,500,1,136,1.0,0.7923704954954955,0.48799937456023784,0.3333333333333333,0.3616084158420563,0.007915167137980461,0,0,22,21,-1,perm_test,0.004975124378109453,0.4191928786408833,21,21,0,0.0,0.3333333333333333,0,0.0,0.0,0.0,0.0,0,none,0,1,0,overconfident,0.95,0,mild_drift,0.9424410542641917,0.001480343037266885,0.7227065301710561,0.8434210857268303,1768237752.1127114,0.5608711838722229,0.1408292055130005
112,7168,7167,sea_nodrift,sea,ts_drift_adapt,1,"error_divergence_ph_meta@error.threshold=0.10,error.min_instances=5",error_divergence_ph_meta,"{""divergence"": {""alpha"": 0.1, ""delta"": 0.005, ""min_instances"": 30, ""threshold"": 0.05}, ""error_rate"": {""alpha"": 0.15, ""delta"": 0.005, ""min_instances"": 5, ""threshold"": 0.1}}","{""error_rate"": {""min_instances"": 5, ""threshold"": 0.1}}",0.1,0.005,0.15,5,0.05,0.005,0.1,30,,,,-1,two_stage,2,0.5,"__confirm_cooldown=200,__confirm_rule=perm_test,__perm_alpha=0.03,__perm_min_effect=0,__perm_n_perm=200,__perm_post_n=10,__perm_pre_n=500,__perm_rng_seed=0,__perm_side=two_sided,__perm_stat=vote_score,divergence=0.3,error_rate=0.5,teacher_entropy=0.2",3,0,200,0.0,0,10000,10.0,25.0,200,500,1,72,1.0,0.7921316964285714,0.4875394733925318,0.5,0.3997037708759308,0.012689856812357903,0,0,22,21,-1,perm_test,0.004975124378109453,0.4191928786408833,21,21,0,0.0,0.16666666666666669,0,0.0,0.0,0.0,0.0,0,none,0,1,0,overconfident,0.95,0,mild_drift,0.9513705271320958,0.0013901715186334426,0.7613532650855281,0.8492105428634151,1768237752.122338,0.7697532773017883,0.17975057661533356
113,7232,7231,sea_nodrift,sea,ts_drift_adapt,1,"error_divergence_ph_meta@error.threshold=0.10,error.min_instances=5",error_divergence_ph_meta,"{""divergence"": {""alpha"": 0.1, ""delta"": 0.005, ""min_instances"": 30, ""threshold"": 0.05}, ""error_rate"": {""alpha"": 0.15, ""delta"": 0.005, ""min_instances"": 5, ""threshold"": 0.1}}","{""error_rate"": {""min_instances"": 5, ""threshold"": 0.1}}",0.1,0.005,0.15,5,0.05,0.005,0.1,30,,,,-1,two_stage,2,0.5,"__confirm_cooldown=200,__confirm_rule=perm_test,__perm_alpha=0.03,__perm_min_effect=0,__perm_n_perm=200,__perm_post_n=10,__perm_pre_n=500,__perm_rng_seed=0,__perm_side=two_sided,__perm_stat=vote_score,divergence=0.3,error_rate=0.5,teacher_entropy=0.2",3,0,200,0.0,0,10000,10.0,25.0,200,500,1,8,1.0,0.7914823008849557,0.48732540346039716,0.5,0.3998085558414459,0.0099780960008502,0,0,22,21,-1,perm_test,0.004975124378109453,0.4191928786408833,21,21,0,0.0,0.002711760811507702,0,0.0,0.0,0.0,0.0,0,none,0,1,0,overconfident,0.95,0,mild_drift,0.9558352635660479,0.0013450857593167212,0.7806766325427641,0.8521052714317076,1768237752.132222,0.9752786755561829,0.15191778540611267
114,7296,7295,sea_nodrift,sea,ts_drift_adapt,1,"error_divergence_ph_meta@error.threshold=0.10,error.min_instances=5",error_divergence_ph_meta,"{""divergence"": {""alpha"": 0.1, ""delta"": 0.005, ""min_instances"": 30, ""threshold"": 0.05}, ""error_rate"": {""alpha"": 0.15, ""delta"": 0.005, ""min_instances"": 5, ""threshold"": 0.1}}","{""error_rate"": {""min_instances"": 5, ""threshold"": 0.1}}",0.1,0.005,0.15,5,0.05,0.005,0.1,30,,,,-1,two_stage,2,0.5,"__confirm_cooldown=200,__confirm_rule=perm_test,__perm_alpha=0.03,__perm_min_effect=0,__perm_n_perm=200,__perm_post_n=10,__perm_pre_n=500,__perm_rng_seed=0,__perm_side=two_sided,__perm_stat=vote_score,divergence=0.3,error_rate=0.5,teacher_entropy=0.2",3,0,200,0.0,0,10000,10.0,25.0,200,500,0,0,1.0,0.7918037280701754,0.48832436912589555,0.3333333333333333,0.4083966016769409,0.011313010938465595,0,0,22,21,-1,perm_test,0.004975124378109453,0.4191928786408833,21,21,0,0.0,0.16666666666666669,0,0.0,0.0,0.0,0.0,0,none,0,1,0,overconfident,0.95,0,mild_drift,0.9580676317830239,0.0013225428796583608,0.7903383162713821,0.8535526357158538,1768237752.1421902,0.42133474349975586,0.19849441945552826
115,7360,7359,sea_nodrift,sea,ts_drift_adapt,1,"error_divergence_ph_meta@error.threshold=0.10,error.min_instances=5",error_divergence_ph_meta,"{""divergence"": {""alpha"": 0.1, ""delta"": 0.005, ""min_instances"": 30, ""threshold"": 0.05}, ""error_rate"": {""alpha"": 0.15, ""delta"": 0.005, ""min_instances"": 5, ""threshold"": 0.1}}","{""error_rate"": {""min_instances"": 5, ""threshold"": 0.1}}",0.1,0.005,0.15,5,0.05,0.005,0.1,30,,,,-1,two_stage,2,0.5,"__confirm_cooldown=200,__confirm_rule=perm_test,__perm_alpha=0.03,__perm_min_effect=0,__perm_n_perm=200,__perm_post_n=10,__perm_pre_n=500,__perm_rng_seed=0,__perm_side=two_sided,__perm_stat=vote_score,divergence=0.3,error_rate=0.5,teacher_entropy=0.2",3,0,200,0.0,0,10000,10.0,25.0,200,500,0,0,1.0,0.7922554347826087,0.48897931366697356,0.0,0.4150368273258209,0.004319884814321995,1,1,23,22,0,perm_test,0.004975124378109453,0.42104306439240435,22,22,0,0.0,0.3333333333333333,1,0.5,0.0,0.0,0.0,0,none,1,1,0,overconfident,0.95,0,stable,0.974033815891512,0.0010612714398291804,0.8951691581356911,0.8992763178579269,1768237752.1586823,0.18439044058322906,0.08773007988929749
116,7424,7423,sea_nodrift,sea,ts_drift_adapt,1,"error_divergence_ph_meta@error.threshold=0.10,error.min_instances=5",error_divergence_ph_meta,"{""divergence"": {""alpha"": 0.1, ""delta"": 0.005, ""min_instances"": 30, ""threshold"": 0.05}, ""error_rate"": {""alpha"": 0.15, ""delta"": 0.005, ""min_instances"": 5, ""threshold"": 0.1}}","{""error_rate"": {""min_instances"": 5, ""threshold"": 0.1}}",0.1,0.005,0.15,5,0.05,0.005,0.1,30,,,,-1,two_stage,2,0.5,"__confirm_cooldown=200,__confirm_rule=perm_test,__perm_alpha=0.03,__perm_min_effect=0,__perm_n_perm=200,__perm_post_n=10,__perm_pre_n=500,__perm_rng_seed=0,__perm_side=two_sided,__perm_stat=vote_score,divergence=0.3,error_rate=0.5,teacher_entropy=0.2",3,0,200,0.0,0,10000,10.0,25.0,200,500,1,136,1.0,0.7926993534482759,0.4900680174953138,0.0,0.4073021411895752,0.006290409713983536,0,0,23,22,-1,perm_test,0.004975124378109453,0.42104306439240435,22,22,0,0.0,0.001970524899661541,0,0.0,0.0,0.0,0.0,0,none,0,1,0,overconfident,0.95,0,mild_drift,0.9671669079457559,0.0011806357199145904,0.8475845790678456,0.8771381589289635,1768237752.1686442,0.3305981755256653,0.09188203513622284
117,7488,7487,sea_nodrift,sea,ts_drift_adapt,1,"error_divergence_ph_meta@error.threshold=0.10,error.min_instances=5",error_divergence_ph_meta,"{""divergence"": {""alpha"": 0.1, ""delta"": 0.005, ""min_instances"": 30, ""threshold"": 0.05}, ""error_rate"": {""alpha"": 0.15, ""delta"": 0.005, ""min_instances"": 5, ""threshold"": 0.1}}","{""error_rate"": {""min_instances"": 5, ""threshold"": 0.1}}",0.1,0.005,0.15,5,0.05,0.005,0.1,30,,,,-1,two_stage,2,0.5,"__confirm_cooldown=200,__confirm_rule=perm_test,__perm_alpha=0.03,__perm_min_effect=0,__perm_n_perm=200,__perm_post_n=10,__perm_pre_n=500,__perm_rng_seed=0,__perm_side=two_sided,__perm_stat=vote_score,divergence=0.3,error_rate=0.5,teacher_entropy=0.2",3,0,200,0.0,0,10000,10.0,25.0,200,500,1,72,1.0,0.7934027777777778,0.4915488847898888,0.0,0.45931628346443176,0.012284311465919018,0,0,23,22,-1,perm_test,0.004975124378109453,0.42104306439240435,22,22,0,0.0,0.005993901751935482,0,0.0,0.0,0.0,0.0,0,none,0,1,0,overconfident,0.95,0,mild_drift,0.9637334539728779,0.0012403178599572954,0.8237922895339228,0.8660690794644818,1768237752.178484,0.10224121063947678,0.13714370131492615
118,7552,7551,sea_nodrift,sea,ts_drift_adapt,1,"error_divergence_ph_meta@error.threshold=0.10,error.min_instances=5",error_divergence_ph_meta,"{""divergence"": {""alpha"": 0.1, ""delta"": 0.005, ""min_instances"": 30, ""threshold"": 0.05}, ""error_rate"": {""alpha"": 0.15, ""delta"": 0.005, ""min_instances"": 5, ""threshold"": 0.1}}","{""error_rate"": {""min_instances"": 5, ""threshold"": 0.1}}",0.1,0.005,0.15,5,0.05,0.005,0.1,30,,,,-1,two_stage,2,0.5,"__confirm_cooldown=200,__confirm_rule=perm_test,__perm_alpha=0.03,__perm_min_effect=0,__perm_n_perm=200,__perm_post_n=10,__perm_pre_n=500,__perm_rng_seed=0,__perm_side=two_sided,__perm_stat=vote_score,divergence=0.3,error_rate=0.5,teacher_entropy=0.2",3,0,200,0.0,0,10000,10.0,25.0,200,500,1,8,1.0,0.793167372881356,0.490953857371052,0.5,0.4292241334915161,0.012504427693784237,0,0,23,22,-1,perm_test,0.004975124378109453,0.42104306439240435,22,22,0,0.0,0.5,0,0.0,0.0,0.0,0.0,0,none,0,1,0,overconfident,0.95,0,mild_drift,0.9620167269864389,0.0012701589299786479,0.8118961447669615,0.8605345397322408,1768237752.1885536,0.5987184643745422,0.1378927230834961
119,7616,7615,sea_nodrift,sea,ts_drift_adapt,1,"error_divergence_ph_meta@error.threshold=0.10,error.min_instances=5",error_divergence_ph_meta,"{""divergence"": {""alpha"": 0.1, ""delta"": 0.005, ""min_instances"": 30, ""threshold"": 0.05}, ""error_rate"": {""alpha"": 0.15, ""delta"": 0.005, ""min_instances"": 5, ""threshold"": 0.1}}","{""error_rate"": {""min_instances"": 5, ""threshold"": 0.1}}",0.1,0.005,0.15,5,0.05,0.005,0.1,30,,,,-1,two_stage,2,0.5,"__confirm_cooldown=200,__confirm_rule=perm_test,__perm_alpha=0.03,__perm_min_effect=0,__perm_n_perm=200,__perm_post_n=10,__perm_pre_n=500,__perm_rng_seed=0,__perm_side=two_sided,__perm_stat=vote_score,divergence=0.3,error_rate=0.5,teacher_entropy=0.2",3,0,200,0.0,0,10000,10.0,25.0,200,500,0,0,1.0,0.7929359243697479,0.4901269024672047,0.16666666666666666,0.3971579074859619,0.010754644870758057,0,0,23,22,-1,perm_test,0.004975124378109453,0.42104306439240435,22,22,0,0.0,0.33333333333333337,0,0.0,0.0,0.0,0.0,0,none,0,1,0,overconfident,0.95,0,mild_drift,0.9611583634932195,0.0012850794649893241,0.8059480723834808,0.8577672698661204,1768237752.1986449,0.4265556335449219,0.09865602850914001
120,7680,7679,sea_nodrift,sea,ts_drift_adapt,1,"error_divergence_ph_meta@error.threshold=0.10,error.min_instances=5",error_divergence_ph_meta,"{""divergence"": {""alpha"": 0.1, ""delta"": 0.005, ""min_instances"": 30, ""threshold"": 0.05}, ""error_rate"": {""alpha"": 0.15, ""delta"": 0.005, ""min_instances"": 5, ""threshold"": 0.1}}","{""error_rate"": {""min_instances"": 5, ""threshold"": 0.1}}",0.1,0.005,0.15,5,0.05,0.005,0.1,30,,,,-1,two_stage,2,0.5,"__confirm_cooldown=200,__confirm_rule=perm_test,__perm_alpha=0.03,__perm_min_effect=0,__perm_n_perm=200,__perm_post_n=10,__perm_pre_n=500,__perm_rng_seed=0,__perm_side=two_sided,__perm_stat=vote_score,divergence=0.3,error_rate=0.5,teacher_entropy=0.2",3,0,200,0.0,0,10000,10.0,25.0,200,500,0,0,1.0,0.79375,0.49137847991522976,0.0,0.381320595741272,0.011106445454061031,1,1,24,23,0,perm_test,0.004975124378109453,0.4018284781279634,23,23,0,0.0,0.16666666666666666,1,0.5,0.0,0.0,0.0,0,none,1,1,0,overconfident,0.95,0,stable,0.9755791817466097,0.001042539732494662,0.9029740361917404,0.9013836349330602,1768237752.2154882,0.14588291943073273,0.13520698249340057
121,7744,7743,sea_nodrift,sea,ts_drift_adapt,1,"error_divergence_ph_meta@error.threshold=0.10,error.min_instances=5",error_divergence_ph_meta,"{""divergence"": {""alpha"": 0.1, ""delta"": 0.005, ""min_instances"": 30, ""threshold"": 0.05}, ""error_rate"": {""alpha"": 0.15, ""delta"": 0.005, ""min_instances"": 5, ""threshold"": 0.1}}","{""error_rate"": {""min_instances"": 5, ""threshold"": 0.1}}",0.1,0.005,0.15,5,0.05,0.005,0.1,30,,,,-1,two_stage,2,0.5,"__confirm_cooldown=200,__confirm_rule=perm_test,__perm_alpha=0.03,__perm_min_effect=0,__perm_n_perm=200,__perm_post_n=10,__perm_pre_n=500,__perm_rng_seed=0,__perm_side=two_sided,__perm_stat=vote_score,divergence=0.3,error_rate=0.5,teacher_entropy=0.2",3,0,200,0.0,0,10000,10.0,25.0,200,500,1,136,1.0,0.793775826446281,0.4911978045650132,0.3333333333333333,0.38846802711486816,0.013919751159846783,0,0,24,23,-1,perm_test,0.004975124378109453,0.4018284781279634,23,23,0,0.0,0.3333333333333333,0,0.0,0.0,0.0,0.0,0,none,0,1,0,overconfident,0.95,0,mild_drift,0.9679395908733048,0.0011712698662473312,0.8514870180958702,0.8781918174665301,1768237752.2254229,0.3068903684616089,0.12138596922159195
122,7808,7807,sea_nodrift,sea,ts_drift_adapt,1,"error_divergence_ph_meta@error.threshold=0.10,error.min_instances=5",error_divergence_ph_meta,"{""divergence"": {""alpha"": 0.1, ""delta"": 0.005, ""min_instances"": 30, ""threshold"": 0.05}, ""error_rate"": {""alpha"": 0.15, ""delta"": 0.005, ""min_instances"": 5, ""threshold"": 0.1}}","{""error_rate"": {""min_instances"": 5, ""threshold"": 0.1}}",0.1,0.005,0.15,5,0.05,0.005,0.1,30,,,,-1,two_stage,2,0.5,"__confirm_cooldown=200,__confirm_rule=perm_test,__perm_alpha=0.03,__perm_min_effect=0,__perm_n_perm=200,__perm_post_n=10,__perm_pre_n=500,__perm_rng_seed=0,__perm_side=two_sided,__perm_stat=vote_score,divergence=0.3,error_rate=0.5,teacher_entropy=0.2",3,0,200,0.0,0,10000,10.0,25.0,200,500,1,72,1.0,0.7939293032786885,0.49167991239610914,0.3333333333333333,0.40084749460220337,0.014913629740476608,0,0,24,23,-1,perm_test,0.004975124378109453,0.4018284781279634,23,23,0,0.0,0.0009938785806298256,0,0.0,0.0,0.0,0.0,0,none,0,1,0,overconfident,0.95,0,mild_drift,0.9641197954366524,0.0012356349331236658,0.8257435090479351,0.8665959087332651,1768237752.2352922,0.6513066291809082,0.16238854825496674
123,7872,7871,sea_nodrift,sea,ts_drift_adapt,1,"error_divergence_ph_meta@error.threshold=0.10,error.min_instances=5",error_divergence_ph_meta,"{""divergence"": {""alpha"": 0.1, ""delta"": 0.005, ""min_instances"": 30, ""threshold"": 0.05}, ""error_rate"": {""alpha"": 0.15, ""delta"": 0.005, ""min_instances"": 5, ""threshold"": 0.1}}","{""error_rate"": {""min_instances"": 5, ""threshold"": 0.1}}",0.1,0.005,0.15,5,0.05,0.005,0.1,30,,,,-1,two_stage,2,0.5,"__confirm_cooldown=200,__confirm_rule=perm_test,__perm_alpha=0.03,__perm_min_effect=0,__perm_n_perm=200,__perm_post_n=10,__perm_pre_n=500,__perm_rng_seed=0,__perm_side=two_sided,__perm_stat=vote_score,divergence=0.3,error_rate=0.5,teacher_entropy=0.2",3,0,200,0.0,0,10000,10.0,25.0,200,500,1,8,1.0,0.7935721544715447,0.490809007044127,0.16666666666666666,0.3921550512313843,0.019427703693509102,0,0,24,23,-1,perm_test,0.004975124378109453,0.4018284781279634,23,23,0,0.0,0.16666666666666666,0,0.0,0.0,0.0,0.0,0,none,0,1,0,overconfident,0.95,0,mild_drift,0.9622098977183262,0.001267817466561833,0.8128717545239676,0.8607979543666325,1768237752.245298,0.496371865272522,0.16134637594223022
124,7936,7935,sea_nodrift,sea,ts_drift_adapt,1,"error_divergence_ph_meta@error.threshold=0.10,error.min_instances=5",error_divergence_ph_meta,"{""divergence"": {""alpha"": 0.1, ""delta"": 0.005, ""min_instances"": 30, ""threshold"": 0.05}, ""error_rate"": {""alpha"": 0.15, ""delta"": 0.005, ""min_instances"": 5, ""threshold"": 0.1}}","{""error_rate"": {""min_instances"": 5, ""threshold"": 0.1}}",0.1,0.005,0.15,5,0.05,0.005,0.1,30,,,,-1,two_stage,2,0.5,"__confirm_cooldown=200,__confirm_rule=perm_test,__perm_alpha=0.03,__perm_min_effect=0,__perm_n_perm=200,__perm_post_n=10,__perm_pre_n=500,__perm_rng_seed=0,__perm_side=two_sided,__perm_stat=vote_score,divergence=0.3,error_rate=0.5,teacher_entropy=0.2",3,0,200,0.0,0,10000,10.0,25.0,200,500,0,0,1.0,0.7941028225806451,0.492115733510594,0.0,0.3303243815898895,0.006936173886060715,0,0,24,23,-1,perm_test,0.004975124378109453,0.4018284781279634,23,23,0,0.0,0.16666666666666666,0,0.0,0.0,0.0,0.0,0,none,0,1,0,overconfident,0.95,0,mild_drift,0.9612549488591631,0.0012839087332809167,0.8064358772619838,0.8578989771833163,1768237752.2552023,0.2382463961839676,0.08752857148647308
125,8000,7999,sea_nodrift,sea,ts_drift_adapt,1,"error_divergence_ph_meta@error.threshold=0.10,error.min_instances=5",error_divergence_ph_meta,"{""divergence"": {""alpha"": 0.1, ""delta"": 0.005, ""min_instances"": 30, ""threshold"": 0.05}, ""error_rate"": {""alpha"": 0.15, ""delta"": 0.005, ""min_instances"": 5, ""threshold"": 0.1}}","{""error_rate"": {""min_instances"": 5, ""threshold"": 0.1}}",0.1,0.005,0.15,5,0.05,0.005,0.1,30,,,,-1,two_stage,2,0.5,"__confirm_cooldown=200,__confirm_rule=perm_test,__perm_alpha=0.03,__perm_min_effect=0,__perm_n_perm=200,__perm_post_n=10,__perm_pre_n=500,__perm_rng_seed=0,__perm_side=two_sided,__perm_stat=vote_score,divergence=0.3,error_rate=0.5,teacher_entropy=0.2",3,0,200,0.0,0,10000,10.0,25.0,200,500,0,0,1.0,0.794125,0.4916141020753689,0.0,0.3729747235774994,0.007812049705535173,1,1,25,24,0,perm_test,0.004975124378109453,0.4176847563608706,24,24,0,0.0,0.0008758758194744587,1,0.5,0.0,0.0,0.0,0,none,1,1,0,overconfident,0.95,0,stable,0.9756274744295815,0.0010419543666404583,0.903217938630992,0.9014494885916582,1768237752.2719562,0.060586947947740555,0.10036155581474304
126,8064,8063,sea_nodrift,sea,ts_drift_adapt,1,"error_divergence_ph_meta@error.threshold=0.10,error.min_instances=5",error_divergence_ph_meta,"{""divergence"": {""alpha"": 0.1, ""delta"": 0.005, ""min_instances"": 30, ""threshold"": 0.05}, ""error_rate"": {""alpha"": 0.15, ""delta"": 0.005, ""min_instances"": 5, ""threshold"": 0.1}}","{""error_rate"": {""min_instances"": 5, ""threshold"": 0.1}}",0.1,0.005,0.15,5,0.05,0.005,0.1,30,,,,-1,two_stage,2,0.5,"__confirm_cooldown=200,__confirm_rule=perm_test,__perm_alpha=0.03,__perm_min_effect=0,__perm_n_perm=200,__perm_post_n=10,__perm_pre_n=500,__perm_rng_seed=0,__perm_side=two_sided,__perm_stat=vote_score,divergence=0.3,error_rate=0.5,teacher_entropy=0.2",3,0,200,0.0,0,10000,10.0,25.0,200,500,1,136,1.0,0.7943948412698413,0.4916169980254219,0.0,0.41077324748039246,0.008314607664942741,0,0,25,24,-1,perm_test,0.004975124378109453,0.4176847563608706,24,24,0,0.0,0.000502557959407568,0,0.0,0.0,0.0,0.0,0,none,0,1,0,overconfident,0.95,0,mild_drift,0.9679637372147907,0.0011709771833202294,0.851608969315496,0.8782247442958291,1768237752.2821207,0.18830478191375732,0.13562017679214478
127,8128,8127,sea_nodrift,sea,ts_drift_adapt,1,"error_divergence_ph_meta@error.threshold=0.10,error.min_instances=5",error_divergence_ph_meta,"{""divergence"": {""alpha"": 0.1, ""delta"": 0.005, ""min_instances"": 30, ""threshold"": 0.05}, ""error_rate"": {""alpha"": 0.15, ""delta"": 0.005, ""min_instances"": 5, ""threshold"": 0.1}}","{""error_rate"": {""min_instances"": 5, ""threshold"": 0.1}}",0.1,0.005,0.15,5,0.05,0.005,0.1,30,,,,-1,two_stage,2,0.5,"__confirm_cooldown=200,__confirm_rule=perm_test,__perm_alpha=0.03,__perm_min_effect=0,__perm_n_perm=200,__perm_post_n=10,__perm_pre_n=500,__perm_rng_seed=0,__perm_side=two_sided,__perm_stat=vote_score,divergence=0.3,error_rate=0.5,teacher_entropy=0.2",3,0,200,0.0,0,10000,10.0,25.0,200,500,1,72,1.0,0.7941683070866141,0.49234448053106816,0.0,0.36074453592300415,0.004319762345403433,0,0,25,24,-1,perm_test,0.004975124378109453,0.4176847563608706,24,24,0,0.0,0.0039948453195393085,0,0.0,0.0,0.0,0.0,0,none,0,1,0,overconfident,0.95,0,mild_drift,0.9641318686073953,0.0012354885916601149,0.825804484657748,0.8666123721479145,1768237752.2918777,0.0831761434674263,0.08418138325214386
128,8192,8191,sea_nodrift,sea,ts_drift_adapt,1,"error_divergence_ph_meta@error.threshold=0.10,error.min_instances=5",error_divergence_ph_meta,"{""divergence"": {""alpha"": 0.1, ""delta"": 0.005, ""min_instances"": 30, ""threshold"": 0.05}, ""error_rate"": {""alpha"": 0.15, ""delta"": 0.005, ""min_instances"": 5, ""threshold"": 0.1}}","{""error_rate"": {""min_instances"": 5, ""threshold"": 0.1}}",0.1,0.005,0.15,5,0.05,0.005,0.1,30,,,,-1,two_stage,2,0.5,"__confirm_cooldown=200,__confirm_rule=perm_test,__perm_alpha=0.03,__perm_min_effect=0,__perm_n_perm=200,__perm_post_n=10,__perm_pre_n=500,__perm_rng_seed=0,__perm_side=two_sided,__perm_stat=vote_score,divergence=0.3,error_rate=0.5,teacher_entropy=0.2",3,0,200,0.0,0,10000,10.0,25.0,200,500,1,8,1.0,0.794189453125,0.49201387376847944,0.0,0.4059261977672577,0.006398363504558802,0,0,25,24,-1,perm_test,0.004975124378109453,0.4176847563608706,24,24,0,0.0,0.002078601159155369,0,0.0,0.0,0.0,0.0,0,none,0,1,0,overconfident,0.95,0,mild_drift,0.9622159343036976,0.0012677442958300574,0.8129022423288741,0.8608061860739573,1768237752.3018434,0.16846024990081787,0.10700689256191254
129,8256,8255,sea_nodrift,sea,ts_drift_adapt,1,"error_divergence_ph_meta@error.threshold=0.10,error.min_instances=5",error_divergence_ph_meta,"{""divergence"": {""alpha"": 0.1, ""delta"": 0.005, ""min_instances"": 30, ""threshold"": 0.05}, ""error_rate"": {""alpha"": 0.15, ""delta"": 0.005, ""min_instances"": 5, ""threshold"": 0.1}}","{""error_rate"": {""min_instances"": 5, ""threshold"": 0.1}}",0.1,0.005,0.15,5,0.05,0.005,0.1,30,,,,-1,two_stage,2,0.5,"__confirm_cooldown=200,__confirm_rule=perm_test,__perm_alpha=0.03,__perm_min_effect=0,__perm_n_perm=200,__perm_post_n=10,__perm_pre_n=500,__perm_rng_seed=0,__perm_side=two_sided,__perm_stat=vote_score,divergence=0.3,error_rate=0.5,teacher_entropy=0.2",3,0,200,0.0,0,10000,10.0,25.0,200,500,0,0,1.0,0.7946947674418605,0.49323941152570094,0.0,0.38391444087028503,0.005337339825928211,0,0,25,24,-1,perm_test,0.004975124378109453,0.4176847563608706,24,24,0,0.0,0.0010610236786305904,0,0.0,0.0,0.0,0.0,0,none,0,1,0,overconfident,0.95,0,mild_drift,0.9612579671518487,0.0012838721479150289,0.8064511211644371,0.8579030930369786,1768237752.311778,0.20898747444152832,0.09338663518428802
130,8320,8319,sea_nodrift,sea,ts_drift_adapt,1,"error_divergence_ph_meta@error.threshold=0.10,error.min_instances=5",error_divergence_ph_meta,"{""divergence"": {""alpha"": 0.1, ""delta"": 0.005, ""min_instances"": 30, ""threshold"": 0.05}, ""error_rate"": {""alpha"": 0.15, ""delta"": 0.005, ""min_instances"": 5, ""threshold"": 0.1}}","{""error_rate"": {""min_instances"": 5, ""threshold"": 0.1}}",0.1,0.005,0.15,5,0.05,0.005,0.1,30,,,,-1,two_stage,2,0.5,"__confirm_cooldown=200,__confirm_rule=perm_test,__perm_alpha=0.03,__perm_min_effect=0,__perm_n_perm=200,__perm_post_n=10,__perm_pre_n=500,__perm_rng_seed=0,__perm_side=two_sided,__perm_stat=vote_score,divergence=0.3,error_rate=0.5,teacher_entropy=0.2",3,0,200,0.0,0,10000,10.0,25.0,200,500,0,0,1.0,0.7951923076923076,0.4935129713778495,0.16666666666666666,0.4049282371997833,0.0072683123871684074,1,1,26,25,0,perm_test,0.004975124378109453,0.43983346876671886,25,25,0,0.16666666666666666,0.16666666666666666,1,0.5,0.0,0.0,0.0,0,none,1,1,0,overconfident,0.95,0,severe_drift,0.9261289835759243,0.0016419360739575145,0.6532255605822186,0.8339515465184894,1768237752.3284936,0.15516360104084015,0.11767660826444626
131,8384,8383,sea_nodrift,sea,ts_drift_adapt,1,"error_divergence_ph_meta@error.threshold=0.10,error.min_instances=5",error_divergence_ph_meta,"{""divergence"": {""alpha"": 0.1, ""delta"": 0.005, ""min_instances"": 30, ""threshold"": 0.05}, ""error_rate"": {""alpha"": 0.15, ""delta"": 0.005, ""min_instances"": 5, ""threshold"": 0.1}}","{""error_rate"": {""min_instances"": 5, ""threshold"": 0.1}}",0.1,0.005,0.15,5,0.05,0.005,0.1,30,,,,-1,two_stage,2,0.5,"__confirm_cooldown=200,__confirm_rule=perm_test,__perm_alpha=0.03,__perm_min_effect=0,__perm_n_perm=200,__perm_post_n=10,__perm_pre_n=500,__perm_rng_seed=0,__perm_side=two_sided,__perm_stat=vote_score,divergence=0.3,error_rate=0.5,teacher_entropy=0.2",3,0,200,0.0,0,10000,10.0,25.0,200,500,1,136,1.0,0.7956822519083969,0.49488121060318846,0.3333333333333333,0.34935009479522705,0.006615995895117521,0,0,26,25,-1,perm_test,0.004975124378109453,0.43983346876671886,25,25,0,0.0,0.16666666666666666,0,0.0,0.0,0.0,0.0,0,none,0,1,0,overconfident,0.95,0,mild_drift,0.9432144917879621,0.0014709680369787573,0.7266127802911093,0.8444757732592447,1768237752.3385384,0.6930028796195984,0.10726681351661682
132,8448,8447,sea_nodrift,sea,ts_drift_adapt,1,"error_divergence_ph_meta@error.threshold=0.10,error.min_instances=5",error_divergence_ph_meta,"{""divergence"": {""alpha"": 0.1, ""delta"": 0.005, ""min_instances"": 30, ""threshold"": 0.05}, ""error_rate"": {""alpha"": 0.15, ""delta"": 0.005, ""min_instances"": 5, ""threshold"": 0.1}}","{""error_rate"": {""min_instances"": 5, ""threshold"": 0.1}}",0.1,0.005,0.15,5,0.05,0.005,0.1,30,,,,-1,two_stage,2,0.5,"__confirm_cooldown=200,__confirm_rule=perm_test,__perm_alpha=0.03,__perm_min_effect=0,__perm_n_perm=200,__perm_post_n=10,__perm_pre_n=500,__perm_rng_seed=0,__perm_side=two_sided,__perm_stat=vote_score,divergence=0.3,error_rate=0.5,teacher_entropy=0.2",3,0,200,0.0,0,10000,10.0,25.0,200,500,1,72,1.0,0.7954545454545454,0.49458906112898504,0.0,0.37189796566963196,0.007893750444054604,0,0,26,25,-1,perm_test,0.004975124378109453,0.43983346876671886,25,25,0,0.0,0.3333333333333333,0,0.0,0.0,0.0,0.0,0,none,0,1,0,overconfident,0.95,0,mild_drift,0.951757245893981,0.0013854840184893786,0.7633063901455547,0.8497378866296224,1768237752.3482466,0.15038184821605682,0.10848382115364075
133,8512,8511,sea_nodrift,sea,ts_drift_adapt,1,"error_divergence_ph_meta@error.threshold=0.10,error.min_instances=5",error_divergence_ph_meta,"{""divergence"": {""alpha"": 0.1, ""delta"": 0.005, ""min_instances"": 30, ""threshold"": 0.05}, ""error_rate"": {""alpha"": 0.15, ""delta"": 0.005, ""min_instances"": 5, ""threshold"": 0.1}}","{""error_rate"": {""min_instances"": 5, ""threshold"": 0.1}}",0.1,0.005,0.15,5,0.05,0.005,0.1,30,,,,-1,two_stage,2,0.5,"__confirm_cooldown=200,__confirm_rule=perm_test,__perm_alpha=0.03,__perm_min_effect=0,__perm_n_perm=200,__perm_post_n=10,__perm_pre_n=500,__perm_rng_seed=0,__perm_side=two_sided,__perm_stat=vote_score,divergence=0.3,error_rate=0.5,teacher_entropy=0.2",3,0,200,0.0,0,10000,10.0,25.0,200,500,1,8,1.0,0.7961701127819549,0.49618730400411903,0.0,0.3957701325416565,0.0060406760312616825,0,0,26,25,-1,perm_test,0.004975124378109453,0.43983346876671886,25,25,0,0.0,0.001853074412792921,0,0.0,0.0,0.0,0.0,0,none,0,1,0,overconfident,0.95,0,mild_drift,0.9560286229469905,0.0013427420092446893,0.7816531950727774,0.8523689433148112,1768237752.3580558,0.12364814430475235,0.10464854538440704
134,8576,8575,sea_nodrift,sea,ts_drift_adapt,1,"error_divergence_ph_meta@error.threshold=0.10,error.min_instances=5",error_divergence_ph_meta,"{""divergence"": {""alpha"": 0.1, ""delta"": 0.005, ""min_instances"": 30, ""threshold"": 0.05}, ""error_rate"": {""alpha"": 0.15, ""delta"": 0.005, ""min_instances"": 5, ""threshold"": 0.1}}","{""error_rate"": {""min_instances"": 5, ""threshold"": 0.1}}",0.1,0.005,0.15,5,0.05,0.005,0.1,30,,,,-1,two_stage,2,0.5,"__confirm_cooldown=200,__confirm_rule=perm_test,__perm_alpha=0.03,__perm_min_effect=0,__perm_n_perm=200,__perm_post_n=10,__perm_pre_n=500,__perm_rng_seed=0,__perm_side=two_sided,__perm_stat=vote_score,divergence=0.3,error_rate=0.5,teacher_entropy=0.2",3,0,200,0.0,0,10000,10.0,25.0,200,500,0,0,1.0,0.796758395522388,0.4979126449432695,0.16666666666666666,0.33230769634246826,0.007173819933086634,0,0,26,25,-1,perm_test,0.004975124378109453,0.43983346876671886,25,25,0,0.0,0.16666666666666666,0,0.0,0.0,0.0,0.0,0,none,0,1,0,overconfident,0.95,0,mild_drift,0.9581643114734952,0.0013213710046223446,0.7908265975363887,0.8536844716574056,1768237752.367703,0.48913440108299255,0.08181062340736389
135,8640,8639,sea_nodrift,sea,ts_drift_adapt,1,"error_divergence_ph_meta@error.threshold=0.10,error.min_instances=5",error_divergence_ph_meta,"{""divergence"": {""alpha"": 0.1, ""delta"": 0.005, ""min_instances"": 30, ""threshold"": 0.05}, ""error_rate"": {""alpha"": 0.15, ""delta"": 0.005, ""min_instances"": 5, ""threshold"": 0.1}}","{""error_rate"": {""min_instances"": 5, ""threshold"": 0.1}}",0.1,0.005,0.15,5,0.05,0.005,0.1,30,,,,-1,two_stage,2,0.5,"__confirm_cooldown=200,__confirm_rule=perm_test,__perm_alpha=0.03,__perm_min_effect=0,__perm_n_perm=200,__perm_post_n=10,__perm_pre_n=500,__perm_rng_seed=0,__perm_side=two_sided,__perm_stat=vote_score,divergence=0.3,error_rate=0.5,teacher_entropy=0.2",3,0,200,0.0,0,10000,10.0,25.0,200,500,0,0,1.0,0.7975694444444444,0.49918803515111826,0.0,0.382094144821167,0.010176319628953934,1,1,27,26,0,perm_test,0.004975124378109453,0.4529871907997206,26,26,0,0.16666666666666666,0.16666666666666666,1,0.5,0.0,0.0,0.0,0,none,1,1,0,overconfident,0.95,0,severe_drift,0.9245821557367476,0.0016606855023111723,0.6454132987681944,0.8318422358287028,1768237752.384046,0.19424378871917725,0.10820750892162323
136,8704,8703,sea_nodrift,sea,ts_drift_adapt,1,"error_divergence_ph_meta@error.threshold=0.10,error.min_instances=5",error_divergence_ph_meta,"{""divergence"": {""alpha"": 0.1, ""delta"": 0.005, ""min_instances"": 30, ""threshold"": 0.05}, ""error_rate"": {""alpha"": 0.15, ""delta"": 0.005, ""min_instances"": 5, ""threshold"": 0.1}}","{""error_rate"": {""min_instances"": 5, ""threshold"": 0.1}}",0.1,0.005,0.15,5,0.05,0.005,0.1,30,,,,-1,two_stage,2,0.5,"__confirm_cooldown=200,__confirm_rule=perm_test,__perm_alpha=0.03,__perm_min_effect=0,__perm_n_perm=200,__perm_post_n=10,__perm_pre_n=500,__perm_rng_seed=0,__perm_side=two_sided,__perm_stat=vote_score,divergence=0.3,error_rate=0.5,teacher_entropy=0.2",3,0,200,0.0,0,10000,10.0,25.0,200,500,1,136,1.0,0.7977941176470589,0.4986335271024544,0.0,0.3557930588722229,0.0075634378008544445,0,0,27,26,-1,perm_test,0.004975124378109453,0.4529871907997206,26,26,0,0.0,0.002612881828099489,0,0.0,0.0,0.0,0.0,0,none,0,1,0,overconfident,0.95,0,mild_drift,0.9424410778683738,0.0014803427511555862,0.7227066493840972,0.8434211179143514,1768237752.3937569,0.10641232132911682,0.09152619540691376
137,8768,8767,sea_nodrift,sea,ts_drift_adapt,1,"error_divergence_ph_meta@error.threshold=0.10,error.min_instances=5",error_divergence_ph_meta,"{""divergence"": {""alpha"": 0.1, ""delta"": 0.005, ""min_instances"": 30, ""threshold"": 0.05}, ""error_rate"": {""alpha"": 0.15, ""delta"": 0.005, ""min_instances"": 5, ""threshold"": 0.1}}","{""error_rate"": {""min_instances"": 5, ""threshold"": 0.1}}",0.1,0.005,0.15,5,0.05,0.005,0.1,30,,,,-1,two_stage,2,0.5,"__confirm_cooldown=200,__confirm_rule=perm_test,__perm_alpha=0.03,__perm_min_effect=0,__perm_n_perm=200,__perm_post_n=10,__perm_pre_n=500,__perm_rng_seed=0,__perm_side=two_sided,__perm_stat=vote_score,divergence=0.3,error_rate=0.5,teacher_entropy=0.2",3,0,200,0.0,0,10000,10.0,25.0,200,500,1,72,1.0,0.7974452554744526,0.4984145525273331,0.6666666666666666,0.3342616558074951,0.008118052035570145,0,0,27,26,-1,perm_test,0.004975124378109453,0.4529871907997206,26,26,0,0.0,0.6666666666666666,0,0.0,0.0,0.0,0.0,0,none,0,1,0,overconfident,0.95,0,mild_drift,0.9513705389341869,0.0013901713755777932,0.7613533246920486,0.8492105589571757,1768237752.4033043,1.3803938627243042,0.10542306303977966
138,8832,8831,sea_nodrift,sea,ts_drift_adapt,1,"error_divergence_ph_meta@error.threshold=0.10,error.min_instances=5",error_divergence_ph_meta,"{""divergence"": {""alpha"": 0.1, ""delta"": 0.005, ""min_instances"": 30, ""threshold"": 0.05}, ""error_rate"": {""alpha"": 0.15, ""delta"": 0.005, ""min_instances"": 5, ""threshold"": 0.1}}","{""error_rate"": {""min_instances"": 5, ""threshold"": 0.1}}",0.1,0.005,0.15,5,0.05,0.005,0.1,30,,,,-1,two_stage,2,0.5,"__confirm_cooldown=200,__confirm_rule=perm_test,__perm_alpha=0.03,__perm_min_effect=0,__perm_n_perm=200,__perm_post_n=10,__perm_pre_n=500,__perm_rng_seed=0,__perm_side=two_sided,__perm_stat=vote_score,divergence=0.3,error_rate=0.5,teacher_entropy=0.2",3,0,200,0.0,0,10000,10.0,25.0,200,500,1,8,1.0,0.7978940217391305,0.4994153698665146,0.3333333333333333,0.3088180422782898,0.007209899835288525,0,0,27,26,-1,perm_test,0.004975124378109453,0.4529871907997206,26,26,0,0.0,0.3333333333333333,0,0.0,0.0,0.0,0.0,0,none,0,1,0,overconfident,0.95,0,mild_drift,0.9558352694670934,0.0013450856877888968,0.7806766623460244,0.8521052794785878,1768237752.4131107,0.6488049030303955,0.08251013606786728
139,8896,8895,sea_nodrift,sea,ts_drift_adapt,1,"error_divergence_ph_meta@error.threshold=0.10,error.min_instances=5",error_divergence_ph_meta,"{""divergence"": {""alpha"": 0.1, ""delta"": 0.005, ""min_instances"": 30, ""threshold"": 0.05}, ""error_rate"": {""alpha"": 0.15, ""delta"": 0.005, ""min_instances"": 5, ""threshold"": 0.1}}","{""error_rate"": {""min_instances"": 5, ""threshold"": 0.1}}",0.1,0.005,0.15,5,0.05,0.005,0.1,30,,,,-1,two_stage,2,0.5,"__confirm_cooldown=200,__confirm_rule=perm_test,__perm_alpha=0.03,__perm_min_effect=0,__perm_n_perm=200,__perm_post_n=10,__perm_pre_n=500,__perm_rng_seed=0,__perm_side=two_sided,__perm_stat=vote_score,divergence=0.3,error_rate=0.5,teacher_entropy=0.2",3,0,200,0.0,0,10000,10.0,25.0,200,500,0,0,1.0,0.7976618705035972,0.4979812719876948,0.16666666666666666,0.3483254313468933,0.00588056119158864,0,0,27,26,-1,perm_test,0.004975124378109453,0.4529871907997206,26,26,0,0.0,0.16666666666666666,0,0.0,0.0,0.0,0.0,0,none,0,1,0,overconfident,0.95,0,mild_drift,0.9580676347335466,0.0013225428438944486,0.7903383311730122,0.8535526397392939,1768237752.4228578,0.35276171565055847,0.08701682090759277
140,8960,8959,sea_nodrift,sea,ts_drift_adapt,1,"error_divergence_ph_meta@error.threshold=0.10,error.min_instances=5",error_divergence_ph_meta,"{""divergence"": {""alpha"": 0.1, ""delta"": 0.005, ""min_instances"": 30, ""threshold"": 0.05}, ""error_rate"": {""alpha"": 0.15, ""delta"": 0.005, ""min_instances"": 5, ""threshold"": 0.1}}","{""error_rate"": {""min_instances"": 5, ""threshold"": 0.1}}",0.1,0.005,0.15,5,0.05,0.005,0.1,30,,,,-1,two_stage,2,0.5,"__confirm_cooldown=200,__confirm_rule=perm_test,__perm_alpha=0.03,__perm_min_effect=0,__perm_n_perm=200,__perm_post_n=10,__perm_pre_n=500,__perm_rng_seed=0,__perm_side=two_sided,__perm_stat=vote_score,divergence=0.3,error_rate=0.5,teacher_entropy=0.2",3,0,200,0.0,0,10000,10.0,25.0,200,500,0,0,1.0,0.7979910714285714,0.4985201681931495,0.0,0.35531681776046753,0.007427823729813099,1,1,28,27,0,perm_test,0.004975124378109453,0.4278778913919042,27,27,0,0.0,0.16666666666666666,1,0.5,0.0,0.0,0.0,0,none,1,1,0,overconfident,0.95,0,stable,0.9740338173667733,0.0010612714219472243,0.8951691655865062,0.899276319869647,1768237752.439158,0.21719472110271454,0.11270207911729813
141,9024,9023,sea_nodrift,sea,ts_drift_adapt,1,"error_divergence_ph_meta@error.threshold=0.10,error.min_instances=5",error_divergence_ph_meta,"{""divergence"": {""alpha"": 0.1, ""delta"": 0.005, ""min_instances"": 30, ""threshold"": 0.05}, ""error_rate"": {""alpha"": 0.15, ""delta"": 0.005, ""min_instances"": 5, ""threshold"": 0.1}}","{""error_rate"": {""min_instances"": 5, ""threshold"": 0.1}}",0.1,0.005,0.15,5,0.05,0.005,0.1,30,,,,-1,two_stage,2,0.5,"__confirm_cooldown=200,__confirm_rule=perm_test,__perm_alpha=0.03,__perm_min_effect=0,__perm_n_perm=200,__perm_post_n=10,__perm_pre_n=500,__perm_rng_seed=0,__perm_side=two_sided,__perm_stat=vote_score,divergence=0.3,error_rate=0.5,teacher_entropy=0.2",3,0,200,0.0,0,10000,10.0,25.0,200,500,1,136,1.0,0.7979831560283688,0.4990184255340921,0.3333333333333333,0.3285631835460663,0.005615368951112032,0,0,28,27,-1,perm_test,0.004975124378109453,0.4278778913919042,27,27,0,0.0,0.3333333333333333,0,0.0,0.0,0.0,0.0,0,none,0,1,0,overconfident,0.95,0,mild_drift,0.9671669086833866,0.0011806357109736122,0.8475845827932531,0.8771381599348235,1768237752.448797,0.656970202922821,0.07120754569768906
142,9088,9087,sea_nodrift,sea,ts_drift_adapt,1,"error_divergence_ph_meta@error.threshold=0.10,error.min_instances=5",error_divergence_ph_meta,"{""divergence"": {""alpha"": 0.1, ""delta"": 0.005, ""min_instances"": 30, ""threshold"": 0.05}, ""error_rate"": {""alpha"": 0.15, ""delta"": 0.005, ""min_instances"": 5, ""threshold"": 0.1}}","{""error_rate"": {""min_instances"": 5, ""threshold"": 0.1}}",0.1,0.005,0.15,5,0.05,0.005,0.1,30,,,,-1,two_stage,2,0.5,"__confirm_cooldown=200,__confirm_rule=perm_test,__perm_alpha=0.03,__perm_min_effect=0,__perm_n_perm=200,__perm_post_n=10,__perm_pre_n=500,__perm_rng_seed=0,__perm_side=two_sided,__perm_stat=vote_score,divergence=0.3,error_rate=0.5,teacher_entropy=0.2",3,0,200,0.0,0,10000,10.0,25.0,200,500,1,72,1.0,0.7981954225352113,0.4989071038251367,0.3333333333333333,0.3389468491077423,0.004351120442152023,0,0,28,27,-1,perm_test,0.004975124378109453,0.4278778913919042,27,27,0,0.0,0.0012642485089600086,0,0.0,0.0,0.0,0.0,0,none,0,1,0,overconfident,0.95,0,mild_drift,0.9637334543416933,0.0012403178554868063,0.8237922913966266,0.8660690799674118,1768237752.4582262,0.5134497284889221,0.09359373152256012
143,9152,9151,sea_nodrift,sea,ts_drift_adapt,1,"error_divergence_ph_meta@error.threshold=0.10,error.min_instances=5",error_divergence_ph_meta,"{""divergence"": {""alpha"": 0.1, ""delta"": 0.005, ""min_instances"": 30, ""threshold"": 0.05}, ""error_rate"": {""alpha"": 0.15, ""delta"": 0.005, ""min_instances"": 5, ""threshold"": 0.1}}","{""error_rate"": {""min_instances"": 5, ""threshold"": 0.1}}",0.1,0.005,0.15,5,0.05,0.005,0.1,30,,,,-1,two_stage,2,0.5,"__confirm_cooldown=200,__confirm_rule=perm_test,__perm_alpha=0.03,__perm_min_effect=0,__perm_n_perm=200,__perm_post_n=10,__perm_pre_n=500,__perm_rng_seed=0,__perm_side=two_sided,__perm_stat=vote_score,divergence=0.3,error_rate=0.5,teacher_entropy=0.2",3,0,200,0.0,0,10000,10.0,25.0,200,500,1,8,1.0,0.798513986013986,0.49926187189903587,0.3333333333333333,0.30700424313545227,0.006146477069705725,0,0,28,27,-1,perm_test,0.004975124378109453,0.4278778913919042,27,27,0,0.0,0.0017953566275537014,0,0.0,0.0,0.0,0.0,0,none,0,1,0,overconfident,0.95,0,mild_drift,0.9620167271708466,0.0012701589277434033,0.8118961456983134,0.8605345399837059,1768237752.4678578,0.7131168246269226,0.12013989686965942
144,9216,9215,sea_nodrift,sea,ts_drift_adapt,1,"error_divergence_ph_meta@error.threshold=0.10,error.min_instances=5",error_divergence_ph_meta,"{""divergence"": {""alpha"": 0.1, ""delta"": 0.005, ""min_instances"": 30, ""threshold"": 0.05}, ""error_rate"": {""alpha"": 0.15, ""delta"": 0.005, ""min_instances"": 5, ""threshold"": 0.1}}","{""error_rate"": {""min_instances"": 5, ""threshold"": 0.1}}",0.1,0.005,0.15,5,0.05,0.005,0.1,30,,,,-1,two_stage,2,0.5,"__confirm_cooldown=200,__confirm_rule=perm_test,__perm_alpha=0.03,__perm_min_effect=0,__perm_n_perm=200,__perm_post_n=10,__perm_pre_n=500,__perm_rng_seed=0,__perm_side=two_sided,__perm_stat=vote_score,divergence=0.3,error_rate=0.5,teacher_entropy=0.2",3,0,200,0.0,0,10000,10.0,25.0,200,500,0,0,1.0,0.7992621527777778,0.5005030828325356,0.0,0.3171554505825043,0.013797210529446602,0,0,28,27,-1,perm_test,0.004975124378109453,0.4278778913919042,27,27,0,0.0,0.3333333333333333,0,0.0,0.0,0.0,0.0,0,none,0,1,0,overconfident,0.95,0,mild_drift,0.9611583635854233,0.0012850794638717016,0.8059480728491567,0.8577672699918529,1768237752.4775453,0.243174746632576,0.19483983516693115
145,9280,9279,sea_nodrift,sea,ts_drift_adapt,1,"error_divergence_ph_meta@error.threshold=0.10,error.min_instances=5",error_divergence_ph_meta,"{""divergence"": {""alpha"": 0.1, ""delta"": 0.005, ""min_instances"": 30, ""threshold"": 0.05}, ""error_rate"": {""alpha"": 0.15, ""delta"": 0.005, ""min_instances"": 5, ""threshold"": 0.1}}","{""error_rate"": {""min_instances"": 5, ""threshold"": 0.1}}",0.1,0.005,0.15,5,0.05,0.005,0.1,30,,,,-1,two_stage,2,0.5,"__confirm_cooldown=200,__confirm_rule=perm_test,__perm_alpha=0.03,__perm_min_effect=0,__perm_n_perm=200,__perm_post_n=10,__perm_pre_n=500,__perm_rng_seed=0,__perm_side=two_sided,__perm_stat=vote_score,divergence=0.3,error_rate=0.5,teacher_entropy=0.2",3,0,200,0.0,0,10000,10.0,25.0,200,500,0,0,1.0,0.7995689655172413,0.5014234192692014,0.16666666666666666,0.33119699358940125,0.013061845675110817,1,1,29,28,0,perm_test,0.004975124378109453,0.4097246701507241,28,28,0,0.16666666666666666,0.16666666666666666,1,0.5,0.0,0.0,0.0,0,none,1,1,0,overconfident,0.95,0,severe_drift,0.9260791817927116,0.0016425397319358508,0.6529740364245784,0.8338836349959264,1768237752.4940088,0.37437567114830017,0.16495223343372345
146,9344,9343,sea_nodrift,sea,ts_drift_adapt,1,"error_divergence_ph_meta@error.threshold=0.10,error.min_instances=5",error_divergence_ph_meta,"{""divergence"": {""alpha"": 0.1, ""delta"": 0.005, ""min_instances"": 30, ""threshold"": 0.05}, ""error_rate"": {""alpha"": 0.15, ""delta"": 0.005, ""min_instances"": 5, ""threshold"": 0.1}}","{""error_rate"": {""min_instances"": 5, ""threshold"": 0.1}}",0.1,0.005,0.15,5,0.05,0.005,0.1,30,,,,-1,two_stage,2,0.5,"__confirm_cooldown=200,__confirm_rule=perm_test,__perm_alpha=0.03,__perm_min_effect=0,__perm_n_perm=200,__perm_post_n=10,__perm_pre_n=500,__perm_rng_seed=0,__perm_side=two_sided,__perm_stat=vote_score,divergence=0.3,error_rate=0.5,teacher_entropy=0.2",3,0,200,0.0,0,10000,10.0,25.0,200,500,1,136,1.0,0.7997645547945206,0.5021782979809583,0.16666666666666666,0.3723730146884918,0.015369229950010777,0,0,29,28,-1,perm_test,0.004975124378109453,0.4097246701507241,28,28,0,0.0,0.0023073842748999596,0,0.0,0.0,0.0,0.0,0,none,0,1,0,overconfident,0.95,0,mild_drift,0.9431895908963558,0.0014712698659679255,0.7264870182122892,0.8444418174979632,1768237752.5036707,0.2678757905960083,0.23416022956371307
147,9408,9407,sea_nodrift,sea,ts_drift_adapt,1,"error_divergence_ph_meta@error.threshold=0.10,error.min_instances=5",error_divergence_ph_meta,"{""divergence"": {""alpha"": 0.1, ""delta"": 0.005, ""min_instances"": 30, ""threshold"": 0.05}, ""error_rate"": {""alpha"": 0.15, ""delta"": 0.005, ""min_instances"": 5, ""threshold"": 0.1}}","{""error_rate"": {""min_instances"": 5, ""threshold"": 0.1}}",0.1,0.005,0.15,5,0.05,0.005,0.1,30,,,,-1,two_stage,2,0.5,"__confirm_cooldown=200,__confirm_rule=perm_test,__perm_alpha=0.03,__perm_min_effect=0,__perm_n_perm=200,__perm_post_n=10,__perm_pre_n=500,__perm_rng_seed=0,__perm_side=two_sided,__perm_stat=vote_score,divergence=0.3,error_rate=0.5,teacher_entropy=0.2",3,0,200,0.0,0,10000,10.0,25.0,200,500,1,72,1.0,0.8002763605442177,0.5032473094203672,0.3333333333333333,0.31106024980545044,0.007445751689374447,0,0,29,28,-1,perm_test,0.004975124378109453,0.4097246701507241,28,28,0,0.0,0.16666666666666666,0,0.0,0.0,0.0,0.0,0,none,0,1,0,overconfident,0.95,0,mild_drift,0.9517447954481779,0.0013856349329839628,0.7632435091061447,0.8497209087489817,1768237752.513293,0.525566041469574,0.1413697451353073
148,9472,9471,sea_nodrift,sea,ts_drift_adapt,1,"error_divergence_ph_meta@error.threshold=0.10,error.min_instances=5",error_divergence_ph_meta,"{""divergence"": {""alpha"": 0.1, ""delta"": 0.005, ""min_instances"": 30, ""threshold"": 0.05}, ""error_rate"": {""alpha"": 0.15, ""delta"": 0.005, ""min_instances"": 5, ""threshold"": 0.1}}","{""error_rate"": {""min_instances"": 5, ""threshold"": 0.1}}",0.1,0.005,0.15,5,0.05,0.005,0.1,30,,,,-1,two_stage,2,0.5,"__confirm_cooldown=200,__confirm_rule=perm_test,__perm_alpha=0.03,__perm_min_effect=0,__perm_n_perm=200,__perm_post_n=10,__perm_pre_n=500,__perm_rng_seed=0,__perm_side=two_sided,__perm_stat=vote_score,divergence=0.3,error_rate=0.5,teacher_entropy=0.2",3,0,200,0.0,0,10000,10.0,25.0,200,500,1,8,1.0,0.8009923986486487,0.5051153937663575,0.0,0.34723979234695435,0.014762867242097855,0,0,29,28,-1,perm_test,0.004975124378109453,0.4097246701507241,28,28,0,0.0,0.3333333333333333,0,0.0,0.0,0.0,0.0,0,none,0,1,0,overconfident,0.95,0,mild_drift,0.9560223977240889,0.0013428174664919814,0.7816217545530724,0.8523604543744908,1768237752.5229485,0.09729472547769547,0.1939035952091217
149,9536,9535,sea_nodrift,sea,ts_drift_adapt,1,"error_divergence_ph_meta@error.threshold=0.10,error.min_instances=5",error_divergence_ph_meta,"{""divergence"": {""alpha"": 0.1, ""delta"": 0.005, ""min_instances"": 30, ""threshold"": 0.05}, ""error_rate"": {""alpha"": 0.15, ""delta"": 0.005, ""min_instances"": 5, ""threshold"": 0.1}}","{""error_rate"": {""min_instances"": 5, ""threshold"": 0.1}}",0.1,0.005,0.15,5,0.05,0.005,0.1,30,,,,-1,two_stage,2,0.5,"__confirm_cooldown=200,__confirm_rule=perm_test,__perm_alpha=0.03,__perm_min_effect=0,__perm_n_perm=200,__perm_post_n=10,__perm_pre_n=500,__perm_rng_seed=0,__perm_side=two_sided,__perm_stat=vote_score,divergence=0.3,error_rate=0.5,teacher_entropy=0.2",3,0,200,0.0,0,10000,10.0,25.0,200,500,0,0,1.0,0.8014890939597316,0.5065941430828356,0.16666666666666666,0.3510747253894806,0.010858269408345222,0,0,29,28,-1,perm_test,0.004975124378109453,0.4097246701507241,28,28,0,0.0,0.16666666666666666,0,0.0,0.0,0.0,0.0,0,none,0,1,0,overconfident,0.95,0,mild_drift,0.9581611988620444,0.0013214087332459909,0.7908108772765362,0.8536802271872455,1768237752.53267,0.37345847487449646,0.17157380282878876
150,9600,9599,sea_nodrift,sea,ts_drift_adapt,1,"error_divergence_ph_meta@error.threshold=0.10,error.min_instances=5",error_divergence_ph_meta,"{""divergence"": {""alpha"": 0.1, ""delta"": 0.005, ""min_instances"": 30, ""threshold"": 0.05}, ""error_rate"": {""alpha"": 0.15, ""delta"": 0.005, ""min_instances"": 5, ""threshold"": 0.1}}","{""error_rate"": {""min_instances"": 5, ""threshold"": 0.1}}",0.1,0.005,0.15,5,0.05,0.005,0.1,30,,,,-1,two_stage,2,0.5,"__confirm_cooldown=200,__confirm_rule=perm_test,__perm_alpha=0.03,__perm_min_effect=0,__perm_n_perm=200,__perm_post_n=10,__perm_pre_n=500,__perm_rng_seed=0,__perm_side=two_sided,__perm_stat=vote_score,divergence=0.3,error_rate=0.5,teacher_entropy=0.2",3,0,200,0.0,0,10000,10.0,25.0,200,500,0,0,1.0,0.8021875,0.5081322331709641,0.16666666666666666,0.3259989023208618,0.010485570877790451,1,1,30,29,0,perm_test,0.004975124378109453,0.43743042939702104,29,29,0,0.0,0.0003726985305547714,1,0.5,0.0,0.0,0.0,0,none,1,1,0,overconfident,0.95,0,stable,0.9740805994310222,0.0010607043666229954,0.8954054386382682,0.8993401135936228,1768237752.5489702,0.35781678557395935,0.14808937907218933
151,9664,9663,sea_nodrift,sea,ts_drift_adapt,1,"error_divergence_ph_meta@error.threshold=0.10,error.min_instances=5",error_divergence_ph_meta,"{""divergence"": {""alpha"": 0.1, ""delta"": 0.005, ""min_instances"": 30, ""threshold"": 0.05}, ""error_rate"": {""alpha"": 0.15, ""delta"": 0.005, ""min_instances"": 5, ""threshold"": 0.1}}","{""error_rate"": {""min_instances"": 5, ""threshold"": 0.1}}",0.1,0.005,0.15,5,0.05,0.005,0.1,30,,,,-1,two_stage,2,0.5,"__confirm_cooldown=200,__confirm_rule=perm_test,__perm_alpha=0.03,__perm_min_effect=0,__perm_n_perm=200,__perm_post_n=10,__perm_pre_n=500,__perm_rng_seed=0,__perm_side=two_sided,__perm_stat=vote_score,divergence=0.3,error_rate=0.5,teacher_entropy=0.2",3,0,200,0.0,0,10000,10.0,25.0,200,500,1,136,1.0,0.8019453642384106,0.5076296930697922,0.3333333333333333,0.380654513835907,0.013515600934624672,0,0,30,29,-1,perm_test,0.004975124378109453,0.43743042939702104,29,29,0,0.0,0.16666666666666666,0,0.0,0.0,0.0,0.0,0,none,0,1,0,overconfident,0.95,0,mild_drift,0.9671902997155111,0.0011803521833114979,0.8477027193191341,0.8771700567968114,1768237752.5586915,0.43272826075553894,0.1745058000087738
152,9728,9727,sea_nodrift,sea,ts_drift_adapt,1,"error_divergence_ph_meta@error.threshold=0.10,error.min_instances=5",error_divergence_ph_meta,"{""divergence"": {""alpha"": 0.1, ""delta"": 0.005, ""min_instances"": 30, ""threshold"": 0.05}, ""error_rate"": {""alpha"": 0.15, ""delta"": 0.005, ""min_instances"": 5, ""threshold"": 0.1}}","{""error_rate"": {""min_instances"": 5, ""threshold"": 0.1}}",0.1,0.005,0.15,5,0.05,0.005,0.1,30,,,,-1,two_stage,2,0.5,"__confirm_cooldown=200,__confirm_rule=perm_test,__perm_alpha=0.03,__perm_min_effect=0,__perm_n_perm=200,__perm_post_n=10,__perm_pre_n=500,__perm_rng_seed=0,__perm_side=two_sided,__perm_stat=vote_score,divergence=0.3,error_rate=0.5,teacher_entropy=0.2",3,0,200,0.0,0,10000,10.0,25.0,200,500,1,72,1.0,0.8022203947368421,0.5081595131006561,0.16666666666666666,0.3572555482387543,0.005015492904931307,0,0,30,29,-1,perm_test,0.004975124378109453,0.43743042939702104,29,29,0,0.0,0.16666666666666666,0,0.0,0.0,0.0,0.0,0,none,0,1,0,overconfident,0.95,0,mild_drift,0.9637451498577555,0.001240176091655749,0.8238513596595671,0.8660850283984056,1768237752.5683506,0.23081600666046143,0.09749037027359009
153,9792,9791,sea_nodrift,sea,ts_drift_adapt,1,"error_divergence_ph_meta@error.threshold=0.10,error.min_instances=5",error_divergence_ph_meta,"{""divergence"": {""alpha"": 0.1, ""delta"": 0.005, ""min_instances"": 30, ""threshold"": 0.05}, ""error_rate"": {""alpha"": 0.15, ""delta"": 0.005, ""min_instances"": 5, ""threshold"": 0.1}}","{""error_rate"": {""min_instances"": 5, ""threshold"": 0.1}}",0.1,0.005,0.15,5,0.05,0.005,0.1,30,,,,-1,two_stage,2,0.5,"__confirm_cooldown=200,__confirm_rule=perm_test,__perm_alpha=0.03,__perm_min_effect=0,__perm_n_perm=200,__perm_post_n=10,__perm_pre_n=500,__perm_rng_seed=0,__perm_side=two_sided,__perm_stat=vote_score,divergence=0.3,error_rate=0.5,teacher_entropy=0.2",3,0,200,0.0,0,10000,10.0,25.0,200,500,1,8,1.0,0.8020833333333334,0.5079835595034624,0.16666666666666666,0.3454457223415375,0.009792941622436047,0,0,30,29,-1,perm_test,0.004975124378109453,0.43743042939702104,29,29,0,0.0,0.00477744871750474,0,0.0,0.0,0.0,0.0,0,none,0,1,0,overconfident,0.95,0,mild_drift,0.9620225749288778,0.0012700880458278744,0.8119256798297836,0.8605425141992028,1768237752.5779715,0.4863421618938446,0.14287689328193665
154,9856,9855,sea_nodrift,sea,ts_drift_adapt,1,"error_divergence_ph_meta@error.threshold=0.10,error.min_instances=5",error_divergence_ph_meta,"{""divergence"": {""alpha"": 0.1, ""delta"": 0.005, ""min_instances"": 30, ""threshold"": 0.05}, ""error_rate"": {""alpha"": 0.15, ""delta"": 0.005, ""min_instances"": 5, ""threshold"": 0.1}}","{""error_rate"": {""min_instances"": 5, ""threshold"": 0.1}}",0.1,0.005,0.15,5,0.05,0.005,0.1,30,,,,-1,two_stage,2,0.5,"__confirm_cooldown=200,__confirm_rule=perm_test,__perm_alpha=0.03,__perm_min_effect=0,__perm_n_perm=200,__perm_post_n=10,__perm_pre_n=500,__perm_rng_seed=0,__perm_side=two_sided,__perm_stat=vote_score,divergence=0.3,error_rate=0.5,teacher_entropy=0.2",3,0,200,0.0,0,10000,10.0,25.0,200,500,0,0,1.0,0.8026582792207793,0.5093780084953461,0.0,0.33878394961357117,0.006163443438708782,0,0,30,29,-1,perm_test,0.004975124378109453,0.43743042939702104,29,29,0,0.0,0.16666666666666666,0,0.0,0.0,0.0,0.0,0,none,0,1,0,overconfident,0.95,0,mild_drift,0.9611612874644389,0.0012850440229139372,0.8059628399148918,0.8577712570996014,1768237752.5877028,0.21379651129245758,0.09899549931287766
155,9920,9919,sea_nodrift,sea,ts_drift_adapt,1,"error_divergence_ph_meta@error.threshold=0.10,error.min_instances=5",error_divergence_ph_meta,"{""divergence"": {""alpha"": 0.1, ""delta"": 0.005, ""min_instances"": 30, ""threshold"": 0.05}, ""error_rate"": {""alpha"": 0.15, ""delta"": 0.005, ""min_instances"": 5, ""threshold"": 0.1}}","{""error_rate"": {""min_instances"": 5, ""threshold"": 0.1}}",0.1,0.005,0.15,5,0.05,0.005,0.1,30,,,,-1,two_stage,2,0.5,"__confirm_cooldown=200,__confirm_rule=perm_test,__perm_alpha=0.03,__perm_min_effect=0,__perm_n_perm=200,__perm_post_n=10,__perm_pre_n=500,__perm_rng_seed=0,__perm_side=two_sided,__perm_stat=vote_score,divergence=0.3,error_rate=0.5,teacher_entropy=0.2",3,0,200,0.0,0,10000,10.0,25.0,200,500,0,0,1.0,0.8028225806451613,0.5096814781361654,0.16666666666666666,0.4006652235984802,0.0058932434767484665,1,1,31,30,0,perm_test,0.004975124378109453,0.44718968032657325,30,30,0,0.0,0.16666666666666666,1,0.5,0.0,0.0,0.0,0,none,1,1,0,overconfident,0.95,0,stable,0.9755806437322194,0.0010425220114569686,0.902981419957446,0.9013856285498008,1768237752.6043682,0.7042251229286194,0.09181207418441772
156,9984,9983,sea_nodrift,sea,ts_drift_adapt,1,"error_divergence_ph_meta@error.threshold=0.10,error.min_instances=5",error_divergence_ph_meta,"{""divergence"": {""alpha"": 0.1, ""delta"": 0.005, ""min_instances"": 30, ""threshold"": 0.05}, ""error_rate"": {""alpha"": 0.15, ""delta"": 0.005, ""min_instances"": 5, ""threshold"": 0.1}}","{""error_rate"": {""min_instances"": 5, ""threshold"": 0.1}}",0.1,0.005,0.15,5,0.05,0.005,0.1,30,,,,-1,two_stage,2,0.5,"__confirm_cooldown=200,__confirm_rule=perm_test,__perm_alpha=0.03,__perm_min_effect=0,__perm_n_perm=200,__perm_post_n=10,__perm_pre_n=500,__perm_rng_seed=0,__perm_side=two_sided,__perm_stat=vote_score,divergence=0.3,error_rate=0.5,teacher_entropy=0.2",3,0,200,0.0,0,10000,10.0,25.0,200,500,1,136,1.0,0.8032852564102564,0.5107536472957782,0.0,0.36529314517974854,0.0073680332861840725,0,0,31,30,-1,perm_test,0.004975124378109453,0.44718968032657325,30,30,0,0.0,0.16666666666666666,0,0.0,0.0,0.0,0.0,0,none,0,1,0,overconfident,0.95,0,mild_drift,0.9679403218661097,0.0011712610057284844,0.851490709978723,0.8781928142749004,1768237752.6141639,0.18808184564113617,0.08338642865419388
157,10048,10047,sea_nodrift,sea,ts_drift_adapt,1,"error_divergence_ph_meta@error.threshold=0.10,error.min_instances=5",error_divergence_ph_meta,"{""divergence"": {""alpha"": 0.1, ""delta"": 0.005, ""min_instances"": 30, ""threshold"": 0.05}, ""error_rate"": {""alpha"": 0.15, ""delta"": 0.005, ""min_instances"": 5, ""threshold"": 0.1}}","{""error_rate"": {""min_instances"": 5, ""threshold"": 0.1}}",0.1,0.005,0.15,5,0.05,0.005,0.1,30,,,,-1,two_stage,2,0.5,"__confirm_cooldown=200,__confirm_rule=perm_test,__perm_alpha=0.03,__perm_min_effect=0,__perm_n_perm=200,__perm_post_n=10,__perm_pre_n=500,__perm_rng_seed=0,__perm_side=two_sided,__perm_stat=vote_score,divergence=0.3,error_rate=0.5,teacher_entropy=0.2",3,0,200,0.0,0,10000,10.0,25.0,200,500,1,72,1.0,0.8031449044585988,0.510425924979847,0.16666666666666666,0.4236398935317993,0.00811997801065445,0,0,31,30,-1,perm_test,0.004975124378109453,0.44718968032657325,30,30,0,0.0,0.16666666666666666,0,0.0,0.0,0.0,0.0,0,none,0,1,0,overconfident,0.95,0,mild_drift,0.9641201609330547,0.0012356305028642421,0.8257453549893615,0.8665964071374501,1768237752.6236405,0.4817871153354645,0.09969576448202133
158,10112,10111,sea_nodrift,sea,ts_drift_adapt,1,"error_divergence_ph_meta@error.threshold=0.10,error.min_instances=5",error_divergence_ph_meta,"{""divergence"": {""alpha"": 0.1, ""delta"": 0.005, ""min_instances"": 30, ""threshold"": 0.05}, ""error_rate"": {""alpha"": 0.15, ""delta"": 0.005, ""min_instances"": 5, ""threshold"": 0.1}}","{""error_rate"": {""min_instances"": 5, ""threshold"": 0.1}}",0.1,0.005,0.15,5,0.05,0.005,0.1,30,,,,-1,two_stage,2,0.5,"__confirm_cooldown=200,__confirm_rule=perm_test,__perm_alpha=0.03,__perm_min_effect=0,__perm_n_perm=200,__perm_post_n=10,__perm_pre_n=500,__perm_rng_seed=0,__perm_side=two_sided,__perm_stat=vote_score,divergence=0.3,error_rate=0.5,teacher_entropy=0.2",3,0,200,0.0,0,10000,10.0,25.0,200,500,1,8,1.0,0.8037974683544303,0.5120798980218159,0.0,0.3177209496498108,0.005937674548476934,0,0,31,30,-1,perm_test,0.004975124378109453,0.44718968032657325,30,30,0,0.0,0.16666666666666666,0,0.0,0.0,0.0,0.0,0,none,0,1,0,overconfident,0.95,0,mild_drift,0.9622100804665273,0.001267815251432121,0.8128726774946808,0.860798203568725,1768237752.6333094,0.17611479759216309,0.10609857738018036
159,10176,10175,sea_nodrift,sea,ts_drift_adapt,1,"error_divergence_ph_meta@error.threshold=0.10,error.min_instances=5",error_divergence_ph_meta,"{""divergence"": {""alpha"": 0.1, ""delta"": 0.005, ""min_instances"": 30, ""threshold"": 0.05}, ""error_rate"": {""alpha"": 0.15, ""delta"": 0.005, ""min_instances"": 5, ""threshold"": 0.1}}","{""error_rate"": {""min_instances"": 5, ""threshold"": 0.1}}",0.1,0.005,0.15,5,0.05,0.005,0.1,30,,,,-1,two_stage,2,0.5,"__confirm_cooldown=200,__confirm_rule=perm_test,__perm_alpha=0.03,__perm_min_effect=0,__perm_n_perm=200,__perm_post_n=10,__perm_pre_n=500,__perm_rng_seed=0,__perm_side=two_sided,__perm_stat=vote_score,divergence=0.3,error_rate=0.5,teacher_entropy=0.2",3,0,200,0.0,0,10000,10.0,25.0,200,500,0,0,1.0,0.8039504716981132,0.5122520803583552,0.16666666666666666,0.3350085914134979,0.006085957400500774,0,0,31,30,-1,perm_test,0.004975124378109453,0.44718968032657325,30,30,0,0.0,0.16666666666666666,0,0.0,0.0,0.0,0.0,0,none,0,1,0,overconfident,0.95,0,mild_drift,0.9612550402332636,0.0012839076257160605,0.8064363387473404,0.8578991017843625,1768237752.6430438,0.34962785243988037,0.08620935678482056
160,10240,10239,sea_nodrift,sea,ts_drift_adapt,1,"error_divergence_ph_meta@error.threshold=0.10,error.min_instances=5",error_divergence_ph_meta,"{""divergence"": {""alpha"": 0.1, ""delta"": 0.005, ""min_instances"": 30, ""threshold"": 0.05}, ""error_rate"": {""alpha"": 0.15, ""delta"": 0.005, ""min_instances"": 5, ""threshold"": 0.1}}","{""error_rate"": {""min_instances"": 5, ""threshold"": 0.1}}",0.1,0.005,0.15,5,0.05,0.005,0.1,30,,,,-1,two_stage,2,0.5,"__confirm_cooldown=200,__confirm_rule=perm_test,__perm_alpha=0.03,__perm_min_effect=0,__perm_n_perm=200,__perm_post_n=10,__perm_pre_n=500,__perm_rng_seed=0,__perm_side=two_sided,__perm_stat=vote_score,divergence=0.3,error_rate=0.5,teacher_entropy=0.2",3,0,200,0.0,0,10000,10.0,25.0,200,500,0,0,1.0,0.80400390625,0.5125428713740185,0.0,0.3154861330986023,0.00518315564841032,1,1,32,31,0,perm_test,0.004975124378109453,0.44034465070782564,31,31,0,0.16666666666666666,0.16666666666666666,1,0.5,0.0,0.0,0.0,0,none,1,1,0,overconfident,0.95,0,severe_drift,0.9261275201166318,0.0016419538128580303,0.6532181693736703,0.8339495508921813,1768237752.6592863,0.133523091673851,0.08557043969631195
161,10304,10303,sea_nodrift,sea,ts_drift_adapt,1,"error_divergence_ph_meta@error.threshold=0.10,error.min_instances=5",error_divergence_ph_meta,"{""divergence"": {""alpha"": 0.1, ""delta"": 0.005, ""min_instances"": 30, ""threshold"": 0.05}, ""error_rate"": {""alpha"": 0.15, ""delta"": 0.005, ""min_instances"": 5, ""threshold"": 0.1}}","{""error_rate"": {""min_instances"": 5, ""threshold"": 0.1}}",0.1,0.005,0.15,5,0.05,0.005,0.1,30,,,,-1,two_stage,2,0.5,"__confirm_cooldown=200,__confirm_rule=perm_test,__perm_alpha=0.03,__perm_min_effect=0,__perm_n_perm=200,__perm_post_n=10,__perm_pre_n=500,__perm_rng_seed=0,__perm_side=two_sided,__perm_stat=vote_score,divergence=0.3,error_rate=0.5,teacher_entropy=0.2",3,0,200,0.0,0,10000,10.0,25.0,200,500,1,136,1.0,0.8041537267080745,0.5130085570180658,0.0,0.3263145983219147,0.0074808550998568535,0,0,32,31,-1,perm_test,0.004975124378109453,0.44034465070782564,31,31,0,0.0,0.002297699451446533,0,0.0,0.0,0.0,0.0,0,none,0,1,0,overconfident,0.95,0,mild_drift,0.9432137600583159,0.0014709769064290153,0.7266090846868352,0.8444747754460906,1768237752.6689987,0.058237224817276,0.1035536676645279
162,10368,10367,sea_nodrift,sea,ts_drift_adapt,1,"error_divergence_ph_meta@error.threshold=0.10,error.min_instances=5",error_divergence_ph_meta,"{""divergence"": {""alpha"": 0.1, ""delta"": 0.005, ""min_instances"": 30, ""threshold"": 0.05}, ""error_rate"": {""alpha"": 0.15, ""delta"": 0.005, ""min_instances"": 5, ""threshold"": 0.1}}","{""error_rate"": {""min_instances"": 5, ""threshold"": 0.1}}",0.1,0.005,0.15,5,0.05,0.005,0.1,30,,,,-1,two_stage,2,0.5,"__confirm_cooldown=200,__confirm_rule=perm_test,__perm_alpha=0.03,__perm_min_effect=0,__perm_n_perm=200,__perm_post_n=10,__perm_pre_n=500,__perm_rng_seed=0,__perm_side=two_sided,__perm_stat=vote_score,divergence=0.3,error_rate=0.5,teacher_entropy=0.2",3,0,200,0.0,0,10000,10.0,25.0,200,500,1,72,1.0,0.8041087962962963,0.512941348884614,0.3333333333333333,0.331662118434906,0.008200463838875294,0,0,32,31,-1,perm_test,0.004975124378109453,0.44034465070782564,31,31,0,0.0,0.3333333333333333,0,0.0,0.0,0.0,0.0,0,none,0,1,0,overconfident,0.95,0,mild_drift,0.9517568800291579,0.0013854884532145078,0.7633045423434176,0.8497373877230453,1768237752.6786344,0.47650620341300964,0.10113264620304108
163,10432,10431,sea_nodrift,sea,ts_drift_adapt,1,"error_divergence_ph_meta@error.threshold=0.10,error.min_instances=5",error_divergence_ph_meta,"{""divergence"": {""alpha"": 0.1, ""delta"": 0.005, ""min_instances"": 30, ""threshold"": 0.05}, ""error_rate"": {""alpha"": 0.15, ""delta"": 0.005, ""min_instances"": 5, ""threshold"": 0.1}}","{""error_rate"": {""min_instances"": 5, ""threshold"": 0.1}}",0.1,0.005,0.15,5,0.05,0.005,0.1,30,,,,-1,two_stage,2,0.5,"__confirm_cooldown=200,__confirm_rule=perm_test,__perm_alpha=0.03,__perm_min_effect=0,__perm_n_perm=200,__perm_post_n=10,__perm_pre_n=500,__perm_rng_seed=0,__perm_side=two_sided,__perm_stat=vote_score,divergence=0.3,error_rate=0.5,teacher_entropy=0.2",3,0,200,0.0,0,10000,10.0,25.0,200,500,1,8,1.0,0.8044478527607362,0.5139135920999993,0.0,0.32596179842948914,0.004527254495769739,0,0,32,31,-1,perm_test,0.004975124378109453,0.44034465070782564,31,31,0,0.0,0.3333333333333333,0,0.0,0.0,0.0,0.0,0,none,0,1,0,overconfident,0.95,0,mild_drift,0.9560284400145789,0.0013427442266072541,0.7816522711717089,0.8523686938615227,1768237752.688203,0.04475032165646553,0.07412492483854294
164,10496,10495,sea_nodrift,sea,ts_drift_adapt,1,"error_divergence_ph_meta@error.threshold=0.10,error.min_instances=5",error_divergence_ph_meta,"{""divergence"": {""alpha"": 0.1, ""delta"": 0.005, ""min_instances"": 30, ""threshold"": 0.05}, ""error_rate"": {""alpha"": 0.15, ""delta"": 0.005, ""min_instances"": 5, ""threshold"": 0.1}}","{""error_rate"": {""min_instances"": 5, ""threshold"": 0.1}}",0.1,0.005,0.15,5,0.05,0.005,0.1,30,,,,-1,two_stage,2,0.5,"__confirm_cooldown=200,__confirm_rule=perm_test,__perm_alpha=0.03,__perm_min_effect=0,__perm_n_perm=200,__perm_post_n=10,__perm_pre_n=500,__perm_rng_seed=0,__perm_side=two_sided,__perm_stat=vote_score,divergence=0.3,error_rate=0.5,teacher_entropy=0.2",3,0,200,0.0,0,10000,10.0,25.0,200,500,0,0,1.0,0.8045922256097561,0.5143158330004034,0.16666666666666666,0.31654733419418335,0.004257225897163153,0,0,32,31,-1,perm_test,0.004975124378109453,0.44034465070782564,31,31,0,0.0,0.16666666666666666,0,0.0,0.0,0.0,0.0,0,none,0,1,0,overconfident,0.95,0,mild_drift,0.9581642200072894,0.0013213721133036272,0.7908261355858545,0.8536843469307613,1768237752.6978903,0.15427470207214355,0.07719958573579788
165,10560,10559,sea_nodrift,sea,ts_drift_adapt,1,"error_divergence_ph_meta@error.threshold=0.10,error.min_instances=5",error_divergence_ph_meta,"{""divergence"": {""alpha"": 0.1, ""delta"": 0.005, ""min_instances"": 30, ""threshold"": 0.05}, ""error_rate"": {""alpha"": 0.15, ""delta"": 0.005, ""min_instances"": 5, ""threshold"": 0.1}}","{""error_rate"": {""min_instances"": 5, ""threshold"": 0.1}}",0.1,0.005,0.15,5,0.05,0.005,0.1,30,,,,-1,two_stage,2,0.5,"__confirm_cooldown=200,__confirm_rule=perm_test,__perm_alpha=0.03,__perm_min_effect=0,__perm_n_perm=200,__perm_post_n=10,__perm_pre_n=500,__perm_rng_seed=0,__perm_side=two_sided,__perm_stat=vote_score,divergence=0.3,error_rate=0.5,teacher_entropy=0.2",3,0,200,0.0,0,10000,10.0,25.0,200,500,0,0,1.0,0.8048295454545454,0.5151574773154446,0.0,0.3121946454048157,0.004121267236769199,1,1,33,32,0,perm_test,0.004975124378109453,0.4259186790070305,32,32,0,0.0,0.16666666666666666,1,0.5,0.0,0.0,0.0,0,none,1,1,0,overconfident,0.95,0,stable,0.9740821100036448,0.0010606860566518136,0.8954130677929273,0.8993421734653807,1768237752.7143452,0.19452820718288422,0.07157696038484573
166,10624,10623,sea_nodrift,sea,ts_drift_adapt,1,"error_divergence_ph_meta@error.threshold=0.10,error.min_instances=5",error_divergence_ph_meta,"{""divergence"": {""alpha"": 0.1, ""delta"": 0.005, ""min_instances"": 30, ""threshold"": 0.05}, ""error_rate"": {""alpha"": 0.15, ""delta"": 0.005, ""min_instances"": 5, ""threshold"": 0.1}}","{""error_rate"": {""min_instances"": 5, ""threshold"": 0.1}}",0.1,0.005,0.15,5,0.05,0.005,0.1,30,,,,-1,two_stage,2,0.5,"__confirm_cooldown=200,__confirm_rule=perm_test,__perm_alpha=0.03,__perm_min_effect=0,__perm_n_perm=200,__perm_post_n=10,__perm_pre_n=500,__perm_rng_seed=0,__perm_side=two_sided,__perm_stat=vote_score,divergence=0.3,error_rate=0.5,teacher_entropy=0.2",3,0,200,0.0,0,10000,10.0,25.0,200,500,1,136,1.0,0.8047816265060241,0.5148187406447455,0.16666666666666666,0.30165642499923706,0.0064612869173288345,0,0,33,32,-1,perm_test,0.004975124378109453,0.4259186790070305,32,32,0,0.0,0.16666666666666666,0,0.0,0.0,0.0,0.0,0,none,0,1,0,overconfident,0.95,0,mild_drift,0.9671910550018223,0.0011803430283259069,0.8477065338964637,0.8771710867326903,1768237752.7241614,0.216633602976799,0.07015430927276611
167,10688,10687,sea_nodrift,sea,ts_drift_adapt,1,"error_divergence_ph_meta@error.threshold=0.10,error.min_instances=5",error_divergence_ph_meta,"{""divergence"": {""alpha"": 0.1, ""delta"": 0.005, ""min_instances"": 30, ""threshold"": 0.05}, ""error_rate"": {""alpha"": 0.15, ""delta"": 0.005, ""min_instances"": 5, ""threshold"": 0.1}}","{""error_rate"": {""min_instances"": 5, ""threshold"": 0.1}}",0.1,0.005,0.15,5,0.05,0.005,0.1,30,,,,-1,two_stage,2,0.5,"__confirm_cooldown=200,__confirm_rule=perm_test,__perm_alpha=0.03,__perm_min_effect=0,__perm_n_perm=200,__perm_post_n=10,__perm_pre_n=500,__perm_rng_seed=0,__perm_side=two_sided,__perm_stat=vote_score,divergence=0.3,error_rate=0.5,teacher_entropy=0.2",3,0,200,0.0,0,10000,10.0,25.0,200,500,1,72,1.0,0.8046407185628742,0.5143491148468882,0.5,0.367611825466156,0.008513352833688259,0,0,33,32,-1,perm_test,0.004975124378109453,0.4259186790070305,32,32,0,0.0,0.33333333333333337,0,0.0,0.0,0.0,0.0,0,none,0,1,0,overconfident,0.95,0,mild_drift,0.9637455275009111,0.0012401715141629535,0.8238532669482319,0.8660855433663451,1768237752.7337008,0.7537170052528381,0.07652001827955246
168,10752,10751,sea_nodrift,sea,ts_drift_adapt,1,"error_divergence_ph_meta@error.threshold=0.10,error.min_instances=5",error_divergence_ph_meta,"{""divergence"": {""alpha"": 0.1, ""delta"": 0.005, ""min_instances"": 30, ""threshold"": 0.05}, ""error_rate"": {""alpha"": 0.15, ""delta"": 0.005, ""min_instances"": 5, ""threshold"": 0.1}}","{""error_rate"": {""min_instances"": 5, ""threshold"": 0.1}}",0.1,0.005,0.15,5,0.05,0.005,0.1,30,,,,-1,two_stage,2,0.5,"__confirm_cooldown=200,__confirm_rule=perm_test,__perm_alpha=0.03,__perm_min_effect=0,__perm_n_perm=200,__perm_post_n=10,__perm_pre_n=500,__perm_rng_seed=0,__perm_side=two_sided,__perm_stat=vote_score,divergence=0.3,error_rate=0.5,teacher_entropy=0.2",3,0,200,0.0,0,10000,10.0,25.0,200,500,1,8,1.0,0.8045944940476191,0.5139738306947156,0.0,0.3623344302177429,0.010973264463245869,0,0,33,32,-1,perm_test,0.004975124378109453,0.4259186790070305,32,32,0,0.0,0.5,0,0.0,0.0,0.0,0.0,0,none,0,1,0,overconfident,0.95,0,mild_drift,0.9620227637504555,0.0012700857570814767,0.811926633474116,0.8605427716831726,1768237752.7433228,0.10804787278175354,0.11823360621929169
169,10816,10815,sea_nodrift,sea,ts_drift_adapt,1,"error_divergence_ph_meta@error.threshold=0.10,error.min_instances=5",error_divergence_ph_meta,"{""divergence"": {""alpha"": 0.1, ""delta"": 0.005, ""min_instances"": 30, ""threshold"": 0.05}, ""error_rate"": {""alpha"": 0.15, ""delta"": 0.005, ""min_instances"": 5, ""threshold"": 0.1}}","{""error_rate"": {""min_instances"": 5, ""threshold"": 0.1}}",0.1,0.005,0.15,5,0.05,0.005,0.1,30,,,,-1,two_stage,2,0.5,"__confirm_cooldown=200,__confirm_rule=perm_test,__perm_alpha=0.03,__perm_min_effect=0,__perm_n_perm=200,__perm_post_n=10,__perm_pre_n=500,__perm_rng_seed=0,__perm_side=two_sided,__perm_stat=vote_score,divergence=0.3,error_rate=0.5,teacher_entropy=0.2",3,0,200,0.0,0,10000,10.0,25.0,200,500,0,0,1.0,0.805103550295858,0.5152469086639732,0.16666666666666666,0.31332576274871826,0.0073690214194357395,0,0,33,32,-1,perm_test,0.004975124378109453,0.4259186790070305,32,32,0,0.0,0.16666666666666666,0,0.0,0.0,0.0,0.0,0,none,0,1,0,overconfident,0.95,0,mild_drift,0.9611613818752277,0.0012850428785407386,0.805963316737058,0.8577713858415863,1768237752.7531455,0.40181562304496765,0.07229886949062347
170,10880,10879,sea_nodrift,sea,ts_drift_adapt,1,"error_divergence_ph_meta@error.threshold=0.10,error.min_instances=5",error_divergence_ph_meta,"{""divergence"": {""alpha"": 0.1, ""delta"": 0.005, ""min_instances"": 30, ""threshold"": 0.05}, ""error_rate"": {""alpha"": 0.15, ""delta"": 0.005, ""min_instances"": 5, ""threshold"": 0.1}}","{""error_rate"": {""min_instances"": 5, ""threshold"": 0.1}}",0.1,0.005,0.15,5,0.05,0.005,0.1,30,,,,-1,two_stage,2,0.5,"__confirm_cooldown=200,__confirm_rule=perm_test,__perm_alpha=0.03,__perm_min_effect=0,__perm_n_perm=200,__perm_post_n=10,__perm_pre_n=500,__perm_rng_seed=0,__perm_side=two_sided,__perm_stat=vote_score,divergence=0.3,error_rate=0.5,teacher_entropy=0.2",3,0,200,0.0,0,10000,10.0,25.0,200,500,0,0,1.0,0.8056066176470589,0.5169833727520959,0.0,0.33361151814460754,0.010605559684336185,1,1,34,33,0,perm_test,0.004975124378109453,0.43044246241023243,33,33,0,0.0,0.16666666666666666,1,0.5,0.0,0.0,0.0,0,none,1,1,0,overconfident,0.95,0,stable,0.9755806909376139,0.0010425214392703692,0.9029816583685291,0.9013856929207932,1768237752.769605,0.17650848627090454,0.09715908020734787
171,10944,10943,sea_nodrift,sea,ts_drift_adapt,1,"error_divergence_ph_meta@error.threshold=0.10,error.min_instances=5",error_divergence_ph_meta,"{""divergence"": {""alpha"": 0.1, ""delta"": 0.005, ""min_instances"": 30, ""threshold"": 0.05}, ""error_rate"": {""alpha"": 0.15, ""delta"": 0.005, ""min_instances"": 5, ""threshold"": 0.1}}","{""error_rate"": {""min_instances"": 5, ""threshold"": 0.1}}",0.1,0.005,0.15,5,0.05,0.005,0.1,30,,,,-1,two_stage,2,0.5,"__confirm_cooldown=200,__confirm_rule=perm_test,__perm_alpha=0.03,__perm_min_effect=0,__perm_n_perm=200,__perm_post_n=10,__perm_pre_n=500,__perm_rng_seed=0,__perm_side=two_sided,__perm_stat=vote_score,divergence=0.3,error_rate=0.5,teacher_entropy=0.2",3,0,200,0.0,0,10000,10.0,25.0,200,500,1,136,1.0,0.8056469298245614,0.5173803616691597,0.0,0.3061217665672302,0.006077608093619347,0,0,34,33,-1,perm_test,0.004975124378109453,0.43044246241023243,33,33,0,0.0,0.004527951590716839,0,0.0,0.0,0.0,0.0,0,none,0,1,0,overconfident,0.95,0,mild_drift,0.9679403454688069,0.0011712607196351847,0.8514908291842646,0.8781928464603965,1768237752.7792084,0.2095268964767456,0.0624631866812706
172,11008,11007,sea_nodrift,sea,ts_drift_adapt,1,"error_divergence_ph_meta@error.threshold=0.10,error.min_instances=5",error_divergence_ph_meta,"{""divergence"": {""alpha"": 0.1, ""delta"": 0.005, ""min_instances"": 30, ""threshold"": 0.05}, ""error_rate"": {""alpha"": 0.15, ""delta"": 0.005, ""min_instances"": 5, ""threshold"": 0.1}}","{""error_rate"": {""min_instances"": 5, ""threshold"": 0.1}}",0.1,0.005,0.15,5,0.05,0.005,0.1,30,,,,-1,two_stage,2,0.5,"__confirm_cooldown=200,__confirm_rule=perm_test,__perm_alpha=0.03,__perm_min_effect=0,__perm_n_perm=200,__perm_post_n=10,__perm_pre_n=500,__perm_rng_seed=0,__perm_side=two_sided,__perm_stat=vote_score,divergence=0.3,error_rate=0.5,teacher_entropy=0.2",3,0,200,0.0,0,10000,10.0,25.0,200,500,1,72,1.0,0.8054142441860465,0.5168796510489319,0.0,0.3405018746852875,0.004668064881116152,0,0,34,33,-1,perm_test,0.004975124378109453,0.43044246241023243,33,33,0,0.0,0.0014095432125031948,0,0.0,0.0,0.0,0.0,0,none,0,1,0,overconfident,0.95,0,mild_drift,0.9641201727344034,0.0012356303598175925,0.8257454145921324,0.8665964232301983,1768237752.7886076,0.1216813251376152,0.06563021242618561
173,11072,11071,sea_nodrift,sea,ts_drift_adapt,1,"error_divergence_ph_meta@error.threshold=0.10,error.min_instances=5",error_divergence_ph_meta,"{""divergence"": {""alpha"": 0.1, ""delta"": 0.005, ""min_instances"": 30, ""threshold"": 0.05}, ""error_rate"": {""alpha"": 0.15, ""delta"": 0.005, ""min_instances"": 5, ""threshold"": 0.1}}","{""error_rate"": {""min_instances"": 5, ""threshold"": 0.1}}",0.1,0.005,0.15,5,0.05,0.005,0.1,30,,,,-1,two_stage,2,0.5,"__confirm_cooldown=200,__confirm_rule=perm_test,__perm_alpha=0.03,__perm_min_effect=0,__perm_n_perm=200,__perm_post_n=10,__perm_pre_n=500,__perm_rng_seed=0,__perm_side=two_sided,__perm_stat=vote_score,divergence=0.3,error_rate=0.5,teacher_entropy=0.2",3,0,200,0.0,0,10000,10.0,25.0,200,500,1,8,1.0,0.805635838150289,0.5175496754715662,0.3333333333333333,0.3107953369617462,0.005064498167484999,0,0,34,33,-1,perm_test,0.004975124378109453,0.43044246241023243,33,33,0,0.0,0.3333333333333333,0,0.0,0.0,0.0,0.0,0,none,0,1,0,overconfident,0.95,0,mild_drift,0.9622100863672016,0.0012678151799087965,0.8128727072960662,0.8607982116150992,1768237752.7982593,0.6086863875389099,0.0747971162199974
174,11136,11135,sea_nodrift,sea,ts_drift_adapt,1,"error_divergence_ph_meta@error.threshold=0.10,error.min_instances=5",error_divergence_ph_meta,"{""divergence"": {""alpha"": 0.1, ""delta"": 0.005, ""min_instances"": 30, ""threshold"": 0.05}, ""error_rate"": {""alpha"": 0.15, ""delta"": 0.005, ""min_instances"": 5, ""threshold"": 0.1}}","{""error_rate"": {""min_instances"": 5, ""threshold"": 0.1}}",0.1,0.005,0.15,5,0.05,0.005,0.1,30,,,,-1,two_stage,2,0.5,"__confirm_cooldown=200,__confirm_rule=perm_test,__perm_alpha=0.03,__perm_min_effect=0,__perm_n_perm=200,__perm_post_n=10,__perm_pre_n=500,__perm_rng_seed=0,__perm_side=two_sided,__perm_stat=vote_score,divergence=0.3,error_rate=0.5,teacher_entropy=0.2",3,0,200,0.0,0,10000,10.0,25.0,200,500,0,0,1.0,0.8062140804597702,0.5187176018167677,0.16666666666666666,0.2703021168708801,0.004507412668317556,0,0,34,33,-1,perm_test,0.004975124378109453,0.43044246241023243,33,33,0,0.0,0.16666666666666666,0,0.0,0.0,0.0,0.0,0,none,0,1,0,overconfident,0.95,0,mild_drift,0.9612550431836008,0.0012839075899543982,0.8064363536480331,0.8578991058075496,1768237752.808002,0.44799232482910156,0.06198430061340332
175,11200,11199,sea_nodrift,sea,ts_drift_adapt,1,"error_divergence_ph_meta@error.threshold=0.10,error.min_instances=5",error_divergence_ph_meta,"{""divergence"": {""alpha"": 0.1, ""delta"": 0.005, ""min_instances"": 30, ""threshold"": 0.05}, ""error_rate"": {""alpha"": 0.15, ""delta"": 0.005, ""min_instances"": 5, ""threshold"": 0.1}}","{""error_rate"": {""min_instances"": 5, ""threshold"": 0.1}}",0.1,0.005,0.15,5,0.05,0.005,0.1,30,,,,-1,two_stage,2,0.5,"__confirm_cooldown=200,__confirm_rule=perm_test,__perm_alpha=0.03,__perm_min_effect=0,__perm_n_perm=200,__perm_post_n=10,__perm_pre_n=500,__perm_rng_seed=0,__perm_side=two_sided,__perm_stat=vote_score,divergence=0.3,error_rate=0.5,teacher_entropy=0.2",3,0,200,0.0,0,10000,10.0,25.0,200,500,0,0,1.0,0.8065178571428572,0.519287789160366,0.16666666666666666,0.28477224707603455,0.008459196425974369,1,1,35,34,0,perm_test,0.004975124378109453,0.4214888914773696,34,34,0,0.16666666666666666,0.003951783757656813,1,0.5,0.0,0.0,0.0,0,none,1,1,0,overconfident,0.95,0,severe_drift,0.9261275215918003,0.0016419537949771991,0.6532181768240166,0.8339495529037748,1768237752.8244476,0.48831892013549805,0.07621412724256516
176,11264,11263,sea_nodrift,sea,ts_drift_adapt,1,"error_divergence_ph_meta@error.threshold=0.10,error.min_instances=5",error_divergence_ph_meta,"{""divergence"": {""alpha"": 0.1, ""delta"": 0.005, ""min_instances"": 30, ""threshold"": 0.05}, ""error_rate"": {""alpha"": 0.15, ""delta"": 0.005, ""min_instances"": 5, ""threshold"": 0.1}}","{""error_rate"": {""min_instances"": 5, ""threshold"": 0.1}}",0.1,0.005,0.15,5,0.05,0.005,0.1,30,,,,-1,two_stage,2,0.5,"__confirm_cooldown=200,__confirm_rule=perm_test,__perm_alpha=0.03,__perm_min_effect=0,__perm_n_perm=200,__perm_post_n=10,__perm_pre_n=500,__perm_rng_seed=0,__perm_side=two_sided,__perm_stat=vote_score,divergence=0.3,error_rate=0.5,teacher_entropy=0.2",3,0,200,0.0,0,10000,10.0,25.0,200,500,1,136,1.0,0.8069957386363636,0.5203296492563974,0.16666666666666666,0.35276249051094055,0.009294388815760612,0,0,35,34,-1,perm_test,0.004975124378109453,0.4214888914773696,34,34,0,0.0,0.0008351923897862434,0,0.0,0.0,0.0,0.0,0,none,0,1,0,overconfident,0.95,0,mild_drift,0.9432137607959001,0.0014709768974885996,0.7266090884120083,0.8444747764518874,1768237752.8341112,0.48751410841941833,0.1380023956298828
177,11328,11327,sea_nodrift,sea,ts_drift_adapt,1,"error_divergence_ph_meta@error.threshold=0.10,error.min_instances=5",error_divergence_ph_meta,"{""divergence"": {""alpha"": 0.1, ""delta"": 0.005, ""min_instances"": 30, ""threshold"": 0.05}, ""error_rate"": {""alpha"": 0.15, ""delta"": 0.005, ""min_instances"": 5, ""threshold"": 0.1}}","{""error_rate"": {""min_instances"": 5, ""threshold"": 0.1}}",0.1,0.005,0.15,5,0.05,0.005,0.1,30,,,,-1,two_stage,2,0.5,"__confirm_cooldown=200,__confirm_rule=perm_test,__perm_alpha=0.03,__perm_min_effect=0,__perm_n_perm=200,__perm_post_n=10,__perm_pre_n=500,__perm_rng_seed=0,__perm_side=two_sided,__perm_stat=vote_score,divergence=0.3,error_rate=0.5,teacher_entropy=0.2",3,0,200,0.0,0,10000,10.0,25.0,200,500,1,72,1.0,0.8073799435028248,0.5215571746014541,0.0,0.3181919753551483,0.01293639000505209,0,0,35,34,-1,perm_test,0.004975124378109453,0.4214888914773696,34,34,0,0.0,0.16666666666666666,0,0.0,0.0,0.0,0.0,0,none,0,1,0,overconfident,0.95,0,mild_drift,0.95175688039795,0.0013854884487442998,0.7633045442060042,0.8497373882259437,1768237752.8435793,0.1644815057516098,0.15199796855449677
178,11392,11391,sea_nodrift,sea,ts_drift_adapt,1,"error_divergence_ph_meta@error.threshold=0.10,error.min_instances=5",error_divergence_ph_meta,"{""divergence"": {""alpha"": 0.1, ""delta"": 0.005, ""min_instances"": 30, ""threshold"": 0.05}, ""error_rate"": {""alpha"": 0.15, ""delta"": 0.005, ""min_instances"": 5, ""threshold"": 0.1}}","{""error_rate"": {""min_instances"": 5, ""threshold"": 0.1}}",0.1,0.005,0.15,5,0.05,0.005,0.1,30,,,,-1,two_stage,2,0.5,"__confirm_cooldown=200,__confirm_rule=perm_test,__perm_alpha=0.03,__perm_min_effect=0,__perm_n_perm=200,__perm_post_n=10,__perm_pre_n=500,__perm_rng_seed=0,__perm_side=two_sided,__perm_stat=vote_score,divergence=0.3,error_rate=0.5,teacher_entropy=0.2",3,0,200,0.0,0,10000,10.0,25.0,200,500,1,8,1.0,0.8073209269662921,0.521507097720749,0.16666666666666666,0.3468472957611084,0.012955745682120323,0,0,35,34,-1,perm_test,0.004975124378109453,0.4214888914773696,34,34,0,0.0,0.16666666666666666,0,0.0,0.0,0.0,0.0,0,none,0,1,0,overconfident,0.95,0,mild_drift,0.9560284401989749,0.00134274422437215,0.7816522721030021,0.8523686941129718,1768237752.8532033,0.41999295353889465,0.1445191502571106
179,11456,11455,sea_nodrift,sea,ts_drift_adapt,1,"error_divergence_ph_meta@error.threshold=0.10,error.min_instances=5",error_divergence_ph_meta,"{""divergence"": {""alpha"": 0.1, ""delta"": 0.005, ""min_instances"": 30, ""threshold"": 0.05}, ""error_rate"": {""alpha"": 0.15, ""delta"": 0.005, ""min_instances"": 5, ""threshold"": 0.1}}","{""error_rate"": {""min_instances"": 5, ""threshold"": 0.1}}",0.1,0.005,0.15,5,0.05,0.005,0.1,30,,,,-1,two_stage,2,0.5,"__confirm_cooldown=200,__confirm_rule=perm_test,__perm_alpha=0.03,__perm_min_effect=0,__perm_n_perm=200,__perm_post_n=10,__perm_pre_n=500,__perm_rng_seed=0,__perm_side=two_sided,__perm_stat=vote_score,divergence=0.3,error_rate=0.5,teacher_entropy=0.2",3,0,200,0.0,0,10000,10.0,25.0,200,500,0,0,1.0,0.8076117318435754,0.5220277800241762,0.0,0.3341757655143738,0.010748451575636864,0,0,35,34,-1,perm_test,0.004975124378109453,0.4214888914773696,34,34,0,0.0,0.16666666666666666,0,0.0,0.0,0.0,0.0,0,none,0,1,0,overconfident,0.95,0,mild_drift,0.9581642200994874,0.001321372112186075,0.7908261360515011,0.8536843470564859,1768237752.862911,0.1104438379406929,0.15321911871433258
180,11520,11519,sea_nodrift,sea,ts_drift_adapt,1,"error_divergence_ph_meta@error.threshold=0.10,error.min_instances=5",error_divergence_ph_meta,"{""divergence"": {""alpha"": 0.1, ""delta"": 0.005, ""min_instances"": 30, ""threshold"": 0.05}, ""error_rate"": {""alpha"": 0.15, ""delta"": 0.005, ""min_instances"": 5, ""threshold"": 0.1}}","{""error_rate"": {""min_instances"": 5, ""threshold"": 0.1}}",0.1,0.005,0.15,5,0.05,0.005,0.1,30,,,,-1,two_stage,2,0.5,"__confirm_cooldown=200,__confirm_rule=perm_test,__perm_alpha=0.03,__perm_min_effect=0,__perm_n_perm=200,__perm_post_n=10,__perm_pre_n=500,__perm_rng_seed=0,__perm_side=two_sided,__perm_stat=vote_score,divergence=0.3,error_rate=0.5,teacher_entropy=0.2",3,0,200,0.0,0,10000,10.0,25.0,200,500,0,0,1.0,0.8079861111111111,0.5226863637262735,0.0,0.3316686451435089,0.009152760729193687,1,1,36,35,0,perm_test,0.004975124378109453,0.4213784380844935,35,35,0,0.16666666666666666,0.0015956908464431763,1,0.5,0.0,0.0,0.0,0,none,1,1,0,overconfident,0.95,0,severe_drift,0.9245821100497438,0.0016606860560930375,0.6454130680257506,0.831842173528243,1768237752.8793013,0.06961674243211746,0.13699418306350708
181,11584,11583,sea_nodrift,sea,ts_drift_adapt,1,"error_divergence_ph_meta@error.threshold=0.10,error.min_instances=5",error_divergence_ph_meta,"{""divergence"": {""alpha"": 0.1, ""delta"": 0.005, ""min_instances"": 30, ""threshold"": 0.05}, ""error_rate"": {""alpha"": 0.15, ""delta"": 0.005, ""min_instances"": 5, ""threshold"": 0.1}}","{""error_rate"": {""min_instances"": 5, ""threshold"": 0.1}}",0.1,0.005,0.15,5,0.05,0.005,0.1,30,,,,-1,two_stage,2,0.5,"__confirm_cooldown=200,__confirm_rule=perm_test,__perm_alpha=0.03,__perm_min_effect=0,__perm_n_perm=200,__perm_post_n=10,__perm_pre_n=500,__perm_rng_seed=0,__perm_side=two_sided,__perm_stat=vote_score,divergence=0.3,error_rate=0.5,teacher_entropy=0.2",3,0,200,0.0,0,10000,10.0,25.0,200,500,1,136,1.0,0.8084426795580111,0.5239008130151173,0.0,0.2873145043849945,0.007617514580488205,0,0,36,35,-1,perm_test,0.004975124378109453,0.4213784380844935,35,35,0,0.0,0.0015352461487054825,0,0.0,0.0,0.0,0.0,0,none,0,1,0,overconfident,0.95,0,mild_drift,0.9424410550248719,0.001480343028046519,0.7227065340128753,0.8434210867641214,1768237752.8889894,0.18364952504634857,0.08787661045789719
182,11648,11647,sea_nodrift,sea,ts_drift_adapt,1,"error_divergence_ph_meta@error.threshold=0.10,error.min_instances=5",error_divergence_ph_meta,"{""divergence"": {""alpha"": 0.1, ""delta"": 0.005, ""min_instances"": 30, ""threshold"": 0.05}, ""error_rate"": {""alpha"": 0.15, ""delta"": 0.005, ""min_instances"": 5, ""threshold"": 0.1}}","{""error_rate"": {""min_instances"": 5, ""threshold"": 0.1}}",0.1,0.005,0.15,5,0.05,0.005,0.1,30,,,,-1,two_stage,2,0.5,"__confirm_cooldown=200,__confirm_rule=perm_test,__perm_alpha=0.03,__perm_min_effect=0,__perm_n_perm=200,__perm_post_n=10,__perm_pre_n=500,__perm_rng_seed=0,__perm_side=two_sided,__perm_stat=vote_score,divergence=0.3,error_rate=0.5,teacher_entropy=0.2",3,0,200,0.0,0,10000,10.0,25.0,200,500,1,72,1.0,0.8088942307692307,0.5253006118148379,0.0,0.29901719093322754,0.006962814833968878,0,0,36,35,-1,perm_test,0.004975124378109453,0.4213784380844935,35,35,0,0.0,0.0006546997465193272,0,0.0,0.0,0.0,0.0,0,none,0,1,0,overconfident,0.95,0,mild_drift,0.9513705275124359,0.0013901715140232597,0.7613532670064377,0.8492105433820607,1768237752.8988454,0.0468440055847168,0.08602559566497803
183,11712,11711,sea_nodrift,sea,ts_drift_adapt,1,"error_divergence_ph_meta@error.threshold=0.10,error.min_instances=5",error_divergence_ph_meta,"{""divergence"": {""alpha"": 0.1, ""delta"": 0.005, ""min_instances"": 30, ""threshold"": 0.05}, ""error_rate"": {""alpha"": 0.15, ""delta"": 0.005, ""min_instances"": 5, ""threshold"": 0.1}}","{""error_rate"": {""min_instances"": 5, ""threshold"": 0.1}}",0.1,0.005,0.15,5,0.05,0.005,0.1,30,,,,-1,two_stage,2,0.5,"__confirm_cooldown=200,__confirm_rule=perm_test,__perm_alpha=0.03,__perm_min_effect=0,__perm_n_perm=200,__perm_post_n=10,__perm_pre_n=500,__perm_rng_seed=0,__perm_side=two_sided,__perm_stat=vote_score,divergence=0.3,error_rate=0.5,teacher_entropy=0.2",3,0,200,0.0,0,10000,10.0,25.0,200,500,1,8,1.0,0.8089139344262295,0.5253495956442226,0.0,0.3378385007381439,0.010143321007490158,0,0,36,35,-1,perm_test,0.004975124378109453,0.4213784380844935,35,35,0,0.0,0.0031805061735212803,0,0.0,0.0,0.0,0.0,0,none,0,1,0,overconfident,0.95,0,mild_drift,0.955835263756218,0.0013450857570116298,0.7806766335032189,0.8521052716910303,1768237752.9085796,0.041029881685972214,0.10328501462936401
184,11776,11775,sea_nodrift,sea,ts_drift_adapt,1,"error_divergence_ph_meta@error.threshold=0.10,error.min_instances=5",error_divergence_ph_meta,"{""divergence"": {""alpha"": 0.1, ""delta"": 0.005, ""min_instances"": 30, ""threshold"": 0.05}, ""error_rate"": {""alpha"": 0.15, ""delta"": 0.005, ""min_instances"": 5, ""threshold"": 0.1}}","{""error_rate"": {""min_instances"": 5, ""threshold"": 0.1}}",0.1,0.005,0.15,5,0.05,0.005,0.1,30,,,,-1,two_stage,2,0.5,"__confirm_cooldown=200,__confirm_rule=perm_test,__perm_alpha=0.03,__perm_min_effect=0,__perm_n_perm=200,__perm_post_n=10,__perm_pre_n=500,__perm_rng_seed=0,__perm_side=two_sided,__perm_stat=vote_score,divergence=0.3,error_rate=0.5,teacher_entropy=0.2",3,0,200,0.0,0,10000,10.0,25.0,200,500,0,0,1.0,0.8092730978260869,0.525560410089335,0.16666666666666666,0.2990623414516449,0.010137799195945263,0,0,36,35,-1,perm_test,0.004975124378109453,0.4213784380844935,35,35,0,0.0,0.16666666666666666,0,0.0,0.0,0.0,0.0,0,none,0,1,0,overconfident,0.95,0,mild_drift,0.958067631878109,0.0013225428785058149,0.7903383167516095,0.8535526358455152,1768237752.918342,0.33886125683784485,0.10029822587966919
185,11840,11839,sea_nodrift,sea,ts_drift_adapt,1,"error_divergence_ph_meta@error.threshold=0.10,error.min_instances=5",error_divergence_ph_meta,"{""divergence"": {""alpha"": 0.1, ""delta"": 0.005, ""min_instances"": 30, ""threshold"": 0.05}, ""error_rate"": {""alpha"": 0.15, ""delta"": 0.005, ""min_instances"": 5, ""threshold"": 0.1}}","{""error_rate"": {""min_instances"": 5, ""threshold"": 0.1}}",0.1,0.005,0.15,5,0.05,0.005,0.1,30,,,,-1,two_stage,2,0.5,"__confirm_cooldown=200,__confirm_rule=perm_test,__perm_alpha=0.03,__perm_min_effect=0,__perm_n_perm=200,__perm_post_n=10,__perm_pre_n=500,__perm_rng_seed=0,__perm_side=two_sided,__perm_stat=vote_score,divergence=0.3,error_rate=0.5,teacher_entropy=0.2",3,0,200,0.0,0,10000,10.0,25.0,200,500,0,0,1.0,0.8091216216216216,0.5254401291674557,0.6666666666666666,0.31796759366989136,0.011837285943329334,1,1,37,36,0,perm_test,0.004975124378109453,0.4352110149268318,36,36,0,0.6666666666666666,0.5,1,0.5,0.0,0.0,0.0,0,none,1,1,0,overconfident,0.95,0,severe_drift,0.9245338159390545,0.0016612714392529075,0.6451691583758048,0.8317763179227576,1768237752.9346457,1.4986861944198608,0.12414593994617462
186,11904,11903,sea_nodrift,sea,ts_drift_adapt,1,"error_divergence_ph_meta@error.threshold=0.10,error.min_instances=5",error_divergence_ph_meta,"{""divergence"": {""alpha"": 0.1, ""delta"": 0.005, ""min_instances"": 30, ""threshold"": 0.05}, ""error_rate"": {""alpha"": 0.15, ""delta"": 0.005, ""min_instances"": 5, ""threshold"": 0.1}}","{""error_rate"": {""min_instances"": 5, ""threshold"": 0.1}}",0.1,0.005,0.15,5,0.05,0.005,0.1,30,,,,-1,two_stage,2,0.5,"__confirm_cooldown=200,__confirm_rule=perm_test,__perm_alpha=0.03,__perm_min_effect=0,__perm_n_perm=200,__perm_post_n=10,__perm_pre_n=500,__perm_rng_seed=0,__perm_side=two_sided,__perm_stat=vote_score,divergence=0.3,error_rate=0.5,teacher_entropy=0.2",3,0,200,0.0,0,10000,10.0,25.0,200,500,1,136,1.0,0.8096438172043011,0.5263338002835416,0.16666666666666666,0.2422197461128235,0.005201780702918768,0,0,37,36,-1,perm_test,0.004975124378109453,0.4352110149268318,36,36,0,0.0,0.5,0,0.0,0.0,0.0,0.0,0,none,0,1,0,overconfident,0.95,0,mild_drift,0.9424169079695273,0.0014806357196264538,0.7225845791879024,0.8433881589613788,1768237752.9443438,0.1591482311487198,0.0680963322520256
187,11968,11967,sea_nodrift,sea,ts_drift_adapt,1,"error_divergence_ph_meta@error.threshold=0.10,error.min_instances=5",error_divergence_ph_meta,"{""divergence"": {""alpha"": 0.1, ""delta"": 0.005, ""min_instances"": 30, ""threshold"": 0.05}, ""error_rate"": {""alpha"": 0.15, ""delta"": 0.005, ""min_instances"": 5, ""threshold"": 0.1}}","{""error_rate"": {""min_instances"": 5, ""threshold"": 0.1}}",0.1,0.005,0.15,5,0.05,0.005,0.1,30,,,,-1,two_stage,2,0.5,"__confirm_cooldown=200,__confirm_rule=perm_test,__perm_alpha=0.03,__perm_min_effect=0,__perm_n_perm=200,__perm_post_n=10,__perm_pre_n=500,__perm_rng_seed=0,__perm_side=two_sided,__perm_stat=vote_score,divergence=0.3,error_rate=0.5,teacher_entropy=0.2",3,0,200,0.0,0,10000,10.0,25.0,200,500,1,72,1.0,0.8099097593582888,0.5271801269503437,0.3333333333333333,0.30330371856689453,0.005125124007463455,0,0,37,36,-1,perm_test,0.004975124378109453,0.4352110149268318,36,36,0,0.0,0.16666666666666666,0,0.0,0.0,0.0,0.0,0,none,0,1,0,overconfident,0.95,0,mild_drift,0.9513584539847636,0.001390317859813227,0.7612922895939512,0.8491940794806894,1768237752.9538634,0.60622638463974,0.07603809982538223
188,12032,12031,sea_nodrift,sea,ts_drift_adapt,1,"error_divergence_ph_meta@error.threshold=0.10,error.min_instances=5",error_divergence_ph_meta,"{""divergence"": {""alpha"": 0.1, ""delta"": 0.005, ""min_instances"": 30, ""threshold"": 0.05}, ""error_rate"": {""alpha"": 0.15, ""delta"": 0.005, ""min_instances"": 5, ""threshold"": 0.1}}","{""error_rate"": {""min_instances"": 5, ""threshold"": 0.1}}",0.1,0.005,0.15,5,0.05,0.005,0.1,30,,,,-1,two_stage,2,0.5,"__confirm_cooldown=200,__confirm_rule=perm_test,__perm_alpha=0.03,__perm_min_effect=0,__perm_n_perm=200,__perm_post_n=10,__perm_pre_n=500,__perm_rng_seed=0,__perm_side=two_sided,__perm_stat=vote_score,divergence=0.3,error_rate=0.5,teacher_entropy=0.2",3,0,200,0.0,0,10000,10.0,25.0,200,500,1,8,1.0,0.8100897606382979,0.5277411079568155,0.3333333333333333,0.2924824357032776,0.005222762003540993,0,0,37,36,-1,perm_test,0.004975124378109453,0.4352110149268318,36,36,0,0.0,9.763799607753754e-05,0,0.0,0.0,0.0,0.0,0,none,0,1,0,overconfident,0.95,0,mild_drift,0.9558292269923818,0.0013451589299066135,0.7806461447969757,0.8520970397403447,1768237752.9635413,0.5030581951141357,0.07337921857833862
189,12096,12095,sea_nodrift,sea,ts_drift_adapt,1,"error_divergence_ph_meta@error.threshold=0.10,error.min_instances=5",error_divergence_ph_meta,"{""divergence"": {""alpha"": 0.1, ""delta"": 0.005, ""min_instances"": 30, ""threshold"": 0.05}, ""error_rate"": {""alpha"": 0.15, ""delta"": 0.005, ""min_instances"": 5, ""threshold"": 0.1}}","{""error_rate"": {""min_instances"": 5, ""threshold"": 0.1}}",0.1,0.005,0.15,5,0.05,0.005,0.1,30,,,,-1,two_stage,2,0.5,"__confirm_cooldown=200,__confirm_rule=perm_test,__perm_alpha=0.03,__perm_min_effect=0,__perm_n_perm=200,__perm_post_n=10,__perm_pre_n=500,__perm_rng_seed=0,__perm_side=two_sided,__perm_stat=vote_score,divergence=0.3,error_rate=0.5,teacher_entropy=0.2",3,0,200,0.0,0,10000,10.0,25.0,200,500,0,0,1.0,0.8102678571428571,0.5286281409967009,0.6666666666666666,0.32130610942840576,0.013211442157626152,0,0,37,36,-1,perm_test,0.004975124378109453,0.4352110149268318,36,36,0,0.0,0.3333333333333333,0,0.0,0.0,0.0,0.0,0,none,0,1,0,overconfident,0.95,0,mild_drift,0.9580646134961909,0.0013225794649533067,0.7903230723984879,0.8535485198701723,1768237752.9731426,0.9700241088867188,0.14849893748760223
190,12160,12159,sea_nodrift,sea,ts_drift_adapt,1,"error_divergence_ph_meta@error.threshold=0.10,error.min_instances=5",error_divergence_ph_meta,"{""divergence"": {""alpha"": 0.1, ""delta"": 0.005, ""min_instances"": 30, ""threshold"": 0.05}, ""error_rate"": {""alpha"": 0.15, ""delta"": 0.005, ""min_instances"": 5, ""threshold"": 0.1}}","{""error_rate"": {""min_instances"": 5, ""threshold"": 0.1}}",0.1,0.005,0.15,5,0.05,0.005,0.1,30,,,,-1,two_stage,2,0.5,"__confirm_cooldown=200,__confirm_rule=perm_test,__perm_alpha=0.03,__perm_min_effect=0,__perm_n_perm=200,__perm_post_n=10,__perm_pre_n=500,__perm_rng_seed=0,__perm_side=two_sided,__perm_stat=vote_score,divergence=0.3,error_rate=0.5,teacher_entropy=0.2",3,0,200,0.0,0,10000,10.0,25.0,200,500,0,0,1.0,0.8101973684210526,0.5283909194791444,0.3333333333333333,0.3011035621166229,0.011852514930069447,1,1,38,37,0,perm_test,0.004975124378109453,0.4238309590172276,37,37,0,0.3333333333333333,0.3333333333333333,1,0.5,0.0,0.0,0.0,0,none,1,1,0,overconfident,0.95,0,severe_drift,0.9245323067480955,0.0016612897324766534,0.645161536199244,0.8317742599350861,1768237752.9893837,0.6063578724861145,0.1277468055486679
191,12224,12223,sea_nodrift,sea,ts_drift_adapt,1,"error_divergence_ph_meta@error.threshold=0.10,error.min_instances=5",error_divergence_ph_meta,"{""divergence"": {""alpha"": 0.1, ""delta"": 0.005, ""min_instances"": 30, ""threshold"": 0.05}, ""error_rate"": {""alpha"": 0.15, ""delta"": 0.005, ""min_instances"": 5, ""threshold"": 0.1}}","{""error_rate"": {""min_instances"": 5, ""threshold"": 0.1}}",0.1,0.005,0.15,5,0.05,0.005,0.1,30,,,,-1,two_stage,2,0.5,"__confirm_cooldown=200,__confirm_rule=perm_test,__perm_alpha=0.03,__perm_min_effect=0,__perm_n_perm=200,__perm_post_n=10,__perm_pre_n=500,__perm_rng_seed=0,__perm_side=two_sided,__perm_stat=vote_score,divergence=0.3,error_rate=0.5,teacher_entropy=0.2",3,0,200,0.0,0,10000,10.0,25.0,200,500,1,136,1.0,0.8105366492146597,0.5290839574309011,0.0,0.29372063279151917,0.008734979666769505,0,0,38,37,-1,perm_test,0.004975124378109453,0.4238309590172276,37,37,0,0.0,0.3333333333333333,0,0.0,0.0,0.0,0.0,0,none,0,1,0,overconfident,0.95,0,mild_drift,0.9424161533740477,0.0014806448662383269,0.722580768099622,0.8433871299675431,1768237752.9991655,0.18386691808700562,0.12593816220760345
192,12288,12287,sea_nodrift,sea,ts_drift_adapt,1,"error_divergence_ph_meta@error.threshold=0.10,error.min_instances=5",error_divergence_ph_meta,"{""divergence"": {""alpha"": 0.1, ""delta"": 0.005, ""min_instances"": 30, ""threshold"": 0.05}, ""error_rate"": {""alpha"": 0.15, ""delta"": 0.005, ""min_instances"": 5, ""threshold"": 0.1}}","{""error_rate"": {""min_instances"": 5, ""threshold"": 0.1}}",0.1,0.005,0.15,5,0.05,0.005,0.1,30,,,,-1,two_stage,2,0.5,"__confirm_cooldown=200,__confirm_rule=perm_test,__perm_alpha=0.03,__perm_min_effect=0,__perm_n_perm=200,__perm_post_n=10,__perm_pre_n=500,__perm_rng_seed=0,__perm_side=two_sided,__perm_stat=vote_score,divergence=0.3,error_rate=0.5,teacher_entropy=0.2",3,0,200,0.0,0,10000,10.0,25.0,200,500,1,72,1.0,0.810546875,0.5292875603214972,0.6666666666666666,0.3172664940357208,0.012285137549042702,0,0,38,37,-1,perm_test,0.004975124378109453,0.4238309590172276,37,37,0,0.0,0.6666666666666666,0,0.0,0.0,0.0,0.0,0,none,0,1,0,overconfident,0.95,0,mild_drift,0.9513580766870238,0.0013903224331191636,0.7612903840498111,0.8491935649837715,1768237753.008855,1.01164710521698,0.15569782257080078
193,12352,12351,sea_nodrift,sea,ts_drift_adapt,1,"error_divergence_ph_meta@error.threshold=0.10,error.min_instances=5",error_divergence_ph_meta,"{""divergence"": {""alpha"": 0.1, ""delta"": 0.005, ""min_instances"": 30, ""threshold"": 0.05}, ""error_rate"": {""alpha"": 0.15, ""delta"": 0.005, ""min_instances"": 5, ""threshold"": 0.1}}","{""error_rate"": {""min_instances"": 5, ""threshold"": 0.1}}",0.1,0.005,0.15,5,0.05,0.005,0.1,30,,,,-1,two_stage,2,0.5,"__confirm_cooldown=200,__confirm_rule=perm_test,__perm_alpha=0.03,__perm_min_effect=0,__perm_n_perm=200,__perm_post_n=10,__perm_pre_n=500,__perm_rng_seed=0,__perm_side=two_sided,__perm_stat=vote_score,divergence=0.3,error_rate=0.5,teacher_entropy=0.2",3,0,200,0.0,0,10000,10.0,25.0,200,500,1,8,1.0,0.8112046632124352,0.5315887440007951,0.0,0.2457488626241684,0.01926269568502903,0,0,38,37,-1,perm_test,0.004975124378109453,0.4238309590172276,37,37,0,0.0,0.6666666666666666,0,0.0,0.0,0.0,0.0,0,none,0,1,0,overconfident,0.95,0,mild_drift,0.9558290383435118,0.001345161216559582,0.7806451920249056,0.8520967824918857,1768237753.0185575,0.16798412799835205,0.2297840267419815
194,12416,12415,sea_nodrift,sea,ts_drift_adapt,1,"error_divergence_ph_meta@error.threshold=0.10,error.min_instances=5",error_divergence_ph_meta,"{""divergence"": {""alpha"": 0.1, ""delta"": 0.005, ""min_instances"": 30, ""threshold"": 0.05}, ""error_rate"": {""alpha"": 0.15, ""delta"": 0.005, ""min_instances"": 5, ""threshold"": 0.1}}","{""error_rate"": {""min_instances"": 5, ""threshold"": 0.1}}",0.1,0.005,0.15,5,0.05,0.005,0.1,30,,,,-1,two_stage,2,0.5,"__confirm_cooldown=200,__confirm_rule=perm_test,__perm_alpha=0.03,__perm_min_effect=0,__perm_n_perm=200,__perm_post_n=10,__perm_pre_n=500,__perm_rng_seed=0,__perm_side=two_sided,__perm_stat=vote_score,divergence=0.3,error_rate=0.5,teacher_entropy=0.2",3,0,200,0.0,0,10000,10.0,25.0,200,500,0,0,1.0,0.8116140463917526,0.532458051825262,0.0,0.29431280493736267,0.01753840409219265,0,0,38,37,-1,perm_test,0.004975124378109453,0.4238309590172276,37,37,0,0.0,0.00172429159283638,0,0.0,0.0,0.0,0.0,0,none,0,1,0,overconfident,0.95,0,mild_drift,0.9580645191717558,0.001322580608279791,0.7903225960124528,0.8535483912459428,1768237753.0282166,0.14403286576271057,0.22822906076908112
195,12480,12479,sea_nodrift,sea,ts_drift_adapt,1,"error_divergence_ph_meta@error.threshold=0.10,error.min_instances=5",error_divergence_ph_meta,"{""divergence"": {""alpha"": 0.1, ""delta"": 0.005, ""min_instances"": 30, ""threshold"": 0.05}, ""error_rate"": {""alpha"": 0.15, ""delta"": 0.005, ""min_instances"": 5, ""threshold"": 0.1}}","{""error_rate"": {""min_instances"": 5, ""threshold"": 0.1}}",0.1,0.005,0.15,5,0.05,0.005,0.1,30,,,,-1,two_stage,2,0.5,"__confirm_cooldown=200,__confirm_rule=perm_test,__perm_alpha=0.03,__perm_min_effect=0,__perm_n_perm=200,__perm_post_n=10,__perm_pre_n=500,__perm_rng_seed=0,__perm_side=two_sided,__perm_stat=vote_score,divergence=0.3,error_rate=0.5,teacher_entropy=0.2",3,0,200,0.0,0,10000,10.0,25.0,200,500,0,0,1.0,0.811698717948718,0.5327210015524982,0.3333333333333333,0.3271750509738922,0.019305452704429626,1,1,39,38,0,perm_test,0.004975124378109453,0.4129728211486806,38,38,0,0.0,0.3333333333333333,1,0.5,0.0,0.0,0.0,0,none,1,1,0,overconfident,0.95,0,stable,0.9740322595858779,0.0010612903041398954,0.8951612980062265,0.8992741956229715,1768237753.0445662,0.697338342666626,0.21141327917575836
196,12544,12543,sea_nodrift,sea,ts_drift_adapt,1,"error_divergence_ph_meta@error.threshold=0.10,error.min_instances=5",error_divergence_ph_meta,"{""divergence"": {""alpha"": 0.1, ""delta"": 0.005, ""min_instances"": 30, ""threshold"": 0.05}, ""error_rate"": {""alpha"": 0.15, ""delta"": 0.005, ""min_instances"": 5, ""threshold"": 0.1}}","{""error_rate"": {""min_instances"": 5, ""threshold"": 0.1}}",0.1,0.005,0.15,5,0.05,0.005,0.1,30,,,,-1,two_stage,2,0.5,"__confirm_cooldown=200,__confirm_rule=perm_test,__perm_alpha=0.03,__perm_min_effect=0,__perm_n_perm=200,__perm_post_n=10,__perm_pre_n=500,__perm_rng_seed=0,__perm_side=two_sided,__perm_stat=vote_score,divergence=0.3,error_rate=0.5,teacher_entropy=0.2",3,0,200,0.0,0,10000,10.0,25.0,200,500,1,136,1.0,0.8123405612244898,0.5345189668628676,0.0,0.28796035051345825,0.019750427454710007,0,0,39,38,-1,perm_test,0.004975124378109453,0.4129728211486806,38,38,0,0.0,0.3333333333333333,0,0.0,0.0,0.0,0.0,0,none,0,1,0,overconfident,0.95,0,mild_drift,0.9671661297929389,0.001180645152069948,0.8475806490031133,0.8771370978114857,1768237753.054198,0.10640532523393631,0.19272004067897797
197,12608,12607,sea_nodrift,sea,ts_drift_adapt,1,"error_divergence_ph_meta@error.threshold=0.10,error.min_instances=5",error_divergence_ph_meta,"{""divergence"": {""alpha"": 0.1, ""delta"": 0.005, ""min_instances"": 30, ""threshold"": 0.05}, ""error_rate"": {""alpha"": 0.15, ""delta"": 0.005, ""min_instances"": 5, ""threshold"": 0.1}}","{""error_rate"": {""min_instances"": 5, ""threshold"": 0.1}}",0.1,0.005,0.15,5,0.05,0.005,0.1,30,,,,-1,two_stage,2,0.5,"__confirm_cooldown=200,__confirm_rule=perm_test,__perm_alpha=0.03,__perm_min_effect=0,__perm_n_perm=200,__perm_post_n=10,__perm_pre_n=500,__perm_rng_seed=0,__perm_side=two_sided,__perm_stat=vote_score,divergence=0.3,error_rate=0.5,teacher_entropy=0.2",3,0,200,0.0,0,10000,10.0,25.0,200,500,1,72,1.0,0.8126586294416244,0.5356740855459582,0.16666666666666666,0.2924666702747345,0.019901787862181664,0,0,39,38,-1,perm_test,0.004975124378109453,0.4129728211486806,38,38,0,0.0,0.16666666666666666,0,0.0,0.0,0.0,0.0,0,none,0,1,0,overconfident,0.95,0,mild_drift,0.9637330648964695,0.001240322576034974,0.8237903245015566,0.8660685489057429,1768237753.0637105,0.2838287949562073,0.18750512599945068
198,12672,12671,sea_nodrift,sea,ts_drift_adapt,1,"error_divergence_ph_meta@error.threshold=0.10,error.min_instances=5",error_divergence_ph_meta,"{""divergence"": {""alpha"": 0.1, ""delta"": 0.005, ""min_instances"": 30, ""threshold"": 0.05}, ""error_rate"": {""alpha"": 0.15, ""delta"": 0.005, ""min_instances"": 5, ""threshold"": 0.1}}","{""error_rate"": {""min_instances"": 5, ""threshold"": 0.1}}",0.1,0.005,0.15,5,0.05,0.005,0.1,30,,,,-1,two_stage,2,0.5,"__confirm_cooldown=200,__confirm_rule=perm_test,__perm_alpha=0.03,__perm_min_effect=0,__perm_n_perm=200,__perm_post_n=10,__perm_pre_n=500,__perm_rng_seed=0,__perm_side=two_sided,__perm_stat=vote_score,divergence=0.3,error_rate=0.5,teacher_entropy=0.2",3,0,200,0.0,0,10000,10.0,25.0,200,500,1,8,1.0,0.8129734848484849,0.5361158375871619,0.0,0.2953285574913025,0.012886203825473785,0,0,39,38,-1,perm_test,0.004975124378109453,0.4129728211486806,38,38,0,0.0,0.16666666666666666,0,0.0,0.0,0.0,0.0,0,none,0,1,0,overconfident,0.95,0,mild_drift,0.9620165324482347,0.0012701612880174872,0.8118951622507784,0.8605342744528715,1768237753.073293,0.15459385514259338,0.18661853671073914
199,12736,12735,sea_nodrift,sea,ts_drift_adapt,1,"error_divergence_ph_meta@error.threshold=0.10,error.min_instances=5",error_divergence_ph_meta,"{""divergence"": {""alpha"": 0.1, ""delta"": 0.005, ""min_instances"": 30, ""threshold"": 0.05}, ""error_rate"": {""alpha"": 0.15, ""delta"": 0.005, ""min_instances"": 5, ""threshold"": 0.1}}","{""error_rate"": {""min_instances"": 5, ""threshold"": 0.1}}",0.1,0.005,0.15,5,0.05,0.005,0.1,30,,,,-1,two_stage,2,0.5,"__confirm_cooldown=200,__confirm_rule=perm_test,__perm_alpha=0.03,__perm_min_effect=0,__perm_n_perm=200,__perm_post_n=10,__perm_pre_n=500,__perm_rng_seed=0,__perm_side=two_sided,__perm_stat=vote_score,divergence=0.3,error_rate=0.5,teacher_entropy=0.2",3,0,200,0.0,0,10000,10.0,25.0,200,500,0,0,1.0,0.813285175879397,0.5369575399126373,0.3333333333333333,0.34016868472099304,0.007229621522128582,0,0,39,38,-1,perm_test,0.004975124378109453,0.4129728211486806,38,38,0,0.0,0.3333333333333333,0,0.0,0.0,0.0,0.0,0,none,0,1,0,overconfident,0.95,0,mild_drift,0.9611582662241174,0.0012850806440087435,0.8059475811253892,0.8577671372264357,1768237753.0829449,0.33264198899269104,0.1119692325592041
200,12800,12799,sea_nodrift,sea,ts_drift_adapt,1,"error_divergence_ph_meta@error.threshold=0.10,error.min_instances=5",error_divergence_ph_meta,"{""divergence"": {""alpha"": 0.1, ""delta"": 0.005, ""min_instances"": 30, ""threshold"": 0.05}, ""error_rate"": {""alpha"": 0.15, ""delta"": 0.005, ""min_instances"": 5, ""threshold"": 0.1}}","{""error_rate"": {""min_instances"": 5, ""threshold"": 0.1}}",0.1,0.005,0.15,5,0.05,0.005,0.1,30,,,,-1,two_stage,2,0.5,"__confirm_cooldown=200,__confirm_rule=perm_test,__perm_alpha=0.03,__perm_min_effect=0,__perm_n_perm=200,__perm_post_n=10,__perm_pre_n=500,__perm_rng_seed=0,__perm_side=two_sided,__perm_stat=vote_score,divergence=0.3,error_rate=0.5,teacher_entropy=0.2",3,0,200,0.0,0,10000,10.0,25.0,200,500,0,0,1.0,0.8134375,0.5374320700205426,0.16666666666666666,0.3014853596687317,0.013992870226502419,1,1,40,39,0,perm_test,0.004975124378109453,0.41919383787985326,39,39,0,0.16666666666666666,0.16666666666666666,1,0.5,0.0,0.0,0.0,0,none,1,1,0,overconfident,0.95,0,severe_drift,0.9260791331120587,0.0016425403220043718,0.6529737905626947,0.8338835686132179,1768237753.099218,0.5141653418540955,0.14747387170791626
201,12864,12863,sea_nodrift,sea,ts_drift_adapt,1,"error_divergence_ph_meta@error.threshold=0.10,error.min_instances=5",error_divergence_ph_meta,"{""divergence"": {""alpha"": 0.1, ""delta"": 0.005, ""min_instances"": 30, ""threshold"": 0.05}, ""error_rate"": {""alpha"": 0.15, ""delta"": 0.005, ""min_instances"": 5, ""threshold"": 0.1}}","{""error_rate"": {""min_instances"": 5, ""threshold"": 0.1}}",0.1,0.005,0.15,5,0.05,0.005,0.1,30,,,,-1,two_stage,2,0.5,"__confirm_cooldown=200,__confirm_rule=perm_test,__perm_alpha=0.03,__perm_min_effect=0,__perm_n_perm=200,__perm_post_n=10,__perm_pre_n=500,__perm_rng_seed=0,__perm_side=two_sided,__perm_stat=vote_score,divergence=0.3,error_rate=0.5,teacher_entropy=0.2",3,0,200,0.0,0,10000,10.0,25.0,200,500,1,136,1.0,0.8138215174129353,0.5385266322339475,0.0,0.32869285345077515,0.007955203764140606,0,0,40,39,-1,perm_test,0.004975124378109453,0.41919383787985326,39,39,0,0.0,0.16666666666666666,0,0.0,0.0,0.0,0.0,0,none,0,1,0,overconfident,0.95,0,mild_drift,0.9431895665560293,0.001471270161002186,0.7264868952813474,0.844441784306609,1768237753.1091025,0.10058093816041946,0.11861023306846619
202,12928,12927,sea_nodrift,sea,ts_drift_adapt,1,"error_divergence_ph_meta@error.threshold=0.10,error.min_instances=5",error_divergence_ph_meta,"{""divergence"": {""alpha"": 0.1, ""delta"": 0.005, ""min_instances"": 30, ""threshold"": 0.05}, ""error_rate"": {""alpha"": 0.15, ""delta"": 0.005, ""min_instances"": 5, ""threshold"": 0.1}}","{""error_rate"": {""min_instances"": 5, ""threshold"": 0.1}}",0.1,0.005,0.15,5,0.05,0.005,0.1,30,,,,-1,two_stage,2,0.5,"__confirm_cooldown=200,__confirm_rule=perm_test,__perm_alpha=0.03,__perm_min_effect=0,__perm_n_perm=200,__perm_post_n=10,__perm_pre_n=500,__perm_rng_seed=0,__perm_side=two_sided,__perm_stat=vote_score,divergence=0.3,error_rate=0.5,teacher_entropy=0.2",3,0,200,0.0,0,10000,10.0,25.0,200,500,1,72,1.0,0.8139696782178217,0.5389518309839605,0.0,0.31139808893203735,0.008799629285931587,0,0,40,39,-1,perm_test,0.004975124378109453,0.41919383787985326,39,39,0,0.0,0.0008444255217909813,0,0.0,0.0,0.0,0.0,0,none,0,1,0,overconfident,0.95,0,mild_drift,0.9517447832780146,0.001385635080501093,0.7632434476406738,0.8497208921533045,1768237753.1188688,0.08950844407081604,0.10680563747882843
203,12992,12991,sea_nodrift,sea,ts_drift_adapt,1,"error_divergence_ph_meta@error.threshold=0.10,error.min_instances=5",error_divergence_ph_meta,"{""divergence"": {""alpha"": 0.1, ""delta"": 0.005, ""min_instances"": 30, ""threshold"": 0.05}, ""error_rate"": {""alpha"": 0.15, ""delta"": 0.005, ""min_instances"": 5, ""threshold"": 0.1}}","{""error_rate"": {""min_instances"": 5, ""threshold"": 0.1}}",0.1,0.005,0.15,5,0.05,0.005,0.1,30,,,,-1,two_stage,2,0.5,"__confirm_cooldown=200,__confirm_rule=perm_test,__perm_alpha=0.03,__perm_min_effect=0,__perm_n_perm=200,__perm_post_n=10,__perm_pre_n=500,__perm_rng_seed=0,__perm_side=two_sided,__perm_stat=vote_score,divergence=0.3,error_rate=0.5,teacher_entropy=0.2",3,0,200,0.0,0,10000,10.0,25.0,200,500,1,8,1.0,0.8141933497536946,0.5392029052177243,0.16666666666666666,0.28356555104255676,0.016607532277703285,0,0,40,39,-1,perm_test,0.004975124378109453,0.41919383787985326,39,39,0,0.0,0.16666666666666666,0,0.0,0.0,0.0,0.0,0,none,0,1,0,overconfident,0.95,0,mild_drift,0.9560223916390073,0.0013428175402505466,0.7816217238203369,0.8523604460766523,1768237753.1286664,0.5180717706680298,0.1430065929889679
204,13056,13055,sea_nodrift,sea,ts_drift_adapt,1,"error_divergence_ph_meta@error.threshold=0.10,error.min_instances=5",error_divergence_ph_meta,"{""divergence"": {""alpha"": 0.1, ""delta"": 0.005, ""min_instances"": 30, ""threshold"": 0.05}, ""error_rate"": {""alpha"": 0.15, ""delta"": 0.005, ""min_instances"": 5, ""threshold"": 0.1}}","{""error_rate"": {""min_instances"": 5, ""threshold"": 0.1}}",0.1,0.005,0.15,5,0.05,0.005,0.1,30,,,,-1,two_stage,2,0.5,"__confirm_cooldown=200,__confirm_rule=perm_test,__perm_alpha=0.03,__perm_min_effect=0,__perm_n_perm=200,__perm_post_n=10,__perm_pre_n=500,__perm_rng_seed=0,__perm_side=two_sided,__perm_stat=vote_score,divergence=0.3,error_rate=0.5,teacher_entropy=0.2",3,0,200,0.0,0,10000,10.0,25.0,200,500,0,0,1.0,0.8143382352941176,0.5394360490837544,0.0,0.3087770342826843,0.0171566903591156,0,0,40,39,-1,perm_test,0.004975124378109453,0.41919383787985326,39,39,0,0.0,0.16666666666666666,0,0.0,0.0,0.0,0.0,0,none,0,1,0,overconfident,0.95,0,mild_drift,0.9581611958195035,0.0013214087701252735,0.7908108619101685,0.8536802230383261,1768237753.138427,0.1373496800661087,0.14069294929504395
205,13120,13119,sea_nodrift,sea,ts_drift_adapt,1,"error_divergence_ph_meta@error.threshold=0.10,error.min_instances=5",error_divergence_ph_meta,"{""divergence"": {""alpha"": 0.1, ""delta"": 0.005, ""min_instances"": 30, ""threshold"": 0.05}, ""error_rate"": {""alpha"": 0.15, ""delta"": 0.005, ""min_instances"": 5, ""threshold"": 0.1}}","{""error_rate"": {""min_instances"": 5, ""threshold"": 0.1}}",0.1,0.005,0.15,5,0.05,0.005,0.1,30,,,,-1,two_stage,2,0.5,"__confirm_cooldown=200,__confirm_rule=perm_test,__perm_alpha=0.03,__perm_min_effect=0,__perm_n_perm=200,__perm_post_n=10,__perm_pre_n=500,__perm_rng_seed=0,__perm_side=two_sided,__perm_stat=vote_score,divergence=0.3,error_rate=0.5,teacher_entropy=0.2",3,0,200,0.0,0,10000,10.0,25.0,200,500,0,0,1.0,0.8142530487804878,0.5387975106457507,0.3333333333333333,0.3413185179233551,0.01230897568166256,1,1,41,40,0,perm_test,0.004975124378109453,0.4226632885549141,40,40,0,0.16666666666666666,0.3333333333333333,1,0.5,0.0,0.0,0.0,0,none,1,1,0,overconfident,0.95,0,severe_drift,0.9245805979097518,0.0016607043850626368,0.6454054309550843,0.8318401115191632,1768237753.155142,0.7365174889564514,0.1028386801481247
206,13184,13183,sea_nodrift,sea,ts_drift_adapt,1,"error_divergence_ph_meta@error.threshold=0.10,error.min_instances=5",error_divergence_ph_meta,"{""divergence"": {""alpha"": 0.1, ""delta"": 0.005, ""min_instances"": 30, ""threshold"": 0.05}, ""error_rate"": {""alpha"": 0.15, ""delta"": 0.005, ""min_instances"": 5, ""threshold"": 0.1}}","{""error_rate"": {""min_instances"": 5, ""threshold"": 0.1}}",0.1,0.005,0.15,5,0.05,0.005,0.1,30,,,,-1,two_stage,2,0.5,"__confirm_cooldown=200,__confirm_rule=perm_test,__perm_alpha=0.03,__perm_min_effect=0,__perm_n_perm=200,__perm_post_n=10,__perm_pre_n=500,__perm_rng_seed=0,__perm_side=two_sided,__perm_stat=vote_score,divergence=0.3,error_rate=0.5,teacher_entropy=0.2",3,0,200,0.0,0,10000,10.0,25.0,200,500,1,136,1.0,0.8141686893203883,0.5386320261316918,0.16666666666666666,0.3180749714374542,0.009326853789389133,0,0,41,40,-1,perm_test,0.004975124378109453,0.4226632885549141,40,40,0,0.0,0.16666666666666666,0,0.0,0.0,0.0,0.0,0,none,0,1,0,overconfident,0.95,0,mild_drift,0.9424402989548759,0.0014803521925313185,0.7227027154775422,0.8434200557595816,1768237753.165003,0.4053902328014374,0.0905001237988472
207,13248,13247,sea_nodrift,sea,ts_drift_adapt,1,"error_divergence_ph_meta@error.threshold=0.10,error.min_instances=5",error_divergence_ph_meta,"{""divergence"": {""alpha"": 0.1, ""delta"": 0.005, ""min_instances"": 30, ""threshold"": 0.05}, ""error_rate"": {""alpha"": 0.15, ""delta"": 0.005, ""min_instances"": 5, ""threshold"": 0.1}}","{""error_rate"": {""min_instances"": 5, ""threshold"": 0.1}}",0.1,0.005,0.15,5,0.05,0.005,0.1,30,,,,-1,two_stage,2,0.5,"__confirm_cooldown=200,__confirm_rule=perm_test,__perm_alpha=0.03,__perm_min_effect=0,__perm_n_perm=200,__perm_post_n=10,__perm_pre_n=500,__perm_rng_seed=0,__perm_side=two_sided,__perm_stat=vote_score,divergence=0.3,error_rate=0.5,teacher_entropy=0.2",3,0,200,0.0,0,10000,10.0,25.0,200,500,1,72,1.0,0.814387077294686,0.5392669564692502,0.3333333333333333,0.2554020583629608,0.009724203497171402,0,0,41,40,-1,perm_test,0.004975124378109453,0.4226632885549141,40,40,0,0.0,0.16666666666666666,0,0.0,0.0,0.0,0.0,0,none,0,1,0,overconfident,0.95,0,mild_drift,0.9513701494774379,0.0013901760962656594,0.7613513577387712,0.8492100278797907,1768237753.1748185,0.6333494186401367,0.1112280935049057
208,13312,13311,sea_nodrift,sea,ts_drift_adapt,1,"error_divergence_ph_meta@error.threshold=0.10,error.min_instances=5",error_divergence_ph_meta,"{""divergence"": {""alpha"": 0.1, ""delta"": 0.005, ""min_instances"": 30, ""threshold"": 0.05}, ""error_rate"": {""alpha"": 0.15, ""delta"": 0.005, ""min_instances"": 5, ""threshold"": 0.1}}","{""error_rate"": {""min_instances"": 5, ""threshold"": 0.1}}",0.1,0.005,0.15,5,0.05,0.005,0.1,30,,,,-1,two_stage,2,0.5,"__confirm_cooldown=200,__confirm_rule=perm_test,__perm_alpha=0.03,__perm_min_effect=0,__perm_n_perm=200,__perm_post_n=10,__perm_pre_n=500,__perm_rng_seed=0,__perm_side=two_sided,__perm_stat=vote_score,divergence=0.3,error_rate=0.5,teacher_entropy=0.2",3,0,200,0.0,0,10000,10.0,25.0,200,500,1,8,1.0,0.8146784855769231,0.5394968609054567,0.16666666666666666,0.30162614583969116,0.009590024128556252,0,0,41,40,-1,perm_test,0.004975124378109453,0.4226632885549141,40,40,0,0.0,0.16666666666666666,0,0.0,0.0,0.0,0.0,0,none,0,1,0,overconfident,0.95,0,mild_drift,0.955835074738719,0.0013450880481328297,0.7806756788693856,0.8521050139398954,1768237753.1845503,0.37482690811157227,0.12781862914562225
209,13376,13375,sea_nodrift,sea,ts_drift_adapt,1,"error_divergence_ph_meta@error.threshold=0.10,error.min_instances=5",error_divergence_ph_meta,"{""divergence"": {""alpha"": 0.1, ""delta"": 0.005, ""min_instances"": 30, ""threshold"": 0.05}, ""error_rate"": {""alpha"": 0.15, ""delta"": 0.005, ""min_instances"": 5, ""threshold"": 0.1}}","{""error_rate"": {""min_instances"": 5, ""threshold"": 0.1}}",0.1,0.005,0.15,5,0.05,0.005,0.1,30,,,,-1,two_stage,2,0.5,"__confirm_cooldown=200,__confirm_rule=perm_test,__perm_alpha=0.03,__perm_min_effect=0,__perm_n_perm=200,__perm_post_n=10,__perm_pre_n=500,__perm_rng_seed=0,__perm_side=two_sided,__perm_stat=vote_score,divergence=0.3,error_rate=0.5,teacher_entropy=0.2",3,0,200,0.0,0,10000,10.0,25.0,200,500,0,0,1.0,0.8150418660287081,0.5399413739243949,0.16666666666666666,0.2630259096622467,0.009906589984893799,0,0,41,40,-1,perm_test,0.004975124378109453,0.4226632885549141,40,40,0,0.0,0.0003165658563375473,0,0.0,0.0,0.0,0.0,0,none,0,1,0,overconfident,0.95,0,mild_drift,0.9580675373693595,0.0013225440240664148,0.7903378394346928,0.8535525069699477,1768237753.1943672,0.32237738370895386,0.10998950898647308
210,13440,13439,sea_nodrift,sea,ts_drift_adapt,1,"error_divergence_ph_meta@error.threshold=0.10,error.min_instances=5",error_divergence_ph_meta,"{""divergence"": {""alpha"": 0.1, ""delta"": 0.005, ""min_instances"": 30, ""threshold"": 0.05}, ""error_rate"": {""alpha"": 0.15, ""delta"": 0.005, ""min_instances"": 5, ""threshold"": 0.1}}","{""error_rate"": {""min_instances"": 5, ""threshold"": 0.1}}",0.1,0.005,0.15,5,0.05,0.005,0.1,30,,,,-1,two_stage,2,0.5,"__confirm_cooldown=200,__confirm_rule=perm_test,__perm_alpha=0.03,__perm_min_effect=0,__perm_n_perm=200,__perm_post_n=10,__perm_pre_n=500,__perm_rng_seed=0,__perm_side=two_sided,__perm_stat=vote_score,divergence=0.3,error_rate=0.5,teacher_entropy=0.2",3,0,200,0.0,0,10000,10.0,25.0,200,500,0,0,1.0,0.8154761904761905,0.5409674234945706,0.16666666666666666,0.2823485732078552,0.0062088132835924625,1,1,42,41,0,perm_test,0.004975124378109453,0.4230508385955576,41,41,0,0.16666666666666666,0.0036977767013013363,1,0.5,0.0,0.0,0.0,0,none,1,1,0,overconfident,0.95,0,severe_drift,0.9245337686846797,0.0016612720120332074,0.6451689197173465,0.8317762534849739,1768237753.2111907,0.2281893491744995,0.08764965832233429
211,13504,13503,sea_nodrift,sea,ts_drift_adapt,1,"error_divergence_ph_meta@error.threshold=0.10,error.min_instances=5",error_divergence_ph_meta,"{""divergence"": {""alpha"": 0.1, ""delta"": 0.005, ""min_instances"": 30, ""threshold"": 0.05}, ""error_rate"": {""alpha"": 0.15, ""delta"": 0.005, ""min_instances"": 5, ""threshold"": 0.1}}","{""error_rate"": {""min_instances"": 5, ""threshold"": 0.1}}",0.1,0.005,0.15,5,0.05,0.005,0.1,30,,,,-1,two_stage,2,0.5,"__confirm_cooldown=200,__confirm_rule=perm_test,__perm_alpha=0.03,__perm_min_effect=0,__perm_n_perm=200,__perm_post_n=10,__perm_pre_n=500,__perm_rng_seed=0,__perm_side=two_sided,__perm_stat=vote_score,divergence=0.3,error_rate=0.5,teacher_entropy=0.2",3,0,200,0.0,0,10000,10.0,25.0,200,500,1,136,1.0,0.8153139810426541,0.5406003635533003,0.0,0.3511938452720642,0.009906886145472527,0,0,42,41,-1,perm_test,0.004975124378109453,0.4230508385955576,41,41,0,0.0,0.16666666666666666,0,0.0,0.0,0.0,0.0,0,none,0,1,0,overconfident,0.95,0,mild_drift,0.9424168843423398,0.001480636006016604,0.7225844598586733,0.843388126742487,1768237753.220991,0.1503126323223114,0.12233245372772217
212,13568,13567,sea_nodrift,sea,ts_drift_adapt,1,"error_divergence_ph_meta@error.threshold=0.10,error.min_instances=5",error_divergence_ph_meta,"{""divergence"": {""alpha"": 0.1, ""delta"": 0.005, ""min_instances"": 30, ""threshold"": 0.05}, ""error_rate"": {""alpha"": 0.15, ""delta"": 0.005, ""min_instances"": 5, ""threshold"": 0.1}}","{""error_rate"": {""min_instances"": 5, ""threshold"": 0.1}}",0.1,0.005,0.15,5,0.05,0.005,0.1,30,,,,-1,two_stage,2,0.5,"__confirm_cooldown=200,__confirm_rule=perm_test,__perm_alpha=0.03,__perm_min_effect=0,__perm_n_perm=200,__perm_post_n=10,__perm_pre_n=500,__perm_rng_seed=0,__perm_side=two_sided,__perm_stat=vote_score,divergence=0.3,error_rate=0.5,teacher_entropy=0.2",3,0,200,0.0,0,10000,10.0,25.0,200,500,1,72,1.0,0.8157429245283019,0.541310456552959,0.16666666666666666,0.31542930006980896,0.005580769386142492,0,0,42,41,-1,perm_test,0.004975124378109453,0.4230508385955576,41,41,0,0.0,0.16666666666666666,0,0.0,0.0,0.0,0.0,0,none,0,1,0,overconfident,0.95,0,mild_drift,0.9513584421711698,0.0013903180030083021,0.7612922299293367,0.8491940633712435,1768237753.2306502,0.45110318064689636,0.10592600703239441
213,13632,13631,sea_nodrift,sea,ts_drift_adapt,1,"error_divergence_ph_meta@error.threshold=0.10,error.min_instances=5",error_divergence_ph_meta,"{""divergence"": {""alpha"": 0.1, ""delta"": 0.005, ""min_instances"": 30, ""threshold"": 0.05}, ""error_rate"": {""alpha"": 0.15, ""delta"": 0.005, ""min_instances"": 5, ""threshold"": 0.1}}","{""error_rate"": {""min_instances"": 5, ""threshold"": 0.1}}",0.1,0.005,0.15,5,0.05,0.005,0.1,30,,,,-1,two_stage,2,0.5,"__confirm_cooldown=200,__confirm_rule=perm_test,__perm_alpha=0.03,__perm_min_effect=0,__perm_n_perm=200,__perm_post_n=10,__perm_pre_n=500,__perm_rng_seed=0,__perm_side=two_sided,__perm_stat=vote_score,divergence=0.3,error_rate=0.5,teacher_entropy=0.2",3,0,200,0.0,0,10000,10.0,25.0,200,500,1,8,1.0,0.8156543427230047,0.5408976076650439,0.16666666666666666,0.3303329646587372,0.006190339103341103,0,0,42,41,-1,perm_test,0.004975124378109453,0.4230508385955576,41,41,0,0.0,0.0006095697171986103,0,0.0,0.0,0.0,0.0,0,none,0,1,0,overconfident,0.95,0,mild_drift,0.9558292210855849,0.0013451590015041513,0.7806461149646684,0.8520970316856218,1768237753.2404714,0.21918444335460663,0.0955732986330986
214,13696,13695,sea_nodrift,sea,ts_drift_adapt,1,"error_divergence_ph_meta@error.threshold=0.10,error.min_instances=5",error_divergence_ph_meta,"{""divergence"": {""alpha"": 0.1, ""delta"": 0.005, ""min_instances"": 30, ""threshold"": 0.05}, ""error_rate"": {""alpha"": 0.15, ""delta"": 0.005, ""min_instances"": 5, ""threshold"": 0.1}}","{""error_rate"": {""min_instances"": 5, ""threshold"": 0.1}}",0.1,0.005,0.15,5,0.05,0.005,0.1,30,,,,-1,two_stage,2,0.5,"__confirm_cooldown=200,__confirm_rule=perm_test,__perm_alpha=0.03,__perm_min_effect=0,__perm_n_perm=200,__perm_post_n=10,__perm_pre_n=500,__perm_rng_seed=0,__perm_side=two_sided,__perm_stat=vote_score,divergence=0.3,error_rate=0.5,teacher_entropy=0.2",3,0,200,0.0,0,10000,10.0,25.0,200,500,0,0,1.0,0.8159316588785047,0.5414483116668971,0.16666666666666666,0.29469722509384155,0.0076230051927268505,0,0,42,41,-1,perm_test,0.004975124378109453,0.4230508385955576,41,41,0,0.0,0.001432666089385748,0,0.0,0.0,0.0,0.0,0,none,0,1,0,overconfident,0.95,0,mild_drift,0.9580646105427923,0.0013225795007520756,0.7903230574823342,0.8535485158428109,1768237753.2502937,0.1752646118402481,0.09858770668506622
215,13760,13759,sea_nodrift,sea,ts_drift_adapt,1,"error_divergence_ph_meta@error.threshold=0.10,error.min_instances=5",error_divergence_ph_meta,"{""divergence"": {""alpha"": 0.1, ""delta"": 0.005, ""min_instances"": 30, ""threshold"": 0.05}, ""error_rate"": {""alpha"": 0.15, ""delta"": 0.005, ""min_instances"": 5, ""threshold"": 0.1}}","{""error_rate"": {""min_instances"": 5, ""threshold"": 0.1}}",0.1,0.005,0.15,5,0.05,0.005,0.1,30,,,,-1,two_stage,2,0.5,"__confirm_cooldown=200,__confirm_rule=perm_test,__perm_alpha=0.03,__perm_min_effect=0,__perm_n_perm=200,__perm_post_n=10,__perm_pre_n=500,__perm_rng_seed=0,__perm_side=two_sided,__perm_stat=vote_score,divergence=0.3,error_rate=0.5,teacher_entropy=0.2",3,0,200,0.0,0,10000,10.0,25.0,200,500,0,0,1.0,0.8158430232558139,0.5408461784974071,0.3333333333333333,0.35435283184051514,0.011875317431986332,1,1,43,42,0,perm_test,0.004975124378109453,0.42118190404988576,42,42,0,0.16666666666666666,0.16666666666666666,1,0.5,0.0,0.0,0.0,0,none,1,1,0,overconfident,0.95,0,severe_drift,0.9245323052713962,0.0016612897503760378,0.6451615287411672,0.8317742579214055,1768237753.267026,0.42105618119239807,0.158980593085289
216,13824,13823,sea_nodrift,sea,ts_drift_adapt,1,"error_divergence_ph_meta@error.threshold=0.10,error.min_instances=5",error_divergence_ph_meta,"{""divergence"": {""alpha"": 0.1, ""delta"": 0.005, ""min_instances"": 30, ""threshold"": 0.05}, ""error_rate"": {""alpha"": 0.15, ""delta"": 0.005, ""min_instances"": 5, ""threshold"": 0.1}}","{""error_rate"": {""min_instances"": 5, ""threshold"": 0.1}}",0.1,0.005,0.15,5,0.05,0.005,0.1,30,,,,-1,two_stage,2,0.5,"__confirm_cooldown=200,__confirm_rule=perm_test,__perm_alpha=0.03,__perm_min_effect=0,__perm_n_perm=200,__perm_post_n=10,__perm_pre_n=500,__perm_rng_seed=0,__perm_side=two_sided,__perm_stat=vote_score,divergence=0.3,error_rate=0.5,teacher_entropy=0.2",3,0,200,0.0,0,10000,10.0,25.0,200,500,1,136,1.0,0.8164785879629629,0.5424134348708806,0.0,0.30166491866111755,0.00765065336599946,0,0,43,42,-1,perm_test,0.004975124378109453,0.42118190404988576,42,42,0,0.0,0.3333333333333333,0,0.0,0.0,0.0,0.0,0,none,0,1,0,overconfident,0.95,0,mild_drift,0.942416152635698,0.001480644875188019,0.7225807643705836,0.8433871289607027,1768237753.2767873,0.19285404682159424,0.12932561337947845
217,13888,13887,sea_nodrift,sea,ts_drift_adapt,1,"error_divergence_ph_meta@error.threshold=0.10,error.min_instances=5",error_divergence_ph_meta,"{""divergence"": {""alpha"": 0.1, ""delta"": 0.005, ""min_instances"": 30, ""threshold"": 0.05}, ""error_rate"": {""alpha"": 0.15, ""delta"": 0.005, ""min_instances"": 5, ""threshold"": 0.1}}","{""error_rate"": {""min_instances"": 5, ""threshold"": 0.1}}",0.1,0.005,0.15,5,0.05,0.005,0.1,30,,,,-1,two_stage,2,0.5,"__confirm_cooldown=200,__confirm_rule=perm_test,__perm_alpha=0.03,__perm_min_effect=0,__perm_n_perm=200,__perm_post_n=10,__perm_pre_n=500,__perm_rng_seed=0,__perm_side=two_sided,__perm_stat=vote_score,divergence=0.3,error_rate=0.5,teacher_entropy=0.2",3,0,200,0.0,0,10000,10.0,25.0,200,500,1,72,1.0,0.8168202764976958,0.5434101191773278,0.0,0.29307660460472107,0.007957818917930126,0,0,43,42,-1,perm_test,0.004975124378109453,0.42118190404988576,42,42,0,0.0,0.00030716555193066597,0,0.0,0.0,0.0,0.0,0,none,0,1,0,overconfident,0.95,0,mild_drift,0.951358076317849,0.0013903224375940095,0.7612903821852919,0.8491935644803513,1768237753.286583,0.13548551499843597,0.1147945299744606
218,13952,13951,sea_nodrift,sea,ts_drift_adapt,1,"error_divergence_ph_meta@error.threshold=0.10,error.min_instances=5",error_divergence_ph_meta,"{""divergence"": {""alpha"": 0.1, ""delta"": 0.005, ""min_instances"": 30, ""threshold"": 0.05}, ""error_rate"": {""alpha"": 0.15, ""delta"": 0.005, ""min_instances"": 5, ""threshold"": 0.1}}","{""error_rate"": {""min_instances"": 5, ""threshold"": 0.1}}",0.1,0.005,0.15,5,0.05,0.005,0.1,30,,,,-1,two_stage,2,0.5,"__confirm_cooldown=200,__confirm_rule=perm_test,__perm_alpha=0.03,__perm_min_effect=0,__perm_n_perm=200,__perm_post_n=10,__perm_pre_n=500,__perm_rng_seed=0,__perm_side=two_sided,__perm_stat=vote_score,divergence=0.3,error_rate=0.5,teacher_entropy=0.2",3,0,200,0.0,0,10000,10.0,25.0,200,500,1,8,1.0,0.8170154816513762,0.5437584822895406,0.16666666666666666,0.3081205189228058,0.01083710603415966,0,0,43,42,-1,perm_test,0.004975124378109453,0.42118190404988576,42,42,0,0.0,0.16666666666666666,0,0.0,0.0,0.0,0.0,0,none,0,1,0,overconfident,0.95,0,mild_drift,0.9558290381589245,0.001345161218797005,0.780645191092646,0.8520967822401757,1768237753.2963197,0.2126229852437973,0.13212740421295166
219,14016,14015,sea_nodrift,sea,ts_drift_adapt,1,"error_divergence_ph_meta@error.threshold=0.10,error.min_instances=5",error_divergence_ph_meta,"{""divergence"": {""alpha"": 0.1, ""delta"": 0.005, ""min_instances"": 30, ""threshold"": 0.05}, ""error_rate"": {""alpha"": 0.15, ""delta"": 0.005, ""min_instances"": 5, ""threshold"": 0.1}}","{""error_rate"": {""min_instances"": 5, ""threshold"": 0.1}}",0.1,0.005,0.15,5,0.05,0.005,0.1,30,,,,-1,two_stage,2,0.5,"__confirm_cooldown=200,__confirm_rule=perm_test,__perm_alpha=0.03,__perm_min_effect=0,__perm_n_perm=200,__perm_post_n=10,__perm_pre_n=500,__perm_rng_seed=0,__perm_side=two_sided,__perm_stat=vote_score,divergence=0.3,error_rate=0.5,teacher_entropy=0.2",3,0,200,0.0,0,10000,10.0,25.0,200,500,0,0,1.0,0.817351598173516,0.5446063992968546,0.0,0.268545925617218,0.004730849992483854,0,0,43,42,-1,perm_test,0.004975124378109453,0.42118190404988576,42,42,0,0.0,0.16666666666666666,0,0.0,0.0,0.0,0.0,0,none,0,1,0,overconfident,0.95,0,mild_drift,0.9580645190794622,0.0013225806093985024,0.790322595546323,0.8535483911200878,1768237753.3059614,0.08398879319429398,0.09511586278676987
220,14080,14079,sea_nodrift,sea,ts_drift_adapt,1,"error_divergence_ph_meta@error.threshold=0.10,error.min_instances=5",error_divergence_ph_meta,"{""divergence"": {""alpha"": 0.1, ""delta"": 0.005, ""min_instances"": 30, ""threshold"": 0.05}, ""error_rate"": {""alpha"": 0.15, ""delta"": 0.005, ""min_instances"": 5, ""threshold"": 0.1}}","{""error_rate"": {""min_instances"": 5, ""threshold"": 0.1}}",0.1,0.005,0.15,5,0.05,0.005,0.1,30,,,,-1,two_stage,2,0.5,"__confirm_cooldown=200,__confirm_rule=perm_test,__perm_alpha=0.03,__perm_min_effect=0,__perm_n_perm=200,__perm_post_n=10,__perm_pre_n=500,__perm_rng_seed=0,__perm_side=two_sided,__perm_stat=vote_score,divergence=0.3,error_rate=0.5,teacher_entropy=0.2",3,0,200,0.0,0,10000,10.0,25.0,200,500,0,0,1.0,0.8171875,0.5439983089574922,0.16666666666666666,0.3240956962108612,0.014478267170488834,1,1,44,43,0,perm_test,0.004975124378109453,0.4167408095893928,43,43,0,0.16666666666666666,0.16666666666666666,1,0.5,0.0,0.0,0.0,0,none,1,1,0,overconfident,0.95,0,severe_drift,0.9245322595397312,0.0016612903046992512,0.6451612977731616,0.831774195560044,1768237753.3224218,0.5320931077003479,0.15505599975585938
221,14144,14143,sea_nodrift,sea,ts_drift_adapt,1,"error_divergence_ph_meta@error.threshold=0.10,error.min_instances=5",error_divergence_ph_meta,"{""divergence"": {""alpha"": 0.1, ""delta"": 0.005, ""min_instances"": 30, ""threshold"": 0.05}, ""error_rate"": {""alpha"": 0.15, ""delta"": 0.005, ""min_instances"": 5, ""threshold"": 0.1}}","{""error_rate"": {""min_instances"": 5, ""threshold"": 0.1}}",0.1,0.005,0.15,5,0.05,0.005,0.1,30,,,,-1,two_stage,2,0.5,"__confirm_cooldown=200,__confirm_rule=perm_test,__perm_alpha=0.03,__perm_min_effect=0,__perm_n_perm=200,__perm_post_n=10,__perm_pre_n=500,__perm_rng_seed=0,__perm_side=two_sided,__perm_stat=vote_score,divergence=0.3,error_rate=0.5,teacher_entropy=0.2",3,0,200,0.0,0,10000,10.0,25.0,200,500,1,136,1.0,0.8175197963800905,0.5445197659978394,0.0,0.3019222915172577,0.007918835617601871,0,0,44,43,-1,perm_test,0.004975124378109453,0.4167408095893928,43,43,0,0.0,0.16666666666666666,0,0.0,0.0,0.0,0.0,0,none,0,1,0,overconfident,0.95,0,mild_drift,0.9424161297698656,0.0014806451523496256,0.7225806488865808,0.843387097780022,1768237753.3322117,0.06979694962501526,0.10760895162820816
222,14208,14207,sea_nodrift,sea,ts_drift_adapt,1,"error_divergence_ph_meta@error.threshold=0.10,error.min_instances=5",error_divergence_ph_meta,"{""divergence"": {""alpha"": 0.1, ""delta"": 0.005, ""min_instances"": 30, ""threshold"": 0.05}, ""error_rate"": {""alpha"": 0.15, ""delta"": 0.005, ""min_instances"": 5, ""threshold"": 0.1}}","{""error_rate"": {""min_instances"": 5, ""threshold"": 0.1}}",0.1,0.005,0.15,5,0.05,0.005,0.1,30,,,,-1,two_stage,2,0.5,"__confirm_cooldown=200,__confirm_rule=perm_test,__perm_alpha=0.03,__perm_min_effect=0,__perm_n_perm=200,__perm_post_n=10,__perm_pre_n=500,__perm_rng_seed=0,__perm_side=two_sided,__perm_stat=vote_score,divergence=0.3,error_rate=0.5,teacher_entropy=0.2",3,0,200,0.0,0,10000,10.0,25.0,200,500,1,72,1.0,0.8178490990990991,0.5453537590834526,0.16666666666666666,0.32096773386001587,0.012781066820025444,0,0,44,43,-1,perm_test,0.004975124378109453,0.4167408095893928,43,43,0,0.0,0.16666666666666666,0,0.0,0.0,0.0,0.0,0,none,0,1,0,overconfident,0.95,0,mild_drift,0.9513580648849327,0.001390322576174813,0.7612903244432905,0.849193548890011,1768237753.3418462,0.26770249009132385,0.10617047548294067
223,14272,14271,sea_nodrift,sea,ts_drift_adapt,1,"error_divergence_ph_meta@error.threshold=0.10,error.min_instances=5",error_divergence_ph_meta,"{""divergence"": {""alpha"": 0.1, ""delta"": 0.005, ""min_instances"": 30, ""threshold"": 0.05}, ""error_rate"": {""alpha"": 0.15, ""delta"": 0.005, ""min_instances"": 5, ""threshold"": 0.1}}","{""error_rate"": {""min_instances"": 5, ""threshold"": 0.1}}",0.1,0.005,0.15,5,0.05,0.005,0.1,30,,,,-1,two_stage,2,0.5,"__confirm_cooldown=200,__confirm_rule=perm_test,__perm_alpha=0.03,__perm_min_effect=0,__perm_n_perm=200,__perm_post_n=10,__perm_pre_n=500,__perm_rng_seed=0,__perm_side=two_sided,__perm_stat=vote_score,divergence=0.3,error_rate=0.5,teacher_entropy=0.2",3,0,200,0.0,0,10000,10.0,25.0,200,500,1,8,1.0,0.8180353139013453,0.5460597157009194,0.16666666666666666,0.2964005172252655,0.007663329131901264,0,0,44,43,-1,perm_test,0.004975124378109453,0.4167408095893928,43,43,0,0.0,0.00511773768812418,0,0.0,0.0,0.0,0.0,0,none,0,1,0,overconfident,0.95,0,mild_drift,0.9558290324424663,0.0013451612880874065,0.7806451622216453,0.8520967744450054,1768237753.3516343,0.2657477557659149,0.10707524418830872
224,14336,14335,sea_nodrift,sea,ts_drift_adapt,1,"error_divergence_ph_meta@error.threshold=0.10,error.min_instances=5",error_divergence_ph_meta,"{""divergence"": {""alpha"": 0.1, ""delta"": 0.005, ""min_instances"": 30, ""threshold"": 0.05}, ""error_rate"": {""alpha"": 0.15, ""delta"": 0.005, ""min_instances"": 5, ""threshold"": 0.1}}","{""error_rate"": {""min_instances"": 5, ""threshold"": 0.1}}",0.1,0.005,0.15,5,0.05,0.005,0.1,30,,,,-1,two_stage,2,0.5,"__confirm_cooldown=200,__confirm_rule=perm_test,__perm_alpha=0.03,__perm_min_effect=0,__perm_n_perm=200,__perm_post_n=10,__perm_pre_n=500,__perm_rng_seed=0,__perm_side=two_sided,__perm_stat=vote_score,divergence=0.3,error_rate=0.5,teacher_entropy=0.2",3,0,200,0.0,0,10000,10.0,25.0,200,500,0,0,1.0,0.8182198660714286,0.5463745593164465,0.16666666666666666,0.29920661449432373,0.011463688686490059,0,0,44,43,-1,perm_test,0.004975124378109453,0.4167408095893928,43,43,0,0.0,0.0038003595545887947,0,0.0,0.0,0.0,0.0,0,none,0,1,0,overconfident,0.95,0,mild_drift,0.9580645162212331,0.0013225806440437032,0.7903225811108227,0.8535483872225027,1768237753.3614752,0.1720868945121765,0.12701624631881714
225,14400,14399,sea_nodrift,sea,ts_drift_adapt,1,"error_divergence_ph_meta@error.threshold=0.10,error.min_instances=5",error_divergence_ph_meta,"{""divergence"": {""alpha"": 0.1, ""delta"": 0.005, ""min_instances"": 30, ""threshold"": 0.05}, ""error_rate"": {""alpha"": 0.15, ""delta"": 0.005, ""min_instances"": 5, ""threshold"": 0.1}}","{""error_rate"": {""min_instances"": 5, ""threshold"": 0.1}}",0.1,0.005,0.15,5,0.05,0.005,0.1,30,,,,-1,two_stage,2,0.5,"__confirm_cooldown=200,__confirm_rule=perm_test,__perm_alpha=0.03,__perm_min_effect=0,__perm_n_perm=200,__perm_post_n=10,__perm_pre_n=500,__perm_rng_seed=0,__perm_side=two_sided,__perm_stat=vote_score,divergence=0.3,error_rate=0.5,teacher_entropy=0.2",3,0,200,0.0,0,10000,10.0,25.0,200,500,0,0,1.0,0.8182638888888889,0.5462368828228948,0.3333333333333333,0.29195836186408997,0.015089191496372223,1,1,45,44,0,perm_test,0.004975124378109453,0.41620371738988415,44,44,0,0.16666666666666666,0.16666666666666666,1,0.5,0.0,0.0,0.0,0,none,1,1,0,overconfident,0.95,0,severe_drift,0.9245322581106166,0.0016612903220218516,0.6451612905554114,0.8317741936112514,1768237753.3779624,0.8132619857788086,0.1604054570198059
226,14464,14463,sea_nodrift,sea,ts_drift_adapt,1,"error_divergence_ph_meta@error.threshold=0.10,error.min_instances=5",error_divergence_ph_meta,"{""divergence"": {""alpha"": 0.1, ""delta"": 0.005, ""min_instances"": 30, ""threshold"": 0.05}, ""error_rate"": {""alpha"": 0.15, ""delta"": 0.005, ""min_instances"": 5, ""threshold"": 0.1}}","{""error_rate"": {""min_instances"": 5, ""threshold"": 0.1}}",0.1,0.005,0.15,5,0.05,0.005,0.1,30,,,,-1,two_stage,2,0.5,"__confirm_cooldown=200,__confirm_rule=perm_test,__perm_alpha=0.03,__perm_min_effect=0,__perm_n_perm=200,__perm_post_n=10,__perm_pre_n=500,__perm_rng_seed=0,__perm_side=two_sided,__perm_stat=vote_score,divergence=0.3,error_rate=0.5,teacher_entropy=0.2",3,0,200,0.0,0,10000,10.0,25.0,200,500,1,136,1.0,0.8185149336283186,0.5469182998037602,0.3333333333333333,0.2854618728160858,0.006996315438300371,0,0,45,44,-1,perm_test,0.004975124378109453,0.41620371738988415,44,44,0,0.0,0.008092876058071852,0,0.0,0.0,0.0,0.0,0,none,0,1,0,overconfident,0.95,0,mild_drift,0.9424161290553082,0.001480645161010926,0.7225806452777057,0.8433870968056256,1768237753.3876295,1.2124598026275635,0.10815910995006561
227,14528,14527,sea_nodrift,sea,ts_drift_adapt,1,"error_divergence_ph_meta@error.threshold=0.10,error.min_instances=5",error_divergence_ph_meta,"{""divergence"": {""alpha"": 0.1, ""delta"": 0.005, ""min_instances"": 30, ""threshold"": 0.05}, ""error_rate"": {""alpha"": 0.15, ""delta"": 0.005, ""min_instances"": 5, ""threshold"": 0.1}}","{""error_rate"": {""min_instances"": 5, ""threshold"": 0.1}}",0.1,0.005,0.15,5,0.05,0.005,0.1,30,,,,-1,two_stage,2,0.5,"__confirm_cooldown=200,__confirm_rule=perm_test,__perm_alpha=0.03,__perm_min_effect=0,__perm_n_perm=200,__perm_post_n=10,__perm_pre_n=500,__perm_rng_seed=0,__perm_side=two_sided,__perm_stat=vote_score,divergence=0.3,error_rate=0.5,teacher_entropy=0.2",3,0,200,0.0,0,10000,10.0,25.0,200,500,1,72,1.0,0.8186949339207048,0.5478158609456519,0.0,0.2713886499404907,0.008128396235406399,0,0,45,44,-1,perm_test,0.004975124378109453,0.41620371738988415,44,44,0,0.0,0.3333333333333333,0,0.0,0.0,0.0,0.0,0,none,0,1,0,overconfident,0.95,0,mild_drift,0.951358064527654,0.001390322580505463,0.7612903226388529,0.8491935484028128,1768237753.397148,0.09119192510843277,0.11108973622322083
228,14592,14591,sea_nodrift,sea,ts_drift_adapt,1,"error_divergence_ph_meta@error.threshold=0.10,error.min_instances=5",error_divergence_ph_meta,"{""divergence"": {""alpha"": 0.1, ""delta"": 0.005, ""min_instances"": 30, ""threshold"": 0.05}, ""error_rate"": {""alpha"": 0.15, ""delta"": 0.005, ""min_instances"": 5, ""threshold"": 0.1}}","{""error_rate"": {""min_instances"": 5, ""threshold"": 0.1}}",0.1,0.005,0.15,5,0.05,0.005,0.1,30,,,,-1,two_stage,2,0.5,"__confirm_cooldown=200,__confirm_rule=perm_test,__perm_alpha=0.03,__perm_min_effect=0,__perm_n_perm=200,__perm_post_n=10,__perm_pre_n=500,__perm_rng_seed=0,__perm_side=two_sided,__perm_stat=vote_score,divergence=0.3,error_rate=0.5,teacher_entropy=0.2",3,0,200,0.0,0,10000,10.0,25.0,200,500,1,8,1.0,0.8189418859649122,0.5487627561626226,0.3333333333333333,0.2897969186306,0.00979564432054758,0,0,45,44,-1,perm_test,0.004975124378109453,0.41620371738988415,44,44,0,0.0,0.3333333333333333,0,0.0,0.0,0.0,0.0,0,none,0,1,0,overconfident,0.95,0,mild_drift,0.955829032263827,0.0013451612902527317,0.7806451613194265,0.8520967742014064,1768237753.4068859,0.3426179885864258,0.11446990072727203
229,14656,14655,sea_nodrift,sea,ts_drift_adapt,1,"error_divergence_ph_meta@error.threshold=0.10,error.min_instances=5",error_divergence_ph_meta,"{""divergence"": {""alpha"": 0.1, ""delta"": 0.005, ""min_instances"": 30, ""threshold"": 0.05}, ""error_rate"": {""alpha"": 0.15, ""delta"": 0.005, ""min_instances"": 5, ""threshold"": 0.1}}","{""error_rate"": {""min_instances"": 5, ""threshold"": 0.1}}",0.1,0.005,0.15,5,0.05,0.005,0.1,30,,,,-1,two_stage,2,0.5,"__confirm_cooldown=200,__confirm_rule=perm_test,__perm_alpha=0.03,__perm_min_effect=0,__perm_n_perm=200,__perm_post_n=10,__perm_pre_n=500,__perm_rng_seed=0,__perm_side=two_sided,__perm_stat=vote_score,divergence=0.3,error_rate=0.5,teacher_entropy=0.2",3,0,200,0.0,0,10000,10.0,25.0,200,500,0,0,1.0,0.8191184497816594,0.5487118682811561,0.3333333333333333,0.33029478788375854,0.009515807963907719,0,0,45,44,-1,perm_test,0.004975124378109453,0.41620371738988415,44,44,0,0.0,0.00027983635663986206,0,0.0,0.0,0.0,0.0,0,none,0,1,0,overconfident,0.95,0,mild_drift,0.9580645161319135,0.0013225806451263658,0.7903225806597133,0.8535483871007032,1768237753.416657,0.6459402441978455,0.1447383463382721
230,14720,14719,sea_nodrift,sea,ts_drift_adapt,1,"error_divergence_ph_meta@error.threshold=0.10,error.min_instances=5",error_divergence_ph_meta,"{""divergence"": {""alpha"": 0.1, ""delta"": 0.005, ""min_instances"": 30, ""threshold"": 0.05}, ""error_rate"": {""alpha"": 0.15, ""delta"": 0.005, ""min_instances"": 5, ""threshold"": 0.1}}","{""error_rate"": {""min_instances"": 5, ""threshold"": 0.1}}",0.1,0.005,0.15,5,0.05,0.005,0.1,30,,,,-1,two_stage,2,0.5,"__confirm_cooldown=200,__confirm_rule=perm_test,__perm_alpha=0.03,__perm_min_effect=0,__perm_n_perm=200,__perm_post_n=10,__perm_pre_n=500,__perm_rng_seed=0,__perm_side=two_sided,__perm_stat=vote_score,divergence=0.3,error_rate=0.5,teacher_entropy=0.2",3,0,200,0.0,0,10000,10.0,25.0,200,500,0,0,1.0,0.8193614130434783,0.549192513950904,0.0,0.31436604261398315,0.019908878952264786,1,1,46,45,0,perm_test,0.004975124378109453,0.42871359982561413,45,45,0,0.3333333333333333,0.3333333333333333,1,0.5,0.0,0.0,0.0,0,none,1,1,0,overconfident,0.95,0,severe_drift,0.9245322580659567,0.001661290322563183,0.6451612903298567,0.8317741935503516,1768237753.4330637,0.2170632928609848,0.22484880685806274
231,14784,14783,sea_nodrift,sea,ts_drift_adapt,1,"error_divergence_ph_meta@error.threshold=0.10,error.min_instances=5",error_divergence_ph_meta,"{""divergence"": {""alpha"": 0.1, ""delta"": 0.005, ""min_instances"": 30, ""threshold"": 0.05}, ""error_rate"": {""alpha"": 0.15, ""delta"": 0.005, ""min_instances"": 5, ""threshold"": 0.1}}","{""error_rate"": {""min_instances"": 5, ""threshold"": 0.1}}",0.1,0.005,0.15,5,0.05,0.005,0.1,30,,,,-1,two_stage,2,0.5,"__confirm_cooldown=200,__confirm_rule=perm_test,__perm_alpha=0.03,__perm_min_effect=0,__perm_n_perm=200,__perm_post_n=10,__perm_pre_n=500,__perm_rng_seed=0,__perm_side=two_sided,__perm_stat=vote_score,divergence=0.3,error_rate=0.5,teacher_entropy=0.2",3,0,200,0.0,0,10000,10.0,25.0,200,500,1,136,1.0,0.8196022727272727,0.5500266430727986,0.3333333333333333,0.27931976318359375,0.015216358937323093,0,0,46,45,-1,perm_test,0.004975124378109453,0.42871359982561413,45,45,0,0.0,0.3333333333333333,0,0.0,0.0,0.0,0.0,0,none,0,1,0,overconfident,0.95,0,mild_drift,0.9424161290329783,0.0014806451612815914,0.7225806451649284,0.8433870967751758,1768237753.4429116,0.6915674209594727,0.1739831119775772
232,14848,14847,sea_nodrift,sea,ts_drift_adapt,1,"error_divergence_ph_meta@error.threshold=0.10,error.min_instances=5",error_divergence_ph_meta,"{""divergence"": {""alpha"": 0.1, ""delta"": 0.005, ""min_instances"": 30, ""threshold"": 0.05}, ""error_rate"": {""alpha"": 0.15, ""delta"": 0.005, ""min_instances"": 5, ""threshold"": 0.1}}","{""error_rate"": {""min_instances"": 5, ""threshold"": 0.1}}",0.1,0.005,0.15,5,0.05,0.005,0.1,30,,,,-1,two_stage,2,0.5,"__confirm_cooldown=200,__confirm_rule=perm_test,__perm_alpha=0.03,__perm_min_effect=0,__perm_n_perm=200,__perm_post_n=10,__perm_pre_n=500,__perm_rng_seed=0,__perm_side=two_sided,__perm_stat=vote_score,divergence=0.3,error_rate=0.5,teacher_entropy=0.2",3,0,200,0.0,0,10000,10.0,25.0,200,500,1,72,1.0,0.8199757543103449,0.5508339483114201,0.0,0.2884671092033386,0.013564733788371086,0,0,46,45,-1,perm_test,0.004975124378109453,0.42871359982561413,45,45,0,0.0,0.3333333333333333,0,0.0,0.0,0.0,0.0,0,none,0,1,0,overconfident,0.95,0,mild_drift,0.9513580645164892,0.0013903225806407957,0.7612903225824642,0.8491935483875879,1768237753.4526575,0.10112038999795914,0.19052933156490326
233,14912,14911,sea_nodrift,sea,ts_drift_adapt,1,"error_divergence_ph_meta@error.threshold=0.10,error.min_instances=5",error_divergence_ph_meta,"{""divergence"": {""alpha"": 0.1, ""delta"": 0.005, ""min_instances"": 30, ""threshold"": 0.05}, ""error_rate"": {""alpha"": 0.15, ""delta"": 0.005, ""min_instances"": 5, ""threshold"": 0.1}}","{""error_rate"": {""min_instances"": 5, ""threshold"": 0.1}}",0.1,0.005,0.15,5,0.05,0.005,0.1,30,,,,-1,two_stage,2,0.5,"__confirm_cooldown=200,__confirm_rule=perm_test,__perm_alpha=0.03,__perm_min_effect=0,__perm_n_perm=200,__perm_post_n=10,__perm_pre_n=500,__perm_rng_seed=0,__perm_side=two_sided,__perm_stat=vote_score,divergence=0.3,error_rate=0.5,teacher_entropy=0.2",3,0,200,0.0,0,10000,10.0,25.0,200,500,1,8,1.0,0.8202789699570815,0.5515632028537538,0.0,0.2883516252040863,0.016658717766404152,0,0,46,45,-1,perm_test,0.004975124378109453,0.42871359982561413,45,45,0,0.0,0.003093983978033066,0,0.0,0.0,0.0,0.0,0,none,0,1,0,overconfident,0.95,0,mild_drift,0.9558290322582446,0.001345161290320398,0.7806451612912322,0.8520967741937939,1768237753.4623888,0.15979944169521332,0.18548676371574402
234,14976,14975,sea_nodrift,sea,ts_drift_adapt,1,"error_divergence_ph_meta@error.threshold=0.10,error.min_instances=5",error_divergence_ph_meta,"{""divergence"": {""alpha"": 0.1, ""delta"": 0.005, ""min_instances"": 30, ""threshold"": 0.05}, ""error_rate"": {""alpha"": 0.15, ""delta"": 0.005, ""min_instances"": 5, ""threshold"": 0.1}}","{""error_rate"": {""min_instances"": 5, ""threshold"": 0.1}}",0.1,0.005,0.15,5,0.05,0.005,0.1,30,,,,-1,two_stage,2,0.5,"__confirm_cooldown=200,__confirm_rule=perm_test,__perm_alpha=0.03,__perm_min_effect=0,__perm_n_perm=200,__perm_post_n=10,__perm_pre_n=500,__perm_rng_seed=0,__perm_side=two_sided,__perm_stat=vote_score,divergence=0.3,error_rate=0.5,teacher_entropy=0.2",3,0,200,0.0,0,10000,10.0,25.0,200,500,0,0,1.0,0.820579594017094,0.5526365536198957,0.0,0.31467482447624207,0.017058348283171654,0,0,46,45,-1,perm_test,0.004975124378109453,0.42871359982561413,45,45,0,0.0,0.00039963051676750183,0,0.0,0.0,0.0,0.0,0,none,0,1,0,overconfident,0.95,0,mild_drift,0.9580645161291222,0.001322580645160199,0.7903225806456161,0.853548387096897,1768237753.4721608,0.15364708006381989,0.196419358253479
235,15040,15039,sea_nodrift,sea,ts_drift_adapt,1,"error_divergence_ph_meta@error.threshold=0.10,error.min_instances=5",error_divergence_ph_meta,"{""divergence"": {""alpha"": 0.1, ""delta"": 0.005, ""min_instances"": 30, ""threshold"": 0.05}, ""error_rate"": {""alpha"": 0.15, ""delta"": 0.005, ""min_instances"": 5, ""threshold"": 0.1}}","{""error_rate"": {""min_instances"": 5, ""threshold"": 0.1}}",0.1,0.005,0.15,5,0.05,0.005,0.1,30,,,,-1,two_stage,2,0.5,"__confirm_cooldown=200,__confirm_rule=perm_test,__perm_alpha=0.03,__perm_min_effect=0,__perm_n_perm=200,__perm_post_n=10,__perm_pre_n=500,__perm_rng_seed=0,__perm_side=two_sided,__perm_stat=vote_score,divergence=0.3,error_rate=0.5,teacher_entropy=0.2",3,0,200,0.0,0,10000,10.0,25.0,200,500,0,0,1.0,0.8204122340425531,0.55271272533741,0.16666666666666666,0.34054842591285706,0.01696367934346199,1,1,47,46,0,perm_test,0.004975124378109453,0.4565444753439027,46,46,0,0.16666666666666666,0.16666666666666666,1,0.5,0.0,0.0,0.0,0,none,1,1,0,overconfident,0.95,0,severe_drift,0.9245322580645612,0.0016612903225800995,0.6451612903228081,0.8317741935484485,1768237753.4885993,0.45824143290519714,0.19906888902187347
236,15104,15103,sea_nodrift,sea,ts_drift_adapt,1,"error_divergence_ph_meta@error.threshold=0.10,error.min_instances=5",error_divergence_ph_meta,"{""divergence"": {""alpha"": 0.1, ""delta"": 0.005, ""min_instances"": 30, ""threshold"": 0.05}, ""error_rate"": {""alpha"": 0.15, ""delta"": 0.005, ""min_instances"": 5, ""threshold"": 0.1}}","{""error_rate"": {""min_instances"": 5, ""threshold"": 0.1}}",0.1,0.005,0.15,5,0.05,0.005,0.1,30,,,,-1,two_stage,2,0.5,"__confirm_cooldown=200,__confirm_rule=perm_test,__perm_alpha=0.03,__perm_min_effect=0,__perm_n_perm=200,__perm_post_n=10,__perm_pre_n=500,__perm_rng_seed=0,__perm_side=two_sided,__perm_stat=vote_score,divergence=0.3,error_rate=0.5,teacher_entropy=0.2",3,0,200,0.0,0,10000,10.0,25.0,200,500,1,136,1.0,0.8207759533898306,0.5540262620885072,0.16666666666666666,0.2636176347732544,0.010148837231099606,0,0,47,46,-1,perm_test,0.004975124378109453,0.4565444753439027,46,46,0,0.0,0.006814842112362385,0,0.0,0.0,0.0,0.0,0,none,0,1,0,overconfident,0.95,0,mild_drift,0.9424161290322806,0.00148064516129005,0.7225806451614041,0.8433870967742243,1768237753.4984572,0.4046801030635834,0.12302713096141815
237,15168,15167,sea_nodrift,sea,ts_drift_adapt,1,"error_divergence_ph_meta@error.threshold=0.10,error.min_instances=5",error_divergence_ph_meta,"{""divergence"": {""alpha"": 0.1, ""delta"": 0.005, ""min_instances"": 30, ""threshold"": 0.05}, ""error_rate"": {""alpha"": 0.15, ""delta"": 0.005, ""min_instances"": 5, ""threshold"": 0.1}}","{""error_rate"": {""min_instances"": 5, ""threshold"": 0.1}}",0.1,0.005,0.15,5,0.05,0.005,0.1,30,,,,-1,two_stage,2,0.5,"__confirm_cooldown=200,__confirm_rule=perm_test,__perm_alpha=0.03,__perm_min_effect=0,__perm_n_perm=200,__perm_post_n=10,__perm_pre_n=500,__perm_rng_seed=0,__perm_side=two_sided,__perm_stat=vote_score,divergence=0.3,error_rate=0.5,teacher_entropy=0.2",3,0,200,0.0,0,10000,10.0,25.0,200,500,1,72,1.0,0.8210706751054853,0.5546208610180042,0.16666666666666666,0.3509109616279602,0.013522126711905003,0,0,47,46,-1,perm_test,0.004975124378109453,0.4565444753439027,46,46,0,0.0,0.003373289480805397,0,0.0,0.0,0.0,0.0,0,none,0,1,0,overconfident,0.95,0,mild_drift,0.9513580645161402,0.001390322580645025,0.7612903225807021,0.8491935483871121,1768237753.5082204,0.2773619592189789,0.1677861511707306
238,15232,15231,sea_nodrift,sea,ts_drift_adapt,1,"error_divergence_ph_meta@error.threshold=0.10,error.min_instances=5",error_divergence_ph_meta,"{""divergence"": {""alpha"": 0.1, ""delta"": 0.005, ""min_instances"": 30, ""threshold"": 0.05}, ""error_rate"": {""alpha"": 0.15, ""delta"": 0.005, ""min_instances"": 5, ""threshold"": 0.1}}","{""error_rate"": {""min_instances"": 5, ""threshold"": 0.1}}",0.1,0.005,0.15,5,0.05,0.005,0.1,30,,,,-1,two_stage,2,0.5,"__confirm_cooldown=200,__confirm_rule=perm_test,__perm_alpha=0.03,__perm_min_effect=0,__perm_n_perm=200,__perm_post_n=10,__perm_pre_n=500,__perm_rng_seed=0,__perm_side=two_sided,__perm_stat=vote_score,divergence=0.3,error_rate=0.5,teacher_entropy=0.2",3,0,200,0.0,0,10000,10.0,25.0,200,500,1,8,1.0,0.8211659663865546,0.554591426095183,0.3333333333333333,0.3466503322124481,0.008654912002384663,0,0,47,46,-1,perm_test,0.004975124378109453,0.4565444753439027,46,46,0,0.0,0.16666666666666666,0,0.0,0.0,0.0,0.0,0,none,0,1,0,overconfident,0.95,0,mild_drift,0.95582903225807,0.0013451612903225127,0.7806451612903511,0.8520967741935561,1768237753.518023,0.3434787690639496,0.11290711164474487
239,15296,15295,sea_nodrift,sea,ts_drift_adapt,1,"error_divergence_ph_meta@error.threshold=0.10,error.min_instances=5",error_divergence_ph_meta,"{""divergence"": {""alpha"": 0.1, ""delta"": 0.005, ""min_instances"": 30, ""threshold"": 0.05}, ""error_rate"": {""alpha"": 0.15, ""delta"": 0.005, ""min_instances"": 5, ""threshold"": 0.1}}","{""error_rate"": {""min_instances"": 5, ""threshold"": 0.1}}",0.1,0.005,0.15,5,0.05,0.005,0.1,30,,,,-1,two_stage,2,0.5,"__confirm_cooldown=200,__confirm_rule=perm_test,__perm_alpha=0.03,__perm_min_effect=0,__perm_n_perm=200,__perm_post_n=10,__perm_pre_n=500,__perm_rng_seed=0,__perm_side=two_sided,__perm_stat=vote_score,divergence=0.3,error_rate=0.5,teacher_entropy=0.2",3,0,200,0.0,0,10000,10.0,25.0,200,500,0,0,1.0,0.821260460251046,0.5548723663989014,0.0,0.3528413474559784,0.010374442674219608,0,0,47,46,-1,perm_test,0.004975124378109453,0.4565444753439027,46,46,0,0.0,0.3333333333333333,0,0.0,0.0,0.0,0.0,0,none,0,1,0,overconfident,0.95,0,mild_drift,0.958064516129035,0.0013225806451612563,0.7903225806451756,0.853548387096778,1768237753.527838,0.14754009246826172,0.1227571964263916
240,15360,15359,sea_nodrift,sea,ts_drift_adapt,1,"error_divergence_ph_meta@error.threshold=0.10,error.min_instances=5",error_divergence_ph_meta,"{""divergence"": {""alpha"": 0.1, ""delta"": 0.005, ""min_instances"": 30, ""threshold"": 0.05}, ""error_rate"": {""alpha"": 0.15, ""delta"": 0.005, ""min_instances"": 5, ""threshold"": 0.1}}","{""error_rate"": {""min_instances"": 5, ""threshold"": 0.1}}",0.1,0.005,0.15,5,0.05,0.005,0.1,30,,,,-1,two_stage,2,0.5,"__confirm_cooldown=200,__confirm_rule=perm_test,__perm_alpha=0.03,__perm_min_effect=0,__perm_n_perm=200,__perm_post_n=10,__perm_pre_n=500,__perm_rng_seed=0,__perm_side=two_sided,__perm_stat=vote_score,divergence=0.3,error_rate=0.5,teacher_entropy=0.2",3,0,200,0.0,0,10000,10.0,25.0,200,500,0,0,1.0,0.8218098958333333,0.5561583197827515,0.0,0.32879334688186646,0.0095978993922472,1,1,48,47,0,perm_test,0.004975124378109453,0.44431396232049364,47,47,0,0.16666666666666666,0.0007765432819724083,1,0.5,0.0,0.0,0.0,0,none,1,1,0,overconfident,0.95,0,severe_drift,0.9245322580645174,0.0016612903225806282,0.6451612903225878,0.8317741935483891,1768237753.544341,0.14342635869979858,0.10676932334899902
241,15424,15423,sea_nodrift,sea,ts_drift_adapt,1,"error_divergence_ph_meta@error.threshold=0.10,error.min_instances=5",error_divergence_ph_meta,"{""divergence"": {""alpha"": 0.1, ""delta"": 0.005, ""min_instances"": 30, ""threshold"": 0.05}, ""error_rate"": {""alpha"": 0.15, ""delta"": 0.005, ""min_instances"": 5, ""threshold"": 0.1}}","{""error_rate"": {""min_instances"": 5, ""threshold"": 0.1}}",0.1,0.005,0.15,5,0.05,0.005,0.1,30,,,,-1,two_stage,2,0.5,"__confirm_cooldown=200,__confirm_rule=perm_test,__perm_alpha=0.03,__perm_min_effect=0,__perm_n_perm=200,__perm_post_n=10,__perm_pre_n=500,__perm_rng_seed=0,__perm_side=two_sided,__perm_stat=vote_score,divergence=0.3,error_rate=0.5,teacher_entropy=0.2",3,0,200,0.0,0,10000,10.0,25.0,200,500,1,136,1.0,0.8218360995850622,0.5562424388212485,0.0,0.3340136706829071,0.009479174390435219,0,0,48,47,-1,perm_test,0.004975124378109453,0.44431396232049364,47,47,0,0.0,0.0001187250018119812,0,0.0,0.0,0.0,0.0,0,none,0,1,0,overconfident,0.95,0,mild_drift,0.9424161290322587,0.001480645161290314,0.7225806451612939,0.8433870967741945,1768237753.5541854,0.0280641857534647,0.10310730338096619
242,15488,15487,sea_nodrift,sea,ts_drift_adapt,1,"error_divergence_ph_meta@error.threshold=0.10,error.min_instances=5",error_divergence_ph_meta,"{""divergence"": {""alpha"": 0.1, ""delta"": 0.005, ""min_instances"": 30, ""threshold"": 0.05}, ""error_rate"": {""alpha"": 0.15, ""delta"": 0.005, ""min_instances"": 5, ""threshold"": 0.1}}","{""error_rate"": {""min_instances"": 5, ""threshold"": 0.1}}",0.1,0.005,0.15,5,0.05,0.005,0.1,30,,,,-1,two_stage,2,0.5,"__confirm_cooldown=200,__confirm_rule=perm_test,__perm_alpha=0.03,__perm_min_effect=0,__perm_n_perm=200,__perm_post_n=10,__perm_pre_n=500,__perm_rng_seed=0,__perm_side=two_sided,__perm_stat=vote_score,divergence=0.3,error_rate=0.5,teacher_entropy=0.2",3,0,200,0.0,0,10000,10.0,25.0,200,500,1,72,1.0,0.8223140495867769,0.5573897388090198,0.0,0.2941475212574005,0.007677342277020216,0,0,48,47,-1,perm_test,0.004975124378109453,0.44431396232049364,47,47,0,0.0,0.0018018321134150028,0,0.0,0.0,0.0,0.0,0,none,0,1,0,overconfident,0.95,0,mild_drift,0.9513580645161293,0.0013903225806451572,0.761290322580647,0.8491935483870973,1768237753.563923,0.05352553725242615,0.07919648289680481
243,15552,15551,sea_nodrift,sea,ts_drift_adapt,1,"error_divergence_ph_meta@error.threshold=0.10,error.min_instances=5",error_divergence_ph_meta,"{""divergence"": {""alpha"": 0.1, ""delta"": 0.005, ""min_instances"": 30, ""threshold"": 0.05}, ""error_rate"": {""alpha"": 0.15, ""delta"": 0.005, ""min_instances"": 5, ""threshold"": 0.1}}","{""error_rate"": {""min_instances"": 5, ""threshold"": 0.1}}",0.1,0.005,0.15,5,0.05,0.005,0.1,30,,,,-1,two_stage,2,0.5,"__confirm_cooldown=200,__confirm_rule=perm_test,__perm_alpha=0.03,__perm_min_effect=0,__perm_n_perm=200,__perm_post_n=10,__perm_pre_n=500,__perm_rng_seed=0,__perm_side=two_sided,__perm_stat=vote_score,divergence=0.3,error_rate=0.5,teacher_entropy=0.2",3,0,200,0.0,0,10000,10.0,25.0,200,500,1,8,1.0,0.8225951646090535,0.5581490604430458,0.16666666666666666,0.2680850327014923,0.008735103532671928,0,0,48,47,-1,perm_test,0.004975124378109453,0.44431396232049364,47,47,0,0.0,0.16666666666666666,0,0.0,0.0,0.0,0.0,0,none,0,1,0,overconfident,0.95,0,mild_drift,0.9558290322580646,0.0013451612903225786,0.7806451612903236,0.8520967741935486,1768237753.573729,0.399877667427063,0.09185230731964111
244,15616,15615,sea_nodrift,sea,ts_drift_adapt,1,"error_divergence_ph_meta@error.threshold=0.10,error.min_instances=5",error_divergence_ph_meta,"{""divergence"": {""alpha"": 0.1, ""delta"": 0.005, ""min_instances"": 30, ""threshold"": 0.05}, ""error_rate"": {""alpha"": 0.15, ""delta"": 0.005, ""min_instances"": 5, ""threshold"": 0.1}}","{""error_rate"": {""min_instances"": 5, ""threshold"": 0.1}}",0.1,0.005,0.15,5,0.05,0.005,0.1,30,,,,-1,two_stage,2,0.5,"__confirm_cooldown=200,__confirm_rule=perm_test,__perm_alpha=0.03,__perm_min_effect=0,__perm_n_perm=200,__perm_post_n=10,__perm_pre_n=500,__perm_rng_seed=0,__perm_side=two_sided,__perm_stat=vote_score,divergence=0.3,error_rate=0.5,teacher_entropy=0.2",3,0,200,0.0,0,10000,10.0,25.0,200,500,0,0,1.0,0.8226818647540983,0.5583574908397438,0.0,0.2888186573982239,0.012036370113492012,0,0,48,47,-1,perm_test,0.004975124378109453,0.44431396232049364,47,47,0,0.0,0.16666666666666666,0,0.0,0.0,0.0,0.0,0,none,0,1,0,overconfident,0.95,0,mild_drift,0.9580645161290322,0.0013225806451612893,0.7903225806451618,0.8535483870967743,1768237753.5835886,0.03922875598073006,0.10838348418474197
245,15680,15679,sea_nodrift,sea,ts_drift_adapt,1,"error_divergence_ph_meta@error.threshold=0.10,error.min_instances=5",error_divergence_ph_meta,"{""divergence"": {""alpha"": 0.1, ""delta"": 0.005, ""min_instances"": 30, ""threshold"": 0.05}, ""error_rate"": {""alpha"": 0.15, ""delta"": 0.005, ""min_instances"": 5, ""threshold"": 0.1}}","{""error_rate"": {""min_instances"": 5, ""threshold"": 0.1}}",0.1,0.005,0.15,5,0.05,0.005,0.1,30,,,,-1,two_stage,2,0.5,"__confirm_cooldown=200,__confirm_rule=perm_test,__perm_alpha=0.03,__perm_min_effect=0,__perm_n_perm=200,__perm_post_n=10,__perm_pre_n=500,__perm_rng_seed=0,__perm_side=two_sided,__perm_stat=vote_score,divergence=0.3,error_rate=0.5,teacher_entropy=0.2",3,0,200,0.0,0,10000,10.0,25.0,200,500,0,0,1.0,0.8225765306122449,0.5580102973568908,0.16666666666666666,0.3106427788734436,0.01145388837903738,1,1,49,48,0,perm_test,0.004975124378109453,0.4188065789785841,48,48,0,0.16666666666666666,0.16666666666666666,1,0.5,0.0,0.0,0.0,0,none,1,1,0,overconfident,0.95,0,severe_drift,0.9245322580645161,0.0016612903225806447,0.645161290322581,0.8317741935483871,1768237753.600111,0.15541888773441315,0.08868289738893509
246,15744,15743,sea_nodrift,sea,ts_drift_adapt,1,"error_divergence_ph_meta@error.threshold=0.10,error.min_instances=5",error_divergence_ph_meta,"{""divergence"": {""alpha"": 0.1, ""delta"": 0.005, ""min_instances"": 30, ""threshold"": 0.05}, ""error_rate"": {""alpha"": 0.15, ""delta"": 0.005, ""min_instances"": 5, ""threshold"": 0.1}}","{""error_rate"": {""min_instances"": 5, ""threshold"": 0.1}}",0.1,0.005,0.15,5,0.05,0.005,0.1,30,,,,-1,two_stage,2,0.5,"__confirm_cooldown=200,__confirm_rule=perm_test,__perm_alpha=0.03,__perm_min_effect=0,__perm_n_perm=200,__perm_post_n=10,__perm_pre_n=500,__perm_rng_seed=0,__perm_side=two_sided,__perm_stat=vote_score,divergence=0.3,error_rate=0.5,teacher_entropy=0.2",3,0,200,0.0,0,10000,10.0,25.0,200,500,1,136,1.0,0.8226626016260162,0.5585963658518087,0.0,0.3212849795818329,0.006349995732307434,0,0,49,48,-1,perm_test,0.004975124378109453,0.4188065789785841,48,48,0,0.0,0.16666666666666666,0,0.0,0.0,0.0,0.0,0,none,0,1,0,overconfident,0.95,0,mild_drift,0.942416129032258,0.0014806451612903223,0.7225806451612905,0.8433870967741935,1768237753.6098466,0.1846049427986145,0.07925784587860107
247,15808,15807,sea_nodrift,sea,ts_drift_adapt,1,"error_divergence_ph_meta@error.threshold=0.10,error.min_instances=5",error_divergence_ph_meta,"{""divergence"": {""alpha"": 0.1, ""delta"": 0.005, ""min_instances"": 30, ""threshold"": 0.05}, ""error_rate"": {""alpha"": 0.15, ""delta"": 0.005, ""min_instances"": 5, ""threshold"": 0.1}}","{""error_rate"": {""min_instances"": 5, ""threshold"": 0.1}}",0.1,0.005,0.15,5,0.05,0.005,0.1,30,,,,-1,two_stage,2,0.5,"__confirm_cooldown=200,__confirm_rule=perm_test,__perm_alpha=0.03,__perm_min_effect=0,__perm_n_perm=200,__perm_post_n=10,__perm_pre_n=500,__perm_rng_seed=0,__perm_side=two_sided,__perm_stat=vote_score,divergence=0.3,error_rate=0.5,teacher_entropy=0.2",3,0,200,0.0,0,10000,10.0,25.0,200,500,1,72,1.0,0.8226214574898786,0.558423023735353,0.16666666666666666,0.330221563577652,0.011185466311872005,0,0,49,48,-1,perm_test,0.004975124378109453,0.4188065789785841,48,48,0,0.0,0.16666666666666666,0,0.0,0.0,0.0,0.0,0,none,0,1,0,overconfident,0.95,0,mild_drift,0.951358064516129,0.0013903225806451611,0.7612903225806453,0.8491935483870967,1768237753.6193814,0.26401087641716003,0.12050621211528778
248,15872,15871,sea_nodrift,sea,ts_drift_adapt,1,"error_divergence_ph_meta@error.threshold=0.10,error.min_instances=5",error_divergence_ph_meta,"{""divergence"": {""alpha"": 0.1, ""delta"": 0.005, ""min_instances"": 30, ""threshold"": 0.05}, ""error_rate"": {""alpha"": 0.15, ""delta"": 0.005, ""min_instances"": 5, ""threshold"": 0.1}}","{""error_rate"": {""min_instances"": 5, ""threshold"": 0.1}}",0.1,0.005,0.15,5,0.05,0.005,0.1,30,,,,-1,two_stage,2,0.5,"__confirm_cooldown=200,__confirm_rule=perm_test,__perm_alpha=0.03,__perm_min_effect=0,__perm_n_perm=200,__perm_post_n=10,__perm_pre_n=500,__perm_rng_seed=0,__perm_side=two_sided,__perm_stat=vote_score,divergence=0.3,error_rate=0.5,teacher_entropy=0.2",3,0,200,0.0,0,10000,10.0,25.0,200,500,1,8,1.0,0.8228956653225806,0.558974858591041,0.16666666666666666,0.32350000739097595,0.008929703384637833,0,0,49,48,-1,perm_test,0.004975124378109453,0.4188065789785841,48,48,0,0.0,0.002255762927234173,0,0.0,0.0,0.0,0.0,0,none,0,1,0,overconfident,0.95,0,mild_drift,0.9558290322580645,0.0013451612903225807,0.7806451612903227,0.8520967741935483,1768237753.6290717,0.4455249309539795,0.09428995102643967
249,15936,15935,sea_nodrift,sea,ts_drift_adapt,1,"error_divergence_ph_meta@error.threshold=0.10,error.min_instances=5",error_divergence_ph_meta,"{""divergence"": {""alpha"": 0.1, ""delta"": 0.005, ""min_instances"": 30, ""threshold"": 0.05}, ""error_rate"": {""alpha"": 0.15, ""delta"": 0.005, ""min_instances"": 5, ""threshold"": 0.1}}","{""error_rate"": {""min_instances"": 5, ""threshold"": 0.1}}",0.1,0.005,0.15,5,0.05,0.005,0.1,30,,,,-1,two_stage,2,0.5,"__confirm_cooldown=200,__confirm_rule=perm_test,__perm_alpha=0.03,__perm_min_effect=0,__perm_n_perm=200,__perm_post_n=10,__perm_pre_n=500,__perm_rng_seed=0,__perm_side=two_sided,__perm_stat=vote_score,divergence=0.3,error_rate=0.5,teacher_entropy=0.2",3,0,200,0.0,0,10000,10.0,25.0,200,500,0,0,1.0,0.8233559236947792,0.5597561947411583,0.0,0.2832358777523041,0.009419500827789307,0,0,49,48,-1,perm_test,0.004975124378109453,0.4188065789785841,48,48,0,0.0,0.16666666666666666,0,0.0,0.0,0.0,0.0,0,none,0,1,0,overconfident,0.95,0,mild_drift,0.9580645161290322,0.0013225806451612906,0.7903225806451614,0.8535483870967742,1768237753.638856,0.13664211332798004,0.09393517673015594
250,16000,15999,sea_nodrift,sea,ts_drift_adapt,1,"error_divergence_ph_meta@error.threshold=0.10,error.min_instances=5",error_divergence_ph_meta,"{""divergence"": {""alpha"": 0.1, ""delta"": 0.005, ""min_instances"": 30, ""threshold"": 0.05}, ""error_rate"": {""alpha"": 0.15, ""delta"": 0.005, ""min_instances"": 5, ""threshold"": 0.1}}","{""error_rate"": {""min_instances"": 5, ""threshold"": 0.1}}",0.1,0.005,0.15,5,0.05,0.005,0.1,30,,,,-1,two_stage,2,0.5,"__confirm_cooldown=200,__confirm_rule=perm_test,__perm_alpha=0.03,__perm_min_effect=0,__perm_n_perm=200,__perm_post_n=10,__perm_pre_n=500,__perm_rng_seed=0,__perm_side=two_sided,__perm_stat=vote_score,divergence=0.3,error_rate=0.5,teacher_entropy=0.2",3,0,200,0.0,0,10000,10.0,25.0,200,500,0,0,1.0,0.8235625,0.5604781415527398,0.0,0.32438141107559204,0.009829173795878887,1,1,50,49,0,perm_test,0.004975124378109453,0.41644262569097823,49,49,0,0.16666666666666666,0.00040967296808958054,1,0.5,0.0,0.0,0.0,0,none,1,1,0,overconfident,0.95,0,severe_drift,0.9245322580645161,0.0016612903225806453,0.6451612903225807,0.8317741935483871,1768237753.6552982,0.09396884590387344,0.10975725948810577
251,16064,16063,sea_nodrift,sea,ts_drift_adapt,1,"error_divergence_ph_meta@error.threshold=0.10,error.min_instances=5",error_divergence_ph_meta,"{""divergence"": {""alpha"": 0.1, ""delta"": 0.005, ""min_instances"": 30, ""threshold"": 0.05}, ""error_rate"": {""alpha"": 0.15, ""delta"": 0.005, ""min_instances"": 5, ""threshold"": 0.1}}","{""error_rate"": {""min_instances"": 5, ""threshold"": 0.1}}",0.1,0.005,0.15,5,0.05,0.005,0.1,30,,,,-1,two_stage,2,0.5,"__confirm_cooldown=200,__confirm_rule=perm_test,__perm_alpha=0.03,__perm_min_effect=0,__perm_n_perm=200,__perm_post_n=10,__perm_pre_n=500,__perm_rng_seed=0,__perm_side=two_sided,__perm_stat=vote_score,divergence=0.3,error_rate=0.5,teacher_entropy=0.2",3,0,200,0.0,0,10000,10.0,25.0,200,500,1,136,1.0,0.8237674302788844,0.5608859483376786,0.0,0.31269213557243347,0.009766253642737865,0,0,50,49,-1,perm_test,0.004975124378109453,0.41644262569097823,49,49,0,0.0,6.292015314102173e-05,0,0.0,0.0,0.0,0.0,0,none,0,1,0,overconfident,0.95,0,mild_drift,0.942416129032258,0.0014806451612903227,0.7225806451612904,0.8433870967741935,1768237753.6650052,0.057137344032526016,0.12073078751564026
252,16128,16127,sea_nodrift,sea,ts_drift_adapt,1,"error_divergence_ph_meta@error.threshold=0.10,error.min_instances=5",error_divergence_ph_meta,"{""divergence"": {""alpha"": 0.1, ""delta"": 0.005, ""min_instances"": 30, ""threshold"": 0.05}, ""error_rate"": {""alpha"": 0.15, ""delta"": 0.005, ""min_instances"": 5, ""threshold"": 0.1}}","{""error_rate"": {""min_instances"": 5, ""threshold"": 0.1}}",0.1,0.005,0.15,5,0.05,0.005,0.1,30,,,,-1,two_stage,2,0.5,"__confirm_cooldown=200,__confirm_rule=perm_test,__perm_alpha=0.03,__perm_min_effect=0,__perm_n_perm=200,__perm_post_n=10,__perm_pre_n=500,__perm_rng_seed=0,__perm_side=two_sided,__perm_stat=vote_score,divergence=0.3,error_rate=0.5,teacher_entropy=0.2",3,0,200,0.0,0,10000,10.0,25.0,200,500,1,72,1.0,0.8240947420634921,0.5613043073067855,0.0,0.23758745193481445,0.004209102597087622,0,0,50,49,-1,perm_test,0.004975124378109453,0.41644262569097823,49,49,0,0.0,0.005557151045650244,0,0.0,0.0,0.0,0.0,0,none,0,1,0,overconfident,0.95,0,mild_drift,0.951358064516129,0.0013903225806451616,0.7612903225806452,0.8491935483870967,1768237753.6748211,0.20073948800563812,0.05957484990358353
253,16192,16191,sea_nodrift,sea,ts_drift_adapt,1,"error_divergence_ph_meta@error.threshold=0.10,error.min_instances=5",error_divergence_ph_meta,"{""divergence"": {""alpha"": 0.1, ""delta"": 0.005, ""min_instances"": 30, ""threshold"": 0.05}, ""error_rate"": {""alpha"": 0.15, ""delta"": 0.005, ""min_instances"": 5, ""threshold"": 0.1}}","{""error_rate"": {""min_instances"": 5, ""threshold"": 0.1}}",0.1,0.005,0.15,5,0.05,0.005,0.1,30,,,,-1,two_stage,2,0.5,"__confirm_cooldown=200,__confirm_rule=perm_test,__perm_alpha=0.03,__perm_min_effect=0,__perm_n_perm=200,__perm_post_n=10,__perm_pre_n=500,__perm_rng_seed=0,__perm_side=two_sided,__perm_stat=vote_score,divergence=0.3,error_rate=0.5,teacher_entropy=0.2",3,0,200,0.0,0,10000,10.0,25.0,200,500,1,8,1.0,0.8242341897233202,0.5614930192002633,0.0,0.2983485460281372,0.0098265390843153,0,0,50,49,-1,perm_test,0.004975124378109453,0.41644262569097823,49,49,0,0.0,0.005617436487227678,0,0.0,0.0,0.0,0.0,0,none,0,1,0,overconfident,0.95,0,mild_drift,0.9558290322580645,0.0013451612903225807,0.7806451612903227,0.8520967741935483,1768237753.68471,0.03802856057882309,0.10656623542308807
254,16256,16255,sea_nodrift,sea,ts_drift_adapt,1,"error_divergence_ph_meta@error.threshold=0.10,error.min_instances=5",error_divergence_ph_meta,"{""divergence"": {""alpha"": 0.1, ""delta"": 0.005, ""min_instances"": 30, ""threshold"": 0.05}, ""error_rate"": {""alpha"": 0.15, ""delta"": 0.005, ""min_instances"": 5, ""threshold"": 0.1}}","{""error_rate"": {""min_instances"": 5, ""threshold"": 0.1}}",0.1,0.005,0.15,5,0.05,0.005,0.1,30,,,,-1,two_stage,2,0.5,"__confirm_cooldown=200,__confirm_rule=perm_test,__perm_alpha=0.03,__perm_min_effect=0,__perm_n_perm=200,__perm_post_n=10,__perm_pre_n=500,__perm_rng_seed=0,__perm_side=two_sided,__perm_stat=vote_score,divergence=0.3,error_rate=0.5,teacher_entropy=0.2",3,0,200,0.0,0,10000,10.0,25.0,200,500,0,0,1.0,0.8242495078740157,0.5616737885384142,0.0,0.2655659317970276,0.009245244786143303,0,0,50,49,-1,perm_test,0.004975124378109453,0.41644262569097823,49,49,0,0.0,0.0005812942981719971,0,0.0,0.0,0.0,0.0,0,none,0,1,0,overconfident,0.95,0,mild_drift,0.9580645161290322,0.0013225806451612906,0.7903225806451614,0.8535483870967742,1768237753.694644,0.06462680548429489,0.09331080317497253
255,16320,16319,sea_nodrift,sea,ts_drift_adapt,1,"error_divergence_ph_meta@error.threshold=0.10,error.min_instances=5",error_divergence_ph_meta,"{""divergence"": {""alpha"": 0.1, ""delta"": 0.005, ""min_instances"": 30, ""threshold"": 0.05}, ""error_rate"": {""alpha"": 0.15, ""delta"": 0.005, ""min_instances"": 5, ""threshold"": 0.1}}","{""error_rate"": {""min_instances"": 5, ""threshold"": 0.1}}",0.1,0.005,0.15,5,0.05,0.005,0.1,30,,,,-1,two_stage,2,0.5,"__confirm_cooldown=200,__confirm_rule=perm_test,__perm_alpha=0.03,__perm_min_effect=0,__perm_n_perm=200,__perm_post_n=10,__perm_pre_n=500,__perm_rng_seed=0,__perm_side=two_sided,__perm_stat=vote_score,divergence=0.3,error_rate=0.5,teacher_entropy=0.2",3,0,200,0.0,0,10000,10.0,25.0,200,500,0,0,1.0,0.8245710784313726,0.5623767748856006,0.0,0.26495787501335144,0.012183887884020805,0,0,50,49,-1,perm_test,0.004975124378109453,0.41644262569097823,49,49,0,0.0,0.0029386430978775024,0,0.0,0.0,0.0,0.0,0,none,0,1,0,overconfident,0.95,0,mild_drift,0.9591822580645161,0.0013112903225806455,0.7951612903225806,0.8542741935483871,1768237753.7047362,0.028771013021469116,0.12534645199775696
256,16384,16383,sea_nodrift,sea,ts_drift_adapt,1,"error_divergence_ph_meta@error.threshold=0.10,error.min_instances=5",error_divergence_ph_meta,"{""divergence"": {""alpha"": 0.1, ""delta"": 0.005, ""min_instances"": 30, ""threshold"": 0.05}, ""error_rate"": {""alpha"": 0.15, ""delta"": 0.005, ""min_instances"": 5, ""threshold"": 0.1}}","{""error_rate"": {""min_instances"": 5, ""threshold"": 0.1}}",0.1,0.005,0.15,5,0.05,0.005,0.1,30,,,,-1,two_stage,2,0.5,"__confirm_cooldown=200,__confirm_rule=perm_test,__perm_alpha=0.03,__perm_min_effect=0,__perm_n_perm=200,__perm_post_n=10,__perm_pre_n=500,__perm_rng_seed=0,__perm_side=two_sided,__perm_stat=vote_score,divergence=0.3,error_rate=0.5,teacher_entropy=0.2",3,0,200,0.0,0,10000,10.0,25.0,200,500,0,0,1.0,0.82476806640625,0.5630111816678691,0.16666666666666666,0.27317723631858826,0.006520348601043224,1,1,51,50,0,perm_test,0.004975124378109453,0.4296565091331506,50,50,0,0.16666666666666666,0.16666666666666666,1,0.5,0.0,0.0,0.0,0,none,1,1,0,overconfident,0.95,0,severe_drift,0.9250911290322581,0.0016556451612903228,0.6475806451612903,0.8321370967741936,1768237753.7231758,0.32757875323295593,0.07243415713310242
257,16448,16447,sea_nodrift,sea,ts_drift_adapt,1,"error_divergence_ph_meta@error.threshold=0.10,error.min_instances=5",error_divergence_ph_meta,"{""divergence"": {""alpha"": 0.1, ""delta"": 0.005, ""min_instances"": 30, ""threshold"": 0.05}, ""error_rate"": {""alpha"": 0.15, ""delta"": 0.005, ""min_instances"": 5, ""threshold"": 0.1}}","{""error_rate"": {""min_instances"": 5, ""threshold"": 0.1}}",0.1,0.005,0.15,5,0.05,0.005,0.1,30,,,,-1,two_stage,2,0.5,"__confirm_cooldown=200,__confirm_rule=perm_test,__perm_alpha=0.03,__perm_min_effect=0,__perm_n_perm=200,__perm_post_n=10,__perm_pre_n=500,__perm_rng_seed=0,__perm_side=two_sided,__perm_stat=vote_score,divergence=0.3,error_rate=0.5,teacher_entropy=0.2",3,0,200,0.0,0,10000,10.0,25.0,200,500,1,136,1.0,0.8251459143968871,0.5638909154223191,0.0,0.23545025289058685,0.005826001986861229,0,0,51,50,-1,perm_test,0.004975124378109453,0.4296565091331506,50,50,0,0.0,0.16666666666666666,0,0.0,0.0,0.0,0.0,0,none,0,1,0,overconfident,0.95,0,mild_drift,0.942695564516129,0.0014778225806451615,0.7237903225806452,0.8435685483870967,1768237753.7330923,0.1641085296869278,0.08076651394367218
258,16512,16511,sea_nodrift,sea,ts_drift_adapt,1,"error_divergence_ph_meta@error.threshold=0.10,error.min_instances=5",error_divergence_ph_meta,"{""divergence"": {""alpha"": 0.1, ""delta"": 0.005, ""min_instances"": 30, ""threshold"": 0.05}, ""error_rate"": {""alpha"": 0.15, ""delta"": 0.005, ""min_instances"": 5, ""threshold"": 0.1}}","{""error_rate"": {""min_instances"": 5, ""threshold"": 0.1}}",0.1,0.005,0.15,5,0.05,0.005,0.1,30,,,,-1,two_stage,2,0.5,"__confirm_cooldown=200,__confirm_rule=perm_test,__perm_alpha=0.03,__perm_min_effect=0,__perm_n_perm=200,__perm_post_n=10,__perm_pre_n=500,__perm_rng_seed=0,__perm_side=two_sided,__perm_stat=vote_score,divergence=0.3,error_rate=0.5,teacher_entropy=0.2",3,0,200,0.0,0,10000,10.0,25.0,200,500,1,72,1.0,0.825218023255814,0.5640926750483655,0.0,0.3059777021408081,0.006923014763742685,0,0,51,50,-1,perm_test,0.004975124378109453,0.4296565091331506,50,50,0,0.0,0.0010970127768814564,0,0.0,0.0,0.0,0.0,0,none,0,1,0,overconfident,0.95,0,mild_drift,0.9514977822580645,0.0013889112903225807,0.7618951612903226,0.8492842741935483,1768237753.7429206,0.08089492470026016,0.0716148167848587
259,16576,16575,sea_nodrift,sea,ts_drift_adapt,1,"error_divergence_ph_meta@error.threshold=0.10,error.min_instances=5",error_divergence_ph_meta,"{""divergence"": {""alpha"": 0.1, ""delta"": 0.005, ""min_instances"": 30, ""threshold"": 0.05}, ""error_rate"": {""alpha"": 0.15, ""delta"": 0.005, ""min_instances"": 5, ""threshold"": 0.1}}","{""error_rate"": {""min_instances"": 5, ""threshold"": 0.1}}",0.1,0.005,0.15,5,0.05,0.005,0.1,30,,,,-1,two_stage,2,0.5,"__confirm_cooldown=200,__confirm_rule=perm_test,__perm_alpha=0.03,__perm_min_effect=0,__perm_n_perm=200,__perm_post_n=10,__perm_pre_n=500,__perm_rng_seed=0,__perm_side=two_sided,__perm_stat=vote_score,divergence=0.3,error_rate=0.5,teacher_entropy=0.2",3,0,200,0.0,0,10000,10.0,25.0,200,500,1,8,1.0,0.8251085907335908,0.5636168250004613,0.0,0.3023199141025543,0.016107676550745964,0,0,51,50,-1,perm_test,0.004975124378109453,0.4296565091331506,50,50,0,0.0,0.009184661787003279,0,0.0,0.0,0.0,0.0,0,none,0,1,0,overconfident,0.95,0,mild_drift,0.9558988911290323,0.0013444556451612903,0.7809475806451613,0.8521421370967741,1768237753.7527046,0.017485005781054497,0.13059616088867188
260,16640,16639,sea_nodrift,sea,ts_drift_adapt,1,"error_divergence_ph_meta@error.threshold=0.10,error.min_instances=5",error_divergence_ph_meta,"{""divergence"": {""alpha"": 0.1, ""delta"": 0.005, ""min_instances"": 30, ""threshold"": 0.05}, ""error_rate"": {""alpha"": 0.15, ""delta"": 0.005, ""min_instances"": 5, ""threshold"": 0.1}}","{""error_rate"": {""min_instances"": 5, ""threshold"": 0.1}}",0.1,0.005,0.15,5,0.05,0.005,0.1,30,,,,-1,two_stage,2,0.5,"__confirm_cooldown=200,__confirm_rule=perm_test,__perm_alpha=0.03,__perm_min_effect=0,__perm_n_perm=200,__perm_post_n=10,__perm_pre_n=500,__perm_rng_seed=0,__perm_side=two_sided,__perm_stat=vote_score,divergence=0.3,error_rate=0.5,teacher_entropy=0.2",3,0,200,0.0,0,10000,10.0,25.0,200,500,0,0,1.0,0.8254206730769231,0.5643478908194849,0.0,0.2755894064903259,0.013969886116683483,0,0,51,50,-1,perm_test,0.004975124378109453,0.4296565091331506,50,50,0,0.0,0.002137790434062481,0,0.0,0.0,0.0,0.0,0,none,0,1,0,overconfident,0.95,0,mild_drift,0.9580994455645161,0.0013222278225806451,0.7904737903225807,0.853571068548387,1768237753.7626276,0.060301389545202255,0.11039318144321442
261,16704,16703,sea_nodrift,sea,ts_drift_adapt,1,"error_divergence_ph_meta@error.threshold=0.10,error.min_instances=5",error_divergence_ph_meta,"{""divergence"": {""alpha"": 0.1, ""delta"": 0.005, ""min_instances"": 30, ""threshold"": 0.05}, ""error_rate"": {""alpha"": 0.15, ""delta"": 0.005, ""min_instances"": 5, ""threshold"": 0.1}}","{""error_rate"": {""min_instances"": 5, ""threshold"": 0.1}}",0.1,0.005,0.15,5,0.05,0.005,0.1,30,,,,-1,two_stage,2,0.5,"__confirm_cooldown=200,__confirm_rule=perm_test,__perm_alpha=0.03,__perm_min_effect=0,__perm_n_perm=200,__perm_post_n=10,__perm_pre_n=500,__perm_rng_seed=0,__perm_side=two_sided,__perm_stat=vote_score,divergence=0.3,error_rate=0.5,teacher_entropy=0.2",3,0,200,0.0,0,10000,10.0,25.0,200,500,0,0,1.0,0.8253711685823755,0.5644083786236063,0.3333333333333333,0.3006184995174408,0.012134754098951817,1,1,52,51,0,perm_test,0.004975124378109453,0.4336904007897709,51,51,0,0.16666666666666666,0.3333333333333333,1,0.5,0.0,0.0,0.0,0,none,1,1,0,overconfident,0.95,0,severe_drift,0.9245497227822581,0.0016611139112903226,0.6452368951612903,0.8317855342741935,1768237753.7791803,0.7283163070678711,0.09113748371601105
262,16768,16767,sea_nodrift,sea,ts_drift_adapt,1,"error_divergence_ph_meta@error.threshold=0.10,error.min_instances=5",error_divergence_ph_meta,"{""divergence"": {""alpha"": 0.1, ""delta"": 0.005, ""min_instances"": 30, ""threshold"": 0.05}, ""error_rate"": {""alpha"": 0.15, ""delta"": 0.005, ""min_instances"": 5, ""threshold"": 0.1}}","{""error_rate"": {""min_instances"": 5, ""threshold"": 0.1}}",0.1,0.005,0.15,5,0.05,0.005,0.1,30,,,,-1,two_stage,2,0.5,"__confirm_cooldown=200,__confirm_rule=perm_test,__perm_alpha=0.03,__perm_min_effect=0,__perm_n_perm=200,__perm_post_n=10,__perm_pre_n=500,__perm_rng_seed=0,__perm_side=two_sided,__perm_stat=vote_score,divergence=0.3,error_rate=0.5,teacher_entropy=0.2",3,0,200,0.0,0,10000,10.0,25.0,200,500,1,136,1.0,0.8255009541984732,0.5647516526481865,0.16666666666666666,0.2620351016521454,0.008539344184100628,0,0,52,51,-1,perm_test,0.004975124378109453,0.4336904007897709,51,51,0,0.0,0.16666666666666666,0,0.0,0.0,0.0,0.0,0,none,0,1,0,overconfident,0.95,0,mild_drift,0.942424861391129,0.0014805569556451614,0.7226184475806452,0.8433927671370968,1768237753.7889981,0.346853107213974,0.08534149080514908
263,16832,16831,sea_nodrift,sea,ts_drift_adapt,1,"error_divergence_ph_meta@error.threshold=0.10,error.min_instances=5",error_divergence_ph_meta,"{""divergence"": {""alpha"": 0.1, ""delta"": 0.005, ""min_instances"": 30, ""threshold"": 0.05}, ""error_rate"": {""alpha"": 0.15, ""delta"": 0.005, ""min_instances"": 5, ""threshold"": 0.1}}","{""error_rate"": {""min_instances"": 5, ""threshold"": 0.1}}",0.1,0.005,0.15,5,0.05,0.005,0.1,30,,,,-1,two_stage,2,0.5,"__confirm_cooldown=200,__confirm_rule=perm_test,__perm_alpha=0.03,__perm_min_effect=0,__perm_n_perm=200,__perm_post_n=10,__perm_pre_n=500,__perm_rng_seed=0,__perm_side=two_sided,__perm_stat=vote_score,divergence=0.3,error_rate=0.5,teacher_entropy=0.2",3,0,200,0.0,0,10000,10.0,25.0,200,500,1,72,1.0,0.8254515209125475,0.5648467484482504,0.0,0.3021422028541565,0.01898992247879505,0,0,52,51,-1,perm_test,0.004975124378109453,0.4336904007897709,51,51,0,0.0,0.16666666666666666,0,0.0,0.0,0.0,0.0,0,none,0,1,0,overconfident,0.95,0,mild_drift,0.9513624306955645,0.0013902784778225808,0.7613092237903226,0.8491963835685483,1768237753.7986479,0.012104292400181293,0.16325069963932037
264,16896,16895,sea_nodrift,sea,ts_drift_adapt,1,"error_divergence_ph_meta@error.threshold=0.10,error.min_instances=5",error_divergence_ph_meta,"{""divergence"": {""alpha"": 0.1, ""delta"": 0.005, ""min_instances"": 30, ""threshold"": 0.05}, ""error_rate"": {""alpha"": 0.15, ""delta"": 0.005, ""min_instances"": 5, ""threshold"": 0.1}}","{""error_rate"": {""min_instances"": 5, ""threshold"": 0.1}}",0.1,0.005,0.15,5,0.05,0.005,0.1,30,,,,-1,two_stage,2,0.5,"__confirm_cooldown=200,__confirm_rule=perm_test,__perm_alpha=0.03,__perm_min_effect=0,__perm_n_perm=200,__perm_post_n=10,__perm_pre_n=500,__perm_rng_seed=0,__perm_side=two_sided,__perm_stat=vote_score,divergence=0.3,error_rate=0.5,teacher_entropy=0.2",3,0,200,0.0,0,10000,10.0,25.0,200,500,1,8,1.0,0.8255800189393939,0.5650262475377046,0.16666666666666666,0.23750542104244232,0.0076134419068694115,0,0,52,51,-1,perm_test,0.004975124378109453,0.4336904007897709,51,51,0,0.0,0.16666666666666666,0,0.0,0.0,0.0,0.0,0,none,0,1,0,overconfident,0.95,0,mild_drift,0.9558312153477821,0.0013451392389112905,0.7806546118951614,0.8520981917842742,1768237753.8083367,0.2534281015396118,0.06915353238582611
265,16960,16959,sea_nodrift,sea,ts_drift_adapt,1,"error_divergence_ph_meta@error.threshold=0.10,error.min_instances=5",error_divergence_ph_meta,"{""divergence"": {""alpha"": 0.1, ""delta"": 0.005, ""min_instances"": 30, ""threshold"": 0.05}, ""error_rate"": {""alpha"": 0.15, ""delta"": 0.005, ""min_instances"": 5, ""threshold"": 0.1}}","{""error_rate"": {""min_instances"": 5, ""threshold"": 0.1}}",0.1,0.005,0.15,5,0.05,0.005,0.1,30,,,,-1,two_stage,2,0.5,"__confirm_cooldown=200,__confirm_rule=perm_test,__perm_alpha=0.03,__perm_min_effect=0,__perm_n_perm=200,__perm_post_n=10,__perm_pre_n=500,__perm_rng_seed=0,__perm_side=two_sided,__perm_stat=vote_score,divergence=0.3,error_rate=0.5,teacher_entropy=0.2",3,0,200,0.0,0,10000,10.0,25.0,200,500,0,0,1.0,0.8258844339622642,0.5657379299341796,0.0,0.26068317890167236,0.01156987901777029,0,0,52,51,-1,perm_test,0.004975124378109453,0.4336904007897709,51,51,0,0.0,0.16666666666666666,0,0.0,0.0,0.0,0.0,0,none,0,1,0,overconfident,0.95,0,mild_drift,0.958065607673891,0.0013225696194556452,0.7903273059475807,0.853549095892137,1768237753.8182049,0.051640257239341736,0.10702285170555115
266,17024,17023,sea_nodrift,sea,ts_drift_adapt,1,"error_divergence_ph_meta@error.threshold=0.10,error.min_instances=5",error_divergence_ph_meta,"{""divergence"": {""alpha"": 0.1, ""delta"": 0.005, ""min_instances"": 30, ""threshold"": 0.05}, ""error_rate"": {""alpha"": 0.15, ""delta"": 0.005, ""min_instances"": 5, ""threshold"": 0.1}}","{""error_rate"": {""min_instances"": 5, ""threshold"": 0.1}}",0.1,0.005,0.15,5,0.05,0.005,0.1,30,,,,-1,two_stage,2,0.5,"__confirm_cooldown=200,__confirm_rule=perm_test,__perm_alpha=0.03,__perm_min_effect=0,__perm_n_perm=200,__perm_post_n=10,__perm_pre_n=500,__perm_rng_seed=0,__perm_side=two_sided,__perm_stat=vote_score,divergence=0.3,error_rate=0.5,teacher_entropy=0.2",3,0,200,0.0,0,10000,10.0,25.0,200,500,0,0,1.0,0.8260103383458647,0.5658403639519652,0.3333333333333333,0.2327294796705246,0.007120967842638493,1,1,53,52,0,perm_test,0.004975124378109453,0.43521444178958907,52,52,0,0.0,0.3333333333333333,1,0.5,0.0,0.0,0.0,0,none,1,1,0,overconfident,0.95,0,stable,0.9740328038369455,0.0010612848097278226,0.8951636529737903,0.8992745479460685,1768237753.8347988,0.9275810122489929,0.08717969805002213
267,17088,17087,sea_nodrift,sea,ts_drift_adapt,1,"error_divergence_ph_meta@error.threshold=0.10,error.min_instances=5",error_divergence_ph_meta,"{""divergence"": {""alpha"": 0.1, ""delta"": 0.005, ""min_instances"": 30, ""threshold"": 0.05}, ""error_rate"": {""alpha"": 0.15, ""delta"": 0.005, ""min_instances"": 5, ""threshold"": 0.1}}","{""error_rate"": {""min_instances"": 5, ""threshold"": 0.1}}",0.1,0.005,0.15,5,0.05,0.005,0.1,30,,,,-1,two_stage,2,0.5,"__confirm_cooldown=200,__confirm_rule=perm_test,__perm_alpha=0.03,__perm_min_effect=0,__perm_n_perm=200,__perm_post_n=10,__perm_pre_n=500,__perm_rng_seed=0,__perm_side=two_sided,__perm_stat=vote_score,divergence=0.3,error_rate=0.5,teacher_entropy=0.2",3,0,200,0.0,0,10000,10.0,25.0,200,500,1,136,1.0,0.8261938202247191,0.5665027963023467,0.0,0.24885272979736328,0.006477902177721262,0,0,53,52,-1,perm_test,0.004975124378109453,0.43521444178958907,52,52,0,0.0,0.3333333333333333,0,0.0,0.0,0.0,0.0,0,none,0,1,0,overconfident,0.95,0,mild_drift,0.9671664019184727,0.0011806424048639115,0.8475818264868952,0.8771372739730343,1768237753.844552,0.11852263659238815,0.07537846267223358
268,17152,17151,sea_nodrift,sea,ts_drift_adapt,1,"error_divergence_ph_meta@error.threshold=0.10,error.min_instances=5",error_divergence_ph_meta,"{""divergence"": {""alpha"": 0.1, ""delta"": 0.005, ""min_instances"": 30, ""threshold"": 0.05}, ""error_rate"": {""alpha"": 0.15, ""delta"": 0.005, ""min_instances"": 5, ""threshold"": 0.1}}","{""error_rate"": {""min_instances"": 5, ""threshold"": 0.1}}",0.1,0.005,0.15,5,0.05,0.005,0.1,30,,,,-1,two_stage,2,0.5,"__confirm_cooldown=200,__confirm_rule=perm_test,__perm_alpha=0.03,__perm_min_effect=0,__perm_n_perm=200,__perm_post_n=10,__perm_pre_n=500,__perm_rng_seed=0,__perm_side=two_sided,__perm_stat=vote_score,divergence=0.3,error_rate=0.5,teacher_entropy=0.2",3,0,200,0.0,0,10000,10.0,25.0,200,500,1,72,1.0,0.8264925373134329,0.5670976685515536,0.3333333333333333,0.19776514172554016,0.004433033987879753,0,0,53,52,-1,perm_test,0.004975124378109453,0.43521444178958907,52,52,0,0.0,0.3333333333333333,0,0.0,0.0,0.0,0.0,0,none,0,1,0,overconfident,0.95,0,mild_drift,0.9637332009592363,0.0012403212024319557,0.8237909132434476,0.8660686369865171,1768237753.8541439,0.6232920289039612,0.05528093874454498
269,17216,17215,sea_nodrift,sea,ts_drift_adapt,1,"error_divergence_ph_meta@error.threshold=0.10,error.min_instances=5",error_divergence_ph_meta,"{""divergence"": {""alpha"": 0.1, ""delta"": 0.005, ""min_instances"": 30, ""threshold"": 0.05}, ""error_rate"": {""alpha"": 0.15, ""delta"": 0.005, ""min_instances"": 5, ""threshold"": 0.1}}","{""error_rate"": {""min_instances"": 5, ""threshold"": 0.1}}",0.1,0.005,0.15,5,0.05,0.005,0.1,30,,,,-1,two_stage,2,0.5,"__confirm_cooldown=200,__confirm_rule=perm_test,__perm_alpha=0.03,__perm_min_effect=0,__perm_n_perm=200,__perm_post_n=10,__perm_pre_n=500,__perm_rng_seed=0,__perm_side=two_sided,__perm_stat=vote_score,divergence=0.3,error_rate=0.5,teacher_entropy=0.2",3,0,200,0.0,0,10000,10.0,25.0,200,500,1,8,1.0,0.8267309479553904,0.5676339884072262,0.0,0.18480882048606873,0.0023400369100272655,0,0,53,52,-1,perm_test,0.004975124378109453,0.43521444178958907,52,52,0,0.0,0.3333333333333333,0,0.0,0.0,0.0,0.0,0,none,0,1,0,overconfident,0.95,0,mild_drift,0.9620166004796181,0.0012701606012159778,0.8118954566217238,0.8605343184932586,1768237753.8637927,0.19513678550720215,0.03374043107032776
270,17280,17279,sea_nodrift,sea,ts_drift_adapt,1,"error_divergence_ph_meta@error.threshold=0.10,error.min_instances=5",error_divergence_ph_meta,"{""divergence"": {""alpha"": 0.1, ""delta"": 0.005, ""min_instances"": 30, ""threshold"": 0.05}, ""error_rate"": {""alpha"": 0.15, ""delta"": 0.005, ""min_instances"": 5, ""threshold"": 0.1}}","{""error_rate"": {""min_instances"": 5, ""threshold"": 0.1}}",0.1,0.005,0.15,5,0.05,0.005,0.1,30,,,,-1,two_stage,2,0.5,"__confirm_cooldown=200,__confirm_rule=perm_test,__perm_alpha=0.03,__perm_min_effect=0,__perm_n_perm=200,__perm_post_n=10,__perm_pre_n=500,__perm_rng_seed=0,__perm_side=two_sided,__perm_stat=vote_score,divergence=0.3,error_rate=0.5,teacher_entropy=0.2",3,0,200,0.0,0,10000,10.0,25.0,200,500,0,0,1.0,0.8268518518518518,0.5678419488812043,0.16666666666666666,0.23964999616146088,0.005988616496324539,0,0,53,52,-1,perm_test,0.004975124378109453,0.43521444178958907,52,52,0,0.0,0.16666666666666666,0,0.0,0.0,0.0,0.0,0,none,0,1,0,overconfident,0.95,0,mild_drift,0.961158300239809,0.001285080300607989,0.8059477283108619,0.8577671592466293,1768237753.8737154,0.2971808910369873,0.0807095542550087
271,17344,17343,sea_nodrift,sea,ts_drift_adapt,1,"error_divergence_ph_meta@error.threshold=0.10,error.min_instances=5",error_divergence_ph_meta,"{""divergence"": {""alpha"": 0.1, ""delta"": 0.005, ""min_instances"": 30, ""threshold"": 0.05}, ""error_rate"": {""alpha"": 0.15, ""delta"": 0.005, ""min_instances"": 5, ""threshold"": 0.1}}","{""error_rate"": {""min_instances"": 5, ""threshold"": 0.1}}",0.1,0.005,0.15,5,0.05,0.005,0.1,30,,,,-1,two_stage,2,0.5,"__confirm_cooldown=200,__confirm_rule=perm_test,__perm_alpha=0.03,__perm_min_effect=0,__perm_n_perm=200,__perm_post_n=10,__perm_pre_n=500,__perm_rng_seed=0,__perm_side=two_sided,__perm_stat=vote_score,divergence=0.3,error_rate=0.5,teacher_entropy=0.2",3,0,200,0.0,0,10000,10.0,25.0,200,500,0,0,1.0,0.8271448339483395,0.5687742229759849,0.16666666666666666,0.21861079335212708,0.010427426546812057,1,1,54,53,0,perm_test,0.004975124378109453,0.43064161316144134,53,53,0,0.16666666666666666,0.004438810050487518,1,0.5,0.0,0.0,0.0,0,none,1,1,0,overconfident,0.95,0,severe_drift,0.9260791501199045,0.0016425401503039946,0.652973864155431,0.8338835796233146,1768237753.890165,0.21470868587493896,0.11303561925888062
272,17408,17407,sea_nodrift,sea,ts_drift_adapt,1,"error_divergence_ph_meta@error.threshold=0.10,error.min_instances=5",error_divergence_ph_meta,"{""divergence"": {""alpha"": 0.1, ""delta"": 0.005, ""min_instances"": 30, ""threshold"": 0.05}, ""error_rate"": {""alpha"": 0.15, ""delta"": 0.005, ""min_instances"": 5, ""threshold"": 0.1}}","{""error_rate"": {""min_instances"": 5, ""threshold"": 0.1}}",0.1,0.005,0.15,5,0.05,0.005,0.1,30,,,,-1,two_stage,2,0.5,"__confirm_cooldown=200,__confirm_rule=perm_test,__perm_alpha=0.03,__perm_min_effect=0,__perm_n_perm=200,__perm_post_n=10,__perm_pre_n=500,__perm_rng_seed=0,__perm_side=two_sided,__perm_stat=vote_score,divergence=0.3,error_rate=0.5,teacher_entropy=0.2",3,0,200,0.0,0,10000,10.0,25.0,200,500,1,136,1.0,0.8277228860294118,0.5700158128544494,0.0,0.21259833872318268,0.008657687343657017,0,0,54,53,-1,perm_test,0.004975124378109453,0.43064161316144134,53,53,0,0.0,0.16666666666666666,0,0.0,0.0,0.0,0.0,0,none,0,1,0,overconfident,0.95,0,mild_drift,0.9431895750599522,0.0014712700751519973,0.7264869320777155,0.8444417898116573,1768237753.899887,0.08037133514881134,0.0895828902721405
273,17472,17471,sea_nodrift,sea,ts_drift_adapt,1,"error_divergence_ph_meta@error.threshold=0.10,error.min_instances=5",error_divergence_ph_meta,"{""divergence"": {""alpha"": 0.1, ""delta"": 0.005, ""min_instances"": 30, ""threshold"": 0.05}, ""error_rate"": {""alpha"": 0.15, ""delta"": 0.005, ""min_instances"": 5, ""threshold"": 0.1}}","{""error_rate"": {""min_instances"": 5, ""threshold"": 0.1}}",0.1,0.005,0.15,5,0.05,0.005,0.1,30,,,,-1,two_stage,2,0.5,"__confirm_cooldown=200,__confirm_rule=perm_test,__perm_alpha=0.03,__perm_min_effect=0,__perm_n_perm=200,__perm_post_n=10,__perm_pre_n=500,__perm_rng_seed=0,__perm_side=two_sided,__perm_stat=vote_score,divergence=0.3,error_rate=0.5,teacher_entropy=0.2",3,0,200,0.0,0,10000,10.0,25.0,200,500,1,72,1.0,0.8278388278388278,0.5701926638650724,0.3333333333333333,0.19714902341365814,0.009790172800421715,0,0,54,53,-1,perm_test,0.004975124378109453,0.43064161316144134,53,53,0,0.0,0.3333333333333333,0,0.0,0.0,0.0,0.0,0,none,0,1,0,overconfident,0.95,0,mild_drift,0.951744787529976,0.0013856350375759988,0.7632434660388578,0.8497208949058286,1768237753.9095485,1.0159664154052734,0.10287891328334808
274,17536,17535,sea_nodrift,sea,ts_drift_adapt,1,"error_divergence_ph_meta@error.threshold=0.10,error.min_instances=5",error_divergence_ph_meta,"{""divergence"": {""alpha"": 0.1, ""delta"": 0.005, ""min_instances"": 30, ""threshold"": 0.05}, ""error_rate"": {""alpha"": 0.15, ""delta"": 0.005, ""min_instances"": 5, ""threshold"": 0.1}}","{""error_rate"": {""min_instances"": 5, ""threshold"": 0.1}}",0.1,0.005,0.15,5,0.05,0.005,0.1,30,,,,-1,two_stage,2,0.5,"__confirm_cooldown=200,__confirm_rule=perm_test,__perm_alpha=0.03,__perm_min_effect=0,__perm_n_perm=200,__perm_post_n=10,__perm_pre_n=500,__perm_rng_seed=0,__perm_side=two_sided,__perm_stat=vote_score,divergence=0.3,error_rate=0.5,teacher_entropy=0.2",3,0,200,0.0,0,10000,10.0,25.0,200,500,1,8,1.0,0.8281820255474452,0.5706499104423083,0.0,0.2138032764196396,0.010384641587734222,0,0,54,53,-1,perm_test,0.004975124378109453,0.43064161316144134,53,53,0,0.0,0.3333333333333333,0,0.0,0.0,0.0,0.0,0,none,0,1,0,overconfident,0.95,0,mild_drift,0.956022393764988,0.0013428175187879996,0.7816217330194289,0.8523604474529143,1768237753.919363,0.08258561044931412,0.10865248739719391
275,17600,17599,sea_nodrift,sea,ts_drift_adapt,1,"error_divergence_ph_meta@error.threshold=0.10,error.min_instances=5",error_divergence_ph_meta,"{""divergence"": {""alpha"": 0.1, ""delta"": 0.005, ""min_instances"": 30, ""threshold"": 0.05}, ""error_rate"": {""alpha"": 0.15, ""delta"": 0.005, ""min_instances"": 5, ""threshold"": 0.1}}","{""error_rate"": {""min_instances"": 5, ""threshold"": 0.1}}",0.1,0.005,0.15,5,0.05,0.005,0.1,30,,,,-1,two_stage,2,0.5,"__confirm_cooldown=200,__confirm_rule=perm_test,__perm_alpha=0.03,__perm_min_effect=0,__perm_n_perm=200,__perm_post_n=10,__perm_pre_n=500,__perm_rng_seed=0,__perm_side=two_sided,__perm_stat=vote_score,divergence=0.3,error_rate=0.5,teacher_entropy=0.2",3,0,200,0.0,0,10000,10.0,25.0,200,500,0,0,1.0,0.8283522727272727,0.5710230186407028,0.0,0.24557523429393768,0.008881029672920704,0,0,54,53,-1,perm_test,0.004975124378109453,0.43064161316144134,53,53,0,0.0,0.0015036119148135185,0,0.0,0.0,0.0,0.0,0,none,0,1,0,overconfident,0.95,0,mild_drift,0.9581611968824939,0.001321408759394,0.7908108665097144,0.8536802237264571,1768237753.9293036,0.10193680971860886,0.10125089436769485
276,17664,17663,sea_nodrift,sea,ts_drift_adapt,1,"error_divergence_ph_meta@error.threshold=0.10,error.min_instances=5",error_divergence_ph_meta,"{""divergence"": {""alpha"": 0.1, ""delta"": 0.005, ""min_instances"": 30, ""threshold"": 0.05}, ""error_rate"": {""alpha"": 0.15, ""delta"": 0.005, ""min_instances"": 5, ""threshold"": 0.1}}","{""error_rate"": {""min_instances"": 5, ""threshold"": 0.1}}",0.1,0.005,0.15,5,0.05,0.005,0.1,30,,,,-1,two_stage,2,0.5,"__confirm_cooldown=200,__confirm_rule=perm_test,__perm_alpha=0.03,__perm_min_effect=0,__perm_n_perm=200,__perm_post_n=10,__perm_pre_n=500,__perm_rng_seed=0,__perm_side=two_sided,__perm_stat=vote_score,divergence=0.3,error_rate=0.5,teacher_entropy=0.2",3,0,200,0.0,0,10000,10.0,25.0,200,500,0,0,1.0,0.828521286231884,0.5715388482131419,0.3333333333333333,0.24970100820064545,0.01785329543054104,1,1,55,54,0,perm_test,0.004975124378109453,0.42357222969977937,54,54,0,0.16666666666666666,0.3333333333333333,1,0.5,0.0,0.0,0.0,0,none,1,1,0,overconfident,0.95,0,severe_drift,0.924580598441247,0.001660704379697,0.6454054332548572,0.8318401118632286,1768237753.9457798,0.6536661386489868,0.16859853267669678
277,17728,17727,sea_nodrift,sea,ts_drift_adapt,1,"error_divergence_ph_meta@error.threshold=0.10,error.min_instances=5",error_divergence_ph_meta,"{""divergence"": {""alpha"": 0.1, ""delta"": 0.005, ""min_instances"": 30, ""threshold"": 0.05}, ""error_rate"": {""alpha"": 0.15, ""delta"": 0.005, ""min_instances"": 5, ""threshold"": 0.1}}","{""error_rate"": {""min_instances"": 5, ""threshold"": 0.1}}",0.1,0.005,0.15,5,0.05,0.005,0.1,30,,,,-1,two_stage,2,0.5,"__confirm_cooldown=200,__confirm_rule=perm_test,__perm_alpha=0.03,__perm_min_effect=0,__perm_n_perm=200,__perm_post_n=10,__perm_pre_n=500,__perm_rng_seed=0,__perm_side=two_sided,__perm_stat=vote_score,divergence=0.3,error_rate=0.5,teacher_entropy=0.2",3,0,200,0.0,0,10000,10.0,25.0,200,500,1,136,1.0,0.8286890794223827,0.5721006630254065,0.0,0.24690817296504974,0.0115845100954175,0,0,55,54,-1,perm_test,0.004975124378109453,0.42357222969977937,54,54,0,0.0,0.3333333333333333,0,0.0,0.0,0.0,0.0,0,none,0,1,0,overconfident,0.95,0,mild_drift,0.9424402992206234,0.0014803521898485,0.7227027166274287,0.8434200559316143,1768237753.9554794,0.10017474740743637,0.14061826467514038
278,17792,17791,sea_nodrift,sea,ts_drift_adapt,1,"error_divergence_ph_meta@error.threshold=0.10,error.min_instances=5",error_divergence_ph_meta,"{""divergence"": {""alpha"": 0.1, ""delta"": 0.005, ""min_instances"": 30, ""threshold"": 0.05}, ""error_rate"": {""alpha"": 0.15, ""delta"": 0.005, ""min_instances"": 5, ""threshold"": 0.1}}","{""error_rate"": {""min_instances"": 5, ""threshold"": 0.1}}",0.1,0.005,0.15,5,0.05,0.005,0.1,30,,,,-1,two_stage,2,0.5,"__confirm_cooldown=200,__confirm_rule=perm_test,__perm_alpha=0.03,__perm_min_effect=0,__perm_n_perm=200,__perm_post_n=10,__perm_pre_n=500,__perm_rng_seed=0,__perm_side=two_sided,__perm_stat=vote_score,divergence=0.3,error_rate=0.5,teacher_entropy=0.2",3,0,200,0.0,0,10000,10.0,25.0,200,500,1,72,1.0,0.8289118705035972,0.5728650337103097,0.3333333333333333,0.23082850873470306,0.0104783670976758,0,0,55,54,-1,perm_test,0.004975124378109453,0.42357222969977937,54,54,0,0.0,0.3333333333333333,0,0.0,0.0,0.0,0.0,0,none,0,1,0,overconfident,0.95,0,mild_drift,0.9513701496103117,0.0013901760949242502,0.7613513583137144,0.8492100279658071,1768237753.9651248,0.40544402599334717,0.09914074093103409
279,17856,17855,sea_nodrift,sea,ts_drift_adapt,1,"error_divergence_ph_meta@error.threshold=0.10,error.min_instances=5",error_divergence_ph_meta,"{""divergence"": {""alpha"": 0.1, ""delta"": 0.005, ""min_instances"": 30, ""threshold"": 0.05}, ""error_rate"": {""alpha"": 0.15, ""delta"": 0.005, ""min_instances"": 5, ""threshold"": 0.1}}","{""error_rate"": {""min_instances"": 5, ""threshold"": 0.1}}",0.1,0.005,0.15,5,0.05,0.005,0.1,30,,,,-1,two_stage,2,0.5,"__confirm_cooldown=200,__confirm_rule=perm_test,__perm_alpha=0.03,__perm_min_effect=0,__perm_n_perm=200,__perm_post_n=10,__perm_pre_n=500,__perm_rng_seed=0,__perm_side=two_sided,__perm_stat=vote_score,divergence=0.3,error_rate=0.5,teacher_entropy=0.2",3,0,200,0.0,0,10000,10.0,25.0,200,500,1,8,1.0,0.8291890681003584,0.5737210178578526,0.0,0.2705453634262085,0.011274254880845547,0,0,55,54,-1,perm_test,0.004975124378109453,0.42357222969977937,54,54,0,0.0,0.3333333333333333,0,0.0,0.0,0.0,0.0,0,none,0,1,0,overconfident,0.95,0,mild_drift,0.9558350748051558,0.0013450880474621253,0.7806756791568572,0.8521050139829036,1768237753.974799,0.05474132299423218,0.11743618547916412
280,17920,17919,sea_nodrift,sea,ts_drift_adapt,1,"error_divergence_ph_meta@error.threshold=0.10,error.min_instances=5",error_divergence_ph_meta,"{""divergence"": {""alpha"": 0.1, ""delta"": 0.005, ""min_instances"": 30, ""threshold"": 0.05}, ""error_rate"": {""alpha"": 0.15, ""delta"": 0.005, ""min_instances"": 5, ""threshold"": 0.1}}","{""error_rate"": {""min_instances"": 5, ""threshold"": 0.1}}",0.1,0.005,0.15,5,0.05,0.005,0.1,30,,,,-1,two_stage,2,0.5,"__confirm_cooldown=200,__confirm_rule=perm_test,__perm_alpha=0.03,__perm_min_effect=0,__perm_n_perm=200,__perm_post_n=10,__perm_pre_n=500,__perm_rng_seed=0,__perm_side=two_sided,__perm_stat=vote_score,divergence=0.3,error_rate=0.5,teacher_entropy=0.2",3,0,200,0.0,0,10000,10.0,25.0,200,500,0,0,1.0,0.829296875,0.5739790860448271,0.0,0.25785091519355774,0.010339712724089622,0,0,55,54,-1,perm_test,0.004975124378109453,0.42357222969977937,54,54,0,0.0,0.0009345421567559242,0,0.0,0.0,0.0,0.0,0,none,0,1,0,overconfident,0.95,0,mild_drift,0.9580675374025779,0.0013225440237310628,0.7903378395784286,0.8535525069914518,1768237753.98464,0.05098549649119377,0.12780064344406128
281,17984,17983,sea_nodrift,sea,ts_drift_adapt,1,"error_divergence_ph_meta@error.threshold=0.10,error.min_instances=5",error_divergence_ph_meta,"{""divergence"": {""alpha"": 0.1, ""delta"": 0.005, ""min_instances"": 30, ""threshold"": 0.05}, ""error_rate"": {""alpha"": 0.15, ""delta"": 0.005, ""min_instances"": 5, ""threshold"": 0.1}}","{""error_rate"": {""min_instances"": 5, ""threshold"": 0.1}}",0.1,0.005,0.15,5,0.05,0.005,0.1,30,,,,-1,two_stage,2,0.5,"__confirm_cooldown=200,__confirm_rule=perm_test,__perm_alpha=0.03,__perm_min_effect=0,__perm_n_perm=200,__perm_post_n=10,__perm_pre_n=500,__perm_rng_seed=0,__perm_side=two_sided,__perm_stat=vote_score,divergence=0.3,error_rate=0.5,teacher_entropy=0.2",3,0,200,0.0,0,10000,10.0,25.0,200,500,0,0,1.0,0.8294595195729537,0.5746730105093387,0.0,0.24134790897369385,0.008546926081180573,1,1,56,55,0,perm_test,0.004975124378109453,0.42281679806213096,55,55,0,0.3333333333333333,0.00179278664290905,1,0.5,0.0,0.0,0.0,0,none,1,1,0,overconfident,0.95,0,severe_drift,0.9245337687012889,0.0016612720118655314,0.6451689197892143,0.8317762534957259,1768237754.0010734,0.09914527088403702,0.09438902139663696
282,18048,18047,sea_nodrift,sea,ts_drift_adapt,1,"error_divergence_ph_meta@error.threshold=0.10,error.min_instances=5",error_divergence_ph_meta,"{""divergence"": {""alpha"": 0.1, ""delta"": 0.005, ""min_instances"": 30, ""threshold"": 0.05}, ""error_rate"": {""alpha"": 0.15, ""delta"": 0.005, ""min_instances"": 5, ""threshold"": 0.1}}","{""error_rate"": {""min_instances"": 5, ""threshold"": 0.1}}",0.1,0.005,0.15,5,0.05,0.005,0.1,30,,,,-1,two_stage,2,0.5,"__confirm_cooldown=200,__confirm_rule=perm_test,__perm_alpha=0.03,__perm_min_effect=0,__perm_n_perm=200,__perm_post_n=10,__perm_pre_n=500,__perm_rng_seed=0,__perm_side=two_sided,__perm_stat=vote_score,divergence=0.3,error_rate=0.5,teacher_entropy=0.2",3,0,200,0.0,0,10000,10.0,25.0,200,500,1,136,1.0,0.82989804964539,0.5755859720412956,0.0,0.23329728841781616,0.00934530422091484,0,0,56,55,-1,perm_test,0.004975124378109453,0.42281679806213096,55,55,0,0.0,0.0007983781397342682,0,0.0,0.0,0.0,0.0,0,none,0,1,0,overconfident,0.95,0,mild_drift,0.9424168843506444,0.0014806360059327658,0.7225844598946072,0.8433881267478629,1768237754.011103,0.04937441647052765,0.11989515274763107
283,18112,18111,sea_nodrift,sea,ts_drift_adapt,1,"error_divergence_ph_meta@error.threshold=0.10,error.min_instances=5",error_divergence_ph_meta,"{""divergence"": {""alpha"": 0.1, ""delta"": 0.005, ""min_instances"": 30, ""threshold"": 0.05}, ""error_rate"": {""alpha"": 0.15, ""delta"": 0.005, ""min_instances"": 5, ""threshold"": 0.1}}","{""error_rate"": {""min_instances"": 5, ""threshold"": 0.1}}",0.1,0.005,0.15,5,0.05,0.005,0.1,30,,,,-1,two_stage,2,0.5,"__confirm_cooldown=200,__confirm_rule=perm_test,__perm_alpha=0.03,__perm_min_effect=0,__perm_n_perm=200,__perm_post_n=10,__perm_pre_n=500,__perm_rng_seed=0,__perm_side=two_sided,__perm_stat=vote_score,divergence=0.3,error_rate=0.5,teacher_entropy=0.2",3,0,200,0.0,0,10000,10.0,25.0,200,500,1,72,1.0,0.8300022084805654,0.5761181968141929,0.16666666666666666,0.30795323848724365,0.007971812970936298,0,0,56,55,-1,perm_test,0.004975124378109453,0.42281679806213096,55,55,0,0.0,0.16666666666666666,0,0.0,0.0,0.0,0.0,0,none,0,1,0,overconfident,0.95,0,mild_drift,0.9513584421753222,0.001390318002966383,0.7612922299473036,0.8491940633739314,1768237754.020652,0.42259928584098816,0.11947996914386749
284,18176,18175,sea_nodrift,sea,ts_drift_adapt,1,"error_divergence_ph_meta@error.threshold=0.10,error.min_instances=5",error_divergence_ph_meta,"{""divergence"": {""alpha"": 0.1, ""delta"": 0.005, ""min_instances"": 30, ""threshold"": 0.05}, ""error_rate"": {""alpha"": 0.15, ""delta"": 0.005, ""min_instances"": 5, ""threshold"": 0.1}}","{""error_rate"": {""min_instances"": 5, ""threshold"": 0.1}}",0.1,0.005,0.15,5,0.05,0.005,0.1,30,,,,-1,two_stage,2,0.5,"__confirm_cooldown=200,__confirm_rule=perm_test,__perm_alpha=0.03,__perm_min_effect=0,__perm_n_perm=200,__perm_post_n=10,__perm_pre_n=500,__perm_rng_seed=0,__perm_side=two_sided,__perm_stat=vote_score,divergence=0.3,error_rate=0.5,teacher_entropy=0.2",3,0,200,0.0,0,10000,10.0,25.0,200,500,1,8,1.0,0.8302706866197183,0.5763666821152074,0.0,0.23746360838413239,0.004392355214804411,0,0,56,55,-1,perm_test,0.004975124378109453,0.42281679806213096,55,55,0,0.0,0.16666666666666666,0,0.0,0.0,0.0,0.0,0,none,0,1,0,overconfident,0.95,0,mild_drift,0.9558292210876611,0.0013451590014831915,0.7806461149736519,0.8520970316869657,1768237754.0303104,0.018335403874516487,0.06525696069002151
285,18240,18239,sea_nodrift,sea,ts_drift_adapt,1,"error_divergence_ph_meta@error.threshold=0.10,error.min_instances=5",error_divergence_ph_meta,"{""divergence"": {""alpha"": 0.1, ""delta"": 0.005, ""min_instances"": 30, ""threshold"": 0.05}, ""error_rate"": {""alpha"": 0.15, ""delta"": 0.005, ""min_instances"": 5, ""threshold"": 0.1}}","{""error_rate"": {""min_instances"": 5, ""threshold"": 0.1}}",0.1,0.005,0.15,5,0.05,0.005,0.1,30,,,,-1,two_stage,2,0.5,"__confirm_cooldown=200,__confirm_rule=perm_test,__perm_alpha=0.03,__perm_min_effect=0,__perm_n_perm=200,__perm_post_n=10,__perm_pre_n=500,__perm_rng_seed=0,__perm_side=two_sided,__perm_stat=vote_score,divergence=0.3,error_rate=0.5,teacher_entropy=0.2",3,0,200,0.0,0,10000,10.0,25.0,200,500,0,0,1.0,0.8305372807017544,0.5770095912709657,0.3333333333333333,0.22448639571666718,0.005190477706491947,0,0,56,55,-1,perm_test,0.004975124378109453,0.42281679806213096,55,55,0,0.0,0.3333333333333333,0,0.0,0.0,0.0,0.0,0,none,0,1,0,overconfident,0.95,0,mild_drift,0.9580646105438305,0.0013225795007415957,0.790323057486826,0.8535485158434828,1768237754.040005,0.5378103852272034,0.07151251286268234
286,18304,18303,sea_nodrift,sea,ts_drift_adapt,1,"error_divergence_ph_meta@error.threshold=0.10,error.min_instances=5",error_divergence_ph_meta,"{""divergence"": {""alpha"": 0.1, ""delta"": 0.005, ""min_instances"": 30, ""threshold"": 0.05}, ""error_rate"": {""alpha"": 0.15, ""delta"": 0.005, ""min_instances"": 5, ""threshold"": 0.1}}","{""error_rate"": {""min_instances"": 5, ""threshold"": 0.1}}",0.1,0.005,0.15,5,0.05,0.005,0.1,30,,,,-1,two_stage,2,0.5,"__confirm_cooldown=200,__confirm_rule=perm_test,__perm_alpha=0.03,__perm_min_effect=0,__perm_n_perm=200,__perm_post_n=10,__perm_pre_n=500,__perm_rng_seed=0,__perm_side=two_sided,__perm_stat=vote_score,divergence=0.3,error_rate=0.5,teacher_entropy=0.2",3,0,200,0.0,0,10000,10.0,25.0,200,500,0,0,1.0,0.831020541958042,0.5782696585703531,0.16666666666666666,0.20670922100543976,0.006720037665218115,1,1,57,56,0,perm_test,0.004975124378109453,0.42582603130432384,56,56,0,0.16666666666666666,0.16666666666666666,1,0.5,0.0,0.0,0.0,0,none,1,1,0,overconfident,0.95,0,severe_drift,0.9245323052719152,0.0016612897503707979,0.6451615287434129,0.8317742579217414,1768237754.0564551,0.46551135182380676,0.08647629618644714
287,18368,18367,sea_nodrift,sea,ts_drift_adapt,1,"error_divergence_ph_meta@error.threshold=0.10,error.min_instances=5",error_divergence_ph_meta,"{""divergence"": {""alpha"": 0.1, ""delta"": 0.005, ""min_instances"": 30, ""threshold"": 0.05}, ""error_rate"": {""alpha"": 0.15, ""delta"": 0.005, ""min_instances"": 5, ""threshold"": 0.1}}","{""error_rate"": {""min_instances"": 5, ""threshold"": 0.1}}",0.1,0.005,0.15,5,0.05,0.005,0.1,30,,,,-1,two_stage,2,0.5,"__confirm_cooldown=200,__confirm_rule=perm_test,__perm_alpha=0.03,__perm_min_effect=0,__perm_n_perm=200,__perm_post_n=10,__perm_pre_n=500,__perm_rng_seed=0,__perm_side=two_sided,__perm_stat=vote_score,divergence=0.3,error_rate=0.5,teacher_entropy=0.2",3,0,200,0.0,0,10000,10.0,25.0,200,500,1,136,1.0,0.8313915505226481,0.5793710499553933,0.3333333333333333,0.2755486071109772,0.009157177060842514,0,0,57,56,-1,perm_test,0.004975124378109453,0.42582603130432384,56,56,0,0.0,0.16666666666666666,0,0.0,0.0,0.0,0.0,0,none,0,1,0,overconfident,0.95,0,mild_drift,0.9424161526359576,0.0014806448751853991,0.7225807643717065,0.8433871289608708,1768237754.0662663,0.9443020820617676,0.10787469148635864
288,18432,18431,sea_nodrift,sea,ts_drift_adapt,1,"error_divergence_ph_meta@error.threshold=0.10,error.min_instances=5",error_divergence_ph_meta,"{""divergence"": {""alpha"": 0.1, ""delta"": 0.005, ""min_instances"": 30, ""threshold"": 0.05}, ""error_rate"": {""alpha"": 0.15, ""delta"": 0.005, ""min_instances"": 5, ""threshold"": 0.1}}","{""error_rate"": {""min_instances"": 5, ""threshold"": 0.1}}",0.1,0.005,0.15,5,0.05,0.005,0.1,30,,,,-1,two_stage,2,0.5,"__confirm_cooldown=200,__confirm_rule=perm_test,__perm_alpha=0.03,__perm_min_effect=0,__perm_n_perm=200,__perm_post_n=10,__perm_pre_n=500,__perm_rng_seed=0,__perm_side=two_sided,__perm_stat=vote_score,divergence=0.3,error_rate=0.5,teacher_entropy=0.2",3,0,200,0.0,0,10000,10.0,25.0,200,500,1,72,1.0,0.8315972222222222,0.5799761248358954,0.3333333333333333,0.2815670669078827,0.012173124589025974,0,0,57,56,-1,perm_test,0.004975124378109453,0.42582603130432384,56,56,0,0.0,0.0030159475281834602,0,0.0,0.0,0.0,0.0,0,none,0,1,0,overconfident,0.95,0,mild_drift,0.9513580763179788,0.0013903224375926997,0.7612903821858532,0.8491935644804354,1768237754.0759172,0.7638071179389954,0.16470810770988464
289,18496,18495,sea_nodrift,sea,ts_drift_adapt,1,"error_divergence_ph_meta@error.threshold=0.10,error.min_instances=5",error_divergence_ph_meta,"{""divergence"": {""alpha"": 0.1, ""delta"": 0.005, ""min_instances"": 30, ""threshold"": 0.05}, ""error_rate"": {""alpha"": 0.15, ""delta"": 0.005, ""min_instances"": 5, ""threshold"": 0.1}}","{""error_rate"": {""min_instances"": 5, ""threshold"": 0.1}}",0.1,0.005,0.15,5,0.05,0.005,0.1,30,,,,-1,two_stage,2,0.5,"__confirm_cooldown=200,__confirm_rule=perm_test,__perm_alpha=0.03,__perm_min_effect=0,__perm_n_perm=200,__perm_post_n=10,__perm_pre_n=500,__perm_rng_seed=0,__perm_side=two_sided,__perm_stat=vote_score,divergence=0.3,error_rate=0.5,teacher_entropy=0.2",3,0,200,0.0,0,10000,10.0,25.0,200,500,1,8,1.0,0.8317474048442907,0.5806070735087566,0.0,0.2991043031215668,0.015563825145363808,0,0,57,56,-1,perm_test,0.004975124378109453,0.42582603130432384,56,56,0,0.0,0.3333333333333333,0,0.0,0.0,0.0,0.0,0,none,0,1,0,overconfident,0.95,0,mild_drift,0.9558290381589893,0.00134516121879635,0.7806451910929266,0.8520967822402177,1768237754.0855806,0.296127587556839,0.1760672628879547
290,18560,18559,sea_nodrift,sea,ts_drift_adapt,1,"error_divergence_ph_meta@error.threshold=0.10,error.min_instances=5",error_divergence_ph_meta,"{""divergence"": {""alpha"": 0.1, ""delta"": 0.005, ""min_instances"": 30, ""threshold"": 0.05}, ""error_rate"": {""alpha"": 0.15, ""delta"": 0.005, ""min_instances"": 5, ""threshold"": 0.1}}","{""error_rate"": {""min_instances"": 5, ""threshold"": 0.1}}",0.1,0.005,0.15,5,0.05,0.005,0.1,30,,,,-1,two_stage,2,0.5,"__confirm_cooldown=200,__confirm_rule=perm_test,__perm_alpha=0.03,__perm_min_effect=0,__perm_n_perm=200,__perm_post_n=10,__perm_pre_n=500,__perm_rng_seed=0,__perm_side=two_sided,__perm_stat=vote_score,divergence=0.3,error_rate=0.5,teacher_entropy=0.2",3,0,200,0.0,0,10000,10.0,25.0,200,500,0,0,1.0,0.8319504310344827,0.5812263825735384,0.0,0.2892616391181946,0.012681416235864162,0,0,57,56,-1,perm_test,0.004975124378109453,0.42582603130432384,56,56,0,0.0,0.0028824089094996452,0,0.0,0.0,0.0,0.0,0,none,0,1,0,overconfident,0.95,0,mild_drift,0.9580645190794946,0.001322580609398175,0.7903225955464633,0.8535483911201088,1768237754.0953581,0.1859521120786667,0.13822537660598755
291,18624,18623,sea_nodrift,sea,ts_drift_adapt,1,"error_divergence_ph_meta@error.threshold=0.10,error.min_instances=5",error_divergence_ph_meta,"{""divergence"": {""alpha"": 0.1, ""delta"": 0.005, ""min_instances"": 30, ""threshold"": 0.05}, ""error_rate"": {""alpha"": 0.15, ""delta"": 0.005, ""min_instances"": 5, ""threshold"": 0.1}}","{""error_rate"": {""min_instances"": 5, ""threshold"": 0.1}}",0.1,0.005,0.15,5,0.05,0.005,0.1,30,,,,-1,two_stage,2,0.5,"__confirm_cooldown=200,__confirm_rule=perm_test,__perm_alpha=0.03,__perm_min_effect=0,__perm_n_perm=200,__perm_post_n=10,__perm_pre_n=500,__perm_rng_seed=0,__perm_side=two_sided,__perm_stat=vote_score,divergence=0.3,error_rate=0.5,teacher_entropy=0.2",3,0,200,0.0,0,10000,10.0,25.0,200,500,0,0,1.0,0.8319909793814433,0.581487618519207,0.3333333333333333,0.3169645667076111,0.023888956755399704,1,1,58,57,0,perm_test,0.004975124378109453,0.4448258175522285,57,57,0,0.16666666666666666,0.3333333333333333,1,0.5,0.0,0.0,0.0,0,none,1,1,0,overconfident,0.95,0,severe_drift,0.9245322595397474,0.0016612903046990875,0.6451612977732317,0.8317741955600544,1768237754.1118238,0.481772780418396,0.22430992126464844
292,18688,18687,sea_nodrift,sea,ts_drift_adapt,1,"error_divergence_ph_meta@error.threshold=0.10,error.min_instances=5",error_divergence_ph_meta,"{""divergence"": {""alpha"": 0.1, ""delta"": 0.005, ""min_instances"": 30, ""threshold"": 0.05}, ""error_rate"": {""alpha"": 0.15, ""delta"": 0.005, ""min_instances"": 5, ""threshold"": 0.1}}","{""error_rate"": {""min_instances"": 5, ""threshold"": 0.1}}",0.1,0.005,0.15,5,0.05,0.005,0.1,30,,,,-1,two_stage,2,0.5,"__confirm_cooldown=200,__confirm_rule=perm_test,__perm_alpha=0.03,__perm_min_effect=0,__perm_n_perm=200,__perm_post_n=10,__perm_pre_n=500,__perm_rng_seed=0,__perm_side=two_sided,__perm_stat=vote_score,divergence=0.3,error_rate=0.5,teacher_entropy=0.2",3,0,200,0.0,0,10000,10.0,25.0,200,500,1,136,1.0,0.8321382705479452,0.5821637857209774,0.16666666666666666,0.25042468309402466,0.02173066884279251,0,0,58,57,-1,perm_test,0.004975124378109453,0.4448258175522285,57,57,0,0.0,0.16666666666666666,0,0.0,0.0,0.0,0.0,0,none,0,1,0,overconfident,0.95,0,mild_drift,0.9424161297698737,0.0014806451523495438,0.7225806488866159,0.8433870977800272,1768237754.1214855,0.41975128650665283,0.21588821709156036
293,18752,18751,sea_nodrift,sea,ts_drift_adapt,1,"error_divergence_ph_meta@error.threshold=0.10,error.min_instances=5",error_divergence_ph_meta,"{""divergence"": {""alpha"": 0.1, ""delta"": 0.005, ""min_instances"": 30, ""threshold"": 0.05}, ""error_rate"": {""alpha"": 0.15, ""delta"": 0.005, ""min_instances"": 5, ""threshold"": 0.1}}","{""error_rate"": {""min_instances"": 5, ""threshold"": 0.1}}",0.1,0.005,0.15,5,0.05,0.005,0.1,30,,,,-1,two_stage,2,0.5,"__confirm_cooldown=200,__confirm_rule=perm_test,__perm_alpha=0.03,__perm_min_effect=0,__perm_n_perm=200,__perm_post_n=10,__perm_pre_n=500,__perm_rng_seed=0,__perm_side=two_sided,__perm_stat=vote_score,divergence=0.3,error_rate=0.5,teacher_entropy=0.2",3,0,200,0.0,0,10000,10.0,25.0,200,500,1,72,1.0,0.8322845563139932,0.582634575506354,0.0,0.2720314860343933,0.016560833901166916,0,0,58,57,-1,perm_test,0.004975124378109453,0.4448258175522285,57,57,0,0.0,0.16666666666666666,0,0.0,0.0,0.0,0.0,0,none,0,1,0,overconfident,0.95,0,mild_drift,0.9513580648849368,0.001390322576174772,0.761290324443308,0.8491935488900135,1768237754.1310492,0.13928647339344025,0.1717109978199005
294,18816,18815,sea_nodrift,sea,ts_drift_adapt,1,"error_divergence_ph_meta@error.threshold=0.10,error.min_instances=5",error_divergence_ph_meta,"{""divergence"": {""alpha"": 0.1, ""delta"": 0.005, ""min_instances"": 30, ""threshold"": 0.05}, ""error_rate"": {""alpha"": 0.15, ""delta"": 0.005, ""min_instances"": 5, ""threshold"": 0.1}}","{""error_rate"": {""min_instances"": 5, ""threshold"": 0.1}}",0.1,0.005,0.15,5,0.05,0.005,0.1,30,,,,-1,two_stage,2,0.5,"__confirm_cooldown=200,__confirm_rule=perm_test,__perm_alpha=0.03,__perm_min_effect=0,__perm_n_perm=200,__perm_post_n=10,__perm_pre_n=500,__perm_rng_seed=0,__perm_side=two_sided,__perm_stat=vote_score,divergence=0.3,error_rate=0.5,teacher_entropy=0.2",3,0,200,0.0,0,10000,10.0,25.0,200,500,1,8,1.0,0.8323767006802721,0.5829549506154477,0.16666666666666666,0.2901715636253357,0.017073480412364006,0,0,58,57,-1,perm_test,0.004975124378109453,0.4448258175522285,57,57,0,0.0,0.16666666666666666,0,0.0,0.0,0.0,0.0,0,none,0,1,0,overconfident,0.95,0,mild_drift,0.9558290324424683,0.001345161288087386,0.780645162221654,0.8520967744450068,1768237754.1408622,0.17132146656513214,0.1583448350429535
295,18880,18879,sea_nodrift,sea,ts_drift_adapt,1,"error_divergence_ph_meta@error.threshold=0.10,error.min_instances=5",error_divergence_ph_meta,"{""divergence"": {""alpha"": 0.1, ""delta"": 0.005, ""min_instances"": 30, ""threshold"": 0.05}, ""error_rate"": {""alpha"": 0.15, ""delta"": 0.005, ""min_instances"": 5, ""threshold"": 0.1}}","{""error_rate"": {""min_instances"": 5, ""threshold"": 0.1}}",0.1,0.005,0.15,5,0.05,0.005,0.1,30,,,,-1,two_stage,2,0.5,"__confirm_cooldown=200,__confirm_rule=perm_test,__perm_alpha=0.03,__perm_min_effect=0,__perm_n_perm=200,__perm_post_n=10,__perm_pre_n=500,__perm_rng_seed=0,__perm_side=two_sided,__perm_stat=vote_score,divergence=0.3,error_rate=0.5,teacher_entropy=0.2",3,0,200,0.0,0,10000,10.0,25.0,200,500,0,0,1.0,0.8325741525423729,0.5839567625025917,0.0,0.34276291728019714,0.016581915318965912,0,0,58,57,-1,perm_test,0.004975124378109453,0.4448258175522285,57,57,0,0.0,0.16666666666666666,0,0.0,0.0,0.0,0.0,0,none,0,1,0,overconfident,0.95,0,mild_drift,0.9580645162212341,0.0013225806440436932,0.790322581110827,0.8535483872225034,1768237754.1505845,0.11911240220069885,0.18400251865386963
296,18944,18943,sea_nodrift,sea,ts_drift_adapt,1,"error_divergence_ph_meta@error.threshold=0.10,error.min_instances=5",error_divergence_ph_meta,"{""divergence"": {""alpha"": 0.1, ""delta"": 0.005, ""min_instances"": 30, ""threshold"": 0.05}, ""error_rate"": {""alpha"": 0.15, ""delta"": 0.005, ""min_instances"": 5, ""threshold"": 0.1}}","{""error_rate"": {""min_instances"": 5, ""threshold"": 0.1}}",0.1,0.005,0.15,5,0.05,0.005,0.1,30,,,,-1,two_stage,2,0.5,"__confirm_cooldown=200,__confirm_rule=perm_test,__perm_alpha=0.03,__perm_min_effect=0,__perm_n_perm=200,__perm_post_n=10,__perm_pre_n=500,__perm_rng_seed=0,__perm_side=two_sided,__perm_stat=vote_score,divergence=0.3,error_rate=0.5,teacher_entropy=0.2",3,0,200,0.0,0,10000,10.0,25.0,200,500,0,0,1.0,0.8327174831081081,0.584725367938077,0.0,0.31839779019355774,0.022811245173215866,1,1,59,58,0,perm_test,0.004975124378109453,0.44837676375853563,58,58,0,0.3333333333333333,0.006229329854249954,1,0.5,0.0,0.0,0.0,0,none,1,1,0,overconfident,0.95,0,severe_drift,0.924532258110617,0.0016612903220218466,0.6451612905554135,0.8317741936112517,1768237754.167052,0.3010479211807251,0.24097727239131927
297,19008,19007,sea_nodrift,sea,ts_drift_adapt,1,"error_divergence_ph_meta@error.threshold=0.10,error.min_instances=5",error_divergence_ph_meta,"{""divergence"": {""alpha"": 0.1, ""delta"": 0.005, ""min_instances"": 30, ""threshold"": 0.05}, ""error_rate"": {""alpha"": 0.15, ""delta"": 0.005, ""min_instances"": 5, ""threshold"": 0.1}}","{""error_rate"": {""min_instances"": 5, ""threshold"": 0.1}}",0.1,0.005,0.15,5,0.05,0.005,0.1,30,,,,-1,two_stage,2,0.5,"__confirm_cooldown=200,__confirm_rule=perm_test,__perm_alpha=0.03,__perm_min_effect=0,__perm_n_perm=200,__perm_post_n=10,__perm_pre_n=500,__perm_rng_seed=0,__perm_side=two_sided,__perm_stat=vote_score,divergence=0.3,error_rate=0.5,teacher_entropy=0.2",3,0,200,0.0,0,10000,10.0,25.0,200,500,1,136,1.0,0.8329650673400674,0.5851317027286452,0.16666666666666666,0.30682405829429626,0.013106310740113258,0,0,59,58,-1,perm_test,0.004975124378109453,0.44837676375853563,58,58,0,0.0,0.16666666666666666,0,0.0,0.0,0.0,0.0,0,none,0,1,0,overconfident,0.95,0,mild_drift,0.9424161290553085,0.0014806451610109234,0.7225806452777068,0.8433870968056258,1768237754.17687,0.347184419631958,0.14142028987407684
298,19072,19071,sea_nodrift,sea,ts_drift_adapt,1,"error_divergence_ph_meta@error.threshold=0.10,error.min_instances=5",error_divergence_ph_meta,"{""divergence"": {""alpha"": 0.1, ""delta"": 0.005, ""min_instances"": 30, ""threshold"": 0.05}, ""error_rate"": {""alpha"": 0.15, ""delta"": 0.005, ""min_instances"": 5, ""threshold"": 0.1}}","{""error_rate"": {""min_instances"": 5, ""threshold"": 0.1}}",0.1,0.005,0.15,5,0.05,0.005,0.1,30,,,,-1,two_stage,2,0.5,"__confirm_cooldown=200,__confirm_rule=perm_test,__perm_alpha=0.03,__perm_min_effect=0,__perm_n_perm=200,__perm_post_n=10,__perm_pre_n=500,__perm_rng_seed=0,__perm_side=two_sided,__perm_stat=vote_score,divergence=0.3,error_rate=0.5,teacher_entropy=0.2",3,0,200,0.0,0,10000,10.0,25.0,200,500,1,72,1.0,0.8331585570469798,0.585490805584777,0.16666666666666666,0.3033110797405243,0.009186609648168087,0,0,59,58,-1,perm_test,0.004975124378109453,0.44837676375853563,58,58,0,0.0,0.003919701091945171,0,0.0,0.0,0.0,0.0,0,none,0,1,0,overconfident,0.95,0,mild_drift,0.9513580645276543,0.0013903225805054617,0.7612903226388534,0.8491935484028129,1768237754.1865594,0.369314581155777,0.12377628684043884
299,19136,19135,sea_nodrift,sea,ts_drift_adapt,1,"error_divergence_ph_meta@error.threshold=0.10,error.min_instances=5",error_divergence_ph_meta,"{""divergence"": {""alpha"": 0.1, ""delta"": 0.005, ""min_instances"": 30, ""threshold"": 0.05}, ""error_rate"": {""alpha"": 0.15, ""delta"": 0.005, ""min_instances"": 5, ""threshold"": 0.1}}","{""error_rate"": {""min_instances"": 5, ""threshold"": 0.1}}",0.1,0.005,0.15,5,0.05,0.005,0.1,30,,,,-1,two_stage,2,0.5,"__confirm_cooldown=200,__confirm_rule=perm_test,__perm_alpha=0.03,__perm_min_effect=0,__perm_n_perm=200,__perm_post_n=10,__perm_pre_n=500,__perm_rng_seed=0,__perm_side=two_sided,__perm_stat=vote_score,divergence=0.3,error_rate=0.5,teacher_entropy=0.2",3,0,200,0.0,0,10000,10.0,25.0,200,500,1,8,1.0,0.8336120401337793,0.5864603441085137,0.0,0.2525119483470917,0.005853042006492615,0,0,59,58,-1,perm_test,0.004975124378109453,0.44837676375853563,58,58,0,0.0,0.16666666666666666,0,0.0,0.0,0.0,0.0,0,none,0,1,0,overconfident,0.95,0,mild_drift,0.9558290322638271,0.0013451612902527308,0.7806451613194267,0.8520967742014065,1768237754.1962032,0.05312834307551384,0.09138067066669464
300,19200,19199,sea_nodrift,sea,ts_drift_adapt,1,"error_divergence_ph_meta@error.threshold=0.10,error.min_instances=5",error_divergence_ph_meta,"{""divergence"": {""alpha"": 0.1, ""delta"": 0.005, ""min_instances"": 30, ""threshold"": 0.05}, ""error_rate"": {""alpha"": 0.15, ""delta"": 0.005, ""min_instances"": 5, ""threshold"": 0.1}}","{""error_rate"": {""min_instances"": 5, ""threshold"": 0.1}}",0.1,0.005,0.15,5,0.05,0.005,0.1,30,,,,-1,two_stage,2,0.5,"__confirm_cooldown=200,__confirm_rule=perm_test,__perm_alpha=0.03,__perm_min_effect=0,__perm_n_perm=200,__perm_post_n=10,__perm_pre_n=500,__perm_rng_seed=0,__perm_side=two_sided,__perm_stat=vote_score,divergence=0.3,error_rate=0.5,teacher_entropy=0.2",3,0,200,0.0,0,10000,10.0,25.0,200,500,0,0,1.0,0.83390625,0.587136922186023,0.16666666666666666,0.31724032759666443,0.011496743187308311,0,0,59,58,-1,perm_test,0.004975124378109453,0.44837676375853563,58,58,0,0.0,0.16666666666666666,0,0.0,0.0,0.0,0.0,0,none,0,1,0,overconfident,0.95,0,mild_drift,0.9580645161319135,0.0013225806451263654,0.7903225806597134,0.8535483871007032,1768237754.2058167,0.30868807435035706,0.10866950452327728
301,19264,19263,sea_nodrift,sea,ts_drift_adapt,1,"error_divergence_ph_meta@error.threshold=0.10,error.min_instances=5",error_divergence_ph_meta,"{""divergence"": {""alpha"": 0.1, ""delta"": 0.005, ""min_instances"": 30, ""threshold"": 0.05}, ""error_rate"": {""alpha"": 0.15, ""delta"": 0.005, ""min_instances"": 5, ""threshold"": 0.1}}","{""error_rate"": {""min_instances"": 5, ""threshold"": 0.1}}",0.1,0.005,0.15,5,0.05,0.005,0.1,30,,,,-1,two_stage,2,0.5,"__confirm_cooldown=200,__confirm_rule=perm_test,__perm_alpha=0.03,__perm_min_effect=0,__perm_n_perm=200,__perm_post_n=10,__perm_pre_n=500,__perm_rng_seed=0,__perm_side=two_sided,__perm_stat=vote_score,divergence=0.3,error_rate=0.5,teacher_entropy=0.2",3,0,200,0.0,0,10000,10.0,25.0,200,500,0,0,1.0,0.8343023255813954,0.5880589645358579,0.0,0.32523614168167114,0.013311784714460373,1,1,60,59,0,perm_test,0.004975124378109453,0.44194137565076047,59,59,0,0.0,0.16666666666666666,1,0.5,0.0,0.0,0.0,0,none,1,1,0,overconfident,0.95,0,stable,0.9740322580659567,0.0010612903225631827,0.8951612903298567,0.8992741935503517,1768237754.222062,0.1313595026731491,0.10642383992671967
302,19328,19327,sea_nodrift,sea,ts_drift_adapt,1,"error_divergence_ph_meta@error.threshold=0.10,error.min_instances=5",error_divergence_ph_meta,"{""divergence"": {""alpha"": 0.1, ""delta"": 0.005, ""min_instances"": 30, ""threshold"": 0.05}, ""error_rate"": {""alpha"": 0.15, ""delta"": 0.005, ""min_instances"": 5, ""threshold"": 0.1}}","{""error_rate"": {""min_instances"": 5, ""threshold"": 0.1}}",0.1,0.005,0.15,5,0.05,0.005,0.1,30,,,,-1,two_stage,2,0.5,"__confirm_cooldown=200,__confirm_rule=perm_test,__perm_alpha=0.03,__perm_min_effect=0,__perm_n_perm=200,__perm_post_n=10,__perm_pre_n=500,__perm_rng_seed=0,__perm_side=two_sided,__perm_stat=vote_score,divergence=0.3,error_rate=0.5,teacher_entropy=0.2",3,0,200,0.0,0,10000,10.0,25.0,200,500,1,136,1.0,0.8343336092715232,0.5882225591971205,0.3333333333333333,0.2905476987361908,0.013731005601584911,0,0,60,59,-1,perm_test,0.004975124378109453,0.44194137565076047,59,59,0,0.0,0.3333333333333333,0,0.0,0.0,0.0,0.0,0,none,0,1,0,overconfident,0.95,0,mild_drift,0.9671661290329783,0.0011806451612815915,0.8475806451649284,0.8771370967751758,1768237754.231711,0.5587137937545776,0.09680502861738205
303,19392,19391,sea_nodrift,sea,ts_drift_adapt,1,"error_divergence_ph_meta@error.threshold=0.10,error.min_instances=5",error_divergence_ph_meta,"{""divergence"": {""alpha"": 0.1, ""delta"": 0.005, ""min_instances"": 30, ""threshold"": 0.05}, ""error_rate"": {""alpha"": 0.15, ""delta"": 0.005, ""min_instances"": 5, ""threshold"": 0.1}}","{""error_rate"": {""min_instances"": 5, ""threshold"": 0.1}}",0.1,0.005,0.15,5,0.05,0.005,0.1,30,,,,-1,two_stage,2,0.5,"__confirm_cooldown=200,__confirm_rule=perm_test,__perm_alpha=0.03,__perm_min_effect=0,__perm_n_perm=200,__perm_post_n=10,__perm_pre_n=500,__perm_rng_seed=0,__perm_side=two_sided,__perm_stat=vote_score,divergence=0.3,error_rate=0.5,teacher_entropy=0.2",3,0,200,0.0,0,10000,10.0,25.0,200,500,1,72,1.0,0.8345193894389439,0.5886861153692199,0.16666666666666666,0.3064102828502655,0.018056906759738922,0,0,60,59,-1,perm_test,0.004975124378109453,0.44194137565076047,59,59,0,0.0,0.16666666666666666,0,0.0,0.0,0.0,0.0,0,none,0,1,0,overconfident,0.95,0,mild_drift,0.9637330645164891,0.0012403225806407957,0.8237903225824642,0.8660685483875878,1768237754.2412302,0.2066204994916916,0.1439385712146759
304,19456,19455,sea_nodrift,sea,ts_drift_adapt,1,"error_divergence_ph_meta@error.threshold=0.10,error.min_instances=5",error_divergence_ph_meta,"{""divergence"": {""alpha"": 0.1, ""delta"": 0.005, ""min_instances"": 30, ""threshold"": 0.05}, ""error_rate"": {""alpha"": 0.15, ""delta"": 0.005, ""min_instances"": 5, ""threshold"": 0.1}}","{""error_rate"": {""min_instances"": 5, ""threshold"": 0.1}}",0.1,0.005,0.15,5,0.05,0.005,0.1,30,,,,-1,two_stage,2,0.5,"__confirm_cooldown=200,__confirm_rule=perm_test,__perm_alpha=0.03,__perm_min_effect=0,__perm_n_perm=200,__perm_post_n=10,__perm_pre_n=500,__perm_rng_seed=0,__perm_side=two_sided,__perm_stat=vote_score,divergence=0.3,error_rate=0.5,teacher_entropy=0.2",3,0,200,0.0,0,10000,10.0,25.0,200,500,1,8,1.0,0.8346011513157895,0.5886940820999863,0.16666666666666666,0.305162250995636,0.009833178482949734,0,0,60,59,-1,perm_test,0.004975124378109453,0.44194137565076047,59,59,0,0.0,0.008223728276789188,0,0.0,0.0,0.0,0.0,0,none,0,1,0,overconfident,0.95,0,mild_drift,0.9620165322582446,0.001270161290320398,0.8118951612912322,0.8605342741937939,1768237754.250884,0.40396520495414734,0.102259561419487
305,19520,19519,sea_nodrift,sea,ts_drift_adapt,1,"error_divergence_ph_meta@error.threshold=0.10,error.min_instances=5",error_divergence_ph_meta,"{""divergence"": {""alpha"": 0.1, ""delta"": 0.005, ""min_instances"": 30, ""threshold"": 0.05}, ""error_rate"": {""alpha"": 0.15, ""delta"": 0.005, ""min_instances"": 5, ""threshold"": 0.1}}","{""error_rate"": {""min_instances"": 5, ""threshold"": 0.1}}",0.1,0.005,0.15,5,0.05,0.005,0.1,30,,,,-1,two_stage,2,0.5,"__confirm_cooldown=200,__confirm_rule=perm_test,__perm_alpha=0.03,__perm_min_effect=0,__perm_n_perm=200,__perm_post_n=10,__perm_pre_n=500,__perm_rng_seed=0,__perm_side=two_sided,__perm_stat=vote_score,divergence=0.3,error_rate=0.5,teacher_entropy=0.2",3,0,200,0.0,0,10000,10.0,25.0,200,500,0,0,1.0,0.8345799180327869,0.5887543140615962,0.16666666666666666,0.27120739221572876,0.011173813603818417,0,0,60,59,-1,perm_test,0.004975124378109453,0.44194137565076047,59,59,0,0.0,0.0013406351208686829,0,0.0,0.0,0.0,0.0,0,none,0,1,0,overconfident,0.95,0,mild_drift,0.9611582661291223,0.0012850806451601992,0.8059475806456161,0.8577671370968969,1768237754.260566,0.3851073086261749,0.12125423550605774
306,19584,19583,sea_nodrift,sea,ts_drift_adapt,1,"error_divergence_ph_meta@error.threshold=0.10,error.min_instances=5",error_divergence_ph_meta,"{""divergence"": {""alpha"": 0.1, ""delta"": 0.005, ""min_instances"": 30, ""threshold"": 0.05}, ""error_rate"": {""alpha"": 0.15, ""delta"": 0.005, ""min_instances"": 5, ""threshold"": 0.1}}","{""error_rate"": {""min_instances"": 5, ""threshold"": 0.1}}",0.1,0.005,0.15,5,0.05,0.005,0.1,30,,,,-1,two_stage,2,0.5,"__confirm_cooldown=200,__confirm_rule=perm_test,__perm_alpha=0.03,__perm_min_effect=0,__perm_n_perm=200,__perm_post_n=10,__perm_pre_n=500,__perm_rng_seed=0,__perm_side=two_sided,__perm_stat=vote_score,divergence=0.3,error_rate=0.5,teacher_entropy=0.2",3,0,200,0.0,0,10000,10.0,25.0,200,500,0,0,1.0,0.8350183823529411,0.589568352332766,0.0,0.2900543808937073,0.015182401984930038,1,1,61,60,0,perm_test,0.004975124378109453,0.4494907458238972,60,60,0,0.0,0.16666666666666666,1,0.5,0.0,0.0,0.0,0,none,1,1,0,overconfident,0.95,0,stable,0.9755791330645611,0.0010425403225800996,0.9029737903228081,0.9013835685484485,1768237754.276939,0.07572752982378006,0.13602116703987122
307,19648,19647,sea_nodrift,sea,ts_drift_adapt,1,"error_divergence_ph_meta@error.threshold=0.10,error.min_instances=5",error_divergence_ph_meta,"{""divergence"": {""alpha"": 0.1, ""delta"": 0.005, ""min_instances"": 30, ""threshold"": 0.05}, ""error_rate"": {""alpha"": 0.15, ""delta"": 0.005, ""min_instances"": 5, ""threshold"": 0.1}}","{""error_rate"": {""min_instances"": 5, ""threshold"": 0.1}}",0.1,0.005,0.15,5,0.05,0.005,0.1,30,,,,-1,two_stage,2,0.5,"__confirm_cooldown=200,__confirm_rule=perm_test,__perm_alpha=0.03,__perm_min_effect=0,__perm_n_perm=200,__perm_post_n=10,__perm_pre_n=500,__perm_rng_seed=0,__perm_side=two_sided,__perm_stat=vote_score,divergence=0.3,error_rate=0.5,teacher_entropy=0.2",3,0,200,0.0,0,10000,10.0,25.0,200,500,1,136,1.0,0.8353013029315961,0.5902344247658441,0.16666666666666666,0.26944467425346375,0.017501847818493843,0,0,61,60,-1,perm_test,0.004975124378109453,0.4494907458238972,60,60,0,0.0,0.16666666666666666,0,0.0,0.0,0.0,0.0,0,none,0,1,0,overconfident,0.95,0,mild_drift,0.9679395665322805,0.0011712701612900498,0.8514868951614041,0.8781917842742242,1768237754.2865927,0.28379151225090027,0.15031830966472626
308,19712,19711,sea_nodrift,sea,ts_drift_adapt,1,"error_divergence_ph_meta@error.threshold=0.10,error.min_instances=5",error_divergence_ph_meta,"{""divergence"": {""alpha"": 0.1, ""delta"": 0.005, ""min_instances"": 30, ""threshold"": 0.05}, ""error_rate"": {""alpha"": 0.15, ""delta"": 0.005, ""min_instances"": 5, ""threshold"": 0.1}}","{""error_rate"": {""min_instances"": 5, ""threshold"": 0.1}}",0.1,0.005,0.15,5,0.05,0.005,0.1,30,,,,-1,two_stage,2,0.5,"__confirm_cooldown=200,__confirm_rule=perm_test,__perm_alpha=0.03,__perm_min_effect=0,__perm_n_perm=200,__perm_post_n=10,__perm_pre_n=500,__perm_rng_seed=0,__perm_side=two_sided,__perm_stat=vote_score,divergence=0.3,error_rate=0.5,teacher_entropy=0.2",3,0,200,0.0,0,10000,10.0,25.0,200,500,1,72,1.0,0.8355823863636364,0.5908660916857736,0.0,0.2731553316116333,0.006457675714045763,0,0,61,60,-1,perm_test,0.004975124378109453,0.4494907458238972,60,60,0,0.0,0.16666666666666666,0,0.0,0.0,0.0,0.0,0,none,0,1,0,overconfident,0.95,0,mild_drift,0.9641197832661402,0.001235635080645025,0.8257434475807021,0.8665958921371121,1768237754.2960653,0.09591884166002274,0.05974484607577324
309,19776,19775,sea_nodrift,sea,ts_drift_adapt,1,"error_divergence_ph_meta@error.threshold=0.10,error.min_instances=5",error_divergence_ph_meta,"{""divergence"": {""alpha"": 0.1, ""delta"": 0.005, ""min_instances"": 30, ""threshold"": 0.05}, ""error_rate"": {""alpha"": 0.15, ""delta"": 0.005, ""min_instances"": 5, ""threshold"": 0.1}}","{""error_rate"": {""min_instances"": 5, ""threshold"": 0.1}}",0.1,0.005,0.15,5,0.05,0.005,0.1,30,,,,-1,two_stage,2,0.5,"__confirm_cooldown=200,__confirm_rule=perm_test,__perm_alpha=0.03,__perm_min_effect=0,__perm_n_perm=200,__perm_post_n=10,__perm_pre_n=500,__perm_rng_seed=0,__perm_side=two_sided,__perm_stat=vote_score,divergence=0.3,error_rate=0.5,teacher_entropy=0.2",3,0,200,0.0,0,10000,10.0,25.0,200,500,1,8,1.0,0.8357605177993528,0.5912964932628532,0.0,0.2518579363822937,0.009700505994260311,0,0,61,60,-1,perm_test,0.004975124378109453,0.4494907458238972,60,60,0,0.0,0.003242830280214548,0,0.0,0.0,0.0,0.0,0,none,0,1,0,overconfident,0.95,0,mild_drift,0.9622098916330701,0.0012678175403225125,0.8128717237903511,0.860797946068556,1768237754.305653,0.16462405025959015,0.08075352013111115
310,19840,19839,sea_nodrift,sea,ts_drift_adapt,1,"error_divergence_ph_meta@error.threshold=0.10,error.min_instances=5",error_divergence_ph_meta,"{""divergence"": {""alpha"": 0.1, ""delta"": 0.005, ""min_instances"": 30, ""threshold"": 0.05}, ""error_rate"": {""alpha"": 0.15, ""delta"": 0.005, ""min_instances"": 5, ""threshold"": 0.1}}","{""error_rate"": {""min_instances"": 5, ""threshold"": 0.1}}",0.1,0.005,0.15,5,0.05,0.005,0.1,30,,,,-1,two_stage,2,0.5,"__confirm_cooldown=200,__confirm_rule=perm_test,__perm_alpha=0.03,__perm_min_effect=0,__perm_n_perm=200,__perm_post_n=10,__perm_pre_n=500,__perm_rng_seed=0,__perm_side=two_sided,__perm_stat=vote_score,divergence=0.3,error_rate=0.5,teacher_entropy=0.2",3,0,200,0.0,0,10000,10.0,25.0,200,500,0,0,1.0,0.8359375,0.5919542645452541,0.16666666666666666,0.3155917525291443,0.006291883997619152,0,0,61,60,-1,perm_test,0.004975124378109453,0.4494907458238972,60,60,0,0.0,0.16666666666666666,0,0.0,0.0,0.0,0.0,0,none,0,1,0,overconfident,0.95,0,mild_drift,0.961254945816535,0.0012839087701612562,0.8064358618951756,0.857898973034278,1768237754.315334,0.16664449870586395,0.08502772450447083
311,19904,19903,sea_nodrift,sea,ts_drift_adapt,1,"error_divergence_ph_meta@error.threshold=0.10,error.min_instances=5",error_divergence_ph_meta,"{""divergence"": {""alpha"": 0.1, ""delta"": 0.005, ""min_instances"": 30, ""threshold"": 0.05}, ""error_rate"": {""alpha"": 0.15, ""delta"": 0.005, ""min_instances"": 5, ""threshold"": 0.1}}","{""error_rate"": {""min_instances"": 5, ""threshold"": 0.1}}",0.1,0.005,0.15,5,0.05,0.005,0.1,30,,,,-1,two_stage,2,0.5,"__confirm_cooldown=200,__confirm_rule=perm_test,__perm_alpha=0.03,__perm_min_effect=0,__perm_n_perm=200,__perm_post_n=10,__perm_pre_n=500,__perm_rng_seed=0,__perm_side=two_sided,__perm_stat=vote_score,divergence=0.3,error_rate=0.5,teacher_entropy=0.2",3,0,200,0.0,0,10000,10.0,25.0,200,500,0,0,1.0,0.836113344051447,0.5922028976317151,0.0,0.3019075393676758,0.008454152382910252,1,1,62,61,0,perm_test,0.004975124378109453,0.45172457773136804,61,61,0,0.0,0.16666666666666666,1,0.5,0.0,0.0,0.0,0,none,1,1,0,overconfident,0.95,0,stable,0.9756274729082675,0.001041954385080628,0.9032179309475878,0.901449486517139,1768237754.3315074,0.08848089724779129,0.08754958212375641
312,19968,19967,sea_nodrift,sea,ts_drift_adapt,1,"error_divergence_ph_meta@error.threshold=0.10,error.min_instances=5",error_divergence_ph_meta,"{""divergence"": {""alpha"": 0.1, ""delta"": 0.005, ""min_instances"": 30, ""threshold"": 0.05}, ""error_rate"": {""alpha"": 0.15, ""delta"": 0.005, ""min_instances"": 5, ""threshold"": 0.1}}","{""error_rate"": {""min_instances"": 5, ""threshold"": 0.1}}",0.1,0.005,0.15,5,0.05,0.005,0.1,30,,,,-1,two_stage,2,0.5,"__confirm_cooldown=200,__confirm_rule=perm_test,__perm_alpha=0.03,__perm_min_effect=0,__perm_n_perm=200,__perm_post_n=10,__perm_pre_n=500,__perm_rng_seed=0,__perm_side=two_sided,__perm_stat=vote_score,divergence=0.3,error_rate=0.5,teacher_entropy=0.2",3,0,200,0.0,0,10000,10.0,25.0,200,500,1,136,1.0,0.8361879006410257,0.5924292651328448,0.3333333333333333,0.29209908843040466,0.011363997124135494,0,0,62,61,-1,perm_test,0.004975124378109453,0.45172457773136804,61,61,0,0.0,0.3333333333333333,0,0.0,0.0,0.0,0.0,0,none,0,1,0,overconfident,0.95,0,mild_drift,0.9679637364541337,0.0011709771925403141,0.8516089654737939,0.8782247432585695,1768237754.3413005,0.6990790367126465,0.09492775797843933
313,20032,20031,sea_nodrift,sea,ts_drift_adapt,1,"error_divergence_ph_meta@error.threshold=0.10,error.min_instances=5",error_divergence_ph_meta,"{""divergence"": {""alpha"": 0.1, ""delta"": 0.005, ""min_instances"": 30, ""threshold"": 0.05}, ""error_rate"": {""alpha"": 0.15, ""delta"": 0.005, ""min_instances"": 5, ""threshold"": 0.1}}","{""error_rate"": {""min_instances"": 5, ""threshold"": 0.1}}",0.1,0.005,0.15,5,0.05,0.005,0.1,30,,,,-1,two_stage,2,0.5,"__confirm_cooldown=200,__confirm_rule=perm_test,__perm_alpha=0.03,__perm_min_effect=0,__perm_n_perm=200,__perm_post_n=10,__perm_pre_n=500,__perm_rng_seed=0,__perm_side=two_sided,__perm_stat=vote_score,divergence=0.3,error_rate=0.5,teacher_entropy=0.2",3,0,200,0.0,0,10000,10.0,25.0,200,500,1,72,1.0,0.8366114217252396,0.5934435893872481,0.0,0.2342543751001358,0.012216656468808651,0,0,62,61,-1,perm_test,0.004975124378109453,0.45172457773136804,61,61,0,0.0,0.3333333333333333,0,0.0,0.0,0.0,0.0,0,none,0,1,0,overconfident,0.95,0,mild_drift,0.9641318682270668,0.0012354885962701572,0.825804482736897,0.8666123716292847,1768237754.3509908,0.1225709393620491,0.10769221186637878
314,20096,20095,sea_nodrift,sea,ts_drift_adapt,1,"error_divergence_ph_meta@error.threshold=0.10,error.min_instances=5",error_divergence_ph_meta,"{""divergence"": {""alpha"": 0.1, ""delta"": 0.005, ""min_instances"": 30, ""threshold"": 0.05}, ""error_rate"": {""alpha"": 0.15, ""delta"": 0.005, ""min_instances"": 5, ""threshold"": 0.1}}","{""error_rate"": {""min_instances"": 5, ""threshold"": 0.1}}",0.1,0.005,0.15,5,0.05,0.005,0.1,30,,,,-1,two_stage,2,0.5,"__confirm_cooldown=200,__confirm_rule=perm_test,__perm_alpha=0.03,__perm_min_effect=0,__perm_n_perm=200,__perm_post_n=10,__perm_pre_n=500,__perm_rng_seed=0,__perm_side=two_sided,__perm_stat=vote_score,divergence=0.3,error_rate=0.5,teacher_entropy=0.2",3,0,200,0.0,0,10000,10.0,25.0,200,500,1,8,1.0,0.8367834394904459,0.59382939990349,0.16666666666666666,0.2847217321395874,0.011290228925645351,0,0,62,61,-1,perm_test,0.004975124378109453,0.45172457773136804,61,61,0,0.0,0.16666666666666666,0,0.0,0.0,0.0,0.0,0,none,0,1,0,overconfident,0.95,0,mild_drift,0.9622159341135333,0.0012677442981350786,0.8129022413684486,0.8608061858146423,1768237754.3606532,0.3551872670650482,0.09423714876174927
315,20160,20159,sea_nodrift,sea,ts_drift_adapt,1,"error_divergence_ph_meta@error.threshold=0.10,error.min_instances=5",error_divergence_ph_meta,"{""divergence"": {""alpha"": 0.1, ""delta"": 0.005, ""min_instances"": 30, ""threshold"": 0.05}, ""error_rate"": {""alpha"": 0.15, ""delta"": 0.005, ""min_instances"": 5, ""threshold"": 0.1}}","{""error_rate"": {""min_instances"": 5, ""threshold"": 0.1}}",0.1,0.005,0.15,5,0.05,0.005,0.1,30,,,,-1,two_stage,2,0.5,"__confirm_cooldown=200,__confirm_rule=perm_test,__perm_alpha=0.03,__perm_min_effect=0,__perm_n_perm=200,__perm_post_n=10,__perm_pre_n=500,__perm_rng_seed=0,__perm_side=two_sided,__perm_stat=vote_score,divergence=0.3,error_rate=0.5,teacher_entropy=0.2",3,0,200,0.0,0,10000,10.0,25.0,200,500,0,0,1.0,0.8370039682539683,0.5943020711834337,0.0,0.2556036114692688,0.007708834018558264,0,0,62,61,-1,perm_test,0.004975124378109453,0.45172457773136804,61,61,0,0.0,0.16666666666666666,0,0.0,0.0,0.0,0.0,0,none,0,1,0,overconfident,0.95,0,mild_drift,0.9612579670567667,0.0012838721490675393,0.8064511206842243,0.8579030929073211,1768237754.3704245,0.09791207313537598,0.07297027856111526
316,20224,20223,sea_nodrift,sea,ts_drift_adapt,1,"error_divergence_ph_meta@error.threshold=0.10,error.min_instances=5",error_divergence_ph_meta,"{""divergence"": {""alpha"": 0.1, ""delta"": 0.005, ""min_instances"": 30, ""threshold"": 0.05}, ""error_rate"": {""alpha"": 0.15, ""delta"": 0.005, ""min_instances"": 5, ""threshold"": 0.1}}","{""error_rate"": {""min_instances"": 5, ""threshold"": 0.1}}",0.1,0.005,0.15,5,0.05,0.005,0.1,30,,,,-1,two_stage,2,0.5,"__confirm_cooldown=200,__confirm_rule=perm_test,__perm_alpha=0.03,__perm_min_effect=0,__perm_n_perm=200,__perm_post_n=10,__perm_pre_n=500,__perm_rng_seed=0,__perm_side=two_sided,__perm_stat=vote_score,divergence=0.3,error_rate=0.5,teacher_entropy=0.2",3,0,200,0.0,0,10000,10.0,25.0,200,500,0,0,1.0,0.8373219936708861,0.5949282899605337,0.16666666666666666,0.22445401549339294,0.007280155550688505,1,1,63,62,0,perm_test,0.004975124378109453,0.45475865132365184,62,62,0,0.16666666666666666,0.16666666666666666,1,0.5,0.0,0.0,0.0,0,none,1,1,0,overconfident,0.95,0,severe_drift,0.9261289835283834,0.0016419360745337697,0.6532255603421122,0.8339515464536607,1768237754.3869047,0.44798484444618225,0.07388467341661453
317,20288,20287,sea_nodrift,sea,ts_drift_adapt,1,"error_divergence_ph_meta@error.threshold=0.10,error.min_instances=5",error_divergence_ph_meta,"{""divergence"": {""alpha"": 0.1, ""delta"": 0.005, ""min_instances"": 30, ""threshold"": 0.05}, ""error_rate"": {""alpha"": 0.15, ""delta"": 0.005, ""min_instances"": 5, ""threshold"": 0.1}}","{""error_rate"": {""min_instances"": 5, ""threshold"": 0.1}}",0.1,0.005,0.15,5,0.05,0.005,0.1,30,,,,-1,two_stage,2,0.5,"__confirm_cooldown=200,__confirm_rule=perm_test,__perm_alpha=0.03,__perm_min_effect=0,__perm_n_perm=200,__perm_post_n=10,__perm_pre_n=500,__perm_rng_seed=0,__perm_side=two_sided,__perm_stat=vote_score,divergence=0.3,error_rate=0.5,teacher_entropy=0.2",3,0,200,0.0,0,10000,10.0,25.0,200,500,1,136,1.0,0.8376380126182965,0.595908424680423,0.16666666666666666,0.23563474416732788,0.0069596609100699425,0,0,63,62,-1,perm_test,0.004975124378109453,0.45475865132365184,62,62,0,0.0,0.0003204946406185627,0,0.0,0.0,0.0,0.0,0,none,0,1,0,overconfident,0.95,0,mild_drift,0.9432144917641916,0.001470968037266885,0.7266127801710561,0.8444757732268303,1768237754.396636,0.47061797976493835,0.07895997166633606
318,20352,20351,sea_nodrift,sea,ts_drift_adapt,1,"error_divergence_ph_meta@error.threshold=0.10,error.min_instances=5",error_divergence_ph_meta,"{""divergence"": {""alpha"": 0.1, ""delta"": 0.005, ""min_instances"": 30, ""threshold"": 0.05}, ""error_rate"": {""alpha"": 0.15, ""delta"": 0.005, ""min_instances"": 5, ""threshold"": 0.1}}","{""error_rate"": {""min_instances"": 5, ""threshold"": 0.1}}",0.1,0.005,0.15,5,0.05,0.005,0.1,30,,,,-1,two_stage,2,0.5,"__confirm_cooldown=200,__confirm_rule=perm_test,__perm_alpha=0.03,__perm_min_effect=0,__perm_n_perm=200,__perm_post_n=10,__perm_pre_n=500,__perm_rng_seed=0,__perm_side=two_sided,__perm_stat=vote_score,divergence=0.3,error_rate=0.5,teacher_entropy=0.2",3,0,200,0.0,0,10000,10.0,25.0,200,500,1,72,1.0,0.8378537735849056,0.5962816138199104,0.0,0.21984651684761047,0.005276768933981657,0,0,63,62,-1,perm_test,0.004975124378109453,0.45475865132365184,62,62,0,0.0,0.16666666666666666,0,0.0,0.0,0.0,0.0,0,none,0,1,0,overconfident,0.95,0,mild_drift,0.9517572458820958,0.0013854840186334426,0.7633063900855281,0.8497378866134151,1768237754.4062269,0.23703253269195557,0.07448294758796692
319,20416,20415,sea_nodrift,sea,ts_drift_adapt,1,"error_divergence_ph_meta@error.threshold=0.10,error.min_instances=5",error_divergence_ph_meta,"{""divergence"": {""alpha"": 0.1, ""delta"": 0.005, ""min_instances"": 30, ""threshold"": 0.05}, ""error_rate"": {""alpha"": 0.15, ""delta"": 0.005, ""min_instances"": 5, ""threshold"": 0.1}}","{""error_rate"": {""min_instances"": 5, ""threshold"": 0.1}}",0.1,0.005,0.15,5,0.05,0.005,0.1,30,,,,-1,two_stage,2,0.5,"__confirm_cooldown=200,__confirm_rule=perm_test,__perm_alpha=0.03,__perm_min_effect=0,__perm_n_perm=200,__perm_post_n=10,__perm_pre_n=500,__perm_rng_seed=0,__perm_side=two_sided,__perm_stat=vote_score,divergence=0.3,error_rate=0.5,teacher_entropy=0.2",3,0,200,0.0,0,10000,10.0,25.0,200,500,1,8,1.0,0.8381171630094044,0.5969625538810804,0.0,0.2627895474433899,0.00852222554385662,0,0,63,62,-1,perm_test,0.004975124378109453,0.45475865132365184,62,62,0,0.0,0.0032454566098749638,0,0.0,0.0,0.0,0.0,0,none,0,1,0,overconfident,0.95,0,mild_drift,0.9560286229410478,0.0013427420093167215,0.7816531950427641,0.8523689433067075,1768237754.4159305,0.17169292271137238,0.09799939393997192
320,20480,20479,sea_nodrift,sea,ts_drift_adapt,1,"error_divergence_ph_meta@error.threshold=0.10,error.min_instances=5",error_divergence_ph_meta,"{""divergence"": {""alpha"": 0.1, ""delta"": 0.005, ""min_instances"": 30, ""threshold"": 0.05}, ""error_rate"": {""alpha"": 0.15, ""delta"": 0.005, ""min_instances"": 5, ""threshold"": 0.1}}","{""error_rate"": {""min_instances"": 5, ""threshold"": 0.1}}",0.1,0.005,0.15,5,0.05,0.005,0.1,30,,,,-1,two_stage,2,0.5,"__confirm_cooldown=200,__confirm_rule=perm_test,__perm_alpha=0.03,__perm_min_effect=0,__perm_n_perm=200,__perm_post_n=10,__perm_pre_n=500,__perm_rng_seed=0,__perm_side=two_sided,__perm_stat=vote_score,divergence=0.3,error_rate=0.5,teacher_entropy=0.2",3,0,200,0.0,0,10000,10.0,25.0,200,500,0,0,1.0,0.838232421875,0.5975718741207853,0.16666666666666666,0.23106154799461365,0.008969999849796295,0,0,63,62,-1,perm_test,0.004975124378109453,0.45475865132365184,62,62,0,0.0,0.16666666666666666,0,0.0,0.0,0.0,0.0,0,none,0,1,0,overconfident,0.95,0,mild_drift,0.9581643114705238,0.001321371004658361,0.7908265975213821,0.8536844716533538,1768237754.425666,0.1652771532535553,0.12297928333282471
321,20544,20543,sea_nodrift,sea,ts_drift_adapt,1,"error_divergence_ph_meta@error.threshold=0.10,error.min_instances=5",error_divergence_ph_meta,"{""divergence"": {""alpha"": 0.1, ""delta"": 0.005, ""min_instances"": 30, ""threshold"": 0.05}, ""error_rate"": {""alpha"": 0.15, ""delta"": 0.005, ""min_instances"": 5, ""threshold"": 0.1}}","{""error_rate"": {""min_instances"": 5, ""threshold"": 0.1}}",0.1,0.005,0.15,5,0.05,0.005,0.1,30,,,,-1,two_stage,2,0.5,"__confirm_cooldown=200,__confirm_rule=perm_test,__perm_alpha=0.03,__perm_min_effect=0,__perm_n_perm=200,__perm_post_n=10,__perm_pre_n=500,__perm_rng_seed=0,__perm_side=two_sided,__perm_stat=vote_score,divergence=0.3,error_rate=0.5,teacher_entropy=0.2",3,0,200,0.0,0,10000,10.0,25.0,200,500,0,0,1.0,0.8384929906542056,0.5982588910183066,0.0,0.2935321033000946,0.00716388039290905,1,1,64,63,0,perm_test,0.004975124378109453,0.4549116380870025,63,63,0,0.16666666666666666,0.16666666666666666,1,0.5,0.0,0.0,0.0,0,none,1,1,0,overconfident,0.95,0,severe_drift,0.9245821557352619,0.0016606855023291805,0.6454132987606911,0.8318422358266769,1768237754.4420996,0.18648384511470795,0.101396843791008
322,20608,20607,sea_nodrift,sea,ts_drift_adapt,1,"error_divergence_ph_meta@error.threshold=0.10,error.min_instances=5",error_divergence_ph_meta,"{""divergence"": {""alpha"": 0.1, ""delta"": 0.005, ""min_instances"": 30, ""threshold"": 0.05}, ""error_rate"": {""alpha"": 0.15, ""delta"": 0.005, ""min_instances"": 5, ""threshold"": 0.1}}","{""error_rate"": {""min_instances"": 5, ""threshold"": 0.1}}",0.1,0.005,0.15,5,0.05,0.005,0.1,30,,,,-1,two_stage,2,0.5,"__confirm_cooldown=200,__confirm_rule=perm_test,__perm_alpha=0.03,__perm_min_effect=0,__perm_n_perm=200,__perm_post_n=10,__perm_pre_n=500,__perm_rng_seed=0,__perm_side=two_sided,__perm_stat=vote_score,divergence=0.3,error_rate=0.5,teacher_entropy=0.2",3,0,200,0.0,0,10000,10.0,25.0,200,500,1,136,1.0,0.8387034161490683,0.5988238787485984,0.0,0.2720211446285248,0.013513606041669846,0,0,64,63,-1,perm_test,0.004975124378109453,0.4549116380870025,63,63,0,0.0,0.006349725648760796,0,0.0,0.0,0.0,0.0,0,none,0,1,0,overconfident,0.95,0,mild_drift,0.9424410778676309,0.0014803427511645903,0.7227066493803456,0.8434211179133384,1768237754.451789,0.04902997985482216,0.16671107709407806
323,20672,20671,sea_nodrift,sea,ts_drift_adapt,1,"error_divergence_ph_meta@error.threshold=0.10,error.min_instances=5",error_divergence_ph_meta,"{""divergence"": {""alpha"": 0.1, ""delta"": 0.005, ""min_instances"": 30, ""threshold"": 0.05}, ""error_rate"": {""alpha"": 0.15, ""delta"": 0.005, ""min_instances"": 5, ""threshold"": 0.1}}","{""error_rate"": {""min_instances"": 5, ""threshold"": 0.1}}",0.1,0.005,0.15,5,0.05,0.005,0.1,30,,,,-1,two_stage,2,0.5,"__confirm_cooldown=200,__confirm_rule=perm_test,__perm_alpha=0.03,__perm_min_effect=0,__perm_n_perm=200,__perm_post_n=10,__perm_pre_n=500,__perm_rng_seed=0,__perm_side=two_sided,__perm_stat=vote_score,divergence=0.3,error_rate=0.5,teacher_entropy=0.2",3,0,200,0.0,0,10000,10.0,25.0,200,500,1,72,1.0,0.8388641640866873,0.5994423943628872,0.5,0.2931819260120392,0.00669474434107542,0,0,64,63,-1,perm_test,0.004975124378109453,0.4549116380870025,63,63,0,0.0,0.5,0,0.0,0.0,0.0,0.0,0,none,0,1,0,overconfident,0.95,0,mild_drift,0.9513705389338154,0.0013901713755822952,0.7613533246901728,0.8492105589566692,1768237754.4612424,0.6067334413528442,0.0903538316488266
324,20736,20735,sea_nodrift,sea,ts_drift_adapt,1,"error_divergence_ph_meta@error.threshold=0.10,error.min_instances=5",error_divergence_ph_meta,"{""divergence"": {""alpha"": 0.1, ""delta"": 0.005, ""min_instances"": 30, ""threshold"": 0.05}, ""error_rate"": {""alpha"": 0.15, ""delta"": 0.005, ""min_instances"": 5, ""threshold"": 0.1}}","{""error_rate"": {""min_instances"": 5, ""threshold"": 0.1}}",0.1,0.005,0.15,5,0.05,0.005,0.1,30,,,,-1,two_stage,2,0.5,"__confirm_cooldown=200,__confirm_rule=perm_test,__perm_alpha=0.03,__perm_min_effect=0,__perm_n_perm=200,__perm_post_n=10,__perm_pre_n=500,__perm_rng_seed=0,__perm_side=two_sided,__perm_stat=vote_score,divergence=0.3,error_rate=0.5,teacher_entropy=0.2",3,0,200,0.0,0,10000,10.0,25.0,200,500,1,8,1.0,0.8391203703703703,0.6001017630433384,0.0,0.25823891162872314,0.014112653210759163,0,0,64,63,-1,perm_test,0.004975124378109453,0.4549116380870025,63,63,0,0.0,0.5,0,0.0,0.0,0.0,0.0,0,none,0,1,0,overconfident,0.95,0,mild_drift,0.9558352694669077,0.0013450856877911476,0.7806766623450865,0.8521052794783346,1768237754.4708676,0.03424735367298126,0.1444217711687088
325,20800,20799,sea_nodrift,sea,ts_drift_adapt,1,"error_divergence_ph_meta@error.threshold=0.10,error.min_instances=5",error_divergence_ph_meta,"{""divergence"": {""alpha"": 0.1, ""delta"": 0.005, ""min_instances"": 30, ""threshold"": 0.05}, ""error_rate"": {""alpha"": 0.15, ""delta"": 0.005, ""min_instances"": 5, ""threshold"": 0.1}}","{""error_rate"": {""min_instances"": 5, ""threshold"": 0.1}}",0.1,0.005,0.15,5,0.05,0.005,0.1,30,,,,-1,two_stage,2,0.5,"__confirm_cooldown=200,__confirm_rule=perm_test,__perm_alpha=0.03,__perm_min_effect=0,__perm_n_perm=200,__perm_post_n=10,__perm_pre_n=500,__perm_rng_seed=0,__perm_side=two_sided,__perm_stat=vote_score,divergence=0.3,error_rate=0.5,teacher_entropy=0.2",3,0,200,0.0,0,10000,10.0,25.0,200,500,0,0,1.0,0.8391826923076923,0.600286376404349,0.16666666666666666,0.2843227684497833,0.011107890866696835,0,0,64,63,-1,perm_test,0.004975124378109453,0.4549116380870025,63,63,0,0.0,0.16666666666666666,0,0.0,0.0,0.0,0.0,0,none,0,1,0,overconfident,0.95,0,mild_drift,0.9580676347334538,0.001322542843895574,0.7903383311725433,0.8535526397391673,1768237754.4805248,0.28192949295043945,0.11909515410661697
326,20864,20863,sea_nodrift,sea,ts_drift_adapt,1,"error_divergence_ph_meta@error.threshold=0.10,error.min_instances=5",error_divergence_ph_meta,"{""divergence"": {""alpha"": 0.1, ""delta"": 0.005, ""min_instances"": 30, ""threshold"": 0.05}, ""error_rate"": {""alpha"": 0.15, ""delta"": 0.005, ""min_instances"": 5, ""threshold"": 0.1}}","{""error_rate"": {""min_instances"": 5, ""threshold"": 0.1}}",0.1,0.005,0.15,5,0.05,0.005,0.1,30,,,,-1,two_stage,2,0.5,"__confirm_cooldown=200,__confirm_rule=perm_test,__perm_alpha=0.03,__perm_min_effect=0,__perm_n_perm=200,__perm_post_n=10,__perm_pre_n=500,__perm_rng_seed=0,__perm_side=two_sided,__perm_stat=vote_score,divergence=0.3,error_rate=0.5,teacher_entropy=0.2",3,0,200,0.0,0,10000,10.0,25.0,200,500,0,0,1.0,0.8394363496932515,0.600775601507446,0.0,0.2725990116596222,0.01458684727549553,1,1,65,64,0,perm_test,0.004975124378109453,0.43493084122815145,64,64,0,0.0,0.16666666666666666,1,0.5,0.0,0.0,0.0,0,none,1,1,0,overconfident,0.95,0,stable,0.9740338173667269,0.001061271421947787,0.8951691655862717,0.8992763198695837,1768237754.4967785,0.10724502801895142,0.13509753346443176
327,20928,20927,sea_nodrift,sea,ts_drift_adapt,1,"error_divergence_ph_meta@error.threshold=0.10,error.min_instances=5",error_divergence_ph_meta,"{""divergence"": {""alpha"": 0.1, ""delta"": 0.005, ""min_instances"": 30, ""threshold"": 0.05}, ""error_rate"": {""alpha"": 0.15, ""delta"": 0.005, ""min_instances"": 5, ""threshold"": 0.1}}","{""error_rate"": {""min_instances"": 5, ""threshold"": 0.1}}",0.1,0.005,0.15,5,0.05,0.005,0.1,30,,,,-1,two_stage,2,0.5,"__confirm_cooldown=200,__confirm_rule=perm_test,__perm_alpha=0.03,__perm_min_effect=0,__perm_n_perm=200,__perm_post_n=10,__perm_pre_n=500,__perm_rng_seed=0,__perm_side=two_sided,__perm_stat=vote_score,divergence=0.3,error_rate=0.5,teacher_entropy=0.2",3,0,200,0.0,0,10000,10.0,25.0,200,500,1,136,1.0,0.8395451070336392,0.6009876597043562,0.3333333333333333,0.27949559688568115,0.012260498479008675,0,0,65,64,-1,perm_test,0.004975124378109453,0.43493084122815145,64,64,0,0.0,0.3333333333333333,0,0.0,0.0,0.0,0.0,0,none,0,1,0,overconfident,0.95,0,mild_drift,0.9671669086833634,0.0011806357109738937,0.8475845827931359,0.8771381599347918,1768237754.5064192,0.4616989195346832,0.1009618490934372
328,20992,20991,sea_nodrift,sea,ts_drift_adapt,1,"error_divergence_ph_meta@error.threshold=0.10,error.min_instances=5",error_divergence_ph_meta,"{""divergence"": {""alpha"": 0.1, ""delta"": 0.005, ""min_instances"": 30, ""threshold"": 0.05}, ""error_rate"": {""alpha"": 0.15, ""delta"": 0.005, ""min_instances"": 5, ""threshold"": 0.1}}","{""error_rate"": {""min_instances"": 5, ""threshold"": 0.1}}",0.1,0.005,0.15,5,0.05,0.005,0.1,30,,,,-1,two_stage,2,0.5,"__confirm_cooldown=200,__confirm_rule=perm_test,__perm_alpha=0.03,__perm_min_effect=0,__perm_n_perm=200,__perm_post_n=10,__perm_pre_n=500,__perm_rng_seed=0,__perm_side=two_sided,__perm_stat=vote_score,divergence=0.3,error_rate=0.5,teacher_entropy=0.2",3,0,200,0.0,0,10000,10.0,25.0,200,500,1,72,1.0,0.83984375,0.602038771961859,0.0,0.2801632285118103,0.008241654373705387,0,0,65,64,-1,perm_test,0.004975124378109453,0.43493084122815145,64,64,0,0.0,0.3333333333333333,0,0.0,0.0,0.0,0.0,0,none,0,1,0,overconfident,0.95,0,mild_drift,0.9637334543416817,0.0012403178554869468,0.823792291396568,0.8660690799673959,1768237754.515821,0.158515065908432,0.07230035960674286
329,21056,21055,sea_nodrift,sea,ts_drift_adapt,1,"error_divergence_ph_meta@error.threshold=0.10,error.min_instances=5",error_divergence_ph_meta,"{""divergence"": {""alpha"": 0.1, ""delta"": 0.005, ""min_instances"": 30, ""threshold"": 0.05}, ""error_rate"": {""alpha"": 0.15, ""delta"": 0.005, ""min_instances"": 5, ""threshold"": 0.1}}","{""error_rate"": {""min_instances"": 5, ""threshold"": 0.1}}",0.1,0.005,0.15,5,0.05,0.005,0.1,30,,,,-1,two_stage,2,0.5,"__confirm_cooldown=200,__confirm_rule=perm_test,__perm_alpha=0.03,__perm_min_effect=0,__perm_n_perm=200,__perm_post_n=10,__perm_pre_n=500,__perm_rng_seed=0,__perm_side=two_sided,__perm_stat=vote_score,divergence=0.3,error_rate=0.5,teacher_entropy=0.2",3,0,200,0.0,0,10000,10.0,25.0,200,500,1,8,1.0,0.840093085106383,0.6028202628649996,0.0,0.23501254618167877,0.014317036606371403,0,0,65,64,-1,perm_test,0.004975124378109453,0.43493084122815145,64,64,0,0.0,0.006075382232666016,0,0.0,0.0,0.0,0.0,0,none,0,1,0,overconfident,0.95,0,mild_drift,0.9620167271708409,0.0012701589277434736,0.811896145698284,0.8605345399836979,1768237754.5254776,0.05912153422832489,0.12873168289661407
330,21120,21119,sea_nodrift,sea,ts_drift_adapt,1,"error_divergence_ph_meta@error.threshold=0.10,error.min_instances=5",error_divergence_ph_meta,"{""divergence"": {""alpha"": 0.1, ""delta"": 0.005, ""min_instances"": 30, ""threshold"": 0.05}, ""error_rate"": {""alpha"": 0.15, ""delta"": 0.005, ""min_instances"": 5, ""threshold"": 0.1}}","{""error_rate"": {""min_instances"": 5, ""threshold"": 0.1}}",0.1,0.005,0.15,5,0.05,0.005,0.1,30,,,,-1,two_stage,2,0.5,"__confirm_cooldown=200,__confirm_rule=perm_test,__perm_alpha=0.03,__perm_min_effect=0,__perm_n_perm=200,__perm_post_n=10,__perm_pre_n=500,__perm_rng_seed=0,__perm_side=two_sided,__perm_stat=vote_score,divergence=0.3,error_rate=0.5,teacher_entropy=0.2",3,0,200,0.0,0,10000,10.0,25.0,200,500,0,0,1.0,0.8402935606060606,0.6032943155121567,0.16666666666666666,0.2628583312034607,0.009176496416330338,0,0,65,64,-1,perm_test,0.004975124378109453,0.43493084122815145,64,64,0,0.0,0.16666666666666666,0,0.0,0.0,0.0,0.0,0,none,0,1,0,overconfident,0.95,0,mild_drift,0.9611583635854204,0.0012850794638717368,0.805948072849142,0.8577672699918489,1768237754.535071,0.4026374816894531,0.09155608713626862
331,21184,21183,sea_nodrift,sea,ts_drift_adapt,1,"error_divergence_ph_meta@error.threshold=0.10,error.min_instances=5",error_divergence_ph_meta,"{""divergence"": {""alpha"": 0.1, ""delta"": 0.005, ""min_instances"": 30, ""threshold"": 0.05}, ""error_rate"": {""alpha"": 0.15, ""delta"": 0.005, ""min_instances"": 5, ""threshold"": 0.1}}","{""error_rate"": {""min_instances"": 5, ""threshold"": 0.1}}",0.1,0.005,0.15,5,0.05,0.005,0.1,30,,,,-1,two_stage,2,0.5,"__confirm_cooldown=200,__confirm_rule=perm_test,__perm_alpha=0.03,__perm_min_effect=0,__perm_n_perm=200,__perm_post_n=10,__perm_pre_n=500,__perm_rng_seed=0,__perm_side=two_sided,__perm_stat=vote_score,divergence=0.3,error_rate=0.5,teacher_entropy=0.2",3,0,200,0.0,0,10000,10.0,25.0,200,500,0,0,1.0,0.8405872356495468,0.6036522708528207,0.16666666666666666,0.2098114788532257,0.006162357050925493,1,1,66,65,0,perm_test,0.004975124378109453,0.44493891544115177,65,65,0,0.16666666666666666,0.0030141393654048443,1,0.5,0.0,0.0,0.0,0,none,1,1,0,overconfident,0.95,0,severe_drift,0.9260791817927102,0.0016425397319358684,0.6529740364245711,0.8338836349959244,1768237754.551521,0.3250543773174286,0.060921430587768555
332,21248,21247,sea_nodrift,sea,ts_drift_adapt,1,"error_divergence_ph_meta@error.threshold=0.10,error.min_instances=5",error_divergence_ph_meta,"{""divergence"": {""alpha"": 0.1, ""delta"": 0.005, ""min_instances"": 30, ""threshold"": 0.05}, ""error_rate"": {""alpha"": 0.15, ""delta"": 0.005, ""min_instances"": 5, ""threshold"": 0.1}}","{""error_rate"": {""min_instances"": 5, ""threshold"": 0.1}}",0.1,0.005,0.15,5,0.05,0.005,0.1,30,,,,-1,two_stage,2,0.5,"__confirm_cooldown=200,__confirm_rule=perm_test,__perm_alpha=0.03,__perm_min_effect=0,__perm_n_perm=200,__perm_post_n=10,__perm_pre_n=500,__perm_rng_seed=0,__perm_side=two_sided,__perm_stat=vote_score,divergence=0.3,error_rate=0.5,teacher_entropy=0.2",3,0,200,0.0,0,10000,10.0,25.0,200,500,1,136,1.0,0.8405967620481928,0.6037437236414082,0.0,0.3015356659889221,0.009541739709675312,0,0,66,65,-1,perm_test,0.004975124378109453,0.44493891544115177,65,65,0,0.0,0.16666666666666666,0,0.0,0.0,0.0,0.0,0,none,0,1,0,overconfident,0.95,0,mild_drift,0.943189590896355,0.0014712698659679344,0.7264870182122856,0.8444418174979622,1768237754.5611234,0.0915360078215599,0.0977608934044838
333,21312,21311,sea_nodrift,sea,ts_drift_adapt,1,"error_divergence_ph_meta@error.threshold=0.10,error.min_instances=5",error_divergence_ph_meta,"{""divergence"": {""alpha"": 0.1, ""delta"": 0.005, ""min_instances"": 30, ""threshold"": 0.05}, ""error_rate"": {""alpha"": 0.15, ""delta"": 0.005, ""min_instances"": 5, ""threshold"": 0.1}}","{""error_rate"": {""min_instances"": 5, ""threshold"": 0.1}}",0.1,0.005,0.15,5,0.05,0.005,0.1,30,,,,-1,two_stage,2,0.5,"__confirm_cooldown=200,__confirm_rule=perm_test,__perm_alpha=0.03,__perm_min_effect=0,__perm_n_perm=200,__perm_post_n=10,__perm_pre_n=500,__perm_rng_seed=0,__perm_side=two_sided,__perm_stat=vote_score,divergence=0.3,error_rate=0.5,teacher_entropy=0.2",3,0,200,0.0,0,10000,10.0,25.0,200,500,1,72,1.0,0.8405593093093093,0.6038322823245633,0.3333333333333333,0.2560723125934601,0.009786554612219334,0,0,66,65,-1,perm_test,0.004975124378109453,0.44493891544115177,65,65,0,0.0,0.3333333333333333,0,0.0,0.0,0.0,0.0,0,none,0,1,0,overconfident,0.95,0,mild_drift,0.9517447954481775,0.0013856349329839672,0.7632435091061428,0.8497209087489811,1768237754.57053,0.6056312322616577,0.08510488271713257
334,21376,21375,sea_nodrift,sea,ts_drift_adapt,1,"error_divergence_ph_meta@error.threshold=0.10,error.min_instances=5",error_divergence_ph_meta,"{""divergence"": {""alpha"": 0.1, ""delta"": 0.005, ""min_instances"": 30, ""threshold"": 0.05}, ""error_rate"": {""alpha"": 0.15, ""delta"": 0.005, ""min_instances"": 5, ""threshold"": 0.1}}","{""error_rate"": {""min_instances"": 5, ""threshold"": 0.1}}",0.1,0.005,0.15,5,0.05,0.005,0.1,30,,,,-1,two_stage,2,0.5,"__confirm_cooldown=200,__confirm_rule=perm_test,__perm_alpha=0.03,__perm_min_effect=0,__perm_n_perm=200,__perm_post_n=10,__perm_pre_n=500,__perm_rng_seed=0,__perm_side=two_sided,__perm_stat=vote_score,divergence=0.3,error_rate=0.5,teacher_entropy=0.2",3,0,200,0.0,0,10000,10.0,25.0,200,500,1,8,1.0,0.8405220808383234,0.6039130512675256,0.16666666666666666,0.2739150822162628,0.0162182729691267,0,0,66,65,-1,perm_test,0.004975124378109453,0.44493891544115177,65,65,0,0.0,0.16666666666666666,0,0.0,0.0,0.0,0.0,0,none,0,1,0,overconfident,0.95,0,mild_drift,0.9560223977240887,0.0013428174664919836,0.7816217545530715,0.8523604543744905,1768237754.5800557,0.23732459545135498,0.11476849764585495
335,21440,21439,sea_nodrift,sea,ts_drift_adapt,1,"error_divergence_ph_meta@error.threshold=0.10,error.min_instances=5",error_divergence_ph_meta,"{""divergence"": {""alpha"": 0.1, ""delta"": 0.005, ""min_instances"": 30, ""threshold"": 0.05}, ""error_rate"": {""alpha"": 0.15, ""delta"": 0.005, ""min_instances"": 5, ""threshold"": 0.1}}","{""error_rate"": {""min_instances"": 5, ""threshold"": 0.1}}",0.1,0.005,0.15,5,0.05,0.005,0.1,30,,,,-1,two_stage,2,0.5,"__confirm_cooldown=200,__confirm_rule=perm_test,__perm_alpha=0.03,__perm_min_effect=0,__perm_n_perm=200,__perm_post_n=10,__perm_pre_n=500,__perm_rng_seed=0,__perm_side=two_sided,__perm_stat=vote_score,divergence=0.3,error_rate=0.5,teacher_entropy=0.2",3,0,200,0.0,0,10000,10.0,25.0,200,500,0,0,1.0,0.8406716417910448,0.6043671866356898,0.16666666666666666,0.22106650471687317,0.007881379686295986,0,0,66,65,-1,perm_test,0.004975124378109453,0.44493891544115177,65,65,0,0.0,0.008336893282830715,0,0.0,0.0,0.0,0.0,0,none,0,1,0,overconfident,0.95,0,mild_drift,0.9581611988620443,0.0013214087332459917,0.7908108772765358,0.8536802271872452,1768237754.5897033,0.5147586464881897,0.06355922669172287
336,21504,21503,sea_nodrift,sea,ts_drift_adapt,1,"error_divergence_ph_meta@error.threshold=0.10,error.min_instances=5",error_divergence_ph_meta,"{""divergence"": {""alpha"": 0.1, ""delta"": 0.005, ""min_instances"": 30, ""threshold"": 0.05}, ""error_rate"": {""alpha"": 0.15, ""delta"": 0.005, ""min_instances"": 5, ""threshold"": 0.1}}","{""error_rate"": {""min_instances"": 5, ""threshold"": 0.1}}",0.1,0.005,0.15,5,0.05,0.005,0.1,30,,,,-1,two_stage,2,0.5,"__confirm_cooldown=200,__confirm_rule=perm_test,__perm_alpha=0.03,__perm_min_effect=0,__perm_n_perm=200,__perm_post_n=10,__perm_pre_n=500,__perm_rng_seed=0,__perm_side=two_sided,__perm_stat=vote_score,divergence=0.3,error_rate=0.5,teacher_entropy=0.2",3,0,200,0.0,0,10000,10.0,25.0,200,500,0,0,1.0,0.8407273065476191,0.6044648164807874,0.16666666666666666,0.3024222254753113,0.018506312742829323,1,1,67,66,0,perm_test,0.004975124378109453,0.43952115383139967,66,66,0,0.0,0.010624933056533337,1,0.5,0.0,0.0,0.0,0,none,1,1,0,overconfident,0.95,0,stable,0.9740805994310222,0.0010607043666229958,0.8954054386382679,0.8993401135936226,1768237754.6055024,0.42187798023223877,0.13843047618865967
337,21568,21567,sea_nodrift,sea,ts_drift_adapt,1,"error_divergence_ph_meta@error.threshold=0.10,error.min_instances=5",error_divergence_ph_meta,"{""divergence"": {""alpha"": 0.1, ""delta"": 0.005, ""min_instances"": 30, ""threshold"": 0.05}, ""error_rate"": {""alpha"": 0.15, ""delta"": 0.005, ""min_instances"": 5, ""threshold"": 0.1}}","{""error_rate"": {""min_instances"": 5, ""threshold"": 0.1}}",0.1,0.005,0.15,5,0.05,0.005,0.1,30,,,,-1,two_stage,2,0.5,"__confirm_cooldown=200,__confirm_rule=perm_test,__perm_alpha=0.03,__perm_min_effect=0,__perm_n_perm=200,__perm_post_n=10,__perm_pre_n=500,__perm_rng_seed=0,__perm_side=two_sided,__perm_stat=vote_score,divergence=0.3,error_rate=0.5,teacher_entropy=0.2",3,0,200,0.0,0,10000,10.0,25.0,200,500,1,136,1.0,0.8409681008902077,0.6048451939144155,0.0,0.28120318055152893,0.00938345119357109,0,0,67,66,-1,perm_test,0.004975124378109453,0.43952115383139967,66,66,0,0.0,0.16666666666666666,0,0.0,0.0,0.0,0.0,0,none,0,1,0,overconfident,0.95,0,mild_drift,0.9671902997155111,0.0011803521833114979,0.847702719319134,0.8771700567968113,1768237754.6151304,0.221993088722229,0.08888199925422668
338,21632,21631,sea_nodrift,sea,ts_drift_adapt,1,"error_divergence_ph_meta@error.threshold=0.10,error.min_instances=5",error_divergence_ph_meta,"{""divergence"": {""alpha"": 0.1, ""delta"": 0.005, ""min_instances"": 30, ""threshold"": 0.05}, ""error_rate"": {""alpha"": 0.15, ""delta"": 0.005, ""min_instances"": 5, ""threshold"": 0.1}}","{""error_rate"": {""min_instances"": 5, ""threshold"": 0.1}}",0.1,0.005,0.15,5,0.05,0.005,0.1,30,,,,-1,two_stage,2,0.5,"__confirm_cooldown=200,__confirm_rule=perm_test,__perm_alpha=0.03,__perm_min_effect=0,__perm_n_perm=200,__perm_post_n=10,__perm_pre_n=500,__perm_rng_seed=0,__perm_side=two_sided,__perm_stat=vote_score,divergence=0.3,error_rate=0.5,teacher_entropy=0.2",3,0,200,0.0,0,10000,10.0,25.0,200,500,1,72,1.0,0.8410225591715976,0.6049886334560208,0.16666666666666666,0.27835583686828613,0.012160649523139,0,0,67,66,-1,perm_test,0.004975124378109453,0.43952115383139967,66,66,0,0.0,0.16666666666666666,0,0.0,0.0,0.0,0.0,0,none,0,1,0,overconfident,0.95,0,mild_drift,0.9637451498577555,0.001240176091655749,0.823851359659567,0.8660850283984056,1768237754.6245959,0.19334834814071655,0.12024963647127151
339,21696,21695,sea_nodrift,sea,ts_drift_adapt,1,"error_divergence_ph_meta@error.threshold=0.10,error.min_instances=5",error_divergence_ph_meta,"{""divergence"": {""alpha"": 0.1, ""delta"": 0.005, ""min_instances"": 30, ""threshold"": 0.05}, ""error_rate"": {""alpha"": 0.15, ""delta"": 0.005, ""min_instances"": 5, ""threshold"": 0.1}}","{""error_rate"": {""min_instances"": 5, ""threshold"": 0.1}}",0.1,0.005,0.15,5,0.05,0.005,0.1,30,,,,-1,two_stage,2,0.5,"__confirm_cooldown=200,__confirm_rule=perm_test,__perm_alpha=0.03,__perm_min_effect=0,__perm_n_perm=200,__perm_post_n=10,__perm_pre_n=500,__perm_rng_seed=0,__perm_side=two_sided,__perm_stat=vote_score,divergence=0.3,error_rate=0.5,teacher_entropy=0.2",3,0,200,0.0,0,10000,10.0,25.0,200,500,1,8,1.0,0.841214970501475,0.6053223215403669,0.16666666666666666,0.2505621314048767,0.011668698862195015,0,0,67,66,-1,perm_test,0.004975124378109453,0.43952115383139967,66,66,0,0.0,0.000491950660943985,0,0.0,0.0,0.0,0.0,0,none,0,1,0,overconfident,0.95,0,mild_drift,0.9620225749288778,0.0012700880458278744,0.8119256798297836,0.8605425141992028,1768237754.6342974,0.3561203181743622,0.13067272305488586
340,21760,21759,sea_nodrift,sea,ts_drift_adapt,1,"error_divergence_ph_meta@error.threshold=0.10,error.min_instances=5",error_divergence_ph_meta,"{""divergence"": {""alpha"": 0.1, ""delta"": 0.005, ""min_instances"": 30, ""threshold"": 0.05}, ""error_rate"": {""alpha"": 0.15, ""delta"": 0.005, ""min_instances"": 5, ""threshold"": 0.1}}","{""error_rate"": {""min_instances"": 5, ""threshold"": 0.1}}",0.1,0.005,0.15,5,0.05,0.005,0.1,30,,,,-1,two_stage,2,0.5,"__confirm_cooldown=200,__confirm_rule=perm_test,__perm_alpha=0.03,__perm_min_effect=0,__perm_n_perm=200,__perm_post_n=10,__perm_pre_n=500,__perm_rng_seed=0,__perm_side=two_sided,__perm_stat=vote_score,divergence=0.3,error_rate=0.5,teacher_entropy=0.2",3,0,200,0.0,0,10000,10.0,25.0,200,500,0,0,1.0,0.8415441176470588,0.606268442535696,0.0,0.28474733233451843,0.019022390246391296,0,0,67,66,-1,perm_test,0.004975124378109453,0.43952115383139967,66,66,0,0.0,0.16666666666666666,0,0.0,0.0,0.0,0.0,0,none,0,1,0,overconfident,0.95,0,mild_drift,0.9611612874644389,0.0012850440229139372,0.8059628399148918,0.8577712570996014,1768237754.643945,0.04344108700752258,0.16627812385559082
341,21824,21823,sea_nodrift,sea,ts_drift_adapt,1,"error_divergence_ph_meta@error.threshold=0.10,error.min_instances=5",error_divergence_ph_meta,"{""divergence"": {""alpha"": 0.1, ""delta"": 0.005, ""min_instances"": 30, ""threshold"": 0.05}, ""error_rate"": {""alpha"": 0.15, ""delta"": 0.005, ""min_instances"": 5, ""threshold"": 0.1}}","{""error_rate"": {""min_instances"": 5, ""threshold"": 0.1}}",0.1,0.005,0.15,5,0.05,0.005,0.1,30,,,,-1,two_stage,2,0.5,"__confirm_cooldown=200,__confirm_rule=perm_test,__perm_alpha=0.03,__perm_min_effect=0,__perm_n_perm=200,__perm_post_n=10,__perm_pre_n=500,__perm_rng_seed=0,__perm_side=two_sided,__perm_stat=vote_score,divergence=0.3,error_rate=0.5,teacher_entropy=0.2",3,0,200,0.0,0,10000,10.0,25.0,200,500,0,0,1.0,0.8415964076246334,0.6064188391518914,0.16666666666666666,0.28423619270324707,0.026665253564715385,1,1,68,67,0,perm_test,0.004975124378109453,0.411034434293697,67,67,0,0.0,0.16666666666666666,1,0.5,0.0,0.0,0.0,0,none,1,1,0,overconfident,0.95,0,stable,0.9755806437322194,0.0010425220114569686,0.902981419957446,0.9013856285498008,1768237754.660218,0.40577447414398193,0.27224233746528625
342,21888,21887,sea_nodrift,sea,ts_drift_adapt,1,"error_divergence_ph_meta@error.threshold=0.10,error.min_instances=5",error_divergence_ph_meta,"{""divergence"": {""alpha"": 0.1, ""delta"": 0.005, ""min_instances"": 30, ""threshold"": 0.05}, ""error_rate"": {""alpha"": 0.15, ""delta"": 0.005, ""min_instances"": 5, ""threshold"": 0.1}}","{""error_rate"": {""min_instances"": 5, ""threshold"": 0.1}}",0.1,0.005,0.15,5,0.05,0.005,0.1,30,,,,-1,two_stage,2,0.5,"__confirm_cooldown=200,__confirm_rule=perm_test,__perm_alpha=0.03,__perm_min_effect=0,__perm_n_perm=200,__perm_post_n=10,__perm_pre_n=500,__perm_rng_seed=0,__perm_side=two_sided,__perm_stat=vote_score,divergence=0.3,error_rate=0.5,teacher_entropy=0.2",3,0,200,0.0,0,10000,10.0,25.0,200,500,1,136,1.0,0.8419682017543859,0.6073794943987684,0.0,0.21886596083641052,0.022664129734039307,0,0,68,67,-1,perm_test,0.004975124378109453,0.411034434293697,67,67,0,0.0,0.16666666666666666,0,0.0,0.0,0.0,0.0,0,none,0,1,0,overconfident,0.95,0,mild_drift,0.9679403218661097,0.0011712610057284844,0.851490709978723,0.8781928142749004,1768237754.6698186,0.1425151228904724,0.1915087103843689
343,21952,21951,sea_nodrift,sea,ts_drift_adapt,1,"error_divergence_ph_meta@error.threshold=0.10,error.min_instances=5",error_divergence_ph_meta,"{""divergence"": {""alpha"": 0.1, ""delta"": 0.005, ""min_instances"": 30, ""threshold"": 0.05}, ""error_rate"": {""alpha"": 0.15, ""delta"": 0.005, ""min_instances"": 5, ""threshold"": 0.1}}","{""error_rate"": {""min_instances"": 5, ""threshold"": 0.1}}",0.1,0.005,0.15,5,0.05,0.005,0.1,30,,,,-1,two_stage,2,0.5,"__confirm_cooldown=200,__confirm_rule=perm_test,__perm_alpha=0.03,__perm_min_effect=0,__perm_n_perm=200,__perm_post_n=10,__perm_pre_n=500,__perm_rng_seed=0,__perm_side=two_sided,__perm_stat=vote_score,divergence=0.3,error_rate=0.5,teacher_entropy=0.2",3,0,200,0.0,0,10000,10.0,25.0,200,500,1,72,1.0,0.842201166180758,0.6080840506811054,0.16666666666666666,0.2515639364719391,0.030873063951730728,0,0,68,67,-1,perm_test,0.004975124378109453,0.411034434293697,67,67,0,0.0,0.16666666666666666,0,0.0,0.0,0.0,0.0,0,none,0,1,0,overconfident,0.95,0,mild_drift,0.9641201609330547,0.0012356305028642421,0.8257453549893615,0.8665964071374501,1768237754.6793416,0.2674177587032318,0.24587184190750122
344,22016,22015,sea_nodrift,sea,ts_drift_adapt,1,"error_divergence_ph_meta@error.threshold=0.10,error.min_instances=5",error_divergence_ph_meta,"{""divergence"": {""alpha"": 0.1, ""delta"": 0.005, ""min_instances"": 30, ""threshold"": 0.05}, ""error_rate"": {""alpha"": 0.15, ""delta"": 0.005, ""min_instances"": 5, ""threshold"": 0.1}}","{""error_rate"": {""min_instances"": 5, ""threshold"": 0.1}}",0.1,0.005,0.15,5,0.05,0.005,0.1,30,,,,-1,two_stage,2,0.5,"__confirm_cooldown=200,__confirm_rule=perm_test,__perm_alpha=0.03,__perm_min_effect=0,__perm_n_perm=200,__perm_post_n=10,__perm_pre_n=500,__perm_rng_seed=0,__perm_side=two_sided,__perm_stat=vote_score,divergence=0.3,error_rate=0.5,teacher_entropy=0.2",3,0,200,0.0,0,10000,10.0,25.0,200,500,1,8,1.0,0.8426144622093024,0.6093207496196631,0.0,0.2435198426246643,0.010376060381531715,0,0,68,67,-1,perm_test,0.004975124378109453,0.411034434293697,67,67,0,0.0,0.16666666666666666,0,0.0,0.0,0.0,0.0,0,none,0,1,0,overconfident,0.95,0,mild_drift,0.9622100804665273,0.001267815251432121,0.8128726774946808,0.860798203568725,1768237754.6889722,0.054988276213407516,0.086533322930336
345,22080,22079,sea_nodrift,sea,ts_drift_adapt,1,"error_divergence_ph_meta@error.threshold=0.10,error.min_instances=5",error_divergence_ph_meta,"{""divergence"": {""alpha"": 0.1, ""delta"": 0.005, ""min_instances"": 30, ""threshold"": 0.05}, ""error_rate"": {""alpha"": 0.15, ""delta"": 0.005, ""min_instances"": 5, ""threshold"": 0.1}}","{""error_rate"": {""min_instances"": 5, ""threshold"": 0.1}}",0.1,0.005,0.15,5,0.05,0.005,0.1,30,,,,-1,two_stage,2,0.5,"__confirm_cooldown=200,__confirm_rule=perm_test,__perm_alpha=0.03,__perm_min_effect=0,__perm_n_perm=200,__perm_post_n=10,__perm_pre_n=500,__perm_rng_seed=0,__perm_side=two_sided,__perm_stat=vote_score,divergence=0.3,error_rate=0.5,teacher_entropy=0.2",3,0,200,0.0,0,10000,10.0,25.0,200,500,0,0,1.0,0.8426630434782608,0.6096957207949986,0.16666666666666666,0.2578878104686737,0.019465364515781403,0,0,68,67,-1,perm_test,0.004975124378109453,0.411034434293697,67,67,0,0.0,0.16666666666666666,0,0.0,0.0,0.0,0.0,0,none,0,1,0,overconfident,0.95,0,mild_drift,0.9612550402332636,0.0012839076257160605,0.8064363387473404,0.8578991017843625,1768237754.6986098,0.2544213831424713,0.21126285195350647
346,22144,22143,sea_nodrift,sea,ts_drift_adapt,1,"error_divergence_ph_meta@error.threshold=0.10,error.min_instances=5",error_divergence_ph_meta,"{""divergence"": {""alpha"": 0.1, ""delta"": 0.005, ""min_instances"": 30, ""threshold"": 0.05}, ""error_rate"": {""alpha"": 0.15, ""delta"": 0.005, ""min_instances"": 5, ""threshold"": 0.1}}","{""error_rate"": {""min_instances"": 5, ""threshold"": 0.1}}",0.1,0.005,0.15,5,0.05,0.005,0.1,30,,,,-1,two_stage,2,0.5,"__confirm_cooldown=200,__confirm_rule=perm_test,__perm_alpha=0.03,__perm_min_effect=0,__perm_n_perm=200,__perm_post_n=10,__perm_pre_n=500,__perm_rng_seed=0,__perm_side=two_sided,__perm_stat=vote_score,divergence=0.3,error_rate=0.5,teacher_entropy=0.2",3,0,200,0.0,0,10000,10.0,25.0,200,500,0,0,1.0,0.8428919797687862,0.6102950884408205,0.16666666666666666,0.2497052550315857,0.0076923370361328125,1,1,69,68,0,perm_test,0.004975124378109453,0.41930754985463925,68,68,0,0.0,0.01177302747964859,1,0.5,0.0,0.0,0.0,0,none,1,1,0,overconfident,0.95,0,stable,0.9756275201166318,0.0010419538128580302,0.9032181693736703,0.9014495508921813,1768237754.7147732,0.46379661560058594,0.08040335774421692
347,22208,22207,sea_nodrift,sea,ts_drift_adapt,1,"error_divergence_ph_meta@error.threshold=0.10,error.min_instances=5",error_divergence_ph_meta,"{""divergence"": {""alpha"": 0.1, ""delta"": 0.005, ""min_instances"": 30, ""threshold"": 0.05}, ""error_rate"": {""alpha"": 0.15, ""delta"": 0.005, ""min_instances"": 5, ""threshold"": 0.1}}","{""error_rate"": {""min_instances"": 5, ""threshold"": 0.1}}",0.1,0.005,0.15,5,0.05,0.005,0.1,30,,,,-1,two_stage,2,0.5,"__confirm_cooldown=200,__confirm_rule=perm_test,__perm_alpha=0.03,__perm_min_effect=0,__perm_n_perm=200,__perm_post_n=10,__perm_pre_n=500,__perm_rng_seed=0,__perm_side=two_sided,__perm_stat=vote_score,divergence=0.3,error_rate=0.5,teacher_entropy=0.2",3,0,200,0.0,0,10000,10.0,25.0,200,500,1,136,1.0,0.8431646253602305,0.6109022141105698,0.16666666666666666,0.23153938353061676,0.012488269247114658,0,0,69,68,-1,perm_test,0.004975124378109453,0.41930754985463925,68,68,0,0.0,0.004795932210981846,0,0.0,0.0,0.0,0.0,0,none,0,1,0,overconfident,0.95,0,mild_drift,0.9679637600583159,0.0011709769064290152,0.8516090846868352,0.8782247754460906,1768237754.724417,0.40476739406585693,0.09532316029071808
348,22272,22271,sea_nodrift,sea,ts_drift_adapt,1,"error_divergence_ph_meta@error.threshold=0.10,error.min_instances=5",error_divergence_ph_meta,"{""divergence"": {""alpha"": 0.1, ""delta"": 0.005, ""min_instances"": 30, ""threshold"": 0.05}, ""error_rate"": {""alpha"": 0.15, ""delta"": 0.005, ""min_instances"": 5, ""threshold"": 0.1}}","{""error_rate"": {""min_instances"": 5, ""threshold"": 0.1}}",0.1,0.005,0.15,5,0.05,0.005,0.1,30,,,,-1,two_stage,2,0.5,"__confirm_cooldown=200,__confirm_rule=perm_test,__perm_alpha=0.03,__perm_min_effect=0,__perm_n_perm=200,__perm_post_n=10,__perm_pre_n=500,__perm_rng_seed=0,__perm_side=two_sided,__perm_stat=vote_score,divergence=0.3,error_rate=0.5,teacher_entropy=0.2",3,0,200,0.0,0,10000,10.0,25.0,200,500,1,72,1.0,0.8433459051724138,0.6113285207639291,0.0,0.2850041091442108,0.012960863299667835,0,0,69,68,-1,perm_test,0.004975124378109453,0.41930754985463925,68,68,0,0.0,0.16666666666666666,0,0.0,0.0,0.0,0.0,0,none,0,1,0,overconfident,0.95,0,mild_drift,0.9641318800291578,0.0012354884532145077,0.8258045423434176,0.8666123877230453,1768237754.7339506,0.12275135517120361,0.1200902983546257
349,22336,22335,sea_nodrift,sea,ts_drift_adapt,1,"error_divergence_ph_meta@error.threshold=0.10,error.min_instances=5",error_divergence_ph_meta,"{""divergence"": {""alpha"": 0.1, ""delta"": 0.005, ""min_instances"": 30, ""threshold"": 0.05}, ""error_rate"": {""alpha"": 0.15, ""delta"": 0.005, ""min_instances"": 5, ""threshold"": 0.1}}","{""error_rate"": {""min_instances"": 5, ""threshold"": 0.1}}",0.1,0.005,0.15,5,0.05,0.005,0.1,30,,,,-1,two_stage,2,0.5,"__confirm_cooldown=200,__confirm_rule=perm_test,__perm_alpha=0.03,__perm_min_effect=0,__perm_n_perm=200,__perm_post_n=10,__perm_pre_n=500,__perm_rng_seed=0,__perm_side=two_sided,__perm_stat=vote_score,divergence=0.3,error_rate=0.5,teacher_entropy=0.2",3,0,200,0.0,0,10000,10.0,25.0,200,500,1,8,1.0,0.843705229226361,0.6119071415020793,0.0,0.23016776144504547,0.009033942595124245,0,0,69,68,-1,perm_test,0.004975124378109453,0.41930754985463925,68,68,0,0.0,0.0039269207045435905,0,0.0,0.0,0.0,0.0,0,none,0,1,0,overconfident,0.95,0,mild_drift,0.9622159400145789,0.001267744226607254,0.8129022711717089,0.8608061938615226,1768237754.743566,0.030527204275131226,0.08960974216461182
350,22400,22399,sea_nodrift,sea,ts_drift_adapt,1,"error_divergence_ph_meta@error.threshold=0.10,error.min_instances=5",error_divergence_ph_meta,"{""divergence"": {""alpha"": 0.1, ""delta"": 0.005, ""min_instances"": 30, ""threshold"": 0.05}, ""error_rate"": {""alpha"": 0.15, ""delta"": 0.005, ""min_instances"": 5, ""threshold"": 0.1}}","{""error_rate"": {""min_instances"": 5, ""threshold"": 0.1}}",0.1,0.005,0.15,5,0.05,0.005,0.1,30,,,,-1,two_stage,2,0.5,"__confirm_cooldown=200,__confirm_rule=perm_test,__perm_alpha=0.03,__perm_min_effect=0,__perm_n_perm=200,__perm_post_n=10,__perm_pre_n=500,__perm_rng_seed=0,__perm_side=two_sided,__perm_stat=vote_score,divergence=0.3,error_rate=0.5,teacher_entropy=0.2",3,0,200,0.0,0,10000,10.0,25.0,200,500,0,0,1.0,0.8437946428571429,0.612132226203336,0.3333333333333333,0.27252012491226196,0.015359676443040371,0,0,69,68,-1,perm_test,0.004975124378109453,0.41930754985463925,68,68,0,0.0,0.3333333333333333,0,0.0,0.0,0.0,0.0,0,none,0,1,0,overconfident,0.95,0,mild_drift,0.9612579700072894,0.001283872113303627,0.8064511355858545,0.8579030969307613,1768237754.7531478,0.395757794380188,0.1401943862438202
351,22464,22463,sea_nodrift,sea,ts_drift_adapt,1,"error_divergence_ph_meta@error.threshold=0.10,error.min_instances=5",error_divergence_ph_meta,"{""divergence"": {""alpha"": 0.1, ""delta"": 0.005, ""min_instances"": 30, ""threshold"": 0.05}, ""error_rate"": {""alpha"": 0.15, ""delta"": 0.005, ""min_instances"": 5, ""threshold"": 0.1}}","{""error_rate"": {""min_instances"": 5, ""threshold"": 0.1}}",0.1,0.005,0.15,5,0.05,0.005,0.1,30,,,,-1,two_stage,2,0.5,"__confirm_cooldown=200,__confirm_rule=perm_test,__perm_alpha=0.03,__perm_min_effect=0,__perm_n_perm=200,__perm_post_n=10,__perm_pre_n=500,__perm_rng_seed=0,__perm_side=two_sided,__perm_stat=vote_score,divergence=0.3,error_rate=0.5,teacher_entropy=0.2",3,0,200,0.0,0,10000,10.0,25.0,200,500,0,0,1.0,0.8441061253561254,0.6127329852408351,0.3333333333333333,0.20106780529022217,0.00954180583357811,1,1,70,69,0,perm_test,0.004975124378109453,0.43925403005491326,69,69,0,0.16666666666666666,0.005817870609462261,1,0.5,0.0,0.0,0.0,0,none,1,1,0,overconfident,0.95,0,severe_drift,0.9261289850036447,0.0016419360566518135,0.6532255677929273,0.8339515484653807,1768237754.7694752,0.4955776035785675,0.09783443063497543
352,22528,22527,sea_nodrift,sea,ts_drift_adapt,1,"error_divergence_ph_meta@error.threshold=0.10,error.min_instances=5",error_divergence_ph_meta,"{""divergence"": {""alpha"": 0.1, ""delta"": 0.005, ""min_instances"": 30, ""threshold"": 0.05}, ""error_rate"": {""alpha"": 0.15, ""delta"": 0.005, ""min_instances"": 5, ""threshold"": 0.1}}","{""error_rate"": {""min_instances"": 5, ""threshold"": 0.1}}",0.1,0.005,0.15,5,0.05,0.005,0.1,30,,,,-1,two_stage,2,0.5,"__confirm_cooldown=200,__confirm_rule=perm_test,__perm_alpha=0.03,__perm_min_effect=0,__perm_n_perm=200,__perm_post_n=10,__perm_pre_n=500,__perm_rng_seed=0,__perm_side=two_sided,__perm_stat=vote_score,divergence=0.3,error_rate=0.5,teacher_entropy=0.2",3,0,200,0.0,0,10000,10.0,25.0,200,500,1,136,1.0,0.8442826704545454,0.6130733369263208,0.3333333333333333,0.2526310980319977,0.012675590813159943,0,0,70,69,-1,perm_test,0.004975124378109453,0.43925403005491326,69,69,0,0.0,0.003133784979581833,0,0.0,0.0,0.0,0.0,0,none,0,1,0,overconfident,0.95,0,mild_drift,0.9432144925018223,0.0014709680283259067,0.7266127838964637,0.8444757742326903,1768237754.7790148,0.4082050323486328,0.10821910202503204
353,22592,22591,sea_nodrift,sea,ts_drift_adapt,1,"error_divergence_ph_meta@error.threshold=0.10,error.min_instances=5",error_divergence_ph_meta,"{""divergence"": {""alpha"": 0.1, ""delta"": 0.005, ""min_instances"": 30, ""threshold"": 0.05}, ""error_rate"": {""alpha"": 0.15, ""delta"": 0.005, ""min_instances"": 5, ""threshold"": 0.1}}","{""error_rate"": {""min_instances"": 5, ""threshold"": 0.1}}",0.1,0.005,0.15,5,0.05,0.005,0.1,30,,,,-1,two_stage,2,0.5,"__confirm_cooldown=200,__confirm_rule=perm_test,__perm_alpha=0.03,__perm_min_effect=0,__perm_n_perm=200,__perm_post_n=10,__perm_pre_n=500,__perm_rng_seed=0,__perm_side=two_sided,__perm_stat=vote_score,divergence=0.3,error_rate=0.5,teacher_entropy=0.2",3,0,200,0.0,0,10000,10.0,25.0,200,500,1,72,1.0,0.8445024787535411,0.6136901048954686,0.0,0.24495571851730347,0.012261476367712021,0,0,70,69,-1,perm_test,0.004975124378109453,0.43925403005491326,69,69,0,0.0,0.3333333333333333,0,0.0,0.0,0.0,0.0,0,none,0,1,0,overconfident,0.95,0,mild_drift,0.9517572462509112,0.0013854840141629536,0.7633063919482319,0.8497378871163451,1768237754.7885287,0.06623104214668274,0.1350400596857071
354,22656,22655,sea_nodrift,sea,ts_drift_adapt,1,"error_divergence_ph_meta@error.threshold=0.10,error.min_instances=5",error_divergence_ph_meta,"{""divergence"": {""alpha"": 0.1, ""delta"": 0.005, ""min_instances"": 30, ""threshold"": 0.05}, ""error_rate"": {""alpha"": 0.15, ""delta"": 0.005, ""min_instances"": 5, ""threshold"": 0.1}}","{""error_rate"": {""min_instances"": 5, ""threshold"": 0.1}}",0.1,0.005,0.15,5,0.05,0.005,0.1,30,,,,-1,two_stage,2,0.5,"__confirm_cooldown=200,__confirm_rule=perm_test,__perm_alpha=0.03,__perm_min_effect=0,__perm_n_perm=200,__perm_post_n=10,__perm_pre_n=500,__perm_rng_seed=0,__perm_side=two_sided,__perm_stat=vote_score,divergence=0.3,error_rate=0.5,teacher_entropy=0.2",3,0,200,0.0,0,10000,10.0,25.0,200,500,1,8,1.0,0.8447210451977402,0.6144545154347091,0.3333333333333333,0.27715644240379333,0.01434538047760725,0,0,70,69,-1,perm_test,0.004975124378109453,0.43925403005491326,69,69,0,0.0,0.3333333333333333,0,0.0,0.0,0.0,0.0,0,none,0,1,0,overconfident,0.95,0,mild_drift,0.9560286231254556,0.001342742007081477,0.781653195974116,0.8523689435581725,1768237754.7982106,0.44653835892677307,0.13036705553531647
355,22720,22719,sea_nodrift,sea,ts_drift_adapt,1,"error_divergence_ph_meta@error.threshold=0.10,error.min_instances=5",error_divergence_ph_meta,"{""divergence"": {""alpha"": 0.1, ""delta"": 0.005, ""min_instances"": 30, ""threshold"": 0.05}, ""error_rate"": {""alpha"": 0.15, ""delta"": 0.005, ""min_instances"": 5, ""threshold"": 0.1}}","{""error_rate"": {""min_instances"": 5, ""threshold"": 0.1}}",0.1,0.005,0.15,5,0.05,0.005,0.1,30,,,,-1,two_stage,2,0.5,"__confirm_cooldown=200,__confirm_rule=perm_test,__perm_alpha=0.03,__perm_min_effect=0,__perm_n_perm=200,__perm_post_n=10,__perm_pre_n=500,__perm_rng_seed=0,__perm_side=two_sided,__perm_stat=vote_score,divergence=0.3,error_rate=0.5,teacher_entropy=0.2",3,0,200,0.0,0,10000,10.0,25.0,200,500,0,0,1.0,0.844850352112676,0.614882219010877,0.3333333333333333,0.21332405507564545,0.00923880934715271,0,0,70,69,-1,perm_test,0.004975124378109453,0.43925403005491326,69,69,0,0.0,0.00510657113045454,0,0.0,0.0,0.0,0.0,0,none,0,1,0,overconfident,0.95,0,mild_drift,0.9581643115627277,0.0013213710035407385,0.790826597987058,0.8536844717790862,1768237754.8078923,0.3714958131313324,0.11717500537633896
356,22784,22783,sea_nodrift,sea,ts_drift_adapt,1,"error_divergence_ph_meta@error.threshold=0.10,error.min_instances=5",error_divergence_ph_meta,"{""divergence"": {""alpha"": 0.1, ""delta"": 0.005, ""min_instances"": 30, ""threshold"": 0.05}, ""error_rate"": {""alpha"": 0.15, ""delta"": 0.005, ""min_instances"": 5, ""threshold"": 0.1}}","{""error_rate"": {""min_instances"": 5, ""threshold"": 0.1}}",0.1,0.005,0.15,5,0.05,0.005,0.1,30,,,,-1,two_stage,2,0.5,"__confirm_cooldown=200,__confirm_rule=perm_test,__perm_alpha=0.03,__perm_min_effect=0,__perm_n_perm=200,__perm_post_n=10,__perm_pre_n=500,__perm_rng_seed=0,__perm_side=two_sided,__perm_stat=vote_score,divergence=0.3,error_rate=0.5,teacher_entropy=0.2",3,0,200,0.0,0,10000,10.0,25.0,200,500,0,0,1.0,0.8451544943820225,0.6157613119431573,0.0,0.21128417551517487,0.006370912306010723,1,1,71,70,0,perm_test,0.004975124378109453,0.44730964922341154,70,70,0,0.3333333333333333,0.3333333333333333,1,0.5,0.0,0.0,0.0,0,none,1,1,0,overconfident,0.95,0,severe_drift,0.9245821557813638,0.0016606855017703692,0.6454132989935291,0.8318422358895432,1768237754.8243232,0.02023295685648918,0.0634813904762268
357,22848,22847,sea_nodrift,sea,ts_drift_adapt,1,"error_divergence_ph_meta@error.threshold=0.10,error.min_instances=5",error_divergence_ph_meta,"{""divergence"": {""alpha"": 0.1, ""delta"": 0.005, ""min_instances"": 30, ""threshold"": 0.05}, ""error_rate"": {""alpha"": 0.15, ""delta"": 0.005, ""min_instances"": 5, ""threshold"": 0.1}}","{""error_rate"": {""min_instances"": 5, ""threshold"": 0.1}}",0.1,0.005,0.15,5,0.05,0.005,0.1,30,,,,-1,two_stage,2,0.5,"__confirm_cooldown=200,__confirm_rule=perm_test,__perm_alpha=0.03,__perm_min_effect=0,__perm_n_perm=200,__perm_post_n=10,__perm_pre_n=500,__perm_rng_seed=0,__perm_side=two_sided,__perm_stat=vote_score,divergence=0.3,error_rate=0.5,teacher_entropy=0.2",3,0,200,0.0,0,10000,10.0,25.0,200,500,1,136,1.0,0.8452380952380952,0.6158839136600543,0.0,0.29133835434913635,0.02235236205160618,0,0,71,70,-1,perm_test,0.004975124378109453,0.44730964922341154,70,70,0,0.0,0.015981449745595455,0,0.0,0.0,0.0,0.0,0,none,0,1,0,overconfident,0.95,0,mild_drift,0.9424410778906819,0.0014803427508851847,0.7227066494967646,0.8434211179447716,1768237754.833934,0.04742245003581047,0.22187259793281555
358,22912,22911,sea_nodrift,sea,ts_drift_adapt,1,"error_divergence_ph_meta@error.threshold=0.10,error.min_instances=5",error_divergence_ph_meta,"{""divergence"": {""alpha"": 0.1, ""delta"": 0.005, ""min_instances"": 30, ""threshold"": 0.05}, ""error_rate"": {""alpha"": 0.15, ""delta"": 0.005, ""min_instances"": 5, ""threshold"": 0.1}}","{""error_rate"": {""min_instances"": 5, ""threshold"": 0.1}}",0.1,0.005,0.15,5,0.05,0.005,0.1,30,,,,-1,two_stage,2,0.5,"__confirm_cooldown=200,__confirm_rule=perm_test,__perm_alpha=0.03,__perm_min_effect=0,__perm_n_perm=200,__perm_post_n=10,__perm_pre_n=500,__perm_rng_seed=0,__perm_side=two_sided,__perm_stat=vote_score,divergence=0.3,error_rate=0.5,teacher_entropy=0.2",3,0,200,0.0,0,10000,10.0,25.0,200,500,1,72,1.0,0.8453212290502793,0.616216520391353,0.16666666666666666,0.26069408655166626,0.01838727667927742,0,0,71,70,-1,perm_test,0.004975124378109453,0.44730964922341154,70,70,0,0.0,0.16666666666666666,0,0.0,0.0,0.0,0.0,0,none,0,1,0,overconfident,0.95,0,mild_drift,0.9513705389453408,0.0013901713754425923,0.7613533247483824,0.8492105589723857,1768237754.843517,0.33863314986228943,0.15473642945289612
359,22976,22975,sea_nodrift,sea,ts_drift_adapt,1,"error_divergence_ph_meta@error.threshold=0.10,error.min_instances=5",error_divergence_ph_meta,"{""divergence"": {""alpha"": 0.1, ""delta"": 0.005, ""min_instances"": 30, ""threshold"": 0.05}, ""error_rate"": {""alpha"": 0.15, ""delta"": 0.005, ""min_instances"": 5, ""threshold"": 0.1}}","{""error_rate"": {""min_instances"": 5, ""threshold"": 0.1}}",0.1,0.005,0.15,5,0.05,0.005,0.1,30,,,,-1,two_stage,2,0.5,"__confirm_cooldown=200,__confirm_rule=perm_test,__perm_alpha=0.03,__perm_min_effect=0,__perm_n_perm=200,__perm_post_n=10,__perm_pre_n=500,__perm_rng_seed=0,__perm_side=two_sided,__perm_stat=vote_score,divergence=0.3,error_rate=0.5,teacher_entropy=0.2",3,0,200,0.0,0,10000,10.0,25.0,200,500,1,8,1.0,0.8454909470752089,0.6168245897546709,0.0,0.30953851342201233,0.01788165420293808,0,0,71,70,-1,perm_test,0.004975124378109453,0.44730964922341154,70,70,0,0.0,0.16666666666666666,0,0.0,0.0,0.0,0.0,0,none,0,1,0,overconfident,0.95,0,mild_drift,0.9558352694726704,0.0013450856877212963,0.7806766623741912,0.8521052794861929,1768237754.8532925,0.059128180146217346,0.16194921731948853
360,23040,23039,sea_nodrift,sea,ts_drift_adapt,1,"error_divergence_ph_meta@error.threshold=0.10,error.min_instances=5",error_divergence_ph_meta,"{""divergence"": {""alpha"": 0.1, ""delta"": 0.005, ""min_instances"": 30, ""threshold"": 0.05}, ""error_rate"": {""alpha"": 0.15, ""delta"": 0.005, ""min_instances"": 5, ""threshold"": 0.1}}","{""error_rate"": {""min_instances"": 5, ""threshold"": 0.1}}",0.1,0.005,0.15,5,0.05,0.005,0.1,30,,,,-1,two_stage,2,0.5,"__confirm_cooldown=200,__confirm_rule=perm_test,__perm_alpha=0.03,__perm_min_effect=0,__perm_n_perm=200,__perm_post_n=10,__perm_pre_n=500,__perm_rng_seed=0,__perm_side=two_sided,__perm_stat=vote_score,divergence=0.3,error_rate=0.5,teacher_entropy=0.2",3,0,200,0.0,0,10000,10.0,25.0,200,500,0,0,1.0,0.8456597222222222,0.6174223796969915,0.0,0.25278913974761963,0.018816102296113968,0,0,71,70,-1,perm_test,0.004975124378109453,0.44730964922341154,70,70,0,0.0,0.0009344480931758881,0,0.0,0.0,0.0,0.0,0,none,0,1,0,overconfident,0.95,0,mild_drift,0.9580676347363352,0.0013225428438606484,0.7903383311870956,0.8535526397430964,1768237754.8629155,0.11222679167985916,0.14900243282318115
361,23104,23103,sea_nodrift,sea,ts_drift_adapt,1,"error_divergence_ph_meta@error.threshold=0.10,error.min_instances=5",error_divergence_ph_meta,"{""divergence"": {""alpha"": 0.1, ""delta"": 0.005, ""min_instances"": 30, ""threshold"": 0.05}, ""error_rate"": {""alpha"": 0.15, ""delta"": 0.005, ""min_instances"": 5, ""threshold"": 0.1}}","{""error_rate"": {""min_instances"": 5, ""threshold"": 0.1}}",0.1,0.005,0.15,5,0.05,0.005,0.1,30,,,,-1,two_stage,2,0.5,"__confirm_cooldown=200,__confirm_rule=perm_test,__perm_alpha=0.03,__perm_min_effect=0,__perm_n_perm=200,__perm_post_n=10,__perm_pre_n=500,__perm_rng_seed=0,__perm_side=two_sided,__perm_stat=vote_score,divergence=0.3,error_rate=0.5,teacher_entropy=0.2",3,0,200,0.0,0,10000,10.0,25.0,200,500,0,0,1.0,0.8457842797783933,0.6178267662070558,0.0,0.30588632822036743,0.019491437822580338,1,1,72,71,0,perm_test,0.004975124378109453,0.43391873787246515,71,71,0,0.0,0.0006753355264663696,1,0.5,0.0,0.0,0.0,0,none,1,1,0,overconfident,0.95,0,stable,0.9740338173681675,0.0010612714219303241,0.8951691655935479,0.8992763198715482,1768237754.8791006,0.13865695893764496,0.20523416996002197
362,23168,23167,sea_nodrift,sea,ts_drift_adapt,1,"error_divergence_ph_meta@error.threshold=0.10,error.min_instances=5",error_divergence_ph_meta,"{""divergence"": {""alpha"": 0.1, ""delta"": 0.005, ""min_instances"": 30, ""threshold"": 0.05}, ""error_rate"": {""alpha"": 0.15, ""delta"": 0.005, ""min_instances"": 5, ""threshold"": 0.1}}","{""error_rate"": {""min_instances"": 5, ""threshold"": 0.1}}",0.1,0.005,0.15,5,0.05,0.005,0.1,30,,,,-1,two_stage,2,0.5,"__confirm_cooldown=200,__confirm_rule=perm_test,__perm_alpha=0.03,__perm_min_effect=0,__perm_n_perm=200,__perm_post_n=10,__perm_pre_n=500,__perm_rng_seed=0,__perm_side=two_sided,__perm_stat=vote_score,divergence=0.3,error_rate=0.5,teacher_entropy=0.2",3,0,200,0.0,0,10000,10.0,25.0,200,500,1,136,1.0,0.8458649861878453,0.6183185128853657,0.0,0.2668384313583374,0.01416710577905178,0,0,72,71,-1,perm_test,0.004975124378109453,0.43391873787246515,71,71,0,0.0,0.005324332043528557,0,0.0,0.0,0.0,0.0,0,none,0,1,0,overconfident,0.95,0,mild_drift,0.9671669086840837,0.0011806357109651622,0.847584582796774,0.8771381599357742,1768237754.88883,0.12246617674827576,0.10184187442064285
363,23232,23231,sea_nodrift,sea,ts_drift_adapt,1,"error_divergence_ph_meta@error.threshold=0.10,error.min_instances=5",error_divergence_ph_meta,"{""divergence"": {""alpha"": 0.1, ""delta"": 0.005, ""min_instances"": 30, ""threshold"": 0.05}, ""error_rate"": {""alpha"": 0.15, ""delta"": 0.005, ""min_instances"": 5, ""threshold"": 0.1}}","{""error_rate"": {""min_instances"": 5, ""threshold"": 0.1}}",0.1,0.005,0.15,5,0.05,0.005,0.1,30,,,,-1,two_stage,2,0.5,"__confirm_cooldown=200,__confirm_rule=perm_test,__perm_alpha=0.03,__perm_min_effect=0,__perm_n_perm=200,__perm_post_n=10,__perm_pre_n=500,__perm_rng_seed=0,__perm_side=two_sided,__perm_stat=vote_score,divergence=0.3,error_rate=0.5,teacher_entropy=0.2",3,0,200,0.0,0,10000,10.0,25.0,200,500,1,72,1.0,0.8460743801652892,0.6187076011236642,0.0,0.24370400607585907,0.01039891317486763,0,0,72,71,-1,perm_test,0.004975124378109453,0.43391873787246515,71,71,0,0.0,0.0037681926041841507,0,0.0,0.0,0.0,0.0,0,none,0,1,0,overconfident,0.95,0,mild_drift,0.9637334543420418,0.0012403178554825812,0.823792291398387,0.8660690799678871,1768237754.8984747,0.05626078322529793,0.08781520277261734
364,23296,23295,sea_nodrift,sea,ts_drift_adapt,1,"error_divergence_ph_meta@error.threshold=0.10,error.min_instances=5",error_divergence_ph_meta,"{""divergence"": {""alpha"": 0.1, ""delta"": 0.005, ""min_instances"": 30, ""threshold"": 0.05}, ""error_rate"": {""alpha"": 0.15, ""delta"": 0.005, ""min_instances"": 5, ""threshold"": 0.1}}","{""error_rate"": {""min_instances"": 5, ""threshold"": 0.1}}",0.1,0.005,0.15,5,0.05,0.005,0.1,30,,,,-1,two_stage,2,0.5,"__confirm_cooldown=200,__confirm_rule=perm_test,__perm_alpha=0.03,__perm_min_effect=0,__perm_n_perm=200,__perm_post_n=10,__perm_pre_n=500,__perm_rng_seed=0,__perm_side=two_sided,__perm_stat=vote_score,divergence=0.3,error_rate=0.5,teacher_entropy=0.2",3,0,200,0.0,0,10000,10.0,25.0,200,500,1,8,1.0,0.846196771978022,0.6192543926967116,0.3333333333333333,0.26586484909057617,0.014182874001562595,0,0,72,71,-1,perm_test,0.004975124378109453,0.43391873787246515,71,71,0,0.0,0.3333333333333333,0,0.0,0.0,0.0,0.0,0,none,0,1,0,overconfident,0.95,0,mild_drift,0.9620167271710209,0.0012701589277412907,0.8118961456991935,0.8605345399839435,1768237754.9081087,0.47925665974617004,0.09783464670181274
365,23360,23359,sea_nodrift,sea,ts_drift_adapt,1,"error_divergence_ph_meta@error.threshold=0.10,error.min_instances=5",error_divergence_ph_meta,"{""divergence"": {""alpha"": 0.1, ""delta"": 0.005, ""min_instances"": 30, ""threshold"": 0.05}, ""error_rate"": {""alpha"": 0.15, ""delta"": 0.005, ""min_instances"": 5, ""threshold"": 0.1}}","{""error_rate"": {""min_instances"": 5, ""threshold"": 0.1}}",0.1,0.005,0.15,5,0.05,0.005,0.1,30,,,,-1,two_stage,2,0.5,"__confirm_cooldown=200,__confirm_rule=perm_test,__perm_alpha=0.03,__perm_min_effect=0,__perm_n_perm=200,__perm_post_n=10,__perm_pre_n=500,__perm_rng_seed=0,__perm_side=two_sided,__perm_stat=vote_score,divergence=0.3,error_rate=0.5,teacher_entropy=0.2",3,0,200,0.0,0,10000,10.0,25.0,200,500,0,0,1.0,0.8461044520547946,0.619025705439737,0.0,0.2531236410140991,0.025221729651093483,0,0,72,71,-1,perm_test,0.004975124378109453,0.43391873787246515,71,71,0,0.0,0.3333333333333333,0,0.0,0.0,0.0,0.0,0,none,0,1,0,overconfident,0.95,0,mild_drift,0.9611583635855104,0.0012850794638706454,0.8059480728495968,0.8577672699919717,1768237754.9177861,0.10660138726234436,0.2265286147594452
366,23424,23423,sea_nodrift,sea,ts_drift_adapt,1,"error_divergence_ph_meta@error.threshold=0.10,error.min_instances=5",error_divergence_ph_meta,"{""divergence"": {""alpha"": 0.1, ""delta"": 0.005, ""min_instances"": 30, ""threshold"": 0.05}, ""error_rate"": {""alpha"": 0.15, ""delta"": 0.005, ""min_instances"": 5, ""threshold"": 0.1}}","{""error_rate"": {""min_instances"": 5, ""threshold"": 0.1}}",0.1,0.005,0.15,5,0.05,0.005,0.1,30,,,,-1,two_stage,2,0.5,"__confirm_cooldown=200,__confirm_rule=perm_test,__perm_alpha=0.03,__perm_min_effect=0,__perm_n_perm=200,__perm_post_n=10,__perm_pre_n=500,__perm_rng_seed=0,__perm_side=two_sided,__perm_stat=vote_score,divergence=0.3,error_rate=0.5,teacher_entropy=0.2",3,0,200,0.0,0,10000,10.0,25.0,200,500,0,0,1.0,0.8463114754098361,0.6197314800918925,0.3333333333333333,0.1935957372188568,0.009951856918632984,1,1,73,72,0,perm_test,0.004975124378109453,0.4154009221448696,72,72,0,0.3333333333333333,0.3333333333333333,1,0.5,0.0,0.0,0.0,0,none,1,1,0,overconfident,0.95,0,severe_drift,0.9260791817927552,0.0016425397319353228,0.6529740364247985,0.833883634995986,1768237754.9340641,0.8285038471221924,0.08559340238571167
367,23488,23487,sea_nodrift,sea,ts_drift_adapt,1,"error_divergence_ph_meta@error.threshold=0.10,error.min_instances=5",error_divergence_ph_meta,"{""divergence"": {""alpha"": 0.1, ""delta"": 0.005, ""min_instances"": 30, ""threshold"": 0.05}, ""error_rate"": {""alpha"": 0.15, ""delta"": 0.005, ""min_instances"": 5, ""threshold"": 0.1}}","{""error_rate"": {""min_instances"": 5, ""threshold"": 0.1}}",0.1,0.005,0.15,5,0.05,0.005,0.1,30,,,,-1,two_stage,2,0.5,"__confirm_cooldown=200,__confirm_rule=perm_test,__perm_alpha=0.03,__perm_min_effect=0,__perm_n_perm=200,__perm_post_n=10,__perm_pre_n=500,__perm_rng_seed=0,__perm_side=two_sided,__perm_stat=vote_score,divergence=0.3,error_rate=0.5,teacher_entropy=0.2",3,0,200,0.0,0,10000,10.0,25.0,200,500,1,136,1.0,0.8462619209809265,0.6197415264331728,0.0,0.2746950089931488,0.024773649871349335,0,0,73,72,-1,perm_test,0.004975124378109453,0.4154009221448696,72,72,0,0.0,0.3333333333333333,0,0.0,0.0,0.0,0.0,0,none,0,1,0,overconfident,0.95,0,mild_drift,0.9431895908963775,0.0014712698659676616,0.7264870182123992,0.844441817497993,1768237754.943763,0.19613982737064362,0.2651844024658203
368,23552,23551,sea_nodrift,sea,ts_drift_adapt,1,"error_divergence_ph_meta@error.threshold=0.10,error.min_instances=5",error_divergence_ph_meta,"{""divergence"": {""alpha"": 0.1, ""delta"": 0.005, ""min_instances"": 30, ""threshold"": 0.05}, ""error_rate"": {""alpha"": 0.15, ""delta"": 0.005, ""min_instances"": 5, ""threshold"": 0.1}}","{""error_rate"": {""min_instances"": 5, ""threshold"": 0.1}}",0.1,0.005,0.15,5,0.05,0.005,0.1,30,,,,-1,two_stage,2,0.5,"__confirm_cooldown=200,__confirm_rule=perm_test,__perm_alpha=0.03,__perm_min_effect=0,__perm_n_perm=200,__perm_post_n=10,__perm_pre_n=500,__perm_rng_seed=0,__perm_side=two_sided,__perm_stat=vote_score,divergence=0.3,error_rate=0.5,teacher_entropy=0.2",3,0,200,0.0,0,10000,10.0,25.0,200,500,1,72,1.0,0.8464673913043478,0.6201868228442545,0.0,0.23558062314987183,0.015514601953327656,0,0,73,72,-1,perm_test,0.004975124378109453,0.4154009221448696,72,72,0,0.0,0.009259047918021679,0,0.0,0.0,0.0,0.0,0,none,0,1,0,overconfident,0.95,0,mild_drift,0.9517447954481888,0.001385634932983831,0.7632435091061996,0.8497209087489965,1768237754.9532304,0.039987098425626755,0.13166896998882294
369,23616,23615,sea_nodrift,sea,ts_drift_adapt,1,"error_divergence_ph_meta@error.threshold=0.10,error.min_instances=5",error_divergence_ph_meta,"{""divergence"": {""alpha"": 0.1, ""delta"": 0.005, ""min_instances"": 30, ""threshold"": 0.05}, ""error_rate"": {""alpha"": 0.15, ""delta"": 0.005, ""min_instances"": 5, ""threshold"": 0.1}}","{""error_rate"": {""min_instances"": 5, ""threshold"": 0.1}}",0.1,0.005,0.15,5,0.05,0.005,0.1,30,,,,-1,two_stage,2,0.5,"__confirm_cooldown=200,__confirm_rule=perm_test,__perm_alpha=0.03,__perm_min_effect=0,__perm_n_perm=200,__perm_post_n=10,__perm_pre_n=500,__perm_rng_seed=0,__perm_side=two_sided,__perm_stat=vote_score,divergence=0.3,error_rate=0.5,teacher_entropy=0.2",3,0,200,0.0,0,10000,10.0,25.0,200,500,1,8,1.0,0.8466717479674797,0.6207179447220439,0.16666666666666666,0.2323911339044571,0.016317036002874374,0,0,73,72,-1,perm_test,0.004975124378109453,0.4154009221448696,72,72,0,0.0,0.16666666666666666,0,0.0,0.0,0.0,0.0,0,none,0,1,0,overconfident,0.95,0,mild_drift,0.9560223977240944,0.0013428174664919155,0.7816217545530999,0.8523604543744983,1768237754.9628592,0.218181774020195,0.14085271954536438
370,23680,23679,sea_nodrift,sea,ts_drift_adapt,1,"error_divergence_ph_meta@error.threshold=0.10,error.min_instances=5",error_divergence_ph_meta,"{""divergence"": {""alpha"": 0.1, ""delta"": 0.005, ""min_instances"": 30, ""threshold"": 0.05}, ""error_rate"": {""alpha"": 0.15, ""delta"": 0.005, ""min_instances"": 5, ""threshold"": 0.1}}","{""error_rate"": {""min_instances"": 5, ""threshold"": 0.1}}",0.1,0.005,0.15,5,0.05,0.005,0.1,30,,,,-1,two_stage,2,0.5,"__confirm_cooldown=200,__confirm_rule=perm_test,__perm_alpha=0.03,__perm_min_effect=0,__perm_n_perm=200,__perm_post_n=10,__perm_pre_n=500,__perm_rng_seed=0,__perm_side=two_sided,__perm_stat=vote_score,divergence=0.3,error_rate=0.5,teacher_entropy=0.2",3,0,200,0.0,0,10000,10.0,25.0,200,500,0,0,1.0,0.8467905405405406,0.621072329478592,0.0,0.24610958993434906,0.012205623090267181,0,0,73,72,-1,perm_test,0.004975124378109453,0.4154009221448696,72,72,0,0.0,0.16666666666666666,0,0.0,0.0,0.0,0.0,0,none,0,1,0,overconfident,0.95,0,mild_drift,0.9581611988620471,0.001321408733245958,0.79081087727655,0.8536802271872491,1768237754.9724839,0.013938933610916138,0.09067071229219437
371,23744,23743,sea_nodrift,sea,ts_drift_adapt,1,"error_divergence_ph_meta@error.threshold=0.10,error.min_instances=5",error_divergence_ph_meta,"{""divergence"": {""alpha"": 0.1, ""delta"": 0.005, ""min_instances"": 30, ""threshold"": 0.05}, ""error_rate"": {""alpha"": 0.15, ""delta"": 0.005, ""min_instances"": 5, ""threshold"": 0.1}}","{""error_rate"": {""min_instances"": 5, ""threshold"": 0.1}}",0.1,0.005,0.15,5,0.05,0.005,0.1,30,,,,-1,two_stage,2,0.5,"__confirm_cooldown=200,__confirm_rule=perm_test,__perm_alpha=0.03,__perm_min_effect=0,__perm_n_perm=200,__perm_post_n=10,__perm_pre_n=500,__perm_rng_seed=0,__perm_side=two_sided,__perm_stat=vote_score,divergence=0.3,error_rate=0.5,teacher_entropy=0.2",3,0,200,0.0,0,10000,10.0,25.0,200,500,0,0,1.0,0.846824460916442,0.6213678342935861,0.16666666666666666,0.25385987758636475,0.015538366511464119,1,1,74,73,0,perm_test,0.004975124378109453,0.4105068537332388,73,73,0,0.16666666666666666,0.16666666666666666,1,0.5,0.0,0.0,0.0,0,none,1,1,0,overconfident,0.95,0,severe_drift,0.9245805994310236,0.001660704366622979,0.645405438638275,0.8318401135936246,1768237754.988839,0.3436568081378937,0.1193002313375473
372,23808,23807,sea_nodrift,sea,ts_drift_adapt,1,"error_divergence_ph_meta@error.threshold=0.10,error.min_instances=5",error_divergence_ph_meta,"{""divergence"": {""alpha"": 0.1, ""delta"": 0.005, ""min_instances"": 30, ""threshold"": 0.05}, ""error_rate"": {""alpha"": 0.15, ""delta"": 0.005, ""min_instances"": 5, ""threshold"": 0.1}}","{""error_rate"": {""min_instances"": 5, ""threshold"": 0.1}}",0.1,0.005,0.15,5,0.05,0.005,0.1,30,,,,-1,two_stage,2,0.5,"__confirm_cooldown=200,__confirm_rule=perm_test,__perm_alpha=0.03,__perm_min_effect=0,__perm_n_perm=200,__perm_post_n=10,__perm_pre_n=500,__perm_rng_seed=0,__perm_side=two_sided,__perm_stat=vote_score,divergence=0.3,error_rate=0.5,teacher_entropy=0.2",3,0,200,0.0,0,10000,10.0,25.0,200,500,1,136,1.0,0.8469422043010753,0.6217529156856506,0.0,0.24434594810009003,0.016793010756373405,0,0,74,73,-1,perm_test,0.004975124378109453,0.4105068537332388,73,73,0,0.0,0.16666666666666666,0,0.0,0.0,0.0,0.0,0,none,0,1,0,overconfident,0.95,0,mild_drift,0.9424402997155117,0.0014803521833114896,0.7227027193191375,0.8434200567968123,1768237754.9984949,0.18032771348953247,0.15496620535850525
373,23872,23871,sea_nodrift,sea,ts_drift_adapt,1,"error_divergence_ph_meta@error.threshold=0.10,error.min_instances=5",error_divergence_ph_meta,"{""divergence"": {""alpha"": 0.1, ""delta"": 0.005, ""min_instances"": 30, ""threshold"": 0.05}, ""error_rate"": {""alpha"": 0.15, ""delta"": 0.005, ""min_instances"": 5, ""threshold"": 0.1}}","{""error_rate"": {""min_instances"": 5, ""threshold"": 0.1}}",0.1,0.005,0.15,5,0.05,0.005,0.1,30,,,,-1,two_stage,2,0.5,"__confirm_cooldown=200,__confirm_rule=perm_test,__perm_alpha=0.03,__perm_min_effect=0,__perm_n_perm=200,__perm_post_n=10,__perm_pre_n=500,__perm_rng_seed=0,__perm_side=two_sided,__perm_stat=vote_score,divergence=0.3,error_rate=0.5,teacher_entropy=0.2",3,0,200,0.0,0,10000,10.0,25.0,200,500,1,72,1.0,0.8469336461126006,0.6216025976782248,0.16666666666666666,0.2706345319747925,0.015056964941322803,0,0,74,73,-1,perm_test,0.004975124378109453,0.4105068537332388,73,73,0,0.0,0.16666666666666666,0,0.0,0.0,0.0,0.0,0,none,0,1,0,overconfident,0.95,0,mild_drift,0.9513701498577558,0.001390176091655745,0.7613513596595688,0.8492100283984061,1768237755.0079772,0.21603095531463623,0.11917044222354889
374,23936,23935,sea_nodrift,sea,ts_drift_adapt,1,"error_divergence_ph_meta@error.threshold=0.10,error.min_instances=5",error_divergence_ph_meta,"{""divergence"": {""alpha"": 0.1, ""delta"": 0.005, ""min_instances"": 30, ""threshold"": 0.05}, ""error_rate"": {""alpha"": 0.15, ""delta"": 0.005, ""min_instances"": 5, ""threshold"": 0.1}}","{""error_rate"": {""min_instances"": 5, ""threshold"": 0.1}}",0.1,0.005,0.15,5,0.05,0.005,0.1,30,,,,-1,two_stage,2,0.5,"__confirm_cooldown=200,__confirm_rule=perm_test,__perm_alpha=0.03,__perm_min_effect=0,__perm_n_perm=200,__perm_post_n=10,__perm_pre_n=500,__perm_rng_seed=0,__perm_side=two_sided,__perm_stat=vote_score,divergence=0.3,error_rate=0.5,teacher_entropy=0.2",3,0,200,0.0,0,10000,10.0,25.0,200,500,1,8,1.0,0.8469669117647058,0.621795808173516,0.16666666666666666,0.24728800356388092,0.010298647917807102,0,0,74,73,-1,perm_test,0.004975124378109453,0.4105068537332388,73,73,0,0.0,0.004758317023515701,0,0.0,0.0,0.0,0.0,0,none,0,1,0,overconfident,0.95,0,mild_drift,0.9558350749288779,0.0013450880458278727,0.7806756798297845,0.852105014199203,1768237755.0176747,0.4030490815639496,0.1034596711397171
375,24000,23999,sea_nodrift,sea,ts_drift_adapt,1,"error_divergence_ph_meta@error.threshold=0.10,error.min_instances=5",error_divergence_ph_meta,"{""divergence"": {""alpha"": 0.1, ""delta"": 0.005, ""min_instances"": 30, ""threshold"": 0.05}, ""error_rate"": {""alpha"": 0.15, ""delta"": 0.005, ""min_instances"": 5, ""threshold"": 0.1}}","{""error_rate"": {""min_instances"": 5, ""threshold"": 0.1}}",0.1,0.005,0.15,5,0.05,0.005,0.1,30,,,,-1,two_stage,2,0.5,"__confirm_cooldown=200,__confirm_rule=perm_test,__perm_alpha=0.03,__perm_min_effect=0,__perm_n_perm=200,__perm_post_n=10,__perm_pre_n=500,__perm_rng_seed=0,__perm_side=two_sided,__perm_stat=vote_score,divergence=0.3,error_rate=0.5,teacher_entropy=0.2",3,0,200,0.0,0,10000,10.0,25.0,200,500,0,0,1.0,0.84725,0.6225136976935373,0.0,0.21529680490493774,0.015183796174824238,0,0,74,73,-1,perm_test,0.004975124378109453,0.4105068537332388,73,73,0,0.0,0.16666666666666666,0,0.0,0.0,0.0,0.0,0,none,0,1,0,overconfident,0.95,0,mild_drift,0.958067537464439,0.0013225440229139365,0.7903378399148923,0.8535525070996015,1768237755.0272543,0.14656400680541992,0.1369638442993164
376,24064,24063,sea_nodrift,sea,ts_drift_adapt,1,"error_divergence_ph_meta@error.threshold=0.10,error.min_instances=5",error_divergence_ph_meta,"{""divergence"": {""alpha"": 0.1, ""delta"": 0.005, ""min_instances"": 30, ""threshold"": 0.05}, ""error_rate"": {""alpha"": 0.15, ""delta"": 0.005, ""min_instances"": 5, ""threshold"": 0.1}}","{""error_rate"": {""min_instances"": 5, ""threshold"": 0.1}}",0.1,0.005,0.15,5,0.05,0.005,0.1,30,,,,-1,two_stage,2,0.5,"__confirm_cooldown=200,__confirm_rule=perm_test,__perm_alpha=0.03,__perm_min_effect=0,__perm_n_perm=200,__perm_post_n=10,__perm_pre_n=500,__perm_rng_seed=0,__perm_side=two_sided,__perm_stat=vote_score,divergence=0.3,error_rate=0.5,teacher_entropy=0.2",3,0,200,0.0,0,10000,10.0,25.0,200,500,0,0,1.0,0.8475731382978723,0.6233047492473583,0.0,0.21638868749141693,0.007595381233841181,1,1,75,74,0,perm_test,0.004975124378109453,0.41529820010973273,74,74,0,0.16666666666666666,0.007588414940983057,1,0.5,0.0,0.0,0.0,0,none,1,1,0,overconfident,0.95,0,severe_drift,0.9245337687322195,0.0016612720114569683,0.6451689199574462,0.8317762535498008,1768237755.043381,0.07487376779317856,0.08840452879667282
377,24128,24127,sea_nodrift,sea,ts_drift_adapt,1,"error_divergence_ph_meta@error.threshold=0.10,error.min_instances=5",error_divergence_ph_meta,"{""divergence"": {""alpha"": 0.1, ""delta"": 0.005, ""min_instances"": 30, ""threshold"": 0.05}, ""error_rate"": {""alpha"": 0.15, ""delta"": 0.005, ""min_instances"": 5, ""threshold"": 0.1}}","{""error_rate"": {""min_instances"": 5, ""threshold"": 0.1}}",0.1,0.005,0.15,5,0.05,0.005,0.1,30,,,,-1,two_stage,2,0.5,"__confirm_cooldown=200,__confirm_rule=perm_test,__perm_alpha=0.03,__perm_min_effect=0,__perm_n_perm=200,__perm_post_n=10,__perm_pre_n=500,__perm_rng_seed=0,__perm_side=two_sided,__perm_stat=vote_score,divergence=0.3,error_rate=0.5,teacher_entropy=0.2",3,0,200,0.0,0,10000,10.0,25.0,200,500,1,136,1.0,0.8479360079575596,0.6241742378371636,0.0,0.14876258373260498,0.007337572053074837,0,0,75,74,-1,perm_test,0.004975124378109453,0.41529820010973273,74,74,0,0.0,0.00025780918076634407,0,0.0,0.0,0.0,0.0,0,none,0,1,0,overconfident,0.95,0,mild_drift,0.9424168843661097,0.0014806360057284841,0.7225844599787231,0.8433881267749004,1768237755.0531101,0.14541073143482208,0.0884295329451561
378,24192,24191,sea_nodrift,sea,ts_drift_adapt,1,"error_divergence_ph_meta@error.threshold=0.10,error.min_instances=5",error_divergence_ph_meta,"{""divergence"": {""alpha"": 0.1, ""delta"": 0.005, ""min_instances"": 30, ""threshold"": 0.05}, ""error_rate"": {""alpha"": 0.15, ""delta"": 0.005, ""min_instances"": 5, ""threshold"": 0.1}}","{""error_rate"": {""min_instances"": 5, ""threshold"": 0.1}}",0.1,0.005,0.15,5,0.05,0.005,0.1,30,,,,-1,two_stage,2,0.5,"__confirm_cooldown=200,__confirm_rule=perm_test,__perm_alpha=0.03,__perm_min_effect=0,__perm_n_perm=200,__perm_post_n=10,__perm_pre_n=500,__perm_rng_seed=0,__perm_side=two_sided,__perm_stat=vote_score,divergence=0.3,error_rate=0.5,teacher_entropy=0.2",3,0,200,0.0,0,10000,10.0,25.0,200,500,1,72,1.0,0.8480902777777778,0.6246556886707872,0.16666666666666666,0.24037045240402222,0.007031301036477089,0,0,75,74,-1,perm_test,0.004975124378109453,0.41529820010973273,74,74,0,0.0,0.16666666666666666,0,0.0,0.0,0.0,0.0,0,none,0,1,0,overconfident,0.95,0,mild_drift,0.9513584421830548,0.001390318002864242,0.7612922299893616,0.8491940633874502,1768237755.06275,0.29513129591941833,0.09754765033721924
379,24256,24255,sea_nodrift,sea,ts_drift_adapt,1,"error_divergence_ph_meta@error.threshold=0.10,error.min_instances=5",error_divergence_ph_meta,"{""divergence"": {""alpha"": 0.1, ""delta"": 0.005, ""min_instances"": 30, ""threshold"": 0.05}, ""error_rate"": {""alpha"": 0.15, ""delta"": 0.005, ""min_instances"": 5, ""threshold"": 0.1}}","{""error_rate"": {""min_instances"": 5, ""threshold"": 0.1}}",0.1,0.005,0.15,5,0.05,0.005,0.1,30,,,,-1,two_stage,2,0.5,"__confirm_cooldown=200,__confirm_rule=perm_test,__perm_alpha=0.03,__perm_min_effect=0,__perm_n_perm=200,__perm_post_n=10,__perm_pre_n=500,__perm_rng_seed=0,__perm_side=two_sided,__perm_stat=vote_score,divergence=0.3,error_rate=0.5,teacher_entropy=0.2",3,0,200,0.0,0,10000,10.0,25.0,200,500,1,8,1.0,0.8483674142480211,0.6253808440770533,0.0,0.17882506549358368,0.009244699962437153,0,0,75,74,-1,perm_test,0.004975124378109453,0.41529820010973273,74,74,0,0.0,0.16666666666666666,0,0.0,0.0,0.0,0.0,0,none,0,1,0,overconfident,0.95,0,mild_drift,0.9558292210915273,0.0013451590014321212,0.7806461149946808,0.8520970316937251,1768237755.0723684,0.08478868752717972,0.10030540823936462
380,24320,24319,sea_nodrift,sea,ts_drift_adapt,1,"error_divergence_ph_meta@error.threshold=0.10,error.min_instances=5",error_divergence_ph_meta,"{""divergence"": {""alpha"": 0.1, ""delta"": 0.005, ""min_instances"": 30, ""threshold"": 0.05}, ""error_rate"": {""alpha"": 0.15, ""delta"": 0.005, ""min_instances"": 5, ""threshold"": 0.1}}","{""error_rate"": {""min_instances"": 5, ""threshold"": 0.1}}",0.1,0.005,0.15,5,0.05,0.005,0.1,30,,,,-1,two_stage,2,0.5,"__confirm_cooldown=200,__confirm_rule=perm_test,__perm_alpha=0.03,__perm_min_effect=0,__perm_n_perm=200,__perm_post_n=10,__perm_pre_n=500,__perm_rng_seed=0,__perm_side=two_sided,__perm_stat=vote_score,divergence=0.3,error_rate=0.5,teacher_entropy=0.2",3,0,200,0.0,0,10000,10.0,25.0,200,500,0,0,1.0,0.8485197368421052,0.6257104805383393,0.16666666666666666,0.20823165774345398,0.010289233177900314,0,0,75,74,-1,perm_test,0.004975124378109453,0.41529820010973273,74,74,0,0.0,0.16666666666666666,0,0.0,0.0,0.0,0.0,0,none,0,1,0,overconfident,0.95,0,mild_drift,0.9580646105457636,0.0013225795007160606,0.7903230574973404,0.8535485158468625,1768237755.0820992,0.3079626262187958,0.09194974601268768
381,24384,24383,sea_nodrift,sea,ts_drift_adapt,1,"error_divergence_ph_meta@error.threshold=0.10,error.min_instances=5",error_divergence_ph_meta,"{""divergence"": {""alpha"": 0.1, ""delta"": 0.005, ""min_instances"": 30, ""threshold"": 0.05}, ""error_rate"": {""alpha"": 0.15, ""delta"": 0.005, ""min_instances"": 5, ""threshold"": 0.1}}","{""error_rate"": {""min_instances"": 5, ""threshold"": 0.1}}",0.1,0.005,0.15,5,0.05,0.005,0.1,30,,,,-1,two_stage,2,0.5,"__confirm_cooldown=200,__confirm_rule=perm_test,__perm_alpha=0.03,__perm_min_effect=0,__perm_n_perm=200,__perm_post_n=10,__perm_pre_n=500,__perm_rng_seed=0,__perm_side=two_sided,__perm_stat=vote_score,divergence=0.3,error_rate=0.5,teacher_entropy=0.2",3,0,200,0.0,0,10000,10.0,25.0,200,500,0,0,1.0,0.8486712598425197,0.6260549726739519,0.0,0.18702726066112518,0.009138865396380424,1,1,76,75,0,perm_test,0.004975124378109453,0.42109951335739365,75,75,0,0.0,0.16666666666666666,1,0.5,0.0,0.0,0.0,0,none,1,1,0,overconfident,0.95,0,stable,0.9740323052728819,0.0010612897503580303,0.8951615287486703,0.8992742579234313,1768237755.0984464,0.12369539588689804,0.07016712427139282
382,24448,24447,sea_nodrift,sea,ts_drift_adapt,1,"error_divergence_ph_meta@error.threshold=0.10,error.min_instances=5",error_divergence_ph_meta,"{""divergence"": {""alpha"": 0.1, ""delta"": 0.005, ""min_instances"": 30, ""threshold"": 0.05}, ""error_rate"": {""alpha"": 0.15, ""delta"": 0.005, ""min_instances"": 5, ""threshold"": 0.1}}","{""error_rate"": {""min_instances"": 5, ""threshold"": 0.1}}",0.1,0.005,0.15,5,0.05,0.005,0.1,30,,,,-1,two_stage,2,0.5,"__confirm_cooldown=200,__confirm_rule=perm_test,__perm_alpha=0.03,__perm_min_effect=0,__perm_n_perm=200,__perm_post_n=10,__perm_pre_n=500,__perm_rng_seed=0,__perm_side=two_sided,__perm_stat=vote_score,divergence=0.3,error_rate=0.5,teacher_entropy=0.2",3,0,200,0.0,0,10000,10.0,25.0,200,500,1,136,1.0,0.8489446989528796,0.6266146745939998,0.0,0.2060992419719696,0.012414573691785336,0,0,76,75,-1,perm_test,0.004975124378109453,0.42109951335739365,75,75,0,0.0,0.003275708295404911,0,0.0,0.0,0.0,0.0,0,none,0,1,0,overconfident,0.95,0,mild_drift,0.9671661526364409,0.0011806448751790152,0.8475807643743352,0.8771371289617156,1768237755.1080525,0.03535271808505058,0.09079897403717041
383,24512,24511,sea_nodrift,sea,ts_drift_adapt,1,"error_divergence_ph_meta@error.threshold=0.10,error.min_instances=5",error_divergence_ph_meta,"{""divergence"": {""alpha"": 0.1, ""delta"": 0.005, ""min_instances"": 30, ""threshold"": 0.05}, ""error_rate"": {""alpha"": 0.15, ""delta"": 0.005, ""min_instances"": 5, ""threshold"": 0.1}}","{""error_rate"": {""min_instances"": 5, ""threshold"": 0.1}}",0.1,0.005,0.15,5,0.05,0.005,0.1,30,,,,-1,two_stage,2,0.5,"__confirm_cooldown=200,__confirm_rule=perm_test,__perm_alpha=0.03,__perm_min_effect=0,__perm_n_perm=200,__perm_post_n=10,__perm_pre_n=500,__perm_rng_seed=0,__perm_side=two_sided,__perm_stat=vote_score,divergence=0.3,error_rate=0.5,teacher_entropy=0.2",3,0,200,0.0,0,10000,10.0,25.0,200,500,1,72,1.0,0.8491759138381201,0.6271514558885043,0.0,0.18356427550315857,0.013806982897222042,0,0,76,75,-1,perm_test,0.004975124378109453,0.42109951335739365,75,75,0,0.0,0.0013924092054367065,0,0.0,0.0,0.0,0.0,0,none,0,1,0,overconfident,0.95,0,mild_drift,0.9637330763182204,0.0012403224375895077,0.8237903821871676,0.8660685644808578,1768237755.1174648,0.07592266798019409,0.09828224778175354
384,24576,24575,sea_nodrift,sea,ts_drift_adapt,1,"error_divergence_ph_meta@error.threshold=0.10,error.min_instances=5",error_divergence_ph_meta,"{""divergence"": {""alpha"": 0.1, ""delta"": 0.005, ""min_instances"": 30, ""threshold"": 0.05}, ""error_rate"": {""alpha"": 0.15, ""delta"": 0.005, ""min_instances"": 5, ""threshold"": 0.1}}","{""error_rate"": {""min_instances"": 5, ""threshold"": 0.1}}",0.1,0.005,0.15,5,0.05,0.005,0.1,30,,,,-1,two_stage,2,0.5,"__confirm_cooldown=200,__confirm_rule=perm_test,__perm_alpha=0.03,__perm_min_effect=0,__perm_n_perm=200,__perm_post_n=10,__perm_pre_n=500,__perm_rng_seed=0,__perm_side=two_sided,__perm_stat=vote_score,divergence=0.3,error_rate=0.5,teacher_entropy=0.2",3,0,200,0.0,0,10000,10.0,25.0,200,500,1,8,1.0,0.8494059244791666,0.6277904490587768,0.16666666666666666,0.19957222044467926,0.008853153325617313,0,0,76,75,-1,perm_test,0.004975124378109453,0.42109951335739365,75,75,0,0.0,0.16666666666666666,0,0.0,0.0,0.0,0.0,0,none,0,1,0,overconfident,0.95,0,mild_drift,0.9620165381591101,0.001270161218794754,0.8118951910935839,0.8605342822404289,1768237755.127055,0.2656632363796234,0.08613941818475723
385,24640,24639,sea_nodrift,sea,ts_drift_adapt,1,"error_divergence_ph_meta@error.threshold=0.10,error.min_instances=5",error_divergence_ph_meta,"{""divergence"": {""alpha"": 0.1, ""delta"": 0.005, ""min_instances"": 30, ""threshold"": 0.05}, ""error_rate"": {""alpha"": 0.15, ""delta"": 0.005, ""min_instances"": 5, ""threshold"": 0.1}}","{""error_rate"": {""min_instances"": 5, ""threshold"": 0.1}}",0.1,0.005,0.15,5,0.05,0.005,0.1,30,,,,-1,two_stage,2,0.5,"__confirm_cooldown=200,__confirm_rule=perm_test,__perm_alpha=0.03,__perm_min_effect=0,__perm_n_perm=200,__perm_post_n=10,__perm_pre_n=500,__perm_rng_seed=0,__perm_side=two_sided,__perm_stat=vote_score,divergence=0.3,error_rate=0.5,teacher_entropy=0.2",3,0,200,0.0,0,10000,10.0,25.0,200,500,0,0,1.0,0.8496347402597403,0.6282938194783987,0.0,0.22680923342704773,0.016325924545526505,0,0,76,75,-1,perm_test,0.004975124378109453,0.42109951335739365,75,75,0,0.0,0.16666666666666666,0,0.0,0.0,0.0,0.0,0,none,0,1,0,overconfident,0.95,0,mild_drift,0.961158269079555,0.001285080609397377,0.805947595546792,0.8577671411202145,1768237755.1366963,0.1307429075241089,0.11763227730989456
386,24704,24703,sea_nodrift,sea,ts_drift_adapt,1,"error_divergence_ph_meta@error.threshold=0.10,error.min_instances=5",error_divergence_ph_meta,"{""divergence"": {""alpha"": 0.1, ""delta"": 0.005, ""min_instances"": 30, ""threshold"": 0.05}, ""error_rate"": {""alpha"": 0.15, ""delta"": 0.005, ""min_instances"": 5, ""threshold"": 0.1}}","{""error_rate"": {""min_instances"": 5, ""threshold"": 0.1}}",0.1,0.005,0.15,5,0.05,0.005,0.1,30,,,,-1,two_stage,2,0.5,"__confirm_cooldown=200,__confirm_rule=perm_test,__perm_alpha=0.03,__perm_min_effect=0,__perm_n_perm=200,__perm_post_n=10,__perm_pre_n=500,__perm_rng_seed=0,__perm_side=two_sided,__perm_stat=vote_score,divergence=0.3,error_rate=0.5,teacher_entropy=0.2",3,0,200,0.0,0,10000,10.0,25.0,200,500,0,0,1.0,0.8497004533678757,0.6284656554340582,0.3333333333333333,0.20397792756557465,0.010249513201415539,1,1,77,76,0,perm_test,0.004975124378109453,0.42359688657408306,76,76,0,0.3333333333333333,0.3333333333333333,1,0.5,0.0,0.0,0.0,0,none,1,1,0,overconfident,0.95,0,severe_drift,0.9260791345397775,0.0016425403046986886,0.652973797773396,0.8338835705601073,1768237755.1529498,0.6068065762519836,0.07754295319318771
387,24768,24767,sea_nodrift,sea,ts_drift_adapt,1,"error_divergence_ph_meta@error.threshold=0.10,error.min_instances=5",error_divergence_ph_meta,"{""divergence"": {""alpha"": 0.1, ""delta"": 0.005, ""min_instances"": 30, ""threshold"": 0.05}, ""error_rate"": {""alpha"": 0.15, ""delta"": 0.005, ""min_instances"": 5, ""threshold"": 0.1}}","{""error_rate"": {""min_instances"": 5, ""threshold"": 0.1}}",0.1,0.005,0.15,5,0.05,0.005,0.1,30,,,,-1,two_stage,2,0.5,"__confirm_cooldown=200,__confirm_rule=perm_test,__perm_alpha=0.03,__perm_min_effect=0,__perm_n_perm=200,__perm_post_n=10,__perm_pre_n=500,__perm_rng_seed=0,__perm_side=two_sided,__perm_stat=vote_score,divergence=0.3,error_rate=0.5,teacher_entropy=0.2",3,0,200,0.0,0,10000,10.0,25.0,200,500,1,136,1.0,0.8498062015503876,0.6287554873796231,0.16666666666666666,0.24366571009159088,0.010490955784916878,0,0,77,76,-1,perm_test,0.004975124378109453,0.42359688657408306,76,76,0,0.0,0.16666666666666666,0,0.0,0.0,0.0,0.0,0,none,0,1,0,overconfident,0.95,0,mild_drift,0.9431895672698887,0.0014712701523493443,0.726486898886698,0.8444417852800536,1768237755.1625526,0.19476890563964844,0.08077599108219147
388,24832,24831,sea_nodrift,sea,ts_drift_adapt,1,"error_divergence_ph_meta@error.threshold=0.10,error.min_instances=5",error_divergence_ph_meta,"{""divergence"": {""alpha"": 0.1, ""delta"": 0.005, ""min_instances"": 30, ""threshold"": 0.05}, ""error_rate"": {""alpha"": 0.15, ""delta"": 0.005, ""min_instances"": 5, ""threshold"": 0.1}}","{""error_rate"": {""min_instances"": 5, ""threshold"": 0.1}}",0.1,0.005,0.15,5,0.05,0.005,0.1,30,,,,-1,two_stage,2,0.5,"__confirm_cooldown=200,__confirm_rule=perm_test,__perm_alpha=0.03,__perm_min_effect=0,__perm_n_perm=200,__perm_post_n=10,__perm_pre_n=500,__perm_rng_seed=0,__perm_side=two_sided,__perm_stat=vote_score,divergence=0.3,error_rate=0.5,teacher_entropy=0.2",3,0,200,0.0,0,10000,10.0,25.0,200,500,1,72,1.0,0.8499919458762887,0.6291066945048359,0.0,0.22018034756183624,0.011407414451241493,0,0,77,76,-1,perm_test,0.004975124378109453,0.42359688657408306,76,76,0,0.0,0.16666666666666666,0,0.0,0.0,0.0,0.0,0,none,0,1,0,overconfident,0.95,0,mild_drift,0.9517447836349443,0.0013856350761746721,0.7632434494433491,0.8497208926400268,1768237755.1719804,0.026163972914218903,0.1250588297843933
389,24896,24895,sea_nodrift,sea,ts_drift_adapt,1,"error_divergence_ph_meta@error.threshold=0.10,error.min_instances=5",error_divergence_ph_meta,"{""divergence"": {""alpha"": 0.1, ""delta"": 0.005, ""min_instances"": 30, ""threshold"": 0.05}, ""error_rate"": {""alpha"": 0.15, ""delta"": 0.005, ""min_instances"": 5, ""threshold"": 0.1}}","{""error_rate"": {""min_instances"": 5, ""threshold"": 0.1}}",0.1,0.005,0.15,5,0.05,0.005,0.1,30,,,,-1,two_stage,2,0.5,"__confirm_cooldown=200,__confirm_rule=perm_test,__perm_alpha=0.03,__perm_min_effect=0,__perm_n_perm=200,__perm_post_n=10,__perm_pre_n=500,__perm_rng_seed=0,__perm_side=two_sided,__perm_stat=vote_score,divergence=0.3,error_rate=0.5,teacher_entropy=0.2",3,0,200,0.0,0,10000,10.0,25.0,200,500,1,8,1.0,0.850176735218509,0.6296086554091014,0.0,0.2747448682785034,0.01560054998844862,0,0,77,76,-1,perm_test,0.004975124378109453,0.42359688657408306,76,76,0,0.0,0.004193135537207127,0,0.0,0.0,0.0,0.0,0,none,0,1,0,overconfident,0.95,0,mild_drift,0.9560223918174722,0.001342817538087336,0.7816217247216746,0.8523604463200134,1768237755.1816084,0.10395822674036026,0.11760395765304565
390,24960,24959,sea_nodrift,sea,ts_drift_adapt,1,"error_divergence_ph_meta@error.threshold=0.10,error.min_instances=5",error_divergence_ph_meta,"{""divergence"": {""alpha"": 0.1, ""delta"": 0.005, ""min_instances"": 30, ""threshold"": 0.05}, ""error_rate"": {""alpha"": 0.15, ""delta"": 0.005, ""min_instances"": 5, ""threshold"": 0.1}}","{""error_rate"": {""min_instances"": 5, ""threshold"": 0.1}}",0.1,0.005,0.15,5,0.05,0.005,0.1,30,,,,-1,two_stage,2,0.5,"__confirm_cooldown=200,__confirm_rule=perm_test,__perm_alpha=0.03,__perm_min_effect=0,__perm_n_perm=200,__perm_post_n=10,__perm_pre_n=500,__perm_rng_seed=0,__perm_side=two_sided,__perm_stat=vote_score,divergence=0.3,error_rate=0.5,teacher_entropy=0.2",3,0,200,0.0,0,10000,10.0,25.0,200,500,0,0,1.0,0.8503605769230769,0.6301026461030586,0.16666666666666666,0.18509498238563538,0.007779791485518217,0,0,77,76,-1,perm_test,0.004975124378109453,0.42359688657408306,76,76,0,0.0,0.16666666666666666,0,0.0,0.0,0.0,0.0,0,none,0,1,0,overconfident,0.95,0,mild_drift,0.958161195908736,0.0013214087690436682,0.7908108623608373,0.8536802231600067,1768237755.1912467,0.5694107413291931,0.07400158047676086
391,25024,25023,sea_nodrift,sea,ts_drift_adapt,1,"error_divergence_ph_meta@error.threshold=0.10,error.min_instances=5",error_divergence_ph_meta,"{""divergence"": {""alpha"": 0.1, ""delta"": 0.005, ""min_instances"": 30, ""threshold"": 0.05}, ""error_rate"": {""alpha"": 0.15, ""delta"": 0.005, ""min_instances"": 5, ""threshold"": 0.1}}","{""error_rate"": {""min_instances"": 5, ""threshold"": 0.1}}",0.1,0.005,0.15,5,0.05,0.005,0.1,30,,,,-1,two_stage,2,0.5,"__confirm_cooldown=200,__confirm_rule=perm_test,__perm_alpha=0.03,__perm_min_effect=0,__perm_n_perm=200,__perm_post_n=10,__perm_pre_n=500,__perm_rng_seed=0,__perm_side=two_sided,__perm_stat=vote_score,divergence=0.3,error_rate=0.5,teacher_entropy=0.2",3,0,200,0.0,0,10000,10.0,25.0,200,500,0,0,1.0,0.8503436700767263,0.6301888810488926,0.16666666666666666,0.2321249544620514,0.009559577330946922,1,1,78,77,0,perm_test,0.004975124378109453,0.4353335042380807,77,77,0,0.16666666666666666,0.0017797858454287052,1,0.5,0.0,0.0,0.0,0,none,1,1,0,overconfident,0.95,0,severe_drift,0.924580597954368,0.0016607043845218341,0.6454054311804187,0.8318401115800034,1768237755.2075918,0.2227354794740677,0.0768931657075882
392,25088,25087,sea_nodrift,sea,ts_drift_adapt,1,"error_divergence_ph_meta@error.threshold=0.10,error.min_instances=5",error_divergence_ph_meta,"{""divergence"": {""alpha"": 0.1, ""delta"": 0.005, ""min_instances"": 30, ""threshold"": 0.05}, ""error_rate"": {""alpha"": 0.15, ""delta"": 0.005, ""min_instances"": 5, ""threshold"": 0.1}}","{""error_rate"": {""min_instances"": 5, ""threshold"": 0.1}}",0.1,0.005,0.15,5,0.05,0.005,0.1,30,,,,-1,two_stage,2,0.5,"__confirm_cooldown=200,__confirm_rule=perm_test,__perm_alpha=0.03,__perm_min_effect=0,__perm_n_perm=200,__perm_post_n=10,__perm_pre_n=500,__perm_rng_seed=0,__perm_side=two_sided,__perm_stat=vote_score,divergence=0.3,error_rate=0.5,teacher_entropy=0.2",3,0,200,0.0,0,10000,10.0,25.0,200,500,1,136,1.0,0.8503667091836735,0.630418640719374,0.0,0.20602445304393768,0.008220926858484745,0,0,78,77,-1,perm_test,0.004975124378109453,0.4353335042380807,77,77,0,0.0,0.16666666666666666,0,0.0,0.0,0.0,0.0,0,none,0,1,0,overconfident,0.95,0,mild_drift,0.942440298977184,0.0014803521922609171,0.7227027155902094,0.8434200557900017,1768237755.2172413,0.07889589667320251,0.09055940806865692
393,25152,25151,sea_nodrift,sea,ts_drift_adapt,1,"error_divergence_ph_meta@error.threshold=0.10,error.min_instances=5",error_divergence_ph_meta,"{""divergence"": {""alpha"": 0.1, ""delta"": 0.005, ""min_instances"": 30, ""threshold"": 0.05}, ""error_rate"": {""alpha"": 0.15, ""delta"": 0.005, ""min_instances"": 5, ""threshold"": 0.1}}","{""error_rate"": {""min_instances"": 5, ""threshold"": 0.1}}",0.1,0.005,0.15,5,0.05,0.005,0.1,30,,,,-1,two_stage,2,0.5,"__confirm_cooldown=200,__confirm_rule=perm_test,__perm_alpha=0.03,__perm_min_effect=0,__perm_n_perm=200,__perm_post_n=10,__perm_pre_n=500,__perm_rng_seed=0,__perm_side=two_sided,__perm_stat=vote_score,divergence=0.3,error_rate=0.5,teacher_entropy=0.2",3,0,200,0.0,0,10000,10.0,25.0,200,500,1,72,1.0,0.8504691475826972,0.6307254596567972,0.0,0.24339163303375244,0.016295408830046654,0,0,78,77,-1,perm_test,0.004975124378109453,0.4353335042380807,77,77,0,0.0,0.008074481971561909,0,0.0,0.0,0.0,0.0,0,none,0,1,0,overconfident,0.95,0,mild_drift,0.951370149488592,0.0013901760961304585,0.7613513577951048,0.8492100278950008,1768237755.226655,0.05257013440132141,0.11958563327789307
394,25216,25215,sea_nodrift,sea,ts_drift_adapt,1,"error_divergence_ph_meta@error.threshold=0.10,error.min_instances=5",error_divergence_ph_meta,"{""divergence"": {""alpha"": 0.1, ""delta"": 0.005, ""min_instances"": 30, ""threshold"": 0.05}, ""error_rate"": {""alpha"": 0.15, ""delta"": 0.005, ""min_instances"": 5, ""threshold"": 0.1}}","{""error_rate"": {""min_instances"": 5, ""threshold"": 0.1}}",0.1,0.005,0.15,5,0.05,0.005,0.1,30,,,,-1,two_stage,2,0.5,"__confirm_cooldown=200,__confirm_rule=perm_test,__perm_alpha=0.03,__perm_min_effect=0,__perm_n_perm=200,__perm_post_n=10,__perm_pre_n=500,__perm_rng_seed=0,__perm_side=two_sided,__perm_stat=vote_score,divergence=0.3,error_rate=0.5,teacher_entropy=0.2",3,0,200,0.0,0,10000,10.0,25.0,200,500,1,8,1.0,0.8506107233502538,0.6310357647910114,0.16666666666666666,0.1952374279499054,0.012217803858220577,0,0,78,77,-1,perm_test,0.004975124378109453,0.4353335042380807,77,77,0,0.0,0.16666666666666666,0,0.0,0.0,0.0,0.0,0,none,0,1,0,overconfident,0.95,0,mild_drift,0.955835074744296,0.0013450880480652292,0.7806756788975524,0.8521050139475004,1768237755.236279,0.2416241317987442,0.11240847408771515
395,25280,25279,sea_nodrift,sea,ts_drift_adapt,1,"error_divergence_ph_meta@error.threshold=0.10,error.min_instances=5",error_divergence_ph_meta,"{""divergence"": {""alpha"": 0.1, ""delta"": 0.005, ""min_instances"": 30, ""threshold"": 0.05}, ""error_rate"": {""alpha"": 0.15, ""delta"": 0.005, ""min_instances"": 5, ""threshold"": 0.1}}","{""error_rate"": {""min_instances"": 5, ""threshold"": 0.1}}",0.1,0.005,0.15,5,0.05,0.005,0.1,30,,,,-1,two_stage,2,0.5,"__confirm_cooldown=200,__confirm_rule=perm_test,__perm_alpha=0.03,__perm_min_effect=0,__perm_n_perm=200,__perm_post_n=10,__perm_pre_n=500,__perm_rng_seed=0,__perm_side=two_sided,__perm_stat=vote_score,divergence=0.3,error_rate=0.5,teacher_entropy=0.2",3,0,200,0.0,0,10000,10.0,25.0,200,500,0,0,1.0,0.8509493670886076,0.6320687840234356,0.0,0.2340441197156906,0.013759803026914597,0,0,78,77,-1,perm_test,0.004975124378109453,0.4353335042380807,77,77,0,0.0,0.16666666666666666,0,0.0,0.0,0.0,0.0,0,none,0,1,0,overconfident,0.95,0,mild_drift,0.9580675373721479,0.0013225440240326146,0.7903378394487762,0.8535525069737502,1768237755.2458973,0.08443742245435715,0.09727329015731812
396,25344,25343,sea_nodrift,sea,ts_drift_adapt,1,"error_divergence_ph_meta@error.threshold=0.10,error.min_instances=5",error_divergence_ph_meta,"{""divergence"": {""alpha"": 0.1, ""delta"": 0.005, ""min_instances"": 30, ""threshold"": 0.05}, ""error_rate"": {""alpha"": 0.15, ""delta"": 0.005, ""min_instances"": 5, ""threshold"": 0.1}}","{""error_rate"": {""min_instances"": 5, ""threshold"": 0.1}}",0.1,0.005,0.15,5,0.05,0.005,0.1,30,,,,-1,two_stage,2,0.5,"__confirm_cooldown=200,__confirm_rule=perm_test,__perm_alpha=0.03,__perm_min_effect=0,__perm_n_perm=200,__perm_post_n=10,__perm_pre_n=500,__perm_rng_seed=0,__perm_side=two_sided,__perm_stat=vote_score,divergence=0.3,error_rate=0.5,teacher_entropy=0.2",3,0,200,0.0,0,10000,10.0,25.0,200,500,0,0,1.0,0.851010101010101,0.6323374724676508,0.0,0.22206909954547882,0.012287713587284088,1,1,79,78,0,perm_test,0.004975124378109453,0.43504331448006434,78,78,0,0.16666666666666666,0.0014720894396305084,1,0.5,0.0,0.0,0.0,0,none,1,1,0,overconfident,0.95,0,severe_drift,0.924533768686074,0.0016612720120163073,0.6451689197243882,0.8317762534868751,1768237755.2622163,0.09056633710861206,0.11616529524326324
397,25408,25407,sea_nodrift,sea,ts_drift_adapt,1,"error_divergence_ph_meta@error.threshold=0.10,error.min_instances=5",error_divergence_ph_meta,"{""divergence"": {""alpha"": 0.1, ""delta"": 0.005, ""min_instances"": 30, ""threshold"": 0.05}, ""error_rate"": {""alpha"": 0.15, ""delta"": 0.005, ""min_instances"": 5, ""threshold"": 0.1}}","{""error_rate"": {""min_instances"": 5, ""threshold"": 0.1}}",0.1,0.005,0.15,5,0.05,0.005,0.1,30,,,,-1,two_stage,2,0.5,"__confirm_cooldown=200,__confirm_rule=perm_test,__perm_alpha=0.03,__perm_min_effect=0,__perm_n_perm=200,__perm_post_n=10,__perm_pre_n=500,__perm_rng_seed=0,__perm_side=two_sided,__perm_stat=vote_score,divergence=0.3,error_rate=0.5,teacher_entropy=0.2",3,0,200,0.0,0,10000,10.0,25.0,200,500,1,136,1.0,0.8512673173803527,0.6330454366039662,0.0,0.25226548314094543,0.01276353932917118,0,0,79,78,-1,perm_test,0.004975124378109453,0.43504331448006434,78,78,0,0.0,0.0004758257418870926,0,0.0,0.0,0.0,0.0,0,none,0,1,0,overconfident,0.95,0,mild_drift,0.9424168843430369,0.0014806360060081536,0.7225844598621941,0.8433881267434375,1768237755.2718995,0.20009438693523407,0.09369911253452301
398,25472,25471,sea_nodrift,sea,ts_drift_adapt,1,"error_divergence_ph_meta@error.threshold=0.10,error.min_instances=5",error_divergence_ph_meta,"{""divergence"": {""alpha"": 0.1, ""delta"": 0.005, ""min_instances"": 30, ""threshold"": 0.05}, ""error_rate"": {""alpha"": 0.15, ""delta"": 0.005, ""min_instances"": 5, ""threshold"": 0.1}}","{""error_rate"": {""min_instances"": 5, ""threshold"": 0.1}}",0.1,0.005,0.15,5,0.05,0.005,0.1,30,,,,-1,two_stage,2,0.5,"__confirm_cooldown=200,__confirm_rule=perm_test,__perm_alpha=0.03,__perm_min_effect=0,__perm_n_perm=200,__perm_post_n=10,__perm_pre_n=500,__perm_rng_seed=0,__perm_side=two_sided,__perm_stat=vote_score,divergence=0.3,error_rate=0.5,teacher_entropy=0.2",3,0,200,0.0,0,10000,10.0,25.0,200,500,1,72,1.0,0.8514839824120602,0.6337021115510139,0.0,0.21414007246494293,0.010788796469569206,0,0,79,78,-1,perm_test,0.004975124378109453,0.43504331448006434,78,78,0,0.0,0.0019747428596019745,0,0.0,0.0,0.0,0.0,0,none,0,1,0,overconfident,0.95,0,mild_drift,0.9513584421715184,0.0013903180030040768,0.7612922299310971,0.8491940633717188,1768237755.2814364,0.11520358920097351,0.0972217321395874
399,25536,25535,sea_nodrift,sea,ts_drift_adapt,1,"error_divergence_ph_meta@error.threshold=0.10,error.min_instances=5",error_divergence_ph_meta,"{""divergence"": {""alpha"": 0.1, ""delta"": 0.005, ""min_instances"": 30, ""threshold"": 0.05}, ""error_rate"": {""alpha"": 0.15, ""delta"": 0.005, ""min_instances"": 5, ""threshold"": 0.1}}","{""error_rate"": {""min_instances"": 5, ""threshold"": 0.1}}",0.1,0.005,0.15,5,0.05,0.005,0.1,30,,,,-1,two_stage,2,0.5,"__confirm_cooldown=200,__confirm_rule=perm_test,__perm_alpha=0.03,__perm_min_effect=0,__perm_n_perm=200,__perm_post_n=10,__perm_pre_n=500,__perm_rng_seed=0,__perm_side=two_sided,__perm_stat=vote_score,divergence=0.3,error_rate=0.5,teacher_entropy=0.2",3,0,200,0.0,0,10000,10.0,25.0,200,500,1,8,1.0,0.8517387218045113,0.6343974014526674,0.0,0.24589382112026215,0.012808108702301979,0,0,79,78,-1,perm_test,0.004975124378109453,0.43504331448006434,78,78,0,0.0,0.002019312232732773,0,0.0,0.0,0.0,0.0,0,none,0,1,0,overconfident,0.95,0,mild_drift,0.9558292210857592,0.0013451590015020384,0.7806461149655486,0.8520970316858594,1768237755.291102,0.24839456379413605,0.13289397954940796
400,25600,25599,sea_nodrift,sea,ts_drift_adapt,1,"error_divergence_ph_meta@error.threshold=0.10,error.min_instances=5",error_divergence_ph_meta,"{""divergence"": {""alpha"": 0.1, ""delta"": 0.005, ""min_instances"": 30, ""threshold"": 0.05}, ""error_rate"": {""alpha"": 0.15, ""delta"": 0.005, ""min_instances"": 5, ""threshold"": 0.1}}","{""error_rate"": {""min_instances"": 5, ""threshold"": 0.1}}",0.1,0.005,0.15,5,0.05,0.005,0.1,30,,,,-1,two_stage,2,0.5,"__confirm_cooldown=200,__confirm_rule=perm_test,__perm_alpha=0.03,__perm_min_effect=0,__perm_n_perm=200,__perm_post_n=10,__perm_pre_n=500,__perm_rng_seed=0,__perm_side=two_sided,__perm_stat=vote_score,divergence=0.3,error_rate=0.5,teacher_entropy=0.2",3,0,200,0.0,0,10000,10.0,25.0,200,500,0,0,1.0,0.851953125,0.6347676942750227,0.0,0.2175750583410263,0.008462878875434399,0,0,79,78,-1,perm_test,0.004975124378109453,0.43504331448006434,78,78,0,0.0,0.00434522982686758,0,0.0,0.0,0.0,0.0,0,none,0,1,0,overconfident,0.95,0,mild_drift,0.9580646105428796,0.0013225795007510192,0.7903230574827743,0.8535485158429297,1768237755.3007603,0.02372155152261257,0.1025342047214508
401,25664,25663,sea_nodrift,sea,ts_drift_adapt,1,"error_divergence_ph_meta@error.threshold=0.10,error.min_instances=5",error_divergence_ph_meta,"{""divergence"": {""alpha"": 0.1, ""delta"": 0.005, ""min_instances"": 30, ""threshold"": 0.05}, ""error_rate"": {""alpha"": 0.15, ""delta"": 0.005, ""min_instances"": 5, ""threshold"": 0.1}}","{""error_rate"": {""min_instances"": 5, ""threshold"": 0.1}}",0.1,0.005,0.15,5,0.05,0.005,0.1,30,,,,-1,two_stage,2,0.5,"__confirm_cooldown=200,__confirm_rule=perm_test,__perm_alpha=0.03,__perm_min_effect=0,__perm_n_perm=200,__perm_post_n=10,__perm_pre_n=500,__perm_rng_seed=0,__perm_side=two_sided,__perm_stat=vote_score,divergence=0.3,error_rate=0.5,teacher_entropy=0.2",3,0,200,0.0,0,10000,10.0,25.0,200,500,0,0,1.0,0.8520105985037406,0.6349832139692322,0.3333333333333333,0.23825126886367798,0.015273314900696278,1,1,80,79,0,perm_test,0.004975124378109453,0.42546778855131473,79,79,0,0.3333333333333333,0.3333333333333333,1,0.5,0.0,0.0,0.0,0,none,1,1,0,overconfident,0.95,0,severe_drift,0.9245323052714398,0.0016612897503755096,0.6451615287413872,0.8317742579214649,1768237755.3170514,0.6374955177307129,0.10950663685798645
402,25728,25727,sea_nodrift,sea,ts_drift_adapt,1,"error_divergence_ph_meta@error.threshold=0.10,error.min_instances=5",error_divergence_ph_meta,"{""divergence"": {""alpha"": 0.1, ""delta"": 0.005, ""min_instances"": 30, ""threshold"": 0.05}, ""error_rate"": {""alpha"": 0.15, ""delta"": 0.005, ""min_instances"": 5, ""threshold"": 0.1}}","{""error_rate"": {""min_instances"": 5, ""threshold"": 0.1}}",0.1,0.005,0.15,5,0.05,0.005,0.1,30,,,,-1,two_stage,2,0.5,"__confirm_cooldown=200,__confirm_rule=perm_test,__perm_alpha=0.03,__perm_min_effect=0,__perm_n_perm=200,__perm_post_n=10,__perm_pre_n=500,__perm_rng_seed=0,__perm_side=two_sided,__perm_stat=vote_score,divergence=0.3,error_rate=0.5,teacher_entropy=0.2",3,0,200,0.0,0,10000,10.0,25.0,200,500,1,136,1.0,0.8521455223880597,0.6353535215641231,0.0,0.2174070030450821,0.00775292469188571,0,0,80,79,-1,perm_test,0.004975124378109453,0.42546778855131473,79,79,0,0.0,0.3333333333333333,0,0.0,0.0,0.0,0.0,0,none,0,1,0,overconfident,0.95,0,mild_drift,0.9424161526357199,0.0014806448751877549,0.7225807643706936,0.8433871289607324,1768237755.3266203,0.06215120851993561,0.08273999392986298
403,25792,25791,sea_nodrift,sea,ts_drift_adapt,1,"error_divergence_ph_meta@error.threshold=0.10,error.min_instances=5",error_divergence_ph_meta,"{""divergence"": {""alpha"": 0.1, ""delta"": 0.005, ""min_instances"": 30, ""threshold"": 0.05}, ""error_rate"": {""alpha"": 0.15, ""delta"": 0.005, ""min_instances"": 5, ""threshold"": 0.1}}","{""error_rate"": {""min_instances"": 5, ""threshold"": 0.1}}",0.1,0.005,0.15,5,0.05,0.005,0.1,30,,,,-1,two_stage,2,0.5,"__confirm_cooldown=200,__confirm_rule=perm_test,__perm_alpha=0.03,__perm_min_effect=0,__perm_n_perm=200,__perm_post_n=10,__perm_pre_n=500,__perm_rng_seed=0,__perm_side=two_sided,__perm_stat=vote_score,divergence=0.3,error_rate=0.5,teacher_entropy=0.2",3,0,200,0.0,0,10000,10.0,25.0,200,500,1,72,1.0,0.8524348635235732,0.6361459536242171,0.0,0.20086470246315002,0.01279099378734827,0,0,80,79,-1,perm_test,0.004975124378109453,0.42546778855131473,79,79,0,0.0,0.005038069095462561,0,0.0,0.0,0.0,0.0,0,none,0,1,0,overconfident,0.95,0,mild_drift,0.95135807631786,0.0013903224375938776,0.7612903821853468,0.8491935644803662,1768237755.336084,0.07722688466310501,0.1277915984392166
404,25856,25855,sea_nodrift,sea,ts_drift_adapt,1,"error_divergence_ph_meta@error.threshold=0.10,error.min_instances=5",error_divergence_ph_meta,"{""divergence"": {""alpha"": 0.1, ""delta"": 0.005, ""min_instances"": 30, ""threshold"": 0.05}, ""error_rate"": {""alpha"": 0.15, ""delta"": 0.005, ""min_instances"": 5, ""threshold"": 0.1}}","{""error_rate"": {""min_instances"": 5, ""threshold"": 0.1}}",0.1,0.005,0.15,5,0.05,0.005,0.1,30,,,,-1,two_stage,2,0.5,"__confirm_cooldown=200,__confirm_rule=perm_test,__perm_alpha=0.03,__perm_min_effect=0,__perm_n_perm=200,__perm_post_n=10,__perm_pre_n=500,__perm_rng_seed=0,__perm_side=two_sided,__perm_stat=vote_score,divergence=0.3,error_rate=0.5,teacher_entropy=0.2",3,0,200,0.0,0,10000,10.0,25.0,200,500,1,8,1.0,0.852606745049505,0.6366145515268351,0.0,0.19818614423274994,0.016086725518107414,0,0,80,79,-1,perm_test,0.004975124378109453,0.42546778855131473,79,79,0,0.0,0.003295731730759144,0,0.0,0.0,0.0,0.0,0,none,0,1,0,overconfident,0.95,0,mild_drift,0.9558290381589299,0.001345161218796939,0.7806451910926735,0.852096782240183,1768237755.3456805,0.029893308877944946,0.1334795355796814
405,25920,25919,sea_nodrift,sea,ts_drift_adapt,1,"error_divergence_ph_meta@error.threshold=0.10,error.min_instances=5",error_divergence_ph_meta,"{""divergence"": {""alpha"": 0.1, ""delta"": 0.005, ""min_instances"": 30, ""threshold"": 0.05}, ""error_rate"": {""alpha"": 0.15, ""delta"": 0.005, ""min_instances"": 5, ""threshold"": 0.1}}","{""error_rate"": {""min_instances"": 5, ""threshold"": 0.1}}",0.1,0.005,0.15,5,0.05,0.005,0.1,30,,,,-1,two_stage,2,0.5,"__confirm_cooldown=200,__confirm_rule=perm_test,__perm_alpha=0.03,__perm_min_effect=0,__perm_n_perm=200,__perm_post_n=10,__perm_pre_n=500,__perm_rng_seed=0,__perm_side=two_sided,__perm_stat=vote_score,divergence=0.3,error_rate=0.5,teacher_entropy=0.2",3,0,200,0.0,0,10000,10.0,25.0,200,500,0,0,1.0,0.852854938271605,0.6371493933726858,0.16666666666666666,0.20413042604923248,0.007190372794866562,0,0,80,79,-1,perm_test,0.004975124378109453,0.42546778855131473,79,79,0,0.0,0.16666666666666666,0,0.0,0.0,0.0,0.0,0,none,0,1,0,overconfident,0.95,0,mild_drift,0.958064519079465,0.0013225806093984695,0.7903225955463368,0.8535483911200915,1768237755.3553321,0.4856601655483246,0.09122227877378464
406,25984,25983,sea_nodrift,sea,ts_drift_adapt,1,"error_divergence_ph_meta@error.threshold=0.10,error.min_instances=5",error_divergence_ph_meta,"{""divergence"": {""alpha"": 0.1, ""delta"": 0.005, ""min_instances"": 30, ""threshold"": 0.05}, ""error_rate"": {""alpha"": 0.15, ""delta"": 0.005, ""min_instances"": 5, ""threshold"": 0.1}}","{""error_rate"": {""min_instances"": 5, ""threshold"": 0.1}}",0.1,0.005,0.15,5,0.05,0.005,0.1,30,,,,-1,two_stage,2,0.5,"__confirm_cooldown=200,__confirm_rule=perm_test,__perm_alpha=0.03,__perm_min_effect=0,__perm_n_perm=200,__perm_post_n=10,__perm_pre_n=500,__perm_rng_seed=0,__perm_side=two_sided,__perm_stat=vote_score,divergence=0.3,error_rate=0.5,teacher_entropy=0.2",3,0,200,0.0,0,10000,10.0,25.0,200,500,0,0,1.0,0.8531019088669951,0.6376514909847675,0.0,0.2221354842185974,0.01446780189871788,1,1,81,80,0,perm_test,0.004975124378109453,0.43275934554354695,80,80,0,0.3333333333333333,0.16666666666666666,1,0.5,0.0,0.0,0.0,0,none,1,1,0,overconfident,0.95,0,severe_drift,0.9245322595397325,0.0016612903046992348,0.6451612977731684,0.8317741955600457,1768237755.3715758,0.10579109191894531,0.12851755321025848
407,26048,26047,sea_nodrift,sea,ts_drift_adapt,1,"error_divergence_ph_meta@error.threshold=0.10,error.min_instances=5",error_divergence_ph_meta,"{""divergence"": {""alpha"": 0.1, ""delta"": 0.005, ""min_instances"": 30, ""threshold"": 0.05}, ""error_rate"": {""alpha"": 0.15, ""delta"": 0.005, ""min_instances"": 5, ""threshold"": 0.1}}","{""error_rate"": {""min_instances"": 5, ""threshold"": 0.1}}",0.1,0.005,0.15,5,0.05,0.005,0.1,30,,,,-1,two_stage,2,0.5,"__confirm_cooldown=200,__confirm_rule=perm_test,__perm_alpha=0.03,__perm_min_effect=0,__perm_n_perm=200,__perm_post_n=10,__perm_pre_n=500,__perm_rng_seed=0,__perm_side=two_sided,__perm_stat=vote_score,divergence=0.3,error_rate=0.5,teacher_entropy=0.2",3,0,200,0.0,0,10000,10.0,25.0,200,500,1,136,1.0,0.8532708845208845,0.6383589599211368,0.0,0.20456404983997345,0.011341091245412827,0,0,81,80,-1,perm_test,0.004975124378109453,0.43275934554354695,80,80,0,0.0,0.0031267106533050537,0,0.0,0.0,0.0,0.0,0,none,0,1,0,overconfident,0.95,0,mild_drift,0.9424161297698662,0.0014806451523496173,0.7225806488865842,0.8433870977800229,1768237755.3812897,0.08776846528053284,0.11492601037025452
408,26112,26111,sea_nodrift,sea,ts_drift_adapt,1,"error_divergence_ph_meta@error.threshold=0.10,error.min_instances=5",error_divergence_ph_meta,"{""divergence"": {""alpha"": 0.1, ""delta"": 0.005, ""min_instances"": 30, ""threshold"": 0.05}, ""error_rate"": {""alpha"": 0.15, ""delta"": 0.005, ""min_instances"": 5, ""threshold"": 0.1}}","{""error_rate"": {""min_instances"": 5, ""threshold"": 0.1}}",0.1,0.005,0.15,5,0.05,0.005,0.1,30,,,,-1,two_stage,2,0.5,"__confirm_cooldown=200,__confirm_rule=perm_test,__perm_alpha=0.03,__perm_min_effect=0,__perm_n_perm=200,__perm_post_n=10,__perm_pre_n=500,__perm_rng_seed=0,__perm_side=two_sided,__perm_stat=vote_score,divergence=0.3,error_rate=0.5,teacher_entropy=0.2",3,0,200,0.0,0,10000,10.0,25.0,200,500,1,72,1.0,0.8533241421568627,0.6385561162373116,0.16666666666666666,0.24149452149868011,0.010101590305566788,0,0,81,80,-1,perm_test,0.004975124378109453,0.43275934554354695,80,80,0,0.0,0.16666666666666666,0,0.0,0.0,0.0,0.0,0,none,0,1,0,overconfident,0.95,0,mild_drift,0.9513580648849331,0.0013903225761748086,0.7612903244432921,0.8491935488900114,1768237755.3907475,0.20550866425037384,0.10409661382436752
409,26176,26175,sea_nodrift,sea,ts_drift_adapt,1,"error_divergence_ph_meta@error.threshold=0.10,error.min_instances=5",error_divergence_ph_meta,"{""divergence"": {""alpha"": 0.1, ""delta"": 0.005, ""min_instances"": 30, ""threshold"": 0.05}, ""error_rate"": {""alpha"": 0.15, ""delta"": 0.005, ""min_instances"": 5, ""threshold"": 0.1}}","{""error_rate"": {""min_instances"": 5, ""threshold"": 0.1}}",0.1,0.005,0.15,5,0.05,0.005,0.1,30,,,,-1,two_stage,2,0.5,"__confirm_cooldown=200,__confirm_rule=perm_test,__perm_alpha=0.03,__perm_min_effect=0,__perm_n_perm=200,__perm_post_n=10,__perm_pre_n=500,__perm_rng_seed=0,__perm_side=two_sided,__perm_stat=vote_score,divergence=0.3,error_rate=0.5,teacher_entropy=0.2",3,0,200,0.0,0,10000,10.0,25.0,200,500,1,8,1.0,0.8533389364303179,0.6385713304541327,0.16666666666666666,0.2578725218772888,0.010765137150883675,0,0,81,80,-1,perm_test,0.004975124378109453,0.43275934554354695,80,80,0,0.0,0.0006635468453168869,0,0.0,0.0,0.0,0.0,0,none,0,1,0,overconfident,0.95,0,mild_drift,0.9558290324424665,0.0013451612880874043,0.7806451622216461,0.8520967744450056,1768237755.4003892,0.42021238803863525,0.09517177939414978
410,26240,26239,sea_nodrift,sea,ts_drift_adapt,1,"error_divergence_ph_meta@error.threshold=0.10,error.min_instances=5",error_divergence_ph_meta,"{""divergence"": {""alpha"": 0.1, ""delta"": 0.005, ""min_instances"": 30, ""threshold"": 0.05}, ""error_rate"": {""alpha"": 0.15, ""delta"": 0.005, ""min_instances"": 5, ""threshold"": 0.1}}","{""error_rate"": {""min_instances"": 5, ""threshold"": 0.1}}",0.1,0.005,0.15,5,0.05,0.005,0.1,30,,,,-1,two_stage,2,0.5,"__confirm_cooldown=200,__confirm_rule=perm_test,__perm_alpha=0.03,__perm_min_effect=0,__perm_n_perm=200,__perm_post_n=10,__perm_pre_n=500,__perm_rng_seed=0,__perm_side=two_sided,__perm_stat=vote_score,divergence=0.3,error_rate=0.5,teacher_entropy=0.2",3,0,200,0.0,0,10000,10.0,25.0,200,500,0,0,1.0,0.8534679878048781,0.6390643393515274,0.0,0.246477872133255,0.023623578250408173,0,0,81,80,-1,perm_test,0.004975124378109453,0.43275934554354695,80,80,0,0.0,0.16666666666666666,0,0.0,0.0,0.0,0.0,0,none,0,1,0,overconfident,0.95,0,mild_drift,0.9580645162212332,0.0013225806440437023,0.7903225811108231,0.8535483872225028,1768237755.4099722,0.04786063730716705,0.21779194474220276
411,26304,26303,sea_nodrift,sea,ts_drift_adapt,1,"error_divergence_ph_meta@error.threshold=0.10,error.min_instances=5",error_divergence_ph_meta,"{""divergence"": {""alpha"": 0.1, ""delta"": 0.005, ""min_instances"": 30, ""threshold"": 0.05}, ""error_rate"": {""alpha"": 0.15, ""delta"": 0.005, ""min_instances"": 5, ""threshold"": 0.1}}","{""error_rate"": {""min_instances"": 5, ""threshold"": 0.1}}",0.1,0.005,0.15,5,0.05,0.005,0.1,30,,,,-1,two_stage,2,0.5,"__confirm_cooldown=200,__confirm_rule=perm_test,__perm_alpha=0.03,__perm_min_effect=0,__perm_n_perm=200,__perm_post_n=10,__perm_pre_n=500,__perm_rng_seed=0,__perm_side=two_sided,__perm_stat=vote_score,divergence=0.3,error_rate=0.5,teacher_entropy=0.2",3,0,200,0.0,0,10000,10.0,25.0,200,500,0,0,1.0,0.8537104622871047,0.6397836075061482,0.0,0.20123454928398132,0.01642402820289135,1,1,82,81,0,perm_test,0.004975124378109453,0.4230546558884856,81,81,0,0.0,0.007199550047516823,1,0.5,0.0,0.0,0.0,0,none,1,1,0,overconfident,0.95,0,stable,0.9740322581106167,0.0010612903220218511,0.8951612905554116,0.8992741936112514,1768237755.4262493,0.16409750282764435,0.14536792039871216
412,26368,26367,sea_nodrift,sea,ts_drift_adapt,1,"error_divergence_ph_meta@error.threshold=0.10,error.min_instances=5",error_divergence_ph_meta,"{""divergence"": {""alpha"": 0.1, ""delta"": 0.005, ""min_instances"": 30, ""threshold"": 0.05}, ""error_rate"": {""alpha"": 0.15, ""delta"": 0.005, ""min_instances"": 5, ""threshold"": 0.1}}","{""error_rate"": {""min_instances"": 5, ""threshold"": 0.1}}",0.1,0.005,0.15,5,0.05,0.005,0.1,30,,,,-1,two_stage,2,0.5,"__confirm_cooldown=200,__confirm_rule=perm_test,__perm_alpha=0.03,__perm_min_effect=0,__perm_n_perm=200,__perm_post_n=10,__perm_pre_n=500,__perm_rng_seed=0,__perm_side=two_sided,__perm_stat=vote_score,divergence=0.3,error_rate=0.5,teacher_entropy=0.2",3,0,200,0.0,0,10000,10.0,25.0,200,500,1,136,1.0,0.8539138349514563,0.640515516906965,0.16666666666666666,0.23850411176681519,0.009149164892733097,0,0,82,81,-1,perm_test,0.004975124378109453,0.4230546558884856,81,81,0,0.0,0.16666666666666666,0,0.0,0.0,0.0,0.0,0,none,0,1,0,overconfident,0.95,0,mild_drift,0.9671661290553083,0.0011806451610109256,0.8475806452777058,0.8771370968056257,1768237755.4359448,0.3084319531917572,0.06802789121866226
413,26432,26431,sea_nodrift,sea,ts_drift_adapt,1,"error_divergence_ph_meta@error.threshold=0.10,error.min_instances=5",error_divergence_ph_meta,"{""divergence"": {""alpha"": 0.1, ""delta"": 0.005, ""min_instances"": 30, ""threshold"": 0.05}, ""error_rate"": {""alpha"": 0.15, ""delta"": 0.005, ""min_instances"": 5, ""threshold"": 0.1}}","{""error_rate"": {""min_instances"": 5, ""threshold"": 0.1}}",0.1,0.005,0.15,5,0.05,0.005,0.1,30,,,,-1,two_stage,2,0.5,"__confirm_cooldown=200,__confirm_rule=perm_test,__perm_alpha=0.03,__perm_min_effect=0,__perm_n_perm=200,__perm_post_n=10,__perm_pre_n=500,__perm_rng_seed=0,__perm_side=two_sided,__perm_stat=vote_score,divergence=0.3,error_rate=0.5,teacher_entropy=0.2",3,0,200,0.0,0,10000,10.0,25.0,200,500,1,72,1.0,0.8540027239709443,0.6408587665404781,0.16666666666666666,0.2408776432275772,0.018058685585856438,0,0,82,81,-1,perm_test,0.004975124378109453,0.4230546558884856,81,81,0,0.0,0.00890952069312334,0,0.0,0.0,0.0,0.0,0,none,0,1,0,overconfident,0.95,0,mild_drift,0.9637330645276541,0.001240322580505463,0.823790322638853,0.8660685484028128,1768237755.4454265,0.5728663802146912,0.1550477296113968
414,26496,26495,sea_nodrift,sea,ts_drift_adapt,1,"error_divergence_ph_meta@error.threshold=0.10,error.min_instances=5",error_divergence_ph_meta,"{""divergence"": {""alpha"": 0.1, ""delta"": 0.005, ""min_instances"": 30, ""threshold"": 0.05}, ""error_rate"": {""alpha"": 0.15, ""delta"": 0.005, ""min_instances"": 5, ""threshold"": 0.1}}","{""error_rate"": {""min_instances"": 5, ""threshold"": 0.1}}",0.1,0.005,0.15,5,0.05,0.005,0.1,30,,,,-1,two_stage,2,0.5,"__confirm_cooldown=200,__confirm_rule=perm_test,__perm_alpha=0.03,__perm_min_effect=0,__perm_n_perm=200,__perm_post_n=10,__perm_pre_n=500,__perm_rng_seed=0,__perm_side=two_sided,__perm_stat=vote_score,divergence=0.3,error_rate=0.5,teacher_entropy=0.2",3,0,200,0.0,0,10000,10.0,25.0,200,500,1,8,1.0,0.8540911835748792,0.6411079079967682,0.16666666666666666,0.2438926100730896,0.024203795939683914,0,0,82,81,-1,perm_test,0.004975124378109453,0.4230546558884856,81,81,0,0.0,0.0061451103538274765,0,0.0,0.0,0.0,0.0,0,none,0,1,0,overconfident,0.95,0,mild_drift,0.962016532263827,0.0012701612902527317,0.8118951613194265,0.8605342742014064,1768237755.4550097,0.28018149733543396,0.2041737288236618
415,26560,26559,sea_nodrift,sea,ts_drift_adapt,1,"error_divergence_ph_meta@error.threshold=0.10,error.min_instances=5",error_divergence_ph_meta,"{""divergence"": {""alpha"": 0.1, ""delta"": 0.005, ""min_instances"": 30, ""threshold"": 0.05}, ""error_rate"": {""alpha"": 0.15, ""delta"": 0.005, ""min_instances"": 5, ""threshold"": 0.1}}","{""error_rate"": {""min_instances"": 5, ""threshold"": 0.1}}",0.1,0.005,0.15,5,0.05,0.005,0.1,30,,,,-1,two_stage,2,0.5,"__confirm_cooldown=200,__confirm_rule=perm_test,__perm_alpha=0.03,__perm_min_effect=0,__perm_n_perm=200,__perm_post_n=10,__perm_pre_n=500,__perm_rng_seed=0,__perm_side=two_sided,__perm_stat=vote_score,divergence=0.3,error_rate=0.5,teacher_entropy=0.2",3,0,200,0.0,0,10000,10.0,25.0,200,500,0,0,1.0,0.854066265060241,0.6412310209572971,0.16666666666666666,0.20751766860485077,0.023503700271248817,0,0,82,81,-1,perm_test,0.004975124378109453,0.4230546558884856,81,81,0,0.0,0.0007000956684350967,0,0.0,0.0,0.0,0.0,0,none,0,1,0,overconfident,0.95,0,mild_drift,0.9611582661319135,0.001285080645126366,0.8059475806597133,0.8577671371007032,1768237755.4646666,0.3401903212070465,0.23676493763923645
416,26624,26623,sea_nodrift,sea,ts_drift_adapt,1,"error_divergence_ph_meta@error.threshold=0.10,error.min_instances=5",error_divergence_ph_meta,"{""divergence"": {""alpha"": 0.1, ""delta"": 0.005, ""min_instances"": 30, ""threshold"": 0.05}, ""error_rate"": {""alpha"": 0.15, ""delta"": 0.005, ""min_instances"": 5, ""threshold"": 0.1}}","{""error_rate"": {""min_instances"": 5, ""threshold"": 0.1}}",0.1,0.005,0.15,5,0.05,0.005,0.1,30,,,,-1,two_stage,2,0.5,"__confirm_cooldown=200,__confirm_rule=perm_test,__perm_alpha=0.03,__perm_min_effect=0,__perm_n_perm=200,__perm_post_n=10,__perm_pre_n=500,__perm_rng_seed=0,__perm_side=two_sided,__perm_stat=vote_score,divergence=0.3,error_rate=0.5,teacher_entropy=0.2",3,0,200,0.0,0,10000,10.0,25.0,200,500,0,0,1.0,0.8541917067307693,0.6415870060552904,0.0,0.22532838582992554,0.015089723281562328,1,1,83,82,0,perm_test,0.004975124378109453,0.42275772335846296,82,82,0,0.0,0.16666666666666666,1,0.5,0.0,0.0,0.0,0,none,1,1,0,overconfident,0.95,0,stable,0.9755791330659567,0.001042540322563183,0.9029737903298567,0.9013835685503516,1768237755.481091,0.11960220336914062,0.14409762620925903
417,26688,26687,sea_nodrift,sea,ts_drift_adapt,1,"error_divergence_ph_meta@error.threshold=0.10,error.min_instances=5",error_divergence_ph_meta,"{""divergence"": {""alpha"": 0.1, ""delta"": 0.005, ""min_instances"": 30, ""threshold"": 0.05}, ""error_rate"": {""alpha"": 0.15, ""delta"": 0.005, ""min_instances"": 5, ""threshold"": 0.1}}","{""error_rate"": {""min_instances"": 5, ""threshold"": 0.1}}",0.1,0.005,0.15,5,0.05,0.005,0.1,30,,,,-1,two_stage,2,0.5,"__confirm_cooldown=200,__confirm_rule=perm_test,__perm_alpha=0.03,__perm_min_effect=0,__perm_n_perm=200,__perm_post_n=10,__perm_pre_n=500,__perm_rng_seed=0,__perm_side=two_sided,__perm_stat=vote_score,divergence=0.3,error_rate=0.5,teacher_entropy=0.2",3,0,200,0.0,0,10000,10.0,25.0,200,500,1,136,1.0,0.8542790767386091,0.641890063675823,0.0,0.18378946185112,0.011049075052142143,0,0,83,82,-1,perm_test,0.004975124378109453,0.42275772335846296,82,82,0,0.0,0.004040648229420185,0,0.0,0.0,0.0,0.0,0,none,0,1,0,overconfident,0.95,0,mild_drift,0.9679395665329783,0.0011712701612815917,0.8514868951649284,0.8781917842751759,1768237755.4907472,0.1300363540649414,0.11254289746284485
418,26752,26751,sea_nodrift,sea,ts_drift_adapt,1,"error_divergence_ph_meta@error.threshold=0.10,error.min_instances=5",error_divergence_ph_meta,"{""divergence"": {""alpha"": 0.1, ""delta"": 0.005, ""min_instances"": 30, ""threshold"": 0.05}, ""error_rate"": {""alpha"": 0.15, ""delta"": 0.005, ""min_instances"": 5, ""threshold"": 0.1}}","{""error_rate"": {""min_instances"": 5, ""threshold"": 0.1}}",0.1,0.005,0.15,5,0.05,0.005,0.1,30,,,,-1,two_stage,2,0.5,"__confirm_cooldown=200,__confirm_rule=perm_test,__perm_alpha=0.03,__perm_min_effect=0,__perm_n_perm=200,__perm_post_n=10,__perm_pre_n=500,__perm_rng_seed=0,__perm_side=two_sided,__perm_stat=vote_score,divergence=0.3,error_rate=0.5,teacher_entropy=0.2",3,0,200,0.0,0,10000,10.0,25.0,200,500,1,72,1.0,0.8544407894736842,0.6424657038889459,0.16666666666666666,0.21421542763710022,0.007011610083281994,0,0,83,82,-1,perm_test,0.004975124378109453,0.42275772335846296,82,82,0,0.0,0.16666666666666666,0,0.0,0.0,0.0,0.0,0,none,0,1,0,overconfident,0.95,0,mild_drift,0.9641197832664892,0.0012356350806407958,0.8257434475824642,0.8665958921375879,1768237755.5002077,0.21833908557891846,0.050841160118579865
419,26816,26815,sea_nodrift,sea,ts_drift_adapt,1,"error_divergence_ph_meta@error.threshold=0.10,error.min_instances=5",error_divergence_ph_meta,"{""divergence"": {""alpha"": 0.1, ""delta"": 0.005, ""min_instances"": 30, ""threshold"": 0.05}, ""error_rate"": {""alpha"": 0.15, ""delta"": 0.005, ""min_instances"": 5, ""threshold"": 0.1}}","{""error_rate"": {""min_instances"": 5, ""threshold"": 0.1}}",0.1,0.005,0.15,5,0.05,0.005,0.1,30,,,,-1,two_stage,2,0.5,"__confirm_cooldown=200,__confirm_rule=perm_test,__perm_alpha=0.03,__perm_min_effect=0,__perm_n_perm=200,__perm_post_n=10,__perm_pre_n=500,__perm_rng_seed=0,__perm_side=two_sided,__perm_stat=vote_score,divergence=0.3,error_rate=0.5,teacher_entropy=0.2",3,0,200,0.0,0,10000,10.0,25.0,200,500,1,8,1.0,0.8546763126491647,0.6430784183940927,0.0,0.24686680734157562,0.009889036417007446,0,0,83,82,-1,perm_test,0.004975124378109453,0.42275772335846296,82,82,0,0.0,0.16666666666666666,0,0.0,0.0,0.0,0.0,0,none,0,1,0,overconfident,0.95,0,mild_drift,0.9622098916332446,0.0012678175403203979,0.8128717237912322,0.860797946068794,1768237755.5098279,0.0685867890715599,0.0940321683883667
420,26880,26879,sea_nodrift,sea,ts_drift_adapt,1,"error_divergence_ph_meta@error.threshold=0.10,error.min_instances=5",error_divergence_ph_meta,"{""divergence"": {""alpha"": 0.1, ""delta"": 0.005, ""min_instances"": 30, ""threshold"": 0.05}, ""error_rate"": {""alpha"": 0.15, ""delta"": 0.005, ""min_instances"": 5, ""threshold"": 0.1}}","{""error_rate"": {""min_instances"": 5, ""threshold"": 0.1}}",0.1,0.005,0.15,5,0.05,0.005,0.1,30,,,,-1,two_stage,2,0.5,"__confirm_cooldown=200,__confirm_rule=perm_test,__perm_alpha=0.03,__perm_min_effect=0,__perm_n_perm=200,__perm_post_n=10,__perm_pre_n=500,__perm_rng_seed=0,__perm_side=two_sided,__perm_stat=vote_score,divergence=0.3,error_rate=0.5,teacher_entropy=0.2",3,0,200,0.0,0,10000,10.0,25.0,200,500,0,0,1.0,0.8547991071428571,0.6434962189190623,0.0,0.23610474169254303,0.008255640044808388,0,0,83,82,-1,perm_test,0.004975124378109453,0.42275772335846296,82,82,0,0.0,0.0016333963721990585,0,0.0,0.0,0.0,0.0,0,none,0,1,0,overconfident,0.95,0,mild_drift,0.9612549458166222,0.001283908770160199,0.8064358618956161,0.857898973034397,1768237755.519582,0.10201430320739746,0.06664706021547318
421,26944,26943,sea_nodrift,sea,ts_drift_adapt,1,"error_divergence_ph_meta@error.threshold=0.10,error.min_instances=5",error_divergence_ph_meta,"{""divergence"": {""alpha"": 0.1, ""delta"": 0.005, ""min_instances"": 30, ""threshold"": 0.05}, ""error_rate"": {""alpha"": 0.15, ""delta"": 0.005, ""min_instances"": 5, ""threshold"": 0.1}}","{""error_rate"": {""min_instances"": 5, ""threshold"": 0.1}}",0.1,0.005,0.15,5,0.05,0.005,0.1,30,,,,-1,two_stage,2,0.5,"__confirm_cooldown=200,__confirm_rule=perm_test,__perm_alpha=0.03,__perm_min_effect=0,__perm_n_perm=200,__perm_post_n=10,__perm_pre_n=500,__perm_rng_seed=0,__perm_side=two_sided,__perm_stat=vote_score,divergence=0.3,error_rate=0.5,teacher_entropy=0.2",3,0,200,0.0,0,10000,10.0,25.0,200,500,0,0,1.0,0.8548099762470309,0.6435981945109399,0.5,0.23258371651172638,0.010369363240897655,1,1,84,83,0,perm_test,0.004975124378109453,0.4298230984967449,83,83,0,0.5,0.5,1,0.5,0.0,0.0,0.0,0,none,1,1,0,overconfident,0.95,0,severe_drift,0.9261274729083111,0.0016419543850800995,0.6532179309478081,0.8339494865171986,1768237755.5359786,1.1380144357681274,0.08752881735563278
422,27008,27007,sea_nodrift,sea,ts_drift_adapt,1,"error_divergence_ph_meta@error.threshold=0.10,error.min_instances=5",error_divergence_ph_meta,"{""divergence"": {""alpha"": 0.1, ""delta"": 0.005, ""min_instances"": 30, ""threshold"": 0.05}, ""error_rate"": {""alpha"": 0.15, ""delta"": 0.005, ""min_instances"": 5, ""threshold"": 0.1}}","{""error_rate"": {""min_instances"": 5, ""threshold"": 0.1}}",0.1,0.005,0.15,5,0.05,0.005,0.1,30,,,,-1,two_stage,2,0.5,"__confirm_cooldown=200,__confirm_rule=perm_test,__perm_alpha=0.03,__perm_min_effect=0,__perm_n_perm=200,__perm_post_n=10,__perm_pre_n=500,__perm_rng_seed=0,__perm_side=two_sided,__perm_stat=vote_score,divergence=0.3,error_rate=0.5,teacher_entropy=0.2",3,0,200,0.0,0,10000,10.0,25.0,200,500,1,136,1.0,0.8549318720379147,0.6438296933813689,0.0,0.2686820328235626,0.010177800431847572,0,0,84,83,-1,perm_test,0.004975124378109453,0.4298230984967449,83,83,0,0.0,0.5,0,0.0,0.0,0.0,0.0,0,none,0,1,0,overconfident,0.95,0,mild_drift,0.9432137364541555,0.00147097719254005,0.7266089654739041,0.8444747432585993,1768237755.545673,0.06824154406785965,0.11000064015388489
423,27072,27071,sea_nodrift,sea,ts_drift_adapt,1,"error_divergence_ph_meta@error.threshold=0.10,error.min_instances=5",error_divergence_ph_meta,"{""divergence"": {""alpha"": 0.1, ""delta"": 0.005, ""min_instances"": 30, ""threshold"": 0.05}, ""error_rate"": {""alpha"": 0.15, ""delta"": 0.005, ""min_instances"": 5, ""threshold"": 0.1}}","{""error_rate"": {""min_instances"": 5, ""threshold"": 0.1}}",0.1,0.005,0.15,5,0.05,0.005,0.1,30,,,,-1,two_stage,2,0.5,"__confirm_cooldown=200,__confirm_rule=perm_test,__perm_alpha=0.03,__perm_min_effect=0,__perm_n_perm=200,__perm_post_n=10,__perm_pre_n=500,__perm_rng_seed=0,__perm_side=two_sided,__perm_stat=vote_score,divergence=0.3,error_rate=0.5,teacher_entropy=0.2",3,0,200,0.0,0,10000,10.0,25.0,200,500,1,72,1.0,0.8550901300236406,0.6441760408487085,0.16666666666666666,0.2459753453731537,0.011347582563757896,0,0,84,83,-1,perm_test,0.004975124378109453,0.4298230984967449,83,83,0,0.0,0.16666666666666666,0,0.0,0.0,0.0,0.0,0,none,0,1,0,overconfident,0.95,0,mild_drift,0.9517568682270777,0.001385488596270025,0.7633044827369521,0.8497373716292996,1768237755.5551498,0.3056900203227997,0.10149740427732468
424,27136,27135,sea_nodrift,sea,ts_drift_adapt,1,"error_divergence_ph_meta@error.threshold=0.10,error.min_instances=5",error_divergence_ph_meta,"{""divergence"": {""alpha"": 0.1, ""delta"": 0.005, ""min_instances"": 30, ""threshold"": 0.05}, ""error_rate"": {""alpha"": 0.15, ""delta"": 0.005, ""min_instances"": 5, ""threshold"": 0.1}}","{""error_rate"": {""min_instances"": 5, ""threshold"": 0.1}}",0.1,0.005,0.15,5,0.05,0.005,0.1,30,,,,-1,two_stage,2,0.5,"__confirm_cooldown=200,__confirm_rule=perm_test,__perm_alpha=0.03,__perm_min_effect=0,__perm_n_perm=200,__perm_post_n=10,__perm_pre_n=500,__perm_rng_seed=0,__perm_side=two_sided,__perm_stat=vote_score,divergence=0.3,error_rate=0.5,teacher_entropy=0.2",3,0,200,0.0,0,10000,10.0,25.0,200,500,1,8,1.0,0.8552107900943396,0.6446620213706157,0.3333333333333333,0.251575767993927,0.017010992392897606,0,0,84,83,-1,perm_test,0.004975124378109453,0.4298230984967449,83,83,0,0.0,0.16666666666666666,0,0.0,0.0,0.0,0.0,0,none,0,1,0,overconfident,0.95,0,mild_drift,0.9560284341135388,0.0013427442981350127,0.7816522413684761,0.8523686858146498,1768237755.5647845,0.41412296891212463,0.1113443449139595
425,27200,27199,sea_nodrift,sea,ts_drift_adapt,1,"error_divergence_ph_meta@error.threshold=0.10,error.min_instances=5",error_divergence_ph_meta,"{""divergence"": {""alpha"": 0.1, ""delta"": 0.005, ""min_instances"": 30, ""threshold"": 0.05}, ""error_rate"": {""alpha"": 0.15, ""delta"": 0.005, ""min_instances"": 5, ""threshold"": 0.1}}","{""error_rate"": {""min_instances"": 5, ""threshold"": 0.1}}",0.1,0.005,0.15,5,0.05,0.005,0.1,30,,,,-1,two_stage,2,0.5,"__confirm_cooldown=200,__confirm_rule=perm_test,__perm_alpha=0.03,__perm_min_effect=0,__perm_n_perm=200,__perm_post_n=10,__perm_pre_n=500,__perm_rng_seed=0,__perm_side=two_sided,__perm_stat=vote_score,divergence=0.3,error_rate=0.5,teacher_entropy=0.2",3,0,200,0.0,0,10000,10.0,25.0,200,500,0,0,1.0,0.8554044117647058,0.6453253381191592,0.16666666666666666,0.2518441379070282,0.039863623678684235,0,0,84,83,-1,perm_test,0.004975124378109453,0.4298230984967449,83,83,0,0.0,0.16666666666666666,0,0.0,0.0,0.0,0.0,0,none,0,1,0,overconfident,0.95,0,mild_drift,0.9581642170567694,0.0013213721490675065,0.7908261206842381,0.8536843429073249,1768237755.5744965,0.253570556640625,0.2946053147315979
426,27264,27263,sea_nodrift,sea,ts_drift_adapt,1,"error_divergence_ph_meta@error.threshold=0.10,error.min_instances=5",error_divergence_ph_meta,"{""divergence"": {""alpha"": 0.1, ""delta"": 0.005, ""min_instances"": 30, ""threshold"": 0.05}, ""error_rate"": {""alpha"": 0.15, ""delta"": 0.005, ""min_instances"": 5, ""threshold"": 0.1}}","{""error_rate"": {""min_instances"": 5, ""threshold"": 0.1}}",0.1,0.005,0.15,5,0.05,0.005,0.1,30,,,,-1,two_stage,2,0.5,"__confirm_cooldown=200,__confirm_rule=perm_test,__perm_alpha=0.03,__perm_min_effect=0,__perm_n_perm=200,__perm_post_n=10,__perm_pre_n=500,__perm_rng_seed=0,__perm_side=two_sided,__perm_stat=vote_score,divergence=0.3,error_rate=0.5,teacher_entropy=0.2",3,0,200,0.0,0,10000,10.0,25.0,200,500,0,0,1.0,0.8556338028169014,0.6460498410921636,0.0,0.22562505304813385,0.023922741413116455,1,1,85,84,0,perm_test,0.004975124378109453,0.4137976110925553,84,84,0,0.5,0.16666666666666666,1,0.5,0.0,0.0,0.0,0,none,1,1,0,overconfident,0.95,0,severe_drift,0.9245821085283847,0.0016606860745337533,0.6454130603421191,0.8318421714536625,1768237755.5908802,0.2361113280057907,0.19097298383712769
427,27328,27327,sea_nodrift,sea,ts_drift_adapt,1,"error_divergence_ph_meta@error.threshold=0.10,error.min_instances=5",error_divergence_ph_meta,"{""divergence"": {""alpha"": 0.1, ""delta"": 0.005, ""min_instances"": 30, ""threshold"": 0.05}, ""error_rate"": {""alpha"": 0.15, ""delta"": 0.005, ""min_instances"": 5, ""threshold"": 0.1}}","{""error_rate"": {""min_instances"": 5, ""threshold"": 0.1}}",0.1,0.005,0.15,5,0.05,0.005,0.1,30,,,,-1,two_stage,2,0.5,"__confirm_cooldown=200,__confirm_rule=perm_test,__perm_alpha=0.03,__perm_min_effect=0,__perm_n_perm=200,__perm_post_n=10,__perm_pre_n=500,__perm_rng_seed=0,__perm_side=two_sided,__perm_stat=vote_score,divergence=0.3,error_rate=0.5,teacher_entropy=0.2",3,0,200,0.0,0,10000,10.0,25.0,200,500,1,136,1.0,0.8558255269320844,0.6464993164979934,0.0,0.1621372401714325,0.018018880859017372,0,0,85,84,-1,perm_test,0.004975124378109453,0.4137976110925553,84,84,0,0.0,0.005903860554099083,0,0.0,0.0,0.0,0.0,0,none,0,1,0,overconfident,0.95,0,mild_drift,0.9424410542641923,0.0014803430372668767,0.7227065301710596,0.8434210857268312,1768237755.6004767,0.2735435664653778,0.18013527989387512
428,27392,27391,sea_nodrift,sea,ts_drift_adapt,1,"error_divergence_ph_meta@error.threshold=0.10,error.min_instances=5",error_divergence_ph_meta,"{""divergence"": {""alpha"": 0.1, ""delta"": 0.005, ""min_instances"": 30, ""threshold"": 0.05}, ""error_rate"": {""alpha"": 0.15, ""delta"": 0.005, ""min_instances"": 5, ""threshold"": 0.1}}","{""error_rate"": {""min_instances"": 5, ""threshold"": 0.1}}",0.1,0.005,0.15,5,0.05,0.005,0.1,30,,,,-1,two_stage,2,0.5,"__confirm_cooldown=200,__confirm_rule=perm_test,__perm_alpha=0.03,__perm_min_effect=0,__perm_n_perm=200,__perm_post_n=10,__perm_pre_n=500,__perm_rng_seed=0,__perm_side=two_sided,__perm_stat=vote_score,divergence=0.3,error_rate=0.5,teacher_entropy=0.2",3,0,200,0.0,0,10000,10.0,25.0,200,500,1,72,1.0,0.8560163551401869,0.6470926304700259,0.0,0.20595136284828186,0.02423694357275963,0,0,85,84,-1,perm_test,0.004975124378109453,0.4137976110925553,84,84,0,0.0,0.006218062713742256,0,0.0,0.0,0.0,0.0,0,none,0,1,0,overconfident,0.95,0,mild_drift,0.9513705271320961,0.0013901715186334384,0.7613532650855298,0.8492105428634156,1768237755.6099317,0.019594216719269753,0.1984332948923111
429,27456,27455,sea_nodrift,sea,ts_drift_adapt,1,"error_divergence_ph_meta@error.threshold=0.10,error.min_instances=5",error_divergence_ph_meta,"{""divergence"": {""alpha"": 0.1, ""delta"": 0.005, ""min_instances"": 30, ""threshold"": 0.05}, ""error_rate"": {""alpha"": 0.15, ""delta"": 0.005, ""min_instances"": 5, ""threshold"": 0.1}}","{""error_rate"": {""min_instances"": 5, ""threshold"": 0.1}}",0.1,0.005,0.15,5,0.05,0.005,0.1,30,,,,-1,two_stage,2,0.5,"__confirm_cooldown=200,__confirm_rule=perm_test,__perm_alpha=0.03,__perm_min_effect=0,__perm_n_perm=200,__perm_post_n=10,__perm_pre_n=500,__perm_rng_seed=0,__perm_side=two_sided,__perm_stat=vote_score,divergence=0.3,error_rate=0.5,teacher_entropy=0.2",3,0,200,0.0,0,10000,10.0,25.0,200,500,1,8,1.0,0.8562062937062938,0.6477057052641272,0.3333333333333333,0.21217861771583557,0.010953299701213837,0,0,85,84,-1,perm_test,0.004975124378109453,0.4137976110925553,84,84,0,0.0,0.3333333333333333,0,0.0,0.0,0.0,0.0,0,none,0,1,0,overconfident,0.95,0,mild_drift,0.9558352635660481,0.0013450857593167193,0.780676632542765,0.8521052714317078,1768237755.6195407,0.5493079423904419,0.12653222680091858
430,27520,27519,sea_nodrift,sea,ts_drift_adapt,1,"error_divergence_ph_meta@error.threshold=0.10,error.min_instances=5",error_divergence_ph_meta,"{""divergence"": {""alpha"": 0.1, ""delta"": 0.005, ""min_instances"": 30, ""threshold"": 0.05}, ""error_rate"": {""alpha"": 0.15, ""delta"": 0.005, ""min_instances"": 5, ""threshold"": 0.1}}","{""error_rate"": {""min_instances"": 5, ""threshold"": 0.1}}",0.1,0.005,0.15,5,0.05,0.005,0.1,30,,,,-1,two_stage,2,0.5,"__confirm_cooldown=200,__confirm_rule=perm_test,__perm_alpha=0.03,__perm_min_effect=0,__perm_n_perm=200,__perm_post_n=10,__perm_pre_n=500,__perm_rng_seed=0,__perm_side=two_sided,__perm_stat=vote_score,divergence=0.3,error_rate=0.5,teacher_entropy=0.2",3,0,200,0.0,0,10000,10.0,25.0,200,500,0,0,1.0,0.856359011627907,0.6482733357280429,0.0,0.28564000129699707,0.016531039029359818,0,0,85,84,-1,perm_test,0.004975124378109453,0.4137976110925553,84,84,0,0.0,0.3333333333333333,0,0.0,0.0,0.0,0.0,0,none,0,1,0,overconfident,0.95,0,mild_drift,0.958067631783024,0.0013225428796583597,0.7903383162713825,0.8535526357158538,1768237755.6291096,0.06015781685709953,0.14521749317646027
431,27584,27583,sea_nodrift,sea,ts_drift_adapt,1,"error_divergence_ph_meta@error.threshold=0.10,error.min_instances=5",error_divergence_ph_meta,"{""divergence"": {""alpha"": 0.1, ""delta"": 0.005, ""min_instances"": 30, ""threshold"": 0.05}, ""error_rate"": {""alpha"": 0.15, ""delta"": 0.005, ""min_instances"": 5, ""threshold"": 0.1}}","{""error_rate"": {""min_instances"": 5, ""threshold"": 0.1}}",0.1,0.005,0.15,5,0.05,0.005,0.1,30,,,,-1,two_stage,2,0.5,"__confirm_cooldown=200,__confirm_rule=perm_test,__perm_alpha=0.03,__perm_min_effect=0,__perm_n_perm=200,__perm_post_n=10,__perm_pre_n=500,__perm_rng_seed=0,__perm_side=two_sided,__perm_stat=vote_score,divergence=0.3,error_rate=0.5,teacher_entropy=0.2",3,0,200,0.0,0,10000,10.0,25.0,200,500,0,0,1.0,0.8565110208816705,0.6486797156524502,0.16666666666666666,0.24954786896705627,0.016325118020176888,1,1,86,85,0,perm_test,0.004975124378109453,0.4010097883907303,85,85,0,0.16666666666666666,0.16666666666666666,1,0.5,0.0,0.0,0.0,0,none,1,1,0,overconfident,0.95,0,severe_drift,0.924533815891512,0.0016612714398291798,0.6451691581356913,0.8317763178579269,1768237755.645355,0.150172621011734,0.15576277673244476
432,27648,27647,sea_nodrift,sea,ts_drift_adapt,1,"error_divergence_ph_meta@error.threshold=0.10,error.min_instances=5",error_divergence_ph_meta,"{""divergence"": {""alpha"": 0.1, ""delta"": 0.005, ""min_instances"": 30, ""threshold"": 0.05}, ""error_rate"": {""alpha"": 0.15, ""delta"": 0.005, ""min_instances"": 5, ""threshold"": 0.1}}","{""error_rate"": {""min_instances"": 5, ""threshold"": 0.1}}",0.1,0.005,0.15,5,0.05,0.005,0.1,30,,,,-1,two_stage,2,0.5,"__confirm_cooldown=200,__confirm_rule=perm_test,__perm_alpha=0.03,__perm_min_effect=0,__perm_n_perm=200,__perm_post_n=10,__perm_pre_n=500,__perm_rng_seed=0,__perm_side=two_sided,__perm_stat=vote_score,divergence=0.3,error_rate=0.5,teacher_entropy=0.2",3,0,200,0.0,0,10000,10.0,25.0,200,500,1,136,1.0,0.8567346643518519,0.649207401640348,0.0,0.20532195270061493,0.009571466594934464,0,0,86,85,-1,perm_test,0.004975124378109453,0.4010097883907303,85,85,0,0.0,0.16666666666666666,0,0.0,0.0,0.0,0.0,0,none,0,1,0,overconfident,0.95,0,mild_drift,0.9424169079457559,0.0014806357199145899,0.7225845790678457,0.8433881589289635,1768237755.655087,0.12410850077867508,0.1013793796300888
433,27712,27711,sea_nodrift,sea,ts_drift_adapt,1,"error_divergence_ph_meta@error.threshold=0.10,error.min_instances=5",error_divergence_ph_meta,"{""divergence"": {""alpha"": 0.1, ""delta"": 0.005, ""min_instances"": 30, ""threshold"": 0.05}, ""error_rate"": {""alpha"": 0.15, ""delta"": 0.005, ""min_instances"": 5, ""threshold"": 0.1}}","{""error_rate"": {""min_instances"": 5, ""threshold"": 0.1}}",0.1,0.005,0.15,5,0.05,0.005,0.1,30,,,,-1,two_stage,2,0.5,"__confirm_cooldown=200,__confirm_rule=perm_test,__perm_alpha=0.03,__perm_min_effect=0,__perm_n_perm=200,__perm_post_n=10,__perm_pre_n=500,__perm_rng_seed=0,__perm_side=two_sided,__perm_stat=vote_score,divergence=0.3,error_rate=0.5,teacher_entropy=0.2",3,0,200,0.0,0,10000,10.0,25.0,200,500,1,72,1.0,0.8567768475750578,0.6494220944681233,0.3333333333333333,0.24323894083499908,0.026076646521687508,0,0,86,85,-1,perm_test,0.004975124378109453,0.4010097883907303,85,85,0,0.0,0.3333333333333333,0,0.0,0.0,0.0,0.0,0,none,0,1,0,overconfident,0.95,0,mild_drift,0.9513584539728779,0.001390317859957295,0.7612922895339229,0.8491940794644817,1768237755.664675,0.5246419310569763,0.21785348653793335
434,27776,27775,sea_nodrift,sea,ts_drift_adapt,1,"error_divergence_ph_meta@error.threshold=0.10,error.min_instances=5",error_divergence_ph_meta,"{""divergence"": {""alpha"": 0.1, ""delta"": 0.005, ""min_instances"": 30, ""threshold"": 0.05}, ""error_rate"": {""alpha"": 0.15, ""delta"": 0.005, ""min_instances"": 5, ""threshold"": 0.1}}","{""error_rate"": {""min_instances"": 5, ""threshold"": 0.1}}",0.1,0.005,0.15,5,0.05,0.005,0.1,30,,,,-1,two_stage,2,0.5,"__confirm_cooldown=200,__confirm_rule=perm_test,__perm_alpha=0.03,__perm_min_effect=0,__perm_n_perm=200,__perm_post_n=10,__perm_pre_n=500,__perm_rng_seed=0,__perm_side=two_sided,__perm_stat=vote_score,divergence=0.3,error_rate=0.5,teacher_entropy=0.2",3,0,200,0.0,0,10000,10.0,25.0,200,500,1,8,1.0,0.8568188364055299,0.6496088947255217,0.16666666666666666,0.23650144040584564,0.023409709334373474,0,0,86,85,-1,perm_test,0.004975124378109453,0.4010097883907303,85,85,0,0.0,0.16666666666666666,0,0.0,0.0,0.0,0.0,0,none,0,1,0,overconfident,0.95,0,mild_drift,0.9558292269864389,0.0013451589299786474,0.7806461447669615,0.8520970397322408,1768237755.674308,0.25043079257011414,0.23737947642803192
435,27840,27839,sea_nodrift,sea,ts_drift_adapt,1,"error_divergence_ph_meta@error.threshold=0.10,error.min_instances=5",error_divergence_ph_meta,"{""divergence"": {""alpha"": 0.1, ""delta"": 0.005, ""min_instances"": 30, ""threshold"": 0.05}, ""error_rate"": {""alpha"": 0.15, ""delta"": 0.005, ""min_instances"": 5, ""threshold"": 0.1}}","{""error_rate"": {""min_instances"": 5, ""threshold"": 0.1}}",0.1,0.005,0.15,5,0.05,0.005,0.1,30,,,,-1,two_stage,2,0.5,"__confirm_cooldown=200,__confirm_rule=perm_test,__perm_alpha=0.03,__perm_min_effect=0,__perm_n_perm=200,__perm_post_n=10,__perm_pre_n=500,__perm_rng_seed=0,__perm_side=two_sided,__perm_stat=vote_score,divergence=0.3,error_rate=0.5,teacher_entropy=0.2",3,0,200,0.0,0,10000,10.0,25.0,200,500,0,0,1.0,0.8571120689655173,0.6502981241306083,0.0,0.21380476653575897,0.0192888006567955,0,0,86,85,-1,perm_test,0.004975124378109453,0.4010097883907303,85,85,0,0.0,0.16666666666666666,0,0.0,0.0,0.0,0.0,0,none,0,1,0,overconfident,0.95,0,mild_drift,0.9580646134932194,0.001322579464989324,0.7903230723834808,0.8535485198661203,1768237755.6841178,0.07374735921621323,0.17050065100193024
436,27904,27903,sea_nodrift,sea,ts_drift_adapt,1,"error_divergence_ph_meta@error.threshold=0.10,error.min_instances=5",error_divergence_ph_meta,"{""divergence"": {""alpha"": 0.1, ""delta"": 0.005, ""min_instances"": 30, ""threshold"": 0.05}, ""error_rate"": {""alpha"": 0.15, ""delta"": 0.005, ""min_instances"": 5, ""threshold"": 0.1}}","{""error_rate"": {""min_instances"": 5, ""threshold"": 0.1}}",0.1,0.005,0.15,5,0.05,0.005,0.1,30,,,,-1,two_stage,2,0.5,"__confirm_cooldown=200,__confirm_rule=perm_test,__perm_alpha=0.03,__perm_min_effect=0,__perm_n_perm=200,__perm_post_n=10,__perm_pre_n=500,__perm_rng_seed=0,__perm_side=two_sided,__perm_stat=vote_score,divergence=0.3,error_rate=0.5,teacher_entropy=0.2",3,0,200,0.0,0,10000,10.0,25.0,200,500,0,0,1.0,0.8573322821100917,0.6510025503753355,0.0,0.21788989007472992,0.013592738658189774,1,1,87,86,0,perm_test,0.004975124378109453,0.4049097930154725,86,86,0,0.16666666666666666,0.005696061998605728,1,0.5,0.0,0.0,0.0,0,none,1,1,0,overconfident,0.95,0,severe_drift,0.9245323067466097,0.001661289732494662,0.6451615361917404,0.8317742599330602,1768237755.7005842,0.0772302970290184,0.12243541330099106
437,27968,27967,sea_nodrift,sea,ts_drift_adapt,1,"error_divergence_ph_meta@error.threshold=0.10,error.min_instances=5",error_divergence_ph_meta,"{""divergence"": {""alpha"": 0.1, ""delta"": 0.005, ""min_instances"": 30, ""threshold"": 0.05}, ""error_rate"": {""alpha"": 0.15, ""delta"": 0.005, ""min_instances"": 5, ""threshold"": 0.1}}","{""error_rate"": {""min_instances"": 5, ""threshold"": 0.1}}",0.1,0.005,0.15,5,0.05,0.005,0.1,30,,,,-1,two_stage,2,0.5,"__confirm_cooldown=200,__confirm_rule=perm_test,__perm_alpha=0.03,__perm_min_effect=0,__perm_n_perm=200,__perm_post_n=10,__perm_pre_n=500,__perm_rng_seed=0,__perm_side=two_sided,__perm_stat=vote_score,divergence=0.3,error_rate=0.5,teacher_entropy=0.2",3,0,200,0.0,0,10000,10.0,25.0,200,500,1,136,1.0,0.8575157322654462,0.651354920063734,0.0,0.2431143820285797,0.018005844205617905,0,0,87,86,-1,perm_test,0.004975124378109453,0.4049097930154725,86,86,0,0.0,0.004413105547428131,0,0.0,0.0,0.0,0.0,0,none,0,1,0,overconfident,0.95,0,mild_drift,0.9424161533733049,0.001480644866247331,0.7225807680958702,0.8433871299665301,1768237755.7102437,0.12555243074893951,0.15760251879692078
438,28032,28031,sea_nodrift,sea,ts_drift_adapt,1,"error_divergence_ph_meta@error.threshold=0.10,error.min_instances=5",error_divergence_ph_meta,"{""divergence"": {""alpha"": 0.1, ""delta"": 0.005, ""min_instances"": 30, ""threshold"": 0.05}, ""error_rate"": {""alpha"": 0.15, ""delta"": 0.005, ""min_instances"": 5, ""threshold"": 0.1}}","{""error_rate"": {""min_instances"": 5, ""threshold"": 0.1}}",0.1,0.005,0.15,5,0.05,0.005,0.1,30,,,,-1,two_stage,2,0.5,"__confirm_cooldown=200,__confirm_rule=perm_test,__perm_alpha=0.03,__perm_min_effect=0,__perm_n_perm=200,__perm_post_n=10,__perm_pre_n=500,__perm_rng_seed=0,__perm_side=two_sided,__perm_stat=vote_score,divergence=0.3,error_rate=0.5,teacher_entropy=0.2",3,0,200,0.0,0,10000,10.0,25.0,200,500,1,72,1.0,0.8576983447488584,0.6518414636837683,0.0,0.20722712576389313,0.01528274267911911,0,0,87,86,-1,perm_test,0.004975124378109453,0.4049097930154725,86,86,0,0.0,0.0027231015264987946,0,0.0,0.0,0.0,0.0,0,none,0,1,0,overconfident,0.95,0,mild_drift,0.9513580766866524,0.0013903224331236657,0.7612903840479351,0.849193564983265,1768237755.719831,0.09749161452054977,0.13700196146965027
439,28096,28095,sea_nodrift,sea,ts_drift_adapt,1,"error_divergence_ph_meta@error.threshold=0.10,error.min_instances=5",error_divergence_ph_meta,"{""divergence"": {""alpha"": 0.1, ""delta"": 0.005, ""min_instances"": 30, ""threshold"": 0.05}, ""error_rate"": {""alpha"": 0.15, ""delta"": 0.005, ""min_instances"": 5, ""threshold"": 0.1}}","{""error_rate"": {""min_instances"": 5, ""threshold"": 0.1}}",0.1,0.005,0.15,5,0.05,0.005,0.1,30,,,,-1,two_stage,2,0.5,"__confirm_cooldown=200,__confirm_rule=perm_test,__perm_alpha=0.03,__perm_min_effect=0,__perm_n_perm=200,__perm_post_n=10,__perm_pre_n=500,__perm_rng_seed=0,__perm_side=two_sided,__perm_stat=vote_score,divergence=0.3,error_rate=0.5,teacher_entropy=0.2",3,0,200,0.0,0,10000,10.0,25.0,200,500,1,8,1.0,0.8577733485193622,0.6520755463489658,0.16666666666666666,0.22016365826129913,0.02205190807580948,0,0,87,86,-1,perm_test,0.004975124378109453,0.4049097930154725,86,86,0,0.0,0.16666666666666666,0,0.0,0.0,0.0,0.0,0,none,0,1,0,overconfident,0.95,0,mild_drift,0.9558290383433261,0.0013451612165618328,0.7806451920239676,0.8520967824916326,1768237755.72943,0.32624268531799316,0.1673891842365265
440,28160,28159,sea_nodrift,sea,ts_drift_adapt,1,"error_divergence_ph_meta@error.threshold=0.10,error.min_instances=5",error_divergence_ph_meta,"{""divergence"": {""alpha"": 0.1, ""delta"": 0.005, ""min_instances"": 30, ""threshold"": 0.05}, ""error_rate"": {""alpha"": 0.15, ""delta"": 0.005, ""min_instances"": 5, ""threshold"": 0.1}}","{""error_rate"": {""min_instances"": 5, ""threshold"": 0.1}}",0.1,0.005,0.15,5,0.05,0.005,0.1,30,,,,-1,two_stage,2,0.5,"__confirm_cooldown=200,__confirm_rule=perm_test,__perm_alpha=0.03,__perm_min_effect=0,__perm_n_perm=200,__perm_post_n=10,__perm_pre_n=500,__perm_rng_seed=0,__perm_side=two_sided,__perm_stat=vote_score,divergence=0.3,error_rate=0.5,teacher_entropy=0.2",3,0,200,0.0,0,10000,10.0,25.0,200,500,0,0,1.0,0.8579900568181819,0.6527601683611731,0.16666666666666666,0.24407337605953217,0.015498429536819458,0,0,87,86,-1,perm_test,0.004975124378109453,0.4049097930154725,86,86,0,0.0,0.006553478538990021,0,0.0,0.0,0.0,0.0,0,none,0,1,0,overconfident,0.95,0,mild_drift,0.958064519171663,0.0013225806082809164,0.7903225960119838,0.8535483912458163,1768237755.739166,0.45036306977272034,0.13658571243286133
441,28224,28223,sea_nodrift,sea,ts_drift_adapt,1,"error_divergence_ph_meta@error.threshold=0.10,error.min_instances=5",error_divergence_ph_meta,"{""divergence"": {""alpha"": 0.1, ""delta"": 0.005, ""min_instances"": 30, ""threshold"": 0.05}, ""error_rate"": {""alpha"": 0.15, ""delta"": 0.005, ""min_instances"": 5, ""threshold"": 0.1}}","{""error_rate"": {""min_instances"": 5, ""threshold"": 0.1}}",0.1,0.005,0.15,5,0.05,0.005,0.1,30,,,,-1,two_stage,2,0.5,"__confirm_cooldown=200,__confirm_rule=perm_test,__perm_alpha=0.03,__perm_min_effect=0,__perm_n_perm=200,__perm_post_n=10,__perm_pre_n=500,__perm_rng_seed=0,__perm_side=two_sided,__perm_stat=vote_score,divergence=0.3,error_rate=0.5,teacher_entropy=0.2",3,0,200,0.0,0,10000,10.0,25.0,200,500,0,0,1.0,0.8581349206349206,0.6531939820549194,0.0,0.2232368141412735,0.014157361350953579,1,1,88,87,0,perm_test,0.004975124378109453,0.4120156356023182,87,87,0,0.0,0.16666666666666666,1,0.5,0.0,0.0,0.0,0,none,1,1,0,overconfident,0.95,0,stable,0.9740322595858315,0.0010612903041404582,0.895161298005992,0.8992741956229082,1768237755.755442,0.13892190158367157,0.10918521881103516
442,28288,28287,sea_nodrift,sea,ts_drift_adapt,1,"error_divergence_ph_meta@error.threshold=0.10,error.min_instances=5",error_divergence_ph_meta,"{""divergence"": {""alpha"": 0.1, ""delta"": 0.005, ""min_instances"": 30, ""threshold"": 0.05}, ""error_rate"": {""alpha"": 0.15, ""delta"": 0.005, ""min_instances"": 5, ""threshold"": 0.1}}","{""error_rate"": {""min_instances"": 5, ""threshold"": 0.1}}",0.1,0.005,0.15,5,0.05,0.005,0.1,30,,,,-1,two_stage,2,0.5,"__confirm_cooldown=200,__confirm_rule=perm_test,__perm_alpha=0.03,__perm_min_effect=0,__perm_n_perm=200,__perm_post_n=10,__perm_pre_n=500,__perm_rng_seed=0,__perm_side=two_sided,__perm_stat=vote_score,divergence=0.3,error_rate=0.5,teacher_entropy=0.2",3,0,200,0.0,0,10000,10.0,25.0,200,500,1,136,1.0,0.8583498303167421,0.653849995545705,0.16666666666666666,0.22295741736888885,0.009441724047064781,0,0,88,87,-1,perm_test,0.004975124378109453,0.4120156356023182,87,87,0,0.0,0.16666666666666666,0,0.0,0.0,0.0,0.0,0,none,0,1,0,overconfident,0.95,0,mild_drift,0.9671661297929157,0.0011806451520702292,0.847580649002996,0.8771370978114541,1768237755.765085,0.4862605035305023,0.07471346855163574
443,28352,28351,sea_nodrift,sea,ts_drift_adapt,1,"error_divergence_ph_meta@error.threshold=0.10,error.min_instances=5",error_divergence_ph_meta,"{""divergence"": {""alpha"": 0.1, ""delta"": 0.005, ""min_instances"": 30, ""threshold"": 0.05}, ""error_rate"": {""alpha"": 0.15, ""delta"": 0.005, ""min_instances"": 5, ""threshold"": 0.1}}","{""error_rate"": {""min_instances"": 5, ""threshold"": 0.1}}",0.1,0.005,0.15,5,0.05,0.005,0.1,30,,,,-1,two_stage,2,0.5,"__confirm_cooldown=200,__confirm_rule=perm_test,__perm_alpha=0.03,__perm_min_effect=0,__perm_n_perm=200,__perm_post_n=10,__perm_pre_n=500,__perm_rng_seed=0,__perm_side=two_sided,__perm_stat=vote_score,divergence=0.3,error_rate=0.5,teacher_entropy=0.2",3,0,200,0.0,0,10000,10.0,25.0,200,500,1,72,1.0,0.8584226862302483,0.6540115132321093,0.16666666666666666,0.19343255460262299,0.010019090957939625,0,0,88,87,-1,perm_test,0.004975124378109453,0.4120156356023182,87,87,0,0.0,0.0005773669108748436,0,0.0,0.0,0.0,0.0,0,none,0,1,0,overconfident,0.95,0,mild_drift,0.9637330648964578,0.0012403225760351147,0.823790324501498,0.866068548905727,1768237755.7745733,0.3423183262348175,0.10701732337474823
444,28416,28415,sea_nodrift,sea,ts_drift_adapt,1,"error_divergence_ph_meta@error.threshold=0.10,error.min_instances=5",error_divergence_ph_meta,"{""divergence"": {""alpha"": 0.1, ""delta"": 0.005, ""min_instances"": 30, ""threshold"": 0.05}, ""error_rate"": {""alpha"": 0.15, ""delta"": 0.005, ""min_instances"": 5, ""threshold"": 0.1}}","{""error_rate"": {""min_instances"": 5, ""threshold"": 0.1}}",0.1,0.005,0.15,5,0.05,0.005,0.1,30,,,,-1,two_stage,2,0.5,"__confirm_cooldown=200,__confirm_rule=perm_test,__perm_alpha=0.03,__perm_min_effect=0,__perm_n_perm=200,__perm_post_n=10,__perm_pre_n=500,__perm_rng_seed=0,__perm_side=two_sided,__perm_stat=vote_score,divergence=0.3,error_rate=0.5,teacher_entropy=0.2",3,0,200,0.0,0,10000,10.0,25.0,200,500,1,8,1.0,0.8585655968468469,0.6543956041495175,0.16666666666666666,0.22148758172988892,0.01583869382739067,0,0,88,87,-1,perm_test,0.004975124378109453,0.4120156356023182,87,87,0,0.0,0.005819602869451046,0,0.0,0.0,0.0,0.0,0,none,0,1,0,overconfident,0.95,0,mild_drift,0.9620165324482288,0.0012701612880175574,0.8118951622507491,0.8605342744528635,1768237755.784174,0.14340940117835999,0.14209477603435516
445,28480,28479,sea_nodrift,sea,ts_drift_adapt,1,"error_divergence_ph_meta@error.threshold=0.10,error.min_instances=5",error_divergence_ph_meta,"{""divergence"": {""alpha"": 0.1, ""delta"": 0.005, ""min_instances"": 30, ""threshold"": 0.05}, ""error_rate"": {""alpha"": 0.15, ""delta"": 0.005, ""min_instances"": 5, ""threshold"": 0.1}}","{""error_rate"": {""min_instances"": 5, ""threshold"": 0.1}}",0.1,0.005,0.15,5,0.05,0.005,0.1,30,,,,-1,two_stage,2,0.5,"__confirm_cooldown=200,__confirm_rule=perm_test,__perm_alpha=0.03,__perm_min_effect=0,__perm_n_perm=200,__perm_post_n=10,__perm_pre_n=500,__perm_rng_seed=0,__perm_side=two_sided,__perm_stat=vote_score,divergence=0.3,error_rate=0.5,teacher_entropy=0.2",3,0,200,0.0,0,10000,10.0,25.0,200,500,0,0,1.0,0.8587429775280899,0.6548450133398629,0.0,0.22329005599021912,0.006528277415782213,0,0,88,87,-1,perm_test,0.004975124378109453,0.4120156356023182,87,87,0,0.0,0.16666666666666666,0,0.0,0.0,0.0,0.0,0,none,0,1,0,overconfident,0.95,0,mild_drift,0.9611582662241144,0.0012850806440087787,0.8059475811253746,0.8577671372264317,1768237755.793865,0.08825275301933289,0.06837950646877289
446,28544,28543,sea_nodrift,sea,ts_drift_adapt,1,"error_divergence_ph_meta@error.threshold=0.10,error.min_instances=5",error_divergence_ph_meta,"{""divergence"": {""alpha"": 0.1, ""delta"": 0.005, ""min_instances"": 30, ""threshold"": 0.05}, ""error_rate"": {""alpha"": 0.15, ""delta"": 0.005, ""min_instances"": 5, ""threshold"": 0.1}}","{""error_rate"": {""min_instances"": 5, ""threshold"": 0.1}}",0.1,0.005,0.15,5,0.05,0.005,0.1,30,,,,-1,two_stage,2,0.5,"__confirm_cooldown=200,__confirm_rule=perm_test,__perm_alpha=0.03,__perm_min_effect=0,__perm_n_perm=200,__perm_post_n=10,__perm_pre_n=500,__perm_rng_seed=0,__perm_side=two_sided,__perm_stat=vote_score,divergence=0.3,error_rate=0.5,teacher_entropy=0.2",3,0,200,0.0,0,10000,10.0,25.0,200,500,0,0,1.0,0.8588845291479821,0.6550392449485426,0.0,0.2448265254497528,0.009268490597605705,1,1,89,88,0,perm_test,0.004975124378109453,0.42524794580710423,88,88,0,0.0,0.002740213181823492,1,0.5,0.0,0.0,0.0,0,none,1,1,0,overconfident,0.95,0,stable,0.9755791331120571,0.0010425403220043893,0.9029737905626873,0.9013835686132159,1768237755.8101766,0.033694297075271606,0.08162106573581696
447,28608,28607,sea_nodrift,sea,ts_drift_adapt,1,"error_divergence_ph_meta@error.threshold=0.10,error.min_instances=5",error_divergence_ph_meta,"{""divergence"": {""alpha"": 0.1, ""delta"": 0.005, ""min_instances"": 30, ""threshold"": 0.05}, ""error_rate"": {""alpha"": 0.15, ""delta"": 0.005, ""min_instances"": 5, ""threshold"": 0.1}}","{""error_rate"": {""min_instances"": 5, ""threshold"": 0.1}}",0.1,0.005,0.15,5,0.05,0.005,0.1,30,,,,-1,two_stage,2,0.5,"__confirm_cooldown=200,__confirm_rule=perm_test,__perm_alpha=0.03,__perm_min_effect=0,__perm_n_perm=200,__perm_post_n=10,__perm_pre_n=500,__perm_rng_seed=0,__perm_side=two_sided,__perm_stat=vote_score,divergence=0.3,error_rate=0.5,teacher_entropy=0.2",3,0,200,0.0,0,10000,10.0,25.0,200,500,1,136,1.0,0.8590604026845637,0.6554345552701017,0.0,0.21628263592720032,0.012068354524672031,0,0,89,88,-1,perm_test,0.004975124378109453,0.42524794580710423,88,88,0,0.0,0.002799863927066326,0,0.0,0.0,0.0,0.0,0,none,0,1,0,overconfident,0.95,0,mild_drift,0.9679395665560285,0.0011712701610021947,0.8514868952813437,0.8781917843066079,1768237755.819868,0.02844366990029812,0.0876850038766861
448,28672,28671,sea_nodrift,sea,ts_drift_adapt,1,"error_divergence_ph_meta@error.threshold=0.10,error.min_instances=5",error_divergence_ph_meta,"{""divergence"": {""alpha"": 0.1, ""delta"": 0.005, ""min_instances"": 30, ""threshold"": 0.05}, ""error_rate"": {""alpha"": 0.15, ""delta"": 0.005, ""min_instances"": 5, ""threshold"": 0.1}}","{""error_rate"": {""min_instances"": 5, ""threshold"": 0.1}}",0.1,0.005,0.15,5,0.05,0.005,0.1,30,,,,-1,two_stage,2,0.5,"__confirm_cooldown=200,__confirm_rule=perm_test,__perm_alpha=0.03,__perm_min_effect=0,__perm_n_perm=200,__perm_post_n=10,__perm_pre_n=500,__perm_rng_seed=0,__perm_side=two_sided,__perm_stat=vote_score,divergence=0.3,error_rate=0.5,teacher_entropy=0.2",3,0,200,0.0,0,10000,10.0,25.0,200,500,1,72,1.0,0.859130859375,0.655544019840172,0.3333333333333333,0.25259068608283997,0.013529627583920956,0,0,89,88,-1,perm_test,0.004975124378109453,0.42524794580710423,88,88,0,0.0,0.3333333333333333,0,0.0,0.0,0.0,0.0,0,none,0,1,0,overconfident,0.95,0,mild_drift,0.9641197832780142,0.0012356350805010974,0.8257434476406719,0.8665958921533039,1768237755.8295307,0.612738311290741,0.12219390273094177
449,28736,28735,sea_nodrift,sea,ts_drift_adapt,1,"error_divergence_ph_meta@error.threshold=0.10,error.min_instances=5",error_divergence_ph_meta,"{""divergence"": {""alpha"": 0.1, ""delta"": 0.005, ""min_instances"": 30, ""threshold"": 0.05}, ""error_rate"": {""alpha"": 0.15, ""delta"": 0.005, ""min_instances"": 5, ""threshold"": 0.1}}","{""error_rate"": {""min_instances"": 5, ""threshold"": 0.1}}",0.1,0.005,0.15,5,0.05,0.005,0.1,30,,,,-1,two_stage,2,0.5,"__confirm_cooldown=200,__confirm_rule=perm_test,__perm_alpha=0.03,__perm_min_effect=0,__perm_n_perm=200,__perm_post_n=10,__perm_pre_n=500,__perm_rng_seed=0,__perm_side=two_sided,__perm_stat=vote_score,divergence=0.3,error_rate=0.5,teacher_entropy=0.2",3,0,200,0.0,0,10000,10.0,25.0,200,500,1,8,1.0,0.8592358017817372,0.6558966844101752,0.0,0.2127659171819687,0.01635115034878254,0,0,89,88,-1,perm_test,0.004975124378109453,0.42524794580710423,88,88,0,0.0,0.3333333333333333,0,0.0,0.0,0.0,0.0,0,none,0,1,0,overconfident,0.95,0,mild_drift,0.962209891639007,0.0012678175402505488,0.812871723820336,0.8607979460766519,1768237755.839185,0.018053904175758362,0.11369414627552032
450,28800,28799,sea_nodrift,sea,ts_drift_adapt,1,"error_divergence_ph_meta@error.threshold=0.10,error.min_instances=5",error_divergence_ph_meta,"{""divergence"": {""alpha"": 0.1, ""delta"": 0.005, ""min_instances"": 30, ""threshold"": 0.05}, ""error_rate"": {""alpha"": 0.15, ""delta"": 0.005, ""min_instances"": 5, ""threshold"": 0.1}}","{""error_rate"": {""min_instances"": 5, ""threshold"": 0.1}}",0.1,0.005,0.15,5,0.05,0.005,0.1,30,,,,-1,two_stage,2,0.5,"__confirm_cooldown=200,__confirm_rule=perm_test,__perm_alpha=0.03,__perm_min_effect=0,__perm_n_perm=200,__perm_post_n=10,__perm_pre_n=500,__perm_rng_seed=0,__perm_side=two_sided,__perm_stat=vote_score,divergence=0.3,error_rate=0.5,teacher_entropy=0.2",3,0,200,0.0,0,10000,10.0,25.0,200,500,0,0,1.0,0.8594097222222222,0.656384372188501,0.0,0.23170068860054016,0.02656221203505993,0,0,89,88,-1,perm_test,0.004975124378109453,0.42524794580710423,88,88,0,0.0,0.01021106168627739,0,0.0,0.0,0.0,0.0,0,none,0,1,0,overconfident,0.95,0,mild_drift,0.9612549458195034,0.0012839087701252746,0.806435861910168,0.857898973038326,1768237755.848836,0.044562339782714844,0.22666016221046448
451,28864,28863,sea_nodrift,sea,ts_drift_adapt,1,"error_divergence_ph_meta@error.threshold=0.10,error.min_instances=5",error_divergence_ph_meta,"{""divergence"": {""alpha"": 0.1, ""delta"": 0.005, ""min_instances"": 30, ""threshold"": 0.05}, ""error_rate"": {""alpha"": 0.15, ""delta"": 0.005, ""min_instances"": 5, ""threshold"": 0.1}}","{""error_rate"": {""min_instances"": 5, ""threshold"": 0.1}}",0.1,0.005,0.15,5,0.05,0.005,0.1,30,,,,-1,two_stage,2,0.5,"__confirm_cooldown=200,__confirm_rule=perm_test,__perm_alpha=0.03,__perm_min_effect=0,__perm_n_perm=200,__perm_post_n=10,__perm_pre_n=500,__perm_rng_seed=0,__perm_side=two_sided,__perm_stat=vote_score,divergence=0.3,error_rate=0.5,teacher_entropy=0.2",3,0,200,0.0,0,10000,10.0,25.0,200,500,0,0,1.0,0.8595482261640798,0.6567455377771426,0.0,0.21820901334285736,0.02477128989994526,1,1,90,89,0,perm_test,0.004975124378109453,0.42744179225380824,89,89,0,0.0,0.0017909221351146698,1,0.5,0.0,0.0,0.0,0,none,1,1,0,overconfident,0.95,0,stable,0.9756274729097517,0.0010419543850626373,0.9032179309550841,0.901449486519163,1768237755.865139,0.063771091401577,0.2502199709415436
452,28928,28927,sea_nodrift,sea,ts_drift_adapt,1,"error_divergence_ph_meta@error.threshold=0.10,error.min_instances=5",error_divergence_ph_meta,"{""divergence"": {""alpha"": 0.1, ""delta"": 0.005, ""min_instances"": 30, ""threshold"": 0.05}, ""error_rate"": {""alpha"": 0.15, ""delta"": 0.005, ""min_instances"": 5, ""threshold"": 0.1}}","{""error_rate"": {""min_instances"": 5, ""threshold"": 0.1}}",0.1,0.005,0.15,5,0.05,0.005,0.1,30,,,,-1,two_stage,2,0.5,"__confirm_cooldown=200,__confirm_rule=perm_test,__perm_alpha=0.03,__perm_min_effect=0,__perm_n_perm=200,__perm_post_n=10,__perm_pre_n=500,__perm_rng_seed=0,__perm_side=two_sided,__perm_stat=vote_score,divergence=0.3,error_rate=0.5,teacher_entropy=0.2",3,0,200,0.0,0,10000,10.0,25.0,200,500,1,136,1.0,0.8597898230088495,0.6574227924714583,0.0,0.2230091691017151,0.0213033314794302,0,0,90,89,-1,perm_test,0.004975124378109453,0.42744179225380824,89,89,0,0.0,0.0034679584205150604,0,0.0,0.0,0.0,0.0,0,none,0,1,0,overconfident,0.95,0,mild_drift,0.9679637364548759,0.0011709771925313187,0.8516089654775421,0.8782247432595816,1768237755.8747928,0.1658381074666977,0.19210311770439148
453,28992,28991,sea_nodrift,sea,ts_drift_adapt,1,"error_divergence_ph_meta@error.threshold=0.10,error.min_instances=5",error_divergence_ph_meta,"{""divergence"": {""alpha"": 0.1, ""delta"": 0.005, ""min_instances"": 30, ""threshold"": 0.05}, ""error_rate"": {""alpha"": 0.15, ""delta"": 0.005, ""min_instances"": 5, ""threshold"": 0.1}}","{""error_rate"": {""min_instances"": 5, ""threshold"": 0.1}}",0.1,0.005,0.15,5,0.05,0.005,0.1,30,,,,-1,two_stage,2,0.5,"__confirm_cooldown=200,__confirm_rule=perm_test,__perm_alpha=0.03,__perm_min_effect=0,__perm_n_perm=200,__perm_post_n=10,__perm_pre_n=500,__perm_rng_seed=0,__perm_side=two_sided,__perm_stat=vote_score,divergence=0.3,error_rate=0.5,teacher_entropy=0.2",3,0,200,0.0,0,10000,10.0,25.0,200,500,1,72,1.0,0.8600648454746137,0.6582448220959548,0.0,0.22243323922157288,0.017068887129426003,0,0,90,89,-1,perm_test,0.004975124378109453,0.42744179225380824,89,89,0,0.0,0.004234444350004196,0,0.0,0.0,0.0,0.0,0,none,0,1,0,overconfident,0.95,0,mild_drift,0.9641318682274379,0.0012354885962656595,0.825804482738771,0.8666123716297908,1768237755.8842094,0.08160227537155151,0.15445783734321594
454,29056,29055,sea_nodrift,sea,ts_drift_adapt,1,"error_divergence_ph_meta@error.threshold=0.10,error.min_instances=5",error_divergence_ph_meta,"{""divergence"": {""alpha"": 0.1, ""delta"": 0.005, ""min_instances"": 30, ""threshold"": 0.05}, ""error_rate"": {""alpha"": 0.15, ""delta"": 0.005, ""min_instances"": 5, ""threshold"": 0.1}}","{""error_rate"": {""min_instances"": 5, ""threshold"": 0.1}}",0.1,0.005,0.15,5,0.05,0.005,0.1,30,,,,-1,two_stage,2,0.5,"__confirm_cooldown=200,__confirm_rule=perm_test,__perm_alpha=0.03,__perm_min_effect=0,__perm_n_perm=200,__perm_post_n=10,__perm_pre_n=500,__perm_rng_seed=0,__perm_side=two_sided,__perm_stat=vote_score,divergence=0.3,error_rate=0.5,teacher_entropy=0.2",3,0,200,0.0,0,10000,10.0,25.0,200,500,1,8,1.0,0.8602009911894273,0.6586275790825493,0.16666666666666666,0.2105008363723755,0.01205105148255825,0,0,90,89,-1,perm_test,0.004975124378109453,0.42744179225380824,89,89,0,0.0,0.16666666666666666,0,0.0,0.0,0.0,0.0,0,none,0,1,0,overconfident,0.95,0,mild_drift,0.9622159341137189,0.00126774429813283,0.8129022413693856,0.8608061858148954,1768237755.893806,0.1681077480316162,0.10940058529376984
455,29120,29119,sea_nodrift,sea,ts_drift_adapt,1,"error_divergence_ph_meta@error.threshold=0.10,error.min_instances=5",error_divergence_ph_meta,"{""divergence"": {""alpha"": 0.1, ""delta"": 0.005, ""min_instances"": 30, ""threshold"": 0.05}, ""error_rate"": {""alpha"": 0.15, ""delta"": 0.005, ""min_instances"": 5, ""threshold"": 0.1}}","{""error_rate"": {""min_instances"": 5, ""threshold"": 0.1}}",0.1,0.005,0.15,5,0.05,0.005,0.1,30,,,,-1,two_stage,2,0.5,"__confirm_cooldown=200,__confirm_rule=perm_test,__perm_alpha=0.03,__perm_min_effect=0,__perm_n_perm=200,__perm_post_n=10,__perm_pre_n=500,__perm_rng_seed=0,__perm_side=two_sided,__perm_stat=vote_score,divergence=0.3,error_rate=0.5,teacher_entropy=0.2",3,0,200,0.0,0,10000,10.0,25.0,200,500,0,0,1.0,0.8604052197802198,0.6592253829485447,0.0,0.2418607771396637,0.018142128363251686,0,0,90,89,-1,perm_test,0.004975124378109453,0.42744179225380824,89,89,0,0.0,0.16666666666666666,0,0.0,0.0,0.0,0.0,0,none,0,1,0,overconfident,0.95,0,mild_drift,0.9612579670568594,0.0012838721490664152,0.8064511206846928,0.8579030929074477,1768237755.9034152,0.056093353778123856,0.1585923731327057
456,29184,29183,sea_nodrift,sea,ts_drift_adapt,1,"error_divergence_ph_meta@error.threshold=0.10,error.min_instances=5",error_divergence_ph_meta,"{""divergence"": {""alpha"": 0.1, ""delta"": 0.005, ""min_instances"": 30, ""threshold"": 0.05}, ""error_rate"": {""alpha"": 0.15, ""delta"": 0.005, ""min_instances"": 5, ""threshold"": 0.1}}","{""error_rate"": {""min_instances"": 5, ""threshold"": 0.1}}",0.1,0.005,0.15,5,0.05,0.005,0.1,30,,,,-1,two_stage,2,0.5,"__confirm_cooldown=200,__confirm_rule=perm_test,__perm_alpha=0.03,__perm_min_effect=0,__perm_n_perm=200,__perm_post_n=10,__perm_pre_n=500,__perm_rng_seed=0,__perm_side=two_sided,__perm_stat=vote_score,divergence=0.3,error_rate=0.5,teacher_entropy=0.2",3,0,200,0.0,0,10000,10.0,25.0,200,500,0,0,1.0,0.8605742872807017,0.6596074742146053,0.16666666666666666,0.236549973487854,0.014890267513692379,1,1,91,90,0,perm_test,0.004975124378109453,0.42005387486138135,90,90,0,0.16666666666666666,0.16666666666666666,1,0.5,0.0,0.0,0.0,0,none,1,1,0,overconfident,0.95,0,severe_drift,0.9261289835284297,0.0016419360745332076,0.6532255603423465,0.8339515464537239,1768237755.9196901,0.30665123462677,0.15573076903820038
457,29248,29247,sea_nodrift,sea,ts_drift_adapt,1,"error_divergence_ph_meta@error.threshold=0.10,error.min_instances=5",error_divergence_ph_meta,"{""divergence"": {""alpha"": 0.1, ""delta"": 0.005, ""min_instances"": 30, ""threshold"": 0.05}, ""error_rate"": {""alpha"": 0.15, ""delta"": 0.005, ""min_instances"": 5, ""threshold"": 0.1}}","{""error_rate"": {""min_instances"": 5, ""threshold"": 0.1}}",0.1,0.005,0.15,5,0.05,0.005,0.1,30,,,,-1,two_stage,2,0.5,"__confirm_cooldown=200,__confirm_rule=perm_test,__perm_alpha=0.03,__perm_min_effect=0,__perm_n_perm=200,__perm_post_n=10,__perm_pre_n=500,__perm_rng_seed=0,__perm_side=two_sided,__perm_stat=vote_score,divergence=0.3,error_rate=0.5,teacher_entropy=0.2",3,0,200,0.0,0,10000,10.0,25.0,200,500,1,136,1.0,0.8606400437636762,0.6598492997086637,0.0,0.2835433781147003,0.015252185985445976,0,0,91,90,-1,perm_test,0.004975124378109453,0.42005387486138135,90,90,0,0.0,0.16666666666666666,0,0.0,0.0,0.0,0.0,0,none,0,1,0,overconfident,0.95,0,mild_drift,0.9432144917642148,0.0014709680372666039,0.7266127801711733,0.844475773226862,1768237755.9293337,0.04476472735404968,0.15601319074630737
458,29312,29311,sea_nodrift,sea,ts_drift_adapt,1,"error_divergence_ph_meta@error.threshold=0.10,error.min_instances=5",error_divergence_ph_meta,"{""divergence"": {""alpha"": 0.1, ""delta"": 0.005, ""min_instances"": 30, ""threshold"": 0.05}, ""error_rate"": {""alpha"": 0.15, ""delta"": 0.005, ""min_instances"": 5, ""threshold"": 0.1}}","{""error_rate"": {""min_instances"": 5, ""threshold"": 0.1}}",0.1,0.005,0.15,5,0.05,0.005,0.1,30,,,,-1,two_stage,2,0.5,"__confirm_cooldown=200,__confirm_rule=perm_test,__perm_alpha=0.03,__perm_min_effect=0,__perm_n_perm=200,__perm_post_n=10,__perm_pre_n=500,__perm_rng_seed=0,__perm_side=two_sided,__perm_stat=vote_score,divergence=0.3,error_rate=0.5,teacher_entropy=0.2",3,0,200,0.0,0,10000,10.0,25.0,200,500,1,72,1.0,0.8607737445414847,0.6602564141160829,0.0,0.2644084692001343,0.01926470920443535,0,0,91,90,-1,perm_test,0.004975124378109453,0.42005387486138135,90,90,0,0.0,0.004012523218989372,0,0.0,0.0,0.0,0.0,0,none,0,1,0,overconfident,0.95,0,mild_drift,0.9517572458821073,0.0013854840186333021,0.7633063900855867,0.849737886613431,1768237755.9387758,0.05591738224029541,0.21365982294082642
459,29376,29375,sea_nodrift,sea,ts_drift_adapt,1,"error_divergence_ph_meta@error.threshold=0.10,error.min_instances=5",error_divergence_ph_meta,"{""divergence"": {""alpha"": 0.1, ""delta"": 0.005, ""min_instances"": 30, ""threshold"": 0.05}, ""error_rate"": {""alpha"": 0.15, ""delta"": 0.005, ""min_instances"": 5, ""threshold"": 0.1}}","{""error_rate"": {""min_instances"": 5, ""threshold"": 0.1}}",0.1,0.005,0.15,5,0.05,0.005,0.1,30,,,,-1,two_stage,2,0.5,"__confirm_cooldown=200,__confirm_rule=perm_test,__perm_alpha=0.03,__perm_min_effect=0,__perm_n_perm=200,__perm_post_n=10,__perm_pre_n=500,__perm_rng_seed=0,__perm_side=two_sided,__perm_stat=vote_score,divergence=0.3,error_rate=0.5,teacher_entropy=0.2",3,0,200,0.0,0,10000,10.0,25.0,200,500,1,8,1.0,0.8609068627450981,0.6605124378300824,0.16666666666666666,0.2258061170578003,0.011558844707906246,0,0,91,90,-1,perm_test,0.004975124378109453,0.42005387486138135,90,90,0,0.0,0.16666666666666666,0,0.0,0.0,0.0,0.0,0,none,0,1,0,overconfident,0.95,0,mild_drift,0.9560286229410536,0.0013427420093166513,0.7816531950427934,0.8523689433067154,1768237755.9484599,0.15759442746639252,0.09218619763851166
460,29440,29439,sea_nodrift,sea,ts_drift_adapt,1,"error_divergence_ph_meta@error.threshold=0.10,error.min_instances=5",error_divergence_ph_meta,"{""divergence"": {""alpha"": 0.1, ""delta"": 0.005, ""min_instances"": 30, ""threshold"": 0.05}, ""error_rate"": {""alpha"": 0.15, ""delta"": 0.005, ""min_instances"": 5, ""threshold"": 0.1}}","{""error_rate"": {""min_instances"": 5, ""threshold"": 0.1}}",0.1,0.005,0.15,5,0.05,0.005,0.1,30,,,,-1,two_stage,2,0.5,"__confirm_cooldown=200,__confirm_rule=perm_test,__perm_alpha=0.03,__perm_min_effect=0,__perm_n_perm=200,__perm_post_n=10,__perm_pre_n=500,__perm_rng_seed=0,__perm_side=two_sided,__perm_stat=vote_score,divergence=0.3,error_rate=0.5,teacher_entropy=0.2",3,0,200,0.0,0,10000,10.0,25.0,200,500,0,0,1.0,0.8610394021739131,0.6606947948679156,0.0,0.2463887482881546,0.011751093901693821,0,0,91,90,-1,perm_test,0.004975124378109453,0.42005387486138135,90,90,0,0.0,0.16666666666666666,0,0.0,0.0,0.0,0.0,0,none,0,1,0,overconfident,0.95,0,mild_drift,0.9581643114705267,0.0013213710046583258,0.7908265975213967,0.8536844716533577,1768237755.9581504,0.051365941762924194,0.1136527732014656
461,29504,29503,sea_nodrift,sea,ts_drift_adapt,1,"error_divergence_ph_meta@error.threshold=0.10,error.min_instances=5",error_divergence_ph_meta,"{""divergence"": {""alpha"": 0.1, ""delta"": 0.005, ""min_instances"": 30, ""threshold"": 0.05}, ""error_rate"": {""alpha"": 0.15, ""delta"": 0.005, ""min_instances"": 5, ""threshold"": 0.1}}","{""error_rate"": {""min_instances"": 5, ""threshold"": 0.1}}",0.1,0.005,0.15,5,0.05,0.005,0.1,30,,,,-1,two_stage,2,0.5,"__confirm_cooldown=200,__confirm_rule=perm_test,__perm_alpha=0.03,__perm_min_effect=0,__perm_n_perm=200,__perm_post_n=10,__perm_pre_n=500,__perm_rng_seed=0,__perm_side=two_sided,__perm_stat=vote_score,divergence=0.3,error_rate=0.5,teacher_entropy=0.2",3,0,200,0.0,0,10000,10.0,25.0,200,500,0,0,1.0,0.8612391540130152,0.6613278968016162,0.0,0.19456812739372253,0.005810580216348171,1,1,92,91,0,perm_test,0.004975124378109453,0.41798592243745025,91,91,0,0.16666666666666666,0.00594051368534565,1,0.5,0.0,0.0,0.0,0,none,1,1,0,overconfident,0.95,0,severe_drift,0.9245821557352634,0.001660685502329163,0.6454132987606984,0.8318422358266788,1768237755.9745693,0.10297796130180359,0.0548984557390213
462,29568,29567,sea_nodrift,sea,ts_drift_adapt,1,"error_divergence_ph_meta@error.threshold=0.10,error.min_instances=5",error_divergence_ph_meta,"{""divergence"": {""alpha"": 0.1, ""delta"": 0.005, ""min_instances"": 30, ""threshold"": 0.05}, ""error_rate"": {""alpha"": 0.15, ""delta"": 0.005, ""min_instances"": 5, ""threshold"": 0.1}}","{""error_rate"": {""min_instances"": 5, ""threshold"": 0.1}}",0.1,0.005,0.15,5,0.05,0.005,0.1,30,,,,-1,two_stage,2,0.5,"__confirm_cooldown=200,__confirm_rule=perm_test,__perm_alpha=0.03,__perm_min_effect=0,__perm_n_perm=200,__perm_post_n=10,__perm_pre_n=500,__perm_rng_seed=0,__perm_side=two_sided,__perm_stat=vote_score,divergence=0.3,error_rate=0.5,teacher_entropy=0.2",3,0,200,0.0,0,10000,10.0,25.0,200,500,1,136,1.0,0.8613365800865801,0.6615354981219347,0.0,0.23698300123214722,0.02096853218972683,0,0,92,91,-1,perm_test,0.004975124378109453,0.41798592243745025,91,91,0,0.0,0.015157951973378658,0,0.0,0.0,0.0,0.0,0,none,0,1,0,overconfident,0.95,0,mild_drift,0.9424410778676316,0.0014803427511645814,0.7227066493803492,0.8434211179133394,1768237755.9841793,0.03535747900605202,0.16051432490348816
463,29632,29631,sea_nodrift,sea,ts_drift_adapt,1,"error_divergence_ph_meta@error.threshold=0.10,error.min_instances=5",error_divergence_ph_meta,"{""divergence"": {""alpha"": 0.1, ""delta"": 0.005, ""min_instances"": 30, ""threshold"": 0.05}, ""error_rate"": {""alpha"": 0.15, ""delta"": 0.005, ""min_instances"": 5, ""threshold"": 0.1}}","{""error_rate"": {""min_instances"": 5, ""threshold"": 0.1}}",0.1,0.005,0.15,5,0.05,0.005,0.1,30,,,,-1,two_stage,2,0.5,"__confirm_cooldown=200,__confirm_rule=perm_test,__perm_alpha=0.03,__perm_min_effect=0,__perm_n_perm=200,__perm_post_n=10,__perm_pre_n=500,__perm_rng_seed=0,__perm_side=two_sided,__perm_stat=vote_score,divergence=0.3,error_rate=0.5,teacher_entropy=0.2",3,0,200,0.0,0,10000,10.0,25.0,200,500,1,72,1.0,0.8615010799136069,0.6619273168404091,0.0,0.22641614079475403,0.016676487401127815,0,0,92,91,-1,perm_test,0.004975124378109453,0.41798592243745025,91,91,0,0.0,0.004292044788599014,0,0.0,0.0,0.0,0.0,0,none,0,1,0,overconfident,0.95,0,mild_drift,0.9513705389338158,0.001390171375582291,0.7613533246901747,0.8492105589566696,1768237755.9936588,0.14864854514598846,0.18074969947338104
464,29696,29695,sea_nodrift,sea,ts_drift_adapt,1,"error_divergence_ph_meta@error.threshold=0.10,error.min_instances=5",error_divergence_ph_meta,"{""divergence"": {""alpha"": 0.1, ""delta"": 0.005, ""min_instances"": 30, ""threshold"": 0.05}, ""error_rate"": {""alpha"": 0.15, ""delta"": 0.005, ""min_instances"": 5, ""threshold"": 0.1}}","{""error_rate"": {""min_instances"": 5, ""threshold"": 0.1}}",0.1,0.005,0.15,5,0.05,0.005,0.1,30,,,,-1,two_stage,2,0.5,"__confirm_cooldown=200,__confirm_rule=perm_test,__perm_alpha=0.03,__perm_min_effect=0,__perm_n_perm=200,__perm_post_n=10,__perm_pre_n=500,__perm_rng_seed=0,__perm_side=two_sided,__perm_stat=vote_score,divergence=0.3,error_rate=0.5,teacher_entropy=0.2",3,0,200,0.0,0,10000,10.0,25.0,200,500,1,8,1.0,0.8614964978448276,0.661971632657365,0.0,0.24260064959526062,0.017449283972382545,0,0,92,91,-1,perm_test,0.004975124378109453,0.41798592243745025,91,91,0,0.0,0.0007727965712547302,0,0.0,0.0,0.0,0.0,0,none,0,1,0,overconfident,0.95,0,mild_drift,0.9558352694669079,0.0013450856877911454,0.7806766623450874,0.8521052794783348,1768237756.0032618,0.033110376447439194,0.13153396546840668
465,29760,29759,sea_nodrift,sea,ts_drift_adapt,1,"error_divergence_ph_meta@error.threshold=0.10,error.min_instances=5",error_divergence_ph_meta,"{""divergence"": {""alpha"": 0.1, ""delta"": 0.005, ""min_instances"": 30, ""threshold"": 0.05}, ""error_rate"": {""alpha"": 0.15, ""delta"": 0.005, ""min_instances"": 5, ""threshold"": 0.1}}","{""error_rate"": {""min_instances"": 5, ""threshold"": 0.1}}",0.1,0.005,0.15,5,0.05,0.005,0.1,30,,,,-1,two_stage,2,0.5,"__confirm_cooldown=200,__confirm_rule=perm_test,__perm_alpha=0.03,__perm_min_effect=0,__perm_n_perm=200,__perm_post_n=10,__perm_pre_n=500,__perm_rng_seed=0,__perm_side=two_sided,__perm_stat=vote_score,divergence=0.3,error_rate=0.5,teacher_entropy=0.2",3,0,200,0.0,0,10000,10.0,25.0,200,500,0,0,1.0,0.8615927419354839,0.6623467724350084,0.0,0.2458861917257309,0.016489552333950996,0,0,92,91,-1,perm_test,0.004975124378109453,0.41798592243745025,91,91,0,0.0,0.0009597316384315491,0,0.0,0.0,0.0,0.0,0,none,0,1,0,overconfident,0.95,0,mild_drift,0.9580676347334539,0.0013225428438955727,0.7903383311725437,0.8535526397391674,1768237756.01296,0.15561529994010925,0.13928283751010895
466,29824,29823,sea_nodrift,sea,ts_drift_adapt,1,"error_divergence_ph_meta@error.threshold=0.10,error.min_instances=5",error_divergence_ph_meta,"{""divergence"": {""alpha"": 0.1, ""delta"": 0.005, ""min_instances"": 30, ""threshold"": 0.05}, ""error_rate"": {""alpha"": 0.15, ""delta"": 0.005, ""min_instances"": 5, ""threshold"": 0.1}}","{""error_rate"": {""min_instances"": 5, ""threshold"": 0.1}}",0.1,0.005,0.15,5,0.05,0.005,0.1,30,,,,-1,two_stage,2,0.5,"__confirm_cooldown=200,__confirm_rule=perm_test,__perm_alpha=0.03,__perm_min_effect=0,__perm_n_perm=200,__perm_post_n=10,__perm_pre_n=500,__perm_rng_seed=0,__perm_side=two_sided,__perm_stat=vote_score,divergence=0.3,error_rate=0.5,teacher_entropy=0.2",3,0,200,0.0,0,10000,10.0,25.0,200,500,0,0,1.0,0.8618226931330472,0.6628704608726192,0.0,0.23286648094654083,0.017635662108659744,0,0,92,91,-1,perm_test,0.004975124378109453,0.41798592243745025,91,91,0,0.0,0.0011461097747087479,0,0.0,0.0,0.0,0.0,0,none,0,1,0,overconfident,0.95,0,mild_drift,0.9591838173667269,0.0013112714219477863,0.7951691655862718,0.8542763198695837,1768237756.022723,0.10711950063705444,0.15569764375686646
467,29888,29887,sea_nodrift,sea,ts_drift_adapt,1,"error_divergence_ph_meta@error.threshold=0.10,error.min_instances=5",error_divergence_ph_meta,"{""divergence"": {""alpha"": 0.1, ""delta"": 0.005, ""min_instances"": 30, ""threshold"": 0.05}, ""error_rate"": {""alpha"": 0.15, ""delta"": 0.005, ""min_instances"": 5, ""threshold"": 0.1}}","{""error_rate"": {""min_instances"": 5, ""threshold"": 0.1}}",0.1,0.005,0.15,5,0.05,0.005,0.1,30,,,,-1,two_stage,2,0.5,"__confirm_cooldown=200,__confirm_rule=perm_test,__perm_alpha=0.03,__perm_min_effect=0,__perm_n_perm=200,__perm_post_n=10,__perm_pre_n=500,__perm_rng_seed=0,__perm_side=two_sided,__perm_stat=vote_score,divergence=0.3,error_rate=0.5,teacher_entropy=0.2",3,0,200,0.0,0,10000,10.0,25.0,200,500,0,0,1.0,0.8620182012847966,0.6633003672409589,0.0,0.19722455739974976,0.009842326864600182,0,0,92,91,-1,perm_test,0.004975124378109453,0.41798592243745025,91,91,0,0.0,0.007793335244059563,0,0.0,0.0,0.0,0.0,0,none,0,1,0,overconfident,0.95,0,mild_drift,0.9597419086833634,0.0013056357109738933,0.7975845827931359,0.8546381599347919,1768237756.03265,0.04838039353489876,0.09793060272932053
468,29952,29951,sea_nodrift,sea,ts_drift_adapt,1,"error_divergence_ph_meta@error.threshold=0.10,error.min_instances=5",error_divergence_ph_meta,"{""divergence"": {""alpha"": 0.1, ""delta"": 0.005, ""min_instances"": 30, ""threshold"": 0.05}, ""error_rate"": {""alpha"": 0.15, ""delta"": 0.005, ""min_instances"": 5, ""threshold"": 0.1}}","{""error_rate"": {""min_instances"": 5, ""threshold"": 0.1}}",0.1,0.005,0.15,5,0.05,0.005,0.1,30,,,,-1,two_stage,2,0.5,"__confirm_cooldown=200,__confirm_rule=perm_test,__perm_alpha=0.03,__perm_min_effect=0,__perm_n_perm=200,__perm_post_n=10,__perm_pre_n=500,__perm_rng_seed=0,__perm_side=two_sided,__perm_stat=vote_score,divergence=0.3,error_rate=0.5,teacher_entropy=0.2",3,0,200,0.0,0,10000,10.0,25.0,200,500,0,0,1.0,0.8621127136752137,0.6636189783222023,0.16666666666666666,0.24934399127960205,0.012653714045882225,1,1,93,92,0,perm_test,0.004975124378109453,0.433396219677819,92,92,0,0.16666666666666666,0.16666666666666666,1,0.5,0.0,0.0,0.0,0,none,1,1,0,overconfident,0.95,0,severe_drift,0.9253709543416817,0.0016528178554869467,0.648792291396568,0.832319079967396,1768237756.0490339,0.26882800459861755,0.1133495569229126
469,30016,30015,sea_nodrift,sea,ts_drift_adapt,1,"error_divergence_ph_meta@error.threshold=0.10,error.min_instances=5",error_divergence_ph_meta,"{""divergence"": {""alpha"": 0.1, ""delta"": 0.005, ""min_instances"": 30, ""threshold"": 0.05}, ""error_rate"": {""alpha"": 0.15, ""delta"": 0.005, ""min_instances"": 5, ""threshold"": 0.1}}","{""error_rate"": {""min_instances"": 5, ""threshold"": 0.1}}",0.1,0.005,0.15,5,0.05,0.005,0.1,30,,,,-1,two_stage,2,0.5,"__confirm_cooldown=200,__confirm_rule=perm_test,__perm_alpha=0.03,__perm_min_effect=0,__perm_n_perm=200,__perm_post_n=10,__perm_pre_n=500,__perm_rng_seed=0,__perm_side=two_sided,__perm_stat=vote_score,divergence=0.3,error_rate=0.5,teacher_entropy=0.2",3,0,200,0.0,0,10000,10.0,25.0,200,500,1,136,1.0,0.8622068230277186,0.6637717775349578,0.16666666666666666,0.17309102416038513,0.012684269808232784,0,0,93,92,-1,perm_test,0.004975124378109453,0.433396219677819,92,92,0,0.0,3.0555762350559235e-05,0,0.0,0.0,0.0,0.0,0,none,0,1,0,overconfident,0.95,0,mild_drift,0.9428354771708408,0.0014764089277434734,0.724396145698284,0.8436595399836979,1768237756.0589502,0.19418376684188843,0.1180819571018219
470,30080,30079,sea_nodrift,sea,ts_drift_adapt,1,"error_divergence_ph_meta@error.threshold=0.10,error.min_instances=5",error_divergence_ph_meta,"{""divergence"": {""alpha"": 0.1, ""delta"": 0.005, ""min_instances"": 30, ""threshold"": 0.05}, ""error_rate"": {""alpha"": 0.15, ""delta"": 0.005, ""min_instances"": 5, ""threshold"": 0.1}}","{""error_rate"": {""min_instances"": 5, ""threshold"": 0.1}}",0.1,0.005,0.15,5,0.05,0.005,0.1,30,,,,-1,two_stage,2,0.5,"__confirm_cooldown=200,__confirm_rule=perm_test,__perm_alpha=0.03,__perm_min_effect=0,__perm_n_perm=200,__perm_post_n=10,__perm_pre_n=500,__perm_rng_seed=0,__perm_side=two_sided,__perm_stat=vote_score,divergence=0.3,error_rate=0.5,teacher_entropy=0.2",3,0,200,0.0,0,10000,10.0,25.0,200,500,1,72,1.0,0.8623337765957447,0.6641321270357454,0.16666666666666666,0.239093616604805,0.01789335161447525,0,0,93,92,-1,perm_test,0.004975124378109453,0.433396219677819,92,92,0,0.0,0.005209081806242466,0,0.0,0.0,0.0,0.0,0,none,0,1,0,overconfident,0.95,0,mild_drift,0.9515677385854204,0.0013882044638717367,0.762198072849142,0.849329769991849,1768237756.0686154,0.16204048693180084,0.11967736482620239
471,30144,30143,sea_nodrift,sea,ts_drift_adapt,1,"error_divergence_ph_meta@error.threshold=0.10,error.min_instances=5",error_divergence_ph_meta,"{""divergence"": {""alpha"": 0.1, ""delta"": 0.005, ""min_instances"": 30, ""threshold"": 0.05}, ""error_rate"": {""alpha"": 0.15, ""delta"": 0.005, ""min_instances"": 5, ""threshold"": 0.1}}","{""error_rate"": {""min_instances"": 5, ""threshold"": 0.1}}",0.1,0.005,0.15,5,0.05,0.005,0.1,30,,,,-1,two_stage,2,0.5,"__confirm_cooldown=200,__confirm_rule=perm_test,__perm_alpha=0.03,__perm_min_effect=0,__perm_n_perm=200,__perm_post_n=10,__perm_pre_n=500,__perm_rng_seed=0,__perm_side=two_sided,__perm_stat=vote_score,divergence=0.3,error_rate=0.5,teacher_entropy=0.2",3,0,200,0.0,0,10000,10.0,25.0,200,500,1,8,1.0,0.862493365180467,0.6645279689975828,0.3333333333333333,0.19649437069892883,0.015704356133937836,0,0,93,92,-1,perm_test,0.004975124378109453,0.433396219677819,92,92,0,0.0,0.16666666666666666,0,0.0,0.0,0.0,0.0,0,none,0,1,0,overconfident,0.95,0,mild_drift,0.9559338692927102,0.0013441022319358683,0.781099036424571,0.8521648849959245,1768237756.078339,0.36166706681251526,0.13954570889472961
472,30208,30207,sea_nodrift,sea,ts_drift_adapt,1,"error_divergence_ph_meta@error.threshold=0.10,error.min_instances=5",error_divergence_ph_meta,"{""divergence"": {""alpha"": 0.1, ""delta"": 0.005, ""min_instances"": 30, ""threshold"": 0.05}, ""error_rate"": {""alpha"": 0.15, ""delta"": 0.005, ""min_instances"": 5, ""threshold"": 0.1}}","{""error_rate"": {""min_instances"": 5, ""threshold"": 0.1}}",0.1,0.005,0.15,5,0.05,0.005,0.1,30,,,,-1,two_stage,2,0.5,"__confirm_cooldown=200,__confirm_rule=perm_test,__perm_alpha=0.03,__perm_min_effect=0,__perm_n_perm=200,__perm_post_n=10,__perm_pre_n=500,__perm_rng_seed=0,__perm_side=two_sided,__perm_stat=vote_score,divergence=0.3,error_rate=0.5,teacher_entropy=0.2",3,0,200,0.0,0,10000,10.0,25.0,200,500,0,0,1.0,0.8626522775423728,0.6649721123808915,0.0,0.23433469235897064,0.018896915018558502,0,0,93,92,-1,perm_test,0.004975124378109453,0.433396219677819,92,92,0,0.0,0.3333333333333333,0,0.0,0.0,0.0,0.0,0,none,0,1,0,overconfident,0.95,0,mild_drift,0.9581169346463551,0.0013220511159679343,0.7905495182122855,0.8535824424979622,1768237756.0881822,0.14124463498592377,0.16791847348213196
473,30272,30271,sea_nodrift,sea,ts_drift_adapt,1,"error_divergence_ph_meta@error.threshold=0.10,error.min_instances=5",error_divergence_ph_meta,"{""divergence"": {""alpha"": 0.1, ""delta"": 0.005, ""min_instances"": 30, ""threshold"": 0.05}, ""error_rate"": {""alpha"": 0.15, ""delta"": 0.005, ""min_instances"": 5, ""threshold"": 0.1}}","{""error_rate"": {""min_instances"": 5, ""threshold"": 0.1}}",0.1,0.005,0.15,5,0.05,0.005,0.1,30,,,,-1,two_stage,2,0.5,"__confirm_cooldown=200,__confirm_rule=perm_test,__perm_alpha=0.03,__perm_min_effect=0,__perm_n_perm=200,__perm_post_n=10,__perm_pre_n=500,__perm_rng_seed=0,__perm_side=two_sided,__perm_stat=vote_score,divergence=0.3,error_rate=0.5,teacher_entropy=0.2",3,0,200,0.0,0,10000,10.0,25.0,200,500,0,0,1.0,0.8629096194503171,0.6654609262298692,0.0,0.15947087109088898,0.004427406936883926,1,1,94,93,0,perm_test,0.004975124378109453,0.42663271135807485,93,93,0,0.16666666666666666,0.014469508081674576,1,0.5,0.0,0.0,0.0,0,none,1,1,0,overconfident,0.95,0,severe_drift,0.9245584673231775,0.0016610255579839672,0.6452747591061427,0.8317912212489811,1768237756.1044993,0.01844136044383049,0.05037325620651245
474,30336,30335,sea_nodrift,sea,ts_drift_adapt,1,"error_divergence_ph_meta@error.threshold=0.10,error.min_instances=5",error_divergence_ph_meta,"{""divergence"": {""alpha"": 0.1, ""delta"": 0.005, ""min_instances"": 30, ""threshold"": 0.05}, ""error_rate"": {""alpha"": 0.15, ""delta"": 0.005, ""min_instances"": 5, ""threshold"": 0.1}}","{""error_rate"": {""min_instances"": 5, ""threshold"": 0.1}}",0.1,0.005,0.15,5,0.05,0.005,0.1,30,,,,-1,two_stage,2,0.5,"__confirm_cooldown=200,__confirm_rule=perm_test,__perm_alpha=0.03,__perm_min_effect=0,__perm_n_perm=200,__perm_post_n=10,__perm_pre_n=500,__perm_rng_seed=0,__perm_side=two_sided,__perm_stat=vote_score,divergence=0.3,error_rate=0.5,teacher_entropy=0.2",3,0,200,0.0,0,10000,10.0,25.0,200,500,1,136,1.0,0.8630010548523207,0.6657438445912423,0.0,0.2016075700521469,0.023065809160470963,0,0,94,93,-1,perm_test,0.004975124378109453,0.42663271135807485,93,93,0,0.0,0.018638402223587036,0,0.0,0.0,0.0,0.0,0,none,0,1,0,overconfident,0.95,0,mild_drift,0.9424292336615887,0.0014805127789919836,0.7226373795530714,0.8433956106244905,1768237756.1142185,0.02194271795451641,0.1951194703578949
475,30400,30399,sea_nodrift,sea,ts_drift_adapt,1,"error_divergence_ph_meta@error.threshold=0.10,error.min_instances=5",error_divergence_ph_meta,"{""divergence"": {""alpha"": 0.1, ""delta"": 0.005, ""min_instances"": 30, ""threshold"": 0.05}, ""error_rate"": {""alpha"": 0.15, ""delta"": 0.005, ""min_instances"": 5, ""threshold"": 0.1}}","{""error_rate"": {""min_instances"": 5, ""threshold"": 0.1}}",0.1,0.005,0.15,5,0.05,0.005,0.1,30,,,,-1,two_stage,2,0.5,"__confirm_cooldown=200,__confirm_rule=perm_test,__perm_alpha=0.03,__perm_min_effect=0,__perm_n_perm=200,__perm_post_n=10,__perm_pre_n=500,__perm_rng_seed=0,__perm_side=two_sided,__perm_stat=vote_score,divergence=0.3,error_rate=0.5,teacher_entropy=0.2",3,0,200,0.0,0,10000,10.0,25.0,200,500,1,72,1.0,0.8632236842105263,0.6661784562153291,0.0,0.14016084372997284,0.01731882058084011,0,0,94,93,-1,perm_test,0.004975124378109453,0.42663271135807485,93,93,0,0.0,0.005746988579630852,0,0.0,0.0,0.0,0.0,0,none,0,1,0,overconfident,0.95,0,mild_drift,0.9513646168307943,0.0013902563894959918,0.7613186897765357,0.8491978053122453,1768237756.1238227,0.04603838920593262,0.14042750000953674
476,30464,30463,sea_nodrift,sea,ts_drift_adapt,1,"error_divergence_ph_meta@error.threshold=0.10,error.min_instances=5",error_divergence_ph_meta,"{""divergence"": {""alpha"": 0.1, ""delta"": 0.005, ""min_instances"": 30, ""threshold"": 0.05}, ""error_rate"": {""alpha"": 0.15, ""delta"": 0.005, ""min_instances"": 5, ""threshold"": 0.1}}","{""error_rate"": {""min_instances"": 5, ""threshold"": 0.1}}",0.1,0.005,0.15,5,0.05,0.005,0.1,30,,,,-1,two_stage,2,0.5,"__confirm_cooldown=200,__confirm_rule=perm_test,__perm_alpha=0.03,__perm_min_effect=0,__perm_n_perm=200,__perm_post_n=10,__perm_pre_n=500,__perm_rng_seed=0,__perm_side=two_sided,__perm_stat=vote_score,divergence=0.3,error_rate=0.5,teacher_entropy=0.2",3,0,200,0.0,0,10000,10.0,25.0,200,500,1,8,1.0,0.8633797268907563,0.6667105388163982,0.0,0.2645473778247833,0.020825961604714394,0,0,94,93,-1,perm_test,0.004975124378109453,0.42663271135807485,93,93,0,0.0,0.003507141023874283,0,0.0,0.0,0.0,0.0,0,none,0,1,0,overconfident,0.95,0,mild_drift,0.9558323084153971,0.001345128194747996,0.7806593448882679,0.8520989026561226,1768237756.1334057,0.12571579217910767,0.1370873600244522
477,30528,30527,sea_nodrift,sea,ts_drift_adapt,1,"error_divergence_ph_meta@error.threshold=0.10,error.min_instances=5",error_divergence_ph_meta,"{""divergence"": {""alpha"": 0.1, ""delta"": 0.005, ""min_instances"": 30, ""threshold"": 0.05}, ""error_rate"": {""alpha"": 0.15, ""delta"": 0.005, ""min_instances"": 5, ""threshold"": 0.1}}","{""error_rate"": {""min_instances"": 5, ""threshold"": 0.1}}",0.1,0.005,0.15,5,0.05,0.005,0.1,30,,,,-1,two_stage,2,0.5,"__confirm_cooldown=200,__confirm_rule=perm_test,__perm_alpha=0.03,__perm_min_effect=0,__perm_n_perm=200,__perm_post_n=10,__perm_pre_n=500,__perm_rng_seed=0,__perm_side=two_sided,__perm_stat=vote_score,divergence=0.3,error_rate=0.5,teacher_entropy=0.2",3,0,200,0.0,0,10000,10.0,25.0,200,500,0,0,1.0,0.8636333857442348,0.6674207059899508,0.0,0.1755700558423996,0.008851253427565098,0,0,94,93,-1,perm_test,0.004975124378109453,0.42663271135807485,93,93,0,0.0,0.011974708177149296,0,0.0,0.0,0.0,0.0,0,none,0,1,0,overconfident,0.95,0,mild_drift,0.9580661542076985,0.0013225640973739982,0.790329672444134,0.8535494513280613,1768237756.1431077,0.07498671859502792,0.08974935114383698
478,30592,30591,sea_nodrift,sea,ts_drift_adapt,1,"error_divergence_ph_meta@error.threshold=0.10,error.min_instances=5",error_divergence_ph_meta,"{""divergence"": {""alpha"": 0.1, ""delta"": 0.005, ""min_instances"": 30, ""threshold"": 0.05}, ""error_rate"": {""alpha"": 0.15, ""delta"": 0.005, ""min_instances"": 5, ""threshold"": 0.1}}","{""error_rate"": {""min_instances"": 5, ""threshold"": 0.1}}",0.1,0.005,0.15,5,0.05,0.005,0.1,30,,,,-1,two_stage,2,0.5,"__confirm_cooldown=200,__confirm_rule=perm_test,__perm_alpha=0.03,__perm_min_effect=0,__perm_n_perm=200,__perm_post_n=10,__perm_pre_n=500,__perm_rng_seed=0,__perm_side=two_sided,__perm_stat=vote_score,divergence=0.3,error_rate=0.5,teacher_entropy=0.2",3,0,200,0.0,0,10000,10.0,25.0,200,500,0,0,1.0,0.8638206066945606,0.6678999556262795,0.0,0.1940813958644867,0.020684802904725075,0,0,94,93,-1,perm_test,0.004975124378109453,0.42663271135807485,93,93,0,0.0,0.011833549477159977,0,0.0,0.0,0.0,0.0,0,none,0,1,0,overconfident,0.95,0,mild_drift,0.9591830771038492,0.0013112820486869993,0.795164836222067,0.8542747256640306,1768237756.1530268,0.05946788191795349,0.1631658673286438
479,30656,30655,sea_nodrift,sea,ts_drift_adapt,1,"error_divergence_ph_meta@error.threshold=0.10,error.min_instances=5",error_divergence_ph_meta,"{""divergence"": {""alpha"": 0.1, ""delta"": 0.005, ""min_instances"": 30, ""threshold"": 0.05}, ""error_rate"": {""alpha"": 0.15, ""delta"": 0.005, ""min_instances"": 5, ""threshold"": 0.1}}","{""error_rate"": {""min_instances"": 5, ""threshold"": 0.1}}",0.1,0.005,0.15,5,0.05,0.005,0.1,30,,,,-1,two_stage,2,0.5,"__confirm_cooldown=200,__confirm_rule=perm_test,__perm_alpha=0.03,__perm_min_effect=0,__perm_n_perm=200,__perm_post_n=10,__perm_pre_n=500,__perm_rng_seed=0,__perm_side=two_sided,__perm_stat=vote_score,divergence=0.3,error_rate=0.5,teacher_entropy=0.2",3,0,200,0.0,0,10000,10.0,25.0,200,500,0,0,1.0,0.8639418058455115,0.6682440597850439,0.0,0.15861907601356506,0.006205585785210133,0,0,94,93,-1,perm_test,0.004975124378109453,0.42663271135807485,93,93,0,0.0,0.014479217119514942,0,0.0,0.0,0.0,0.0,0,none,0,1,0,overconfident,0.95,0,mild_drift,0.9597415385519246,0.0013056410243434996,0.7975824181110336,0.8546373628320153,1768237756.1629357,0.07525408267974854,0.061885684728622437
480,30720,30719,sea_nodrift,sea,ts_drift_adapt,1,"error_divergence_ph_meta@error.threshold=0.10,error.min_instances=5",error_divergence_ph_meta,"{""divergence"": {""alpha"": 0.1, ""delta"": 0.005, ""min_instances"": 30, ""threshold"": 0.05}, ""error_rate"": {""alpha"": 0.15, ""delta"": 0.005, ""min_instances"": 5, ""threshold"": 0.1}}","{""error_rate"": {""min_instances"": 5, ""threshold"": 0.1}}",0.1,0.005,0.15,5,0.05,0.005,0.1,30,,,,-1,two_stage,2,0.5,"__confirm_cooldown=200,__confirm_rule=perm_test,__perm_alpha=0.03,__perm_min_effect=0,__perm_n_perm=200,__perm_post_n=10,__perm_pre_n=500,__perm_rng_seed=0,__perm_side=two_sided,__perm_stat=vote_score,divergence=0.3,error_rate=0.5,teacher_entropy=0.2",3,0,200,0.0,0,10000,10.0,25.0,200,500,0,0,1.0,0.8639973958333333,0.6682630914707686,0.3333333333333333,0.23352083563804626,0.02304975502192974,1,1,95,94,0,perm_test,0.004975124378109453,0.43316718187943304,94,94,0,0.3333333333333333,0.3333333333333333,1,0.5,0.0,0.0,0.0,0,none,1,1,0,overconfident,0.95,0,severe_drift,0.9253707692759623,0.0016528205121717498,0.6487912090555168,0.8323186814160077,1768237756.1794295,0.5527810454368591,0.20480887591838837
481,30784,30783,sea_nodrift,sea,ts_drift_adapt,1,"error_divergence_ph_meta@error.threshold=0.10,error.min_instances=5",error_divergence_ph_meta,"{""divergence"": {""alpha"": 0.1, ""delta"": 0.005, ""min_instances"": 30, ""threshold"": 0.05}, ""error_rate"": {""alpha"": 0.15, ""delta"": 0.005, ""min_instances"": 5, ""threshold"": 0.1}}","{""error_rate"": {""min_instances"": 5, ""threshold"": 0.1}}",0.1,0.005,0.15,5,0.05,0.005,0.1,30,,,,-1,two_stage,2,0.5,"__confirm_cooldown=200,__confirm_rule=perm_test,__perm_alpha=0.03,__perm_min_effect=0,__perm_n_perm=200,__perm_post_n=10,__perm_pre_n=500,__perm_rng_seed=0,__perm_side=two_sided,__perm_stat=vote_score,divergence=0.3,error_rate=0.5,teacher_entropy=0.2",3,0,200,0.0,0,10000,10.0,25.0,200,500,1,136,1.0,0.8641502079002079,0.6688479726048414,0.16666666666666666,0.22023743391036987,0.022097062319517136,0,0,95,94,-1,perm_test,0.004975124378109453,0.43316718187943304,94,94,0,0.0,0.16666666666666666,0,0.0,0.0,0.0,0.0,0,none,0,1,0,overconfident,0.95,0,mild_drift,0.9428353846379811,0.001476410256085875,0.7243956045277584,0.8436593407080039,1768237756.189194,0.13122203946113586,0.22099366784095764
482,30848,30847,sea_nodrift,sea,ts_drift_adapt,1,"error_divergence_ph_meta@error.threshold=0.10,error.min_instances=5",error_divergence_ph_meta,"{""divergence"": {""alpha"": 0.1, ""delta"": 0.005, ""min_instances"": 30, ""threshold"": 0.05}, ""error_rate"": {""alpha"": 0.15, ""delta"": 0.005, ""min_instances"": 5, ""threshold"": 0.1}}","{""error_rate"": {""min_instances"": 5, ""threshold"": 0.1}}",0.1,0.005,0.15,5,0.05,0.005,0.1,30,,,,-1,two_stage,2,0.5,"__confirm_cooldown=200,__confirm_rule=perm_test,__perm_alpha=0.03,__perm_min_effect=0,__perm_n_perm=200,__perm_post_n=10,__perm_pre_n=500,__perm_rng_seed=0,__perm_side=two_sided,__perm_stat=vote_score,divergence=0.3,error_rate=0.5,teacher_entropy=0.2",3,0,200,0.0,0,10000,10.0,25.0,200,500,1,72,1.0,0.86423755186722,0.669070040247853,0.0,0.18132388591766357,0.021110335364937782,0,0,95,94,-1,perm_test,0.004975124378109453,0.43316718187943304,94,94,0,0.0,0.16666666666666666,0,0.0,0.0,0.0,0.0,0,none,0,1,0,overconfident,0.95,0,mild_drift,0.9515676923189905,0.0013882051280429376,0.7621978022638792,0.8493296703540019,1768237756.1987834,0.030003240332007408,0.1876937747001648
483,30912,30911,sea_nodrift,sea,ts_drift_adapt,1,"error_divergence_ph_meta@error.threshold=0.10,error.min_instances=5",error_divergence_ph_meta,"{""divergence"": {""alpha"": 0.1, ""delta"": 0.005, ""min_instances"": 30, ""threshold"": 0.05}, ""error_rate"": {""alpha"": 0.15, ""delta"": 0.005, ""min_instances"": 5, ""threshold"": 0.1}}","{""error_rate"": {""min_instances"": 5, ""threshold"": 0.1}}",0.1,0.005,0.15,5,0.05,0.005,0.1,30,,,,-1,two_stage,2,0.5,"__confirm_cooldown=200,__confirm_rule=perm_test,__perm_alpha=0.03,__perm_min_effect=0,__perm_n_perm=200,__perm_post_n=10,__perm_pre_n=500,__perm_rng_seed=0,__perm_side=two_sided,__perm_stat=vote_score,divergence=0.3,error_rate=0.5,teacher_entropy=0.2",3,0,200,0.0,0,10000,10.0,25.0,200,500,1,8,1.0,0.86425983436853,0.6691177514998671,0.0,0.2248574197292328,0.016843948513269424,0,0,95,94,-1,perm_test,0.004975124378109453,0.43316718187943304,94,94,0,0.0,0.004266386851668358,0,0.0,0.0,0.0,0.0,0,none,0,1,0,overconfident,0.95,0,mild_drift,0.9559338461594953,0.0013441025640214689,0.7810989011319396,0.8521648351770009,1768237756.2085032,0.12540380656719208,0.12258481979370117
484,30976,30975,sea_nodrift,sea,ts_drift_adapt,1,"error_divergence_ph_meta@error.threshold=0.10,error.min_instances=5",error_divergence_ph_meta,"{""divergence"": {""alpha"": 0.1, ""delta"": 0.005, ""min_instances"": 30, ""threshold"": 0.05}, ""error_rate"": {""alpha"": 0.15, ""delta"": 0.005, ""min_instances"": 5, ""threshold"": 0.1}}","{""error_rate"": {""min_instances"": 5, ""threshold"": 0.1}}",0.1,0.005,0.15,5,0.05,0.005,0.1,30,,,,-1,two_stage,2,0.5,"__confirm_cooldown=200,__confirm_rule=perm_test,__perm_alpha=0.03,__perm_min_effect=0,__perm_n_perm=200,__perm_post_n=10,__perm_pre_n=500,__perm_rng_seed=0,__perm_side=two_sided,__perm_stat=vote_score,divergence=0.3,error_rate=0.5,teacher_entropy=0.2",3,0,200,0.0,0,10000,10.0,25.0,200,500,0,0,1.0,0.8644111570247934,0.6694767447310828,0.0,0.20913967490196228,0.016851406544446945,0,0,95,94,-1,perm_test,0.004975124378109453,0.43316718187943304,94,94,0,0.0,7.458031177520752e-06,0,0.0,0.0,0.0,0.0,0,none,0,1,0,overconfident,0.95,0,mild_drift,0.9581169230797476,0.0013220512820107345,0.7905494505659698,0.8535824175885005,1768237756.2183368,0.009874108247458935,0.13755843043327332
485,31040,31039,sea_nodrift,sea,ts_drift_adapt,1,"error_divergence_ph_meta@error.threshold=0.10,error.min_instances=5",error_divergence_ph_meta,"{""divergence"": {""alpha"": 0.1, ""delta"": 0.005, ""min_instances"": 30, ""threshold"": 0.05}, ""error_rate"": {""alpha"": 0.15, ""delta"": 0.005, ""min_instances"": 5, ""threshold"": 0.1}}","{""error_rate"": {""min_instances"": 5, ""threshold"": 0.1}}",0.1,0.005,0.15,5,0.05,0.005,0.1,30,,,,-1,two_stage,2,0.5,"__confirm_cooldown=200,__confirm_rule=perm_test,__perm_alpha=0.03,__perm_min_effect=0,__perm_n_perm=200,__perm_post_n=10,__perm_pre_n=500,__perm_rng_seed=0,__perm_side=two_sided,__perm_stat=vote_score,divergence=0.3,error_rate=0.5,teacher_entropy=0.2",3,0,200,0.0,0,10000,10.0,25.0,200,500,0,0,1.0,0.8645618556701031,0.6698153482325918,0.0,0.2195197343826294,0.023213207721710205,0,0,95,94,-1,perm_test,0.004975124378109453,0.43316718187943304,94,94,0,0.0,0.00636180117726326,0,0.0,0.0,0.0,0.0,0,none,0,1,0,overconfident,0.95,0,mild_drift,0.9592084615398737,0.0013110256410053672,0.7952747252829849,0.8542912087942502,1768237756.2282045,0.020914679393172264,0.20988771319389343
486,31104,31103,sea_nodrift,sea,ts_drift_adapt,1,"error_divergence_ph_meta@error.threshold=0.10,error.min_instances=5",error_divergence_ph_meta,"{""divergence"": {""alpha"": 0.1, ""delta"": 0.005, ""min_instances"": 30, ""threshold"": 0.05}, ""error_rate"": {""alpha"": 0.15, ""delta"": 0.005, ""min_instances"": 5, ""threshold"": 0.1}}","{""error_rate"": {""min_instances"": 5, ""threshold"": 0.1}}",0.1,0.005,0.15,5,0.05,0.005,0.1,30,,,,-1,two_stage,2,0.5,"__confirm_cooldown=200,__confirm_rule=perm_test,__perm_alpha=0.03,__perm_min_effect=0,__perm_n_perm=200,__perm_post_n=10,__perm_pre_n=500,__perm_rng_seed=0,__perm_side=two_sided,__perm_stat=vote_score,divergence=0.3,error_rate=0.5,teacher_entropy=0.2",3,0,200,0.0,0,10000,10.0,25.0,200,500,0,0,1.0,0.8647762345679012,0.6701952531655094,0.16666666666666666,0.18224304914474487,0.01090997364372015,1,1,96,95,0,perm_test,0.004975124378109453,0.44282738396003196,95,95,0,0.16666666666666666,0.16666666666666666,1,0.5,0.0,0.0,0.0,0,none,1,1,0,overconfident,0.95,0,severe_drift,0.9251042307699369,0.0016555128205026836,0.6476373626414924,0.8321456043971251,1768237756.2444856,0.45488762855529785,0.09457610547542572
487,31168,31167,sea_nodrift,sea,ts_drift_adapt,1,"error_divergence_ph_meta@error.threshold=0.10,error.min_instances=5",error_divergence_ph_meta,"{""divergence"": {""alpha"": 0.1, ""delta"": 0.005, ""min_instances"": 30, ""threshold"": 0.05}, ""error_rate"": {""alpha"": 0.15, ""delta"": 0.005, ""min_instances"": 5, ""threshold"": 0.1}}","{""error_rate"": {""min_instances"": 5, ""threshold"": 0.1}}",0.1,0.005,0.15,5,0.05,0.005,0.1,30,,,,-1,two_stage,2,0.5,"__confirm_cooldown=200,__confirm_rule=perm_test,__perm_alpha=0.03,__perm_min_effect=0,__perm_n_perm=200,__perm_post_n=10,__perm_pre_n=500,__perm_rng_seed=0,__perm_side=two_sided,__perm_stat=vote_score,divergence=0.3,error_rate=0.5,teacher_entropy=0.2",3,0,200,0.0,0,10000,10.0,25.0,200,500,1,136,1.0,0.8648934804928131,0.6706424420854084,0.0,0.19496437907218933,0.017881255596876144,0,0,96,95,-1,perm_test,0.004975124378109453,0.44282738396003196,95,95,0,0.0,0.16666666666666666,0,0.0,0.0,0.0,0.0,0,none,0,1,0,overconfident,0.95,0,mild_drift,0.9427021153849684,0.0014777564102513418,0.7238186813207462,0.8435728021985626,1768237756.2541776,0.018087154254317284,0.18171027302742004
488,31232,31231,sea_nodrift,sea,ts_drift_adapt,1,"error_divergence_ph_meta@error.threshold=0.10,error.min_instances=5",error_divergence_ph_meta,"{""divergence"": {""alpha"": 0.1, ""delta"": 0.005, ""min_instances"": 30, ""threshold"": 0.05}, ""error_rate"": {""alpha"": 0.15, ""delta"": 0.005, ""min_instances"": 5, ""threshold"": 0.1}}","{""error_rate"": {""min_instances"": 5, ""threshold"": 0.1}}",0.1,0.005,0.15,5,0.05,0.005,0.1,30,,,,-1,two_stage,2,0.5,"__confirm_cooldown=200,__confirm_rule=perm_test,__perm_alpha=0.03,__perm_min_effect=0,__perm_n_perm=200,__perm_post_n=10,__perm_pre_n=500,__perm_rng_seed=0,__perm_side=two_sided,__perm_stat=vote_score,divergence=0.3,error_rate=0.5,teacher_entropy=0.2",3,0,200,0.0,0,10000,10.0,25.0,200,500,1,72,1.0,0.8649462090163934,0.6706702577924432,0.16666666666666666,0.19743698835372925,0.02188175544142723,0,0,96,95,-1,perm_test,0.004975124378109453,0.44282738396003196,95,95,0,0.0,0.16666666666666666,0,0.0,0.0,0.0,0.0,0,none,0,1,0,overconfident,0.95,0,mild_drift,0.9515010576924842,0.0013888782051256709,0.7619093406603732,0.8492864010992813,1768237756.2638626,0.16949884593486786,0.16193895041942596
489,31296,31295,sea_nodrift,sea,ts_drift_adapt,1,"error_divergence_ph_meta@error.threshold=0.10,error.min_instances=5",error_divergence_ph_meta,"{""divergence"": {""alpha"": 0.1, ""delta"": 0.005, ""min_instances"": 30, ""threshold"": 0.05}, ""error_rate"": {""alpha"": 0.15, ""delta"": 0.005, ""min_instances"": 5, ""threshold"": 0.1}}","{""error_rate"": {""min_instances"": 5, ""threshold"": 0.1}}",0.1,0.005,0.15,5,0.05,0.005,0.1,30,,,,-1,two_stage,2,0.5,"__confirm_cooldown=200,__confirm_rule=perm_test,__perm_alpha=0.03,__perm_min_effect=0,__perm_n_perm=200,__perm_post_n=10,__perm_pre_n=500,__perm_rng_seed=0,__perm_side=two_sided,__perm_stat=vote_score,divergence=0.3,error_rate=0.5,teacher_entropy=0.2",3,0,200,0.0,0,10000,10.0,25.0,200,500,1,8,1.0,0.8651265337423313,0.671025158681424,0.0,0.18074721097946167,0.014585868455469608,0,0,96,95,-1,perm_test,0.004975124378109453,0.44282738396003196,95,95,0,0.0,0.16666666666666666,0,0.0,0.0,0.0,0.0,0,none,0,1,0,overconfident,0.95,0,mild_drift,0.9559005288462421,0.0013444391025628356,0.7809546703301866,0.8521432005496407,1768237756.2735956,0.007191112730652094,0.12338390201330185
490,31360,31359,sea_nodrift,sea,ts_drift_adapt,1,"error_divergence_ph_meta@error.threshold=0.10,error.min_instances=5",error_divergence_ph_meta,"{""divergence"": {""alpha"": 0.1, ""delta"": 0.005, ""min_instances"": 30, ""threshold"": 0.05}, ""error_rate"": {""alpha"": 0.15, ""delta"": 0.005, ""min_instances"": 5, ""threshold"": 0.1}}","{""error_rate"": {""min_instances"": 5, ""threshold"": 0.1}}",0.1,0.005,0.15,5,0.05,0.005,0.1,30,,,,-1,two_stage,2,0.5,"__confirm_cooldown=200,__confirm_rule=perm_test,__perm_alpha=0.03,__perm_min_effect=0,__perm_n_perm=200,__perm_post_n=10,__perm_pre_n=500,__perm_rng_seed=0,__perm_side=two_sided,__perm_stat=vote_score,divergence=0.3,error_rate=0.5,teacher_entropy=0.2",3,0,200,0.0,0,10000,10.0,25.0,200,500,0,0,1.0,0.8653380102040816,0.6714220002439997,0.16666666666666666,0.15800797939300537,0.008098063990473747,0,0,96,95,-1,perm_test,0.004975124378109453,0.44282738396003196,95,95,0,0.0,0.16666666666666666,0,0.0,0.0,0.0,0.0,0,none,0,1,0,overconfident,0.95,0,mild_drift,0.958100264423121,0.001322219551281418,0.7904773351650933,0.8535716002748204,1768237756.2835116,0.6503411531448364,0.08130669593811035
491,31424,31423,sea_nodrift,sea,ts_drift_adapt,1,"error_divergence_ph_meta@error.threshold=0.10,error.min_instances=5",error_divergence_ph_meta,"{""divergence"": {""alpha"": 0.1, ""delta"": 0.005, ""min_instances"": 30, ""threshold"": 0.05}, ""error_rate"": {""alpha"": 0.15, ""delta"": 0.005, ""min_instances"": 5, ""threshold"": 0.1}}","{""error_rate"": {""min_instances"": 5, ""threshold"": 0.1}}",0.1,0.005,0.15,5,0.05,0.005,0.1,30,,,,-1,two_stage,2,0.5,"__confirm_cooldown=200,__confirm_rule=perm_test,__perm_alpha=0.03,__perm_min_effect=0,__perm_n_perm=200,__perm_post_n=10,__perm_pre_n=500,__perm_rng_seed=0,__perm_side=two_sided,__perm_stat=vote_score,divergence=0.3,error_rate=0.5,teacher_entropy=0.2",3,0,200,0.0,0,10000,10.0,25.0,200,500,0,0,1.0,0.8654849796334012,0.6718088982922826,0.0,0.159201979637146,0.01601945236325264,1,1,97,96,0,perm_test,0.004975124378109453,0.434245180682157,96,96,0,0.16666666666666666,0.16666666666666666,1,0.5,0.0,0.0,0.0,0,none,1,1,0,overconfident,0.95,0,severe_drift,0.9245501322115606,0.001661109775640709,0.6452386675825467,0.8317858001374102,1768237756.2999394,0.1490243524312973,0.13562732934951782
492,31488,31487,sea_nodrift,sea,ts_drift_adapt,1,"error_divergence_ph_meta@error.threshold=0.10,error.min_instances=5",error_divergence_ph_meta,"{""divergence"": {""alpha"": 0.1, ""delta"": 0.005, ""min_instances"": 30, ""threshold"": 0.05}, ""error_rate"": {""alpha"": 0.15, ""delta"": 0.005, ""min_instances"": 5, ""threshold"": 0.1}}","{""error_rate"": {""min_instances"": 5, ""threshold"": 0.1}}",0.1,0.005,0.15,5,0.05,0.005,0.1,30,,,,-1,two_stage,2,0.5,"__confirm_cooldown=200,__confirm_rule=perm_test,__perm_alpha=0.03,__perm_min_effect=0,__perm_n_perm=200,__perm_post_n=10,__perm_pre_n=500,__perm_rng_seed=0,__perm_side=two_sided,__perm_stat=vote_score,divergence=0.3,error_rate=0.5,teacher_entropy=0.2",3,0,200,0.0,0,10000,10.0,25.0,200,500,1,136,1.0,0.8656631097560976,0.6722219588783092,0.3333333333333333,0.1936091035604477,0.013412145897746086,0,0,97,96,-1,perm_test,0.004975124378109453,0.434245180682157,96,96,0,0.0,0.3333333333333333,0,0.0,0.0,0.0,0.0,0,none,0,1,0,overconfident,0.95,0,mild_drift,0.9424250661057803,0.0014805548878203546,0.7226193337912734,0.843392900068705,1768237756.3097034,0.5552754998207092,0.13316108286380768
493,31552,31551,sea_nodrift,sea,ts_drift_adapt,1,"error_divergence_ph_meta@error.threshold=0.10,error.min_instances=5",error_divergence_ph_meta,"{""divergence"": {""alpha"": 0.1, ""delta"": 0.005, ""min_instances"": 30, ""threshold"": 0.05}, ""error_rate"": {""alpha"": 0.15, ""delta"": 0.005, ""min_instances"": 5, ""threshold"": 0.1}}","{""error_rate"": {""min_instances"": 5, ""threshold"": 0.1}}",0.1,0.005,0.15,5,0.05,0.005,0.1,30,,,,-1,two_stage,2,0.5,"__confirm_cooldown=200,__confirm_rule=perm_test,__perm_alpha=0.03,__perm_min_effect=0,__perm_n_perm=200,__perm_post_n=10,__perm_pre_n=500,__perm_rng_seed=0,__perm_side=two_sided,__perm_stat=vote_score,divergence=0.3,error_rate=0.5,teacher_entropy=0.2",3,0,200,0.0,0,10000,10.0,25.0,200,500,1,72,1.0,0.865650354969574,0.6722161099669529,0.16666666666666666,0.26783478260040283,0.015081388875842094,0,0,97,96,-1,perm_test,0.004975124378109453,0.434245180682157,96,96,0,0.0,0.16666666666666666,0,0.0,0.0,0.0,0.0,0,none,0,1,0,overconfident,0.95,0,mild_drift,0.9513625330528901,0.0013902774439101774,0.7613096668956367,0.8491964500343525,1768237756.319374,0.18353523313999176,0.11308971047401428
494,31616,31615,sea_nodrift,sea,ts_drift_adapt,1,"error_divergence_ph_meta@error.threshold=0.10,error.min_instances=5",error_divergence_ph_meta,"{""divergence"": {""alpha"": 0.1, ""delta"": 0.005, ""min_instances"": 30, ""threshold"": 0.05}, ""error_rate"": {""alpha"": 0.15, ""delta"": 0.005, ""min_instances"": 5, ""threshold"": 0.1}}","{""error_rate"": {""min_instances"": 5, ""threshold"": 0.1}}",0.1,0.005,0.15,5,0.05,0.005,0.1,30,,,,-1,two_stage,2,0.5,"__confirm_cooldown=200,__confirm_rule=perm_test,__perm_alpha=0.03,__perm_min_effect=0,__perm_n_perm=200,__perm_post_n=10,__perm_pre_n=500,__perm_rng_seed=0,__perm_side=two_sided,__perm_stat=vote_score,divergence=0.3,error_rate=0.5,teacher_entropy=0.2",3,0,200,0.0,0,10000,10.0,25.0,200,500,1,8,1.0,0.8658274291497976,0.6726483949821394,0.0,0.17599642276763916,0.013302587904036045,0,0,97,96,-1,perm_test,0.004975124378109453,0.434245180682157,96,96,0,0.0,0.16666666666666666,0,0.0,0.0,0.0,0.0,0,none,0,1,0,overconfident,0.95,0,mild_drift,0.955831266526445,0.0013451387219550887,0.7806548334478184,0.8520982250171762,1768237756.3289964,0.09686004370450974,0.09582862257957458
495,31680,31679,sea_nodrift,sea,ts_drift_adapt,1,"error_divergence_ph_meta@error.threshold=0.10,error.min_instances=5",error_divergence_ph_meta,"{""divergence"": {""alpha"": 0.1, ""delta"": 0.005, ""min_instances"": 30, ""threshold"": 0.05}, ""error_rate"": {""alpha"": 0.15, ""delta"": 0.005, ""min_instances"": 5, ""threshold"": 0.1}}","{""error_rate"": {""min_instances"": 5, ""threshold"": 0.1}}",0.1,0.005,0.15,5,0.05,0.005,0.1,30,,,,-1,two_stage,2,0.5,"__confirm_cooldown=200,__confirm_rule=perm_test,__perm_alpha=0.03,__perm_min_effect=0,__perm_n_perm=200,__perm_post_n=10,__perm_pre_n=500,__perm_rng_seed=0,__perm_side=two_sided,__perm_stat=vote_score,divergence=0.3,error_rate=0.5,teacher_entropy=0.2",3,0,200,0.0,0,10000,10.0,25.0,200,500,0,0,1.0,0.8660353535353535,0.6732299580561175,0.0,0.20545929670333862,0.00920068472623825,0,0,97,96,-1,perm_test,0.004975124378109453,0.434245180682157,96,96,0,0.0,0.004101903177797794,0,0.0,0.0,0.0,0.0,0,none,0,1,0,overconfident,0.95,0,mild_drift,0.9580656332632225,0.0013225693609775443,0.7903274167239092,0.8535491125085881,1768237756.338875,0.04687151685357094,0.1063959002494812
496,31744,31743,sea_nodrift,sea,ts_drift_adapt,1,"error_divergence_ph_meta@error.threshold=0.10,error.min_instances=5",error_divergence_ph_meta,"{""divergence"": {""alpha"": 0.1, ""delta"": 0.005, ""min_instances"": 30, ""threshold"": 0.05}, ""error_rate"": {""alpha"": 0.15, ""delta"": 0.005, ""min_instances"": 5, ""threshold"": 0.1}}","{""error_rate"": {""min_instances"": 5, ""threshold"": 0.1}}",0.1,0.005,0.15,5,0.05,0.005,0.1,30,,,,-1,two_stage,2,0.5,"__confirm_cooldown=200,__confirm_rule=perm_test,__perm_alpha=0.03,__perm_min_effect=0,__perm_n_perm=200,__perm_post_n=10,__perm_pre_n=500,__perm_rng_seed=0,__perm_side=two_sided,__perm_stat=vote_score,divergence=0.3,error_rate=0.5,teacher_entropy=0.2",3,0,200,0.0,0,10000,10.0,25.0,200,500,0,0,1.0,0.8662109375,0.6735906554952613,0.0,0.17439335584640503,0.018709886819124222,1,1,98,97,0,perm_test,0.004975124378109453,0.4465849125067027,97,97,0,0.0,0.009509202092885971,1,0.5,0.0,0.0,0.0,0,none,1,1,0,overconfident,0.95,0,stable,0.9740328166316112,0.0010612846804887721,0.8951637083619546,0.8992745562542941,1768237756.3553083,0.12438207119703293,0.13201184570789337
497,31808,31807,sea_nodrift,sea,ts_drift_adapt,1,"error_divergence_ph_meta@error.threshold=0.10,error.min_instances=5",error_divergence_ph_meta,"{""divergence"": {""alpha"": 0.1, ""delta"": 0.005, ""min_instances"": 30, ""threshold"": 0.05}, ""error_rate"": {""alpha"": 0.15, ""delta"": 0.005, ""min_instances"": 5, ""threshold"": 0.1}}","{""error_rate"": {""min_instances"": 5, ""threshold"": 0.1}}",0.1,0.005,0.15,5,0.05,0.005,0.1,30,,,,-1,two_stage,2,0.5,"__confirm_cooldown=200,__confirm_rule=perm_test,__perm_alpha=0.03,__perm_min_effect=0,__perm_n_perm=200,__perm_post_n=10,__perm_pre_n=500,__perm_rng_seed=0,__perm_side=two_sided,__perm_stat=vote_score,divergence=0.3,error_rate=0.5,teacher_entropy=0.2",3,0,200,0.0,0,10000,10.0,25.0,200,500,1,136,1.0,0.866385814889336,0.6741279389660025,0.0,0.19317243993282318,0.010899487882852554,0,0,98,97,-1,perm_test,0.004975124378109453,0.4465849125067027,97,97,0,0.0,0.0078103989362716675,0,0.0,0.0,0.0,0.0,0,none,0,1,0,overconfident,0.95,0,mild_drift,0.9671664083158056,0.001180642340244386,0.8475818541809773,0.877137278127147,1768237756.3650632,0.04370405152440071,0.0743793472647667
498,31872,31871,sea_nodrift,sea,ts_drift_adapt,1,"error_divergence_ph_meta@error.threshold=0.10,error.min_instances=5",error_divergence_ph_meta,"{""divergence"": {""alpha"": 0.1, ""delta"": 0.005, ""min_instances"": 30, ""threshold"": 0.05}, ""error_rate"": {""alpha"": 0.15, ""delta"": 0.005, ""min_instances"": 5, ""threshold"": 0.1}}","{""error_rate"": {""min_instances"": 5, ""threshold"": 0.1}}",0.1,0.005,0.15,5,0.05,0.005,0.1,30,,,,-1,two_stage,2,0.5,"__confirm_cooldown=200,__confirm_rule=perm_test,__perm_alpha=0.03,__perm_min_effect=0,__perm_n_perm=200,__perm_post_n=10,__perm_pre_n=500,__perm_rng_seed=0,__perm_side=two_sided,__perm_stat=vote_score,divergence=0.3,error_rate=0.5,teacher_entropy=0.2",3,0,200,0.0,0,10000,10.0,25.0,200,500,1,72,1.0,0.8664344879518072,0.6743384064710384,0.3333333333333333,0.22004152834415436,0.026019303128123283,0,0,98,97,-1,perm_test,0.004975124378109453,0.4465849125067027,97,97,0,0.0,0.3333333333333333,0,0.0,0.0,0.0,0.0,0,none,0,1,0,overconfident,0.95,0,mild_drift,0.9637332041579028,0.0012403211701221932,0.8237909270904886,0.8660686390635735,1768237756.3747077,0.48737046122550964,0.20140454173088074
499,31936,31935,sea_nodrift,sea,ts_drift_adapt,1,"error_divergence_ph_meta@error.threshold=0.10,error.min_instances=5",error_divergence_ph_meta,"{""divergence"": {""alpha"": 0.1, ""delta"": 0.005, ""min_instances"": 30, ""threshold"": 0.05}, ""error_rate"": {""alpha"": 0.15, ""delta"": 0.005, ""min_instances"": 5, ""threshold"": 0.1}}","{""error_rate"": {""min_instances"": 5, ""threshold"": 0.1}}",0.1,0.005,0.15,5,0.05,0.005,0.1,30,,,,-1,two_stage,2,0.5,"__confirm_cooldown=200,__confirm_rule=perm_test,__perm_alpha=0.03,__perm_min_effect=0,__perm_n_perm=200,__perm_post_n=10,__perm_pre_n=500,__perm_rng_seed=0,__perm_side=two_sided,__perm_stat=vote_score,divergence=0.3,error_rate=0.5,teacher_entropy=0.2",3,0,200,0.0,0,10000,10.0,25.0,200,500,1,8,1.0,0.8665769038076152,0.6746764194628813,0.0,0.2136741578578949,0.013012033887207508,0,0,98,97,-1,perm_test,0.004975124378109453,0.4465849125067027,97,97,0,0.0,0.3333333333333333,0,0.0,0.0,0.0,0.0,0,none,0,1,0,overconfident,0.95,0,mild_drift,0.9620166020789513,0.0012701605850610966,0.8118954635452443,0.8605343195317867,1768237756.3845313,0.015582614578306675,0.12563681602478027
500,32000,31999,sea_nodrift,sea,ts_drift_adapt,1,"error_divergence_ph_meta@error.threshold=0.10,error.min_instances=5",error_divergence_ph_meta,"{""divergence"": {""alpha"": 0.1, ""delta"": 0.005, ""min_instances"": 30, ""threshold"": 0.05}, ""error_rate"": {""alpha"": 0.15, ""delta"": 0.005, ""min_instances"": 5, ""threshold"": 0.1}}","{""error_rate"": {""min_instances"": 5, ""threshold"": 0.1}}",0.1,0.005,0.15,5,0.05,0.005,0.1,30,,,,-1,two_stage,2,0.5,"__confirm_cooldown=200,__confirm_rule=perm_test,__perm_alpha=0.03,__perm_min_effect=0,__perm_n_perm=200,__perm_post_n=10,__perm_pre_n=500,__perm_rng_seed=0,__perm_side=two_sided,__perm_stat=vote_score,divergence=0.3,error_rate=0.5,teacher_entropy=0.2",3,0,200,0.0,0,10000,10.0,25.0,200,500,0,0,1.0,0.86678125,0.6753711937738889,0.0,0.1556512862443924,0.010856496170163155,0,0,98,97,-1,perm_test,0.004975124378109453,0.4465849125067027,97,97,0,0.0,0.0021555377170443535,0,0.0,0.0,0.0,0.0,0,none,0,1,0,overconfident,0.95,0,mild_drift,0.9611583010394756,0.0012850802925305485,0.8059477317726222,0.8577671597658933,1768237756.3944683,0.05346387252211571,0.10226209461688995
501,32064,32063,sea_nodrift,sea,ts_drift_adapt,1,"error_divergence_ph_meta@error.threshold=0.10,error.min_instances=5",error_divergence_ph_meta,"{""divergence"": {""alpha"": 0.1, ""delta"": 0.005, ""min_instances"": 30, ""threshold"": 0.05}, ""error_rate"": {""alpha"": 0.15, ""delta"": 0.005, ""min_instances"": 5, ""threshold"": 0.1}}","{""error_rate"": {""min_instances"": 5, ""threshold"": 0.1}}",0.1,0.005,0.15,5,0.05,0.005,0.1,30,,,,-1,two_stage,2,0.5,"__confirm_cooldown=200,__confirm_rule=perm_test,__perm_alpha=0.03,__perm_min_effect=0,__perm_n_perm=200,__perm_post_n=10,__perm_pre_n=500,__perm_rng_seed=0,__perm_side=two_sided,__perm_stat=vote_score,divergence=0.3,error_rate=0.5,teacher_entropy=0.2",3,0,200,0.0,0,10000,10.0,25.0,200,500,0,0,1.0,0.8669535928143712,0.6757726454900932,0.0,0.17424196004867554,0.011290103197097778,1,1,99,98,0,perm_test,0.004975124378109453,0.44366988948399244,98,98,0,0.0,0.0004336070269346237,1,0.5,0.0,0.0,0.0,0,none,1,1,0,overconfident,0.95,0,stable,0.9755791505197378,0.0010425401462652742,0.9029738658863111,0.9013835798829467,1768237756.4109702,0.0794176533818245,0.1269114762544632
502,32128,32127,sea_nodrift,sea,ts_drift_adapt,1,"error_divergence_ph_meta@error.threshold=0.10,error.min_instances=5",error_divergence_ph_meta,"{""divergence"": {""alpha"": 0.1, ""delta"": 0.005, ""min_instances"": 30, ""threshold"": 0.05}, ""error_rate"": {""alpha"": 0.15, ""delta"": 0.005, ""min_instances"": 5, ""threshold"": 0.1}}","{""error_rate"": {""min_instances"": 5, ""threshold"": 0.1}}",0.1,0.005,0.15,5,0.05,0.005,0.1,30,,,,-1,two_stage,2,0.5,"__confirm_cooldown=200,__confirm_rule=perm_test,__perm_alpha=0.03,__perm_min_effect=0,__perm_n_perm=200,__perm_post_n=10,__perm_pre_n=500,__perm_rng_seed=0,__perm_side=two_sided,__perm_stat=vote_score,divergence=0.3,error_rate=0.5,teacher_entropy=0.2",3,0,200,0.0,0,10000,10.0,25.0,200,500,1,136,1.0,0.8670629980079682,0.6761018809204679,0.16666666666666666,0.2320263683795929,0.015035036951303482,0,0,99,98,-1,perm_test,0.004975124378109453,0.44366988948399244,98,98,0,0.0,0.16666666666666666,0,0.0,0.0,0.0,0.0,0,none,0,1,0,overconfident,0.95,0,mild_drift,0.9679395752598688,0.0011712700731326372,0.8514869329431556,0.8781917899414733,1768237756.42089,0.5758776664733887,0.12460023164749146
503,32192,32191,sea_nodrift,sea,ts_drift_adapt,1,"error_divergence_ph_meta@error.threshold=0.10,error.min_instances=5",error_divergence_ph_meta,"{""divergence"": {""alpha"": 0.1, ""delta"": 0.005, ""min_instances"": 30, ""threshold"": 0.05}, ""error_rate"": {""alpha"": 0.15, ""delta"": 0.005, ""min_instances"": 5, ""threshold"": 0.1}}","{""error_rate"": {""min_instances"": 5, ""threshold"": 0.1}}",0.1,0.005,0.15,5,0.05,0.005,0.1,30,,,,-1,two_stage,2,0.5,"__confirm_cooldown=200,__confirm_rule=perm_test,__perm_alpha=0.03,__perm_min_effect=0,__perm_n_perm=200,__perm_post_n=10,__perm_pre_n=500,__perm_rng_seed=0,__perm_side=two_sided,__perm_stat=vote_score,divergence=0.3,error_rate=0.5,teacher_entropy=0.2",3,0,200,0.0,0,10000,10.0,25.0,200,500,1,72,1.0,0.8672030318091452,0.6763496737495741,0.0,0.19851697981357574,0.015909476205706596,0,0,99,98,-1,perm_test,0.004975124378109453,0.44366988948399244,98,98,0,0.0,0.16666666666666666,0,0.0,0.0,0.0,0.0,0,none,0,1,0,overconfident,0.95,0,mild_drift,0.9641197876299343,0.0012356350365663187,0.8257434664715778,0.8665958949707366,1768237756.4304826,0.15605221688747406,0.1481936126947403
504,32256,32255,sea_nodrift,sea,ts_drift_adapt,1,"error_divergence_ph_meta@error.threshold=0.10,error.min_instances=5",error_divergence_ph_meta,"{""divergence"": {""alpha"": 0.1, ""delta"": 0.005, ""min_instances"": 30, ""threshold"": 0.05}, ""error_rate"": {""alpha"": 0.15, ""delta"": 0.005, ""min_instances"": 5, ""threshold"": 0.1}}","{""error_rate"": {""min_instances"": 5, ""threshold"": 0.1}}",0.1,0.005,0.15,5,0.05,0.005,0.1,30,,,,-1,two_stage,2,0.5,"__confirm_cooldown=200,__confirm_rule=perm_test,__perm_alpha=0.03,__perm_min_effect=0,__perm_n_perm=200,__perm_post_n=10,__perm_pre_n=500,__perm_rng_seed=0,__perm_side=two_sided,__perm_stat=vote_score,divergence=0.3,error_rate=0.5,teacher_entropy=0.2",3,0,200,0.0,0,10000,10.0,25.0,200,500,1,8,1.0,0.8674045138888888,0.6769358719111538,0.0,0.22110185027122498,0.022152645513415337,0,0,99,98,-1,perm_test,0.004975124378109453,0.44366988948399244,98,98,0,0.0,0.00624316930770874,0,0.0,0.0,0.0,0.0,0,none,0,1,0,overconfident,0.95,0,mild_drift,0.9622098938149671,0.0012678175182831595,0.8128717332357889,0.8607979474853683,1768237756.4402132,0.1157851442694664,0.2023845911026001
505,32320,32319,sea_nodrift,sea,ts_drift_adapt,1,"error_divergence_ph_meta@error.threshold=0.10,error.min_instances=5",error_divergence_ph_meta,"{""divergence"": {""alpha"": 0.1, ""delta"": 0.005, ""min_instances"": 30, ""threshold"": 0.05}, ""error_rate"": {""alpha"": 0.15, ""delta"": 0.005, ""min_instances"": 5, ""threshold"": 0.1}}","{""error_rate"": {""min_instances"": 5, ""threshold"": 0.1}}",0.1,0.005,0.15,5,0.05,0.005,0.1,30,,,,-1,two_stage,2,0.5,"__confirm_cooldown=200,__confirm_rule=perm_test,__perm_alpha=0.03,__perm_min_effect=0,__perm_n_perm=200,__perm_post_n=10,__perm_pre_n=500,__perm_rng_seed=0,__perm_side=two_sided,__perm_stat=vote_score,divergence=0.3,error_rate=0.5,teacher_entropy=0.2",3,0,200,0.0,0,10000,10.0,25.0,200,500,0,0,1.0,0.867605198019802,0.6774123511186734,0.16666666666666666,0.1511133760213852,0.010036968626081944,0,0,99,98,-1,perm_test,0.004975124378109453,0.44366988948399244,98,98,0,0.0,0.16666666666666666,0,0.0,0.0,0.0,0.0,0,none,0,1,0,overconfident,0.95,0,mild_drift,0.9612549469074836,0.0012839087591415797,0.8064358666178945,0.8578989737426841,1768237756.4501498,0.4363725483417511,0.08965516090393066
506,32384,32383,sea_nodrift,sea,ts_drift_adapt,1,"error_divergence_ph_meta@error.threshold=0.10,error.min_instances=5",error_divergence_ph_meta,"{""divergence"": {""alpha"": 0.1, ""delta"": 0.005, ""min_instances"": 30, ""threshold"": 0.05}, ""error_rate"": {""alpha"": 0.15, ""delta"": 0.005, ""min_instances"": 5, ""threshold"": 0.1}}","{""error_rate"": {""min_instances"": 5, ""threshold"": 0.1}}",0.1,0.005,0.15,5,0.05,0.005,0.1,30,,,,-1,two_stage,2,0.5,"__confirm_cooldown=200,__confirm_rule=perm_test,__perm_alpha=0.03,__perm_min_effect=0,__perm_n_perm=200,__perm_post_n=10,__perm_pre_n=500,__perm_rng_seed=0,__perm_side=two_sided,__perm_stat=vote_score,divergence=0.3,error_rate=0.5,teacher_entropy=0.2",3,0,200,0.0,0,10000,10.0,25.0,200,500,0,0,1.0,0.8678050889328063,0.6779107360941262,0.0,0.17576703429222107,0.01479372475296259,1,1,100,99,0,perm_test,0.004975124378109453,0.4365685470750097,99,99,0,0.0,0.16666666666666666,1,0.5,0.0,0.0,0.0,0,none,1,1,0,overconfident,0.95,0,stable,0.9756274734537418,0.0010419543795707898,0.9032179333089472,0.9014494868713421,1768237756.4667568,0.09113886952400208,0.13154862821102142
507,32448,32447,sea_nodrift,sea,ts_drift_adapt,1,"error_divergence_ph_meta@error.threshold=0.10,error.min_instances=5",error_divergence_ph_meta,"{""divergence"": {""alpha"": 0.1, ""delta"": 0.005, ""min_instances"": 30, ""threshold"": 0.05}, ""error_rate"": {""alpha"": 0.15, ""delta"": 0.005, ""min_instances"": 5, ""threshold"": 0.1}}","{""error_rate"": {""min_instances"": 5, ""threshold"": 0.1}}",0.1,0.005,0.15,5,0.05,0.005,0.1,30,,,,-1,two_stage,2,0.5,"__confirm_cooldown=200,__confirm_rule=perm_test,__perm_alpha=0.03,__perm_min_effect=0,__perm_n_perm=200,__perm_post_n=10,__perm_pre_n=500,__perm_rng_seed=0,__perm_side=two_sided,__perm_stat=vote_score,divergence=0.3,error_rate=0.5,teacher_entropy=0.2",3,0,200,0.0,0,10000,10.0,25.0,200,500,1,136,1.0,0.8679117357001972,0.6781553475169236,0.0,0.20962737500667572,0.009463690221309662,0,0,100,99,-1,perm_test,0.004975124378109453,0.4365685470750097,99,99,0,0.0,0.005330034531652927,0,0.0,0.0,0.0,0.0,0,none,0,1,0,overconfident,0.95,0,mild_drift,0.9679637367268709,0.001170977189785395,0.8516089666544736,0.878224743435671,1768237756.4764946,0.08995035290718079,0.07360778003931046
508,32512,32511,sea_nodrift,sea,ts_drift_adapt,1,"error_divergence_ph_meta@error.threshold=0.10,error.min_instances=5",error_divergence_ph_meta,"{""divergence"": {""alpha"": 0.1, ""delta"": 0.005, ""min_instances"": 30, ""threshold"": 0.05}, ""error_rate"": {""alpha"": 0.15, ""delta"": 0.005, ""min_instances"": 5, ""threshold"": 0.1}}","{""error_rate"": {""min_instances"": 5, ""threshold"": 0.1}}",0.1,0.005,0.15,5,0.05,0.005,0.1,30,,,,-1,two_stage,2,0.5,"__confirm_cooldown=200,__confirm_rule=perm_test,__perm_alpha=0.03,__perm_min_effect=0,__perm_n_perm=200,__perm_post_n=10,__perm_pre_n=500,__perm_rng_seed=0,__perm_side=two_sided,__perm_stat=vote_score,divergence=0.3,error_rate=0.5,teacher_entropy=0.2",3,0,200,0.0,0,10000,10.0,25.0,200,500,1,72,1.0,0.8680794783464567,0.6786283458990439,0.0,0.22265663743019104,0.017552416771650314,0,0,100,99,-1,perm_test,0.004975124378109453,0.4365685470750097,99,99,0,0.0,0.008088726550340652,0,0.0,0.0,0.0,0.0,0,none,0,1,0,overconfident,0.95,0,mild_drift,0.9641318683634355,0.0012354885948926975,0.8258044833272369,0.8666123717178356,1768237756.4861188,0.016887517645955086,0.15013742446899414
509,32576,32575,sea_nodrift,sea,ts_drift_adapt,1,"error_divergence_ph_meta@error.threshold=0.10,error.min_instances=5",error_divergence_ph_meta,"{""divergence"": {""alpha"": 0.1, ""delta"": 0.005, ""min_instances"": 30, ""threshold"": 0.05}, ""error_rate"": {""alpha"": 0.15, ""delta"": 0.005, ""min_instances"": 5, ""threshold"": 0.1}}","{""error_rate"": {""min_instances"": 5, ""threshold"": 0.1}}",0.1,0.005,0.15,5,0.05,0.005,0.1,30,,,,-1,two_stage,2,0.5,"__confirm_cooldown=200,__confirm_rule=perm_test,__perm_alpha=0.03,__perm_min_effect=0,__perm_n_perm=200,__perm_post_n=10,__perm_pre_n=500,__perm_rng_seed=0,__perm_side=two_sided,__perm_stat=vote_score,divergence=0.3,error_rate=0.5,teacher_entropy=0.2",3,0,200,0.0,0,10000,10.0,25.0,200,500,1,8,1.0,0.8681544695481336,0.678698813637967,0.0,0.20463471114635468,0.02713896334171295,0,0,100,99,-1,perm_test,0.004975124378109453,0.4365685470750097,99,99,0,0.0,0.009586546570062637,0,0.0,0.0,0.0,0.0,0,none,0,1,0,overconfident,0.95,0,mild_drift,0.9622159341817177,0.0012677442974463487,0.8129022416636185,0.8608061858589178,1768237756.4958816,0.03195841982960701,0.20283576846122742
510,32640,32639,sea_nodrift,sea,ts_drift_adapt,1,"error_divergence_ph_meta@error.threshold=0.10,error.min_instances=5",error_divergence_ph_meta,"{""divergence"": {""alpha"": 0.1, ""delta"": 0.005, ""min_instances"": 30, ""threshold"": 0.05}, ""error_rate"": {""alpha"": 0.15, ""delta"": 0.005, ""min_instances"": 5, ""threshold"": 0.1}}","{""error_rate"": {""min_instances"": 5, ""threshold"": 0.1}}",0.1,0.005,0.15,5,0.05,0.005,0.1,30,,,,-1,two_stage,2,0.5,"__confirm_cooldown=200,__confirm_rule=perm_test,__perm_alpha=0.03,__perm_min_effect=0,__perm_n_perm=200,__perm_post_n=10,__perm_pre_n=500,__perm_rng_seed=0,__perm_side=two_sided,__perm_stat=vote_score,divergence=0.3,error_rate=0.5,teacher_entropy=0.2",3,0,200,0.0,0,10000,10.0,25.0,200,500,0,0,1.0,0.8682291666666667,0.6788541021969324,0.3333333333333333,0.22481979429721832,0.01921083778142929,0,0,100,99,-1,perm_test,0.004975124378109453,0.4365685470750097,99,99,0,0.0,0.3333333333333333,0,0.0,0.0,0.0,0.0,0,none,0,1,0,overconfident,0.95,0,mild_drift,0.9612579670908588,0.0012838721487231745,0.8064511208318093,0.8579030929294589,1768237756.5057445,0.33295318484306335,0.13668668270111084
511,32704,32703,sea_nodrift,sea,ts_drift_adapt,1,"error_divergence_ph_meta@error.threshold=0.10,error.min_instances=5",error_divergence_ph_meta,"{""divergence"": {""alpha"": 0.1, ""delta"": 0.005, ""min_instances"": 30, ""threshold"": 0.05}, ""error_rate"": {""alpha"": 0.15, ""delta"": 0.005, ""min_instances"": 5, ""threshold"": 0.1}}","{""error_rate"": {""min_instances"": 5, ""threshold"": 0.1}}",0.1,0.005,0.15,5,0.05,0.005,0.1,30,,,,-1,two_stage,2,0.5,"__confirm_cooldown=200,__confirm_rule=perm_test,__perm_alpha=0.03,__perm_min_effect=0,__perm_n_perm=200,__perm_post_n=10,__perm_pre_n=500,__perm_rng_seed=0,__perm_side=two_sided,__perm_stat=vote_score,divergence=0.3,error_rate=0.5,teacher_entropy=0.2",3,0,200,0.0,0,10000,10.0,25.0,200,500,0,0,1.0,0.8683035714285714,0.6790672657320533,0.16666666666666666,0.17852605879306793,0.02507220208644867,1,1,101,100,0,perm_test,0.004975124378109453,0.4412427648827301,100,100,0,0.16666666666666666,0.16666666666666666,1,0.5,0.0,0.0,0.0,0,none,1,1,0,overconfident,0.95,0,severe_drift,0.9261289835454294,0.0016419360743615873,0.6532255604159046,0.8339515464647295,1768237756.5222983,0.2884103059768677,0.21944627165794373
512,32768,32767,sea_nodrift,sea,ts_drift_adapt,1,"error_divergence_ph_meta@error.threshold=0.10,error.min_instances=5",error_divergence_ph_meta,"{""divergence"": {""alpha"": 0.1, ""delta"": 0.005, ""min_instances"": 30, ""threshold"": 0.05}, ""error_rate"": {""alpha"": 0.15, ""delta"": 0.005, ""min_instances"": 5, ""threshold"": 0.1}}","{""error_rate"": {""min_instances"": 5, ""threshold"": 0.1}}",0.1,0.005,0.15,5,0.05,0.005,0.1,30,,,,-1,two_stage,2,0.5,"__confirm_cooldown=200,__confirm_rule=perm_test,__perm_alpha=0.03,__perm_min_effect=0,__perm_n_perm=200,__perm_post_n=10,__perm_pre_n=500,__perm_rng_seed=0,__perm_side=two_sided,__perm_stat=vote_score,divergence=0.3,error_rate=0.5,teacher_entropy=0.2",3,0,200,0.0,0,10000,10.0,25.0,200,500,1,136,1.0,0.868316650390625,0.6791979571391311,0.3333333333333333,0.20915889739990234,0.01301480084657669,0,0,101,100,-1,perm_test,0.004975124378109453,0.4412427648827301,100,100,0,0.0,0.16666666666666666,0,0.0,0.0,0.0,0.0,0,none,0,1,0,overconfident,0.95,0,mild_drift,0.9432144917727147,0.0014709680371807936,0.7266127802079523,0.8444757732323647,1768237756.5320566,0.44986286759376526,0.12196838855743408
513,32832,32831,sea_nodrift,sea,ts_drift_adapt,1,"error_divergence_ph_meta@error.threshold=0.10,error.min_instances=5",error_divergence_ph_meta,"{""divergence"": {""alpha"": 0.1, ""delta"": 0.005, ""min_instances"": 30, ""threshold"": 0.05}, ""error_rate"": {""alpha"": 0.15, ""delta"": 0.005, ""min_instances"": 5, ""threshold"": 0.1}}","{""error_rate"": {""min_instances"": 5, ""threshold"": 0.1}}",0.1,0.005,0.15,5,0.05,0.005,0.1,30,,,,-1,two_stage,2,0.5,"__confirm_cooldown=200,__confirm_rule=perm_test,__perm_alpha=0.03,__perm_min_effect=0,__perm_n_perm=200,__perm_post_n=10,__perm_pre_n=500,__perm_rng_seed=0,__perm_side=two_sided,__perm_stat=vote_score,divergence=0.3,error_rate=0.5,teacher_entropy=0.2",3,0,200,0.0,0,10000,10.0,25.0,200,500,1,72,1.0,0.8684819688109162,0.6797769864754304,0.0,0.19948886334896088,0.019245842471718788,0,0,101,100,-1,perm_test,0.004975124378109453,0.4412427648827301,100,100,0,0.0,0.3333333333333333,0,0.0,0.0,0.0,0.0,0,none,0,1,0,overconfident,0.95,0,mild_drift,0.9517572458863572,0.0013854840185903968,0.7633063901039762,0.8497378866161823,1768237756.541675,0.15693895518779755,0.15651263296604156
514,32896,32895,sea_nodrift,sea,ts_drift_adapt,1,"error_divergence_ph_meta@error.threshold=0.10,error.min_instances=5",error_divergence_ph_meta,"{""divergence"": {""alpha"": 0.1, ""delta"": 0.005, ""min_instances"": 30, ""threshold"": 0.05}, ""error_rate"": {""alpha"": 0.15, ""delta"": 0.005, ""min_instances"": 5, ""threshold"": 0.1}}","{""error_rate"": {""min_instances"": 5, ""threshold"": 0.1}}",0.1,0.005,0.15,5,0.05,0.005,0.1,30,,,,-1,two_stage,2,0.5,"__confirm_cooldown=200,__confirm_rule=perm_test,__perm_alpha=0.03,__perm_min_effect=0,__perm_n_perm=200,__perm_post_n=10,__perm_pre_n=500,__perm_rng_seed=0,__perm_side=two_sided,__perm_stat=vote_score,divergence=0.3,error_rate=0.5,teacher_entropy=0.2",3,0,200,0.0,0,10000,10.0,25.0,200,500,1,8,1.0,0.8686770428015564,0.6802221442822185,0.0,0.17765453457832336,0.013028786517679691,0,0,101,100,-1,perm_test,0.004975124378109453,0.4412427648827301,100,100,0,0.0,0.006217055954039097,0,0.0,0.0,0.0,0.0,0,none,0,1,0,overconfident,0.95,0,mild_drift,0.9560286229431786,0.0013427420092951984,0.781653195051988,0.8523689433080912,1768237756.5513642,0.13063746690750122,0.11630268394947052
515,32960,32959,sea_nodrift,sea,ts_drift_adapt,1,"error_divergence_ph_meta@error.threshold=0.10,error.min_instances=5",error_divergence_ph_meta,"{""divergence"": {""alpha"": 0.1, ""delta"": 0.005, ""min_instances"": 30, ""threshold"": 0.05}, ""error_rate"": {""alpha"": 0.15, ""delta"": 0.005, ""min_instances"": 5, ""threshold"": 0.1}}","{""error_rate"": {""min_instances"": 5, ""threshold"": 0.1}}",0.1,0.005,0.15,5,0.05,0.005,0.1,30,,,,-1,two_stage,2,0.5,"__confirm_cooldown=200,__confirm_rule=perm_test,__perm_alpha=0.03,__perm_min_effect=0,__perm_n_perm=200,__perm_post_n=10,__perm_pre_n=500,__perm_rng_seed=0,__perm_side=two_sided,__perm_stat=vote_score,divergence=0.3,error_rate=0.5,teacher_entropy=0.2",3,0,200,0.0,0,10000,10.0,25.0,200,500,0,0,1.0,0.8688410194174757,0.680557150559366,0.0,0.20458628237247467,0.021862657740712166,0,0,101,100,-1,perm_test,0.004975124378109453,0.4412427648827301,100,100,0,0.0,0.008833871223032475,0,0.0,0.0,0.0,0.0,0,none,0,1,0,overconfident,0.95,0,mild_drift,0.9581643114715892,0.0013213710046475991,0.790826597525994,0.8536844716540456,1768237756.5612063,0.21082963049411774,0.15309025347232819
516,33024,33023,sea_nodrift,sea,ts_drift_adapt,1,"error_divergence_ph_meta@error.threshold=0.10,error.min_instances=5",error_divergence_ph_meta,"{""divergence"": {""alpha"": 0.1, ""delta"": 0.005, ""min_instances"": 30, ""threshold"": 0.05}, ""error_rate"": {""alpha"": 0.15, ""delta"": 0.005, ""min_instances"": 5, ""threshold"": 0.1}}","{""error_rate"": {""min_instances"": 5, ""threshold"": 0.1}}",0.1,0.005,0.15,5,0.05,0.005,0.1,30,,,,-1,two_stage,2,0.5,"__confirm_cooldown=200,__confirm_rule=perm_test,__perm_alpha=0.03,__perm_min_effect=0,__perm_n_perm=200,__perm_post_n=10,__perm_pre_n=500,__perm_rng_seed=0,__perm_side=two_sided,__perm_stat=vote_score,divergence=0.3,error_rate=0.5,teacher_entropy=0.2",3,0,200,0.0,0,10000,10.0,25.0,200,500,0,0,1.0,0.8689437984496124,0.6807722780546884,0.16666666666666666,0.17649321258068085,0.010560995899140835,1,1,102,101,0,perm_test,0.004975124378109453,0.4511455702840265,101,101,0,0.0,0.16666666666666666,1,0.5,0.0,0.0,0.0,0,none,1,1,0,overconfident,0.95,0,stable,0.9740821557357946,0.0010606855023237995,0.895413298762997,0.8993422358270229,1768237756.5776808,0.2502800226211548,0.09939659386873245
517,33088,33087,sea_nodrift,sea,ts_drift_adapt,1,"error_divergence_ph_meta@error.threshold=0.10,error.min_instances=5",error_divergence_ph_meta,"{""divergence"": {""alpha"": 0.1, ""delta"": 0.005, ""min_instances"": 30, ""threshold"": 0.05}, ""error_rate"": {""alpha"": 0.15, ""delta"": 0.005, ""min_instances"": 5, ""threshold"": 0.1}}","{""error_rate"": {""min_instances"": 5, ""threshold"": 0.1}}",0.1,0.005,0.15,5,0.05,0.005,0.1,30,,,,-1,two_stage,2,0.5,"__confirm_cooldown=200,__confirm_rule=perm_test,__perm_alpha=0.03,__perm_min_effect=0,__perm_n_perm=200,__perm_post_n=10,__perm_pre_n=500,__perm_rng_seed=0,__perm_side=two_sided,__perm_stat=vote_score,divergence=0.3,error_rate=0.5,teacher_entropy=0.2",3,0,200,0.0,0,10000,10.0,25.0,200,500,1,136,1.0,0.8690461798839458,0.6810669054411672,0.0,0.19521373510360718,0.01240525208413601,0,0,102,101,-1,perm_test,0.004975124378109453,0.4511455702840265,101,101,0,0.0,0.16666666666666666,0,0.0,0.0,0.0,0.0,0,none,0,1,0,overconfident,0.95,0,mild_drift,0.9671910778678973,0.0011803427511618998,0.8477066493814985,0.8771711179135114,1768237756.5874727,0.14780773222446442,0.10921347141265869
518,33152,33151,sea_nodrift,sea,ts_drift_adapt,1,"error_divergence_ph_meta@error.threshold=0.10,error.min_instances=5",error_divergence_ph_meta,"{""divergence"": {""alpha"": 0.1, ""delta"": 0.005, ""min_instances"": 30, ""threshold"": 0.05}, ""error_rate"": {""alpha"": 0.15, ""delta"": 0.005, ""min_instances"": 5, ""threshold"": 0.1}}","{""error_rate"": {""min_instances"": 5, ""threshold"": 0.1}}",0.1,0.005,0.15,5,0.05,0.005,0.1,30,,,,-1,two_stage,2,0.5,"__confirm_cooldown=200,__confirm_rule=perm_test,__perm_alpha=0.03,__perm_min_effect=0,__perm_n_perm=200,__perm_post_n=10,__perm_pre_n=500,__perm_rng_seed=0,__perm_side=two_sided,__perm_stat=vote_score,divergence=0.3,error_rate=0.5,teacher_entropy=0.2",3,0,200,0.0,0,10000,10.0,25.0,200,500,1,72,1.0,0.8692386583011583,0.6814863572831892,0.0,0.16718117892742157,0.011596268974244595,0,0,102,101,-1,perm_test,0.004975124378109453,0.4511455702840265,101,101,0,0.0,0.0008089831098914146,0,0.0,0.0,0.0,0.0,0,none,0,1,0,overconfident,0.95,0,mild_drift,0.9637455389339487,0.00124017137558095,0.8238533246907493,0.8660855589567558,1768237756.5970497,0.04372154548764229,0.09651383757591248
519,33216,33215,sea_nodrift,sea,ts_drift_adapt,1,"error_divergence_ph_meta@error.threshold=0.10,error.min_instances=5",error_divergence_ph_meta,"{""divergence"": {""alpha"": 0.1, ""delta"": 0.005, ""min_instances"": 30, ""threshold"": 0.05}, ""error_rate"": {""alpha"": 0.15, ""delta"": 0.005, ""min_instances"": 5, ""threshold"": 0.1}}","{""error_rate"": {""min_instances"": 5, ""threshold"": 0.1}}",0.1,0.005,0.15,5,0.05,0.005,0.1,30,,,,-1,two_stage,2,0.5,"__confirm_cooldown=200,__confirm_rule=perm_test,__perm_alpha=0.03,__perm_min_effect=0,__perm_n_perm=200,__perm_post_n=10,__perm_pre_n=500,__perm_rng_seed=0,__perm_side=two_sided,__perm_stat=vote_score,divergence=0.3,error_rate=0.5,teacher_entropy=0.2",3,0,200,0.0,0,10000,10.0,25.0,200,500,1,8,1.0,0.8693400770712909,0.681815376865456,0.0,0.24440549314022064,0.011611745692789555,0,0,102,101,-1,perm_test,0.004975124378109453,0.4511455702840265,101,101,0,0.0,1.5476718544960022e-05,0,0.0,0.0,0.0,0.0,0,none,0,1,0,overconfident,0.95,0,mild_drift,0.9620227694669743,0.001270085687790475,0.8119266623453747,0.8605427794783779,1768237756.6066844,0.1087045893073082,0.10606805980205536
520,33280,33279,sea_nodrift,sea,ts_drift_adapt,1,"error_divergence_ph_meta@error.threshold=0.10,error.min_instances=5",error_divergence_ph_meta,"{""divergence"": {""alpha"": 0.1, ""delta"": 0.005, ""min_instances"": 30, ""threshold"": 0.05}, ""error_rate"": {""alpha"": 0.15, ""delta"": 0.005, ""min_instances"": 5, ""threshold"": 0.1}}","{""error_rate"": {""min_instances"": 5, ""threshold"": 0.1}}",0.1,0.005,0.15,5,0.05,0.005,0.1,30,,,,-1,two_stage,2,0.5,"__confirm_cooldown=200,__confirm_rule=perm_test,__perm_alpha=0.03,__perm_min_effect=0,__perm_n_perm=200,__perm_post_n=10,__perm_pre_n=500,__perm_rng_seed=0,__perm_side=two_sided,__perm_stat=vote_score,divergence=0.3,error_rate=0.5,teacher_entropy=0.2",3,0,200,0.0,0,10000,10.0,25.0,200,500,0,0,1.0,0.8694411057692307,0.6822251552706308,0.0,0.17273138463497162,0.015214473009109497,0,0,102,101,-1,perm_test,0.004975124378109453,0.4511455702840265,101,101,0,0.0,0.0036027273163199425,0,0.0,0.0,0.0,0.0,0,none,0,1,0,overconfident,0.95,0,mild_drift,0.9611613847334871,0.0012850428438952377,0.8059633311726874,0.857771389739189,1768237756.6164706,0.03389248251914978,0.1414555460214615
521,33344,33343,sea_nodrift,sea,ts_drift_adapt,1,"error_divergence_ph_meta@error.threshold=0.10,error.min_instances=5",error_divergence_ph_meta,"{""divergence"": {""alpha"": 0.1, ""delta"": 0.005, ""min_instances"": 30, ""threshold"": 0.05}, ""error_rate"": {""alpha"": 0.15, ""delta"": 0.005, ""min_instances"": 5, ""threshold"": 0.1}}","{""error_rate"": {""min_instances"": 5, ""threshold"": 0.1}}",0.1,0.005,0.15,5,0.05,0.005,0.1,30,,,,-1,two_stage,2,0.5,"__confirm_cooldown=200,__confirm_rule=perm_test,__perm_alpha=0.03,__perm_min_effect=0,__perm_n_perm=200,__perm_post_n=10,__perm_pre_n=500,__perm_rng_seed=0,__perm_side=two_sided,__perm_stat=vote_score,divergence=0.3,error_rate=0.5,teacher_entropy=0.2",3,0,200,0.0,0,10000,10.0,25.0,200,500,0,0,1.0,0.8695717370441459,0.6826154349802012,0.3333333333333333,0.13128803670406342,0.004175285808742046,1,1,103,102,0,perm_test,0.004975124378109453,0.45174048482376844,102,102,0,0.16666666666666666,0.3333333333333333,1,0.5,0.0,0.0,0.0,0,none,1,1,0,overconfident,0.95,0,severe_drift,0.9260806923667435,0.0016425214219476189,0.6529816655863436,0.8338856948695945,1768237756.6329432,0.36293259263038635,0.04524007439613342
522,33408,33407,sea_nodrift,sea,ts_drift_adapt,1,"error_divergence_ph_meta@error.threshold=0.10,error.min_instances=5",error_divergence_ph_meta,"{""divergence"": {""alpha"": 0.1, ""delta"": 0.005, ""min_instances"": 30, ""threshold"": 0.05}, ""error_rate"": {""alpha"": 0.15, ""delta"": 0.005, ""min_instances"": 5, ""threshold"": 0.1}}","{""error_rate"": {""min_instances"": 5, ""threshold"": 0.1}}",0.1,0.005,0.15,5,0.05,0.005,0.1,30,,,,-1,two_stage,2,0.5,"__confirm_cooldown=200,__confirm_rule=perm_test,__perm_alpha=0.03,__perm_min_effect=0,__perm_n_perm=200,__perm_post_n=10,__perm_pre_n=500,__perm_rng_seed=0,__perm_side=two_sided,__perm_stat=vote_score,divergence=0.3,error_rate=0.5,teacher_entropy=0.2",3,0,200,0.0,0,10000,10.0,25.0,200,500,1,136,1.0,0.8697318007662835,0.6829445599517414,0.0,0.19187374413013458,0.01725025288760662,0,0,103,102,-1,perm_test,0.004975124378109453,0.45174048482376844,102,102,0,0.0,0.3333333333333333,0,0.0,0.0,0.0,0.0,0,none,0,1,0,overconfident,0.95,0,mild_drift,0.9431903461833717,0.0014712607109738096,0.7264908327931718,0.8444428474347973,1768237756.6427026,0.03011329285800457,0.13260550796985626
523,33472,33471,sea_nodrift,sea,ts_drift_adapt,1,"error_divergence_ph_meta@error.threshold=0.10,error.min_instances=5",error_divergence_ph_meta,"{""divergence"": {""alpha"": 0.1, ""delta"": 0.005, ""min_instances"": 30, ""threshold"": 0.05}, ""error_rate"": {""alpha"": 0.15, ""delta"": 0.005, ""min_instances"": 5, ""threshold"": 0.1}}","{""error_rate"": {""min_instances"": 5, ""threshold"": 0.1}}",0.1,0.005,0.15,5,0.05,0.005,0.1,30,,,,-1,two_stage,2,0.5,"__confirm_cooldown=200,__confirm_rule=perm_test,__perm_alpha=0.03,__perm_min_effect=0,__perm_n_perm=200,__perm_post_n=10,__perm_pre_n=500,__perm_rng_seed=0,__perm_side=two_sided,__perm_stat=vote_score,divergence=0.3,error_rate=0.5,teacher_entropy=0.2",3,0,200,0.0,0,10000,10.0,25.0,200,500,1,72,1.0,0.8699211281070746,0.6832946828791331,0.0,0.1738668531179428,0.0164997186511755,0,0,103,102,-1,perm_test,0.004975124378109453,0.45174048482376844,102,102,0,0.0,0.0007505342364311218,0,0.0,0.0,0.0,0.0,0,none,0,1,0,overconfident,0.95,0,mild_drift,0.9517451730916858,0.0013856303554869048,0.7632454163965859,0.8497214237173987,1768237756.6523116,0.11623656004667282,0.1556711345911026
524,33536,33535,sea_nodrift,sea,ts_drift_adapt,1,"error_divergence_ph_meta@error.threshold=0.10,error.min_instances=5",error_divergence_ph_meta,"{""divergence"": {""alpha"": 0.1, ""delta"": 0.005, ""min_instances"": 30, ""threshold"": 0.05}, ""error_rate"": {""alpha"": 0.15, ""delta"": 0.005, ""min_instances"": 5, ""threshold"": 0.1}}","{""error_rate"": {""min_instances"": 5, ""threshold"": 0.1}}",0.1,0.005,0.15,5,0.05,0.005,0.1,30,,,,-1,two_stage,2,0.5,"__confirm_cooldown=200,__confirm_rule=perm_test,__perm_alpha=0.03,__perm_min_effect=0,__perm_n_perm=200,__perm_post_n=10,__perm_pre_n=500,__perm_rng_seed=0,__perm_side=two_sided,__perm_stat=vote_score,divergence=0.3,error_rate=0.5,teacher_entropy=0.2",3,0,200,0.0,0,10000,10.0,25.0,200,500,1,8,1.0,0.8700799141221374,0.6837559559014417,0.16666666666666666,0.156826451420784,0.008517289534211159,0,0,103,102,-1,perm_test,0.004975124378109453,0.45174048482376844,102,102,0,0.0,0.16666666666666666,0,0.0,0.0,0.0,0.0,0,none,0,1,0,overconfident,0.95,0,mild_drift,0.9560225865458429,0.0013428151777434526,0.7816227081982929,0.8523607118586993,1768237756.6619008,0.29482945799827576,0.09347189962863922
525,33600,33599,sea_nodrift,sea,ts_drift_adapt,1,"error_divergence_ph_meta@error.threshold=0.10,error.min_instances=5",error_divergence_ph_meta,"{""divergence"": {""alpha"": 0.1, ""delta"": 0.005, ""min_instances"": 30, ""threshold"": 0.05}, ""error_rate"": {""alpha"": 0.15, ""delta"": 0.005, ""min_instances"": 5, ""threshold"": 0.1}}","{""error_rate"": {""min_instances"": 5, ""threshold"": 0.1}}",0.1,0.005,0.15,5,0.05,0.005,0.1,30,,,,-1,two_stage,2,0.5,"__confirm_cooldown=200,__confirm_rule=perm_test,__perm_alpha=0.03,__perm_min_effect=0,__perm_n_perm=200,__perm_post_n=10,__perm_pre_n=500,__perm_rng_seed=0,__perm_side=two_sided,__perm_stat=vote_score,divergence=0.3,error_rate=0.5,teacher_entropy=0.2",3,0,200,0.0,0,10000,10.0,25.0,200,500,0,0,1.0,0.8703273809523809,0.6843266020587961,0.0,0.151024729013443,0.00802831444889307,0,0,103,102,-1,perm_test,0.004975124378109453,0.45174048482376844,102,102,0,0.0,0.16666666666666666,0,0.0,0.0,0.0,0.0,0,none,0,1,0,overconfident,0.95,0,mild_drift,0.9581612932729214,0.0013214075888717263,0.7908113540991465,0.8536803559293497,1768237756.6715426,0.08445373177528381,0.07418571412563324
526,33664,33663,sea_nodrift,sea,ts_drift_adapt,1,"error_divergence_ph_meta@error.threshold=0.10,error.min_instances=5",error_divergence_ph_meta,"{""divergence"": {""alpha"": 0.1, ""delta"": 0.005, ""min_instances"": 30, ""threshold"": 0.05}, ""error_rate"": {""alpha"": 0.15, ""delta"": 0.005, ""min_instances"": 5, ""threshold"": 0.1}}","{""error_rate"": {""min_instances"": 5, ""threshold"": 0.1}}",0.1,0.005,0.15,5,0.05,0.005,0.1,30,,,,-1,two_stage,2,0.5,"__confirm_cooldown=200,__confirm_rule=perm_test,__perm_alpha=0.03,__perm_min_effect=0,__perm_n_perm=200,__perm_post_n=10,__perm_pre_n=500,__perm_rng_seed=0,__perm_side=two_sided,__perm_stat=vote_score,divergence=0.3,error_rate=0.5,teacher_entropy=0.2",3,0,200,0.0,0,10000,10.0,25.0,200,500,0,0,1.0,0.8705144961977186,0.6848311582419778,0.0,0.14462853968143463,0.013744942843914032,1,1,104,103,0,perm_test,0.004975124378109453,0.4257001159561996,103,103,0,0.3333333333333333,0.005716628395020962,1,0.5,0.0,0.0,0.0,0,none,1,1,0,overconfident,0.95,0,severe_drift,0.9245806466364608,0.0016607037944358631,0.6454056770495733,0.8318401779646749,1768237756.6880014,0.15963903069496155,0.11989715695381165
527,33728,33727,sea_nodrift,sea,ts_drift_adapt,1,"error_divergence_ph_meta@error.threshold=0.10,error.min_instances=5",error_divergence_ph_meta,"{""divergence"": {""alpha"": 0.1, ""delta"": 0.005, ""min_instances"": 30, ""threshold"": 0.05}, ""error_rate"": {""alpha"": 0.15, ""delta"": 0.005, ""min_instances"": 5, ""threshold"": 0.1}}","{""error_rate"": {""min_instances"": 5, ""threshold"": 0.1}}",0.1,0.005,0.15,5,0.05,0.005,0.1,30,,,,-1,two_stage,2,0.5,"__confirm_cooldown=200,__confirm_rule=perm_test,__perm_alpha=0.03,__perm_min_effect=0,__perm_n_perm=200,__perm_post_n=10,__perm_pre_n=500,__perm_rng_seed=0,__perm_side=two_sided,__perm_stat=vote_score,divergence=0.3,error_rate=0.5,teacher_entropy=0.2",3,0,200,0.0,0,10000,10.0,25.0,200,500,1,136,1.0,0.870611954459203,0.6851642132593596,0.16666666666666666,0.17876486480236053,0.023677252233028412,0,0,104,103,-1,perm_test,0.004975124378109453,0.4257001159561996,103,103,0,0.0,0.16666666666666666,0,0.0,0.0,0.0,0.0,0,none,0,1,0,overconfident,0.95,0,mild_drift,0.9424403233182304,0.0014803518972179317,0.7227028385247867,0.8434200889823374,1768237756.6977348,0.42466604709625244,0.17850476503372192
528,33792,33791,sea_nodrift,sea,ts_drift_adapt,1,"error_divergence_ph_meta@error.threshold=0.10,error.min_instances=5",error_divergence_ph_meta,"{""divergence"": {""alpha"": 0.1, ""delta"": 0.005, ""min_instances"": 30, ""threshold"": 0.05}, ""error_rate"": {""alpha"": 0.15, ""delta"": 0.005, ""min_instances"": 5, ""threshold"": 0.1}}","{""error_rate"": {""min_instances"": 5, ""threshold"": 0.1}}",0.1,0.005,0.15,5,0.05,0.005,0.1,30,,,,-1,two_stage,2,0.5,"__confirm_cooldown=200,__confirm_rule=perm_test,__perm_alpha=0.03,__perm_min_effect=0,__perm_n_perm=200,__perm_post_n=10,__perm_pre_n=500,__perm_rng_seed=0,__perm_side=two_sided,__perm_stat=vote_score,divergence=0.3,error_rate=0.5,teacher_entropy=0.2",3,0,200,0.0,0,10000,10.0,25.0,200,500,1,72,1.0,0.8707682291666666,0.6855211699012477,0.3333333333333333,0.126339390873909,0.010374078527092934,0,0,104,103,-1,perm_test,0.004975124378109453,0.4257001159561996,103,103,0,0.0,0.16666666666666666,0,0.0,0.0,0.0,0.0,0,none,0,1,0,overconfident,0.95,0,mild_drift,0.9513701616591151,0.001390175948608966,0.7613514192623934,0.8492100444911688,1768237756.7073612,0.638555109500885,0.10868968069553375
529,33856,33855,sea_nodrift,sea,ts_drift_adapt,1,"error_divergence_ph_meta@error.threshold=0.10,error.min_instances=5",error_divergence_ph_meta,"{""divergence"": {""alpha"": 0.1, ""delta"": 0.005, ""min_instances"": 30, ""threshold"": 0.05}, ""error_rate"": {""alpha"": 0.15, ""delta"": 0.005, ""min_instances"": 5, ""threshold"": 0.1}}","{""error_rate"": {""min_instances"": 5, ""threshold"": 0.1}}",0.1,0.005,0.15,5,0.05,0.005,0.1,30,,,,-1,two_stage,2,0.5,"__confirm_cooldown=200,__confirm_rule=perm_test,__perm_alpha=0.03,__perm_min_effect=0,__perm_n_perm=200,__perm_post_n=10,__perm_pre_n=500,__perm_rng_seed=0,__perm_side=two_sided,__perm_stat=vote_score,divergence=0.3,error_rate=0.5,teacher_entropy=0.2",3,0,200,0.0,0,10000,10.0,25.0,200,500,1,8,1.0,0.8708353024574669,0.6856804448472881,0.0,0.22233591973781586,0.007802113424986601,0,0,104,103,-1,perm_test,0.004975124378109453,0.4257001159561996,103,103,0,0.0,0.3333333333333333,0,0.0,0.0,0.0,0.0,0,none,0,1,0,overconfident,0.95,0,mild_drift,0.9558350808295575,0.001345087974304483,0.7806757096311967,0.8521050222455844,1768237756.717033,0.021229034289717674,0.08258071541786194
530,33920,33919,sea_nodrift,sea,ts_drift_adapt,1,"error_divergence_ph_meta@error.threshold=0.10,error.min_instances=5",error_divergence_ph_meta,"{""divergence"": {""alpha"": 0.1, ""delta"": 0.005, ""min_instances"": 30, ""threshold"": 0.05}, ""error_rate"": {""alpha"": 0.15, ""delta"": 0.005, ""min_instances"": 5, ""threshold"": 0.1}}","{""error_rate"": {""min_instances"": 5, ""threshold"": 0.1}}",0.1,0.005,0.15,5,0.05,0.005,0.1,30,,,,-1,two_stage,2,0.5,"__confirm_cooldown=200,__confirm_rule=perm_test,__perm_alpha=0.03,__perm_min_effect=0,__perm_n_perm=200,__perm_post_n=10,__perm_pre_n=500,__perm_rng_seed=0,__perm_side=two_sided,__perm_stat=vote_score,divergence=0.3,error_rate=0.5,teacher_entropy=0.2",3,0,200,0.0,0,10000,10.0,25.0,200,500,0,0,1.0,0.870872641509434,0.6858305314192243,0.0,0.15053845942020416,0.01739811897277832,0,0,104,103,-1,perm_test,0.004975124378109453,0.4257001159561996,103,103,0,0.0,0.00959600554779172,0,0.0,0.0,0.0,0.0,0,none,0,1,0,overconfident,0.95,0,mild_drift,0.9580675404147787,0.0013225439871522417,0.7903378548155984,0.8535525111227922,1768237756.726757,0.11630532145500183,0.13423237204551697
531,33984,33983,sea_nodrift,sea,ts_drift_adapt,1,"error_divergence_ph_meta@error.threshold=0.10,error.min_instances=5",error_divergence_ph_meta,"{""divergence"": {""alpha"": 0.1, ""delta"": 0.005, ""min_instances"": 30, ""threshold"": 0.05}, ""error_rate"": {""alpha"": 0.15, ""delta"": 0.005, ""min_instances"": 5, ""threshold"": 0.1}}","{""error_rate"": {""min_instances"": 5, ""threshold"": 0.1}}",0.1,0.005,0.15,5,0.05,0.005,0.1,30,,,,-1,two_stage,2,0.5,"__confirm_cooldown=200,__confirm_rule=perm_test,__perm_alpha=0.03,__perm_min_effect=0,__perm_n_perm=200,__perm_post_n=10,__perm_pre_n=500,__perm_rng_seed=0,__perm_side=two_sided,__perm_stat=vote_score,divergence=0.3,error_rate=0.5,teacher_entropy=0.2",3,0,200,0.0,0,10000,10.0,25.0,200,500,0,0,1.0,0.8709981167608286,0.6860688270645925,0.16666666666666666,0.14498959481716156,0.005339257884770632,1,1,105,104,0,perm_test,0.004975124378109453,0.4301117805455136,104,104,0,0.16666666666666666,0.16666666666666666,1,0.5,0.0,0.0,0.0,0,none,1,1,0,overconfident,0.95,0,severe_drift,0.9245337702073894,0.0016612719935761209,0.6451689274077992,0.8317762555613961,1768237756.7431273,0.5040801763534546,0.044981129467487335
532,34048,34047,sea_nodrift,sea,ts_drift_adapt,1,"error_divergence_ph_meta@error.threshold=0.10,error.min_instances=5",error_divergence_ph_meta,"{""divergence"": {""alpha"": 0.1, ""delta"": 0.005, ""min_instances"": 30, ""threshold"": 0.05}, ""error_rate"": {""alpha"": 0.15, ""delta"": 0.005, ""min_instances"": 5, ""threshold"": 0.1}}","{""error_rate"": {""min_instances"": 5, ""threshold"": 0.1}}",0.1,0.005,0.15,5,0.05,0.005,0.1,30,,,,-1,two_stage,2,0.5,"__confirm_cooldown=200,__confirm_rule=perm_test,__perm_alpha=0.03,__perm_min_effect=0,__perm_n_perm=200,__perm_post_n=10,__perm_pre_n=500,__perm_rng_seed=0,__perm_side=two_sided,__perm_stat=vote_score,divergence=0.3,error_rate=0.5,teacher_entropy=0.2",3,0,200,0.0,0,10000,10.0,25.0,200,500,1,136,1.0,0.8711524906015038,0.6864842945122035,0.0,0.17686496675014496,0.008598076179623604,0,0,105,104,-1,perm_test,0.004975124378109453,0.4301117805455136,104,104,0,0.0,0.16666666666666666,0,0.0,0.0,0.0,0.0,0,none,0,1,0,overconfident,0.95,0,mild_drift,0.9424168851036947,0.0014806359967880606,0.7225844637038996,0.843388127780698,1768237756.7528808,0.0831841379404068,0.08504500985145569
533,34112,34111,sea_nodrift,sea,ts_drift_adapt,1,"error_divergence_ph_meta@error.threshold=0.10,error.min_instances=5",error_divergence_ph_meta,"{""divergence"": {""alpha"": 0.1, ""delta"": 0.005, ""min_instances"": 30, ""threshold"": 0.05}, ""error_rate"": {""alpha"": 0.15, ""delta"": 0.005, ""min_instances"": 5, ""threshold"": 0.1}}","{""error_rate"": {""min_instances"": 5, ""threshold"": 0.1}}",0.1,0.005,0.15,5,0.05,0.005,0.1,30,,,,-1,two_stage,2,0.5,"__confirm_cooldown=200,__confirm_rule=perm_test,__perm_alpha=0.03,__perm_min_effect=0,__perm_n_perm=200,__perm_post_n=10,__perm_pre_n=500,__perm_rng_seed=0,__perm_side=two_sided,__perm_stat=vote_score,divergence=0.3,error_rate=0.5,teacher_entropy=0.2",3,0,200,0.0,0,10000,10.0,25.0,200,500,1,72,1.0,0.8712476547842402,0.6867935192332129,0.0,0.1787588745355606,0.009874281473457813,0,0,105,104,-1,perm_test,0.004975124378109453,0.4301117805455136,104,104,0,0.0,0.0012762052938342094,0,0.0,0.0,0.0,0.0,0,none,0,1,0,overconfident,0.95,0,mild_drift,0.9513584425518473,0.0013903179983940305,0.7612922318519498,0.849194063890349,1768237756.7624953,0.059223074465990067,0.070440374314785
534,34176,34175,sea_nodrift,sea,ts_drift_adapt,1,"error_divergence_ph_meta@error.threshold=0.10,error.min_instances=5",error_divergence_ph_meta,"{""divergence"": {""alpha"": 0.1, ""delta"": 0.005, ""min_instances"": 30, ""threshold"": 0.05}, ""error_rate"": {""alpha"": 0.15, ""delta"": 0.005, ""min_instances"": 5, ""threshold"": 0.1}}","{""error_rate"": {""min_instances"": 5, ""threshold"": 0.1}}",0.1,0.005,0.15,5,0.05,0.005,0.1,30,,,,-1,two_stage,2,0.5,"__confirm_cooldown=200,__confirm_rule=perm_test,__perm_alpha=0.03,__perm_min_effect=0,__perm_n_perm=200,__perm_post_n=10,__perm_pre_n=500,__perm_rng_seed=0,__perm_side=two_sided,__perm_stat=vote_score,divergence=0.3,error_rate=0.5,teacher_entropy=0.2",3,0,200,0.0,0,10000,10.0,25.0,200,500,1,8,1.0,0.871313202247191,0.6869624585371592,0.0,0.15882299840450287,0.01475662924349308,0,0,105,104,-1,perm_test,0.004975124378109453,0.4301117805455136,104,104,0,0.0,0.004882347770035267,0,0.0,0.0,0.0,0.0,0,none,0,1,0,overconfident,0.95,0,mild_drift,0.9558292212759236,0.0013451589991970154,0.780646115925975,0.8520970319451745,1768237756.7720933,0.01793939433991909,0.15134364366531372
535,34240,34239,sea_nodrift,sea,ts_drift_adapt,1,"error_divergence_ph_meta@error.threshold=0.10,error.min_instances=5",error_divergence_ph_meta,"{""divergence"": {""alpha"": 0.1, ""delta"": 0.005, ""min_instances"": 30, ""threshold"": 0.05}, ""error_rate"": {""alpha"": 0.15, ""delta"": 0.005, ""min_instances"": 5, ""threshold"": 0.1}}","{""error_rate"": {""min_instances"": 5, ""threshold"": 0.1}}",0.1,0.005,0.15,5,0.05,0.005,0.1,30,,,,-1,two_stage,2,0.5,"__confirm_cooldown=200,__confirm_rule=perm_test,__perm_alpha=0.03,__perm_min_effect=0,__perm_n_perm=200,__perm_post_n=10,__perm_pre_n=500,__perm_rng_seed=0,__perm_side=two_sided,__perm_stat=vote_score,divergence=0.3,error_rate=0.5,teacher_entropy=0.2",3,0,200,0.0,0,10000,10.0,25.0,200,500,0,0,1.0,0.8714953271028038,0.6873202656050963,0.0,0.18502429127693176,0.01277954038232565,0,0,105,104,-1,perm_test,0.004975124378109453,0.4301117805455136,104,104,0,0.0,0.001977088861167431,0,0.0,0.0,0.0,0.0,0,none,0,1,0,overconfident,0.95,0,mild_drift,0.9580646106379618,0.001322579499598508,0.7903230579629875,0.8535485159725873,1768237756.7818508,0.03252357617020607,0.09965820610523224
536,34304,34303,sea_nodrift,sea,ts_drift_adapt,1,"error_divergence_ph_meta@error.threshold=0.10,error.min_instances=5",error_divergence_ph_meta,"{""divergence"": {""alpha"": 0.1, ""delta"": 0.005, ""min_instances"": 30, ""threshold"": 0.05}, ""error_rate"": {""alpha"": 0.15, ""delta"": 0.005, ""min_instances"": 5, ""threshold"": 0.1}}","{""error_rate"": {""min_instances"": 5, ""threshold"": 0.1}}",0.1,0.005,0.15,5,0.05,0.005,0.1,30,,,,-1,two_stage,2,0.5,"__confirm_cooldown=200,__confirm_rule=perm_test,__perm_alpha=0.03,__perm_min_effect=0,__perm_n_perm=200,__perm_post_n=10,__perm_pre_n=500,__perm_rng_seed=0,__perm_side=two_sided,__perm_stat=vote_score,divergence=0.3,error_rate=0.5,teacher_entropy=0.2",3,0,200,0.0,0,10000,10.0,25.0,200,500,0,0,1.0,0.8716184701492538,0.6876132802574745,0.0,0.17214542627334595,0.017387526109814644,0,0,105,104,-1,perm_test,0.004975124378109453,0.4301117805455136,104,104,0,0.0,0.004607985727488995,0,0.0,0.0,0.0,0.0,0,none,0,1,0,overconfident,0.95,0,mild_drift,0.9591823053189809,0.0013112897497992541,0.7951615289814937,0.8542742579862936,1768237756.7917688,0.18752789497375488,0.11454105377197266
537,34368,34367,sea_nodrift,sea,ts_drift_adapt,1,"error_divergence_ph_meta@error.threshold=0.10,error.min_instances=5",error_divergence_ph_meta,"{""divergence"": {""alpha"": 0.1, ""delta"": 0.005, ""min_instances"": 30, ""threshold"": 0.05}, ""error_rate"": {""alpha"": 0.15, ""delta"": 0.005, ""min_instances"": 5, ""threshold"": 0.1}}","{""error_rate"": {""min_instances"": 5, ""threshold"": 0.1}}",0.1,0.005,0.15,5,0.05,0.005,0.1,30,,,,-1,two_stage,2,0.5,"__confirm_cooldown=200,__confirm_rule=perm_test,__perm_alpha=0.03,__perm_min_effect=0,__perm_n_perm=200,__perm_post_n=10,__perm_pre_n=500,__perm_rng_seed=0,__perm_side=two_sided,__perm_stat=vote_score,divergence=0.3,error_rate=0.5,teacher_entropy=0.2",3,0,200,0.0,0,10000,10.0,25.0,200,500,0,0,1.0,0.8717411545623837,0.6879052156346422,0.16666666666666666,0.18477298319339752,0.013961808755993843,1,1,106,105,0,perm_test,0.004975124378109453,0.44350748959031194,105,105,0,0.0,0.16666666666666666,1,0.5,0.0,0.0,0.0,0,none,1,1,0,overconfident,0.95,0,stable,0.9745911526594904,0.001055644874899627,0.8975807644907469,0.8996371289931469,1768237756.808236,0.2920265197753906,0.10487382113933563
538,34432,34431,sea_nodrift,sea,ts_drift_adapt,1,"error_divergence_ph_meta@error.threshold=0.10,error.min_instances=5",error_divergence_ph_meta,"{""divergence"": {""alpha"": 0.1, ""delta"": 0.005, ""min_instances"": 30, ""threshold"": 0.05}, ""error_rate"": {""alpha"": 0.15, ""delta"": 0.005, ""min_instances"": 5, ""threshold"": 0.1}}","{""error_rate"": {""min_instances"": 5, ""threshold"": 0.1}}",0.1,0.005,0.15,5,0.05,0.005,0.1,30,,,,-1,two_stage,2,0.5,"__confirm_cooldown=200,__confirm_rule=perm_test,__perm_alpha=0.03,__perm_min_effect=0,__perm_n_perm=200,__perm_post_n=10,__perm_pre_n=500,__perm_rng_seed=0,__perm_side=two_sided,__perm_stat=vote_score,divergence=0.3,error_rate=0.5,teacher_entropy=0.2",3,0,200,0.0,0,10000,10.0,25.0,200,500,1,136,1.0,0.8719505111524164,0.6884134779112328,0.0,0.1268782913684845,0.0033080845605582,0,0,106,105,-1,perm_test,0.004975124378109453,0.44350748959031194,105,105,0,0.0,0.16666666666666666,0,0.0,0.0,0.0,0.0,0,none,0,1,0,overconfident,0.95,0,mild_drift,0.9674455763297451,0.0011778224374498136,0.8487903822453735,0.8773185644965734,1768237756.8180103,0.14969024062156677,0.03520732372999191
539,34496,34495,sea_nodrift,sea,ts_drift_adapt,1,"error_divergence_ph_meta@error.threshold=0.10,error.min_instances=5",error_divergence_ph_meta,"{""divergence"": {""alpha"": 0.1, ""delta"": 0.005, ""min_instances"": 30, ""threshold"": 0.05}, ""error_rate"": {""alpha"": 0.15, ""delta"": 0.005, ""min_instances"": 5, ""threshold"": 0.1}}","{""error_rate"": {""min_instances"": 5, ""threshold"": 0.1}}",0.1,0.005,0.15,5,0.05,0.005,0.1,30,,,,-1,two_stage,2,0.5,"__confirm_cooldown=200,__confirm_rule=perm_test,__perm_alpha=0.03,__perm_min_effect=0,__perm_n_perm=200,__perm_post_n=10,__perm_pre_n=500,__perm_rng_seed=0,__perm_side=two_sided,__perm_stat=vote_score,divergence=0.3,error_rate=0.5,teacher_entropy=0.2",3,0,200,0.0,0,10000,10.0,25.0,200,500,1,72,1.0,0.872014146567718,0.6886019041749807,0.16666666666666666,0.17294467985630035,0.006902288645505905,0,0,106,105,-1,perm_test,0.004975124378109453,0.44350748959031194,105,105,0,0.0,0.16666666666666666,0,0.0,0.0,0.0,0.0,0,none,0,1,0,overconfident,0.95,0,mild_drift,0.9638727881648725,0.0012389112187249068,0.8243951911226868,0.8661592822482866,1768237756.8276346,0.45173558592796326,0.057602234184741974
540,34560,34559,sea_nodrift,sea,ts_drift_adapt,1,"error_divergence_ph_meta@error.threshold=0.10,error.min_instances=5",error_divergence_ph_meta,"{""divergence"": {""alpha"": 0.1, ""delta"": 0.005, ""min_instances"": 30, ""threshold"": 0.05}, ""error_rate"": {""alpha"": 0.15, ""delta"": 0.005, ""min_instances"": 5, ""threshold"": 0.1}}","{""error_rate"": {""min_instances"": 5, ""threshold"": 0.1}}",0.1,0.005,0.15,5,0.05,0.005,0.1,30,,,,-1,two_stage,2,0.5,"__confirm_cooldown=200,__confirm_rule=perm_test,__perm_alpha=0.03,__perm_min_effect=0,__perm_n_perm=200,__perm_post_n=10,__perm_pre_n=500,__perm_rng_seed=0,__perm_side=two_sided,__perm_stat=vote_score,divergence=0.3,error_rate=0.5,teacher_entropy=0.2",3,0,200,0.0,0,10000,10.0,25.0,200,500,1,8,1.0,0.872193287037037,0.6890258868041869,0.0,0.20349298417568207,0.021017683669924736,0,0,106,105,-1,perm_test,0.004975124378109453,0.44350748959031194,105,105,0,0.0,0.16666666666666666,0,0.0,0.0,0.0,0.0,0,none,0,1,0,overconfident,0.95,0,mild_drift,0.9620863940824362,0.0012694556093624534,0.8121975955613434,0.8605796411241433,1768237756.8373737,0.07362239807844162,0.16776332259178162
541,34624,34623,sea_nodrift,sea,ts_drift_adapt,1,"error_divergence_ph_meta@error.threshold=0.10,error.min_instances=5",error_divergence_ph_meta,"{""divergence"": {""alpha"": 0.1, ""delta"": 0.005, ""min_instances"": 30, ""threshold"": 0.05}, ""error_rate"": {""alpha"": 0.15, ""delta"": 0.005, ""min_instances"": 5, ""threshold"": 0.1}}","{""error_rate"": {""min_instances"": 5, ""threshold"": 0.1}}",0.1,0.005,0.15,5,0.05,0.005,0.1,30,,,,-1,two_stage,2,0.5,"__confirm_cooldown=200,__confirm_rule=perm_test,__perm_alpha=0.03,__perm_min_effect=0,__perm_n_perm=200,__perm_post_n=10,__perm_pre_n=500,__perm_rng_seed=0,__perm_side=two_sided,__perm_stat=vote_score,divergence=0.3,error_rate=0.5,teacher_entropy=0.2",3,0,200,0.0,0,10000,10.0,25.0,200,500,0,0,1.0,0.8723717652495379,0.6895811042344847,0.0,0.187977135181427,0.014413750730454922,0,0,106,105,-1,perm_test,0.004975124378109453,0.44350748959031194,105,105,0,0.0,0.006603932939469814,0,0.0,0.0,0.0,0.0,0,none,0,1,0,overconfident,0.95,0,mild_drift,0.9611931970412181,0.0012847278046812269,0.8060987977806717,0.8577898205620716,1768237756.8472927,0.05844733119010925,0.12014639377593994
542,34688,34687,sea_nodrift,sea,ts_drift_adapt,1,"error_divergence_ph_meta@error.threshold=0.10,error.min_instances=5",error_divergence_ph_meta,"{""divergence"": {""alpha"": 0.1, ""delta"": 0.005, ""min_instances"": 30, ""threshold"": 0.05}, ""error_rate"": {""alpha"": 0.15, ""delta"": 0.005, ""min_instances"": 5, ""threshold"": 0.1}}","{""error_rate"": {""min_instances"": 5, ""threshold"": 0.1}}",0.1,0.005,0.15,5,0.05,0.005,0.1,30,,,,-1,two_stage,2,0.5,"__confirm_cooldown=200,__confirm_rule=perm_test,__perm_alpha=0.03,__perm_min_effect=0,__perm_n_perm=200,__perm_post_n=10,__perm_pre_n=500,__perm_rng_seed=0,__perm_side=two_sided,__perm_stat=vote_score,divergence=0.3,error_rate=0.5,teacher_entropy=0.2",3,0,200,0.0,0,10000,10.0,25.0,200,500,0,0,1.0,0.8724919280442804,0.6899750635116065,0.0,0.194640651345253,0.016951289027929306,1,1,107,106,0,perm_test,0.004975124378109453,0.431194698320416,106,106,0,0.16666666666666666,0.0025375382974743843,1,0.5,0.0,0.0,0.0,0,none,1,1,0,overconfident,0.95,0,severe_drift,0.9260965985206091,0.0016423639023406135,0.6530493988903359,0.8338949102810358,1768237756.863729,0.09775137156248093,0.13758233189582825
543,34752,34751,sea_nodrift,sea,ts_drift_adapt,1,"error_divergence_ph_meta@error.threshold=0.10,error.min_instances=5",error_divergence_ph_meta,"{""divergence"": {""alpha"": 0.1, ""delta"": 0.005, ""min_instances"": 30, ""threshold"": 0.05}, ""error_rate"": {""alpha"": 0.15, ""delta"": 0.005, ""min_instances"": 5, ""threshold"": 0.1}}","{""error_rate"": {""min_instances"": 5, ""threshold"": 0.1}}",0.1,0.005,0.15,5,0.05,0.005,0.1,30,,,,-1,two_stage,2,0.5,"__confirm_cooldown=200,__confirm_rule=perm_test,__perm_alpha=0.03,__perm_min_effect=0,__perm_n_perm=200,__perm_post_n=10,__perm_pre_n=500,__perm_rng_seed=0,__perm_side=two_sided,__perm_stat=vote_score,divergence=0.3,error_rate=0.5,teacher_entropy=0.2",3,0,200,0.0,0,10000,10.0,25.0,200,500,1,136,1.0,0.8726691988950276,0.6903781459565299,0.0,0.13074840605258942,0.010901610367000103,0,0,107,106,-1,perm_test,0.004975124378109453,0.431194698320416,106,106,0,0.0,0.006049678660929203,0,0.0,0.0,0.0,0.0,0,none,0,1,0,overconfident,0.95,0,mild_drift,0.9431982992603045,0.0014711819511703068,0.726524699445168,0.8444474551405179,1768237756.873485,0.04493044689297676,0.10284959524869919
544,34816,34815,sea_nodrift,sea,ts_drift_adapt,1,"error_divergence_ph_meta@error.threshold=0.10,error.min_instances=5",error_divergence_ph_meta,"{""divergence"": {""alpha"": 0.1, ""delta"": 0.005, ""min_instances"": 30, ""threshold"": 0.05}, ""error_rate"": {""alpha"": 0.15, ""delta"": 0.005, ""min_instances"": 5, ""threshold"": 0.1}}","{""error_rate"": {""min_instances"": 5, ""threshold"": 0.1}}",0.1,0.005,0.15,5,0.05,0.005,0.1,30,,,,-1,two_stage,2,0.5,"__confirm_cooldown=200,__confirm_rule=perm_test,__perm_alpha=0.03,__perm_min_effect=0,__perm_n_perm=200,__perm_post_n=10,__perm_pre_n=500,__perm_rng_seed=0,__perm_side=two_sided,__perm_stat=vote_score,divergence=0.3,error_rate=0.5,teacher_entropy=0.2",3,0,200,0.0,0,10000,10.0,25.0,200,500,1,72,1.0,0.8727883731617647,0.6905638873212182,0.0,0.14260707795619965,0.010651561431586742,0,0,107,106,-1,perm_test,0.004975124378109453,0.431194698320416,106,106,0,0.0,0.0002500489354133606,0,0.0,0.0,0.0,0.0,0,none,0,1,0,overconfident,0.95,0,mild_drift,0.9517491496301522,0.0013855909755851534,0.763262349722584,0.8497237275702589,1768237756.8830779,0.027278274297714233,0.08787624537944794
545,34880,34879,sea_nodrift,sea,ts_drift_adapt,1,"error_divergence_ph_meta@error.threshold=0.10,error.min_instances=5",error_divergence_ph_meta,"{""divergence"": {""alpha"": 0.1, ""delta"": 0.005, ""min_instances"": 30, ""threshold"": 0.05}, ""error_rate"": {""alpha"": 0.15, ""delta"": 0.005, ""min_instances"": 5, ""threshold"": 0.1}}","{""error_rate"": {""min_instances"": 5, ""threshold"": 0.1}}",0.1,0.005,0.15,5,0.05,0.005,0.1,30,,,,-1,two_stage,2,0.5,"__confirm_cooldown=200,__confirm_rule=perm_test,__perm_alpha=0.03,__perm_min_effect=0,__perm_n_perm=200,__perm_post_n=10,__perm_pre_n=500,__perm_rng_seed=0,__perm_side=two_sided,__perm_stat=vote_score,divergence=0.3,error_rate=0.5,teacher_entropy=0.2",3,0,200,0.0,0,10000,10.0,25.0,200,500,1,8,1.0,0.8729071100917432,0.690953618354706,0.0,0.17681509256362915,0.014484467916190624,0,0,107,106,-1,perm_test,0.004975124378109453,0.431194698320416,106,106,0,0.0,0.003832906484603882,0,0.0,0.0,0.0,0.0,0,none,0,1,0,overconfident,0.95,0,mild_drift,0.9560245748150761,0.0013427954877925767,0.7816311748612921,0.8523618637851295,1768237756.8926952,0.036675576120615005,0.1417190432548523
546,34944,34943,sea_nodrift,sea,ts_drift_adapt,1,"error_divergence_ph_meta@error.threshold=0.10,error.min_instances=5",error_divergence_ph_meta,"{""divergence"": {""alpha"": 0.1, ""delta"": 0.005, ""min_instances"": 30, ""threshold"": 0.05}, ""error_rate"": {""alpha"": 0.15, ""delta"": 0.005, ""min_instances"": 5, ""threshold"": 0.1}}","{""error_rate"": {""min_instances"": 5, ""threshold"": 0.1}}",0.1,0.005,0.15,5,0.05,0.005,0.1,30,,,,-1,two_stage,2,0.5,"__confirm_cooldown=200,__confirm_rule=perm_test,__perm_alpha=0.03,__perm_min_effect=0,__perm_n_perm=200,__perm_post_n=10,__perm_pre_n=500,__perm_rng_seed=0,__perm_side=two_sided,__perm_stat=vote_score,divergence=0.3,error_rate=0.5,teacher_entropy=0.2",3,0,200,0.0,0,10000,10.0,25.0,200,500,0,0,1.0,0.8729967948717948,0.6911387751057698,0.0,0.16396702826023102,0.010400116443634033,0,0,107,106,-1,perm_test,0.004975124378109453,0.431194698320416,106,106,0,0.0,0.004084351472556591,0,0.0,0.0,0.0,0.0,0,none,0,1,0,overconfident,0.95,0,mild_drift,0.958162287407538,0.0013213977438962885,0.7908155874306461,0.8536809318925647,1768237756.9023893,0.062342483550310135,0.07948392629623413
547,35008,35007,sea_nodrift,sea,ts_drift_adapt,1,"error_divergence_ph_meta@error.threshold=0.10,error.min_instances=5",error_divergence_ph_meta,"{""divergence"": {""alpha"": 0.1, ""delta"": 0.005, ""min_instances"": 30, ""threshold"": 0.05}, ""error_rate"": {""alpha"": 0.15, ""delta"": 0.005, ""min_instances"": 5, ""threshold"": 0.1}}","{""error_rate"": {""min_instances"": 5, ""threshold"": 0.1}}",0.1,0.005,0.15,5,0.05,0.005,0.1,30,,,,-1,two_stage,2,0.5,"__confirm_cooldown=200,__confirm_rule=perm_test,__perm_alpha=0.03,__perm_min_effect=0,__perm_n_perm=200,__perm_post_n=10,__perm_pre_n=500,__perm_rng_seed=0,__perm_side=two_sided,__perm_stat=vote_score,divergence=0.3,error_rate=0.5,teacher_entropy=0.2",3,0,200,0.0,0,10000,10.0,25.0,200,500,0,0,1.0,0.873143281535649,0.6915092465676965,0.0,0.18639321625232697,0.006563873961567879,0,0,107,106,-1,perm_test,0.004975124378109453,0.431194698320416,106,106,0,0.0,0.0038362424820661545,0,0.0,0.0,0.0,0.0,0,none,0,1,0,overconfident,0.95,0,mild_drift,0.9592311437037689,0.0013106988719481442,0.795407793715323,0.8543404659462823,1768237756.9122887,0.06850116699934006,0.05123068019747734
548,35072,35071,sea_nodrift,sea,ts_drift_adapt,1,"error_divergence_ph_meta@error.threshold=0.10,error.min_instances=5",error_divergence_ph_meta,"{""divergence"": {""alpha"": 0.1, ""delta"": 0.005, ""min_instances"": 30, ""threshold"": 0.05}, ""error_rate"": {""alpha"": 0.15, ""delta"": 0.005, ""min_instances"": 5, ""threshold"": 0.1}}","{""error_rate"": {""min_instances"": 5, ""threshold"": 0.1}}",0.1,0.005,0.15,5,0.05,0.005,0.1,30,,,,-1,two_stage,2,0.5,"__confirm_cooldown=200,__confirm_rule=perm_test,__perm_alpha=0.03,__perm_min_effect=0,__perm_n_perm=200,__perm_post_n=10,__perm_pre_n=500,__perm_rng_seed=0,__perm_side=two_sided,__perm_stat=vote_score,divergence=0.3,error_rate=0.5,teacher_entropy=0.2",3,0,200,0.0,0,10000,10.0,25.0,200,500,0,0,1.0,0.8732892335766423,0.6917899306812355,0.0,0.15049390494823456,0.007291560061275959,0,0,107,106,-1,perm_test,0.004975124378109453,0.431194698320416,106,106,0,0.0,0.0007276860997080803,0,0.0,0.0,0.0,0.0,0,none,0,1,0,overconfident,0.95,0,mild_drift,0.9597655718518845,0.0013053494359740723,0.7977038968576615,0.8546702329731412,1768237756.9221237,0.013556559570133686,0.08200769126415253
549,35136,35135,sea_nodrift,sea,ts_drift_adapt,1,"error_divergence_ph_meta@error.threshold=0.10,error.min_instances=5",error_divergence_ph_meta,"{""divergence"": {""alpha"": 0.1, ""delta"": 0.005, ""min_instances"": 30, ""threshold"": 0.05}, ""error_rate"": {""alpha"": 0.15, ""delta"": 0.005, ""min_instances"": 5, ""threshold"": 0.1}}","{""error_rate"": {""min_instances"": 5, ""threshold"": 0.1}}",0.1,0.005,0.15,5,0.05,0.005,0.1,30,,,,-1,two_stage,2,0.5,"__confirm_cooldown=200,__confirm_rule=perm_test,__perm_alpha=0.03,__perm_min_effect=0,__perm_n_perm=200,__perm_post_n=10,__perm_pre_n=500,__perm_rng_seed=0,__perm_side=two_sided,__perm_stat=vote_score,divergence=0.3,error_rate=0.5,teacher_entropy=0.2",3,0,200,0.0,0,10000,10.0,25.0,200,500,0,0,1.0,0.8733492714025501,0.6919657326771506,0.0,0.16658133268356323,0.0045717861503362656,0,0,107,106,-1,perm_test,0.004975124378109453,0.431194698320416,106,106,0,0.0,0.0027197739109396935,0,0.0,0.0,0.0,0.0,0,none,0,1,0,overconfident,0.95,0,mild_drift,0.9600327859259422,0.0013026747179870363,0.7988519484288308,0.8548351164865706,1768237756.931962,0.04154467210173607,0.043779920786619186
550,35200,35199,sea_nodrift,sea,ts_drift_adapt,1,"error_divergence_ph_meta@error.threshold=0.10,error.min_instances=5",error_divergence_ph_meta,"{""divergence"": {""alpha"": 0.1, ""delta"": 0.005, ""min_instances"": 30, ""threshold"": 0.05}, ""error_rate"": {""alpha"": 0.15, ""delta"": 0.005, ""min_instances"": 5, ""threshold"": 0.1}}","{""error_rate"": {""min_instances"": 5, ""threshold"": 0.1}}",0.1,0.005,0.15,5,0.05,0.005,0.1,30,,,,-1,two_stage,2,0.5,"__confirm_cooldown=200,__confirm_rule=perm_test,__perm_alpha=0.03,__perm_min_effect=0,__perm_n_perm=200,__perm_post_n=10,__perm_pre_n=500,__perm_rng_seed=0,__perm_side=two_sided,__perm_stat=vote_score,divergence=0.3,error_rate=0.5,teacher_entropy=0.2",3,0,200,0.0,0,10000,10.0,25.0,200,500,0,0,1.0,0.8735511363636363,0.6923803763987874,0.0,0.15824036300182343,0.004618821665644646,0,0,107,106,-1,perm_test,0.004975124378109453,0.431194698320416,106,106,0,0.0,4.703551530838013e-05,0,0.0,0.0,0.0,0.0,0,none,0,1,0,overconfident,0.95,0,mild_drift,0.9601663929629711,0.0013013373589935181,0.7994259742144154,0.8549175582432853,1768237756.9418814,0.050855573266744614,0.04564496502280235
551,35264,35263,sea_nodrift,sea,ts_drift_adapt,1,"error_divergence_ph_meta@error.threshold=0.10,error.min_instances=5",error_divergence_ph_meta,"{""divergence"": {""alpha"": 0.1, ""delta"": 0.005, ""min_instances"": 30, ""threshold"": 0.05}, ""error_rate"": {""alpha"": 0.15, ""delta"": 0.005, ""min_instances"": 5, ""threshold"": 0.1}}","{""error_rate"": {""min_instances"": 5, ""threshold"": 0.1}}",0.1,0.005,0.15,5,0.05,0.005,0.1,30,,,,-1,two_stage,2,0.5,"__confirm_cooldown=200,__confirm_rule=perm_test,__perm_alpha=0.03,__perm_min_effect=0,__perm_n_perm=200,__perm_post_n=10,__perm_pre_n=500,__perm_rng_seed=0,__perm_side=two_sided,__perm_stat=vote_score,divergence=0.3,error_rate=0.5,teacher_entropy=0.2",3,0,200,0.0,0,10000,10.0,25.0,200,500,0,0,1.0,0.87369555353902,0.6926969069079691,0.0,0.19166603684425354,0.01753149926662445,0,0,107,106,-1,perm_test,0.004975124378109453,0.431194698320416,106,106,0,0.0,0.012912677600979805,0,0.0,0.0,0.0,0.0,0,none,0,1,0,overconfident,0.95,0,mild_drift,0.9602331964814855,0.0013006686794967593,0.7997129871072077,0.8549587791216426,1768237756.952042,0.022489158436655998,0.10559298098087311
552,35328,35327,sea_nodrift,sea,ts_drift_adapt,1,"error_divergence_ph_meta@error.threshold=0.10,error.min_instances=5",error_divergence_ph_meta,"{""divergence"": {""alpha"": 0.1, ""delta"": 0.005, ""min_instances"": 30, ""threshold"": 0.05}, ""error_rate"": {""alpha"": 0.15, ""delta"": 0.005, ""min_instances"": 5, ""threshold"": 0.1}}","{""error_rate"": {""min_instances"": 5, ""threshold"": 0.1}}",0.1,0.005,0.15,5,0.05,0.005,0.1,30,,,,-1,two_stage,2,0.5,"__confirm_cooldown=200,__confirm_rule=perm_test,__perm_alpha=0.03,__perm_min_effect=0,__perm_n_perm=200,__perm_post_n=10,__perm_pre_n=500,__perm_rng_seed=0,__perm_side=two_sided,__perm_stat=vote_score,divergence=0.3,error_rate=0.5,teacher_entropy=0.2",3,0,200,0.0,0,10000,10.0,25.0,200,500,0,0,1.0,0.8738394474637681,0.6930664053415871,0.16666666666666666,0.169786736369133,0.005149514880031347,1,1,108,107,0,perm_test,0.004975124378109453,0.4987681113248448,107,107,0,0.16666666666666666,0.16666666666666666,1,0.5,0.0,0.0,0.0,0,none,1,1,0,overconfident,0.95,0,severe_drift,0.9256165982407427,0.0016503343397483796,0.6498564935536039,0.8324793895608213,1768237756.969116,0.3857893943786621,0.05048231780529022
553,35392,35391,sea_nodrift,sea,ts_drift_adapt,1,"error_divergence_ph_meta@error.threshold=0.10,error.min_instances=5",error_divergence_ph_meta,"{""divergence"": {""alpha"": 0.1, ""delta"": 0.005, ""min_instances"": 30, ""threshold"": 0.05}, ""error_rate"": {""alpha"": 0.15, ""delta"": 0.005, ""min_instances"": 5, ""threshold"": 0.1}}","{""error_rate"": {""min_instances"": 5, ""threshold"": 0.1}}",0.1,0.005,0.15,5,0.05,0.005,0.1,30,,,,-1,two_stage,2,0.5,"__confirm_cooldown=200,__confirm_rule=perm_test,__perm_alpha=0.03,__perm_min_effect=0,__perm_n_perm=200,__perm_post_n=10,__perm_pre_n=500,__perm_rng_seed=0,__perm_side=two_sided,__perm_stat=vote_score,divergence=0.3,error_rate=0.5,teacher_entropy=0.2",3,0,200,0.0,0,10000,10.0,25.0,200,500,1,136,1.0,0.8739828209764918,0.6933551206531352,0.0,0.16092249751091003,0.009070771746337414,0,0,108,107,-1,perm_test,0.004975124378109453,0.4987681113248448,107,107,0,0.0,0.16666666666666666,0,0.0,0.0,0.0,0.0,0,none,0,1,0,overconfident,0.95,0,mild_drift,0.9429582991203713,0.00147516716987419,0.7249282467768019,0.8437396947804107,1768237756.9789789,0.020188486203551292,0.08958272635936737
554,35456,35455,sea_nodrift,sea,ts_drift_adapt,1,"error_divergence_ph_meta@error.threshold=0.10,error.min_instances=5",error_divergence_ph_meta,"{""divergence"": {""alpha"": 0.1, ""delta"": 0.005, ""min_instances"": 30, ""threshold"": 0.05}, ""error_rate"": {""alpha"": 0.15, ""delta"": 0.005, ""min_instances"": 5, ""threshold"": 0.1}}","{""error_rate"": {""min_instances"": 5, ""threshold"": 0.1}}",0.1,0.005,0.15,5,0.05,0.005,0.1,30,,,,-1,two_stage,2,0.5,"__confirm_cooldown=200,__confirm_rule=perm_test,__perm_alpha=0.03,__perm_min_effect=0,__perm_n_perm=200,__perm_post_n=10,__perm_pre_n=500,__perm_rng_seed=0,__perm_side=two_sided,__perm_stat=vote_score,divergence=0.3,error_rate=0.5,teacher_entropy=0.2",3,0,200,0.0,0,10000,10.0,25.0,200,500,1,72,1.0,0.8740974729241877,0.6936253526774872,0.0,0.17220300436019897,0.015121699310839176,0,0,108,107,-1,perm_test,0.004975124378109453,0.4987681113248448,107,107,0,0.0,0.006050927564501762,0,0.0,0.0,0.0,0.0,0,none,0,1,0,overconfident,0.95,0,mild_drift,0.9516291495601856,0.001387583584937095,0.762464123388401,0.8493698473902054,1768237756.9886415,0.009429756551980972,0.14746585488319397
555,35520,35519,sea_nodrift,sea,ts_drift_adapt,1,"error_divergence_ph_meta@error.threshold=0.10,error.min_instances=5",error_divergence_ph_meta,"{""divergence"": {""alpha"": 0.1, ""delta"": 0.005, ""min_instances"": 30, ""threshold"": 0.05}, ""error_rate"": {""alpha"": 0.15, ""delta"": 0.005, ""min_instances"": 5, ""threshold"": 0.1}}","{""error_rate"": {""min_instances"": 5, ""threshold"": 0.1}}",0.1,0.005,0.15,5,0.05,0.005,0.1,30,,,,-1,two_stage,2,0.5,"__confirm_cooldown=200,__confirm_rule=perm_test,__perm_alpha=0.03,__perm_min_effect=0,__perm_n_perm=200,__perm_post_n=10,__perm_pre_n=500,__perm_rng_seed=0,__perm_side=two_sided,__perm_stat=vote_score,divergence=0.3,error_rate=0.5,teacher_entropy=0.2",3,0,200,0.0,0,10000,10.0,25.0,200,500,1,8,1.0,0.8742398648648648,0.6939196888498016,0.0,0.1837487667798996,0.012692419812083244,0,0,108,107,-1,perm_test,0.004975124378109453,0.4987681113248448,107,107,0,0.0,0.002429279498755932,0,0.0,0.0,0.0,0.0,0,none,0,1,0,overconfident,0.95,0,mild_drift,0.9559645747800928,0.0013437917924685476,0.7812320616942006,0.8521849236951027,1768237756.998517,0.021717077121138573,0.09680056571960449
556,35584,35583,sea_nodrift,sea,ts_drift_adapt,1,"error_divergence_ph_meta@error.threshold=0.10,error.min_instances=5",error_divergence_ph_meta,"{""divergence"": {""alpha"": 0.1, ""delta"": 0.005, ""min_instances"": 30, ""threshold"": 0.05}, ""error_rate"": {""alpha"": 0.15, ""delta"": 0.005, ""min_instances"": 5, ""threshold"": 0.1}}","{""error_rate"": {""min_instances"": 5, ""threshold"": 0.1}}",0.1,0.005,0.15,5,0.05,0.005,0.1,30,,,,-1,two_stage,2,0.5,"__confirm_cooldown=200,__confirm_rule=perm_test,__perm_alpha=0.03,__perm_min_effect=0,__perm_n_perm=200,__perm_post_n=10,__perm_pre_n=500,__perm_rng_seed=0,__perm_side=two_sided,__perm_stat=vote_score,divergence=0.3,error_rate=0.5,teacher_entropy=0.2",3,0,200,0.0,0,10000,10.0,25.0,200,500,0,0,1.0,0.8742412320143885,0.6940392772512582,0.0,0.20462989807128906,0.020365623757243156,0,0,108,107,-1,perm_test,0.004975124378109453,0.4987681113248448,107,107,0,0.0,0.007673203945159912,0,0.0,0.0,0.0,0.0,0,none,0,1,0,overconfident,0.95,0,mild_drift,0.9581322873900464,0.0013218958962342739,0.7906160308471003,0.8535924618475513,1768237757.0083864,0.006584092974662781,0.14300520718097687
557,35648,35647,sea_nodrift,sea,ts_drift_adapt,1,"error_divergence_ph_meta@error.threshold=0.10,error.min_instances=5",error_divergence_ph_meta,"{""divergence"": {""alpha"": 0.1, ""delta"": 0.005, ""min_instances"": 30, ""threshold"": 0.05}, ""error_rate"": {""alpha"": 0.15, ""delta"": 0.005, ""min_instances"": 5, ""threshold"": 0.1}}","{""error_rate"": {""min_instances"": 5, ""threshold"": 0.1}}",0.1,0.005,0.15,5,0.05,0.005,0.1,30,,,,-1,two_stage,2,0.5,"__confirm_cooldown=200,__confirm_rule=perm_test,__perm_alpha=0.03,__perm_min_effect=0,__perm_n_perm=200,__perm_post_n=10,__perm_pre_n=500,__perm_rng_seed=0,__perm_side=two_sided,__perm_stat=vote_score,divergence=0.3,error_rate=0.5,teacher_entropy=0.2",3,0,200,0.0,0,10000,10.0,25.0,200,500,0,0,1.0,0.874326750448833,0.694230903695328,0.0,0.16918399930000305,0.013554795645177364,0,0,108,107,-1,perm_test,0.004975124378109453,0.4987681113248448,107,107,0,0.0,0.006810828112065792,0,0.0,0.0,0.0,0.0,0,none,0,1,0,overconfident,0.95,0,mild_drift,0.9592161436950232,0.0013109479481171371,0.7953080154235501,0.8542962309237756,1768237757.0184195,0.02336850017309189,0.1320299506187439
558,35712,35711,sea_nodrift,sea,ts_drift_adapt,1,"error_divergence_ph_meta@error.threshold=0.10,error.min_instances=5",error_divergence_ph_meta,"{""divergence"": {""alpha"": 0.1, ""delta"": 0.005, ""min_instances"": 30, ""threshold"": 0.05}, ""error_rate"": {""alpha"": 0.15, ""delta"": 0.005, ""min_instances"": 5, ""threshold"": 0.1}}","{""error_rate"": {""min_instances"": 5, ""threshold"": 0.1}}",0.1,0.005,0.15,5,0.05,0.005,0.1,30,,,,-1,two_stage,2,0.5,"__confirm_cooldown=200,__confirm_rule=perm_test,__perm_alpha=0.03,__perm_min_effect=0,__perm_n_perm=200,__perm_post_n=10,__perm_pre_n=500,__perm_rng_seed=0,__perm_side=two_sided,__perm_stat=vote_score,divergence=0.3,error_rate=0.5,teacher_entropy=0.2",3,0,200,0.0,0,10000,10.0,25.0,200,500,0,0,1.0,0.8744679659498208,0.6945709185737372,0.0,0.20042702555656433,0.013679989613592625,0,0,108,107,-1,perm_test,0.004975124378109453,0.4987681113248448,107,107,0,0.0,0.00012519396841526031,0,0.0,0.0,0.0,0.0,0,none,0,1,0,overconfident,0.95,0,mild_drift,0.9597580718475116,0.0013054739740585687,0.7976540077117751,0.8546481154618878,1768237757.0286434,0.1173606812953949,0.09495314955711365
559,35776,35775,sea_nodrift,sea,ts_drift_adapt,1,"error_divergence_ph_meta@error.threshold=0.10,error.min_instances=5",error_divergence_ph_meta,"{""divergence"": {""alpha"": 0.1, ""delta"": 0.005, ""min_instances"": 30, ""threshold"": 0.05}, ""error_rate"": {""alpha"": 0.15, ""delta"": 0.005, ""min_instances"": 5, ""threshold"": 0.1}}","{""error_rate"": {""min_instances"": 5, ""threshold"": 0.1}}",0.1,0.005,0.15,5,0.05,0.005,0.1,30,,,,-1,two_stage,2,0.5,"__confirm_cooldown=200,__confirm_rule=perm_test,__perm_alpha=0.03,__perm_min_effect=0,__perm_n_perm=200,__perm_post_n=10,__perm_pre_n=500,__perm_rng_seed=0,__perm_side=two_sided,__perm_stat=vote_score,divergence=0.3,error_rate=0.5,teacher_entropy=0.2",3,0,200,0.0,0,10000,10.0,25.0,200,500,0,0,1.0,0.8744968694096601,0.6947182972892384,0.0,0.19367825984954834,0.01323655340820551,0,0,108,107,-1,perm_test,0.004975124378109453,0.4987681113248448,107,107,0,0.0,0.0004434362053871155,0,0.0,0.0,0.0,0.0,0,none,0,1,0,overconfident,0.95,0,mild_drift,0.9600290359237558,0.0013027369870292843,0.7988270038558876,0.8548240577309438,1768237757.0388062,0.019660629332065582,0.09351040422916412
560,35840,35839,sea_nodrift,sea,ts_drift_adapt,1,"error_divergence_ph_meta@error.threshold=0.10,error.min_instances=5",error_divergence_ph_meta,"{""divergence"": {""alpha"": 0.1, ""delta"": 0.005, ""min_instances"": 30, ""threshold"": 0.05}, ""error_rate"": {""alpha"": 0.15, ""delta"": 0.005, ""min_instances"": 5, ""threshold"": 0.1}}","{""error_rate"": {""min_instances"": 5, ""threshold"": 0.1}}",0.1,0.005,0.15,5,0.05,0.005,0.1,30,,,,-1,two_stage,2,0.5,"__confirm_cooldown=200,__confirm_rule=perm_test,__perm_alpha=0.03,__perm_min_effect=0,__perm_n_perm=200,__perm_post_n=10,__perm_pre_n=500,__perm_rng_seed=0,__perm_side=two_sided,__perm_stat=vote_score,divergence=0.3,error_rate=0.5,teacher_entropy=0.2",3,0,200,0.0,0,10000,10.0,25.0,200,500,0,0,1.0,0.8745535714285714,0.6948096636252806,0.16666666666666666,0.14324647188186646,0.013477853499352932,1,1,109,108,0,perm_test,0.004975124378109453,0.43622050186497807,108,108,0,0.0,0.16666666666666666,1,0.5,0.0,0.0,0.0,0,none,1,1,0,overconfident,0.95,0,stable,0.9750145179618779,0.0010513684935146421,0.8994135019279438,0.899912028865472,1768237757.0559406,0.19226503372192383,0.1088174358010292
561,35904,35903,sea_nodrift,sea,ts_drift_adapt,1,"error_divergence_ph_meta@error.threshold=0.10,error.min_instances=5",error_divergence_ph_meta,"{""divergence"": {""alpha"": 0.1, ""delta"": 0.005, ""min_instances"": 30, ""threshold"": 0.05}, ""error_rate"": {""alpha"": 0.15, ""delta"": 0.005, ""min_instances"": 5, ""threshold"": 0.1}}","{""error_rate"": {""min_instances"": 5, ""threshold"": 0.1}}",0.1,0.005,0.15,5,0.05,0.005,0.1,30,,,,-1,two_stage,2,0.5,"__confirm_cooldown=200,__confirm_rule=perm_test,__perm_alpha=0.03,__perm_min_effect=0,__perm_n_perm=200,__perm_post_n=10,__perm_pre_n=500,__perm_rng_seed=0,__perm_side=two_sided,__perm_stat=vote_score,divergence=0.3,error_rate=0.5,teacher_entropy=0.2",3,0,200,0.0,0,10000,10.0,25.0,200,500,1,136,1.0,0.874582219251337,0.6949535449926852,0.0,0.17738701403141022,0.027999434620141983,0,0,109,108,-1,perm_test,0.004975124378109453,0.43622050186497807,108,108,0,0.0,0.16666666666666666,0,0.0,0.0,0.0,0.0,0,none,0,1,0,overconfident,0.95,0,mild_drift,0.9676572589809389,0.0011756842467573211,0.849706750963972,0.8774560144327359,1768237757.0658336,0.02424253709614277,0.2120606154203415
562,35968,35967,sea_nodrift,sea,ts_drift_adapt,1,"error_divergence_ph_meta@error.threshold=0.10,error.min_instances=5",error_divergence_ph_meta,"{""divergence"": {""alpha"": 0.1, ""delta"": 0.005, ""min_instances"": 30, ""threshold"": 0.05}, ""error_rate"": {""alpha"": 0.15, ""delta"": 0.005, ""min_instances"": 5, ""threshold"": 0.1}}","{""error_rate"": {""min_instances"": 5, ""threshold"": 0.1}}",0.1,0.005,0.15,5,0.05,0.005,0.1,30,,,,-1,two_stage,2,0.5,"__confirm_cooldown=200,__confirm_rule=perm_test,__perm_alpha=0.03,__perm_min_effect=0,__perm_n_perm=200,__perm_post_n=10,__perm_pre_n=500,__perm_rng_seed=0,__perm_side=two_sided,__perm_stat=vote_score,divergence=0.3,error_rate=0.5,teacher_entropy=0.2",3,0,200,0.0,0,10000,10.0,25.0,200,500,1,72,1.0,0.8746663701067615,0.6952320186005598,0.0,0.13620394468307495,0.015266021713614464,0,0,109,108,-1,perm_test,0.004975124378109453,0.43622050186497807,108,108,0,0.0,0.01273341290652752,0,0.0,0.0,0.0,0.0,0,none,0,1,0,overconfident,0.95,0,mild_drift,0.9639786294904694,0.0012378421233786607,0.824853375481986,0.866228007216368,1768237757.0757089,0.03768065944314003,0.12030013650655746
563,36032,36031,sea_nodrift,sea,ts_drift_adapt,1,"error_divergence_ph_meta@error.threshold=0.10,error.min_instances=5",error_divergence_ph_meta,"{""divergence"": {""alpha"": 0.1, ""delta"": 0.005, ""min_instances"": 30, ""threshold"": 0.05}, ""error_rate"": {""alpha"": 0.15, ""delta"": 0.005, ""min_instances"": 5, ""threshold"": 0.1}}","{""error_rate"": {""min_instances"": 5, ""threshold"": 0.1}}",0.1,0.005,0.15,5,0.05,0.005,0.1,30,,,,-1,two_stage,2,0.5,"__confirm_cooldown=200,__confirm_rule=perm_test,__perm_alpha=0.03,__perm_min_effect=0,__perm_n_perm=200,__perm_post_n=10,__perm_pre_n=500,__perm_rng_seed=0,__perm_side=two_sided,__perm_stat=vote_score,divergence=0.3,error_rate=0.5,teacher_entropy=0.2",3,0,200,0.0,0,10000,10.0,25.0,200,500,1,8,1.0,0.8747779751332149,0.6954745564793955,0.16666666666666666,0.19537444412708282,0.011427735909819603,0,0,109,108,-1,perm_test,0.004975124378109453,0.43622050186497807,108,108,0,0.0,0.16666666666666666,0,0.0,0.0,0.0,0.0,0,none,0,1,0,overconfident,0.95,0,mild_drift,0.9621393147452346,0.0012689210616893304,0.812426687740993,0.860614003608184,1768237757.085514,0.20097488164901733,0.08685418963432312
564,36096,36095,sea_nodrift,sea,ts_drift_adapt,1,"error_divergence_ph_meta@error.threshold=0.10,error.min_instances=5",error_divergence_ph_meta,"{""divergence"": {""alpha"": 0.1, ""delta"": 0.005, ""min_instances"": 30, ""threshold"": 0.05}, ""error_rate"": {""alpha"": 0.15, ""delta"": 0.005, ""min_instances"": 5, ""threshold"": 0.1}}","{""error_rate"": {""min_instances"": 5, ""threshold"": 0.1}}",0.1,0.005,0.15,5,0.05,0.005,0.1,30,,,,-1,two_stage,2,0.5,"__confirm_cooldown=200,__confirm_rule=perm_test,__perm_alpha=0.03,__perm_min_effect=0,__perm_n_perm=200,__perm_post_n=10,__perm_pre_n=500,__perm_rng_seed=0,__perm_side=two_sided,__perm_stat=vote_score,divergence=0.3,error_rate=0.5,teacher_entropy=0.2",3,0,200,0.0,0,10000,10.0,25.0,200,500,0,0,1.0,0.8749168882978723,0.6956912697910679,0.0,0.13611866533756256,0.013261060230433941,0,0,109,108,-1,perm_test,0.004975124378109453,0.43622050186497807,108,108,0,0.0,0.16666666666666666,0,0.0,0.0,0.0,0.0,0,none,0,1,0,overconfident,0.95,0,mild_drift,0.9612196573726173,0.0012844605308446654,0.8062133438704966,0.857807001804092,1768237757.0953887,0.004626247100532055,0.12145323306322098
565,36160,36159,sea_nodrift,sea,ts_drift_adapt,1,"error_divergence_ph_meta@error.threshold=0.10,error.min_instances=5",error_divergence_ph_meta,"{""divergence"": {""alpha"": 0.1, ""delta"": 0.005, ""min_instances"": 30, ""threshold"": 0.05}, ""error_rate"": {""alpha"": 0.15, ""delta"": 0.005, ""min_instances"": 5, ""threshold"": 0.1}}","{""error_rate"": {""min_instances"": 5, ""threshold"": 0.1}}",0.1,0.005,0.15,5,0.05,0.005,0.1,30,,,,-1,two_stage,2,0.5,"__confirm_cooldown=200,__confirm_rule=perm_test,__perm_alpha=0.03,__perm_min_effect=0,__perm_n_perm=200,__perm_post_n=10,__perm_pre_n=500,__perm_rng_seed=0,__perm_side=two_sided,__perm_stat=vote_score,divergence=0.3,error_rate=0.5,teacher_entropy=0.2",3,0,200,0.0,0,10000,10.0,25.0,200,500,0,0,1.0,0.8749170353982301,0.6956728446311562,0.0,0.17940658330917358,0.016217093914747238,1,1,110,109,0,perm_test,0.004975124378109453,0.4263194819647925,109,109,0,0.16666666666666666,0.0029560336843132973,1,0.5,0.0,0.0,0.0,0,none,1,1,0,overconfident,0.95,0,severe_drift,0.9261098286863086,0.0016422302654223327,0.6531066719352483,0.833903500902046,1768237757.1121838,0.049174964427948,0.15217293798923492
566,36224,36223,sea_nodrift,sea,ts_drift_adapt,1,"error_divergence_ph_meta@error.threshold=0.10,error.min_instances=5",error_divergence_ph_meta,"{""divergence"": {""alpha"": 0.1, ""delta"": 0.005, ""min_instances"": 30, ""threshold"": 0.05}, ""error_rate"": {""alpha"": 0.15, ""delta"": 0.005, ""min_instances"": 5, ""threshold"": 0.1}}","{""error_rate"": {""min_instances"": 5, ""threshold"": 0.1}}",0.1,0.005,0.15,5,0.05,0.005,0.1,30,,,,-1,two_stage,2,0.5,"__confirm_cooldown=200,__confirm_rule=perm_test,__perm_alpha=0.03,__perm_min_effect=0,__perm_n_perm=200,__perm_post_n=10,__perm_pre_n=500,__perm_rng_seed=0,__perm_side=two_sided,__perm_stat=vote_score,divergence=0.3,error_rate=0.5,teacher_entropy=0.2",3,0,200,0.0,0,10000,10.0,25.0,200,500,1,136,1.0,0.8750828180212014,0.6960328272440821,0.16666666666666666,0.14892084896564484,0.00583170261234045,0,0,110,109,-1,perm_test,0.004975124378109453,0.4263194819647925,109,109,0,0.0,0.16666666666666666,0,0.0,0.0,0.0,0.0,0,none,0,1,0,overconfident,0.95,0,mild_drift,0.9432049143431542,0.0014711151327111665,0.7265533359676242,0.8444517504510229,1768237757.1220844,0.182043194770813,0.062083031982183456
567,36288,36287,sea_nodrift,sea,ts_drift_adapt,1,"error_divergence_ph_meta@error.threshold=0.10,error.min_instances=5",error_divergence_ph_meta,"{""divergence"": {""alpha"": 0.1, ""delta"": 0.005, ""min_instances"": 30, ""threshold"": 0.05}, ""error_rate"": {""alpha"": 0.15, ""delta"": 0.005, ""min_instances"": 5, ""threshold"": 0.1}}","{""error_rate"": {""min_instances"": 5, ""threshold"": 0.1}}",0.1,0.005,0.15,5,0.05,0.005,0.1,30,,,,-1,two_stage,2,0.5,"__confirm_cooldown=200,__confirm_rule=perm_test,__perm_alpha=0.03,__perm_min_effect=0,__perm_n_perm=200,__perm_post_n=10,__perm_pre_n=500,__perm_rng_seed=0,__perm_side=two_sided,__perm_stat=vote_score,divergence=0.3,error_rate=0.5,teacher_entropy=0.2",3,0,200,0.0,0,10000,10.0,25.0,200,500,1,72,1.0,0.87513778659612,0.69607606057174,0.3333333333333333,0.16217395663261414,0.01253946777433157,0,0,110,109,-1,perm_test,0.004975124378109453,0.4263194819647925,109,109,0,0.0,0.16666666666666666,0,0.0,0.0,0.0,0.0,0,none,0,1,0,overconfident,0.95,0,mild_drift,0.9517524571715771,0.0013855575663555835,0.7632766679838121,0.8497258752255115,1768237757.1318142,0.609290361404419,0.0855458527803421
568,36352,36351,sea_nodrift,sea,ts_drift_adapt,1,"error_divergence_ph_meta@error.threshold=0.10,error.min_instances=5",error_divergence_ph_meta,"{""divergence"": {""alpha"": 0.1, ""delta"": 0.005, ""min_instances"": 30, ""threshold"": 0.05}, ""error_rate"": {""alpha"": 0.15, ""delta"": 0.005, ""min_instances"": 5, ""threshold"": 0.1}}","{""error_rate"": {""min_instances"": 5, ""threshold"": 0.1}}",0.1,0.005,0.15,5,0.05,0.005,0.1,30,,,,-1,two_stage,2,0.5,"__confirm_cooldown=200,__confirm_rule=perm_test,__perm_alpha=0.03,__perm_min_effect=0,__perm_n_perm=200,__perm_post_n=10,__perm_pre_n=500,__perm_rng_seed=0,__perm_side=two_sided,__perm_stat=vote_score,divergence=0.3,error_rate=0.5,teacher_entropy=0.2",3,0,200,0.0,0,10000,10.0,25.0,200,500,1,8,1.0,0.8751375440140845,0.6960719915612491,0.16666666666666666,0.16913756728172302,0.012405416928231716,0,0,110,109,-1,perm_test,0.004975124378109453,0.4263194819647925,109,109,0,0.0,0.16666666666666666,0,0.0,0.0,0.0,0.0,0,none,0,1,0,overconfident,0.95,0,mild_drift,0.9560262285857886,0.001342778783177792,0.7816383339919061,0.8523629376127557,1768237757.1417751,0.23769651353359222,0.1115676611661911
569,36416,36415,sea_nodrift,sea,ts_drift_adapt,1,"error_divergence_ph_meta@error.threshold=0.10,error.min_instances=5",error_divergence_ph_meta,"{""divergence"": {""alpha"": 0.1, ""delta"": 0.005, ""min_instances"": 30, ""threshold"": 0.05}, ""error_rate"": {""alpha"": 0.15, ""delta"": 0.005, ""min_instances"": 5, ""threshold"": 0.1}}","{""error_rate"": {""min_instances"": 5, ""threshold"": 0.1}}",0.1,0.005,0.15,5,0.05,0.005,0.1,30,,,,-1,two_stage,2,0.5,"__confirm_cooldown=200,__confirm_rule=perm_test,__perm_alpha=0.03,__perm_min_effect=0,__perm_n_perm=200,__perm_post_n=10,__perm_pre_n=500,__perm_rng_seed=0,__perm_side=two_sided,__perm_stat=vote_score,divergence=0.3,error_rate=0.5,teacher_entropy=0.2",3,0,200,0.0,0,10000,10.0,25.0,200,500,0,0,1.0,0.875302065026362,0.6964987725571361,0.0,0.11282147467136383,0.02168862149119377,0,0,110,109,-1,perm_test,0.004975124378109453,0.4263194819647925,109,109,0,0.0,0.16666666666666666,0,0.0,0.0,0.0,0.0,0,none,0,1,0,overconfident,0.95,0,mild_drift,0.9581631142928942,0.001321389391588896,0.790819166995953,0.8536814688063779,1768237757.1517239,0.04694807901978493,0.16978900134563446
570,36480,36479,sea_nodrift,sea,ts_drift_adapt,1,"error_divergence_ph_meta@error.threshold=0.10,error.min_instances=5",error_divergence_ph_meta,"{""divergence"": {""alpha"": 0.1, ""delta"": 0.005, ""min_instances"": 30, ""threshold"": 0.05}, ""error_rate"": {""alpha"": 0.15, ""delta"": 0.005, ""min_instances"": 5, ""threshold"": 0.1}}","{""error_rate"": {""min_instances"": 5, ""threshold"": 0.1}}",0.1,0.005,0.15,5,0.05,0.005,0.1,30,,,,-1,two_stage,2,0.5,"__confirm_cooldown=200,__confirm_rule=perm_test,__perm_alpha=0.03,__perm_min_effect=0,__perm_n_perm=200,__perm_post_n=10,__perm_pre_n=500,__perm_rng_seed=0,__perm_side=two_sided,__perm_stat=vote_score,divergence=0.3,error_rate=0.5,teacher_entropy=0.2",3,0,200,0.0,0,10000,10.0,25.0,200,500,0,0,1.0,0.8754934210526316,0.6970153388222929,0.0,0.1529674232006073,0.019012900069355965,1,1,111,110,0,perm_test,0.004975124378109453,0.42338336203603383,110,110,0,0.0,0.0026757214218378067,1,0.5,0.0,0.0,0.0,0,none,1,1,0,overconfident,0.95,0,stable,0.9740815571464472,0.001060694695794448,0.8954095834979765,0.899340734403189,1768237757.1682918,0.011639081872999668,0.1578950583934784
571,36544,36543,sea_nodrift,sea,ts_drift_adapt,1,"error_divergence_ph_meta@error.threshold=0.10,error.min_instances=5",error_divergence_ph_meta,"{""divergence"": {""alpha"": 0.1, ""delta"": 0.005, ""min_instances"": 30, ""threshold"": 0.05}, ""error_rate"": {""alpha"": 0.15, ""delta"": 0.005, ""min_instances"": 5, ""threshold"": 0.1}}","{""error_rate"": {""min_instances"": 5, ""threshold"": 0.1}}",0.1,0.005,0.15,5,0.05,0.005,0.1,30,,,,-1,two_stage,2,0.5,"__confirm_cooldown=200,__confirm_rule=perm_test,__perm_alpha=0.03,__perm_min_effect=0,__perm_n_perm=200,__perm_post_n=10,__perm_pre_n=500,__perm_rng_seed=0,__perm_side=two_sided,__perm_stat=vote_score,divergence=0.3,error_rate=0.5,teacher_entropy=0.2",3,0,200,0.0,0,10000,10.0,25.0,200,500,1,136,1.0,0.8756020140105079,0.6974085866661996,0.0,0.1780211180448532,0.016534119844436646,0,0,111,110,-1,perm_test,0.004975124378109453,0.42338336203603383,110,110,0,0.0,0.002478780224919319,0,0.0,0.0,0.0,0.0,0,none,0,1,0,overconfident,0.95,0,mild_drift,0.9671907785732236,0.001180347347897224,0.8477047917489883,0.8771703672015945,1768237757.1780386,0.008374365977942944,0.1413390338420868
572,36608,36607,sea_nodrift,sea,ts_drift_adapt,1,"error_divergence_ph_meta@error.threshold=0.10,error.min_instances=5",error_divergence_ph_meta,"{""divergence"": {""alpha"": 0.1, ""delta"": 0.005, ""min_instances"": 30, ""threshold"": 0.05}, ""error_rate"": {""alpha"": 0.15, ""delta"": 0.005, ""min_instances"": 5, ""threshold"": 0.1}}","{""error_rate"": {""min_instances"": 5, ""threshold"": 0.1}}",0.1,0.005,0.15,5,0.05,0.005,0.1,30,,,,-1,two_stage,2,0.5,"__confirm_cooldown=200,__confirm_rule=perm_test,__perm_alpha=0.03,__perm_min_effect=0,__perm_n_perm=200,__perm_post_n=10,__perm_pre_n=500,__perm_rng_seed=0,__perm_side=two_sided,__perm_stat=vote_score,divergence=0.3,error_rate=0.5,teacher_entropy=0.2",3,0,200,0.0,0,10000,10.0,25.0,200,500,1,72,1.0,0.875819493006993,0.6979779406907398,0.0,0.12232232093811035,0.011636990122497082,0,0,111,110,-1,perm_test,0.004975124378109453,0.42338336203603383,110,110,0,0.0,0.004897129721939564,0,0.0,0.0,0.0,0.0,0,none,0,1,0,overconfident,0.95,0,mild_drift,0.9637453892866117,0.001240173673948612,0.8238523958744941,0.8660851836007972,1768237757.1876078,0.007983412593603134,0.08909760415554047
573,36672,36671,sea_nodrift,sea,ts_drift_adapt,1,"error_divergence_ph_meta@error.threshold=0.10,error.min_instances=5",error_divergence_ph_meta,"{""divergence"": {""alpha"": 0.1, ""delta"": 0.005, ""min_instances"": 30, ""threshold"": 0.05}, ""error_rate"": {""alpha"": 0.15, ""delta"": 0.005, ""min_instances"": 5, ""threshold"": 0.1}}","{""error_rate"": {""min_instances"": 5, ""threshold"": 0.1}}",0.1,0.005,0.15,5,0.05,0.005,0.1,30,,,,-1,two_stage,2,0.5,"__confirm_cooldown=200,__confirm_rule=perm_test,__perm_alpha=0.03,__perm_min_effect=0,__perm_n_perm=200,__perm_post_n=10,__perm_pre_n=500,__perm_rng_seed=0,__perm_side=two_sided,__perm_stat=vote_score,divergence=0.3,error_rate=0.5,teacher_entropy=0.2",3,0,200,0.0,0,10000,10.0,25.0,200,500,1,8,1.0,0.8758726003490401,0.6981278764604119,0.0,0.21750393509864807,0.03933992609381676,0,0,111,110,-1,perm_test,0.004975124378109453,0.42338336203603383,110,110,0,0.0,0.027702935971319675,0,0.0,0.0,0.0,0.0,0,none,0,1,0,overconfident,0.95,0,mild_drift,0.9620226946433058,0.001270086836974306,0.8119261979372471,0.8605425918003986,1768237757.1975234,0.09689108282327652,0.37346893548965454
574,36736,36735,sea_nodrift,sea,ts_drift_adapt,1,"error_divergence_ph_meta@error.threshold=0.10,error.min_instances=5",error_divergence_ph_meta,"{""divergence"": {""alpha"": 0.1, ""delta"": 0.005, ""min_instances"": 30, ""threshold"": 0.05}, ""error_rate"": {""alpha"": 0.15, ""delta"": 0.005, ""min_instances"": 5, ""threshold"": 0.1}}","{""error_rate"": {""min_instances"": 5, ""threshold"": 0.1}}",0.1,0.005,0.15,5,0.05,0.005,0.1,30,,,,-1,two_stage,2,0.5,"__confirm_cooldown=200,__confirm_rule=perm_test,__perm_alpha=0.03,__perm_min_effect=0,__perm_n_perm=200,__perm_post_n=10,__perm_pre_n=500,__perm_rng_seed=0,__perm_side=two_sided,__perm_stat=vote_score,divergence=0.3,error_rate=0.5,teacher_entropy=0.2",3,0,200,0.0,0,10000,10.0,25.0,200,500,0,0,1.0,0.875952743902439,0.6982998101072084,0.0,0.15995445847511292,0.016162121668457985,0,0,111,110,-1,perm_test,0.004975124378109453,0.42338336203603383,110,110,0,0.0,0.023177804425358772,0,0.0,0.0,0.0,0.0,0,none,0,1,0,overconfident,0.95,0,mild_drift,0.9611613473216529,0.001285043418487153,0.8059630989686235,0.8577712959001993,1768237757.2073755,0.0331742987036705,0.1329527199268341
575,36800,36799,sea_nodrift,sea,ts_drift_adapt,1,"error_divergence_ph_meta@error.threshold=0.10,error.min_instances=5",error_divergence_ph_meta,"{""divergence"": {""alpha"": 0.1, ""delta"": 0.005, ""min_instances"": 30, ""threshold"": 0.05}, ""error_rate"": {""alpha"": 0.15, ""delta"": 0.005, ""min_instances"": 5, ""threshold"": 0.1}}","{""error_rate"": {""min_instances"": 5, ""threshold"": 0.1}}",0.1,0.005,0.15,5,0.05,0.005,0.1,30,,,,-1,two_stage,2,0.5,"__confirm_cooldown=200,__confirm_rule=perm_test,__perm_alpha=0.03,__perm_min_effect=0,__perm_n_perm=200,__perm_post_n=10,__perm_pre_n=500,__perm_rng_seed=0,__perm_side=two_sided,__perm_stat=vote_score,divergence=0.3,error_rate=0.5,teacher_entropy=0.2",3,0,200,0.0,0,10000,10.0,25.0,200,500,0,0,1.0,0.8760597826086957,0.6985831911563275,0.0,0.153799906373024,0.012863682582974434,0,0,111,110,-1,perm_test,0.004975124378109453,0.42338336203603383,110,110,0,0.0,0.003298439085483551,0,0.0,0.0,0.0,0.0,0,none,0,1,0,overconfident,0.95,0,mild_drift,0.9607306736608264,0.0012925217092435767,0.8029815494843118,0.8563856479500996,1768237757.2172992,0.07799983769655228,0.11045393347740173
576,36864,36863,sea_nodrift,sea,ts_drift_adapt,1,"error_divergence_ph_meta@error.threshold=0.10,error.min_instances=5",error_divergence_ph_meta,"{""divergence"": {""alpha"": 0.1, ""delta"": 0.005, ""min_instances"": 30, ""threshold"": 0.05}, ""error_rate"": {""alpha"": 0.15, ""delta"": 0.005, ""min_instances"": 5, ""threshold"": 0.1}}","{""error_rate"": {""min_instances"": 5, ""threshold"": 0.1}}",0.1,0.005,0.15,5,0.05,0.005,0.1,30,,,,-1,two_stage,2,0.5,"__confirm_cooldown=200,__confirm_rule=perm_test,__perm_alpha=0.03,__perm_min_effect=0,__perm_n_perm=200,__perm_post_n=10,__perm_pre_n=500,__perm_rng_seed=0,__perm_side=two_sided,__perm_stat=vote_score,divergence=0.3,error_rate=0.5,teacher_entropy=0.2",3,0,200,0.0,0,10000,10.0,25.0,200,500,0,0,1.0,0.8761121961805556,0.6986805392478999,0.0,0.17765671014785767,0.02713681384921074,0,0,111,110,-1,perm_test,0.004975124378109453,0.42338336203603383,110,110,0,0.0,0.014273131266236305,0,0.0,0.0,0.0,0.0,0,none,0,1,0,overconfident,0.95,0,mild_drift,0.9605153368304131,0.0012962608546217883,0.8014907747421559,0.8556928239750499,1768237757.2271655,0.12845805287361145,0.21025459468364716
577,36928,36927,sea_nodrift,sea,ts_drift_adapt,1,"error_divergence_ph_meta@error.threshold=0.10,error.min_instances=5",error_divergence_ph_meta,"{""divergence"": {""alpha"": 0.1, ""delta"": 0.005, ""min_instances"": 30, ""threshold"": 0.05}, ""error_rate"": {""alpha"": 0.15, ""delta"": 0.005, ""min_instances"": 5, ""threshold"": 0.1}}","{""error_rate"": {""min_instances"": 5, ""threshold"": 0.1}}",0.1,0.005,0.15,5,0.05,0.005,0.1,30,,,,-1,two_stage,2,0.5,"__confirm_cooldown=200,__confirm_rule=perm_test,__perm_alpha=0.03,__perm_min_effect=0,__perm_n_perm=200,__perm_post_n=10,__perm_pre_n=500,__perm_rng_seed=0,__perm_side=two_sided,__perm_stat=vote_score,divergence=0.3,error_rate=0.5,teacher_entropy=0.2",3,0,200,0.0,0,10000,10.0,25.0,200,500,0,0,1.0,0.8762185875216638,0.6989645935986859,0.0,0.20589207112789154,0.01962314173579216,0,0,111,110,-1,perm_test,0.004975124378109453,0.42338336203603383,110,110,0,0.0,0.007513672113418579,0,0.0,0.0,0.0,0.0,0,none,0,1,0,overconfident,0.95,0,mild_drift,0.9604076684152065,0.0012981304273108943,0.8007453873710779,0.8553464119875249,1768237757.237075,0.021476231515407562,0.22396981716156006
578,36992,36991,sea_nodrift,sea,ts_drift_adapt,1,"error_divergence_ph_meta@error.threshold=0.10,error.min_instances=5",error_divergence_ph_meta,"{""divergence"": {""alpha"": 0.1, ""delta"": 0.005, ""min_instances"": 30, ""threshold"": 0.05}, ""error_rate"": {""alpha"": 0.15, ""delta"": 0.005, ""min_instances"": 5, ""threshold"": 0.1}}","{""error_rate"": {""min_instances"": 5, ""threshold"": 0.1}}",0.1,0.005,0.15,5,0.05,0.005,0.1,30,,,,-1,two_stage,2,0.5,"__confirm_cooldown=200,__confirm_rule=perm_test,__perm_alpha=0.03,__perm_min_effect=0,__perm_n_perm=200,__perm_post_n=10,__perm_pre_n=500,__perm_rng_seed=0,__perm_side=two_sided,__perm_stat=vote_score,divergence=0.3,error_rate=0.5,teacher_entropy=0.2",3,0,200,0.0,0,10000,10.0,25.0,200,500,0,0,1.0,0.876189446366782,0.6989476518908512,0.16666666666666666,0.1830950230360031,0.022196294739842415,1,1,112,111,0,perm_test,0.004975124378109453,0.4349815575085021,111,111,0,0.16666666666666666,0.16666666666666666,1,0.5,0.0,0.0,0.0,0,none,1,1,0,overconfident,0.95,0,severe_drift,0.9257038342076033,0.0016490652136554472,0.650372693685539,0.8326732059937625,1768237757.2541018,0.15244202315807343,0.16817739605903625
579,37056,37055,sea_nodrift,sea,ts_drift_adapt,1,"error_divergence_ph_meta@error.threshold=0.10,error.min_instances=5",error_divergence_ph_meta,"{""divergence"": {""alpha"": 0.1, ""delta"": 0.005, ""min_instances"": 30, ""threshold"": 0.05}, ""error_rate"": {""alpha"": 0.15, ""delta"": 0.005, ""min_instances"": 5, ""threshold"": 0.1}}","{""error_rate"": {""min_instances"": 5, ""threshold"": 0.1}}",0.1,0.005,0.15,5,0.05,0.005,0.1,30,,,,-1,two_stage,2,0.5,"__confirm_cooldown=200,__confirm_rule=perm_test,__perm_alpha=0.03,__perm_min_effect=0,__perm_n_perm=200,__perm_post_n=10,__perm_pre_n=500,__perm_rng_seed=0,__perm_side=two_sided,__perm_stat=vote_score,divergence=0.3,error_rate=0.5,teacher_entropy=0.2",3,0,200,0.0,0,10000,10.0,25.0,200,500,1,136,1.0,0.8762143782383419,0.6990428650778203,0.16666666666666666,0.17469199001789093,0.018257737159729004,0,0,112,111,-1,perm_test,0.004975124378109453,0.4349815575085021,111,111,0,0.0,0.003938557580113411,0,0.0,0.0,0.0,0.0,0,none,0,1,0,overconfident,0.95,0,mild_drift,0.9430019171038015,0.0014745326068277237,0.7251863468427695,0.8438366029968812,1768237757.263951,0.2050771862268448,0.18494829535484314
580,37120,37119,sea_nodrift,sea,ts_drift_adapt,1,"error_divergence_ph_meta@error.threshold=0.10,error.min_instances=5",error_divergence_ph_meta,"{""divergence"": {""alpha"": 0.1, ""delta"": 0.005, ""min_instances"": 30, ""threshold"": 0.05}, ""error_rate"": {""alpha"": 0.15, ""delta"": 0.005, ""min_instances"": 5, ""threshold"": 0.1}}","{""error_rate"": {""min_instances"": 5, ""threshold"": 0.1}}",0.1,0.005,0.15,5,0.05,0.005,0.1,30,,,,-1,two_stage,2,0.5,"__confirm_cooldown=200,__confirm_rule=perm_test,__perm_alpha=0.03,__perm_min_effect=0,__perm_n_perm=200,__perm_post_n=10,__perm_pre_n=500,__perm_rng_seed=0,__perm_side=two_sided,__perm_stat=vote_score,divergence=0.3,error_rate=0.5,teacher_entropy=0.2",3,0,200,0.0,0,10000,10.0,25.0,200,500,1,72,1.0,0.8762931034482758,0.6993500721044625,0.0,0.1477707475423813,0.010989620350301266,0,0,112,111,-1,perm_test,0.004975124378109453,0.4349815575085021,111,111,0,0.0,0.16666666666666666,0,0.0,0.0,0.0,0.0,0,none,0,1,0,overconfident,0.95,0,mild_drift,0.9516509585519007,0.001387266303413862,0.7625931734213848,0.8494183014984407,1768237757.2737288,0.09084314852952957,0.11014734208583832
581,37184,37183,sea_nodrift,sea,ts_drift_adapt,1,"error_divergence_ph_meta@error.threshold=0.10,error.min_instances=5",error_divergence_ph_meta,"{""divergence"": {""alpha"": 0.1, ""delta"": 0.005, ""min_instances"": 30, ""threshold"": 0.05}, ""error_rate"": {""alpha"": 0.15, ""delta"": 0.005, ""min_instances"": 5, ""threshold"": 0.1}}","{""error_rate"": {""min_instances"": 5, ""threshold"": 0.1}}",0.1,0.005,0.15,5,0.05,0.005,0.1,30,,,,-1,two_stage,2,0.5,"__confirm_cooldown=200,__confirm_rule=perm_test,__perm_alpha=0.03,__perm_min_effect=0,__perm_n_perm=200,__perm_post_n=10,__perm_pre_n=500,__perm_rng_seed=0,__perm_side=two_sided,__perm_stat=vote_score,divergence=0.3,error_rate=0.5,teacher_entropy=0.2",3,0,200,0.0,0,10000,10.0,25.0,200,500,1,8,1.0,0.8764253442340791,0.6996054480018946,0.0,0.22204060852527618,0.015534689649939537,0,0,112,111,-1,perm_test,0.004975124378109453,0.4349815575085021,111,111,0,0.0,0.004545069299638271,0,0.0,0.0,0.0,0.0,0,none,0,1,0,overconfident,0.95,0,mild_drift,0.9559754792759503,0.0013436331517069312,0.7812965867106925,0.8522091507492203,1768237757.2836418,0.06029760465025902,0.16782855987548828
582,37248,37247,sea_nodrift,sea,ts_drift_adapt,1,"error_divergence_ph_meta@error.threshold=0.10,error.min_instances=5",error_divergence_ph_meta,"{""divergence"": {""alpha"": 0.1, ""delta"": 0.005, ""min_instances"": 30, ""threshold"": 0.05}, ""error_rate"": {""alpha"": 0.15, ""delta"": 0.005, ""min_instances"": 5, ""threshold"": 0.1}}","{""error_rate"": {""min_instances"": 5, ""threshold"": 0.1}}",0.1,0.005,0.15,5,0.05,0.005,0.1,30,,,,-1,two_stage,2,0.5,"__confirm_cooldown=200,__confirm_rule=perm_test,__perm_alpha=0.03,__perm_min_effect=0,__perm_n_perm=200,__perm_post_n=10,__perm_pre_n=500,__perm_rng_seed=0,__perm_side=two_sided,__perm_stat=vote_score,divergence=0.3,error_rate=0.5,teacher_entropy=0.2",3,0,200,0.0,0,10000,10.0,25.0,200,500,0,0,1.0,0.8764228951890034,0.6996310651760749,0.16666666666666666,0.1897602379322052,0.01605958305299282,0,0,112,111,-1,perm_test,0.004975124378109453,0.4349815575085021,111,111,0,0.0,0.16666666666666666,0,0.0,0.0,0.0,0.0,0,none,0,1,0,overconfident,0.95,0,mild_drift,0.9581377396379751,0.0013218165758534656,0.7906482933553463,0.8536045753746102,1768237757.2935731,0.16345496475696564,0.11954068392515182
583,37312,37311,sea_nodrift,sea,ts_drift_adapt,1,"error_divergence_ph_meta@error.threshold=0.10,error.min_instances=5",error_divergence_ph_meta,"{""divergence"": {""alpha"": 0.1, ""delta"": 0.005, ""min_instances"": 30, ""threshold"": 0.05}, ""error_rate"": {""alpha"": 0.15, ""delta"": 0.005, ""min_instances"": 5, ""threshold"": 0.1}}","{""error_rate"": {""min_instances"": 5, ""threshold"": 0.1}}",0.1,0.005,0.15,5,0.05,0.005,0.1,30,,,,-1,two_stage,2,0.5,"__confirm_cooldown=200,__confirm_rule=perm_test,__perm_alpha=0.03,__perm_min_effect=0,__perm_n_perm=200,__perm_post_n=10,__perm_pre_n=500,__perm_rng_seed=0,__perm_side=two_sided,__perm_stat=vote_score,divergence=0.3,error_rate=0.5,teacher_entropy=0.2",3,0,200,0.0,0,10000,10.0,25.0,200,500,0,0,1.0,0.8766080617495712,0.7000796341455966,0.0,0.11405500769615173,0.011762937530875206,1,1,113,112,0,perm_test,0.004975124378109453,0.44353989862826093,112,112,0,0.16666666666666666,0.16666666666666666,1,0.5,0.0,0.0,0.0,0,none,1,1,0,overconfident,0.95,0,severe_drift,0.9245688698189876,0.0016609082879267328,0.6453241466776731,0.8318022876873051,1768237757.3100674,0.05006769672036171,0.08447837084531784
584,37376,37375,sea_nodrift,sea,ts_drift_adapt,1,"error_divergence_ph_meta@error.threshold=0.10,error.min_instances=5",error_divergence_ph_meta,"{""divergence"": {""alpha"": 0.1, ""delta"": 0.005, ""min_instances"": 30, ""threshold"": 0.05}, ""error_rate"": {""alpha"": 0.15, ""delta"": 0.005, ""min_instances"": 5, ""threshold"": 0.1}}","{""error_rate"": {""min_instances"": 5, ""threshold"": 0.1}}",0.1,0.005,0.15,5,0.05,0.005,0.1,30,,,,-1,two_stage,2,0.5,"__confirm_cooldown=200,__confirm_rule=perm_test,__perm_alpha=0.03,__perm_min_effect=0,__perm_n_perm=200,__perm_post_n=10,__perm_pre_n=500,__perm_rng_seed=0,__perm_side=two_sided,__perm_stat=vote_score,divergence=0.3,error_rate=0.5,teacher_entropy=0.2",3,0,200,0.0,0,10000,10.0,25.0,200,500,1,136,1.0,0.8767658390410958,0.7004048121646725,0.0,0.1448434591293335,0.010825267992913723,0,0,113,112,-1,perm_test,0.004975124378109453,0.44353989862826093,112,112,0,0.0,0.000937669537961483,0,0.0,0.0,0.0,0.0,0,none,0,1,0,overconfident,0.95,0,mild_drift,0.9424344349094937,0.0014804541439633664,0.7226620733388366,0.8434011438436526,1768237757.3198318,0.05507197976112366,0.09830708801746368
585,37440,37439,sea_nodrift,sea,ts_drift_adapt,1,"error_divergence_ph_meta@error.threshold=0.10,error.min_instances=5",error_divergence_ph_meta,"{""divergence"": {""alpha"": 0.1, ""delta"": 0.005, ""min_instances"": 30, ""threshold"": 0.05}, ""error_rate"": {""alpha"": 0.15, ""delta"": 0.005, ""min_instances"": 5, ""threshold"": 0.1}}","{""error_rate"": {""min_instances"": 5, ""threshold"": 0.1}}",0.1,0.005,0.15,5,0.05,0.005,0.1,30,,,,-1,two_stage,2,0.5,"__confirm_cooldown=200,__confirm_rule=perm_test,__perm_alpha=0.03,__perm_min_effect=0,__perm_n_perm=200,__perm_post_n=10,__perm_pre_n=500,__perm_rng_seed=0,__perm_side=two_sided,__perm_stat=vote_score,divergence=0.3,error_rate=0.5,teacher_entropy=0.2",3,0,200,0.0,0,10000,10.0,25.0,200,500,1,72,1.0,0.8769497863247864,0.7009331576086281,0.0,0.11248861253261566,0.006905810441821814,0,0,113,112,-1,perm_test,0.004975124378109453,0.44353989862826093,112,112,0,0.0,0.003919457551091909,0,0.0,0.0,0.0,0.0,0,none,0,1,0,overconfident,0.95,0,mild_drift,0.9513672174547468,0.0013902270719816832,0.7613310366694184,0.8492005719218263,1768237757.32942,0.006655872333794832,0.05697011202573776
586,37504,37503,sea_nodrift,sea,ts_drift_adapt,1,"error_divergence_ph_meta@error.threshold=0.10,error.min_instances=5",error_divergence_ph_meta,"{""divergence"": {""alpha"": 0.1, ""delta"": 0.005, ""min_instances"": 30, ""threshold"": 0.05}, ""error_rate"": {""alpha"": 0.15, ""delta"": 0.005, ""min_instances"": 5, ""threshold"": 0.1}}","{""error_rate"": {""min_instances"": 5, ""threshold"": 0.1}}",0.1,0.005,0.15,5,0.05,0.005,0.1,30,,,,-1,two_stage,2,0.5,"__confirm_cooldown=200,__confirm_rule=perm_test,__perm_alpha=0.03,__perm_min_effect=0,__perm_n_perm=200,__perm_post_n=10,__perm_pre_n=500,__perm_rng_seed=0,__perm_side=two_sided,__perm_stat=vote_score,divergence=0.3,error_rate=0.5,teacher_entropy=0.2",3,0,200,0.0,0,10000,10.0,25.0,200,500,1,8,1.0,0.8770264505119454,0.7011718477423439,0.16666666666666666,0.1802244484424591,0.01887611486017704,0,0,113,112,-1,perm_test,0.004975124378109453,0.44353989862826093,112,112,0,0.0,0.16666666666666666,0,0.0,0.0,0.0,0.0,0,none,0,1,0,overconfident,0.95,0,mild_drift,0.9558336087273733,0.0013451135359908418,0.7806655183347092,0.8521002859609131,1768237757.3390465,0.6620850563049316,0.15257936716079712
587,37568,37567,sea_nodrift,sea,ts_drift_adapt,1,"error_divergence_ph_meta@error.threshold=0.10,error.min_instances=5",error_divergence_ph_meta,"{""divergence"": {""alpha"": 0.1, ""delta"": 0.005, ""min_instances"": 30, ""threshold"": 0.05}, ""error_rate"": {""alpha"": 0.15, ""delta"": 0.005, ""min_instances"": 5, ""threshold"": 0.1}}","{""error_rate"": {""min_instances"": 5, ""threshold"": 0.1}}",0.1,0.005,0.15,5,0.05,0.005,0.1,30,,,,-1,two_stage,2,0.5,"__confirm_cooldown=200,__confirm_rule=perm_test,__perm_alpha=0.03,__perm_min_effect=0,__perm_n_perm=200,__perm_post_n=10,__perm_pre_n=500,__perm_rng_seed=0,__perm_side=two_sided,__perm_stat=vote_score,divergence=0.3,error_rate=0.5,teacher_entropy=0.2",3,0,200,0.0,0,10000,10.0,25.0,200,500,0,0,1.0,0.8771028534923339,0.701426016621678,0.0,0.15404054522514343,0.011333280242979527,0,0,113,112,-1,perm_test,0.004975124378109453,0.44353989862826093,112,112,0,0.0,0.16666666666666666,0,0.0,0.0,0.0,0.0,0,none,0,1,0,overconfident,0.95,0,mild_drift,0.9580668043636866,0.001322556767995421,0.7903327591673546,0.8535501429804566,1768237757.3489902,0.032679688185453415,0.09679622948169708
588,37632,37631,sea_nodrift,sea,ts_drift_adapt,1,"error_divergence_ph_meta@error.threshold=0.10,error.min_instances=5",error_divergence_ph_meta,"{""divergence"": {""alpha"": 0.1, ""delta"": 0.005, ""min_instances"": 30, ""threshold"": 0.05}, ""error_rate"": {""alpha"": 0.15, ""delta"": 0.005, ""min_instances"": 5, ""threshold"": 0.1}}","{""error_rate"": {""min_instances"": 5, ""threshold"": 0.1}}",0.1,0.005,0.15,5,0.05,0.005,0.1,30,,,,-1,two_stage,2,0.5,"__confirm_cooldown=200,__confirm_rule=perm_test,__perm_alpha=0.03,__perm_min_effect=0,__perm_n_perm=200,__perm_post_n=10,__perm_pre_n=500,__perm_rng_seed=0,__perm_side=two_sided,__perm_stat=vote_score,divergence=0.3,error_rate=0.5,teacher_entropy=0.2",3,0,200,0.0,0,10000,10.0,25.0,200,500,0,0,1.0,0.8772321428571429,0.7016752352838418,0.16666666666666666,0.16961097717285156,0.015217998065054417,1,1,114,113,0,perm_test,0.004975124378109453,0.43536931359952225,113,113,0,0.16666666666666666,0.16666666666666666,1,0.5,0.0,0.0,0.0,0,none,1,1,0,overconfident,0.95,0,severe_drift,0.9245334021818433,0.0016612783839977106,0.6451663795836773,0.8317750714902283,1768237757.3653917,0.18045131862163544,0.10981719195842743
589,37696,37695,sea_nodrift,sea,ts_drift_adapt,1,"error_divergence_ph_meta@error.threshold=0.10,error.min_instances=5",error_divergence_ph_meta,"{""divergence"": {""alpha"": 0.1, ""delta"": 0.005, ""min_instances"": 30, ""threshold"": 0.05}, ""error_rate"": {""alpha"": 0.15, ""delta"": 0.005, ""min_instances"": 5, ""threshold"": 0.1}}","{""error_rate"": {""min_instances"": 5, ""threshold"": 0.1}}",0.1,0.005,0.15,5,0.05,0.005,0.1,30,,,,-1,two_stage,2,0.5,"__confirm_cooldown=200,__confirm_rule=perm_test,__perm_alpha=0.03,__perm_min_effect=0,__perm_n_perm=200,__perm_post_n=10,__perm_pre_n=500,__perm_rng_seed=0,__perm_side=two_sided,__perm_stat=vote_score,divergence=0.3,error_rate=0.5,teacher_entropy=0.2",3,0,200,0.0,0,10000,10.0,25.0,200,500,1,136,1.0,0.8773344651952462,0.7018684978660902,0.0,0.12965723872184753,0.006260289344936609,0,0,114,113,-1,perm_test,0.004975124378109453,0.43536931359952225,113,113,0,0.0,0.16666666666666666,0,0.0,0.0,0.0,0.0,0,none,0,1,0,overconfident,0.95,0,mild_drift,0.9424167010909217,0.0014806391919988554,0.7225831897918387,0.8433875357451142,1768237757.3751893,0.03553659841418266,0.04868428409099579
590,37760,37759,sea_nodrift,sea,ts_drift_adapt,1,"error_divergence_ph_meta@error.threshold=0.10,error.min_instances=5",error_divergence_ph_meta,"{""divergence"": {""alpha"": 0.1, ""delta"": 0.005, ""min_instances"": 30, ""threshold"": 0.05}, ""error_rate"": {""alpha"": 0.15, ""delta"": 0.005, ""min_instances"": 5, ""threshold"": 0.1}}","{""error_rate"": {""min_instances"": 5, ""threshold"": 0.1}}",0.1,0.005,0.15,5,0.05,0.005,0.1,30,,,,-1,two_stage,2,0.5,"__confirm_cooldown=200,__confirm_rule=perm_test,__perm_alpha=0.03,__perm_min_effect=0,__perm_n_perm=200,__perm_post_n=10,__perm_pre_n=500,__perm_rng_seed=0,__perm_side=two_sided,__perm_stat=vote_score,divergence=0.3,error_rate=0.5,teacher_entropy=0.2",3,0,200,0.0,0,10000,10.0,25.0,200,500,1,72,1.0,0.8773569915254237,0.7019543419089562,0.0,0.20899511873722076,0.01659252494573593,0,0,114,113,-1,perm_test,0.004975124378109453,0.43536931359952225,113,113,0,0.0,0.010332235600799322,0,0.0,0.0,0.0,0.0,0,none,0,1,0,overconfident,0.95,0,mild_drift,0.9513583505454608,0.0013903195959994279,0.7612915948959194,0.8491937678725571,1768237757.3848543,0.01592174731194973,0.10787678509950638
591,37824,37823,sea_nodrift,sea,ts_drift_adapt,1,"error_divergence_ph_meta@error.threshold=0.10,error.min_instances=5",error_divergence_ph_meta,"{""divergence"": {""alpha"": 0.1, ""delta"": 0.005, ""min_instances"": 30, ""threshold"": 0.05}, ""error_rate"": {""alpha"": 0.15, ""delta"": 0.005, ""min_instances"": 5, ""threshold"": 0.1}}","{""error_rate"": {""min_instances"": 5, ""threshold"": 0.1}}",0.1,0.005,0.15,5,0.05,0.005,0.1,30,,,,-1,two_stage,2,0.5,"__confirm_cooldown=200,__confirm_rule=perm_test,__perm_alpha=0.03,__perm_min_effect=0,__perm_n_perm=200,__perm_post_n=10,__perm_pre_n=500,__perm_rng_seed=0,__perm_side=two_sided,__perm_stat=vote_score,divergence=0.3,error_rate=0.5,teacher_entropy=0.2",3,0,200,0.0,0,10000,10.0,25.0,200,500,1,8,1.0,0.8774851945854484,0.7023293244010875,0.16666666666666666,0.1553516834974289,0.013217506930232048,0,0,114,113,-1,perm_test,0.004975124378109453,0.43536931359952225,113,113,0,0.0,0.16666666666666666,0,0.0,0.0,0.0,0.0,0,none,0,1,0,overconfident,0.95,0,mild_drift,0.9558291752727304,0.001345159797999714,0.7806457974479597,0.8520968839362786,1768237757.39461,0.37261927127838135,0.09997695684432983
592,37888,37887,sea_nodrift,sea,ts_drift_adapt,1,"error_divergence_ph_meta@error.threshold=0.10,error.min_instances=5",error_divergence_ph_meta,"{""divergence"": {""alpha"": 0.1, ""delta"": 0.005, ""min_instances"": 30, ""threshold"": 0.05}, ""error_rate"": {""alpha"": 0.15, ""delta"": 0.005, ""min_instances"": 5, ""threshold"": 0.1}}","{""error_rate"": {""min_instances"": 5, ""threshold"": 0.1}}",0.1,0.005,0.15,5,0.05,0.005,0.1,30,,,,-1,two_stage,2,0.5,"__confirm_cooldown=200,__confirm_rule=perm_test,__perm_alpha=0.03,__perm_min_effect=0,__perm_n_perm=200,__perm_post_n=10,__perm_pre_n=500,__perm_rng_seed=0,__perm_side=two_sided,__perm_stat=vote_score,divergence=0.3,error_rate=0.5,teacher_entropy=0.2",3,0,200,0.0,0,10000,10.0,25.0,200,500,0,0,1.0,0.8775601773648649,0.702574623021597,0.0,0.17100031673908234,0.011877418495714664,0,0,114,113,-1,perm_test,0.004975124378109453,0.43536931359952225,113,113,0,0.0,0.16666666666666666,0,0.0,0.0,0.0,0.0,0,none,0,1,0,overconfident,0.95,0,mild_drift,0.9580645876363652,0.0013225798989998571,0.7903228987239799,0.8535484419681393,1768237757.4045713,0.006522153038531542,0.08735960721969604
593,37952,37951,sea_nodrift,sea,ts_drift_adapt,1,"error_divergence_ph_meta@error.threshold=0.10,error.min_instances=5",error_divergence_ph_meta,"{""divergence"": {""alpha"": 0.1, ""delta"": 0.005, ""min_instances"": 30, ""threshold"": 0.05}, ""error_rate"": {""alpha"": 0.15, ""delta"": 0.005, ""min_instances"": 5, ""threshold"": 0.1}}","{""error_rate"": {""min_instances"": 5, ""threshold"": 0.1}}",0.1,0.005,0.15,5,0.05,0.005,0.1,30,,,,-1,two_stage,2,0.5,"__confirm_cooldown=200,__confirm_rule=perm_test,__perm_alpha=0.03,__perm_min_effect=0,__perm_n_perm=200,__perm_post_n=10,__perm_pre_n=500,__perm_rng_seed=0,__perm_side=two_sided,__perm_stat=vote_score,divergence=0.3,error_rate=0.5,teacher_entropy=0.2",3,0,200,0.0,0,10000,10.0,25.0,200,500,0,0,1.0,0.8775295109612141,0.702535124108208,0.0,0.18355588614940643,0.03893914446234703,1,1,115,114,0,perm_test,0.004975124378109453,0.418801747489623,114,114,0,0.16666666666666666,0.027061725966632366,1,0.5,0.0,0.0,0.0,0,none,1,1,0,overconfident,0.95,0,severe_drift,0.9245322938181826,0.0016612899494999286,0.6451614493619899,0.8317742209840697,1768237757.421187,0.05054954066872597,0.34860920906066895
594,38016,38015,sea_nodrift,sea,ts_drift_adapt,1,"error_divergence_ph_meta@error.threshold=0.10,error.min_instances=5",error_divergence_ph_meta,"{""divergence"": {""alpha"": 0.1, ""delta"": 0.005, ""min_instances"": 30, ""threshold"": 0.05}, ""error_rate"": {""alpha"": 0.15, ""delta"": 0.005, ""min_instances"": 5, ""threshold"": 0.1}}","{""error_rate"": {""min_instances"": 5, ""threshold"": 0.1}}",0.1,0.005,0.15,5,0.05,0.005,0.1,30,,,,-1,two_stage,2,0.5,"__confirm_cooldown=200,__confirm_rule=perm_test,__perm_alpha=0.03,__perm_min_effect=0,__perm_n_perm=200,__perm_post_n=10,__perm_pre_n=500,__perm_rng_seed=0,__perm_side=two_sided,__perm_stat=vote_score,divergence=0.3,error_rate=0.5,teacher_entropy=0.2",3,0,200,0.0,0,10000,10.0,25.0,200,500,1,136,1.0,0.8776567760942761,0.7028424305376236,0.0,0.1625514179468155,0.009992087259888649,0,0,115,114,-1,perm_test,0.004975124378109453,0.418801747489623,114,114,0,0.0,0.02894705720245838,0,0.0,0.0,0.0,0.0,0,none,0,1,0,overconfident,0.95,0,mild_drift,0.9424161469090913,0.0014806449747499645,0.722580724680995,0.8433871104920349,1768237757.4309008,0.04988330975174904,0.10019145905971527
595,38080,38079,sea_nodrift,sea,ts_drift_adapt,1,"error_divergence_ph_meta@error.threshold=0.10,error.min_instances=5",error_divergence_ph_meta,"{""divergence"": {""alpha"": 0.1, ""delta"": 0.005, ""min_instances"": 30, ""threshold"": 0.05}, ""error_rate"": {""alpha"": 0.15, ""delta"": 0.005, ""min_instances"": 5, ""threshold"": 0.1}}","{""error_rate"": {""min_instances"": 5, ""threshold"": 0.1}}",0.1,0.005,0.15,5,0.05,0.005,0.1,30,,,,-1,two_stage,2,0.5,"__confirm_cooldown=200,__confirm_rule=perm_test,__perm_alpha=0.03,__perm_min_effect=0,__perm_n_perm=200,__perm_post_n=10,__perm_pre_n=500,__perm_rng_seed=0,__perm_side=two_sided,__perm_stat=vote_score,divergence=0.3,error_rate=0.5,teacher_entropy=0.2",3,0,200,0.0,0,10000,10.0,25.0,200,500,1,72,1.0,0.8777836134453781,0.703357234013735,0.0,0.16344882547855377,0.016444401815533638,0,0,115,114,-1,perm_test,0.004975124378109453,0.418801747489623,114,114,0,0.0,0.006452314555644989,0,0.0,0.0,0.0,0.0,0,none,0,1,0,overconfident,0.95,0,mild_drift,0.9513580734545456,0.0013903224873749822,0.7612903623404975,0.8491935552460175,1768237757.4404967,0.1082293763756752,0.13545560836791992
596,38144,38143,sea_nodrift,sea,ts_drift_adapt,1,"error_divergence_ph_meta@error.threshold=0.10,error.min_instances=5",error_divergence_ph_meta,"{""divergence"": {""alpha"": 0.1, ""delta"": 0.005, ""min_instances"": 30, ""threshold"": 0.05}, ""error_rate"": {""alpha"": 0.15, ""delta"": 0.005, ""min_instances"": 5, ""threshold"": 0.1}}","{""error_rate"": {""min_instances"": 5, ""threshold"": 0.1}}",0.1,0.005,0.15,5,0.05,0.005,0.1,30,,,,-1,two_stage,2,0.5,"__confirm_cooldown=200,__confirm_rule=perm_test,__perm_alpha=0.03,__perm_min_effect=0,__perm_n_perm=200,__perm_post_n=10,__perm_pre_n=500,__perm_rng_seed=0,__perm_side=two_sided,__perm_stat=vote_score,divergence=0.3,error_rate=0.5,teacher_entropy=0.2",3,0,200,0.0,0,10000,10.0,25.0,200,500,1,8,1.0,0.8779362416107382,0.7037026992303597,0.0,0.12872792780399323,0.009134233929216862,0,0,115,114,-1,perm_test,0.004975124378109453,0.418801747489623,114,114,0,0.0,0.007310167886316776,0,0.0,0.0,0.0,0.0,0,none,0,1,0,overconfident,0.95,0,mild_drift,0.9558290367272728,0.0013451612436874913,0.7806451811702488,0.8520967776230087,1768237757.4501019,0.02526666782796383,0.06172899901866913
597,38208,38207,sea_nodrift,sea,ts_drift_adapt,1,"error_divergence_ph_meta@error.threshold=0.10,error.min_instances=5",error_divergence_ph_meta,"{""divergence"": {""alpha"": 0.1, ""delta"": 0.005, ""min_instances"": 30, ""threshold"": 0.05}, ""error_rate"": {""alpha"": 0.15, ""delta"": 0.005, ""min_instances"": 5, ""threshold"": 0.1}}","{""error_rate"": {""min_instances"": 5, ""threshold"": 0.1}}",0.1,0.005,0.15,5,0.05,0.005,0.1,30,,,,-1,two_stage,2,0.5,"__confirm_cooldown=200,__confirm_rule=perm_test,__perm_alpha=0.03,__perm_min_effect=0,__perm_n_perm=200,__perm_post_n=10,__perm_pre_n=500,__perm_rng_seed=0,__perm_side=two_sided,__perm_stat=vote_score,divergence=0.3,error_rate=0.5,teacher_entropy=0.2",3,0,200,0.0,0,10000,10.0,25.0,200,500,0,0,1.0,0.878036013400335,0.7039221725594718,0.0,0.15985837578773499,0.007514231372624636,0,0,115,114,-1,perm_test,0.004975124378109453,0.418801747489623,114,114,0,0.0,0.001620002556592226,0,0.0,0.0,0.0,0.0,0,none,0,1,0,overconfident,0.95,0,mild_drift,0.9580645183636364,0.0013225806218437456,0.7903225905851244,0.8535483888115043,1768237757.4597566,0.095576710999012,0.07396167516708374
598,38272,38271,sea_nodrift,sea,ts_drift_adapt,1,"error_divergence_ph_meta@error.threshold=0.10,error.min_instances=5",error_divergence_ph_meta,"{""divergence"": {""alpha"": 0.1, ""delta"": 0.005, ""min_instances"": 30, ""threshold"": 0.05}, ""error_rate"": {""alpha"": 0.15, ""delta"": 0.005, ""min_instances"": 5, ""threshold"": 0.1}}","{""error_rate"": {""min_instances"": 5, ""threshold"": 0.1}}",0.1,0.005,0.15,5,0.05,0.005,0.1,30,,,,-1,two_stage,2,0.5,"__confirm_cooldown=200,__confirm_rule=perm_test,__perm_alpha=0.03,__perm_min_effect=0,__perm_n_perm=200,__perm_post_n=10,__perm_pre_n=500,__perm_rng_seed=0,__perm_side=two_sided,__perm_stat=vote_score,divergence=0.3,error_rate=0.5,teacher_entropy=0.2",3,0,200,0.0,0,10000,10.0,25.0,200,500,0,0,1.0,0.8781615802675585,0.7043065760190238,0.0,0.1565352976322174,0.014606032520532608,0,0,115,114,-1,perm_test,0.004975124378109453,0.418801747489623,114,114,0,0.0,0.007091801147907972,0,0.0,0.0,0.0,0.0,0,none,0,1,0,overconfident,0.95,0,mild_drift,0.9591822591818182,0.001311290310921873,0.7951612952925622,0.8542741944057521,1768237757.4696188,0.020363671705126762,0.1472800225019455
599,38336,38335,sea_nodrift,sea,ts_drift_adapt,1,"error_divergence_ph_meta@error.threshold=0.10,error.min_instances=5",error_divergence_ph_meta,"{""divergence"": {""alpha"": 0.1, ""delta"": 0.005, ""min_instances"": 30, ""threshold"": 0.05}, ""error_rate"": {""alpha"": 0.15, ""delta"": 0.005, ""min_instances"": 5, ""threshold"": 0.1}}","{""error_rate"": {""min_instances"": 5, ""threshold"": 0.1}}",0.1,0.005,0.15,5,0.05,0.005,0.1,30,,,,-1,two_stage,2,0.5,"__confirm_cooldown=200,__confirm_rule=perm_test,__perm_alpha=0.03,__perm_min_effect=0,__perm_n_perm=200,__perm_post_n=10,__perm_pre_n=500,__perm_rng_seed=0,__perm_side=two_sided,__perm_stat=vote_score,divergence=0.3,error_rate=0.5,teacher_entropy=0.2",3,0,200,0.0,0,10000,10.0,25.0,200,500,0,0,1.0,0.8782345575959933,0.7045333757703129,0.0,0.1804267019033432,0.021482203155755997,0,0,115,114,-1,perm_test,0.004975124378109453,0.418801747489623,114,114,0,0.0,0.006876170635223389,0,0.0,0.0,0.0,0.0,0,none,0,1,0,overconfident,0.95,0,mild_drift,0.9597411295909091,0.0013056451554609365,0.7975806476462811,0.8546370972028761,1768237757.4795184,0.03018350899219513,0.19379371404647827
600,38400,38399,sea_nodrift,sea,ts_drift_adapt,1,"error_divergence_ph_meta@error.threshold=0.10,error.min_instances=5",error_divergence_ph_meta,"{""divergence"": {""alpha"": 0.1, ""delta"": 0.005, ""min_instances"": 30, ""threshold"": 0.05}, ""error_rate"": {""alpha"": 0.15, ""delta"": 0.005, ""min_instances"": 5, ""threshold"": 0.1}}","{""error_rate"": {""min_instances"": 5, ""threshold"": 0.1}}",0.1,0.005,0.15,5,0.05,0.005,0.1,30,,,,-1,two_stage,2,0.5,"__confirm_cooldown=200,__confirm_rule=perm_test,__perm_alpha=0.03,__perm_min_effect=0,__perm_n_perm=200,__perm_post_n=10,__perm_pre_n=500,__perm_rng_seed=0,__perm_side=two_sided,__perm_stat=vote_score,divergence=0.3,error_rate=0.5,teacher_entropy=0.2",3,0,200,0.0,0,10000,10.0,25.0,200,500,0,0,1.0,0.878359375,0.7048992971220576,0.16666666666666666,0.16737407445907593,0.0265804510563612,1,1,116,115,0,perm_test,0.004975124378109453,0.43415996426734643,115,115,0,0.16666666666666666,0.16666666666666666,1,0.5,0.0,0.0,0.0,0,none,1,1,0,overconfident,0.95,0,severe_drift,0.9253705647954545,0.0016528225777304683,0.6487903238231405,0.8323185486014381,1768237757.4959764,0.20335757732391357,0.22068922221660614
601,38464,38463,sea_nodrift,sea,ts_drift_adapt,1,"error_divergence_ph_meta@error.threshold=0.10,error.min_instances=5",error_divergence_ph_meta,"{""divergence"": {""alpha"": 0.1, ""delta"": 0.005, ""min_instances"": 30, ""threshold"": 0.05}, ""error_rate"": {""alpha"": 0.15, ""delta"": 0.005, ""min_instances"": 5, ""threshold"": 0.1}}","{""error_rate"": {""min_instances"": 5, ""threshold"": 0.1}}",0.1,0.005,0.15,5,0.05,0.005,0.1,30,,,,-1,two_stage,2,0.5,"__confirm_cooldown=200,__confirm_rule=perm_test,__perm_alpha=0.03,__perm_min_effect=0,__perm_n_perm=200,__perm_post_n=10,__perm_pre_n=500,__perm_rng_seed=0,__perm_side=two_sided,__perm_stat=vote_score,divergence=0.3,error_rate=0.5,teacher_entropy=0.2",3,0,200,0.0,0,10000,10.0,25.0,200,500,1,136,1.0,0.8784837770382695,0.7052144887197271,0.0,0.13399876654148102,0.012794599868357182,0,0,116,115,-1,perm_test,0.004975124378109453,0.43415996426734643,115,115,0,0.0,0.16666666666666666,0,0.0,0.0,0.0,0.0,0,none,0,1,0,overconfident,0.95,0,mild_drift,0.9428352823977273,0.0014764112888652342,0.7243951619115703,0.843659274300719,1768237757.505761,0.07905784994363785,0.1162019893527031
602,38528,38527,sea_nodrift,sea,ts_drift_adapt,1,"error_divergence_ph_meta@error.threshold=0.10,error.min_instances=5",error_divergence_ph_meta,"{""divergence"": {""alpha"": 0.1, ""delta"": 0.005, ""min_instances"": 30, ""threshold"": 0.05}, ""error_rate"": {""alpha"": 0.15, ""delta"": 0.005, ""min_instances"": 5, ""threshold"": 0.1}}","{""error_rate"": {""min_instances"": 5, ""threshold"": 0.1}}",0.1,0.005,0.15,5,0.05,0.005,0.1,30,,,,-1,two_stage,2,0.5,"__confirm_cooldown=200,__confirm_rule=perm_test,__perm_alpha=0.03,__perm_min_effect=0,__perm_n_perm=200,__perm_post_n=10,__perm_pre_n=500,__perm_rng_seed=0,__perm_side=two_sided,__perm_stat=vote_score,divergence=0.3,error_rate=0.5,teacher_entropy=0.2",3,0,200,0.0,0,10000,10.0,25.0,200,500,1,72,1.0,0.8785299003322259,0.7053507922143484,0.0,0.24635803699493408,0.012731953524053097,0,0,116,115,-1,perm_test,0.004975124378109453,0.43415996426734643,115,115,0,0.0,6.264634430408478e-05,0,0.0,0.0,0.0,0.0,0,none,0,1,0,overconfident,0.95,0,mild_drift,0.9515676411988636,0.001388205644432617,0.7621975809557852,0.8493296371503595,1768237757.5154536,0.1643683761358261,0.08628653734922409
603,38592,38591,sea_nodrift,sea,ts_drift_adapt,1,"error_divergence_ph_meta@error.threshold=0.10,error.min_instances=5",error_divergence_ph_meta,"{""divergence"": {""alpha"": 0.1, ""delta"": 0.005, ""min_instances"": 30, ""threshold"": 0.05}, ""error_rate"": {""alpha"": 0.15, ""delta"": 0.005, ""min_instances"": 5, ""threshold"": 0.1}}","{""error_rate"": {""min_instances"": 5, ""threshold"": 0.1}}",0.1,0.005,0.15,5,0.05,0.005,0.1,30,,,,-1,two_stage,2,0.5,"__confirm_cooldown=200,__confirm_rule=perm_test,__perm_alpha=0.03,__perm_min_effect=0,__perm_n_perm=200,__perm_post_n=10,__perm_pre_n=500,__perm_rng_seed=0,__perm_side=two_sided,__perm_stat=vote_score,divergence=0.3,error_rate=0.5,teacher_entropy=0.2",3,0,200,0.0,0,10000,10.0,25.0,200,500,1,8,1.0,0.8787054311774462,0.7056646063124979,0.0,0.13794253766536713,0.01081144530326128,0,0,116,115,-1,perm_test,0.004975124378109453,0.43415996426734643,115,115,0,0.0,0.0019205082207918167,0,0.0,0.0,0.0,0.0,0,none,0,1,0,overconfident,0.95,0,mild_drift,0.9559338205994318,0.0013441028222163087,0.7810987904778925,0.8521648185751798,1768237757.5251994,0.08138532936573029,0.0830363929271698
604,38656,38655,sea_nodrift,sea,ts_drift_adapt,1,"error_divergence_ph_meta@error.threshold=0.10,error.min_instances=5",error_divergence_ph_meta,"{""divergence"": {""alpha"": 0.1, ""delta"": 0.005, ""min_instances"": 30, ""threshold"": 0.05}, ""error_rate"": {""alpha"": 0.15, ""delta"": 0.005, ""min_instances"": 5, ""threshold"": 0.1}}","{""error_rate"": {""min_instances"": 5, ""threshold"": 0.1}}",0.1,0.005,0.15,5,0.05,0.005,0.1,30,,,,-1,two_stage,2,0.5,"__confirm_cooldown=200,__confirm_rule=perm_test,__perm_alpha=0.03,__perm_min_effect=0,__perm_n_perm=200,__perm_post_n=10,__perm_pre_n=500,__perm_rng_seed=0,__perm_side=two_sided,__perm_stat=vote_score,divergence=0.3,error_rate=0.5,teacher_entropy=0.2",3,0,200,0.0,0,10000,10.0,25.0,200,500,0,0,1.0,0.8787769039735099,0.7059295810389297,0.0,0.20171333849430084,0.02850310690701008,0,0,116,115,-1,perm_test,0.004975124378109453,0.43415996426734643,115,115,0,0.0,0.0176916616037488,0,0.0,0.0,0.0,0.0,0,none,0,1,0,overconfident,0.95,0,mild_drift,0.9581169102997158,0.0013220514111081543,0.7905493952389463,0.8535824092875899,1768237757.5351794,0.018430089578032494,0.22873178124427795
605,38720,38719,sea_nodrift,sea,ts_drift_adapt,1,"error_divergence_ph_meta@error.threshold=0.10,error.min_instances=5",error_divergence_ph_meta,"{""divergence"": {""alpha"": 0.1, ""delta"": 0.005, ""min_instances"": 30, ""threshold"": 0.05}, ""error_rate"": {""alpha"": 0.15, ""delta"": 0.005, ""min_instances"": 5, ""threshold"": 0.1}}","{""error_rate"": {""min_instances"": 5, ""threshold"": 0.1}}",0.1,0.005,0.15,5,0.05,0.005,0.1,30,,,,-1,two_stage,2,0.5,"__confirm_cooldown=200,__confirm_rule=perm_test,__perm_alpha=0.03,__perm_min_effect=0,__perm_n_perm=200,__perm_post_n=10,__perm_pre_n=500,__perm_rng_seed=0,__perm_side=two_sided,__perm_stat=vote_score,divergence=0.3,error_rate=0.5,teacher_entropy=0.2",3,0,200,0.0,0,10000,10.0,25.0,200,500,0,0,1.0,0.8788739669421488,0.7061538579686409,0.0,0.18589036166667938,0.013874771073460579,0,0,116,115,-1,perm_test,0.004975124378109453,0.43415996426734643,115,115,0,0.0,0.0146283358335495,0,0.0,0.0,0.0,0.0,0,none,0,1,0,overconfident,0.95,0,mild_drift,0.9592084551498579,0.0013110257055540774,0.7952746976194731,0.8542912046437949,1768237757.5451097,0.0599411241710186,0.12312519550323486
606,38784,38783,sea_nodrift,sea,ts_drift_adapt,1,"error_divergence_ph_meta@error.threshold=0.10,error.min_instances=5",error_divergence_ph_meta,"{""divergence"": {""alpha"": 0.1, ""delta"": 0.005, ""min_instances"": 30, ""threshold"": 0.05}, ""error_rate"": {""alpha"": 0.15, ""delta"": 0.005, ""min_instances"": 5, ""threshold"": 0.1}}","{""error_rate"": {""min_instances"": 5, ""threshold"": 0.1}}",0.1,0.005,0.15,5,0.05,0.005,0.1,30,,,,-1,two_stage,2,0.5,"__confirm_cooldown=200,__confirm_rule=perm_test,__perm_alpha=0.03,__perm_min_effect=0,__perm_n_perm=200,__perm_post_n=10,__perm_pre_n=500,__perm_rng_seed=0,__perm_side=two_sided,__perm_stat=vote_score,divergence=0.3,error_rate=0.5,teacher_entropy=0.2",3,0,200,0.0,0,10000,10.0,25.0,200,500,0,0,1.0,0.8789707095709571,0.7063484523830263,0.0,0.17884419858455658,0.020387349650263786,0,0,116,115,-1,perm_test,0.004975124378109453,0.43415996426734643,115,115,0,0.0,0.006512578576803207,0,0.0,0.0,0.0,0.0,0,none,0,1,0,overconfident,0.95,0,mild_drift,0.9597542275749289,0.0013055128527770386,0.7976373488097366,0.8546456023218975,1768237757.5550423,0.08656980842351913,0.1515972763299942
607,38848,38847,sea_nodrift,sea,ts_drift_adapt,1,"error_divergence_ph_meta@error.threshold=0.10,error.min_instances=5",error_divergence_ph_meta,"{""divergence"": {""alpha"": 0.1, ""delta"": 0.005, ""min_instances"": 30, ""threshold"": 0.05}, ""error_rate"": {""alpha"": 0.15, ""delta"": 0.005, ""min_instances"": 5, ""threshold"": 0.1}}","{""error_rate"": {""min_instances"": 5, ""threshold"": 0.1}}",0.1,0.005,0.15,5,0.05,0.005,0.1,30,,,,-1,two_stage,2,0.5,"__confirm_cooldown=200,__confirm_rule=perm_test,__perm_alpha=0.03,__perm_min_effect=0,__perm_n_perm=200,__perm_post_n=10,__perm_pre_n=500,__perm_rng_seed=0,__perm_side=two_sided,__perm_stat=vote_score,divergence=0.3,error_rate=0.5,teacher_entropy=0.2",3,0,200,0.0,0,10000,10.0,25.0,200,500,0,0,1.0,0.8790928747940692,0.7066870157413262,0.0,0.14359280467033386,0.01667640171945095,0,0,116,115,-1,perm_test,0.004975124378109453,0.43415996426734643,115,115,0,0.0,0.0037109479308128357,0,0.0,0.0,0.0,0.0,0,none,0,1,0,overconfident,0.95,0,mild_drift,0.9600271137874644,0.0013027564263885195,0.7988186744048683,0.8548228011609487,1768237757.5649633,0.15100069344043732,0.12752652168273926
608,38912,38911,sea_nodrift,sea,ts_drift_adapt,1,"error_divergence_ph_meta@error.threshold=0.10,error.min_instances=5",error_divergence_ph_meta,"{""divergence"": {""alpha"": 0.1, ""delta"": 0.005, ""min_instances"": 30, ""threshold"": 0.05}, ""error_rate"": {""alpha"": 0.15, ""delta"": 0.005, ""min_instances"": 5, ""threshold"": 0.1}}","{""error_rate"": {""min_instances"": 5, ""threshold"": 0.1}}",0.1,0.005,0.15,5,0.05,0.005,0.1,30,,,,-1,two_stage,2,0.5,"__confirm_cooldown=200,__confirm_rule=perm_test,__perm_alpha=0.03,__perm_min_effect=0,__perm_n_perm=200,__perm_post_n=10,__perm_pre_n=500,__perm_rng_seed=0,__perm_side=two_sided,__perm_stat=vote_score,divergence=0.3,error_rate=0.5,teacher_entropy=0.2",3,0,200,0.0,0,10000,10.0,25.0,200,500,0,0,1.0,0.879163240131579,0.7068554281007822,0.16666666666666666,0.1322370171546936,0.009089273400604725,1,1,117,116,0,perm_test,0.004975124378109453,0.43618664751319913,116,116,0,0.0,0.16666666666666666,1,0.5,0.0,0.0,0.0,0,none,1,1,0,overconfident,0.95,0,stable,0.9750135568937321,0.0010513782131942597,0.8994093372024341,0.8999114005804744,1768237757.5817847,0.26876699924468994,0.0917675644159317
609,38976,38975,sea_nodrift,sea,ts_drift_adapt,1,"error_divergence_ph_meta@error.threshold=0.10,error.min_instances=5",error_divergence_ph_meta,"{""divergence"": {""alpha"": 0.1, ""delta"": 0.005, ""min_instances"": 30, ""threshold"": 0.05}, ""error_rate"": {""alpha"": 0.15, ""delta"": 0.005, ""min_instances"": 5, ""threshold"": 0.1}}","{""error_rate"": {""min_instances"": 5, ""threshold"": 0.1}}",0.1,0.005,0.15,5,0.05,0.005,0.1,30,,,,-1,two_stage,2,0.5,"__confirm_cooldown=200,__confirm_rule=perm_test,__perm_alpha=0.03,__perm_min_effect=0,__perm_n_perm=200,__perm_post_n=10,__perm_pre_n=500,__perm_rng_seed=0,__perm_side=two_sided,__perm_stat=vote_score,divergence=0.3,error_rate=0.5,teacher_entropy=0.2",3,0,200,0.0,0,10000,10.0,25.0,200,500,1,136,1.0,0.8792846880131363,0.7071961149756059,0.16666666666666666,0.15293806791305542,0.014843754470348358,0,0,117,116,-1,perm_test,0.004975124378109453,0.43618664751319913,116,116,0,0.0,0.005754481069743633,0,0.0,0.0,0.0,0.0,0,none,0,1,0,overconfident,0.95,0,mild_drift,0.967656778446866,0.00117568910659713,0.8497046686012171,0.8774557002902372,1768237757.5915916,0.2368289679288864,0.1271010935306549
610,39040,39039,sea_nodrift,sea,ts_drift_adapt,1,"error_divergence_ph_meta@error.threshold=0.10,error.min_instances=5",error_divergence_ph_meta,"{""divergence"": {""alpha"": 0.1, ""delta"": 0.005, ""min_instances"": 30, ""threshold"": 0.05}, ""error_rate"": {""alpha"": 0.15, ""delta"": 0.005, ""min_instances"": 5, ""threshold"": 0.1}}","{""error_rate"": {""min_instances"": 5, ""threshold"": 0.1}}",0.1,0.005,0.15,5,0.05,0.005,0.1,30,,,,-1,two_stage,2,0.5,"__confirm_cooldown=200,__confirm_rule=perm_test,__perm_alpha=0.03,__perm_min_effect=0,__perm_n_perm=200,__perm_post_n=10,__perm_pre_n=500,__perm_rng_seed=0,__perm_side=two_sided,__perm_stat=vote_score,divergence=0.3,error_rate=0.5,teacher_entropy=0.2",3,0,200,0.0,0,10000,10.0,25.0,200,500,1,72,1.0,0.8794313524590164,0.7075889607288854,0.0,0.15663550794124603,0.01721728965640068,0,0,117,116,-1,perm_test,0.004975124378109453,0.43618664751319913,116,116,0,0.0,0.16666666666666666,0,0.0,0.0,0.0,0.0,0,none,0,1,0,overconfident,0.95,0,mild_drift,0.963978389223433,0.001237844553298565,0.8248523343006086,0.8662278501451186,1768237757.601205,0.05196498706936836,0.13395647704601288
611,39104,39103,sea_nodrift,sea,ts_drift_adapt,1,"error_divergence_ph_meta@error.threshold=0.10,error.min_instances=5",error_divergence_ph_meta,"{""divergence"": {""alpha"": 0.1, ""delta"": 0.005, ""min_instances"": 30, ""threshold"": 0.05}, ""error_rate"": {""alpha"": 0.15, ""delta"": 0.005, ""min_instances"": 5, ""threshold"": 0.1}}","{""error_rate"": {""min_instances"": 5, ""threshold"": 0.1}}",0.1,0.005,0.15,5,0.05,0.005,0.1,30,,,,-1,two_stage,2,0.5,"__confirm_cooldown=200,__confirm_rule=perm_test,__perm_alpha=0.03,__perm_min_effect=0,__perm_n_perm=200,__perm_post_n=10,__perm_pre_n=500,__perm_rng_seed=0,__perm_side=two_sided,__perm_stat=vote_score,divergence=0.3,error_rate=0.5,teacher_entropy=0.2",3,0,200,0.0,0,10000,10.0,25.0,200,500,1,8,1.0,0.8795263911620295,0.7078849191025602,0.16666666666666666,0.18604746460914612,0.01777181401848793,0,0,117,116,-1,perm_test,0.004975124378109453,0.43618664751319913,116,116,0,0.0,0.16666666666666666,0,0.0,0.0,0.0,0.0,0,none,0,1,0,overconfident,0.95,0,mild_drift,0.9621391946117165,0.0012689222766492825,0.8124261671503044,0.8606139250725593,1768237757.6111162,0.16601793467998505,0.13299202919006348
612,39168,39167,sea_nodrift,sea,ts_drift_adapt,1,"error_divergence_ph_meta@error.threshold=0.10,error.min_instances=5",error_divergence_ph_meta,"{""divergence"": {""alpha"": 0.1, ""delta"": 0.005, ""min_instances"": 30, ""threshold"": 0.05}, ""error_rate"": {""alpha"": 0.15, ""delta"": 0.005, ""min_instances"": 5, ""threshold"": 0.1}}","{""error_rate"": {""min_instances"": 5, ""threshold"": 0.1}}",0.1,0.005,0.15,5,0.05,0.005,0.1,30,,,,-1,two_stage,2,0.5,"__confirm_cooldown=200,__confirm_rule=perm_test,__perm_alpha=0.03,__perm_min_effect=0,__perm_n_perm=200,__perm_post_n=10,__perm_pre_n=500,__perm_rng_seed=0,__perm_side=two_sided,__perm_stat=vote_score,divergence=0.3,error_rate=0.5,teacher_entropy=0.2",3,0,200,0.0,0,10000,10.0,25.0,200,500,0,0,1.0,0.8796466503267973,0.7082828514399818,0.0,0.16898095607757568,0.011156349442899227,0,0,117,116,-1,perm_test,0.004975124378109453,0.43618664751319913,116,116,0,0.0,0.16666666666666666,0,0.0,0.0,0.0,0.0,0,none,0,1,0,overconfident,0.95,0,mild_drift,0.9612195973058582,0.0012844611383246414,0.8062130835751522,0.8578069625362796,1768237757.6210527,0.013372342102229595,0.10295076668262482
613,39232,39231,sea_nodrift,sea,ts_drift_adapt,1,"error_divergence_ph_meta@error.threshold=0.10,error.min_instances=5",error_divergence_ph_meta,"{""divergence"": {""alpha"": 0.1, ""delta"": 0.005, ""min_instances"": 30, ""threshold"": 0.05}, ""error_rate"": {""alpha"": 0.15, ""delta"": 0.005, ""min_instances"": 5, ""threshold"": 0.1}}","{""error_rate"": {""min_instances"": 5, ""threshold"": 0.1}}",0.1,0.005,0.15,5,0.05,0.005,0.1,30,,,,-1,two_stage,2,0.5,"__confirm_cooldown=200,__confirm_rule=perm_test,__perm_alpha=0.03,__perm_min_effect=0,__perm_n_perm=200,__perm_post_n=10,__perm_pre_n=500,__perm_rng_seed=0,__perm_side=two_sided,__perm_stat=vote_score,divergence=0.3,error_rate=0.5,teacher_entropy=0.2",3,0,200,0.0,0,10000,10.0,25.0,200,500,0,0,1.0,0.8797155383360522,0.7085362799470246,0.0,0.18793824315071106,0.015056095086038113,1,1,118,117,0,perm_test,0.004975124378109453,0.43630450582921887,117,117,0,0.16666666666666666,0.0038997456431388855,1,0.5,0.0,0.0,0.0,0,none,1,1,0,overconfident,0.95,0,severe_drift,0.9261097986529291,0.0016422305691623207,0.6531065417875761,0.8339034812681398,1768237757.637564,0.010279943235218525,0.10248833894729614
614,39296,39295,sea_nodrift,sea,ts_drift_adapt,1,"error_divergence_ph_meta@error.threshold=0.10,error.min_instances=5",error_divergence_ph_meta,"{""divergence"": {""alpha"": 0.1, ""delta"": 0.005, ""min_instances"": 30, ""threshold"": 0.05}, ""error_rate"": {""alpha"": 0.15, ""delta"": 0.005, ""min_instances"": 5, ""threshold"": 0.1}}","{""error_rate"": {""min_instances"": 5, ""threshold"": 0.1}}",0.1,0.005,0.15,5,0.05,0.005,0.1,30,,,,-1,two_stage,2,0.5,"__confirm_cooldown=200,__confirm_rule=perm_test,__perm_alpha=0.03,__perm_min_effect=0,__perm_n_perm=200,__perm_post_n=10,__perm_pre_n=500,__perm_rng_seed=0,__perm_side=two_sided,__perm_stat=vote_score,divergence=0.3,error_rate=0.5,teacher_entropy=0.2",3,0,200,0.0,0,10000,10.0,25.0,200,500,1,136,1.0,0.879885993485342,0.7090221864426838,0.0,0.1390863060951233,0.007935993373394012,0,0,118,117,-1,perm_test,0.004975124378109453,0.43630450582921887,117,117,0,0.0,0.0071201017126441,0,0.0,0.0,0.0,0.0,0,none,0,1,0,overconfident,0.95,0,mild_drift,0.9432048993264646,0.0014711152845811606,0.7265532708937881,0.8444517406340699,1768237757.647369,0.11546662449836731,0.07006356120109558
615,39360,39359,sea_nodrift,sea,ts_drift_adapt,1,"error_divergence_ph_meta@error.threshold=0.10,error.min_instances=5",error_divergence_ph_meta,"{""divergence"": {""alpha"": 0.1, ""delta"": 0.005, ""min_instances"": 30, ""threshold"": 0.05}, ""error_rate"": {""alpha"": 0.15, ""delta"": 0.005, ""min_instances"": 5, ""threshold"": 0.1}}","{""error_rate"": {""min_instances"": 5, ""threshold"": 0.1}}",0.1,0.005,0.15,5,0.05,0.005,0.1,30,,,,-1,two_stage,2,0.5,"__confirm_cooldown=200,__confirm_rule=perm_test,__perm_alpha=0.03,__perm_min_effect=0,__perm_n_perm=200,__perm_post_n=10,__perm_pre_n=500,__perm_rng_seed=0,__perm_side=two_sided,__perm_stat=vote_score,divergence=0.3,error_rate=0.5,teacher_entropy=0.2",3,0,200,0.0,0,10000,10.0,25.0,200,500,1,72,1.0,0.879979674796748,0.709226675479496,0.0,0.1920030564069748,0.019576067104935646,0,0,118,117,-1,perm_test,0.004975124378109453,0.43630450582921887,117,117,0,0.0,0.011640073731541634,0,0.0,0.0,0.0,0.0,0,none,0,1,0,overconfident,0.95,0,mild_drift,0.9517524496632322,0.0013855576422905805,0.7632766354468941,0.849725870317035,1768237757.6569788,0.024287916719913483,0.15765291452407837
616,39424,39423,sea_nodrift,sea,ts_drift_adapt,1,"error_divergence_ph_meta@error.threshold=0.10,error.min_instances=5",error_divergence_ph_meta,"{""divergence"": {""alpha"": 0.1, ""delta"": 0.005, ""min_instances"": 30, ""threshold"": 0.05}, ""error_rate"": {""alpha"": 0.15, ""delta"": 0.005, ""min_instances"": 5, ""threshold"": 0.1}}","{""error_rate"": {""min_instances"": 5, ""threshold"": 0.1}}",0.1,0.005,0.15,5,0.05,0.005,0.1,30,,,,-1,two_stage,2,0.5,"__confirm_cooldown=200,__confirm_rule=perm_test,__perm_alpha=0.03,__perm_min_effect=0,__perm_n_perm=200,__perm_post_n=10,__perm_pre_n=500,__perm_rng_seed=0,__perm_side=two_sided,__perm_stat=vote_score,divergence=0.3,error_rate=0.5,teacher_entropy=0.2",3,0,200,0.0,0,10000,10.0,25.0,200,500,1,8,1.0,0.880073051948052,0.709415466177751,0.0,0.1627715677022934,0.010314242914319038,0,0,118,117,-1,perm_test,0.004975124378109453,0.43630450582921887,117,117,0,0.0,0.009261824190616608,0,0.0,0.0,0.0,0.0,0,none,0,1,0,overconfident,0.95,0,mild_drift,0.956026224831616,0.0013427788211452904,0.781638317723447,0.8523629351585175,1768237757.6666694,0.07798399031162262,0.0888681560754776
617,39488,39487,sea_nodrift,sea,ts_drift_adapt,1,"error_divergence_ph_meta@error.threshold=0.10,error.min_instances=5",error_divergence_ph_meta,"{""divergence"": {""alpha"": 0.1, ""delta"": 0.005, ""min_instances"": 30, ""threshold"": 0.05}, ""error_rate"": {""alpha"": 0.15, ""delta"": 0.005, ""min_instances"": 5, ""threshold"": 0.1}}","{""error_rate"": {""min_instances"": 5, ""threshold"": 0.1}}",0.1,0.005,0.15,5,0.05,0.005,0.1,30,,,,-1,two_stage,2,0.5,"__confirm_cooldown=200,__confirm_rule=perm_test,__perm_alpha=0.03,__perm_min_effect=0,__perm_n_perm=200,__perm_post_n=10,__perm_pre_n=500,__perm_rng_seed=0,__perm_side=two_sided,__perm_stat=vote_score,divergence=0.3,error_rate=0.5,teacher_entropy=0.2",3,0,200,0.0,0,10000,10.0,25.0,200,500,0,0,1.0,0.8802167747163695,0.7097674226876479,0.0,0.1517416387796402,0.010657018981873989,0,0,118,117,-1,perm_test,0.004975124378109453,0.43630450582921887,117,117,0,0.0,0.0003427760675549507,0,0.0,0.0,0.0,0.0,0,none,0,1,0,overconfident,0.95,0,mild_drift,0.958163112415808,0.0013213894105726454,0.7908191588617235,0.8536814675792588,1768237757.676569,0.02458806335926056,0.08877700567245483
618,39552,39551,sea_nodrift,sea,ts_drift_adapt,1,"error_divergence_ph_meta@error.threshold=0.10,error.min_instances=5",error_divergence_ph_meta,"{""divergence"": {""alpha"": 0.1, ""delta"": 0.005, ""min_instances"": 30, ""threshold"": 0.05}, ""error_rate"": {""alpha"": 0.15, ""delta"": 0.005, ""min_instances"": 5, ""threshold"": 0.1}}","{""error_rate"": {""min_instances"": 5, ""threshold"": 0.1}}",0.1,0.005,0.15,5,0.05,0.005,0.1,30,,,,-1,two_stage,2,0.5,"__confirm_cooldown=200,__confirm_rule=perm_test,__perm_alpha=0.03,__perm_min_effect=0,__perm_n_perm=200,__perm_post_n=10,__perm_pre_n=500,__perm_rng_seed=0,__perm_side=two_sided,__perm_stat=vote_score,divergence=0.3,error_rate=0.5,teacher_entropy=0.2",3,0,200,0.0,0,10000,10.0,25.0,200,500,0,0,1.0,0.8802588996763754,0.7097681929772619,0.3333333333333333,0.17475134134292603,0.013545764610171318,1,1,119,118,0,perm_test,0.004975124378109453,0.4349891000636078,118,118,0,0.3333333333333333,0.3333333333333333,1,0.5,0.0,0.0,0.0,0,none,1,1,0,overconfident,0.95,0,severe_drift,0.924581556207904,0.0016606947052863227,0.6454095794308617,0.8318407337896294,1768237757.6930497,0.5634389519691467,0.09233499318361282
619,39616,39615,sea_nodrift,sea,ts_drift_adapt,1,"error_divergence_ph_meta@error.threshold=0.10,error.min_instances=5",error_divergence_ph_meta,"{""divergence"": {""alpha"": 0.1, ""delta"": 0.005, ""min_instances"": 30, ""threshold"": 0.05}, ""error_rate"": {""alpha"": 0.15, ""delta"": 0.005, ""min_instances"": 5, ""threshold"": 0.1}}","{""error_rate"": {""min_instances"": 5, ""threshold"": 0.1}}",0.1,0.005,0.15,5,0.05,0.005,0.1,30,,,,-1,two_stage,2,0.5,"__confirm_cooldown=200,__confirm_rule=perm_test,__perm_alpha=0.03,__perm_min_effect=0,__perm_n_perm=200,__perm_post_n=10,__perm_pre_n=500,__perm_rng_seed=0,__perm_side=two_sided,__perm_stat=vote_score,divergence=0.3,error_rate=0.5,teacher_entropy=0.2",3,0,200,0.0,0,10000,10.0,25.0,200,500,1,136,1.0,0.8804271001615509,0.7102630247568824,0.0,0.14612340927124023,0.006521508097648621,0,0,119,118,-1,perm_test,0.004975124378109453,0.4349891000636078,118,118,0,0.0,0.3333333333333333,0,0.0,0.0,0.0,0.0,0,none,0,1,0,overconfident,0.95,0,mild_drift,0.942440778103952,0.0014803473526431615,0.7227047897154308,0.8434203668948147,1768237757.702851,0.11996892839670181,0.05541675165295601
620,39680,39679,sea_nodrift,sea,ts_drift_adapt,1,"error_divergence_ph_meta@error.threshold=0.10,error.min_instances=5",error_divergence_ph_meta,"{""divergence"": {""alpha"": 0.1, ""delta"": 0.005, ""min_instances"": 30, ""threshold"": 0.05}, ""error_rate"": {""alpha"": 0.15, ""delta"": 0.005, ""min_instances"": 5, ""threshold"": 0.1}}","{""error_rate"": {""min_instances"": 5, ""threshold"": 0.1}}",0.1,0.005,0.15,5,0.05,0.005,0.1,30,,,,-1,two_stage,2,0.5,"__confirm_cooldown=200,__confirm_rule=perm_test,__perm_alpha=0.03,__perm_min_effect=0,__perm_n_perm=200,__perm_post_n=10,__perm_pre_n=500,__perm_rng_seed=0,__perm_side=two_sided,__perm_stat=vote_score,divergence=0.3,error_rate=0.5,teacher_entropy=0.2",3,0,200,0.0,0,10000,10.0,25.0,200,500,1,72,1.0,0.8805443548387096,0.7105742255855608,0.16666666666666666,0.15938594937324524,0.01657905988395214,0,0,119,118,-1,perm_test,0.004975124378109453,0.4349891000636078,118,118,0,0.0,0.16666666666666666,0,0.0,0.0,0.0,0.0,0,none,0,1,0,overconfident,0.95,0,mild_drift,0.951370389051976,0.001390173676321581,0.7613523948577154,0.8492101834474073,1768237757.712539,0.2218618541955948,0.16913388669490814
621,39744,39743,sea_nodrift,sea,ts_drift_adapt,1,"error_divergence_ph_meta@error.threshold=0.10,error.min_instances=5",error_divergence_ph_meta,"{""divergence"": {""alpha"": 0.1, ""delta"": 0.005, ""min_instances"": 30, ""threshold"": 0.05}, ""error_rate"": {""alpha"": 0.15, ""delta"": 0.005, ""min_instances"": 5, ""threshold"": 0.1}}","{""error_rate"": {""min_instances"": 5, ""threshold"": 0.1}}",0.1,0.005,0.15,5,0.05,0.005,0.1,30,,,,-1,two_stage,2,0.5,"__confirm_cooldown=200,__confirm_rule=perm_test,__perm_alpha=0.03,__perm_min_effect=0,__perm_n_perm=200,__perm_post_n=10,__perm_pre_n=500,__perm_rng_seed=0,__perm_side=two_sided,__perm_stat=vote_score,divergence=0.3,error_rate=0.5,teacher_entropy=0.2",3,0,200,0.0,0,10000,10.0,25.0,200,500,1,8,1.0,0.8805605877616747,0.7106494039304443,0.3333333333333333,0.14204397797584534,0.016249189153313637,0,0,119,118,-1,perm_test,0.004975124378109453,0.4349891000636078,118,118,0,0.0,0.16666666666666666,0,0.0,0.0,0.0,0.0,0,none,0,1,0,overconfident,0.95,0,mild_drift,0.955835194525988,0.0013450868381607905,0.7806761974288577,0.8521050917237036,1768237757.7222083,0.5944316387176514,0.1541246771812439
622,39808,39807,sea_nodrift,sea,ts_drift_adapt,1,"error_divergence_ph_meta@error.threshold=0.10,error.min_instances=5",error_divergence_ph_meta,"{""divergence"": {""alpha"": 0.1, ""delta"": 0.005, ""min_instances"": 30, ""threshold"": 0.05}, ""error_rate"": {""alpha"": 0.15, ""delta"": 0.005, ""min_instances"": 5, ""threshold"": 0.1}}","{""error_rate"": {""min_instances"": 5, ""threshold"": 0.1}}",0.1,0.005,0.15,5,0.05,0.005,0.1,30,,,,-1,two_stage,2,0.5,"__confirm_cooldown=200,__confirm_rule=perm_test,__perm_alpha=0.03,__perm_min_effect=0,__perm_n_perm=200,__perm_post_n=10,__perm_pre_n=500,__perm_rng_seed=0,__perm_side=two_sided,__perm_stat=vote_score,divergence=0.3,error_rate=0.5,teacher_entropy=0.2",3,0,200,0.0,0,10000,10.0,25.0,200,500,0,0,1.0,0.8806772508038585,0.7110437773047913,0.0,0.11763683706521988,0.019208094105124474,0,0,119,118,-1,perm_test,0.004975124378109453,0.4349891000636078,118,118,0,0.0,0.3333333333333333,0,0.0,0.0,0.0,0.0,0,none,0,1,0,overconfident,0.95,0,mild_drift,0.958067597262994,0.0013225434190803952,0.7903380987144288,0.8535525458618518,1768237757.7321148,0.0105431554839015,0.18735624849796295
623,39872,39871,sea_nodrift,sea,ts_drift_adapt,1,"error_divergence_ph_meta@error.threshold=0.10,error.min_instances=5",error_divergence_ph_meta,"{""divergence"": {""alpha"": 0.1, ""delta"": 0.005, ""min_instances"": 30, ""threshold"": 0.05}, ""error_rate"": {""alpha"": 0.15, ""delta"": 0.005, ""min_instances"": 5, ""threshold"": 0.1}}","{""error_rate"": {""min_instances"": 5, ""threshold"": 0.1}}",0.1,0.005,0.15,5,0.05,0.005,0.1,30,,,,-1,two_stage,2,0.5,"__confirm_cooldown=200,__confirm_rule=perm_test,__perm_alpha=0.03,__perm_min_effect=0,__perm_n_perm=200,__perm_post_n=10,__perm_pre_n=500,__perm_rng_seed=0,__perm_side=two_sided,__perm_stat=vote_score,divergence=0.3,error_rate=0.5,teacher_entropy=0.2",3,0,200,0.0,0,10000,10.0,25.0,200,500,0,0,1.0,0.880743378812199,0.7113445500899132,0.16666666666666666,0.1587691456079483,0.015107997693121433,1,1,120,119,0,perm_test,0.004975124378109453,0.41596105191505606,119,119,0,0.16666666666666666,0.16666666666666666,1,0.5,0.0,0.0,0.0,0,none,1,1,0,overconfident,0.95,0,severe_drift,0.924533798631497,0.0016612717095401976,0.6451690493572144,0.8317762729309259,1768237757.7486284,0.13614867627620697,0.11393953859806061
624,39936,39935,sea_nodrift,sea,ts_drift_adapt,1,"error_divergence_ph_meta@error.threshold=0.10,error.min_instances=5",error_divergence_ph_meta,"{""divergence"": {""alpha"": 0.1, ""delta"": 0.005, ""min_instances"": 30, ""threshold"": 0.05}, ""error_rate"": {""alpha"": 0.15, ""delta"": 0.005, ""min_instances"": 5, ""threshold"": 0.1}}","{""error_rate"": {""min_instances"": 5, ""threshold"": 0.1}}",0.1,0.005,0.15,5,0.05,0.005,0.1,30,,,,-1,two_stage,2,0.5,"__confirm_cooldown=200,__confirm_rule=perm_test,__perm_alpha=0.03,__perm_min_effect=0,__perm_n_perm=200,__perm_post_n=10,__perm_pre_n=500,__perm_rng_seed=0,__perm_side=two_sided,__perm_stat=vote_score,divergence=0.3,error_rate=0.5,teacher_entropy=0.2",3,0,200,0.0,0,10000,10.0,25.0,200,500,1,136,1.0,0.8808343349358975,0.711557129323881,0.16666666666666666,0.09161163121461868,0.015512497164309025,0,0,120,119,-1,perm_test,0.004975124378109453,0.41596105191505606,119,119,0,0.0,0.00040449947118759155,0,0.0,0.0,0.0,0.0,0,none,0,1,0,overconfident,0.95,0,mild_drift,0.9424168993157485,0.001480635854770099,0.7225845246786072,0.843388136465463,1768237757.7583442,0.32431772351264954,0.11653977632522583
625,40000,39999,sea_nodrift,sea,ts_drift_adapt,1,"error_divergence_ph_meta@error.threshold=0.10,error.min_instances=5",error_divergence_ph_meta,"{""divergence"": {""alpha"": 0.1, ""delta"": 0.005, ""min_instances"": 30, ""threshold"": 0.05}, ""error_rate"": {""alpha"": 0.15, ""delta"": 0.005, ""min_instances"": 5, ""threshold"": 0.1}}","{""error_rate"": {""min_instances"": 5, ""threshold"": 0.1}}",0.1,0.005,0.15,5,0.05,0.005,0.1,30,,,,-1,two_stage,2,0.5,"__confirm_cooldown=200,__confirm_rule=perm_test,__perm_alpha=0.03,__perm_min_effect=0,__perm_n_perm=200,__perm_post_n=10,__perm_pre_n=500,__perm_rng_seed=0,__perm_side=two_sided,__perm_stat=vote_score,divergence=0.3,error_rate=0.5,teacher_entropy=0.2",3,0,200,0.0,0,10000,10.0,25.0,200,500,1,72,1.0,0.880975,0.7118440885867894,0.0,0.16694627702236176,0.013398231007158756,0,0,120,119,-1,perm_test,0.004975124378109453,0.41596105191505606,119,119,0,0.0,0.16666666666666666,0,0.0,0.0,0.0,0.0,0,none,0,1,0,overconfident,0.95,0,mild_drift,0.9513584496578742,0.0013903179273850497,0.7612922623393037,0.8491940682327315,1768237757.7679439,0.013034540228545666,0.09454350173473358
626,40064,40063,sea_nodrift,sea,ts_drift_adapt,1,"error_divergence_ph_meta@error.threshold=0.10,error.min_instances=5",error_divergence_ph_meta,"{""divergence"": {""alpha"": 0.1, ""delta"": 0.005, ""min_instances"": 30, ""threshold"": 0.05}, ""error_rate"": {""alpha"": 0.15, ""delta"": 0.005, ""min_instances"": 5, ""threshold"": 0.1}}","{""error_rate"": {""min_instances"": 5, ""threshold"": 0.1}}",0.1,0.005,0.15,5,0.05,0.005,0.1,30,,,,-1,two_stage,2,0.5,"__confirm_cooldown=200,__confirm_rule=perm_test,__perm_alpha=0.03,__perm_min_effect=0,__perm_n_perm=200,__perm_post_n=10,__perm_pre_n=500,__perm_rng_seed=0,__perm_side=two_sided,__perm_stat=vote_score,divergence=0.3,error_rate=0.5,teacher_entropy=0.2",3,0,200,0.0,0,10000,10.0,25.0,200,500,1,8,1.0,0.8809904153354633,0.7119808304242906,0.16666666666666666,0.17759083211421967,0.017893416807055473,0,0,120,119,-1,perm_test,0.004975124378109453,0.41596105191505606,119,119,0,0.0,0.16666666666666666,0,0.0,0.0,0.0,0.0,0,none,0,1,0,overconfident,0.95,0,mild_drift,0.9558292248289371,0.001345158963692525,0.7806461311696519,0.8520970341163657,1768237757.7776067,0.3255273401737213,0.11812617629766464
627,40128,40127,sea_nodrift,sea,ts_drift_adapt,1,"error_divergence_ph_meta@error.threshold=0.10,error.min_instances=5",error_divergence_ph_meta,"{""divergence"": {""alpha"": 0.1, ""delta"": 0.005, ""min_instances"": 30, ""threshold"": 0.05}, ""error_rate"": {""alpha"": 0.15, ""delta"": 0.005, ""min_instances"": 5, ""threshold"": 0.1}}","{""error_rate"": {""min_instances"": 5, ""threshold"": 0.1}}",0.1,0.005,0.15,5,0.05,0.005,0.1,30,,,,-1,two_stage,2,0.5,"__confirm_cooldown=200,__confirm_rule=perm_test,__perm_alpha=0.03,__perm_min_effect=0,__perm_n_perm=200,__perm_post_n=10,__perm_pre_n=500,__perm_rng_seed=0,__perm_side=two_sided,__perm_stat=vote_score,divergence=0.3,error_rate=0.5,teacher_entropy=0.2",3,0,200,0.0,0,10000,10.0,25.0,200,500,0,0,1.0,0.8810057814992025,0.7119602691478342,0.16666666666666666,0.1600048691034317,0.022994374856352806,0,0,120,119,-1,perm_test,0.004975124378109453,0.41596105191505606,119,119,0,0.0,0.005100958049297333,0,0.0,0.0,0.0,0.0,0,none,0,1,0,overconfident,0.95,0,mild_drift,0.9580646124144685,0.0013225794818462625,0.7903230655848259,0.8535485170581829,1768237757.7875352,0.35779082775115967,0.21232911944389343
628,40192,40191,sea_nodrift,sea,ts_drift_adapt,1,"error_divergence_ph_meta@error.threshold=0.10,error.min_instances=5",error_divergence_ph_meta,"{""divergence"": {""alpha"": 0.1, ""delta"": 0.005, ""min_instances"": 30, ""threshold"": 0.05}, ""error_rate"": {""alpha"": 0.15, ""delta"": 0.005, ""min_instances"": 5, ""threshold"": 0.1}}","{""error_rate"": {""min_instances"": 5, ""threshold"": 0.1}}",0.1,0.005,0.15,5,0.05,0.005,0.1,30,,,,-1,two_stage,2,0.5,"__confirm_cooldown=200,__confirm_rule=perm_test,__perm_alpha=0.03,__perm_min_effect=0,__perm_n_perm=200,__perm_post_n=10,__perm_pre_n=500,__perm_rng_seed=0,__perm_side=two_sided,__perm_stat=vote_score,divergence=0.3,error_rate=0.5,teacher_entropy=0.2",3,0,200,0.0,0,10000,10.0,25.0,200,500,0,0,1.0,0.8811455015923567,0.7123473383959826,0.0,0.09580057859420776,0.013680912554264069,1,1,121,120,0,perm_test,0.004975124378109453,0.41828903532854034,120,120,0,0.16666666666666666,0.16666666666666666,1,0.5,0.0,0.0,0.0,0,none,1,1,0,overconfident,0.95,0,severe_drift,0.9245323062072343,0.0016612897409231313,0.645161532792413,0.8317742585290915,1768237757.8040159,0.028304100036621094,0.11195924133062363
629,40256,40255,sea_nodrift,sea,ts_drift_adapt,1,"error_divergence_ph_meta@error.threshold=0.10,error.min_instances=5",error_divergence_ph_meta,"{""divergence"": {""alpha"": 0.1, ""delta"": 0.005, ""min_instances"": 30, ""threshold"": 0.05}, ""error_rate"": {""alpha"": 0.15, ""delta"": 0.005, ""min_instances"": 5, ""threshold"": 0.1}}","{""error_rate"": {""min_instances"": 5, ""threshold"": 0.1}}",0.1,0.005,0.15,5,0.05,0.005,0.1,30,,,,-1,two_stage,2,0.5,"__confirm_cooldown=200,__confirm_rule=perm_test,__perm_alpha=0.03,__perm_min_effect=0,__perm_n_perm=200,__perm_post_n=10,__perm_pre_n=500,__perm_rng_seed=0,__perm_side=two_sided,__perm_stat=vote_score,divergence=0.3,error_rate=0.5,teacher_entropy=0.2",3,0,200,0.0,0,10000,10.0,25.0,200,500,1,136,1.0,0.8811357313195548,0.7123471812443076,0.16666666666666666,0.1606476604938507,0.021505678072571754,0,0,121,120,-1,perm_test,0.004975124378109453,0.41828903532854034,120,120,0,0.0,0.16666666666666666,0,0.0,0.0,0.0,0.0,0,none,0,1,0,overconfident,0.95,0,mild_drift,0.942416153103617,0.0014806448704615658,0.7225807663962065,0.8433871292645457,1768237757.8138225,0.5317244529724121,0.21629869937896729
630,40320,40319,sea_nodrift,sea,ts_drift_adapt,1,"error_divergence_ph_meta@error.threshold=0.10,error.min_instances=5",error_divergence_ph_meta,"{""divergence"": {""alpha"": 0.1, ""delta"": 0.005, ""min_instances"": 30, ""threshold"": 0.05}, ""error_rate"": {""alpha"": 0.15, ""delta"": 0.005, ""min_instances"": 5, ""threshold"": 0.1}}","{""error_rate"": {""min_instances"": 5, ""threshold"": 0.1}}",0.1,0.005,0.15,5,0.05,0.005,0.1,30,,,,-1,two_stage,2,0.5,"__confirm_cooldown=200,__confirm_rule=perm_test,__perm_alpha=0.03,__perm_min_effect=0,__perm_n_perm=200,__perm_post_n=10,__perm_pre_n=500,__perm_rng_seed=0,__perm_side=two_sided,__perm_stat=vote_score,divergence=0.3,error_rate=0.5,teacher_entropy=0.2",3,0,200,0.0,0,10000,10.0,25.0,200,500,1,72,1.0,0.8812748015873015,0.7126887376297313,0.0,0.14440301060676575,0.012231582775712013,0,0,121,120,-1,perm_test,0.004975124378109453,0.41828903532854034,120,120,0,0.0,0.16666666666666666,0,0.0,0.0,0.0,0.0,0,none,0,1,0,overconfident,0.95,0,mild_drift,0.9513580765518085,0.001390322435230783,0.7612903831981033,0.8491935646322728,1768237757.8234258,0.11775931715965271,0.12288016080856323
631,40384,40383,sea_nodrift,sea,ts_drift_adapt,1,"error_divergence_ph_meta@error.threshold=0.10,error.min_instances=5",error_divergence_ph_meta,"{""divergence"": {""alpha"": 0.1, ""delta"": 0.005, ""min_instances"": 30, ""threshold"": 0.05}, ""error_rate"": {""alpha"": 0.15, ""delta"": 0.005, ""min_instances"": 5, ""threshold"": 0.1}}","{""error_rate"": {""min_instances"": 5, ""threshold"": 0.1}}",0.1,0.005,0.15,5,0.05,0.005,0.1,30,,,,-1,two_stage,2,0.5,"__confirm_cooldown=200,__confirm_rule=perm_test,__perm_alpha=0.03,__perm_min_effect=0,__perm_n_perm=200,__perm_post_n=10,__perm_pre_n=500,__perm_rng_seed=0,__perm_side=two_sided,__perm_stat=vote_score,divergence=0.3,error_rate=0.5,teacher_entropy=0.2",3,0,200,0.0,0,10000,10.0,25.0,200,500,1,8,1.0,0.8814381933438986,0.7130809303211432,0.0,0.17623136937618256,0.013367592357099056,0,0,121,120,-1,perm_test,0.004975124378109453,0.41828903532854034,120,120,0,0.0,0.001136009581387043,0,0.0,0.0,0.0,0.0,0,none,0,1,0,overconfident,0.95,0,mild_drift,0.9558290382759043,0.0013451612176153915,0.7806451915990517,0.8520967823161364,1768237757.8330133,0.03926381841301918,0.14612483978271484
632,40448,40447,sea_nodrift,sea,ts_drift_adapt,1,"error_divergence_ph_meta@error.threshold=0.10,error.min_instances=5",error_divergence_ph_meta,"{""divergence"": {""alpha"": 0.1, ""delta"": 0.005, ""min_instances"": 30, ""threshold"": 0.05}, ""error_rate"": {""alpha"": 0.15, ""delta"": 0.005, ""min_instances"": 5, ""threshold"": 0.1}}","{""error_rate"": {""min_instances"": 5, ""threshold"": 0.1}}",0.1,0.005,0.15,5,0.05,0.005,0.1,30,,,,-1,two_stage,2,0.5,"__confirm_cooldown=200,__confirm_rule=perm_test,__perm_alpha=0.03,__perm_min_effect=0,__perm_n_perm=200,__perm_post_n=10,__perm_pre_n=500,__perm_rng_seed=0,__perm_side=two_sided,__perm_stat=vote_score,divergence=0.3,error_rate=0.5,teacher_entropy=0.2",3,0,200,0.0,0,10000,10.0,25.0,200,500,0,0,1.0,0.8814774525316456,0.7132222571804042,0.0,0.21852578222751617,0.013741862028837204,0,0,121,120,-1,perm_test,0.004975124378109453,0.41828903532854034,120,120,0,0.0,0.00037426967173814774,0,0.0,0.0,0.0,0.0,0,none,0,1,0,overconfident,0.95,0,mild_drift,0.9580645191379521,0.001322580608807696,0.7903225957995259,0.8535483911580681,1768237757.8427482,0.05593383312225342,0.10041601955890656
633,40512,40511,sea_nodrift,sea,ts_drift_adapt,1,"error_divergence_ph_meta@error.threshold=0.10,error.min_instances=5",error_divergence_ph_meta,"{""divergence"": {""alpha"": 0.1, ""delta"": 0.005, ""min_instances"": 30, ""threshold"": 0.05}, ""error_rate"": {""alpha"": 0.15, ""delta"": 0.005, ""min_instances"": 5, ""threshold"": 0.1}}","{""error_rate"": {""min_instances"": 5, ""threshold"": 0.1}}",0.1,0.005,0.15,5,0.05,0.005,0.1,30,,,,-1,two_stage,2,0.5,"__confirm_cooldown=200,__confirm_rule=perm_test,__perm_alpha=0.03,__perm_min_effect=0,__perm_n_perm=200,__perm_post_n=10,__perm_pre_n=500,__perm_rng_seed=0,__perm_side=two_sided,__perm_stat=vote_score,divergence=0.3,error_rate=0.5,teacher_entropy=0.2",3,0,200,0.0,0,10000,10.0,25.0,200,500,0,0,1.0,0.8815659557661928,0.7134681349711564,0.16666666666666666,0.14332593977451324,0.017031008377671242,1,1,122,121,0,perm_test,0.004975124378109453,0.4444545160564229,121,121,0,0.16666666666666666,0.16666666666666666,1,0.5,0.0,0.0,0.0,0,none,1,1,0,overconfident,0.95,0,severe_drift,0.924532259568976,0.001661290304403848,0.645161297899763,0.8317741955790341,1768237757.8592553,0.1860789805650711,0.13514389097690582
634,40576,40575,sea_nodrift,sea,ts_drift_adapt,1,"error_divergence_ph_meta@error.threshold=0.10,error.min_instances=5",error_divergence_ph_meta,"{""divergence"": {""alpha"": 0.1, ""delta"": 0.005, ""min_instances"": 30, ""threshold"": 0.05}, ""error_rate"": {""alpha"": 0.15, ""delta"": 0.005, ""min_instances"": 5, ""threshold"": 0.1}}","{""error_rate"": {""min_instances"": 5, ""threshold"": 0.1}}",0.1,0.005,0.15,5,0.05,0.005,0.1,30,,,,-1,two_stage,2,0.5,"__confirm_cooldown=200,__confirm_rule=perm_test,__perm_alpha=0.03,__perm_min_effect=0,__perm_n_perm=200,__perm_post_n=10,__perm_pre_n=500,__perm_rng_seed=0,__perm_side=two_sided,__perm_stat=vote_score,divergence=0.3,error_rate=0.5,teacher_entropy=0.2",3,0,200,0.0,0,10000,10.0,25.0,200,500,1,136,1.0,0.8815802444794952,0.7135118488983001,0.16666666666666666,0.13597477972507477,0.022748177871108055,0,0,122,121,-1,perm_test,0.004975124378109453,0.4444545160564229,121,121,0,0.0,0.005717169493436813,0,0.0,0.0,0.0,0.0,0,none,0,1,0,overconfident,0.95,0,mild_drift,0.942416129784488,0.001480645152201924,0.7225806489498815,0.843387097789517,1768237757.8689623,0.25481364130973816,0.20875124633312225
635,40640,40639,sea_nodrift,sea,ts_drift_adapt,1,"error_divergence_ph_meta@error.threshold=0.10,error.min_instances=5",error_divergence_ph_meta,"{""divergence"": {""alpha"": 0.1, ""delta"": 0.005, ""min_instances"": 30, ""threshold"": 0.05}, ""error_rate"": {""alpha"": 0.15, ""delta"": 0.005, ""min_instances"": 5, ""threshold"": 0.1}}","{""error_rate"": {""min_instances"": 5, ""threshold"": 0.1}}",0.1,0.005,0.15,5,0.05,0.005,0.1,30,,,,-1,two_stage,2,0.5,"__confirm_cooldown=200,__confirm_rule=perm_test,__perm_alpha=0.03,__perm_min_effect=0,__perm_n_perm=200,__perm_post_n=10,__perm_pre_n=500,__perm_rng_seed=0,__perm_side=two_sided,__perm_stat=vote_score,divergence=0.3,error_rate=0.5,teacher_entropy=0.2",3,0,200,0.0,0,10000,10.0,25.0,200,500,1,72,1.0,0.881742125984252,0.7139411952682475,0.16666666666666666,0.15058456361293793,0.02365036867558956,0,0,122,121,-1,perm_test,0.004975124378109453,0.4444545160564229,121,121,0,0.0,0.0009021908044815063,0,0.0,0.0,0.0,0.0,0,none,0,1,0,overconfident,0.95,0,mild_drift,0.951358064892244,0.0013903225761009621,0.7612903244749407,0.8491935488947585,1768237757.8785913,0.21995826065540314,0.19144299626350403
636,40704,40703,sea_nodrift,sea,ts_drift_adapt,1,"error_divergence_ph_meta@error.threshold=0.10,error.min_instances=5",error_divergence_ph_meta,"{""divergence"": {""alpha"": 0.1, ""delta"": 0.005, ""min_instances"": 30, ""threshold"": 0.05}, ""error_rate"": {""alpha"": 0.15, ""delta"": 0.005, ""min_instances"": 5, ""threshold"": 0.1}}","{""error_rate"": {""min_instances"": 5, ""threshold"": 0.1}}",0.1,0.005,0.15,5,0.05,0.005,0.1,30,,,,-1,two_stage,2,0.5,"__confirm_cooldown=200,__confirm_rule=perm_test,__perm_alpha=0.03,__perm_min_effect=0,__perm_n_perm=200,__perm_post_n=10,__perm_pre_n=500,__perm_rng_seed=0,__perm_side=two_sided,__perm_stat=vote_score,divergence=0.3,error_rate=0.5,teacher_entropy=0.2",3,0,200,0.0,0,10000,10.0,25.0,200,500,1,8,1.0,0.8818297955974843,0.7141703708171884,0.0,0.1526537984609604,0.01723126322031021,0,0,122,121,-1,perm_test,0.004975124378109453,0.4444545160564229,121,121,0,0.0,0.16666666666666666,0,0.0,0.0,0.0,0.0,0,none,0,1,0,overconfident,0.95,0,mild_drift,0.9558290324461219,0.0013451612880504811,0.7806451622374704,0.8520967744473793,1768237757.8881848,0.061050817370414734,0.1488165408372879
637,40768,40767,sea_nodrift,sea,ts_drift_adapt,1,"error_divergence_ph_meta@error.threshold=0.10,error.min_instances=5",error_divergence_ph_meta,"{""divergence"": {""alpha"": 0.1, ""delta"": 0.005, ""min_instances"": 30, ""threshold"": 0.05}, ""error_rate"": {""alpha"": 0.15, ""delta"": 0.005, ""min_instances"": 5, ""threshold"": 0.1}}","{""error_rate"": {""min_instances"": 5, ""threshold"": 0.1}}",0.1,0.005,0.15,5,0.05,0.005,0.1,30,,,,-1,two_stage,2,0.5,"__confirm_cooldown=200,__confirm_rule=perm_test,__perm_alpha=0.03,__perm_min_effect=0,__perm_n_perm=200,__perm_post_n=10,__perm_pre_n=500,__perm_rng_seed=0,__perm_side=two_sided,__perm_stat=vote_score,divergence=0.3,error_rate=0.5,teacher_entropy=0.2",3,0,200,0.0,0,10000,10.0,25.0,200,500,0,0,1.0,0.8819171899529042,0.7142849098411683,0.16666666666666666,0.16729559004306793,0.02087032049894333,0,0,122,121,-1,perm_test,0.004975124378109453,0.4444545160564229,121,121,0,0.0,0.16666666666666666,0,0.0,0.0,0.0,0.0,0,none,0,1,0,overconfident,0.95,0,mild_drift,0.958064516223061,0.0013225806440252405,0.7903225811187352,0.8535483872236896,1768237757.8979256,0.18706290423870087,0.18714472651481628
638,40832,40831,sea_nodrift,sea,ts_drift_adapt,1,"error_divergence_ph_meta@error.threshold=0.10,error.min_instances=5",error_divergence_ph_meta,"{""divergence"": {""alpha"": 0.1, ""delta"": 0.005, ""min_instances"": 30, ""threshold"": 0.05}, ""error_rate"": {""alpha"": 0.15, ""delta"": 0.005, ""min_instances"": 5, ""threshold"": 0.1}}","{""error_rate"": {""min_instances"": 5, ""threshold"": 0.1}}",0.1,0.005,0.15,5,0.05,0.005,0.1,30,,,,-1,two_stage,2,0.5,"__confirm_cooldown=200,__confirm_rule=perm_test,__perm_alpha=0.03,__perm_min_effect=0,__perm_n_perm=200,__perm_post_n=10,__perm_pre_n=500,__perm_rng_seed=0,__perm_side=two_sided,__perm_stat=vote_score,divergence=0.3,error_rate=0.5,teacher_entropy=0.2",3,0,200,0.0,0,10000,10.0,25.0,200,500,0,0,1.0,0.881955329153605,0.714396264711121,0.0,0.17936095595359802,0.023975854739546776,1,1,123,122,0,perm_test,0.004975124378109453,0.4485006696771211,122,122,0,0.16666666666666666,0.16666666666666666,1,0.5,0.0,0.0,0.0,0,none,1,1,0,overconfident,0.95,0,severe_drift,0.9245322581115305,0.0016612903220126203,0.6451612905593676,0.8317741936118448,1768237757.9143403,0.008742955513298512,0.16966766119003296
639,40896,40895,sea_nodrift,sea,ts_drift_adapt,1,"error_divergence_ph_meta@error.threshold=0.10,error.min_instances=5",error_divergence_ph_meta,"{""divergence"": {""alpha"": 0.1, ""delta"": 0.005, ""min_instances"": 30, ""threshold"": 0.05}, ""error_rate"": {""alpha"": 0.15, ""delta"": 0.005, ""min_instances"": 5, ""threshold"": 0.1}}","{""error_rate"": {""min_instances"": 5, ""threshold"": 0.1}}",0.1,0.005,0.15,5,0.05,0.005,0.1,30,,,,-1,two_stage,2,0.5,"__confirm_cooldown=200,__confirm_rule=perm_test,__perm_alpha=0.03,__perm_min_effect=0,__perm_n_perm=200,__perm_post_n=10,__perm_pre_n=500,__perm_rng_seed=0,__perm_side=two_sided,__perm_stat=vote_score,divergence=0.3,error_rate=0.5,teacher_entropy=0.2",3,0,200,0.0,0,10000,10.0,25.0,200,500,1,136,1.0,0.8820422535211268,0.7146113861413066,0.16666666666666666,0.1416117548942566,0.008266237564384937,0,0,123,122,-1,perm_test,0.004975124378109453,0.4485006696771211,122,122,0,0.0,0.16666666666666666,0,0.0,0.0,0.0,0.0,0,none,0,1,0,overconfident,0.95,0,mild_drift,0.9424161290557652,0.0014806451610063103,0.7225806452796838,0.8433870968059224,1768237757.9240332,0.3110063970088959,0.08357669413089752
640,40960,40959,sea_nodrift,sea,ts_drift_adapt,1,"error_divergence_ph_meta@error.threshold=0.10,error.min_instances=5",error_divergence_ph_meta,"{""divergence"": {""alpha"": 0.1, ""delta"": 0.005, ""min_instances"": 30, ""threshold"": 0.05}, ""error_rate"": {""alpha"": 0.15, ""delta"": 0.005, ""min_instances"": 5, ""threshold"": 0.1}}","{""error_rate"": {""min_instances"": 5, ""threshold"": 0.1}}",0.1,0.005,0.15,5,0.05,0.005,0.1,30,,,,-1,two_stage,2,0.5,"__confirm_cooldown=200,__confirm_rule=perm_test,__perm_alpha=0.03,__perm_min_effect=0,__perm_n_perm=200,__perm_post_n=10,__perm_pre_n=500,__perm_rng_seed=0,__perm_side=two_sided,__perm_stat=vote_score,divergence=0.3,error_rate=0.5,teacher_entropy=0.2",3,0,200,0.0,0,10000,10.0,25.0,200,500,1,72,1.0,0.8821044921875,0.7147889224063974,0.16666666666666666,0.15366630256175995,0.015386467799544334,0,0,123,122,-1,perm_test,0.004975124378109453,0.4485006696771211,122,122,0,0.0,0.007120230235159397,0,0.0,0.0,0.0,0.0,0,none,0,1,0,overconfident,0.95,0,mild_drift,0.9513580645278825,0.0013903225805031554,0.761290322639842,0.8491935484029611,1768237757.9336753,0.37565556168556213,0.1382891833782196
641,41024,41023,sea_nodrift,sea,ts_drift_adapt,1,"error_divergence_ph_meta@error.threshold=0.10,error.min_instances=5",error_divergence_ph_meta,"{""divergence"": {""alpha"": 0.1, ""delta"": 0.005, ""min_instances"": 30, ""threshold"": 0.05}, ""error_rate"": {""alpha"": 0.15, ""delta"": 0.005, ""min_instances"": 5, ""threshold"": 0.1}}","{""error_rate"": {""min_instances"": 5, ""threshold"": 0.1}}",0.1,0.005,0.15,5,0.05,0.005,0.1,30,,,,-1,two_stage,2,0.5,"__confirm_cooldown=200,__confirm_rule=perm_test,__perm_alpha=0.03,__perm_min_effect=0,__perm_n_perm=200,__perm_post_n=10,__perm_pre_n=500,__perm_rng_seed=0,__perm_side=two_sided,__perm_stat=vote_score,divergence=0.3,error_rate=0.5,teacher_entropy=0.2",3,0,200,0.0,0,10000,10.0,25.0,200,500,1,8,1.0,0.8822396645865834,0.7151347745343286,0.0,0.10625825822353363,0.0103145781904459,0,0,123,122,-1,perm_test,0.004975124378109453,0.4485006696771211,122,122,0,0.0,0.16666666666666666,0,0.0,0.0,0.0,0.0,0,none,0,1,0,overconfident,0.95,0,mild_drift,0.9558290322639412,0.0013451612902515776,0.780645161319921,0.8520967742014806,1768237757.9432957,0.14230182766914368,0.10723085701465607
642,41088,41087,sea_nodrift,sea,ts_drift_adapt,1,"error_divergence_ph_meta@error.threshold=0.10,error.min_instances=5",error_divergence_ph_meta,"{""divergence"": {""alpha"": 0.1, ""delta"": 0.005, ""min_instances"": 30, ""threshold"": 0.05}, ""error_rate"": {""alpha"": 0.15, ""delta"": 0.005, ""min_instances"": 5, ""threshold"": 0.1}}","{""error_rate"": {""min_instances"": 5, ""threshold"": 0.1}}",0.1,0.005,0.15,5,0.05,0.005,0.1,30,,,,-1,two_stage,2,0.5,"__confirm_cooldown=200,__confirm_rule=perm_test,__perm_alpha=0.03,__perm_min_effect=0,__perm_n_perm=200,__perm_post_n=10,__perm_pre_n=500,__perm_rng_seed=0,__perm_side=two_sided,__perm_stat=vote_score,divergence=0.3,error_rate=0.5,teacher_entropy=0.2",3,0,200,0.0,0,10000,10.0,25.0,200,500,0,0,1.0,0.8823744158878505,0.7155076220024279,0.0,0.15310987830162048,0.01783105917274952,0,0,123,122,-1,perm_test,0.004975124378109453,0.4485006696771211,122,122,0,0.0,0.007516480982303619,0,0.0,0.0,0.0,0.0,0,none,0,1,0,overconfident,0.95,0,mild_drift,0.9580645161319705,0.001322580645125789,0.7903225806599605,0.8535483871007403,1768237757.953014,0.05757491663098335,0.14787892997264862
643,41152,41151,sea_nodrift,sea,ts_drift_adapt,1,"error_divergence_ph_meta@error.threshold=0.10,error.min_instances=5",error_divergence_ph_meta,"{""divergence"": {""alpha"": 0.1, ""delta"": 0.005, ""min_instances"": 30, ""threshold"": 0.05}, ""error_rate"": {""alpha"": 0.15, ""delta"": 0.005, ""min_instances"": 5, ""threshold"": 0.1}}","{""error_rate"": {""min_instances"": 5, ""threshold"": 0.1}}",0.1,0.005,0.15,5,0.05,0.005,0.1,30,,,,-1,two_stage,2,0.5,"__confirm_cooldown=200,__confirm_rule=perm_test,__perm_alpha=0.03,__perm_min_effect=0,__perm_n_perm=200,__perm_post_n=10,__perm_pre_n=500,__perm_rng_seed=0,__perm_side=two_sided,__perm_stat=vote_score,divergence=0.3,error_rate=0.5,teacher_entropy=0.2",3,0,200,0.0,0,10000,10.0,25.0,200,500,0,0,1.0,0.8824358475894246,0.7156687505970121,0.0,0.18559198081493378,0.01749539002776146,0,0,123,122,-1,perm_test,0.004975124378109453,0.4485006696771211,122,122,0,0.0,0.00033566914498806,0,0.0,0.0,0.0,0.0,0,none,0,1,0,overconfident,0.95,0,mild_drift,0.9591822580659852,0.0013112903225628945,0.7951612903299803,0.8542741935503702,1768237757.9629183,0.01268673688173294,0.1684836745262146
644,41216,41215,sea_nodrift,sea,ts_drift_adapt,1,"error_divergence_ph_meta@error.threshold=0.10,error.min_instances=5",error_divergence_ph_meta,"{""divergence"": {""alpha"": 0.1, ""delta"": 0.005, ""min_instances"": 30, ""threshold"": 0.05}, ""error_rate"": {""alpha"": 0.15, ""delta"": 0.005, ""min_instances"": 5, ""threshold"": 0.1}}","{""error_rate"": {""min_instances"": 5, ""threshold"": 0.1}}",0.1,0.005,0.15,5,0.05,0.005,0.1,30,,,,-1,two_stage,2,0.5,"__confirm_cooldown=200,__confirm_rule=perm_test,__perm_alpha=0.03,__perm_min_effect=0,__perm_n_perm=200,__perm_post_n=10,__perm_pre_n=500,__perm_rng_seed=0,__perm_side=two_sided,__perm_stat=vote_score,divergence=0.3,error_rate=0.5,teacher_entropy=0.2",3,0,200,0.0,0,10000,10.0,25.0,200,500,0,0,1.0,0.882521350931677,0.7158904230593167,0.16666666666666666,0.16879473626613617,0.011185127310454845,1,1,124,123,0,perm_test,0.004975124378109453,0.4475172845401098,123,123,0,0.16666666666666666,0.16666666666666666,1,0.5,0.0,0.0,0.0,0,none,1,1,0,overconfident,0.95,0,severe_drift,0.9250911290329926,0.0016556451612814473,0.6475806451649901,0.8321370967751851,1768237757.9793992,0.23106829822063446,0.12152658402919769
645,41280,41279,sea_nodrift,sea,ts_drift_adapt,1,"error_divergence_ph_meta@error.threshold=0.10,error.min_instances=5",error_divergence_ph_meta,"{""divergence"": {""alpha"": 0.1, ""delta"": 0.005, ""min_instances"": 30, ""threshold"": 0.05}, ""error_rate"": {""alpha"": 0.15, ""delta"": 0.005, ""min_instances"": 5, ""threshold"": 0.1}}","{""error_rate"": {""min_instances"": 5, ""threshold"": 0.1}}",0.1,0.005,0.15,5,0.05,0.005,0.1,30,,,,-1,two_stage,2,0.5,"__confirm_cooldown=200,__confirm_rule=perm_test,__perm_alpha=0.03,__perm_min_effect=0,__perm_n_perm=200,__perm_post_n=10,__perm_pre_n=500,__perm_rng_seed=0,__perm_side=two_sided,__perm_stat=vote_score,divergence=0.3,error_rate=0.5,teacher_entropy=0.2",3,0,200,0.0,0,10000,10.0,25.0,200,500,1,136,1.0,0.8826065891472868,0.716198733626159,0.16666666666666666,0.15325599908828735,0.014908325858414173,0,0,124,123,-1,perm_test,0.004975124378109453,0.4475172845401098,123,123,0,0.0,0.0037231985479593277,0,0.0,0.0,0.0,0.0,0,none,0,1,0,overconfident,0.95,0,mild_drift,0.9426955645164963,0.0014778225806407236,0.7237903225824951,0.8435685483875925,1768237757.9891493,0.6356330513954163,0.1492413878440857
646,41344,41343,sea_nodrift,sea,ts_drift_adapt,1,"error_divergence_ph_meta@error.threshold=0.10,error.min_instances=5",error_divergence_ph_meta,"{""divergence"": {""alpha"": 0.1, ""delta"": 0.005, ""min_instances"": 30, ""threshold"": 0.05}, ""error_rate"": {""alpha"": 0.15, ""delta"": 0.005, ""min_instances"": 5, ""threshold"": 0.1}}","{""error_rate"": {""min_instances"": 5, ""threshold"": 0.1}}",0.1,0.005,0.15,5,0.05,0.005,0.1,30,,,,-1,two_stage,2,0.5,"__confirm_cooldown=200,__confirm_rule=perm_test,__perm_alpha=0.03,__perm_min_effect=0,__perm_n_perm=200,__perm_post_n=10,__perm_pre_n=500,__perm_rng_seed=0,__perm_side=two_sided,__perm_stat=vote_score,divergence=0.3,error_rate=0.5,teacher_entropy=0.2",3,0,200,0.0,0,10000,10.0,25.0,200,500,1,72,1.0,0.8827399380804953,0.7164662066928902,0.16666666666666666,0.17425920069217682,0.023513101041316986,0,0,124,123,-1,perm_test,0.004975124378109453,0.4475172845401098,123,123,0,0.0,0.008604775182902813,0,0.0,0.0,0.0,0.0,0,none,0,1,0,overconfident,0.95,0,mild_drift,0.9514977822582481,0.001388911290320362,0.7618951612912476,0.8492842741937963,1768237757.998963,0.13708579540252686,0.2139054536819458
647,41408,41407,sea_nodrift,sea,ts_drift_adapt,1,"error_divergence_ph_meta@error.threshold=0.10,error.min_instances=5",error_divergence_ph_meta,"{""divergence"": {""alpha"": 0.1, ""delta"": 0.005, ""min_instances"": 30, ""threshold"": 0.05}, ""error_rate"": {""alpha"": 0.15, ""delta"": 0.005, ""min_instances"": 5, ""threshold"": 0.1}}","{""error_rate"": {""min_instances"": 5, ""threshold"": 0.1}}",0.1,0.005,0.15,5,0.05,0.005,0.1,30,,,,-1,two_stage,2,0.5,"__confirm_cooldown=200,__confirm_rule=perm_test,__perm_alpha=0.03,__perm_min_effect=0,__perm_n_perm=200,__perm_post_n=10,__perm_pre_n=500,__perm_rng_seed=0,__perm_side=two_sided,__perm_stat=vote_score,divergence=0.3,error_rate=0.5,teacher_entropy=0.2",3,0,200,0.0,0,10000,10.0,25.0,200,500,1,8,1.0,0.8828004250386399,0.7166747971340299,0.16666666666666666,0.17084722220897675,0.012599848210811615,0,0,124,123,-1,perm_test,0.004975124378109453,0.4475172845401098,123,123,0,0.0,0.010913252830505371,0,0.0,0.0,0.0,0.0,0,none,0,1,0,overconfident,0.95,0,mild_drift,0.955898891129124,0.001344455645160181,0.7809475806456239,0.8521421370968981,1768237758.0086067,0.24471257627010345,0.12453858554363251
648,41472,41471,sea_nodrift,sea,ts_drift_adapt,1,"error_divergence_ph_meta@error.threshold=0.10,error.min_instances=5",error_divergence_ph_meta,"{""divergence"": {""alpha"": 0.1, ""delta"": 0.005, ""min_instances"": 30, ""threshold"": 0.05}, ""error_rate"": {""alpha"": 0.15, ""delta"": 0.005, ""min_instances"": 5, ""threshold"": 0.1}}","{""error_rate"": {""min_instances"": 5, ""threshold"": 0.1}}",0.1,0.005,0.15,5,0.05,0.005,0.1,30,,,,-1,two_stage,2,0.5,"__confirm_cooldown=200,__confirm_rule=perm_test,__perm_alpha=0.03,__perm_min_effect=0,__perm_n_perm=200,__perm_post_n=10,__perm_pre_n=500,__perm_rng_seed=0,__perm_side=two_sided,__perm_stat=vote_score,divergence=0.3,error_rate=0.5,teacher_entropy=0.2",3,0,200,0.0,0,10000,10.0,25.0,200,500,0,0,1.0,0.882860725308642,0.7167839788029994,0.5,0.15777741372585297,0.028553899377584457,0,0,124,123,-1,perm_test,0.004975124378109453,0.4475172845401098,123,123,0,0.0,0.33333333333333337,0,0.0,0.0,0.0,0.0,0,none,0,1,0,overconfident,0.95,0,mild_drift,0.958099445564562,0.0013222278225800905,0.790473790322812,0.853571068548449,1768237758.0183606,0.5509843826293945,0.23370297253131866
649,41536,41535,sea_nodrift,sea,ts_drift_adapt,1,"error_divergence_ph_meta@error.threshold=0.10,error.min_instances=5",error_divergence_ph_meta,"{""divergence"": {""alpha"": 0.1, ""delta"": 0.005, ""min_instances"": 30, ""threshold"": 0.05}, ""error_rate"": {""alpha"": 0.15, ""delta"": 0.005, ""min_instances"": 5, ""threshold"": 0.1}}","{""error_rate"": {""min_instances"": 5, ""threshold"": 0.1}}",0.1,0.005,0.15,5,0.05,0.005,0.1,30,,,,-1,two_stage,2,0.5,"__confirm_cooldown=200,__confirm_rule=perm_test,__perm_alpha=0.03,__perm_min_effect=0,__perm_n_perm=200,__perm_post_n=10,__perm_pre_n=500,__perm_rng_seed=0,__perm_side=two_sided,__perm_stat=vote_score,divergence=0.3,error_rate=0.5,teacher_entropy=0.2",3,0,200,0.0,0,10000,10.0,25.0,200,500,0,0,1.0,0.8830171417565486,0.7171725576484955,0.0,0.17519283294677734,0.011537665501236916,1,1,125,124,0,perm_test,0.004975124378109453,0.4400464798882027,124,124,0,0.16666666666666666,0.5,1,0.5,0.0,0.0,0.0,0,none,1,1,0,overconfident,0.95,0,severe_drift,0.924549722782281,0.0016611139112900452,0.645236895161406,0.8317855342742245,1768237758.0349448,0.04944571480154991,0.0980239063501358
650,41600,41599,sea_nodrift,sea,ts_drift_adapt,1,"error_divergence_ph_meta@error.threshold=0.10,error.min_instances=5",error_divergence_ph_meta,"{""divergence"": {""alpha"": 0.1, ""delta"": 0.005, ""min_instances"": 30, ""threshold"": 0.05}, ""error_rate"": {""alpha"": 0.15, ""delta"": 0.005, ""min_instances"": 5, ""threshold"": 0.1}}","{""error_rate"": {""min_instances"": 5, ""threshold"": 0.1}}",0.1,0.005,0.15,5,0.05,0.005,0.1,30,,,,-1,two_stage,2,0.5,"__confirm_cooldown=200,__confirm_rule=perm_test,__perm_alpha=0.03,__perm_min_effect=0,__perm_n_perm=200,__perm_post_n=10,__perm_pre_n=500,__perm_rng_seed=0,__perm_side=two_sided,__perm_stat=vote_score,divergence=0.3,error_rate=0.5,teacher_entropy=0.2",3,0,200,0.0,0,10000,10.0,25.0,200,500,1,136,1.0,0.883125,0.7174712105503022,0.16666666666666666,0.16964176297187805,0.018655885010957718,0,0,125,124,-1,perm_test,0.004975124378109453,0.4400464798882027,124,124,0,0.0,0.16666666666666666,0,0.0,0.0,0.0,0.0,0,none,0,1,0,overconfident,0.95,0,mild_drift,0.9424248613911405,0.0014805569556450228,0.722618447580703,0.8433927671371122,1768237758.0447695,0.41504642367362976,0.13345599174499512
651,41664,41663,sea_nodrift,sea,ts_drift_adapt,1,"error_divergence_ph_meta@error.threshold=0.10,error.min_instances=5",error_divergence_ph_meta,"{""divergence"": {""alpha"": 0.1, ""delta"": 0.005, ""min_instances"": 30, ""threshold"": 0.05}, ""error_rate"": {""alpha"": 0.15, ""delta"": 0.005, ""min_instances"": 5, ""threshold"": 0.1}}","{""error_rate"": {""min_instances"": 5, ""threshold"": 0.1}}",0.1,0.005,0.15,5,0.05,0.005,0.1,30,,,,-1,two_stage,2,0.5,"__confirm_cooldown=200,__confirm_rule=perm_test,__perm_alpha=0.03,__perm_min_effect=0,__perm_n_perm=200,__perm_post_n=10,__perm_pre_n=500,__perm_rng_seed=0,__perm_side=two_sided,__perm_stat=vote_score,divergence=0.3,error_rate=0.5,teacher_entropy=0.2",3,0,200,0.0,0,10000,10.0,25.0,200,500,1,72,1.0,0.8831845238095238,0.7175859605348576,0.0,0.1453956961631775,0.021133147180080414,0,0,125,124,-1,perm_test,0.004975124378109453,0.4400464798882027,124,124,0,0.0,0.16666666666666666,0,0.0,0.0,0.0,0.0,0,none,0,1,0,overconfident,0.95,0,mild_drift,0.9513624306955701,0.0013902784778225116,0.7613092237903516,0.8491963835685561,1768237758.0545793,0.07323808968067169,0.18232889473438263
652,41728,41727,sea_nodrift,sea,ts_drift_adapt,1,"error_divergence_ph_meta@error.threshold=0.10,error.min_instances=5",error_divergence_ph_meta,"{""divergence"": {""alpha"": 0.1, ""delta"": 0.005, ""min_instances"": 30, ""threshold"": 0.05}, ""error_rate"": {""alpha"": 0.15, ""delta"": 0.005, ""min_instances"": 5, ""threshold"": 0.1}}","{""error_rate"": {""min_instances"": 5, ""threshold"": 0.1}}",0.1,0.005,0.15,5,0.05,0.005,0.1,30,,,,-1,two_stage,2,0.5,"__confirm_cooldown=200,__confirm_rule=perm_test,__perm_alpha=0.03,__perm_min_effect=0,__perm_n_perm=200,__perm_post_n=10,__perm_pre_n=500,__perm_rng_seed=0,__perm_side=two_sided,__perm_stat=vote_score,divergence=0.3,error_rate=0.5,teacher_entropy=0.2",3,0,200,0.0,0,10000,10.0,25.0,200,500,1,8,1.0,0.8832438650306749,0.7177123057637254,0.16666666666666666,0.18490247428417206,0.01478896290063858,0,0,125,124,-1,perm_test,0.004975124378109453,0.4400464798882027,124,124,0,0.0,0.16666666666666666,0,0.0,0.0,0.0,0.0,0,none,0,1,0,overconfident,0.95,0,mild_drift,0.955831215347785,0.0013451392389112558,0.7806546118951758,0.852098191784278,1768237758.0643075,0.16214275360107422,0.10032001882791519
653,41792,41791,sea_nodrift,sea,ts_drift_adapt,1,"error_divergence_ph_meta@error.threshold=0.10,error.min_instances=5",error_divergence_ph_meta,"{""divergence"": {""alpha"": 0.1, ""delta"": 0.005, ""min_instances"": 30, ""threshold"": 0.05}, ""error_rate"": {""alpha"": 0.15, ""delta"": 0.005, ""min_instances"": 5, ""threshold"": 0.1}}","{""error_rate"": {""min_instances"": 5, ""threshold"": 0.1}}",0.1,0.005,0.15,5,0.05,0.005,0.1,30,,,,-1,two_stage,2,0.5,"__confirm_cooldown=200,__confirm_rule=perm_test,__perm_alpha=0.03,__perm_min_effect=0,__perm_n_perm=200,__perm_post_n=10,__perm_pre_n=500,__perm_rng_seed=0,__perm_side=two_sided,__perm_stat=vote_score,divergence=0.3,error_rate=0.5,teacher_entropy=0.2",3,0,200,0.0,0,10000,10.0,25.0,200,500,0,0,1.0,0.8832790964777948,0.7178190979099829,0.0,0.181698277592659,0.01451233122497797,0,0,125,124,-1,perm_test,0.004975124378109453,0.4400464798882027,124,124,0,0.0,0.16666666666666666,0,0.0,0.0,0.0,0.0,0,none,0,1,0,overconfident,0.95,0,mild_drift,0.9580656076738925,0.0013225696194556279,0.7903273059475879,0.853549095892139,1768237758.074,0.056859198957681656,0.09238757938146591
654,41856,41855,sea_nodrift,sea,ts_drift_adapt,1,"error_divergence_ph_meta@error.threshold=0.10,error.min_instances=5",error_divergence_ph_meta,"{""divergence"": {""alpha"": 0.1, ""delta"": 0.005, ""min_instances"": 30, ""threshold"": 0.05}, ""error_rate"": {""alpha"": 0.15, ""delta"": 0.005, ""min_instances"": 5, ""threshold"": 0.1}}","{""error_rate"": {""min_instances"": 5, ""threshold"": 0.1}}",0.1,0.005,0.15,5,0.05,0.005,0.1,30,,,,-1,two_stage,2,0.5,"__confirm_cooldown=200,__confirm_rule=perm_test,__perm_alpha=0.03,__perm_min_effect=0,__perm_n_perm=200,__perm_post_n=10,__perm_pre_n=500,__perm_rng_seed=0,__perm_side=two_sided,__perm_stat=vote_score,divergence=0.3,error_rate=0.5,teacher_entropy=0.2",3,0,200,0.0,0,10000,10.0,25.0,200,500,0,0,1.0,0.8832903287461774,0.7178891665006886,0.3333333333333333,0.16990700364112854,0.028266839683055878,1,1,126,125,0,perm_test,0.004975124378109453,0.43445791847493154,125,125,0,0.3333333333333333,0.3333333333333333,1,0.5,0.0,0.0,0.0,0,none,1,1,0,overconfident,0.95,0,severe_drift,0.9245328038369462,0.001661284809727814,0.645163652973794,0.8317745479460695,1768237758.090474,0.9753389358520508,0.26984134316444397
655,41920,41919,sea_nodrift,sea,ts_drift_adapt,1,"error_divergence_ph_meta@error.threshold=0.10,error.min_instances=5",error_divergence_ph_meta,"{""divergence"": {""alpha"": 0.1, ""delta"": 0.005, ""min_instances"": 30, ""threshold"": 0.05}, ""error_rate"": {""alpha"": 0.15, ""delta"": 0.005, ""min_instances"": 5, ""threshold"": 0.1}}","{""error_rate"": {""min_instances"": 5, ""threshold"": 0.1}}",0.1,0.005,0.15,5,0.05,0.005,0.1,30,,,,-1,two_stage,2,0.5,"__confirm_cooldown=200,__confirm_rule=perm_test,__perm_alpha=0.03,__perm_min_effect=0,__perm_n_perm=200,__perm_post_n=10,__perm_pre_n=500,__perm_rng_seed=0,__perm_side=two_sided,__perm_stat=vote_score,divergence=0.3,error_rate=0.5,teacher_entropy=0.2",3,0,200,0.0,0,10000,10.0,25.0,200,500,1,136,1.0,0.8832776717557251,0.7178272445142011,0.16666666666666666,0.19900070130825043,0.022014254704117775,0,0,126,125,-1,perm_test,0.004975124378109453,0.43445791847493154,125,125,0,0.0,0.16666666666666666,0,0.0,0.0,0.0,0.0,0,none,0,1,0,overconfident,0.95,0,mild_drift,0.9424164019184731,0.001480642404863907,0.7225818264868971,0.8433872739730348,1768237758.1003067,0.3907017707824707,0.1656322181224823
656,41984,41983,sea_nodrift,sea,ts_drift_adapt,1,"error_divergence_ph_meta@error.threshold=0.10,error.min_instances=5",error_divergence_ph_meta,"{""divergence"": {""alpha"": 0.1, ""delta"": 0.005, ""min_instances"": 30, ""threshold"": 0.05}, ""error_rate"": {""alpha"": 0.15, ""delta"": 0.005, ""min_instances"": 5, ""threshold"": 0.1}}","{""error_rate"": {""min_instances"": 5, ""threshold"": 0.1}}",0.1,0.005,0.15,5,0.05,0.005,0.1,30,,,,-1,two_stage,2,0.5,"__confirm_cooldown=200,__confirm_rule=perm_test,__perm_alpha=0.03,__perm_min_effect=0,__perm_n_perm=200,__perm_post_n=10,__perm_pre_n=500,__perm_rng_seed=0,__perm_side=two_sided,__perm_stat=vote_score,divergence=0.3,error_rate=0.5,teacher_entropy=0.2",3,0,200,0.0,0,10000,10.0,25.0,200,500,1,72,1.0,0.8833603277439024,0.7179496323875788,0.0,0.14616209268569946,0.011840276420116425,0,0,126,125,-1,perm_test,0.004975124378109453,0.43445791847493154,125,125,0,0.0,0.16666666666666666,0,0.0,0.0,0.0,0.0,0,none,0,1,0,overconfident,0.95,0,mild_drift,0.9513582009592365,0.0013903212024319535,0.7612909132434486,0.8491936369865174,1768237758.1099713,0.13295957446098328,0.09445199370384216
657,42048,42047,sea_nodrift,sea,ts_drift_adapt,1,"error_divergence_ph_meta@error.threshold=0.10,error.min_instances=5",error_divergence_ph_meta,"{""divergence"": {""alpha"": 0.1, ""delta"": 0.005, ""min_instances"": 30, ""threshold"": 0.05}, ""error_rate"": {""alpha"": 0.15, ""delta"": 0.005, ""min_instances"": 5, ""threshold"": 0.1}}","{""error_rate"": {""min_instances"": 5, ""threshold"": 0.1}}",0.1,0.005,0.15,5,0.05,0.005,0.1,30,,,,-1,two_stage,2,0.5,"__confirm_cooldown=200,__confirm_rule=perm_test,__perm_alpha=0.03,__perm_min_effect=0,__perm_n_perm=200,__perm_post_n=10,__perm_pre_n=500,__perm_rng_seed=0,__perm_side=two_sided,__perm_stat=vote_score,divergence=0.3,error_rate=0.5,teacher_entropy=0.2",3,0,200,0.0,0,10000,10.0,25.0,200,500,1,8,1.0,0.883347602739726,0.7178995961989143,0.0,0.17119276523590088,0.017661940306425095,0,0,126,125,-1,perm_test,0.004975124378109453,0.43445791847493154,125,125,0,0.0,0.00582166388630867,0,0.0,0.0,0.0,0.0,0,none,0,1,0,overconfident,0.95,0,mild_drift,0.9558291004796182,0.001345160601215977,0.7806454566217242,0.8520968184932587,1768237758.1196964,0.10238966345787048,0.1268155574798584
658,42112,42111,sea_nodrift,sea,ts_drift_adapt,1,"error_divergence_ph_meta@error.threshold=0.10,error.min_instances=5",error_divergence_ph_meta,"{""divergence"": {""alpha"": 0.1, ""delta"": 0.005, ""min_instances"": 30, ""threshold"": 0.05}, ""error_rate"": {""alpha"": 0.15, ""delta"": 0.005, ""min_instances"": 5, ""threshold"": 0.1}}","{""error_rate"": {""min_instances"": 5, ""threshold"": 0.1}}",0.1,0.005,0.15,5,0.05,0.005,0.1,30,,,,-1,two_stage,2,0.5,"__confirm_cooldown=200,__confirm_rule=perm_test,__perm_alpha=0.03,__perm_min_effect=0,__perm_n_perm=200,__perm_post_n=10,__perm_pre_n=500,__perm_rng_seed=0,__perm_side=two_sided,__perm_stat=vote_score,divergence=0.3,error_rate=0.5,teacher_entropy=0.2",3,0,200,0.0,0,10000,10.0,25.0,200,500,0,0,1.0,0.8834536474164134,0.7180848528713419,0.0,0.14606310427188873,0.009253613650798798,0,0,126,125,-1,perm_test,0.004975124378109453,0.43445791847493154,125,125,0,0.0,0.008408326655626297,0,0.0,0.0,0.0,0.0,0,none,0,1,0,overconfident,0.95,0,mild_drift,0.9580645502398091,0.0013225803006079884,0.7903227283108621,0.8535484092466293,1768237758.1294787,0.056159857660532,0.08519916236400604
659,42176,42175,sea_nodrift,sea,ts_drift_adapt,1,"error_divergence_ph_meta@error.threshold=0.10,error.min_instances=5",error_divergence_ph_meta,"{""divergence"": {""alpha"": 0.1, ""delta"": 0.005, ""min_instances"": 30, ""threshold"": 0.05}, ""error_rate"": {""alpha"": 0.15, ""delta"": 0.005, ""min_instances"": 5, ""threshold"": 0.1}}","{""error_rate"": {""min_instances"": 5, ""threshold"": 0.1}}",0.1,0.005,0.15,5,0.05,0.005,0.1,30,,,,-1,two_stage,2,0.5,"__confirm_cooldown=200,__confirm_rule=perm_test,__perm_alpha=0.03,__perm_min_effect=0,__perm_n_perm=200,__perm_post_n=10,__perm_pre_n=500,__perm_rng_seed=0,__perm_side=two_sided,__perm_stat=vote_score,divergence=0.3,error_rate=0.5,teacher_entropy=0.2",3,0,200,0.0,0,10000,10.0,25.0,200,500,0,0,1.0,0.8834882397572079,0.7181323368628817,0.3333333333333333,0.1678105741739273,0.009025552310049534,1,1,127,126,0,perm_test,0.004975124378109453,0.4440625283514974,126,126,0,0.0,0.3333333333333333,1,0.5,0.0,0.0,0.0,0,none,1,1,0,overconfident,0.95,0,stable,0.9740322751199045,0.0010612901503039942,0.895161364155431,0.8992742046233146,1768237758.145904,0.34355032444000244,0.10263488441705704
660,42240,42239,sea_nodrift,sea,ts_drift_adapt,1,"error_divergence_ph_meta@error.threshold=0.10,error.min_instances=5",error_divergence_ph_meta,"{""divergence"": {""alpha"": 0.1, ""delta"": 0.005, ""min_instances"": 30, ""threshold"": 0.05}, ""error_rate"": {""alpha"": 0.15, ""delta"": 0.005, ""min_instances"": 5, ""threshold"": 0.1}}","{""error_rate"": {""min_instances"": 5, ""threshold"": 0.1}}",0.1,0.005,0.15,5,0.05,0.005,0.1,30,,,,-1,two_stage,2,0.5,"__confirm_cooldown=200,__confirm_rule=perm_test,__perm_alpha=0.03,__perm_min_effect=0,__perm_n_perm=200,__perm_post_n=10,__perm_pre_n=500,__perm_rng_seed=0,__perm_side=two_sided,__perm_stat=vote_score,divergence=0.3,error_rate=0.5,teacher_entropy=0.2",3,0,200,0.0,0,10000,10.0,25.0,200,500,1,136,1.0,0.8836174242424243,0.7184629728155545,0.16666666666666666,0.1519339382648468,0.00692560151219368,0,0,127,126,-1,perm_test,0.004975124378109453,0.4440625283514974,126,126,0,0.0,0.16666666666666666,0,0.0,0.0,0.0,0.0,0,none,0,1,0,overconfident,0.95,0,mild_drift,0.9671661375599523,0.0011806450751519972,0.8475806820777155,0.8771371023116573,1768237758.1557395,0.18548427522182465,0.051272593438625336
661,42304,42303,sea_nodrift,sea,ts_drift_adapt,1,"error_divergence_ph_meta@error.threshold=0.10,error.min_instances=5",error_divergence_ph_meta,"{""divergence"": {""alpha"": 0.1, ""delta"": 0.005, ""min_instances"": 30, ""threshold"": 0.05}, ""error_rate"": {""alpha"": 0.15, ""delta"": 0.005, ""min_instances"": 5, ""threshold"": 0.1}}","{""error_rate"": {""min_instances"": 5, ""threshold"": 0.1}}",0.1,0.005,0.15,5,0.05,0.005,0.1,30,,,,-1,two_stage,2,0.5,"__confirm_cooldown=200,__confirm_rule=perm_test,__perm_alpha=0.03,__perm_min_effect=0,__perm_n_perm=200,__perm_post_n=10,__perm_pre_n=500,__perm_rng_seed=0,__perm_side=two_sided,__perm_stat=vote_score,divergence=0.3,error_rate=0.5,teacher_entropy=0.2",3,0,200,0.0,0,10000,10.0,25.0,200,500,1,72,1.0,0.8836753025718608,0.7186556612943117,0.0,0.19684627652168274,0.011667079292237759,0,0,127,126,-1,perm_test,0.004975124378109453,0.4440625283514974,126,126,0,0.0,0.16666666666666666,0,0.0,0.0,0.0,0.0,0,none,0,1,0,overconfident,0.95,0,mild_drift,0.9637330687799761,0.0012403225375759988,0.8237903410388578,0.8660685511558286,1768237758.1654072,0.0177846010774374,0.11409766227006912
662,42368,42367,sea_nodrift,sea,ts_drift_adapt,1,"error_divergence_ph_meta@error.threshold=0.10,error.min_instances=5",error_divergence_ph_meta,"{""divergence"": {""alpha"": 0.1, ""delta"": 0.005, ""min_instances"": 30, ""threshold"": 0.05}, ""error_rate"": {""alpha"": 0.15, ""delta"": 0.005, ""min_instances"": 5, ""threshold"": 0.1}}","{""error_rate"": {""min_instances"": 5, ""threshold"": 0.1}}",0.1,0.005,0.15,5,0.05,0.005,0.1,30,,,,-1,two_stage,2,0.5,"__confirm_cooldown=200,__confirm_rule=perm_test,__perm_alpha=0.03,__perm_min_effect=0,__perm_n_perm=200,__perm_post_n=10,__perm_pre_n=500,__perm_rng_seed=0,__perm_side=two_sided,__perm_stat=vote_score,divergence=0.3,error_rate=0.5,teacher_entropy=0.2",3,0,200,0.0,0,10000,10.0,25.0,200,500,1,8,1.0,0.8837566087613293,0.7189123534937414,0.0,0.17476196587085724,0.009067080914974213,0,0,127,126,-1,perm_test,0.004975124378109453,0.4440625283514974,126,126,0,0.0,0.002599998377263546,0,0.0,0.0,0.0,0.0,0,none,0,1,0,overconfident,0.95,0,mild_drift,0.962016534389988,0.0012701612687879994,0.8118951705194289,0.8605342755779143,1768237758.1750393,0.14896120131015778,0.07949556410312653
663,42432,42431,sea_nodrift,sea,ts_drift_adapt,1,"error_divergence_ph_meta@error.threshold=0.10,error.min_instances=5",error_divergence_ph_meta,"{""divergence"": {""alpha"": 0.1, ""delta"": 0.005, ""min_instances"": 30, ""threshold"": 0.05}, ""error_rate"": {""alpha"": 0.15, ""delta"": 0.005, ""min_instances"": 5, ""threshold"": 0.1}}","{""error_rate"": {""min_instances"": 5, ""threshold"": 0.1}}",0.1,0.005,0.15,5,0.05,0.005,0.1,30,,,,-1,two_stage,2,0.5,"__confirm_cooldown=200,__confirm_rule=perm_test,__perm_alpha=0.03,__perm_min_effect=0,__perm_n_perm=200,__perm_post_n=10,__perm_pre_n=500,__perm_rng_seed=0,__perm_side=two_sided,__perm_stat=vote_score,divergence=0.3,error_rate=0.5,teacher_entropy=0.2",3,0,200,0.0,0,10000,10.0,25.0,200,500,0,0,1.0,0.8837905354449472,0.7190810161807963,0.3333333333333333,0.21045412123203278,0.015474479645490646,0,0,127,126,-1,perm_test,0.004975124378109453,0.4440625283514974,126,126,0,0.0,0.3333333333333333,0,0.0,0.0,0.0,0.0,0,none,0,1,0,overconfident,0.95,0,mild_drift,0.961158267194994,0.0012850806343939996,0.8059475852597144,0.8577671377889571,1768237758.1848292,0.43650826811790466,0.12727896869182587
664,42496,42495,sea_nodrift,sea,ts_drift_adapt,1,"error_divergence_ph_meta@error.threshold=0.10,error.min_instances=5",error_divergence_ph_meta,"{""divergence"": {""alpha"": 0.1, ""delta"": 0.005, ""min_instances"": 30, ""threshold"": 0.05}, ""error_rate"": {""alpha"": 0.15, ""delta"": 0.005, ""min_instances"": 5, ""threshold"": 0.1}}","{""error_rate"": {""min_instances"": 5, ""threshold"": 0.1}}",0.1,0.005,0.15,5,0.05,0.005,0.1,30,,,,-1,two_stage,2,0.5,"__confirm_cooldown=200,__confirm_rule=perm_test,__perm_alpha=0.03,__perm_min_effect=0,__perm_n_perm=200,__perm_post_n=10,__perm_pre_n=500,__perm_rng_seed=0,__perm_side=two_sided,__perm_stat=vote_score,divergence=0.3,error_rate=0.5,teacher_entropy=0.2",3,0,200,0.0,0,10000,10.0,25.0,200,500,0,0,1.0,0.8838949548192772,0.719410305974289,0.16666666666666666,0.17389535903930664,0.008543083444237709,1,1,128,127,0,perm_test,0.004975124378109453,0.4524918450603081,127,127,0,0.16666666666666666,0.16666666666666666,1,0.5,0.0,0.0,0.0,0,none,1,1,0,overconfident,0.95,0,severe_drift,0.9260791335974969,0.0016425403171969998,0.6529737926298572,0.8338835688944786,1768237758.2012606,0.18977640569210052,0.07307133078575134
665,42560,42559,sea_nodrift,sea,ts_drift_adapt,1,"error_divergence_ph_meta@error.threshold=0.10,error.min_instances=5",error_divergence_ph_meta,"{""divergence"": {""alpha"": 0.1, ""delta"": 0.005, ""min_instances"": 30, ""threshold"": 0.05}, ""error_rate"": {""alpha"": 0.15, ""delta"": 0.005, ""min_instances"": 5, ""threshold"": 0.1}}","{""error_rate"": {""min_instances"": 5, ""threshold"": 0.1}}",0.1,0.005,0.15,5,0.05,0.005,0.1,30,,,,-1,two_stage,2,0.5,"__confirm_cooldown=200,__confirm_rule=perm_test,__perm_alpha=0.03,__perm_min_effect=0,__perm_n_perm=200,__perm_post_n=10,__perm_pre_n=500,__perm_rng_seed=0,__perm_side=two_sided,__perm_stat=vote_score,divergence=0.3,error_rate=0.5,teacher_entropy=0.2",3,0,200,0.0,0,10000,10.0,25.0,200,500,1,136,1.0,0.8839050751879699,0.7194962382030571,0.0,0.2270219773054123,0.016076959669589996,0,0,128,127,-1,perm_test,0.004975124378109453,0.4524918450603081,127,127,0,0.0,0.16666666666666666,0,0.0,0.0,0.0,0.0,0,none,0,1,0,overconfident,0.95,0,mild_drift,0.9431895667987484,0.0014712701585985,0.7264868963149287,0.8444417844472393,1768237758.2112098,0.11704894155263901,0.164220929145813
666,42624,42623,sea_nodrift,sea,ts_drift_adapt,1,"error_divergence_ph_meta@error.threshold=0.10,error.min_instances=5",error_divergence_ph_meta,"{""divergence"": {""alpha"": 0.1, ""delta"": 0.005, ""min_instances"": 30, ""threshold"": 0.05}, ""error_rate"": {""alpha"": 0.15, ""delta"": 0.005, ""min_instances"": 5, ""threshold"": 0.1}}","{""error_rate"": {""min_instances"": 5, ""threshold"": 0.1}}",0.1,0.005,0.15,5,0.05,0.005,0.1,30,,,,-1,two_stage,2,0.5,"__confirm_cooldown=200,__confirm_rule=perm_test,__perm_alpha=0.03,__perm_min_effect=0,__perm_n_perm=200,__perm_post_n=10,__perm_pre_n=500,__perm_rng_seed=0,__perm_side=two_sided,__perm_stat=vote_score,divergence=0.3,error_rate=0.5,teacher_entropy=0.2",3,0,200,0.0,0,10000,10.0,25.0,200,500,1,72,1.0,0.8839386261261262,0.7195911072808265,0.0,0.15082235634326935,0.01694442145526409,0,0,128,127,-1,perm_test,0.004975124378109453,0.4524918450603081,127,127,0,0.0,0.0008674617856740952,0,0.0,0.0,0.0,0.0,0,none,0,1,0,overconfident,0.95,0,mild_drift,0.9517447833993742,0.00138563507929925,0.7632434481574644,0.8497208922236197,1768237758.2207508,0.19251185655593872,0.14368753135204315
667,42688,42687,sea_nodrift,sea,ts_drift_adapt,1,"error_divergence_ph_meta@error.threshold=0.10,error.min_instances=5",error_divergence_ph_meta,"{""divergence"": {""alpha"": 0.1, ""delta"": 0.005, ""min_instances"": 30, ""threshold"": 0.05}, ""error_rate"": {""alpha"": 0.15, ""delta"": 0.005, ""min_instances"": 5, ""threshold"": 0.1}}","{""error_rate"": {""min_instances"": 5, ""threshold"": 0.1}}",0.1,0.005,0.15,5,0.05,0.005,0.1,30,,,,-1,two_stage,2,0.5,"__confirm_cooldown=200,__confirm_rule=perm_test,__perm_alpha=0.03,__perm_min_effect=0,__perm_n_perm=200,__perm_post_n=10,__perm_pre_n=500,__perm_rng_seed=0,__perm_side=two_sided,__perm_stat=vote_score,divergence=0.3,error_rate=0.5,teacher_entropy=0.2",3,0,200,0.0,0,10000,10.0,25.0,200,500,1,8,1.0,0.884065779610195,0.7199933393104376,0.0,0.22321408987045288,0.018497873097658157,0,0,128,127,-1,perm_test,0.004975124378109453,0.4524918450603081,127,127,0,0.0,0.0015534516423940659,0,0.0,0.0,0.0,0.0,0,none,0,1,0,overconfident,0.95,0,mild_drift,0.9560223916996871,0.001342817539649625,0.7816217240787322,0.8523604461118098,1768237758.2306015,0.18948988616466522,0.1451796591281891
668,42752,42751,sea_nodrift,sea,ts_drift_adapt,1,"error_divergence_ph_meta@error.threshold=0.10,error.min_instances=5",error_divergence_ph_meta,"{""divergence"": {""alpha"": 0.1, ""delta"": 0.005, ""min_instances"": 30, ""threshold"": 0.05}, ""error_rate"": {""alpha"": 0.15, ""delta"": 0.005, ""min_instances"": 5, ""threshold"": 0.1}}","{""error_rate"": {""min_instances"": 5, ""threshold"": 0.1}}",0.1,0.005,0.15,5,0.05,0.005,0.1,30,,,,-1,two_stage,2,0.5,"__confirm_cooldown=200,__confirm_rule=perm_test,__perm_alpha=0.03,__perm_min_effect=0,__perm_n_perm=200,__perm_post_n=10,__perm_pre_n=500,__perm_rng_seed=0,__perm_side=two_sided,__perm_stat=vote_score,divergence=0.3,error_rate=0.5,teacher_entropy=0.2",3,0,200,0.0,0,10000,10.0,25.0,200,500,0,0,1.0,0.8840522080838323,0.7200798749873223,0.0,0.23136946558952332,0.024577705189585686,0,0,128,127,-1,perm_test,0.004975124378109453,0.4524918450603081,127,127,0,0.0,0.006079832091927528,0,0.0,0.0,0.0,0.0,0,none,0,1,0,overconfident,0.95,0,mild_drift,0.9581611958498435,0.0013214087698248124,0.7908108620393661,0.8536802230559049,1768237758.2402928,0.01708863489329815,0.22187545895576477
669,42816,42815,sea_nodrift,sea,ts_drift_adapt,1,"error_divergence_ph_meta@error.threshold=0.10,error.min_instances=5",error_divergence_ph_meta,"{""divergence"": {""alpha"": 0.1, ""delta"": 0.005, ""min_instances"": 30, ""threshold"": 0.05}, ""error_rate"": {""alpha"": 0.15, ""delta"": 0.005, ""min_instances"": 5, ""threshold"": 0.1}}","{""error_rate"": {""min_instances"": 5, ""threshold"": 0.1}}",0.1,0.005,0.15,5,0.05,0.005,0.1,30,,,,-1,two_stage,2,0.5,"__confirm_cooldown=200,__confirm_rule=perm_test,__perm_alpha=0.03,__perm_min_effect=0,__perm_n_perm=200,__perm_post_n=10,__perm_pre_n=500,__perm_rng_seed=0,__perm_side=two_sided,__perm_stat=vote_score,divergence=0.3,error_rate=0.5,teacher_entropy=0.2",3,0,200,0.0,0,10000,10.0,25.0,200,500,0,0,1.0,0.8841554559043349,0.7203103971820319,0.0,0.16310153901576996,0.025528229773044586,0,0,128,127,-1,perm_test,0.004975124378109453,0.4524918450603081,127,127,0,0.0,0.0009505245834589005,0,0.0,0.0,0.0,0.0,0,none,0,1,0,overconfident,0.95,0,mild_drift,0.9592305979249217,0.0013107043849124064,0.7954054310196831,0.8543401115279524,1768237758.2500215,0.12394804507493973,0.20033666491508484
670,42880,42879,sea_nodrift,sea,ts_drift_adapt,1,"error_divergence_ph_meta@error.threshold=0.10,error.min_instances=5",error_divergence_ph_meta,"{""divergence"": {""alpha"": 0.1, ""delta"": 0.005, ""min_instances"": 30, ""threshold"": 0.05}, ""error_rate"": {""alpha"": 0.15, ""delta"": 0.005, ""min_instances"": 5, ""threshold"": 0.1}}","{""error_rate"": {""min_instances"": 5, ""threshold"": 0.1}}",0.1,0.005,0.15,5,0.05,0.005,0.1,30,,,,-1,two_stage,2,0.5,"__confirm_cooldown=200,__confirm_rule=perm_test,__perm_alpha=0.03,__perm_min_effect=0,__perm_n_perm=200,__perm_post_n=10,__perm_pre_n=500,__perm_rng_seed=0,__perm_side=two_sided,__perm_stat=vote_score,divergence=0.3,error_rate=0.5,teacher_entropy=0.2",3,0,200,0.0,0,10000,10.0,25.0,200,500,0,0,1.0,0.8842817164179104,0.7205777012783164,0.0,0.1577712744474411,0.0057462663389742374,0,0,128,127,-1,perm_test,0.004975124378109453,0.4524918450603081,127,127,0,0.0,0.01978196343407035,0,0.0,0.0,0.0,0.0,0,none,0,1,0,overconfident,0.95,0,mild_drift,0.9597652989624608,0.0013053521924562034,0.7977027155098415,0.8546700557639761,1768237758.259958,0.06444638222455978,0.0684623122215271
671,42944,42943,sea_nodrift,sea,ts_drift_adapt,1,"error_divergence_ph_meta@error.threshold=0.10,error.min_instances=5",error_divergence_ph_meta,"{""divergence"": {""alpha"": 0.1, ""delta"": 0.005, ""min_instances"": 30, ""threshold"": 0.05}, ""error_rate"": {""alpha"": 0.15, ""delta"": 0.005, ""min_instances"": 5, ""threshold"": 0.1}}","{""error_rate"": {""min_instances"": 5, ""threshold"": 0.1}}",0.1,0.005,0.15,5,0.05,0.005,0.1,30,,,,-1,two_stage,2,0.5,"__confirm_cooldown=200,__confirm_rule=perm_test,__perm_alpha=0.03,__perm_min_effect=0,__perm_n_perm=200,__perm_post_n=10,__perm_pre_n=500,__perm_rng_seed=0,__perm_side=two_sided,__perm_stat=vote_score,divergence=0.3,error_rate=0.5,teacher_entropy=0.2",3,0,200,0.0,0,10000,10.0,25.0,200,500,0,0,1.0,0.8843610283159463,0.7207334970085981,0.16666666666666666,0.19824227690696716,0.007450423669070005,1,1,129,128,0,perm_test,0.004975124378109453,0.43370125248127966,128,128,0,0.0,0.16666666666666666,1,0.5,0.0,0.0,0.0,0,none,1,1,0,overconfident,0.95,0,stable,0.9748826494812304,0.0010526760962281017,0.8988513577549208,0.8998350278819881,1768237758.2764702,0.19822490215301514,0.06325456500053406
672,43008,43007,sea_nodrift,sea,ts_drift_adapt,1,"error_divergence_ph_meta@error.threshold=0.10,error.min_instances=5",error_divergence_ph_meta,"{""divergence"": {""alpha"": 0.1, ""delta"": 0.005, ""min_instances"": 30, ""threshold"": 0.05}, ""error_rate"": {""alpha"": 0.15, ""delta"": 0.005, ""min_instances"": 5, ""threshold"": 0.1}}","{""error_rate"": {""min_instances"": 5, ""threshold"": 0.1}}",0.1,0.005,0.15,5,0.05,0.005,0.1,30,,,,-1,two_stage,2,0.5,"__confirm_cooldown=200,__confirm_rule=perm_test,__perm_alpha=0.03,__perm_min_effect=0,__perm_n_perm=200,__perm_post_n=10,__perm_pre_n=500,__perm_rng_seed=0,__perm_side=two_sided,__perm_stat=vote_score,divergence=0.3,error_rate=0.5,teacher_entropy=0.2",3,0,200,0.0,0,10000,10.0,25.0,200,500,1,136,1.0,0.8844401041666666,0.7209560611946773,0.0,0.18428154289722443,0.010192407295107841,0,0,129,128,-1,perm_test,0.004975124378109453,0.43370125248127966,128,128,0,0.0,0.16666666666666666,0,0.0,0.0,0.0,0.0,0,none,0,1,0,overconfident,0.95,0,mild_drift,0.9675913247406152,0.0011763380481140508,0.8494256788774603,0.8774175139409941,1768237758.2861896,0.03623141720890999,0.09153547137975693
673,43072,43071,sea_nodrift,sea,ts_drift_adapt,1,"error_divergence_ph_meta@error.threshold=0.10,error.min_instances=5",error_divergence_ph_meta,"{""divergence"": {""alpha"": 0.1, ""delta"": 0.005, ""min_instances"": 30, ""threshold"": 0.05}, ""error_rate"": {""alpha"": 0.15, ""delta"": 0.005, ""min_instances"": 5, ""threshold"": 0.1}}","{""error_rate"": {""min_instances"": 5, ""threshold"": 0.1}}",0.1,0.005,0.15,5,0.05,0.005,0.1,30,,,,-1,two_stage,2,0.5,"__confirm_cooldown=200,__confirm_rule=perm_test,__perm_alpha=0.03,__perm_min_effect=0,__perm_n_perm=200,__perm_post_n=10,__perm_pre_n=500,__perm_rng_seed=0,__perm_side=two_sided,__perm_stat=vote_score,divergence=0.3,error_rate=0.5,teacher_entropy=0.2",3,0,200,0.0,0,10000,10.0,25.0,200,500,1,72,1.0,0.8846118127786032,0.7212942707530666,0.0,0.14710474014282227,0.0030216241721063852,0,0,129,128,-1,perm_test,0.004975124378109453,0.43370125248127966,128,128,0,0.0,0.007170783123001456,0,0.0,0.0,0.0,0.0,0,none,0,1,0,overconfident,0.95,0,mild_drift,0.9639456623703075,0.0012381690240570254,0.8247128394387302,0.866208756970497,1768237758.2958076,0.02987002395093441,0.030249103903770447
674,43136,43135,sea_nodrift,sea,ts_drift_adapt,1,"error_divergence_ph_meta@error.threshold=0.10,error.min_instances=5",error_divergence_ph_meta,"{""divergence"": {""alpha"": 0.1, ""delta"": 0.005, ""min_instances"": 30, ""threshold"": 0.05}, ""error_rate"": {""alpha"": 0.15, ""delta"": 0.005, ""min_instances"": 5, ""threshold"": 0.1}}","{""error_rate"": {""min_instances"": 5, ""threshold"": 0.1}}",0.1,0.005,0.15,5,0.05,0.005,0.1,30,,,,-1,two_stage,2,0.5,"__confirm_cooldown=200,__confirm_rule=perm_test,__perm_alpha=0.03,__perm_min_effect=0,__perm_n_perm=200,__perm_post_n=10,__perm_pre_n=500,__perm_rng_seed=0,__perm_side=two_sided,__perm_stat=vote_score,divergence=0.3,error_rate=0.5,teacher_entropy=0.2",3,0,200,0.0,0,10000,10.0,25.0,200,500,1,8,1.0,0.8846670994065282,0.7214406161486177,0.0,0.187784805893898,0.01936713419854641,0,0,129,128,-1,perm_test,0.004975124378109453,0.43370125248127966,128,128,0,0.0,0.016345510026440024,0,0.0,0.0,0.0,0.0,0,none,0,1,0,overconfident,0.95,0,mild_drift,0.9621228311851537,0.0012690845120285127,0.8123564197193651,0.8606043784852485,1768237758.3055289,0.05064845457673073,0.17055943608283997
675,43200,43199,sea_nodrift,sea,ts_drift_adapt,1,"error_divergence_ph_meta@error.threshold=0.10,error.min_instances=5",error_divergence_ph_meta,"{""divergence"": {""alpha"": 0.1, ""delta"": 0.005, ""min_instances"": 30, ""threshold"": 0.05}, ""error_rate"": {""alpha"": 0.15, ""delta"": 0.005, ""min_instances"": 5, ""threshold"": 0.1}}","{""error_rate"": {""min_instances"": 5, ""threshold"": 0.1}}",0.1,0.005,0.15,5,0.05,0.005,0.1,30,,,,-1,two_stage,2,0.5,"__confirm_cooldown=200,__confirm_rule=perm_test,__perm_alpha=0.03,__perm_min_effect=0,__perm_n_perm=200,__perm_post_n=10,__perm_pre_n=500,__perm_rng_seed=0,__perm_side=two_sided,__perm_stat=vote_score,divergence=0.3,error_rate=0.5,teacher_entropy=0.2",3,0,200,0.0,0,10000,10.0,25.0,200,500,0,0,1.0,0.8846990740740741,0.7215102373491732,0.0,0.23240453004837036,0.018008099868893623,0,0,129,128,-1,perm_test,0.004975124378109453,0.43370125248127966,128,128,0,0.0,0.0013590343296527863,0,0.0,0.0,0.0,0.0,0,none,0,1,0,overconfident,0.95,0,mild_drift,0.9612114155925768,0.0012845422560142563,0.8061782098596826,0.8578021892426242,1768237758.3154223,0.09247946739196777,0.1323869526386261
676,43264,43263,sea_nodrift,sea,ts_drift_adapt,1,"error_divergence_ph_meta@error.threshold=0.10,error.min_instances=5",error_divergence_ph_meta,"{""divergence"": {""alpha"": 0.1, ""delta"": 0.005, ""min_instances"": 30, ""threshold"": 0.05}, ""error_rate"": {""alpha"": 0.15, ""delta"": 0.005, ""min_instances"": 5, ""threshold"": 0.1}}","{""error_rate"": {""min_instances"": 5, ""threshold"": 0.1}}",0.1,0.005,0.15,5,0.05,0.005,0.1,30,,,,-1,two_stage,2,0.5,"__confirm_cooldown=200,__confirm_rule=perm_test,__perm_alpha=0.03,__perm_min_effect=0,__perm_n_perm=200,__perm_post_n=10,__perm_pre_n=500,__perm_rng_seed=0,__perm_side=two_sided,__perm_stat=vote_score,divergence=0.3,error_rate=0.5,teacher_entropy=0.2",3,0,200,0.0,0,10000,10.0,25.0,200,500,0,0,1.0,0.8846384985207101,0.7214360387515731,0.3333333333333333,0.20183612406253815,0.016411541029810905,1,1,130,129,0,perm_test,0.004975124378109453,0.43451776442755286,129,129,0,0.16666666666666666,0.3333333333333333,1,0.5,0.0,0.0,0.0,0,none,1,1,0,overconfident,0.95,0,severe_drift,0.9261057077962884,0.0016422711280071282,0.6530891049298413,0.8339010946213121,1768237758.3317852,0.5331251621246338,0.17287036776542664
677,43328,43327,sea_nodrift,sea,ts_drift_adapt,1,"error_divergence_ph_meta@error.threshold=0.10,error.min_instances=5",error_divergence_ph_meta,"{""divergence"": {""alpha"": 0.1, ""delta"": 0.005, ""min_instances"": 30, ""threshold"": 0.05}, ""error_rate"": {""alpha"": 0.15, ""delta"": 0.005, ""min_instances"": 5, ""threshold"": 0.1}}","{""error_rate"": {""min_instances"": 5, ""threshold"": 0.1}}",0.1,0.005,0.15,5,0.05,0.005,0.1,30,,,,-1,two_stage,2,0.5,"__confirm_cooldown=200,__confirm_rule=perm_test,__perm_alpha=0.03,__perm_min_effect=0,__perm_n_perm=200,__perm_post_n=10,__perm_pre_n=500,__perm_rng_seed=0,__perm_side=two_sided,__perm_stat=vote_score,divergence=0.3,error_rate=0.5,teacher_entropy=0.2",3,0,200,0.0,0,10000,10.0,25.0,200,500,1,136,1.0,0.884647341211226,0.7214587232100681,0.16666666666666666,0.1603289097547531,0.016865188255906105,0,0,130,129,-1,perm_test,0.004975124378109453,0.43451776442755286,129,129,0,0.0,0.16666666666666666,0,0.0,0.0,0.0,0.0,0,none,0,1,0,overconfident,0.95,0,mild_drift,0.9432028538981442,0.001471135564003564,0.7265445524649207,0.844450547310656,1768237758.3415952,0.38987135887145996,0.14318573474884033
678,43392,43391,sea_nodrift,sea,ts_drift_adapt,1,"error_divergence_ph_meta@error.threshold=0.10,error.min_instances=5",error_divergence_ph_meta,"{""divergence"": {""alpha"": 0.1, ""delta"": 0.005, ""min_instances"": 30, ""threshold"": 0.05}, ""error_rate"": {""alpha"": 0.15, ""delta"": 0.005, ""min_instances"": 5, ""threshold"": 0.1}}","{""error_rate"": {""min_instances"": 5, ""threshold"": 0.1}}",0.1,0.005,0.15,5,0.05,0.005,0.1,30,,,,-1,two_stage,2,0.5,"__confirm_cooldown=200,__confirm_rule=perm_test,__perm_alpha=0.03,__perm_min_effect=0,__perm_n_perm=200,__perm_post_n=10,__perm_pre_n=500,__perm_rng_seed=0,__perm_side=two_sided,__perm_stat=vote_score,divergence=0.3,error_rate=0.5,teacher_entropy=0.2",3,0,200,0.0,0,10000,10.0,25.0,200,500,1,72,1.0,0.8847483407079646,0.7217523432176793,0.0,0.14916108548641205,0.004293924197554588,0,0,130,129,-1,perm_test,0.004975124378109453,0.43451776442755286,129,129,0,0.0,0.16666666666666666,0,0.0,0.0,0.0,0.0,0,none,0,1,0,overconfident,0.95,0,mild_drift,0.9517514269490721,0.0013855677820017822,0.7632722762324604,0.849725273655328,1768237758.351242,0.15588459372520447,0.04849974811077118
679,43456,43455,sea_nodrift,sea,ts_drift_adapt,1,"error_divergence_ph_meta@error.threshold=0.10,error.min_instances=5",error_divergence_ph_meta,"{""divergence"": {""alpha"": 0.1, ""delta"": 0.005, ""min_instances"": 30, ""threshold"": 0.05}, ""error_rate"": {""alpha"": 0.15, ""delta"": 0.005, ""min_instances"": 5, ""threshold"": 0.1}}","{""error_rate"": {""min_instances"": 5, ""threshold"": 0.1}}",0.1,0.005,0.15,5,0.05,0.005,0.1,30,,,,-1,two_stage,2,0.5,"__confirm_cooldown=200,__confirm_rule=perm_test,__perm_alpha=0.03,__perm_min_effect=0,__perm_n_perm=200,__perm_post_n=10,__perm_pre_n=500,__perm_rng_seed=0,__perm_side=two_sided,__perm_stat=vote_score,divergence=0.3,error_rate=0.5,teacher_entropy=0.2",3,0,200,0.0,0,10000,10.0,25.0,200,500,1,8,1.0,0.8848490427098674,0.7220304078992502,0.0,0.1468789279460907,0.004812523722648621,0,0,130,129,-1,perm_test,0.004975124378109453,0.43451776442755286,129,129,0,0.0,0.0005185995250940323,0,0.0,0.0,0.0,0.0,0,none,0,1,0,overconfident,0.95,0,mild_drift,0.956025713474536,0.0013427838910008913,0.7816361381162302,0.852362636827664,1768237758.360985,0.012596587650477886,0.045900605618953705
680,43520,43519,sea_nodrift,sea,ts_drift_adapt,1,"error_divergence_ph_meta@error.threshold=0.10,error.min_instances=5",error_divergence_ph_meta,"{""divergence"": {""alpha"": 0.1, ""delta"": 0.005, ""min_instances"": 30, ""threshold"": 0.05}, ""error_rate"": {""alpha"": 0.15, ""delta"": 0.005, ""min_instances"": 5, ""threshold"": 0.1}}","{""error_rate"": {""min_instances"": 5, ""threshold"": 0.1}}",0.1,0.005,0.15,5,0.05,0.005,0.1,30,,,,-1,two_stage,2,0.5,"__confirm_cooldown=200,__confirm_rule=perm_test,__perm_alpha=0.03,__perm_min_effect=0,__perm_n_perm=200,__perm_post_n=10,__perm_pre_n=500,__perm_rng_seed=0,__perm_side=two_sided,__perm_stat=vote_score,divergence=0.3,error_rate=0.5,teacher_entropy=0.2",3,0,200,0.0,0,10000,10.0,25.0,200,500,0,0,1.0,0.8849264705882353,0.722261041296812,0.0,0.1730271279811859,0.007826029323041439,0,0,130,129,-1,perm_test,0.004975124378109453,0.43451776442755286,129,129,0,0.0,0.0030135056003928185,0,0.0,0.0,0.0,0.0,0,none,0,1,0,overconfident,0.95,0,mild_drift,0.958162856737268,0.0013213919455004456,0.7908180690581151,0.853681318413832,1768237758.370935,0.0392257459461689,0.06936577707529068
681,43584,43583,sea_nodrift,sea,ts_drift_adapt,1,"error_divergence_ph_meta@error.threshold=0.10,error.min_instances=5",error_divergence_ph_meta,"{""divergence"": {""alpha"": 0.1, ""delta"": 0.005, ""min_instances"": 30, ""threshold"": 0.05}, ""error_rate"": {""alpha"": 0.15, ""delta"": 0.005, ""min_instances"": 5, ""threshold"": 0.1}}","{""error_rate"": {""min_instances"": 5, ""threshold"": 0.1}}",0.1,0.005,0.15,5,0.05,0.005,0.1,30,,,,-1,two_stage,2,0.5,"__confirm_cooldown=200,__confirm_rule=perm_test,__perm_alpha=0.03,__perm_min_effect=0,__perm_n_perm=200,__perm_post_n=10,__perm_pre_n=500,__perm_rng_seed=0,__perm_side=two_sided,__perm_stat=vote_score,divergence=0.3,error_rate=0.5,teacher_entropy=0.2",3,0,200,0.0,0,10000,10.0,25.0,200,500,0,0,1.0,0.8850266152716594,0.7224860636174322,0.0,0.19408617913722992,0.006748007144778967,0,0,130,129,-1,perm_test,0.004975124378109453,0.43451776442755286,129,129,0,0.0,0.0010780221782624722,0,0.0,0.0,0.0,0.0,0,none,0,1,0,overconfident,0.95,0,mild_drift,0.959231428368634,0.001310695972750223,0.7954090345290576,0.854340659206916,1768237758.3808396,0.12683621048927307,0.07696200907230377
682,43648,43647,sea_nodrift,sea,ts_drift_adapt,1,"error_divergence_ph_meta@error.threshold=0.10,error.min_instances=5",error_divergence_ph_meta,"{""divergence"": {""alpha"": 0.1, ""delta"": 0.005, ""min_instances"": 30, ""threshold"": 0.05}, ""error_rate"": {""alpha"": 0.15, ""delta"": 0.005, ""min_instances"": 5, ""threshold"": 0.1}}","{""error_rate"": {""min_instances"": 5, ""threshold"": 0.1}}",0.1,0.005,0.15,5,0.05,0.005,0.1,30,,,,-1,two_stage,2,0.5,"__confirm_cooldown=200,__confirm_rule=perm_test,__perm_alpha=0.03,__perm_min_effect=0,__perm_n_perm=200,__perm_post_n=10,__perm_pre_n=500,__perm_rng_seed=0,__perm_side=two_sided,__perm_stat=vote_score,divergence=0.3,error_rate=0.5,teacher_entropy=0.2",3,0,200,0.0,0,10000,10.0,25.0,200,500,0,0,1.0,0.8850577346041055,0.7225228381571686,0.16666666666666666,0.1957588791847229,0.011331518180668354,1,1,131,130,0,perm_test,0.004975124378109453,0.4435845446735178,130,130,0,0.16666666666666666,0.16666666666666666,1,0.5,0.0,0.0,0.0,0,none,1,1,0,overconfident,0.95,0,severe_drift,0.9251157141843169,0.0016553479863751115,0.6477045172645288,0.832170329603458,1768237758.3973362,0.16685457527637482,0.07441540062427521
683,43712,43711,sea_nodrift,sea,ts_drift_adapt,1,"error_divergence_ph_meta@error.threshold=0.10,error.min_instances=5",error_divergence_ph_meta,"{""divergence"": {""alpha"": 0.1, ""delta"": 0.005, ""min_instances"": 30, ""threshold"": 0.05}, ""error_rate"": {""alpha"": 0.15, ""delta"": 0.005, ""min_instances"": 5, ""threshold"": 0.1}}","{""error_rate"": {""min_instances"": 5, ""threshold"": 0.1}}",0.1,0.005,0.15,5,0.05,0.005,0.1,30,,,,-1,two_stage,2,0.5,"__confirm_cooldown=200,__confirm_rule=perm_test,__perm_alpha=0.03,__perm_min_effect=0,__perm_n_perm=200,__perm_post_n=10,__perm_pre_n=500,__perm_rng_seed=0,__perm_side=two_sided,__perm_stat=vote_score,divergence=0.3,error_rate=0.5,teacher_entropy=0.2",3,0,200,0.0,0,10000,10.0,25.0,200,500,1,136,1.0,0.8852031478770132,0.722934012220835,0.16666666666666666,0.15736885368824005,0.00952253770083189,0,0,131,130,-1,perm_test,0.004975124378109453,0.4435845446735178,130,130,0,0.0,0.001808980479836464,0,0.0,0.0,0.0,0.0,0,none,0,1,0,overconfident,0.95,0,mild_drift,0.9427078570921584,0.0014776739931875557,0.7238522586322644,0.843585164801729,1768237758.4070725,0.4668165445327759,0.09335565567016602
684,43776,43775,sea_nodrift,sea,ts_drift_adapt,1,"error_divergence_ph_meta@error.threshold=0.10,error.min_instances=5",error_divergence_ph_meta,"{""divergence"": {""alpha"": 0.1, ""delta"": 0.005, ""min_instances"": 30, ""threshold"": 0.05}, ""error_rate"": {""alpha"": 0.15, ""delta"": 0.005, ""min_instances"": 5, ""threshold"": 0.1}}","{""error_rate"": {""min_instances"": 5, ""threshold"": 0.1}}",0.1,0.005,0.15,5,0.05,0.005,0.1,30,,,,-1,two_stage,2,0.5,"__confirm_cooldown=200,__confirm_rule=perm_test,__perm_alpha=0.03,__perm_min_effect=0,__perm_n_perm=200,__perm_post_n=10,__perm_pre_n=500,__perm_rng_seed=0,__perm_side=two_sided,__perm_stat=vote_score,divergence=0.3,error_rate=0.5,teacher_entropy=0.2",3,0,200,0.0,0,10000,10.0,25.0,200,500,1,72,1.0,0.8853024488304093,0.7232351727024853,0.0,0.15704618394374847,0.011707060970366001,0,0,131,130,-1,perm_test,0.004975124378109453,0.4435845446735178,130,130,0,0.0,0.16666666666666666,0,0.0,0.0,0.0,0.0,0,none,0,1,0,overconfident,0.95,0,mild_drift,0.9515039285460791,0.001388836996593778,0.7619261293161322,0.8492925824008645,1768237758.416714,0.015026435256004333,0.07832662761211395
685,43840,43839,sea_nodrift,sea,ts_drift_adapt,1,"error_divergence_ph_meta@error.threshold=0.10,error.min_instances=5",error_divergence_ph_meta,"{""divergence"": {""alpha"": 0.1, ""delta"": 0.005, ""min_instances"": 30, ""threshold"": 0.05}, ""error_rate"": {""alpha"": 0.15, ""delta"": 0.005, ""min_instances"": 5, ""threshold"": 0.1}}","{""error_rate"": {""min_instances"": 5, ""threshold"": 0.1}}",0.1,0.005,0.15,5,0.05,0.005,0.1,30,,,,-1,two_stage,2,0.5,"__confirm_cooldown=200,__confirm_rule=perm_test,__perm_alpha=0.03,__perm_min_effect=0,__perm_n_perm=200,__perm_post_n=10,__perm_pre_n=500,__perm_rng_seed=0,__perm_side=two_sided,__perm_stat=vote_score,divergence=0.3,error_rate=0.5,teacher_entropy=0.2",3,0,200,0.0,0,10000,10.0,25.0,200,500,1,8,1.0,0.8854014598540146,0.7234939437167995,0.16666666666666666,0.20203079283237457,0.0075402287766337395,0,0,131,130,-1,perm_test,0.004975124378109453,0.4435845446735178,130,130,0,0.0,0.16666666666666666,0,0.0,0.0,0.0,0.0,0,none,0,1,0,overconfident,0.95,0,mild_drift,0.9559019642730395,0.001344418498296889,0.7809630646580661,0.8521462912004323,1768237758.42631,0.4320131838321686,0.06637583673000336
686,43904,43903,sea_nodrift,sea,ts_drift_adapt,1,"error_divergence_ph_meta@error.threshold=0.10,error.min_instances=5",error_divergence_ph_meta,"{""divergence"": {""alpha"": 0.1, ""delta"": 0.005, ""min_instances"": 30, ""threshold"": 0.05}, ""error_rate"": {""alpha"": 0.15, ""delta"": 0.005, ""min_instances"": 5, ""threshold"": 0.1}}","{""error_rate"": {""min_instances"": 5, ""threshold"": 0.1}}",0.1,0.005,0.15,5,0.05,0.005,0.1,30,,,,-1,two_stage,2,0.5,"__confirm_cooldown=200,__confirm_rule=perm_test,__perm_alpha=0.03,__perm_min_effect=0,__perm_n_perm=200,__perm_post_n=10,__perm_pre_n=500,__perm_rng_seed=0,__perm_side=two_sided,__perm_stat=vote_score,divergence=0.3,error_rate=0.5,teacher_entropy=0.2",3,0,200,0.0,0,10000,10.0,25.0,200,500,0,0,1.0,0.8855001822157434,0.7237392627580441,0.16666666666666666,0.16283592581748962,0.006545861717313528,0,0,131,130,-1,perm_test,0.004975124378109453,0.4435845446735178,130,130,0,0.0,0.0009943670593202114,0,0.0,0.0,0.0,0.0,0,none,0,1,0,overconfident,0.95,0,mild_drift,0.9581009821365197,0.0013222092491484445,0.7904815323290331,0.8535731456002161,1768237758.4361866,0.21345935761928558,0.06216418743133545
687,43968,43967,sea_nodrift,sea,ts_drift_adapt,1,"error_divergence_ph_meta@error.threshold=0.10,error.min_instances=5",error_divergence_ph_meta,"{""divergence"": {""alpha"": 0.1, ""delta"": 0.005, ""min_instances"": 30, ""threshold"": 0.05}, ""error_rate"": {""alpha"": 0.15, ""delta"": 0.005, ""min_instances"": 5, ""threshold"": 0.1}}","{""error_rate"": {""min_instances"": 5, ""threshold"": 0.1}}",0.1,0.005,0.15,5,0.05,0.005,0.1,30,,,,-1,two_stage,2,0.5,"__confirm_cooldown=200,__confirm_rule=perm_test,__perm_alpha=0.03,__perm_min_effect=0,__perm_n_perm=200,__perm_post_n=10,__perm_pre_n=500,__perm_rng_seed=0,__perm_side=two_sided,__perm_stat=vote_score,divergence=0.3,error_rate=0.5,teacher_entropy=0.2",3,0,200,0.0,0,10000,10.0,25.0,200,500,0,0,1.0,0.8855758733624454,0.7239234794585985,0.0,0.1513918936252594,0.00838959775865078,1,1,132,131,0,perm_test,0.004975124378109453,0.44114450161517565,131,131,0,0.16666666666666666,0.16666666666666666,1,0.5,0.0,0.0,0.0,0,none,1,1,0,overconfident,0.95,0,severe_drift,0.9245504910682598,0.0016611046245742223,0.6452407661645165,0.8317865728001081,1768237758.4525313,0.09419095516204834,0.08041902631521225
688,44032,44031,sea_nodrift,sea,ts_drift_adapt,1,"error_divergence_ph_meta@error.threshold=0.10,error.min_instances=5",error_divergence_ph_meta,"{""divergence"": {""alpha"": 0.1, ""delta"": 0.005, ""min_instances"": 30, ""threshold"": 0.05}, ""error_rate"": {""alpha"": 0.15, ""delta"": 0.005, ""min_instances"": 5, ""threshold"": 0.1}}","{""error_rate"": {""min_instances"": 5, ""threshold"": 0.1}}",0.1,0.005,0.15,5,0.05,0.005,0.1,30,,,,-1,two_stage,2,0.5,"__confirm_cooldown=200,__confirm_rule=perm_test,__perm_alpha=0.03,__perm_min_effect=0,__perm_n_perm=200,__perm_post_n=10,__perm_pre_n=500,__perm_rng_seed=0,__perm_side=two_sided,__perm_stat=vote_score,divergence=0.3,error_rate=0.5,teacher_entropy=0.2",3,0,200,0.0,0,10000,10.0,25.0,200,500,1,136,1.0,0.8856513444767442,0.7241339917909361,0.16666666666666666,0.16629143059253693,0.015516543760895729,0,0,132,131,-1,perm_test,0.004975124378109453,0.44114450161517565,131,131,0,0.0,0.16666666666666666,0,0.0,0.0,0.0,0.0,0,none,0,1,0,overconfident,0.95,0,mild_drift,0.9424252455341299,0.001480552312287111,0.7226203830822583,0.8433932864000541,1768237758.462296,0.15324507653713226,0.1627575308084488
689,44096,44095,sea_nodrift,sea,ts_drift_adapt,1,"error_divergence_ph_meta@error.threshold=0.10,error.min_instances=5",error_divergence_ph_meta,"{""divergence"": {""alpha"": 0.1, ""delta"": 0.005, ""min_instances"": 30, ""threshold"": 0.05}, ""error_rate"": {""alpha"": 0.15, ""delta"": 0.005, ""min_instances"": 5, ""threshold"": 0.1}}","{""error_rate"": {""min_instances"": 5, ""threshold"": 0.1}}",0.1,0.005,0.15,5,0.05,0.005,0.1,30,,,,-1,two_stage,2,0.5,"__confirm_cooldown=200,__confirm_rule=perm_test,__perm_alpha=0.03,__perm_min_effect=0,__perm_n_perm=200,__perm_post_n=10,__perm_pre_n=500,__perm_rng_seed=0,__perm_side=two_sided,__perm_stat=vote_score,divergence=0.3,error_rate=0.5,teacher_entropy=0.2",3,0,200,0.0,0,10000,10.0,25.0,200,500,1,72,1.0,0.885749274310595,0.7244809993322501,0.16666666666666666,0.1428801417350769,0.013073993846774101,0,0,132,131,-1,perm_test,0.004975124378109453,0.44114450161517565,131,131,0,0.0,0.002442549914121628,0,0.0,0.0,0.0,0.0,0,none,0,1,0,overconfident,0.95,0,mild_drift,0.9513626227670648,0.0013902761561435557,0.7613101915411291,0.8491966432000271,1768237758.4718971,0.40377452969551086,0.13502714037895203
690,44160,44159,sea_nodrift,sea,ts_drift_adapt,1,"error_divergence_ph_meta@error.threshold=0.10,error.min_instances=5",error_divergence_ph_meta,"{""divergence"": {""alpha"": 0.1, ""delta"": 0.005, ""min_instances"": 30, ""threshold"": 0.05}, ""error_rate"": {""alpha"": 0.15, ""delta"": 0.005, ""min_instances"": 5, ""threshold"": 0.1}}","{""error_rate"": {""min_instances"": 5, ""threshold"": 0.1}}",0.1,0.005,0.15,5,0.05,0.005,0.1,30,,,,-1,two_stage,2,0.5,"__confirm_cooldown=200,__confirm_rule=perm_test,__perm_alpha=0.03,__perm_min_effect=0,__perm_n_perm=200,__perm_post_n=10,__perm_pre_n=500,__perm_rng_seed=0,__perm_side=two_sided,__perm_stat=vote_score,divergence=0.3,error_rate=0.5,teacher_entropy=0.2",3,0,200,0.0,0,10000,10.0,25.0,200,500,1,8,1.0,0.8858016304347827,0.7245906432995877,0.0,0.20539547502994537,0.013646054081618786,0,0,132,131,-1,perm_test,0.004975124378109453,0.44114450161517565,131,131,0,0.0,0.16666666666666666,0,0.0,0.0,0.0,0.0,0,none,0,1,0,overconfident,0.95,0,mild_drift,0.9558313113835324,0.0013451380780717778,0.7806550957705646,0.8520983216000135,1768237758.481619,0.020922822877764702,0.13360972702503204
691,44224,44223,sea_nodrift,sea,ts_drift_adapt,1,"error_divergence_ph_meta@error.threshold=0.10,error.min_instances=5",error_divergence_ph_meta,"{""divergence"": {""alpha"": 0.1, ""delta"": 0.005, ""min_instances"": 30, ""threshold"": 0.05}, ""error_rate"": {""alpha"": 0.15, ""delta"": 0.005, ""min_instances"": 5, ""threshold"": 0.1}}","{""error_rate"": {""min_instances"": 5, ""threshold"": 0.1}}",0.1,0.005,0.15,5,0.05,0.005,0.1,30,,,,-1,two_stage,2,0.5,"__confirm_cooldown=200,__confirm_rule=perm_test,__perm_alpha=0.03,__perm_min_effect=0,__perm_n_perm=200,__perm_post_n=10,__perm_pre_n=500,__perm_rng_seed=0,__perm_side=two_sided,__perm_stat=vote_score,divergence=0.3,error_rate=0.5,teacher_entropy=0.2",3,0,200,0.0,0,10000,10.0,25.0,200,500,0,0,1.0,0.8859442836468886,0.7249806039112536,0.0,0.17388328909873962,0.003171430667862296,0,0,132,131,-1,perm_test,0.004975124378109453,0.44114450161517565,131,131,0,0.0,0.01047462341375649,0,0.0,0.0,0.0,0.0,0,none,0,1,0,overconfident,0.95,0,mild_drift,0.9580656556917662,0.001322569039035889,0.7903275478852823,0.8535491608000068,1768237758.4915524,0.06671006232500076,0.044058844447135925
692,44288,44287,sea_nodrift,sea,ts_drift_adapt,1,"error_divergence_ph_meta@error.threshold=0.10,error.min_instances=5",error_divergence_ph_meta,"{""divergence"": {""alpha"": 0.1, ""delta"": 0.005, ""min_instances"": 30, ""threshold"": 0.05}, ""error_rate"": {""alpha"": 0.15, ""delta"": 0.005, ""min_instances"": 5, ""threshold"": 0.1}}","{""error_rate"": {""min_instances"": 5, ""threshold"": 0.1}}",0.1,0.005,0.15,5,0.05,0.005,0.1,30,,,,-1,two_stage,2,0.5,"__confirm_cooldown=200,__confirm_rule=perm_test,__perm_alpha=0.03,__perm_min_effect=0,__perm_n_perm=200,__perm_post_n=10,__perm_pre_n=500,__perm_rng_seed=0,__perm_side=two_sided,__perm_stat=vote_score,divergence=0.3,error_rate=0.5,teacher_entropy=0.2",3,0,200,0.0,0,10000,10.0,25.0,200,500,0,0,1.0,0.8859736271676301,0.7250824124391988,0.0,0.19213199615478516,0.016415370628237724,0,0,132,131,-1,perm_test,0.004975124378109453,0.44114450161517565,131,131,0,0.0,0.013243939960375428,0,0.0,0.0,0.0,0.0,0,none,0,1,0,overconfident,0.95,0,mild_drift,0.959182827845883,0.0013112845195179445,0.7951637739426411,0.8542745804000034,1768237758.5014894,0.05505459010601044,0.12195253372192383
693,44352,44351,sea_nodrift,sea,ts_drift_adapt,1,"error_divergence_ph_meta@error.threshold=0.10,error.min_instances=5",error_divergence_ph_meta,"{""divergence"": {""alpha"": 0.1, ""delta"": 0.005, ""min_instances"": 30, ""threshold"": 0.05}, ""error_rate"": {""alpha"": 0.15, ""delta"": 0.005, ""min_instances"": 5, ""threshold"": 0.1}}","{""error_rate"": {""min_instances"": 5, ""threshold"": 0.1}}",0.1,0.005,0.15,5,0.05,0.005,0.1,30,,,,-1,two_stage,2,0.5,"__confirm_cooldown=200,__confirm_rule=perm_test,__perm_alpha=0.03,__perm_min_effect=0,__perm_n_perm=200,__perm_post_n=10,__perm_pre_n=500,__perm_rng_seed=0,__perm_side=two_sided,__perm_stat=vote_score,divergence=0.3,error_rate=0.5,teacher_entropy=0.2",3,0,200,0.0,0,10000,10.0,25.0,200,500,0,0,1.0,0.8861381673881674,0.7254555441608485,0.0,0.16517294943332672,0.009132365696132183,0,0,132,131,-1,perm_test,0.004975124378109453,0.44114450161517565,131,131,0,0.0,0.007283004932105541,0,0.0,0.0,0.0,0.0,0,none,0,1,0,overconfident,0.95,0,mild_drift,0.9597414139229414,0.0013056422597589722,0.7975818869713206,0.8546372902000017,1768237758.5114672,0.06200738251209259,0.07289592921733856
694,44416,44415,sea_nodrift,sea,ts_drift_adapt,1,"error_divergence_ph_meta@error.threshold=0.10,error.min_instances=5",error_divergence_ph_meta,"{""divergence"": {""alpha"": 0.1, ""delta"": 0.005, ""min_instances"": 30, ""threshold"": 0.05}, ""error_rate"": {""alpha"": 0.15, ""delta"": 0.005, ""min_instances"": 5, ""threshold"": 0.1}}","{""error_rate"": {""min_instances"": 5, ""threshold"": 0.1}}",0.1,0.005,0.15,5,0.05,0.005,0.1,30,,,,-1,two_stage,2,0.5,"__confirm_cooldown=200,__confirm_rule=perm_test,__perm_alpha=0.03,__perm_min_effect=0,__perm_n_perm=200,__perm_post_n=10,__perm_pre_n=500,__perm_rng_seed=0,__perm_side=two_sided,__perm_stat=vote_score,divergence=0.3,error_rate=0.5,teacher_entropy=0.2",3,0,200,0.0,0,10000,10.0,25.0,200,500,0,0,1.0,0.8862346902017291,0.7256345611079575,0.0,0.17134389281272888,0.013451105915009975,0,0,132,131,-1,perm_test,0.004975124378109453,0.44114450161517565,131,131,0,0.0,0.004318740218877792,0,0.0,0.0,0.0,0.0,0,none,0,1,0,overconfident,0.95,0,mild_drift,0.9600207069614707,0.001302821129879486,0.7987909434856604,0.8548186451000008,1768237758.5212991,0.029774367809295654,0.10292617976665497
695,44480,44479,sea_nodrift,sea,ts_drift_adapt,1,"error_divergence_ph_meta@error.threshold=0.10,error.min_instances=5",error_divergence_ph_meta,"{""divergence"": {""alpha"": 0.1, ""delta"": 0.005, ""min_instances"": 30, ""threshold"": 0.05}, ""error_rate"": {""alpha"": 0.15, ""delta"": 0.005, ""min_instances"": 5, ""threshold"": 0.1}}","{""error_rate"": {""min_instances"": 5, ""threshold"": 0.1}}",0.1,0.005,0.15,5,0.05,0.005,0.1,30,,,,-1,two_stage,2,0.5,"__confirm_cooldown=200,__confirm_rule=perm_test,__perm_alpha=0.03,__perm_min_effect=0,__perm_n_perm=200,__perm_post_n=10,__perm_pre_n=500,__perm_rng_seed=0,__perm_side=two_sided,__perm_stat=vote_score,divergence=0.3,error_rate=0.5,teacher_entropy=0.2",3,0,200,0.0,0,10000,10.0,25.0,200,500,0,0,1.0,0.8862634892086331,0.7257333550863811,0.3333333333333333,0.22228097915649414,0.01793704926967621,1,1,133,132,0,perm_test,0.004975124378109453,0.4431892348982185,132,132,0,0.3333333333333333,0.3333333333333333,1,0.5,0.0,0.0,0.0,0,none,1,1,0,overconfident,0.95,0,severe_drift,0.9255103534807354,0.001651410564939743,0.6493954717428302,0.8324093225500004,1768237758.5380187,0.5236754417419434,0.13741935789585114
696,44544,44543,sea_nodrift,sea,ts_drift_adapt,1,"error_divergence_ph_meta@error.threshold=0.10,error.min_instances=5",error_divergence_ph_meta,"{""divergence"": {""alpha"": 0.1, ""delta"": 0.005, ""min_instances"": 30, ""threshold"": 0.05}, ""error_rate"": {""alpha"": 0.15, ""delta"": 0.005, ""min_instances"": 5, ""threshold"": 0.1}}","{""error_rate"": {""min_instances"": 5, ""threshold"": 0.1}}",0.1,0.005,0.15,5,0.05,0.005,0.1,30,,,,-1,two_stage,2,0.5,"__confirm_cooldown=200,__confirm_rule=perm_test,__perm_alpha=0.03,__perm_min_effect=0,__perm_n_perm=200,__perm_post_n=10,__perm_pre_n=500,__perm_rng_seed=0,__perm_side=two_sided,__perm_stat=vote_score,divergence=0.3,error_rate=0.5,teacher_entropy=0.2",3,0,200,0.0,0,10000,10.0,25.0,200,500,1,136,1.0,0.8862922054597702,0.7258302551206197,0.0,0.16664183139801025,0.008468746207654476,0,0,133,132,-1,perm_test,0.004975124378109453,0.4431892348982185,132,132,0,0.0,0.3333333333333333,0,0.0,0.0,0.0,0.0,0,none,0,1,0,overconfident,0.95,0,mild_drift,0.9429051767403677,0.0014757052824698716,0.7246977358714151,0.8437046612750002,1768237758.5477648,0.032099466770887375,0.0627938061952591
697,44608,44607,sea_nodrift,sea,ts_drift_adapt,1,"error_divergence_ph_meta@error.threshold=0.10,error.min_instances=5",error_divergence_ph_meta,"{""divergence"": {""alpha"": 0.1, ""delta"": 0.005, ""min_instances"": 30, ""threshold"": 0.05}, ""error_rate"": {""alpha"": 0.15, ""delta"": 0.005, ""min_instances"": 5, ""threshold"": 0.1}}","{""error_rate"": {""min_instances"": 5, ""threshold"": 0.1}}",0.1,0.005,0.15,5,0.05,0.005,0.1,30,,,,-1,two_stage,2,0.5,"__confirm_cooldown=200,__confirm_rule=perm_test,__perm_alpha=0.03,__perm_min_effect=0,__perm_n_perm=200,__perm_post_n=10,__perm_pre_n=500,__perm_rng_seed=0,__perm_side=two_sided,__perm_stat=vote_score,divergence=0.3,error_rate=0.5,teacher_entropy=0.2",3,0,200,0.0,0,10000,10.0,25.0,200,500,1,72,1.0,0.8863208393113343,0.7259252744570271,0.0,0.21760287880897522,0.023967478424310684,0,0,133,132,-1,perm_test,0.004975124378109453,0.4431892348982185,132,132,0,0.0,0.015498732216656208,0,0.0,0.0,0.0,0.0,0,none,0,1,0,overconfident,0.95,0,mild_drift,0.9516025883701837,0.001387852641234936,0.7623488679357076,0.8493523306375002,1768237758.5574462,0.12403247505426407,0.21983394026756287
698,44672,44671,sea_nodrift,sea,ts_drift_adapt,1,"error_divergence_ph_meta@error.threshold=0.10,error.min_instances=5",error_divergence_ph_meta,"{""divergence"": {""alpha"": 0.1, ""delta"": 0.005, ""min_instances"": 30, ""threshold"": 0.05}, ""error_rate"": {""alpha"": 0.15, ""delta"": 0.005, ""min_instances"": 5, ""threshold"": 0.1}}","{""error_rate"": {""min_instances"": 5, ""threshold"": 0.1}}",0.1,0.005,0.15,5,0.05,0.005,0.1,30,,,,-1,two_stage,2,0.5,"__confirm_cooldown=200,__confirm_rule=perm_test,__perm_alpha=0.03,__perm_min_effect=0,__perm_n_perm=200,__perm_post_n=10,__perm_pre_n=500,__perm_rng_seed=0,__perm_side=two_sided,__perm_stat=vote_score,divergence=0.3,error_rate=0.5,teacher_entropy=0.2",3,0,200,0.0,0,10000,10.0,25.0,200,500,1,8,1.0,0.8863941618911175,0.7262032652647987,0.16666666666666666,0.18027524650096893,0.010084363631904125,0,0,133,132,-1,perm_test,0.004975124378109453,0.4431892348982185,132,132,0,0.0,0.16666666666666666,0,0.0,0.0,0.0,0.0,0,none,0,1,0,overconfident,0.95,0,mild_drift,0.9559512941850918,0.001343926320617468,0.7811744339678538,0.8521761653187501,1768237758.5671885,0.3095526099205017,0.08466312289237976
699,44736,44735,sea_nodrift,sea,ts_drift_adapt,1,"error_divergence_ph_meta@error.threshold=0.10,error.min_instances=5",error_divergence_ph_meta,"{""divergence"": {""alpha"": 0.1, ""delta"": 0.005, ""min_instances"": 30, ""threshold"": 0.05}, ""error_rate"": {""alpha"": 0.15, ""delta"": 0.005, ""min_instances"": 5, ""threshold"": 0.1}}","{""error_rate"": {""min_instances"": 5, ""threshold"": 0.1}}",0.1,0.005,0.15,5,0.05,0.005,0.1,30,,,,-1,two_stage,2,0.5,"__confirm_cooldown=200,__confirm_rule=perm_test,__perm_alpha=0.03,__perm_min_effect=0,__perm_n_perm=200,__perm_post_n=10,__perm_pre_n=500,__perm_rng_seed=0,__perm_side=two_sided,__perm_stat=vote_score,divergence=0.3,error_rate=0.5,teacher_entropy=0.2",3,0,200,0.0,0,10000,10.0,25.0,200,500,0,0,1.0,0.8864225679542204,0.7263325802080803,0.0,0.18948815762996674,0.011448909528553486,0,0,133,132,-1,perm_test,0.004975124378109453,0.4431892348982185,132,132,0,0.0,0.16666666666666666,0,0.0,0.0,0.0,0.0,0,none,0,1,0,overconfident,0.95,0,mild_drift,0.9581256470925459,0.001321963160308734,0.790587216983927,0.853588082659375,1768237758.5771527,0.06400220841169357,0.11147269606590271
700,44800,44799,sea_nodrift,sea,ts_drift_adapt,1,"error_divergence_ph_meta@error.threshold=0.10,error.min_instances=5",error_divergence_ph_meta,"{""divergence"": {""alpha"": 0.1, ""delta"": 0.005, ""min_instances"": 30, ""threshold"": 0.05}, ""error_rate"": {""alpha"": 0.15, ""delta"": 0.005, ""min_instances"": 5, ""threshold"": 0.1}}","{""error_rate"": {""min_instances"": 5, ""threshold"": 0.1}}",0.1,0.005,0.15,5,0.05,0.005,0.1,30,,,,-1,two_stage,2,0.5,"__confirm_cooldown=200,__confirm_rule=perm_test,__perm_alpha=0.03,__perm_min_effect=0,__perm_n_perm=200,__perm_post_n=10,__perm_pre_n=500,__perm_rng_seed=0,__perm_side=two_sided,__perm_stat=vote_score,divergence=0.3,error_rate=0.5,teacher_entropy=0.2",3,0,200,0.0,0,10000,10.0,25.0,200,500,0,0,1.0,0.8865178571428571,0.7266434099677255,0.0,0.23696251213550568,0.012911995872855186,1,1,134,133,0,perm_test,0.004975124378109453,0.42690104651610195,133,133,0,0.3333333333333333,0.0014630863443017006,1,0.5,0.0,0.0,0.0,0,none,1,1,0,overconfident,0.95,0,severe_drift,0.924562823546273,0.001660981580154367,0.6452936084919635,0.8317940413296876,1768237758.5936975,0.13706816732883453,0.10143007338047028
701,44864,44863,sea_nodrift,sea,ts_drift_adapt,1,"error_divergence_ph_meta@error.threshold=0.10,error.min_instances=5",error_divergence_ph_meta,"{""divergence"": {""alpha"": 0.1, ""delta"": 0.005, ""min_instances"": 30, ""threshold"": 0.05}, ""error_rate"": {""alpha"": 0.15, ""delta"": 0.005, ""min_instances"": 5, ""threshold"": 0.1}}","{""error_rate"": {""min_instances"": 5, ""threshold"": 0.1}}",0.1,0.005,0.15,5,0.05,0.005,0.1,30,,,,-1,two_stage,2,0.5,"__confirm_cooldown=200,__confirm_rule=perm_test,__perm_alpha=0.03,__perm_min_effect=0,__perm_n_perm=200,__perm_post_n=10,__perm_pre_n=500,__perm_rng_seed=0,__perm_side=two_sided,__perm_stat=vote_score,divergence=0.3,error_rate=0.5,teacher_entropy=0.2",3,0,200,0.0,0,10000,10.0,25.0,200,500,1,136,1.0,0.8866351640513552,0.7269634229762387,0.0,0.1581374704837799,0.01044746208935976,0,0,134,133,-1,perm_test,0.004975124378109453,0.42690104651610195,133,133,0,0.0,0.002464533783495426,0,0.0,0.0,0.0,0.0,0,none,0,1,0,overconfident,0.95,0,mild_drift,0.9424314117731365,0.0014804907900771835,0.7226468042459817,0.8433970206648438,1768237758.6035182,0.2042728066444397,0.1118398904800415
702,44928,44927,sea_nodrift,sea,ts_drift_adapt,1,"error_divergence_ph_meta@error.threshold=0.10,error.min_instances=5",error_divergence_ph_meta,"{""divergence"": {""alpha"": 0.1, ""delta"": 0.005, ""min_instances"": 30, ""threshold"": 0.05}, ""error_rate"": {""alpha"": 0.15, ""delta"": 0.005, ""min_instances"": 5, ""threshold"": 0.1}}","{""error_rate"": {""min_instances"": 5, ""threshold"": 0.1}}",0.1,0.005,0.15,5,0.05,0.005,0.1,30,,,,-1,two_stage,2,0.5,"__confirm_cooldown=200,__confirm_rule=perm_test,__perm_alpha=0.03,__perm_min_effect=0,__perm_n_perm=200,__perm_post_n=10,__perm_pre_n=500,__perm_rng_seed=0,__perm_side=two_sided,__perm_stat=vote_score,divergence=0.3,error_rate=0.5,teacher_entropy=0.2",3,0,200,0.0,0,10000,10.0,25.0,200,500,1,72,1.0,0.8867298789173789,0.7272083017687309,0.0,0.14657270908355713,0.010038376785814762,0,0,134,133,-1,perm_test,0.004975124378109453,0.42690104651610195,133,133,0,0.0,0.00040908530354499817,0,0.0,0.0,0.0,0.0,0,none,0,1,0,overconfident,0.95,0,mild_drift,0.9513657058865682,0.0013902453950385917,0.7613234021229909,0.8491985103324219,1768237758.6131413,0.04399355128407478,0.0925963744521141
703,44992,44991,sea_nodrift,sea,ts_drift_adapt,1,"error_divergence_ph_meta@error.threshold=0.10,error.min_instances=5",error_divergence_ph_meta,"{""divergence"": {""alpha"": 0.1, ""delta"": 0.005, ""min_instances"": 30, ""threshold"": 0.05}, ""error_rate"": {""alpha"": 0.15, ""delta"": 0.005, ""min_instances"": 5, ""threshold"": 0.1}}","{""error_rate"": {""min_instances"": 5, ""threshold"": 0.1}}",0.1,0.005,0.15,5,0.05,0.005,0.1,30,,,,-1,two_stage,2,0.5,"__confirm_cooldown=200,__confirm_rule=perm_test,__perm_alpha=0.03,__perm_min_effect=0,__perm_n_perm=200,__perm_post_n=10,__perm_pre_n=500,__perm_rng_seed=0,__perm_side=two_sided,__perm_stat=vote_score,divergence=0.3,error_rate=0.5,teacher_entropy=0.2",3,0,200,0.0,0,10000,10.0,25.0,200,500,1,8,1.0,0.8867576458036984,0.7273381269360978,0.0,0.20950594544410706,0.009422237053513527,0,0,134,133,-1,perm_test,0.004975124378109453,0.42690104651610195,133,133,0,0.0,0.0006161397323012352,0,0.0,0.0,0.0,0.0,0,none,0,1,0,overconfident,0.95,0,mild_drift,0.955832852943284,0.001345122697519296,0.7806617010614955,0.852099255166211,1768237758.6229274,0.03901857137680054,0.07290209084749222
704,45056,45055,sea_nodrift,sea,ts_drift_adapt,1,"error_divergence_ph_meta@error.threshold=0.10,error.min_instances=5",error_divergence_ph_meta,"{""divergence"": {""alpha"": 0.1, ""delta"": 0.005, ""min_instances"": 30, ""threshold"": 0.05}, ""error_rate"": {""alpha"": 0.15, ""delta"": 0.005, ""min_instances"": 5, ""threshold"": 0.1}}","{""error_rate"": {""min_instances"": 5, ""threshold"": 0.1}}",0.1,0.005,0.15,5,0.05,0.005,0.1,30,,,,-1,two_stage,2,0.5,"__confirm_cooldown=200,__confirm_rule=perm_test,__perm_alpha=0.03,__perm_min_effect=0,__perm_n_perm=200,__perm_post_n=10,__perm_pre_n=500,__perm_rng_seed=0,__perm_side=two_sided,__perm_stat=vote_score,divergence=0.3,error_rate=0.5,teacher_entropy=0.2",3,0,200,0.0,0,10000,10.0,25.0,200,500,0,0,1.0,0.8867853338068182,0.7274810980584883,0.0,0.1623600721359253,0.017355455085635185,0,0,134,133,-1,perm_test,0.004975124378109453,0.42690104651610195,133,133,0,0.0,0.007933218032121658,0,0.0,0.0,0.0,0.0,0,none,0,1,0,overconfident,0.95,0,mild_drift,0.958066426471642,0.0013225613487596482,0.7903308505307478,0.8535496275831055,1768237758.632806,0.040484119206666946,0.1792432963848114
705,45120,45119,sea_nodrift,sea,ts_drift_adapt,1,"error_divergence_ph_meta@error.threshold=0.10,error.min_instances=5",error_divergence_ph_meta,"{""divergence"": {""alpha"": 0.1, ""delta"": 0.005, ""min_instances"": 30, ""threshold"": 0.05}, ""error_rate"": {""alpha"": 0.15, ""delta"": 0.005, ""min_instances"": 5, ""threshold"": 0.1}}","{""error_rate"": {""min_instances"": 5, ""threshold"": 0.1}}",0.1,0.005,0.15,5,0.05,0.005,0.1,30,,,,-1,two_stage,2,0.5,"__confirm_cooldown=200,__confirm_rule=perm_test,__perm_alpha=0.03,__perm_min_effect=0,__perm_n_perm=200,__perm_post_n=10,__perm_pre_n=500,__perm_rng_seed=0,__perm_side=two_sided,__perm_stat=vote_score,divergence=0.3,error_rate=0.5,teacher_entropy=0.2",3,0,200,0.0,0,10000,10.0,25.0,200,500,0,0,1.0,0.8869015957446809,0.7277615914768076,0.0,0.153852641582489,0.01106906309723854,0,0,134,133,-1,perm_test,0.004975124378109453,0.42690104651610195,133,133,0,0.0,0.006286391988396645,0,0.0,0.0,0.0,0.0,0,none,0,1,0,overconfident,0.95,0,mild_drift,0.9591832132358209,0.0013112806743798243,0.7951654252653739,0.8542748137915528,1768237758.642701,0.09866689890623093,0.10129162669181824
706,45184,45183,sea_nodrift,sea,ts_drift_adapt,1,"error_divergence_ph_meta@error.threshold=0.10,error.min_instances=5",error_divergence_ph_meta,"{""divergence"": {""alpha"": 0.1, ""delta"": 0.005, ""min_instances"": 30, ""threshold"": 0.05}, ""error_rate"": {""alpha"": 0.15, ""delta"": 0.005, ""min_instances"": 5, ""threshold"": 0.1}}","{""error_rate"": {""min_instances"": 5, ""threshold"": 0.1}}",0.1,0.005,0.15,5,0.05,0.005,0.1,30,,,,-1,two_stage,2,0.5,"__confirm_cooldown=200,__confirm_rule=perm_test,__perm_alpha=0.03,__perm_min_effect=0,__perm_n_perm=200,__perm_post_n=10,__perm_pre_n=500,__perm_rng_seed=0,__perm_side=two_sided,__perm_stat=vote_score,divergence=0.3,error_rate=0.5,teacher_entropy=0.2",3,0,200,0.0,0,10000,10.0,25.0,200,500,0,0,1.0,0.8869953966005666,0.7279722820952012,0.0,0.19391325116157532,0.009444838389754295,0,0,134,133,-1,perm_test,0.004975124378109453,0.42690104651610195,133,133,0,0.0,0.0016242247074842453,0,0.0,0.0,0.0,0.0,0,none,0,1,0,overconfident,0.95,0,mild_drift,0.9597416066179104,0.0013056403371899121,0.797582712632687,0.8546374068957764,1768237758.6525593,0.11839453130960464,0.06073010712862015
707,45248,45247,sea_nodrift,sea,ts_drift_adapt,1,"error_divergence_ph_meta@error.threshold=0.10,error.min_instances=5",error_divergence_ph_meta,"{""divergence"": {""alpha"": 0.1, ""delta"": 0.005, ""min_instances"": 30, ""threshold"": 0.05}, ""error_rate"": {""alpha"": 0.15, ""delta"": 0.005, ""min_instances"": 5, ""threshold"": 0.1}}","{""error_rate"": {""min_instances"": 5, ""threshold"": 0.1}}",0.1,0.005,0.15,5,0.05,0.005,0.1,30,,,,-1,two_stage,2,0.5,"__confirm_cooldown=200,__confirm_rule=perm_test,__perm_alpha=0.03,__perm_min_effect=0,__perm_n_perm=200,__perm_post_n=10,__perm_pre_n=500,__perm_rng_seed=0,__perm_side=two_sided,__perm_stat=vote_score,divergence=0.3,error_rate=0.5,teacher_entropy=0.2",3,0,200,0.0,0,10000,10.0,25.0,200,500,0,0,1.0,0.8871331329561527,0.728275291864944,0.0,0.15234902501106262,0.00530621875077486,0,0,134,133,-1,perm_test,0.004975124378109453,0.42690104651610195,133,133,0,0.0,0.004138619638979435,0,0.0,0.0,0.0,0.0,0,none,0,1,0,overconfident,0.95,0,mild_drift,0.9600208033089552,0.0013028201685949562,0.7987913563163436,0.8548187034478882,1768237758.6625311,0.21390469372272491,0.05069313570857048
708,45312,45311,sea_nodrift,sea,ts_drift_adapt,1,"error_divergence_ph_meta@error.threshold=0.10,error.min_instances=5",error_divergence_ph_meta,"{""divergence"": {""alpha"": 0.1, ""delta"": 0.005, ""min_instances"": 30, ""threshold"": 0.05}, ""error_rate"": {""alpha"": 0.15, ""delta"": 0.005, ""min_instances"": 5, ""threshold"": 0.1}}","{""error_rate"": {""min_instances"": 5, ""threshold"": 0.1}}",0.1,0.005,0.15,5,0.05,0.005,0.1,30,,,,-1,two_stage,2,0.5,"__confirm_cooldown=200,__confirm_rule=perm_test,__perm_alpha=0.03,__perm_min_effect=0,__perm_n_perm=200,__perm_post_n=10,__perm_pre_n=500,__perm_rng_seed=0,__perm_side=two_sided,__perm_stat=vote_score,divergence=0.3,error_rate=0.5,teacher_entropy=0.2",3,0,200,0.0,0,10000,10.0,25.0,200,500,0,0,1.0,0.8872263418079096,0.7285430166106347,0.0,0.2142712026834488,0.018220659345388412,0,0,134,133,-1,perm_test,0.004975124378109453,0.42690104651610195,133,133,0,0.0,0.012914440594613552,0,0.0,0.0,0.0,0.0,0,none,0,1,0,overconfident,0.95,0,mild_drift,0.9601604016544776,0.001301410084297478,0.7993956781581718,0.8549093517239441,1768237758.6726925,0.08258865773677826,0.14938321709632874
709,45376,45375,sea_nodrift,sea,ts_drift_adapt,1,"error_divergence_ph_meta@error.threshold=0.10,error.min_instances=5",error_divergence_ph_meta,"{""divergence"": {""alpha"": 0.1, ""delta"": 0.005, ""min_instances"": 30, ""threshold"": 0.05}, ""error_rate"": {""alpha"": 0.15, ""delta"": 0.005, ""min_instances"": 5, ""threshold"": 0.1}}","{""error_rate"": {""min_instances"": 5, ""threshold"": 0.1}}",0.1,0.005,0.15,5,0.05,0.005,0.1,30,,,,-1,two_stage,2,0.5,"__confirm_cooldown=200,__confirm_rule=perm_test,__perm_alpha=0.03,__perm_min_effect=0,__perm_n_perm=200,__perm_post_n=10,__perm_pre_n=500,__perm_rng_seed=0,__perm_side=two_sided,__perm_stat=vote_score,divergence=0.3,error_rate=0.5,teacher_entropy=0.2",3,0,200,0.0,0,10000,10.0,25.0,200,500,0,0,1.0,0.8873413258110014,0.7287503387900343,0.0,0.18838106095790863,0.008368365466594696,0,0,134,133,-1,perm_test,0.004975124378109453,0.42690104651610195,133,133,0,0.0,0.009852293878793716,0,0.0,0.0,0.0,0.0,0,none,0,1,0,overconfident,0.95,0,mild_drift,0.9602302008272388,0.001300705042148739,0.7996978390790859,0.854954675861972,1768237758.682863,0.04967985674738884,0.06458905339241028
710,45440,45439,sea_nodrift,sea,ts_drift_adapt,1,"error_divergence_ph_meta@error.threshold=0.10,error.min_instances=5",error_divergence_ph_meta,"{""divergence"": {""alpha"": 0.1, ""delta"": 0.005, ""min_instances"": 30, ""threshold"": 0.05}, ""error_rate"": {""alpha"": 0.15, ""delta"": 0.005, ""min_instances"": 5, ""threshold"": 0.1}}","{""error_rate"": {""min_instances"": 5, ""threshold"": 0.1}}",0.1,0.005,0.15,5,0.05,0.005,0.1,30,,,,-1,two_stage,2,0.5,"__confirm_cooldown=200,__confirm_rule=perm_test,__perm_alpha=0.03,__perm_min_effect=0,__perm_n_perm=200,__perm_post_n=10,__perm_pre_n=500,__perm_rng_seed=0,__perm_side=two_sided,__perm_stat=vote_score,divergence=0.3,error_rate=0.5,teacher_entropy=0.2",3,0,200,0.0,0,10000,10.0,25.0,200,500,0,0,1.0,0.8874559859154929,0.7290167428845714,0.0,0.2018328607082367,0.011466730386018753,0,0,134,133,-1,perm_test,0.004975124378109453,0.42690104651610195,133,133,0,0.0,0.003098364919424057,0,0.0,0.0,0.0,0.0,0,none,0,1,0,overconfident,0.95,0,mild_drift,0.9602651004136193,0.0013003525210743697,0.799848919539543,0.854977337930986,1768237758.693026,0.0194170530885458,0.0884266197681427
711,45504,45503,sea_nodrift,sea,ts_drift_adapt,1,"error_divergence_ph_meta@error.threshold=0.10,error.min_instances=5",error_divergence_ph_meta,"{""divergence"": {""alpha"": 0.1, ""delta"": 0.005, ""min_instances"": 30, ""threshold"": 0.05}, ""error_rate"": {""alpha"": 0.15, ""delta"": 0.005, ""min_instances"": 5, ""threshold"": 0.1}}","{""error_rate"": {""min_instances"": 5, ""threshold"": 0.1}}",0.1,0.005,0.15,5,0.05,0.005,0.1,30,,,,-1,two_stage,2,0.5,"__confirm_cooldown=200,__confirm_rule=perm_test,__perm_alpha=0.03,__perm_min_effect=0,__perm_n_perm=200,__perm_post_n=10,__perm_pre_n=500,__perm_rng_seed=0,__perm_side=two_sided,__perm_stat=vote_score,divergence=0.3,error_rate=0.5,teacher_entropy=0.2",3,0,200,0.0,0,10000,10.0,25.0,200,500,0,0,1.0,0.8876142756680732,0.729446131216194,0.0,0.12509287893772125,0.006859768182039261,0,0,134,133,-1,perm_test,0.004975124378109453,0.42690104651610195,133,133,0,0.0,0.004606962203979492,0,0.0,0.0,0.0,0.0,0,none,0,1,0,overconfident,0.95,0,mild_drift,0.9602825502068096,0.0013001762605371848,0.7999244597697714,0.854988668965493,1768237758.7034314,0.16170348227024078,0.061224550008773804
712,45568,45567,sea_nodrift,sea,ts_drift_adapt,1,"error_divergence_ph_meta@error.threshold=0.10,error.min_instances=5",error_divergence_ph_meta,"{""divergence"": {""alpha"": 0.1, ""delta"": 0.005, ""min_instances"": 30, ""threshold"": 0.05}, ""error_rate"": {""alpha"": 0.15, ""delta"": 0.005, ""min_instances"": 5, ""threshold"": 0.1}}","{""error_rate"": {""min_instances"": 5, ""threshold"": 0.1}}",0.1,0.005,0.15,5,0.05,0.005,0.1,30,,,,-1,two_stage,2,0.5,"__confirm_cooldown=200,__confirm_rule=perm_test,__perm_alpha=0.03,__perm_min_effect=0,__perm_n_perm=200,__perm_post_n=10,__perm_pre_n=500,__perm_rng_seed=0,__perm_side=two_sided,__perm_stat=vote_score,divergence=0.3,error_rate=0.5,teacher_entropy=0.2",3,0,200,0.0,0,10000,10.0,25.0,200,500,0,0,1.0,0.8877062851123596,0.7296853358485413,0.0,0.20026414096355438,0.0112190842628479,0,0,134,133,-1,perm_test,0.004975124378109453,0.42690104651610195,133,133,0,0.0,0.0043593160808086395,0,0.0,0.0,0.0,0.0,0,none,0,1,0,overconfident,0.95,0,mild_drift,0.9602912751034047,0.0013000881302685924,0.7999622298848857,0.8549943344827464,1768237758.7136097,0.07041297852993011,0.09709370136260986
713,45632,45631,sea_nodrift,sea,ts_drift_adapt,1,"error_divergence_ph_meta@error.threshold=0.10,error.min_instances=5",error_divergence_ph_meta,"{""divergence"": {""alpha"": 0.1, ""delta"": 0.005, ""min_instances"": 30, ""threshold"": 0.05}, ""error_rate"": {""alpha"": 0.15, ""delta"": 0.005, ""min_instances"": 5, ""threshold"": 0.1}}","{""error_rate"": {""min_instances"": 5, ""threshold"": 0.1}}",0.1,0.005,0.15,5,0.05,0.005,0.1,30,,,,-1,two_stage,2,0.5,"__confirm_cooldown=200,__confirm_rule=perm_test,__perm_alpha=0.03,__perm_min_effect=0,__perm_n_perm=200,__perm_post_n=10,__perm_pre_n=500,__perm_rng_seed=0,__perm_side=two_sided,__perm_stat=vote_score,divergence=0.3,error_rate=0.5,teacher_entropy=0.2",3,0,200,0.0,0,10000,10.0,25.0,200,500,0,0,1.0,0.8878199509116409,0.7300083378677111,0.0,0.18371304869651794,0.016816960647702217,0,0,134,133,-1,perm_test,0.004975124378109453,0.42690104651610195,133,133,0,0.0,0.005597876384854317,0,0.0,0.0,0.0,0.0,0,none,0,1,0,overconfident,0.95,0,mild_drift,0.9602956375517023,0.0013000440651342962,0.799981114942443,0.8549971672413732,1768237758.723724,0.03692851960659027,0.11437848955392838
714,45696,45695,sea_nodrift,sea,ts_drift_adapt,1,"error_divergence_ph_meta@error.threshold=0.10,error.min_instances=5",error_divergence_ph_meta,"{""divergence"": {""alpha"": 0.1, ""delta"": 0.005, ""min_instances"": 30, ""threshold"": 0.05}, ""error_rate"": {""alpha"": 0.15, ""delta"": 0.005, ""min_instances"": 5, ""threshold"": 0.1}}","{""error_rate"": {""min_instances"": 5, ""threshold"": 0.1}}",0.1,0.005,0.15,5,0.05,0.005,0.1,30,,,,-1,two_stage,2,0.5,"__confirm_cooldown=200,__confirm_rule=perm_test,__perm_alpha=0.03,__perm_min_effect=0,__perm_n_perm=200,__perm_post_n=10,__perm_pre_n=500,__perm_rng_seed=0,__perm_side=two_sided,__perm_stat=vote_score,divergence=0.3,error_rate=0.5,teacher_entropy=0.2",3,0,200,0.0,0,10000,10.0,25.0,200,500,0,0,1.0,0.8878238795518207,0.7300648287772752,0.16666666666666666,0.1636378914117813,0.019077282398939133,1,1,135,134,0,perm_test,0.004975124378109453,0.5,134,134,0,0.16666666666666666,0.16666666666666666,1,0.5,0.0,0.0,0.0,0,none,1,1,0,overconfident,0.95,0,severe_drift,0.9256478187758512,0.001650022032567148,0.6499905574712215,0.8324985836206866,1768237758.741221,0.24259179830551147,0.1650407910346985
715,45760,45759,sea_nodrift,sea,ts_drift_adapt,1,"error_divergence_ph_meta@error.threshold=0.10,error.min_instances=5",error_divergence_ph_meta,"{""divergence"": {""alpha"": 0.1, ""delta"": 0.005, ""min_instances"": 30, ""threshold"": 0.05}, ""error_rate"": {""alpha"": 0.15, ""delta"": 0.005, ""min_instances"": 5, ""threshold"": 0.1}}","{""error_rate"": {""min_instances"": 5, ""threshold"": 0.1}}",0.1,0.005,0.15,5,0.05,0.005,0.1,30,,,,-1,two_stage,2,0.5,"__confirm_cooldown=200,__confirm_rule=perm_test,__perm_alpha=0.03,__perm_min_effect=0,__perm_n_perm=200,__perm_post_n=10,__perm_pre_n=500,__perm_rng_seed=0,__perm_side=two_sided,__perm_stat=vote_score,divergence=0.3,error_rate=0.5,teacher_entropy=0.2",3,0,200,0.0,0,10000,10.0,25.0,200,500,1,136,1.0,0.8879152097902098,0.7302212023691471,0.0,0.15648308396339417,0.021225105971097946,0,0,135,134,-1,perm_test,0.004975124378109453,0.5,134,134,0,0.0,0.16666666666666666,0,0.0,0.0,0.0,0.0,0,none,0,1,0,overconfident,0.95,0,mild_drift,0.9429739093879256,0.0014750110162835741,0.7249952787356108,0.8437492918103433,1768237758.7512403,0.006329566240310669,0.17744949460029602
716,45824,45823,sea_nodrift,sea,ts_drift_adapt,1,"error_divergence_ph_meta@error.threshold=0.10,error.min_instances=5",error_divergence_ph_meta,"{""divergence"": {""alpha"": 0.1, ""delta"": 0.005, ""min_instances"": 30, ""threshold"": 0.05}, ""error_rate"": {""alpha"": 0.15, ""delta"": 0.005, ""min_instances"": 5, ""threshold"": 0.1}}","{""error_rate"": {""min_instances"": 5, ""threshold"": 0.1}}",0.1,0.005,0.15,5,0.05,0.005,0.1,30,,,,-1,two_stage,2,0.5,"__confirm_cooldown=200,__confirm_rule=perm_test,__perm_alpha=0.03,__perm_min_effect=0,__perm_n_perm=200,__perm_post_n=10,__perm_pre_n=500,__perm_rng_seed=0,__perm_side=two_sided,__perm_stat=vote_score,divergence=0.3,error_rate=0.5,teacher_entropy=0.2",3,0,200,0.0,0,10000,10.0,25.0,200,500,1,72,1.0,0.8880281075418994,0.7304451156624523,0.16666666666666666,0.1649068295955658,0.01342408824712038,0,0,135,134,-1,perm_test,0.004975124378109453,0.5,134,134,0,0.0,0.16666666666666666,0,0.0,0.0,0.0,0.0,0,none,0,1,0,overconfident,0.95,0,mild_drift,0.9516369546939627,0.0013875055081417871,0.7624976393678053,0.8493746459051716,1768237758.7611067,0.43675315380096436,0.09933644533157349
717,45888,45887,sea_nodrift,sea,ts_drift_adapt,1,"error_divergence_ph_meta@error.threshold=0.10,error.min_instances=5",error_divergence_ph_meta,"{""divergence"": {""alpha"": 0.1, ""delta"": 0.005, ""min_instances"": 30, ""threshold"": 0.05}, ""error_rate"": {""alpha"": 0.15, ""delta"": 0.005, ""min_instances"": 5, ""threshold"": 0.1}}","{""error_rate"": {""min_instances"": 5, ""threshold"": 0.1}}",0.1,0.005,0.15,5,0.05,0.005,0.1,30,,,,-1,two_stage,2,0.5,"__confirm_cooldown=200,__confirm_rule=perm_test,__perm_alpha=0.03,__perm_min_effect=0,__perm_n_perm=200,__perm_post_n=10,__perm_pre_n=500,__perm_rng_seed=0,__perm_side=two_sided,__perm_stat=vote_score,divergence=0.3,error_rate=0.5,teacher_entropy=0.2",3,0,200,0.0,0,10000,10.0,25.0,200,500,1,8,1.0,0.8881188981868898,0.730669487729985,0.16666666666666666,0.13349378108978271,0.009515095502138138,0,0,135,134,-1,perm_test,0.004975124378109453,0.5,134,134,0,0.0,0.003908992744982243,0,0.0,0.0,0.0,0.0,0,none,0,1,0,overconfident,0.95,0,mild_drift,0.9559684773469813,0.0013437527540708935,0.7812488196839027,0.8521873229525858,1768237758.771167,0.3714873492717743,0.08127084374427795
718,45952,45951,sea_nodrift,sea,ts_drift_adapt,1,"error_divergence_ph_meta@error.threshold=0.10,error.min_instances=5",error_divergence_ph_meta,"{""divergence"": {""alpha"": 0.1, ""delta"": 0.005, ""min_instances"": 30, ""threshold"": 0.05}, ""error_rate"": {""alpha"": 0.15, ""delta"": 0.005, ""min_instances"": 5, ""threshold"": 0.1}}","{""error_rate"": {""min_instances"": 5, ""threshold"": 0.1}}",0.1,0.005,0.15,5,0.05,0.005,0.1,30,,,,-1,two_stage,2,0.5,"__confirm_cooldown=200,__confirm_rule=perm_test,__perm_alpha=0.03,__perm_min_effect=0,__perm_n_perm=200,__perm_post_n=10,__perm_pre_n=500,__perm_rng_seed=0,__perm_side=two_sided,__perm_stat=vote_score,divergence=0.3,error_rate=0.5,teacher_entropy=0.2",3,0,200,0.0,0,10000,10.0,25.0,200,500,0,0,1.0,0.8881876740947076,0.7308225709657017,0.0,0.19294318556785583,0.018642490729689598,0,0,135,134,-1,perm_test,0.004975124378109453,0.5,134,134,0,0.0,0.16666666666666666,0,0.0,0.0,0.0,0.0,0,none,0,1,0,overconfident,0.95,0,mild_drift,0.9581342386734906,0.0013218763770354467,0.7906244098419514,0.8535936614762929,1768237758.7811549,0.0064688208512961864,0.1092091053724289
719,46016,46015,sea_nodrift,sea,ts_drift_adapt,1,"error_divergence_ph_meta@error.threshold=0.10,error.min_instances=5",error_divergence_ph_meta,"{""divergence"": {""alpha"": 0.1, ""delta"": 0.005, ""min_instances"": 30, ""threshold"": 0.05}, ""error_rate"": {""alpha"": 0.15, ""delta"": 0.005, ""min_instances"": 5, ""threshold"": 0.1}}","{""error_rate"": {""min_instances"": 5, ""threshold"": 0.1}}",0.1,0.005,0.15,5,0.05,0.005,0.1,30,,,,-1,two_stage,2,0.5,"__confirm_cooldown=200,__confirm_rule=perm_test,__perm_alpha=0.03,__perm_min_effect=0,__perm_n_perm=200,__perm_post_n=10,__perm_pre_n=500,__perm_rng_seed=0,__perm_side=two_sided,__perm_stat=vote_score,divergence=0.3,error_rate=0.5,teacher_entropy=0.2",3,0,200,0.0,0,10000,10.0,25.0,200,500,0,0,1.0,0.8882345271210014,0.7309776415660404,0.0,0.2117539346218109,0.016695482656359673,1,1,136,135,0,perm_test,0.004975124378109453,0.4242415002774418,135,135,0,0.16666666666666666,0.0019470080733299255,1,0.5,0.0,0.0,0.0,0,none,1,1,0,overconfident,0.95,0,severe_drift,0.9245671193367453,0.0016609381885177234,0.6453122049209756,0.8317968307381465,1768237758.79813,0.038642626255750656,0.13931521773338318
720,46080,46079,sea_nodrift,sea,ts_drift_adapt,1,"error_divergence_ph_meta@error.threshold=0.10,error.min_instances=5",error_divergence_ph_meta,"{""divergence"": {""alpha"": 0.1, ""delta"": 0.005, ""min_instances"": 30, ""threshold"": 0.05}, ""error_rate"": {""alpha"": 0.15, ""delta"": 0.005, ""min_instances"": 5, ""threshold"": 0.1}}","{""error_rate"": {""min_instances"": 5, ""threshold"": 0.1}}",0.1,0.005,0.15,5,0.05,0.005,0.1,30,,,,-1,two_stage,2,0.5,"__confirm_cooldown=200,__confirm_rule=perm_test,__perm_alpha=0.03,__perm_min_effect=0,__perm_n_perm=200,__perm_post_n=10,__perm_pre_n=500,__perm_rng_seed=0,__perm_side=two_sided,__perm_stat=vote_score,divergence=0.3,error_rate=0.5,teacher_entropy=0.2",3,0,200,0.0,0,10000,10.0,25.0,200,500,1,136,1.0,0.8883463541666666,0.7312241764158048,0.0,0.117064468562603,0.002598936203867197,0,0,136,135,-1,perm_test,0.004975124378109453,0.4242415002774418,135,135,0,0.0,0.014096546452492476,0,0.0,0.0,0.0,0.0,0,none,0,1,0,overconfident,0.95,0,mild_drift,0.9424335596683726,0.0014804690942588619,0.7226561024604878,0.8433984153690732,1768237758.8081472,0.03305458649992943,0.027856949716806412
721,46144,46143,sea_nodrift,sea,ts_drift_adapt,1,"error_divergence_ph_meta@error.threshold=0.10,error.min_instances=5",error_divergence_ph_meta,"{""divergence"": {""alpha"": 0.1, ""delta"": 0.005, ""min_instances"": 30, ""threshold"": 0.05}, ""error_rate"": {""alpha"": 0.15, ""delta"": 0.005, ""min_instances"": 5, ""threshold"": 0.1}}","{""error_rate"": {""min_instances"": 5, ""threshold"": 0.1}}",0.1,0.005,0.15,5,0.05,0.005,0.1,30,,,,-1,two_stage,2,0.5,"__confirm_cooldown=200,__confirm_rule=perm_test,__perm_alpha=0.03,__perm_min_effect=0,__perm_n_perm=200,__perm_post_n=10,__perm_pre_n=500,__perm_rng_seed=0,__perm_side=two_sided,__perm_stat=vote_score,divergence=0.3,error_rate=0.5,teacher_entropy=0.2",3,0,200,0.0,0,10000,10.0,25.0,200,500,1,72,1.0,0.8884361997226075,0.731460732321218,0.0,0.1940106451511383,0.011174368672072887,0,0,136,135,-1,perm_test,0.004975124378109453,0.4242415002774418,135,135,0,0.0,0.00857543246820569,0,0.0,0.0,0.0,0.0,0,none,0,1,0,overconfident,0.95,0,mild_drift,0.9513667798341863,0.001390234547129431,0.7613280512302439,0.8491992076845366,1768237758.8180938,0.02736235223710537,0.09813996404409409
722,46208,46207,sea_nodrift,sea,ts_drift_adapt,1,"error_divergence_ph_meta@error.threshold=0.10,error.min_instances=5",error_divergence_ph_meta,"{""divergence"": {""alpha"": 0.1, ""delta"": 0.005, ""min_instances"": 30, ""threshold"": 0.05}, ""error_rate"": {""alpha"": 0.15, ""delta"": 0.005, ""min_instances"": 5, ""threshold"": 0.1}}","{""error_rate"": {""min_instances"": 5, ""threshold"": 0.1}}",0.1,0.005,0.15,5,0.05,0.005,0.1,30,,,,-1,two_stage,2,0.5,"__confirm_cooldown=200,__confirm_rule=perm_test,__perm_alpha=0.03,__perm_min_effect=0,__perm_n_perm=200,__perm_post_n=10,__perm_pre_n=500,__perm_rng_seed=0,__perm_side=two_sided,__perm_stat=vote_score,divergence=0.3,error_rate=0.5,teacher_entropy=0.2",3,0,200,0.0,0,10000,10.0,25.0,200,500,1,8,1.0,0.8885041551246537,0.7316727373425779,0.0,0.14365655183792114,0.014878978952765465,0,0,136,135,-1,perm_test,0.004975124378109453,0.4242415002774418,135,135,0,0.0,0.0037046102806925774,0,0.0,0.0,0.0,0.0,0,none,0,1,0,overconfident,0.95,0,mild_drift,0.9558333899170931,0.0013451172735647154,0.780664025615122,0.8520996038422683,1768237758.8280396,0.11735475063323975,0.13374444842338562
723,46272,46271,sea_nodrift,sea,ts_drift_adapt,1,"error_divergence_ph_meta@error.threshold=0.10,error.min_instances=5",error_divergence_ph_meta,"{""divergence"": {""alpha"": 0.1, ""delta"": 0.005, ""min_instances"": 30, ""threshold"": 0.05}, ""error_rate"": {""alpha"": 0.15, ""delta"": 0.005, ""min_instances"": 5, ""threshold"": 0.1}}","{""error_rate"": {""min_instances"": 5, ""threshold"": 0.1}}",0.1,0.005,0.15,5,0.05,0.005,0.1,30,,,,-1,two_stage,2,0.5,"__confirm_cooldown=200,__confirm_rule=perm_test,__perm_alpha=0.03,__perm_min_effect=0,__perm_n_perm=200,__perm_post_n=10,__perm_pre_n=500,__perm_rng_seed=0,__perm_side=two_sided,__perm_stat=vote_score,divergence=0.3,error_rate=0.5,teacher_entropy=0.2",3,0,200,0.0,0,10000,10.0,25.0,200,500,0,0,1.0,0.8885719225449515,0.7318465176669583,0.0,0.15700101852416992,0.015155843459069729,0,0,136,135,-1,perm_test,0.004975124378109453,0.4242415002774418,135,135,0,0.0,0.00027686450630426407,0,0.0,0.0,0.0,0.0,0,none,0,1,0,overconfident,0.95,0,mild_drift,0.9580666949585466,0.001322558636782358,0.790332012807561,0.8535498019211342,1768237758.8379767,0.04036089777946472,0.08390931785106659
724,46336,46335,sea_nodrift,sea,ts_drift_adapt,1,"error_divergence_ph_meta@error.threshold=0.10,error.min_instances=5",error_divergence_ph_meta,"{""divergence"": {""alpha"": 0.1, ""delta"": 0.005, ""min_instances"": 30, ""threshold"": 0.05}, ""error_rate"": {""alpha"": 0.15, ""delta"": 0.005, ""min_instances"": 5, ""threshold"": 0.1}}","{""error_rate"": {""min_instances"": 5, ""threshold"": 0.1}}",0.1,0.005,0.15,5,0.05,0.005,0.1,30,,,,-1,two_stage,2,0.5,"__confirm_cooldown=200,__confirm_rule=perm_test,__perm_alpha=0.03,__perm_min_effect=0,__perm_n_perm=200,__perm_post_n=10,__perm_pre_n=500,__perm_rng_seed=0,__perm_side=two_sided,__perm_stat=vote_score,divergence=0.3,error_rate=0.5,teacher_entropy=0.2",3,0,200,0.0,0,10000,10.0,25.0,200,500,0,0,1.0,0.888704247237569,0.7321374281754164,0.0,0.16326557099819183,0.009246435016393661,0,0,136,135,-1,perm_test,0.004975124378109453,0.4242415002774418,135,135,0,0.0,0.005909408442676067,0,0.0,0.0,0.0,0.0,0,none,0,1,0,overconfident,0.95,0,mild_drift,0.9591833474792733,0.0013112793183911791,0.7951660064037805,0.854274900960567,1768237758.8480413,0.029894543811678886,0.08113313466310501
725,46400,46399,sea_nodrift,sea,ts_drift_adapt,1,"error_divergence_ph_meta@error.threshold=0.10,error.min_instances=5",error_divergence_ph_meta,"{""divergence"": {""alpha"": 0.1, ""delta"": 0.005, ""min_instances"": 30, ""threshold"": 0.05}, ""error_rate"": {""alpha"": 0.15, ""delta"": 0.005, ""min_instances"": 5, ""threshold"": 0.1}}","{""error_rate"": {""min_instances"": 5, ""threshold"": 0.1}}",0.1,0.005,0.15,5,0.05,0.005,0.1,30,,,,-1,two_stage,2,0.5,"__confirm_cooldown=200,__confirm_rule=perm_test,__perm_alpha=0.03,__perm_min_effect=0,__perm_n_perm=200,__perm_post_n=10,__perm_pre_n=500,__perm_rng_seed=0,__perm_side=two_sided,__perm_stat=vote_score,divergence=0.3,error_rate=0.5,teacher_entropy=0.2",3,0,200,0.0,0,10000,10.0,25.0,200,500,0,0,1.0,0.8887068965517242,0.7321739053299605,0.0,0.17386384308338165,0.014428336173295975,0,0,136,135,-1,perm_test,0.004975124378109453,0.4242415002774418,135,135,0,0.0,0.005181901156902313,0,0.0,0.0,0.0,0.0,0,none,0,1,0,overconfident,0.95,0,mild_drift,0.9597416737396366,0.0013056396591955895,0.7975830032018902,0.8546374504802835,1768237758.8582244,0.012390623800456524,0.11030436307191849
726,46464,46463,sea_nodrift,sea,ts_drift_adapt,1,"error_divergence_ph_meta@error.threshold=0.10,error.min_instances=5",error_divergence_ph_meta,"{""divergence"": {""alpha"": 0.1, ""delta"": 0.005, ""min_instances"": 30, ""threshold"": 0.05}, ""error_rate"": {""alpha"": 0.15, ""delta"": 0.005, ""min_instances"": 5, ""threshold"": 0.1}}","{""error_rate"": {""min_instances"": 5, ""threshold"": 0.1}}",0.1,0.005,0.15,5,0.05,0.005,0.1,30,,,,-1,two_stage,2,0.5,"__confirm_cooldown=200,__confirm_rule=perm_test,__perm_alpha=0.03,__perm_min_effect=0,__perm_n_perm=200,__perm_post_n=10,__perm_pre_n=500,__perm_rng_seed=0,__perm_side=two_sided,__perm_stat=vote_score,divergence=0.3,error_rate=0.5,teacher_entropy=0.2",3,0,200,0.0,0,10000,10.0,25.0,200,500,0,0,1.0,0.888795626721763,0.7323714893375114,0.0,0.1722756326198578,0.02295987494289875,0,0,136,135,-1,perm_test,0.004975124378109453,0.4242415002774418,135,135,0,0.0,0.008531538769602776,0,0.0,0.0,0.0,0.0,0,none,0,1,0,overconfident,0.95,0,mild_drift,0.9600208368698182,0.0013028198295977947,0.7987915016009451,0.8548187252401418,1768237758.8684227,0.0367283932864666,0.20454144477844238
727,46528,46527,sea_nodrift,sea,ts_drift_adapt,1,"error_divergence_ph_meta@error.threshold=0.10,error.min_instances=5",error_divergence_ph_meta,"{""divergence"": {""alpha"": 0.1, ""delta"": 0.005, ""min_instances"": 30, ""threshold"": 0.05}, ""error_rate"": {""alpha"": 0.15, ""delta"": 0.005, ""min_instances"": 5, ""threshold"": 0.1}}","{""error_rate"": {""min_instances"": 5, ""threshold"": 0.1}}",0.1,0.005,0.15,5,0.05,0.005,0.1,30,,,,-1,two_stage,2,0.5,"__confirm_cooldown=200,__confirm_rule=perm_test,__perm_alpha=0.03,__perm_min_effect=0,__perm_n_perm=200,__perm_post_n=10,__perm_pre_n=500,__perm_rng_seed=0,__perm_side=two_sided,__perm_stat=vote_score,divergence=0.3,error_rate=0.5,teacher_entropy=0.2",3,0,200,0.0,0,10000,10.0,25.0,200,500,0,0,1.0,0.8888626203576341,0.7325805661711988,0.0,0.13248322904109955,0.005255317781120539,0,0,136,135,-1,perm_test,0.004975124378109453,0.4242415002774418,135,135,0,0.0,0.01770455716177821,0,0.0,0.0,0.0,0.0,0,none,0,1,0,overconfident,0.95,0,mild_drift,0.9601604184349091,0.0013014099147988976,0.7993957508004725,0.8549093626200709,1768237758.8786373,0.022452982142567635,0.040405988693237305
728,46592,46591,sea_nodrift,sea,ts_drift_adapt,1,"error_divergence_ph_meta@error.threshold=0.10,error.min_instances=5",error_divergence_ph_meta,"{""divergence"": {""alpha"": 0.1, ""delta"": 0.005, ""min_instances"": 30, ""threshold"": 0.05}, ""error_rate"": {""alpha"": 0.15, ""delta"": 0.005, ""min_instances"": 5, ""threshold"": 0.1}}","{""error_rate"": {""min_instances"": 5, ""threshold"": 0.1}}",0.1,0.005,0.15,5,0.05,0.005,0.1,30,,,,-1,two_stage,2,0.5,"__confirm_cooldown=200,__confirm_rule=perm_test,__perm_alpha=0.03,__perm_min_effect=0,__perm_n_perm=200,__perm_post_n=10,__perm_pre_n=500,__perm_rng_seed=0,__perm_side=two_sided,__perm_stat=vote_score,divergence=0.3,error_rate=0.5,teacher_entropy=0.2",3,0,200,0.0,0,10000,10.0,25.0,200,500,0,0,1.0,0.888929429945055,0.7327789730019937,0.0,0.185769721865654,0.010343408212065697,0,0,136,135,-1,perm_test,0.004975124378109453,0.4242415002774418,135,135,0,0.0,0.005088090430945158,0,0.0,0.0,0.0,0.0,0,none,0,1,0,overconfident,0.95,0,mild_drift,0.9602302092174545,0.001300704957399449,0.7996978754002363,0.8549546813100355,1768237758.8888772,0.04789712652564049,0.0663893073797226
729,46656,46655,sea_nodrift,sea,ts_drift_adapt,1,"error_divergence_ph_meta@error.threshold=0.10,error.min_instances=5",error_divergence_ph_meta,"{""divergence"": {""alpha"": 0.1, ""delta"": 0.005, ""min_instances"": 30, ""threshold"": 0.05}, ""error_rate"": {""alpha"": 0.15, ""delta"": 0.005, ""min_instances"": 5, ""threshold"": 0.1}}","{""error_rate"": {""min_instances"": 5, ""threshold"": 0.1}}",0.1,0.005,0.15,5,0.05,0.005,0.1,30,,,,-1,two_stage,2,0.5,"__confirm_cooldown=200,__confirm_rule=perm_test,__perm_alpha=0.03,__perm_min_effect=0,__perm_n_perm=200,__perm_post_n=10,__perm_pre_n=500,__perm_rng_seed=0,__perm_side=two_sided,__perm_stat=vote_score,divergence=0.3,error_rate=0.5,teacher_entropy=0.2",3,0,200,0.0,0,10000,10.0,25.0,200,500,0,0,1.0,0.8890174897119342,0.7329307048187064,0.0,0.13487765192985535,0.02493775449693203,0,0,136,135,-1,perm_test,0.004975124378109453,0.4242415002774418,135,135,0,0.0,0.014594346284866333,0,0.0,0.0,0.0,0.0,0,none,0,1,0,overconfident,0.95,0,mild_drift,0.9602651046087272,0.0013003524786997247,0.7998489377001181,0.8549773406550177,1768237758.8990834,0.0022848008666187525,0.21735215187072754
730,46720,46719,sea_nodrift,sea,ts_drift_adapt,1,"error_divergence_ph_meta@error.threshold=0.10,error.min_instances=5",error_divergence_ph_meta,"{""divergence"": {""alpha"": 0.1, ""delta"": 0.005, ""min_instances"": 30, ""threshold"": 0.05}, ""error_rate"": {""alpha"": 0.15, ""delta"": 0.005, ""min_instances"": 5, ""threshold"": 0.1}}","{""error_rate"": {""min_instances"": 5, ""threshold"": 0.1}}",0.1,0.005,0.15,5,0.05,0.005,0.1,30,,,,-1,two_stage,2,0.5,"__confirm_cooldown=200,__confirm_rule=perm_test,__perm_alpha=0.03,__perm_min_effect=0,__perm_n_perm=200,__perm_post_n=10,__perm_pre_n=500,__perm_rng_seed=0,__perm_side=two_sided,__perm_stat=vote_score,divergence=0.3,error_rate=0.5,teacher_entropy=0.2",3,0,200,0.0,0,10000,10.0,25.0,200,500,0,0,1.0,0.8891481164383561,0.7333088686407767,0.16666666666666666,0.12824684381484985,0.009253377094864845,1,1,137,136,0,perm_test,0.004975124378109453,0.4993368835836076,136,136,0,0.16666666666666666,0.16666666666666666,1,0.5,0.0,0.0,0.0,0,none,1,1,0,overconfident,0.95,0,severe_drift,0.9256325523043636,0.0016501762393498624,0.6499244688500591,0.832488670327509,1768237758.9165714,0.38526761531829834,0.07097793370485306
731,46784,46783,sea_nodrift,sea,ts_drift_adapt,1,"error_divergence_ph_meta@error.threshold=0.10,error.min_instances=5",error_divergence_ph_meta,"{""divergence"": {""alpha"": 0.1, ""delta"": 0.005, ""min_instances"": 30, ""threshold"": 0.05}, ""error_rate"": {""alpha"": 0.15, ""delta"": 0.005, ""min_instances"": 5, ""threshold"": 0.1}}","{""error_rate"": {""min_instances"": 5, ""threshold"": 0.1}}",0.1,0.005,0.15,5,0.05,0.005,0.1,30,,,,-1,two_stage,2,0.5,"__confirm_cooldown=200,__confirm_rule=perm_test,__perm_alpha=0.03,__perm_min_effect=0,__perm_n_perm=200,__perm_post_n=10,__perm_pre_n=500,__perm_rng_seed=0,__perm_side=two_sided,__perm_stat=vote_score,divergence=0.3,error_rate=0.5,teacher_entropy=0.2",3,0,200,0.0,0,10000,10.0,25.0,200,500,1,136,1.0,0.8891928864569083,0.7334928793517027,0.16666666666666666,0.16299228370189667,0.013123821467161179,0,0,137,136,-1,perm_test,0.004975124378109453,0.4993368835836076,136,136,0,0.0,0.0038704443722963333,0,0.0,0.0,0.0,0.0,0,none,0,1,0,overconfident,0.95,0,mild_drift,0.9429662761521818,0.0014750881196749313,0.7249622344250295,0.8437443351637545,1768237758.9265196,0.33575060963630676,0.09586915373802185
732,46848,46847,sea_nodrift,sea,ts_drift_adapt,1,"error_divergence_ph_meta@error.threshold=0.10,error.min_instances=5",error_divergence_ph_meta,"{""divergence"": {""alpha"": 0.1, ""delta"": 0.005, ""min_instances"": 30, ""threshold"": 0.05}, ""error_rate"": {""alpha"": 0.15, ""delta"": 0.005, ""min_instances"": 5, ""threshold"": 0.1}}","{""error_rate"": {""min_instances"": 5, ""threshold"": 0.1}}",0.1,0.005,0.15,5,0.05,0.005,0.1,30,,,,-1,two_stage,2,0.5,"__confirm_cooldown=200,__confirm_rule=perm_test,__perm_alpha=0.03,__perm_min_effect=0,__perm_n_perm=200,__perm_post_n=10,__perm_pre_n=500,__perm_rng_seed=0,__perm_side=two_sided,__perm_stat=vote_score,divergence=0.3,error_rate=0.5,teacher_entropy=0.2",3,0,200,0.0,0,10000,10.0,25.0,200,500,1,72,1.0,0.8892375341530054,0.7336734155259984,0.16666666666666666,0.18269002437591553,0.015800727531313896,0,0,137,136,-1,perm_test,0.004975124378109453,0.4993368835836076,136,136,0,0.0,0.0026769060641527176,0,0.0,0.0,0.0,0.0,0,none,0,1,0,overconfident,0.95,0,mild_drift,0.9516331380760908,0.0013875440598374658,0.7624811172125148,0.8493721675818773,1768237758.9364178,0.27568212151527405,0.12591615319252014
733,46912,46911,sea_nodrift,sea,ts_drift_adapt,1,"error_divergence_ph_meta@error.threshold=0.10,error.min_instances=5",error_divergence_ph_meta,"{""divergence"": {""alpha"": 0.1, ""delta"": 0.005, ""min_instances"": 30, ""threshold"": 0.05}, ""error_rate"": {""alpha"": 0.15, ""delta"": 0.005, ""min_instances"": 5, ""threshold"": 0.1}}","{""error_rate"": {""min_instances"": 5, ""threshold"": 0.1}}",0.1,0.005,0.15,5,0.05,0.005,0.1,30,,,,-1,two_stage,2,0.5,"__confirm_cooldown=200,__confirm_rule=perm_test,__perm_alpha=0.03,__perm_min_effect=0,__perm_n_perm=200,__perm_post_n=10,__perm_pre_n=500,__perm_rng_seed=0,__perm_side=two_sided,__perm_stat=vote_score,divergence=0.3,error_rate=0.5,teacher_entropy=0.2",3,0,200,0.0,0,10000,10.0,25.0,200,500,1,8,1.0,0.8893886425648022,0.7340820724435607,0.0,0.18830563127994537,0.009115098975598812,0,0,137,136,-1,perm_test,0.004975124378109453,0.4993368835836076,136,136,0,0.0,0.16666666666666666,0,0.0,0.0,0.0,0.0,0,none,0,1,0,overconfident,0.95,0,mild_drift,0.9559665690380454,0.0013437720299187329,0.7812405586062574,0.8521860837909386,1768237758.9463396,0.04324641451239586,0.08186681568622589
734,46976,46975,sea_nodrift,sea,ts_drift_adapt,1,"error_divergence_ph_meta@error.threshold=0.10,error.min_instances=5",error_divergence_ph_meta,"{""divergence"": {""alpha"": 0.1, ""delta"": 0.005, ""min_instances"": 30, ""threshold"": 0.05}, ""error_rate"": {""alpha"": 0.15, ""delta"": 0.005, ""min_instances"": 5, ""threshold"": 0.1}}","{""error_rate"": {""min_instances"": 5, ""threshold"": 0.1}}",0.1,0.005,0.15,5,0.05,0.005,0.1,30,,,,-1,two_stage,2,0.5,"__confirm_cooldown=200,__confirm_rule=perm_test,__perm_alpha=0.03,__perm_min_effect=0,__perm_n_perm=200,__perm_post_n=10,__perm_pre_n=500,__perm_rng_seed=0,__perm_side=two_sided,__perm_stat=vote_score,divergence=0.3,error_rate=0.5,teacher_entropy=0.2",3,0,200,0.0,0,10000,10.0,25.0,200,500,0,0,1.0,0.8895180517711172,0.734321022766354,0.0,0.10684323310852051,0.007595043629407883,0,0,137,136,-1,perm_test,0.004975124378109453,0.4993368835836076,136,136,0,0.0,0.0015200553461909294,0,0.0,0.0,0.0,0.0,0,none,0,1,0,overconfident,0.95,0,mild_drift,0.9581332845190227,0.0013218860149593666,0.7906202793031287,0.8535930418954694,1768237758.9564912,0.046415239572525024,0.06399644911289215
735,47040,47039,sea_nodrift,sea,ts_drift_adapt,1,"error_divergence_ph_meta@error.threshold=0.10,error.min_instances=5",error_divergence_ph_meta,"{""divergence"": {""alpha"": 0.1, ""delta"": 0.005, ""min_instances"": 30, ""threshold"": 0.05}, ""error_rate"": {""alpha"": 0.15, ""delta"": 0.005, ""min_instances"": 5, ""threshold"": 0.1}}","{""error_rate"": {""min_instances"": 5, ""threshold"": 0.1}}",0.1,0.005,0.15,5,0.05,0.005,0.1,30,,,,-1,two_stage,2,0.5,"__confirm_cooldown=200,__confirm_rule=perm_test,__perm_alpha=0.03,__perm_min_effect=0,__perm_n_perm=200,__perm_post_n=10,__perm_pre_n=500,__perm_rng_seed=0,__perm_side=two_sided,__perm_stat=vote_score,divergence=0.3,error_rate=0.5,teacher_entropy=0.2",3,0,200,0.0,0,10000,10.0,25.0,200,500,0,0,1.0,0.8895833333333333,0.7344530750160007,0.0,0.14390136301517487,0.010599964298307896,0,0,137,136,-1,perm_test,0.004975124378109453,0.4993368835836076,136,136,0,0.0,0.003004920668900013,0,0.0,0.0,0.0,0.0,0,none,0,1,0,overconfident,0.95,0,mild_drift,0.9592166422595113,0.0013109430074796833,0.7953101396515644,0.8542965209477347,1768237758.96659,0.09195322543382645,0.09512725472450256
736,47104,47103,sea_nodrift,sea,ts_drift_adapt,1,"error_divergence_ph_meta@error.threshold=0.10,error.min_instances=5",error_divergence_ph_meta,"{""divergence"": {""alpha"": 0.1, ""delta"": 0.005, ""min_instances"": 30, ""threshold"": 0.05}, ""error_rate"": {""alpha"": 0.15, ""delta"": 0.005, ""min_instances"": 5, ""threshold"": 0.1}}","{""error_rate"": {""min_instances"": 5, ""threshold"": 0.1}}",0.1,0.005,0.15,5,0.05,0.005,0.1,30,,,,-1,two_stage,2,0.5,"__confirm_cooldown=200,__confirm_rule=perm_test,__perm_alpha=0.03,__perm_min_effect=0,__perm_n_perm=200,__perm_post_n=10,__perm_pre_n=500,__perm_rng_seed=0,__perm_side=two_sided,__perm_stat=vote_score,divergence=0.3,error_rate=0.5,teacher_entropy=0.2",3,0,200,0.0,0,10000,10.0,25.0,200,500,0,0,1.0,0.8896272078804348,0.7345540194156156,0.16666666666666666,0.14931632578372955,0.012513034977018833,1,1,138,137,0,perm_test,0.004975124378109453,0.4413434459000476,137,137,0,0.0,0.16666666666666666,1,0.5,0.0,0.0,0.0,0,none,1,1,0,overconfident,0.95,0,stable,0.9746083211297556,0.0010554715037398416,0.8976550698257821,0.8996482604738674,1768237758.983453,0.16727668046951294,0.11012287437915802
737,47168,47167,sea_nodrift,sea,ts_drift_adapt,1,"error_divergence_ph_meta@error.threshold=0.10,error.min_instances=5",error_divergence_ph_meta,"{""divergence"": {""alpha"": 0.1, ""delta"": 0.005, ""min_instances"": 30, ""threshold"": 0.05}, ""error_rate"": {""alpha"": 0.15, ""delta"": 0.005, ""min_instances"": 5, ""threshold"": 0.1}}","{""error_rate"": {""min_instances"": 5, ""threshold"": 0.1}}",0.1,0.005,0.15,5,0.05,0.005,0.1,30,,,,-1,two_stage,2,0.5,"__confirm_cooldown=200,__confirm_rule=perm_test,__perm_alpha=0.03,__perm_min_effect=0,__perm_n_perm=200,__perm_post_n=10,__perm_pre_n=500,__perm_rng_seed=0,__perm_side=two_sided,__perm_stat=vote_score,divergence=0.3,error_rate=0.5,teacher_entropy=0.2",3,0,200,0.0,0,10000,10.0,25.0,200,500,1,136,1.0,0.8896497625508819,0.7345974188778528,0.0,0.1888401359319687,0.014424320310354233,0,0,138,137,-1,perm_test,0.004975124378109453,0.4413434459000476,137,137,0,0.0,0.16666666666666666,0,0.0,0.0,0.0,0.0,0,none,0,1,0,overconfident,0.95,0,mild_drift,0.9674541605648778,0.001177735751869921,0.8488275349128911,0.8773241302369337,1768237758.9933934,0.022241918370127678,0.1271127164363861
738,47232,47231,sea_nodrift,sea,ts_drift_adapt,1,"error_divergence_ph_meta@error.threshold=0.10,error.min_instances=5",error_divergence_ph_meta,"{""divergence"": {""alpha"": 0.1, ""delta"": 0.005, ""min_instances"": 30, ""threshold"": 0.05}, ""error_rate"": {""alpha"": 0.15, ""delta"": 0.005, ""min_instances"": 5, ""threshold"": 0.1}}","{""error_rate"": {""min_instances"": 5, ""threshold"": 0.1}}",0.1,0.005,0.15,5,0.05,0.005,0.1,30,,,,-1,two_stage,2,0.5,"__confirm_cooldown=200,__confirm_rule=perm_test,__perm_alpha=0.03,__perm_min_effect=0,__perm_n_perm=200,__perm_post_n=10,__perm_pre_n=500,__perm_rng_seed=0,__perm_side=two_sided,__perm_stat=vote_score,divergence=0.3,error_rate=0.5,teacher_entropy=0.2",3,0,200,0.0,0,10000,10.0,25.0,200,500,1,72,1.0,0.8896934281842819,0.7347858590740258,0.0,0.1127338856458664,0.01939970627427101,0,0,138,137,-1,perm_test,0.004975124378109453,0.4413434459000476,137,137,0,0.0,0.0049753859639167786,0,0.0,0.0,0.0,0.0,0,none,0,1,0,overconfident,0.95,0,mild_drift,0.9638770802824388,0.0012388678759349607,0.8244137674564456,0.8661620651184668,1768237759.0032947,0.12971384823322296,0.1719905138015747
739,47296,47295,sea_nodrift,sea,ts_drift_adapt,1,"error_divergence_ph_meta@error.threshold=0.10,error.min_instances=5",error_divergence_ph_meta,"{""divergence"": {""alpha"": 0.1, ""delta"": 0.005, ""min_instances"": 30, ""threshold"": 0.05}, ""error_rate"": {""alpha"": 0.15, ""delta"": 0.005, ""min_instances"": 5, ""threshold"": 0.1}}","{""error_rate"": {""min_instances"": 5, ""threshold"": 0.1}}",0.1,0.005,0.15,5,0.05,0.005,0.1,30,,,,-1,two_stage,2,0.5,"__confirm_cooldown=200,__confirm_rule=perm_test,__perm_alpha=0.03,__perm_min_effect=0,__perm_n_perm=200,__perm_post_n=10,__perm_pre_n=500,__perm_rng_seed=0,__perm_side=two_sided,__perm_stat=vote_score,divergence=0.3,error_rate=0.5,teacher_entropy=0.2",3,0,200,0.0,0,10000,10.0,25.0,200,500,1,8,1.0,0.8897581190798376,0.7349639192744221,0.0,0.18294177949428558,0.01957572065293789,0,0,138,137,-1,perm_test,0.004975124378109453,0.4413434459000476,137,137,0,0.0,0.00017601437866687775,0,0.0,0.0,0.0,0.0,0,none,0,1,0,overconfident,0.95,0,mild_drift,0.9620885401412194,0.0012694339379674805,0.8122068837282228,0.8605810325592333,1768237759.013247,0.06621222198009491,0.16474026441574097
740,47360,47359,sea_nodrift,sea,ts_drift_adapt,1,"error_divergence_ph_meta@error.threshold=0.10,error.min_instances=5",error_divergence_ph_meta,"{""divergence"": {""alpha"": 0.1, ""delta"": 0.005, ""min_instances"": 30, ""threshold"": 0.05}, ""error_rate"": {""alpha"": 0.15, ""delta"": 0.005, ""min_instances"": 5, ""threshold"": 0.1}}","{""error_rate"": {""min_instances"": 5, ""threshold"": 0.1}}",0.1,0.005,0.15,5,0.05,0.005,0.1,30,,,,-1,two_stage,2,0.5,"__confirm_cooldown=200,__confirm_rule=perm_test,__perm_alpha=0.03,__perm_min_effect=0,__perm_n_perm=200,__perm_post_n=10,__perm_pre_n=500,__perm_rng_seed=0,__perm_side=two_sided,__perm_stat=vote_score,divergence=0.3,error_rate=0.5,teacher_entropy=0.2",3,0,200,0.0,0,10000,10.0,25.0,200,500,0,0,1.0,0.8898859797297297,0.7353110710494744,0.0,0.09675274044275284,0.011603247374296188,0,0,138,137,-1,perm_test,0.004975124378109453,0.4413434459000476,137,137,0,0.0,0.0079724732786417,0,0.0,0.0,0.0,0.0,0,none,0,1,0,overconfident,0.95,0,mild_drift,0.9611942700706096,0.0012847169689837405,0.8061034418641114,0.8577905162796167,1768237759.0232563,0.04443441331386566,0.11240056157112122
741,47424,47423,sea_nodrift,sea,ts_drift_adapt,1,"error_divergence_ph_meta@error.threshold=0.10,error.min_instances=5",error_divergence_ph_meta,"{""divergence"": {""alpha"": 0.1, ""delta"": 0.005, ""min_instances"": 30, ""threshold"": 0.05}, ""error_rate"": {""alpha"": 0.15, ""delta"": 0.005, ""min_instances"": 5, ""threshold"": 0.1}}","{""error_rate"": {""min_instances"": 5, ""threshold"": 0.1}}",0.1,0.005,0.15,5,0.05,0.005,0.1,30,,,,-1,two_stage,2,0.5,"__confirm_cooldown=200,__confirm_rule=perm_test,__perm_alpha=0.03,__perm_min_effect=0,__perm_n_perm=200,__perm_post_n=10,__perm_pre_n=500,__perm_rng_seed=0,__perm_side=two_sided,__perm_stat=vote_score,divergence=0.3,error_rate=0.5,teacher_entropy=0.2",3,0,200,0.0,0,10000,10.0,25.0,200,500,0,0,1.0,0.8900134952766532,0.7356350415454692,0.0,0.12576588988304138,0.010955870151519775,0,0,138,137,-1,perm_test,0.004975124378109453,0.4413434459000476,137,137,0,0.0,0.000647377222776413,0,0.0,0.0,0.0,0.0,0,none,0,1,0,overconfident,0.95,0,mild_drift,0.9607471350353047,0.0012923584844918702,0.8030517209320558,0.8563952581398083,1768237759.0334072,0.09082617610692978,0.0861157774925232
742,47488,47487,sea_nodrift,sea,ts_drift_adapt,1,"error_divergence_ph_meta@error.threshold=0.10,error.min_instances=5",error_divergence_ph_meta,"{""divergence"": {""alpha"": 0.1, ""delta"": 0.005, ""min_instances"": 30, ""threshold"": 0.05}, ""error_rate"": {""alpha"": 0.15, ""delta"": 0.005, ""min_instances"": 5, ""threshold"": 0.1}}","{""error_rate"": {""min_instances"": 5, ""threshold"": 0.1}}",0.1,0.005,0.15,5,0.05,0.005,0.1,30,,,,-1,two_stage,2,0.5,"__confirm_cooldown=200,__confirm_rule=perm_test,__perm_alpha=0.03,__perm_min_effect=0,__perm_n_perm=200,__perm_post_n=10,__perm_pre_n=500,__perm_rng_seed=0,__perm_side=two_sided,__perm_stat=vote_score,divergence=0.3,error_rate=0.5,teacher_entropy=0.2",3,0,200,0.0,0,10000,10.0,25.0,200,500,0,0,1.0,0.890140667115903,0.7359801584793659,0.0,0.12450066208839417,0.007672074716538191,0,0,138,137,-1,perm_test,0.004975124378109453,0.4413434459000476,137,137,0,0.0,0.0032837954349815845,0,0.0,0.0,0.0,0.0,0,none,0,1,0,overconfident,0.95,0,mild_drift,0.9605235675176523,0.0012961792422459353,0.8015258604660279,0.8556976290699041,1768237759.0436683,0.04306921735405922,0.07040831446647644
743,47552,47551,sea_nodrift,sea,ts_drift_adapt,1,"error_divergence_ph_meta@error.threshold=0.10,error.min_instances=5",error_divergence_ph_meta,"{""divergence"": {""alpha"": 0.1, ""delta"": 0.005, ""min_instances"": 30, ""threshold"": 0.05}, ""error_rate"": {""alpha"": 0.15, ""delta"": 0.005, ""min_instances"": 5, ""threshold"": 0.1}}","{""error_rate"": {""min_instances"": 5, ""threshold"": 0.1}}",0.1,0.005,0.15,5,0.05,0.005,0.1,30,,,,-1,two_stage,2,0.5,"__confirm_cooldown=200,__confirm_rule=perm_test,__perm_alpha=0.03,__perm_min_effect=0,__perm_n_perm=200,__perm_post_n=10,__perm_pre_n=500,__perm_rng_seed=0,__perm_side=two_sided,__perm_stat=vote_score,divergence=0.3,error_rate=0.5,teacher_entropy=0.2",3,0,200,0.0,0,10000,10.0,25.0,200,500,0,0,1.0,0.8902044078061911,0.7361141247365824,0.0,0.19684332609176636,0.00662476010620594,0,0,138,137,-1,perm_test,0.004975124378109453,0.4413434459000476,137,137,0,0.0,0.0010473146103322506,0,0.0,0.0,0.0,0.0,0,none,0,1,0,overconfident,0.95,0,mild_drift,0.9604117837588262,0.0012980896211229678,0.8007629302330139,0.855348814534952,1768237759.0538645,0.03183851018548012,0.050534509122371674
744,47616,47615,sea_nodrift,sea,ts_drift_adapt,1,"error_divergence_ph_meta@error.threshold=0.10,error.min_instances=5",error_divergence_ph_meta,"{""divergence"": {""alpha"": 0.1, ""delta"": 0.005, ""min_instances"": 30, ""threshold"": 0.05}, ""error_rate"": {""alpha"": 0.15, ""delta"": 0.005, ""min_instances"": 5, ""threshold"": 0.1}}","{""error_rate"": {""min_instances"": 5, ""threshold"": 0.1}}",0.1,0.005,0.15,5,0.05,0.005,0.1,30,,,,-1,two_stage,2,0.5,"__confirm_cooldown=200,__confirm_rule=perm_test,__perm_alpha=0.03,__perm_min_effect=0,__perm_n_perm=200,__perm_post_n=10,__perm_pre_n=500,__perm_rng_seed=0,__perm_side=two_sided,__perm_stat=vote_score,divergence=0.3,error_rate=0.5,teacher_entropy=0.2",3,0,200,0.0,0,10000,10.0,25.0,200,500,0,0,1.0,0.8903309811827957,0.7364452389110484,0.0,0.14176131784915924,0.0035515318159013987,0,0,138,137,-1,perm_test,0.004975124378109453,0.4413434459000476,137,137,0,0.0,0.0030732282903045416,0,0.0,0.0,0.0,0.0,0,none,0,1,0,overconfident,0.95,0,mild_drift,0.9603558918794131,0.0012990448105614839,0.800381465116507,0.8551744072674761,1768237759.0640743,0.04758719727396965,0.036508433520793915
745,47680,47679,sea_nodrift,sea,ts_drift_adapt,1,"error_divergence_ph_meta@error.threshold=0.10,error.min_instances=5",error_divergence_ph_meta,"{""divergence"": {""alpha"": 0.1, ""delta"": 0.005, ""min_instances"": 30, ""threshold"": 0.05}, ""error_rate"": {""alpha"": 0.15, ""delta"": 0.005, ""min_instances"": 5, ""threshold"": 0.1}}","{""error_rate"": {""min_instances"": 5, ""threshold"": 0.1}}",0.1,0.005,0.15,5,0.05,0.005,0.1,30,,,,-1,two_stage,2,0.5,"__confirm_cooldown=200,__confirm_rule=perm_test,__perm_alpha=0.03,__perm_min_effect=0,__perm_n_perm=200,__perm_post_n=10,__perm_pre_n=500,__perm_rng_seed=0,__perm_side=two_sided,__perm_stat=vote_score,divergence=0.3,error_rate=0.5,teacher_entropy=0.2",3,0,200,0.0,0,10000,10.0,25.0,200,500,0,0,1.0,0.8903942953020134,0.7366001724870661,0.0,0.1853078007698059,0.02546039968729019,0,0,138,137,-1,perm_test,0.004975124378109453,0.4413434459000476,137,137,0,0.0,0.021908867871388793,0,0.0,0.0,0.0,0.0,0,none,0,1,0,overconfident,0.95,0,mild_drift,0.9603279459397065,0.0012995224052807421,0.8001907325582536,0.855087203633738,1768237759.0743084,0.006437402684241533,0.2542240023612976
746,47744,47743,sea_nodrift,sea,ts_drift_adapt,1,"error_divergence_ph_meta@error.threshold=0.10,error.min_instances=5",error_divergence_ph_meta,"{""divergence"": {""alpha"": 0.1, ""delta"": 0.005, ""min_instances"": 30, ""threshold"": 0.05}, ""error_rate"": {""alpha"": 0.15, ""delta"": 0.005, ""min_instances"": 5, ""threshold"": 0.1}}","{""error_rate"": {""min_instances"": 5, ""threshold"": 0.1}}",0.1,0.005,0.15,5,0.05,0.005,0.1,30,,,,-1,two_stage,2,0.5,"__confirm_cooldown=200,__confirm_rule=perm_test,__perm_alpha=0.03,__perm_min_effect=0,__perm_n_perm=200,__perm_post_n=10,__perm_pre_n=500,__perm_rng_seed=0,__perm_side=two_sided,__perm_stat=vote_score,divergence=0.3,error_rate=0.5,teacher_entropy=0.2",3,0,200,0.0,0,10000,10.0,25.0,200,500,0,0,1.0,0.8904155495978552,0.7367100428813043,0.0,0.16362853348255157,0.01744748279452324,0,0,138,137,-1,perm_test,0.004975124378109453,0.4413434459000476,137,137,0,0.0,0.008012916892766953,0,0.0,0.0,0.0,0.0,0,none,0,1,0,overconfident,0.95,0,mild_drift,0.9603139729698532,0.001299761202640371,0.8000953662791268,0.855043601816869,1768237759.0845,0.08232632279396057,0.12650473415851593
747,47808,47807,sea_nodrift,sea,ts_drift_adapt,1,"error_divergence_ph_meta@error.threshold=0.10,error.min_instances=5",error_divergence_ph_meta,"{""divergence"": {""alpha"": 0.1, ""delta"": 0.005, ""min_instances"": 30, ""threshold"": 0.05}, ""error_rate"": {""alpha"": 0.15, ""delta"": 0.005, ""min_instances"": 5, ""threshold"": 0.1}}","{""error_rate"": {""min_instances"": 5, ""threshold"": 0.1}}",0.1,0.005,0.15,5,0.05,0.005,0.1,30,,,,-1,two_stage,2,0.5,"__confirm_cooldown=200,__confirm_rule=perm_test,__perm_alpha=0.03,__perm_min_effect=0,__perm_n_perm=200,__perm_post_n=10,__perm_pre_n=500,__perm_rng_seed=0,__perm_side=two_sided,__perm_stat=vote_score,divergence=0.3,error_rate=0.5,teacher_entropy=0.2",3,0,200,0.0,0,10000,10.0,25.0,200,500,0,0,1.0,0.8905413319946452,0.7369734094495148,0.0,0.1008366197347641,0.005462657660245895,0,0,138,137,-1,perm_test,0.004975124378109453,0.4413434459000476,137,137,0,0.0,0.011984825134277344,0,0.0,0.0,0.0,0.0,0,none,0,1,0,overconfident,0.95,0,mild_drift,0.9603069864849265,0.0012998806013201857,0.8000476831395634,0.8550218009084345,1768237759.0946474,0.04239057004451752,0.04338080435991287
748,47872,47871,sea_nodrift,sea,ts_drift_adapt,1,"error_divergence_ph_meta@error.threshold=0.10,error.min_instances=5",error_divergence_ph_meta,"{""divergence"": {""alpha"": 0.1, ""delta"": 0.005, ""min_instances"": 30, ""threshold"": 0.05}, ""error_rate"": {""alpha"": 0.15, ""delta"": 0.005, ""min_instances"": 5, ""threshold"": 0.1}}","{""error_rate"": {""min_instances"": 5, ""threshold"": 0.1}}",0.1,0.005,0.15,5,0.05,0.005,0.1,30,,,,-1,two_stage,2,0.5,"__confirm_cooldown=200,__confirm_rule=perm_test,__perm_alpha=0.03,__perm_min_effect=0,__perm_n_perm=200,__perm_post_n=10,__perm_pre_n=500,__perm_rng_seed=0,__perm_side=two_sided,__perm_stat=vote_score,divergence=0.3,error_rate=0.5,teacher_entropy=0.2",3,0,200,0.0,0,10000,10.0,25.0,200,500,0,0,1.0,0.8906458890374331,0.737193386978548,0.0,0.17417150735855103,0.011729193851351738,0,0,138,137,-1,perm_test,0.004975124378109453,0.4413434459000476,137,137,0,0.0,0.006266536191105843,0,0.0,0.0,0.0,0.0,0,none,0,1,0,overconfident,0.95,0,mild_drift,0.9603034932424632,0.001299940300660093,0.8000238415697818,0.8550109004542172,1768237759.1049342,0.08700897544622421,0.09789256751537323
749,47936,47935,sea_nodrift,sea,ts_drift_adapt,1,"error_divergence_ph_meta@error.threshold=0.10,error.min_instances=5",error_divergence_ph_meta,"{""divergence"": {""alpha"": 0.1, ""delta"": 0.005, ""min_instances"": 30, ""threshold"": 0.05}, ""error_rate"": {""alpha"": 0.15, ""delta"": 0.005, ""min_instances"": 5, ""threshold"": 0.1}}","{""error_rate"": {""min_instances"": 5, ""threshold"": 0.1}}",0.1,0.005,0.15,5,0.05,0.005,0.1,30,,,,-1,two_stage,2,0.5,"__confirm_cooldown=200,__confirm_rule=perm_test,__perm_alpha=0.03,__perm_min_effect=0,__perm_n_perm=200,__perm_post_n=10,__perm_pre_n=500,__perm_rng_seed=0,__perm_side=two_sided,__perm_stat=vote_score,divergence=0.3,error_rate=0.5,teacher_entropy=0.2",3,0,200,0.0,0,10000,10.0,25.0,200,500,0,0,1.0,0.8906667222963952,0.7372353476786574,0.0,0.13866595923900604,0.006516044959425926,0,0,138,137,-1,perm_test,0.004975124378109453,0.4413434459000476,137,137,0,0.0,0.005213148891925812,0,0.0,0.0,0.0,0.0,0,none,0,1,0,overconfident,0.95,0,mild_drift,0.9603017466212316,0.0012999701503300467,0.8000119207848909,0.8550054502271086,1768237759.1153958,0.06392470747232437,0.04941917210817337
750,48000,47999,sea_nodrift,sea,ts_drift_adapt,1,"error_divergence_ph_meta@error.threshold=0.10,error.min_instances=5",error_divergence_ph_meta,"{""divergence"": {""alpha"": 0.1, ""delta"": 0.005, ""min_instances"": 30, ""threshold"": 0.05}, ""error_rate"": {""alpha"": 0.15, ""delta"": 0.005, ""min_instances"": 5, ""threshold"": 0.1}}","{""error_rate"": {""min_instances"": 5, ""threshold"": 0.1}}",0.1,0.005,0.15,5,0.05,0.005,0.1,30,,,,-1,two_stage,2,0.5,"__confirm_cooldown=200,__confirm_rule=perm_test,__perm_alpha=0.03,__perm_min_effect=0,__perm_n_perm=200,__perm_post_n=10,__perm_pre_n=500,__perm_rng_seed=0,__perm_side=two_sided,__perm_stat=vote_score,divergence=0.3,error_rate=0.5,teacher_entropy=0.2",3,0,200,0.0,0,10000,10.0,25.0,200,500,0,0,1.0,0.8907916666666666,0.7375513500910285,0.0,0.17753176391124725,0.013183114118874073,0,0,138,137,-1,perm_test,0.004975124378109453,0.4413434459000476,137,137,0,0.0,0.006667069159448147,0,0.0,0.0,0.0,0.0,0,none,0,1,0,overconfident,0.95,0,mild_drift,0.9603008733106158,0.0012999850751650235,0.8000059603924454,0.8550027251135544,1768237759.1258342,0.0304326880723238,0.11303039640188217
751,48064,48063,sea_nodrift,sea,ts_drift_adapt,1,"error_divergence_ph_meta@error.threshold=0.10,error.min_instances=5",error_divergence_ph_meta,"{""divergence"": {""alpha"": 0.1, ""delta"": 0.005, ""min_instances"": 30, ""threshold"": 0.05}, ""error_rate"": {""alpha"": 0.15, ""delta"": 0.005, ""min_instances"": 5, ""threshold"": 0.1}}","{""error_rate"": {""min_instances"": 5, ""threshold"": 0.1}}",0.1,0.005,0.15,5,0.05,0.005,0.1,30,,,,-1,two_stage,2,0.5,"__confirm_cooldown=200,__confirm_rule=perm_test,__perm_alpha=0.03,__perm_min_effect=0,__perm_n_perm=200,__perm_post_n=10,__perm_pre_n=500,__perm_rng_seed=0,__perm_side=two_sided,__perm_stat=vote_score,divergence=0.3,error_rate=0.5,teacher_entropy=0.2",3,0,200,0.0,0,10000,10.0,25.0,200,500,0,0,1.0,0.8908954727030626,0.7378022344416773,0.0,0.12049554288387299,0.008131802082061768,0,0,138,137,-1,perm_test,0.004975124378109453,0.4413434459000476,137,137,0,0.0,0.0050513120368123055,0,0.0,0.0,0.0,0.0,0,none,0,1,0,overconfident,0.95,0,mild_drift,0.9603004366553078,0.0012999925375825117,0.8000029801962227,0.8550013625567772,1768237759.1363006,0.031008480116724968,0.04732508212327957
752,48128,48127,sea_nodrift,sea,ts_drift_adapt,1,"error_divergence_ph_meta@error.threshold=0.10,error.min_instances=5",error_divergence_ph_meta,"{""divergence"": {""alpha"": 0.1, ""delta"": 0.005, ""min_instances"": 30, ""threshold"": 0.05}, ""error_rate"": {""alpha"": 0.15, ""delta"": 0.005, ""min_instances"": 5, ""threshold"": 0.1}}","{""error_rate"": {""min_instances"": 5, ""threshold"": 0.1}}",0.1,0.005,0.15,5,0.05,0.005,0.1,30,,,,-1,two_stage,2,0.5,"__confirm_cooldown=200,__confirm_rule=perm_test,__perm_alpha=0.03,__perm_min_effect=0,__perm_n_perm=200,__perm_post_n=10,__perm_pre_n=500,__perm_rng_seed=0,__perm_side=two_sided,__perm_stat=vote_score,divergence=0.3,error_rate=0.5,teacher_entropy=0.2",3,0,200,0.0,0,10000,10.0,25.0,200,500,0,0,1.0,0.8909990026595744,0.7380956166710544,0.16666666666666666,0.12296173721551895,0.011418251320719719,1,1,139,138,0,perm_test,0.004975124378109453,0.5,138,138,0,0.0,0.16666666666666666,1,0.5,0.0,0.0,0.0,0,none,1,1,0,overconfident,0.95,0,stable,0.9751502183276539,0.0010499962687912558,0.9000014900981114,0.9000006812783886,1768237759.154111,0.2652769088745117,0.08433807641267776
753,48192,48191,sea_nodrift,sea,ts_drift_adapt,1,"error_divergence_ph_meta@error.threshold=0.10,error.min_instances=5",error_divergence_ph_meta,"{""divergence"": {""alpha"": 0.1, ""delta"": 0.005, ""min_instances"": 30, ""threshold"": 0.05}, ""error_rate"": {""alpha"": 0.15, ""delta"": 0.005, ""min_instances"": 5, ""threshold"": 0.1}}","{""error_rate"": {""min_instances"": 5, ""threshold"": 0.1}}",0.1,0.005,0.15,5,0.05,0.005,0.1,30,,,,-1,two_stage,2,0.5,"__confirm_cooldown=200,__confirm_rule=perm_test,__perm_alpha=0.03,__perm_min_effect=0,__perm_n_perm=200,__perm_post_n=10,__perm_pre_n=500,__perm_rng_seed=0,__perm_side=two_sided,__perm_stat=vote_score,divergence=0.3,error_rate=0.5,teacher_entropy=0.2",3,0,200,0.0,0,10000,10.0,25.0,200,500,1,136,1.0,0.8911022576361222,0.7384203582000385,0.0,0.11184549331665039,0.00540516572073102,0,0,139,138,-1,perm_test,0.004975124378109453,0.5,138,138,0,0.0,0.16666666666666666,0,0.0,0.0,0.0,0.0,0,none,0,1,0,overconfident,0.95,0,mild_drift,0.9677251091638269,0.0011749981343956279,0.8500007450490557,0.8775003406391944,1768237759.1642656,0.006501011550426483,0.040294185280799866
754,48256,48255,sea_nodrift,sea,ts_drift_adapt,1,"error_divergence_ph_meta@error.threshold=0.10,error.min_instances=5",error_divergence_ph_meta,"{""divergence"": {""alpha"": 0.1, ""delta"": 0.005, ""min_instances"": 30, ""threshold"": 0.05}, ""error_rate"": {""alpha"": 0.15, ""delta"": 0.005, ""min_instances"": 5, ""threshold"": 0.1}}","{""error_rate"": {""min_instances"": 5, ""threshold"": 0.1}}",0.1,0.005,0.15,5,0.05,0.005,0.1,30,,,,-1,two_stage,2,0.5,"__confirm_cooldown=200,__confirm_rule=perm_test,__perm_alpha=0.03,__perm_min_effect=0,__perm_n_perm=200,__perm_post_n=10,__perm_pre_n=500,__perm_rng_seed=0,__perm_side=two_sided,__perm_stat=vote_score,divergence=0.3,error_rate=0.5,teacher_entropy=0.2",3,0,200,0.0,0,10000,10.0,25.0,200,500,1,72,1.0,0.8911845159151194,0.7386440354006685,0.16666666666666666,0.09741657972335815,0.010372789576649666,0,0,139,138,-1,perm_test,0.004975124378109453,0.5,138,138,0,0.0,0.16666666666666666,0,0.0,0.0,0.0,0.0,0,none,0,1,0,overconfident,0.95,0,mild_drift,0.9640125545819134,0.0012374990671978141,0.8250003725245278,0.8662501703195972,1768237759.174246,0.3947324752807617,0.08102008700370789
755,48320,48319,sea_nodrift,sea,ts_drift_adapt,1,"error_divergence_ph_meta@error.threshold=0.10,error.min_instances=5",error_divergence_ph_meta,"{""divergence"": {""alpha"": 0.1, ""delta"": 0.005, ""min_instances"": 30, ""threshold"": 0.05}, ""error_rate"": {""alpha"": 0.15, ""delta"": 0.005, ""min_instances"": 5, ""threshold"": 0.1}}","{""error_rate"": {""min_instances"": 5, ""threshold"": 0.1}}",0.1,0.005,0.15,5,0.05,0.005,0.1,30,,,,-1,two_stage,2,0.5,"__confirm_cooldown=200,__confirm_rule=perm_test,__perm_alpha=0.03,__perm_min_effect=0,__perm_n_perm=200,__perm_post_n=10,__perm_pre_n=500,__perm_rng_seed=0,__perm_side=two_sided,__perm_stat=vote_score,divergence=0.3,error_rate=0.5,teacher_entropy=0.2",3,0,200,0.0,0,10000,10.0,25.0,200,500,1,8,1.0,0.8912251655629139,0.7387929843910116,0.0,0.15806472301483154,0.0069604855962097645,0,0,139,138,-1,perm_test,0.004975124378109453,0.5,138,138,0,0.0,0.16666666666666666,0,0.0,0.0,0.0,0.0,0,none,0,1,0,overconfident,0.95,0,mild_drift,0.9621562772909567,0.0012687495335989073,0.812500186262264,0.8606250851597985,1768237759.18442,0.012638886459171772,0.07292472571134567
756,48384,48383,sea_nodrift,sea,ts_drift_adapt,1,"error_divergence_ph_meta@error.threshold=0.10,error.min_instances=5",error_divergence_ph_meta,"{""divergence"": {""alpha"": 0.1, ""delta"": 0.005, ""min_instances"": 30, ""threshold"": 0.05}, ""error_rate"": {""alpha"": 0.15, ""delta"": 0.005, ""min_instances"": 5, ""threshold"": 0.1}}","{""error_rate"": {""min_instances"": 5, ""threshold"": 0.1}}",0.1,0.005,0.15,5,0.05,0.005,0.1,30,,,,-1,two_stage,2,0.5,"__confirm_cooldown=200,__confirm_rule=perm_test,__perm_alpha=0.03,__perm_min_effect=0,__perm_n_perm=200,__perm_post_n=10,__perm_pre_n=500,__perm_rng_seed=0,__perm_side=two_sided,__perm_stat=vote_score,divergence=0.3,error_rate=0.5,teacher_entropy=0.2",3,0,200,0.0,0,10000,10.0,25.0,200,500,0,0,1.0,0.8913277116402116,0.7391043540939274,0.0,0.1365351378917694,0.006882757414132357,0,0,139,138,-1,perm_test,0.004975124378109453,0.5,138,138,0,0.0,7.772818207740784e-05,0,0.0,0.0,0.0,0.0,0,none,0,1,0,overconfident,0.95,0,mild_drift,0.9612281386454783,0.0012843747667994538,0.806250093131132,0.8578125425798993,1768237759.1946247,0.004300618078559637,0.06018974632024765
757,48448,48447,sea_nodrift,sea,ts_drift_adapt,1,"error_divergence_ph_meta@error.threshold=0.10,error.min_instances=5",error_divergence_ph_meta,"{""divergence"": {""alpha"": 0.1, ""delta"": 0.005, ""min_instances"": 30, ""threshold"": 0.05}, ""error_rate"": {""alpha"": 0.15, ""delta"": 0.005, ""min_instances"": 5, ""threshold"": 0.1}}","{""error_rate"": {""min_instances"": 5, ""threshold"": 0.1}}",0.1,0.005,0.15,5,0.05,0.005,0.1,30,,,,-1,two_stage,2,0.5,"__confirm_cooldown=200,__confirm_rule=perm_test,__perm_alpha=0.03,__perm_min_effect=0,__perm_n_perm=200,__perm_post_n=10,__perm_pre_n=500,__perm_rng_seed=0,__perm_side=two_sided,__perm_stat=vote_score,divergence=0.3,error_rate=0.5,teacher_entropy=0.2",3,0,200,0.0,0,10000,10.0,25.0,200,500,0,0,1.0,0.8914093461030383,0.7393579030199288,0.16666666666666666,0.13138578832149506,0.010916299186646938,1,1,140,139,0,perm_test,0.004975124378109453,0.43229029157363824,139,139,0,0.0,0.16666666666666666,1,0.5,0.0,0.0,0.0,0,none,1,1,0,overconfident,0.95,0,stable,0.9756140693227391,0.0010421873833997269,0.903125046565566,0.9014062712899497,1768237759.2116873,0.12446054071187973,0.06834732741117477
758,48512,48511,sea_nodrift,sea,ts_drift_adapt,1,"error_divergence_ph_meta@error.threshold=0.10,error.min_instances=5",error_divergence_ph_meta,"{""divergence"": {""alpha"": 0.1, ""delta"": 0.005, ""min_instances"": 30, ""threshold"": 0.05}, ""error_rate"": {""alpha"": 0.15, ""delta"": 0.005, ""min_instances"": 5, ""threshold"": 0.1}}","{""error_rate"": {""min_instances"": 5, ""threshold"": 0.1}}",0.1,0.005,0.15,5,0.05,0.005,0.1,30,,,,-1,two_stage,2,0.5,"__confirm_cooldown=200,__confirm_rule=perm_test,__perm_alpha=0.03,__perm_min_effect=0,__perm_n_perm=200,__perm_post_n=10,__perm_pre_n=500,__perm_rng_seed=0,__perm_side=two_sided,__perm_stat=vote_score,divergence=0.3,error_rate=0.5,teacher_entropy=0.2",3,0,200,0.0,0,10000,10.0,25.0,200,500,1,136,1.0,0.8914495382585752,0.7394587017294304,0.16666666666666666,0.13106954097747803,0.010985037311911583,0,0,140,139,-1,perm_test,0.004975124378109453,0.43229029157363824,139,139,0,0.0,6.873812526464462e-05,0,0.0,0.0,0.0,0.0,0,none,0,1,0,overconfident,0.95,0,mild_drift,0.9679570346613695,0.0011710936916998634,0.851562523282783,0.8782031356449749,1768237759.221697,0.17703945934772491,0.09135038405656815
759,48576,48575,sea_nodrift,sea,ts_drift_adapt,1,"error_divergence_ph_meta@error.threshold=0.10,error.min_instances=5",error_divergence_ph_meta,"{""divergence"": {""alpha"": 0.1, ""delta"": 0.005, ""min_instances"": 30, ""threshold"": 0.05}, ""error_rate"": {""alpha"": 0.15, ""delta"": 0.005, ""min_instances"": 5, ""threshold"": 0.1}}","{""error_rate"": {""min_instances"": 5, ""threshold"": 0.1}}",0.1,0.005,0.15,5,0.05,0.005,0.1,30,,,,-1,two_stage,2,0.5,"__confirm_cooldown=200,__confirm_rule=perm_test,__perm_alpha=0.03,__perm_min_effect=0,__perm_n_perm=200,__perm_post_n=10,__perm_pre_n=500,__perm_rng_seed=0,__perm_side=two_sided,__perm_stat=vote_score,divergence=0.3,error_rate=0.5,teacher_entropy=0.2",3,0,200,0.0,0,10000,10.0,25.0,200,500,1,72,1.0,0.8915102108036891,0.7396264577143272,0.0,0.09848685562610626,0.008851277641952038,0,0,140,139,-1,perm_test,0.004975124378109453,0.43229029157363824,139,139,0,0.0,0.16666666666666666,0,0.0,0.0,0.0,0.0,0,none,0,1,0,overconfident,0.95,0,mild_drift,0.9641285173306847,0.0012355468458499319,0.8257812616413915,0.8666015678224874,1768237759.2315361,0.09289631992578506,0.057258814573287964
760,48640,48639,sea_nodrift,sea,ts_drift_adapt,1,"error_divergence_ph_meta@error.threshold=0.10,error.min_instances=5",error_divergence_ph_meta,"{""divergence"": {""alpha"": 0.1, ""delta"": 0.005, ""min_instances"": 30, ""threshold"": 0.05}, ""error_rate"": {""alpha"": 0.15, ""delta"": 0.005, ""min_instances"": 5, ""threshold"": 0.1}}","{""error_rate"": {""min_instances"": 5, ""threshold"": 0.1}}",0.1,0.005,0.15,5,0.05,0.005,0.1,30,,,,-1,two_stage,2,0.5,"__confirm_cooldown=200,__confirm_rule=perm_test,__perm_alpha=0.03,__perm_min_effect=0,__perm_n_perm=200,__perm_post_n=10,__perm_pre_n=500,__perm_rng_seed=0,__perm_side=two_sided,__perm_stat=vote_score,divergence=0.3,error_rate=0.5,teacher_entropy=0.2",3,0,200,0.0,0,10000,10.0,25.0,200,500,1,8,1.0,0.8914884868421052,0.7396200980566419,0.0,0.177522674202919,0.01728278398513794,0,0,140,139,-1,perm_test,0.004975124378109453,0.43229029157363824,139,139,0,0.0,0.008431506343185902,0,0.0,0.0,0.0,0.0,0,none,0,1,0,overconfident,0.95,0,mild_drift,0.9622142586653424,0.0012677734229249661,0.8128906308206958,0.8608007839112437,1768237759.2414186,0.017391560599207878,0.13467882573604584
761,48704,48703,sea_nodrift,sea,ts_drift_adapt,1,"error_divergence_ph_meta@error.threshold=0.10,error.min_instances=5",error_divergence_ph_meta,"{""divergence"": {""alpha"": 0.1, ""delta"": 0.005, ""min_instances"": 30, ""threshold"": 0.05}, ""error_rate"": {""alpha"": 0.15, ""delta"": 0.005, ""min_instances"": 5, ""threshold"": 0.1}}","{""error_rate"": {""min_instances"": 5, ""threshold"": 0.1}}",0.1,0.005,0.15,5,0.05,0.005,0.1,30,,,,-1,two_stage,2,0.5,"__confirm_cooldown=200,__confirm_rule=perm_test,__perm_alpha=0.03,__perm_min_effect=0,__perm_n_perm=200,__perm_post_n=10,__perm_pre_n=500,__perm_rng_seed=0,__perm_side=two_sided,__perm_stat=vote_score,divergence=0.3,error_rate=0.5,teacher_entropy=0.2",3,0,200,0.0,0,10000,10.0,25.0,200,500,0,0,1.0,0.8915284165571616,0.7397556066194111,0.3333333333333333,0.12484992295503616,0.012771113775670528,0,0,140,139,-1,perm_test,0.004975124378109453,0.43229029157363824,139,139,0,0.0,0.3333333333333333,0,0.0,0.0,0.0,0.0,0,none,0,1,0,overconfident,0.95,0,mild_drift,0.9612571293326712,0.0012838867114624833,0.8064453154103479,0.8579003919556218,1768237759.2514055,0.42386189103126526,0.13634029030799866
762,48768,48767,sea_nodrift,sea,ts_drift_adapt,1,"error_divergence_ph_meta@error.threshold=0.10,error.min_instances=5",error_divergence_ph_meta,"{""divergence"": {""alpha"": 0.1, ""delta"": 0.005, ""min_instances"": 30, ""threshold"": 0.05}, ""error_rate"": {""alpha"": 0.15, ""delta"": 0.005, ""min_instances"": 5, ""threshold"": 0.1}}","{""error_rate"": {""min_instances"": 5, ""threshold"": 0.1}}",0.1,0.005,0.15,5,0.05,0.005,0.1,30,,,,-1,two_stage,2,0.5,"__confirm_cooldown=200,__confirm_rule=perm_test,__perm_alpha=0.03,__perm_min_effect=0,__perm_n_perm=200,__perm_post_n=10,__perm_pre_n=500,__perm_rng_seed=0,__perm_side=two_sided,__perm_stat=vote_score,divergence=0.3,error_rate=0.5,teacher_entropy=0.2",3,0,200,0.0,0,10000,10.0,25.0,200,500,0,0,1.0,0.8915887467191601,0.7399129666320685,0.0,0.16589346528053284,0.016170106828212738,1,1,141,140,0,perm_test,0.004975124378109453,0.44072816289892425,140,140,0,0.16666666666666666,0.3333333333333333,1,0.5,0.0,0.0,0.0,0,none,1,1,0,overconfident,0.95,0,severe_drift,0.9261285646663355,0.0016419433557312416,0.653222657705174,0.833950195977811,1768237759.2684948,0.0038479457143694162,0.10509134829044342
763,48832,48831,sea_nodrift,sea,ts_drift_adapt,1,"error_divergence_ph_meta@error.threshold=0.10,error.min_instances=5",error_divergence_ph_meta,"{""divergence"": {""alpha"": 0.1, ""delta"": 0.005, ""min_instances"": 30, ""threshold"": 0.05}, ""error_rate"": {""alpha"": 0.15, ""delta"": 0.005, ""min_instances"": 5, ""threshold"": 0.1}}","{""error_rate"": {""min_instances"": 5, ""threshold"": 0.1}}",0.1,0.005,0.15,5,0.05,0.005,0.1,30,,,,-1,two_stage,2,0.5,"__confirm_cooldown=200,__confirm_rule=perm_test,__perm_alpha=0.03,__perm_min_effect=0,__perm_n_perm=200,__perm_post_n=10,__perm_pre_n=500,__perm_rng_seed=0,__perm_side=two_sided,__perm_stat=vote_score,divergence=0.3,error_rate=0.5,teacher_entropy=0.2",3,0,200,0.0,0,10000,10.0,25.0,200,500,1,136,1.0,0.8916284403669725,0.7400686260658426,0.0,0.14484308660030365,0.01470949873328209,0,0,141,140,-1,perm_test,0.004975124378109453,0.44072816289892425,140,140,0,0.0,0.0014606080949306488,0,0.0,0.0,0.0,0.0,0,none,0,1,0,overconfident,0.95,0,mild_drift,0.9432142823331677,0.001470971677865621,0.7266113288525871,0.8444750979889055,1768237759.278416,0.03592076525092125,0.11045732349157333
764,48896,48895,sea_nodrift,sea,ts_drift_adapt,1,"error_divergence_ph_meta@error.threshold=0.10,error.min_instances=5",error_divergence_ph_meta,"{""divergence"": {""alpha"": 0.1, ""delta"": 0.005, ""min_instances"": 30, ""threshold"": 0.05}, ""error_rate"": {""alpha"": 0.15, ""delta"": 0.005, ""min_instances"": 5, ""threshold"": 0.1}}","{""error_rate"": {""min_instances"": 5, ""threshold"": 0.1}}",0.1,0.005,0.15,5,0.05,0.005,0.1,30,,,,-1,two_stage,2,0.5,"__confirm_cooldown=200,__confirm_rule=perm_test,__perm_alpha=0.03,__perm_min_effect=0,__perm_n_perm=200,__perm_post_n=10,__perm_pre_n=500,__perm_rng_seed=0,__perm_side=two_sided,__perm_stat=vote_score,divergence=0.3,error_rate=0.5,teacher_entropy=0.2",3,0,200,0.0,0,10000,10.0,25.0,200,500,1,72,1.0,0.8917089332460733,0.7402669935314057,0.16666666666666666,0.14678825438022614,0.0063153519295156,0,0,141,140,-1,perm_test,0.004975124378109453,0.44072816289892425,140,140,0,0.0,0.16666666666666666,0,0.0,0.0,0.0,0.0,0,none,0,1,0,overconfident,0.95,0,mild_drift,0.9517571411665838,0.0013854858389328105,0.7633056644262936,0.8497375489944528,1768237759.288062,0.526550829410553,0.04719005897641182
765,48960,48959,sea_nodrift,sea,ts_drift_adapt,1,"error_divergence_ph_meta@error.threshold=0.10,error.min_instances=5",error_divergence_ph_meta,"{""divergence"": {""alpha"": 0.1, ""delta"": 0.005, ""min_instances"": 30, ""threshold"": 0.05}, ""error_rate"": {""alpha"": 0.15, ""delta"": 0.005, ""min_instances"": 5, ""threshold"": 0.1}}","{""error_rate"": {""min_instances"": 5, ""threshold"": 0.1}}",0.1,0.005,0.15,5,0.05,0.005,0.1,30,,,,-1,two_stage,2,0.5,"__confirm_cooldown=200,__confirm_rule=perm_test,__perm_alpha=0.03,__perm_min_effect=0,__perm_n_perm=200,__perm_post_n=10,__perm_pre_n=500,__perm_rng_seed=0,__perm_side=two_sided,__perm_stat=vote_score,divergence=0.3,error_rate=0.5,teacher_entropy=0.2",3,0,200,0.0,0,10000,10.0,25.0,200,500,1,8,1.0,0.8917892156862746,0.7404126003490783,0.0,0.11424272507429123,0.018435418605804443,0,0,141,140,-1,perm_test,0.004975124378109453,0.44072816289892425,140,140,0,0.0,0.16666666666666666,0,0.0,0.0,0.0,0.0,0,none,0,1,0,overconfident,0.95,0,mild_drift,0.9560285705832918,0.0013427429194664054,0.7816528322131469,0.8523687744972264,1768237759.2979743,0.01980249583721161,0.15278290212154388
766,49024,49023,sea_nodrift,sea,ts_drift_adapt,1,"error_divergence_ph_meta@error.threshold=0.10,error.min_instances=5",error_divergence_ph_meta,"{""divergence"": {""alpha"": 0.1, ""delta"": 0.005, ""min_instances"": 30, ""threshold"": 0.05}, ""error_rate"": {""alpha"": 0.15, ""delta"": 0.005, ""min_instances"": 5, ""threshold"": 0.1}}","{""error_rate"": {""min_instances"": 5, ""threshold"": 0.1}}",0.1,0.005,0.15,5,0.05,0.005,0.1,30,,,,-1,two_stage,2,0.5,"__confirm_cooldown=200,__confirm_rule=perm_test,__perm_alpha=0.03,__perm_min_effect=0,__perm_n_perm=200,__perm_post_n=10,__perm_pre_n=500,__perm_rng_seed=0,__perm_side=two_sided,__perm_stat=vote_score,divergence=0.3,error_rate=0.5,teacher_entropy=0.2",3,0,200,0.0,0,10000,10.0,25.0,200,500,0,0,1.0,0.8919100848563969,0.740697468856138,0.0,0.14182966947555542,0.012127446942031384,0,0,141,140,-1,perm_test,0.004975124378109453,0.44072816289892425,140,140,0,0.0,0.00630797166377306,0,0.0,0.0,0.0,0.0,0,none,0,1,0,overconfident,0.95,0,mild_drift,0.9581642852916459,0.001321371459733203,0.7908264161065734,0.8536843872486132,1768237759.3078985,0.0024317202623933554,0.08884597569704056
767,49088,49087,sea_nodrift,sea,ts_drift_adapt,1,"error_divergence_ph_meta@error.threshold=0.10,error.min_instances=5",error_divergence_ph_meta,"{""divergence"": {""alpha"": 0.1, ""delta"": 0.005, ""min_instances"": 30, ""threshold"": 0.05}, ""error_rate"": {""alpha"": 0.15, ""delta"": 0.005, ""min_instances"": 5, ""threshold"": 0.1}}","{""error_rate"": {""min_instances"": 5, ""threshold"": 0.1}}",0.1,0.005,0.15,5,0.05,0.005,0.1,30,,,,-1,two_stage,2,0.5,"__confirm_cooldown=200,__confirm_rule=perm_test,__perm_alpha=0.03,__perm_min_effect=0,__perm_n_perm=200,__perm_post_n=10,__perm_pre_n=500,__perm_rng_seed=0,__perm_side=two_sided,__perm_stat=vote_score,divergence=0.3,error_rate=0.5,teacher_entropy=0.2",3,0,200,0.0,0,10000,10.0,25.0,200,500,0,0,1.0,0.8919695241199479,0.7408083300845635,0.16666666666666666,0.14243507385253906,0.012207450345158577,1,1,142,141,0,perm_test,0.004975124378109453,0.4399170263147885,141,141,0,0.16666666666666666,0.16666666666666666,1,0.5,0.0,0.0,0.0,0,none,1,1,0,overconfident,0.95,0,severe_drift,0.924582142645823,0.0016606857298666015,0.6454132080532867,0.8318421936243066,1768237759.3248882,0.26156413555145264,0.08298692852258682
768,49152,49151,sea_nodrift,sea,ts_drift_adapt,1,"error_divergence_ph_meta@error.threshold=0.10,error.min_instances=5",error_divergence_ph_meta,"{""divergence"": {""alpha"": 0.1, ""delta"": 0.005, ""min_instances"": 30, ""threshold"": 0.05}, ""error_rate"": {""alpha"": 0.15, ""delta"": 0.005, ""min_instances"": 5, ""threshold"": 0.1}}","{""error_rate"": {""min_instances"": 5, ""threshold"": 0.1}}",0.1,0.005,0.15,5,0.05,0.005,0.1,30,,,,-1,two_stage,2,0.5,"__confirm_cooldown=200,__confirm_rule=perm_test,__perm_alpha=0.03,__perm_min_effect=0,__perm_n_perm=200,__perm_post_n=10,__perm_pre_n=500,__perm_rng_seed=0,__perm_side=two_sided,__perm_stat=vote_score,divergence=0.3,error_rate=0.5,teacher_entropy=0.2",3,0,200,0.0,0,10000,10.0,25.0,200,500,1,136,1.0,0.89202880859375,0.7409176579059595,0.16666666666666666,0.11880387365818024,0.021925315260887146,0,0,142,141,-1,perm_test,0.004975124378109453,0.4399170263147885,141,141,0,0.0,0.009717864915728569,0,0.0,0.0,0.0,0.0,0,none,0,1,0,overconfident,0.95,0,mild_drift,0.9424410713229114,0.0014803428649333007,0.7227066040266434,0.8434210968121533,1768237759.3347208,0.17613637447357178,0.1899641454219818
769,49216,49215,sea_nodrift,sea,ts_drift_adapt,1,"error_divergence_ph_meta@error.threshold=0.10,error.min_instances=5",error_divergence_ph_meta,"{""divergence"": {""alpha"": 0.1, ""delta"": 0.005, ""min_instances"": 30, ""threshold"": 0.05}, ""error_rate"": {""alpha"": 0.15, ""delta"": 0.005, ""min_instances"": 5, ""threshold"": 0.1}}","{""error_rate"": {""min_instances"": 5, ""threshold"": 0.1}}",0.1,0.005,0.15,5,0.05,0.005,0.1,30,,,,-1,two_stage,2,0.5,"__confirm_cooldown=200,__confirm_rule=perm_test,__perm_alpha=0.03,__perm_min_effect=0,__perm_n_perm=200,__perm_post_n=10,__perm_pre_n=500,__perm_rng_seed=0,__perm_side=two_sided,__perm_stat=vote_score,divergence=0.3,error_rate=0.5,teacher_entropy=0.2",3,0,200,0.0,0,10000,10.0,25.0,200,500,1,72,1.0,0.8920879388816645,0.7410707795513489,0.0,0.13283388316631317,0.015581033192574978,0,0,142,141,-1,perm_test,0.004975124378109453,0.4399170263147885,141,141,0,0.0,0.16666666666666666,0,0.0,0.0,0.0,0.0,0,none,0,1,0,overconfident,0.95,0,mild_drift,0.9513705356614557,0.0013901714324666505,0.7613533020133217,0.8492105484060766,1768237759.3443584,0.024472186341881752,0.13160285353660583
770,49280,49279,sea_nodrift,sea,ts_drift_adapt,1,"error_divergence_ph_meta@error.threshold=0.10,error.min_instances=5",error_divergence_ph_meta,"{""divergence"": {""alpha"": 0.1, ""delta"": 0.005, ""min_instances"": 30, ""threshold"": 0.05}, ""error_rate"": {""alpha"": 0.15, ""delta"": 0.005, ""min_instances"": 5, ""threshold"": 0.1}}","{""error_rate"": {""min_instances"": 5, ""threshold"": 0.1}}",0.1,0.005,0.15,5,0.05,0.005,0.1,30,,,,-1,two_stage,2,0.5,"__confirm_cooldown=200,__confirm_rule=perm_test,__perm_alpha=0.03,__perm_min_effect=0,__perm_n_perm=200,__perm_post_n=10,__perm_pre_n=500,__perm_rng_seed=0,__perm_side=two_sided,__perm_stat=vote_score,divergence=0.3,error_rate=0.5,teacher_entropy=0.2",3,0,200,0.0,0,10000,10.0,25.0,200,500,1,8,1.0,0.8921469155844156,0.7412739931755805,0.0,0.11872472614049911,0.01651548407971859,0,0,142,141,-1,perm_test,0.004975124378109453,0.4399170263147885,141,141,0,0.0,0.0009344508871436119,0,0.0,0.0,0.0,0.0,0,none,0,1,0,overconfident,0.95,0,mild_drift,0.9558352678307278,0.0013450857162333255,0.780676651006661,0.8521052742030383,1768237759.354026,0.0061829364858567715,0.16519084572792053
771,49344,49343,sea_nodrift,sea,ts_drift_adapt,1,"error_divergence_ph_meta@error.threshold=0.10,error.min_instances=5",error_divergence_ph_meta,"{""divergence"": {""alpha"": 0.1, ""delta"": 0.005, ""min_instances"": 30, ""threshold"": 0.05}, ""error_rate"": {""alpha"": 0.15, ""delta"": 0.005, ""min_instances"": 5, ""threshold"": 0.1}}","{""error_rate"": {""min_instances"": 5, ""threshold"": 0.1}}",0.1,0.005,0.15,5,0.05,0.005,0.1,30,,,,-1,two_stage,2,0.5,"__confirm_cooldown=200,__confirm_rule=perm_test,__perm_alpha=0.03,__perm_min_effect=0,__perm_n_perm=200,__perm_post_n=10,__perm_pre_n=500,__perm_rng_seed=0,__perm_side=two_sided,__perm_stat=vote_score,divergence=0.3,error_rate=0.5,teacher_entropy=0.2",3,0,200,0.0,0,10000,10.0,25.0,200,500,0,0,1.0,0.8921854734111544,0.74140276561457,0.0,0.16226695477962494,0.01352022122591734,0,0,142,141,-1,perm_test,0.004975124378109453,0.4399170263147885,141,141,0,0.0,0.0029952628538012505,0,0.0,0.0,0.0,0.0,0,none,0,1,0,overconfident,0.95,0,mild_drift,0.9580676339153639,0.0013225428581166627,0.7903383255033305,0.8535526371015192,1768237759.3639107,0.12106922268867493,0.11019621044397354
772,49408,49407,sea_nodrift,sea,ts_drift_adapt,1,"error_divergence_ph_meta@error.threshold=0.10,error.min_instances=5",error_divergence_ph_meta,"{""divergence"": {""alpha"": 0.1, ""delta"": 0.005, ""min_instances"": 30, ""threshold"": 0.05}, ""error_rate"": {""alpha"": 0.15, ""delta"": 0.005, ""min_instances"": 5, ""threshold"": 0.1}}","{""error_rate"": {""min_instances"": 5, ""threshold"": 0.1}}",0.1,0.005,0.15,5,0.05,0.005,0.1,30,,,,-1,two_stage,2,0.5,"__confirm_cooldown=200,__confirm_rule=perm_test,__perm_alpha=0.03,__perm_min_effect=0,__perm_n_perm=200,__perm_post_n=10,__perm_pre_n=500,__perm_rng_seed=0,__perm_side=two_sided,__perm_stat=vote_score,divergence=0.3,error_rate=0.5,teacher_entropy=0.2",3,0,200,0.0,0,10000,10.0,25.0,200,500,0,0,1.0,0.892304889896373,0.741724061828701,0.16666666666666666,0.09093277901411057,0.0072660804726183414,1,1,143,142,0,perm_test,0.004975124378109453,0.4396876402549286,142,142,0,0.0,0.16666666666666666,1,0.5,0.0,0.0,0.0,0,none,1,1,0,overconfident,0.95,0,stable,0.9740338169576819,0.0010612714290583313,0.8951691627516652,0.8992763185507596,1768237759.3802352,0.17384594678878784,0.06282094120979309
773,49472,49471,sea_nodrift,sea,ts_drift_adapt,1,"error_divergence_ph_meta@error.threshold=0.10,error.min_instances=5",error_divergence_ph_meta,"{""divergence"": {""alpha"": 0.1, ""delta"": 0.005, ""min_instances"": 30, ""threshold"": 0.05}, ""error_rate"": {""alpha"": 0.15, ""delta"": 0.005, ""min_instances"": 5, ""threshold"": 0.1}}","{""error_rate"": {""min_instances"": 5, ""threshold"": 0.1}}",0.1,0.005,0.15,5,0.05,0.005,0.1,30,,,,-1,two_stage,2,0.5,"__confirm_cooldown=200,__confirm_rule=perm_test,__perm_alpha=0.03,__perm_min_effect=0,__perm_n_perm=200,__perm_post_n=10,__perm_pre_n=500,__perm_rng_seed=0,__perm_side=two_sided,__perm_stat=vote_score,divergence=0.3,error_rate=0.5,teacher_entropy=0.2",3,0,200,0.0,0,10000,10.0,25.0,200,500,1,136,1.0,0.8924037839586029,0.7418668996800245,0.0,0.13221322000026703,0.015441754832863808,0,0,143,142,-1,perm_test,0.004975124378109453,0.4396876402549286,142,142,0,0.0,0.16666666666666666,0,0.0,0.0,0.0,0.0,0,none,0,1,0,overconfident,0.95,0,mild_drift,0.9671669084788409,0.0011806357145291656,0.8475845813758327,0.8771381592753797,1768237759.3899605,0.004552534315735102,0.09260577708482742
774,49536,49535,sea_nodrift,sea,ts_drift_adapt,1,"error_divergence_ph_meta@error.threshold=0.10,error.min_instances=5",error_divergence_ph_meta,"{""divergence"": {""alpha"": 0.1, ""delta"": 0.005, ""min_instances"": 30, ""threshold"": 0.05}, ""error_rate"": {""alpha"": 0.15, ""delta"": 0.005, ""min_instances"": 5, ""threshold"": 0.1}}","{""error_rate"": {""min_instances"": 5, ""threshold"": 0.1}}",0.1,0.005,0.15,5,0.05,0.005,0.1,30,,,,-1,two_stage,2,0.5,"__confirm_cooldown=200,__confirm_rule=perm_test,__perm_alpha=0.03,__perm_min_effect=0,__perm_n_perm=200,__perm_post_n=10,__perm_pre_n=500,__perm_rng_seed=0,__perm_side=two_sided,__perm_stat=vote_score,divergence=0.3,error_rate=0.5,teacher_entropy=0.2",3,0,200,0.0,0,10000,10.0,25.0,200,500,1,72,1.0,0.8924822351421189,0.7420193368438924,0.0,0.11188147217035294,0.01029445044696331,0,0,143,142,-1,perm_test,0.004975124378109453,0.4396876402549286,142,142,0,0.0,0.0051473043859004974,0,0.0,0.0,0.0,0.0,0,none,0,1,0,overconfident,0.95,0,mild_drift,0.9637334542394205,0.001240317857264583,0.8237922906879164,0.8660690796376899,1768237759.3996994,0.012590903788805008,0.08633509278297424
775,49600,49599,sea_nodrift,sea,ts_drift_adapt,1,"error_divergence_ph_meta@error.threshold=0.10,error.min_instances=5",error_divergence_ph_meta,"{""divergence"": {""alpha"": 0.1, ""delta"": 0.005, ""min_instances"": 30, ""threshold"": 0.05}, ""error_rate"": {""alpha"": 0.15, ""delta"": 0.005, ""min_instances"": 5, ""threshold"": 0.1}}","{""error_rate"": {""min_instances"": 5, ""threshold"": 0.1}}",0.1,0.005,0.15,5,0.05,0.005,0.1,30,,,,-1,two_stage,2,0.5,"__confirm_cooldown=200,__confirm_rule=perm_test,__perm_alpha=0.03,__perm_min_effect=0,__perm_n_perm=200,__perm_post_n=10,__perm_pre_n=500,__perm_rng_seed=0,__perm_side=two_sided,__perm_stat=vote_score,divergence=0.3,error_rate=0.5,teacher_entropy=0.2",3,0,200,0.0,0,10000,10.0,25.0,200,500,1,8,1.0,0.8926008064516129,0.742247665846638,0.0,0.11348554491996765,0.008940904401242733,0,0,143,142,-1,perm_test,0.004975124378109453,0.4396876402549286,142,142,0,0.0,0.0013535460457205772,0,0.0,0.0,0.0,0.0,0,none,0,1,0,overconfident,0.95,0,mild_drift,0.9620167271197102,0.0012701589286322917,0.8118961453439582,0.8605345398188449,1768237759.4095235,0.1281585395336151,0.06285373866558075
776,49664,49663,sea_nodrift,sea,ts_drift_adapt,1,"error_divergence_ph_meta@error.threshold=0.10,error.min_instances=5",error_divergence_ph_meta,"{""divergence"": {""alpha"": 0.1, ""delta"": 0.005, ""min_instances"": 30, ""threshold"": 0.05}, ""error_rate"": {""alpha"": 0.15, ""delta"": 0.005, ""min_instances"": 5, ""threshold"": 0.1}}","{""error_rate"": {""min_instances"": 5, ""threshold"": 0.1}}",0.1,0.005,0.15,5,0.05,0.005,0.1,30,,,,-1,two_stage,2,0.5,"__confirm_cooldown=200,__confirm_rule=perm_test,__perm_alpha=0.03,__perm_min_effect=0,__perm_n_perm=200,__perm_post_n=10,__perm_pre_n=500,__perm_rng_seed=0,__perm_side=two_sided,__perm_stat=vote_score,divergence=0.3,error_rate=0.5,teacher_entropy=0.2",3,0,200,0.0,0,10000,10.0,25.0,200,500,0,0,1.0,0.8926183956185567,0.7423137378349346,0.0,0.160915344953537,0.008842401206493378,0,0,143,142,-1,perm_test,0.004975124378109453,0.4396876402549286,142,142,0,0.0,9.850319474935532e-05,0,0.0,0.0,0.0,0.0,0,none,0,1,0,overconfident,0.95,0,mild_drift,0.9611583635598551,0.001285079464316146,0.8059480726719791,0.8577672699094224,1768237759.4194753,0.06323205679655075,0.08514794707298279
777,49728,49727,sea_nodrift,sea,ts_drift_adapt,1,"error_divergence_ph_meta@error.threshold=0.10,error.min_instances=5",error_divergence_ph_meta,"{""divergence"": {""alpha"": 0.1, ""delta"": 0.005, ""min_instances"": 30, ""threshold"": 0.05}, ""error_rate"": {""alpha"": 0.15, ""delta"": 0.005, ""min_instances"": 5, ""threshold"": 0.1}}","{""error_rate"": {""min_instances"": 5, ""threshold"": 0.1}}",0.1,0.005,0.15,5,0.05,0.005,0.1,30,,,,-1,two_stage,2,0.5,"__confirm_cooldown=200,__confirm_rule=perm_test,__perm_alpha=0.03,__perm_min_effect=0,__perm_n_perm=200,__perm_post_n=10,__perm_pre_n=500,__perm_rng_seed=0,__perm_side=two_sided,__perm_stat=vote_score,divergence=0.3,error_rate=0.5,teacher_entropy=0.2",3,0,200,0.0,0,10000,10.0,25.0,200,500,0,0,1.0,0.8927163770913771,0.7425088610713341,0.16666666666666666,0.10500708222389221,0.007854781113564968,1,1,144,143,0,perm_test,0.004975124378109453,0.442410905378284,143,143,0,0.0,0.16666666666666666,1,0.5,0.0,0.0,0.0,0,none,1,1,0,overconfident,0.95,0,stable,0.9755791817799275,0.001042539732158073,0.9029740363359895,0.9013836349547113,1768237759.4360123,0.33964571356773376,0.06192892789840698
778,49792,49791,sea_nodrift,sea,ts_drift_adapt,1,"error_divergence_ph_meta@error.threshold=0.10,error.min_instances=5",error_divergence_ph_meta,"{""divergence"": {""alpha"": 0.1, ""delta"": 0.005, ""min_instances"": 30, ""threshold"": 0.05}, ""error_rate"": {""alpha"": 0.15, ""delta"": 0.005, ""min_instances"": 5, ""threshold"": 0.1}}","{""error_rate"": {""min_instances"": 5, ""threshold"": 0.1}}",0.1,0.005,0.15,5,0.05,0.005,0.1,30,,,,-1,two_stage,2,0.5,"__confirm_cooldown=200,__confirm_rule=perm_test,__perm_alpha=0.03,__perm_min_effect=0,__perm_n_perm=200,__perm_post_n=10,__perm_pre_n=500,__perm_rng_seed=0,__perm_side=two_sided,__perm_stat=vote_score,divergence=0.3,error_rate=0.5,teacher_entropy=0.2",3,0,200,0.0,0,10000,10.0,25.0,200,500,1,136,1.0,0.8926735218508998,0.7423448228923912,0.16666666666666666,0.12101181596517563,0.01858893781900406,0,0,144,143,-1,perm_test,0.004975124378109453,0.442410905378284,143,143,0,0.0,0.01073415670543909,0,0.0,0.0,0.0,0.0,0,none,0,1,0,overconfident,0.95,0,mild_drift,0.9679395908899637,0.0011712698660790366,0.8514870181679948,0.8781918174773556,1768237759.445767,0.6218007206916809,0.13086089491844177
779,49856,49855,sea_nodrift,sea,ts_drift_adapt,1,"error_divergence_ph_meta@error.threshold=0.10,error.min_instances=5",error_divergence_ph_meta,"{""divergence"": {""alpha"": 0.1, ""delta"": 0.005, ""min_instances"": 30, ""threshold"": 0.05}, ""error_rate"": {""alpha"": 0.15, ""delta"": 0.005, ""min_instances"": 5, ""threshold"": 0.1}}","{""error_rate"": {""min_instances"": 5, ""threshold"": 0.1}}",0.1,0.005,0.15,5,0.05,0.005,0.1,30,,,,-1,two_stage,2,0.5,"__confirm_cooldown=200,__confirm_rule=perm_test,__perm_alpha=0.03,__perm_min_effect=0,__perm_n_perm=200,__perm_post_n=10,__perm_pre_n=500,__perm_rng_seed=0,__perm_side=two_sided,__perm_stat=vote_score,divergence=0.3,error_rate=0.5,teacher_entropy=0.2",3,0,200,0.0,0,10000,10.0,25.0,200,500,1,72,1.0,0.8926909499358151,0.7424003418797712,0.16666666666666666,0.15311865508556366,0.012779408134520054,0,0,144,143,-1,perm_test,0.004975124378109453,0.442410905378284,143,143,0,0.0,0.005809529684484005,0,0.0,0.0,0.0,0.0,0,none,0,1,0,overconfident,0.95,0,mild_drift,0.9641197954449818,0.0012356349330395183,0.8257435090839974,0.8665959087386779,1768237759.4553795,0.34401798248291016,0.0854468047618866
780,49920,49919,sea_nodrift,sea,ts_drift_adapt,1,"error_divergence_ph_meta@error.threshold=0.10,error.min_instances=5",error_divergence_ph_meta,"{""divergence"": {""alpha"": 0.1, ""delta"": 0.005, ""min_instances"": 30, ""threshold"": 0.05}, ""error_rate"": {""alpha"": 0.15, ""delta"": 0.005, ""min_instances"": 5, ""threshold"": 0.1}}","{""error_rate"": {""min_instances"": 5, ""threshold"": 0.1}}",0.1,0.005,0.15,5,0.05,0.005,0.1,30,,,,-1,two_stage,2,0.5,"__confirm_cooldown=200,__confirm_rule=perm_test,__perm_alpha=0.03,__perm_min_effect=0,__perm_n_perm=200,__perm_post_n=10,__perm_pre_n=500,__perm_rng_seed=0,__perm_side=two_sided,__perm_stat=vote_score,divergence=0.3,error_rate=0.5,teacher_entropy=0.2",3,0,200,0.0,0,10000,10.0,25.0,200,500,1,8,1.0,0.8927684294871795,0.7425522648890953,0.0,0.11833152174949646,0.0146836768835783,0,0,144,143,-1,perm_test,0.004975124378109453,0.442410905378284,143,143,0,0.0,0.16666666666666666,0,0.0,0.0,0.0,0.0,0,none,0,1,0,overconfident,0.95,0,mild_drift,0.9622098977224909,0.001267817466519759,0.8128717545419988,0.8607979543693389,1768237759.4649792,0.006320240441709757,0.1370629072189331
781,49984,49983,sea_nodrift,sea,ts_drift_adapt,1,"error_divergence_ph_meta@error.threshold=0.10,error.min_instances=5",error_divergence_ph_meta,"{""divergence"": {""alpha"": 0.1, ""delta"": 0.005, ""min_instances"": 30, ""threshold"": 0.05}, ""error_rate"": {""alpha"": 0.15, ""delta"": 0.005, ""min_instances"": 5, ""threshold"": 0.1}}","{""error_rate"": {""min_instances"": 5, ""threshold"": 0.1}}",0.1,0.005,0.15,5,0.05,0.005,0.1,30,,,,-1,two_stage,2,0.5,"__confirm_cooldown=200,__confirm_rule=perm_test,__perm_alpha=0.03,__perm_min_effect=0,__perm_n_perm=200,__perm_post_n=10,__perm_pre_n=500,__perm_rng_seed=0,__perm_side=two_sided,__perm_stat=vote_score,divergence=0.3,error_rate=0.5,teacher_entropy=0.2",3,0,200,0.0,0,10000,10.0,25.0,200,500,0,0,1.0,0.8927656850192062,0.7426045128078875,0.0,0.14909328520298004,0.016007281839847565,0,0,144,143,-1,perm_test,0.004975124378109453,0.442410905378284,143,143,0,0.0,0.0013236049562692642,0,0.0,0.0,0.0,0.0,0,none,0,1,0,overconfident,0.95,0,mild_drift,0.9612549488612454,0.0012839087332598797,0.8064358772709994,0.8578989771846695,1768237759.4746563,0.017371630296111107,0.13803613185882568
782,50000,49999,sea_nodrift,sea,ts_drift_adapt,1,"error_divergence_ph_meta@error.threshold=0.10,error.min_instances=5",error_divergence_ph_meta,"{""divergence"": {""alpha"": 0.1, ""delta"": 0.005, ""min_instances"": 30, ""threshold"": 0.05}, ""error_rate"": {""alpha"": 0.15, ""delta"": 0.005, ""min_instances"": 5, ""threshold"": 0.1}}","{""error_rate"": {""min_instances"": 5, ""threshold"": 0.1}}",0.1,0.005,0.15,5,0.05,0.005,0.1,30,,,,-1,two_stage,2,0.5,"__confirm_cooldown=200,__confirm_rule=perm_test,__perm_alpha=0.03,__perm_min_effect=0,__perm_n_perm=200,__perm_post_n=10,__perm_pre_n=500,__perm_rng_seed=0,__perm_side=two_sided,__perm_stat=vote_score,divergence=0.3,error_rate=0.5,teacher_entropy=0.2",3,0,200,0.0,0,10000,10.0,25.0,200,500,0,0,1.0,0.89276,0.742574231567278,0.0,0.17471955716609955,0.011689696460962296,0,0,144,143,-1,perm_test,0.004975124378109453,0.442410905378284,143,143,0,0.0,0.004317585378885269,0,0.0,0.0,0.0,0.0,0,none,0,1,0,overconfident,0.95,0,mild_drift,0.9607774744306227,0.00129195436662994,0.8032179386354997,0.8564494885923347,1768237759.4839337,0.0019776327535510063,0.09182221442461014
