step,seen_samples,sample_idx,dataset_name,dataset_type,model_variant,seed,monitor_preset,monitor_preset_base,monitor_ph_params,monitor_ph_overrides,ph_error_threshold,ph_error_delta,ph_error_alpha,ph_error_min_instances,ph_divergence_threshold,ph_divergence_delta,ph_divergence_alpha,ph_divergence_min_instances,ph_entropy_threshold,ph_entropy_delta,ph_entropy_alpha,ph_entropy_min_instances,trigger_mode,trigger_k,trigger_threshold,trigger_weights,confirm_window,confirm_cooldown,effective_confirm_cooldown,confirm_rate_per10k,adaptive_cooldown_enabled,adaptive_window,adaptive_lower_per10k,adaptive_upper_per10k,adaptive_cooldown_low,adaptive_cooldown_high,confirm_cooldown_active,confirm_cooldown_remaining,severity_scheduler_scale,metric_accuracy,metric_kappa,student_error_rate,teacher_entropy,divergence_js,drift_flag,candidate_flag,candidate_count_total,confirmed_count_total,confirm_delay,confirm_rule_effective,last_perm_pvalue,last_perm_effect,perm_test_count_total,perm_accept_count_total,perm_reject_count_total,monitor_severity,monitor_fused_severity,monitor_vote_count,monitor_vote_score,drift_severity_raw,drift_severity,severity_carry,use_severity_v2,severity_gate,severity_confirmed,severity_gate_min_streak,severity_confirmed_streak,entropy_mode,decay,freeze_baseline_steps,regime,alpha,lr,lambda_u,tau,timestamp,supervised_loss,unsupervised_loss
1,64,63,sine_abrupt4,sine,ts_drift_adapt,5,"error_divergence_ph_meta@error.threshold=0.10,error.min_instances=5",error_divergence_ph_meta,"{""divergence"": {""alpha"": 0.1, ""delta"": 0.005, ""min_instances"": 30, ""threshold"": 0.05}, ""error_rate"": {""alpha"": 0.15, ""delta"": 0.005, ""min_instances"": 5, ""threshold"": 0.1}}","{""error_rate"": {""min_instances"": 5, ""threshold"": 0.1}}",0.1,0.005,0.15,5,0.05,0.005,0.1,30,,,,-1,two_stage,2,0.5,"__confirm_cooldown=200,__confirm_rule=perm_test,__perm_alpha=0.01,__perm_min_effect=0,__perm_n_perm=200,__perm_post_n=10,__perm_pre_n=500,__perm_rng_seed=0,__perm_stat=vote_score,divergence=0.3,error_rate=0.5,teacher_entropy=0.2",3,0,200,0.0,0,10000,10.0,25.0,200,500,0,0,1.0,0.546875,-0.06178489702517163,0.3333333333333333,0.6520520448684692,0.004725550767034292,0,0,0,0,-1,perm_test,,,0,0,0,0.0,0.0,0,0.0,0.0,0.0,0.0,0,none,0,1,0,overconfident,0.95,0,mild_drift,0.97515,0.00115,0.9,0.8775,1768220034.5143414,0.5566700100898743,0.019113805145025253
2,128,127,sine_abrupt4,sine,ts_drift_adapt,5,"error_divergence_ph_meta@error.threshold=0.10,error.min_instances=5",error_divergence_ph_meta,"{""divergence"": {""alpha"": 0.1, ""delta"": 0.005, ""min_instances"": 30, ""threshold"": 0.05}, ""error_rate"": {""alpha"": 0.15, ""delta"": 0.005, ""min_instances"": 5, ""threshold"": 0.1}}","{""error_rate"": {""min_instances"": 5, ""threshold"": 0.1}}",0.1,0.005,0.15,5,0.05,0.005,0.1,30,,,,-1,two_stage,2,0.5,"__confirm_cooldown=200,__confirm_rule=perm_test,__perm_alpha=0.01,__perm_min_effect=0,__perm_n_perm=200,__perm_post_n=10,__perm_pre_n=500,__perm_rng_seed=0,__perm_stat=vote_score,divergence=0.3,error_rate=0.5,teacher_entropy=0.2",3,0,200,0.0,0,10000,10.0,25.0,200,500,0,0,1.0,0.5078125,-0.031202046035805626,0.6666666666666666,0.6464601159095764,0.004296832252293825,0,0,0,0,-1,perm_test,,,0,0,0,0.0,0.3333333333333333,0,0.0,0.0,0.0,0.0,0,none,0,1,0,overconfident,0.95,0,mild_drift,0.967725,0.001225,0.8500000000000001,0.86625,1768220034.5226867,0.7779338359832764,0.017693717032670975
3,192,191,sine_abrupt4,sine,ts_drift_adapt,5,"error_divergence_ph_meta@error.threshold=0.10,error.min_instances=5",error_divergence_ph_meta,"{""divergence"": {""alpha"": 0.1, ""delta"": 0.005, ""min_instances"": 30, ""threshold"": 0.05}, ""error_rate"": {""alpha"": 0.15, ""delta"": 0.005, ""min_instances"": 5, ""threshold"": 0.1}}","{""error_rate"": {""min_instances"": 5, ""threshold"": 0.1}}",0.1,0.005,0.15,5,0.05,0.005,0.1,30,,,,-1,two_stage,2,0.5,"__confirm_cooldown=200,__confirm_rule=perm_test,__perm_alpha=0.01,__perm_min_effect=0,__perm_n_perm=200,__perm_post_n=10,__perm_pre_n=500,__perm_rng_seed=0,__perm_stat=vote_score,divergence=0.3,error_rate=0.5,teacher_entropy=0.2",3,0,200,0.0,0,10000,10.0,25.0,200,500,0,0,1.0,0.484375,-0.0012642225031604844,0.16666666666666666,0.6532984972000122,0.004101969767361879,0,0,0,0,-1,perm_test,,,0,0,0,0.0,0.5,0,0.0,0.0,0.0,0.0,0,none,0,1,0,overconfident,0.95,0,mild_drift,0.9640124999999999,0.0012625000000000002,0.8250000000000001,0.860625,1768220034.5312145,0.4245077669620514,0.016785798594355583
4,256,255,sine_abrupt4,sine,ts_drift_adapt,5,"error_divergence_ph_meta@error.threshold=0.10,error.min_instances=5",error_divergence_ph_meta,"{""divergence"": {""alpha"": 0.1, ""delta"": 0.005, ""min_instances"": 30, ""threshold"": 0.05}, ""error_rate"": {""alpha"": 0.15, ""delta"": 0.005, ""min_instances"": 5, ""threshold"": 0.1}}","{""error_rate"": {""min_instances"": 5, ""threshold"": 0.1}}",0.1,0.005,0.15,5,0.05,0.005,0.1,30,,,,-1,two_stage,2,0.5,"__confirm_cooldown=200,__confirm_rule=perm_test,__perm_alpha=0.01,__perm_min_effect=0,__perm_n_perm=200,__perm_post_n=10,__perm_pre_n=500,__perm_rng_seed=0,__perm_stat=vote_score,divergence=0.3,error_rate=0.5,teacher_entropy=0.2",3,0,200,0.0,0,10000,10.0,25.0,200,500,0,0,1.0,0.46484375,0.004428295673895764,0.8333333333333334,0.6443621516227722,0.004418828524649143,0,0,0,0,-1,perm_test,,,0,0,0,0.0,0.6666666666666667,0,0.0,0.0,0.0,0.0,0,none,0,1,0,overconfident,0.95,0,mild_drift,0.9621562499999999,0.0012812500000000003,0.8125,0.8578125,1768220034.5398378,0.8782044053077698,0.018179185688495636
5,320,319,sine_abrupt4,sine,ts_drift_adapt,5,"error_divergence_ph_meta@error.threshold=0.10,error.min_instances=5",error_divergence_ph_meta,"{""divergence"": {""alpha"": 0.1, ""delta"": 0.005, ""min_instances"": 30, ""threshold"": 0.05}, ""error_rate"": {""alpha"": 0.15, ""delta"": 0.005, ""min_instances"": 5, ""threshold"": 0.1}}","{""error_rate"": {""min_instances"": 5, ""threshold"": 0.1}}",0.1,0.005,0.15,5,0.05,0.005,0.1,30,,,,-1,two_stage,2,0.5,"__confirm_cooldown=200,__confirm_rule=perm_test,__perm_alpha=0.01,__perm_min_effect=0,__perm_n_perm=200,__perm_post_n=10,__perm_pre_n=500,__perm_rng_seed=0,__perm_stat=vote_score,divergence=0.3,error_rate=0.5,teacher_entropy=0.2",3,0,200,0.0,0,10000,10.0,25.0,200,500,0,0,1.0,0.484375,0.03993017674012662,0.8333333333333334,0.6539463996887207,0.006498229224234819,0,1,1,0,-1,perm_test,,,0,0,0,0.0,0.002079400699585676,1,0.5,0.0,0.0,0.0,0,none,0,1,0,overconfident,0.95,0,mild_drift,0.9612281249999999,0.001290625,0.80625,0.85640625,1768220034.54819,0.8004563450813293,0.026293480768799782
6,384,383,sine_abrupt4,sine,ts_drift_adapt,5,"error_divergence_ph_meta@error.threshold=0.10,error.min_instances=5",error_divergence_ph_meta,"{""divergence"": {""alpha"": 0.1, ""delta"": 0.005, ""min_instances"": 30, ""threshold"": 0.05}, ""error_rate"": {""alpha"": 0.15, ""delta"": 0.005, ""min_instances"": 5, ""threshold"": 0.1}}","{""error_rate"": {""min_instances"": 5, ""threshold"": 0.1}}",0.1,0.005,0.15,5,0.05,0.005,0.1,30,,,,-1,two_stage,2,0.5,"__confirm_cooldown=200,__confirm_rule=perm_test,__perm_alpha=0.01,__perm_min_effect=0,__perm_n_perm=200,__perm_post_n=10,__perm_pre_n=500,__perm_rng_seed=0,__perm_stat=vote_score,divergence=0.3,error_rate=0.5,teacher_entropy=0.2",3,0,200,0.0,0,10000,10.0,25.0,200,500,0,0,1.0,0.5260416666666666,0.11683979073470312,0.16666666666666666,0.657511830329895,0.007497974671423435,0,0,1,0,-1,perm_test,,,0,0,0,0.0,0.6666666666666667,0,0.0,0.0,0.0,0.0,0,none,0,1,0,overconfident,0.95,0,mild_drift,0.9607640624999999,0.0012953125,0.8031250000000001,0.855703125,1768220034.556615,0.6270678639411926,0.029991116374731064
7,448,447,sine_abrupt4,sine,ts_drift_adapt,5,"error_divergence_ph_meta@error.threshold=0.10,error.min_instances=5",error_divergence_ph_meta,"{""divergence"": {""alpha"": 0.1, ""delta"": 0.005, ""min_instances"": 30, ""threshold"": 0.05}, ""error_rate"": {""alpha"": 0.15, ""delta"": 0.005, ""min_instances"": 5, ""threshold"": 0.1}}","{""error_rate"": {""min_instances"": 5, ""threshold"": 0.1}}",0.1,0.005,0.15,5,0.05,0.005,0.1,30,,,,-1,two_stage,2,0.5,"__confirm_cooldown=200,__confirm_rule=perm_test,__perm_alpha=0.01,__perm_min_effect=0,__perm_n_perm=200,__perm_post_n=10,__perm_pre_n=500,__perm_rng_seed=0,__perm_stat=vote_score,divergence=0.3,error_rate=0.5,teacher_entropy=0.2",3,0,200,0.0,0,10000,10.0,25.0,200,500,0,0,1.0,0.5714285714285714,0.18314941786480782,0.3333333333333333,0.6622342467308044,0.010839937254786491,0,0,1,0,-1,perm_test,,,0,0,0,0.0,0.16666666666666666,0,0.0,0.0,0.0,0.0,0,none,0,1,0,overconfident,0.95,0,mild_drift,0.9605320312499999,0.0012976562500000002,0.8015625000000001,0.8553515625,1768220034.5649545,0.629734992980957,0.0436277836561203
8,512,511,sine_abrupt4,sine,ts_drift_adapt,5,"error_divergence_ph_meta@error.threshold=0.10,error.min_instances=5",error_divergence_ph_meta,"{""divergence"": {""alpha"": 0.1, ""delta"": 0.005, ""min_instances"": 30, ""threshold"": 0.05}, ""error_rate"": {""alpha"": 0.15, ""delta"": 0.005, ""min_instances"": 5, ""threshold"": 0.1}}","{""error_rate"": {""min_instances"": 5, ""threshold"": 0.1}}",0.1,0.005,0.15,5,0.05,0.005,0.1,30,,,,-1,two_stage,2,0.5,"__confirm_cooldown=200,__confirm_rule=perm_test,__perm_alpha=0.01,__perm_min_effect=0,__perm_n_perm=200,__perm_post_n=10,__perm_pre_n=500,__perm_rng_seed=0,__perm_stat=vote_score,divergence=0.3,error_rate=0.5,teacher_entropy=0.2",3,0,200,0.0,0,10000,10.0,25.0,200,500,0,0,1.0,0.599609375,0.22552463032378028,0.3333333333333333,0.6557628512382507,0.014926176518201828,0,0,1,0,-1,perm_test,,,0,0,0,0.0,0.004086239263415337,0,0.0,0.0,0.0,0.0,0,none,0,1,0,overconfident,0.95,0,mild_drift,0.9604160156249999,0.001298828125,0.80078125,0.85517578125,1768220034.5733104,0.5913735032081604,0.06051440164446831
9,576,575,sine_abrupt4,sine,ts_drift_adapt,5,"error_divergence_ph_meta@error.threshold=0.10,error.min_instances=5",error_divergence_ph_meta,"{""divergence"": {""alpha"": 0.1, ""delta"": 0.005, ""min_instances"": 30, ""threshold"": 0.05}, ""error_rate"": {""alpha"": 0.15, ""delta"": 0.005, ""min_instances"": 5, ""threshold"": 0.1}}","{""error_rate"": {""min_instances"": 5, ""threshold"": 0.1}}",0.1,0.005,0.15,5,0.05,0.005,0.1,30,,,,-1,two_stage,2,0.5,"__confirm_cooldown=200,__confirm_rule=perm_test,__perm_alpha=0.01,__perm_min_effect=0,__perm_n_perm=200,__perm_post_n=10,__perm_pre_n=500,__perm_rng_seed=0,__perm_stat=vote_score,divergence=0.3,error_rate=0.5,teacher_entropy=0.2",3,0,200,0.0,0,10000,10.0,25.0,200,500,0,0,1.0,0.6302083333333334,0.2885342487996103,0.3333333333333333,0.6591200828552246,0.020073870196938515,0,0,1,0,-1,perm_test,,,0,0,0,0.0,0.005147693678736687,0,0.0,0.0,0.0,0.0,0,none,0,1,0,overconfident,0.95,0,mild_drift,0.9603580078124999,0.0012994140625,0.800390625,0.855087890625,1768220034.582696,0.5772975087165833,0.08178278803825378
10,640,639,sine_abrupt4,sine,ts_drift_adapt,5,"error_divergence_ph_meta@error.threshold=0.10,error.min_instances=5",error_divergence_ph_meta,"{""divergence"": {""alpha"": 0.1, ""delta"": 0.005, ""min_instances"": 30, ""threshold"": 0.05}, ""error_rate"": {""alpha"": 0.15, ""delta"": 0.005, ""min_instances"": 5, ""threshold"": 0.1}}","{""error_rate"": {""min_instances"": 5, ""threshold"": 0.1}}",0.1,0.005,0.15,5,0.05,0.005,0.1,30,,,,-1,two_stage,2,0.5,"__confirm_cooldown=200,__confirm_rule=perm_test,__perm_alpha=0.01,__perm_min_effect=0,__perm_n_perm=200,__perm_post_n=10,__perm_pre_n=500,__perm_rng_seed=0,__perm_stat=vote_score,divergence=0.3,error_rate=0.5,teacher_entropy=0.2",3,0,200,0.0,0,10000,10.0,25.0,200,500,0,0,1.0,0.65625,0.3378480060195636,0.16666666666666666,0.6644805669784546,0.019430896267294884,1,1,2,1,0,perm_test,0.004975124378109453,0.436,1,1,0,0.6666666666666667,0.16666666666666666,1,0.5,0.0,0.0,0.0,0,none,1,1,0,overconfident,0.95,0,severe_drift,0.9256790039062499,0.00164970703125,0.6501953125,0.8325439453125001,1768220034.597248,0.6262499094009399,0.07950183749198914
11,704,703,sine_abrupt4,sine,ts_drift_adapt,5,"error_divergence_ph_meta@error.threshold=0.10,error.min_instances=5",error_divergence_ph_meta,"{""divergence"": {""alpha"": 0.1, ""delta"": 0.005, ""min_instances"": 30, ""threshold"": 0.05}, ""error_rate"": {""alpha"": 0.15, ""delta"": 0.005, ""min_instances"": 5, ""threshold"": 0.1}}","{""error_rate"": {""min_instances"": 5, ""threshold"": 0.1}}",0.1,0.005,0.15,5,0.05,0.005,0.1,30,,,,-1,two_stage,2,0.5,"__confirm_cooldown=200,__confirm_rule=perm_test,__perm_alpha=0.01,__perm_min_effect=0,__perm_n_perm=200,__perm_post_n=10,__perm_pre_n=500,__perm_rng_seed=0,__perm_stat=vote_score,divergence=0.3,error_rate=0.5,teacher_entropy=0.2",3,0,200,0.0,0,10000,10.0,25.0,200,500,1,136,1.0,0.6803977272727273,0.38330244654509205,0.0,0.6681987047195435,0.015012857504189014,0,0,2,1,-1,perm_test,0.004975124378109453,0.436,1,1,0,0.0,0.16666666666666666,0,0.0,0.0,0.0,0.0,0,none,0,1,0,overconfident,0.95,0,mild_drift,0.9429895019531249,0.001474853515625,0.72509765625,0.84377197265625,1768220034.6056979,0.3990645110607147,0.06160030514001846
12,768,767,sine_abrupt4,sine,ts_drift_adapt,5,"error_divergence_ph_meta@error.threshold=0.10,error.min_instances=5",error_divergence_ph_meta,"{""divergence"": {""alpha"": 0.1, ""delta"": 0.005, ""min_instances"": 30, ""threshold"": 0.05}, ""error_rate"": {""alpha"": 0.15, ""delta"": 0.005, ""min_instances"": 5, ""threshold"": 0.1}}","{""error_rate"": {""min_instances"": 5, ""threshold"": 0.1}}",0.1,0.005,0.15,5,0.05,0.005,0.1,30,,,,-1,two_stage,2,0.5,"__confirm_cooldown=200,__confirm_rule=perm_test,__perm_alpha=0.01,__perm_min_effect=0,__perm_n_perm=200,__perm_post_n=10,__perm_pre_n=500,__perm_rng_seed=0,__perm_stat=vote_score,divergence=0.3,error_rate=0.5,teacher_entropy=0.2",3,0,200,0.0,0,10000,10.0,25.0,200,500,1,72,1.0,0.69921875,0.4153132250580046,0.16666666666666666,0.6584572196006775,0.008491398766636848,0,0,2,1,-1,perm_test,0.004975124378109453,0.436,1,1,0,0.0,0.16666666666666666,0,0.0,0.0,0.0,0.0,0,none,0,1,0,overconfident,0.95,0,mild_drift,0.9516447509765624,0.0013874267578125,0.762548828125,0.849385986328125,1768220034.6139796,0.4878975450992584,0.03431747108697891
13,832,831,sine_abrupt4,sine,ts_drift_adapt,5,"error_divergence_ph_meta@error.threshold=0.10,error.min_instances=5",error_divergence_ph_meta,"{""divergence"": {""alpha"": 0.1, ""delta"": 0.005, ""min_instances"": 30, ""threshold"": 0.05}, ""error_rate"": {""alpha"": 0.15, ""delta"": 0.005, ""min_instances"": 5, ""threshold"": 0.1}}","{""error_rate"": {""min_instances"": 5, ""threshold"": 0.1}}",0.1,0.005,0.15,5,0.05,0.005,0.1,30,,,,-1,two_stage,2,0.5,"__confirm_cooldown=200,__confirm_rule=perm_test,__perm_alpha=0.01,__perm_min_effect=0,__perm_n_perm=200,__perm_post_n=10,__perm_pre_n=500,__perm_rng_seed=0,__perm_stat=vote_score,divergence=0.3,error_rate=0.5,teacher_entropy=0.2",3,0,200,0.0,0,10000,10.0,25.0,200,500,1,8,1.0,0.7103365384615384,0.4319966460063681,0.3333333333333333,0.6628081202507019,0.012683551758527756,0,0,2,1,-1,perm_test,0.004975124378109453,0.436,1,1,0,0.0,0.16666666666666666,0,0.0,0.0,0.0,0.0,0,none,0,1,0,overconfident,0.95,0,mild_drift,0.9559723754882812,0.00134371337890625,0.7812744140625001,0.8521929931640625,1768220034.6222978,0.6356144547462463,0.05248389020562172
14,896,895,sine_abrupt4,sine,ts_drift_adapt,5,"error_divergence_ph_meta@error.threshold=0.10,error.min_instances=5",error_divergence_ph_meta,"{""divergence"": {""alpha"": 0.1, ""delta"": 0.005, ""min_instances"": 30, ""threshold"": 0.05}, ""error_rate"": {""alpha"": 0.15, ""delta"": 0.005, ""min_instances"": 5, ""threshold"": 0.1}}","{""error_rate"": {""min_instances"": 5, ""threshold"": 0.1}}",0.1,0.005,0.15,5,0.05,0.005,0.1,30,,,,-1,two_stage,2,0.5,"__confirm_cooldown=200,__confirm_rule=perm_test,__perm_alpha=0.01,__perm_min_effect=0,__perm_n_perm=200,__perm_post_n=10,__perm_pre_n=500,__perm_rng_seed=0,__perm_stat=vote_score,divergence=0.3,error_rate=0.5,teacher_entropy=0.2",3,0,200,0.0,0,10000,10.0,25.0,200,500,0,0,1.0,0.7276785714285714,0.46475769846593773,0.0,0.6601279973983765,0.01159010548144579,0,0,2,1,-1,perm_test,0.004975124378109453,0.436,1,1,0,0.0,0.3333333333333333,0,0.0,0.0,0.0,0.0,0,none,0,1,0,overconfident,0.95,0,mild_drift,0.9581361877441406,0.001321856689453125,0.7906372070312501,0.8535964965820313,1768220034.630662,0.45127201080322266,0.047391127794981
15,960,959,sine_abrupt4,sine,ts_drift_adapt,5,"error_divergence_ph_meta@error.threshold=0.10,error.min_instances=5",error_divergence_ph_meta,"{""divergence"": {""alpha"": 0.1, ""delta"": 0.005, ""min_instances"": 30, ""threshold"": 0.05}, ""error_rate"": {""alpha"": 0.15, ""delta"": 0.005, ""min_instances"": 5, ""threshold"": 0.1}}","{""error_rate"": {""min_instances"": 5, ""threshold"": 0.1}}",0.1,0.005,0.15,5,0.05,0.005,0.1,30,,,,-1,two_stage,2,0.5,"__confirm_cooldown=200,__confirm_rule=perm_test,__perm_alpha=0.01,__perm_min_effect=0,__perm_n_perm=200,__perm_post_n=10,__perm_pre_n=500,__perm_rng_seed=0,__perm_stat=vote_score,divergence=0.3,error_rate=0.5,teacher_entropy=0.2",3,0,200,0.0,0,10000,10.0,25.0,200,500,0,0,1.0,0.728125,0.46630314390389377,0.3333333333333333,0.6613779664039612,0.00671855453401804,1,1,3,2,0,perm_test,0.004975124378109453,0.41721403253017125,2,2,0,0.16666666666666666,0.3333333333333333,1,0.5,0.0,0.0,0.0,0,none,1,1,0,overconfident,0.95,0,severe_drift,0.9245680938720703,0.0016609283447265625,0.6453186035156251,0.8317982482910157,1768220034.6454089,0.5237736105918884,0.027766581624746323
16,1024,1023,sine_abrupt4,sine,ts_drift_adapt,5,"error_divergence_ph_meta@error.threshold=0.10,error.min_instances=5",error_divergence_ph_meta,"{""divergence"": {""alpha"": 0.1, ""delta"": 0.005, ""min_instances"": 30, ""threshold"": 0.05}, ""error_rate"": {""alpha"": 0.15, ""delta"": 0.005, ""min_instances"": 5, ""threshold"": 0.1}}","{""error_rate"": {""min_instances"": 5, ""threshold"": 0.1}}",0.1,0.005,0.15,5,0.05,0.005,0.1,30,,,,-1,two_stage,2,0.5,"__confirm_cooldown=200,__confirm_rule=perm_test,__perm_alpha=0.01,__perm_min_effect=0,__perm_n_perm=200,__perm_post_n=10,__perm_pre_n=500,__perm_rng_seed=0,__perm_stat=vote_score,divergence=0.3,error_rate=0.5,teacher_entropy=0.2",3,0,200,0.0,0,10000,10.0,25.0,200,500,1,136,1.0,0.7265625,0.46531403849022823,0.3333333333333333,0.6561152935028076,0.00853100884705782,0,0,3,2,-1,perm_test,0.004975124378109453,0.41721403253017125,2,2,0,0.0,0.0018124543130397797,0,0.0,0.0,0.0,0.0,0,none,0,1,0,overconfident,0.95,0,mild_drift,0.942434046936035,0.0014804641723632813,0.7226593017578126,0.8433991241455079,1768220034.6537395,0.49609073996543884,0.036539241671562195
17,1088,1087,sine_abrupt4,sine,ts_drift_adapt,5,"error_divergence_ph_meta@error.threshold=0.10,error.min_instances=5",error_divergence_ph_meta,"{""divergence"": {""alpha"": 0.1, ""delta"": 0.005, ""min_instances"": 30, ""threshold"": 0.05}, ""error_rate"": {""alpha"": 0.15, ""delta"": 0.005, ""min_instances"": 5, ""threshold"": 0.1}}","{""error_rate"": {""min_instances"": 5, ""threshold"": 0.1}}",0.1,0.005,0.15,5,0.05,0.005,0.1,30,,,,-1,two_stage,2,0.5,"__confirm_cooldown=200,__confirm_rule=perm_test,__perm_alpha=0.01,__perm_min_effect=0,__perm_n_perm=200,__perm_post_n=10,__perm_pre_n=500,__perm_rng_seed=0,__perm_stat=vote_score,divergence=0.3,error_rate=0.5,teacher_entropy=0.2",3,0,200,0.0,0,10000,10.0,25.0,200,500,1,72,1.0,0.7251838235294118,0.4651479379443236,0.5,0.6600741147994995,0.008438121527433395,0,0,3,2,-1,perm_test,0.004975124378109453,0.41721403253017125,2,2,0,0.0,0.16666666666666669,0,0.0,0.0,0.0,0.0,0,none,0,1,0,overconfident,0.95,0,mild_drift,0.9513670234680175,0.0013902320861816407,0.7613296508789062,0.8491995620727539,1768220034.6620057,0.7735565304756165,0.0357760526239872
18,1152,1151,sine_abrupt4,sine,ts_drift_adapt,5,"error_divergence_ph_meta@error.threshold=0.10,error.min_instances=5",error_divergence_ph_meta,"{""divergence"": {""alpha"": 0.1, ""delta"": 0.005, ""min_instances"": 30, ""threshold"": 0.05}, ""error_rate"": {""alpha"": 0.15, ""delta"": 0.005, ""min_instances"": 5, ""threshold"": 0.1}}","{""error_rate"": {""min_instances"": 5, ""threshold"": 0.1}}",0.1,0.005,0.15,5,0.05,0.005,0.1,30,,,,-1,two_stage,2,0.5,"__confirm_cooldown=200,__confirm_rule=perm_test,__perm_alpha=0.01,__perm_min_effect=0,__perm_n_perm=200,__perm_post_n=10,__perm_pre_n=500,__perm_rng_seed=0,__perm_stat=vote_score,divergence=0.3,error_rate=0.5,teacher_entropy=0.2",3,0,200,0.0,0,10000,10.0,25.0,200,500,1,8,1.0,0.7230902777777778,0.46232808567917133,0.16666666666666666,0.6494293212890625,0.008054875768721104,0,0,3,2,-1,perm_test,0.004975124378109453,0.41721403253017125,2,2,0,0.0,0.33333333333333337,0,0.0,0.0,0.0,0.0,0,none,0,1,0,overconfident,0.95,0,mild_drift,0.9558335117340087,0.0013451160430908203,0.7806648254394531,0.852099781036377,1768220034.6703584,0.3660484850406647,0.033945370465517044
19,1216,1215,sine_abrupt4,sine,ts_drift_adapt,5,"error_divergence_ph_meta@error.threshold=0.10,error.min_instances=5",error_divergence_ph_meta,"{""divergence"": {""alpha"": 0.1, ""delta"": 0.005, ""min_instances"": 30, ""threshold"": 0.05}, ""error_rate"": {""alpha"": 0.15, ""delta"": 0.005, ""min_instances"": 5, ""threshold"": 0.1}}","{""error_rate"": {""min_instances"": 5, ""threshold"": 0.1}}",0.1,0.005,0.15,5,0.05,0.005,0.1,30,,,,-1,two_stage,2,0.5,"__confirm_cooldown=200,__confirm_rule=perm_test,__perm_alpha=0.01,__perm_min_effect=0,__perm_n_perm=200,__perm_post_n=10,__perm_pre_n=500,__perm_rng_seed=0,__perm_stat=vote_score,divergence=0.3,error_rate=0.5,teacher_entropy=0.2",3,0,200,0.0,0,10000,10.0,25.0,200,500,0,0,1.0,0.7179276315789473,0.4546300896989983,0.3333333333333333,0.6615216732025146,0.008679560385644436,0,0,3,2,-1,perm_test,0.004975124378109453,0.41721403253017125,2,2,0,0.0,0.16666666666666666,0,0.0,0.0,0.0,0.0,0,none,0,1,0,overconfident,0.95,0,mild_drift,0.9580667558670043,0.0013225580215454101,0.7903324127197267,0.8535498905181884,1768220034.6787891,0.5106474161148071,0.036755528301000595
20,1280,1279,sine_abrupt4,sine,ts_drift_adapt,5,"error_divergence_ph_meta@error.threshold=0.10,error.min_instances=5",error_divergence_ph_meta,"{""divergence"": {""alpha"": 0.1, ""delta"": 0.005, ""min_instances"": 30, ""threshold"": 0.05}, ""error_rate"": {""alpha"": 0.15, ""delta"": 0.005, ""min_instances"": 5, ""threshold"": 0.1}}","{""error_rate"": {""min_instances"": 5, ""threshold"": 0.1}}",0.1,0.005,0.15,5,0.05,0.005,0.1,30,,,,-1,two_stage,2,0.5,"__confirm_cooldown=200,__confirm_rule=perm_test,__perm_alpha=0.01,__perm_min_effect=0,__perm_n_perm=200,__perm_post_n=10,__perm_pre_n=500,__perm_rng_seed=0,__perm_stat=vote_score,divergence=0.3,error_rate=0.5,teacher_entropy=0.2",3,0,200,0.0,0,10000,10.0,25.0,200,500,0,0,1.0,0.71796875,0.4549940790994571,0.5,0.6509954333305359,0.010923292487859726,1,1,4,3,0,perm_test,0.004975124378109453,0.4211939536395806,3,3,0,0.16666666666666669,0.16666666666666669,1,0.5,0.0,0.0,0.0,0,none,1,1,0,overconfident,0.95,0,severe_drift,0.9245333779335021,0.001661279010772705,0.6451662063598633,0.8317749452590942,1768220034.6934009,0.5902170538902283,0.047289226204156876
21,1344,1343,sine_abrupt4,sine,ts_drift_adapt,5,"error_divergence_ph_meta@error.threshold=0.10,error.min_instances=5",error_divergence_ph_meta,"{""divergence"": {""alpha"": 0.1, ""delta"": 0.005, ""min_instances"": 30, ""threshold"": 0.05}, ""error_rate"": {""alpha"": 0.15, ""delta"": 0.005, ""min_instances"": 5, ""threshold"": 0.1}}","{""error_rate"": {""min_instances"": 5, ""threshold"": 0.1}}",0.1,0.005,0.15,5,0.05,0.005,0.1,30,,,,-1,two_stage,2,0.5,"__confirm_cooldown=200,__confirm_rule=perm_test,__perm_alpha=0.01,__perm_min_effect=0,__perm_n_perm=200,__perm_post_n=10,__perm_pre_n=500,__perm_rng_seed=0,__perm_stat=vote_score,divergence=0.3,error_rate=0.5,teacher_entropy=0.2",3,0,200,0.0,0,10000,10.0,25.0,200,500,1,136,1.0,0.71875,0.45741047302709575,0.0,0.6586647033691406,0.008865670301020145,0,0,4,3,-1,perm_test,0.004975124378109453,0.4211939536395806,3,3,0,0.0,0.5,0,0.0,0.0,0.0,0.0,0,none,0,1,0,overconfident,0.95,0,mild_drift,0.942416688966751,0.0014806395053863527,0.7225831031799317,0.8433874726295472,1768220034.7017224,0.3354518413543701,0.03769651800394058
22,1408,1407,sine_abrupt4,sine,ts_drift_adapt,5,"error_divergence_ph_meta@error.threshold=0.10,error.min_instances=5",error_divergence_ph_meta,"{""divergence"": {""alpha"": 0.1, ""delta"": 0.005, ""min_instances"": 30, ""threshold"": 0.05}, ""error_rate"": {""alpha"": 0.15, ""delta"": 0.005, ""min_instances"": 5, ""threshold"": 0.1}}","{""error_rate"": {""min_instances"": 5, ""threshold"": 0.1}}",0.1,0.005,0.15,5,0.05,0.005,0.1,30,,,,-1,two_stage,2,0.5,"__confirm_cooldown=200,__confirm_rule=perm_test,__perm_alpha=0.01,__perm_min_effect=0,__perm_n_perm=200,__perm_post_n=10,__perm_pre_n=500,__perm_rng_seed=0,__perm_stat=vote_score,divergence=0.3,error_rate=0.5,teacher_entropy=0.2",3,0,200,0.0,0,10000,10.0,25.0,200,500,1,72,1.0,0.7251420454545454,0.46787915719408424,0.0,0.617664098739624,0.009100476279854774,0,0,4,3,-1,perm_test,0.004975124378109453,0.4211939536395806,3,3,0,0.0,0.00023480597883462906,0,0.0,0.0,0.0,0.0,0,none,0,1,0,overconfident,0.95,0,mild_drift,0.9513583444833755,0.0013903197526931766,0.7612915515899659,0.8491937363147736,1768220034.7107635,0.2809723913669586,0.15077131986618042
23,1472,1471,sine_abrupt4,sine,ts_drift_adapt,5,"error_divergence_ph_meta@error.threshold=0.10,error.min_instances=5",error_divergence_ph_meta,"{""divergence"": {""alpha"": 0.1, ""delta"": 0.005, ""min_instances"": 30, ""threshold"": 0.05}, ""error_rate"": {""alpha"": 0.15, ""delta"": 0.005, ""min_instances"": 5, ""threshold"": 0.1}}","{""error_rate"": {""min_instances"": 5, ""threshold"": 0.1}}",0.1,0.005,0.15,5,0.05,0.005,0.1,30,,,,-1,two_stage,2,0.5,"__confirm_cooldown=200,__confirm_rule=perm_test,__perm_alpha=0.01,__perm_min_effect=0,__perm_n_perm=200,__perm_post_n=10,__perm_pre_n=500,__perm_rng_seed=0,__perm_stat=vote_score,divergence=0.3,error_rate=0.5,teacher_entropy=0.2",3,0,200,0.0,0,10000,10.0,25.0,200,500,1,8,1.0,0.7302989130434783,0.4779059919164341,0.0,0.6363329291343689,0.012138343416154385,0,0,4,3,-1,perm_test,0.004975124378109453,0.4211939536395806,3,3,0,0.0,0.00303786713629961,0,0.0,0.0,0.0,0.0,0,none,0,1,0,overconfident,0.95,0,mild_drift,0.9558291722416877,0.0013451598763465885,0.780645775794983,0.8520968681573868,1768220034.7197955,0.39018628001213074,0.18746060132980347
24,1536,1535,sine_abrupt4,sine,ts_drift_adapt,5,"error_divergence_ph_meta@error.threshold=0.10,error.min_instances=5",error_divergence_ph_meta,"{""divergence"": {""alpha"": 0.1, ""delta"": 0.005, ""min_instances"": 30, ""threshold"": 0.05}, ""error_rate"": {""alpha"": 0.15, ""delta"": 0.005, ""min_instances"": 5, ""threshold"": 0.1}}","{""error_rate"": {""min_instances"": 5, ""threshold"": 0.1}}",0.1,0.005,0.15,5,0.05,0.005,0.1,30,,,,-1,two_stage,2,0.5,"__confirm_cooldown=200,__confirm_rule=perm_test,__perm_alpha=0.01,__perm_min_effect=0,__perm_n_perm=200,__perm_post_n=10,__perm_pre_n=500,__perm_rng_seed=0,__perm_stat=vote_score,divergence=0.3,error_rate=0.5,teacher_entropy=0.2",3,0,200,0.0,0,10000,10.0,25.0,200,500,0,0,1.0,0.7356770833333334,0.48855763174469874,0.0,0.6214799284934998,0.01139378547668457,0,0,4,3,-1,perm_test,0.004975124378109453,0.4211939536395806,3,3,0,0.0,0.0007445579394698143,0,0.0,0.0,0.0,0.0,0,none,0,1,0,overconfident,0.95,0,mild_drift,0.9580645861208439,0.0013225799381732942,0.7903228878974915,0.8535484340786934,1768220034.7289548,0.5034757256507874,0.1751728653907776
25,1600,1599,sine_abrupt4,sine,ts_drift_adapt,5,"error_divergence_ph_meta@error.threshold=0.10,error.min_instances=5",error_divergence_ph_meta,"{""divergence"": {""alpha"": 0.1, ""delta"": 0.005, ""min_instances"": 30, ""threshold"": 0.05}, ""error_rate"": {""alpha"": 0.15, ""delta"": 0.005, ""min_instances"": 5, ""threshold"": 0.1}}","{""error_rate"": {""min_instances"": 5, ""threshold"": 0.1}}",0.1,0.005,0.15,5,0.05,0.005,0.1,30,,,,-1,two_stage,2,0.5,"__confirm_cooldown=200,__confirm_rule=perm_test,__perm_alpha=0.01,__perm_min_effect=0,__perm_n_perm=200,__perm_post_n=10,__perm_pre_n=500,__perm_rng_seed=0,__perm_stat=vote_score,divergence=0.3,error_rate=0.5,teacher_entropy=0.2",3,0,200,0.0,0,10000,10.0,25.0,200,500,0,0,1.0,0.74,0.4969009826152684,0.16666666666666666,0.6267783045768738,0.013555420562624931,1,1,5,4,0,perm_test,0.004975124378109453,0.4379502903182529,4,4,0,0.33333333333333337,0.16666666666666666,1,0.5,0.0,0.0,0.0,0,none,1,1,0,overconfident,0.95,0,severe_drift,0.924532293060422,0.0016612899690866471,0.6451614439487457,0.8317742170393467,1768220034.7436647,0.5176148414611816,0.057892292737960815
26,1664,1663,sine_abrupt4,sine,ts_drift_adapt,5,"error_divergence_ph_meta@error.threshold=0.10,error.min_instances=5",error_divergence_ph_meta,"{""divergence"": {""alpha"": 0.1, ""delta"": 0.005, ""min_instances"": 30, ""threshold"": 0.05}, ""error_rate"": {""alpha"": 0.15, ""delta"": 0.005, ""min_instances"": 5, ""threshold"": 0.1}}","{""error_rate"": {""min_instances"": 5, ""threshold"": 0.1}}",0.1,0.005,0.15,5,0.05,0.005,0.1,30,,,,-1,two_stage,2,0.5,"__confirm_cooldown=200,__confirm_rule=perm_test,__perm_alpha=0.01,__perm_min_effect=0,__perm_n_perm=200,__perm_post_n=10,__perm_pre_n=500,__perm_rng_seed=0,__perm_stat=vote_score,divergence=0.3,error_rate=0.5,teacher_entropy=0.2",3,0,200,0.0,0,10000,10.0,25.0,200,500,1,136,1.0,0.7457932692307693,0.5081079116781324,0.16666666666666666,0.628159761428833,0.014038787223398685,0,0,5,4,-1,perm_test,0.004975124378109453,0.4379502903182529,4,4,0,0.0,0.0004833666607737541,0,0.0,0.0,0.0,0.0,0,none,0,1,0,overconfident,0.95,0,mild_drift,0.942416146530211,0.0014806449845433237,0.722580721974373,0.8433871085196734,1768220034.7527955,0.4239692986011505,0.1574682891368866
27,1728,1727,sine_abrupt4,sine,ts_drift_adapt,5,"error_divergence_ph_meta@error.threshold=0.10,error.min_instances=5",error_divergence_ph_meta,"{""divergence"": {""alpha"": 0.1, ""delta"": 0.005, ""min_instances"": 30, ""threshold"": 0.05}, ""error_rate"": {""alpha"": 0.15, ""delta"": 0.005, ""min_instances"": 5, ""threshold"": 0.1}}","{""error_rate"": {""min_instances"": 5, ""threshold"": 0.1}}",0.1,0.005,0.15,5,0.05,0.005,0.1,30,,,,-1,two_stage,2,0.5,"__confirm_cooldown=200,__confirm_rule=perm_test,__perm_alpha=0.01,__perm_min_effect=0,__perm_n_perm=200,__perm_post_n=10,__perm_pre_n=500,__perm_rng_seed=0,__perm_stat=vote_score,divergence=0.3,error_rate=0.5,teacher_entropy=0.2",3,0,200,0.0,0,10000,10.0,25.0,200,500,1,72,1.0,0.7511574074074074,0.5171904727250045,0.16666666666666666,0.6241167187690735,0.015698570758104324,0,0,5,4,-1,perm_test,0.004975124378109453,0.4379502903182529,4,4,0,0.0,0.0016597835347056389,0,0.0,0.0,0.0,0.0,0,none,0,1,0,overconfident,0.95,0,mild_drift,0.9513580732651055,0.001390322492271662,0.7612903609871865,0.8491935542598367,1768220034.7619092,0.358744740486145,0.254424512386322
28,1792,1791,sine_abrupt4,sine,ts_drift_adapt,5,"error_divergence_ph_meta@error.threshold=0.10,error.min_instances=5",error_divergence_ph_meta,"{""divergence"": {""alpha"": 0.1, ""delta"": 0.005, ""min_instances"": 30, ""threshold"": 0.05}, ""error_rate"": {""alpha"": 0.15, ""delta"": 0.005, ""min_instances"": 5, ""threshold"": 0.1}}","{""error_rate"": {""min_instances"": 5, ""threshold"": 0.1}}",0.1,0.005,0.15,5,0.05,0.005,0.1,30,,,,-1,two_stage,2,0.5,"__confirm_cooldown=200,__confirm_rule=perm_test,__perm_alpha=0.01,__perm_min_effect=0,__perm_n_perm=200,__perm_post_n=10,__perm_pre_n=500,__perm_rng_seed=0,__perm_stat=vote_score,divergence=0.3,error_rate=0.5,teacher_entropy=0.2",3,0,200,0.0,0,10000,10.0,25.0,200,500,1,8,1.0,0.7589285714285714,0.5315259488768395,0.0,0.6210773587226868,0.017089905217289925,0,0,5,4,-1,perm_test,0.004975124378109453,0.4379502903182529,4,4,0,0.0,0.16666666666666666,0,0.0,0.0,0.0,0.0,0,none,0,1,0,overconfident,0.95,0,mild_drift,0.9558290366325527,0.001345161246135831,0.7806451804935932,0.8520967771299184,1768220034.771132,0.21123163402080536,0.24710369110107422
29,1856,1855,sine_abrupt4,sine,ts_drift_adapt,5,"error_divergence_ph_meta@error.threshold=0.10,error.min_instances=5",error_divergence_ph_meta,"{""divergence"": {""alpha"": 0.1, ""delta"": 0.005, ""min_instances"": 30, ""threshold"": 0.05}, ""error_rate"": {""alpha"": 0.15, ""delta"": 0.005, ""min_instances"": 5, ""threshold"": 0.1}}","{""error_rate"": {""min_instances"": 5, ""threshold"": 0.1}}",0.1,0.005,0.15,5,0.05,0.005,0.1,30,,,,-1,two_stage,2,0.5,"__confirm_cooldown=200,__confirm_rule=perm_test,__perm_alpha=0.01,__perm_min_effect=0,__perm_n_perm=200,__perm_post_n=10,__perm_pre_n=500,__perm_rng_seed=0,__perm_stat=vote_score,divergence=0.3,error_rate=0.5,teacher_entropy=0.2",3,0,200,0.0,0,10000,10.0,25.0,200,500,0,0,1.0,0.7640086206896551,0.540389906000563,0.0,0.5985108017921448,0.023275136947631836,0,0,5,4,-1,perm_test,0.004975124378109453,0.4379502903182529,4,4,0,0.0,0.006185231730341911,0,0.0,0.0,0.0,0.0,0,none,0,1,0,overconfident,0.95,0,mild_drift,0.9580645183162764,0.0013225806230679157,0.7903225902467966,0.8535483885649592,1768220034.7802906,0.2976791560649872,0.2042769193649292
30,1920,1919,sine_abrupt4,sine,ts_drift_adapt,5,"error_divergence_ph_meta@error.threshold=0.10,error.min_instances=5",error_divergence_ph_meta,"{""divergence"": {""alpha"": 0.1, ""delta"": 0.005, ""min_instances"": 30, ""threshold"": 0.05}, ""error_rate"": {""alpha"": 0.15, ""delta"": 0.005, ""min_instances"": 5, ""threshold"": 0.1}}","{""error_rate"": {""min_instances"": 5, ""threshold"": 0.1}}",0.1,0.005,0.15,5,0.05,0.005,0.1,30,,,,-1,two_stage,2,0.5,"__confirm_cooldown=200,__confirm_rule=perm_test,__perm_alpha=0.01,__perm_min_effect=0,__perm_n_perm=200,__perm_post_n=10,__perm_pre_n=500,__perm_rng_seed=0,__perm_stat=vote_score,divergence=0.3,error_rate=0.5,teacher_entropy=0.2",3,0,200,0.0,0,10000,10.0,25.0,200,500,0,0,1.0,0.7697916666666667,0.5510126341184686,0.0,0.6115931868553162,0.022391339763998985,0,0,5,4,-1,perm_test,0.004975124378109453,0.4379502903182529,4,4,0,0.0,0.0008837971836328506,0,0.0,0.0,0.0,0.0,0,none,0,1,0,overconfident,0.95,0,mild_drift,0.9591822591581382,0.001311290311533958,0.7951612951233984,0.8542741942824796,1768220034.789509,0.28235146403312683,0.1547011137008667
31,1984,1983,sine_abrupt4,sine,ts_drift_adapt,5,"error_divergence_ph_meta@error.threshold=0.10,error.min_instances=5",error_divergence_ph_meta,"{""divergence"": {""alpha"": 0.1, ""delta"": 0.005, ""min_instances"": 30, ""threshold"": 0.05}, ""error_rate"": {""alpha"": 0.15, ""delta"": 0.005, ""min_instances"": 5, ""threshold"": 0.1}}","{""error_rate"": {""min_instances"": 5, ""threshold"": 0.1}}",0.1,0.005,0.15,5,0.05,0.005,0.1,30,,,,-1,two_stage,2,0.5,"__confirm_cooldown=200,__confirm_rule=perm_test,__perm_alpha=0.01,__perm_min_effect=0,__perm_n_perm=200,__perm_post_n=10,__perm_pre_n=500,__perm_rng_seed=0,__perm_stat=vote_score,divergence=0.3,error_rate=0.5,teacher_entropy=0.2",3,0,200,0.0,0,10000,10.0,25.0,200,500,0,0,1.0,0.7746975806451613,0.560019289043942,0.16666666666666666,0.6259392499923706,0.026129204779863358,1,1,6,5,0,perm_test,0.004975124378109453,0.4401030408269941,5,5,0,0.0,0.16666666666666666,1,0.5,0.0,0.0,0.0,0,none,1,1,0,overconfident,0.95,0,stable,0.974591129579069,0.001055645155766979,0.8975806475616992,0.8996370971412398,1768220034.805368,0.2600342631340027,0.1736128330230713
32,2048,2047,sine_abrupt4,sine,ts_drift_adapt,5,"error_divergence_ph_meta@error.threshold=0.10,error.min_instances=5",error_divergence_ph_meta,"{""divergence"": {""alpha"": 0.1, ""delta"": 0.005, ""min_instances"": 30, ""threshold"": 0.05}, ""error_rate"": {""alpha"": 0.15, ""delta"": 0.005, ""min_instances"": 5, ""threshold"": 0.1}}","{""error_rate"": {""min_instances"": 5, ""threshold"": 0.1}}",0.1,0.005,0.15,5,0.05,0.005,0.1,30,,,,-1,two_stage,2,0.5,"__confirm_cooldown=200,__confirm_rule=perm_test,__perm_alpha=0.01,__perm_min_effect=0,__perm_n_perm=200,__perm_post_n=10,__perm_pre_n=500,__perm_rng_seed=0,__perm_stat=vote_score,divergence=0.3,error_rate=0.5,teacher_entropy=0.2",3,0,200,0.0,0,10000,10.0,25.0,200,500,1,136,1.0,0.7802734375,0.5705722720901798,0.16666666666666666,0.6128146648406982,0.03254219517111778,0,0,6,5,-1,perm_test,0.004975124378109453,0.4401030408269941,5,5,0,0.0,0.006412990391254425,0,0.0,0.0,0.0,0.0,0,none,0,1,0,overconfident,0.95,0,mild_drift,0.9674455647895345,0.0011778225778834896,0.8487903237808496,0.8773185485706199,1768220034.8139071,0.32704898715019226,0.15004029870033264
33,2112,2111,sine_abrupt4,sine,ts_drift_adapt,5,"error_divergence_ph_meta@error.threshold=0.10,error.min_instances=5",error_divergence_ph_meta,"{""divergence"": {""alpha"": 0.1, ""delta"": 0.005, ""min_instances"": 30, ""threshold"": 0.05}, ""error_rate"": {""alpha"": 0.15, ""delta"": 0.005, ""min_instances"": 5, ""threshold"": 0.1}}","{""error_rate"": {""min_instances"": 5, ""threshold"": 0.1}}",0.1,0.005,0.15,5,0.05,0.005,0.1,30,,,,-1,two_stage,2,0.5,"__confirm_cooldown=200,__confirm_rule=perm_test,__perm_alpha=0.01,__perm_min_effect=0,__perm_n_perm=200,__perm_post_n=10,__perm_pre_n=500,__perm_rng_seed=0,__perm_stat=vote_score,divergence=0.3,error_rate=0.5,teacher_entropy=0.2",3,0,200,0.0,0,10000,10.0,25.0,200,500,1,72,1.0,0.7864583333333334,0.5821897979271612,0.0,0.596012532711029,0.021383339539170265,0,0,6,5,-1,perm_test,0.004975124378109453,0.4401030408269941,5,5,0,0.0,0.16666666666666666,0,0.0,0.0,0.0,0.0,0,none,0,1,0,overconfident,0.95,0,mild_drift,0.9638727823947673,0.0012389112889417448,0.8243951618904248,0.8661592742853099,1768220034.823074,0.12278290838003159,0.21856626868247986
34,2176,2175,sine_abrupt4,sine,ts_drift_adapt,5,"error_divergence_ph_meta@error.threshold=0.10,error.min_instances=5",error_divergence_ph_meta,"{""divergence"": {""alpha"": 0.1, ""delta"": 0.005, ""min_instances"": 30, ""threshold"": 0.05}, ""error_rate"": {""alpha"": 0.15, ""delta"": 0.005, ""min_instances"": 5, ""threshold"": 0.1}}","{""error_rate"": {""min_instances"": 5, ""threshold"": 0.1}}",0.1,0.005,0.15,5,0.05,0.005,0.1,30,,,,-1,two_stage,2,0.5,"__confirm_cooldown=200,__confirm_rule=perm_test,__perm_alpha=0.01,__perm_min_effect=0,__perm_n_perm=200,__perm_post_n=10,__perm_pre_n=500,__perm_rng_seed=0,__perm_stat=vote_score,divergence=0.3,error_rate=0.5,teacher_entropy=0.2",3,0,200,0.0,0,10000,10.0,25.0,200,500,1,8,1.0,0.7895220588235294,0.5874628798221048,0.16666666666666666,0.5845302939414978,0.01462998054921627,0,0,6,5,-1,perm_test,0.004975124378109453,0.4401030408269941,5,5,0,0.0,0.16666666666666666,0,0.0,0.0,0.0,0.0,0,none,0,1,0,overconfident,0.95,0,mild_drift,0.9620863911973836,0.0012694556444708726,0.8121975809452124,0.860579637142655,1768220034.832584,0.3518873155117035,0.13810133934020996
35,2240,2239,sine_abrupt4,sine,ts_drift_adapt,5,"error_divergence_ph_meta@error.threshold=0.10,error.min_instances=5",error_divergence_ph_meta,"{""divergence"": {""alpha"": 0.1, ""delta"": 0.005, ""min_instances"": 30, ""threshold"": 0.05}, ""error_rate"": {""alpha"": 0.15, ""delta"": 0.005, ""min_instances"": 5, ""threshold"": 0.1}}","{""error_rate"": {""min_instances"": 5, ""threshold"": 0.1}}",0.1,0.005,0.15,5,0.05,0.005,0.1,30,,,,-1,two_stage,2,0.5,"__confirm_cooldown=200,__confirm_rule=perm_test,__perm_alpha=0.01,__perm_min_effect=0,__perm_n_perm=200,__perm_post_n=10,__perm_pre_n=500,__perm_rng_seed=0,__perm_stat=vote_score,divergence=0.3,error_rate=0.5,teacher_entropy=0.2",3,0,200,0.0,0,10000,10.0,25.0,200,500,0,0,1.0,0.7928571428571428,0.5933111707955349,0.16666666666666666,0.6102885007858276,0.020192701369524002,0,0,6,5,-1,perm_test,0.004975124378109453,0.4401030408269941,5,5,0,0.0,0.005562720820307732,0,0.0,0.0,0.0,0.0,0,none,0,1,0,overconfident,0.95,0,mild_drift,0.9611931955986918,0.0012847278222354363,0.8060987904726062,0.8577898185713275,1768220034.8420284,0.27407312393188477,0.12973999977111816
36,2304,2303,sine_abrupt4,sine,ts_drift_adapt,5,"error_divergence_ph_meta@error.threshold=0.10,error.min_instances=5",error_divergence_ph_meta,"{""divergence"": {""alpha"": 0.1, ""delta"": 0.005, ""min_instances"": 30, ""threshold"": 0.05}, ""error_rate"": {""alpha"": 0.15, ""delta"": 0.005, ""min_instances"": 5, ""threshold"": 0.1}}","{""error_rate"": {""min_instances"": 5, ""threshold"": 0.1}}",0.1,0.005,0.15,5,0.05,0.005,0.1,30,,,,-1,two_stage,2,0.5,"__confirm_cooldown=200,__confirm_rule=perm_test,__perm_alpha=0.01,__perm_min_effect=0,__perm_n_perm=200,__perm_post_n=10,__perm_pre_n=500,__perm_rng_seed=0,__perm_stat=vote_score,divergence=0.3,error_rate=0.5,teacher_entropy=0.2",3,0,200,0.0,0,10000,10.0,25.0,200,500,0,0,1.0,0.7977430555555556,0.6026457125600291,0.0,0.5969346165657043,0.018441593274474144,1,1,7,6,0,perm_test,0.004975124378109453,0.4415867530601607,6,6,0,0.16666666666666666,0.16666666666666666,1,0.5,0.0,0.0,0.0,0,none,1,1,0,overconfident,0.95,0,severe_drift,0.9260965977993458,0.0016423639111177181,0.6530493952363031,0.8338949092856638,1768220034.8580034,0.21196681261062622,0.12062694132328033
37,2368,2367,sine_abrupt4,sine,ts_drift_adapt,5,"error_divergence_ph_meta@error.threshold=0.10,error.min_instances=5",error_divergence_ph_meta,"{""divergence"": {""alpha"": 0.1, ""delta"": 0.005, ""min_instances"": 30, ""threshold"": 0.05}, ""error_rate"": {""alpha"": 0.15, ""delta"": 0.005, ""min_instances"": 5, ""threshold"": 0.1}}","{""error_rate"": {""min_instances"": 5, ""threshold"": 0.1}}",0.1,0.005,0.15,5,0.05,0.005,0.1,30,,,,-1,two_stage,2,0.5,"__confirm_cooldown=200,__confirm_rule=perm_test,__perm_alpha=0.01,__perm_min_effect=0,__perm_n_perm=200,__perm_post_n=10,__perm_pre_n=500,__perm_rng_seed=0,__perm_stat=vote_score,divergence=0.3,error_rate=0.5,teacher_entropy=0.2",3,0,200,0.0,0,10000,10.0,25.0,200,500,1,136,1.0,0.8023648648648649,0.6115398420674804,0.0,0.5815377235412598,0.01761837862432003,0,0,7,6,-1,perm_test,0.004975124378109453,0.4415867530601607,6,6,0,0.0,0.0008232146501541138,0,0.0,0.0,0.0,0.0,0,none,0,1,0,overconfident,0.95,0,mild_drift,0.9431982988996729,0.0014711819555588593,0.7265246976181516,0.8444474546428319,1768220034.867323,0.1695909947156906,0.1254996359348297
38,2432,2431,sine_abrupt4,sine,ts_drift_adapt,5,"error_divergence_ph_meta@error.threshold=0.10,error.min_instances=5",error_divergence_ph_meta,"{""divergence"": {""alpha"": 0.1, ""delta"": 0.005, ""min_instances"": 30, ""threshold"": 0.05}, ""error_rate"": {""alpha"": 0.15, ""delta"": 0.005, ""min_instances"": 5, ""threshold"": 0.1}}","{""error_rate"": {""min_instances"": 5, ""threshold"": 0.1}}",0.1,0.005,0.15,5,0.05,0.005,0.1,30,,,,-1,two_stage,2,0.5,"__confirm_cooldown=200,__confirm_rule=perm_test,__perm_alpha=0.01,__perm_min_effect=0,__perm_n_perm=200,__perm_post_n=10,__perm_pre_n=500,__perm_rng_seed=0,__perm_stat=vote_score,divergence=0.3,error_rate=0.5,teacher_entropy=0.2",3,0,200,0.0,0,10000,10.0,25.0,200,500,1,72,1.0,0.8055098684210527,0.6175419184611457,0.16666666666666666,0.5892230868339539,0.018500493839383125,0,0,7,6,-1,perm_test,0.004975124378109453,0.4415867530601607,6,6,0,0.0,0.16666666666666666,0,0.0,0.0,0.0,0.0,0,none,0,1,0,overconfident,0.95,0,mild_drift,0.9517491494498365,0.0013855909777794298,0.7632623488090758,0.849723727321416,1768220034.8765028,0.30383655428886414,0.12945543229579926
39,2496,2495,sine_abrupt4,sine,ts_drift_adapt,5,"error_divergence_ph_meta@error.threshold=0.10,error.min_instances=5",error_divergence_ph_meta,"{""divergence"": {""alpha"": 0.1, ""delta"": 0.005, ""min_instances"": 30, ""threshold"": 0.05}, ""error_rate"": {""alpha"": 0.15, ""delta"": 0.005, ""min_instances"": 5, ""threshold"": 0.1}}","{""error_rate"": {""min_instances"": 5, ""threshold"": 0.1}}",0.1,0.005,0.15,5,0.05,0.005,0.1,30,,,,-1,two_stage,2,0.5,"__confirm_cooldown=200,__confirm_rule=perm_test,__perm_alpha=0.01,__perm_min_effect=0,__perm_n_perm=200,__perm_post_n=10,__perm_pre_n=500,__perm_rng_seed=0,__perm_stat=vote_score,divergence=0.3,error_rate=0.5,teacher_entropy=0.2",3,0,200,0.0,0,10000,10.0,25.0,200,500,1,8,1.0,0.8080929487179487,0.6225674595507873,0.16666666666666666,0.560390830039978,0.013592259958386421,0,0,7,6,-1,perm_test,0.004975124378109453,0.4415867530601607,6,6,0,0.0,0.004908233880996704,0,0.0,0.0,0.0,0.0,0,none,0,1,0,overconfident,0.95,0,mild_drift,0.9560245747249182,0.001342795488889715,0.7816311744045379,0.852361863660708,1768220034.8857794,0.20758789777755737,0.09366071969270706
40,2560,2559,sine_abrupt4,sine,ts_drift_adapt,5,"error_divergence_ph_meta@error.threshold=0.10,error.min_instances=5",error_divergence_ph_meta,"{""divergence"": {""alpha"": 0.1, ""delta"": 0.005, ""min_instances"": 30, ""threshold"": 0.05}, ""error_rate"": {""alpha"": 0.15, ""delta"": 0.005, ""min_instances"": 5, ""threshold"": 0.1}}","{""error_rate"": {""min_instances"": 5, ""threshold"": 0.1}}",0.1,0.005,0.15,5,0.05,0.005,0.1,30,,,,-1,two_stage,2,0.5,"__confirm_cooldown=200,__confirm_rule=perm_test,__perm_alpha=0.01,__perm_min_effect=0,__perm_n_perm=200,__perm_post_n=10,__perm_pre_n=500,__perm_rng_seed=0,__perm_stat=vote_score,divergence=0.3,error_rate=0.5,teacher_entropy=0.2",3,0,200,0.0,0,10000,10.0,25.0,200,500,0,0,1.0,0.811328125,0.628695834959911,0.0,0.5652012228965759,0.021749405190348625,0,0,7,6,-1,perm_test,0.004975124378109453,0.4415867530601607,6,6,0,0.0,0.16666666666666666,0,0.0,0.0,0.0,0.0,0,none,0,1,0,overconfident,0.95,0,mild_drift,0.9581622873624591,0.0013213977444448575,0.790815587202269,0.853680931830354,1768220034.895255,0.1891978532075882,0.14097455143928528
41,2624,2623,sine_abrupt4,sine,ts_drift_adapt,5,"error_divergence_ph_meta@error.threshold=0.10,error.min_instances=5",error_divergence_ph_meta,"{""divergence"": {""alpha"": 0.1, ""delta"": 0.005, ""min_instances"": 30, ""threshold"": 0.05}, ""error_rate"": {""alpha"": 0.15, ""delta"": 0.005, ""min_instances"": 5, ""threshold"": 0.1}}","{""error_rate"": {""min_instances"": 5, ""threshold"": 0.1}}",0.1,0.005,0.15,5,0.05,0.005,0.1,30,,,,-1,two_stage,2,0.5,"__confirm_cooldown=200,__confirm_rule=perm_test,__perm_alpha=0.01,__perm_min_effect=0,__perm_n_perm=200,__perm_post_n=10,__perm_pre_n=500,__perm_rng_seed=0,__perm_stat=vote_score,divergence=0.3,error_rate=0.5,teacher_entropy=0.2",3,0,200,0.0,0,10000,10.0,25.0,200,500,0,0,1.0,0.8144054878048781,0.6346703625942851,0.16666666666666666,0.543224036693573,0.017679309472441673,1,1,8,7,0,perm_test,0.004975124378109453,0.4249397076898509,7,7,0,0.16666666666666666,0.16666666666666666,1,0.5,0.0,0.0,0.0,0,none,1,1,0,overconfident,0.95,0,severe_drift,0.9245811436812296,0.0016606988722224288,0.6454077936011344,0.831840465915177,1768220034.9113991,0.34055018424987793,0.14784139394760132
42,2688,2687,sine_abrupt4,sine,ts_drift_adapt,5,"error_divergence_ph_meta@error.threshold=0.10,error.min_instances=5",error_divergence_ph_meta,"{""divergence"": {""alpha"": 0.1, ""delta"": 0.005, ""min_instances"": 30, ""threshold"": 0.05}, ""error_rate"": {""alpha"": 0.15, ""delta"": 0.005, ""min_instances"": 5, ""threshold"": 0.1}}","{""error_rate"": {""min_instances"": 5, ""threshold"": 0.1}}",0.1,0.005,0.15,5,0.05,0.005,0.1,30,,,,-1,two_stage,2,0.5,"__confirm_cooldown=200,__confirm_rule=perm_test,__perm_alpha=0.01,__perm_min_effect=0,__perm_n_perm=200,__perm_post_n=10,__perm_pre_n=500,__perm_rng_seed=0,__perm_stat=vote_score,divergence=0.3,error_rate=0.5,teacher_entropy=0.2",3,0,200,0.0,0,10000,10.0,25.0,200,500,1,136,1.0,0.8169642857142857,0.639613675591921,0.16666666666666666,0.5539785623550415,0.018354596570134163,0,0,8,7,-1,perm_test,0.004975124378109453,0.4249397076898509,7,7,0,0.0,0.0006752870976924896,0,0.0,0.0,0.0,0.0,0,none,0,1,0,overconfident,0.95,0,mild_drift,0.9424405718406148,0.0014803494361112146,0.7227038968005672,0.8434202329575885,1768220034.920773,0.29576608538627625,0.13016662001609802
43,2752,2751,sine_abrupt4,sine,ts_drift_adapt,5,"error_divergence_ph_meta@error.threshold=0.10,error.min_instances=5",error_divergence_ph_meta,"{""divergence"": {""alpha"": 0.1, ""delta"": 0.005, ""min_instances"": 30, ""threshold"": 0.05}, ""error_rate"": {""alpha"": 0.15, ""delta"": 0.005, ""min_instances"": 5, ""threshold"": 0.1}}","{""error_rate"": {""min_instances"": 5, ""threshold"": 0.1}}",0.1,0.005,0.15,5,0.05,0.005,0.1,30,,,,-1,two_stage,2,0.5,"__confirm_cooldown=200,__confirm_rule=perm_test,__perm_alpha=0.01,__perm_min_effect=0,__perm_n_perm=200,__perm_post_n=10,__perm_pre_n=500,__perm_rng_seed=0,__perm_stat=vote_score,divergence=0.3,error_rate=0.5,teacher_entropy=0.2",3,0,200,0.0,0,10000,10.0,25.0,200,500,1,72,1.0,0.8204941860465116,0.6463873184191306,0.0,0.538002073764801,0.01893879473209381,0,0,8,7,-1,perm_test,0.004975124378109453,0.4249397076898509,7,7,0,0.0,0.16666666666666666,0,0.0,0.0,0.0,0.0,0,none,0,1,0,overconfident,0.95,0,mild_drift,0.9513702859203074,0.0013901747180556073,0.7613519484002836,0.8492101164787942,1768220034.9299345,0.1792527586221695,0.16167116165161133
44,2816,2815,sine_abrupt4,sine,ts_drift_adapt,5,"error_divergence_ph_meta@error.threshold=0.10,error.min_instances=5",error_divergence_ph_meta,"{""divergence"": {""alpha"": 0.1, ""delta"": 0.005, ""min_instances"": 30, ""threshold"": 0.05}, ""error_rate"": {""alpha"": 0.15, ""delta"": 0.005, ""min_instances"": 5, ""threshold"": 0.1}}","{""error_rate"": {""min_instances"": 5, ""threshold"": 0.1}}",0.1,0.005,0.15,5,0.05,0.005,0.1,30,,,,-1,two_stage,2,0.5,"__confirm_cooldown=200,__confirm_rule=perm_test,__perm_alpha=0.01,__perm_min_effect=0,__perm_n_perm=200,__perm_post_n=10,__perm_pre_n=500,__perm_rng_seed=0,__perm_stat=vote_score,divergence=0.3,error_rate=0.5,teacher_entropy=0.2",3,0,200,0.0,0,10000,10.0,25.0,200,500,1,8,1.0,0.82421875,0.6535243615683273,0.0,0.5410714745521545,0.02125939168035984,0,0,8,7,-1,perm_test,0.004975124378109453,0.4249397076898509,7,7,0,0.0,0.0023205969482660294,0,0.0,0.0,0.0,0.0,0,none,0,1,0,overconfident,0.95,0,mild_drift,0.9558351429601537,0.0013450873590278036,0.7806759742001419,0.8521050582393971,1768220034.9392989,0.1864977329969406,0.16947612166404724
45,2880,2879,sine_abrupt4,sine,ts_drift_adapt,5,"error_divergence_ph_meta@error.threshold=0.10,error.min_instances=5",error_divergence_ph_meta,"{""divergence"": {""alpha"": 0.1, ""delta"": 0.005, ""min_instances"": 30, ""threshold"": 0.05}, ""error_rate"": {""alpha"": 0.15, ""delta"": 0.005, ""min_instances"": 5, ""threshold"": 0.1}}","{""error_rate"": {""min_instances"": 5, ""threshold"": 0.1}}",0.1,0.005,0.15,5,0.05,0.005,0.1,30,,,,-1,two_stage,2,0.5,"__confirm_cooldown=200,__confirm_rule=perm_test,__perm_alpha=0.01,__perm_min_effect=0,__perm_n_perm=200,__perm_post_n=10,__perm_pre_n=500,__perm_rng_seed=0,__perm_stat=vote_score,divergence=0.3,error_rate=0.5,teacher_entropy=0.2",3,0,200,0.0,0,10000,10.0,25.0,200,500,0,0,1.0,0.8270833333333333,0.6589287684680329,0.0,0.529971182346344,0.02620258368551731,0,0,8,7,-1,perm_test,0.004975124378109453,0.4249397076898509,7,7,0,0.0,0.004943192005157471,0,0.0,0.0,0.0,0.0,0,none,0,1,0,overconfident,0.95,0,mild_drift,0.9580675714800768,0.001322543679513902,0.790337987100071,0.8535525291196986,1768220034.9487262,0.14097751677036285,0.1999908685684204
46,2944,2943,sine_abrupt4,sine,ts_drift_adapt,5,"error_divergence_ph_meta@error.threshold=0.10,error.min_instances=5",error_divergence_ph_meta,"{""divergence"": {""alpha"": 0.1, ""delta"": 0.005, ""min_instances"": 30, ""threshold"": 0.05}, ""error_rate"": {""alpha"": 0.15, ""delta"": 0.005, ""min_instances"": 5, ""threshold"": 0.1}}","{""error_rate"": {""min_instances"": 5, ""threshold"": 0.1}}",0.1,0.005,0.15,5,0.05,0.005,0.1,30,,,,-1,two_stage,2,0.5,"__confirm_cooldown=200,__confirm_rule=perm_test,__perm_alpha=0.01,__perm_min_effect=0,__perm_n_perm=200,__perm_post_n=10,__perm_pre_n=500,__perm_rng_seed=0,__perm_stat=vote_score,divergence=0.3,error_rate=0.5,teacher_entropy=0.2",3,0,200,0.0,0,10000,10.0,25.0,200,500,0,0,1.0,0.8291440217391305,0.6626907801405517,0.0,0.5162063837051392,0.018959278240799904,0,0,8,7,-1,perm_test,0.004975124378109453,0.4249397076898509,7,7,0,0.0,0.007243305444717407,0,0.0,0.0,0.0,0.0,0,none,0,1,0,overconfident,0.95,0,mild_drift,0.9591837857400384,0.0013112718397569512,0.7951689935500355,0.8542762645598493,1768220034.9581223,0.1661040037870407,0.16553813219070435
47,3008,3007,sine_abrupt4,sine,ts_drift_adapt,5,"error_divergence_ph_meta@error.threshold=0.10,error.min_instances=5",error_divergence_ph_meta,"{""divergence"": {""alpha"": 0.1, ""delta"": 0.005, ""min_instances"": 30, ""threshold"": 0.05}, ""error_rate"": {""alpha"": 0.15, ""delta"": 0.005, ""min_instances"": 5, ""threshold"": 0.1}}","{""error_rate"": {""min_instances"": 5, ""threshold"": 0.1}}",0.1,0.005,0.15,5,0.05,0.005,0.1,30,,,,-1,two_stage,2,0.5,"__confirm_cooldown=200,__confirm_rule=perm_test,__perm_alpha=0.01,__perm_min_effect=0,__perm_n_perm=200,__perm_post_n=10,__perm_pre_n=500,__perm_rng_seed=0,__perm_stat=vote_score,divergence=0.3,error_rate=0.5,teacher_entropy=0.2",3,0,200,0.0,0,10000,10.0,25.0,200,500,0,0,1.0,0.831781914893617,0.6676611770624443,0.0,0.48961541056632996,0.02271200530230999,0,0,8,7,-1,perm_test,0.004975124378109453,0.4249397076898509,7,7,0,0.0,0.003752727061510086,0,0.0,0.0,0.0,0.0,0,none,0,1,0,overconfident,0.95,0,mild_drift,0.9597418928700192,0.0013056359198784758,0.7975844967750177,0.8546381322799246,1768220034.967641,0.1225891038775444,0.1651502251625061
48,3072,3071,sine_abrupt4,sine,ts_drift_adapt,5,"error_divergence_ph_meta@error.threshold=0.10,error.min_instances=5",error_divergence_ph_meta,"{""divergence"": {""alpha"": 0.1, ""delta"": 0.005, ""min_instances"": 30, ""threshold"": 0.05}, ""error_rate"": {""alpha"": 0.15, ""delta"": 0.005, ""min_instances"": 5, ""threshold"": 0.1}}","{""error_rate"": {""min_instances"": 5, ""threshold"": 0.1}}",0.1,0.005,0.15,5,0.05,0.005,0.1,30,,,,-1,two_stage,2,0.5,"__confirm_cooldown=200,__confirm_rule=perm_test,__perm_alpha=0.01,__perm_min_effect=0,__perm_n_perm=200,__perm_post_n=10,__perm_pre_n=500,__perm_rng_seed=0,__perm_stat=vote_score,divergence=0.3,error_rate=0.5,teacher_entropy=0.2",3,0,200,0.0,0,10000,10.0,25.0,200,500,0,0,1.0,0.8330078125,0.6697516246951994,0.16666666666666666,0.4897545874118805,0.02045905776321888,1,1,9,8,0,perm_test,0.004975124378109453,0.44329758980194317,8,8,0,0.0,0.16666666666666666,1,0.5,0.0,0.0,0.0,0,none,1,1,0,overconfident,0.95,0,stable,0.9748709464350096,0.0010528179599392379,0.8987922483875088,0.8998190661399623,1768220034.983994,0.27823638916015625,0.1564790904521942
49,3136,3135,sine_abrupt4,sine,ts_drift_adapt,5,"error_divergence_ph_meta@error.threshold=0.10,error.min_instances=5",error_divergence_ph_meta,"{""divergence"": {""alpha"": 0.1, ""delta"": 0.005, ""min_instances"": 30, ""threshold"": 0.05}, ""error_rate"": {""alpha"": 0.15, ""delta"": 0.005, ""min_instances"": 5, ""threshold"": 0.1}}","{""error_rate"": {""min_instances"": 5, ""threshold"": 0.1}}",0.1,0.005,0.15,5,0.05,0.005,0.1,30,,,,-1,two_stage,2,0.5,"__confirm_cooldown=200,__confirm_rule=perm_test,__perm_alpha=0.01,__perm_min_effect=0,__perm_n_perm=200,__perm_post_n=10,__perm_pre_n=500,__perm_rng_seed=0,__perm_stat=vote_score,divergence=0.3,error_rate=0.5,teacher_entropy=0.2",3,0,200,0.0,0,10000,10.0,25.0,200,500,1,136,1.0,0.8357780612244898,0.6750487917748135,0.0,0.48705729842185974,0.01916208490729332,0,0,9,8,-1,perm_test,0.004975124378109453,0.44329758980194317,8,8,0,0.0,0.16666666666666666,0,0.0,0.0,0.0,0.0,0,none,0,1,0,overconfident,0.95,0,mild_drift,0.9675854732175048,0.001176408979969619,0.8493961241937544,0.8774095330699812,1768220034.9935358,0.10403081774711609,0.1346282809972763
50,3200,3199,sine_abrupt4,sine,ts_drift_adapt,5,"error_divergence_ph_meta@error.threshold=0.10,error.min_instances=5",error_divergence_ph_meta,"{""divergence"": {""alpha"": 0.1, ""delta"": 0.005, ""min_instances"": 30, ""threshold"": 0.05}, ""error_rate"": {""alpha"": 0.15, ""delta"": 0.005, ""min_instances"": 5, ""threshold"": 0.1}}","{""error_rate"": {""min_instances"": 5, ""threshold"": 0.1}}",0.1,0.005,0.15,5,0.05,0.005,0.1,30,,,,-1,two_stage,2,0.5,"__confirm_cooldown=200,__confirm_rule=perm_test,__perm_alpha=0.01,__perm_min_effect=0,__perm_n_perm=200,__perm_post_n=10,__perm_pre_n=500,__perm_rng_seed=0,__perm_stat=vote_score,divergence=0.3,error_rate=0.5,teacher_entropy=0.2",3,0,200,0.0,0,10000,10.0,25.0,200,500,1,72,1.0,0.836875,0.6769483376493273,0.0,0.5324333310127258,0.020719820633530617,0,0,9,8,-1,perm_test,0.004975124378109453,0.44329758980194317,8,8,0,0.0,0.001557735726237297,0,0.0,0.0,0.0,0.0,0,none,0,1,0,overconfident,0.95,0,mild_drift,0.9639427366087523,0.0012382044899848096,0.8246980620968772,0.8662047665349906,1768220035.002916,0.10085776448249817,0.14673733711242676
51,3264,3263,sine_abrupt4,sine,ts_drift_adapt,5,"error_divergence_ph_meta@error.threshold=0.10,error.min_instances=5",error_divergence_ph_meta,"{""divergence"": {""alpha"": 0.1, ""delta"": 0.005, ""min_instances"": 30, ""threshold"": 0.05}, ""error_rate"": {""alpha"": 0.15, ""delta"": 0.005, ""min_instances"": 5, ""threshold"": 0.1}}","{""error_rate"": {""min_instances"": 5, ""threshold"": 0.1}}",0.1,0.005,0.15,5,0.05,0.005,0.1,30,,,,-1,two_stage,2,0.5,"__confirm_cooldown=200,__confirm_rule=perm_test,__perm_alpha=0.01,__perm_min_effect=0,__perm_n_perm=200,__perm_post_n=10,__perm_pre_n=500,__perm_rng_seed=0,__perm_stat=vote_score,divergence=0.3,error_rate=0.5,teacher_entropy=0.2",3,0,200,0.0,0,10000,10.0,25.0,200,500,1,8,1.0,0.8388480392156863,0.6806503419004689,0.0,0.46631941199302673,0.01804659143090248,0,0,9,8,-1,perm_test,0.004975124378109453,0.44329758980194317,8,8,0,0.0,0.0026732292026281357,0,0.0,0.0,0.0,0.0,0,none,0,1,0,overconfident,0.95,0,mild_drift,0.9621213683043761,0.0012691022449924049,0.8123490310484387,0.8606023832674953,1768220035.0123487,0.09915867447853088,0.1396891474723816
52,3328,3327,sine_abrupt4,sine,ts_drift_adapt,5,"error_divergence_ph_meta@error.threshold=0.10,error.min_instances=5",error_divergence_ph_meta,"{""divergence"": {""alpha"": 0.1, ""delta"": 0.005, ""min_instances"": 30, ""threshold"": 0.05}, ""error_rate"": {""alpha"": 0.15, ""delta"": 0.005, ""min_instances"": 5, ""threshold"": 0.1}}","{""error_rate"": {""min_instances"": 5, ""threshold"": 0.1}}",0.1,0.005,0.15,5,0.05,0.005,0.1,30,,,,-1,two_stage,2,0.5,"__confirm_cooldown=200,__confirm_rule=perm_test,__perm_alpha=0.01,__perm_min_effect=0,__perm_n_perm=200,__perm_post_n=10,__perm_pre_n=500,__perm_rng_seed=0,__perm_stat=vote_score,divergence=0.3,error_rate=0.5,teacher_entropy=0.2",3,0,200,0.0,0,10000,10.0,25.0,200,500,0,0,1.0,0.8413461538461539,0.6853830709054756,0.0,0.49572837352752686,0.01680392026901245,0,0,9,8,-1,perm_test,0.004975124378109453,0.44329758980194317,8,8,0,0.0,0.00124267116189003,0,0.0,0.0,0.0,0.0,0,none,0,1,0,overconfident,0.95,0,mild_drift,0.961210684152188,0.0012845511224962025,0.8061745155242194,0.8578011916337476,1768220035.0217855,0.07178095728158951,0.13284221291542053
53,3392,3391,sine_abrupt4,sine,ts_drift_adapt,5,"error_divergence_ph_meta@error.threshold=0.10,error.min_instances=5",error_divergence_ph_meta,"{""divergence"": {""alpha"": 0.1, ""delta"": 0.005, ""min_instances"": 30, ""threshold"": 0.05}, ""error_rate"": {""alpha"": 0.15, ""delta"": 0.005, ""min_instances"": 5, ""threshold"": 0.1}}","{""error_rate"": {""min_instances"": 5, ""threshold"": 0.1}}",0.1,0.005,0.15,5,0.05,0.005,0.1,30,,,,-1,two_stage,2,0.5,"__confirm_cooldown=200,__confirm_rule=perm_test,__perm_alpha=0.01,__perm_min_effect=0,__perm_n_perm=200,__perm_post_n=10,__perm_pre_n=500,__perm_rng_seed=0,__perm_stat=vote_score,divergence=0.3,error_rate=0.5,teacher_entropy=0.2",3,0,200,0.0,0,10000,10.0,25.0,200,500,0,0,1.0,0.84375,0.6900092044036295,0.0,0.44255608320236206,0.015321234241127968,0,0,9,8,-1,perm_test,0.004975124378109453,0.44329758980194317,8,8,0,0.0,0.0014826860278844833,0,0.0,0.0,0.0,0.0,0,none,0,1,0,overconfident,0.95,0,mild_drift,0.9607553420760939,0.0012922755612481012,0.8030872577621098,0.8564005958168738,1768220035.0313897,0.2102300375699997,0.128867506980896
54,3456,3455,sine_abrupt4,sine,ts_drift_adapt,5,"error_divergence_ph_meta@error.threshold=0.10,error.min_instances=5",error_divergence_ph_meta,"{""divergence"": {""alpha"": 0.1, ""delta"": 0.005, ""min_instances"": 30, ""threshold"": 0.05}, ""error_rate"": {""alpha"": 0.15, ""delta"": 0.005, ""min_instances"": 5, ""threshold"": 0.1}}","{""error_rate"": {""min_instances"": 5, ""threshold"": 0.1}}",0.1,0.005,0.15,5,0.05,0.005,0.1,30,,,,-1,two_stage,2,0.5,"__confirm_cooldown=200,__confirm_rule=perm_test,__perm_alpha=0.01,__perm_min_effect=0,__perm_n_perm=200,__perm_post_n=10,__perm_pre_n=500,__perm_rng_seed=0,__perm_stat=vote_score,divergence=0.3,error_rate=0.5,teacher_entropy=0.2",3,0,200,0.0,0,10000,10.0,25.0,200,500,0,0,1.0,0.8454861111111112,0.6933051084904862,0.0,0.46866729855537415,0.015553781762719154,0,0,9,8,-1,perm_test,0.004975124378109453,0.44329758980194317,8,8,0,0.0,0.00023254752159118652,0,0.0,0.0,0.0,0.0,0,none,0,1,0,overconfident,0.95,0,mild_drift,0.9605276710380469,0.0012961377806240508,0.8015436288810549,0.8557002979084369,1768220035.0410454,0.14175765216350555,0.1191725954413414
55,3520,3519,sine_abrupt4,sine,ts_drift_adapt,5,"error_divergence_ph_meta@error.threshold=0.10,error.min_instances=5",error_divergence_ph_meta,"{""divergence"": {""alpha"": 0.1, ""delta"": 0.005, ""min_instances"": 30, ""threshold"": 0.05}, ""error_rate"": {""alpha"": 0.15, ""delta"": 0.005, ""min_instances"": 5, ""threshold"": 0.1}}","{""error_rate"": {""min_instances"": 5, ""threshold"": 0.1}}",0.1,0.005,0.15,5,0.05,0.005,0.1,30,,,,-1,two_stage,2,0.5,"__confirm_cooldown=200,__confirm_rule=perm_test,__perm_alpha=0.01,__perm_min_effect=0,__perm_n_perm=200,__perm_post_n=10,__perm_pre_n=500,__perm_rng_seed=0,__perm_stat=vote_score,divergence=0.3,error_rate=0.5,teacher_entropy=0.2",3,0,200,0.0,0,10000,10.0,25.0,200,500,0,0,1.0,0.8465909090909091,0.6953846153846154,0.0,0.4637894034385681,0.01341832336038351,0,0,9,8,-1,perm_test,0.004975124378109453,0.44329758980194317,8,8,0,0.0,0.0021354584023356438,0,0.0,0.0,0.0,0.0,0,none,0,1,0,overconfident,0.95,0,mild_drift,0.9604138355190235,0.0012980688903120254,0.8007718144405275,0.8553501489542185,1768220035.0507123,0.0944417342543602,0.1212688684463501
56,3584,3583,sine_abrupt4,sine,ts_drift_adapt,5,"error_divergence_ph_meta@error.threshold=0.10,error.min_instances=5",error_divergence_ph_meta,"{""divergence"": {""alpha"": 0.1, ""delta"": 0.005, ""min_instances"": 30, ""threshold"": 0.05}, ""error_rate"": {""alpha"": 0.15, ""delta"": 0.005, ""min_instances"": 5, ""threshold"": 0.1}}","{""error_rate"": {""min_instances"": 5, ""threshold"": 0.1}}",0.1,0.005,0.15,5,0.05,0.005,0.1,30,,,,-1,two_stage,2,0.5,"__confirm_cooldown=200,__confirm_rule=perm_test,__perm_alpha=0.01,__perm_min_effect=0,__perm_n_perm=200,__perm_post_n=10,__perm_pre_n=500,__perm_rng_seed=0,__perm_stat=vote_score,divergence=0.3,error_rate=0.5,teacher_entropy=0.2",3,0,200,0.0,0,10000,10.0,25.0,200,500,0,0,1.0,0.8484933035714286,0.6989748409422629,0.0,0.4544207453727722,0.014656431041657925,0,0,9,8,-1,perm_test,0.004975124378109453,0.44329758980194317,8,8,0,0.0,0.001238107681274414,0,0.0,0.0,0.0,0.0,0,none,0,1,0,overconfident,0.95,0,mild_drift,0.9603569177595117,0.0012990344451560129,0.8003859072202637,0.8551750744771092,1768220035.0603416,0.10496187210083008,0.12592947483062744
57,3648,3647,sine_abrupt4,sine,ts_drift_adapt,5,"error_divergence_ph_meta@error.threshold=0.10,error.min_instances=5",error_divergence_ph_meta,"{""divergence"": {""alpha"": 0.1, ""delta"": 0.005, ""min_instances"": 30, ""threshold"": 0.05}, ""error_rate"": {""alpha"": 0.15, ""delta"": 0.005, ""min_instances"": 5, ""threshold"": 0.1}}","{""error_rate"": {""min_instances"": 5, ""threshold"": 0.1}}",0.1,0.005,0.15,5,0.05,0.005,0.1,30,,,,-1,two_stage,2,0.5,"__confirm_cooldown=200,__confirm_rule=perm_test,__perm_alpha=0.01,__perm_min_effect=0,__perm_n_perm=200,__perm_post_n=10,__perm_pre_n=500,__perm_rng_seed=0,__perm_stat=vote_score,divergence=0.3,error_rate=0.5,teacher_entropy=0.2",3,0,200,0.0,0,10000,10.0,25.0,200,500,0,0,1.0,0.8511513157894737,0.7041587884761862,0.0,0.41750839352607727,0.01174174901098013,0,0,9,8,-1,perm_test,0.004975124378109453,0.44329758980194317,8,8,0,0.0,0.0029146820306777954,0,0.0,0.0,0.0,0.0,0,none,0,1,0,overconfident,0.95,0,mild_drift,0.9603284588797558,0.0012995172225780064,0.8001929536101319,0.8550875372385546,1768220035.0700336,0.1158357635140419,0.11226825416088104
58,3712,3711,sine_abrupt4,sine,ts_drift_adapt,5,"error_divergence_ph_meta@error.threshold=0.10,error.min_instances=5",error_divergence_ph_meta,"{""divergence"": {""alpha"": 0.1, ""delta"": 0.005, ""min_instances"": 30, ""threshold"": 0.05}, ""error_rate"": {""alpha"": 0.15, ""delta"": 0.005, ""min_instances"": 5, ""threshold"": 0.1}}","{""error_rate"": {""min_instances"": 5, ""threshold"": 0.1}}",0.1,0.005,0.15,5,0.05,0.005,0.1,30,,,,-1,two_stage,2,0.5,"__confirm_cooldown=200,__confirm_rule=perm_test,__perm_alpha=0.01,__perm_min_effect=0,__perm_n_perm=200,__perm_post_n=10,__perm_pre_n=500,__perm_rng_seed=0,__perm_stat=vote_score,divergence=0.3,error_rate=0.5,teacher_entropy=0.2",3,0,200,0.0,0,10000,10.0,25.0,200,500,0,0,1.0,0.8531788793103449,0.7080905371835954,0.16666666666666666,0.42258065938949585,0.01598067209124565,1,1,10,9,0,perm_test,0.004975124378109453,0.4984831383051495,9,9,0,0.0,0.16666666666666666,1,0.5,0.0,0.0,0.0,0,none,1,1,0,overconfident,0.95,0,stable,0.9751642294398779,0.0010497586112890032,0.9000964768050659,0.9000437686192773,1768220035.0872073,0.28786027431488037,0.11766281723976135
59,3776,3775,sine_abrupt4,sine,ts_drift_adapt,5,"error_divergence_ph_meta@error.threshold=0.10,error.min_instances=5",error_divergence_ph_meta,"{""divergence"": {""alpha"": 0.1, ""delta"": 0.005, ""min_instances"": 30, ""threshold"": 0.05}, ""error_rate"": {""alpha"": 0.15, ""delta"": 0.005, ""min_instances"": 5, ""threshold"": 0.1}}","{""error_rate"": {""min_instances"": 5, ""threshold"": 0.1}}",0.1,0.005,0.15,5,0.05,0.005,0.1,30,,,,-1,two_stage,2,0.5,"__confirm_cooldown=200,__confirm_rule=perm_test,__perm_alpha=0.01,__perm_min_effect=0,__perm_n_perm=200,__perm_post_n=10,__perm_pre_n=500,__perm_rng_seed=0,__perm_stat=vote_score,divergence=0.3,error_rate=0.5,teacher_entropy=0.2",3,0,200,0.0,0,10000,10.0,25.0,200,500,1,136,1.0,0.8546080508474576,0.7108932166543662,0.0,0.43525058031082153,0.016923725605010986,0,0,10,9,-1,perm_test,0.004975124378109453,0.4984831383051495,9,9,0,0.0,0.16666666666666666,0,0.0,0.0,0.0,0.0,0,none,0,1,0,overconfident,0.95,0,mild_drift,0.9677321147199389,0.0011748793056445017,0.850048238402533,0.8775218843096386,1768220035.0968173,0.09450613707304001,0.11684730648994446
60,3840,3839,sine_abrupt4,sine,ts_drift_adapt,5,"error_divergence_ph_meta@error.threshold=0.10,error.min_instances=5",error_divergence_ph_meta,"{""divergence"": {""alpha"": 0.1, ""delta"": 0.005, ""min_instances"": 30, ""threshold"": 0.05}, ""error_rate"": {""alpha"": 0.15, ""delta"": 0.005, ""min_instances"": 5, ""threshold"": 0.1}}","{""error_rate"": {""min_instances"": 5, ""threshold"": 0.1}}",0.1,0.005,0.15,5,0.05,0.005,0.1,30,,,,-1,two_stage,2,0.5,"__confirm_cooldown=200,__confirm_rule=perm_test,__perm_alpha=0.01,__perm_min_effect=0,__perm_n_perm=200,__perm_post_n=10,__perm_pre_n=500,__perm_rng_seed=0,__perm_stat=vote_score,divergence=0.3,error_rate=0.5,teacher_entropy=0.2",3,0,200,0.0,0,10000,10.0,25.0,200,500,1,72,1.0,0.85625,0.7141766072711503,0.0,0.4094679355621338,0.018010519444942474,0,0,10,9,-1,perm_test,0.004975124378109453,0.4984831383051495,9,9,0,0.0,0.001086793839931488,0,0.0,0.0,0.0,0.0,0,none,0,1,0,overconfident,0.95,0,mild_drift,0.9640160573599694,0.001237439652822251,0.8250241192012665,0.8662609421548193,1768220035.106323,0.1757267713546753,0.13550330698490143
61,3904,3903,sine_abrupt4,sine,ts_drift_adapt,5,"error_divergence_ph_meta@error.threshold=0.10,error.min_instances=5",error_divergence_ph_meta,"{""divergence"": {""alpha"": 0.1, ""delta"": 0.005, ""min_instances"": 30, ""threshold"": 0.05}, ""error_rate"": {""alpha"": 0.15, ""delta"": 0.005, ""min_instances"": 5, ""threshold"": 0.1}}","{""error_rate"": {""min_instances"": 5, ""threshold"": 0.1}}",0.1,0.005,0.15,5,0.05,0.005,0.1,30,,,,-1,two_stage,2,0.5,"__confirm_cooldown=200,__confirm_rule=perm_test,__perm_alpha=0.01,__perm_min_effect=0,__perm_n_perm=200,__perm_post_n=10,__perm_pre_n=500,__perm_rng_seed=0,__perm_stat=vote_score,divergence=0.3,error_rate=0.5,teacher_entropy=0.2",3,0,200,0.0,0,10000,10.0,25.0,200,500,1,8,1.0,0.8573258196721312,0.716262336459866,0.16666666666666666,0.4050752520561218,0.01610569655895233,0,0,10,9,-1,perm_test,0.004975124378109453,0.4984831383051495,9,9,0,0.0,0.16666666666666666,0,0.0,0.0,0.0,0.0,0,none,0,1,0,overconfident,0.95,0,mild_drift,0.9621580286799847,0.0012687198264111255,0.8125120596006332,0.8606304710774096,1768220035.116196,0.2695775032043457,0.13963547348976135
62,3968,3967,sine_abrupt4,sine,ts_drift_adapt,5,"error_divergence_ph_meta@error.threshold=0.10,error.min_instances=5",error_divergence_ph_meta,"{""divergence"": {""alpha"": 0.1, ""delta"": 0.005, ""min_instances"": 30, ""threshold"": 0.05}, ""error_rate"": {""alpha"": 0.15, ""delta"": 0.005, ""min_instances"": 5, ""threshold"": 0.1}}","{""error_rate"": {""min_instances"": 5, ""threshold"": 0.1}}",0.1,0.005,0.15,5,0.05,0.005,0.1,30,,,,-1,two_stage,2,0.5,"__confirm_cooldown=200,__confirm_rule=perm_test,__perm_alpha=0.01,__perm_min_effect=0,__perm_n_perm=200,__perm_post_n=10,__perm_pre_n=500,__perm_rng_seed=0,__perm_stat=vote_score,divergence=0.3,error_rate=0.5,teacher_entropy=0.2",3,0,200,0.0,0,10000,10.0,25.0,200,500,0,0,1.0,0.8581149193548387,0.7178100284516225,0.16666666666666666,0.389046311378479,0.012925883755087852,0,0,10,9,-1,perm_test,0.004975124378109453,0.4984831383051495,9,9,0,0.0,0.003179812803864479,0,0.0,0.0,0.0,0.0,0,none,0,1,0,overconfident,0.95,0,mild_drift,0.9612290143399923,0.001284359913205563,0.8062560298003166,0.8578152355387048,1768220035.125827,0.3175106346607208,0.10726302862167358
63,4032,4031,sine_abrupt4,sine,ts_drift_adapt,5,"error_divergence_ph_meta@error.threshold=0.10,error.min_instances=5",error_divergence_ph_meta,"{""divergence"": {""alpha"": 0.1, ""delta"": 0.005, ""min_instances"": 30, ""threshold"": 0.05}, ""error_rate"": {""alpha"": 0.15, ""delta"": 0.005, ""min_instances"": 5, ""threshold"": 0.1}}","{""error_rate"": {""min_instances"": 5, ""threshold"": 0.1}}",0.1,0.005,0.15,5,0.05,0.005,0.1,30,,,,-1,two_stage,2,0.5,"__confirm_cooldown=200,__confirm_rule=perm_test,__perm_alpha=0.01,__perm_min_effect=0,__perm_n_perm=200,__perm_post_n=10,__perm_pre_n=500,__perm_rng_seed=0,__perm_stat=vote_score,divergence=0.3,error_rate=0.5,teacher_entropy=0.2",3,0,200,0.0,0,10000,10.0,25.0,200,500,0,0,1.0,0.8598710317460317,0.7212903680452888,0.0,0.3414660096168518,0.007854612544178963,1,1,11,10,0,perm_test,0.004975124378109453,0.4269490023288211,10,10,0,0.16666666666666666,0.16666666666666666,1,0.5,0.0,0.0,0.0,0,none,1,1,0,overconfident,0.95,0,severe_drift,0.9261145071699961,0.0016421799566027815,0.6531280149001584,0.8339076177693524,1768220035.1423447,0.038217779248952866,0.08590345829725266
64,4096,4095,sine_abrupt4,sine,ts_drift_adapt,5,"error_divergence_ph_meta@error.threshold=0.10,error.min_instances=5",error_divergence_ph_meta,"{""divergence"": {""alpha"": 0.1, ""delta"": 0.005, ""min_instances"": 30, ""threshold"": 0.05}, ""error_rate"": {""alpha"": 0.15, ""delta"": 0.005, ""min_instances"": 5, ""threshold"": 0.1}}","{""error_rate"": {""min_instances"": 5, ""threshold"": 0.1}}",0.1,0.005,0.15,5,0.05,0.005,0.1,30,,,,-1,two_stage,2,0.5,"__confirm_cooldown=200,__confirm_rule=perm_test,__perm_alpha=0.01,__perm_min_effect=0,__perm_n_perm=200,__perm_post_n=10,__perm_pre_n=500,__perm_rng_seed=0,__perm_stat=vote_score,divergence=0.3,error_rate=0.5,teacher_entropy=0.2",3,0,200,0.0,0,10000,10.0,25.0,200,500,1,136,1.0,0.861572265625,0.7246335295557204,0.0,0.40025272965431213,0.016272569075226784,0,0,11,10,-1,perm_test,0.004975124378109453,0.4269490023288211,10,10,0,0.0,0.008417956531047821,0,0.0,0.0,0.0,0.0,0,none,0,1,0,overconfident,0.95,0,mild_drift,0.943207253584998,0.001471089978301391,0.7265640074500792,0.8444538088846762,1768220035.1519186,0.20224708318710327,0.1225796639919281
65,4160,4159,sine_abrupt4,sine,ts_drift_adapt,5,"error_divergence_ph_meta@error.threshold=0.10,error.min_instances=5",error_divergence_ph_meta,"{""divergence"": {""alpha"": 0.1, ""delta"": 0.005, ""min_instances"": 30, ""threshold"": 0.05}, ""error_rate"": {""alpha"": 0.15, ""delta"": 0.005, ""min_instances"": 5, ""threshold"": 0.1}}","{""error_rate"": {""min_instances"": 5, ""threshold"": 0.1}}",0.1,0.005,0.15,5,0.05,0.005,0.1,30,,,,-1,two_stage,2,0.5,"__confirm_cooldown=200,__confirm_rule=perm_test,__perm_alpha=0.01,__perm_min_effect=0,__perm_n_perm=200,__perm_post_n=10,__perm_pre_n=500,__perm_rng_seed=0,__perm_stat=vote_score,divergence=0.3,error_rate=0.5,teacher_entropy=0.2",3,0,200,0.0,0,10000,10.0,25.0,200,500,1,72,1.0,0.8620192307692308,0.7254576874124034,0.0,0.39240139722824097,0.009269921109080315,0,0,11,10,-1,perm_test,0.004975124378109453,0.4269490023288211,10,10,0,0.0,0.007002647966146469,0,0.0,0.0,0.0,0.0,0,none,0,1,0,overconfident,0.95,0,mild_drift,0.951753626792499,0.0013855449891506957,0.7632820037250396,0.8497269044423381,1768220035.1614501,0.10379315167665482,0.08335031569004059
66,4224,4223,sine_abrupt4,sine,ts_drift_adapt,5,"error_divergence_ph_meta@error.threshold=0.10,error.min_instances=5",error_divergence_ph_meta,"{""divergence"": {""alpha"": 0.1, ""delta"": 0.005, ""min_instances"": 30, ""threshold"": 0.05}, ""error_rate"": {""alpha"": 0.15, ""delta"": 0.005, ""min_instances"": 5, ""threshold"": 0.1}}","{""error_rate"": {""min_instances"": 5, ""threshold"": 0.1}}",0.1,0.005,0.15,5,0.05,0.005,0.1,30,,,,-1,two_stage,2,0.5,"__confirm_cooldown=200,__confirm_rule=perm_test,__perm_alpha=0.01,__perm_min_effect=0,__perm_n_perm=200,__perm_post_n=10,__perm_pre_n=500,__perm_rng_seed=0,__perm_stat=vote_score,divergence=0.3,error_rate=0.5,teacher_entropy=0.2",3,0,200,0.0,0,10000,10.0,25.0,200,500,1,8,1.0,0.8626893939393939,0.7266709374332693,0.16666666666666666,0.3524610698223114,0.01510426215827465,0,0,11,10,-1,perm_test,0.004975124378109453,0.4269490023288211,10,10,0,0.0,0.16666666666666666,0,0.0,0.0,0.0,0.0,0,none,0,1,0,overconfident,0.95,0,mild_drift,0.9560268133962495,0.001342772494575348,0.7816410018625198,0.852363452221169,1768220035.171012,0.28906431794166565,0.14843066036701202
67,4288,4287,sine_abrupt4,sine,ts_drift_adapt,5,"error_divergence_ph_meta@error.threshold=0.10,error.min_instances=5",error_divergence_ph_meta,"{""divergence"": {""alpha"": 0.1, ""delta"": 0.005, ""min_instances"": 30, ""threshold"": 0.05}, ""error_rate"": {""alpha"": 0.15, ""delta"": 0.005, ""min_instances"": 5, ""threshold"": 0.1}}","{""error_rate"": {""min_instances"": 5, ""threshold"": 0.1}}",0.1,0.005,0.15,5,0.05,0.005,0.1,30,,,,-1,two_stage,2,0.5,"__confirm_cooldown=200,__confirm_rule=perm_test,__perm_alpha=0.01,__perm_min_effect=0,__perm_n_perm=200,__perm_post_n=10,__perm_pre_n=500,__perm_rng_seed=0,__perm_stat=vote_score,divergence=0.3,error_rate=0.5,teacher_entropy=0.2",3,0,200,0.0,0,10000,10.0,25.0,200,500,0,0,1.0,0.8642723880597015,0.7297240161566733,0.0,0.35627010464668274,0.009005916304886341,0,0,11,10,-1,perm_test,0.004975124378109453,0.4269490023288211,10,10,0,0.0,0.16666666666666666,0,0.0,0.0,0.0,0.0,0,none,0,1,0,overconfident,0.95,0,mild_drift,0.9581634066981247,0.0013213862472876742,0.7908205009312599,0.8536817261105845,1768220035.180683,0.11178717762231827,0.08504548668861389
68,4352,4351,sine_abrupt4,sine,ts_drift_adapt,5,"error_divergence_ph_meta@error.threshold=0.10,error.min_instances=5",error_divergence_ph_meta,"{""divergence"": {""alpha"": 0.1, ""delta"": 0.005, ""min_instances"": 30, ""threshold"": 0.05}, ""error_rate"": {""alpha"": 0.15, ""delta"": 0.005, ""min_instances"": 5, ""threshold"": 0.1}}","{""error_rate"": {""min_instances"": 5, ""threshold"": 0.1}}",0.1,0.005,0.15,5,0.05,0.005,0.1,30,,,,-1,two_stage,2,0.5,"__confirm_cooldown=200,__confirm_rule=perm_test,__perm_alpha=0.01,__perm_min_effect=0,__perm_n_perm=200,__perm_post_n=10,__perm_pre_n=500,__perm_rng_seed=0,__perm_stat=vote_score,divergence=0.3,error_rate=0.5,teacher_entropy=0.2",3,0,200,0.0,0,10000,10.0,25.0,200,500,0,0,1.0,0.8646599264705882,0.7303439247727415,0.16666666666666666,0.3589997887611389,0.013421336188912392,1,1,12,11,0,perm_test,0.004975124378109453,0.4189745198817554,11,11,0,0.16666666666666666,0.16666666666666666,1,0.5,0.0,0.0,0.0,0,none,1,1,0,overconfident,0.95,0,severe_drift,0.9245817033490624,0.0016606931236438371,0.6454102504656299,0.8318408630552923,1768220035.1971462,0.23561185598373413,0.11005924642086029
69,4416,4415,sine_abrupt4,sine,ts_drift_adapt,5,"error_divergence_ph_meta@error.threshold=0.10,error.min_instances=5",error_divergence_ph_meta,"{""divergence"": {""alpha"": 0.1, ""delta"": 0.005, ""min_instances"": 30, ""threshold"": 0.05}, ""error_rate"": {""alpha"": 0.15, ""delta"": 0.005, ""min_instances"": 5, ""threshold"": 0.1}}","{""error_rate"": {""min_instances"": 5, ""threshold"": 0.1}}",0.1,0.005,0.15,5,0.05,0.005,0.1,30,,,,-1,two_stage,2,0.5,"__confirm_cooldown=200,__confirm_rule=perm_test,__perm_alpha=0.01,__perm_min_effect=0,__perm_n_perm=200,__perm_post_n=10,__perm_pre_n=500,__perm_rng_seed=0,__perm_stat=vote_score,divergence=0.3,error_rate=0.5,teacher_entropy=0.2",3,0,200,0.0,0,10000,10.0,25.0,200,500,1,136,1.0,0.8659420289855072,0.7328170377541141,0.16666666666666666,0.33527493476867676,0.007974289357662201,0,0,12,11,-1,perm_test,0.004975124378109453,0.4189745198817554,11,11,0,0.0,0.005447046831250191,0,0.0,0.0,0.0,0.0,0,none,0,1,0,overconfident,0.95,0,mild_drift,0.9424408516745312,0.0014803465618219186,0.7227051252328149,0.8434204315276461,1768220035.2066932,0.2411826103925705,0.09266573190689087
70,4480,4479,sine_abrupt4,sine,ts_drift_adapt,5,"error_divergence_ph_meta@error.threshold=0.10,error.min_instances=5",error_divergence_ph_meta,"{""divergence"": {""alpha"": 0.1, ""delta"": 0.005, ""min_instances"": 30, ""threshold"": 0.05}, ""error_rate"": {""alpha"": 0.15, ""delta"": 0.005, ""min_instances"": 5, ""threshold"": 0.1}}","{""error_rate"": {""min_instances"": 5, ""threshold"": 0.1}}",0.1,0.005,0.15,5,0.05,0.005,0.1,30,,,,-1,two_stage,2,0.5,"__confirm_cooldown=200,__confirm_rule=perm_test,__perm_alpha=0.01,__perm_min_effect=0,__perm_n_perm=200,__perm_post_n=10,__perm_pre_n=500,__perm_rng_seed=0,__perm_stat=vote_score,divergence=0.3,error_rate=0.5,teacher_entropy=0.2",3,0,200,0.0,0,10000,10.0,25.0,200,500,1,72,1.0,0.8676339285714286,0.7361025296664131,0.0,0.34243959188461304,0.008789648301899433,0,0,12,11,-1,perm_test,0.004975124378109453,0.4189745198817554,11,11,0,0.0,0.16666666666666666,0,0.0,0.0,0.0,0.0,0,none,0,1,0,overconfident,0.95,0,mild_drift,0.9513704258372655,0.0013901732809109594,0.7613525626164075,0.849210215763823,1768220035.2160456,0.1659383922815323,0.08463601768016815
71,4544,4543,sine_abrupt4,sine,ts_drift_adapt,5,"error_divergence_ph_meta@error.threshold=0.10,error.min_instances=5",error_divergence_ph_meta,"{""divergence"": {""alpha"": 0.1, ""delta"": 0.005, ""min_instances"": 30, ""threshold"": 0.05}, ""error_rate"": {""alpha"": 0.15, ""delta"": 0.005, ""min_instances"": 5, ""threshold"": 0.1}}","{""error_rate"": {""min_instances"": 5, ""threshold"": 0.1}}",0.1,0.005,0.15,5,0.05,0.005,0.1,30,,,,-1,two_stage,2,0.5,"__confirm_cooldown=200,__confirm_rule=perm_test,__perm_alpha=0.01,__perm_min_effect=0,__perm_n_perm=200,__perm_post_n=10,__perm_pre_n=500,__perm_rng_seed=0,__perm_stat=vote_score,divergence=0.3,error_rate=0.5,teacher_entropy=0.2",3,0,200,0.0,0,10000,10.0,25.0,200,500,1,8,1.0,0.8688380281690141,0.7385457666356772,0.0,0.3747229278087616,0.012513166293501854,0,0,12,11,-1,perm_test,0.004975124378109453,0.4189745198817554,11,11,0,0.0,0.003723517991602421,0,0.0,0.0,0.0,0.0,0,none,0,1,0,overconfident,0.95,0,mild_drift,0.9558352129186327,0.0013450866404554798,0.7806762813082038,0.8521051078819115,1768220035.225544,0.06389890611171722,0.10795334726572037
72,4608,4607,sine_abrupt4,sine,ts_drift_adapt,5,"error_divergence_ph_meta@error.threshold=0.10,error.min_instances=5",error_divergence_ph_meta,"{""divergence"": {""alpha"": 0.1, ""delta"": 0.005, ""min_instances"": 30, ""threshold"": 0.05}, ""error_rate"": {""alpha"": 0.15, ""delta"": 0.005, ""min_instances"": 5, ""threshold"": 0.1}}","{""error_rate"": {""min_instances"": 5, ""threshold"": 0.1}}",0.1,0.005,0.15,5,0.05,0.005,0.1,30,,,,-1,two_stage,2,0.5,"__confirm_cooldown=200,__confirm_rule=perm_test,__perm_alpha=0.01,__perm_min_effect=0,__perm_n_perm=200,__perm_post_n=10,__perm_pre_n=500,__perm_rng_seed=0,__perm_stat=vote_score,divergence=0.3,error_rate=0.5,teacher_entropy=0.2",3,0,200,0.0,0,10000,10.0,25.0,200,500,0,0,1.0,0.8702256944444444,0.7412957182859624,0.0,0.364547997713089,0.012685421854257584,0,0,12,11,-1,perm_test,0.004975124378109453,0.4189745198817554,11,11,0,0.0,0.00017225556075572968,0,0.0,0.0,0.0,0.0,0,none,0,1,0,overconfident,0.95,0,mild_drift,0.9580676064593163,0.00132254332022774,0.7903381406541019,0.8535525539409557,1768220035.2351654,0.17464427649974823,0.11503705382347107
73,4672,4671,sine_abrupt4,sine,ts_drift_adapt,5,"error_divergence_ph_meta@error.threshold=0.10,error.min_instances=5",error_divergence_ph_meta,"{""divergence"": {""alpha"": 0.1, ""delta"": 0.005, ""min_instances"": 30, ""threshold"": 0.05}, ""error_rate"": {""alpha"": 0.15, ""delta"": 0.005, ""min_instances"": 5, ""threshold"": 0.1}}","{""error_rate"": {""min_instances"": 5, ""threshold"": 0.1}}",0.1,0.005,0.15,5,0.05,0.005,0.1,30,,,,-1,two_stage,2,0.5,"__confirm_cooldown=200,__confirm_rule=perm_test,__perm_alpha=0.01,__perm_min_effect=0,__perm_n_perm=200,__perm_post_n=10,__perm_pre_n=500,__perm_rng_seed=0,__perm_stat=vote_score,divergence=0.3,error_rate=0.5,teacher_entropy=0.2",3,0,200,0.0,0,10000,10.0,25.0,200,500,0,0,1.0,0.8720034246575342,0.7447886797988823,0.0,0.2704968750476837,0.006968080531805754,0,0,12,11,-1,perm_test,0.004975124378109453,0.4189745198817554,11,11,0,0.0,0.00571734132245183,0,0.0,0.0,0.0,0.0,0,none,0,1,0,overconfident,0.95,0,mild_drift,0.9591838032296581,0.00131127166011387,0.795169070327051,0.8542762769704779,1768220035.2449007,0.10132943838834763,0.07807198166847229
74,4736,4735,sine_abrupt4,sine,ts_drift_adapt,5,"error_divergence_ph_meta@error.threshold=0.10,error.min_instances=5",error_divergence_ph_meta,"{""divergence"": {""alpha"": 0.1, ""delta"": 0.005, ""min_instances"": 30, ""threshold"": 0.05}, ""error_rate"": {""alpha"": 0.15, ""delta"": 0.005, ""min_instances"": 5, ""threshold"": 0.1}}","{""error_rate"": {""min_instances"": 5, ""threshold"": 0.1}}",0.1,0.005,0.15,5,0.05,0.005,0.1,30,,,,-1,two_stage,2,0.5,"__confirm_cooldown=200,__confirm_rule=perm_test,__perm_alpha=0.01,__perm_min_effect=0,__perm_n_perm=200,__perm_post_n=10,__perm_pre_n=500,__perm_rng_seed=0,__perm_stat=vote_score,divergence=0.3,error_rate=0.5,teacher_entropy=0.2",3,0,200,0.0,0,10000,10.0,25.0,200,500,0,0,1.0,0.8726773648648649,0.7461281044059693,0.16666666666666666,0.35173097252845764,0.021756885573267937,1,1,13,12,0,perm_test,0.004975124378109453,0.437167704230663,12,12,0,0.0,0.16666666666666666,1,0.5,0.0,0.0,0.0,0,none,1,1,0,overconfident,0.95,0,stable,0.974591901614829,0.001055635830056935,0.8975845351635254,0.899638138485239,1768220035.2613707,0.27853700518608093,0.17591941356658936
75,4800,4799,sine_abrupt4,sine,ts_drift_adapt,5,"error_divergence_ph_meta@error.threshold=0.10,error.min_instances=5",error_divergence_ph_meta,"{""divergence"": {""alpha"": 0.1, ""delta"": 0.005, ""min_instances"": 30, ""threshold"": 0.05}, ""error_rate"": {""alpha"": 0.15, ""delta"": 0.005, ""min_instances"": 5, ""threshold"": 0.1}}","{""error_rate"": {""min_instances"": 5, ""threshold"": 0.1}}",0.1,0.005,0.15,5,0.05,0.005,0.1,30,,,,-1,two_stage,2,0.5,"__confirm_cooldown=200,__confirm_rule=perm_test,__perm_alpha=0.01,__perm_min_effect=0,__perm_n_perm=200,__perm_post_n=10,__perm_pre_n=500,__perm_rng_seed=0,__perm_stat=vote_score,divergence=0.3,error_rate=0.5,teacher_entropy=0.2",3,0,200,0.0,0,10000,10.0,25.0,200,500,1,136,1.0,0.8735416666666667,0.7478446149558884,0.0,0.36175769567489624,0.01566900685429573,0,0,13,12,-1,perm_test,0.004975124378109453,0.437167704230663,12,12,0,0.0,0.16666666666666666,0,0.0,0.0,0.0,0.0,0,none,0,1,0,overconfident,0.95,0,mild_drift,0.9674459508074145,0.0011778179150284675,0.8487922675817627,0.8773190692426195,1768220035.2709038,0.061558399349451065,0.12289077043533325
76,4864,4863,sine_abrupt4,sine,ts_drift_adapt,5,"error_divergence_ph_meta@error.threshold=0.10,error.min_instances=5",error_divergence_ph_meta,"{""divergence"": {""alpha"": 0.1, ""delta"": 0.005, ""min_instances"": 30, ""threshold"": 0.05}, ""error_rate"": {""alpha"": 0.15, ""delta"": 0.005, ""min_instances"": 5, ""threshold"": 0.1}}","{""error_rate"": {""min_instances"": 5, ""threshold"": 0.1}}",0.1,0.005,0.15,5,0.05,0.005,0.1,30,,,,-1,two_stage,2,0.5,"__confirm_cooldown=200,__confirm_rule=perm_test,__perm_alpha=0.01,__perm_min_effect=0,__perm_n_perm=200,__perm_post_n=10,__perm_pre_n=500,__perm_rng_seed=0,__perm_stat=vote_score,divergence=0.3,error_rate=0.5,teacher_entropy=0.2",3,0,200,0.0,0,10000,10.0,25.0,200,500,1,72,1.0,0.873766447368421,0.7483020797111062,0.3333333333333333,0.3541877269744873,0.023354200646281242,0,0,13,12,-1,perm_test,0.004975124378109453,0.437167704230663,12,12,0,0.0,0.3333333333333333,0,0.0,0.0,0.0,0.0,0,none,0,1,0,overconfident,0.95,0,mild_drift,0.9638729754037072,0.0012389089575142339,0.8243961337908814,0.8661595346213098,1768220035.2804043,0.38532793521881104,0.16472220420837402
77,4928,4927,sine_abrupt4,sine,ts_drift_adapt,5,"error_divergence_ph_meta@error.threshold=0.10,error.min_instances=5",error_divergence_ph_meta,"{""divergence"": {""alpha"": 0.1, ""delta"": 0.005, ""min_instances"": 30, ""threshold"": 0.05}, ""error_rate"": {""alpha"": 0.15, ""delta"": 0.005, ""min_instances"": 5, ""threshold"": 0.1}}","{""error_rate"": {""min_instances"": 5, ""threshold"": 0.1}}",0.1,0.005,0.15,5,0.05,0.005,0.1,30,,,,-1,two_stage,2,0.5,"__confirm_cooldown=200,__confirm_rule=perm_test,__perm_alpha=0.01,__perm_min_effect=0,__perm_n_perm=200,__perm_post_n=10,__perm_pre_n=500,__perm_rng_seed=0,__perm_stat=vote_score,divergence=0.3,error_rate=0.5,teacher_entropy=0.2",3,0,200,0.0,0,10000,10.0,25.0,200,500,1,8,1.0,0.875,0.750734294152202,0.0,0.29786327481269836,0.006322938483208418,0,0,13,12,-1,perm_test,0.004975124378109453,0.437167704230663,12,12,0,0.0,0.3333333333333333,0,0.0,0.0,0.0,0.0,0,none,0,1,0,overconfident,0.95,0,mild_drift,0.9620864877018536,0.001269454478757117,0.8121980668954407,0.8605797673106549,1768220035.2897992,0.07806411385536194,0.06923681497573853
78,4992,4991,sine_abrupt4,sine,ts_drift_adapt,5,"error_divergence_ph_meta@error.threshold=0.10,error.min_instances=5",error_divergence_ph_meta,"{""divergence"": {""alpha"": 0.1, ""delta"": 0.005, ""min_instances"": 30, ""threshold"": 0.05}, ""error_rate"": {""alpha"": 0.15, ""delta"": 0.005, ""min_instances"": 5, ""threshold"": 0.1}}","{""error_rate"": {""min_instances"": 5, ""threshold"": 0.1}}",0.1,0.005,0.15,5,0.05,0.005,0.1,30,,,,-1,two_stage,2,0.5,"__confirm_cooldown=200,__confirm_rule=perm_test,__perm_alpha=0.01,__perm_min_effect=0,__perm_n_perm=200,__perm_post_n=10,__perm_pre_n=500,__perm_rng_seed=0,__perm_stat=vote_score,divergence=0.3,error_rate=0.5,teacher_entropy=0.2",3,0,200,0.0,0,10000,10.0,25.0,200,500,0,0,1.0,0.8760016025641025,0.7526681806233817,0.16666666666666666,0.32559844851493835,0.009165122173726559,0,0,13,12,-1,perm_test,0.004975124378109453,0.437167704230663,12,12,0,0.0,0.16666666666666666,0,0.0,0.0,0.0,0.0,0,none,0,1,0,overconfident,0.95,0,mild_drift,0.9611932438509267,0.0012847272393785585,0.8060990334477204,0.8577898836553275,1768220035.29941,0.3410851061344147,0.08801278471946716
79,5056,5055,sine_abrupt4,sine,ts_drift_adapt,5,"error_divergence_ph_meta@error.threshold=0.10,error.min_instances=5",error_divergence_ph_meta,"{""divergence"": {""alpha"": 0.1, ""delta"": 0.005, ""min_instances"": 30, ""threshold"": 0.05}, ""error_rate"": {""alpha"": 0.15, ""delta"": 0.005, ""min_instances"": 5, ""threshold"": 0.1}}","{""error_rate"": {""min_instances"": 5, ""threshold"": 0.1}}",0.1,0.005,0.15,5,0.05,0.005,0.1,30,,,,-1,two_stage,2,0.5,"__confirm_cooldown=200,__confirm_rule=perm_test,__perm_alpha=0.01,__perm_min_effect=0,__perm_n_perm=200,__perm_post_n=10,__perm_pre_n=500,__perm_rng_seed=0,__perm_stat=vote_score,divergence=0.3,error_rate=0.5,teacher_entropy=0.2",3,0,200,0.0,0,10000,10.0,25.0,200,500,0,0,1.0,0.8771756329113924,0.7549152367734553,0.0,0.3021709620952606,0.007746635004878044,1,1,14,13,0,perm_test,0.004975124378109453,0.43277467679086623,13,13,0,0.16666666666666666,0.16666666666666666,1,0.5,0.0,0.0,0.0,0,none,1,1,0,overconfident,0.95,0,severe_drift,0.9260966219254634,0.0016423636196892793,0.6530495167238601,0.8338949418276638,1768220035.3158116,0.0717688575387001,0.07799184322357178
80,5120,5119,sine_abrupt4,sine,ts_drift_adapt,5,"error_divergence_ph_meta@error.threshold=0.10,error.min_instances=5",error_divergence_ph_meta,"{""divergence"": {""alpha"": 0.1, ""delta"": 0.005, ""min_instances"": 30, ""threshold"": 0.05}, ""error_rate"": {""alpha"": 0.15, ""delta"": 0.005, ""min_instances"": 5, ""threshold"": 0.1}}","{""error_rate"": {""min_instances"": 5, ""threshold"": 0.1}}",0.1,0.005,0.15,5,0.05,0.005,0.1,30,,,,-1,two_stage,2,0.5,"__confirm_cooldown=200,__confirm_rule=perm_test,__perm_alpha=0.01,__perm_min_effect=0,__perm_n_perm=200,__perm_post_n=10,__perm_pre_n=500,__perm_rng_seed=0,__perm_stat=vote_score,divergence=0.3,error_rate=0.5,teacher_entropy=0.2",3,0,200,0.0,0,10000,10.0,25.0,200,500,1,136,1.0,0.87734375,0.7552072587576883,0.3333333333333333,0.328460156917572,0.01441967487335205,0,0,14,13,-1,perm_test,0.004975124378109453,0.43277467679086623,13,13,0,0.0,0.3333333333333333,0,0.0,0.0,0.0,0.0,0,none,0,1,0,overconfident,0.95,0,mild_drift,0.9431983109627317,0.0014711818098446397,0.7265247583619301,0.8444474709138319,1768220035.3252666,0.4453764855861664,0.11602766811847687
81,5184,5183,sine_abrupt4,sine,ts_drift_adapt,5,"error_divergence_ph_meta@error.threshold=0.10,error.min_instances=5",error_divergence_ph_meta,"{""divergence"": {""alpha"": 0.1, ""delta"": 0.005, ""min_instances"": 30, ""threshold"": 0.05}, ""error_rate"": {""alpha"": 0.15, ""delta"": 0.005, ""min_instances"": 5, ""threshold"": 0.1}}","{""error_rate"": {""min_instances"": 5, ""threshold"": 0.1}}",0.1,0.005,0.15,5,0.05,0.005,0.1,30,,,,-1,two_stage,2,0.5,"__confirm_cooldown=200,__confirm_rule=perm_test,__perm_alpha=0.01,__perm_min_effect=0,__perm_n_perm=200,__perm_post_n=10,__perm_pre_n=500,__perm_rng_seed=0,__perm_stat=vote_score,divergence=0.3,error_rate=0.5,teacher_entropy=0.2",3,0,200,0.0,0,10000,10.0,25.0,200,500,1,72,1.0,0.8782793209876543,0.7570006257907813,0.0,0.2874787449836731,0.010185548104345798,0,0,14,13,-1,perm_test,0.004975124378109453,0.43277467679086623,13,13,0,0.0,0.3333333333333333,0,0.0,0.0,0.0,0.0,0,none,0,1,0,overconfident,0.95,0,mild_drift,0.9517491554813657,0.00138559090492232,0.7632623791809651,0.8497237354569159,1768220035.3346987,0.08049330115318298,0.10708453506231308
82,5248,5247,sine_abrupt4,sine,ts_drift_adapt,5,"error_divergence_ph_meta@error.threshold=0.10,error.min_instances=5",error_divergence_ph_meta,"{""divergence"": {""alpha"": 0.1, ""delta"": 0.005, ""min_instances"": 30, ""threshold"": 0.05}, ""error_rate"": {""alpha"": 0.15, ""delta"": 0.005, ""min_instances"": 5, ""threshold"": 0.1}}","{""error_rate"": {""min_instances"": 5, ""threshold"": 0.1}}",0.1,0.005,0.15,5,0.05,0.005,0.1,30,,,,-1,two_stage,2,0.5,"__confirm_cooldown=200,__confirm_rule=perm_test,__perm_alpha=0.01,__perm_min_effect=0,__perm_n_perm=200,__perm_post_n=10,__perm_pre_n=500,__perm_rng_seed=0,__perm_stat=vote_score,divergence=0.3,error_rate=0.5,teacher_entropy=0.2",3,0,200,0.0,0,10000,10.0,25.0,200,500,1,8,1.0,0.8791920731707317,0.7587222321488656,0.0,0.3191816806793213,0.0096526388078928,0,0,14,13,-1,perm_test,0.004975124378109453,0.43277467679086623,13,13,0,0.0,0.0005329092964529991,0,0.0,0.0,0.0,0.0,0,none,0,1,0,overconfident,0.95,0,mild_drift,0.9560245777406828,0.00134279545246116,0.7816311895904826,0.8523618677284579,1768220035.3441384,0.06519360095262527,0.09639943391084671
83,5312,5311,sine_abrupt4,sine,ts_drift_adapt,5,"error_divergence_ph_meta@error.threshold=0.10,error.min_instances=5",error_divergence_ph_meta,"{""divergence"": {""alpha"": 0.1, ""delta"": 0.005, ""min_instances"": 30, ""threshold"": 0.05}, ""error_rate"": {""alpha"": 0.15, ""delta"": 0.005, ""min_instances"": 5, ""threshold"": 0.1}}","{""error_rate"": {""min_instances"": 5, ""threshold"": 0.1}}",0.1,0.005,0.15,5,0.05,0.005,0.1,30,,,,-1,two_stage,2,0.5,"__confirm_cooldown=200,__confirm_rule=perm_test,__perm_alpha=0.01,__perm_min_effect=0,__perm_n_perm=200,__perm_post_n=10,__perm_pre_n=500,__perm_rng_seed=0,__perm_stat=vote_score,divergence=0.3,error_rate=0.5,teacher_entropy=0.2",3,0,200,0.0,0,10000,10.0,25.0,200,500,0,0,1.0,0.8795180722891566,0.759294104586077,0.0,0.2927577793598175,0.015275951474905014,0,0,14,13,-1,perm_test,0.004975124378109453,0.43277467679086623,13,13,0,0.0,0.005623312667012215,0,0.0,0.0,0.0,0.0,0,none,0,1,0,overconfident,0.95,0,mild_drift,0.9581622888703414,0.0013213977262305802,0.7908155947952413,0.8536809338642289,1768220035.3537922,0.14295561611652374,0.14605650305747986
84,5376,5375,sine_abrupt4,sine,ts_drift_adapt,5,"error_divergence_ph_meta@error.threshold=0.10,error.min_instances=5",error_divergence_ph_meta,"{""divergence"": {""alpha"": 0.1, ""delta"": 0.005, ""min_instances"": 30, ""threshold"": 0.05}, ""error_rate"": {""alpha"": 0.15, ""delta"": 0.005, ""min_instances"": 5, ""threshold"": 0.1}}","{""error_rate"": {""min_instances"": 5, ""threshold"": 0.1}}",0.1,0.005,0.15,5,0.05,0.005,0.1,30,,,,-1,two_stage,2,0.5,"__confirm_cooldown=200,__confirm_rule=perm_test,__perm_alpha=0.01,__perm_min_effect=0,__perm_n_perm=200,__perm_post_n=10,__perm_pre_n=500,__perm_rng_seed=0,__perm_stat=vote_score,divergence=0.3,error_rate=0.5,teacher_entropy=0.2",3,0,200,0.0,0,10000,10.0,25.0,200,500,0,0,1.0,0.8803943452380952,0.7609706418780435,0.0,0.28299328684806824,0.009260180406272411,0,0,14,13,-1,perm_test,0.004975124378109453,0.43277467679086623,13,13,0,0.0,0.006015771068632603,0,0.0,0.0,0.0,0.0,0,none,0,1,0,overconfident,0.95,0,mild_drift,0.9592311444351707,0.00131069886311529,0.7954077973976207,0.8543404669321144,1768220035.3635073,0.07078877836465836,0.08873055875301361
85,5440,5439,sine_abrupt4,sine,ts_drift_adapt,5,"error_divergence_ph_meta@error.threshold=0.10,error.min_instances=5",error_divergence_ph_meta,"{""divergence"": {""alpha"": 0.1, ""delta"": 0.005, ""min_instances"": 30, ""threshold"": 0.05}, ""error_rate"": {""alpha"": 0.15, ""delta"": 0.005, ""min_instances"": 5, ""threshold"": 0.1}}","{""error_rate"": {""min_instances"": 5, ""threshold"": 0.1}}",0.1,0.005,0.15,5,0.05,0.005,0.1,30,,,,-1,two_stage,2,0.5,"__confirm_cooldown=200,__confirm_rule=perm_test,__perm_alpha=0.01,__perm_min_effect=0,__perm_n_perm=200,__perm_post_n=10,__perm_pre_n=500,__perm_rng_seed=0,__perm_stat=vote_score,divergence=0.3,error_rate=0.5,teacher_entropy=0.2",3,0,200,0.0,0,10000,10.0,25.0,200,500,0,0,1.0,0.8814338235294118,0.7630356078709349,0.0,0.26929306983947754,0.007831890136003494,0,0,14,13,-1,perm_test,0.004975124378109453,0.43277467679086623,13,13,0,0.0,0.001428290270268917,0,0.0,0.0,0.0,0.0,0,none,0,1,0,overconfident,0.95,0,mild_drift,0.9597655722175853,0.001305349431557645,0.7977038986988103,0.8546702334660572,1768220035.3731468,0.14506077766418457,0.09889426827430725
86,5504,5503,sine_abrupt4,sine,ts_drift_adapt,5,"error_divergence_ph_meta@error.threshold=0.10,error.min_instances=5",error_divergence_ph_meta,"{""divergence"": {""alpha"": 0.1, ""delta"": 0.005, ""min_instances"": 30, ""threshold"": 0.05}, ""error_rate"": {""alpha"": 0.15, ""delta"": 0.005, ""min_instances"": 5, ""threshold"": 0.1}}","{""error_rate"": {""min_instances"": 5, ""threshold"": 0.1}}",0.1,0.005,0.15,5,0.05,0.005,0.1,30,,,,-1,two_stage,2,0.5,"__confirm_cooldown=200,__confirm_rule=perm_test,__perm_alpha=0.01,__perm_min_effect=0,__perm_n_perm=200,__perm_post_n=10,__perm_pre_n=500,__perm_rng_seed=0,__perm_stat=vote_score,divergence=0.3,error_rate=0.5,teacher_entropy=0.2",3,0,200,0.0,0,10000,10.0,25.0,200,500,0,0,1.0,0.8828125,0.765795083364516,0.0,0.25590401887893677,0.009211024269461632,1,1,15,14,0,perm_test,0.004975124378109453,0.4540657060866812,14,14,0,0.0,0.0013791341334581375,1,0.5,0.0,0.0,0.0,0,none,1,1,0,overconfident,0.95,0,stable,0.9748827861087926,0.0010526747157788225,0.8988519493494052,0.8998351167330286,1768220035.3903444,0.12344106286764145,0.08853672444820404
87,5568,5567,sine_abrupt4,sine,ts_drift_adapt,5,"error_divergence_ph_meta@error.threshold=0.10,error.min_instances=5",error_divergence_ph_meta,"{""divergence"": {""alpha"": 0.1, ""delta"": 0.005, ""min_instances"": 30, ""threshold"": 0.05}, ""error_rate"": {""alpha"": 0.15, ""delta"": 0.005, ""min_instances"": 5, ""threshold"": 0.1}}","{""error_rate"": {""min_instances"": 5, ""threshold"": 0.1}}",0.1,0.005,0.15,5,0.05,0.005,0.1,30,,,,-1,two_stage,2,0.5,"__confirm_cooldown=200,__confirm_rule=perm_test,__perm_alpha=0.01,__perm_min_effect=0,__perm_n_perm=200,__perm_post_n=10,__perm_pre_n=500,__perm_rng_seed=0,__perm_stat=vote_score,divergence=0.3,error_rate=0.5,teacher_entropy=0.2",3,0,200,0.0,0,10000,10.0,25.0,200,500,1,136,1.0,0.8841594827586207,0.7684983566384611,0.0,0.2722109258174896,0.01210552453994751,0,0,15,14,-1,perm_test,0.004975124378109453,0.4540657060866812,14,14,0,0.0,0.002894500270485878,0,0.0,0.0,0.0,0.0,0,none,0,1,0,overconfident,0.95,0,mild_drift,0.9675913930543962,0.0011763373578894112,0.8494259746747026,0.8774175583665142,1768220035.4003088,0.10178607702255249,0.09271683543920517
88,5632,5631,sine_abrupt4,sine,ts_drift_adapt,5,"error_divergence_ph_meta@error.threshold=0.10,error.min_instances=5",error_divergence_ph_meta,"{""divergence"": {""alpha"": 0.1, ""delta"": 0.005, ""min_instances"": 30, ""threshold"": 0.05}, ""error_rate"": {""alpha"": 0.15, ""delta"": 0.005, ""min_instances"": 5, ""threshold"": 0.1}}","{""error_rate"": {""min_instances"": 5, ""threshold"": 0.1}}",0.1,0.005,0.15,5,0.05,0.005,0.1,30,,,,-1,two_stage,2,0.5,"__confirm_cooldown=200,__confirm_rule=perm_test,__perm_alpha=0.01,__perm_min_effect=0,__perm_n_perm=200,__perm_post_n=10,__perm_pre_n=500,__perm_rng_seed=0,__perm_stat=vote_score,divergence=0.3,error_rate=0.5,teacher_entropy=0.2",3,0,200,0.0,0,10000,10.0,25.0,200,500,1,72,1.0,0.8849431818181818,0.7700249022229508,0.0,0.3180297613143921,0.015811052173376083,0,0,15,14,-1,perm_test,0.004975124378109453,0.4540657060866812,14,14,0,0.0,0.0037055276334285736,0,0.0,0.0,0.0,0.0,0,none,0,1,0,overconfident,0.95,0,mild_drift,0.9639456965271981,0.0012381686789447056,0.8247129873373513,0.8662087791832571,1768220035.412858,0.03664988651871681,0.11260588467121124
89,5696,5695,sine_abrupt4,sine,ts_drift_adapt,5,"error_divergence_ph_meta@error.threshold=0.10,error.min_instances=5",error_divergence_ph_meta,"{""divergence"": {""alpha"": 0.1, ""delta"": 0.005, ""min_instances"": 30, ""threshold"": 0.05}, ""error_rate"": {""alpha"": 0.15, ""delta"": 0.005, ""min_instances"": 5, ""threshold"": 0.1}}","{""error_rate"": {""min_instances"": 5, ""threshold"": 0.1}}",0.1,0.005,0.15,5,0.05,0.005,0.1,30,,,,-1,two_stage,2,0.5,"__confirm_cooldown=200,__confirm_rule=perm_test,__perm_alpha=0.01,__perm_min_effect=0,__perm_n_perm=200,__perm_post_n=10,__perm_pre_n=500,__perm_rng_seed=0,__perm_stat=vote_score,divergence=0.3,error_rate=0.5,teacher_entropy=0.2",3,0,200,0.0,0,10000,10.0,25.0,200,500,1,8,1.0,0.886060393258427,0.7722175036736489,0.0,0.2954528033733368,0.00785069540143013,0,0,15,14,-1,perm_test,0.004975124378109453,0.4540657060866812,14,14,0,0.0,0.007960356771945953,0,0.0,0.0,0.0,0.0,0,none,0,1,0,overconfident,0.95,0,mild_drift,0.9621228482635991,0.0012690843394723528,0.8123564936686757,0.8606043895916285,1768220035.422657,0.04951966926455498,0.08772966265678406
90,5760,5759,sine_abrupt4,sine,ts_drift_adapt,5,"error_divergence_ph_meta@error.threshold=0.10,error.min_instances=5",error_divergence_ph_meta,"{""divergence"": {""alpha"": 0.1, ""delta"": 0.005, ""min_instances"": 30, ""threshold"": 0.05}, ""error_rate"": {""alpha"": 0.15, ""delta"": 0.005, ""min_instances"": 5, ""threshold"": 0.1}}","{""error_rate"": {""min_instances"": 5, ""threshold"": 0.1}}",0.1,0.005,0.15,5,0.05,0.005,0.1,30,,,,-1,two_stage,2,0.5,"__confirm_cooldown=200,__confirm_rule=perm_test,__perm_alpha=0.01,__perm_min_effect=0,__perm_n_perm=200,__perm_post_n=10,__perm_pre_n=500,__perm_rng_seed=0,__perm_stat=vote_score,divergence=0.3,error_rate=0.5,teacher_entropy=0.2",3,0,200,0.0,0,10000,10.0,25.0,200,500,0,0,1.0,0.8873263888888889,0.774731267678965,0.0,0.2800508141517639,0.010291229002177715,0,0,15,14,-1,perm_test,0.004975124378109453,0.4540657060866812,14,14,0,0.0,0.0024405336007475853,0,0.0,0.0,0.0,0.0,0,none,0,1,0,overconfident,0.95,0,mild_drift,0.9612114241317995,0.0012845421697361766,0.8061782468343379,0.8578021947958143,1768220035.4325123,0.08001642674207687,0.08272194862365723
91,5824,5823,sine_abrupt4,sine,ts_drift_adapt,5,"error_divergence_ph_meta@error.threshold=0.10,error.min_instances=5",error_divergence_ph_meta,"{""divergence"": {""alpha"": 0.1, ""delta"": 0.005, ""min_instances"": 30, ""threshold"": 0.05}, ""error_rate"": {""alpha"": 0.15, ""delta"": 0.005, ""min_instances"": 5, ""threshold"": 0.1}}","{""error_rate"": {""min_instances"": 5, ""threshold"": 0.1}}",0.1,0.005,0.15,5,0.05,0.005,0.1,30,,,,-1,two_stage,2,0.5,"__confirm_cooldown=200,__confirm_rule=perm_test,__perm_alpha=0.01,__perm_min_effect=0,__perm_n_perm=200,__perm_post_n=10,__perm_pre_n=500,__perm_rng_seed=0,__perm_stat=vote_score,divergence=0.3,error_rate=0.5,teacher_entropy=0.2",3,0,200,0.0,0,10000,10.0,25.0,200,500,0,0,1.0,0.8873626373626373,0.7747962638479103,0.0,0.26157504320144653,0.009240650571882725,0,0,15,14,-1,perm_test,0.004975124378109453,0.4540657060866812,14,14,0,0.0,0.0010505784302949905,0,0.0,0.0,0.0,0.0,0,none,0,1,0,overconfident,0.95,0,mild_drift,0.9607557120658997,0.0012922710848680885,0.803089123417169,0.8564010973979072,1768220035.4423802,0.07681351155042648,0.07386600971221924
92,5888,5887,sine_abrupt4,sine,ts_drift_adapt,5,"error_divergence_ph_meta@error.threshold=0.10,error.min_instances=5",error_divergence_ph_meta,"{""divergence"": {""alpha"": 0.1, ""delta"": 0.005, ""min_instances"": 30, ""threshold"": 0.05}, ""error_rate"": {""alpha"": 0.15, ""delta"": 0.005, ""min_instances"": 5, ""threshold"": 0.1}}","{""error_rate"": {""min_instances"": 5, ""threshold"": 0.1}}",0.1,0.005,0.15,5,0.05,0.005,0.1,30,,,,-1,two_stage,2,0.5,"__confirm_cooldown=200,__confirm_rule=perm_test,__perm_alpha=0.01,__perm_min_effect=0,__perm_n_perm=200,__perm_post_n=10,__perm_pre_n=500,__perm_rng_seed=0,__perm_stat=vote_score,divergence=0.3,error_rate=0.5,teacher_entropy=0.2",3,0,200,0.0,0,10000,10.0,25.0,200,500,0,0,1.0,0.8884171195652174,0.7769180447666034,0.0,0.24096931517124176,0.007025407161563635,0,0,15,14,-1,perm_test,0.004975124378109453,0.4540657060866812,14,14,0,0.0,0.00221524341031909,0,0.0,0.0,0.0,0.0,0,none,0,1,0,overconfident,0.95,0,mild_drift,0.9605278560329498,0.0012961355424340442,0.8015445617085846,0.8557005486989535,1768220035.4521174,0.15856875479221344,0.06212637946009636
93,5952,5951,sine_abrupt4,sine,ts_drift_adapt,5,"error_divergence_ph_meta@error.threshold=0.10,error.min_instances=5",error_divergence_ph_meta,"{""divergence"": {""alpha"": 0.1, ""delta"": 0.005, ""min_instances"": 30, ""threshold"": 0.05}, ""error_rate"": {""alpha"": 0.15, ""delta"": 0.005, ""min_instances"": 5, ""threshold"": 0.1}}","{""error_rate"": {""min_instances"": 5, ""threshold"": 0.1}}",0.1,0.005,0.15,5,0.05,0.005,0.1,30,,,,-1,two_stage,2,0.5,"__confirm_cooldown=200,__confirm_rule=perm_test,__perm_alpha=0.01,__perm_min_effect=0,__perm_n_perm=200,__perm_post_n=10,__perm_pre_n=500,__perm_rng_seed=0,__perm_stat=vote_score,divergence=0.3,error_rate=0.5,teacher_entropy=0.2",3,0,200,0.0,0,10000,10.0,25.0,200,500,0,0,1.0,0.8892809139784946,0.7786220180553436,0.0,0.2829310894012451,0.013855589553713799,0,0,15,14,-1,perm_test,0.004975124378109453,0.4540657060866812,14,14,0,0.0,0.006830182392150164,0,0.0,0.0,0.0,0.0,0,none,0,1,0,overconfident,0.95,0,mild_drift,0.9604139280164748,0.001298067771217022,0.8007722808542923,0.8553502743494767,1768220035.4622395,0.2361864447593689,0.09328703582286835
94,6016,6015,sine_abrupt4,sine,ts_drift_adapt,5,"error_divergence_ph_meta@error.threshold=0.10,error.min_instances=5",error_divergence_ph_meta,"{""divergence"": {""alpha"": 0.1, ""delta"": 0.005, ""min_instances"": 30, ""threshold"": 0.05}, ""error_rate"": {""alpha"": 0.15, ""delta"": 0.005, ""min_instances"": 5, ""threshold"": 0.1}}","{""error_rate"": {""min_instances"": 5, ""threshold"": 0.1}}",0.1,0.005,0.15,5,0.05,0.005,0.1,30,,,,-1,two_stage,2,0.5,"__confirm_cooldown=200,__confirm_rule=perm_test,__perm_alpha=0.01,__perm_min_effect=0,__perm_n_perm=200,__perm_post_n=10,__perm_pre_n=500,__perm_rng_seed=0,__perm_stat=vote_score,divergence=0.3,error_rate=0.5,teacher_entropy=0.2",3,0,200,0.0,0,10000,10.0,25.0,200,500,0,0,1.0,0.890126329787234,0.7802526595744681,0.0,0.24492886662483215,0.006438156124204397,0,0,15,14,-1,perm_test,0.004975124378109453,0.4540657060866812,14,14,0,0.0,0.007417433429509401,0,0.0,0.0,0.0,0.0,0,none,0,1,0,overconfident,0.95,0,mild_drift,0.9603569640082374,0.0012990338856085112,0.8003861404271462,0.8551751371747384,1768220035.472262,0.04017416387796402,0.05853006988763809
95,6080,6079,sine_abrupt4,sine,ts_drift_adapt,5,"error_divergence_ph_meta@error.threshold=0.10,error.min_instances=5",error_divergence_ph_meta,"{""divergence"": {""alpha"": 0.1, ""delta"": 0.005, ""min_instances"": 30, ""threshold"": 0.05}, ""error_rate"": {""alpha"": 0.15, ""delta"": 0.005, ""min_instances"": 5, ""threshold"": 0.1}}","{""error_rate"": {""min_instances"": 5, ""threshold"": 0.1}}",0.1,0.005,0.15,5,0.05,0.005,0.1,30,,,,-1,two_stage,2,0.5,"__confirm_cooldown=200,__confirm_rule=perm_test,__perm_alpha=0.01,__perm_min_effect=0,__perm_n_perm=200,__perm_post_n=10,__perm_pre_n=500,__perm_rng_seed=0,__perm_stat=vote_score,divergence=0.3,error_rate=0.5,teacher_entropy=0.2",3,0,200,0.0,0,10000,10.0,25.0,200,500,0,0,1.0,0.8911184210526316,0.7821468871755392,0.0,0.2789129912853241,0.006241462659090757,0,0,15,14,-1,perm_test,0.004975124378109453,0.4540657060866812,14,14,0,0.0,0.00019669346511363983,0,0.0,0.0,0.0,0.0,0,none,0,1,0,overconfident,0.95,0,mild_drift,0.9603284820041187,0.0012995169428042558,0.8001930702135731,0.8550875685873691,1768220035.4826117,0.05938414856791496,0.07928896695375443
96,6144,6143,sine_abrupt4,sine,ts_drift_adapt,5,"error_divergence_ph_meta@error.threshold=0.10,error.min_instances=5",error_divergence_ph_meta,"{""divergence"": {""alpha"": 0.1, ""delta"": 0.005, ""min_instances"": 30, ""threshold"": 0.05}, ""error_rate"": {""alpha"": 0.15, ""delta"": 0.005, ""min_instances"": 5, ""threshold"": 0.1}}","{""error_rate"": {""min_instances"": 5, ""threshold"": 0.1}}",0.1,0.005,0.15,5,0.05,0.005,0.1,30,,,,-1,two_stage,2,0.5,"__confirm_cooldown=200,__confirm_rule=perm_test,__perm_alpha=0.01,__perm_min_effect=0,__perm_n_perm=200,__perm_post_n=10,__perm_pre_n=500,__perm_rng_seed=0,__perm_stat=vote_score,divergence=0.3,error_rate=0.5,teacher_entropy=0.2",3,0,200,0.0,0,10000,10.0,25.0,200,500,0,0,1.0,0.8914388020833334,0.7827894971842472,0.3333333333333333,0.236564502120018,0.007522547617554665,1,1,16,15,0,perm_test,0.004975124378109453,0.4990305216449378,15,15,0,0.3333333333333333,0.3333333333333333,1,0.5,0.0,0.0,0.0,0,none,1,1,0,overconfident,0.95,0,severe_drift,0.9256642410020594,0.001649758471402128,0.6500965351067866,0.8325437842936846,1768220035.4997282,0.46120500564575195,0.06668820232152939
97,6208,6207,sine_abrupt4,sine,ts_drift_adapt,5,"error_divergence_ph_meta@error.threshold=0.10,error.min_instances=5",error_divergence_ph_meta,"{""divergence"": {""alpha"": 0.1, ""delta"": 0.005, ""min_instances"": 30, ""threshold"": 0.05}, ""error_rate"": {""alpha"": 0.15, ""delta"": 0.005, ""min_instances"": 5, ""threshold"": 0.1}}","{""error_rate"": {""min_instances"": 5, ""threshold"": 0.1}}",0.1,0.005,0.15,5,0.05,0.005,0.1,30,,,,-1,two_stage,2,0.5,"__confirm_cooldown=200,__confirm_rule=perm_test,__perm_alpha=0.01,__perm_min_effect=0,__perm_n_perm=200,__perm_post_n=10,__perm_pre_n=500,__perm_rng_seed=0,__perm_stat=vote_score,divergence=0.3,error_rate=0.5,teacher_entropy=0.2",3,0,200,0.0,0,10000,10.0,25.0,200,500,1,136,1.0,0.8920747422680413,0.7840490716004095,0.0,0.290041983127594,0.011423286981880665,0,0,16,15,-1,perm_test,0.004975124378109453,0.4990305216449378,15,15,0,0.0,0.3333333333333333,0,0.0,0.0,0.0,0.0,0,none,0,1,0,overconfident,0.95,0,mild_drift,0.9429821205010296,0.001474879235701064,0.7250482675533934,0.8437718921468422,1768220035.5100653,0.04195702075958252,0.09676283597946167
98,6272,6271,sine_abrupt4,sine,ts_drift_adapt,5,"error_divergence_ph_meta@error.threshold=0.10,error.min_instances=5",error_divergence_ph_meta,"{""divergence"": {""alpha"": 0.1, ""delta"": 0.005, ""min_instances"": 30, ""threshold"": 0.05}, ""error_rate"": {""alpha"": 0.15, ""delta"": 0.005, ""min_instances"": 5, ""threshold"": 0.1}}","{""error_rate"": {""min_instances"": 5, ""threshold"": 0.1}}",0.1,0.005,0.15,5,0.05,0.005,0.1,30,,,,-1,two_stage,2,0.5,"__confirm_cooldown=200,__confirm_rule=perm_test,__perm_alpha=0.01,__perm_min_effect=0,__perm_n_perm=200,__perm_post_n=10,__perm_pre_n=500,__perm_rng_seed=0,__perm_stat=vote_score,divergence=0.3,error_rate=0.5,teacher_entropy=0.2",3,0,200,0.0,0,10000,10.0,25.0,200,500,1,72,1.0,0.8926977040816326,0.7852912685460408,0.16666666666666666,0.22401350736618042,0.008931665681302547,0,0,16,15,-1,perm_test,0.004975124378109453,0.4990305216449378,15,15,0,0.0,0.16666666666666666,0,0.0,0.0,0.0,0.0,0,none,0,1,0,overconfident,0.95,0,mild_drift,0.9516410602505148,0.001387439617850532,0.7625241337766967,0.8493859460734211,1768220035.519764,0.3405637741088867,0.08073974400758743
99,6336,6335,sine_abrupt4,sine,ts_drift_adapt,5,"error_divergence_ph_meta@error.threshold=0.10,error.min_instances=5",error_divergence_ph_meta,"{""divergence"": {""alpha"": 0.1, ""delta"": 0.005, ""min_instances"": 30, ""threshold"": 0.05}, ""error_rate"": {""alpha"": 0.15, ""delta"": 0.005, ""min_instances"": 5, ""threshold"": 0.1}}","{""error_rate"": {""min_instances"": 5, ""threshold"": 0.1}}",0.1,0.005,0.15,5,0.05,0.005,0.1,30,,,,-1,two_stage,2,0.5,"__confirm_cooldown=200,__confirm_rule=perm_test,__perm_alpha=0.01,__perm_min_effect=0,__perm_n_perm=200,__perm_post_n=10,__perm_pre_n=500,__perm_rng_seed=0,__perm_stat=vote_score,divergence=0.3,error_rate=0.5,teacher_entropy=0.2",3,0,200,0.0,0,10000,10.0,25.0,200,500,1,8,1.0,0.8931502525252525,0.7861924532695745,0.0,0.21558643877506256,0.006084786262363195,0,0,16,15,-1,perm_test,0.004975124378109453,0.4990305216449378,15,15,0,0.0,0.16666666666666666,0,0.0,0.0,0.0,0.0,0,none,0,1,0,overconfident,0.95,0,mild_drift,0.9559705301252573,0.0013437198089252661,0.7812620668883483,0.8521929730367106,1768220035.5294564,0.060979023575782776,0.05429472029209137
100,6400,6399,sine_abrupt4,sine,ts_drift_adapt,5,"error_divergence_ph_meta@error.threshold=0.10,error.min_instances=5",error_divergence_ph_meta,"{""divergence"": {""alpha"": 0.1, ""delta"": 0.005, ""min_instances"": 30, ""threshold"": 0.05}, ""error_rate"": {""alpha"": 0.15, ""delta"": 0.005, ""min_instances"": 5, ""threshold"": 0.1}}","{""error_rate"": {""min_instances"": 5, ""threshold"": 0.1}}",0.1,0.005,0.15,5,0.05,0.005,0.1,30,,,,-1,two_stage,2,0.5,"__confirm_cooldown=200,__confirm_rule=perm_test,__perm_alpha=0.01,__perm_min_effect=0,__perm_n_perm=200,__perm_post_n=10,__perm_pre_n=500,__perm_rng_seed=0,__perm_stat=vote_score,divergence=0.3,error_rate=0.5,teacher_entropy=0.2",3,0,200,0.0,0,10000,10.0,25.0,200,500,0,0,1.0,0.89390625,0.7876589259771276,0.0,0.22930409014225006,0.005665783304721117,0,0,16,15,-1,perm_test,0.004975124378109453,0.4990305216449378,15,15,0,0.0,0.0004190029576420784,0,0.0,0.0,0.0,0.0,0,none,0,1,0,overconfident,0.95,0,mild_drift,0.9581352650626287,0.0013218599044626331,0.7906310334441742,0.8535964865183553,1768220035.539241,0.014404046349227428,0.05478474870324135
101,6464,6463,sine_abrupt4,sine,ts_drift_adapt,5,"error_divergence_ph_meta@error.threshold=0.10,error.min_instances=5",error_divergence_ph_meta,"{""divergence"": {""alpha"": 0.1, ""delta"": 0.005, ""min_instances"": 30, ""threshold"": 0.05}, ""error_rate"": {""alpha"": 0.15, ""delta"": 0.005, ""min_instances"": 5, ""threshold"": 0.1}}","{""error_rate"": {""min_instances"": 5, ""threshold"": 0.1}}",0.1,0.005,0.15,5,0.05,0.005,0.1,30,,,,-1,two_stage,2,0.5,"__confirm_cooldown=200,__confirm_rule=perm_test,__perm_alpha=0.01,__perm_min_effect=0,__perm_n_perm=200,__perm_post_n=10,__perm_pre_n=500,__perm_rng_seed=0,__perm_stat=vote_score,divergence=0.3,error_rate=0.5,teacher_entropy=0.2",3,0,200,0.0,0,10000,10.0,25.0,200,500,0,0,1.0,0.8946472772277227,0.7890746601751386,0.0,0.26452749967575073,0.012367600575089455,1,1,17,16,0,perm_test,0.004975124378109453,0.4323288458935257,16,16,0,0.3333333333333333,0.006701817270368338,1,0.5,0.0,0.0,0.0,0,none,1,1,0,overconfident,0.95,0,severe_drift,0.9245676325313144,0.0016609299522313166,0.6453155167220871,0.8317982432591777,1768220035.5563703,0.02603165991604328,0.08211113512516022
102,6528,6527,sine_abrupt4,sine,ts_drift_adapt,5,"error_divergence_ph_meta@error.threshold=0.10,error.min_instances=5",error_divergence_ph_meta,"{""divergence"": {""alpha"": 0.1, ""delta"": 0.005, ""min_instances"": 30, ""threshold"": 0.05}, ""error_rate"": {""alpha"": 0.15, ""delta"": 0.005, ""min_instances"": 5, ""threshold"": 0.1}}","{""error_rate"": {""min_instances"": 5, ""threshold"": 0.1}}",0.1,0.005,0.15,5,0.05,0.005,0.1,30,,,,-1,two_stage,2,0.5,"__confirm_cooldown=200,__confirm_rule=perm_test,__perm_alpha=0.01,__perm_min_effect=0,__perm_n_perm=200,__perm_post_n=10,__perm_pre_n=500,__perm_rng_seed=0,__perm_stat=vote_score,divergence=0.3,error_rate=0.5,teacher_entropy=0.2",3,0,200,0.0,0,10000,10.0,25.0,200,500,1,136,1.0,0.8953737745098039,0.7904616923776516,0.0,0.23450544476509094,0.007475618273019791,0,0,17,16,-1,perm_test,0.004975124378109453,0.4323288458935257,16,16,0,0.0,0.004891982302069664,0,0.0,0.0,0.0,0.0,0,none,0,1,0,overconfident,0.95,0,mild_drift,0.9424338162656571,0.0014804649761156583,0.7226577583610436,0.8433991216295889,1768220035.5659974,0.033640649169683456,0.06872165203094482
103,6592,6591,sine_abrupt4,sine,ts_drift_adapt,5,"error_divergence_ph_meta@error.threshold=0.10,error.min_instances=5",error_divergence_ph_meta,"{""divergence"": {""alpha"": 0.1, ""delta"": 0.005, ""min_instances"": 30, ""threshold"": 0.05}, ""error_rate"": {""alpha"": 0.15, ""delta"": 0.005, ""min_instances"": 5, ""threshold"": 0.1}}","{""error_rate"": {""min_instances"": 5, ""threshold"": 0.1}}",0.1,0.005,0.15,5,0.05,0.005,0.1,30,,,,-1,two_stage,2,0.5,"__confirm_cooldown=200,__confirm_rule=perm_test,__perm_alpha=0.01,__perm_min_effect=0,__perm_n_perm=200,__perm_post_n=10,__perm_pre_n=500,__perm_rng_seed=0,__perm_stat=vote_score,divergence=0.3,error_rate=0.5,teacher_entropy=0.2",3,0,200,0.0,0,10000,10.0,25.0,200,500,1,72,1.0,0.8963895631067961,0.7924942158968354,0.0,0.22427088022232056,0.007353785447776318,0,0,17,16,-1,perm_test,0.004975124378109453,0.4323288458935257,16,16,0,0.0,0.00012183282524347305,0,0.0,0.0,0.0,0.0,0,none,0,1,0,overconfident,0.95,0,mild_drift,0.9513669081328285,0.0013902324880578293,0.7613288791805218,0.8491995608147944,1768220035.5754623,0.06184428930282593,0.07779642939567566
104,6656,6655,sine_abrupt4,sine,ts_drift_adapt,5,"error_divergence_ph_meta@error.threshold=0.10,error.min_instances=5",error_divergence_ph_meta,"{""divergence"": {""alpha"": 0.1, ""delta"": 0.005, ""min_instances"": 30, ""threshold"": 0.05}, ""error_rate"": {""alpha"": 0.15, ""delta"": 0.005, ""min_instances"": 5, ""threshold"": 0.1}}","{""error_rate"": {""min_instances"": 5, ""threshold"": 0.1}}",0.1,0.005,0.15,5,0.05,0.005,0.1,30,,,,-1,two_stage,2,0.5,"__confirm_cooldown=200,__confirm_rule=perm_test,__perm_alpha=0.01,__perm_min_effect=0,__perm_n_perm=200,__perm_post_n=10,__perm_pre_n=500,__perm_rng_seed=0,__perm_stat=vote_score,divergence=0.3,error_rate=0.5,teacher_entropy=0.2",3,0,200,0.0,0,10000,10.0,25.0,200,500,1,8,1.0,0.8970853365384616,0.7938551158687831,0.0,0.2505125105381012,0.007544793654233217,0,0,17,16,-1,perm_test,0.004975124378109453,0.4323288458935257,16,16,0,0.0,0.00019100820645689964,0,0.0,0.0,0.0,0.0,0,none,0,1,0,overconfident,0.95,0,mild_drift,0.9558334540664142,0.0013451162440289146,0.7806644395902609,0.8520997804073972,1768220035.5850265,0.13519980013370514,0.07572297751903534
105,6720,6719,sine_abrupt4,sine,ts_drift_adapt,5,"error_divergence_ph_meta@error.threshold=0.10,error.min_instances=5",error_divergence_ph_meta,"{""divergence"": {""alpha"": 0.1, ""delta"": 0.005, ""min_instances"": 30, ""threshold"": 0.05}, ""error_rate"": {""alpha"": 0.15, ""delta"": 0.005, ""min_instances"": 5, ""threshold"": 0.1}}","{""error_rate"": {""min_instances"": 5, ""threshold"": 0.1}}",0.1,0.005,0.15,5,0.05,0.005,0.1,30,,,,-1,two_stage,2,0.5,"__confirm_cooldown=200,__confirm_rule=perm_test,__perm_alpha=0.01,__perm_min_effect=0,__perm_n_perm=200,__perm_post_n=10,__perm_pre_n=500,__perm_rng_seed=0,__perm_stat=vote_score,divergence=0.3,error_rate=0.5,teacher_entropy=0.2",3,0,200,0.0,0,10000,10.0,25.0,200,500,0,0,1.0,0.8977678571428571,0.7951864848917735,0.16666666666666666,0.2562456727027893,0.005406549666076899,0,0,17,16,-1,perm_test,0.004975124378109453,0.4323288458935257,16,16,0,0.0,0.16666666666666666,0,0.0,0.0,0.0,0.0,0,none,0,1,0,overconfident,0.95,0,mild_drift,0.958066727033207,0.0013225581220144573,0.7903322197951305,0.8535498902036986,1768220035.5946653,0.19829170405864716,0.0655844435095787
106,6784,6783,sine_abrupt4,sine,ts_drift_adapt,5,"error_divergence_ph_meta@error.threshold=0.10,error.min_instances=5",error_divergence_ph_meta,"{""divergence"": {""alpha"": 0.1, ""delta"": 0.005, ""min_instances"": 30, ""threshold"": 0.05}, ""error_rate"": {""alpha"": 0.15, ""delta"": 0.005, ""min_instances"": 5, ""threshold"": 0.1}}","{""error_rate"": {""min_instances"": 5, ""threshold"": 0.1}}",0.1,0.005,0.15,5,0.05,0.005,0.1,30,,,,-1,two_stage,2,0.5,"__confirm_cooldown=200,__confirm_rule=perm_test,__perm_alpha=0.01,__perm_min_effect=0,__perm_n_perm=200,__perm_post_n=10,__perm_pre_n=500,__perm_rng_seed=0,__perm_stat=vote_score,divergence=0.3,error_rate=0.5,teacher_entropy=0.2",3,0,200,0.0,0,10000,10.0,25.0,200,500,0,0,1.0,0.8987323113207547,0.7971464933554557,0.0,0.2112138867378235,0.005741983652114868,1,1,18,17,0,perm_test,0.004975124378109453,0.43195830931608364,17,17,0,0.0,0.16666666666666666,1,0.5,0.0,0.0,0.0,0,none,1,1,0,overconfident,0.95,0,stable,0.9740333635166035,0.0010612790610072286,0.8951661098975652,0.8992749451018494,1768220035.6115317,0.026213014498353004,0.05783547833561897
107,6848,6847,sine_abrupt4,sine,ts_drift_adapt,5,"error_divergence_ph_meta@error.threshold=0.10,error.min_instances=5",error_divergence_ph_meta,"{""divergence"": {""alpha"": 0.1, ""delta"": 0.005, ""min_instances"": 30, ""threshold"": 0.05}, ""error_rate"": {""alpha"": 0.15, ""delta"": 0.005, ""min_instances"": 5, ""threshold"": 0.1}}","{""error_rate"": {""min_instances"": 5, ""threshold"": 0.1}}",0.1,0.005,0.15,5,0.05,0.005,0.1,30,,,,-1,two_stage,2,0.5,"__confirm_cooldown=200,__confirm_rule=perm_test,__perm_alpha=0.01,__perm_min_effect=0,__perm_n_perm=200,__perm_post_n=10,__perm_pre_n=500,__perm_rng_seed=0,__perm_stat=vote_score,divergence=0.3,error_rate=0.5,teacher_entropy=0.2",3,0,200,0.0,0,10000,10.0,25.0,200,500,1,136,1.0,0.899678738317757,0.7990550250168075,0.0,0.23659595847129822,0.005093163810670376,0,0,18,17,-1,perm_test,0.004975124378109453,0.43195830931608364,17,17,0,0.0,0.0006488198414444923,0,0.0,0.0,0.0,0.0,0,none,0,1,0,overconfident,0.95,0,mild_drift,0.9671666817583018,0.0011806395305036144,0.8475830549487826,0.8771374725509247,1768220035.621124,0.08407201617956161,0.045543767511844635
108,6912,6911,sine_abrupt4,sine,ts_drift_adapt,5,"error_divergence_ph_meta@error.threshold=0.10,error.min_instances=5",error_divergence_ph_meta,"{""divergence"": {""alpha"": 0.1, ""delta"": 0.005, ""min_instances"": 30, ""threshold"": 0.05}, ""error_rate"": {""alpha"": 0.15, ""delta"": 0.005, ""min_instances"": 5, ""threshold"": 0.1}}","{""error_rate"": {""min_instances"": 5, ""threshold"": 0.1}}",0.1,0.005,0.15,5,0.05,0.005,0.1,30,,,,-1,two_stage,2,0.5,"__confirm_cooldown=200,__confirm_rule=perm_test,__perm_alpha=0.01,__perm_min_effect=0,__perm_n_perm=200,__perm_post_n=10,__perm_pre_n=500,__perm_rng_seed=0,__perm_stat=vote_score,divergence=0.3,error_rate=0.5,teacher_entropy=0.2",3,0,200,0.0,0,10000,10.0,25.0,200,500,1,72,1.0,0.9004629629629629,0.8006054806557223,0.0,0.20861640572547913,0.005404486786574125,0,0,18,17,-1,perm_test,0.004975124378109453,0.43195830931608364,17,17,0,0.0,0.00031132297590374947,0,0.0,0.0,0.0,0.0,0,none,0,1,0,overconfident,0.95,0,mild_drift,0.9637333408791509,0.0012403197652518074,0.8237915274743913,0.8660687362754623,1768220035.6305618,0.030497713014483452,0.04466035217046738
109,6976,6975,sine_abrupt4,sine,ts_drift_adapt,5,"error_divergence_ph_meta@error.threshold=0.10,error.min_instances=5",error_divergence_ph_meta,"{""divergence"": {""alpha"": 0.1, ""delta"": 0.005, ""min_instances"": 30, ""threshold"": 0.05}, ""error_rate"": {""alpha"": 0.15, ""delta"": 0.005, ""min_instances"": 5, ""threshold"": 0.1}}","{""error_rate"": {""min_instances"": 5, ""threshold"": 0.1}}",0.1,0.005,0.15,5,0.05,0.005,0.1,30,,,,-1,two_stage,2,0.5,"__confirm_cooldown=200,__confirm_rule=perm_test,__perm_alpha=0.01,__perm_min_effect=0,__perm_n_perm=200,__perm_post_n=10,__perm_pre_n=500,__perm_rng_seed=0,__perm_stat=vote_score,divergence=0.3,error_rate=0.5,teacher_entropy=0.2",3,0,200,0.0,0,10000,10.0,25.0,200,500,1,8,1.0,0.9013761467889908,0.8023732399974338,0.0,0.22418664395809174,0.0045967488549649715,0,0,18,17,-1,perm_test,0.004975124378109453,0.43195830931608364,17,17,0,0.0,0.0008077379316091537,0,0.0,0.0,0.0,0.0,0,none,0,1,0,overconfident,0.95,0,mild_drift,0.9620166704395754,0.0012701598826259037,0.8118957637371957,0.8605343681377311,1768220035.6400406,0.2639593183994293,0.04592712223529816
110,7040,7039,sine_abrupt4,sine,ts_drift_adapt,5,"error_divergence_ph_meta@error.threshold=0.10,error.min_instances=5",error_divergence_ph_meta,"{""divergence"": {""alpha"": 0.1, ""delta"": 0.005, ""min_instances"": 30, ""threshold"": 0.05}, ""error_rate"": {""alpha"": 0.15, ""delta"": 0.005, ""min_instances"": 5, ""threshold"": 0.1}}","{""error_rate"": {""min_instances"": 5, ""threshold"": 0.1}}",0.1,0.005,0.15,5,0.05,0.005,0.1,30,,,,-1,two_stage,2,0.5,"__confirm_cooldown=200,__confirm_rule=perm_test,__perm_alpha=0.01,__perm_min_effect=0,__perm_n_perm=200,__perm_post_n=10,__perm_pre_n=500,__perm_rng_seed=0,__perm_stat=vote_score,divergence=0.3,error_rate=0.5,teacher_entropy=0.2",3,0,200,0.0,0,10000,10.0,25.0,200,500,0,0,1.0,0.9018465909090909,0.8033196758759492,0.0,0.21902896463871002,0.011920709162950516,0,0,18,17,-1,perm_test,0.004975124378109453,0.43195830931608364,17,17,0,0.0,0.007323960307985544,0,0.0,0.0,0.0,0.0,0,none,0,1,0,overconfident,0.95,0,mild_drift,0.9611583352197877,0.0012850799413129518,0.8059478818685979,0.8577671840688655,1768220035.6498408,0.04348751902580261,0.1024414524435997
111,7104,7103,sine_abrupt4,sine,ts_drift_adapt,5,"error_divergence_ph_meta@error.threshold=0.10,error.min_instances=5",error_divergence_ph_meta,"{""divergence"": {""alpha"": 0.1, ""delta"": 0.005, ""min_instances"": 30, ""threshold"": 0.05}, ""error_rate"": {""alpha"": 0.15, ""delta"": 0.005, ""min_instances"": 5, ""threshold"": 0.1}}","{""error_rate"": {""min_instances"": 5, ""threshold"": 0.1}}",0.1,0.005,0.15,5,0.05,0.005,0.1,30,,,,-1,two_stage,2,0.5,"__confirm_cooldown=200,__confirm_rule=perm_test,__perm_alpha=0.01,__perm_min_effect=0,__perm_n_perm=200,__perm_post_n=10,__perm_pre_n=500,__perm_rng_seed=0,__perm_stat=vote_score,divergence=0.3,error_rate=0.5,teacher_entropy=0.2",3,0,200,0.0,0,10000,10.0,25.0,200,500,0,0,1.0,0.9024493243243243,0.8045407190954136,0.0,0.23805995285511017,0.005532016046345234,0,0,18,17,-1,perm_test,0.004975124378109453,0.43195830931608364,17,17,0,0.0,0.006388693116605282,0,0.0,0.0,0.0,0.0,0,none,0,1,0,overconfident,0.95,0,mild_drift,0.9607291676098938,0.0012925399706564759,0.802973940934299,0.8563835920344327,1768220035.659514,0.019575079903006554,0.059718068689107895
112,7168,7167,sine_abrupt4,sine,ts_drift_adapt,5,"error_divergence_ph_meta@error.threshold=0.10,error.min_instances=5",error_divergence_ph_meta,"{""divergence"": {""alpha"": 0.1, ""delta"": 0.005, ""min_instances"": 30, ""threshold"": 0.05}, ""error_rate"": {""alpha"": 0.15, ""delta"": 0.005, ""min_instances"": 5, ""threshold"": 0.1}}","{""error_rate"": {""min_instances"": 5, ""threshold"": 0.1}}",0.1,0.005,0.15,5,0.05,0.005,0.1,30,,,,-1,two_stage,2,0.5,"__confirm_cooldown=200,__confirm_rule=perm_test,__perm_alpha=0.01,__perm_min_effect=0,__perm_n_perm=200,__perm_post_n=10,__perm_pre_n=500,__perm_rng_seed=0,__perm_stat=vote_score,divergence=0.3,error_rate=0.5,teacher_entropy=0.2",3,0,200,0.0,0,10000,10.0,25.0,200,500,0,0,1.0,0.9029017857142857,0.8054546180569421,0.0,0.25686588883399963,0.008022245019674301,0,0,18,17,-1,perm_test,0.004975124378109453,0.43195830931608364,17,17,0,0.0,0.0024902289733290672,0,0.0,0.0,0.0,0.0,0,none,0,1,0,overconfident,0.95,0,mild_drift,0.9605145838049469,0.001296269985328238,0.8014869704671495,0.8556917960172163,1768220035.6692467,0.09918341785669327,0.06335411220788956
113,7232,7231,sine_abrupt4,sine,ts_drift_adapt,5,"error_divergence_ph_meta@error.threshold=0.10,error.min_instances=5",error_divergence_ph_meta,"{""divergence"": {""alpha"": 0.1, ""delta"": 0.005, ""min_instances"": 30, ""threshold"": 0.05}, ""error_rate"": {""alpha"": 0.15, ""delta"": 0.005, ""min_instances"": 5, ""threshold"": 0.1}}","{""error_rate"": {""min_instances"": 5, ""threshold"": 0.1}}",0.1,0.005,0.15,5,0.05,0.005,0.1,30,,,,-1,two_stage,2,0.5,"__confirm_cooldown=200,__confirm_rule=perm_test,__perm_alpha=0.01,__perm_min_effect=0,__perm_n_perm=200,__perm_post_n=10,__perm_pre_n=500,__perm_rng_seed=0,__perm_stat=vote_score,divergence=0.3,error_rate=0.5,teacher_entropy=0.2",3,0,200,0.0,0,10000,10.0,25.0,200,500,0,0,1.0,0.9034845132743363,0.8065965066932327,0.16666666666666666,0.18264824151992798,0.004502597264945507,1,1,19,18,0,perm_test,0.004975124378109453,0.4353111234713024,18,18,0,0.16666666666666666,0.16666666666666666,1,0.5,0.0,0.0,0.0,0,none,1,1,0,overconfident,0.95,0,severe_drift,0.9257572919024735,0.001648134992664119,0.6507434852335747,0.8328458980086082,1768220035.6882024,0.2048526555299759,0.04068770632147789
114,7296,7295,sine_abrupt4,sine,ts_drift_adapt,5,"error_divergence_ph_meta@error.threshold=0.10,error.min_instances=5",error_divergence_ph_meta,"{""divergence"": {""alpha"": 0.1, ""delta"": 0.005, ""min_instances"": 30, ""threshold"": 0.05}, ""error_rate"": {""alpha"": 0.15, ""delta"": 0.005, ""min_instances"": 5, ""threshold"": 0.1}}","{""error_rate"": {""min_instances"": 5, ""threshold"": 0.1}}",0.1,0.005,0.15,5,0.05,0.005,0.1,30,,,,-1,two_stage,2,0.5,"__confirm_cooldown=200,__confirm_rule=perm_test,__perm_alpha=0.01,__perm_min_effect=0,__perm_n_perm=200,__perm_post_n=10,__perm_pre_n=500,__perm_rng_seed=0,__perm_stat=vote_score,divergence=0.3,error_rate=0.5,teacher_entropy=0.2",3,0,200,0.0,0,10000,10.0,25.0,200,500,1,136,1.0,0.9041940789473685,0.8080005782679671,0.0,0.1876976639032364,0.004811041988432407,0,0,19,18,-1,perm_test,0.004975124378109453,0.4353111234713024,18,18,0,0.0,0.16666666666666666,0,0.0,0.0,0.0,0.0,0,none,0,1,0,overconfident,0.95,0,mild_drift,0.9430286459512367,0.0014740674963320596,0.7253717426167874,0.8439229490043041,1768220035.6996138,0.05410517379641533,0.05421992391347885
115,7360,7359,sine_abrupt4,sine,ts_drift_adapt,5,"error_divergence_ph_meta@error.threshold=0.10,error.min_instances=5",error_divergence_ph_meta,"{""divergence"": {""alpha"": 0.1, ""delta"": 0.005, ""min_instances"": 30, ""threshold"": 0.05}, ""error_rate"": {""alpha"": 0.15, ""delta"": 0.005, ""min_instances"": 5, ""threshold"": 0.1}}","{""error_rate"": {""min_instances"": 5, ""threshold"": 0.1}}",0.1,0.005,0.15,5,0.05,0.005,0.1,30,,,,-1,two_stage,2,0.5,"__confirm_cooldown=200,__confirm_rule=perm_test,__perm_alpha=0.01,__perm_min_effect=0,__perm_n_perm=200,__perm_post_n=10,__perm_pre_n=500,__perm_rng_seed=0,__perm_stat=vote_score,divergence=0.3,error_rate=0.5,teacher_entropy=0.2",3,0,200,0.0,0,10000,10.0,25.0,200,500,1,72,1.0,0.9047554347826087,0.8091155804982494,0.0,0.14448681473731995,0.007204792462289333,0,0,19,18,-1,perm_test,0.004975124378109453,0.4353111234713024,18,18,0,0.0,0.002393750473856926,0,0.0,0.0,0.0,0.0,0,none,0,1,0,overconfident,0.95,0,mild_drift,0.9516643229756183,0.0013870337481660298,0.7626858713083937,0.849461474502152,1768220035.711178,0.05519242212176323,0.056281544268131256
116,7424,7423,sine_abrupt4,sine,ts_drift_adapt,5,"error_divergence_ph_meta@error.threshold=0.10,error.min_instances=5",error_divergence_ph_meta,"{""divergence"": {""alpha"": 0.1, ""delta"": 0.005, ""min_instances"": 30, ""threshold"": 0.05}, ""error_rate"": {""alpha"": 0.15, ""delta"": 0.005, ""min_instances"": 5, ""threshold"": 0.1}}","{""error_rate"": {""min_instances"": 5, ""threshold"": 0.1}}",0.1,0.005,0.15,5,0.05,0.005,0.1,30,,,,-1,two_stage,2,0.5,"__confirm_cooldown=200,__confirm_rule=perm_test,__perm_alpha=0.01,__perm_min_effect=0,__perm_n_perm=200,__perm_post_n=10,__perm_pre_n=500,__perm_rng_seed=0,__perm_stat=vote_score,divergence=0.3,error_rate=0.5,teacher_entropy=0.2",3,0,200,0.0,0,10000,10.0,25.0,200,500,1,8,1.0,0.9054418103448276,0.8105232297049839,0.0,0.1922922432422638,0.008540816605091095,0,0,19,18,-1,perm_test,0.004975124378109453,0.4353111234713024,18,18,0,0.0,0.0013360241428017616,0,0.0,0.0,0.0,0.0,0,none,0,1,0,overconfident,0.95,0,mild_drift,0.9559821614878091,0.001343516874083015,0.7813429356541969,0.852230737251076,1768220035.7208545,0.10613390803337097,0.07452535629272461
117,7488,7487,sine_abrupt4,sine,ts_drift_adapt,5,"error_divergence_ph_meta@error.threshold=0.10,error.min_instances=5",error_divergence_ph_meta,"{""divergence"": {""alpha"": 0.1, ""delta"": 0.005, ""min_instances"": 30, ""threshold"": 0.05}, ""error_rate"": {""alpha"": 0.15, ""delta"": 0.005, ""min_instances"": 5, ""threshold"": 0.1}}","{""error_rate"": {""min_instances"": 5, ""threshold"": 0.1}}",0.1,0.005,0.15,5,0.05,0.005,0.1,30,,,,-1,two_stage,2,0.5,"__confirm_cooldown=200,__confirm_rule=perm_test,__perm_alpha=0.01,__perm_min_effect=0,__perm_n_perm=200,__perm_post_n=10,__perm_pre_n=500,__perm_rng_seed=0,__perm_stat=vote_score,divergence=0.3,error_rate=0.5,teacher_entropy=0.2",3,0,200,0.0,0,10000,10.0,25.0,200,500,0,0,1.0,0.9058493589743589,0.8113489927849308,0.0,0.1629674732685089,0.007871382869780064,0,0,19,18,-1,perm_test,0.004975124378109453,0.4353111234713024,18,18,0,0.0,0.0006694337353110313,0,0.0,0.0,0.0,0.0,0,none,0,1,0,overconfident,0.95,0,mild_drift,0.9581410807439046,0.0013217584370415077,0.7906714678270985,0.853615368625538,1768220035.7307827,0.015304979868233204,0.05458253622055054
118,7552,7551,sine_abrupt4,sine,ts_drift_adapt,5,"error_divergence_ph_meta@error.threshold=0.10,error.min_instances=5",error_divergence_ph_meta,"{""divergence"": {""alpha"": 0.1, ""delta"": 0.005, ""min_instances"": 30, ""threshold"": 0.05}, ""error_rate"": {""alpha"": 0.15, ""delta"": 0.005, ""min_instances"": 5, ""threshold"": 0.1}}","{""error_rate"": {""min_instances"": 5, ""threshold"": 0.1}}",0.1,0.005,0.15,5,0.05,0.005,0.1,30,,,,-1,two_stage,2,0.5,"__confirm_cooldown=200,__confirm_rule=perm_test,__perm_alpha=0.01,__perm_min_effect=0,__perm_n_perm=200,__perm_post_n=10,__perm_pre_n=500,__perm_rng_seed=0,__perm_stat=vote_score,divergence=0.3,error_rate=0.5,teacher_entropy=0.2",3,0,200,0.0,0,10000,10.0,25.0,200,500,0,0,1.0,0.90625,0.8121909183825369,0.16666666666666666,0.2234104573726654,0.011741315945982933,1,1,20,19,0,perm_test,0.004975124378109453,0.4350510149354102,19,19,0,0.0,0.16666666666666666,1,0.5,0.0,0.0,0.0,0,none,1,1,0,overconfident,0.95,0,stable,0.9740705403719523,0.0010608792185207538,0.8953357339135493,0.899307684312769,1768220035.74779,0.15469752252101898,0.07454385608434677
119,7616,7615,sine_abrupt4,sine,ts_drift_adapt,5,"error_divergence_ph_meta@error.threshold=0.10,error.min_instances=5",error_divergence_ph_meta,"{""divergence"": {""alpha"": 0.1, ""delta"": 0.005, ""min_instances"": 30, ""threshold"": 0.05}, ""error_rate"": {""alpha"": 0.15, ""delta"": 0.005, ""min_instances"": 5, ""threshold"": 0.1}}","{""error_rate"": {""min_instances"": 5, ""threshold"": 0.1}}",0.1,0.005,0.15,5,0.05,0.005,0.1,30,,,,-1,two_stage,2,0.5,"__confirm_cooldown=200,__confirm_rule=perm_test,__perm_alpha=0.01,__perm_min_effect=0,__perm_n_perm=200,__perm_post_n=10,__perm_pre_n=500,__perm_rng_seed=0,__perm_stat=vote_score,divergence=0.3,error_rate=0.5,teacher_entropy=0.2",3,0,200,0.0,0,10000,10.0,25.0,200,500,1,136,1.0,0.9066439075630253,0.8129620789728378,0.0,0.19766663014888763,0.008729404769837856,0,0,20,19,-1,perm_test,0.004975124378109453,0.4350510149354102,19,19,0,0.0,0.16666666666666666,0,0.0,0.0,0.0,0.0,0,none,0,1,0,overconfident,0.95,0,mild_drift,0.9671852701859761,0.001180439609260377,0.8476678669567747,0.8771538421563845,1768220035.7575247,0.054826412349939346,0.07195673137903214
120,7680,7679,sine_abrupt4,sine,ts_drift_adapt,5,"error_divergence_ph_meta@error.threshold=0.10,error.min_instances=5",error_divergence_ph_meta,"{""divergence"": {""alpha"": 0.1, ""delta"": 0.005, ""min_instances"": 30, ""threshold"": 0.05}, ""error_rate"": {""alpha"": 0.15, ""delta"": 0.005, ""min_instances"": 5, ""threshold"": 0.1}}","{""error_rate"": {""min_instances"": 5, ""threshold"": 0.1}}",0.1,0.005,0.15,5,0.05,0.005,0.1,30,,,,-1,two_stage,2,0.5,"__confirm_cooldown=200,__confirm_rule=perm_test,__perm_alpha=0.01,__perm_min_effect=0,__perm_n_perm=200,__perm_post_n=10,__perm_pre_n=500,__perm_rng_seed=0,__perm_stat=vote_score,divergence=0.3,error_rate=0.5,teacher_entropy=0.2",3,0,200,0.0,0,10000,10.0,25.0,200,500,1,72,1.0,0.90703125,0.813744381527287,0.0,0.242361381649971,0.0075468276627361774,0,0,20,19,-1,perm_test,0.004975124378109453,0.4350510149354102,19,19,0,0.0,0.0011825771071016788,0,0.0,0.0,0.0,0.0,0,none,0,1,0,overconfident,0.95,0,mild_drift,0.9637426350929881,0.0012402198046301887,0.8238339334783873,0.8660769210781922,1768220035.7671123,0.017944475635886192,0.0658576637506485
121,7744,7743,sine_abrupt4,sine,ts_drift_adapt,5,"error_divergence_ph_meta@error.threshold=0.10,error.min_instances=5",error_divergence_ph_meta,"{""divergence"": {""alpha"": 0.1, ""delta"": 0.005, ""min_instances"": 30, ""threshold"": 0.05}, ""error_rate"": {""alpha"": 0.15, ""delta"": 0.005, ""min_instances"": 5, ""threshold"": 0.1}}","{""error_rate"": {""min_instances"": 5, ""threshold"": 0.1}}",0.1,0.005,0.15,5,0.05,0.005,0.1,30,,,,-1,two_stage,2,0.5,"__confirm_cooldown=200,__confirm_rule=perm_test,__perm_alpha=0.01,__perm_min_effect=0,__perm_n_perm=200,__perm_post_n=10,__perm_pre_n=500,__perm_rng_seed=0,__perm_stat=vote_score,divergence=0.3,error_rate=0.5,teacher_entropy=0.2",3,0,200,0.0,0,10000,10.0,25.0,200,500,1,8,1.0,0.9071539256198347,0.8139764121517562,0.16666666666666666,0.23374515771865845,0.012285847216844559,0,0,20,19,-1,perm_test,0.004975124378109453,0.4350510149354102,19,19,0,0.0,0.16666666666666666,0,0.0,0.0,0.0,0.0,0,none,0,1,0,overconfident,0.95,0,mild_drift,0.962021317546494,0.0012701099023150943,0.8119169667391937,0.8605384605390961,1768220035.7768672,0.22240598499774933,0.07470500469207764
122,7808,7807,sine_abrupt4,sine,ts_drift_adapt,5,"error_divergence_ph_meta@error.threshold=0.10,error.min_instances=5",error_divergence_ph_meta,"{""divergence"": {""alpha"": 0.1, ""delta"": 0.005, ""min_instances"": 30, ""threshold"": 0.05}, ""error_rate"": {""alpha"": 0.15, ""delta"": 0.005, ""min_instances"": 5, ""threshold"": 0.1}}","{""error_rate"": {""min_instances"": 5, ""threshold"": 0.1}}",0.1,0.005,0.15,5,0.05,0.005,0.1,30,,,,-1,two_stage,2,0.5,"__confirm_cooldown=200,__confirm_rule=perm_test,__perm_alpha=0.01,__perm_min_effect=0,__perm_n_perm=200,__perm_post_n=10,__perm_pre_n=500,__perm_rng_seed=0,__perm_stat=vote_score,divergence=0.3,error_rate=0.5,teacher_entropy=0.2",3,0,200,0.0,0,10000,10.0,25.0,200,500,0,0,1.0,0.9079149590163934,0.8154794053008808,0.0,0.17871437966823578,0.003159682033583522,0,0,20,19,-1,perm_test,0.004975124378109453,0.4350510149354102,19,19,0,0.0,0.16666666666666666,0,0.0,0.0,0.0,0.0,0,none,0,1,0,overconfident,0.95,0,mild_drift,0.961160658773247,0.0012850549511575471,0.8059584833695969,0.8577692302695481,1768220035.786817,0.018353983759880066,0.041826531291007996
123,7872,7871,sine_abrupt4,sine,ts_drift_adapt,5,"error_divergence_ph_meta@error.threshold=0.10,error.min_instances=5",error_divergence_ph_meta,"{""divergence"": {""alpha"": 0.1, ""delta"": 0.005, ""min_instances"": 30, ""threshold"": 0.05}, ""error_rate"": {""alpha"": 0.15, ""delta"": 0.005, ""min_instances"": 5, ""threshold"": 0.1}}","{""error_rate"": {""min_instances"": 5, ""threshold"": 0.1}}",0.1,0.005,0.15,5,0.05,0.005,0.1,30,,,,-1,two_stage,2,0.5,"__confirm_cooldown=200,__confirm_rule=perm_test,__perm_alpha=0.01,__perm_min_effect=0,__perm_n_perm=200,__perm_post_n=10,__perm_pre_n=500,__perm_rng_seed=0,__perm_stat=vote_score,divergence=0.3,error_rate=0.5,teacher_entropy=0.2",3,0,200,0.0,0,10000,10.0,25.0,200,500,0,0,1.0,0.9082825203252033,0.8161807811284442,0.0,0.1848645806312561,0.01080920547246933,1,1,21,20,0,perm_test,0.004975124378109453,0.42682497599877284,20,20,0,0.16666666666666666,0.007649523438885808,1,0.5,0.0,0.0,0.0,0,none,1,1,0,overconfident,0.95,0,severe_drift,0.9260803293866235,0.0016425274755787736,0.6529792416847984,0.8338846151347741,1768220035.8038864,0.020997384563088417,0.07709072530269623
124,7936,7935,sine_abrupt4,sine,ts_drift_adapt,5,"error_divergence_ph_meta@error.threshold=0.10,error.min_instances=5",error_divergence_ph_meta,"{""divergence"": {""alpha"": 0.1, ""delta"": 0.005, ""min_instances"": 30, ""threshold"": 0.05}, ""error_rate"": {""alpha"": 0.15, ""delta"": 0.005, ""min_instances"": 5, ""threshold"": 0.1}}","{""error_rate"": {""min_instances"": 5, ""threshold"": 0.1}}",0.1,0.005,0.15,5,0.05,0.005,0.1,30,,,,-1,two_stage,2,0.5,"__confirm_cooldown=200,__confirm_rule=perm_test,__perm_alpha=0.01,__perm_min_effect=0,__perm_n_perm=200,__perm_post_n=10,__perm_pre_n=500,__perm_rng_seed=0,__perm_stat=vote_score,divergence=0.3,error_rate=0.5,teacher_entropy=0.2",3,0,200,0.0,0,10000,10.0,25.0,200,500,1,136,1.0,0.9083921370967742,0.8163655953870381,0.0,0.20929597318172455,0.008206602185964584,0,0,21,20,-1,perm_test,0.004975124378109453,0.42682497599877284,20,20,0,0.0,0.0026026032865047455,0,0.0,0.0,0.0,0.0,0,none,0,1,0,overconfident,0.95,0,mild_drift,0.9431901646933117,0.0014712637377893869,0.7264896208423992,0.844442307567387,1768220035.8136208,0.01864537037909031,0.07310843467712402
125,8000,7999,sine_abrupt4,sine,ts_drift_adapt,5,"error_divergence_ph_meta@error.threshold=0.10,error.min_instances=5",error_divergence_ph_meta,"{""divergence"": {""alpha"": 0.1, ""delta"": 0.005, ""min_instances"": 30, ""threshold"": 0.05}, ""error_rate"": {""alpha"": 0.15, ""delta"": 0.005, ""min_instances"": 5, ""threshold"": 0.1}}","{""error_rate"": {""min_instances"": 5, ""threshold"": 0.1}}",0.1,0.005,0.15,5,0.05,0.005,0.1,30,,,,-1,two_stage,2,0.5,"__confirm_cooldown=200,__confirm_rule=perm_test,__perm_alpha=0.01,__perm_min_effect=0,__perm_n_perm=200,__perm_post_n=10,__perm_pre_n=500,__perm_rng_seed=0,__perm_stat=vote_score,divergence=0.3,error_rate=0.5,teacher_entropy=0.2",3,0,200,0.0,0,10000,10.0,25.0,200,500,1,72,1.0,0.909,0.8175808349623369,0.0,0.17786763608455658,0.0064967721700668335,0,0,21,20,-1,perm_test,0.004975124378109453,0.42682497599877284,20,20,0,0.0,0.0017098300158977509,0,0.0,0.0,0.0,0.0,0,none,0,1,0,overconfident,0.95,0,mild_drift,0.9517450823466558,0.0013856318688946936,0.7632448104211996,0.8497211537836935,1768220035.8231728,0.04554189741611481,0.05934113264083862
126,8064,8063,sine_abrupt4,sine,ts_drift_adapt,5,"error_divergence_ph_meta@error.threshold=0.10,error.min_instances=5",error_divergence_ph_meta,"{""divergence"": {""alpha"": 0.1, ""delta"": 0.005, ""min_instances"": 30, ""threshold"": 0.05}, ""error_rate"": {""alpha"": 0.15, ""delta"": 0.005, ""min_instances"": 5, ""threshold"": 0.1}}","{""error_rate"": {""min_instances"": 5, ""threshold"": 0.1}}",0.1,0.005,0.15,5,0.05,0.005,0.1,30,,,,-1,two_stage,2,0.5,"__confirm_cooldown=200,__confirm_rule=perm_test,__perm_alpha=0.01,__perm_min_effect=0,__perm_n_perm=200,__perm_post_n=10,__perm_pre_n=500,__perm_rng_seed=0,__perm_stat=vote_score,divergence=0.3,error_rate=0.5,teacher_entropy=0.2",3,0,200,0.0,0,10000,10.0,25.0,200,500,1,8,1.0,0.9092261904761905,0.8180015220064735,0.0,0.18652896583080292,0.009401267394423485,0,0,21,20,-1,perm_test,0.004975124378109453,0.42682497599877284,20,20,0,0.0,0.0029044952243566513,0,0.0,0.0,0.0,0.0,0,none,0,1,0,overconfident,0.95,0,mild_drift,0.9560225411733279,0.001342815934447347,0.7816224052105998,0.8523605768918467,1768220035.832778,0.017188025638461113,0.06710497289896011
127,8128,8127,sine_abrupt4,sine,ts_drift_adapt,5,"error_divergence_ph_meta@error.threshold=0.10,error.min_instances=5",error_divergence_ph_meta,"{""divergence"": {""alpha"": 0.1, ""delta"": 0.005, ""min_instances"": 30, ""threshold"": 0.05}, ""error_rate"": {""alpha"": 0.15, ""delta"": 0.005, ""min_instances"": 5, ""threshold"": 0.1}}","{""error_rate"": {""min_instances"": 5, ""threshold"": 0.1}}",0.1,0.005,0.15,5,0.05,0.005,0.1,30,,,,-1,two_stage,2,0.5,"__confirm_cooldown=200,__confirm_rule=perm_test,__perm_alpha=0.01,__perm_min_effect=0,__perm_n_perm=200,__perm_post_n=10,__perm_pre_n=500,__perm_rng_seed=0,__perm_stat=vote_score,divergence=0.3,error_rate=0.5,teacher_entropy=0.2",3,0,200,0.0,0,10000,10.0,25.0,200,500,0,0,1.0,0.9093257874015748,0.8182031392826958,0.16666666666666666,0.23212876915931702,0.01279747486114502,0,0,21,20,-1,perm_test,0.004975124378109453,0.42682497599877284,20,20,0,0.0,0.16666666666666666,0,0.0,0.0,0.0,0.0,0,none,0,1,0,overconfident,0.95,0,mild_drift,0.9581612705866639,0.0013214079672236737,0.7908112026052999,0.8536802884459234,1768220035.8425846,0.15465930104255676,0.0849108174443245
128,8192,8191,sine_abrupt4,sine,ts_drift_adapt,5,"error_divergence_ph_meta@error.threshold=0.10,error.min_instances=5",error_divergence_ph_meta,"{""divergence"": {""alpha"": 0.1, ""delta"": 0.005, ""min_instances"": 30, ""threshold"": 0.05}, ""error_rate"": {""alpha"": 0.15, ""delta"": 0.005, ""min_instances"": 5, ""threshold"": 0.1}}","{""error_rate"": {""min_instances"": 5, ""threshold"": 0.1}}",0.1,0.005,0.15,5,0.05,0.005,0.1,30,,,,-1,two_stage,2,0.5,"__confirm_cooldown=200,__confirm_rule=perm_test,__perm_alpha=0.01,__perm_min_effect=0,__perm_n_perm=200,__perm_post_n=10,__perm_pre_n=500,__perm_rng_seed=0,__perm_stat=vote_score,divergence=0.3,error_rate=0.5,teacher_entropy=0.2",3,0,200,0.0,0,10000,10.0,25.0,200,500,0,0,1.0,0.9100341796875,0.8195538411529706,0.0,0.19038645923137665,0.006445323582738638,1,1,22,21,0,perm_test,0.004975124378109453,0.4267971823392333,21,21,0,0.0,0.16666666666666666,1,0.5,0.0,0.0,0.0,0,none,1,1,0,overconfident,0.95,0,stable,0.974080635293332,0.0010607039836118368,0.8954056013026499,0.8993401442229617,1768220035.8597112,0.05456894636154175,0.061503756791353226
129,8256,8255,sine_abrupt4,sine,ts_drift_adapt,5,"error_divergence_ph_meta@error.threshold=0.10,error.min_instances=5",error_divergence_ph_meta,"{""divergence"": {""alpha"": 0.1, ""delta"": 0.005, ""min_instances"": 30, ""threshold"": 0.05}, ""error_rate"": {""alpha"": 0.15, ""delta"": 0.005, ""min_instances"": 5, ""threshold"": 0.1}}","{""error_rate"": {""min_instances"": 5, ""threshold"": 0.1}}",0.1,0.005,0.15,5,0.05,0.005,0.1,30,,,,-1,two_stage,2,0.5,"__confirm_cooldown=200,__confirm_rule=perm_test,__perm_alpha=0.01,__perm_min_effect=0,__perm_n_perm=200,__perm_post_n=10,__perm_pre_n=500,__perm_rng_seed=0,__perm_stat=vote_score,divergence=0.3,error_rate=0.5,teacher_entropy=0.2",3,0,200,0.0,0,10000,10.0,25.0,200,500,1,136,1.0,0.9103682170542635,0.8201682355262044,0.16666666666666666,0.1573643684387207,0.004541493486613035,0,0,22,21,-1,perm_test,0.004975124378109453,0.4267971823392333,21,21,0,0.0,0.16666666666666666,0,0.0,0.0,0.0,0.0,0,none,0,1,0,overconfident,0.95,0,mild_drift,0.967190317646666,0.0011803519918059185,0.847702800651325,0.8771700721114808,1768220035.8693864,0.21181873977184296,0.04124336689710617
130,8320,8319,sine_abrupt4,sine,ts_drift_adapt,5,"error_divergence_ph_meta@error.threshold=0.10,error.min_instances=5",error_divergence_ph_meta,"{""divergence"": {""alpha"": 0.1, ""delta"": 0.005, ""min_instances"": 30, ""threshold"": 0.05}, ""error_rate"": {""alpha"": 0.15, ""delta"": 0.005, ""min_instances"": 5, ""threshold"": 0.1}}","{""error_rate"": {""min_instances"": 5, ""threshold"": 0.1}}",0.1,0.005,0.15,5,0.05,0.005,0.1,30,,,,-1,two_stage,2,0.5,"__confirm_cooldown=200,__confirm_rule=perm_test,__perm_alpha=0.01,__perm_min_effect=0,__perm_n_perm=200,__perm_post_n=10,__perm_pre_n=500,__perm_rng_seed=0,__perm_stat=vote_score,divergence=0.3,error_rate=0.5,teacher_entropy=0.2",3,0,200,0.0,0,10000,10.0,25.0,200,500,1,72,1.0,0.9108173076923077,0.8210666703921257,0.0,0.17503978312015533,0.00764483492821455,0,0,22,21,-1,perm_test,0.004975124378109453,0.4267971823392333,21,21,0,0.0,0.16666666666666666,0,0.0,0.0,0.0,0.0,0,none,0,1,0,overconfident,0.95,0,mild_drift,0.963745158823333,0.0012401759959029593,0.8238514003256625,0.8660850360557404,1768220035.8788927,0.11349550634622574,0.06141669303178787
131,8384,8383,sine_abrupt4,sine,ts_drift_adapt,5,"error_divergence_ph_meta@error.threshold=0.10,error.min_instances=5",error_divergence_ph_meta,"{""divergence"": {""alpha"": 0.1, ""delta"": 0.005, ""min_instances"": 30, ""threshold"": 0.05}, ""error_rate"": {""alpha"": 0.15, ""delta"": 0.005, ""min_instances"": 5, ""threshold"": 0.1}}","{""error_rate"": {""min_instances"": 5, ""threshold"": 0.1}}",0.1,0.005,0.15,5,0.05,0.005,0.1,30,,,,-1,two_stage,2,0.5,"__confirm_cooldown=200,__confirm_rule=perm_test,__perm_alpha=0.01,__perm_min_effect=0,__perm_n_perm=200,__perm_post_n=10,__perm_pre_n=500,__perm_rng_seed=0,__perm_stat=vote_score,divergence=0.3,error_rate=0.5,teacher_entropy=0.2",3,0,200,0.0,0,10000,10.0,25.0,200,500,1,8,1.0,0.9112595419847328,0.8219430008285563,0.16666666666666666,0.17119425535202026,0.003331894986331463,0,0,22,21,-1,perm_test,0.004975124378109453,0.4267971823392333,21,21,0,0.0,0.16666666666666666,0,0.0,0.0,0.0,0.0,0,none,0,1,0,overconfident,0.95,0,mild_drift,0.9620225794116665,0.0012700879979514797,0.8119257001628313,0.8605425180278702,1768220035.8885312,0.3092578053474426,0.042952582240104675
132,8448,8447,sine_abrupt4,sine,ts_drift_adapt,5,"error_divergence_ph_meta@error.threshold=0.10,error.min_instances=5",error_divergence_ph_meta,"{""divergence"": {""alpha"": 0.1, ""delta"": 0.005, ""min_instances"": 30, ""threshold"": 0.05}, ""error_rate"": {""alpha"": 0.15, ""delta"": 0.005, ""min_instances"": 5, ""threshold"": 0.1}}","{""error_rate"": {""min_instances"": 5, ""threshold"": 0.1}}",0.1,0.005,0.15,5,0.05,0.005,0.1,30,,,,-1,two_stage,2,0.5,"__confirm_cooldown=200,__confirm_rule=perm_test,__perm_alpha=0.01,__perm_min_effect=0,__perm_n_perm=200,__perm_post_n=10,__perm_pre_n=500,__perm_rng_seed=0,__perm_stat=vote_score,divergence=0.3,error_rate=0.5,teacher_entropy=0.2",3,0,200,0.0,0,10000,10.0,25.0,200,500,0,0,1.0,0.9116950757575758,0.8227978281612928,0.0,0.17654110491275787,0.008081534877419472,0,0,22,21,-1,perm_test,0.004975124378109453,0.4267971823392333,21,21,0,0.0,0.16666666666666666,0,0.0,0.0,0.0,0.0,0,none,0,1,0,overconfident,0.95,0,mild_drift,0.9611612897058333,0.0012850439989757398,0.8059628500814157,0.857771259013935,1768220035.8981967,0.031000113114714622,0.0750536173582077
133,8512,8511,sine_abrupt4,sine,ts_drift_adapt,5,"error_divergence_ph_meta@error.threshold=0.10,error.min_instances=5",error_divergence_ph_meta,"{""divergence"": {""alpha"": 0.1, ""delta"": 0.005, ""min_instances"": 30, ""threshold"": 0.05}, ""error_rate"": {""alpha"": 0.15, ""delta"": 0.005, ""min_instances"": 5, ""threshold"": 0.1}}","{""error_rate"": {""min_instances"": 5, ""threshold"": 0.1}}",0.1,0.005,0.15,5,0.05,0.005,0.1,30,,,,-1,two_stage,2,0.5,"__confirm_cooldown=200,__confirm_rule=perm_test,__perm_alpha=0.01,__perm_min_effect=0,__perm_n_perm=200,__perm_post_n=10,__perm_pre_n=500,__perm_rng_seed=0,__perm_stat=vote_score,divergence=0.3,error_rate=0.5,teacher_entropy=0.2",3,0,200,0.0,0,10000,10.0,25.0,200,500,0,0,1.0,0.9120065789473685,0.8233913750894473,0.0,0.2151930034160614,0.010606796480715275,1,1,23,22,0,perm_test,0.004975124378109453,0.43696057569022057,22,22,0,0.0,0.002525261603295803,1,0.5,0.0,0.0,0.0,0,none,1,1,0,overconfident,0.95,0,stable,0.9755806448529166,0.0010425219994878699,0.9029814250407078,0.9013856295069675,1768220035.9152489,0.021696334704756737,0.09585965424776077
134,8576,8575,sine_abrupt4,sine,ts_drift_adapt,5,"error_divergence_ph_meta@error.threshold=0.10,error.min_instances=5",error_divergence_ph_meta,"{""divergence"": {""alpha"": 0.1, ""delta"": 0.005, ""min_instances"": 30, ""threshold"": 0.05}, ""error_rate"": {""alpha"": 0.15, ""delta"": 0.005, ""min_instances"": 5, ""threshold"": 0.1}}","{""error_rate"": {""min_instances"": 5, ""threshold"": 0.1}}",0.1,0.005,0.15,5,0.05,0.005,0.1,30,,,,-1,two_stage,2,0.5,"__confirm_cooldown=200,__confirm_rule=perm_test,__perm_alpha=0.01,__perm_min_effect=0,__perm_n_perm=200,__perm_post_n=10,__perm_pre_n=500,__perm_rng_seed=0,__perm_stat=vote_score,divergence=0.3,error_rate=0.5,teacher_entropy=0.2",3,0,200,0.0,0,10000,10.0,25.0,200,500,1,136,1.0,0.9125466417910447,0.8244381926632524,0.0,0.1639779955148697,0.01366457249969244,0,0,23,22,-1,perm_test,0.004975124378109453,0.43696057569022057,22,22,0,0.0,0.0030577760189771652,0,0.0,0.0,0.0,0.0,0,none,0,1,0,overconfident,0.95,0,mild_drift,0.9679403224264582,0.0011712609997439351,0.8514907125203539,0.8781928147534838,1768220035.9248438,0.011898537166416645,0.11342864483594894
135,8640,8639,sine_abrupt4,sine,ts_drift_adapt,5,"error_divergence_ph_meta@error.threshold=0.10,error.min_instances=5",error_divergence_ph_meta,"{""divergence"": {""alpha"": 0.1, ""delta"": 0.005, ""min_instances"": 30, ""threshold"": 0.05}, ""error_rate"": {""alpha"": 0.15, ""delta"": 0.005, ""min_instances"": 5, ""threshold"": 0.1}}","{""error_rate"": {""min_instances"": 5, ""threshold"": 0.1}}",0.1,0.005,0.15,5,0.05,0.005,0.1,30,,,,-1,two_stage,2,0.5,"__confirm_cooldown=200,__confirm_rule=perm_test,__perm_alpha=0.01,__perm_min_effect=0,__perm_n_perm=200,__perm_post_n=10,__perm_pre_n=500,__perm_rng_seed=0,__perm_stat=vote_score,divergence=0.3,error_rate=0.5,teacher_entropy=0.2",3,0,200,0.0,0,10000,10.0,25.0,200,500,1,72,1.0,0.9127314814814815,0.8247819443551635,0.0,0.1607479602098465,0.024513928219676018,0,0,23,22,-1,perm_test,0.004975124378109453,0.43696057569022057,22,22,0,0.0,0.010849355719983578,0,0.0,0.0,0.0,0.0,0,none,0,1,0,overconfident,0.95,0,mild_drift,0.9641201612132291,0.0012356304998719678,0.825745356260177,0.8665964073767418,1768220035.9343724,0.029118172824382782,0.1486455202102661
136,8704,8703,sine_abrupt4,sine,ts_drift_adapt,5,"error_divergence_ph_meta@error.threshold=0.10,error.min_instances=5",error_divergence_ph_meta,"{""divergence"": {""alpha"": 0.1, ""delta"": 0.005, ""min_instances"": 30, ""threshold"": 0.05}, ""error_rate"": {""alpha"": 0.15, ""delta"": 0.005, ""min_instances"": 5, ""threshold"": 0.1}}","{""error_rate"": {""min_instances"": 5, ""threshold"": 0.1}}",0.1,0.005,0.15,5,0.05,0.005,0.1,30,,,,-1,two_stage,2,0.5,"__confirm_cooldown=200,__confirm_rule=perm_test,__perm_alpha=0.01,__perm_min_effect=0,__perm_n_perm=200,__perm_post_n=10,__perm_pre_n=500,__perm_rng_seed=0,__perm_stat=vote_score,divergence=0.3,error_rate=0.5,teacher_entropy=0.2",3,0,200,0.0,0,10000,10.0,25.0,200,500,1,8,1.0,0.9126838235294118,0.8246985641799455,0.0,0.16916827857494354,0.0166438240557909,0,0,23,22,-1,perm_test,0.004975124378109453,0.43696057569022057,22,22,0,0.0,0.007870104163885117,0,0.0,0.0,0.0,0.0,0,none,0,1,0,overconfident,0.95,0,mild_drift,0.9622100806066145,0.001267815249935984,0.8128726781300886,0.8607982036883709,1768220035.9441807,0.02026270516216755,0.1397497057914734
137,8768,8767,sine_abrupt4,sine,ts_drift_adapt,5,"error_divergence_ph_meta@error.threshold=0.10,error.min_instances=5",error_divergence_ph_meta,"{""divergence"": {""alpha"": 0.1, ""delta"": 0.005, ""min_instances"": 30, ""threshold"": 0.05}, ""error_rate"": {""alpha"": 0.15, ""delta"": 0.005, ""min_instances"": 5, ""threshold"": 0.1}}","{""error_rate"": {""min_instances"": 5, ""threshold"": 0.1}}",0.1,0.005,0.15,5,0.05,0.005,0.1,30,,,,-1,two_stage,2,0.5,"__confirm_cooldown=200,__confirm_rule=perm_test,__perm_alpha=0.01,__perm_min_effect=0,__perm_n_perm=200,__perm_post_n=10,__perm_pre_n=500,__perm_rng_seed=0,__perm_stat=vote_score,divergence=0.3,error_rate=0.5,teacher_entropy=0.2",3,0,200,0.0,0,10000,10.0,25.0,200,500,0,0,1.0,0.9130930656934306,0.8255325407197697,0.0,0.15011167526245117,0.02239368110895157,0,0,23,22,-1,perm_test,0.004975124378109453,0.43696057569022057,22,22,0,0.0,0.005749857053160667,0,0.0,0.0,0.0,0.0,0,none,0,1,0,overconfident,0.95,0,mild_drift,0.9612550403033072,0.0012839076249679922,0.8064363390650443,0.8578991018441855,1768220035.9542665,0.02227293886244297,0.2004700005054474
138,8832,8831,sine_abrupt4,sine,ts_drift_adapt,5,"error_divergence_ph_meta@error.threshold=0.10,error.min_instances=5",error_divergence_ph_meta,"{""divergence"": {""alpha"": 0.1, ""delta"": 0.005, ""min_instances"": 30, ""threshold"": 0.05}, ""error_rate"": {""alpha"": 0.15, ""delta"": 0.005, ""min_instances"": 5, ""threshold"": 0.1}}","{""error_rate"": {""min_instances"": 5, ""threshold"": 0.1}}",0.1,0.005,0.15,5,0.05,0.005,0.1,30,,,,-1,two_stage,2,0.5,"__confirm_cooldown=200,__confirm_rule=perm_test,__perm_alpha=0.01,__perm_min_effect=0,__perm_n_perm=200,__perm_post_n=10,__perm_pre_n=500,__perm_rng_seed=0,__perm_stat=vote_score,divergence=0.3,error_rate=0.5,teacher_entropy=0.2",3,0,200,0.0,0,10000,10.0,25.0,200,500,0,0,1.0,0.9134963768115942,0.8263866086148125,0.0,0.17618228495121002,0.019441159442067146,0,0,23,22,-1,perm_test,0.004975124378109453,0.43696057569022057,22,22,0,0.0,0.0029525216668844223,0,0.0,0.0,0.0,0.0,0,none,0,1,0,overconfident,0.95,0,mild_drift,0.9607775201516535,0.001291953812483996,0.8032181695325222,0.8564495509220927,1768220035.9643066,0.02653072029352188,0.13467174768447876
139,8896,8895,sine_abrupt4,sine,ts_drift_adapt,5,"error_divergence_ph_meta@error.threshold=0.10,error.min_instances=5",error_divergence_ph_meta,"{""divergence"": {""alpha"": 0.1, ""delta"": 0.005, ""min_instances"": 30, ""threshold"": 0.05}, ""error_rate"": {""alpha"": 0.15, ""delta"": 0.005, ""min_instances"": 5, ""threshold"": 0.1}}","{""error_rate"": {""min_instances"": 5, ""threshold"": 0.1}}",0.1,0.005,0.15,5,0.05,0.005,0.1,30,,,,-1,two_stage,2,0.5,"__confirm_cooldown=200,__confirm_rule=perm_test,__perm_alpha=0.01,__perm_min_effect=0,__perm_n_perm=200,__perm_post_n=10,__perm_pre_n=500,__perm_rng_seed=0,__perm_stat=vote_score,divergence=0.3,error_rate=0.5,teacher_entropy=0.2",3,0,200,0.0,0,10000,10.0,25.0,200,500,0,0,1.0,0.9138938848920863,0.8271956582247768,0.0,0.12257294356822968,0.003078519832342863,0,0,23,22,-1,perm_test,0.004975124378109453,0.43696057569022057,22,22,0,0.0,0.016362639609724283,0,0.0,0.0,0.0,0.0,0,none,0,1,0,overconfident,0.95,0,mild_drift,0.9605387600758267,0.001295976906241998,0.8016090847662611,0.8557247754610464,1768220035.9743516,0.039268609136343,0.037011243402957916
140,8960,8959,sine_abrupt4,sine,ts_drift_adapt,5,"error_divergence_ph_meta@error.threshold=0.10,error.min_instances=5",error_divergence_ph_meta,"{""divergence"": {""alpha"": 0.1, ""delta"": 0.005, ""min_instances"": 30, ""threshold"": 0.05}, ""error_rate"": {""alpha"": 0.15, ""delta"": 0.005, ""min_instances"": 5, ""threshold"": 0.1}}","{""error_rate"": {""min_instances"": 5, ""threshold"": 0.1}}",0.1,0.005,0.15,5,0.05,0.005,0.1,30,,,,-1,two_stage,2,0.5,"__confirm_cooldown=200,__confirm_rule=perm_test,__perm_alpha=0.01,__perm_min_effect=0,__perm_n_perm=200,__perm_post_n=10,__perm_pre_n=500,__perm_rng_seed=0,__perm_stat=vote_score,divergence=0.3,error_rate=0.5,teacher_entropy=0.2",3,0,200,0.0,0,10000,10.0,25.0,200,500,0,0,1.0,0.9142857142857143,0.8279878158036194,0.0,0.15827110409736633,0.0029080205131322145,0,0,23,22,-1,perm_test,0.004975124378109453,0.43696057569022057,22,22,0,0.0,0.00017049931921064854,0,0.0,0.0,0.0,0.0,0,none,0,1,0,overconfident,0.95,0,mild_drift,0.9604193800379133,0.001297988453120999,0.8008045423831306,0.8553623877305232,1768220035.9846375,0.03626275807619095,0.03757607936859131
141,9024,9023,sine_abrupt4,sine,ts_drift_adapt,5,"error_divergence_ph_meta@error.threshold=0.10,error.min_instances=5",error_divergence_ph_meta,"{""divergence"": {""alpha"": 0.1, ""delta"": 0.005, ""min_instances"": 30, ""threshold"": 0.05}, ""error_rate"": {""alpha"": 0.15, ""delta"": 0.005, ""min_instances"": 5, ""threshold"": 0.1}}","{""error_rate"": {""min_instances"": 5, ""threshold"": 0.1}}",0.1,0.005,0.15,5,0.05,0.005,0.1,30,,,,-1,two_stage,2,0.5,"__confirm_cooldown=200,__confirm_rule=perm_test,__perm_alpha=0.01,__perm_min_effect=0,__perm_n_perm=200,__perm_post_n=10,__perm_pre_n=500,__perm_rng_seed=0,__perm_stat=vote_score,divergence=0.3,error_rate=0.5,teacher_entropy=0.2",3,0,200,0.0,0,10000,10.0,25.0,200,500,0,0,1.0,0.9147828014184397,0.8290224055368364,0.0,0.11520139873027802,0.005021160468459129,0,0,23,22,-1,perm_test,0.004975124378109453,0.43696057569022057,22,22,0,0.0,0.002113139955326915,0,0.0,0.0,0.0,0.0,0,none,0,1,0,overconfident,0.95,0,mild_drift,0.9603596900189566,0.0012989942265604995,0.8004022711915653,0.8551811938652616,1768220035.9948828,0.03968647122383118,0.03764502704143524
142,9088,9087,sine_abrupt4,sine,ts_drift_adapt,5,"error_divergence_ph_meta@error.threshold=0.10,error.min_instances=5",error_divergence_ph_meta,"{""divergence"": {""alpha"": 0.1, ""delta"": 0.005, ""min_instances"": 30, ""threshold"": 0.05}, ""error_rate"": {""alpha"": 0.15, ""delta"": 0.005, ""min_instances"": 5, ""threshold"": 0.1}}","{""error_rate"": {""min_instances"": 5, ""threshold"": 0.1}}",0.1,0.005,0.15,5,0.05,0.005,0.1,30,,,,-1,two_stage,2,0.5,"__confirm_cooldown=200,__confirm_rule=perm_test,__perm_alpha=0.01,__perm_min_effect=0,__perm_n_perm=200,__perm_post_n=10,__perm_pre_n=500,__perm_rng_seed=0,__perm_stat=vote_score,divergence=0.3,error_rate=0.5,teacher_entropy=0.2",3,0,200,0.0,0,10000,10.0,25.0,200,500,0,0,1.0,0.9153829225352113,0.830184648418828,0.0,0.14027628302574158,0.002254732185974717,0,0,23,22,-1,perm_test,0.004975124378109453,0.43696057569022057,22,22,0,0.0,0.002766428282484412,0,0.0,0.0,0.0,0.0,0,none,0,1,0,overconfident,0.95,0,mild_drift,0.9603298450094783,0.00129949711328025,0.8002011355957827,0.8550905969326308,1768220036.0049613,0.05602942034602165,0.03175749257206917
143,9152,9151,sine_abrupt4,sine,ts_drift_adapt,5,"error_divergence_ph_meta@error.threshold=0.10,error.min_instances=5",error_divergence_ph_meta,"{""divergence"": {""alpha"": 0.1, ""delta"": 0.005, ""min_instances"": 30, ""threshold"": 0.05}, ""error_rate"": {""alpha"": 0.15, ""delta"": 0.005, ""min_instances"": 5, ""threshold"": 0.1}}","{""error_rate"": {""min_instances"": 5, ""threshold"": 0.1}}",0.1,0.005,0.15,5,0.05,0.005,0.1,30,,,,-1,two_stage,2,0.5,"__confirm_cooldown=200,__confirm_rule=perm_test,__perm_alpha=0.01,__perm_min_effect=0,__perm_n_perm=200,__perm_post_n=10,__perm_pre_n=500,__perm_rng_seed=0,__perm_stat=vote_score,divergence=0.3,error_rate=0.5,teacher_entropy=0.2",3,0,200,0.0,0,10000,10.0,25.0,200,500,0,0,1.0,0.9159746503496503,0.831390047551734,0.0,0.139139324426651,0.006116515025496483,0,0,23,22,-1,perm_test,0.004975124378109453,0.43696057569022057,22,22,0,0.0,0.0038617828395217657,0,0.0,0.0,0.0,0.0,0,none,0,1,0,overconfident,0.95,0,mild_drift,0.9603149225047392,0.001299748556640125,0.8001005677978914,0.8550452984663154,1768220036.0151331,0.034501127898693085,0.0518571212887764
144,9216,9215,sine_abrupt4,sine,ts_drift_adapt,5,"error_divergence_ph_meta@error.threshold=0.10,error.min_instances=5",error_divergence_ph_meta,"{""divergence"": {""alpha"": 0.1, ""delta"": 0.005, ""min_instances"": 30, ""threshold"": 0.05}, ""error_rate"": {""alpha"": 0.15, ""delta"": 0.005, ""min_instances"": 5, ""threshold"": 0.1}}","{""error_rate"": {""min_instances"": 5, ""threshold"": 0.1}}",0.1,0.005,0.15,5,0.05,0.005,0.1,30,,,,-1,two_stage,2,0.5,"__confirm_cooldown=200,__confirm_rule=perm_test,__perm_alpha=0.01,__perm_min_effect=0,__perm_n_perm=200,__perm_post_n=10,__perm_pre_n=500,__perm_rng_seed=0,__perm_stat=vote_score,divergence=0.3,error_rate=0.5,teacher_entropy=0.2",3,0,200,0.0,0,10000,10.0,25.0,200,500,0,0,1.0,0.9162326388888888,0.8318803889943719,0.0,0.16100342571735382,0.011720297858119011,0,0,23,22,-1,perm_test,0.004975124378109453,0.43696057569022057,22,22,0,0.0,0.005603782832622528,0,0.0,0.0,0.0,0.0,0,none,0,1,0,overconfident,0.95,0,mild_drift,0.9603074612523695,0.0012998742783200627,0.8000502838989457,0.8550226492331576,1768220036.0253482,0.10674639791250229,0.10078445076942444
145,9280,9279,sine_abrupt4,sine,ts_drift_adapt,5,"error_divergence_ph_meta@error.threshold=0.10,error.min_instances=5",error_divergence_ph_meta,"{""divergence"": {""alpha"": 0.1, ""delta"": 0.005, ""min_instances"": 30, ""threshold"": 0.05}, ""error_rate"": {""alpha"": 0.15, ""delta"": 0.005, ""min_instances"": 5, ""threshold"": 0.1}}","{""error_rate"": {""min_instances"": 5, ""threshold"": 0.1}}",0.1,0.005,0.15,5,0.05,0.005,0.1,30,,,,-1,two_stage,2,0.5,"__confirm_cooldown=200,__confirm_rule=perm_test,__perm_alpha=0.01,__perm_min_effect=0,__perm_n_perm=200,__perm_post_n=10,__perm_pre_n=500,__perm_rng_seed=0,__perm_stat=vote_score,divergence=0.3,error_rate=0.5,teacher_entropy=0.2",3,0,200,0.0,0,10000,10.0,25.0,200,500,0,0,1.0,0.9167025862068966,0.8328134935776632,0.0,0.17147400975227356,0.0074846395291388035,0,0,23,22,-1,perm_test,0.004975124378109453,0.43696057569022057,22,22,0,0.0,0.0042356583289802074,0,0.0,0.0,0.0,0.0,0,none,0,1,0,overconfident,0.95,0,mild_drift,0.9603037306261848,0.0012999371391600313,0.8000251419494728,0.8550113246165788,1768220036.0357418,0.04669487103819847,0.0748763456940651
146,9344,9343,sine_abrupt4,sine,ts_drift_adapt,5,"error_divergence_ph_meta@error.threshold=0.10,error.min_instances=5",error_divergence_ph_meta,"{""divergence"": {""alpha"": 0.1, ""delta"": 0.005, ""min_instances"": 30, ""threshold"": 0.05}, ""error_rate"": {""alpha"": 0.15, ""delta"": 0.005, ""min_instances"": 5, ""threshold"": 0.1}}","{""error_rate"": {""min_instances"": 5, ""threshold"": 0.1}}",0.1,0.005,0.15,5,0.05,0.005,0.1,30,,,,-1,two_stage,2,0.5,"__confirm_cooldown=200,__confirm_rule=perm_test,__perm_alpha=0.01,__perm_min_effect=0,__perm_n_perm=200,__perm_post_n=10,__perm_pre_n=500,__perm_rng_seed=0,__perm_stat=vote_score,divergence=0.3,error_rate=0.5,teacher_entropy=0.2",3,0,200,0.0,0,10000,10.0,25.0,200,500,0,0,1.0,0.9170590753424658,0.8335155827630509,0.0,0.1664515733718872,0.009054681286215782,0,0,23,22,-1,perm_test,0.004975124378109453,0.43696057569022057,22,22,0,0.0,0.0015700417570769787,0,0.0,0.0,0.0,0.0,0,none,0,1,0,overconfident,0.95,0,mild_drift,0.9603018653130924,0.0012999685695800158,0.8000125709747364,0.8550056623082893,1768220036.0461257,0.021392211318016052,0.05815533176064491
147,9408,9407,sine_abrupt4,sine,ts_drift_adapt,5,"error_divergence_ph_meta@error.threshold=0.10,error.min_instances=5",error_divergence_ph_meta,"{""divergence"": {""alpha"": 0.1, ""delta"": 0.005, ""min_instances"": 30, ""threshold"": 0.05}, ""error_rate"": {""alpha"": 0.15, ""delta"": 0.005, ""min_instances"": 5, ""threshold"": 0.1}}","{""error_rate"": {""min_instances"": 5, ""threshold"": 0.1}}",0.1,0.005,0.15,5,0.05,0.005,0.1,30,,,,-1,two_stage,2,0.5,"__confirm_cooldown=200,__confirm_rule=perm_test,__perm_alpha=0.01,__perm_min_effect=0,__perm_n_perm=200,__perm_post_n=10,__perm_pre_n=500,__perm_rng_seed=0,__perm_stat=vote_score,divergence=0.3,error_rate=0.5,teacher_entropy=0.2",3,0,200,0.0,0,10000,10.0,25.0,200,500,0,0,1.0,0.9173044217687075,0.8340010026947025,0.0,0.1501934975385666,0.004542743321508169,0,0,23,22,-1,perm_test,0.004975124378109453,0.43696057569022057,22,22,0,0.0,0.004511937964707613,0,0.0,0.0,0.0,0.0,0,none,0,1,0,overconfident,0.95,0,mild_drift,0.9603009326565461,0.001299984284790008,0.8000062854873682,0.8550028311541447,1768220036.0564687,0.007371943444013596,0.04541921615600586
148,9472,9471,sine_abrupt4,sine,ts_drift_adapt,5,"error_divergence_ph_meta@error.threshold=0.10,error.min_instances=5",error_divergence_ph_meta,"{""divergence"": {""alpha"": 0.1, ""delta"": 0.005, ""min_instances"": 30, ""threshold"": 0.05}, ""error_rate"": {""alpha"": 0.15, ""delta"": 0.005, ""min_instances"": 5, ""threshold"": 0.1}}","{""error_rate"": {""min_instances"": 5, ""threshold"": 0.1}}",0.1,0.005,0.15,5,0.05,0.005,0.1,30,,,,-1,two_stage,2,0.5,"__confirm_cooldown=200,__confirm_rule=perm_test,__perm_alpha=0.01,__perm_min_effect=0,__perm_n_perm=200,__perm_post_n=10,__perm_pre_n=500,__perm_rng_seed=0,__perm_stat=vote_score,divergence=0.3,error_rate=0.5,teacher_entropy=0.2",3,0,200,0.0,0,10000,10.0,25.0,200,500,0,0,1.0,0.917652027027027,0.8346665941017621,0.0,0.15362879633903503,0.007506072986871004,0,0,23,22,-1,perm_test,0.004975124378109453,0.43696057569022057,22,22,0,0.0,0.002963329665362835,0,0.0,0.0,0.0,0.0,0,none,0,1,0,overconfident,0.95,0,mild_drift,0.960300466328273,0.001299992142395004,0.8000031427436841,0.8550014155770723,1768220036.0667026,0.011360165663063526,0.05036187916994095
149,9536,9535,sine_abrupt4,sine,ts_drift_adapt,5,"error_divergence_ph_meta@error.threshold=0.10,error.min_instances=5",error_divergence_ph_meta,"{""divergence"": {""alpha"": 0.1, ""delta"": 0.005, ""min_instances"": 30, ""threshold"": 0.05}, ""error_rate"": {""alpha"": 0.15, ""delta"": 0.005, ""min_instances"": 5, ""threshold"": 0.1}}","{""error_rate"": {""min_instances"": 5, ""threshold"": 0.1}}",0.1,0.005,0.15,5,0.05,0.005,0.1,30,,,,-1,two_stage,2,0.5,"__confirm_cooldown=200,__confirm_rule=perm_test,__perm_alpha=0.01,__perm_min_effect=0,__perm_n_perm=200,__perm_post_n=10,__perm_pre_n=500,__perm_rng_seed=0,__perm_stat=vote_score,divergence=0.3,error_rate=0.5,teacher_entropy=0.2",3,0,200,0.0,0,10000,10.0,25.0,200,500,0,0,1.0,0.9177852348993288,0.834890037763024,0.0,0.1563756912946701,0.005834940355271101,0,0,23,22,-1,perm_test,0.004975124378109453,0.43696057569022057,22,22,0,0.0,0.001671132631599903,0,0.0,0.0,0.0,0.0,0,none,0,1,0,overconfident,0.95,0,mild_drift,0.9603002331641365,0.0012999960711975022,0.800001571371842,0.8550007077885362,1768220036.0770147,0.06437063962221146,0.049371689558029175
150,9600,9599,sine_abrupt4,sine,ts_drift_adapt,5,"error_divergence_ph_meta@error.threshold=0.10,error.min_instances=5",error_divergence_ph_meta,"{""divergence"": {""alpha"": 0.1, ""delta"": 0.005, ""min_instances"": 30, ""threshold"": 0.05}, ""error_rate"": {""alpha"": 0.15, ""delta"": 0.005, ""min_instances"": 5, ""threshold"": 0.1}}","{""error_rate"": {""min_instances"": 5, ""threshold"": 0.1}}",0.1,0.005,0.15,5,0.05,0.005,0.1,30,,,,-1,two_stage,2,0.5,"__confirm_cooldown=200,__confirm_rule=perm_test,__perm_alpha=0.01,__perm_min_effect=0,__perm_n_perm=200,__perm_post_n=10,__perm_pre_n=500,__perm_rng_seed=0,__perm_stat=vote_score,divergence=0.3,error_rate=0.5,teacher_entropy=0.2",3,0,200,0.0,0,10000,10.0,25.0,200,500,0,0,1.0,0.918125,0.8355745711681265,0.0,0.13745562732219696,0.0017614460084587336,0,0,23,22,-1,perm_test,0.004975124378109453,0.43696057569022057,22,22,0,0.0,0.0040734943468123674,0,0.0,0.0,0.0,0.0,0,none,0,1,0,overconfident,0.95,0,mild_drift,0.9603001165820682,0.001299998035598751,0.800000785685921,0.8550003538942681,1768220036.0873802,0.009872823022305965,0.027641866356134415
151,9664,9663,sine_abrupt4,sine,ts_drift_adapt,5,"error_divergence_ph_meta@error.threshold=0.10,error.min_instances=5",error_divergence_ph_meta,"{""divergence"": {""alpha"": 0.1, ""delta"": 0.005, ""min_instances"": 30, ""threshold"": 0.05}, ""error_rate"": {""alpha"": 0.15, ""delta"": 0.005, ""min_instances"": 5, ""threshold"": 0.1}}","{""error_rate"": {""min_instances"": 5, ""threshold"": 0.1}}",0.1,0.005,0.15,5,0.05,0.005,0.1,30,,,,-1,two_stage,2,0.5,"__confirm_cooldown=200,__confirm_rule=perm_test,__perm_alpha=0.01,__perm_min_effect=0,__perm_n_perm=200,__perm_post_n=10,__perm_pre_n=500,__perm_rng_seed=0,__perm_stat=vote_score,divergence=0.3,error_rate=0.5,teacher_entropy=0.2",3,0,200,0.0,0,10000,10.0,25.0,200,500,0,0,1.0,0.9183567880794702,0.8360626356344877,0.0,0.1538403183221817,0.0066746557131409645,0,0,23,22,-1,perm_test,0.004975124378109453,0.43696057569022057,22,22,0,0.0,0.004913209704682231,0,0.0,0.0,0.0,0.0,0,none,0,1,0,overconfident,0.95,0,mild_drift,0.960300058291034,0.0012999990177993757,0.8000003928429605,0.855000176947134,1768220036.097632,0.0177800003439188,0.06294098496437073
152,9728,9727,sine_abrupt4,sine,ts_drift_adapt,5,"error_divergence_ph_meta@error.threshold=0.10,error.min_instances=5",error_divergence_ph_meta,"{""divergence"": {""alpha"": 0.1, ""delta"": 0.005, ""min_instances"": 30, ""threshold"": 0.05}, ""error_rate"": {""alpha"": 0.15, ""delta"": 0.005, ""min_instances"": 5, ""threshold"": 0.1}}","{""error_rate"": {""min_instances"": 5, ""threshold"": 0.1}}",0.1,0.005,0.15,5,0.05,0.005,0.1,30,,,,-1,two_stage,2,0.5,"__confirm_cooldown=200,__confirm_rule=perm_test,__perm_alpha=0.01,__perm_min_effect=0,__perm_n_perm=200,__perm_post_n=10,__perm_pre_n=500,__perm_rng_seed=0,__perm_stat=vote_score,divergence=0.3,error_rate=0.5,teacher_entropy=0.2",3,0,200,0.0,0,10000,10.0,25.0,200,500,0,0,1.0,0.9187911184210527,0.8369166545708885,0.0,0.14547811448574066,0.005964011885225773,0,0,23,22,-1,perm_test,0.004975124378109453,0.43696057569022057,22,22,0,0.0,0.0007106438279151917,0,0.0,0.0,0.0,0.0,0,none,0,1,0,overconfident,0.95,0,mild_drift,0.960300029145517,0.001299999508899688,0.8000001964214802,0.855000088473567,1768220036.108009,0.005523627623915672,0.0514555349946022
153,9792,9791,sine_abrupt4,sine,ts_drift_adapt,5,"error_divergence_ph_meta@error.threshold=0.10,error.min_instances=5",error_divergence_ph_meta,"{""divergence"": {""alpha"": 0.1, ""delta"": 0.005, ""min_instances"": 30, ""threshold"": 0.05}, ""error_rate"": {""alpha"": 0.15, ""delta"": 0.005, ""min_instances"": 5, ""threshold"": 0.1}}","{""error_rate"": {""min_instances"": 5, ""threshold"": 0.1}}",0.1,0.005,0.15,5,0.05,0.005,0.1,30,,,,-1,two_stage,2,0.5,"__confirm_cooldown=200,__confirm_rule=perm_test,__perm_alpha=0.01,__perm_min_effect=0,__perm_n_perm=200,__perm_post_n=10,__perm_pre_n=500,__perm_rng_seed=0,__perm_stat=vote_score,divergence=0.3,error_rate=0.5,teacher_entropy=0.2",3,0,200,0.0,0,10000,10.0,25.0,200,500,0,0,1.0,0.9192197712418301,0.8377939885947956,0.0,0.1633846014738083,0.00596386194229126,0,0,23,22,-1,perm_test,0.004975124378109453,0.43696057569022057,22,22,0,0.0,1.4994293451309204e-07,0,0.0,0.0,0.0,0.0,0,none,0,1,0,overconfident,0.95,0,mild_drift,0.9603000145727585,0.0012999997544498442,0.8000000982107401,0.8550000442367836,1768220036.118304,0.07930932939052582,0.050843194127082825
154,9856,9855,sine_abrupt4,sine,ts_drift_adapt,5,"error_divergence_ph_meta@error.threshold=0.10,error.min_instances=5",error_divergence_ph_meta,"{""divergence"": {""alpha"": 0.1, ""delta"": 0.005, ""min_instances"": 30, ""threshold"": 0.05}, ""error_rate"": {""alpha"": 0.15, ""delta"": 0.005, ""min_instances"": 5, ""threshold"": 0.1}}","{""error_rate"": {""min_instances"": 5, ""threshold"": 0.1}}",0.1,0.005,0.15,5,0.05,0.005,0.1,30,,,,-1,two_stage,2,0.5,"__confirm_cooldown=200,__confirm_rule=perm_test,__perm_alpha=0.01,__perm_min_effect=0,__perm_n_perm=200,__perm_post_n=10,__perm_pre_n=500,__perm_rng_seed=0,__perm_stat=vote_score,divergence=0.3,error_rate=0.5,teacher_entropy=0.2",3,0,200,0.0,0,10000,10.0,25.0,200,500,0,0,1.0,0.919338474025974,0.8380252120643632,0.0,0.22247838973999023,0.00933797750622034,0,0,23,22,-1,perm_test,0.004975124378109453,0.43696057569022057,22,22,0,0.0,0.003374115563929081,0,0.0,0.0,0.0,0.0,0,none,0,1,0,overconfident,0.95,0,stable,0.9751500072863792,0.001049999877224922,0.9000000491053701,0.9000000221183918,1768220036.12869,0.025850718840956688,0.06262711435556412
155,9920,9919,sine_abrupt4,sine,ts_drift_adapt,5,"error_divergence_ph_meta@error.threshold=0.10,error.min_instances=5",error_divergence_ph_meta,"{""divergence"": {""alpha"": 0.1, ""delta"": 0.005, ""min_instances"": 30, ""threshold"": 0.05}, ""error_rate"": {""alpha"": 0.15, ""delta"": 0.005, ""min_instances"": 5, ""threshold"": 0.1}}","{""error_rate"": {""min_instances"": 5, ""threshold"": 0.1}}",0.1,0.005,0.15,5,0.05,0.005,0.1,30,,,,-1,two_stage,2,0.5,"__confirm_cooldown=200,__confirm_rule=perm_test,__perm_alpha=0.01,__perm_min_effect=0,__perm_n_perm=200,__perm_post_n=10,__perm_pre_n=500,__perm_rng_seed=0,__perm_stat=vote_score,divergence=0.3,error_rate=0.5,teacher_entropy=0.2",3,0,200,0.0,0,10000,10.0,25.0,200,500,0,0,1.0,0.9197580645161291,0.838879304881339,0.0,0.1507672816514969,0.007251005154103041,0,0,23,22,-1,perm_test,0.004975124378109453,0.43696057569022057,22,22,0,0.0,0.0020869723521173,0,0.0,0.0,0.0,0.0,0,none,0,1,0,overconfident,0.95,0,stable,0.9825750036431896,0.0009249999386124611,0.9500000245526851,0.9225000110591959,1768220036.1392934,0.008439147844910622,0.05888307839632034
156,9984,9983,sine_abrupt4,sine,ts_drift_adapt,5,"error_divergence_ph_meta@error.threshold=0.10,error.min_instances=5",error_divergence_ph_meta,"{""divergence"": {""alpha"": 0.1, ""delta"": 0.005, ""min_instances"": 30, ""threshold"": 0.05}, ""error_rate"": {""alpha"": 0.15, ""delta"": 0.005, ""min_instances"": 5, ""threshold"": 0.1}}","{""error_rate"": {""min_instances"": 5, ""threshold"": 0.1}}",0.1,0.005,0.15,5,0.05,0.005,0.1,30,,,,-1,two_stage,2,0.5,"__confirm_cooldown=200,__confirm_rule=perm_test,__perm_alpha=0.01,__perm_min_effect=0,__perm_n_perm=200,__perm_post_n=10,__perm_pre_n=500,__perm_rng_seed=0,__perm_stat=vote_score,divergence=0.3,error_rate=0.5,teacher_entropy=0.2",3,0,200,0.0,0,10000,10.0,25.0,200,500,0,0,1.0,0.9201722756410257,0.8396621779117667,0.16666666666666666,0.14824262261390686,0.004562460817396641,1,1,24,23,0,perm_test,0.004975124378109453,0.5,23,23,0,0.16666666666666666,0.16666666666666666,1,0.5,0.0,0.0,0.0,0,none,1,1,0,overconfident,0.95,0,severe_drift,0.9367875018215948,0.0014624999693062307,0.7250000122763425,0.866250005529598,1768220036.1578755,0.19471745193004608,0.040237393230199814
157,10048,10047,sine_abrupt4,sine,ts_drift_adapt,5,"error_divergence_ph_meta@error.threshold=0.10,error.min_instances=5",error_divergence_ph_meta,"{""divergence"": {""alpha"": 0.1, ""delta"": 0.005, ""min_instances"": 30, ""threshold"": 0.05}, ""error_rate"": {""alpha"": 0.15, ""delta"": 0.005, ""min_instances"": 5, ""threshold"": 0.1}}","{""error_rate"": {""min_instances"": 5, ""threshold"": 0.1}}",0.1,0.005,0.15,5,0.05,0.005,0.1,30,,,,-1,two_stage,2,0.5,"__confirm_cooldown=200,__confirm_rule=perm_test,__perm_alpha=0.01,__perm_min_effect=0,__perm_n_perm=200,__perm_post_n=10,__perm_pre_n=500,__perm_rng_seed=0,__perm_stat=vote_score,divergence=0.3,error_rate=0.5,teacher_entropy=0.2",3,0,200,0.0,0,10000,10.0,25.0,200,500,1,136,1.0,0.9163017515923567,0.8318998964309745,0.5,0.15895675122737885,0.01185384951531887,0,0,24,23,-1,perm_test,0.004975124378109453,0.5,23,23,0,0.0,0.33333333333333337,0,0.0,0.0,0.0,0.0,0,none,0,1,0,overconfident,0.95,0,mild_drift,0.9485437509107973,0.0013812499846531153,0.7625000061381713,0.860625002764799,1768220036.1681294,2.0403106212615967,0.10781922936439514
158,10112,10111,sine_abrupt4,sine,ts_drift_adapt,5,"error_divergence_ph_meta@error.threshold=0.10,error.min_instances=5",error_divergence_ph_meta,"{""divergence"": {""alpha"": 0.1, ""delta"": 0.005, ""min_instances"": 30, ""threshold"": 0.05}, ""error_rate"": {""alpha"": 0.15, ""delta"": 0.005, ""min_instances"": 5, ""threshold"": 0.1}}","{""error_rate"": {""min_instances"": 5, ""threshold"": 0.1}}",0.1,0.005,0.15,5,0.05,0.005,0.1,30,,,,-1,two_stage,2,0.5,"__confirm_cooldown=200,__confirm_rule=perm_test,__perm_alpha=0.01,__perm_min_effect=0,__perm_n_perm=200,__perm_post_n=10,__perm_pre_n=500,__perm_rng_seed=0,__perm_stat=vote_score,divergence=0.3,error_rate=0.5,teacher_entropy=0.2",3,0,200,0.0,0,10000,10.0,25.0,200,500,1,72,1.0,0.9107001582278481,0.8206486204664709,0.8333333333333334,0.13691021502017975,0.006962202955037355,0,0,24,23,-1,perm_test,0.004975124378109453,0.5,23,23,0,0.0,0.33333333333333337,0,0.0,0.0,0.0,0.0,0,none,0,1,0,overconfident,0.95,0,mild_drift,0.9544218754553986,0.0013406249923265576,0.7812500030690857,0.8578125013823995,1768220036.1781332,3.5842342376708984,0.06415756046772003
159,10176,10175,sine_abrupt4,sine,ts_drift_adapt,5,"error_divergence_ph_meta@error.threshold=0.10,error.min_instances=5",error_divergence_ph_meta,"{""divergence"": {""alpha"": 0.1, ""delta"": 0.005, ""min_instances"": 30, ""threshold"": 0.05}, ""error_rate"": {""alpha"": 0.15, ""delta"": 0.005, ""min_instances"": 5, ""threshold"": 0.1}}","{""error_rate"": {""min_instances"": 5, ""threshold"": 0.1}}",0.1,0.005,0.15,5,0.05,0.005,0.1,30,,,,-1,two_stage,2,0.5,"__confirm_cooldown=200,__confirm_rule=perm_test,__perm_alpha=0.01,__perm_min_effect=0,__perm_n_perm=200,__perm_post_n=10,__perm_pre_n=500,__perm_rng_seed=0,__perm_stat=vote_score,divergence=0.3,error_rate=0.5,teacher_entropy=0.2",3,0,200,0.0,0,10000,10.0,25.0,200,500,1,8,1.0,0.9054638364779874,0.8101500195642616,0.8333333333333334,0.13790097832679749,0.014820265583693981,0,0,24,23,-1,perm_test,0.004975124378109453,0.5,23,23,0,0.0,0.007858062628656626,0,0.0,0.0,0.0,0.0,0,none,0,1,0,overconfident,0.95,0,mild_drift,0.9573609377276993,0.001320312496163279,0.7906250015345428,0.8564062506911998,1768220036.1883569,3.1347713470458984,0.1127777174115181
160,10240,10239,sine_abrupt4,sine,ts_drift_adapt,5,"error_divergence_ph_meta@error.threshold=0.10,error.min_instances=5",error_divergence_ph_meta,"{""divergence"": {""alpha"": 0.1, ""delta"": 0.005, ""min_instances"": 30, ""threshold"": 0.05}, ""error_rate"": {""alpha"": 0.15, ""delta"": 0.005, ""min_instances"": 5, ""threshold"": 0.1}}","{""error_rate"": {""min_instances"": 5, ""threshold"": 0.1}}",0.1,0.005,0.15,5,0.05,0.005,0.1,30,,,,-1,two_stage,2,0.5,"__confirm_cooldown=200,__confirm_rule=perm_test,__perm_alpha=0.01,__perm_min_effect=0,__perm_n_perm=200,__perm_post_n=10,__perm_pre_n=500,__perm_rng_seed=0,__perm_stat=vote_score,divergence=0.3,error_rate=0.5,teacher_entropy=0.2",3,0,200,0.0,0,10000,10.0,25.0,200,500,0,0,1.0,0.9001953125,0.799578860668577,0.8333333333333334,0.12402603775262833,0.023854121565818787,0,0,24,23,-1,perm_test,0.004975124378109453,0.5,23,23,0,0.0,0.009033855982124805,0,0.0,0.0,0.0,0.0,0,none,0,1,0,overconfident,0.95,0,mild_drift,0.9588304688638496,0.0013101562480816397,0.7953125007672714,0.8557031253455999,1768220036.1985018,3.615971565246582,0.23791709542274475
161,10304,10303,sine_abrupt4,sine,ts_drift_adapt,5,"error_divergence_ph_meta@error.threshold=0.10,error.min_instances=5",error_divergence_ph_meta,"{""divergence"": {""alpha"": 0.1, ""delta"": 0.005, ""min_instances"": 30, ""threshold"": 0.05}, ""error_rate"": {""alpha"": 0.15, ""delta"": 0.005, ""min_instances"": 5, ""threshold"": 0.1}}","{""error_rate"": {""min_instances"": 5, ""threshold"": 0.1}}",0.1,0.005,0.15,5,0.05,0.005,0.1,30,,,,-1,two_stage,2,0.5,"__confirm_cooldown=200,__confirm_rule=perm_test,__perm_alpha=0.01,__perm_min_effect=0,__perm_n_perm=200,__perm_post_n=10,__perm_pre_n=500,__perm_rng_seed=0,__perm_stat=vote_score,divergence=0.3,error_rate=0.5,teacher_entropy=0.2",3,0,200,0.0,0,10000,10.0,25.0,200,500,0,0,1.0,0.8953804347826086,0.7899347623485553,1.0,0.15200260281562805,0.034876614809036255,1,1,25,24,0,perm_test,0.004975124378109453,0.4150043330382385,24,24,0,0.8333333333333334,0.16666666666666663,1,0.5,0.0,0.0,0.0,0,none,1,1,0,overconfident,0.95,0,severe_drift,0.9249152344319248,0.0016550781240408199,0.6476562503836357,0.8328515626727999,1768220036.2162151,3.8871209621429443,0.27851077914237976
162,10368,10367,sine_abrupt4,sine,ts_drift_adapt,5,"error_divergence_ph_meta@error.threshold=0.10,error.min_instances=5",error_divergence_ph_meta,"{""divergence"": {""alpha"": 0.1, ""delta"": 0.005, ""min_instances"": 30, ""threshold"": 0.05}, ""error_rate"": {""alpha"": 0.15, ""delta"": 0.005, ""min_instances"": 5, ""threshold"": 0.1}}","{""error_rate"": {""min_instances"": 5, ""threshold"": 0.1}}",0.1,0.005,0.15,5,0.05,0.005,0.1,30,,,,-1,two_stage,2,0.5,"__confirm_cooldown=200,__confirm_rule=perm_test,__perm_alpha=0.01,__perm_min_effect=0,__perm_n_perm=200,__perm_post_n=10,__perm_pre_n=500,__perm_rng_seed=0,__perm_stat=vote_score,divergence=0.3,error_rate=0.5,teacher_entropy=0.2",3,0,200,0.0,0,10000,10.0,25.0,200,500,1,136,1.0,0.8904320987654321,0.7800306521498693,1.0,0.13201388716697693,0.03433296084403992,0,0,25,24,-1,perm_test,0.004975124378109453,0.4150043330382385,24,24,0,0.0,0.0005436539649963379,0,0.0,0.0,0.0,0.0,0,none,0,1,0,overconfident,0.95,0,mild_drift,0.9426076172159623,0.00147753906202041,0.7238281251918179,0.8439257813364,1768220036.2260818,2.8728649616241455,0.28945428133010864
163,10432,10431,sine_abrupt4,sine,ts_drift_adapt,5,"error_divergence_ph_meta@error.threshold=0.10,error.min_instances=5",error_divergence_ph_meta,"{""divergence"": {""alpha"": 0.1, ""delta"": 0.005, ""min_instances"": 30, ""threshold"": 0.05}, ""error_rate"": {""alpha"": 0.15, ""delta"": 0.005, ""min_instances"": 5, ""threshold"": 0.1}}","{""error_rate"": {""min_instances"": 5, ""threshold"": 0.1}}",0.1,0.005,0.15,5,0.05,0.005,0.1,30,,,,-1,two_stage,2,0.5,"__confirm_cooldown=200,__confirm_rule=perm_test,__perm_alpha=0.01,__perm_min_effect=0,__perm_n_perm=200,__perm_post_n=10,__perm_pre_n=500,__perm_rng_seed=0,__perm_stat=vote_score,divergence=0.3,error_rate=0.5,teacher_entropy=0.2",3,0,200,0.0,0,10000,10.0,25.0,200,500,1,72,1.0,0.886215490797546,0.7716039367956589,0.8333333333333334,0.14878369867801666,0.060940347611904144,0,1,25,24,-1,perm_test,0.004975124378109453,0.4150043330382385,24,24,0,0.0,0.16666666666666663,1,0.3,0.0,0.0,0.0,0,none,0,1,0,overconfident,0.95,0,mild_drift,0.9514538086079811,0.0013887695310102052,0.761914062595909,0.8494628906682,1768220036.235821,2.8307018280029297,0.5014610886573792
164,10496,10495,sine_abrupt4,sine,ts_drift_adapt,5,"error_divergence_ph_meta@error.threshold=0.10,error.min_instances=5",error_divergence_ph_meta,"{""divergence"": {""alpha"": 0.1, ""delta"": 0.005, ""min_instances"": 30, ""threshold"": 0.05}, ""error_rate"": {""alpha"": 0.15, ""delta"": 0.005, ""min_instances"": 5, ""threshold"": 0.1}}","{""error_rate"": {""min_instances"": 5, ""threshold"": 0.1}}",0.1,0.005,0.15,5,0.05,0.005,0.1,30,,,,-1,two_stage,2,0.5,"__confirm_cooldown=200,__confirm_rule=perm_test,__perm_alpha=0.01,__perm_min_effect=0,__perm_n_perm=200,__perm_post_n=10,__perm_pre_n=500,__perm_rng_seed=0,__perm_stat=vote_score,divergence=0.3,error_rate=0.5,teacher_entropy=0.2",3,0,200,0.0,0,10000,10.0,25.0,200,500,1,8,1.0,0.8820503048780488,0.7632982656351994,1.0,0.18165229260921478,0.06305071711540222,0,0,25,24,-1,perm_test,0.004975124378109453,0.4150043330382385,24,24,0,0.0,0.16666666666666663,0,0.0,0.0,0.0,0.0,0,none,0,1,0,overconfident,0.95,0,mild_drift,0.9558769043039905,0.0013443847655051026,0.7809570312979546,0.8522314453341,1768220036.2456388,2.828761339187622,0.5022939443588257
165,10560,10559,sine_abrupt4,sine,ts_drift_adapt,5,"error_divergence_ph_meta@error.threshold=0.10,error.min_instances=5",error_divergence_ph_meta,"{""divergence"": {""alpha"": 0.1, ""delta"": 0.005, ""min_instances"": 30, ""threshold"": 0.05}, ""error_rate"": {""alpha"": 0.15, ""delta"": 0.005, ""min_instances"": 5, ""threshold"": 0.1}}","{""error_rate"": {""min_instances"": 5, ""threshold"": 0.1}}",0.1,0.005,0.15,5,0.05,0.005,0.1,30,,,,-1,two_stage,2,0.5,"__confirm_cooldown=200,__confirm_rule=perm_test,__perm_alpha=0.01,__perm_min_effect=0,__perm_n_perm=200,__perm_post_n=10,__perm_pre_n=500,__perm_rng_seed=0,__perm_stat=vote_score,divergence=0.3,error_rate=0.5,teacher_entropy=0.2",3,0,200,0.0,0,10000,10.0,25.0,200,500,0,0,1.0,0.8776515151515152,0.7545275110862328,1.0,0.14230994880199432,0.04989784583449364,0,0,25,24,-1,perm_test,0.004975124378109453,0.4150043330382385,24,24,0,0.0,0.013152871280908585,0,0.0,0.0,0.0,0.0,0,none,0,1,0,overconfident,0.95,0,mild_drift,0.9580884521519952,0.0013221923827525513,0.7904785156489773,0.85361572266705,1768220036.2556574,2.4768788814544678,0.39799195528030396
166,10624,10623,sine_abrupt4,sine,ts_drift_adapt,5,"error_divergence_ph_meta@error.threshold=0.10,error.min_instances=5",error_divergence_ph_meta,"{""divergence"": {""alpha"": 0.1, ""delta"": 0.005, ""min_instances"": 30, ""threshold"": 0.05}, ""error_rate"": {""alpha"": 0.15, ""delta"": 0.005, ""min_instances"": 5, ""threshold"": 0.1}}","{""error_rate"": {""min_instances"": 5, ""threshold"": 0.1}}",0.1,0.005,0.15,5,0.05,0.005,0.1,30,,,,-1,two_stage,2,0.5,"__confirm_cooldown=200,__confirm_rule=perm_test,__perm_alpha=0.01,__perm_min_effect=0,__perm_n_perm=200,__perm_post_n=10,__perm_pre_n=500,__perm_rng_seed=0,__perm_stat=vote_score,divergence=0.3,error_rate=0.5,teacher_entropy=0.2",3,0,200,0.0,0,10000,10.0,25.0,200,500,0,0,1.0,0.8734939759036144,0.7462258381769423,0.8333333333333334,0.19637154042720795,0.05810006707906723,1,1,26,25,0,perm_test,0.004975124378109453,0.4138406848015137,25,25,0,0.16666666666666663,0.16666666666666663,1,0.5,0.0,0.0,0.0,0,none,1,1,0,overconfident,0.95,0,severe_drift,0.9245442260759976,0.0016610961913762756,0.6452392578244887,0.831807861333525,1768220036.2726715,1.8316148519515991,0.4774283766746521
167,10688,10687,sine_abrupt4,sine,ts_drift_adapt,5,"error_divergence_ph_meta@error.threshold=0.10,error.min_instances=5",error_divergence_ph_meta,"{""divergence"": {""alpha"": 0.1, ""delta"": 0.005, ""min_instances"": 30, ""threshold"": 0.05}, ""error_rate"": {""alpha"": 0.15, ""delta"": 0.005, ""min_instances"": 5, ""threshold"": 0.1}}","{""error_rate"": {""min_instances"": 5, ""threshold"": 0.1}}",0.1,0.005,0.15,5,0.05,0.005,0.1,30,,,,-1,two_stage,2,0.5,"__confirm_cooldown=200,__confirm_rule=perm_test,__perm_alpha=0.01,__perm_min_effect=0,__perm_n_perm=200,__perm_post_n=10,__perm_pre_n=500,__perm_rng_seed=0,__perm_stat=vote_score,divergence=0.3,error_rate=0.5,teacher_entropy=0.2",3,0,200,0.0,0,10000,10.0,25.0,200,500,1,136,1.0,0.8690119760479041,0.7372796540024732,0.8333333333333334,0.19686926901340485,0.04371997341513634,0,0,26,25,-1,perm_test,0.004975124378109453,0.4138406848015137,25,25,0,0.0,0.014380093663930893,0,0.0,0.0,0.0,0.0,0,none,0,1,0,overconfident,0.95,0,mild_drift,0.9424221130379988,0.001480548095688138,0.7226196289122444,0.8434039306667624,1768220036.2826211,1.46738862991333,0.39411455392837524
168,10752,10751,sine_abrupt4,sine,ts_drift_adapt,5,"error_divergence_ph_meta@error.threshold=0.10,error.min_instances=5",error_divergence_ph_meta,"{""divergence"": {""alpha"": 0.1, ""delta"": 0.005, ""min_instances"": 30, ""threshold"": 0.05}, ""error_rate"": {""alpha"": 0.15, ""delta"": 0.005, ""min_instances"": 5, ""threshold"": 0.1}}","{""error_rate"": {""min_instances"": 5, ""threshold"": 0.1}}",0.1,0.005,0.15,5,0.05,0.005,0.1,30,,,,-1,two_stage,2,0.5,"__confirm_cooldown=200,__confirm_rule=perm_test,__perm_alpha=0.01,__perm_min_effect=0,__perm_n_perm=200,__perm_post_n=10,__perm_pre_n=500,__perm_rng_seed=0,__perm_stat=vote_score,divergence=0.3,error_rate=0.5,teacher_entropy=0.2",3,0,200,0.0,0,10000,10.0,25.0,200,500,1,72,1.0,0.8648623511904762,0.7290019314957028,1.0,0.23497411608695984,0.05420024320483208,0,0,26,25,-1,perm_test,0.004975124378109453,0.4138406848015137,25,25,0,0.0,0.16666666666666663,0,0.0,0.0,0.0,0.0,0,none,0,1,0,overconfident,0.95,0,mild_drift,0.9513610565189994,0.001390274047844069,0.7613098144561222,0.8492019653333812,1768220036.2924337,1.9539376497268677,0.4942876696586609
169,10816,10815,sine_abrupt4,sine,ts_drift_adapt,5,"error_divergence_ph_meta@error.threshold=0.10,error.min_instances=5",error_divergence_ph_meta,"{""divergence"": {""alpha"": 0.1, ""delta"": 0.005, ""min_instances"": 30, ""threshold"": 0.05}, ""error_rate"": {""alpha"": 0.15, ""delta"": 0.005, ""min_instances"": 5, ""threshold"": 0.1}}","{""error_rate"": {""min_instances"": 5, ""threshold"": 0.1}}",0.1,0.005,0.15,5,0.05,0.005,0.1,30,,,,-1,two_stage,2,0.5,"__confirm_cooldown=200,__confirm_rule=perm_test,__perm_alpha=0.01,__perm_min_effect=0,__perm_n_perm=200,__perm_post_n=10,__perm_pre_n=500,__perm_rng_seed=0,__perm_stat=vote_score,divergence=0.3,error_rate=0.5,teacher_entropy=0.2",3,0,200,0.0,0,10000,10.0,25.0,200,500,1,8,1.0,0.8606693786982249,0.7206316838336676,0.8333333333333334,0.2312135100364685,0.05258941650390625,0,0,26,25,-1,perm_test,0.004975124378109453,0.4138406848015137,25,25,0,0.0,0.16666666666666663,0,0.0,0.0,0.0,0.0,0,none,0,1,0,overconfident,0.95,0,mild_drift,0.9558305282594997,0.0013451370239220346,0.7806549072280611,0.8521009826666905,1768220036.3021657,1.1585205793380737,0.48897451162338257
170,10880,10879,sine_abrupt4,sine,ts_drift_adapt,5,"error_divergence_ph_meta@error.threshold=0.10,error.min_instances=5",error_divergence_ph_meta,"{""divergence"": {""alpha"": 0.1, ""delta"": 0.005, ""min_instances"": 30, ""threshold"": 0.05}, ""error_rate"": {""alpha"": 0.15, ""delta"": 0.005, ""min_instances"": 5, ""threshold"": 0.1}}","{""error_rate"": {""min_instances"": 5, ""threshold"": 0.1}}",0.1,0.005,0.15,5,0.05,0.005,0.1,30,,,,-1,two_stage,2,0.5,"__confirm_cooldown=200,__confirm_rule=perm_test,__perm_alpha=0.01,__perm_min_effect=0,__perm_n_perm=200,__perm_post_n=10,__perm_pre_n=500,__perm_rng_seed=0,__perm_stat=vote_score,divergence=0.3,error_rate=0.5,teacher_entropy=0.2",3,0,200,0.0,0,10000,10.0,25.0,200,500,0,0,1.0,0.8560661764705882,0.7114086022732928,1.0,0.2511613070964813,0.054303526878356934,0,0,26,25,-1,perm_test,0.004975124378109453,0.4138406848015137,25,25,0,0.0,0.16666666666666663,0,0.0,0.0,0.0,0.0,0,none,0,1,0,overconfident,0.95,0,mild_drift,0.9580652641297498,0.0013225685119610175,0.7903274536140306,0.8535504913333453,1768220036.3121998,1.127518653869629,0.5378084778785706
171,10944,10943,sine_abrupt4,sine,ts_drift_adapt,5,"error_divergence_ph_meta@error.threshold=0.10,error.min_instances=5",error_divergence_ph_meta,"{""divergence"": {""alpha"": 0.1, ""delta"": 0.005, ""min_instances"": 30, ""threshold"": 0.05}, ""error_rate"": {""alpha"": 0.15, ""delta"": 0.005, ""min_instances"": 5, ""threshold"": 0.1}}","{""error_rate"": {""min_instances"": 5, ""threshold"": 0.1}}",0.1,0.005,0.15,5,0.05,0.005,0.1,30,,,,-1,two_stage,2,0.5,"__confirm_cooldown=200,__confirm_rule=perm_test,__perm_alpha=0.01,__perm_min_effect=0,__perm_n_perm=200,__perm_post_n=10,__perm_pre_n=500,__perm_rng_seed=0,__perm_stat=vote_score,divergence=0.3,error_rate=0.5,teacher_entropy=0.2",3,0,200,0.0,0,10000,10.0,25.0,200,500,0,0,1.0,0.8511513157894737,0.7015646458471297,1.0,0.2690856456756592,0.05769741162657738,1,1,27,26,0,perm_test,0.004975124378109453,0.43153882554075274,26,26,0,0.16666666666666663,0.0033938847482204437,1,0.5,0.0,0.0,0.0,0,none,1,1,0,overconfident,0.95,0,severe_drift,0.9245326320648749,0.0016612842559805088,0.6451637268070153,0.8317752456666727,1768220036.3295507,1.1945918798446655,0.5709616541862488
172,11008,11007,sine_abrupt4,sine,ts_drift_adapt,5,"error_divergence_ph_meta@error.threshold=0.10,error.min_instances=5",error_divergence_ph_meta,"{""divergence"": {""alpha"": 0.1, ""delta"": 0.005, ""min_instances"": 30, ""threshold"": 0.05}, ""error_rate"": {""alpha"": 0.15, ""delta"": 0.005, ""min_instances"": 5, ""threshold"": 0.1}}","{""error_rate"": {""min_instances"": 5, ""threshold"": 0.1}}",0.1,0.005,0.15,5,0.05,0.005,0.1,30,,,,-1,two_stage,2,0.5,"__confirm_cooldown=200,__confirm_rule=perm_test,__perm_alpha=0.01,__perm_min_effect=0,__perm_n_perm=200,__perm_post_n=10,__perm_pre_n=500,__perm_rng_seed=0,__perm_stat=vote_score,divergence=0.3,error_rate=0.5,teacher_entropy=0.2",3,0,200,0.0,0,10000,10.0,25.0,200,500,1,136,1.0,0.8462936046511628,0.6918194337887358,1.0,0.2953820526599884,0.060979221016168594,0,0,27,26,-1,perm_test,0.004975124378109453,0.43153882554075274,26,26,0,0.0,0.003281809389591217,0,0.0,0.0,0.0,0.0,0,none,0,1,0,overconfident,0.95,0,mild_drift,0.9424163160324375,0.0014806421279902546,0.7225818634035077,0.8433876228333363,1768220036.3393006,1.032448649406433,0.6537586450576782
173,11072,11071,sine_abrupt4,sine,ts_drift_adapt,5,"error_divergence_ph_meta@error.threshold=0.10,error.min_instances=5",error_divergence_ph_meta,"{""divergence"": {""alpha"": 0.1, ""delta"": 0.005, ""min_instances"": 30, ""threshold"": 0.05}, ""error_rate"": {""alpha"": 0.15, ""delta"": 0.005, ""min_instances"": 5, ""threshold"": 0.1}}","{""error_rate"": {""min_instances"": 5, ""threshold"": 0.1}}",0.1,0.005,0.15,5,0.05,0.005,0.1,30,,,,-1,two_stage,2,0.5,"__confirm_cooldown=200,__confirm_rule=perm_test,__perm_alpha=0.01,__perm_min_effect=0,__perm_n_perm=200,__perm_post_n=10,__perm_pre_n=500,__perm_rng_seed=0,__perm_stat=vote_score,divergence=0.3,error_rate=0.5,teacher_entropy=0.2",3,0,200,0.0,0,10000,10.0,25.0,200,500,1,72,1.0,0.841853323699422,0.682896425429823,1.0,0.3433392643928528,0.05276717245578766,0,0,27,26,-1,perm_test,0.004975124378109453,0.43153882554075274,26,26,0,0.0,0.008212048560380936,0,0.0,0.0,0.0,0.0,0,none,0,1,0,overconfident,0.95,0,mild_drift,0.9513581580162187,0.0013903210639951273,0.7612909317017539,0.8491938114166682,1768220036.3488264,1.084714412689209,0.6009916067123413
174,11136,11135,sine_abrupt4,sine,ts_drift_adapt,5,"error_divergence_ph_meta@error.threshold=0.10,error.min_instances=5",error_divergence_ph_meta,"{""divergence"": {""alpha"": 0.1, ""delta"": 0.005, ""min_instances"": 30, ""threshold"": 0.05}, ""error_rate"": {""alpha"": 0.15, ""delta"": 0.005, ""min_instances"": 5, ""threshold"": 0.1}}","{""error_rate"": {""min_instances"": 5, ""threshold"": 0.1}}",0.1,0.005,0.15,5,0.05,0.005,0.1,30,,,,-1,two_stage,2,0.5,"__confirm_cooldown=200,__confirm_rule=perm_test,__perm_alpha=0.01,__perm_min_effect=0,__perm_n_perm=200,__perm_post_n=10,__perm_pre_n=500,__perm_rng_seed=0,__perm_stat=vote_score,divergence=0.3,error_rate=0.5,teacher_entropy=0.2",3,0,200,0.0,0,10000,10.0,25.0,200,500,1,8,1.0,0.8375538793103449,0.6742267531754648,1.0,0.3877115249633789,0.04333832859992981,0,0,27,26,-1,perm_test,0.004975124378109453,0.43153882554075274,26,26,0,0.0,0.009428843855857849,0,0.0,0.0,0.0,0.0,0,none,0,1,0,overconfident,0.95,0,mild_drift,0.9558290790081093,0.0013451605319975638,0.780645465850877,0.8520969057083341,1768220036.358819,1.0536683797836304,0.5725141763687134
175,11200,11199,sine_abrupt4,sine,ts_drift_adapt,5,"error_divergence_ph_meta@error.threshold=0.10,error.min_instances=5",error_divergence_ph_meta,"{""divergence"": {""alpha"": 0.1, ""delta"": 0.005, ""min_instances"": 30, ""threshold"": 0.05}, ""error_rate"": {""alpha"": 0.15, ""delta"": 0.005, ""min_instances"": 5, ""threshold"": 0.1}}","{""error_rate"": {""min_instances"": 5, ""threshold"": 0.1}}",0.1,0.005,0.15,5,0.05,0.005,0.1,30,,,,-1,two_stage,2,0.5,"__confirm_cooldown=200,__confirm_rule=perm_test,__perm_alpha=0.01,__perm_min_effect=0,__perm_n_perm=200,__perm_post_n=10,__perm_pre_n=500,__perm_rng_seed=0,__perm_stat=vote_score,divergence=0.3,error_rate=0.5,teacher_entropy=0.2",3,0,200,0.0,0,10000,10.0,25.0,200,500,0,0,1.0,0.8339285714285715,0.6669064560698512,0.8333333333333334,0.41055190563201904,0.05454563722014427,0,0,27,26,-1,perm_test,0.004975124378109453,0.43153882554075274,26,26,0,0.0,0.16666666666666663,0,0.0,0.0,0.0,0.0,0,none,0,1,0,overconfident,0.95,0,mild_drift,0.9580645395040546,0.0013225802659987819,0.7903227329254385,0.853548452854167,1768220036.368635,1.0059058666229248,0.719041645526886
176,11264,11263,sine_abrupt4,sine,ts_drift_adapt,5,"error_divergence_ph_meta@error.threshold=0.10,error.min_instances=5",error_divergence_ph_meta,"{""divergence"": {""alpha"": 0.1, ""delta"": 0.005, ""min_instances"": 30, ""threshold"": 0.05}, ""error_rate"": {""alpha"": 0.15, ""delta"": 0.005, ""min_instances"": 5, ""threshold"": 0.1}}","{""error_rate"": {""min_instances"": 5, ""threshold"": 0.1}}",0.1,0.005,0.15,5,0.05,0.005,0.1,30,,,,-1,two_stage,2,0.5,"__confirm_cooldown=200,__confirm_rule=perm_test,__perm_alpha=0.01,__perm_min_effect=0,__perm_n_perm=200,__perm_post_n=10,__perm_pre_n=500,__perm_rng_seed=0,__perm_stat=vote_score,divergence=0.3,error_rate=0.5,teacher_entropy=0.2",3,0,200,0.0,0,10000,10.0,25.0,200,500,0,0,1.0,0.8299893465909091,0.6589628096662197,1.0,0.4767245948314667,0.036103080958127975,1,1,28,27,0,perm_test,0.004975124378109453,0.43100503781682625,27,27,0,0.0,0.16666666666666663,1,0.5,0.0,0.0,0.0,0,none,1,1,0,overconfident,0.95,0,stable,0.9740322697520273,0.001061290132999391,0.8951613664627193,0.8992742264270835,1768220036.3857183,0.9827906489372253,0.5881770849227905
177,11328,11327,sine_abrupt4,sine,ts_drift_adapt,5,"error_divergence_ph_meta@error.threshold=0.10,error.min_instances=5",error_divergence_ph_meta,"{""divergence"": {""alpha"": 0.1, ""delta"": 0.005, ""min_instances"": 30, ""threshold"": 0.05}, ""error_rate"": {""alpha"": 0.15, ""delta"": 0.005, ""min_instances"": 5, ""threshold"": 0.1}}","{""error_rate"": {""min_instances"": 5, ""threshold"": 0.1}}",0.1,0.005,0.15,5,0.05,0.005,0.1,30,,,,-1,two_stage,2,0.5,"__confirm_cooldown=200,__confirm_rule=perm_test,__perm_alpha=0.01,__perm_min_effect=0,__perm_n_perm=200,__perm_post_n=10,__perm_pre_n=500,__perm_rng_seed=0,__perm_stat=vote_score,divergence=0.3,error_rate=0.5,teacher_entropy=0.2",3,0,200,0.0,0,10000,10.0,25.0,200,500,1,136,1.0,0.8260946327683616,0.6511348697045918,1.0,0.40635567903518677,0.052733030170202255,0,0,28,27,-1,perm_test,0.004975124378109453,0.43100503781682625,27,27,0,0.0,0.01662994921207428,0,0.0,0.0,0.0,0.0,0,none,0,1,0,overconfident,0.95,0,mild_drift,0.9671661348760137,0.0011806450664996956,0.8475806832313597,0.8771371132135417,1768220036.3954432,0.8430621027946472,0.6884186267852783
178,11392,11391,sine_abrupt4,sine,ts_drift_adapt,5,"error_divergence_ph_meta@error.threshold=0.10,error.min_instances=5",error_divergence_ph_meta,"{""divergence"": {""alpha"": 0.1, ""delta"": 0.005, ""min_instances"": 30, ""threshold"": 0.05}, ""error_rate"": {""alpha"": 0.15, ""delta"": 0.005, ""min_instances"": 5, ""threshold"": 0.1}}","{""error_rate"": {""min_instances"": 5, ""threshold"": 0.1}}",0.1,0.005,0.15,5,0.05,0.005,0.1,30,,,,-1,two_stage,2,0.5,"__confirm_cooldown=200,__confirm_rule=perm_test,__perm_alpha=0.01,__perm_min_effect=0,__perm_n_perm=200,__perm_post_n=10,__perm_pre_n=500,__perm_rng_seed=0,__perm_stat=vote_score,divergence=0.3,error_rate=0.5,teacher_entropy=0.2",3,0,200,0.0,0,10000,10.0,25.0,200,500,1,72,1.0,0.8221558988764045,0.6432016615162709,0.6666666666666666,0.4736432433128357,0.03723624721169472,0,0,28,27,-1,perm_test,0.004975124378109453,0.43100503781682625,27,27,0,0.0,0.33333333333333337,0,0.0,0.0,0.0,0.0,0,none,0,1,0,overconfident,0.95,0,mild_drift,0.9637330674380068,0.0012403225332498478,0.8237903416156799,0.8660685566067708,1768220036.4049096,0.7881331443786621,0.6139490008354187
179,11456,11455,sine_abrupt4,sine,ts_drift_adapt,5,"error_divergence_ph_meta@error.threshold=0.10,error.min_instances=5",error_divergence_ph_meta,"{""divergence"": {""alpha"": 0.1, ""delta"": 0.005, ""min_instances"": 30, ""threshold"": 0.05}, ""error_rate"": {""alpha"": 0.15, ""delta"": 0.005, ""min_instances"": 5, ""threshold"": 0.1}}","{""error_rate"": {""min_instances"": 5, ""threshold"": 0.1}}",0.1,0.005,0.15,5,0.05,0.005,0.1,30,,,,-1,two_stage,2,0.5,"__confirm_cooldown=200,__confirm_rule=perm_test,__perm_alpha=0.01,__perm_min_effect=0,__perm_n_perm=200,__perm_post_n=10,__perm_pre_n=500,__perm_rng_seed=0,__perm_stat=vote_score,divergence=0.3,error_rate=0.5,teacher_entropy=0.2",3,0,200,0.0,0,10000,10.0,25.0,200,500,1,8,1.0,0.818086592178771,0.6350146528881282,0.8333333333333334,0.47857266664505005,0.03683128207921982,0,0,28,27,-1,perm_test,0.004975124378109453,0.43100503781682625,27,27,0,0.0,0.16666666666666674,0,0.0,0.0,0.0,0.0,0,none,0,1,0,overconfident,0.95,0,mild_drift,0.9620165337190034,0.001270161266624924,0.8118951708078399,0.8605342783033854,1768220036.4146614,0.8280048370361328,0.6201963424682617
180,11520,11519,sine_abrupt4,sine,ts_drift_adapt,5,"error_divergence_ph_meta@error.threshold=0.10,error.min_instances=5",error_divergence_ph_meta,"{""divergence"": {""alpha"": 0.1, ""delta"": 0.005, ""min_instances"": 30, ""threshold"": 0.05}, ""error_rate"": {""alpha"": 0.15, ""delta"": 0.005, ""min_instances"": 5, ""threshold"": 0.1}}","{""error_rate"": {""min_instances"": 5, ""threshold"": 0.1}}",0.1,0.005,0.15,5,0.05,0.005,0.1,30,,,,-1,two_stage,2,0.5,"__confirm_cooldown=200,__confirm_rule=perm_test,__perm_alpha=0.01,__perm_min_effect=0,__perm_n_perm=200,__perm_post_n=10,__perm_pre_n=500,__perm_rng_seed=0,__perm_stat=vote_score,divergence=0.3,error_rate=0.5,teacher_entropy=0.2",3,0,200,0.0,0,10000,10.0,25.0,200,500,0,0,1.0,0.8142361111111112,0.6272679003801618,0.8333333333333334,0.5068773031234741,0.03245554119348526,0,0,28,27,-1,perm_test,0.004975124378109453,0.43100503781682625,27,27,0,0.0,0.004375740885734558,0,0.0,0.0,0.0,0.0,0,none,0,1,0,overconfident,0.95,0,mild_drift,0.9611582668595017,0.001285080633312462,0.80594758540392,0.8577671391516927,1768220036.4243658,0.9330568909645081,0.6052988767623901
181,11584,11583,sine_abrupt4,sine,ts_drift_adapt,5,"error_divergence_ph_meta@error.threshold=0.10,error.min_instances=5",error_divergence_ph_meta,"{""divergence"": {""alpha"": 0.1, ""delta"": 0.005, ""min_instances"": 30, ""threshold"": 0.05}, ""error_rate"": {""alpha"": 0.15, ""delta"": 0.005, ""min_instances"": 5, ""threshold"": 0.1}}","{""error_rate"": {""min_instances"": 5, ""threshold"": 0.1}}",0.1,0.005,0.15,5,0.05,0.005,0.1,30,,,,-1,two_stage,2,0.5,"__confirm_cooldown=200,__confirm_rule=perm_test,__perm_alpha=0.01,__perm_min_effect=0,__perm_n_perm=200,__perm_post_n=10,__perm_pre_n=500,__perm_rng_seed=0,__perm_stat=vote_score,divergence=0.3,error_rate=0.5,teacher_entropy=0.2",3,0,200,0.0,0,10000,10.0,25.0,200,500,0,0,1.0,0.809996546961326,0.618761667547477,1.0,0.4893835186958313,0.034830428659915924,1,1,29,28,0,perm_test,0.004975124378109453,0.4470446561240687,28,28,0,0.0,0.16666666666666663,1,0.5,0.0,0.0,0.0,0,none,1,1,0,overconfident,0.95,0,stable,0.9755791334297508,0.001042540316656231,0.90297379270196,0.9013835695758463,1768220036.4409866,0.8748865723609924,0.6556452512741089
182,11648,11647,sine_abrupt4,sine,ts_drift_adapt,5,"error_divergence_ph_meta@error.threshold=0.10,error.min_instances=5",error_divergence_ph_meta,"{""divergence"": {""alpha"": 0.1, ""delta"": 0.005, ""min_instances"": 30, ""threshold"": 0.05}, ""error_rate"": {""alpha"": 0.15, ""delta"": 0.005, ""min_instances"": 5, ""threshold"": 0.1}}","{""error_rate"": {""min_instances"": 5, ""threshold"": 0.1}}",0.1,0.005,0.15,5,0.05,0.005,0.1,30,,,,-1,two_stage,2,0.5,"__confirm_cooldown=200,__confirm_rule=perm_test,__perm_alpha=0.01,__perm_min_effect=0,__perm_n_perm=200,__perm_post_n=10,__perm_pre_n=500,__perm_rng_seed=0,__perm_stat=vote_score,divergence=0.3,error_rate=0.5,teacher_entropy=0.2",3,0,200,0.0,0,10000,10.0,25.0,200,500,1,136,1.0,0.8063186813186813,0.6113659225352763,0.8333333333333334,0.5404660701751709,0.026965785771608353,0,0,29,28,-1,perm_test,0.004975124378109453,0.4470446561240687,28,28,0,0.0,0.16666666666666663,0,0.0,0.0,0.0,0.0,0,none,0,1,0,overconfident,0.95,0,mild_drift,0.9679395667148754,0.0011712701583281157,0.8514868963509801,0.8781917847879231,1768220036.450688,0.842957079410553,0.5358436703681946
183,11712,11711,sine_abrupt4,sine,ts_drift_adapt,5,"error_divergence_ph_meta@error.threshold=0.10,error.min_instances=5",error_divergence_ph_meta,"{""divergence"": {""alpha"": 0.1, ""delta"": 0.005, ""min_instances"": 30, ""threshold"": 0.05}, ""error_rate"": {""alpha"": 0.15, ""delta"": 0.005, ""min_instances"": 5, ""threshold"": 0.1}}","{""error_rate"": {""min_instances"": 5, ""threshold"": 0.1}}",0.1,0.005,0.15,5,0.05,0.005,0.1,30,,,,-1,two_stage,2,0.5,"__confirm_cooldown=200,__confirm_rule=perm_test,__perm_alpha=0.01,__perm_min_effect=0,__perm_n_perm=200,__perm_post_n=10,__perm_pre_n=500,__perm_rng_seed=0,__perm_stat=vote_score,divergence=0.3,error_rate=0.5,teacher_entropy=0.2",3,0,200,0.0,0,10000,10.0,25.0,200,500,1,72,1.0,0.8024248633879781,0.6035790498822289,1.0,0.5163595676422119,0.027783261612057686,0,0,29,28,-1,perm_test,0.004975124378109453,0.4470446561240687,28,28,0,0.0,0.16666666666666663,0,0.0,0.0,0.0,0.0,0,none,0,1,0,overconfident,0.95,0,mild_drift,0.9641197833574376,0.0012356350791640578,0.8257434481754901,0.8665958923939616,1768220036.460355,0.8413310050964355,0.5884901285171509
184,11776,11775,sine_abrupt4,sine,ts_drift_adapt,5,"error_divergence_ph_meta@error.threshold=0.10,error.min_instances=5",error_divergence_ph_meta,"{""divergence"": {""alpha"": 0.1, ""delta"": 0.005, ""min_instances"": 30, ""threshold"": 0.05}, ""error_rate"": {""alpha"": 0.15, ""delta"": 0.005, ""min_instances"": 5, ""threshold"": 0.1}}","{""error_rate"": {""min_instances"": 5, ""threshold"": 0.1}}",0.1,0.005,0.15,5,0.05,0.005,0.1,30,,,,-1,two_stage,2,0.5,"__confirm_cooldown=200,__confirm_rule=perm_test,__perm_alpha=0.01,__perm_min_effect=0,__perm_n_perm=200,__perm_post_n=10,__perm_pre_n=500,__perm_rng_seed=0,__perm_stat=vote_score,divergence=0.3,error_rate=0.5,teacher_entropy=0.2",3,0,200,0.0,0,10000,10.0,25.0,200,500,1,8,1.0,0.7984884510869565,0.5957198143651073,1.0,0.5349711179733276,0.024383703246712685,0,0,29,28,-1,perm_test,0.004975124378109453,0.4470446561240687,28,28,0,0.0,0.0033995583653450012,0,0.0,0.0,0.0,0.0,0,none,0,1,0,overconfident,0.95,0,mild_drift,0.9622098916787187,0.0012678175395820289,0.812871724087745,0.8607979461969808,1768220036.470019,0.8048980236053467,0.5444566607475281
185,11840,11839,sine_abrupt4,sine,ts_drift_adapt,5,"error_divergence_ph_meta@error.threshold=0.10,error.min_instances=5",error_divergence_ph_meta,"{""divergence"": {""alpha"": 0.1, ""delta"": 0.005, ""min_instances"": 30, ""threshold"": 0.05}, ""error_rate"": {""alpha"": 0.15, ""delta"": 0.005, ""min_instances"": 5, ""threshold"": 0.1}}","{""error_rate"": {""min_instances"": 5, ""threshold"": 0.1}}",0.1,0.005,0.15,5,0.05,0.005,0.1,30,,,,-1,two_stage,2,0.5,"__confirm_cooldown=200,__confirm_rule=perm_test,__perm_alpha=0.01,__perm_min_effect=0,__perm_n_perm=200,__perm_post_n=10,__perm_pre_n=500,__perm_rng_seed=0,__perm_stat=vote_score,divergence=0.3,error_rate=0.5,teacher_entropy=0.2",3,0,200,0.0,0,10000,10.0,25.0,200,500,0,0,1.0,0.795777027027027,0.5903677517509347,0.8333333333333334,0.546303391456604,0.02267216518521309,0,0,29,28,-1,perm_test,0.004975124378109453,0.4470446561240687,28,28,0,0.0,0.16666666666666663,0,0.0,0.0,0.0,0.0,0,none,0,1,0,overconfident,0.95,0,mild_drift,0.9612549458393593,0.0012839087697910146,0.8064358620438725,0.8578989730984904,1768220036.4797158,0.7961297035217285,0.5381501913070679
186,11904,11903,sine_abrupt4,sine,ts_drift_adapt,5,"error_divergence_ph_meta@error.threshold=0.10,error.min_instances=5",error_divergence_ph_meta,"{""divergence"": {""alpha"": 0.1, ""delta"": 0.005, ""min_instances"": 30, ""threshold"": 0.05}, ""error_rate"": {""alpha"": 0.15, ""delta"": 0.005, ""min_instances"": 5, ""threshold"": 0.1}}","{""error_rate"": {""min_instances"": 5, ""threshold"": 0.1}}",0.1,0.005,0.15,5,0.05,0.005,0.1,30,,,,-1,two_stage,2,0.5,"__confirm_cooldown=200,__confirm_rule=perm_test,__perm_alpha=0.01,__perm_min_effect=0,__perm_n_perm=200,__perm_post_n=10,__perm_pre_n=500,__perm_rng_seed=0,__perm_stat=vote_score,divergence=0.3,error_rate=0.5,teacher_entropy=0.2",3,0,200,0.0,0,10000,10.0,25.0,200,500,0,0,1.0,0.7935147849462365,0.5859367402598445,0.6666666666666666,0.5892239212989807,0.01876344531774521,1,1,30,29,0,perm_test,0.004975124378109453,0.43904364517554295,29,29,0,0.33333333333333337,0.16666666666666674,1,0.5,0.0,0.0,0.0,0,none,1,1,0,overconfident,0.95,0,severe_drift,0.9261274729196797,0.0016419543848955073,0.6532179310219363,0.8339494865492452,1768220036.496332,0.8134980201721191,0.5065985918045044
187,11968,11967,sine_abrupt4,sine,ts_drift_adapt,5,"error_divergence_ph_meta@error.threshold=0.10,error.min_instances=5",error_divergence_ph_meta,"{""divergence"": {""alpha"": 0.1, ""delta"": 0.005, ""min_instances"": 30, ""threshold"": 0.05}, ""error_rate"": {""alpha"": 0.15, ""delta"": 0.005, ""min_instances"": 5, ""threshold"": 0.1}}","{""error_rate"": {""min_instances"": 5, ""threshold"": 0.1}}",0.1,0.005,0.15,5,0.05,0.005,0.1,30,,,,-1,two_stage,2,0.5,"__confirm_cooldown=200,__confirm_rule=perm_test,__perm_alpha=0.01,__perm_min_effect=0,__perm_n_perm=200,__perm_post_n=10,__perm_pre_n=500,__perm_rng_seed=0,__perm_stat=vote_score,divergence=0.3,error_rate=0.5,teacher_entropy=0.2",3,0,200,0.0,0,10000,10.0,25.0,200,500,1,136,1.0,0.7913602941176471,0.5817342225404165,0.5,0.5722491145133972,0.01808556169271469,0,0,30,29,-1,perm_test,0.004975124378109453,0.43904364517554295,29,29,0,0.0,0.16666666666666663,0,0.0,0.0,0.0,0.0,0,none,0,1,0,overconfident,0.95,0,mild_drift,0.9432137364598399,0.0014709771924477537,0.7266089655109682,0.8444747432746226,1768220036.5061336,0.8198533058166504,0.47962939739227295
188,12032,12031,sine_abrupt4,sine,ts_drift_adapt,5,"error_divergence_ph_meta@error.threshold=0.10,error.min_instances=5",error_divergence_ph_meta,"{""divergence"": {""alpha"": 0.1, ""delta"": 0.005, ""min_instances"": 30, ""threshold"": 0.05}, ""error_rate"": {""alpha"": 0.15, ""delta"": 0.005, ""min_instances"": 5, ""threshold"": 0.1}}","{""error_rate"": {""min_instances"": 5, ""threshold"": 0.1}}",0.1,0.005,0.15,5,0.05,0.005,0.1,30,,,,-1,two_stage,2,0.5,"__confirm_cooldown=200,__confirm_rule=perm_test,__perm_alpha=0.01,__perm_min_effect=0,__perm_n_perm=200,__perm_post_n=10,__perm_pre_n=500,__perm_rng_seed=0,__perm_stat=vote_score,divergence=0.3,error_rate=0.5,teacher_entropy=0.2",3,0,200,0.0,0,10000,10.0,25.0,200,500,1,72,1.0,0.7893949468085106,0.5779325752245903,0.6666666666666666,0.5950343608856201,0.010773598216474056,0,0,30,29,-1,perm_test,0.004975124378109453,0.43904364517554295,29,29,0,0.0,0.16666666666666663,0,0.0,0.0,0.0,0.0,0,none,0,1,0,overconfident,0.95,0,mild_drift,0.9517568682299199,0.001385488596223877,0.7633044827554841,0.8497373716373113,1768220036.5158122,0.964425265789032,0.41176512837409973
189,12096,12095,sine_abrupt4,sine,ts_drift_adapt,5,"error_divergence_ph_meta@error.threshold=0.10,error.min_instances=5",error_divergence_ph_meta,"{""divergence"": {""alpha"": 0.1, ""delta"": 0.005, ""min_instances"": 30, ""threshold"": 0.05}, ""error_rate"": {""alpha"": 0.15, ""delta"": 0.005, ""min_instances"": 5, ""threshold"": 0.1}}","{""error_rate"": {""min_instances"": 5, ""threshold"": 0.1}}",0.1,0.005,0.15,5,0.05,0.005,0.1,30,,,,-1,two_stage,2,0.5,"__confirm_cooldown=200,__confirm_rule=perm_test,__perm_alpha=0.01,__perm_min_effect=0,__perm_n_perm=200,__perm_post_n=10,__perm_pre_n=500,__perm_rng_seed=0,__perm_stat=vote_score,divergence=0.3,error_rate=0.5,teacher_entropy=0.2",3,0,200,0.0,0,10000,10.0,25.0,200,500,1,8,1.0,0.7878637566137566,0.5750110634494302,0.3333333333333333,0.5999690890312195,0.01187717542052269,0,0,30,29,-1,perm_test,0.004975124378109453,0.43904364517554295,29,29,0,0.0,0.3333333333333333,0,0.0,0.0,0.0,0.0,0,none,0,1,0,overconfident,0.95,0,mild_drift,0.9560284341149599,0.0013427442981119387,0.781652241377742,0.8523686858186557,1768220036.5254116,0.7404027581214905,0.3989104926586151
190,12160,12159,sine_abrupt4,sine,ts_drift_adapt,5,"error_divergence_ph_meta@error.threshold=0.10,error.min_instances=5",error_divergence_ph_meta,"{""divergence"": {""alpha"": 0.1, ""delta"": 0.005, ""min_instances"": 30, ""threshold"": 0.05}, ""error_rate"": {""alpha"": 0.15, ""delta"": 0.005, ""min_instances"": 5, ""threshold"": 0.1}}","{""error_rate"": {""min_instances"": 5, ""threshold"": 0.1}}",0.1,0.005,0.15,5,0.05,0.005,0.1,30,,,,-1,two_stage,2,0.5,"__confirm_cooldown=200,__confirm_rule=perm_test,__perm_alpha=0.01,__perm_min_effect=0,__perm_n_perm=200,__perm_post_n=10,__perm_pre_n=500,__perm_rng_seed=0,__perm_stat=vote_score,divergence=0.3,error_rate=0.5,teacher_entropy=0.2",3,0,200,0.0,0,10000,10.0,25.0,200,500,0,0,1.0,0.7867598684210526,0.5729539988538747,0.6666666666666666,0.6108251810073853,0.014176697470247746,0,0,30,29,-1,perm_test,0.004975124378109453,0.43904364517554295,29,29,0,0.0,0.3333333333333333,0,0.0,0.0,0.0,0.0,0,none,0,1,0,overconfident,0.95,0,mild_drift,0.9581642170574799,0.0013213721490559693,0.790826120688871,0.8536843429093278,1768220036.5350435,0.9097710251808167,0.3577643632888794
191,12224,12223,sine_abrupt4,sine,ts_drift_adapt,5,"error_divergence_ph_meta@error.threshold=0.10,error.min_instances=5",error_divergence_ph_meta,"{""divergence"": {""alpha"": 0.1, ""delta"": 0.005, ""min_instances"": 30, ""threshold"": 0.05}, ""error_rate"": {""alpha"": 0.15, ""delta"": 0.005, ""min_instances"": 5, ""threshold"": 0.1}}","{""error_rate"": {""min_instances"": 5, ""threshold"": 0.1}}",0.1,0.005,0.15,5,0.05,0.005,0.1,30,,,,-1,two_stage,2,0.5,"__confirm_cooldown=200,__confirm_rule=perm_test,__perm_alpha=0.01,__perm_min_effect=0,__perm_n_perm=200,__perm_post_n=10,__perm_pre_n=500,__perm_rng_seed=0,__perm_stat=vote_score,divergence=0.3,error_rate=0.5,teacher_entropy=0.2",3,0,200,0.0,0,10000,10.0,25.0,200,500,0,0,1.0,0.7855039267015707,0.5705848357373512,0.8333333333333334,0.618232786655426,0.012343550100922585,1,1,31,30,0,perm_test,0.004975124378109453,0.4333206791431611,30,30,0,0.16666666666666674,0.16666666666666674,1,0.5,0.0,0.0,0.0,0,none,1,1,0,overconfident,0.95,0,severe_drift,0.92458210852874,0.0016606860745279847,0.6454130603444355,0.831842171454664,1768220036.5517843,1.0638724565505981,0.31533196568489075
192,12288,12287,sine_abrupt4,sine,ts_drift_adapt,5,"error_divergence_ph_meta@error.threshold=0.10,error.min_instances=5",error_divergence_ph_meta,"{""divergence"": {""alpha"": 0.1, ""delta"": 0.005, ""min_instances"": 30, ""threshold"": 0.05}, ""error_rate"": {""alpha"": 0.15, ""delta"": 0.005, ""min_instances"": 5, ""threshold"": 0.1}}","{""error_rate"": {""min_instances"": 5, ""threshold"": 0.1}}",0.1,0.005,0.15,5,0.05,0.005,0.1,30,,,,-1,two_stage,2,0.5,"__confirm_cooldown=200,__confirm_rule=perm_test,__perm_alpha=0.01,__perm_min_effect=0,__perm_n_perm=200,__perm_post_n=10,__perm_pre_n=500,__perm_rng_seed=0,__perm_stat=vote_score,divergence=0.3,error_rate=0.5,teacher_entropy=0.2",3,0,200,0.0,0,10000,10.0,25.0,200,500,1,136,1.0,0.78466796875,0.5690564712528724,0.16666666666666666,0.6350704431533813,0.01238035224378109,0,0,31,30,-1,perm_test,0.004975124378109453,0.4333206791431611,30,30,0,0.0,0.6666666666666667,0,0.0,0.0,0.0,0.0,0,none,0,1,0,overconfident,0.95,0,mild_drift,0.94244105426437,0.0014803430372639925,0.7227065301722178,0.843421085727332,1768220036.5613432,0.5970171093940735,0.2656692564487457
193,12352,12351,sine_abrupt4,sine,ts_drift_adapt,5,"error_divergence_ph_meta@error.threshold=0.10,error.min_instances=5",error_divergence_ph_meta,"{""divergence"": {""alpha"": 0.1, ""delta"": 0.005, ""min_instances"": 30, ""threshold"": 0.05}, ""error_rate"": {""alpha"": 0.15, ""delta"": 0.005, ""min_instances"": 5, ""threshold"": 0.1}}","{""error_rate"": {""min_instances"": 5, ""threshold"": 0.1}}",0.1,0.005,0.15,5,0.05,0.005,0.1,30,,,,-1,two_stage,2,0.5,"__confirm_cooldown=200,__confirm_rule=perm_test,__perm_alpha=0.01,__perm_min_effect=0,__perm_n_perm=200,__perm_post_n=10,__perm_pre_n=500,__perm_rng_seed=0,__perm_stat=vote_score,divergence=0.3,error_rate=0.5,teacher_entropy=0.2",3,0,200,0.0,0,10000,10.0,25.0,200,500,1,72,1.0,0.7834358808290155,0.56672577303971,0.5,0.6279296278953552,0.01058217603713274,0,0,31,30,-1,perm_test,0.004975124378109453,0.4333206791431611,30,30,0,0.0,0.33333333333333337,0,0.0,0.0,0.0,0.0,0,none,0,1,0,overconfident,0.95,0,mild_drift,0.951370527132185,0.0013901715186319962,0.7613532650861089,0.849210542863666,1768220036.5699482,0.8748292326927185,0.0426616407930851
194,12416,12415,sine_abrupt4,sine,ts_drift_adapt,5,"error_divergence_ph_meta@error.threshold=0.10,error.min_instances=5",error_divergence_ph_meta,"{""divergence"": {""alpha"": 0.1, ""delta"": 0.005, ""min_instances"": 30, ""threshold"": 0.05}, ""error_rate"": {""alpha"": 0.15, ""delta"": 0.005, ""min_instances"": 5, ""threshold"": 0.1}}","{""error_rate"": {""min_instances"": 5, ""threshold"": 0.1}}",0.1,0.005,0.15,5,0.05,0.005,0.1,30,,,,-1,two_stage,2,0.5,"__confirm_cooldown=200,__confirm_rule=perm_test,__perm_alpha=0.01,__perm_min_effect=0,__perm_n_perm=200,__perm_post_n=10,__perm_pre_n=500,__perm_rng_seed=0,__perm_stat=vote_score,divergence=0.3,error_rate=0.5,teacher_entropy=0.2",3,0,200,0.0,0,10000,10.0,25.0,200,500,1,8,1.0,0.7818943298969072,0.5637724509256256,0.5,0.6217440962791443,0.007623668294399977,0,0,31,30,-1,perm_test,0.004975124378109453,0.4333206791431611,30,30,0,0.0,0.0029585077427327633,0,0.0,0.0,0.0,0.0,0,none,0,1,0,overconfident,0.95,0,mild_drift,0.9558352635660925,0.0013450857593159983,0.7806766325430545,0.852105271431833,1768220036.5794377,0.8105422854423523,0.2598591148853302
195,12480,12479,sine_abrupt4,sine,ts_drift_adapt,5,"error_divergence_ph_meta@error.threshold=0.10,error.min_instances=5",error_divergence_ph_meta,"{""divergence"": {""alpha"": 0.1, ""delta"": 0.005, ""min_instances"": 30, ""threshold"": 0.05}, ""error_rate"": {""alpha"": 0.15, ""delta"": 0.005, ""min_instances"": 5, ""threshold"": 0.1}}","{""error_rate"": {""min_instances"": 5, ""threshold"": 0.1}}",0.1,0.005,0.15,5,0.05,0.005,0.1,30,,,,-1,two_stage,2,0.5,"__confirm_cooldown=200,__confirm_rule=perm_test,__perm_alpha=0.01,__perm_min_effect=0,__perm_n_perm=200,__perm_post_n=10,__perm_pre_n=500,__perm_rng_seed=0,__perm_stat=vote_score,divergence=0.3,error_rate=0.5,teacher_entropy=0.2",3,0,200,0.0,0,10000,10.0,25.0,200,500,0,0,1.0,0.7811698717948717,0.5624495537208517,0.16666666666666666,0.6400918364524841,0.007821095176041126,0,0,31,30,-1,perm_test,0.004975124378109453,0.4333206791431611,30,30,0,0.0,0.33333333333333337,0,0.0,0.0,0.0,0.0,0,none,0,1,0,overconfident,0.95,0,mild_drift,0.9580676317830462,0.0013225428796579991,0.7903383162715273,0.8535526357159164,1768220036.5884569,0.5445255041122437,0.03172001615166664
196,12544,12543,sine_abrupt4,sine,ts_drift_adapt,5,"error_divergence_ph_meta@error.threshold=0.10,error.min_instances=5",error_divergence_ph_meta,"{""divergence"": {""alpha"": 0.1, ""delta"": 0.005, ""min_instances"": 30, ""threshold"": 0.05}, ""error_rate"": {""alpha"": 0.15, ""delta"": 0.005, ""min_instances"": 5, ""threshold"": 0.1}}","{""error_rate"": {""min_instances"": 5, ""threshold"": 0.1}}",0.1,0.005,0.15,5,0.05,0.005,0.1,30,,,,-1,two_stage,2,0.5,"__confirm_cooldown=200,__confirm_rule=perm_test,__perm_alpha=0.01,__perm_min_effect=0,__perm_n_perm=200,__perm_post_n=10,__perm_pre_n=500,__perm_rng_seed=0,__perm_stat=vote_score,divergence=0.3,error_rate=0.5,teacher_entropy=0.2",3,0,200,0.0,0,10000,10.0,25.0,200,500,0,0,1.0,0.7802136479591837,0.5606571418611715,0.16666666666666666,0.6464062333106995,0.00804358720779419,1,1,32,31,0,perm_test,0.004975124378109453,0.42421152498667125,31,31,0,0.6666666666666667,0.0002224920317530632,1,0.5,0.0,0.0,0.0,0,none,1,1,0,overconfident,0.95,0,severe_drift,0.9245338158915231,0.0016612714398289996,0.6451691581357637,0.8317763178579582,1768220036.604317,0.5838848352432251,0.032699402421712875
197,12608,12607,sine_abrupt4,sine,ts_drift_adapt,5,"error_divergence_ph_meta@error.threshold=0.10,error.min_instances=5",error_divergence_ph_meta,"{""divergence"": {""alpha"": 0.1, ""delta"": 0.005, ""min_instances"": 30, ""threshold"": 0.05}, ""error_rate"": {""alpha"": 0.15, ""delta"": 0.005, ""min_instances"": 5, ""threshold"": 0.1}}","{""error_rate"": {""min_instances"": 5, ""threshold"": 0.1}}",0.1,0.005,0.15,5,0.05,0.005,0.1,30,,,,-1,two_stage,2,0.5,"__confirm_cooldown=200,__confirm_rule=perm_test,__perm_alpha=0.01,__perm_min_effect=0,__perm_n_perm=200,__perm_post_n=10,__perm_pre_n=500,__perm_rng_seed=0,__perm_stat=vote_score,divergence=0.3,error_rate=0.5,teacher_entropy=0.2",3,0,200,0.0,0,10000,10.0,25.0,200,500,1,136,1.0,0.7790291878172588,0.558405957844996,0.6666666666666666,0.6364625096321106,0.008145353756844997,0,0,32,31,-1,perm_test,0.004975124378109453,0.42421152498667125,31,31,0,0.0,0.5,0,0.0,0.0,0.0,0.0,0,none,0,1,0,overconfident,0.95,0,mild_drift,0.9424169079457615,0.0014806357199144999,0.7225845790678819,0.8433881589289791,1768220036.613855,0.9861154556274414,0.2848256826400757
198,12672,12671,sine_abrupt4,sine,ts_drift_adapt,5,"error_divergence_ph_meta@error.threshold=0.10,error.min_instances=5",error_divergence_ph_meta,"{""divergence"": {""alpha"": 0.1, ""delta"": 0.005, ""min_instances"": 30, ""threshold"": 0.05}, ""error_rate"": {""alpha"": 0.15, ""delta"": 0.005, ""min_instances"": 5, ""threshold"": 0.1}}","{""error_rate"": {""min_instances"": 5, ""threshold"": 0.1}}",0.1,0.005,0.15,5,0.05,0.005,0.1,30,,,,-1,two_stage,2,0.5,"__confirm_cooldown=200,__confirm_rule=perm_test,__perm_alpha=0.01,__perm_min_effect=0,__perm_n_perm=200,__perm_post_n=10,__perm_pre_n=500,__perm_rng_seed=0,__perm_stat=vote_score,divergence=0.3,error_rate=0.5,teacher_entropy=0.2",3,0,200,0.0,0,10000,10.0,25.0,200,500,1,72,1.0,0.7777777777777778,0.5560190796940131,0.0,0.6370905637741089,0.00716134998947382,0,0,32,31,-1,perm_test,0.004975124378109453,0.42421152498667125,31,31,0,0.0,0.6666666666666666,0,0.0,0.0,0.0,0.0,0,none,0,1,0,overconfident,0.95,0,mild_drift,0.9513584539728808,0.00139031785995725,0.7612922895339409,0.8491940794644895,1768220036.6224723,0.38724395632743835,0.029200611636042595
199,12736,12735,sine_abrupt4,sine,ts_drift_adapt,5,"error_divergence_ph_meta@error.threshold=0.10,error.min_instances=5",error_divergence_ph_meta,"{""divergence"": {""alpha"": 0.1, ""delta"": 0.005, ""min_instances"": 30, ""threshold"": 0.05}, ""error_rate"": {""alpha"": 0.15, ""delta"": 0.005, ""min_instances"": 5, ""threshold"": 0.1}}","{""error_rate"": {""min_instances"": 5, ""threshold"": 0.1}}",0.1,0.005,0.15,5,0.05,0.005,0.1,30,,,,-1,two_stage,2,0.5,"__confirm_cooldown=200,__confirm_rule=perm_test,__perm_alpha=0.01,__perm_min_effect=0,__perm_n_perm=200,__perm_post_n=10,__perm_pre_n=500,__perm_rng_seed=0,__perm_stat=vote_score,divergence=0.3,error_rate=0.5,teacher_entropy=0.2",3,0,200,0.0,0,10000,10.0,25.0,200,500,1,8,1.0,0.7769315326633166,0.5544304296277177,0.5,0.6538143157958984,0.008213103748857975,0,0,32,31,-1,perm_test,0.004975124378109453,0.42421152498667125,31,31,0,0.0,0.5,0,0.0,0.0,0.0,0.0,0,none,0,1,0,overconfident,0.95,0,mild_drift,0.9558292269864404,0.001345158929978625,0.7806461447669705,0.8520970397322447,1768220036.631176,0.8367640376091003,0.033607009798288345
200,12800,12799,sine_abrupt4,sine,ts_drift_adapt,5,"error_divergence_ph_meta@error.threshold=0.10,error.min_instances=5",error_divergence_ph_meta,"{""divergence"": {""alpha"": 0.1, ""delta"": 0.005, ""min_instances"": 30, ""threshold"": 0.05}, ""error_rate"": {""alpha"": 0.15, ""delta"": 0.005, ""min_instances"": 5, ""threshold"": 0.1}}","{""error_rate"": {""min_instances"": 5, ""threshold"": 0.1}}",0.1,0.005,0.15,5,0.05,0.005,0.1,30,,,,-1,two_stage,2,0.5,"__confirm_cooldown=200,__confirm_rule=perm_test,__perm_alpha=0.01,__perm_min_effect=0,__perm_n_perm=200,__perm_post_n=10,__perm_pre_n=500,__perm_rng_seed=0,__perm_stat=vote_score,divergence=0.3,error_rate=0.5,teacher_entropy=0.2",3,0,200,0.0,0,10000,10.0,25.0,200,500,0,0,1.0,0.775703125,0.5520826314716363,0.3333333333333333,0.635414719581604,0.005272511392831802,0,0,32,31,-1,perm_test,0.004975124378109453,0.42421152498667125,31,31,0,0.0,0.16666666666666669,0,0.0,0.0,0.0,0.0,0,none,0,1,0,overconfident,0.95,0,mild_drift,0.9580646134932201,0.0013225794649893126,0.7903230723834853,0.8535485198661223,1768220036.640044,0.8108701109886169,0.021588696166872978
201,12864,12863,sine_abrupt4,sine,ts_drift_adapt,5,"error_divergence_ph_meta@error.threshold=0.10,error.min_instances=5",error_divergence_ph_meta,"{""divergence"": {""alpha"": 0.1, ""delta"": 0.005, ""min_instances"": 30, ""threshold"": 0.05}, ""error_rate"": {""alpha"": 0.15, ""delta"": 0.005, ""min_instances"": 5, ""threshold"": 0.1}}","{""error_rate"": {""min_instances"": 5, ""threshold"": 0.1}}",0.1,0.005,0.15,5,0.05,0.005,0.1,30,,,,-1,two_stage,2,0.5,"__confirm_cooldown=200,__confirm_rule=perm_test,__perm_alpha=0.01,__perm_min_effect=0,__perm_n_perm=200,__perm_post_n=10,__perm_pre_n=500,__perm_rng_seed=0,__perm_stat=vote_score,divergence=0.3,error_rate=0.5,teacher_entropy=0.2",3,0,200,0.0,0,10000,10.0,25.0,200,500,0,0,1.0,0.7746424129353234,0.5500624437106555,0.3333333333333333,0.6449315547943115,0.005756881553679705,1,1,33,32,0,perm_test,0.004975124378109453,0.4368739980645928,32,32,0,0.16666666666666666,0.0004843701608479023,1,0.5,0.0,0.0,0.0,0,none,1,1,0,overconfident,0.95,0,severe_drift,0.92453230674661,0.0016612897324946563,0.6451615361917427,0.8317742599330612,1768220036.6554818,0.7443355917930603,0.023545952513813972
202,12928,12927,sine_abrupt4,sine,ts_drift_adapt,5,"error_divergence_ph_meta@error.threshold=0.10,error.min_instances=5",error_divergence_ph_meta,"{""divergence"": {""alpha"": 0.1, ""delta"": 0.005, ""min_instances"": 30, ""threshold"": 0.05}, ""error_rate"": {""alpha"": 0.15, ""delta"": 0.005, ""min_instances"": 5, ""threshold"": 0.1}}","{""error_rate"": {""min_instances"": 5, ""threshold"": 0.1}}",0.1,0.005,0.15,5,0.05,0.005,0.1,30,,,,-1,two_stage,2,0.5,"__confirm_cooldown=200,__confirm_rule=perm_test,__perm_alpha=0.01,__perm_min_effect=0,__perm_n_perm=200,__perm_post_n=10,__perm_pre_n=500,__perm_rng_seed=0,__perm_stat=vote_score,divergence=0.3,error_rate=0.5,teacher_entropy=0.2",3,0,200,0.0,0,10000,10.0,25.0,200,500,1,136,1.0,0.7730507425742574,0.5469976175389492,0.6666666666666666,0.6259840726852417,0.0037874861154705286,0,0,33,32,-1,perm_test,0.004975124378109453,0.4368739980645928,32,32,0,0.0,0.3333333333333333,0,0.0,0.0,0.0,0.0,0,none,0,1,0,overconfident,0.95,0,mild_drift,0.942416153373305,0.0014806448662473284,0.7225807680958714,0.8433871299665305,1768220036.6642423,1.0026829242706299,0.015486293472349644
203,12992,12991,sine_abrupt4,sine,ts_drift_adapt,5,"error_divergence_ph_meta@error.threshold=0.10,error.min_instances=5",error_divergence_ph_meta,"{""divergence"": {""alpha"": 0.1, ""delta"": 0.005, ""min_instances"": 30, ""threshold"": 0.05}, ""error_rate"": {""alpha"": 0.15, ""delta"": 0.005, ""min_instances"": 5, ""threshold"": 0.1}}","{""error_rate"": {""min_instances"": 5, ""threshold"": 0.1}}",0.1,0.005,0.15,5,0.05,0.005,0.1,30,,,,-1,two_stage,2,0.5,"__confirm_cooldown=200,__confirm_rule=perm_test,__perm_alpha=0.01,__perm_min_effect=0,__perm_n_perm=200,__perm_post_n=10,__perm_pre_n=500,__perm_rng_seed=0,__perm_stat=vote_score,divergence=0.3,error_rate=0.5,teacher_entropy=0.2",3,0,200,0.0,0,10000,10.0,25.0,200,500,1,72,1.0,0.7717056650246306,0.5444170281605843,0.16666666666666666,0.6338241696357727,0.0035921121016144753,0,0,33,32,-1,perm_test,0.004975124378109453,0.4368739980645928,32,32,0,0.0,0.5,0,0.0,0.0,0.0,0.0,0,none,0,1,0,overconfident,0.95,0,mild_drift,0.9513580766866525,0.0013903224331236644,0.7612903840479357,0.8491935649832653,1768220036.6728752,0.5585556030273438,0.01467601303011179
204,13056,13055,sine_abrupt4,sine,ts_drift_adapt,5,"error_divergence_ph_meta@error.threshold=0.10,error.min_instances=5",error_divergence_ph_meta,"{""divergence"": {""alpha"": 0.1, ""delta"": 0.005, ""min_instances"": 30, ""threshold"": 0.05}, ""error_rate"": {""alpha"": 0.15, ""delta"": 0.005, ""min_instances"": 5, ""threshold"": 0.1}}","{""error_rate"": {""min_instances"": 5, ""threshold"": 0.1}}",0.1,0.005,0.15,5,0.05,0.005,0.1,30,,,,-1,two_stage,2,0.5,"__confirm_cooldown=200,__confirm_rule=perm_test,__perm_alpha=0.01,__perm_min_effect=0,__perm_n_perm=200,__perm_post_n=10,__perm_pre_n=500,__perm_rng_seed=0,__perm_stat=vote_score,divergence=0.3,error_rate=0.5,teacher_entropy=0.2",3,0,200,0.0,0,10000,10.0,25.0,200,500,1,8,1.0,0.770297181372549,0.5417124116090668,0.6666666666666666,0.6330949664115906,0.0038067323621362448,0,0,33,32,-1,perm_test,0.004975124378109453,0.4368739980645928,32,32,0,0.0,0.5,0,0.0,0.0,0.0,0.0,0,none,0,1,0,overconfident,0.95,0,mild_drift,0.9558290383433262,0.0013451612165618324,0.7806451920239679,0.8520967824916326,1768220036.6814728,0.9897721409797668,0.015530102886259556
205,13120,13119,sine_abrupt4,sine,ts_drift_adapt,5,"error_divergence_ph_meta@error.threshold=0.10,error.min_instances=5",error_divergence_ph_meta,"{""divergence"": {""alpha"": 0.1, ""delta"": 0.005, ""min_instances"": 30, ""threshold"": 0.05}, ""error_rate"": {""alpha"": 0.15, ""delta"": 0.005, ""min_instances"": 5, ""threshold"": 0.1}}","{""error_rate"": {""min_instances"": 5, ""threshold"": 0.1}}",0.1,0.005,0.15,5,0.05,0.005,0.1,30,,,,-1,two_stage,2,0.5,"__confirm_cooldown=200,__confirm_rule=perm_test,__perm_alpha=0.01,__perm_min_effect=0,__perm_n_perm=200,__perm_post_n=10,__perm_pre_n=500,__perm_rng_seed=0,__perm_stat=vote_score,divergence=0.3,error_rate=0.5,teacher_entropy=0.2",3,0,200,0.0,0,10000,10.0,25.0,200,500,0,0,1.0,0.7685213414634147,0.538293467141968,0.6666666666666666,0.6267768144607544,0.0028238350059837103,0,0,33,32,-1,perm_test,0.004975124378109453,0.4368739980645928,32,32,0,0.0,0.0009828973561525345,0,0.0,0.0,0.0,0.0,0,none,0,1,0,overconfident,0.95,0,mild_drift,0.958064519171663,0.0013225806082809164,0.790322596011984,0.8535483912458163,1768220036.6901877,1.0394361019134521,0.0113823926076293
206,13184,13183,sine_abrupt4,sine,ts_drift_adapt,5,"error_divergence_ph_meta@error.threshold=0.10,error.min_instances=5",error_divergence_ph_meta,"{""divergence"": {""alpha"": 0.1, ""delta"": 0.005, ""min_instances"": 30, ""threshold"": 0.05}, ""error_rate"": {""alpha"": 0.15, ""delta"": 0.005, ""min_instances"": 5, ""threshold"": 0.1}}","{""error_rate"": {""min_instances"": 5, ""threshold"": 0.1}}",0.1,0.005,0.15,5,0.05,0.005,0.1,30,,,,-1,two_stage,2,0.5,"__confirm_cooldown=200,__confirm_rule=perm_test,__perm_alpha=0.01,__perm_min_effect=0,__perm_n_perm=200,__perm_post_n=10,__perm_pre_n=500,__perm_rng_seed=0,__perm_stat=vote_score,divergence=0.3,error_rate=0.5,teacher_entropy=0.2",3,0,200,0.0,0,10000,10.0,25.0,200,500,0,0,1.0,0.767066140776699,0.5355011563809382,0.8333333333333334,0.6341274976730347,0.0023541548289358616,1,1,34,33,0,perm_test,0.004975124378109453,0.4628750308061189,33,33,0,0.5,0.16666666666666674,1,0.5,0.0,0.0,0.0,0,none,1,1,0,overconfident,0.95,0,severe_drift,0.9245322595858315,0.0016612903041404582,0.645161298005992,0.8317741956229081,1768220036.7056017,1.1239770650863647,0.009504980407655239
207,13248,13247,sine_abrupt4,sine,ts_drift_adapt,5,"error_divergence_ph_meta@error.threshold=0.10,error.min_instances=5",error_divergence_ph_meta,"{""divergence"": {""alpha"": 0.1, ""delta"": 0.005, ""min_instances"": 30, ""threshold"": 0.05}, ""error_rate"": {""alpha"": 0.15, ""delta"": 0.005, ""min_instances"": 5, ""threshold"": 0.1}}","{""error_rate"": {""min_instances"": 5, ""threshold"": 0.1}}",0.1,0.005,0.15,5,0.05,0.005,0.1,30,,,,-1,two_stage,2,0.5,"__confirm_cooldown=200,__confirm_rule=perm_test,__perm_alpha=0.01,__perm_min_effect=0,__perm_n_perm=200,__perm_post_n=10,__perm_pre_n=500,__perm_rng_seed=0,__perm_stat=vote_score,divergence=0.3,error_rate=0.5,teacher_entropy=0.2",3,0,200,0.0,0,10000,10.0,25.0,200,500,1,136,1.0,0.7660024154589372,0.5334679662725766,0.5,0.6498391628265381,0.0017458985093981028,0,0,34,33,-1,perm_test,0.004975124378109453,0.4628750308061189,33,33,0,0.0,0.33333333333333337,0,0.0,0.0,0.0,0.0,0,none,0,1,0,overconfident,0.95,0,mild_drift,0.9424161297929157,0.0014806451520702293,0.722580649002996,0.843387097811454,1768220036.7142565,0.806330680847168,0.007058792747557163
208,13312,13311,sine_abrupt4,sine,ts_drift_adapt,5,"error_divergence_ph_meta@error.threshold=0.10,error.min_instances=5",error_divergence_ph_meta,"{""divergence"": {""alpha"": 0.1, ""delta"": 0.005, ""min_instances"": 30, ""threshold"": 0.05}, ""error_rate"": {""alpha"": 0.15, ""delta"": 0.005, ""min_instances"": 5, ""threshold"": 0.1}}","{""error_rate"": {""min_instances"": 5, ""threshold"": 0.1}}",0.1,0.005,0.15,5,0.05,0.005,0.1,30,,,,-1,two_stage,2,0.5,"__confirm_cooldown=200,__confirm_rule=perm_test,__perm_alpha=0.01,__perm_min_effect=0,__perm_n_perm=200,__perm_post_n=10,__perm_pre_n=500,__perm_rng_seed=0,__perm_stat=vote_score,divergence=0.3,error_rate=0.5,teacher_entropy=0.2",3,0,200,0.0,0,10000,10.0,25.0,200,500,1,72,1.0,0.7653245192307693,0.5321775018741389,0.3333333333333333,0.6510695815086365,0.001354118576273322,0,0,34,33,-1,perm_test,0.004975124378109453,0.4628750308061189,33,33,0,0.0,0.16666666666666669,0,0.0,0.0,0.0,0.0,0,none,0,1,0,overconfident,0.95,0,mild_drift,0.9513580648964578,0.0013903225760351148,0.761290324501498,0.849193548905727,1768220036.7228212,0.7417218685150146,0.005435709375888109
209,13376,13375,sine_abrupt4,sine,ts_drift_adapt,5,"error_divergence_ph_meta@error.threshold=0.10,error.min_instances=5",error_divergence_ph_meta,"{""divergence"": {""alpha"": 0.1, ""delta"": 0.005, ""min_instances"": 30, ""threshold"": 0.05}, ""error_rate"": {""alpha"": 0.15, ""delta"": 0.005, ""min_instances"": 5, ""threshold"": 0.1}}","{""error_rate"": {""min_instances"": 5, ""threshold"": 0.1}}",0.1,0.005,0.15,5,0.05,0.005,0.1,30,,,,-1,two_stage,2,0.5,"__confirm_cooldown=200,__confirm_rule=perm_test,__perm_alpha=0.01,__perm_min_effect=0,__perm_n_perm=200,__perm_post_n=10,__perm_pre_n=500,__perm_rng_seed=0,__perm_stat=vote_score,divergence=0.3,error_rate=0.5,teacher_entropy=0.2",3,0,200,0.0,0,10000,10.0,25.0,200,500,1,8,1.0,0.7640550239234449,0.5297414787993722,0.5,0.6328275799751282,0.0016509885899722576,0,0,34,33,-1,perm_test,0.004975124378109453,0.4628750308061189,33,33,0,0.0,0.16666666666666669,0,0.0,0.0,0.0,0.0,0,none,0,1,0,overconfident,0.95,0,mild_drift,0.9558290324482288,0.0013451612880175574,0.7806451622507491,0.8520967744528635,1768220036.7313406,0.8077160716056824,0.006491758860647678
210,13440,13439,sine_abrupt4,sine,ts_drift_adapt,5,"error_divergence_ph_meta@error.threshold=0.10,error.min_instances=5",error_divergence_ph_meta,"{""divergence"": {""alpha"": 0.1, ""delta"": 0.005, ""min_instances"": 30, ""threshold"": 0.05}, ""error_rate"": {""alpha"": 0.15, ""delta"": 0.005, ""min_instances"": 5, ""threshold"": 0.1}}","{""error_rate"": {""min_instances"": 5, ""threshold"": 0.1}}",0.1,0.005,0.15,5,0.05,0.005,0.1,30,,,,-1,two_stage,2,0.5,"__confirm_cooldown=200,__confirm_rule=perm_test,__perm_alpha=0.01,__perm_min_effect=0,__perm_n_perm=200,__perm_post_n=10,__perm_pre_n=500,__perm_rng_seed=0,__perm_stat=vote_score,divergence=0.3,error_rate=0.5,teacher_entropy=0.2",3,0,200,0.0,0,10000,10.0,25.0,200,500,0,0,1.0,0.7628720238095238,0.5274716206824275,0.6666666666666666,0.6432346105575562,0.0014448233414441347,0,0,34,33,-1,perm_test,0.004975124378109453,0.4628750308061189,33,33,0,0.0,0.16666666666666663,0,0.0,0.0,0.0,0.0,0,none,0,1,0,overconfident,0.95,0,mild_drift,0.9580645162241144,0.0013225806440087789,0.7903225811253746,0.8535483872264318,1768220036.739953,0.9236581921577454,0.005695038475096226
211,13504,13503,sine_abrupt4,sine,ts_drift_adapt,5,"error_divergence_ph_meta@error.threshold=0.10,error.min_instances=5",error_divergence_ph_meta,"{""divergence"": {""alpha"": 0.1, ""delta"": 0.005, ""min_instances"": 30, ""threshold"": 0.05}, ""error_rate"": {""alpha"": 0.15, ""delta"": 0.005, ""min_instances"": 5, ""threshold"": 0.1}}","{""error_rate"": {""min_instances"": 5, ""threshold"": 0.1}}",0.1,0.005,0.15,5,0.05,0.005,0.1,30,,,,-1,two_stage,2,0.5,"__confirm_cooldown=200,__confirm_rule=perm_test,__perm_alpha=0.01,__perm_min_effect=0,__perm_n_perm=200,__perm_post_n=10,__perm_pre_n=500,__perm_rng_seed=0,__perm_stat=vote_score,divergence=0.3,error_rate=0.5,teacher_entropy=0.2",3,0,200,0.0,0,10000,10.0,25.0,200,500,0,0,1.0,0.7619964454976303,0.5257903098585246,0.8333333333333334,0.6492888927459717,0.00199091131798923,1,1,35,34,0,perm_test,0.004975124378109453,0.4481554219047608,34,34,0,0.0,0.16666666666666674,1,0.5,0.0,0.0,0.0,0,none,1,1,0,overconfident,0.95,0,stable,0.9740322581120572,0.0010612903220043894,0.8951612905626873,0.8992741936132159,1768220036.7551732,0.9332699179649353,0.007818443700671196
212,13568,13567,sine_abrupt4,sine,ts_drift_adapt,5,"error_divergence_ph_meta@error.threshold=0.10,error.min_instances=5",error_divergence_ph_meta,"{""divergence"": {""alpha"": 0.1, ""delta"": 0.005, ""min_instances"": 30, ""threshold"": 0.05}, ""error_rate"": {""alpha"": 0.15, ""delta"": 0.005, ""min_instances"": 5, ""threshold"": 0.1}}","{""error_rate"": {""min_instances"": 5, ""threshold"": 0.1}}",0.1,0.005,0.15,5,0.05,0.005,0.1,30,,,,-1,two_stage,2,0.5,"__confirm_cooldown=200,__confirm_rule=perm_test,__perm_alpha=0.01,__perm_min_effect=0,__perm_n_perm=200,__perm_post_n=10,__perm_pre_n=500,__perm_rng_seed=0,__perm_stat=vote_score,divergence=0.3,error_rate=0.5,teacher_entropy=0.2",3,0,200,0.0,0,10000,10.0,25.0,200,500,1,136,1.0,0.7608343160377359,0.5235576036978065,0.16666666666666666,0.640221118927002,0.003069908358156681,0,0,35,34,-1,perm_test,0.004975124378109453,0.4481554219047608,34,34,0,0.0,0.6666666666666667,0,0.0,0.0,0.0,0.0,0,none,0,1,0,overconfident,0.95,0,mild_drift,0.9671661290560285,0.0011806451610021948,0.8475806452813437,0.8771370968066079,1768220036.7637036,0.6476268172264099,0.011988935992121696
213,13632,13631,sine_abrupt4,sine,ts_drift_adapt,5,"error_divergence_ph_meta@error.threshold=0.10,error.min_instances=5",error_divergence_ph_meta,"{""divergence"": {""alpha"": 0.1, ""delta"": 0.005, ""min_instances"": 30, ""threshold"": 0.05}, ""error_rate"": {""alpha"": 0.15, ""delta"": 0.005, ""min_instances"": 5, ""threshold"": 0.1}}","{""error_rate"": {""min_instances"": 5, ""threshold"": 0.1}}",0.1,0.005,0.15,5,0.05,0.005,0.1,30,,,,-1,two_stage,2,0.5,"__confirm_cooldown=200,__confirm_rule=perm_test,__perm_alpha=0.01,__perm_min_effect=0,__perm_n_perm=200,__perm_post_n=10,__perm_pre_n=500,__perm_rng_seed=0,__perm_stat=vote_score,divergence=0.3,error_rate=0.5,teacher_entropy=0.2",3,0,200,0.0,0,10000,10.0,25.0,200,500,1,72,1.0,0.7599031690140845,0.5217648661309281,0.5,0.6483129858970642,0.0034071614500135183,0,0,35,34,-1,perm_test,0.004975124378109453,0.4481554219047608,34,34,0,0.0,0.33333333333333337,0,0.0,0.0,0.0,0.0,0,none,0,1,0,overconfident,0.95,0,mild_drift,0.9637330645280142,0.0012403225805010976,0.8237903226406719,0.8660685484033039,1768220036.772331,0.7536670565605164,0.01335908006876707
214,13696,13695,sine_abrupt4,sine,ts_drift_adapt,5,"error_divergence_ph_meta@error.threshold=0.10,error.min_instances=5",error_divergence_ph_meta,"{""divergence"": {""alpha"": 0.1, ""delta"": 0.005, ""min_instances"": 30, ""threshold"": 0.05}, ""error_rate"": {""alpha"": 0.15, ""delta"": 0.005, ""min_instances"": 5, ""threshold"": 0.1}}","{""error_rate"": {""min_instances"": 5, ""threshold"": 0.1}}",0.1,0.005,0.15,5,0.05,0.005,0.1,30,,,,-1,two_stage,2,0.5,"__confirm_cooldown=200,__confirm_rule=perm_test,__perm_alpha=0.01,__perm_min_effect=0,__perm_n_perm=200,__perm_post_n=10,__perm_pre_n=500,__perm_rng_seed=0,__perm_stat=vote_score,divergence=0.3,error_rate=0.5,teacher_entropy=0.2",3,0,200,0.0,0,10000,10.0,25.0,200,500,1,8,1.0,0.7589807242990654,0.5199860700869982,0.3333333333333333,0.6551691889762878,0.0036477718967944384,0,0,35,34,-1,perm_test,0.004975124378109453,0.4481554219047608,34,34,0,0.0,0.16666666666666669,0,0.0,0.0,0.0,0.0,0,none,0,1,0,overconfident,0.95,0,mild_drift,0.9620165322640071,0.001270161290250549,0.811895161320336,0.860534274201652,1768220036.7809865,0.7038547992706299,0.014331378042697906
215,13760,13759,sine_abrupt4,sine,ts_drift_adapt,5,"error_divergence_ph_meta@error.threshold=0.10,error.min_instances=5",error_divergence_ph_meta,"{""divergence"": {""alpha"": 0.1, ""delta"": 0.005, ""min_instances"": 30, ""threshold"": 0.05}, ""error_rate"": {""alpha"": 0.15, ""delta"": 0.005, ""min_instances"": 5, ""threshold"": 0.1}}","{""error_rate"": {""min_instances"": 5, ""threshold"": 0.1}}",0.1,0.005,0.15,5,0.05,0.005,0.1,30,,,,-1,two_stage,2,0.5,"__confirm_cooldown=200,__confirm_rule=perm_test,__perm_alpha=0.01,__perm_min_effect=0,__perm_n_perm=200,__perm_post_n=10,__perm_pre_n=500,__perm_rng_seed=0,__perm_stat=vote_score,divergence=0.3,error_rate=0.5,teacher_entropy=0.2",3,0,200,0.0,0,10000,10.0,25.0,200,500,0,0,1.0,0.7582122093023256,0.5184969374064697,0.3333333333333333,0.653885006904602,0.003990855533629656,0,0,35,34,-1,perm_test,0.004975124378109453,0.4481554219047608,34,34,0,0.0,0.0003430836368352175,0,0.0,0.0,0.0,0.0,0,none,0,1,0,overconfident,0.95,0,mild_drift,0.9611582661320035,0.0012850806451252745,0.805947580660168,0.857767137100826,1768220036.7898612,0.6784765124320984,0.015661096200346947
216,13824,13823,sine_abrupt4,sine,ts_drift_adapt,5,"error_divergence_ph_meta@error.threshold=0.10,error.min_instances=5",error_divergence_ph_meta,"{""divergence"": {""alpha"": 0.1, ""delta"": 0.005, ""min_instances"": 30, ""threshold"": 0.05}, ""error_rate"": {""alpha"": 0.15, ""delta"": 0.005, ""min_instances"": 5, ""threshold"": 0.1}}","{""error_rate"": {""min_instances"": 5, ""threshold"": 0.1}}",0.1,0.005,0.15,5,0.05,0.005,0.1,30,,,,-1,two_stage,2,0.5,"__confirm_cooldown=200,__confirm_rule=perm_test,__perm_alpha=0.01,__perm_min_effect=0,__perm_n_perm=200,__perm_post_n=10,__perm_pre_n=500,__perm_rng_seed=0,__perm_stat=vote_score,divergence=0.3,error_rate=0.5,teacher_entropy=0.2",3,0,200,0.0,0,10000,10.0,25.0,200,500,0,0,1.0,0.7573784722222222,0.516860416989519,0.3333333333333333,0.654972493648529,0.004252300132066011,1,1,36,35,0,perm_test,0.004975124378109453,0.4279084663743776,35,35,0,0.5,0.0002614445984363556,1,0.5,0.0,0.0,0.0,0,none,1,1,0,overconfident,0.95,0,severe_drift,0.9260791330660018,0.0016425403225626372,0.6529737903300841,0.833883568550413,1768220036.8048432,0.6961028575897217,0.016690226271748543
217,13888,13887,sine_abrupt4,sine,ts_drift_adapt,5,"error_divergence_ph_meta@error.threshold=0.10,error.min_instances=5",error_divergence_ph_meta,"{""divergence"": {""alpha"": 0.1, ""delta"": 0.005, ""min_instances"": 30, ""threshold"": 0.05}, ""error_rate"": {""alpha"": 0.15, ""delta"": 0.005, ""min_instances"": 5, ""threshold"": 0.1}}","{""error_rate"": {""min_instances"": 5, ""threshold"": 0.1}}",0.1,0.005,0.15,5,0.05,0.005,0.1,30,,,,-1,two_stage,2,0.5,"__confirm_cooldown=200,__confirm_rule=perm_test,__perm_alpha=0.01,__perm_min_effect=0,__perm_n_perm=200,__perm_post_n=10,__perm_pre_n=500,__perm_rng_seed=0,__perm_stat=vote_score,divergence=0.3,error_rate=0.5,teacher_entropy=0.2",3,0,200,0.0,0,10000,10.0,25.0,200,500,1,136,1.0,0.7559763824884793,0.5141563301878309,0.3333333333333333,0.6507266759872437,0.005343163851648569,0,0,36,35,-1,perm_test,0.004975124378109453,0.4279084663743776,35,35,0,0.0,0.0010908637195825577,0,0.0,0.0,0.0,0.0,0,none,0,1,0,overconfident,0.95,0,mild_drift,0.9431895665330008,0.0014712701612813188,0.7264868951650421,0.8444417842752066,1768220036.8134713,0.6826621890068054,0.020961863920092583
218,13952,13951,sine_abrupt4,sine,ts_drift_adapt,5,"error_divergence_ph_meta@error.threshold=0.10,error.min_instances=5",error_divergence_ph_meta,"{""divergence"": {""alpha"": 0.1, ""delta"": 0.005, ""min_instances"": 30, ""threshold"": 0.05}, ""error_rate"": {""alpha"": 0.15, ""delta"": 0.005, ""min_instances"": 5, ""threshold"": 0.1}}","{""error_rate"": {""min_instances"": 5, ""threshold"": 0.1}}",0.1,0.005,0.15,5,0.05,0.005,0.1,30,,,,-1,two_stage,2,0.5,"__confirm_cooldown=200,__confirm_rule=perm_test,__perm_alpha=0.01,__perm_min_effect=0,__perm_n_perm=200,__perm_post_n=10,__perm_pre_n=500,__perm_rng_seed=0,__perm_stat=vote_score,divergence=0.3,error_rate=0.5,teacher_entropy=0.2",3,0,200,0.0,0,10000,10.0,25.0,200,500,1,72,1.0,0.7551605504587156,0.5125696702234329,0.5,0.660080075263977,0.0041333450935781,0,0,36,35,-1,perm_test,0.004975124378109453,0.4279084663743776,35,35,0,0.0,0.16666666666666669,0,0.0,0.0,0.0,0.0,0,none,0,1,0,overconfident,0.95,0,mild_drift,0.9517447832665004,0.0013856350806406596,0.763243447582521,0.8497208921376033,1768220036.8218088,0.7098110318183899,0.01630529575049877
219,14016,14015,sine_abrupt4,sine,ts_drift_adapt,5,"error_divergence_ph_meta@error.threshold=0.10,error.min_instances=5",error_divergence_ph_meta,"{""divergence"": {""alpha"": 0.1, ""delta"": 0.005, ""min_instances"": 30, ""threshold"": 0.05}, ""error_rate"": {""alpha"": 0.15, ""delta"": 0.005, ""min_instances"": 5, ""threshold"": 0.1}}","{""error_rate"": {""min_instances"": 5, ""threshold"": 0.1}}",0.1,0.005,0.15,5,0.05,0.005,0.1,30,,,,-1,two_stage,2,0.5,"__confirm_cooldown=200,__confirm_rule=perm_test,__perm_alpha=0.01,__perm_min_effect=0,__perm_n_perm=200,__perm_post_n=10,__perm_pre_n=500,__perm_rng_seed=0,__perm_stat=vote_score,divergence=0.3,error_rate=0.5,teacher_entropy=0.2",3,0,200,0.0,0,10000,10.0,25.0,200,500,1,8,1.0,0.753638698630137,0.5096418009311338,0.5,0.6570643186569214,0.004535996355116367,0,0,36,35,-1,perm_test,0.004975124378109453,0.4279084663743776,35,35,0,0.0,0.00040265126153826714,0,0.0,0.0,0.0,0.0,0,none,0,1,0,overconfident,0.95,0,mild_drift,0.9560223916332502,0.0013428175403203298,0.7816217237912606,0.8523604460688017,1768220036.830351,0.7215782999992371,0.017878536134958267
220,14080,14079,sine_abrupt4,sine,ts_drift_adapt,5,"error_divergence_ph_meta@error.threshold=0.10,error.min_instances=5",error_divergence_ph_meta,"{""divergence"": {""alpha"": 0.1, ""delta"": 0.005, ""min_instances"": 30, ""threshold"": 0.05}, ""error_rate"": {""alpha"": 0.15, ""delta"": 0.005, ""min_instances"": 5, ""threshold"": 0.1}}","{""error_rate"": {""min_instances"": 5, ""threshold"": 0.1}}",0.1,0.005,0.15,5,0.05,0.005,0.1,30,,,,-1,two_stage,2,0.5,"__confirm_cooldown=200,__confirm_rule=perm_test,__perm_alpha=0.01,__perm_min_effect=0,__perm_n_perm=200,__perm_post_n=10,__perm_pre_n=500,__perm_rng_seed=0,__perm_stat=vote_score,divergence=0.3,error_rate=0.5,teacher_entropy=0.2",3,0,200,0.0,0,10000,10.0,25.0,200,500,0,0,1.0,0.7526988636363636,0.5078029696331373,0.8333333333333334,0.6652228236198425,0.003639590460807085,0,0,36,35,-1,perm_test,0.004975124378109453,0.4279084663743776,35,35,0,0.0,0.33333333333333337,0,0.0,0.0,0.0,0.0,0,none,0,1,0,overconfident,0.95,0,mild_drift,0.9581611958166251,0.0013214087701601649,0.7908108618956303,0.8536802230344008,1768220036.838984,0.7749715447425842,0.014343389309942722
221,14144,14143,sine_abrupt4,sine,ts_drift_adapt,5,"error_divergence_ph_meta@error.threshold=0.10,error.min_instances=5",error_divergence_ph_meta,"{""divergence"": {""alpha"": 0.1, ""delta"": 0.005, ""min_instances"": 30, ""threshold"": 0.05}, ""error_rate"": {""alpha"": 0.15, ""delta"": 0.005, ""min_instances"": 5, ""threshold"": 0.1}}","{""error_rate"": {""min_instances"": 5, ""threshold"": 0.1}}",0.1,0.005,0.15,5,0.05,0.005,0.1,30,,,,-1,two_stage,2,0.5,"__confirm_cooldown=200,__confirm_rule=perm_test,__perm_alpha=0.01,__perm_min_effect=0,__perm_n_perm=200,__perm_post_n=10,__perm_pre_n=500,__perm_rng_seed=0,__perm_stat=vote_score,divergence=0.3,error_rate=0.5,teacher_entropy=0.2",3,0,200,0.0,0,10000,10.0,25.0,200,500,0,0,1.0,0.7512726244343891,0.5050352549013241,0.5,0.6655604839324951,0.0033267780672758818,1,1,37,36,0,perm_test,0.004975124378109453,0.4153846457004015,36,36,0,0.16666666666666669,0.33333333333333337,1,0.5,0.0,0.0,0.0,0,none,1,1,0,overconfident,0.95,0,severe_drift,0.9245805979083126,0.0016607043850800824,0.6454054309478152,0.8318401115172005,1768220036.8539288,0.6949582099914551,0.013151799328625202
222,14208,14207,sine_abrupt4,sine,ts_drift_adapt,5,"error_divergence_ph_meta@error.threshold=0.10,error.min_instances=5",error_divergence_ph_meta,"{""divergence"": {""alpha"": 0.1, ""delta"": 0.005, ""min_instances"": 30, ""threshold"": 0.05}, ""error_rate"": {""alpha"": 0.15, ""delta"": 0.005, ""min_instances"": 5, ""threshold"": 0.1}}","{""error_rate"": {""min_instances"": 5, ""threshold"": 0.1}}",0.1,0.005,0.15,5,0.05,0.005,0.1,30,,,,-1,two_stage,2,0.5,"__confirm_cooldown=200,__confirm_rule=perm_test,__perm_alpha=0.01,__perm_min_effect=0,__perm_n_perm=200,__perm_post_n=10,__perm_pre_n=500,__perm_rng_seed=0,__perm_stat=vote_score,divergence=0.3,error_rate=0.5,teacher_entropy=0.2",3,0,200,0.0,0,10000,10.0,25.0,200,500,1,136,1.0,0.7502111486486487,0.5029617155018262,0.3333333333333333,0.6652661561965942,0.003997482359409332,0,0,37,36,-1,perm_test,0.004975124378109453,0.4153846457004015,36,36,0,0.0,0.16666666666666669,0,0.0,0.0,0.0,0.0,0,none,0,1,0,overconfident,0.95,0,mild_drift,0.9424402989541563,0.0014803521925400413,0.7227027154739076,0.8434200557586002,1768220036.8624606,0.6916718482971191,0.01579221896827221
223,14272,14271,sine_abrupt4,sine,ts_drift_adapt,5,"error_divergence_ph_meta@error.threshold=0.10,error.min_instances=5",error_divergence_ph_meta,"{""divergence"": {""alpha"": 0.1, ""delta"": 0.005, ""min_instances"": 30, ""threshold"": 0.05}, ""error_rate"": {""alpha"": 0.15, ""delta"": 0.005, ""min_instances"": 5, ""threshold"": 0.1}}","{""error_rate"": {""min_instances"": 5, ""threshold"": 0.1}}",0.1,0.005,0.15,5,0.05,0.005,0.1,30,,,,-1,two_stage,2,0.5,"__confirm_cooldown=200,__confirm_rule=perm_test,__perm_alpha=0.01,__perm_min_effect=0,__perm_n_perm=200,__perm_post_n=10,__perm_pre_n=500,__perm_rng_seed=0,__perm_stat=vote_score,divergence=0.3,error_rate=0.5,teacher_entropy=0.2",3,0,200,0.0,0,10000,10.0,25.0,200,500,1,72,1.0,0.7495095291479821,0.5015576421374094,0.5,0.6734133958816528,0.0025106908287853003,0,0,37,36,-1,perm_test,0.004975124378109453,0.4153846457004015,36,36,0,0.0,0.16666666666666669,0,0.0,0.0,0.0,0.0,0,none,0,1,0,overconfident,0.95,0,mild_drift,0.9513701494770781,0.0013901760962700207,0.7613513577369538,0.8492100278793001,1768220036.870832,0.7109857201576233,0.009941931813955307
224,14336,14335,sine_abrupt4,sine,ts_drift_adapt,5,"error_divergence_ph_meta@error.threshold=0.10,error.min_instances=5",error_divergence_ph_meta,"{""divergence"": {""alpha"": 0.1, ""delta"": 0.005, ""min_instances"": 30, ""threshold"": 0.05}, ""error_rate"": {""alpha"": 0.15, ""delta"": 0.005, ""min_instances"": 5, ""threshold"": 0.1}}","{""error_rate"": {""min_instances"": 5, ""threshold"": 0.1}}",0.1,0.005,0.15,5,0.05,0.005,0.1,30,,,,-1,two_stage,2,0.5,"__confirm_cooldown=200,__confirm_rule=perm_test,__perm_alpha=0.01,__perm_min_effect=0,__perm_n_perm=200,__perm_post_n=10,__perm_pre_n=500,__perm_rng_seed=0,__perm_stat=vote_score,divergence=0.3,error_rate=0.5,teacher_entropy=0.2",3,0,200,0.0,0,10000,10.0,25.0,200,500,1,8,1.0,0.7481166294642857,0.4988407776290819,0.3333333333333333,0.6682273745536804,0.003675638698041439,0,0,37,36,-1,perm_test,0.004975124378109453,0.4153846457004015,36,36,0,0.0,0.16666666666666669,0,0.0,0.0,0.0,0.0,0,none,0,1,0,overconfident,0.95,0,mild_drift,0.955835074738539,0.0013450880481350104,0.780675678868477,0.85210501393965,1768220036.879294,0.6940695643424988,0.014534992165863514
225,14400,14399,sine_abrupt4,sine,ts_drift_adapt,5,"error_divergence_ph_meta@error.threshold=0.10,error.min_instances=5",error_divergence_ph_meta,"{""divergence"": {""alpha"": 0.1, ""delta"": 0.005, ""min_instances"": 30, ""threshold"": 0.05}, ""error_rate"": {""alpha"": 0.15, ""delta"": 0.005, ""min_instances"": 5, ""threshold"": 0.1}}","{""error_rate"": {""min_instances"": 5, ""threshold"": 0.1}}",0.1,0.005,0.15,5,0.05,0.005,0.1,30,,,,-1,two_stage,2,0.5,"__confirm_cooldown=200,__confirm_rule=perm_test,__perm_alpha=0.01,__perm_min_effect=0,__perm_n_perm=200,__perm_post_n=10,__perm_pre_n=500,__perm_rng_seed=0,__perm_stat=vote_score,divergence=0.3,error_rate=0.5,teacher_entropy=0.2",3,0,200,0.0,0,10000,10.0,25.0,200,500,0,0,1.0,0.7466666666666667,0.49604349940320946,0.5,0.6669103503227234,0.0037447046488523483,0,0,37,36,-1,perm_test,0.004975124378109453,0.4153846457004015,36,36,0,0.0,0.16666666666666669,0,0.0,0.0,0.0,0.0,0,none,0,1,0,overconfident,0.95,0,mild_drift,0.9580675373692695,0.0013225440240675053,0.7903378394342385,0.853552506969825,1768220036.8879483,0.702570915222168,0.014807715080678463
226,14464,14463,sine_abrupt4,sine,ts_drift_adapt,5,"error_divergence_ph_meta@error.threshold=0.10,error.min_instances=5",error_divergence_ph_meta,"{""divergence"": {""alpha"": 0.1, ""delta"": 0.005, ""min_instances"": 30, ""threshold"": 0.05}, ""error_rate"": {""alpha"": 0.15, ""delta"": 0.005, ""min_instances"": 5, ""threshold"": 0.1}}","{""error_rate"": {""min_instances"": 5, ""threshold"": 0.1}}",0.1,0.005,0.15,5,0.05,0.005,0.1,30,,,,-1,two_stage,2,0.5,"__confirm_cooldown=200,__confirm_rule=perm_test,__perm_alpha=0.01,__perm_min_effect=0,__perm_n_perm=200,__perm_post_n=10,__perm_pre_n=500,__perm_rng_seed=0,__perm_stat=vote_score,divergence=0.3,error_rate=0.5,teacher_entropy=0.2",3,0,200,0.0,0,10000,10.0,25.0,200,500,0,0,1.0,0.7456443584070797,0.4940594524442248,0.5,0.6712099313735962,0.002825298113748431,1,1,38,37,0,perm_test,0.004975124378109453,0.4246577640961695,37,37,0,0.0,0.0009194065351039171,1,0.5,0.0,0.0,0.0,0,none,1,1,0,overconfident,0.95,0,stable,0.9740337686846348,0.0010612720120337527,0.8951689197171193,0.8992762534849126,1768220036.9029925,0.6961342692375183,0.011189025826752186
227,14528,14527,sine_abrupt4,sine,ts_drift_adapt,5,"error_divergence_ph_meta@error.threshold=0.10,error.min_instances=5",error_divergence_ph_meta,"{""divergence"": {""alpha"": 0.1, ""delta"": 0.005, ""min_instances"": 30, ""threshold"": 0.05}, ""error_rate"": {""alpha"": 0.15, ""delta"": 0.005, ""min_instances"": 5, ""threshold"": 0.1}}","{""error_rate"": {""min_instances"": 5, ""threshold"": 0.1}}",0.1,0.005,0.15,5,0.05,0.005,0.1,30,,,,-1,two_stage,2,0.5,"__confirm_cooldown=200,__confirm_rule=perm_test,__perm_alpha=0.01,__perm_min_effect=0,__perm_n_perm=200,__perm_post_n=10,__perm_pre_n=500,__perm_rng_seed=0,__perm_stat=vote_score,divergence=0.3,error_rate=0.5,teacher_entropy=0.2",3,0,200,0.0,0,10000,10.0,25.0,200,500,1,136,1.0,0.7452505506607929,0.4932412026267701,0.3333333333333333,0.67751544713974,0.0018572305561974645,0,0,38,37,-1,perm_test,0.004975124378109453,0.4246577640961695,37,37,0,0.0,0.16666666666666669,0,0.0,0.0,0.0,0.0,0,none,0,1,0,overconfident,0.95,0,mild_drift,0.9671668843423173,0.0011806360060168763,0.8475844598585597,0.8771381267424563,1768220036.9114761,0.675134003162384,0.007377174682915211
228,14592,14591,sine_abrupt4,sine,ts_drift_adapt,5,"error_divergence_ph_meta@error.threshold=0.10,error.min_instances=5",error_divergence_ph_meta,"{""divergence"": {""alpha"": 0.1, ""delta"": 0.005, ""min_instances"": 30, ""threshold"": 0.05}, ""error_rate"": {""alpha"": 0.15, ""delta"": 0.005, ""min_instances"": 5, ""threshold"": 0.1}}","{""error_rate"": {""min_instances"": 5, ""threshold"": 0.1}}",0.1,0.005,0.15,5,0.05,0.005,0.1,30,,,,-1,two_stage,2,0.5,"__confirm_cooldown=200,__confirm_rule=perm_test,__perm_alpha=0.01,__perm_min_effect=0,__perm_n_perm=200,__perm_post_n=10,__perm_pre_n=500,__perm_rng_seed=0,__perm_stat=vote_score,divergence=0.3,error_rate=0.5,teacher_entropy=0.2",3,0,200,0.0,0,10000,10.0,25.0,200,500,1,72,1.0,0.7440378289473685,0.490896615202759,0.3333333333333333,0.6754745244979858,0.0021552795078605413,0,0,38,37,-1,perm_test,0.004975124378109453,0.4246577640961695,37,37,0,0.0,0.0002980489516630769,0,0.0,0.0,0.0,0.0,0,none,0,1,0,overconfident,0.95,0,mild_drift,0.9637334421711586,0.0012403180030084384,0.8237922299292799,0.8660690633712281,1768220036.9200451,0.6667748093605042,0.00855332612991333
229,14656,14655,sine_abrupt4,sine,ts_drift_adapt,5,"error_divergence_ph_meta@error.threshold=0.10,error.min_instances=5",error_divergence_ph_meta,"{""divergence"": {""alpha"": 0.1, ""delta"": 0.005, ""min_instances"": 30, ""threshold"": 0.05}, ""error_rate"": {""alpha"": 0.15, ""delta"": 0.005, ""min_instances"": 5, ""threshold"": 0.1}}","{""error_rate"": {""min_instances"": 5, ""threshold"": 0.1}}",0.1,0.005,0.15,5,0.05,0.005,0.1,30,,,,-1,two_stage,2,0.5,"__confirm_cooldown=200,__confirm_rule=perm_test,__perm_alpha=0.01,__perm_min_effect=0,__perm_n_perm=200,__perm_post_n=10,__perm_pre_n=500,__perm_rng_seed=0,__perm_stat=vote_score,divergence=0.3,error_rate=0.5,teacher_entropy=0.2",3,0,200,0.0,0,10000,10.0,25.0,200,500,1,8,1.0,0.7432450873362445,0.48932521199977036,0.3333333333333333,0.6747020483016968,0.0019354461692273617,0,0,38,37,-1,perm_test,0.004975124378109453,0.4246577640961695,37,37,0,0.0,0.00021983333863317966,0,0.0,0.0,0.0,0.0,0,none,0,1,0,overconfident,0.95,0,mild_drift,0.9620167210855792,0.0012701590015042194,0.81189611496464,0.8605345316856141,1768220036.9281843,0.6723920702934265,0.007667922880500555
230,14720,14719,sine_abrupt4,sine,ts_drift_adapt,5,"error_divergence_ph_meta@error.threshold=0.10,error.min_instances=5",error_divergence_ph_meta,"{""divergence"": {""alpha"": 0.1, ""delta"": 0.005, ""min_instances"": 30, ""threshold"": 0.05}, ""error_rate"": {""alpha"": 0.15, ""delta"": 0.005, ""min_instances"": 5, ""threshold"": 0.1}}","{""error_rate"": {""min_instances"": 5, ""threshold"": 0.1}}",0.1,0.005,0.15,5,0.05,0.005,0.1,30,,,,-1,two_stage,2,0.5,"__confirm_cooldown=200,__confirm_rule=perm_test,__perm_alpha=0.01,__perm_min_effect=0,__perm_n_perm=200,__perm_post_n=10,__perm_pre_n=500,__perm_rng_seed=0,__perm_stat=vote_score,divergence=0.3,error_rate=0.5,teacher_entropy=0.2",3,0,200,0.0,0,10000,10.0,25.0,200,500,0,0,1.0,0.7425271739130435,0.4879020757384429,0.8333333333333334,0.6797667145729065,0.0012479019351303577,0,0,38,37,-1,perm_test,0.004975124378109453,0.4246577640961695,37,37,0,0.0,0.5,0,0.0,0.0,0.0,0.0,0,none,0,1,0,overconfident,0.95,0,mild_drift,0.9611583605427896,0.0012850795007521097,0.80594805748232,0.857767265842807,1768220036.9369266,0.7590556144714355,0.004956777207553387
231,14784,14783,sine_abrupt4,sine,ts_drift_adapt,5,"error_divergence_ph_meta@error.threshold=0.10,error.min_instances=5",error_divergence_ph_meta,"{""divergence"": {""alpha"": 0.1, ""delta"": 0.005, ""min_instances"": 30, ""threshold"": 0.05}, ""error_rate"": {""alpha"": 0.15, ""delta"": 0.005, ""min_instances"": 5, ""threshold"": 0.1}}","{""error_rate"": {""min_instances"": 5, ""threshold"": 0.1}}",0.1,0.005,0.15,5,0.05,0.005,0.1,30,,,,-1,two_stage,2,0.5,"__confirm_cooldown=200,__confirm_rule=perm_test,__perm_alpha=0.01,__perm_min_effect=0,__perm_n_perm=200,__perm_post_n=10,__perm_pre_n=500,__perm_rng_seed=0,__perm_stat=vote_score,divergence=0.3,error_rate=0.5,teacher_entropy=0.2",3,0,200,0.0,0,10000,10.0,25.0,200,500,0,0,1.0,0.7414772727272727,0.4858695686987239,0.3333333333333333,0.6787453293800354,0.0010558638023212552,1,1,39,38,0,perm_test,0.004975124378109453,0.4343289643980742,38,38,0,0.16666666666666669,0.5,1,0.5,0.0,0.0,0.0,0,none,1,1,0,overconfident,0.95,0,severe_drift,0.9260791802713948,0.0016425397503760548,0.6529740287411601,0.8338836329214036,1768220036.9520814,0.682748556137085,0.004201344680041075
232,14848,14847,sine_abrupt4,sine,ts_drift_adapt,5,"error_divergence_ph_meta@error.threshold=0.10,error.min_instances=5",error_divergence_ph_meta,"{""divergence"": {""alpha"": 0.1, ""delta"": 0.005, ""min_instances"": 30, ""threshold"": 0.05}, ""error_rate"": {""alpha"": 0.15, ""delta"": 0.005, ""min_instances"": 5, ""threshold"": 0.1}}","{""error_rate"": {""min_instances"": 5, ""threshold"": 0.1}}",0.1,0.005,0.15,5,0.05,0.005,0.1,30,,,,-1,two_stage,2,0.5,"__confirm_cooldown=200,__confirm_rule=perm_test,__perm_alpha=0.01,__perm_min_effect=0,__perm_n_perm=200,__perm_post_n=10,__perm_pre_n=500,__perm_rng_seed=0,__perm_stat=vote_score,divergence=0.3,error_rate=0.5,teacher_entropy=0.2",3,0,200,0.0,0,10000,10.0,25.0,200,500,1,136,1.0,0.7405037715517241,0.4839637622769053,0.6666666666666666,0.6799755692481995,0.0009612877038307488,0,0,39,38,-1,perm_test,0.004975124378109453,0.4343289643980742,38,38,0,0.0,0.3333333333333333,0,0.0,0.0,0.0,0.0,0,none,0,1,0,overconfident,0.95,0,mild_drift,0.9431895901356974,0.0014712698751880274,0.72648701437058,0.8444418164607017,1768220036.9606714,0.7241309285163879,0.0038276412524282932
233,14912,14911,sine_abrupt4,sine,ts_drift_adapt,5,"error_divergence_ph_meta@error.threshold=0.10,error.min_instances=5",error_divergence_ph_meta,"{""divergence"": {""alpha"": 0.1, ""delta"": 0.005, ""min_instances"": 30, ""threshold"": 0.05}, ""error_rate"": {""alpha"": 0.15, ""delta"": 0.005, ""min_instances"": 5, ""threshold"": 0.1}}","{""error_rate"": {""min_instances"": 5, ""threshold"": 0.1}}",0.1,0.005,0.15,5,0.05,0.005,0.1,30,,,,-1,two_stage,2,0.5,"__confirm_cooldown=200,__confirm_rule=perm_test,__perm_alpha=0.01,__perm_min_effect=0,__perm_n_perm=200,__perm_post_n=10,__perm_pre_n=500,__perm_rng_seed=0,__perm_stat=vote_score,divergence=0.3,error_rate=0.5,teacher_entropy=0.2",3,0,200,0.0,0,10000,10.0,25.0,200,500,1,72,1.0,0.7396727467811158,0.4823308756196039,0.3333333333333333,0.6807199716567993,0.0008204029290936887,0,0,39,38,-1,perm_test,0.004975124378109453,0.4343289643980742,38,38,0,0.0,0.3333333333333333,0,0.0,0.0,0.0,0.0,0,none,0,1,0,overconfident,0.95,0,mild_drift,0.9517447950678486,0.0013856349375940139,0.7632435071852901,0.8497209082303508,1768220036.9689844,0.6516068577766418,0.003264075145125389
234,14976,14975,sine_abrupt4,sine,ts_drift_adapt,5,"error_divergence_ph_meta@error.threshold=0.10,error.min_instances=5",error_divergence_ph_meta,"{""divergence"": {""alpha"": 0.1, ""delta"": 0.005, ""min_instances"": 30, ""threshold"": 0.05}, ""error_rate"": {""alpha"": 0.15, ""delta"": 0.005, ""min_instances"": 5, ""threshold"": 0.1}}","{""error_rate"": {""min_instances"": 5, ""threshold"": 0.1}}",0.1,0.005,0.15,5,0.05,0.005,0.1,30,,,,-1,two_stage,2,0.5,"__confirm_cooldown=200,__confirm_rule=perm_test,__perm_alpha=0.01,__perm_min_effect=0,__perm_n_perm=200,__perm_post_n=10,__perm_pre_n=500,__perm_rng_seed=0,__perm_stat=vote_score,divergence=0.3,error_rate=0.5,teacher_entropy=0.2",3,0,200,0.0,0,10000,10.0,25.0,200,500,1,8,1.0,0.7392494658119658,0.48143766593321147,0.5,0.6811782717704773,0.000795695697888732,0,0,39,38,-1,perm_test,0.004975124378109453,0.4343289643980742,38,38,0,0.0,0.16666666666666669,0,0.0,0.0,0.0,0.0,0,none,0,1,0,overconfident,0.95,0,mild_drift,0.9560223975339243,0.001342817468797007,0.7816217535926451,0.8523604541151755,1768220036.9773912,0.7011268734931946,0.003169549396261573
235,15040,15039,sine_abrupt4,sine,ts_drift_adapt,5,"error_divergence_ph_meta@error.threshold=0.10,error.min_instances=5",error_divergence_ph_meta,"{""divergence"": {""alpha"": 0.1, ""delta"": 0.005, ""min_instances"": 30, ""threshold"": 0.05}, ""error_rate"": {""alpha"": 0.15, ""delta"": 0.005, ""min_instances"": 5, ""threshold"": 0.1}}","{""error_rate"": {""min_instances"": 5, ""threshold"": 0.1}}",0.1,0.005,0.15,5,0.05,0.005,0.1,30,,,,-1,two_stage,2,0.5,"__confirm_cooldown=200,__confirm_rule=perm_test,__perm_alpha=0.01,__perm_min_effect=0,__perm_n_perm=200,__perm_post_n=10,__perm_pre_n=500,__perm_rng_seed=0,__perm_stat=vote_score,divergence=0.3,error_rate=0.5,teacher_entropy=0.2",3,0,200,0.0,0,10000,10.0,25.0,200,500,0,0,1.0,0.7388962765957446,0.4806674768883183,0.3333333333333333,0.6794082522392273,0.0008394740289077163,0,0,39,38,-1,perm_test,0.004975124378109453,0.4343289643980742,38,38,0,0.0,0.16666666666666669,0,0.0,0.0,0.0,0.0,0,none,0,1,0,overconfident,0.95,0,mild_drift,0.958161198766962,0.0013214087343985034,0.7908108767963226,0.8536802270575877,1768220036.9859576,0.6386802792549133,0.0033388074953109026
236,15104,15103,sine_abrupt4,sine,ts_drift_adapt,5,"error_divergence_ph_meta@error.threshold=0.10,error.min_instances=5",error_divergence_ph_meta,"{""divergence"": {""alpha"": 0.1, ""delta"": 0.005, ""min_instances"": 30, ""threshold"": 0.05}, ""error_rate"": {""alpha"": 0.15, ""delta"": 0.005, ""min_instances"": 5, ""threshold"": 0.1}}","{""error_rate"": {""min_instances"": 5, ""threshold"": 0.1}}",0.1,0.005,0.15,5,0.05,0.005,0.1,30,,,,-1,two_stage,2,0.5,"__confirm_cooldown=200,__confirm_rule=perm_test,__perm_alpha=0.01,__perm_min_effect=0,__perm_n_perm=200,__perm_post_n=10,__perm_pre_n=500,__perm_rng_seed=0,__perm_stat=vote_score,divergence=0.3,error_rate=0.5,teacher_entropy=0.2",3,0,200,0.0,0,10000,10.0,25.0,200,500,0,0,1.0,0.7381488347457628,0.47918946915169686,0.3333333333333333,0.681056797504425,0.0007867869571782649,1,1,40,39,0,perm_test,0.004975124378109453,0.44897009975920593,39,39,0,0.0,5.268707172945142e-05,1,0.5,0.0,0.0,0.0,0,none,1,1,0,overconfident,0.95,0,stable,0.974080599383481,0.0010607043671992517,0.8954054383981613,0.899340113528794,1768220037.0009656,0.6410638689994812,0.003130473894998431
237,15168,15167,sine_abrupt4,sine,ts_drift_adapt,5,"error_divergence_ph_meta@error.threshold=0.10,error.min_instances=5",error_divergence_ph_meta,"{""divergence"": {""alpha"": 0.1, ""delta"": 0.005, ""min_instances"": 30, ""threshold"": 0.05}, ""error_rate"": {""alpha"": 0.15, ""delta"": 0.005, ""min_instances"": 5, ""threshold"": 0.1}}","{""error_rate"": {""min_instances"": 5, ""threshold"": 0.1}}",0.1,0.005,0.15,5,0.05,0.005,0.1,30,,,,-1,two_stage,2,0.5,"__confirm_cooldown=200,__confirm_rule=perm_test,__perm_alpha=0.01,__perm_min_effect=0,__perm_n_perm=200,__perm_post_n=10,__perm_pre_n=500,__perm_rng_seed=0,__perm_stat=vote_score,divergence=0.3,error_rate=0.5,teacher_entropy=0.2",3,0,200,0.0,0,10000,10.0,25.0,200,500,1,136,1.0,0.7372758438818565,0.4774741846945171,0.5,0.6829658150672913,0.0004922908265143633,0,0,40,39,-1,perm_test,0.004975124378109453,0.44897009975920593,39,39,0,0.0,0.16666666666666669,0,0.0,0.0,0.0,0.0,0,none,0,1,0,overconfident,0.95,0,mild_drift,0.9671902996917405,0.001180352183599626,0.8477027191990807,0.877170056764397,1768220037.0095441,0.692783772945404,0.001964748837053776
238,15232,15231,sine_abrupt4,sine,ts_drift_adapt,5,"error_divergence_ph_meta@error.threshold=0.10,error.min_instances=5",error_divergence_ph_meta,"{""divergence"": {""alpha"": 0.1, ""delta"": 0.005, ""min_instances"": 30, ""threshold"": 0.05}, ""error_rate"": {""alpha"": 0.15, ""delta"": 0.005, ""min_instances"": 5, ""threshold"": 0.1}}","{""error_rate"": {""min_instances"": 5, ""threshold"": 0.1}}",0.1,0.005,0.15,5,0.05,0.005,0.1,30,,,,-1,two_stage,2,0.5,"__confirm_cooldown=200,__confirm_rule=perm_test,__perm_alpha=0.01,__perm_min_effect=0,__perm_n_perm=200,__perm_post_n=10,__perm_pre_n=500,__perm_rng_seed=0,__perm_stat=vote_score,divergence=0.3,error_rate=0.5,teacher_entropy=0.2",3,0,200,0.0,0,10000,10.0,25.0,200,500,1,72,1.0,0.7361475840336135,0.4752993346047593,0.6666666666666666,0.6810194253921509,0.0007860847981646657,0,0,40,39,-1,perm_test,0.004975124378109453,0.44897009975920593,39,39,0,0.0,0.16666666666666663,0,0.0,0.0,0.0,0.0,0,none,0,1,0,overconfident,0.95,0,mild_drift,0.9637451498458702,0.001240176091799813,0.8238513595995404,0.8660850283821985,1768220037.0179138,0.7210471630096436,0.0031313360668718815
239,15296,15295,sine_abrupt4,sine,ts_drift_adapt,5,"error_divergence_ph_meta@error.threshold=0.10,error.min_instances=5",error_divergence_ph_meta,"{""divergence"": {""alpha"": 0.1, ""delta"": 0.005, ""min_instances"": 30, ""threshold"": 0.05}, ""error_rate"": {""alpha"": 0.15, ""delta"": 0.005, ""min_instances"": 5, ""threshold"": 0.1}}","{""error_rate"": {""min_instances"": 5, ""threshold"": 0.1}}",0.1,0.005,0.15,5,0.05,0.005,0.1,30,,,,-1,two_stage,2,0.5,"__confirm_cooldown=200,__confirm_rule=perm_test,__perm_alpha=0.01,__perm_min_effect=0,__perm_n_perm=200,__perm_post_n=10,__perm_pre_n=500,__perm_rng_seed=0,__perm_stat=vote_score,divergence=0.3,error_rate=0.5,teacher_entropy=0.2",3,0,200,0.0,0,10000,10.0,25.0,200,500,1,8,1.0,0.7352248953974896,0.4734958364315099,0.6666666666666666,0.6816328763961792,0.0006579097826033831,0,0,40,39,-1,perm_test,0.004975124378109453,0.44897009975920593,39,39,0,0.0,0.00012817501556128263,0,0.0,0.0,0.0,0.0,0,none,0,1,0,overconfident,0.95,0,mild_drift,0.9620225749229351,0.0012700880458999067,0.8119256797997703,0.8605425141910992,1768220037.026232,0.7377464771270752,0.002625400200486183
240,15360,15359,sine_abrupt4,sine,ts_drift_adapt,5,"error_divergence_ph_meta@error.threshold=0.10,error.min_instances=5",error_divergence_ph_meta,"{""divergence"": {""alpha"": 0.1, ""delta"": 0.005, ""min_instances"": 30, ""threshold"": 0.05}, ""error_rate"": {""alpha"": 0.15, ""delta"": 0.005, ""min_instances"": 5, ""threshold"": 0.1}}","{""error_rate"": {""min_instances"": 5, ""threshold"": 0.1}}",0.1,0.005,0.15,5,0.05,0.005,0.1,30,,,,-1,two_stage,2,0.5,"__confirm_cooldown=200,__confirm_rule=perm_test,__perm_alpha=0.01,__perm_min_effect=0,__perm_n_perm=200,__perm_post_n=10,__perm_pre_n=500,__perm_rng_seed=0,__perm_stat=vote_score,divergence=0.3,error_rate=0.5,teacher_entropy=0.2",3,0,200,0.0,0,10000,10.0,25.0,200,500,0,0,1.0,0.7341145833333333,0.47135683582126986,0.5,0.6802052855491638,0.0006289344164542854,0,0,40,39,-1,perm_test,0.004975124378109453,0.44897009975920593,39,39,0,0.0,0.16666666666666663,0,0.0,0.0,0.0,0.0,0,none,0,1,0,overconfident,0.95,0,mild_drift,0.9611612874614675,0.0012850440229499535,0.8059628398998852,0.8577712570955496,1768220037.0347254,0.6574227809906006,0.002508088480681181
241,15424,15423,sine_abrupt4,sine,ts_drift_adapt,5,"error_divergence_ph_meta@error.threshold=0.10,error.min_instances=5",error_divergence_ph_meta,"{""divergence"": {""alpha"": 0.1, ""delta"": 0.005, ""min_instances"": 30, ""threshold"": 0.05}, ""error_rate"": {""alpha"": 0.15, ""delta"": 0.005, ""min_instances"": 5, ""threshold"": 0.1}}","{""error_rate"": {""min_instances"": 5, ""threshold"": 0.1}}",0.1,0.005,0.15,5,0.05,0.005,0.1,30,,,,-1,two_stage,2,0.5,"__confirm_cooldown=200,__confirm_rule=perm_test,__perm_alpha=0.01,__perm_min_effect=0,__perm_n_perm=200,__perm_post_n=10,__perm_pre_n=500,__perm_rng_seed=0,__perm_stat=vote_score,divergence=0.3,error_rate=0.5,teacher_entropy=0.2",3,0,200,0.0,0,10000,10.0,25.0,200,500,0,0,1.0,0.733402489626556,0.4699315793017308,0.16666666666666666,0.6829522848129272,0.000577763479668647,1,1,41,40,0,perm_test,0.004975124378109453,0.43882876149223177,40,40,0,0.16666666666666666,0.33333333333333337,1,0.5,0.0,0.0,0.0,0,none,1,1,0,overconfident,0.95,0,severe_drift,0.9260806437307337,0.0016425220114749768,0.6529814199499426,0.8338856285477748,1768220037.0495331,0.6055849194526672,0.002305741887539625
242,15488,15487,sine_abrupt4,sine,ts_drift_adapt,5,"error_divergence_ph_meta@error.threshold=0.10,error.min_instances=5",error_divergence_ph_meta,"{""divergence"": {""alpha"": 0.1, ""delta"": 0.005, ""min_instances"": 30, ""threshold"": 0.05}, ""error_rate"": {""alpha"": 0.15, ""delta"": 0.005, ""min_instances"": 5, ""threshold"": 0.1}}","{""error_rate"": {""min_instances"": 5, ""threshold"": 0.1}}",0.1,0.005,0.15,5,0.05,0.005,0.1,30,,,,-1,two_stage,2,0.5,"__confirm_cooldown=200,__confirm_rule=perm_test,__perm_alpha=0.01,__perm_min_effect=0,__perm_n_perm=200,__perm_post_n=10,__perm_pre_n=500,__perm_rng_seed=0,__perm_stat=vote_score,divergence=0.3,error_rate=0.5,teacher_entropy=0.2",3,0,200,0.0,0,10000,10.0,25.0,200,500,1,136,1.0,0.7322443181818182,0.46771014658405735,0.5,0.6821234226226807,0.0008815504261292517,0,0,41,40,-1,perm_test,0.004975124378109453,0.43882876149223177,40,40,0,0.0,0.33333333333333337,0,0.0,0.0,0.0,0.0,0,none,0,1,0,overconfident,0.95,0,mild_drift,0.9431903218653668,0.0014712610057374884,0.7264907099749713,0.8444428142738873,1768220037.0580459,0.6544827818870544,0.0035191280767321587
243,15552,15551,sine_abrupt4,sine,ts_drift_adapt,5,"error_divergence_ph_meta@error.threshold=0.10,error.min_instances=5",error_divergence_ph_meta,"{""divergence"": {""alpha"": 0.1, ""delta"": 0.005, ""min_instances"": 30, ""threshold"": 0.05}, ""error_rate"": {""alpha"": 0.15, ""delta"": 0.005, ""min_instances"": 5, ""threshold"": 0.1}}","{""error_rate"": {""min_instances"": 5, ""threshold"": 0.1}}",0.1,0.005,0.15,5,0.05,0.005,0.1,30,,,,-1,two_stage,2,0.5,"__confirm_cooldown=200,__confirm_rule=perm_test,__perm_alpha=0.01,__perm_min_effect=0,__perm_n_perm=200,__perm_post_n=10,__perm_pre_n=500,__perm_rng_seed=0,__perm_stat=vote_score,divergence=0.3,error_rate=0.5,teacher_entropy=0.2",3,0,200,0.0,0,10000,10.0,25.0,200,500,1,72,1.0,0.7316100823045267,0.46642313427918697,0.3333333333333333,0.6820030808448792,0.0005764710367657244,0,0,41,40,-1,perm_test,0.004975124378109453,0.43882876149223177,40,40,0,0.0,0.16666666666666669,0,0.0,0.0,0.0,0.0,0,none,0,1,0,overconfident,0.95,0,mild_drift,0.9517451609326834,0.0013856305028687441,0.7632453549874857,0.8497214071369437,1768220037.0663967,0.6525067687034607,0.0023011472076177597
244,15616,15615,sine_abrupt4,sine,ts_drift_adapt,5,"error_divergence_ph_meta@error.threshold=0.10,error.min_instances=5",error_divergence_ph_meta,"{""divergence"": {""alpha"": 0.1, ""delta"": 0.005, ""min_instances"": 30, ""threshold"": 0.05}, ""error_rate"": {""alpha"": 0.15, ""delta"": 0.005, ""min_instances"": 5, ""threshold"": 0.1}}","{""error_rate"": {""min_instances"": 5, ""threshold"": 0.1}}",0.1,0.005,0.15,5,0.05,0.005,0.1,30,,,,-1,two_stage,2,0.5,"__confirm_cooldown=200,__confirm_rule=perm_test,__perm_alpha=0.01,__perm_min_effect=0,__perm_n_perm=200,__perm_post_n=10,__perm_pre_n=500,__perm_rng_seed=0,__perm_stat=vote_score,divergence=0.3,error_rate=0.5,teacher_entropy=0.2",3,0,200,0.0,0,10000,10.0,25.0,200,500,1,8,1.0,0.7308529713114754,0.46491662556977614,0.16666666666666666,0.6822101473808289,0.0005426950519904494,0,0,41,40,-1,perm_test,0.004975124378109453,0.43882876149223177,40,40,0,0.0,0.16666666666666666,0,0.0,0.0,0.0,0.0,0,none,0,1,0,overconfident,0.95,0,mild_drift,0.9560225804663416,0.0013428152514343723,0.7816226774937429,0.8523607035684718,1768220037.0746324,0.6167542338371277,0.002166613470762968
245,15680,15679,sine_abrupt4,sine,ts_drift_adapt,5,"error_divergence_ph_meta@error.threshold=0.10,error.min_instances=5",error_divergence_ph_meta,"{""divergence"": {""alpha"": 0.1, ""delta"": 0.005, ""min_instances"": 30, ""threshold"": 0.05}, ""error_rate"": {""alpha"": 0.15, ""delta"": 0.005, ""min_instances"": 5, ""threshold"": 0.1}}","{""error_rate"": {""min_instances"": 5, ""threshold"": 0.1}}",0.1,0.005,0.15,5,0.05,0.005,0.1,30,,,,-1,two_stage,2,0.5,"__confirm_cooldown=200,__confirm_rule=perm_test,__perm_alpha=0.01,__perm_min_effect=0,__perm_n_perm=200,__perm_post_n=10,__perm_pre_n=500,__perm_rng_seed=0,__perm_stat=vote_score,divergence=0.3,error_rate=0.5,teacher_entropy=0.2",3,0,200,0.0,0,10000,10.0,25.0,200,500,0,0,1.0,0.7301020408163266,0.46340475611836673,0.16666666666666666,0.6829183101654053,0.000495950982440263,0,0,41,40,-1,perm_test,0.004975124378109453,0.43882876149223177,40,40,0,0.0,4.6744069550186396e-05,0,0.0,0.0,0.0,0.0,0,none,0,1,0,overconfident,0.95,0,mild_drift,0.9581612902331708,0.001321407625717186,0.7908113387468715,0.853680351784236,1768220037.083051,0.583397626876831,0.0019804013427346945
246,15744,15743,sine_abrupt4,sine,ts_drift_adapt,5,"error_divergence_ph_meta@error.threshold=0.10,error.min_instances=5",error_divergence_ph_meta,"{""divergence"": {""alpha"": 0.1, ""delta"": 0.005, ""min_instances"": 30, ""threshold"": 0.05}, ""error_rate"": {""alpha"": 0.15, ""delta"": 0.005, ""min_instances"": 5, ""threshold"": 0.1}}","{""error_rate"": {""min_instances"": 5, ""threshold"": 0.1}}",0.1,0.005,0.15,5,0.05,0.005,0.1,30,,,,-1,two_stage,2,0.5,"__confirm_cooldown=200,__confirm_rule=perm_test,__perm_alpha=0.01,__perm_min_effect=0,__perm_n_perm=200,__perm_post_n=10,__perm_pre_n=500,__perm_rng_seed=0,__perm_stat=vote_score,divergence=0.3,error_rate=0.5,teacher_entropy=0.2",3,0,200,0.0,0,10000,10.0,25.0,200,500,0,0,1.0,0.7294842479674797,0.4621433994731878,0.3333333333333333,0.6828503012657166,0.0005422686808742583,1,1,42,41,0,perm_test,0.004975124378109453,0.4436476592085513,41,41,0,0.16666666666666666,0.16666666666666666,1,0.5,0.0,0.0,0.0,0,none,1,1,0,overconfident,0.95,0,severe_drift,0.9245806451165854,0.001660703812858593,0.6454056693734358,0.831840175892118,1768220037.0978491,0.6225077509880066,0.0021699422504752874
247,15808,15807,sine_abrupt4,sine,ts_drift_adapt,5,"error_divergence_ph_meta@error.threshold=0.10,error.min_instances=5",error_divergence_ph_meta,"{""divergence"": {""alpha"": 0.1, ""delta"": 0.005, ""min_instances"": 30, ""threshold"": 0.05}, ""error_rate"": {""alpha"": 0.15, ""delta"": 0.005, ""min_instances"": 5, ""threshold"": 0.1}}","{""error_rate"": {""min_instances"": 5, ""threshold"": 0.1}}",0.1,0.005,0.15,5,0.05,0.005,0.1,30,,,,-1,two_stage,2,0.5,"__confirm_cooldown=200,__confirm_rule=perm_test,__perm_alpha=0.01,__perm_min_effect=0,__perm_n_perm=200,__perm_post_n=10,__perm_pre_n=500,__perm_rng_seed=0,__perm_stat=vote_score,divergence=0.3,error_rate=0.5,teacher_entropy=0.2",3,0,200,0.0,0,10000,10.0,25.0,200,500,1,136,1.0,0.7284286437246964,0.4601091693544895,0.5,0.6825639009475708,0.0006783842109143734,0,0,42,41,-1,perm_test,0.004975124378109453,0.4436476592085513,41,41,0,0.0,0.16666666666666669,0,0.0,0.0,0.0,0.0,0,none,0,1,0,overconfident,0.95,0,mild_drift,0.9424403225582927,0.0014803519064292966,0.7227028346867179,0.8434200879460589,1768220037.1064007,0.6582573652267456,0.002720666816458106
248,15872,15871,sine_abrupt4,sine,ts_drift_adapt,5,"error_divergence_ph_meta@error.threshold=0.10,error.min_instances=5",error_divergence_ph_meta,"{""divergence"": {""alpha"": 0.1, ""delta"": 0.005, ""min_instances"": 30, ""threshold"": 0.05}, ""error_rate"": {""alpha"": 0.15, ""delta"": 0.005, ""min_instances"": 5, ""threshold"": 0.1}}","{""error_rate"": {""min_instances"": 5, ""threshold"": 0.1}}",0.1,0.005,0.15,5,0.05,0.005,0.1,30,,,,-1,two_stage,2,0.5,"__confirm_cooldown=200,__confirm_rule=perm_test,__perm_alpha=0.01,__perm_min_effect=0,__perm_n_perm=200,__perm_post_n=10,__perm_pre_n=500,__perm_rng_seed=0,__perm_stat=vote_score,divergence=0.3,error_rate=0.5,teacher_entropy=0.2",3,0,200,0.0,0,10000,10.0,25.0,200,500,1,72,1.0,0.7276335685483871,0.45853524760265996,0.8333333333333334,0.6820437908172607,0.0004973811446689069,0,0,42,41,-1,perm_test,0.004975124378109453,0.4436476592085513,41,41,0,0.0,0.33333333333333337,0,0.0,0.0,0.0,0.0,0,none,0,1,0,overconfident,0.95,0,mild_drift,0.9513701612791463,0.0013901759532146483,0.761351417343359,0.8492100439730295,1768220037.1149464,0.797126829624176,0.0020017942879348993
249,15936,15935,sine_abrupt4,sine,ts_drift_adapt,5,"error_divergence_ph_meta@error.threshold=0.10,error.min_instances=5",error_divergence_ph_meta,"{""divergence"": {""alpha"": 0.1, ""delta"": 0.005, ""min_instances"": 30, ""threshold"": 0.05}, ""error_rate"": {""alpha"": 0.15, ""delta"": 0.005, ""min_instances"": 5, ""threshold"": 0.1}}","{""error_rate"": {""min_instances"": 5, ""threshold"": 0.1}}",0.1,0.005,0.15,5,0.05,0.005,0.1,30,,,,-1,two_stage,2,0.5,"__confirm_cooldown=200,__confirm_rule=perm_test,__perm_alpha=0.01,__perm_min_effect=0,__perm_n_perm=200,__perm_post_n=10,__perm_pre_n=500,__perm_rng_seed=0,__perm_stat=vote_score,divergence=0.3,error_rate=0.5,teacher_entropy=0.2",3,0,200,0.0,0,10000,10.0,25.0,200,500,1,8,1.0,0.7270331325301205,0.45730293141248674,0.16666666666666666,0.6829577684402466,0.0005676800501532853,0,0,42,41,-1,perm_test,0.004975124378109453,0.4436476592085513,41,41,0,0.0,0.6666666666666667,0,0.0,0.0,0.0,0.0,0,none,0,1,0,overconfident,0.95,0,mild_drift,0.9558350806395731,0.0013450879766073241,0.7806757086716796,0.8521050219865147,1768220037.1235402,0.5289551615715027,0.002283118898048997
250,16000,15999,sine_abrupt4,sine,ts_drift_adapt,5,"error_divergence_ph_meta@error.threshold=0.10,error.min_instances=5",error_divergence_ph_meta,"{""divergence"": {""alpha"": 0.1, ""delta"": 0.005, ""min_instances"": 30, ""threshold"": 0.05}, ""error_rate"": {""alpha"": 0.15, ""delta"": 0.005, ""min_instances"": 5, ""threshold"": 0.1}}","{""error_rate"": {""min_instances"": 5, ""threshold"": 0.1}}",0.1,0.005,0.15,5,0.05,0.005,0.1,30,,,,-1,two_stage,2,0.5,"__confirm_cooldown=200,__confirm_rule=perm_test,__perm_alpha=0.01,__perm_min_effect=0,__perm_n_perm=200,__perm_post_n=10,__perm_pre_n=500,__perm_rng_seed=0,__perm_stat=vote_score,divergence=0.3,error_rate=0.5,teacher_entropy=0.2",3,0,200,0.0,0,10000,10.0,25.0,200,500,0,0,1.0,0.7265625,0.45629659188683913,0.5,0.6818087100982666,0.0005796089535579085,0,0,42,41,-1,perm_test,0.004975124378109453,0.4436476592085513,41,41,0,0.0,0.33333333333333337,0,0.0,0.0,0.0,0.0,0,none,0,1,0,overconfident,0.95,0,mild_drift,0.9580675403197865,0.0013225439883036622,0.7903378543358398,0.8535525109932574,1768220037.1321416,0.6446195244789124,0.002333942335098982
251,16064,16063,sine_abrupt4,sine,ts_drift_adapt,5,"error_divergence_ph_meta@error.threshold=0.10,error.min_instances=5",error_divergence_ph_meta,"{""divergence"": {""alpha"": 0.1, ""delta"": 0.005, ""min_instances"": 30, ""threshold"": 0.05}, ""error_rate"": {""alpha"": 0.15, ""delta"": 0.005, ""min_instances"": 5, ""threshold"": 0.1}}","{""error_rate"": {""min_instances"": 5, ""threshold"": 0.1}}",0.1,0.005,0.15,5,0.05,0.005,0.1,30,,,,-1,two_stage,2,0.5,"__confirm_cooldown=200,__confirm_rule=perm_test,__perm_alpha=0.01,__perm_min_effect=0,__perm_n_perm=200,__perm_post_n=10,__perm_pre_n=500,__perm_rng_seed=0,__perm_stat=vote_score,divergence=0.3,error_rate=0.5,teacher_entropy=0.2",3,0,200,0.0,0,10000,10.0,25.0,200,500,0,0,1.0,0.7257843625498008,0.45475106825360523,0.6666666666666666,0.6816011071205139,0.000766491168178618,1,1,43,42,0,perm_test,0.004975124378109453,0.46189722624753593,42,42,0,0.3333333333333333,0.16666666666666663,1,0.5,0.0,0.0,0.0,0,none,1,1,0,overconfident,0.95,0,severe_drift,0.9245337701598932,0.0016612719941518311,0.64516892716792,0.8317762554966287,1768220037.147062,0.7395185828208923,0.003085030009970069
252,16128,16127,sine_abrupt4,sine,ts_drift_adapt,5,"error_divergence_ph_meta@error.threshold=0.10,error.min_instances=5",error_divergence_ph_meta,"{""divergence"": {""alpha"": 0.1, ""delta"": 0.005, ""min_instances"": 30, ""threshold"": 0.05}, ""error_rate"": {""alpha"": 0.15, ""delta"": 0.005, ""min_instances"": 5, ""threshold"": 0.1}}","{""error_rate"": {""min_instances"": 5, ""threshold"": 0.1}}",0.1,0.005,0.15,5,0.05,0.005,0.1,30,,,,-1,two_stage,2,0.5,"__confirm_cooldown=200,__confirm_rule=perm_test,__perm_alpha=0.01,__perm_min_effect=0,__perm_n_perm=200,__perm_post_n=10,__perm_pre_n=500,__perm_rng_seed=0,__perm_stat=vote_score,divergence=0.3,error_rate=0.5,teacher_entropy=0.2",3,0,200,0.0,0,10000,10.0,25.0,200,500,1,136,1.0,0.7247643849206349,0.4527845572290487,0.8333333333333334,0.6815904378890991,0.0007806546054780483,0,0,43,42,-1,perm_test,0.004975124378109453,0.46189722624753593,42,42,0,0.0,0.16666666666666674,0,0.0,0.0,0.0,0.0,0,none,0,1,0,overconfident,0.95,0,mild_drift,0.9424168850799466,0.0014806359970759156,0.72258446358396,0.8433881277483144,1768220037.1555278,0.8000106811523438,0.0031409990042448044
253,16192,16191,sine_abrupt4,sine,ts_drift_adapt,5,"error_divergence_ph_meta@error.threshold=0.10,error.min_instances=5",error_divergence_ph_meta,"{""divergence"": {""alpha"": 0.1, ""delta"": 0.005, ""min_instances"": 30, ""threshold"": 0.05}, ""error_rate"": {""alpha"": 0.15, ""delta"": 0.005, ""min_instances"": 5, ""threshold"": 0.1}}","{""error_rate"": {""min_instances"": 5, ""threshold"": 0.1}}",0.1,0.005,0.15,5,0.05,0.005,0.1,30,,,,-1,two_stage,2,0.5,"__confirm_cooldown=200,__confirm_rule=perm_test,__perm_alpha=0.01,__perm_min_effect=0,__perm_n_perm=200,__perm_post_n=10,__perm_pre_n=500,__perm_rng_seed=0,__perm_stat=vote_score,divergence=0.3,error_rate=0.5,teacher_entropy=0.2",3,0,200,0.0,0,10000,10.0,25.0,200,500,1,72,1.0,0.7239995059288538,0.4512637910811384,0.3333333333333333,0.6809566617012024,0.0006025166949257255,0,0,43,42,-1,perm_test,0.004975124378109453,0.46189722624753593,42,42,0,0.0,0.5,0,0.0,0.0,0.0,0.0,0,none,0,1,0,overconfident,0.95,0,mild_drift,0.9513584425399733,0.001390317998537958,0.76129223179198,0.8491940638741572,1768220037.163829,0.5974542498588562,0.0024229218252003193
254,16256,16255,sine_abrupt4,sine,ts_drift_adapt,5,"error_divergence_ph_meta@error.threshold=0.10,error.min_instances=5",error_divergence_ph_meta,"{""divergence"": {""alpha"": 0.1, ""delta"": 0.005, ""min_instances"": 30, ""threshold"": 0.05}, ""error_rate"": {""alpha"": 0.15, ""delta"": 0.005, ""min_instances"": 5, ""threshold"": 0.1}}","{""error_rate"": {""min_instances"": 5, ""threshold"": 0.1}}",0.1,0.005,0.15,5,0.05,0.005,0.1,30,,,,-1,two_stage,2,0.5,"__confirm_cooldown=200,__confirm_rule=perm_test,__perm_alpha=0.01,__perm_min_effect=0,__perm_n_perm=200,__perm_post_n=10,__perm_pre_n=500,__perm_rng_seed=0,__perm_stat=vote_score,divergence=0.3,error_rate=0.5,teacher_entropy=0.2",3,0,200,0.0,0,10000,10.0,25.0,200,500,1,8,1.0,0.7231176181102362,0.4495405235250938,0.3333333333333333,0.6810367703437805,0.0005660188035108149,0,0,43,42,-1,perm_test,0.004975124378109453,0.46189722624753593,42,42,0,0.0,3.6497891414910555e-05,0,0.0,0.0,0.0,0.0,0,none,0,1,0,overconfident,0.95,0,mild_drift,0.9558292212699866,0.0013451589992689791,0.7806461158959901,0.8520970319370786,1768220037.172187,0.5829601883888245,0.0022665420547127724
255,16320,16319,sine_abrupt4,sine,ts_drift_adapt,5,"error_divergence_ph_meta@error.threshold=0.10,error.min_instances=5",error_divergence_ph_meta,"{""divergence"": {""alpha"": 0.1, ""delta"": 0.005, ""min_instances"": 30, ""threshold"": 0.05}, ""error_rate"": {""alpha"": 0.15, ""delta"": 0.005, ""min_instances"": 5, ""threshold"": 0.1}}","{""error_rate"": {""min_instances"": 5, ""threshold"": 0.1}}",0.1,0.005,0.15,5,0.05,0.005,0.1,30,,,,-1,two_stage,2,0.5,"__confirm_cooldown=200,__confirm_rule=perm_test,__perm_alpha=0.01,__perm_min_effect=0,__perm_n_perm=200,__perm_post_n=10,__perm_pre_n=500,__perm_rng_seed=0,__perm_stat=vote_score,divergence=0.3,error_rate=0.5,teacher_entropy=0.2",3,0,200,0.0,0,10000,10.0,25.0,200,500,0,0,1.0,0.7226102941176471,0.44848072237351305,0.0,0.681122362613678,0.0006220556679181755,0,0,43,42,-1,perm_test,0.004975124378109453,0.46189722624753593,42,42,0,0.0,0.3333333333333333,0,0.0,0.0,0.0,0.0,0,none,0,1,0,overconfident,0.95,0,mild_drift,0.9580646106349933,0.0013225794996344895,0.7903230579479951,0.8535485159685393,1768220037.180627,0.5378700494766235,0.0024924895260483027
256,16384,16383,sine_abrupt4,sine,ts_drift_adapt,5,"error_divergence_ph_meta@error.threshold=0.10,error.min_instances=5",error_divergence_ph_meta,"{""divergence"": {""alpha"": 0.1, ""delta"": 0.005, ""min_instances"": 30, ""threshold"": 0.05}, ""error_rate"": {""alpha"": 0.15, ""delta"": 0.005, ""min_instances"": 5, ""threshold"": 0.1}}","{""error_rate"": {""min_instances"": 5, ""threshold"": 0.1}}",0.1,0.005,0.15,5,0.05,0.005,0.1,30,,,,-1,two_stage,2,0.5,"__confirm_cooldown=200,__confirm_rule=perm_test,__perm_alpha=0.01,__perm_min_effect=0,__perm_n_perm=200,__perm_post_n=10,__perm_pre_n=500,__perm_rng_seed=0,__perm_stat=vote_score,divergence=0.3,error_rate=0.5,teacher_entropy=0.2",3,0,200,0.0,0,10000,10.0,25.0,200,500,0,0,1.0,0.7222900390625,0.44774297373405453,0.16666666666666666,0.6806979775428772,0.0005924126016907394,1,1,44,43,0,perm_test,0.004975124378109453,0.4744842446196265,43,43,0,0.5,0.16666666666666666,1,0.5,0.0,0.0,0.0,0,none,1,1,0,overconfident,0.95,0,severe_drift,0.9245323053174966,0.0016612897498172448,0.6451615289739976,0.8317742579842697,1768220037.1956296,0.5544338822364807,0.002374422037974
257,16448,16447,sine_abrupt4,sine,ts_drift_adapt,5,"error_divergence_ph_meta@error.threshold=0.10,error.min_instances=5",error_divergence_ph_meta,"{""divergence"": {""alpha"": 0.1, ""delta"": 0.005, ""min_instances"": 30, ""threshold"": 0.05}, ""error_rate"": {""alpha"": 0.15, ""delta"": 0.005, ""min_instances"": 5, ""threshold"": 0.1}}","{""error_rate"": {""min_instances"": 5, ""threshold"": 0.1}}",0.1,0.005,0.15,5,0.05,0.005,0.1,30,,,,-1,two_stage,2,0.5,"__confirm_cooldown=200,__confirm_rule=perm_test,__perm_alpha=0.01,__perm_min_effect=0,__perm_n_perm=200,__perm_post_n=10,__perm_pre_n=500,__perm_rng_seed=0,__perm_stat=vote_score,divergence=0.3,error_rate=0.5,teacher_entropy=0.2",3,0,200,0.0,0,10000,10.0,25.0,200,500,1,136,1.0,0.7216682879377432,0.44648338094868173,0.5,0.6818228960037231,0.0006525365170091391,0,0,44,43,-1,perm_test,0.004975124378109453,0.4744842446196265,43,43,0,0.0,0.33333333333333337,0,0.0,0.0,0.0,0.0,0,none,0,1,0,overconfident,0.95,0,mild_drift,0.9424161526587482,0.0014806448749086225,0.7225807644869988,0.8433871289921349,1768220037.2040339,0.6547040343284607,0.0026189025957137346
258,16512,16511,sine_abrupt4,sine,ts_drift_adapt,5,"error_divergence_ph_meta@error.threshold=0.10,error.min_instances=5",error_divergence_ph_meta,"{""divergence"": {""alpha"": 0.1, ""delta"": 0.005, ""min_instances"": 30, ""threshold"": 0.05}, ""error_rate"": {""alpha"": 0.15, ""delta"": 0.005, ""min_instances"": 5, ""threshold"": 0.1}}","{""error_rate"": {""min_instances"": 5, ""threshold"": 0.1}}",0.1,0.005,0.15,5,0.05,0.005,0.1,30,,,,-1,two_stage,2,0.5,"__confirm_cooldown=200,__confirm_rule=perm_test,__perm_alpha=0.01,__perm_min_effect=0,__perm_n_perm=200,__perm_post_n=10,__perm_pre_n=500,__perm_rng_seed=0,__perm_stat=vote_score,divergence=0.3,error_rate=0.5,teacher_entropy=0.2",3,0,200,0.0,0,10000,10.0,25.0,200,500,1,72,1.0,0.7208696705426356,0.4449195967245796,0.6666666666666666,0.6804481148719788,0.0008029998280107975,0,0,44,43,-1,perm_test,0.004975124378109453,0.4744842446196265,43,43,0,0.0,0.16666666666666663,0,0.0,0.0,0.0,0.0,0,none,0,1,0,overconfident,0.95,0,mild_drift,0.9513580763293741,0.0013903224374543113,0.7612903822434994,0.8491935644960674,1768220037.212465,0.7221996188163757,0.003228236688300967
259,16576,16575,sine_abrupt4,sine,ts_drift_adapt,5,"error_divergence_ph_meta@error.threshold=0.10,error.min_instances=5",error_divergence_ph_meta,"{""divergence"": {""alpha"": 0.1, ""delta"": 0.005, ""min_instances"": 30, ""threshold"": 0.05}, ""error_rate"": {""alpha"": 0.15, ""delta"": 0.005, ""min_instances"": 5, ""threshold"": 0.1}}","{""error_rate"": {""min_instances"": 5, ""threshold"": 0.1}}",0.1,0.005,0.15,5,0.05,0.005,0.1,30,,,,-1,two_stage,2,0.5,"__confirm_cooldown=200,__confirm_rule=perm_test,__perm_alpha=0.01,__perm_min_effect=0,__perm_n_perm=200,__perm_post_n=10,__perm_pre_n=500,__perm_rng_seed=0,__perm_stat=vote_score,divergence=0.3,error_rate=0.5,teacher_entropy=0.2",3,0,200,0.0,0,10000,10.0,25.0,200,500,1,8,1.0,0.7203185328185329,0.4437817729026339,0.3333333333333333,0.6807634234428406,0.0007114146137610078,0,0,44,43,-1,perm_test,0.004975124378109453,0.4744842446196265,43,43,0,0.0,0.3333333333333333,0,0.0,0.0,0.0,0.0,0,none,0,1,0,overconfident,0.95,0,mild_drift,0.955829038164687,0.0013451612187271558,0.7806451911217498,0.8520967822480336,1768220037.2208178,0.589228093624115,0.0028525611851364374
260,16640,16639,sine_abrupt4,sine,ts_drift_adapt,5,"error_divergence_ph_meta@error.threshold=0.10,error.min_instances=5",error_divergence_ph_meta,"{""divergence"": {""alpha"": 0.1, ""delta"": 0.005, ""min_instances"": 30, ""threshold"": 0.05}, ""error_rate"": {""alpha"": 0.15, ""delta"": 0.005, ""min_instances"": 5, ""threshold"": 0.1}}","{""error_rate"": {""min_instances"": 5, ""threshold"": 0.1}}",0.1,0.005,0.15,5,0.05,0.005,0.1,30,,,,-1,two_stage,2,0.5,"__confirm_cooldown=200,__confirm_rule=perm_test,__perm_alpha=0.01,__perm_min_effect=0,__perm_n_perm=200,__perm_post_n=10,__perm_pre_n=500,__perm_rng_seed=0,__perm_stat=vote_score,divergence=0.3,error_rate=0.5,teacher_entropy=0.2",3,0,200,0.0,0,10000,10.0,25.0,200,500,0,0,1.0,0.71953125,0.44223917697849574,0.6666666666666666,0.6808747053146362,0.0009401916177012026,0,0,44,43,-1,perm_test,0.004975124378109453,0.4744842446196265,43,43,0,0.0,0.3333333333333333,0,0.0,0.0,0.0,0.0,0,none,0,1,0,overconfident,0.95,0,mild_drift,0.9580645190823435,0.0013225806093635781,0.7903225955608749,0.8535483911240168,1768220037.2293801,0.720717191696167,0.0037844472099095583
261,16704,16703,sine_abrupt4,sine,ts_drift_adapt,5,"error_divergence_ph_meta@error.threshold=0.10,error.min_instances=5",error_divergence_ph_meta,"{""divergence"": {""alpha"": 0.1, ""delta"": 0.005, ""min_instances"": 30, ""threshold"": 0.05}, ""error_rate"": {""alpha"": 0.15, ""delta"": 0.005, ""min_instances"": 5, ""threshold"": 0.1}}","{""error_rate"": {""min_instances"": 5, ""threshold"": 0.1}}",0.1,0.005,0.15,5,0.05,0.005,0.1,30,,,,-1,two_stage,2,0.5,"__confirm_cooldown=200,__confirm_rule=perm_test,__perm_alpha=0.01,__perm_min_effect=0,__perm_n_perm=200,__perm_post_n=10,__perm_pre_n=500,__perm_rng_seed=0,__perm_stat=vote_score,divergence=0.3,error_rate=0.5,teacher_entropy=0.2",3,0,200,0.0,0,10000,10.0,25.0,200,500,0,0,1.0,0.7192289272030651,0.4415571380995176,0.5,0.679617166519165,0.0008625909686088562,1,1,45,44,0,perm_test,0.004975124378109453,0.46895093192803017,44,44,0,0.33333333333333337,0.16666666666666663,1,0.5,0.0,0.0,0.0,0,none,1,1,0,overconfident,0.95,0,severe_drift,0.9245322595411718,0.001661290304681789,0.6451612977804375,0.8317741955620084,1768220037.2443056,0.6191946864128113,0.003467826172709465
262,16768,16767,sine_abrupt4,sine,ts_drift_adapt,5,"error_divergence_ph_meta@error.threshold=0.10,error.min_instances=5",error_divergence_ph_meta,"{""divergence"": {""alpha"": 0.1, ""delta"": 0.005, ""min_instances"": 30, ""threshold"": 0.05}, ""error_rate"": {""alpha"": 0.15, ""delta"": 0.005, ""min_instances"": 5, ""threshold"": 0.1}}","{""error_rate"": {""min_instances"": 5, ""threshold"": 0.1}}",0.1,0.005,0.15,5,0.05,0.005,0.1,30,,,,-1,two_stage,2,0.5,"__confirm_cooldown=200,__confirm_rule=perm_test,__perm_alpha=0.01,__perm_min_effect=0,__perm_n_perm=200,__perm_post_n=10,__perm_pre_n=500,__perm_rng_seed=0,__perm_stat=vote_score,divergence=0.3,error_rate=0.5,teacher_entropy=0.2",3,0,200,0.0,0,10000,10.0,25.0,200,500,1,136,1.0,0.7189289122137404,0.4408778804017992,0.3333333333333333,0.6788906455039978,0.000783737632445991,0,0,45,44,-1,perm_test,0.004975124378109453,0.46895093192803017,44,44,0,0.0,0.16666666666666669,0,0.0,0.0,0.0,0.0,0,none,0,1,0,overconfident,0.95,0,mild_drift,0.9424161297705859,0.0014806451523408947,0.7225806488902188,0.8433870977810042,1768220037.252796,0.59080570936203,0.003143815090879798
263,16832,16831,sine_abrupt4,sine,ts_drift_adapt,5,"error_divergence_ph_meta@error.threshold=0.10,error.min_instances=5",error_divergence_ph_meta,"{""divergence"": {""alpha"": 0.1, ""delta"": 0.005, ""min_instances"": 30, ""threshold"": 0.05}, ""error_rate"": {""alpha"": 0.15, ""delta"": 0.005, ""min_instances"": 5, ""threshold"": 0.1}}","{""error_rate"": {""min_instances"": 5, ""threshold"": 0.1}}",0.1,0.005,0.15,5,0.05,0.005,0.1,30,,,,-1,two_stage,2,0.5,"__confirm_cooldown=200,__confirm_rule=perm_test,__perm_alpha=0.01,__perm_min_effect=0,__perm_n_perm=200,__perm_post_n=10,__perm_pre_n=500,__perm_rng_seed=0,__perm_stat=vote_score,divergence=0.3,error_rate=0.5,teacher_entropy=0.2",3,0,200,0.0,0,10000,10.0,25.0,200,500,1,72,1.0,0.718393536121673,0.4397966295765198,0.3333333333333333,0.6793745756149292,0.0008053060155361891,0,0,45,44,-1,perm_test,0.004975124378109453,0.46895093192803017,44,44,0,0.0,2.156838309019804e-05,0,0.0,0.0,0.0,0.0,0,none,0,1,0,overconfident,0.95,0,mild_drift,0.9513580648852928,0.0013903225761704475,0.7612903244451095,0.849193548890502,1768220037.2611322,0.632813036441803,0.0032397196628153324
264,16896,16895,sine_abrupt4,sine,ts_drift_adapt,5,"error_divergence_ph_meta@error.threshold=0.10,error.min_instances=5",error_divergence_ph_meta,"{""divergence"": {""alpha"": 0.1, ""delta"": 0.005, ""min_instances"": 30, ""threshold"": 0.05}, ""error_rate"": {""alpha"": 0.15, ""delta"": 0.005, ""min_instances"": 5, ""threshold"": 0.1}}","{""error_rate"": {""min_instances"": 5, ""threshold"": 0.1}}",0.1,0.005,0.15,5,0.05,0.005,0.1,30,,,,-1,two_stage,2,0.5,"__confirm_cooldown=200,__confirm_rule=perm_test,__perm_alpha=0.01,__perm_min_effect=0,__perm_n_perm=200,__perm_post_n=10,__perm_pre_n=500,__perm_rng_seed=0,__perm_stat=vote_score,divergence=0.3,error_rate=0.5,teacher_entropy=0.2",3,0,200,0.0,0,10000,10.0,25.0,200,500,1,8,1.0,0.7176254734848485,0.43833602324525367,0.3333333333333333,0.6810346841812134,0.0009937093127518892,0,0,45,44,-1,perm_test,0.004975124378109453,0.46895093192803017,44,44,0,0.0,0.00018840329721570015,0,0.0,0.0,0.0,0.0,0,none,0,1,0,overconfident,0.95,0,mild_drift,0.9558290324426464,0.0013451612880852237,0.7806451622225548,0.852096774445251,1768220037.269703,0.5547216534614563,0.003993877209722996
265,16960,16959,sine_abrupt4,sine,ts_drift_adapt,5,"error_divergence_ph_meta@error.threshold=0.10,error.min_instances=5",error_divergence_ph_meta,"{""divergence"": {""alpha"": 0.1, ""delta"": 0.005, ""min_instances"": 30, ""threshold"": 0.05}, ""error_rate"": {""alpha"": 0.15, ""delta"": 0.005, ""min_instances"": 5, ""threshold"": 0.1}}","{""error_rate"": {""min_instances"": 5, ""threshold"": 0.1}}",0.1,0.005,0.15,5,0.05,0.005,0.1,30,,,,-1,two_stage,2,0.5,"__confirm_cooldown=200,__confirm_rule=perm_test,__perm_alpha=0.01,__perm_min_effect=0,__perm_n_perm=200,__perm_post_n=10,__perm_pre_n=500,__perm_rng_seed=0,__perm_stat=vote_score,divergence=0.3,error_rate=0.5,teacher_entropy=0.2",3,0,200,0.0,0,10000,10.0,25.0,200,500,0,0,1.0,0.7173349056603774,0.4377352746874224,0.8333333333333334,0.6805078387260437,0.0009410365018993616,0,0,45,44,-1,perm_test,0.004975124378109453,0.46895093192803017,44,44,0,0.0,0.5,0,0.0,0.0,0.0,0.0,0,none,0,1,0,overconfident,0.95,0,mild_drift,0.9580645162213232,0.001322580644042612,0.7903225811112774,0.8535483872226255,1768220037.2781382,0.700067937374115,0.0037738897372037172
266,17024,17023,sine_abrupt4,sine,ts_drift_adapt,5,"error_divergence_ph_meta@error.threshold=0.10,error.min_instances=5",error_divergence_ph_meta,"{""divergence"": {""alpha"": 0.1, ""delta"": 0.005, ""min_instances"": 30, ""threshold"": 0.05}, ""error_rate"": {""alpha"": 0.15, ""delta"": 0.005, ""min_instances"": 5, ""threshold"": 0.1}}","{""error_rate"": {""min_instances"": 5, ""threshold"": 0.1}}",0.1,0.005,0.15,5,0.05,0.005,0.1,30,,,,-1,two_stage,2,0.5,"__confirm_cooldown=200,__confirm_rule=perm_test,__perm_alpha=0.01,__perm_min_effect=0,__perm_n_perm=200,__perm_post_n=10,__perm_pre_n=500,__perm_rng_seed=0,__perm_stat=vote_score,divergence=0.3,error_rate=0.5,teacher_entropy=0.2",3,0,200,0.0,0,10000,10.0,25.0,200,500,0,0,1.0,0.7173402255639098,0.4377316900353572,0.3333333333333333,0.6795294284820557,0.0015168213285505772,1,1,46,45,0,perm_test,0.004975124378109453,0.440382851672465,45,45,0,0.16666666666666669,0.5,1,0.5,0.0,0.0,0.0,0,none,1,1,0,overconfident,0.95,0,severe_drift,0.9245322581106616,0.001661290322021306,0.6451612905556388,0.8317741936113128,1768220037.2930882,0.604454755783081,0.006099684163928032
267,17088,17087,sine_abrupt4,sine,ts_drift_adapt,5,"error_divergence_ph_meta@error.threshold=0.10,error.min_instances=5",error_divergence_ph_meta,"{""divergence"": {""alpha"": 0.1, ""delta"": 0.005, ""min_instances"": 30, ""threshold"": 0.05}, ""error_rate"": {""alpha"": 0.15, ""delta"": 0.005, ""min_instances"": 5, ""threshold"": 0.1}}","{""error_rate"": {""min_instances"": 5, ""threshold"": 0.1}}",0.1,0.005,0.15,5,0.05,0.005,0.1,30,,,,-1,two_stage,2,0.5,"__confirm_cooldown=200,__confirm_rule=perm_test,__perm_alpha=0.01,__perm_min_effect=0,__perm_n_perm=200,__perm_post_n=10,__perm_pre_n=500,__perm_rng_seed=0,__perm_stat=vote_score,divergence=0.3,error_rate=0.5,teacher_entropy=0.2",3,0,200,0.0,0,10000,10.0,25.0,200,500,1,136,1.0,0.7173455056179775,0.4377596677462684,0.3333333333333333,0.6807694435119629,0.001062334282323718,0,0,46,45,-1,perm_test,0.004975124378109453,0.440382851672465,45,45,0,0.0,0.0004544870462268591,0,0.0,0.0,0.0,0.0,0,none,0,1,0,overconfident,0.95,0,mild_drift,0.9424161290553308,0.0014806451610106532,0.7225806452778194,0.8433870968056564,1768220037.301676,0.6229798197746277,0.004255077801644802
268,17152,17151,sine_abrupt4,sine,ts_drift_adapt,5,"error_divergence_ph_meta@error.threshold=0.10,error.min_instances=5",error_divergence_ph_meta,"{""divergence"": {""alpha"": 0.1, ""delta"": 0.005, ""min_instances"": 30, ""threshold"": 0.05}, ""error_rate"": {""alpha"": 0.15, ""delta"": 0.005, ""min_instances"": 5, ""threshold"": 0.1}}","{""error_rate"": {""min_instances"": 5, ""threshold"": 0.1}}",0.1,0.005,0.15,5,0.05,0.005,0.1,30,,,,-1,two_stage,2,0.5,"__confirm_cooldown=200,__confirm_rule=perm_test,__perm_alpha=0.01,__perm_min_effect=0,__perm_n_perm=200,__perm_post_n=10,__perm_pre_n=500,__perm_rng_seed=0,__perm_stat=vote_score,divergence=0.3,error_rate=0.5,teacher_entropy=0.2",3,0,200,0.0,0,10000,10.0,25.0,200,500,1,72,1.0,0.7173507462686567,0.43776889042568295,0.16666666666666666,0.6805039048194885,0.001277217990718782,0,0,46,45,-1,perm_test,0.004975124378109453,0.440382851672465,45,45,0,0.0,0.16666666666666666,0,0.0,0.0,0.0,0.0,0,none,0,1,0,overconfident,0.95,0,mild_drift,0.9513580645276654,0.0013903225805053268,0.7612903226389097,0.8491935484028281,1768220037.3101158,0.6091203689575195,0.005117212887853384
269,17216,17215,sine_abrupt4,sine,ts_drift_adapt,5,"error_divergence_ph_meta@error.threshold=0.10,error.min_instances=5",error_divergence_ph_meta,"{""divergence"": {""alpha"": 0.1, ""delta"": 0.005, ""min_instances"": 30, ""threshold"": 0.05}, ""error_rate"": {""alpha"": 0.15, ""delta"": 0.005, ""min_instances"": 5, ""threshold"": 0.1}}","{""error_rate"": {""min_instances"": 5, ""threshold"": 0.1}}",0.1,0.005,0.15,5,0.05,0.005,0.1,30,,,,-1,two_stage,2,0.5,"__confirm_cooldown=200,__confirm_rule=perm_test,__perm_alpha=0.01,__perm_min_effect=0,__perm_n_perm=200,__perm_post_n=10,__perm_pre_n=500,__perm_rng_seed=0,__perm_stat=vote_score,divergence=0.3,error_rate=0.5,teacher_entropy=0.2",3,0,200,0.0,0,10000,10.0,25.0,200,500,1,8,1.0,0.717878717472119,0.43869743502967423,0.0,0.6797162890434265,0.0011441941605880857,0,0,46,45,-1,perm_test,0.004975124378109453,0.440382851672465,45,45,0,0.0,0.16666666666666666,0,0.0,0.0,0.0,0.0,0,none,0,1,0,overconfident,0.95,0,mild_drift,0.9558290322638326,0.0013451612902526636,0.7806451613194549,0.852096774201414,1768220037.318539,0.4949740171432495,0.004582060966640711
270,17280,17279,sine_abrupt4,sine,ts_drift_adapt,5,"error_divergence_ph_meta@error.threshold=0.10,error.min_instances=5",error_divergence_ph_meta,"{""divergence"": {""alpha"": 0.1, ""delta"": 0.005, ""min_instances"": 30, ""threshold"": 0.05}, ""error_rate"": {""alpha"": 0.15, ""delta"": 0.005, ""min_instances"": 5, ""threshold"": 0.1}}","{""error_rate"": {""min_instances"": 5, ""threshold"": 0.1}}",0.1,0.005,0.15,5,0.05,0.005,0.1,30,,,,-1,two_stage,2,0.5,"__confirm_cooldown=200,__confirm_rule=perm_test,__perm_alpha=0.01,__perm_min_effect=0,__perm_n_perm=200,__perm_post_n=10,__perm_pre_n=500,__perm_rng_seed=0,__perm_stat=vote_score,divergence=0.3,error_rate=0.5,teacher_entropy=0.2",3,0,200,0.0,0,10000,10.0,25.0,200,500,0,0,1.0,0.7179976851851851,0.4389277682828101,0.5,0.681597888469696,0.0013351942179724574,0,0,46,45,-1,perm_test,0.004975124378109453,0.440382851672465,45,45,0,0.0,0.5,0,0.0,0.0,0.0,0.0,0,none,0,1,0,overconfident,0.95,0,mild_drift,0.9580645161319163,0.001322580645126332,0.7903225806597275,0.853548387100707,1768220037.327057,0.6765491366386414,0.005349141079932451
271,17344,17343,sine_abrupt4,sine,ts_drift_adapt,5,"error_divergence_ph_meta@error.threshold=0.10,error.min_instances=5",error_divergence_ph_meta,"{""divergence"": {""alpha"": 0.1, ""delta"": 0.005, ""min_instances"": 30, ""threshold"": 0.05}, ""error_rate"": {""alpha"": 0.15, ""delta"": 0.005, ""min_instances"": 5, ""threshold"": 0.1}}","{""error_rate"": {""min_instances"": 5, ""threshold"": 0.1}}",0.1,0.005,0.15,5,0.05,0.005,0.1,30,,,,-1,two_stage,2,0.5,"__confirm_cooldown=200,__confirm_rule=perm_test,__perm_alpha=0.01,__perm_min_effect=0,__perm_n_perm=200,__perm_post_n=10,__perm_pre_n=500,__perm_rng_seed=0,__perm_stat=vote_score,divergence=0.3,error_rate=0.5,teacher_entropy=0.2",3,0,200,0.0,0,10000,10.0,25.0,200,500,0,0,1.0,0.7183464022140221,0.4396127152335682,0.0,0.6804128885269165,0.001644975389353931,1,1,47,46,0,perm_test,0.004975124378109453,0.45230971498918787,46,46,0,0.3333333333333333,0.5,1,0.5,0.0,0.0,0.0,0,none,1,1,0,overconfident,0.95,0,severe_drift,0.9245322580659582,0.001661290322563166,0.6451612903298638,0.8317741935503535,1768220037.3420558,0.524564266204834,0.006589640863239765
272,17408,17407,sine_abrupt4,sine,ts_drift_adapt,5,"error_divergence_ph_meta@error.threshold=0.10,error.min_instances=5",error_divergence_ph_meta,"{""divergence"": {""alpha"": 0.1, ""delta"": 0.005, ""min_instances"": 30, ""threshold"": 0.05}, ""error_rate"": {""alpha"": 0.15, ""delta"": 0.005, ""min_instances"": 5, ""threshold"": 0.1}}","{""error_rate"": {""min_instances"": 5, ""threshold"": 0.1}}",0.1,0.005,0.15,5,0.05,0.005,0.1,30,,,,-1,two_stage,2,0.5,"__confirm_cooldown=200,__confirm_rule=perm_test,__perm_alpha=0.01,__perm_min_effect=0,__perm_n_perm=200,__perm_post_n=10,__perm_pre_n=500,__perm_rng_seed=0,__perm_stat=vote_score,divergence=0.3,error_rate=0.5,teacher_entropy=0.2",3,0,200,0.0,0,10000,10.0,25.0,200,500,1,136,1.0,0.7185776654411765,0.44013211974103883,0.0,0.6829045414924622,0.0016107307747006416,0,0,47,46,-1,perm_test,0.004975124378109453,0.45230971498918787,46,46,0,0.0,3.424461465328932e-05,0,0.0,0.0,0.0,0.0,0,none,0,1,0,overconfident,0.95,0,mild_drift,0.9424161290329791,0.0014806451612815832,0.7225806451649319,0.8433870967751768,1768220037.3506405,0.5636159777641296,0.006462699268013239
273,17472,17471,sine_abrupt4,sine,ts_drift_adapt,5,"error_divergence_ph_meta@error.threshold=0.10,error.min_instances=5",error_divergence_ph_meta,"{""divergence"": {""alpha"": 0.1, ""delta"": 0.005, ""min_instances"": 30, ""threshold"": 0.05}, ""error_rate"": {""alpha"": 0.15, ""delta"": 0.005, ""min_instances"": 5, ""threshold"": 0.1}}","{""error_rate"": {""min_instances"": 5, ""threshold"": 0.1}}",0.1,0.005,0.15,5,0.05,0.005,0.1,30,,,,-1,two_stage,2,0.5,"__confirm_cooldown=200,__confirm_rule=perm_test,__perm_alpha=0.01,__perm_min_effect=0,__perm_n_perm=200,__perm_post_n=10,__perm_pre_n=500,__perm_rng_seed=0,__perm_stat=vote_score,divergence=0.3,error_rate=0.5,teacher_entropy=0.2",3,0,200,0.0,0,10000,10.0,25.0,200,500,1,72,1.0,0.7189217032967034,0.44074477720555166,0.3333333333333333,0.68189936876297,0.0016266120364889503,0,0,47,46,-1,perm_test,0.004975124378109453,0.45230971498918787,46,46,0,0.0,0.3333333333333333,0,0.0,0.0,0.0,0.0,0,none,0,1,0,overconfident,0.95,0,mild_drift,0.9513580645164895,0.0013903225806407918,0.761290322582466,0.8491935483875883,1768220037.3591807,0.6025680899620056,0.006555486004799604
274,17536,17535,sine_abrupt4,sine,ts_drift_adapt,5,"error_divergence_ph_meta@error.threshold=0.10,error.min_instances=5",error_divergence_ph_meta,"{""divergence"": {""alpha"": 0.1, ""delta"": 0.005, ""min_instances"": 30, ""threshold"": 0.05}, ""error_rate"": {""alpha"": 0.15, ""delta"": 0.005, ""min_instances"": 5, ""threshold"": 0.1}}","{""error_rate"": {""min_instances"": 5, ""threshold"": 0.1}}",0.1,0.005,0.15,5,0.05,0.005,0.1,30,,,,-1,two_stage,2,0.5,"__confirm_cooldown=200,__confirm_rule=perm_test,__perm_alpha=0.01,__perm_min_effect=0,__perm_n_perm=200,__perm_post_n=10,__perm_pre_n=500,__perm_rng_seed=0,__perm_stat=vote_score,divergence=0.3,error_rate=0.5,teacher_entropy=0.2",3,0,200,0.0,0,10000,10.0,25.0,200,500,1,8,1.0,0.7193202554744526,0.4415434846576397,0.0,0.6822655200958252,0.0018702202942222357,0,0,47,46,-1,perm_test,0.004975124378109453,0.45230971498918787,46,46,0,0.0,0.3333333333333333,0,0.0,0.0,0.0,0.0,0,none,0,1,0,overconfident,0.95,0,mild_drift,0.9558290322582448,0.0013451612903203959,0.7806451612912331,0.8520967741937941,1768220037.3676414,0.5076474547386169,0.007516230922192335
275,17600,17599,sine_abrupt4,sine,ts_drift_adapt,5,"error_divergence_ph_meta@error.threshold=0.10,error.min_instances=5",error_divergence_ph_meta,"{""divergence"": {""alpha"": 0.1, ""delta"": 0.005, ""min_instances"": 30, ""threshold"": 0.05}, ""error_rate"": {""alpha"": 0.15, ""delta"": 0.005, ""min_instances"": 5, ""threshold"": 0.1}}","{""error_rate"": {""min_instances"": 5, ""threshold"": 0.1}}",0.1,0.005,0.15,5,0.05,0.005,0.1,30,,,,-1,two_stage,2,0.5,"__confirm_cooldown=200,__confirm_rule=perm_test,__perm_alpha=0.01,__perm_min_effect=0,__perm_n_perm=200,__perm_post_n=10,__perm_pre_n=500,__perm_rng_seed=0,__perm_stat=vote_score,divergence=0.3,error_rate=0.5,teacher_entropy=0.2",3,0,200,0.0,0,10000,10.0,25.0,200,500,0,0,1.0,0.7196590909090909,0.44227121314347667,0.16666666666666666,0.679716944694519,0.002173063578084111,0,0,47,46,-1,perm_test,0.004975124378109453,0.45230971498918787,46,46,0,0.0,0.16666666666666666,0,0.0,0.0,0.0,0.0,0,none,0,1,0,overconfident,0.95,0,mild_drift,0.9580645161291224,0.0013225806451601981,0.7903225806456166,0.8535483870968971,1768220037.3759778,0.5524089932441711,0.0087370490655303
276,17664,17663,sine_abrupt4,sine,ts_drift_adapt,5,"error_divergence_ph_meta@error.threshold=0.10,error.min_instances=5",error_divergence_ph_meta,"{""divergence"": {""alpha"": 0.1, ""delta"": 0.005, ""min_instances"": 30, ""threshold"": 0.05}, ""error_rate"": {""alpha"": 0.15, ""delta"": 0.005, ""min_instances"": 5, ""threshold"": 0.1}}","{""error_rate"": {""min_instances"": 5, ""threshold"": 0.1}}",0.1,0.005,0.15,5,0.05,0.005,0.1,30,,,,-1,two_stage,2,0.5,"__confirm_cooldown=200,__confirm_rule=perm_test,__perm_alpha=0.01,__perm_min_effect=0,__perm_n_perm=200,__perm_post_n=10,__perm_pre_n=500,__perm_rng_seed=0,__perm_stat=vote_score,divergence=0.3,error_rate=0.5,teacher_entropy=0.2",3,0,200,0.0,0,10000,10.0,25.0,200,500,0,0,1.0,0.7202785326086957,0.44352190555907933,0.16666666666666666,0.6782397031784058,0.0023169333580881357,1,1,48,47,0,perm_test,0.004975124378109453,0.4467876221391772,47,47,0,0.16666666666666666,0.0001438697800040245,1,0.5,0.0,0.0,0.0,0,none,1,1,0,overconfident,0.95,0,severe_drift,0.9245322580645612,0.001661290322580099,0.6451612903228083,0.8317741935484486,1768220037.3909538,0.6267980933189392,0.009382986463606358
277,17728,17727,sine_abrupt4,sine,ts_drift_adapt,5,"error_divergence_ph_meta@error.threshold=0.10,error.min_instances=5",error_divergence_ph_meta,"{""divergence"": {""alpha"": 0.1, ""delta"": 0.005, ""min_instances"": 30, ""threshold"": 0.05}, ""error_rate"": {""alpha"": 0.15, ""delta"": 0.005, ""min_instances"": 5, ""threshold"": 0.1}}","{""error_rate"": {""min_instances"": 5, ""threshold"": 0.1}}",0.1,0.005,0.15,5,0.05,0.005,0.1,30,,,,-1,two_stage,2,0.5,"__confirm_cooldown=200,__confirm_rule=perm_test,__perm_alpha=0.01,__perm_min_effect=0,__perm_n_perm=200,__perm_post_n=10,__perm_pre_n=500,__perm_rng_seed=0,__perm_stat=vote_score,divergence=0.3,error_rate=0.5,teacher_entropy=0.2",3,0,200,0.0,0,10000,10.0,25.0,200,500,1,136,1.0,0.7208370938628159,0.4446830156708282,0.16666666666666666,0.6813903450965881,0.002431233413517475,0,0,48,47,-1,perm_test,0.004975124378109453,0.4467876221391772,47,47,0,0.0,0.00011430005542933941,0,0.0,0.0,0.0,0.0,0,none,0,1,0,overconfident,0.95,0,mild_drift,0.9424161290322806,0.0014806451612900495,0.7225806451614042,0.8433870967742243,1768220037.3995166,0.6138015985488892,0.009830175898969173
278,17792,17791,sine_abrupt4,sine,ts_drift_adapt,5,"error_divergence_ph_meta@error.threshold=0.10,error.min_instances=5",error_divergence_ph_meta,"{""divergence"": {""alpha"": 0.1, ""delta"": 0.005, ""min_instances"": 30, ""threshold"": 0.05}, ""error_rate"": {""alpha"": 0.15, ""delta"": 0.005, ""min_instances"": 5, ""threshold"": 0.1}}","{""error_rate"": {""min_instances"": 5, ""threshold"": 0.1}}",0.1,0.005,0.15,5,0.05,0.005,0.1,30,,,,-1,two_stage,2,0.5,"__confirm_cooldown=200,__confirm_rule=perm_test,__perm_alpha=0.01,__perm_min_effect=0,__perm_n_perm=200,__perm_post_n=10,__perm_pre_n=500,__perm_rng_seed=0,__perm_stat=vote_score,divergence=0.3,error_rate=0.5,teacher_entropy=0.2",3,0,200,0.0,0,10000,10.0,25.0,200,500,1,72,1.0,0.7213354316546763,0.4457373807847679,0.16666666666666666,0.6803946495056152,0.0031668036244809628,0,0,48,47,-1,perm_test,0.004975124378109453,0.4467876221391772,47,47,0,0.0,0.0007355702109634876,0,0.0,0.0,0.0,0.0,0,none,0,1,0,overconfident,0.95,0,mild_drift,0.9513580645161402,0.001390322580645025,0.7612903225807022,0.8491935483871121,1768220037.4078891,0.5823947191238403,0.012818013317883015
279,17856,17855,sine_abrupt4,sine,ts_drift_adapt,5,"error_divergence_ph_meta@error.threshold=0.10,error.min_instances=5",error_divergence_ph_meta,"{""divergence"": {""alpha"": 0.1, ""delta"": 0.005, ""min_instances"": 30, ""threshold"": 0.05}, ""error_rate"": {""alpha"": 0.15, ""delta"": 0.005, ""min_instances"": 5, ""threshold"": 0.1}}","{""error_rate"": {""min_instances"": 5, ""threshold"": 0.1}}",0.1,0.005,0.15,5,0.05,0.005,0.1,30,,,,-1,two_stage,2,0.5,"__confirm_cooldown=200,__confirm_rule=perm_test,__perm_alpha=0.01,__perm_min_effect=0,__perm_n_perm=200,__perm_post_n=10,__perm_pre_n=500,__perm_rng_seed=0,__perm_stat=vote_score,divergence=0.3,error_rate=0.5,teacher_entropy=0.2",3,0,200,0.0,0,10000,10.0,25.0,200,500,1,8,1.0,0.7219982078853047,0.44705655998840277,0.16666666666666666,0.6758406162261963,0.0033438634127378464,0,0,48,47,-1,perm_test,0.004975124378109453,0.4467876221391772,47,47,0,0.0,0.00017705978825688362,0,0.0,0.0,0.0,0.0,0,none,0,1,0,overconfident,0.95,0,mild_drift,0.95582903225807,0.0013451612903225127,0.7806451612903511,0.8520967741935561,1768220037.4164667,0.6018235683441162,0.01360603328794241
280,17920,17919,sine_abrupt4,sine,ts_drift_adapt,5,"error_divergence_ph_meta@error.threshold=0.10,error.min_instances=5",error_divergence_ph_meta,"{""divergence"": {""alpha"": 0.1, ""delta"": 0.005, ""min_instances"": 30, ""threshold"": 0.05}, ""error_rate"": {""alpha"": 0.15, ""delta"": 0.005, ""min_instances"": 5, ""threshold"": 0.1}}","{""error_rate"": {""min_instances"": 5, ""threshold"": 0.1}}",0.1,0.005,0.15,5,0.05,0.005,0.1,30,,,,-1,two_stage,2,0.5,"__confirm_cooldown=200,__confirm_rule=perm_test,__perm_alpha=0.01,__perm_min_effect=0,__perm_n_perm=200,__perm_post_n=10,__perm_pre_n=500,__perm_rng_seed=0,__perm_stat=vote_score,divergence=0.3,error_rate=0.5,teacher_entropy=0.2",3,0,200,0.0,0,10000,10.0,25.0,200,500,0,0,1.0,0.7227678571428572,0.4485335151019262,0.16666666666666666,0.6773073673248291,0.003342736279591918,0,0,48,47,-1,perm_test,0.004975124378109453,0.4467876221391772,47,47,0,0.0,1.1271331459283829e-06,0,0.0,0.0,0.0,0.0,0,none,0,1,0,overconfident,0.95,0,mild_drift,0.958064516129035,0.0013225806451612563,0.7903225806451756,0.853548387096778,1768220037.4249694,0.5489139556884766,0.013499113731086254
281,17984,17983,sine_abrupt4,sine,ts_drift_adapt,5,"error_divergence_ph_meta@error.threshold=0.10,error.min_instances=5",error_divergence_ph_meta,"{""divergence"": {""alpha"": 0.1, ""delta"": 0.005, ""min_instances"": 30, ""threshold"": 0.05}, ""error_rate"": {""alpha"": 0.15, ""delta"": 0.005, ""min_instances"": 5, ""threshold"": 0.1}}","{""error_rate"": {""min_instances"": 5, ""threshold"": 0.1}}",0.1,0.005,0.15,5,0.05,0.005,0.1,30,,,,-1,two_stage,2,0.5,"__confirm_cooldown=200,__confirm_rule=perm_test,__perm_alpha=0.01,__perm_min_effect=0,__perm_n_perm=200,__perm_post_n=10,__perm_pre_n=500,__perm_rng_seed=0,__perm_stat=vote_score,divergence=0.3,error_rate=0.5,teacher_entropy=0.2",3,0,200,0.0,0,10000,10.0,25.0,200,500,0,0,1.0,0.7233652135231317,0.4496256486908125,0.3333333333333333,0.677788496017456,0.002849876880645752,1,1,49,48,0,perm_test,0.004975124378109453,0.4301923310742822,48,48,0,0.16666666666666666,0.16666666666666666,1,0.5,0.0,0.0,0.0,0,none,1,1,0,overconfident,0.95,0,severe_drift,0.9245322580645174,0.0016612903225806282,0.6451612903225878,0.8317741935483891,1768220037.4400458,0.5348040461540222,0.011503783985972404
282,18048,18047,sine_abrupt4,sine,ts_drift_adapt,5,"error_divergence_ph_meta@error.threshold=0.10,error.min_instances=5",error_divergence_ph_meta,"{""divergence"": {""alpha"": 0.1, ""delta"": 0.005, ""min_instances"": 30, ""threshold"": 0.05}, ""error_rate"": {""alpha"": 0.15, ""delta"": 0.005, ""min_instances"": 5, ""threshold"": 0.1}}","{""error_rate"": {""min_instances"": 5, ""threshold"": 0.1}}",0.1,0.005,0.15,5,0.05,0.005,0.1,30,,,,-1,two_stage,2,0.5,"__confirm_cooldown=200,__confirm_rule=perm_test,__perm_alpha=0.01,__perm_min_effect=0,__perm_n_perm=200,__perm_post_n=10,__perm_pre_n=500,__perm_rng_seed=0,__perm_stat=vote_score,divergence=0.3,error_rate=0.5,teacher_entropy=0.2",3,0,200,0.0,0,10000,10.0,25.0,200,500,1,136,1.0,0.7239583333333334,0.45072309081739176,0.0,0.6754285097122192,0.00398664316162467,0,0,49,48,-1,perm_test,0.004975124378109453,0.4301923310742822,48,48,0,0.0,0.3333333333333333,0,0.0,0.0,0.0,0.0,0,none,0,1,0,overconfident,0.95,0,mild_drift,0.9424161290322587,0.001480645161290314,0.7225806451612939,0.8433870967741945,1768220037.4486241,0.505595326423645,0.01614369824528694
283,18112,18111,sine_abrupt4,sine,ts_drift_adapt,5,"error_divergence_ph_meta@error.threshold=0.10,error.min_instances=5",error_divergence_ph_meta,"{""divergence"": {""alpha"": 0.1, ""delta"": 0.005, ""min_instances"": 30, ""threshold"": 0.05}, ""error_rate"": {""alpha"": 0.15, ""delta"": 0.005, ""min_instances"": 5, ""threshold"": 0.1}}","{""error_rate"": {""min_instances"": 5, ""threshold"": 0.1}}",0.1,0.005,0.15,5,0.05,0.005,0.1,30,,,,-1,two_stage,2,0.5,"__confirm_cooldown=200,__confirm_rule=perm_test,__perm_alpha=0.01,__perm_min_effect=0,__perm_n_perm=200,__perm_post_n=10,__perm_pre_n=500,__perm_rng_seed=0,__perm_stat=vote_score,divergence=0.3,error_rate=0.5,teacher_entropy=0.2",3,0,200,0.0,0,10000,10.0,25.0,200,500,1,72,1.0,0.7247128975265018,0.4522147322050376,0.0,0.6813336610794067,0.005137203261256218,0,0,49,48,-1,perm_test,0.004975124378109453,0.4301923310742822,48,48,0,0.0,0.001150560099631548,0,0.0,0.0,0.0,0.0,0,none,0,1,0,overconfident,0.95,0,mild_drift,0.9513580645161293,0.0013903225806451572,0.761290322580647,0.8491935483870973,1768220037.45694,0.4578342139720917,0.020878726616501808
284,18176,18175,sine_abrupt4,sine,ts_drift_adapt,5,"error_divergence_ph_meta@error.threshold=0.10,error.min_instances=5",error_divergence_ph_meta,"{""divergence"": {""alpha"": 0.1, ""delta"": 0.005, ""min_instances"": 30, ""threshold"": 0.05}, ""error_rate"": {""alpha"": 0.15, ""delta"": 0.005, ""min_instances"": 5, ""threshold"": 0.1}}","{""error_rate"": {""min_instances"": 5, ""threshold"": 0.1}}",0.1,0.005,0.15,5,0.05,0.005,0.1,30,,,,-1,two_stage,2,0.5,"__confirm_cooldown=200,__confirm_rule=perm_test,__perm_alpha=0.01,__perm_min_effect=0,__perm_n_perm=200,__perm_post_n=10,__perm_pre_n=500,__perm_rng_seed=0,__perm_stat=vote_score,divergence=0.3,error_rate=0.5,teacher_entropy=0.2",3,0,200,0.0,0,10000,10.0,25.0,200,500,1,8,1.0,0.7253521126760564,0.45334962240498367,0.0,0.6722365617752075,0.003372690873220563,0,0,49,48,-1,perm_test,0.004975124378109453,0.4301923310742822,48,48,0,0.0,0.001764512388035655,0,0.0,0.0,0.0,0.0,0,none,0,1,0,overconfident,0.95,0,mild_drift,0.9558290322580646,0.0013451612903225786,0.7806451612903236,0.8520967741935486,1768220037.465497,0.4778628349304199,0.013671406544744968
285,18240,18239,sine_abrupt4,sine,ts_drift_adapt,5,"error_divergence_ph_meta@error.threshold=0.10,error.min_instances=5",error_divergence_ph_meta,"{""divergence"": {""alpha"": 0.1, ""delta"": 0.005, ""min_instances"": 30, ""threshold"": 0.05}, ""error_rate"": {""alpha"": 0.15, ""delta"": 0.005, ""min_instances"": 5, ""threshold"": 0.1}}","{""error_rate"": {""min_instances"": 5, ""threshold"": 0.1}}",0.1,0.005,0.15,5,0.05,0.005,0.1,30,,,,-1,two_stage,2,0.5,"__confirm_cooldown=200,__confirm_rule=perm_test,__perm_alpha=0.01,__perm_min_effect=0,__perm_n_perm=200,__perm_post_n=10,__perm_pre_n=500,__perm_rng_seed=0,__perm_stat=vote_score,divergence=0.3,error_rate=0.5,teacher_entropy=0.2",3,0,200,0.0,0,10000,10.0,25.0,200,500,0,0,1.0,0.7260416666666667,0.4547410041784737,0.0,0.67774498462677,0.005997810512781143,0,0,49,48,-1,perm_test,0.004975124378109453,0.4301923310742822,48,48,0,0.0,0.0026251196395605803,0,0.0,0.0,0.0,0.0,0,none,0,1,0,overconfident,0.95,0,mild_drift,0.9580645161290322,0.0013225806451612893,0.7903225806451618,0.8535483870967743,1768220037.47412,0.5059662461280823,0.024476338177919388
286,18304,18303,sine_abrupt4,sine,ts_drift_adapt,5,"error_divergence_ph_meta@error.threshold=0.10,error.min_instances=5",error_divergence_ph_meta,"{""divergence"": {""alpha"": 0.1, ""delta"": 0.005, ""min_instances"": 30, ""threshold"": 0.05}, ""error_rate"": {""alpha"": 0.15, ""delta"": 0.005, ""min_instances"": 5, ""threshold"": 0.1}}","{""error_rate"": {""min_instances"": 5, ""threshold"": 0.1}}",0.1,0.005,0.15,5,0.05,0.005,0.1,30,,,,-1,two_stage,2,0.5,"__confirm_cooldown=200,__confirm_rule=perm_test,__perm_alpha=0.01,__perm_min_effect=0,__perm_n_perm=200,__perm_post_n=10,__perm_pre_n=500,__perm_rng_seed=0,__perm_stat=vote_score,divergence=0.3,error_rate=0.5,teacher_entropy=0.2",3,0,200,0.0,0,10000,10.0,25.0,200,500,0,0,1.0,0.7263986013986014,0.45536435243693496,0.3333333333333333,0.6772142052650452,0.006873482372611761,1,1,50,49,0,perm_test,0.004975124378109453,0.4346644739345119,49,49,0,0.0,0.3333333333333333,1,0.5,0.0,0.0,0.0,0,none,1,1,0,overconfident,0.95,0,stable,0.9740322580645161,0.0010612903225806446,0.895161290322581,0.8992741935483872,1768220037.4890654,0.5510513186454773,0.02806526981294155
287,18368,18367,sine_abrupt4,sine,ts_drift_adapt,5,"error_divergence_ph_meta@error.threshold=0.10,error.min_instances=5",error_divergence_ph_meta,"{""divergence"": {""alpha"": 0.1, ""delta"": 0.005, ""min_instances"": 30, ""threshold"": 0.05}, ""error_rate"": {""alpha"": 0.15, ""delta"": 0.005, ""min_instances"": 5, ""threshold"": 0.1}}","{""error_rate"": {""min_instances"": 5, ""threshold"": 0.1}}",0.1,0.005,0.15,5,0.05,0.005,0.1,30,,,,-1,two_stage,2,0.5,"__confirm_cooldown=200,__confirm_rule=perm_test,__perm_alpha=0.01,__perm_min_effect=0,__perm_n_perm=200,__perm_post_n=10,__perm_pre_n=500,__perm_rng_seed=0,__perm_stat=vote_score,divergence=0.3,error_rate=0.5,teacher_entropy=0.2",3,0,200,0.0,0,10000,10.0,25.0,200,500,1,136,1.0,0.7271885888501742,0.4568880044665896,0.0,0.6720663905143738,0.005523921921849251,0,0,50,49,-1,perm_test,0.004975124378109453,0.4346644739345119,49,49,0,0.0,0.3333333333333333,0,0.0,0.0,0.0,0.0,0,none,0,1,0,overconfident,0.95,0,mild_drift,0.967166129032258,0.0011806451612903224,0.8475806451612905,0.8771370967741936,1768220037.4974976,0.5067849159240723,0.022660890594124794
288,18432,18431,sine_abrupt4,sine,ts_drift_adapt,5,"error_divergence_ph_meta@error.threshold=0.10,error.min_instances=5",error_divergence_ph_meta,"{""divergence"": {""alpha"": 0.1, ""delta"": 0.005, ""min_instances"": 30, ""threshold"": 0.05}, ""error_rate"": {""alpha"": 0.15, ""delta"": 0.005, ""min_instances"": 5, ""threshold"": 0.1}}","{""error_rate"": {""min_instances"": 5, ""threshold"": 0.1}}",0.1,0.005,0.15,5,0.05,0.005,0.1,30,,,,-1,two_stage,2,0.5,"__confirm_cooldown=200,__confirm_rule=perm_test,__perm_alpha=0.01,__perm_min_effect=0,__perm_n_perm=200,__perm_post_n=10,__perm_pre_n=500,__perm_rng_seed=0,__perm_stat=vote_score,divergence=0.3,error_rate=0.5,teacher_entropy=0.2",3,0,200,0.0,0,10000,10.0,25.0,200,500,1,72,1.0,0.7278645833333334,0.4581279975153398,0.16666666666666666,0.6730491518974304,0.005626979749649763,0,0,50,49,-1,perm_test,0.004975124378109453,0.4346644739345119,49,49,0,0.0,0.16666666666666666,0,0.0,0.0,0.0,0.0,0,none,0,1,0,overconfident,0.95,0,mild_drift,0.963733064516129,0.0012403225806451612,0.8237903225806453,0.8660685483870968,1768220037.505862,0.553763210773468,0.02305232733488083
289,18496,18495,sine_abrupt4,sine,ts_drift_adapt,5,"error_divergence_ph_meta@error.threshold=0.10,error.min_instances=5",error_divergence_ph_meta,"{""divergence"": {""alpha"": 0.1, ""delta"": 0.005, ""min_instances"": 30, ""threshold"": 0.05}, ""error_rate"": {""alpha"": 0.15, ""delta"": 0.005, ""min_instances"": 5, ""threshold"": 0.1}}","{""error_rate"": {""min_instances"": 5, ""threshold"": 0.1}}",0.1,0.005,0.15,5,0.05,0.005,0.1,30,,,,-1,two_stage,2,0.5,"__confirm_cooldown=200,__confirm_rule=perm_test,__perm_alpha=0.01,__perm_min_effect=0,__perm_n_perm=200,__perm_post_n=10,__perm_pre_n=500,__perm_rng_seed=0,__perm_stat=vote_score,divergence=0.3,error_rate=0.5,teacher_entropy=0.2",3,0,200,0.0,0,10000,10.0,25.0,200,500,1,8,1.0,0.7281033737024222,0.4585070579147761,0.0,0.6805737018585205,0.00503593310713768,0,0,50,49,-1,perm_test,0.004975124378109453,0.4346644739345119,49,49,0,0.0,0.16666666666666666,0,0.0,0.0,0.0,0.0,0,none,0,1,0,overconfident,0.95,0,mild_drift,0.9620165322580645,0.0012701612903225808,0.8118951612903227,0.8605342741935484,1768220037.5143688,0.478952556848526,0.02062038518488407
290,18560,18559,sine_abrupt4,sine,ts_drift_adapt,5,"error_divergence_ph_meta@error.threshold=0.10,error.min_instances=5",error_divergence_ph_meta,"{""divergence"": {""alpha"": 0.1, ""delta"": 0.005, ""min_instances"": 30, ""threshold"": 0.05}, ""error_rate"": {""alpha"": 0.15, ""delta"": 0.005, ""min_instances"": 5, ""threshold"": 0.1}}","{""error_rate"": {""min_instances"": 5, ""threshold"": 0.1}}",0.1,0.005,0.15,5,0.05,0.005,0.1,30,,,,-1,two_stage,2,0.5,"__confirm_cooldown=200,__confirm_rule=perm_test,__perm_alpha=0.01,__perm_min_effect=0,__perm_n_perm=200,__perm_post_n=10,__perm_pre_n=500,__perm_rng_seed=0,__perm_stat=vote_score,divergence=0.3,error_rate=0.5,teacher_entropy=0.2",3,0,200,0.0,0,10000,10.0,25.0,200,500,0,0,1.0,0.7286099137931035,0.45957391263832104,0.3333333333333333,0.6815251111984253,0.006033121142536402,0,0,50,49,-1,perm_test,0.004975124378109453,0.4346644739345119,49,49,0,0.0,0.3333333333333333,0,0.0,0.0,0.0,0.0,0,none,0,1,0,overconfident,0.95,0,mild_drift,0.9611582661290322,0.0012850806451612904,0.8059475806451614,0.8577671370967742,1768220037.522887,0.5669978260993958,0.024675492197275162
291,18624,18623,sine_abrupt4,sine,ts_drift_adapt,5,"error_divergence_ph_meta@error.threshold=0.10,error.min_instances=5",error_divergence_ph_meta,"{""divergence"": {""alpha"": 0.1, ""delta"": 0.005, ""min_instances"": 30, ""threshold"": 0.05}, ""error_rate"": {""alpha"": 0.15, ""delta"": 0.005, ""min_instances"": 5, ""threshold"": 0.1}}","{""error_rate"": {""min_instances"": 5, ""threshold"": 0.1}}",0.1,0.005,0.15,5,0.05,0.005,0.1,30,,,,-1,two_stage,2,0.5,"__confirm_cooldown=200,__confirm_rule=perm_test,__perm_alpha=0.01,__perm_min_effect=0,__perm_n_perm=200,__perm_post_n=10,__perm_pre_n=500,__perm_rng_seed=0,__perm_stat=vote_score,divergence=0.3,error_rate=0.5,teacher_entropy=0.2",3,0,200,0.0,0,10000,10.0,25.0,200,500,0,0,1.0,0.7291666666666666,0.4606769564174394,0.0,0.6763820052146912,0.006377346348017454,1,1,51,50,0,perm_test,0.004975124378109453,0.43177672264840905,50,50,0,0.3333333333333333,0.3333333333333333,1,0.5,0.0,0.0,0.0,0,none,1,1,0,overconfident,0.95,0,severe_drift,0.9260791330645162,0.0016425403225806452,0.6529737903225807,0.8338835685483872,1768220037.5378258,0.420811265707016,0.026364803314208984
292,18688,18687,sine_abrupt4,sine,ts_drift_adapt,5,"error_divergence_ph_meta@error.threshold=0.10,error.min_instances=5",error_divergence_ph_meta,"{""divergence"": {""alpha"": 0.1, ""delta"": 0.005, ""min_instances"": 30, ""threshold"": 0.05}, ""error_rate"": {""alpha"": 0.15, ""delta"": 0.005, ""min_instances"": 5, ""threshold"": 0.1}}","{""error_rate"": {""min_instances"": 5, ""threshold"": 0.1}}",0.1,0.005,0.15,5,0.05,0.005,0.1,30,,,,-1,two_stage,2,0.5,"__confirm_cooldown=200,__confirm_rule=perm_test,__perm_alpha=0.01,__perm_min_effect=0,__perm_n_perm=200,__perm_post_n=10,__perm_pre_n=500,__perm_rng_seed=0,__perm_stat=vote_score,divergence=0.3,error_rate=0.5,teacher_entropy=0.2",3,0,200,0.0,0,10000,10.0,25.0,200,500,1,136,1.0,0.7296125856164384,0.4614375557737044,0.5,0.6731612682342529,0.005530507303774357,0,0,51,50,-1,perm_test,0.004975124378109453,0.43177672264840905,50,50,0,0.0,0.5,0,0.0,0.0,0.0,0.0,0,none,0,1,0,overconfident,0.95,0,mild_drift,0.943189566532258,0.0014712701612903227,0.7264868951612904,0.8444417842741936,1768220037.5464556,0.5378817915916443,0.02270277589559555
293,18752,18751,sine_abrupt4,sine,ts_drift_adapt,5,"error_divergence_ph_meta@error.threshold=0.10,error.min_instances=5",error_divergence_ph_meta,"{""divergence"": {""alpha"": 0.1, ""delta"": 0.005, ""min_instances"": 30, ""threshold"": 0.05}, ""error_rate"": {""alpha"": 0.15, ""delta"": 0.005, ""min_instances"": 5, ""threshold"": 0.1}}","{""error_rate"": {""min_instances"": 5, ""threshold"": 0.1}}",0.1,0.005,0.15,5,0.05,0.005,0.1,30,,,,-1,two_stage,2,0.5,"__confirm_cooldown=200,__confirm_rule=perm_test,__perm_alpha=0.01,__perm_min_effect=0,__perm_n_perm=200,__perm_post_n=10,__perm_pre_n=500,__perm_rng_seed=0,__perm_stat=vote_score,divergence=0.3,error_rate=0.5,teacher_entropy=0.2",3,0,200,0.0,0,10000,10.0,25.0,200,500,1,72,1.0,0.7303220989761092,0.4627923593440647,0.16666666666666666,0.672632098197937,0.005964992567896843,0,0,51,50,-1,perm_test,0.004975124378109453,0.43177672264840905,50,50,0,0.0,0.33333333333333337,0,0.0,0.0,0.0,0.0,0,none,0,1,0,overconfident,0.95,0,mild_drift,0.951744783266129,0.0013856350806451614,0.7632434475806452,0.8497208921370968,1768220037.5548363,0.5036713480949402,0.024834252893924713
294,18816,18815,sine_abrupt4,sine,ts_drift_adapt,5,"error_divergence_ph_meta@error.threshold=0.10,error.min_instances=5",error_divergence_ph_meta,"{""divergence"": {""alpha"": 0.1, ""delta"": 0.005, ""min_instances"": 30, ""threshold"": 0.05}, ""error_rate"": {""alpha"": 0.15, ""delta"": 0.005, ""min_instances"": 5, ""threshold"": 0.1}}","{""error_rate"": {""min_instances"": 5, ""threshold"": 0.1}}",0.1,0.005,0.15,5,0.05,0.005,0.1,30,,,,-1,two_stage,2,0.5,"__confirm_cooldown=200,__confirm_rule=perm_test,__perm_alpha=0.01,__perm_min_effect=0,__perm_n_perm=200,__perm_post_n=10,__perm_pre_n=500,__perm_rng_seed=0,__perm_stat=vote_score,divergence=0.3,error_rate=0.5,teacher_entropy=0.2",3,0,200,0.0,0,10000,10.0,25.0,200,500,1,8,1.0,0.7310267857142857,0.46417980571830225,0.16666666666666666,0.6719348430633545,0.005791245028376579,0,0,51,50,-1,perm_test,0.004975124378109453,0.43177672264840905,50,50,0,0.0,0.00017374753952026367,0,0.0,0.0,0.0,0.0,0,none,0,1,0,overconfident,0.95,0,mild_drift,0.9560223916330645,0.0013428175403225808,0.7816217237903227,0.8523604460685483,1768220037.5632088,0.4677741229534149,0.023882484063506126
295,18880,18879,sine_abrupt4,sine,ts_drift_adapt,5,"error_divergence_ph_meta@error.threshold=0.10,error.min_instances=5",error_divergence_ph_meta,"{""divergence"": {""alpha"": 0.1, ""delta"": 0.005, ""min_instances"": 30, ""threshold"": 0.05}, ""error_rate"": {""alpha"": 0.15, ""delta"": 0.005, ""min_instances"": 5, ""threshold"": 0.1}}","{""error_rate"": {""min_instances"": 5, ""threshold"": 0.1}}",0.1,0.005,0.15,5,0.05,0.005,0.1,30,,,,-1,two_stage,2,0.5,"__confirm_cooldown=200,__confirm_rule=perm_test,__perm_alpha=0.01,__perm_min_effect=0,__perm_n_perm=200,__perm_post_n=10,__perm_pre_n=500,__perm_rng_seed=0,__perm_stat=vote_score,divergence=0.3,error_rate=0.5,teacher_entropy=0.2",3,0,200,0.0,0,10000,10.0,25.0,200,500,0,0,1.0,0.7316737288135593,0.4653359603174364,0.0,0.6694159507751465,0.004691607318818569,0,0,51,50,-1,perm_test,0.004975124378109453,0.43177672264840905,50,50,0,0.0,0.16666666666666666,0,0.0,0.0,0.0,0.0,0,none,0,1,0,overconfident,0.95,0,mild_drift,0.9581611958165321,0.0013214087701612905,0.7908108618951614,0.8536802230342742,1768220037.5716662,0.3420596420764923,0.019593333825469017
296,18944,18943,sine_abrupt4,sine,ts_drift_adapt,5,"error_divergence_ph_meta@error.threshold=0.10,error.min_instances=5",error_divergence_ph_meta,"{""divergence"": {""alpha"": 0.1, ""delta"": 0.005, ""min_instances"": 30, ""threshold"": 0.05}, ""error_rate"": {""alpha"": 0.15, ""delta"": 0.005, ""min_instances"": 5, ""threshold"": 0.1}}","{""error_rate"": {""min_instances"": 5, ""threshold"": 0.1}}",0.1,0.005,0.15,5,0.05,0.005,0.1,30,,,,-1,two_stage,2,0.5,"__confirm_cooldown=200,__confirm_rule=perm_test,__perm_alpha=0.01,__perm_min_effect=0,__perm_n_perm=200,__perm_post_n=10,__perm_pre_n=500,__perm_rng_seed=0,__perm_stat=vote_score,divergence=0.3,error_rate=0.5,teacher_entropy=0.2",3,0,200,0.0,0,10000,10.0,25.0,200,500,0,0,1.0,0.7323690878378378,0.4666023579259472,0.0,0.6716752052307129,0.006672726012766361,1,1,52,51,0,perm_test,0.004975124378109453,0.45114656246714924,51,51,0,0.0,0.001981118693947792,1,0.5,0.0,0.0,0.0,0,none,1,1,0,overconfident,0.95,0,stable,0.9740805979082661,0.0010607043850806453,0.8954054309475807,0.8993401115171371,1768220037.586332,0.4603695571422577,0.028105245903134346
297,19008,19007,sine_abrupt4,sine,ts_drift_adapt,5,"error_divergence_ph_meta@error.threshold=0.10,error.min_instances=5",error_divergence_ph_meta,"{""divergence"": {""alpha"": 0.1, ""delta"": 0.005, ""min_instances"": 30, ""threshold"": 0.05}, ""error_rate"": {""alpha"": 0.15, ""delta"": 0.005, ""min_instances"": 5, ""threshold"": 0.1}}","{""error_rate"": {""min_instances"": 5, ""threshold"": 0.1}}",0.1,0.005,0.15,5,0.05,0.005,0.1,30,,,,-1,two_stage,2,0.5,"__confirm_cooldown=200,__confirm_rule=perm_test,__perm_alpha=0.01,__perm_min_effect=0,__perm_n_perm=200,__perm_post_n=10,__perm_pre_n=500,__perm_rng_seed=0,__perm_stat=vote_score,divergence=0.3,error_rate=0.5,teacher_entropy=0.2",3,0,200,0.0,0,10000,10.0,25.0,200,500,1,136,1.0,0.732901936026936,0.4677222190807672,0.0,0.6724673509597778,0.005880155134946108,0,0,52,51,-1,perm_test,0.004975124378109453,0.45114656246714924,51,51,0,0.0,0.0007925708778202534,0,0.0,0.0,0.0,0.0,0,none,0,1,0,overconfident,0.95,0,mild_drift,0.967190298954133,0.0011803521925403226,0.8477027154737904,0.8771700557585685,1768220037.5946808,0.424497127532959,0.02472413331270218
298,19072,19071,sine_abrupt4,sine,ts_drift_adapt,5,"error_divergence_ph_meta@error.threshold=0.10,error.min_instances=5",error_divergence_ph_meta,"{""divergence"": {""alpha"": 0.1, ""delta"": 0.005, ""min_instances"": 30, ""threshold"": 0.05}, ""error_rate"": {""alpha"": 0.15, ""delta"": 0.005, ""min_instances"": 5, ""threshold"": 0.1}}","{""error_rate"": {""min_instances"": 5, ""threshold"": 0.1}}",0.1,0.005,0.15,5,0.05,0.005,0.1,30,,,,-1,two_stage,2,0.5,"__confirm_cooldown=200,__confirm_rule=perm_test,__perm_alpha=0.01,__perm_min_effect=0,__perm_n_perm=200,__perm_post_n=10,__perm_pre_n=500,__perm_rng_seed=0,__perm_stat=vote_score,divergence=0.3,error_rate=0.5,teacher_entropy=0.2",3,0,200,0.0,0,10000,10.0,25.0,200,500,1,72,1.0,0.7332739093959731,0.46847962763707757,0.5,0.6706141233444214,0.008589284494519234,0,0,52,51,-1,perm_test,0.004975124378109453,0.45114656246714924,51,51,0,0.0,0.5,0,0.0,0.0,0.0,0.0,0,none,0,1,0,overconfident,0.95,0,mild_drift,0.9637451494770665,0.0012401760962701615,0.8238513577368952,0.8660850278792842,1768220037.603078,0.5863454341888428,0.03613867238163948
299,19136,19135,sine_abrupt4,sine,ts_drift_adapt,5,"error_divergence_ph_meta@error.threshold=0.10,error.min_instances=5",error_divergence_ph_meta,"{""divergence"": {""alpha"": 0.1, ""delta"": 0.005, ""min_instances"": 30, ""threshold"": 0.05}, ""error_rate"": {""alpha"": 0.15, ""delta"": 0.005, ""min_instances"": 5, ""threshold"": 0.1}}","{""error_rate"": {""min_instances"": 5, ""threshold"": 0.1}}",0.1,0.005,0.15,5,0.05,0.005,0.1,30,,,,-1,two_stage,2,0.5,"__confirm_cooldown=200,__confirm_rule=perm_test,__perm_alpha=0.01,__perm_min_effect=0,__perm_n_perm=200,__perm_post_n=10,__perm_pre_n=500,__perm_rng_seed=0,__perm_stat=vote_score,divergence=0.3,error_rate=0.5,teacher_entropy=0.2",3,0,200,0.0,0,10000,10.0,25.0,200,500,1,8,1.0,0.7338524247491639,0.46951751502077527,0.0,0.6636937856674194,0.005739329848438501,0,0,52,51,-1,perm_test,0.004975124378109453,0.45114656246714924,51,51,0,0.0,0.5,0,0.0,0.0,0.0,0.0,0,none,0,1,0,overconfident,0.95,0,mild_drift,0.9620225747385331,0.001270088048135081,0.8119256788684477,0.8605425139396421,1768220037.6114337,0.3285490572452545,0.023975439369678497
300,19200,19199,sine_abrupt4,sine,ts_drift_adapt,5,"error_divergence_ph_meta@error.threshold=0.10,error.min_instances=5",error_divergence_ph_meta,"{""divergence"": {""alpha"": 0.1, ""delta"": 0.005, ""min_instances"": 30, ""threshold"": 0.05}, ""error_rate"": {""alpha"": 0.15, ""delta"": 0.005, ""min_instances"": 5, ""threshold"": 0.1}}","{""error_rate"": {""min_instances"": 5, ""threshold"": 0.1}}",0.1,0.005,0.15,5,0.05,0.005,0.1,30,,,,-1,two_stage,2,0.5,"__confirm_cooldown=200,__confirm_rule=perm_test,__perm_alpha=0.01,__perm_min_effect=0,__perm_n_perm=200,__perm_post_n=10,__perm_pre_n=500,__perm_rng_seed=0,__perm_stat=vote_score,divergence=0.3,error_rate=0.5,teacher_entropy=0.2",3,0,200,0.0,0,10000,10.0,25.0,200,500,0,0,1.0,0.7344270833333333,0.4706666852661734,0.3333333333333333,0.6683738827705383,0.004814735613763332,0,0,52,51,-1,perm_test,0.004975124378109453,0.45114656246714924,51,51,0,0.0,0.3333333333333333,0,0.0,0.0,0.0,0.0,0,none,0,1,0,overconfident,0.95,0,mild_drift,0.9611612873692665,0.0012850440240675404,0.8059628394342239,0.857771256969821,1768220037.619697,0.43393567204475403,0.02003941498696804
301,19264,19263,sine_abrupt4,sine,ts_drift_adapt,5,"error_divergence_ph_meta@error.threshold=0.10,error.min_instances=5",error_divergence_ph_meta,"{""divergence"": {""alpha"": 0.1, ""delta"": 0.005, ""min_instances"": 30, ""threshold"": 0.05}, ""error_rate"": {""alpha"": 0.15, ""delta"": 0.005, ""min_instances"": 5, ""threshold"": 0.1}}","{""error_rate"": {""min_instances"": 5, ""threshold"": 0.1}}",0.1,0.005,0.15,5,0.05,0.005,0.1,30,,,,-1,two_stage,2,0.5,"__confirm_cooldown=200,__confirm_rule=perm_test,__perm_alpha=0.01,__perm_min_effect=0,__perm_n_perm=200,__perm_post_n=10,__perm_pre_n=500,__perm_rng_seed=0,__perm_stat=vote_score,divergence=0.3,error_rate=0.5,teacher_entropy=0.2",3,0,200,0.0,0,10000,10.0,25.0,200,500,0,0,1.0,0.7349979235880398,0.4717672847853375,0.0,0.6605567336082458,0.0069553847424685955,1,1,53,52,0,perm_test,0.004975124378109453,0.44528811390545797,52,52,0,0.0,0.3333333333333333,1,0.5,0.0,0.0,0.0,0,none,1,1,0,overconfident,0.95,0,stable,0.9755806436846333,0.0010425220120337702,0.902981419717112,0.9013856284849106,1768220037.634423,0.282428115606308,0.029197989031672478
302,19328,19327,sine_abrupt4,sine,ts_drift_adapt,5,"error_divergence_ph_meta@error.threshold=0.10,error.min_instances=5",error_divergence_ph_meta,"{""divergence"": {""alpha"": 0.1, ""delta"": 0.005, ""min_instances"": 30, ""threshold"": 0.05}, ""error_rate"": {""alpha"": 0.15, ""delta"": 0.005, ""min_instances"": 5, ""threshold"": 0.1}}","{""error_rate"": {""min_instances"": 5, ""threshold"": 0.1}}",0.1,0.005,0.15,5,0.05,0.005,0.1,30,,,,-1,two_stage,2,0.5,"__confirm_cooldown=200,__confirm_rule=perm_test,__perm_alpha=0.01,__perm_min_effect=0,__perm_n_perm=200,__perm_post_n=10,__perm_pre_n=500,__perm_rng_seed=0,__perm_stat=vote_score,divergence=0.3,error_rate=0.5,teacher_entropy=0.2",3,0,200,0.0,0,10000,10.0,25.0,200,500,1,136,1.0,0.7356684602649006,0.4730575467194274,0.0,0.6633515357971191,0.0077027431689202785,0,0,53,52,-1,perm_test,0.004975124378109453,0.44528811390545797,52,52,0,0.0,0.000747358426451683,0,0.0,0.0,0.0,0.0,0,none,0,1,0,overconfident,0.95,0,mild_drift,0.9679403218423166,0.0011712610060168852,0.851490709858556,0.8781928142424553,1768220037.642813,0.35040295124053955,0.0329592265188694
303,19392,19391,sine_abrupt4,sine,ts_drift_adapt,5,"error_divergence_ph_meta@error.threshold=0.10,error.min_instances=5",error_divergence_ph_meta,"{""divergence"": {""alpha"": 0.1, ""delta"": 0.005, ""min_instances"": 30, ""threshold"": 0.05}, ""error_rate"": {""alpha"": 0.15, ""delta"": 0.005, ""min_instances"": 5, ""threshold"": 0.1}}","{""error_rate"": {""min_instances"": 5, ""threshold"": 0.1}}",0.1,0.005,0.15,5,0.05,0.005,0.1,30,,,,-1,two_stage,2,0.5,"__confirm_cooldown=200,__confirm_rule=perm_test,__perm_alpha=0.01,__perm_min_effect=0,__perm_n_perm=200,__perm_post_n=10,__perm_pre_n=500,__perm_rng_seed=0,__perm_stat=vote_score,divergence=0.3,error_rate=0.5,teacher_entropy=0.2",3,0,200,0.0,0,10000,10.0,25.0,200,500,1,72,1.0,0.7363345709570958,0.4743755965878279,0.0,0.67052161693573,0.007769764866679907,0,0,53,52,-1,perm_test,0.004975124378109453,0.44528811390545797,52,52,0,0.0,6.70216977596283e-05,0,0.0,0.0,0.0,0.0,0,none,0,1,0,overconfident,0.95,0,mild_drift,0.9641201609211583,0.0012356305030084428,0.825745354929278,0.8665964071212277,1768220037.6510868,0.3642917573451996,0.032891593873500824
304,19456,19455,sine_abrupt4,sine,ts_drift_adapt,5,"error_divergence_ph_meta@error.threshold=0.10,error.min_instances=5",error_divergence_ph_meta,"{""divergence"": {""alpha"": 0.1, ""delta"": 0.005, ""min_instances"": 30, ""threshold"": 0.05}, ""error_rate"": {""alpha"": 0.15, ""delta"": 0.005, ""min_instances"": 5, ""threshold"": 0.1}}","{""error_rate"": {""min_instances"": 5, ""threshold"": 0.1}}",0.1,0.005,0.15,5,0.05,0.005,0.1,30,,,,-1,two_stage,2,0.5,"__confirm_cooldown=200,__confirm_rule=perm_test,__perm_alpha=0.01,__perm_min_effect=0,__perm_n_perm=200,__perm_post_n=10,__perm_pre_n=500,__perm_rng_seed=0,__perm_stat=vote_score,divergence=0.3,error_rate=0.5,teacher_entropy=0.2",3,0,200,0.0,0,10000,10.0,25.0,200,500,1,8,1.0,0.7368421052631579,0.4754539178060228,0.16666666666666666,0.6665692925453186,0.006541807670146227,0,0,53,52,-1,perm_test,0.004975124378109453,0.44528811390545797,52,52,0,0.0,0.16666666666666666,0,0.0,0.0,0.0,0.0,0,none,0,1,0,overconfident,0.95,0,mild_drift,0.9622100804605791,0.0012678152515042214,0.8128726774646391,0.8607982035606139,1768220037.6593668,0.4241931736469269,0.027644013985991478
305,19520,19519,sine_abrupt4,sine,ts_drift_adapt,5,"error_divergence_ph_meta@error.threshold=0.10,error.min_instances=5",error_divergence_ph_meta,"{""divergence"": {""alpha"": 0.1, ""delta"": 0.005, ""min_instances"": 30, ""threshold"": 0.05}, ""error_rate"": {""alpha"": 0.15, ""delta"": 0.005, ""min_instances"": 5, ""threshold"": 0.1}}","{""error_rate"": {""min_instances"": 5, ""threshold"": 0.1}}",0.1,0.005,0.15,5,0.05,0.005,0.1,30,,,,-1,two_stage,2,0.5,"__confirm_cooldown=200,__confirm_rule=perm_test,__perm_alpha=0.01,__perm_min_effect=0,__perm_n_perm=200,__perm_post_n=10,__perm_pre_n=500,__perm_rng_seed=0,__perm_stat=vote_score,divergence=0.3,error_rate=0.5,teacher_entropy=0.2",3,0,200,0.0,0,10000,10.0,25.0,200,500,0,0,1.0,0.7371926229508197,0.47619595661919784,0.0,0.6546515226364136,0.007761855609714985,0,0,53,52,-1,perm_test,0.004975124378109453,0.44528811390545797,52,52,0,0.0,0.16666666666666666,0,0.0,0.0,0.0,0.0,0,none,0,1,0,overconfident,0.95,0,mild_drift,0.9612550402302895,0.0012839076257521106,0.8064363387323196,0.8578991017803069,1768220037.667789,0.4199594557285309,0.03306768834590912
306,19584,19583,sine_abrupt4,sine,ts_drift_adapt,5,"error_divergence_ph_meta@error.threshold=0.10,error.min_instances=5",error_divergence_ph_meta,"{""divergence"": {""alpha"": 0.1, ""delta"": 0.005, ""min_instances"": 30, ""threshold"": 0.05}, ""error_rate"": {""alpha"": 0.15, ""delta"": 0.005, ""min_instances"": 5, ""threshold"": 0.1}}","{""error_rate"": {""min_instances"": 5, ""threshold"": 0.1}}",0.1,0.005,0.15,5,0.05,0.005,0.1,30,,,,-1,two_stage,2,0.5,"__confirm_cooldown=200,__confirm_rule=perm_test,__perm_alpha=0.01,__perm_min_effect=0,__perm_n_perm=200,__perm_post_n=10,__perm_pre_n=500,__perm_rng_seed=0,__perm_stat=vote_score,divergence=0.3,error_rate=0.5,teacher_entropy=0.2",3,0,200,0.0,0,10000,10.0,25.0,200,500,0,0,1.0,0.7377961601307189,0.47737875416217923,0.0,0.6585102677345276,0.008551514707505703,1,1,54,53,0,perm_test,0.004975124378109453,0.41942103575617234,53,53,0,0.0,0.0007896590977907181,1,0.5,0.0,0.0,0.0,0,none,1,1,0,overconfident,0.95,0,stable,0.9756275201151448,0.0010419538128760553,0.9032181693661598,0.9014495508901534,1768220037.6825027,0.37383249402046204,0.036588091403245926
307,19648,19647,sine_abrupt4,sine,ts_drift_adapt,5,"error_divergence_ph_meta@error.threshold=0.10,error.min_instances=5",error_divergence_ph_meta,"{""divergence"": {""alpha"": 0.1, ""delta"": 0.005, ""min_instances"": 30, ""threshold"": 0.05}, ""error_rate"": {""alpha"": 0.15, ""delta"": 0.005, ""min_instances"": 5, ""threshold"": 0.1}}","{""error_rate"": {""min_instances"": 5, ""threshold"": 0.1}}",0.1,0.005,0.15,5,0.05,0.005,0.1,30,,,,-1,two_stage,2,0.5,"__confirm_cooldown=200,__confirm_rule=perm_test,__perm_alpha=0.01,__perm_min_effect=0,__perm_n_perm=200,__perm_post_n=10,__perm_pre_n=500,__perm_rng_seed=0,__perm_stat=vote_score,divergence=0.3,error_rate=0.5,teacher_entropy=0.2",3,0,200,0.0,0,10000,10.0,25.0,200,500,1,136,1.0,0.7383957654723127,0.47852977446736183,0.16666666666666666,0.6548307538032532,0.007953003980219364,0,0,54,53,-1,perm_test,0.004975124378109453,0.41942103575617234,53,53,0,0.0,0.16666666666666666,0,0.0,0.0,0.0,0.0,0,none,0,1,0,overconfident,0.95,0,mild_drift,0.9679637600575723,0.0011709769064380277,0.8516090846830799,0.8782247754450767,1768220037.690777,0.44800782203674316,0.03390160948038101
308,19712,19711,sine_abrupt4,sine,ts_drift_adapt,5,"error_divergence_ph_meta@error.threshold=0.10,error.min_instances=5",error_divergence_ph_meta,"{""divergence"": {""alpha"": 0.1, ""delta"": 0.005, ""min_instances"": 30, ""threshold"": 0.05}, ""error_rate"": {""alpha"": 0.15, ""delta"": 0.005, ""min_instances"": 5, ""threshold"": 0.1}}","{""error_rate"": {""min_instances"": 5, ""threshold"": 0.1}}",0.1,0.005,0.15,5,0.05,0.005,0.1,30,,,,-1,two_stage,2,0.5,"__confirm_cooldown=200,__confirm_rule=perm_test,__perm_alpha=0.01,__perm_min_effect=0,__perm_n_perm=200,__perm_post_n=10,__perm_pre_n=500,__perm_rng_seed=0,__perm_stat=vote_score,divergence=0.3,error_rate=0.5,teacher_entropy=0.2",3,0,200,0.0,0,10000,10.0,25.0,200,500,1,72,1.0,0.7389914772727273,0.47960093658268577,0.0,0.6474519371986389,0.011313061229884624,0,0,54,53,-1,perm_test,0.004975124378109453,0.41942103575617234,53,53,0,0.0,0.16666666666666666,0,0.0,0.0,0.0,0.0,0,none,0,1,0,overconfident,0.95,0,mild_drift,0.9641318800287861,0.0012354884532190138,0.82580454234154,0.8666123877225383,1768220037.6990871,0.39887192845344543,0.04916829988360405
309,19776,19775,sine_abrupt4,sine,ts_drift_adapt,5,"error_divergence_ph_meta@error.threshold=0.10,error.min_instances=5",error_divergence_ph_meta,"{""divergence"": {""alpha"": 0.1, ""delta"": 0.005, ""min_instances"": 30, ""threshold"": 0.05}, ""error_rate"": {""alpha"": 0.15, ""delta"": 0.005, ""min_instances"": 5, ""threshold"": 0.1}}","{""error_rate"": {""min_instances"": 5, ""threshold"": 0.1}}",0.1,0.005,0.15,5,0.05,0.005,0.1,30,,,,-1,two_stage,2,0.5,"__confirm_cooldown=200,__confirm_rule=perm_test,__perm_alpha=0.01,__perm_min_effect=0,__perm_n_perm=200,__perm_post_n=10,__perm_pre_n=500,__perm_rng_seed=0,__perm_stat=vote_score,divergence=0.3,error_rate=0.5,teacher_entropy=0.2",3,0,200,0.0,0,10000,10.0,25.0,200,500,1,8,1.0,0.7395833333333334,0.48077258142507845,0.0,0.654037356376648,0.008060626685619354,0,0,54,53,-1,perm_test,0.004975124378109453,0.41942103575617234,53,53,0,0.0,0.0032524345442652702,0,0.0,0.0,0.0,0.0,0,none,0,1,0,overconfident,0.95,0,mild_drift,0.962215940014393,0.001267744226609507,0.8129022711707701,0.8608061938612692,1768220037.7073839,0.37611261010169983,0.034417130053043365
310,19840,19839,sine_abrupt4,sine,ts_drift_adapt,5,"error_divergence_ph_meta@error.threshold=0.10,error.min_instances=5",error_divergence_ph_meta,"{""divergence"": {""alpha"": 0.1, ""delta"": 0.005, ""min_instances"": 30, ""threshold"": 0.05}, ""error_rate"": {""alpha"": 0.15, ""delta"": 0.005, ""min_instances"": 5, ""threshold"": 0.1}}","{""error_rate"": {""min_instances"": 5, ""threshold"": 0.1}}",0.1,0.005,0.15,5,0.05,0.005,0.1,30,,,,-1,two_stage,2,0.5,"__confirm_cooldown=200,__confirm_rule=perm_test,__perm_alpha=0.01,__perm_min_effect=0,__perm_n_perm=200,__perm_post_n=10,__perm_pre_n=500,__perm_rng_seed=0,__perm_stat=vote_score,divergence=0.3,error_rate=0.5,teacher_entropy=0.2",3,0,200,0.0,0,10000,10.0,25.0,200,500,0,0,1.0,0.7403729838709677,0.4823015504068545,0.16666666666666666,0.6579468250274658,0.008939129300415516,0,0,54,53,-1,perm_test,0.004975124378109453,0.41942103575617234,53,53,0,0.0,0.16666666666666666,0,0.0,0.0,0.0,0.0,0,none,0,1,0,overconfident,0.95,0,mild_drift,0.9612579700071965,0.0012838721133047537,0.8064511355853851,0.8579030969306346,1768220037.7157881,0.400669664144516,0.038639478385448456
311,19904,19903,sine_abrupt4,sine,ts_drift_adapt,5,"error_divergence_ph_meta@error.threshold=0.10,error.min_instances=5",error_divergence_ph_meta,"{""divergence"": {""alpha"": 0.1, ""delta"": 0.005, ""min_instances"": 30, ""threshold"": 0.05}, ""error_rate"": {""alpha"": 0.15, ""delta"": 0.005, ""min_instances"": 5, ""threshold"": 0.1}}","{""error_rate"": {""min_instances"": 5, ""threshold"": 0.1}}",0.1,0.005,0.15,5,0.05,0.005,0.1,30,,,,-1,two_stage,2,0.5,"__confirm_cooldown=200,__confirm_rule=perm_test,__perm_alpha=0.01,__perm_min_effect=0,__perm_n_perm=200,__perm_post_n=10,__perm_pre_n=500,__perm_rng_seed=0,__perm_stat=vote_score,divergence=0.3,error_rate=0.5,teacher_entropy=0.2",3,0,200,0.0,0,10000,10.0,25.0,200,500,0,0,1.0,0.7409063504823151,0.4833232566742129,0.16666666666666666,0.6312181949615479,0.008526325225830078,1,1,55,54,0,perm_test,0.004975124378109453,0.43609263191112935,54,54,0,0.16666666666666666,0.0004128040745854378,1,0.5,0.0,0.0,0.0,0,none,1,1,0,overconfident,0.95,0,severe_drift,0.9261289850035983,0.0016419360566523769,0.6532255677926926,0.8339515484653173,1768220037.7306798,0.38947102427482605,0.03631598874926567
312,19968,19967,sine_abrupt4,sine,ts_drift_adapt,5,"error_divergence_ph_meta@error.threshold=0.10,error.min_instances=5",error_divergence_ph_meta,"{""divergence"": {""alpha"": 0.1, ""delta"": 0.005, ""min_instances"": 30, ""threshold"": 0.05}, ""error_rate"": {""alpha"": 0.15, ""delta"": 0.005, ""min_instances"": 5, ""threshold"": 0.1}}","{""error_rate"": {""min_instances"": 5, ""threshold"": 0.1}}",0.1,0.005,0.15,5,0.05,0.005,0.1,30,,,,-1,two_stage,2,0.5,"__confirm_cooldown=200,__confirm_rule=perm_test,__perm_alpha=0.01,__perm_min_effect=0,__perm_n_perm=200,__perm_post_n=10,__perm_pre_n=500,__perm_rng_seed=0,__perm_stat=vote_score,divergence=0.3,error_rate=0.5,teacher_entropy=0.2",3,0,200,0.0,0,10000,10.0,25.0,200,500,1,136,1.0,0.7416866987179487,0.48482304213341987,0.0,0.6413942575454712,0.012150902301073074,0,0,55,54,-1,perm_test,0.004975124378109453,0.43609263191112935,54,54,0,0.0,0.16666666666666666,0,0.0,0.0,0.0,0.0,0,none,0,1,0,overconfident,0.95,0,mild_drift,0.9432144925017991,0.0014709680283261886,0.7266127838963463,0.8444757742326586,1768220037.7390647,0.3192790448665619,0.05271568521857262
313,20032,20031,sine_abrupt4,sine,ts_drift_adapt,5,"error_divergence_ph_meta@error.threshold=0.10,error.min_instances=5",error_divergence_ph_meta,"{""divergence"": {""alpha"": 0.1, ""delta"": 0.005, ""min_instances"": 30, ""threshold"": 0.05}, ""error_rate"": {""alpha"": 0.15, ""delta"": 0.005, ""min_instances"": 5, ""threshold"": 0.1}}","{""error_rate"": {""min_instances"": 5, ""threshold"": 0.1}}",0.1,0.005,0.15,5,0.05,0.005,0.1,30,,,,-1,two_stage,2,0.5,"__confirm_cooldown=200,__confirm_rule=perm_test,__perm_alpha=0.01,__perm_min_effect=0,__perm_n_perm=200,__perm_post_n=10,__perm_pre_n=500,__perm_rng_seed=0,__perm_stat=vote_score,divergence=0.3,error_rate=0.5,teacher_entropy=0.2",3,0,200,0.0,0,10000,10.0,25.0,200,500,1,72,1.0,0.7411641373801917,0.4837603832007291,0.3333333333333333,0.6392905712127686,0.007703487761318684,0,0,55,54,-1,perm_test,0.004975124378109453,0.43609263191112935,54,54,0,0.0,0.3333333333333333,0,0.0,0.0,0.0,0.0,0,none,0,1,0,overconfident,0.95,0,mild_drift,0.9517572462508995,0.0013854840141630945,0.7633063919481732,0.8497378871163292,1768220037.7474363,0.6935555934906006,0.03273705393075943
314,20096,20095,sine_abrupt4,sine,ts_drift_adapt,5,"error_divergence_ph_meta@error.threshold=0.10,error.min_instances=5",error_divergence_ph_meta,"{""divergence"": {""alpha"": 0.1, ""delta"": 0.005, ""min_instances"": 30, ""threshold"": 0.05}, ""error_rate"": {""alpha"": 0.15, ""delta"": 0.005, ""min_instances"": 5, ""threshold"": 0.1}}","{""error_rate"": {""min_instances"": 5, ""threshold"": 0.1}}",0.1,0.005,0.15,5,0.05,0.005,0.1,30,,,,-1,two_stage,2,0.5,"__confirm_cooldown=200,__confirm_rule=perm_test,__perm_alpha=0.01,__perm_min_effect=0,__perm_n_perm=200,__perm_post_n=10,__perm_pre_n=500,__perm_rng_seed=0,__perm_stat=vote_score,divergence=0.3,error_rate=0.5,teacher_entropy=0.2",3,0,200,0.0,0,10000,10.0,25.0,200,500,1,8,1.0,0.7395501592356688,0.48057309884824856,0.8333333333333334,0.6412708163261414,0.010632590390741825,0,0,55,54,-1,perm_test,0.004975124378109453,0.43609263191112935,54,54,0,0.0,0.5,0,0.0,0.0,0.0,0.0,0,none,0,1,0,overconfident,0.95,0,mild_drift,0.9560286231254498,0.0013427420070815472,0.7816531959740867,0.8523689435581646,1768220037.7557693,1.411198616027832,0.04728638380765915
315,20160,20159,sine_abrupt4,sine,ts_drift_adapt,5,"error_divergence_ph_meta@error.threshold=0.10,error.min_instances=5",error_divergence_ph_meta,"{""divergence"": {""alpha"": 0.1, ""delta"": 0.005, ""min_instances"": 30, ""threshold"": 0.05}, ""error_rate"": {""alpha"": 0.15, ""delta"": 0.005, ""min_instances"": 5, ""threshold"": 0.1}}","{""error_rate"": {""min_instances"": 5, ""threshold"": 0.1}}",0.1,0.005,0.15,5,0.05,0.005,0.1,30,,,,-1,two_stage,2,0.5,"__confirm_cooldown=200,__confirm_rule=perm_test,__perm_alpha=0.01,__perm_min_effect=0,__perm_n_perm=200,__perm_post_n=10,__perm_pre_n=500,__perm_rng_seed=0,__perm_stat=vote_score,divergence=0.3,error_rate=0.5,teacher_entropy=0.2",3,0,200,0.0,0,10000,10.0,25.0,200,500,0,0,1.0,0.7379464285714286,0.4772804974040533,0.8333333333333334,0.6301422715187073,0.0066129486076533794,0,0,55,54,-1,perm_test,0.004975124378109453,0.43609263191112935,54,54,0,0.0,0.004019641783088446,0,0.0,0.0,0.0,0.0,0,none,0,1,0,overconfident,0.95,0,mild_drift,0.9581643115627249,0.0013213710035407736,0.7908265979870434,0.8536844717790824,1768220037.764146,1.3833459615707397,0.02795735001564026
316,20224,20223,sine_abrupt4,sine,ts_drift_adapt,5,"error_divergence_ph_meta@error.threshold=0.10,error.min_instances=5",error_divergence_ph_meta,"{""divergence"": {""alpha"": 0.1, ""delta"": 0.005, ""min_instances"": 30, ""threshold"": 0.05}, ""error_rate"": {""alpha"": 0.15, ""delta"": 0.005, ""min_instances"": 5, ""threshold"": 0.1}}","{""error_rate"": {""min_instances"": 5, ""threshold"": 0.1}}",0.1,0.005,0.15,5,0.05,0.005,0.1,30,,,,-1,two_stage,2,0.5,"__confirm_cooldown=200,__confirm_rule=perm_test,__perm_alpha=0.01,__perm_min_effect=0,__perm_n_perm=200,__perm_post_n=10,__perm_pre_n=500,__perm_rng_seed=0,__perm_stat=vote_score,divergence=0.3,error_rate=0.5,teacher_entropy=0.2",3,0,200,0.0,0,10000,10.0,25.0,200,500,0,0,1.0,0.7363034018987342,0.4738956425097247,0.6666666666666666,0.6299425363540649,0.0071944305673241615,1,1,56,55,0,perm_test,0.004975124378109453,0.4019874637122455,55,55,0,0.5,0.16666666666666674,1,0.5,0.0,0.0,0.0,0,none,1,1,0,overconfident,0.95,0,severe_drift,0.9245821557813625,0.0016606855017703868,0.6454132989935217,0.8318422358895412,1768220037.7789412,1.1212736368179321,0.03043118678033352
317,20288,20287,sine_abrupt4,sine,ts_drift_adapt,5,"error_divergence_ph_meta@error.threshold=0.10,error.min_instances=5",error_divergence_ph_meta,"{""divergence"": {""alpha"": 0.1, ""delta"": 0.005, ""min_instances"": 30, ""threshold"": 0.05}, ""error_rate"": {""alpha"": 0.15, ""delta"": 0.005, ""min_instances"": 5, ""threshold"": 0.1}}","{""error_rate"": {""min_instances"": 5, ""threshold"": 0.1}}",0.1,0.005,0.15,5,0.05,0.005,0.1,30,,,,-1,two_stage,2,0.5,"__confirm_cooldown=200,__confirm_rule=perm_test,__perm_alpha=0.01,__perm_min_effect=0,__perm_n_perm=200,__perm_post_n=10,__perm_pre_n=500,__perm_rng_seed=0,__perm_stat=vote_score,divergence=0.3,error_rate=0.5,teacher_entropy=0.2",3,0,200,0.0,0,10000,10.0,25.0,200,500,1,136,1.0,0.7346707413249212,0.4705572473932447,1.0,0.6236603260040283,0.009028851054608822,0,0,56,55,-1,perm_test,0.004975124378109453,0.4019874637122455,55,55,0,0.0,0.33333333333333337,0,0.0,0.0,0.0,0.0,0,none,0,1,0,overconfident,0.95,0,mild_drift,0.9424410778906812,0.0014803427508851934,0.7227066494967609,0.8434211179447706,1768220037.7881415,1.5348154306411743,0.16501210629940033
318,20352,20351,sine_abrupt4,sine,ts_drift_adapt,5,"error_divergence_ph_meta@error.threshold=0.10,error.min_instances=5",error_divergence_ph_meta,"{""divergence"": {""alpha"": 0.1, ""delta"": 0.005, ""min_instances"": 30, ""threshold"": 0.05}, ""error_rate"": {""alpha"": 0.15, ""delta"": 0.005, ""min_instances"": 5, ""threshold"": 0.1}}","{""error_rate"": {""min_instances"": 5, ""threshold"": 0.1}}",0.1,0.005,0.15,5,0.05,0.005,0.1,30,,,,-1,two_stage,2,0.5,"__confirm_cooldown=200,__confirm_rule=perm_test,__perm_alpha=0.01,__perm_min_effect=0,__perm_n_perm=200,__perm_post_n=10,__perm_pre_n=500,__perm_rng_seed=0,__perm_stat=vote_score,divergence=0.3,error_rate=0.5,teacher_entropy=0.2",3,0,200,0.0,0,10000,10.0,25.0,200,500,1,72,1.0,0.7332940251572327,0.4677948981687205,0.6666666666666666,0.6101822257041931,0.005117326974868774,0,0,56,55,-1,perm_test,0.004975124378109453,0.4019874637122455,55,55,0,0.0,0.33333333333333337,0,0.0,0.0,0.0,0.0,0,none,0,1,0,overconfident,0.95,0,mild_drift,0.9513705389453406,0.0013901713754425967,0.7613533247483805,0.8492105589723853,1768220037.7964365,0.8993432521820068,0.02128215692937374
319,20416,20415,sine_abrupt4,sine,ts_drift_adapt,5,"error_divergence_ph_meta@error.threshold=0.10,error.min_instances=5",error_divergence_ph_meta,"{""divergence"": {""alpha"": 0.1, ""delta"": 0.005, ""min_instances"": 30, ""threshold"": 0.05}, ""error_rate"": {""alpha"": 0.15, ""delta"": 0.005, ""min_instances"": 5, ""threshold"": 0.1}}","{""error_rate"": {""min_instances"": 5, ""threshold"": 0.1}}",0.1,0.005,0.15,5,0.05,0.005,0.1,30,,,,-1,two_stage,2,0.5,"__confirm_cooldown=200,__confirm_rule=perm_test,__perm_alpha=0.01,__perm_min_effect=0,__perm_n_perm=200,__perm_post_n=10,__perm_pre_n=500,__perm_rng_seed=0,__perm_stat=vote_score,divergence=0.3,error_rate=0.5,teacher_entropy=0.2",3,0,200,0.0,0,10000,10.0,25.0,200,500,1,8,1.0,0.7321218652037618,0.46544065439750504,0.5,0.625331699848175,0.00506022572517395,0,0,56,55,-1,perm_test,0.004975124378109453,0.4019874637122455,55,55,0,0.0,0.16666666666666663,0,0.0,0.0,0.0,0.0,0,none,0,1,0,overconfident,0.95,0,mild_drift,0.9558352694726703,0.0013450856877212985,0.7806766623741903,0.8521052794861926,1768220037.804721,0.657242476940155,0.02095066010951996
320,20480,20479,sine_abrupt4,sine,ts_drift_adapt,5,"error_divergence_ph_meta@error.threshold=0.10,error.min_instances=5",error_divergence_ph_meta,"{""divergence"": {""alpha"": 0.1, ""delta"": 0.005, ""min_instances"": 30, ""threshold"": 0.05}, ""error_rate"": {""alpha"": 0.15, ""delta"": 0.005, ""min_instances"": 5, ""threshold"": 0.1}}","{""error_rate"": {""min_instances"": 5, ""threshold"": 0.1}}",0.1,0.005,0.15,5,0.05,0.005,0.1,30,,,,-1,two_stage,2,0.5,"__confirm_cooldown=200,__confirm_rule=perm_test,__perm_alpha=0.01,__perm_min_effect=0,__perm_n_perm=200,__perm_post_n=10,__perm_pre_n=500,__perm_rng_seed=0,__perm_stat=vote_score,divergence=0.3,error_rate=0.5,teacher_entropy=0.2",3,0,200,0.0,0,10000,10.0,25.0,200,500,0,0,1.0,0.730419921875,0.4619632507884253,1.0,0.6307809948921204,0.0038743047043681145,0,0,56,55,-1,perm_test,0.004975124378109453,0.4019874637122455,55,55,0,0.0,0.5,0,0.0,0.0,0.0,0.0,0,none,0,1,0,overconfident,0.95,0,mild_drift,0.958067634736335,0.0013225428438606492,0.7903383311870952,0.8535526397430964,1768220037.8131185,0.9888393878936768,0.01638713851571083
321,20544,20543,sine_abrupt4,sine,ts_drift_adapt,5,"error_divergence_ph_meta@error.threshold=0.10,error.min_instances=5",error_divergence_ph_meta,"{""divergence"": {""alpha"": 0.1, ""delta"": 0.005, ""min_instances"": 30, ""threshold"": 0.05}, ""error_rate"": {""alpha"": 0.15, ""delta"": 0.005, ""min_instances"": 5, ""threshold"": 0.1}}","{""error_rate"": {""min_instances"": 5, ""threshold"": 0.1}}",0.1,0.005,0.15,5,0.05,0.005,0.1,30,,,,-1,two_stage,2,0.5,"__confirm_cooldown=200,__confirm_rule=perm_test,__perm_alpha=0.01,__perm_min_effect=0,__perm_n_perm=200,__perm_post_n=10,__perm_pre_n=500,__perm_rng_seed=0,__perm_stat=vote_score,divergence=0.3,error_rate=0.5,teacher_entropy=0.2",3,0,200,0.0,0,10000,10.0,25.0,200,500,0,0,1.0,0.7289232866043613,0.45892145891294617,0.8333333333333334,0.6264398097991943,0.004874255508184433,1,1,57,56,0,perm_test,0.004975124378109453,0.4197702436229368,56,56,0,0.16666666666666674,0.16666666666666663,1,0.5,0.0,0.0,0.0,0,none,1,1,0,overconfident,0.95,0,severe_drift,0.9245338173681675,0.0016612714219303246,0.6451691655935476,0.8317763198715482,1768220037.827925,1.1441060304641724,0.020055552944540977
322,20608,20607,sine_abrupt4,sine,ts_drift_adapt,5,"error_divergence_ph_meta@error.threshold=0.10,error.min_instances=5",error_divergence_ph_meta,"{""divergence"": {""alpha"": 0.1, ""delta"": 0.005, ""min_instances"": 30, ""threshold"": 0.05}, ""error_rate"": {""alpha"": 0.15, ""delta"": 0.005, ""min_instances"": 5, ""threshold"": 0.1}}","{""error_rate"": {""min_instances"": 5, ""threshold"": 0.1}}",0.1,0.005,0.15,5,0.05,0.005,0.1,30,,,,-1,two_stage,2,0.5,"__confirm_cooldown=200,__confirm_rule=perm_test,__perm_alpha=0.01,__perm_min_effect=0,__perm_n_perm=200,__perm_post_n=10,__perm_pre_n=500,__perm_rng_seed=0,__perm_stat=vote_score,divergence=0.3,error_rate=0.5,teacher_entropy=0.2",3,0,200,0.0,0,10000,10.0,25.0,200,500,1,136,1.0,0.7273874223602484,0.4558539125452618,0.8333333333333334,0.6093472838401794,0.004044526722282171,0,0,57,56,-1,perm_test,0.004975124378109453,0.4197702436229368,56,56,0,0.0,0.0008297287859022617,0,0.0,0.0,0.0,0.0,0,none,0,1,0,overconfident,0.95,0,mild_drift,0.9424169086840837,0.0014806357109651623,0.7225845827967738,0.8433881599357741,1768220037.8370209,1.2452744245529175,0.17348921298980713
323,20672,20671,sine_abrupt4,sine,ts_drift_adapt,5,"error_divergence_ph_meta@error.threshold=0.10,error.min_instances=5",error_divergence_ph_meta,"{""divergence"": {""alpha"": 0.1, ""delta"": 0.005, ""min_instances"": 30, ""threshold"": 0.05}, ""error_rate"": {""alpha"": 0.15, ""delta"": 0.005, ""min_instances"": 5, ""threshold"": 0.1}}","{""error_rate"": {""min_instances"": 5, ""threshold"": 0.1}}",0.1,0.005,0.15,5,0.05,0.005,0.1,30,,,,-1,two_stage,2,0.5,"__confirm_cooldown=200,__confirm_rule=perm_test,__perm_alpha=0.01,__perm_min_effect=0,__perm_n_perm=200,__perm_post_n=10,__perm_pre_n=500,__perm_rng_seed=0,__perm_stat=vote_score,divergence=0.3,error_rate=0.5,teacher_entropy=0.2",3,0,200,0.0,0,10000,10.0,25.0,200,500,1,72,1.0,0.7260061919504643,0.45301832060693525,0.5,0.6050028204917908,0.002672366565093398,0,0,57,56,-1,perm_test,0.004975124378109453,0.4197702436229368,56,56,0,0.0,0.33333333333333337,0,0.0,0.0,0.0,0.0,0,none,0,1,0,overconfident,0.95,0,mild_drift,0.9513584543420418,0.0013903178554825813,0.7612922913983869,0.849194079967887,1768220037.846153,0.7753378748893738,0.16077525913715363
324,20736,20735,sine_abrupt4,sine,ts_drift_adapt,5,"error_divergence_ph_meta@error.threshold=0.10,error.min_instances=5",error_divergence_ph_meta,"{""divergence"": {""alpha"": 0.1, ""delta"": 0.005, ""min_instances"": 30, ""threshold"": 0.05}, ""error_rate"": {""alpha"": 0.15, ""delta"": 0.005, ""min_instances"": 5, ""threshold"": 0.1}}","{""error_rate"": {""min_instances"": 5, ""threshold"": 0.1}}",0.1,0.005,0.15,5,0.05,0.005,0.1,30,,,,-1,two_stage,2,0.5,"__confirm_cooldown=200,__confirm_rule=perm_test,__perm_alpha=0.01,__perm_min_effect=0,__perm_n_perm=200,__perm_post_n=10,__perm_pre_n=500,__perm_rng_seed=0,__perm_stat=vote_score,divergence=0.3,error_rate=0.5,teacher_entropy=0.2",3,0,200,0.0,0,10000,10.0,25.0,200,500,1,8,1.0,0.7244888117283951,0.44993554391839496,1.0,0.6165424585342407,0.001844345242716372,0,0,57,56,-1,perm_test,0.004975124378109453,0.4197702436229368,56,56,0,0.0,0.5,0,0.0,0.0,0.0,0.0,0,none,0,1,0,overconfident,0.95,0,mild_drift,0.9558292271710209,0.0013451589277412909,0.7806461456991935,0.8520970399839435,1768220037.8544533,1.148566722869873,0.007233471609652042
325,20800,20799,sine_abrupt4,sine,ts_drift_adapt,5,"error_divergence_ph_meta@error.threshold=0.10,error.min_instances=5",error_divergence_ph_meta,"{""divergence"": {""alpha"": 0.1, ""delta"": 0.005, ""min_instances"": 30, ""threshold"": 0.05}, ""error_rate"": {""alpha"": 0.15, ""delta"": 0.005, ""min_instances"": 5, ""threshold"": 0.1}}","{""error_rate"": {""min_instances"": 5, ""threshold"": 0.1}}",0.1,0.005,0.15,5,0.05,0.005,0.1,30,,,,-1,two_stage,2,0.5,"__confirm_cooldown=200,__confirm_rule=perm_test,__perm_alpha=0.01,__perm_min_effect=0,__perm_n_perm=200,__perm_post_n=10,__perm_pre_n=500,__perm_rng_seed=0,__perm_stat=vote_score,divergence=0.3,error_rate=0.5,teacher_entropy=0.2",3,0,200,0.0,0,10000,10.0,25.0,200,500,0,0,1.0,0.7232692307692308,0.44740838461109,0.5,0.6139136552810669,0.0019062471110373735,0,0,57,56,-1,perm_test,0.004975124378109453,0.4197702436229368,56,56,0,0.0,0.5,0,0.0,0.0,0.0,0.0,0,none,0,1,0,overconfident,0.95,0,mild_drift,0.9580646135855104,0.0013225794638706454,0.7903230728495968,0.8535485199919717,1768220037.862925,0.7964489459991455,0.007616452872753143
326,20864,20863,sine_abrupt4,sine,ts_drift_adapt,5,"error_divergence_ph_meta@error.threshold=0.10,error.min_instances=5",error_divergence_ph_meta,"{""divergence"": {""alpha"": 0.1, ""delta"": 0.005, ""min_instances"": 30, ""threshold"": 0.05}, ""error_rate"": {""alpha"": 0.15, ""delta"": 0.005, ""min_instances"": 5, ""threshold"": 0.1}}","{""error_rate"": {""min_instances"": 5, ""threshold"": 0.1}}",0.1,0.005,0.15,5,0.05,0.005,0.1,30,,,,-1,two_stage,2,0.5,"__confirm_cooldown=200,__confirm_rule=perm_test,__perm_alpha=0.01,__perm_min_effect=0,__perm_n_perm=200,__perm_post_n=10,__perm_pre_n=500,__perm_rng_seed=0,__perm_stat=vote_score,divergence=0.3,error_rate=0.5,teacher_entropy=0.2",3,0,200,0.0,0,10000,10.0,25.0,200,500,0,0,1.0,0.7219133435582822,0.44466155768880894,0.8333333333333334,0.6019662022590637,0.0017101005651056767,1,1,58,57,0,perm_test,0.004975124378109453,0.4586122315825194,57,57,0,0.0,0.33333333333333337,1,0.5,0.0,0.0,0.0,0,none,1,1,0,overconfident,0.95,0,stable,0.9740323067927552,0.0010612897319353227,0.8951615364247985,0.8992742599959859,1768220037.877692,1.060828685760498,0.006748042069375515
327,20928,20927,sine_abrupt4,sine,ts_drift_adapt,5,"error_divergence_ph_meta@error.threshold=0.10,error.min_instances=5",error_divergence_ph_meta,"{""divergence"": {""alpha"": 0.1, ""delta"": 0.005, ""min_instances"": 30, ""threshold"": 0.05}, ""error_rate"": {""alpha"": 0.15, ""delta"": 0.005, ""min_instances"": 5, ""threshold"": 0.1}}","{""error_rate"": {""min_instances"": 5, ""threshold"": 0.1}}",0.1,0.005,0.15,5,0.05,0.005,0.1,30,,,,-1,two_stage,2,0.5,"__confirm_cooldown=200,__confirm_rule=perm_test,__perm_alpha=0.01,__perm_min_effect=0,__perm_n_perm=200,__perm_post_n=10,__perm_pre_n=500,__perm_rng_seed=0,__perm_stat=vote_score,divergence=0.3,error_rate=0.5,teacher_entropy=0.2",3,0,200,0.0,0,10000,10.0,25.0,200,500,1,136,1.0,0.7203746177370031,0.44146851210890864,0.8333333333333334,0.6309738159179688,0.002957220422104001,0,0,58,57,-1,perm_test,0.004975124378109453,0.4586122315825194,57,57,0,0.0,0.0012471198569983244,0,0.0,0.0,0.0,0.0,0,none,0,1,0,overconfident,0.95,0,mild_drift,0.9671661533963776,0.0011806448659676615,0.8475807682123992,0.8771371299979929,1768220037.8861647,1.0876505374908447,0.011776275932788849
328,20992,20991,sine_abrupt4,sine,ts_drift_adapt,5,"error_divergence_ph_meta@error.threshold=0.10,error.min_instances=5",error_divergence_ph_meta,"{""divergence"": {""alpha"": 0.1, ""delta"": 0.005, ""min_instances"": 30, ""threshold"": 0.05}, ""error_rate"": {""alpha"": 0.15, ""delta"": 0.005, ""min_instances"": 5, ""threshold"": 0.1}}","{""error_rate"": {""min_instances"": 5, ""threshold"": 0.1}}",0.1,0.005,0.15,5,0.05,0.005,0.1,30,,,,-1,two_stage,2,0.5,"__confirm_cooldown=200,__confirm_rule=perm_test,__perm_alpha=0.01,__perm_min_effect=0,__perm_n_perm=200,__perm_post_n=10,__perm_pre_n=500,__perm_rng_seed=0,__perm_stat=vote_score,divergence=0.3,error_rate=0.5,teacher_entropy=0.2",3,0,200,0.0,0,10000,10.0,25.0,200,500,1,72,1.0,0.7189881859756098,0.43852820090702915,0.5,0.6206619143486023,0.0024126425851136446,0,0,58,57,-1,perm_test,0.004975124378109453,0.4586122315825194,57,57,0,0.0,0.33333333333333337,0,0.0,0.0,0.0,0.0,0,none,0,1,0,overconfident,0.95,0,mild_drift,0.9637330766981888,0.001240322432983831,0.8237903841061996,0.8660685649989964,1768220037.894519,0.7339414954185486,0.009554721415042877
329,21056,21055,sine_abrupt4,sine,ts_drift_adapt,5,"error_divergence_ph_meta@error.threshold=0.10,error.min_instances=5",error_divergence_ph_meta,"{""divergence"": {""alpha"": 0.1, ""delta"": 0.005, ""min_instances"": 30, ""threshold"": 0.05}, ""error_rate"": {""alpha"": 0.15, ""delta"": 0.005, ""min_instances"": 5, ""threshold"": 0.1}}","{""error_rate"": {""min_instances"": 5, ""threshold"": 0.1}}",0.1,0.005,0.15,5,0.05,0.005,0.1,30,,,,-1,two_stage,2,0.5,"__confirm_cooldown=200,__confirm_rule=perm_test,__perm_alpha=0.01,__perm_min_effect=0,__perm_n_perm=200,__perm_post_n=10,__perm_pre_n=500,__perm_rng_seed=0,__perm_stat=vote_score,divergence=0.3,error_rate=0.5,teacher_entropy=0.2",3,0,200,0.0,0,10000,10.0,25.0,200,500,1,8,1.0,0.7173727203647416,0.43529795200835564,0.6666666666666666,0.5984821915626526,0.004645263776183128,0,0,58,57,-1,perm_test,0.004975124378109453,0.4586122315825194,57,57,0,0.0,0.16666666666666663,0,0.0,0.0,0.0,0.0,0,none,0,1,0,overconfident,0.95,0,mild_drift,0.9620165383490944,0.0012701612164919157,0.8118951920530999,0.8605342824994981,1768220037.9027824,0.9353488087654114,0.01789814978837967
330,21120,21119,sine_abrupt4,sine,ts_drift_adapt,5,"error_divergence_ph_meta@error.threshold=0.10,error.min_instances=5",error_divergence_ph_meta,"{""divergence"": {""alpha"": 0.1, ""delta"": 0.005, ""min_instances"": 30, ""threshold"": 0.05}, ""error_rate"": {""alpha"": 0.15, ""delta"": 0.005, ""min_instances"": 5, ""threshold"": 0.1}}","{""error_rate"": {""min_instances"": 5, ""threshold"": 0.1}}",0.1,0.005,0.15,5,0.05,0.005,0.1,30,,,,-1,two_stage,2,0.5,"__confirm_cooldown=200,__confirm_rule=perm_test,__perm_alpha=0.01,__perm_min_effect=0,__perm_n_perm=200,__perm_post_n=10,__perm_pre_n=500,__perm_rng_seed=0,__perm_stat=vote_score,divergence=0.3,error_rate=0.5,teacher_entropy=0.2",3,0,200,0.0,0,10000,10.0,25.0,200,500,0,0,1.0,0.7157670454545455,0.4320212502824364,0.8333333333333334,0.6361180543899536,0.002433096058666706,0,0,58,57,-1,perm_test,0.004975124378109453,0.4586122315825194,57,57,0,0.0,0.16666666666666674,0,0.0,0.0,0.0,0.0,0,none,0,1,0,overconfident,0.95,0,mild_drift,0.9611582691745472,0.001285080608245958,0.80594759602655,0.8577671412497491,1768220037.9112208,0.8904449343681335,0.009619854390621185
331,21184,21183,sine_abrupt4,sine,ts_drift_adapt,5,"error_divergence_ph_meta@error.threshold=0.10,error.min_instances=5",error_divergence_ph_meta,"{""divergence"": {""alpha"": 0.1, ""delta"": 0.005, ""min_instances"": 30, ""threshold"": 0.05}, ""error_rate"": {""alpha"": 0.15, ""delta"": 0.005, ""min_instances"": 5, ""threshold"": 0.1}}","{""error_rate"": {""min_instances"": 5, ""threshold"": 0.1}}",0.1,0.005,0.15,5,0.05,0.005,0.1,30,,,,-1,two_stage,2,0.5,"__confirm_cooldown=200,__confirm_rule=perm_test,__perm_alpha=0.01,__perm_min_effect=0,__perm_n_perm=200,__perm_post_n=10,__perm_pre_n=500,__perm_rng_seed=0,__perm_stat=vote_score,divergence=0.3,error_rate=0.5,teacher_entropy=0.2",3,0,200,0.0,0,10000,10.0,25.0,200,500,0,0,1.0,0.7150679758308157,0.43053421060190966,0.6666666666666666,0.6175423860549927,0.003652808954939246,1,1,59,58,0,perm_test,0.004975124378109453,0.44455475516637644,58,58,0,0.16666666666666674,0.16666666666666674,1,0.5,0.0,0.0,0.0,0,none,1,1,0,overconfident,0.95,0,severe_drift,0.9260791345872736,0.001642540304122979,0.652973798013275,0.8338835706248746,1768220037.9259188,0.8834720253944397,0.014287672936916351
332,21248,21247,sine_abrupt4,sine,ts_drift_adapt,5,"error_divergence_ph_meta@error.threshold=0.10,error.min_instances=5",error_divergence_ph_meta,"{""divergence"": {""alpha"": 0.1, ""delta"": 0.005, ""min_instances"": 30, ""threshold"": 0.05}, ""error_rate"": {""alpha"": 0.15, ""delta"": 0.005, ""min_instances"": 5, ""threshold"": 0.1}}","{""error_rate"": {""min_instances"": 5, ""threshold"": 0.1}}",0.1,0.005,0.15,5,0.05,0.005,0.1,30,,,,-1,two_stage,2,0.5,"__confirm_cooldown=200,__confirm_rule=perm_test,__perm_alpha=0.01,__perm_min_effect=0,__perm_n_perm=200,__perm_post_n=10,__perm_pre_n=500,__perm_rng_seed=0,__perm_stat=vote_score,divergence=0.3,error_rate=0.5,teacher_entropy=0.2",3,0,200,0.0,0,10000,10.0,25.0,200,500,1,136,1.0,0.713902484939759,0.42808755810685434,0.6666666666666666,0.6220988035202026,0.0042462339624762535,0,0,59,58,-1,perm_test,0.004975124378109453,0.44455475516637644,58,58,0,0.0,0.0005934250075370073,0,0.0,0.0,0.0,0.0,0,none,0,1,0,overconfident,0.95,0,mild_drift,0.9431895672936368,0.0014712701520614895,0.7264868990066375,0.8444417853124373,1768220037.934494,0.7435094714164734,0.016408422961831093
333,21312,21311,sine_abrupt4,sine,ts_drift_adapt,5,"error_divergence_ph_meta@error.threshold=0.10,error.min_instances=5",error_divergence_ph_meta,"{""divergence"": {""alpha"": 0.1, ""delta"": 0.005, ""min_instances"": 30, ""threshold"": 0.05}, ""error_rate"": {""alpha"": 0.15, ""delta"": 0.005, ""min_instances"": 5, ""threshold"": 0.1}}","{""error_rate"": {""min_instances"": 5, ""threshold"": 0.1}}",0.1,0.005,0.15,5,0.05,0.005,0.1,30,,,,-1,two_stage,2,0.5,"__confirm_cooldown=200,__confirm_rule=perm_test,__perm_alpha=0.01,__perm_min_effect=0,__perm_n_perm=200,__perm_post_n=10,__perm_pre_n=500,__perm_rng_seed=0,__perm_stat=vote_score,divergence=0.3,error_rate=0.5,teacher_entropy=0.2",3,0,200,0.0,0,10000,10.0,25.0,200,500,1,72,1.0,0.7124624624624625,0.4251563804292643,0.6666666666666666,0.619949221611023,0.004523470997810364,0,0,59,58,-1,perm_test,0.004975124378109453,0.44455475516637644,58,58,0,0.0,0.00027723703533411026,0,0.0,0.0,0.0,0.0,0,none,0,1,0,overconfident,0.95,0,mild_drift,0.9517447836468184,0.0013856350760307447,0.7632434495033188,0.8497208926562186,1768220037.942848,0.8512513041496277,0.017656942829489708
334,21376,21375,sine_abrupt4,sine,ts_drift_adapt,5,"error_divergence_ph_meta@error.threshold=0.10,error.min_instances=5",error_divergence_ph_meta,"{""divergence"": {""alpha"": 0.1, ""delta"": 0.005, ""min_instances"": 30, ""threshold"": 0.05}, ""error_rate"": {""alpha"": 0.15, ""delta"": 0.005, ""min_instances"": 5, ""threshold"": 0.1}}","{""error_rate"": {""min_instances"": 5, ""threshold"": 0.1}}",0.1,0.005,0.15,5,0.05,0.005,0.1,30,,,,-1,two_stage,2,0.5,"__confirm_cooldown=200,__confirm_rule=perm_test,__perm_alpha=0.01,__perm_min_effect=0,__perm_n_perm=200,__perm_post_n=10,__perm_pre_n=500,__perm_rng_seed=0,__perm_stat=vote_score,divergence=0.3,error_rate=0.5,teacher_entropy=0.2",3,0,200,0.0,0,10000,10.0,25.0,200,500,1,8,1.0,0.7115456586826348,0.42323199859073785,0.3333333333333333,0.6478790640830994,0.003038625931367278,0,0,59,58,-1,perm_test,0.004975124378109453,0.44455475516637644,58,58,0,0.0,0.3333333333333333,0,0.0,0.0,0.0,0.0,0,none,0,1,0,overconfident,0.95,0,mild_drift,0.9560223918234092,0.0013428175380153723,0.7816217247516595,0.8523604463281094,1768220037.951109,0.7584678530693054,0.011933581903576851
335,21440,21439,sine_abrupt4,sine,ts_drift_adapt,5,"error_divergence_ph_meta@error.threshold=0.10,error.min_instances=5",error_divergence_ph_meta,"{""divergence"": {""alpha"": 0.1, ""delta"": 0.005, ""min_instances"": 30, ""threshold"": 0.05}, ""error_rate"": {""alpha"": 0.15, ""delta"": 0.005, ""min_instances"": 5, ""threshold"": 0.1}}","{""error_rate"": {""min_instances"": 5, ""threshold"": 0.1}}",0.1,0.005,0.15,5,0.05,0.005,0.1,30,,,,-1,two_stage,2,0.5,"__confirm_cooldown=200,__confirm_rule=perm_test,__perm_alpha=0.01,__perm_min_effect=0,__perm_n_perm=200,__perm_post_n=10,__perm_pre_n=500,__perm_rng_seed=0,__perm_stat=vote_score,divergence=0.3,error_rate=0.5,teacher_entropy=0.2",3,0,200,0.0,0,10000,10.0,25.0,200,500,0,0,1.0,0.7105410447761195,0.4211587321850208,1.0,0.627439558506012,0.005147394724190235,0,0,59,58,-1,perm_test,0.004975124378109453,0.44455475516637644,58,58,0,0.0,0.6666666666666667,0,0.0,0.0,0.0,0.0,0,none,0,1,0,overconfident,0.95,0,mild_drift,0.9581611959117046,0.0013214087690076861,0.7908108623758298,0.8536802231640547,1768220037.9595356,0.9076051115989685,0.020057208836078644
336,21504,21503,sine_abrupt4,sine,ts_drift_adapt,5,"error_divergence_ph_meta@error.threshold=0.10,error.min_instances=5",error_divergence_ph_meta,"{""divergence"": {""alpha"": 0.1, ""delta"": 0.005, ""min_instances"": 30, ""threshold"": 0.05}, ""error_rate"": {""alpha"": 0.15, ""delta"": 0.005, ""min_instances"": 5, ""threshold"": 0.1}}","{""error_rate"": {""min_instances"": 5, ""threshold"": 0.1}}",0.1,0.005,0.15,5,0.05,0.005,0.1,30,,,,-1,two_stage,2,0.5,"__confirm_cooldown=200,__confirm_rule=perm_test,__perm_alpha=0.01,__perm_min_effect=0,__perm_n_perm=200,__perm_post_n=10,__perm_pre_n=500,__perm_rng_seed=0,__perm_stat=vote_score,divergence=0.3,error_rate=0.5,teacher_entropy=0.2",3,0,200,0.0,0,10000,10.0,25.0,200,500,0,0,1.0,0.7090308779761905,0.41806175595238093,0.6666666666666666,0.6324136853218079,0.004410103429108858,1,1,60,59,0,perm_test,0.004975124378109453,0.46050945355380896,59,59,0,0.0,0.33333333333333337,1,0.5,0.0,0.0,0.0,0,none,1,1,0,overconfident,0.95,0,stable,0.9740805979558522,0.001060704384503843,0.8954054311879149,0.8993401115820274,1768220037.974506,0.8576894402503967,0.0172366164624691
337,21568,21567,sine_abrupt4,sine,ts_drift_adapt,5,"error_divergence_ph_meta@error.threshold=0.10,error.min_instances=5",error_divergence_ph_meta,"{""divergence"": {""alpha"": 0.1, ""delta"": 0.005, ""min_instances"": 30, ""threshold"": 0.05}, ""error_rate"": {""alpha"": 0.15, ""delta"": 0.005, ""min_instances"": 5, ""threshold"": 0.1}}","{""error_rate"": {""min_instances"": 5, ""threshold"": 0.1}}",0.1,0.005,0.15,5,0.05,0.005,0.1,30,,,,-1,two_stage,2,0.5,"__confirm_cooldown=200,__confirm_rule=perm_test,__perm_alpha=0.01,__perm_min_effect=0,__perm_n_perm=200,__perm_post_n=10,__perm_pre_n=500,__perm_rng_seed=0,__perm_stat=vote_score,divergence=0.3,error_rate=0.5,teacher_entropy=0.2",3,0,200,0.0,0,10000,10.0,25.0,200,500,1,136,1.0,0.707668768545994,0.4153502964138584,0.5,0.6249682307243347,0.00521231209859252,0,0,60,59,-1,perm_test,0.004975124378109453,0.46050945355380896,59,59,0,0.0,0.16666666666666663,0,0.0,0.0,0.0,0.0,0,none,0,1,0,overconfident,0.95,0,mild_drift,0.9671902989779261,0.0011803521922519216,0.8477027155939575,0.8771700557910137,1768220037.9830828,0.7775846123695374,0.020420698449015617
338,21632,21631,sine_abrupt4,sine,ts_drift_adapt,5,"error_divergence_ph_meta@error.threshold=0.10,error.min_instances=5",error_divergence_ph_meta,"{""divergence"": {""alpha"": 0.1, ""delta"": 0.005, ""min_instances"": 30, ""threshold"": 0.05}, ""error_rate"": {""alpha"": 0.15, ""delta"": 0.005, ""min_instances"": 5, ""threshold"": 0.1}}","{""error_rate"": {""min_instances"": 5, ""threshold"": 0.1}}",0.1,0.005,0.15,5,0.05,0.005,0.1,30,,,,-1,two_stage,2,0.5,"__confirm_cooldown=200,__confirm_rule=perm_test,__perm_alpha=0.01,__perm_min_effect=0,__perm_n_perm=200,__perm_post_n=10,__perm_pre_n=500,__perm_rng_seed=0,__perm_stat=vote_score,divergence=0.3,error_rate=0.5,teacher_entropy=0.2",3,0,200,0.0,0,10000,10.0,25.0,200,500,1,72,1.0,0.7063147189349113,0.41261671471425654,0.8333333333333334,0.652445912361145,0.004015296697616577,0,0,60,59,-1,perm_test,0.004975124378109453,0.46050945355380896,59,59,0,0.0,0.33333333333333337,0,0.0,0.0,0.0,0.0,0,none,0,1,0,overconfident,0.95,0,mild_drift,0.9637451494889631,0.0012401760961259609,0.8238513577969788,0.8660850278955068,1768220037.9916315,0.7539539337158203,0.015781112015247345
339,21696,21695,sine_abrupt4,sine,ts_drift_adapt,5,"error_divergence_ph_meta@error.threshold=0.10,error.min_instances=5",error_divergence_ph_meta,"{""divergence"": {""alpha"": 0.1, ""delta"": 0.005, ""min_instances"": 30, ""threshold"": 0.05}, ""error_rate"": {""alpha"": 0.15, ""delta"": 0.005, ""min_instances"": 5, ""threshold"": 0.1}}","{""error_rate"": {""min_instances"": 5, ""threshold"": 0.1}}",0.1,0.005,0.15,5,0.05,0.005,0.1,30,,,,-1,two_stage,2,0.5,"__confirm_cooldown=200,__confirm_rule=perm_test,__perm_alpha=0.01,__perm_min_effect=0,__perm_n_perm=200,__perm_post_n=10,__perm_pre_n=500,__perm_rng_seed=0,__perm_stat=vote_score,divergence=0.3,error_rate=0.5,teacher_entropy=0.2",3,0,200,0.0,0,10000,10.0,25.0,200,500,1,8,1.0,0.7050608407079646,0.41005811479407245,0.3333333333333333,0.6399940252304077,0.004303544759750366,0,0,60,59,-1,perm_test,0.004975124378109453,0.46050945355380896,59,59,0,0.0,0.5,0,0.0,0.0,0.0,0.0,0,none,0,1,0,overconfident,0.95,0,mild_drift,0.9620225747444815,0.0012700880480629806,0.8119256788984894,0.8605425139477534,1768220038.0001483,0.7626635432243347,0.01679978519678116
340,21760,21759,sine_abrupt4,sine,ts_drift_adapt,5,"error_divergence_ph_meta@error.threshold=0.10,error.min_instances=5",error_divergence_ph_meta,"{""divergence"": {""alpha"": 0.1, ""delta"": 0.005, ""min_instances"": 30, ""threshold"": 0.05}, ""error_rate"": {""alpha"": 0.15, ""delta"": 0.005, ""min_instances"": 5, ""threshold"": 0.1}}","{""error_rate"": {""min_instances"": 5, ""threshold"": 0.1}}",0.1,0.005,0.15,5,0.05,0.005,0.1,30,,,,-1,two_stage,2,0.5,"__confirm_cooldown=200,__confirm_rule=perm_test,__perm_alpha=0.01,__perm_min_effect=0,__perm_n_perm=200,__perm_post_n=10,__perm_pre_n=500,__perm_rng_seed=0,__perm_stat=vote_score,divergence=0.3,error_rate=0.5,teacher_entropy=0.2",3,0,200,0.0,0,10000,10.0,25.0,200,500,0,0,1.0,0.7038602941176471,0.4076444460786414,0.8333333333333334,0.6372580528259277,0.005410423967987299,0,0,60,59,-1,perm_test,0.004975124378109453,0.46050945355380896,59,59,0,0.0,0.5,0,0.0,0.0,0.0,0.0,0,none,0,1,0,overconfident,0.95,0,mild_drift,0.9611612873722407,0.0012850440240314903,0.8059628394492447,0.8577712569738767,1768220038.0087855,0.8447051644325256,0.021122438833117485
341,21824,21823,sine_abrupt4,sine,ts_drift_adapt,5,"error_divergence_ph_meta@error.threshold=0.10,error.min_instances=5",error_divergence_ph_meta,"{""divergence"": {""alpha"": 0.1, ""delta"": 0.005, ""min_instances"": 30, ""threshold"": 0.05}, ""error_rate"": {""alpha"": 0.15, ""delta"": 0.005, ""min_instances"": 5, ""threshold"": 0.1}}","{""error_rate"": {""min_instances"": 5, ""threshold"": 0.1}}",0.1,0.005,0.15,5,0.05,0.005,0.1,30,,,,-1,two_stage,2,0.5,"__confirm_cooldown=200,__confirm_rule=perm_test,__perm_alpha=0.01,__perm_min_effect=0,__perm_n_perm=200,__perm_post_n=10,__perm_pre_n=500,__perm_rng_seed=0,__perm_stat=vote_score,divergence=0.3,error_rate=0.5,teacher_entropy=0.2",3,0,200,0.0,0,10000,10.0,25.0,200,500,0,0,1.0,0.7028042521994134,0.4054058849527545,0.8333333333333334,0.6419597268104553,0.004948578309267759,1,1,61,60,0,perm_test,0.004975124378109453,0.4503956405560296,60,60,0,0.16666666666666674,0.00046184565871953964,1,0.5,0.0,0.0,0.0,0,none,1,1,0,overconfident,0.95,0,severe_drift,0.9260806436861204,0.0016425220120157452,0.6529814197246224,0.8338856284869384,1768220038.023875,0.8067070841789246,0.0193770844489336
342,21888,21887,sine_abrupt4,sine,ts_drift_adapt,5,"error_divergence_ph_meta@error.threshold=0.10,error.min_instances=5",error_divergence_ph_meta,"{""divergence"": {""alpha"": 0.1, ""delta"": 0.005, ""min_instances"": 30, ""threshold"": 0.05}, ""error_rate"": {""alpha"": 0.15, ""delta"": 0.005, ""min_instances"": 5, ""threshold"": 0.1}}","{""error_rate"": {""min_instances"": 5, ""threshold"": 0.1}}",0.1,0.005,0.15,5,0.05,0.005,0.1,30,,,,-1,two_stage,2,0.5,"__confirm_cooldown=200,__confirm_rule=perm_test,__perm_alpha=0.01,__perm_min_effect=0,__perm_n_perm=200,__perm_post_n=10,__perm_pre_n=500,__perm_rng_seed=0,__perm_stat=vote_score,divergence=0.3,error_rate=0.5,teacher_entropy=0.2",3,0,200,0.0,0,10000,10.0,25.0,200,500,1,136,1.0,0.7014802631578947,0.4027457970906155,1.0,0.6387037634849548,0.004356663674116135,0,0,61,60,-1,perm_test,0.004975124378109453,0.4503956405560296,60,60,0,0.0,0.16666666666666663,0,0.0,0.0,0.0,0.0,0,none,0,1,0,overconfident,0.95,0,mild_drift,0.9431903218430602,0.0014712610060078728,0.7264907098623112,0.8444428142434692,1768220038.0323155,0.7887908816337585,0.01704033650457859
343,21952,21951,sine_abrupt4,sine,ts_drift_adapt,5,"error_divergence_ph_meta@error.threshold=0.10,error.min_instances=5",error_divergence_ph_meta,"{""divergence"": {""alpha"": 0.1, ""delta"": 0.005, ""min_instances"": 30, ""threshold"": 0.05}, ""error_rate"": {""alpha"": 0.15, ""delta"": 0.005, ""min_instances"": 5, ""threshold"": 0.1}}","{""error_rate"": {""min_instances"": 5, ""threshold"": 0.1}}",0.1,0.005,0.15,5,0.05,0.005,0.1,30,,,,-1,two_stage,2,0.5,"__confirm_cooldown=200,__confirm_rule=perm_test,__perm_alpha=0.01,__perm_min_effect=0,__perm_n_perm=200,__perm_post_n=10,__perm_pre_n=500,__perm_rng_seed=0,__perm_stat=vote_score,divergence=0.3,error_rate=0.5,teacher_entropy=0.2",3,0,200,0.0,0,10000,10.0,25.0,200,500,1,72,1.0,0.7003006559766763,0.40027320414303297,0.6666666666666666,0.6548271775245667,0.004246482625603676,0,0,61,60,-1,perm_test,0.004975124378109453,0.4503956405560296,60,60,0,0.0,0.33333333333333337,0,0.0,0.0,0.0,0.0,0,none,0,1,0,overconfident,0.95,0,mild_drift,0.95174516092153,0.0013856305030039364,0.7632453549311556,0.8497214071217346,1768220038.0406566,0.7196030020713806,0.016651516780257225
344,22016,22015,sine_abrupt4,sine,ts_drift_adapt,5,"error_divergence_ph_meta@error.threshold=0.10,error.min_instances=5",error_divergence_ph_meta,"{""divergence"": {""alpha"": 0.1, ""delta"": 0.005, ""min_instances"": 30, ""threshold"": 0.05}, ""error_rate"": {""alpha"": 0.15, ""delta"": 0.005, ""min_instances"": 5, ""threshold"": 0.1}}","{""error_rate"": {""min_instances"": 5, ""threshold"": 0.1}}",0.1,0.005,0.15,5,0.05,0.005,0.1,30,,,,-1,two_stage,2,0.5,"__confirm_cooldown=200,__confirm_rule=perm_test,__perm_alpha=0.01,__perm_min_effect=0,__perm_n_perm=200,__perm_post_n=10,__perm_pre_n=500,__perm_rng_seed=0,__perm_stat=vote_score,divergence=0.3,error_rate=0.5,teacher_entropy=0.2",3,0,200,0.0,0,10000,10.0,25.0,200,500,1,8,1.0,0.6994004360465116,0.3983976593289914,0.3333333333333333,0.6567950248718262,0.0039538186974823475,0,0,61,60,-1,perm_test,0.004975124378109453,0.4503956405560296,60,60,0,0.0,0.3333333333333333,0,0.0,0.0,0.0,0.0,0,none,0,1,0,overconfident,0.95,0,mild_drift,0.9560225804607649,0.0013428152515019684,0.7816226774655779,0.8523607035608673,1768220038.0489442,0.703495979309082,0.015533029101788998
345,22080,22079,sine_abrupt4,sine,ts_drift_adapt,5,"error_divergence_ph_meta@error.threshold=0.10,error.min_instances=5",error_divergence_ph_meta,"{""divergence"": {""alpha"": 0.1, ""delta"": 0.005, ""min_instances"": 30, ""threshold"": 0.05}, ""error_rate"": {""alpha"": 0.15, ""delta"": 0.005, ""min_instances"": 5, ""threshold"": 0.1}}","{""error_rate"": {""min_instances"": 5, ""threshold"": 0.1}}",0.1,0.005,0.15,5,0.05,0.005,0.1,30,,,,-1,two_stage,2,0.5,"__confirm_cooldown=200,__confirm_rule=perm_test,__perm_alpha=0.01,__perm_min_effect=0,__perm_n_perm=200,__perm_post_n=10,__perm_pre_n=500,__perm_rng_seed=0,__perm_stat=vote_score,divergence=0.3,error_rate=0.5,teacher_entropy=0.2",3,0,200,0.0,0,10000,10.0,25.0,200,500,0,0,1.0,0.6983695652173914,0.3963356097622493,0.8333333333333334,0.6557949781417847,0.0029075811617076397,0,0,61,60,-1,perm_test,0.004975124378109453,0.4503956405560296,60,60,0,0.0,0.5,0,0.0,0.0,0.0,0.0,0,none,0,1,0,overconfident,0.95,0,mild_drift,0.9581612902303824,0.0013214076257509842,0.790811338732789,0.8536803517804337,1768220038.0573533,0.7861325740814209,0.011450331658124924
346,22144,22143,sine_abrupt4,sine,ts_drift_adapt,5,"error_divergence_ph_meta@error.threshold=0.10,error.min_instances=5",error_divergence_ph_meta,"{""divergence"": {""alpha"": 0.1, ""delta"": 0.005, ""min_instances"": 30, ""threshold"": 0.05}, ""error_rate"": {""alpha"": 0.15, ""delta"": 0.005, ""min_instances"": 5, ""threshold"": 0.1}}","{""error_rate"": {""min_instances"": 5, ""threshold"": 0.1}}",0.1,0.005,0.15,5,0.05,0.005,0.1,30,,,,-1,two_stage,2,0.5,"__confirm_cooldown=200,__confirm_rule=perm_test,__perm_alpha=0.01,__perm_min_effect=0,__perm_n_perm=200,__perm_post_n=10,__perm_pre_n=500,__perm_rng_seed=0,__perm_stat=vote_score,divergence=0.3,error_rate=0.5,teacher_entropy=0.2",3,0,200,0.0,0,10000,10.0,25.0,200,500,0,0,1.0,0.6974801300578035,0.3945048836629355,0.6666666666666666,0.658435046672821,0.0033983325120061636,1,1,62,61,0,perm_test,0.004975124378109453,0.4700841253264047,61,61,0,0.16666666666666674,0.16666666666666674,1,0.5,0.0,0.0,0.0,0,none,1,1,0,overconfident,0.95,0,severe_drift,0.9245806451151912,0.001660703812875492,0.6454056693663945,0.8318401758902169,1768220038.072146,0.7282412648200989,0.013334941118955612
347,22208,22207,sine_abrupt4,sine,ts_drift_adapt,5,"error_divergence_ph_meta@error.threshold=0.10,error.min_instances=5",error_divergence_ph_meta,"{""divergence"": {""alpha"": 0.1, ""delta"": 0.005, ""min_instances"": 30, ""threshold"": 0.05}, ""error_rate"": {""alpha"": 0.15, ""delta"": 0.005, ""min_instances"": 5, ""threshold"": 0.1}}","{""error_rate"": {""min_instances"": 5, ""threshold"": 0.1}}",0.1,0.005,0.15,5,0.05,0.005,0.1,30,,,,-1,two_stage,2,0.5,"__confirm_cooldown=200,__confirm_rule=perm_test,__perm_alpha=0.01,__perm_min_effect=0,__perm_n_perm=200,__perm_post_n=10,__perm_pre_n=500,__perm_rng_seed=0,__perm_stat=vote_score,divergence=0.3,error_rate=0.5,teacher_entropy=0.2",3,0,200,0.0,0,10000,10.0,25.0,200,500,1,136,1.0,0.6962806195965417,0.3920163168734538,0.6666666666666666,0.6618936061859131,0.003039692295715213,0,0,62,61,-1,perm_test,0.004975124378109453,0.4700841253264047,61,61,0,0.0,0.0003586402162909508,0,0.0,0.0,0.0,0.0,0,none,0,1,0,overconfident,0.95,0,mild_drift,0.9424403225575956,0.001480351906437746,0.7227028346831973,0.8434200879451084,1768220038.080492,0.7258409857749939,0.011988334357738495
348,22272,22271,sine_abrupt4,sine,ts_drift_adapt,5,"error_divergence_ph_meta@error.threshold=0.10,error.min_instances=5",error_divergence_ph_meta,"{""divergence"": {""alpha"": 0.1, ""delta"": 0.005, ""min_instances"": 30, ""threshold"": 0.05}, ""error_rate"": {""alpha"": 0.15, ""delta"": 0.005, ""min_instances"": 5, ""threshold"": 0.1}}","{""error_rate"": {""min_instances"": 5, ""threshold"": 0.1}}",0.1,0.005,0.15,5,0.05,0.005,0.1,30,,,,-1,two_stage,2,0.5,"__confirm_cooldown=200,__confirm_rule=perm_test,__perm_alpha=0.01,__perm_min_effect=0,__perm_n_perm=200,__perm_post_n=10,__perm_pre_n=500,__perm_rng_seed=0,__perm_stat=vote_score,divergence=0.3,error_rate=0.5,teacher_entropy=0.2",3,0,200,0.0,0,10000,10.0,25.0,200,500,1,72,1.0,0.6954471982758621,0.390296367243996,0.5,0.6699203252792358,0.002731096465140581,0,0,62,61,-1,perm_test,0.004975124378109453,0.4700841253264047,61,61,0,0.0,0.16666666666666663,0,0.0,0.0,0.0,0.0,0,none,0,1,0,overconfident,0.95,0,mild_drift,0.9513701612787977,0.0013901759532188732,0.7613514173415987,0.8492100439725542,1768220038.0888097,0.7447606921195984,0.010811320506036282
349,22336,22335,sine_abrupt4,sine,ts_drift_adapt,5,"error_divergence_ph_meta@error.threshold=0.10,error.min_instances=5",error_divergence_ph_meta,"{""divergence"": {""alpha"": 0.1, ""delta"": 0.005, ""min_instances"": 30, ""threshold"": 0.05}, ""error_rate"": {""alpha"": 0.15, ""delta"": 0.005, ""min_instances"": 5, ""threshold"": 0.1}}","{""error_rate"": {""min_instances"": 5, ""threshold"": 0.1}}",0.1,0.005,0.15,5,0.05,0.005,0.1,30,,,,-1,two_stage,2,0.5,"__confirm_cooldown=200,__confirm_rule=perm_test,__perm_alpha=0.01,__perm_min_effect=0,__perm_n_perm=200,__perm_post_n=10,__perm_pre_n=500,__perm_rng_seed=0,__perm_stat=vote_score,divergence=0.3,error_rate=0.5,teacher_entropy=0.2",3,0,200,0.0,0,10000,10.0,25.0,200,500,1,8,1.0,0.6947528653295129,0.38884069111223935,0.16666666666666666,0.6630469560623169,0.0029136990197002888,0,0,62,61,-1,perm_test,0.004975124378109453,0.4700841253264047,61,61,0,0.0,0.33333333333333337,0,0.0,0.0,0.0,0.0,0,none,0,1,0,overconfident,0.95,0,mild_drift,0.9558350806393988,0.0013450879766094366,0.7806757086707994,0.8521050219862771,1768220038.0971425,0.670460045337677,0.011488243006169796
350,22400,22399,sine_abrupt4,sine,ts_drift_adapt,5,"error_divergence_ph_meta@error.threshold=0.10,error.min_instances=5",error_divergence_ph_meta,"{""divergence"": {""alpha"": 0.1, ""delta"": 0.005, ""min_instances"": 30, ""threshold"": 0.05}, ""error_rate"": {""alpha"": 0.15, ""delta"": 0.005, ""min_instances"": 5, ""threshold"": 0.1}}","{""error_rate"": {""min_instances"": 5, ""threshold"": 0.1}}",0.1,0.005,0.15,5,0.05,0.005,0.1,30,,,,-1,two_stage,2,0.5,"__confirm_cooldown=200,__confirm_rule=perm_test,__perm_alpha=0.01,__perm_min_effect=0,__perm_n_perm=200,__perm_post_n=10,__perm_pre_n=500,__perm_rng_seed=0,__perm_stat=vote_score,divergence=0.3,error_rate=0.5,teacher_entropy=0.2",3,0,200,0.0,0,10000,10.0,25.0,200,500,0,0,1.0,0.6940625,0.38734144761192907,1.0,0.6767659783363342,0.0020847157575190067,0,0,62,61,-1,perm_test,0.004975124378109453,0.4700841253264047,61,61,0,0.0,0.8333333333333334,0,0.0,0.0,0.0,0.0,0,none,0,1,0,overconfident,0.95,0,mild_drift,0.9580675403196994,0.0013225439883047183,0.7903378543353997,0.8535525109931386,1768220038.1056137,0.7872400283813477,0.008297842927277088
351,22464,22463,sine_abrupt4,sine,ts_drift_adapt,5,"error_divergence_ph_meta@error.threshold=0.10,error.min_instances=5",error_divergence_ph_meta,"{""divergence"": {""alpha"": 0.1, ""delta"": 0.005, ""min_instances"": 30, ""threshold"": 0.05}, ""error_rate"": {""alpha"": 0.15, ""delta"": 0.005, ""min_instances"": 5, ""threshold"": 0.1}}","{""error_rate"": {""min_instances"": 5, ""threshold"": 0.1}}",0.1,0.005,0.15,5,0.05,0.005,0.1,30,,,,-1,two_stage,2,0.5,"__confirm_cooldown=200,__confirm_rule=perm_test,__perm_alpha=0.01,__perm_min_effect=0,__perm_n_perm=200,__perm_post_n=10,__perm_pre_n=500,__perm_rng_seed=0,__perm_stat=vote_score,divergence=0.3,error_rate=0.5,teacher_entropy=0.2",3,0,200,0.0,0,10000,10.0,25.0,200,500,0,0,1.0,0.6935986467236467,0.3863071510567395,0.5,0.679036021232605,0.0017560309497639537,1,1,63,62,0,perm_test,0.004975124378109453,0.4915169735925355,62,62,0,0.16666666666666663,0.5,1,0.5,0.0,0.0,0.0,0,none,1,1,0,overconfident,0.95,0,severe_drift,0.9245337701598497,0.0016612719941523591,0.6451689271676999,0.8317762554965693,1768220038.1204033,0.7538971900939941,0.006987545173615217
352,22528,22527,sine_abrupt4,sine,ts_drift_adapt,5,"error_divergence_ph_meta@error.threshold=0.10,error.min_instances=5",error_divergence_ph_meta,"{""divergence"": {""alpha"": 0.1, ""delta"": 0.005, ""min_instances"": 30, ""threshold"": 0.05}, ""error_rate"": {""alpha"": 0.15, ""delta"": 0.005, ""min_instances"": 5, ""threshold"": 0.1}}","{""error_rate"": {""min_instances"": 5, ""threshold"": 0.1}}",0.1,0.005,0.15,5,0.05,0.005,0.1,30,,,,-1,two_stage,2,0.5,"__confirm_cooldown=200,__confirm_rule=perm_test,__perm_alpha=0.01,__perm_min_effect=0,__perm_n_perm=200,__perm_post_n=10,__perm_pre_n=500,__perm_rng_seed=0,__perm_stat=vote_score,divergence=0.3,error_rate=0.5,teacher_entropy=0.2",3,0,200,0.0,0,10000,10.0,25.0,200,500,1,136,1.0,0.6931374289772727,0.3853263500684509,0.5,0.6663520336151123,0.0017426741542294621,0,0,63,62,-1,perm_test,0.004975124378109453,0.4915169735925355,62,62,0,0.0,1.3356795534491539e-05,0,0.0,0.0,0.0,0.0,0,none,0,1,0,overconfident,0.95,0,mild_drift,0.9424168850799248,0.0014806359970761795,0.72258446358385,0.8433881277482846,1768220038.1287544,0.6845071911811829,0.00690841767936945
353,22592,22591,sine_abrupt4,sine,ts_drift_adapt,5,"error_divergence_ph_meta@error.threshold=0.10,error.min_instances=5",error_divergence_ph_meta,"{""divergence"": {""alpha"": 0.1, ""delta"": 0.005, ""min_instances"": 30, ""threshold"": 0.05}, ""error_rate"": {""alpha"": 0.15, ""delta"": 0.005, ""min_instances"": 5, ""threshold"": 0.1}}","{""error_rate"": {""min_instances"": 5, ""threshold"": 0.1}}",0.1,0.005,0.15,5,0.05,0.005,0.1,30,,,,-1,two_stage,2,0.5,"__confirm_cooldown=200,__confirm_rule=perm_test,__perm_alpha=0.01,__perm_min_effect=0,__perm_n_perm=200,__perm_post_n=10,__perm_pre_n=500,__perm_rng_seed=0,__perm_stat=vote_score,divergence=0.3,error_rate=0.5,teacher_entropy=0.2",3,0,200,0.0,0,10000,10.0,25.0,200,500,1,72,1.0,0.6922804532577904,0.3836452595233143,0.6666666666666666,0.6749004125595093,0.0016321154544129968,0,0,63,62,-1,perm_test,0.004975124378109453,0.4915169735925355,62,62,0,0.0,0.16666666666666663,0,0.0,0.0,0.0,0.0,0,none,0,1,0,overconfident,0.95,0,mild_drift,0.9513584425399624,0.0013903179985380897,0.7612922317919251,0.8491940638741423,1768220038.1370666,0.7787125110626221,0.006476034410297871
354,22656,22655,sine_abrupt4,sine,ts_drift_adapt,5,"error_divergence_ph_meta@error.threshold=0.10,error.min_instances=5",error_divergence_ph_meta,"{""divergence"": {""alpha"": 0.1, ""delta"": 0.005, ""min_instances"": 30, ""threshold"": 0.05}, ""error_rate"": {""alpha"": 0.15, ""delta"": 0.005, ""min_instances"": 5, ""threshold"": 0.1}}","{""error_rate"": {""min_instances"": 5, ""threshold"": 0.1}}",0.1,0.005,0.15,5,0.05,0.005,0.1,30,,,,-1,two_stage,2,0.5,"__confirm_cooldown=200,__confirm_rule=perm_test,__perm_alpha=0.01,__perm_min_effect=0,__perm_n_perm=200,__perm_post_n=10,__perm_pre_n=500,__perm_rng_seed=0,__perm_stat=vote_score,divergence=0.3,error_rate=0.5,teacher_entropy=0.2",3,0,200,0.0,0,10000,10.0,25.0,200,500,1,8,1.0,0.6920021186440678,0.3829645433098884,0.6666666666666666,0.6775686740875244,0.0017567777540534735,0,0,63,62,-1,perm_test,0.004975124378109453,0.4915169735925355,62,62,0,0.0,0.0001246622996404767,0,0.0,0.0,0.0,0.0,0,none,0,1,0,overconfident,0.95,0,mild_drift,0.9558292212699812,0.001345158999269045,0.7806461158959626,0.8520970319370711,1768220038.145308,0.731022298336029,0.006983185652643442
355,22720,22719,sine_abrupt4,sine,ts_drift_adapt,5,"error_divergence_ph_meta@error.threshold=0.10,error.min_instances=5",error_divergence_ph_meta,"{""divergence"": {""alpha"": 0.1, ""delta"": 0.005, ""min_instances"": 30, ""threshold"": 0.05}, ""error_rate"": {""alpha"": 0.15, ""delta"": 0.005, ""min_instances"": 5, ""threshold"": 0.1}}","{""error_rate"": {""min_instances"": 5, ""threshold"": 0.1}}",0.1,0.005,0.15,5,0.05,0.005,0.1,30,,,,-1,two_stage,2,0.5,"__confirm_cooldown=200,__confirm_rule=perm_test,__perm_alpha=0.01,__perm_min_effect=0,__perm_n_perm=200,__perm_post_n=10,__perm_pre_n=500,__perm_rng_seed=0,__perm_stat=vote_score,divergence=0.3,error_rate=0.5,teacher_entropy=0.2",3,0,200,0.0,0,10000,10.0,25.0,200,500,0,0,1.0,0.691681338028169,0.38221066891947064,0.16666666666666666,0.6745819449424744,0.001622279523871839,0,0,63,62,-1,perm_test,0.004975124378109453,0.4915169735925355,62,62,0,0.0,0.5,0,0.0,0.0,0.0,0.0,0,none,0,1,0,overconfident,0.95,0,mild_drift,0.9580646106349906,0.0013225794996345225,0.7903230579479813,0.8535485159685355,1768220038.1536336,0.6299440264701843,0.00644708564504981
356,22784,22783,sine_abrupt4,sine,ts_drift_adapt,5,"error_divergence_ph_meta@error.threshold=0.10,error.min_instances=5",error_divergence_ph_meta,"{""divergence"": {""alpha"": 0.1, ""delta"": 0.005, ""min_instances"": 30, ""threshold"": 0.05}, ""error_rate"": {""alpha"": 0.15, ""delta"": 0.005, ""min_instances"": 5, ""threshold"": 0.1}}","{""error_rate"": {""min_instances"": 5, ""threshold"": 0.1}}",0.1,0.005,0.15,5,0.05,0.005,0.1,30,,,,-1,two_stage,2,0.5,"__confirm_cooldown=200,__confirm_rule=perm_test,__perm_alpha=0.01,__perm_min_effect=0,__perm_n_perm=200,__perm_post_n=10,__perm_pre_n=500,__perm_rng_seed=0,__perm_stat=vote_score,divergence=0.3,error_rate=0.5,teacher_entropy=0.2",3,0,200,0.0,0,10000,10.0,25.0,200,500,0,0,1.0,0.691186797752809,0.3812133424866343,0.6666666666666666,0.672705888748169,0.0016071823192760348,1,1,64,63,0,perm_test,0.004975124378109453,0.4486196963360932,63,63,0,0.16666666666666663,0.5,1,0.5,0.0,0.0,0.0,0,none,1,1,0,overconfident,0.95,0,severe_drift,0.9245323053174953,0.0016612897498172613,0.6451615289739907,0.8317742579842677,1768220038.168464,0.7209270000457764,0.006383063271641731
357,22848,22847,sine_abrupt4,sine,ts_drift_adapt,5,"error_divergence_ph_meta@error.threshold=0.10,error.min_instances=5",error_divergence_ph_meta,"{""divergence"": {""alpha"": 0.1, ""delta"": 0.005, ""min_instances"": 30, ""threshold"": 0.05}, ""error_rate"": {""alpha"": 0.15, ""delta"": 0.005, ""min_instances"": 5, ""threshold"": 0.1}}","{""error_rate"": {""min_instances"": 5, ""threshold"": 0.1}}",0.1,0.005,0.15,5,0.05,0.005,0.1,30,,,,-1,two_stage,2,0.5,"__confirm_cooldown=200,__confirm_rule=perm_test,__perm_alpha=0.01,__perm_min_effect=0,__perm_n_perm=200,__perm_post_n=10,__perm_pre_n=500,__perm_rng_seed=0,__perm_stat=vote_score,divergence=0.3,error_rate=0.5,teacher_entropy=0.2",3,0,200,0.0,0,10000,10.0,25.0,200,500,1,136,1.0,0.6906950280112045,0.3801556656478607,0.3333333333333333,0.6776058077812195,0.0013397472212091088,0,0,64,63,-1,perm_test,0.004975124378109453,0.4486196963360932,63,63,0,0.0,0.3333333333333333,0,0.0,0.0,0.0,0.0,0,none,0,1,0,overconfident,0.95,0,mild_drift,0.9424161526587476,0.0014806448749086307,0.7225807644869954,0.8433871289921339,1768220038.1768484,0.6372437477111816,0.005320701748132706
358,22912,22911,sine_abrupt4,sine,ts_drift_adapt,5,"error_divergence_ph_meta@error.threshold=0.10,error.min_instances=5",error_divergence_ph_meta,"{""divergence"": {""alpha"": 0.1, ""delta"": 0.005, ""min_instances"": 30, ""threshold"": 0.05}, ""error_rate"": {""alpha"": 0.15, ""delta"": 0.005, ""min_instances"": 5, ""threshold"": 0.1}}","{""error_rate"": {""min_instances"": 5, ""threshold"": 0.1}}",0.1,0.005,0.15,5,0.05,0.005,0.1,30,,,,-1,two_stage,2,0.5,"__confirm_cooldown=200,__confirm_rule=perm_test,__perm_alpha=0.01,__perm_min_effect=0,__perm_n_perm=200,__perm_post_n=10,__perm_pre_n=500,__perm_rng_seed=0,__perm_stat=vote_score,divergence=0.3,error_rate=0.5,teacher_entropy=0.2",3,0,200,0.0,0,10000,10.0,25.0,200,500,1,72,1.0,0.6903369413407822,0.37940662130519537,0.5,0.6787784099578857,0.0011525609297677875,0,0,64,63,-1,perm_test,0.004975124378109453,0.4486196963360932,63,63,0,0.0,0.16666666666666669,0,0.0,0.0,0.0,0.0,0,none,0,1,0,overconfident,0.95,0,mild_drift,0.9513580763293737,0.0013903224374543154,0.7612903822434978,0.8491935644960669,1768220038.185118,0.6815090775489807,0.004585633985698223
359,22976,22975,sine_abrupt4,sine,ts_drift_adapt,5,"error_divergence_ph_meta@error.threshold=0.10,error.min_instances=5",error_divergence_ph_meta,"{""divergence"": {""alpha"": 0.1, ""delta"": 0.005, ""min_instances"": 30, ""threshold"": 0.05}, ""error_rate"": {""alpha"": 0.15, ""delta"": 0.005, ""min_instances"": 5, ""threshold"": 0.1}}","{""error_rate"": {""min_instances"": 5, ""threshold"": 0.1}}",0.1,0.005,0.15,5,0.05,0.005,0.1,30,,,,-1,two_stage,2,0.5,"__confirm_cooldown=200,__confirm_rule=perm_test,__perm_alpha=0.01,__perm_min_effect=0,__perm_n_perm=200,__perm_post_n=10,__perm_pre_n=500,__perm_rng_seed=0,__perm_stat=vote_score,divergence=0.3,error_rate=0.5,teacher_entropy=0.2",3,0,200,0.0,0,10000,10.0,25.0,200,500,1,8,1.0,0.689850278551532,0.37839742284498823,0.3333333333333333,0.6791127324104309,0.0011266852961853147,0,0,64,63,-1,perm_test,0.004975124378109453,0.4486196963360932,63,63,0,0.0,0.16666666666666669,0,0.0,0.0,0.0,0.0,0,none,0,1,0,overconfident,0.95,0,mild_drift,0.9558290381646868,0.0013451612187271578,0.7806451911217489,0.8520967822480334,1768220038.1934884,0.6731083989143372,0.004482740070670843
360,23040,23039,sine_abrupt4,sine,ts_drift_adapt,5,"error_divergence_ph_meta@error.threshold=0.10,error.min_instances=5",error_divergence_ph_meta,"{""divergence"": {""alpha"": 0.1, ""delta"": 0.005, ""min_instances"": 30, ""threshold"": 0.05}, ""error_rate"": {""alpha"": 0.15, ""delta"": 0.005, ""min_instances"": 5, ""threshold"": 0.1}}","{""error_rate"": {""min_instances"": 5, ""threshold"": 0.1}}",0.1,0.005,0.15,5,0.05,0.005,0.1,30,,,,-1,two_stage,2,0.5,"__confirm_cooldown=200,__confirm_rule=perm_test,__perm_alpha=0.01,__perm_min_effect=0,__perm_n_perm=200,__perm_post_n=10,__perm_pre_n=500,__perm_rng_seed=0,__perm_stat=vote_score,divergence=0.3,error_rate=0.5,teacher_entropy=0.2",3,0,200,0.0,0,10000,10.0,25.0,200,500,0,0,1.0,0.6892795138888889,0.377274154576842,0.6666666666666666,0.6794963479042053,0.0009656811016611755,0,0,64,63,-1,perm_test,0.004975124378109453,0.4486196963360932,63,63,0,0.0,0.3333333333333333,0,0.0,0.0,0.0,0.0,0,none,0,1,0,overconfident,0.95,0,mild_drift,0.9580645190823434,0.001322580609363579,0.7903225955608745,0.8535483911240167,1768220038.2017875,0.7504721283912659,0.0038509215228259563
361,23104,23103,sine_abrupt4,sine,ts_drift_adapt,5,"error_divergence_ph_meta@error.threshold=0.10,error.min_instances=5",error_divergence_ph_meta,"{""divergence"": {""alpha"": 0.1, ""delta"": 0.005, ""min_instances"": 30, ""threshold"": 0.05}, ""error_rate"": {""alpha"": 0.15, ""delta"": 0.005, ""min_instances"": 5, ""threshold"": 0.1}}","{""error_rate"": {""min_instances"": 5, ""threshold"": 0.1}}",0.1,0.005,0.15,5,0.05,0.005,0.1,30,,,,-1,two_stage,2,0.5,"__confirm_cooldown=200,__confirm_rule=perm_test,__perm_alpha=0.01,__perm_min_effect=0,__perm_n_perm=200,__perm_post_n=10,__perm_pre_n=500,__perm_rng_seed=0,__perm_stat=vote_score,divergence=0.3,error_rate=0.5,teacher_entropy=0.2",3,0,200,0.0,0,10000,10.0,25.0,200,500,0,0,1.0,0.6887984764542936,0.3762626655362144,0.3333333333333333,0.6808210015296936,0.000949559616856277,1,1,65,64,0,perm_test,0.004975124378109453,0.4225828074432171,64,64,0,0.3333333333333333,0.3333333333333333,1,0.5,0.0,0.0,0.0,0,none,1,1,0,overconfident,0.95,0,severe_drift,0.9245322595411717,0.0016612903046817895,0.6451612977804373,0.8317741955620084,1768220038.2166429,0.6999363899230957,0.0037819501012563705
362,23168,23167,sine_abrupt4,sine,ts_drift_adapt,5,"error_divergence_ph_meta@error.threshold=0.10,error.min_instances=5",error_divergence_ph_meta,"{""divergence"": {""alpha"": 0.1, ""delta"": 0.005, ""min_instances"": 30, ""threshold"": 0.05}, ""error_rate"": {""alpha"": 0.15, ""delta"": 0.005, ""min_instances"": 5, ""threshold"": 0.1}}","{""error_rate"": {""min_instances"": 5, ""threshold"": 0.1}}",0.1,0.005,0.15,5,0.05,0.005,0.1,30,,,,-1,two_stage,2,0.5,"__confirm_cooldown=200,__confirm_rule=perm_test,__perm_alpha=0.01,__perm_min_effect=0,__perm_n_perm=200,__perm_post_n=10,__perm_pre_n=500,__perm_rng_seed=0,__perm_stat=vote_score,divergence=0.3,error_rate=0.5,teacher_entropy=0.2",3,0,200,0.0,0,10000,10.0,25.0,200,500,1,136,1.0,0.6882769337016574,0.3751968257774052,0.5,0.6837460994720459,0.0007463258225470781,0,0,65,64,-1,perm_test,0.004975124378109453,0.4225828074432171,64,64,0,0.0,0.16666666666666669,0,0.0,0.0,0.0,0.0,0,none,0,1,0,overconfident,0.95,0,mild_drift,0.9424161297705858,0.0014806451523408947,0.7225806488902187,0.8433870977810042,1768220038.225009,0.6947214603424072,0.0029810424894094467
363,23232,23231,sine_abrupt4,sine,ts_drift_adapt,5,"error_divergence_ph_meta@error.threshold=0.10,error.min_instances=5",error_divergence_ph_meta,"{""divergence"": {""alpha"": 0.1, ""delta"": 0.005, ""min_instances"": 30, ""threshold"": 0.05}, ""error_rate"": {""alpha"": 0.15, ""delta"": 0.005, ""min_instances"": 5, ""threshold"": 0.1}}","{""error_rate"": {""min_instances"": 5, ""threshold"": 0.1}}",0.1,0.005,0.15,5,0.05,0.005,0.1,30,,,,-1,two_stage,2,0.5,"__confirm_cooldown=200,__confirm_rule=perm_test,__perm_alpha=0.01,__perm_min_effect=0,__perm_n_perm=200,__perm_post_n=10,__perm_pre_n=500,__perm_rng_seed=0,__perm_stat=vote_score,divergence=0.3,error_rate=0.5,teacher_entropy=0.2",3,0,200,0.0,0,10000,10.0,25.0,200,500,1,72,1.0,0.6879734848484849,0.3745117044086116,0.16666666666666666,0.6813433170318604,0.000887672824319452,0,0,65,64,-1,perm_test,0.004975124378109453,0.4225828074432171,64,64,0,0.0,0.33333333333333337,0,0.0,0.0,0.0,0.0,0,none,0,1,0,overconfident,0.95,0,mild_drift,0.9513580648852928,0.0013903225761704475,0.7612903244451094,0.849193548890502,1768220038.233294,0.629231333732605,0.003536459757015109
364,23296,23295,sine_abrupt4,sine,ts_drift_adapt,5,"error_divergence_ph_meta@error.threshold=0.10,error.min_instances=5",error_divergence_ph_meta,"{""divergence"": {""alpha"": 0.1, ""delta"": 0.005, ""min_instances"": 30, ""threshold"": 0.05}, ""error_rate"": {""alpha"": 0.15, ""delta"": 0.005, ""min_instances"": 5, ""threshold"": 0.1}}","{""error_rate"": {""min_instances"": 5, ""threshold"": 0.1}}",0.1,0.005,0.15,5,0.05,0.005,0.1,30,,,,-1,two_stage,2,0.5,"__confirm_cooldown=200,__confirm_rule=perm_test,__perm_alpha=0.01,__perm_min_effect=0,__perm_n_perm=200,__perm_post_n=10,__perm_pre_n=500,__perm_rng_seed=0,__perm_stat=vote_score,divergence=0.3,error_rate=0.5,teacher_entropy=0.2",3,0,200,0.0,0,10000,10.0,25.0,200,500,1,8,1.0,0.6875,0.3735411490098637,0.6666666666666666,0.6842246651649475,0.0006440090946853161,0,0,65,64,-1,perm_test,0.004975124378109453,0.4225828074432171,64,64,0,0.0,0.5,0,0.0,0.0,0.0,0.0,0,none,0,1,0,overconfident,0.95,0,mild_drift,0.9558290324426464,0.0013451612880852237,0.7806451622225548,0.852096774445251,1768220038.2428324,0.7867117524147034,0.0025772235821932554
365,23360,23359,sine_abrupt4,sine,ts_drift_adapt,5,"error_divergence_ph_meta@error.threshold=0.10,error.min_instances=5",error_divergence_ph_meta,"{""divergence"": {""alpha"": 0.1, ""delta"": 0.005, ""min_instances"": 30, ""threshold"": 0.05}, ""error_rate"": {""alpha"": 0.15, ""delta"": 0.005, ""min_instances"": 5, ""threshold"": 0.1}}","{""error_rate"": {""min_instances"": 5, ""threshold"": 0.1}}",0.1,0.005,0.15,5,0.05,0.005,0.1,30,,,,-1,two_stage,2,0.5,"__confirm_cooldown=200,__confirm_rule=perm_test,__perm_alpha=0.01,__perm_min_effect=0,__perm_n_perm=200,__perm_post_n=10,__perm_pre_n=500,__perm_rng_seed=0,__perm_stat=vote_score,divergence=0.3,error_rate=0.5,teacher_entropy=0.2",3,0,200,0.0,0,10000,10.0,25.0,200,500,0,0,1.0,0.6874143835616439,0.3732208187375516,0.5,0.6848477125167847,0.0006391883944161236,0,0,65,64,-1,perm_test,0.004975124378109453,0.4225828074432171,64,64,0,0.0,0.16666666666666663,0,0.0,0.0,0.0,0.0,0,none,0,1,0,overconfident,0.95,0,mild_drift,0.9580645162213232,0.001322580644042612,0.7903225811112774,0.8535483872226255,1768220038.2512252,0.717498779296875,0.0025575391482561827
366,23424,23423,sine_abrupt4,sine,ts_drift_adapt,5,"error_divergence_ph_meta@error.threshold=0.10,error.min_instances=5",error_divergence_ph_meta,"{""divergence"": {""alpha"": 0.1, ""delta"": 0.005, ""min_instances"": 30, ""threshold"": 0.05}, ""error_rate"": {""alpha"": 0.15, ""delta"": 0.005, ""min_instances"": 5, ""threshold"": 0.1}}","{""error_rate"": {""min_instances"": 5, ""threshold"": 0.1}}",0.1,0.005,0.15,5,0.05,0.005,0.1,30,,,,-1,two_stage,2,0.5,"__confirm_cooldown=200,__confirm_rule=perm_test,__perm_alpha=0.01,__perm_min_effect=0,__perm_n_perm=200,__perm_post_n=10,__perm_pre_n=500,__perm_rng_seed=0,__perm_stat=vote_score,divergence=0.3,error_rate=0.5,teacher_entropy=0.2",3,0,200,0.0,0,10000,10.0,25.0,200,500,0,0,1.0,0.6872011612021858,0.3726721313960924,0.5,0.6830015778541565,0.0006487125647254288,1,1,66,65,0,perm_test,0.004975124378109453,0.43037960049775603,65,65,0,0.16666666666666669,9.524170309305191e-06,1,0.5,0.0,0.0,0.0,0,none,1,1,0,overconfident,0.95,0,severe_drift,0.9245322581106616,0.001661290322021306,0.6451612905556388,0.8317741936113128,1768220038.2678478,0.6874752044677734,0.0025960232596844435
367,23488,23487,sine_abrupt4,sine,ts_drift_adapt,5,"error_divergence_ph_meta@error.threshold=0.10,error.min_instances=5",error_divergence_ph_meta,"{""divergence"": {""alpha"": 0.1, ""delta"": 0.005, ""min_instances"": 30, ""threshold"": 0.05}, ""error_rate"": {""alpha"": 0.15, ""delta"": 0.005, ""min_instances"": 5, ""threshold"": 0.1}}","{""error_rate"": {""min_instances"": 5, ""threshold"": 0.1}}",0.1,0.005,0.15,5,0.05,0.005,0.1,30,,,,-1,two_stage,2,0.5,"__confirm_cooldown=200,__confirm_rule=perm_test,__perm_alpha=0.01,__perm_min_effect=0,__perm_n_perm=200,__perm_post_n=10,__perm_pre_n=500,__perm_rng_seed=0,__perm_stat=vote_score,divergence=0.3,error_rate=0.5,teacher_entropy=0.2",3,0,200,0.0,0,10000,10.0,25.0,200,500,1,136,1.0,0.6870316757493188,0.3722094509393593,0.3333333333333333,0.686435341835022,0.00069167505716905,0,0,66,65,-1,perm_test,0.004975124378109453,0.43037960049775603,65,65,0,0.0,0.16666666666666669,0,0.0,0.0,0.0,0.0,0,none,0,1,0,overconfident,0.95,0,mild_drift,0.9424161290553308,0.0014806451610106532,0.7225806452778194,0.8433870968056564,1768220038.2762969,0.7102012634277344,0.00276639754883945
368,23552,23551,sine_abrupt4,sine,ts_drift_adapt,5,"error_divergence_ph_meta@error.threshold=0.10,error.min_instances=5",error_divergence_ph_meta,"{""divergence"": {""alpha"": 0.1, ""delta"": 0.005, ""min_instances"": 30, ""threshold"": 0.05}, ""error_rate"": {""alpha"": 0.15, ""delta"": 0.005, ""min_instances"": 5, ""threshold"": 0.1}}","{""error_rate"": {""min_instances"": 5, ""threshold"": 0.1}}",0.1,0.005,0.15,5,0.05,0.005,0.1,30,,,,-1,two_stage,2,0.5,"__confirm_cooldown=200,__confirm_rule=perm_test,__perm_alpha=0.01,__perm_min_effect=0,__perm_n_perm=200,__perm_post_n=10,__perm_pre_n=500,__perm_rng_seed=0,__perm_stat=vote_score,divergence=0.3,error_rate=0.5,teacher_entropy=0.2",3,0,200,0.0,0,10000,10.0,25.0,200,500,1,72,1.0,0.6868631114130435,0.37174747043502826,0.3333333333333333,0.6852462887763977,0.0007558931829407811,0,0,66,65,-1,perm_test,0.004975124378109453,0.43037960049775603,65,65,0,0.0,6.421812577173114e-05,0,0.0,0.0,0.0,0.0,0,none,0,1,0,overconfident,0.95,0,mild_drift,0.9513580645276654,0.0013903225805053268,0.7612903226389097,0.8491935484028281,1768220038.2846153,0.6645721793174744,0.0030236325692385435
369,23616,23615,sine_abrupt4,sine,ts_drift_adapt,5,"error_divergence_ph_meta@error.threshold=0.10,error.min_instances=5",error_divergence_ph_meta,"{""divergence"": {""alpha"": 0.1, ""delta"": 0.005, ""min_instances"": 30, ""threshold"": 0.05}, ""error_rate"": {""alpha"": 0.15, ""delta"": 0.005, ""min_instances"": 5, ""threshold"": 0.1}}","{""error_rate"": {""min_instances"": 5, ""threshold"": 0.1}}",0.1,0.005,0.15,5,0.05,0.005,0.1,30,,,,-1,two_stage,2,0.5,"__confirm_cooldown=200,__confirm_rule=perm_test,__perm_alpha=0.01,__perm_min_effect=0,__perm_n_perm=200,__perm_post_n=10,__perm_pre_n=500,__perm_rng_seed=0,__perm_stat=vote_score,divergence=0.3,error_rate=0.5,teacher_entropy=0.2",3,0,200,0.0,0,10000,10.0,25.0,200,500,1,8,1.0,0.6865260840108401,0.37099036383170475,0.5,0.6823996305465698,0.0005866949213668704,0,0,66,65,-1,perm_test,0.004975124378109453,0.43037960049775603,65,65,0,0.0,0.16666666666666669,0,0.0,0.0,0.0,0.0,0,none,0,1,0,overconfident,0.95,0,mild_drift,0.9558290322638326,0.0013451612902526636,0.7806451613194549,0.852096774201414,1768220038.2930477,0.7125735282897949,0.0023463789839297533
370,23680,23679,sine_abrupt4,sine,ts_drift_adapt,5,"error_divergence_ph_meta@error.threshold=0.10,error.min_instances=5",error_divergence_ph_meta,"{""divergence"": {""alpha"": 0.1, ""delta"": 0.005, ""min_instances"": 30, ""threshold"": 0.05}, ""error_rate"": {""alpha"": 0.15, ""delta"": 0.005, ""min_instances"": 5, ""threshold"": 0.1}}","{""error_rate"": {""min_instances"": 5, ""threshold"": 0.1}}",0.1,0.005,0.15,5,0.05,0.005,0.1,30,,,,-1,two_stage,2,0.5,"__confirm_cooldown=200,__confirm_rule=perm_test,__perm_alpha=0.01,__perm_min_effect=0,__perm_n_perm=200,__perm_post_n=10,__perm_pre_n=500,__perm_rng_seed=0,__perm_stat=vote_score,divergence=0.3,error_rate=0.5,teacher_entropy=0.2",3,0,200,0.0,0,10000,10.0,25.0,200,500,0,0,1.0,0.6863175675675676,0.3704607112026078,0.5,0.6866461634635925,0.0005678939633071423,0,0,66,65,-1,perm_test,0.004975124378109453,0.43037960049775603,65,65,0,0.0,1.8800958059728146e-05,0,0.0,0.0,0.0,0.0,0,none,0,1,0,overconfident,0.95,0,mild_drift,0.9580645161319163,0.001322580645126332,0.7903225806597275,0.853548387100707,1768220038.301538,0.7016201019287109,0.002275418723002076
371,23744,23743,sine_abrupt4,sine,ts_drift_adapt,5,"error_divergence_ph_meta@error.threshold=0.10,error.min_instances=5",error_divergence_ph_meta,"{""divergence"": {""alpha"": 0.1, ""delta"": 0.005, ""min_instances"": 30, ""threshold"": 0.05}, ""error_rate"": {""alpha"": 0.15, ""delta"": 0.005, ""min_instances"": 5, ""threshold"": 0.1}}","{""error_rate"": {""min_instances"": 5, ""threshold"": 0.1}}",0.1,0.005,0.15,5,0.05,0.005,0.1,30,,,,-1,two_stage,2,0.5,"__confirm_cooldown=200,__confirm_rule=perm_test,__perm_alpha=0.01,__perm_min_effect=0,__perm_n_perm=200,__perm_post_n=10,__perm_pre_n=500,__perm_rng_seed=0,__perm_stat=vote_score,divergence=0.3,error_rate=0.5,teacher_entropy=0.2",3,0,200,0.0,0,10000,10.0,25.0,200,500,0,0,1.0,0.6859417115902965,0.3696527233419139,0.6666666666666666,0.6855714917182922,0.0006636107573285699,1,1,67,66,0,perm_test,0.004975124378109453,0.4253497202026586,66,66,0,0.16666666666666663,0.16666666666666663,1,0.5,0.0,0.0,0.0,0,none,1,1,0,overconfident,0.95,0,severe_drift,0.9245322580659582,0.001661290322563166,0.6451612903298638,0.8317741935503535,1768220038.3162587,0.7429013848304749,0.002659412333741784
372,23808,23807,sine_abrupt4,sine,ts_drift_adapt,5,"error_divergence_ph_meta@error.threshold=0.10,error.min_instances=5",error_divergence_ph_meta,"{""divergence"": {""alpha"": 0.1, ""delta"": 0.005, ""min_instances"": 30, ""threshold"": 0.05}, ""error_rate"": {""alpha"": 0.15, ""delta"": 0.005, ""min_instances"": 5, ""threshold"": 0.1}}","{""error_rate"": {""min_instances"": 5, ""threshold"": 0.1}}",0.1,0.005,0.15,5,0.05,0.005,0.1,30,,,,-1,two_stage,2,0.5,"__confirm_cooldown=200,__confirm_rule=perm_test,__perm_alpha=0.01,__perm_min_effect=0,__perm_n_perm=200,__perm_post_n=10,__perm_pre_n=500,__perm_rng_seed=0,__perm_stat=vote_score,divergence=0.3,error_rate=0.5,teacher_entropy=0.2",3,0,200,0.0,0,10000,10.0,25.0,200,500,1,136,1.0,0.6857778897849462,0.36919642064055386,0.5,0.684729278087616,0.0005826273700222373,0,0,67,66,-1,perm_test,0.004975124378109453,0.4253497202026586,66,66,0,0.0,0.16666666666666663,0,0.0,0.0,0.0,0.0,0,none,0,1,0,overconfident,0.95,0,mild_drift,0.9424161290329791,0.0014806451612815832,0.7225806451649319,0.8433870967751768,1768220038.3247085,0.7092375159263611,0.0023343521170318127
373,23872,23871,sine_abrupt4,sine,ts_drift_adapt,5,"error_divergence_ph_meta@error.threshold=0.10,error.min_instances=5",error_divergence_ph_meta,"{""divergence"": {""alpha"": 0.1, ""delta"": 0.005, ""min_instances"": 30, ""threshold"": 0.05}, ""error_rate"": {""alpha"": 0.15, ""delta"": 0.005, ""min_instances"": 5, ""threshold"": 0.1}}","{""error_rate"": {""min_instances"": 5, ""threshold"": 0.1}}",0.1,0.005,0.15,5,0.05,0.005,0.1,30,,,,-1,two_stage,2,0.5,"__confirm_cooldown=200,__confirm_rule=perm_test,__perm_alpha=0.01,__perm_min_effect=0,__perm_n_perm=200,__perm_post_n=10,__perm_pre_n=500,__perm_rng_seed=0,__perm_stat=vote_score,divergence=0.3,error_rate=0.5,teacher_entropy=0.2",3,0,200,0.0,0,10000,10.0,25.0,200,500,1,72,1.0,0.6854892761394102,0.36853285759004234,0.3333333333333333,0.6870683431625366,0.0005925453151576221,0,0,67,66,-1,perm_test,0.004975124378109453,0.4253497202026586,66,66,0,0.0,0.16666666666666669,0,0.0,0.0,0.0,0.0,0,none,0,1,0,overconfident,0.95,0,mild_drift,0.9513580645164895,0.0013903225806407918,0.761290322582466,0.8491935483875883,1768220038.333018,0.6815012097358704,0.002372964285314083
374,23936,23935,sine_abrupt4,sine,ts_drift_adapt,5,"error_divergence_ph_meta@error.threshold=0.10,error.min_instances=5",error_divergence_ph_meta,"{""divergence"": {""alpha"": 0.1, ""delta"": 0.005, ""min_instances"": 30, ""threshold"": 0.05}, ""error_rate"": {""alpha"": 0.15, ""delta"": 0.005, ""min_instances"": 5, ""threshold"": 0.1}}","{""error_rate"": {""min_instances"": 5, ""threshold"": 0.1}}",0.1,0.005,0.15,5,0.05,0.005,0.1,30,,,,-1,two_stage,2,0.5,"__confirm_cooldown=200,__confirm_rule=perm_test,__perm_alpha=0.01,__perm_min_effect=0,__perm_n_perm=200,__perm_post_n=10,__perm_pre_n=500,__perm_rng_seed=0,__perm_stat=vote_score,divergence=0.3,error_rate=0.5,teacher_entropy=0.2",3,0,200,0.0,0,10000,10.0,25.0,200,500,1,8,1.0,0.6851604278074866,0.36780271289784733,0.3333333333333333,0.6852428317070007,0.0006326205912046134,0,0,67,66,-1,perm_test,0.004975124378109453,0.4253497202026586,66,66,0,0.0,4.007527604699135e-05,0,0.0,0.0,0.0,0.0,0,none,0,1,0,overconfident,0.95,0,mild_drift,0.9558290322582448,0.0013451612903203959,0.7806451612912331,0.8520967741937941,1768220038.3415182,0.6506437659263611,0.002528506563976407
375,24000,23999,sine_abrupt4,sine,ts_drift_adapt,5,"error_divergence_ph_meta@error.threshold=0.10,error.min_instances=5",error_divergence_ph_meta,"{""divergence"": {""alpha"": 0.1, ""delta"": 0.005, ""min_instances"": 30, ""threshold"": 0.05}, ""error_rate"": {""alpha"": 0.15, ""delta"": 0.005, ""min_instances"": 5, ""threshold"": 0.1}}","{""error_rate"": {""min_instances"": 5, ""threshold"": 0.1}}",0.1,0.005,0.15,5,0.05,0.005,0.1,30,,,,-1,two_stage,2,0.5,"__confirm_cooldown=200,__confirm_rule=perm_test,__perm_alpha=0.01,__perm_min_effect=0,__perm_n_perm=200,__perm_post_n=10,__perm_pre_n=500,__perm_rng_seed=0,__perm_stat=vote_score,divergence=0.3,error_rate=0.5,teacher_entropy=0.2",3,0,200,0.0,0,10000,10.0,25.0,200,500,0,0,1.0,0.684875,0.3671443045706942,0.5,0.6835606098175049,0.0004786076897289604,0,0,67,66,-1,perm_test,0.004975124378109453,0.4253497202026586,66,66,0,0.0,0.16666666666666669,0,0.0,0.0,0.0,0.0,0,none,0,1,0,overconfident,0.95,0,mild_drift,0.9580645161291224,0.0013225806451601981,0.7903225806456166,0.8535483870968971,1768220038.3499455,0.7178854942321777,0.0019119582138955593
376,24064,24063,sine_abrupt4,sine,ts_drift_adapt,5,"error_divergence_ph_meta@error.threshold=0.10,error.min_instances=5",error_divergence_ph_meta,"{""divergence"": {""alpha"": 0.1, ""delta"": 0.005, ""min_instances"": 30, ""threshold"": 0.05}, ""error_rate"": {""alpha"": 0.15, ""delta"": 0.005, ""min_instances"": 5, ""threshold"": 0.1}}","{""error_rate"": {""min_instances"": 5, ""threshold"": 0.1}}",0.1,0.005,0.15,5,0.05,0.005,0.1,30,,,,-1,two_stage,2,0.5,"__confirm_cooldown=200,__confirm_rule=perm_test,__perm_alpha=0.01,__perm_min_effect=0,__perm_n_perm=200,__perm_post_n=10,__perm_pre_n=500,__perm_rng_seed=0,__perm_stat=vote_score,divergence=0.3,error_rate=0.5,teacher_entropy=0.2",3,0,200,0.0,0,10000,10.0,25.0,200,500,0,0,1.0,0.6845079787234043,0.36635143786917607,0.3333333333333333,0.6841356158256531,0.0005787726840935647,1,1,68,67,0,perm_test,0.004975124378109453,0.4373062658725487,67,67,0,0.3333333333333333,0.16666666666666669,1,0.5,0.0,0.0,0.0,0,none,1,1,0,overconfident,0.95,0,severe_drift,0.9245322580645612,0.001661290322580099,0.6451612903228083,0.8317741935484486,1768220038.364896,0.6417505145072937,0.002309532603248954
377,24128,24127,sine_abrupt4,sine,ts_drift_adapt,5,"error_divergence_ph_meta@error.threshold=0.10,error.min_instances=5",error_divergence_ph_meta,"{""divergence"": {""alpha"": 0.1, ""delta"": 0.005, ""min_instances"": 30, ""threshold"": 0.05}, ""error_rate"": {""alpha"": 0.15, ""delta"": 0.005, ""min_instances"": 5, ""threshold"": 0.1}}","{""error_rate"": {""min_instances"": 5, ""threshold"": 0.1}}",0.1,0.005,0.15,5,0.05,0.005,0.1,30,,,,-1,two_stage,2,0.5,"__confirm_cooldown=200,__confirm_rule=perm_test,__perm_alpha=0.01,__perm_min_effect=0,__perm_n_perm=200,__perm_post_n=10,__perm_pre_n=500,__perm_rng_seed=0,__perm_stat=vote_score,divergence=0.3,error_rate=0.5,teacher_entropy=0.2",3,0,200,0.0,0,10000,10.0,25.0,200,500,1,136,1.0,0.684184350132626,0.36563026820335837,0.6666666666666666,0.682503342628479,0.0005179359577596188,0,0,68,67,-1,perm_test,0.004975124378109453,0.4373062658725487,67,67,0,0.0,0.3333333333333333,0,0.0,0.0,0.0,0.0,0,none,0,1,0,overconfident,0.95,0,mild_drift,0.9424161290322806,0.0014806451612900495,0.7225806451614042,0.8433870967742243,1768220038.373264,0.7456077933311462,0.0020667186472564936
378,24192,24191,sine_abrupt4,sine,ts_drift_adapt,5,"error_divergence_ph_meta@error.threshold=0.10,error.min_instances=5",error_divergence_ph_meta,"{""divergence"": {""alpha"": 0.1, ""delta"": 0.005, ""min_instances"": 30, ""threshold"": 0.05}, ""error_rate"": {""alpha"": 0.15, ""delta"": 0.005, ""min_instances"": 5, ""threshold"": 0.1}}","{""error_rate"": {""min_instances"": 5, ""threshold"": 0.1}}",0.1,0.005,0.15,5,0.05,0.005,0.1,30,,,,-1,two_stage,2,0.5,"__confirm_cooldown=200,__confirm_rule=perm_test,__perm_alpha=0.01,__perm_min_effect=0,__perm_n_perm=200,__perm_post_n=10,__perm_pre_n=500,__perm_rng_seed=0,__perm_stat=vote_score,divergence=0.3,error_rate=0.5,teacher_entropy=0.2",3,0,200,0.0,0,10000,10.0,25.0,200,500,1,72,1.0,0.6840277777777778,0.3651834763443442,0.5,0.6848735213279724,0.0003722878755070269,0,0,68,67,-1,perm_test,0.004975124378109453,0.4373062658725487,67,67,0,0.0,0.16666666666666663,0,0.0,0.0,0.0,0.0,0,none,0,1,0,overconfident,0.95,0,mild_drift,0.9513580645161402,0.001390322580645025,0.7612903225807022,0.8491935483871121,1768220038.3814418,0.6949242949485779,0.0014894244959577918
379,24256,24255,sine_abrupt4,sine,ts_drift_adapt,5,"error_divergence_ph_meta@error.threshold=0.10,error.min_instances=5",error_divergence_ph_meta,"{""divergence"": {""alpha"": 0.1, ""delta"": 0.005, ""min_instances"": 30, ""threshold"": 0.05}, ""error_rate"": {""alpha"": 0.15, ""delta"": 0.005, ""min_instances"": 5, ""threshold"": 0.1}}","{""error_rate"": {""min_instances"": 5, ""threshold"": 0.1}}",0.1,0.005,0.15,5,0.05,0.005,0.1,30,,,,-1,two_stage,2,0.5,"__confirm_cooldown=200,__confirm_rule=perm_test,__perm_alpha=0.01,__perm_min_effect=0,__perm_n_perm=200,__perm_post_n=10,__perm_pre_n=500,__perm_rng_seed=0,__perm_stat=vote_score,divergence=0.3,error_rate=0.5,teacher_entropy=0.2",3,0,200,0.0,0,10000,10.0,25.0,200,500,1,8,1.0,0.6836658970976254,0.3643994695546192,0.3333333333333333,0.6823729276657104,0.00046145025407895446,0,0,68,67,-1,perm_test,0.004975124378109453,0.4373062658725487,67,67,0,0.0,0.16666666666666669,0,0.0,0.0,0.0,0.0,0,none,0,1,0,overconfident,0.95,0,mild_drift,0.95582903225807,0.0013451612903225127,0.7806451612903511,0.8520967741935561,1768220038.3897429,0.6942668557167053,0.0018370536854490638
380,24320,24319,sine_abrupt4,sine,ts_drift_adapt,5,"error_divergence_ph_meta@error.threshold=0.10,error.min_instances=5",error_divergence_ph_meta,"{""divergence"": {""alpha"": 0.1, ""delta"": 0.005, ""min_instances"": 30, ""threshold"": 0.05}, ""error_rate"": {""alpha"": 0.15, ""delta"": 0.005, ""min_instances"": 5, ""threshold"": 0.1}}","{""error_rate"": {""min_instances"": 5, ""threshold"": 0.1}}",0.1,0.005,0.15,5,0.05,0.005,0.1,30,,,,-1,two_stage,2,0.5,"__confirm_cooldown=200,__confirm_rule=perm_test,__perm_alpha=0.01,__perm_min_effect=0,__perm_n_perm=200,__perm_post_n=10,__perm_pre_n=500,__perm_rng_seed=0,__perm_stat=vote_score,divergence=0.3,error_rate=0.5,teacher_entropy=0.2",3,0,200,0.0,0,10000,10.0,25.0,200,500,0,0,1.0,0.6831414473684211,0.36334985102767436,0.6666666666666666,0.6875869631767273,0.0003480042505543679,0,0,68,67,-1,perm_test,0.004975124378109453,0.4373062658725487,67,67,0,0.0,0.3333333333333333,0,0.0,0.0,0.0,0.0,0,none,0,1,0,overconfident,0.95,0,mild_drift,0.958064516129035,0.0013225806451612563,0.7903225806451756,0.853548387096778,1768220038.3982167,0.7396023273468018,0.001391561352647841
381,24384,24383,sine_abrupt4,sine,ts_drift_adapt,5,"error_divergence_ph_meta@error.threshold=0.10,error.min_instances=5",error_divergence_ph_meta,"{""divergence"": {""alpha"": 0.1, ""delta"": 0.005, ""min_instances"": 30, ""threshold"": 0.05}, ""error_rate"": {""alpha"": 0.15, ""delta"": 0.005, ""min_instances"": 5, ""threshold"": 0.1}}","{""error_rate"": {""min_instances"": 5, ""threshold"": 0.1}}",0.1,0.005,0.15,5,0.05,0.005,0.1,30,,,,-1,two_stage,2,0.5,"__confirm_cooldown=200,__confirm_rule=perm_test,__perm_alpha=0.01,__perm_min_effect=0,__perm_n_perm=200,__perm_post_n=10,__perm_pre_n=500,__perm_rng_seed=0,__perm_stat=vote_score,divergence=0.3,error_rate=0.5,teacher_entropy=0.2",3,0,200,0.0,0,10000,10.0,25.0,200,500,0,0,1.0,0.6828248031496063,0.36264094464804814,0.3333333333333333,0.6857244968414307,0.00040532590355724096,1,1,69,68,0,perm_test,0.004975124378109453,0.4610375901817714,68,68,0,0.0,0.3333333333333333,1,0.5,0.0,0.0,0.0,0,none,1,1,0,overconfident,0.95,0,stable,0.9740322580645175,0.0010612903225806281,0.8951612903225878,0.899274193548389,1768220038.412941,0.6589347720146179,0.001619346672669053
382,24448,24447,sine_abrupt4,sine,ts_drift_adapt,5,"error_divergence_ph_meta@error.threshold=0.10,error.min_instances=5",error_divergence_ph_meta,"{""divergence"": {""alpha"": 0.1, ""delta"": 0.005, ""min_instances"": 30, ""threshold"": 0.05}, ""error_rate"": {""alpha"": 0.15, ""delta"": 0.005, ""min_instances"": 5, ""threshold"": 0.1}}","{""error_rate"": {""min_instances"": 5, ""threshold"": 0.1}}",0.1,0.005,0.15,5,0.05,0.005,0.1,30,,,,-1,two_stage,2,0.5,"__confirm_cooldown=200,__confirm_rule=perm_test,__perm_alpha=0.01,__perm_min_effect=0,__perm_n_perm=200,__perm_post_n=10,__perm_pre_n=500,__perm_rng_seed=0,__perm_stat=vote_score,divergence=0.3,error_rate=0.5,teacher_entropy=0.2",3,0,200,0.0,0,10000,10.0,25.0,200,500,1,136,1.0,0.6828370418848168,0.36246865644014653,0.0,0.686755359172821,0.0003339847025927156,0,0,69,68,-1,perm_test,0.004975124378109453,0.4610375901817714,68,68,0,0.0,0.3333333333333333,0,0.0,0.0,0.0,0.0,0,none,0,1,0,overconfident,0.95,0,mild_drift,0.9671661290322587,0.0011806451612903141,0.8475806451612939,0.8771370967741945,1768220038.421353,0.6066063046455383,0.001333884079940617
383,24512,24511,sine_abrupt4,sine,ts_drift_adapt,5,"error_divergence_ph_meta@error.threshold=0.10,error.min_instances=5",error_divergence_ph_meta,"{""divergence"": {""alpha"": 0.1, ""delta"": 0.005, ""min_instances"": 30, ""threshold"": 0.05}, ""error_rate"": {""alpha"": 0.15, ""delta"": 0.005, ""min_instances"": 5, ""threshold"": 0.1}}","{""error_rate"": {""min_instances"": 5, ""threshold"": 0.1}}",0.1,0.005,0.15,5,0.05,0.005,0.1,30,,,,-1,two_stage,2,0.5,"__confirm_cooldown=200,__confirm_rule=perm_test,__perm_alpha=0.01,__perm_min_effect=0,__perm_n_perm=200,__perm_post_n=10,__perm_pre_n=500,__perm_rng_seed=0,__perm_stat=vote_score,divergence=0.3,error_rate=0.5,teacher_entropy=0.2",3,0,200,0.0,0,10000,10.0,25.0,200,500,1,72,1.0,0.6827268276762402,0.36209553513444365,0.16666666666666666,0.6857259273529053,0.00036644478677771986,0,0,69,68,-1,perm_test,0.004975124378109453,0.4610375901817714,68,68,0,0.0,0.16666666666666666,0,0.0,0.0,0.0,0.0,0,none,0,1,0,overconfident,0.95,0,mild_drift,0.9637330645161293,0.0012403225806451573,0.823790322580647,0.8660685483870972,1768220038.4296732,0.6290197968482971,0.0014626379124820232
384,24576,24575,sine_abrupt4,sine,ts_drift_adapt,5,"error_divergence_ph_meta@error.threshold=0.10,error.min_instances=5",error_divergence_ph_meta,"{""divergence"": {""alpha"": 0.1, ""delta"": 0.005, ""min_instances"": 30, ""threshold"": 0.05}, ""error_rate"": {""alpha"": 0.15, ""delta"": 0.005, ""min_instances"": 5, ""threshold"": 0.1}}","{""error_rate"": {""min_instances"": 5, ""threshold"": 0.1}}",0.1,0.005,0.15,5,0.05,0.005,0.1,30,,,,-1,two_stage,2,0.5,"__confirm_cooldown=200,__confirm_rule=perm_test,__perm_alpha=0.01,__perm_min_effect=0,__perm_n_perm=200,__perm_post_n=10,__perm_pre_n=500,__perm_rng_seed=0,__perm_stat=vote_score,divergence=0.3,error_rate=0.5,teacher_entropy=0.2",3,0,200,0.0,0,10000,10.0,25.0,200,500,1,8,1.0,0.6822509765625,0.3611268467148788,0.3333333333333333,0.684650182723999,0.0006241060909815133,0,0,69,68,-1,perm_test,0.004975124378109453,0.4610375901817714,68,68,0,0.0,0.16666666666666666,0,0.0,0.0,0.0,0.0,0,none,0,1,0,overconfident,0.95,0,mild_drift,0.9620165322580646,0.0012701612903225786,0.8118951612903236,0.8605342741935487,1768220038.4380825,0.6533269882202148,0.002486079465597868
385,24640,24639,sine_abrupt4,sine,ts_drift_adapt,5,"error_divergence_ph_meta@error.threshold=0.10,error.min_instances=5",error_divergence_ph_meta,"{""divergence"": {""alpha"": 0.1, ""delta"": 0.005, ""min_instances"": 30, ""threshold"": 0.05}, ""error_rate"": {""alpha"": 0.15, ""delta"": 0.005, ""min_instances"": 5, ""threshold"": 0.1}}","{""error_rate"": {""min_instances"": 5, ""threshold"": 0.1}}",0.1,0.005,0.15,5,0.05,0.005,0.1,30,,,,-1,two_stage,2,0.5,"__confirm_cooldown=200,__confirm_rule=perm_test,__perm_alpha=0.01,__perm_min_effect=0,__perm_n_perm=200,__perm_post_n=10,__perm_pre_n=500,__perm_rng_seed=0,__perm_stat=vote_score,divergence=0.3,error_rate=0.5,teacher_entropy=0.2",3,0,200,0.0,0,10000,10.0,25.0,200,500,0,0,1.0,0.6818993506493507,0.36036093801915464,0.5,0.6853024959564209,0.0005918834358453751,0,0,69,68,-1,perm_test,0.004975124378109453,0.4610375901817714,68,68,0,0.0,0.16666666666666669,0,0.0,0.0,0.0,0.0,0,none,0,1,0,overconfident,0.95,0,mild_drift,0.9611582661290323,0.0012850806451612895,0.8059475806451618,0.8577671370967743,1768220038.4465694,0.7143334746360779,0.002368924440816045
386,24704,24703,sine_abrupt4,sine,ts_drift_adapt,5,"error_divergence_ph_meta@error.threshold=0.10,error.min_instances=5",error_divergence_ph_meta,"{""divergence"": {""alpha"": 0.1, ""delta"": 0.005, ""min_instances"": 30, ""threshold"": 0.05}, ""error_rate"": {""alpha"": 0.15, ""delta"": 0.005, ""min_instances"": 5, ""threshold"": 0.1}}","{""error_rate"": {""min_instances"": 5, ""threshold"": 0.1}}",0.1,0.005,0.15,5,0.05,0.005,0.1,30,,,,-1,two_stage,2,0.5,"__confirm_cooldown=200,__confirm_rule=perm_test,__perm_alpha=0.01,__perm_min_effect=0,__perm_n_perm=200,__perm_post_n=10,__perm_pre_n=500,__perm_rng_seed=0,__perm_stat=vote_score,divergence=0.3,error_rate=0.5,teacher_entropy=0.2",3,0,200,0.0,0,10000,10.0,25.0,200,500,0,0,1.0,0.6817924222797928,0.35999217060591404,0.5,0.6840672492980957,0.0005019699456170201,1,1,70,69,0,perm_test,0.004975124378109453,0.43453087501559945,69,69,0,0.16666666666666669,8.991349022835493e-05,1,0.5,0.0,0.0,0.0,0,none,1,1,0,overconfident,0.95,0,severe_drift,0.9260791330645162,0.0016425403225806448,0.652973790322581,0.8338835685483872,1768220038.4614146,0.6834438443183899,0.0020085794385522604
387,24768,24767,sine_abrupt4,sine,ts_drift_adapt,5,"error_divergence_ph_meta@error.threshold=0.10,error.min_instances=5",error_divergence_ph_meta,"{""divergence"": {""alpha"": 0.1, ""delta"": 0.005, ""min_instances"": 30, ""threshold"": 0.05}, ""error_rate"": {""alpha"": 0.15, ""delta"": 0.005, ""min_instances"": 5, ""threshold"": 0.1}}","{""error_rate"": {""min_instances"": 5, ""threshold"": 0.1}}",0.1,0.005,0.15,5,0.05,0.005,0.1,30,,,,-1,two_stage,2,0.5,"__confirm_cooldown=200,__confirm_rule=perm_test,__perm_alpha=0.01,__perm_min_effect=0,__perm_n_perm=200,__perm_post_n=10,__perm_pre_n=500,__perm_rng_seed=0,__perm_stat=vote_score,divergence=0.3,error_rate=0.5,teacher_entropy=0.2",3,0,200,0.0,0,10000,10.0,25.0,200,500,1,136,1.0,0.6815245478036176,0.3593620516491493,0.0,0.6850727796554565,0.00039264815859496593,0,0,70,69,-1,perm_test,0.004975124378109453,0.43453087501559945,69,69,0,0.0,0.5,0,0.0,0.0,0.0,0.0,0,none,0,1,0,overconfident,0.95,0,mild_drift,0.943189566532258,0.0014712701612903225,0.7264868951612905,0.8444417842741936,1768220038.4697688,0.5533744096755981,0.0015738632064312696
388,24832,24831,sine_abrupt4,sine,ts_drift_adapt,5,"error_divergence_ph_meta@error.threshold=0.10,error.min_instances=5",error_divergence_ph_meta,"{""divergence"": {""alpha"": 0.1, ""delta"": 0.005, ""min_instances"": 30, ""threshold"": 0.05}, ""error_rate"": {""alpha"": 0.15, ""delta"": 0.005, ""min_instances"": 5, ""threshold"": 0.1}}","{""error_rate"": {""min_instances"": 5, ""threshold"": 0.1}}",0.1,0.005,0.15,5,0.05,0.005,0.1,30,,,,-1,two_stage,2,0.5,"__confirm_cooldown=200,__confirm_rule=perm_test,__perm_alpha=0.01,__perm_min_effect=0,__perm_n_perm=200,__perm_post_n=10,__perm_pre_n=500,__perm_rng_seed=0,__perm_stat=vote_score,divergence=0.3,error_rate=0.5,teacher_entropy=0.2",3,0,200,0.0,0,10000,10.0,25.0,200,500,1,72,1.0,0.681298324742268,0.35879928450881393,0.3333333333333333,0.6832364797592163,0.000555303820874542,0,0,70,69,-1,perm_test,0.004975124378109453,0.43453087501559945,69,69,0,0.0,0.3333333333333333,0,0.0,0.0,0.0,0.0,0,none,0,1,0,overconfident,0.95,0,mild_drift,0.951744783266129,0.0013856350806451612,0.7632434475806453,0.8497208921370968,1768220038.4780493,0.6433894038200378,0.002230176003649831
389,24896,24895,sine_abrupt4,sine,ts_drift_adapt,5,"error_divergence_ph_meta@error.threshold=0.10,error.min_instances=5",error_divergence_ph_meta,"{""divergence"": {""alpha"": 0.1, ""delta"": 0.005, ""min_instances"": 30, ""threshold"": 0.05}, ""error_rate"": {""alpha"": 0.15, ""delta"": 0.005, ""min_instances"": 5, ""threshold"": 0.1}}","{""error_rate"": {""min_instances"": 5, ""threshold"": 0.1}}",0.1,0.005,0.15,5,0.05,0.005,0.1,30,,,,-1,two_stage,2,0.5,"__confirm_cooldown=200,__confirm_rule=perm_test,__perm_alpha=0.01,__perm_min_effect=0,__perm_n_perm=200,__perm_post_n=10,__perm_pre_n=500,__perm_rng_seed=0,__perm_stat=vote_score,divergence=0.3,error_rate=0.5,teacher_entropy=0.2",3,0,200,0.0,0,10000,10.0,25.0,200,500,1,8,1.0,0.6811134318766067,0.35830306834031045,0.3333333333333333,0.6852974891662598,0.000672746857162565,0,0,70,69,-1,perm_test,0.004975124378109453,0.43453087501559945,69,69,0,0.0,0.000117443036288023,0,0.0,0.0,0.0,0.0,0,none,0,1,0,overconfident,0.95,0,mild_drift,0.9560223916330645,0.0013428175403225806,0.7816217237903227,0.8523604460685483,1768220038.4865594,0.6325380206108093,0.002702526981011033
390,24960,24959,sine_abrupt4,sine,ts_drift_adapt,5,"error_divergence_ph_meta@error.threshold=0.10,error.min_instances=5",error_divergence_ph_meta,"{""divergence"": {""alpha"": 0.1, ""delta"": 0.005, ""min_instances"": 30, ""threshold"": 0.05}, ""error_rate"": {""alpha"": 0.15, ""delta"": 0.005, ""min_instances"": 5, ""threshold"": 0.1}}","{""error_rate"": {""min_instances"": 5, ""threshold"": 0.1}}",0.1,0.005,0.15,5,0.05,0.005,0.1,30,,,,-1,two_stage,2,0.5,"__confirm_cooldown=200,__confirm_rule=perm_test,__perm_alpha=0.01,__perm_min_effect=0,__perm_n_perm=200,__perm_post_n=10,__perm_pre_n=500,__perm_rng_seed=0,__perm_stat=vote_score,divergence=0.3,error_rate=0.5,teacher_entropy=0.2",3,0,200,0.0,0,10000,10.0,25.0,200,500,0,0,1.0,0.6807692307692308,0.3575497114031609,0.3333333333333333,0.6827284097671509,0.0008061091066338122,0,0,70,69,-1,perm_test,0.004975124378109453,0.43453087501559945,69,69,0,0.0,0.0001333622494712472,0,0.0,0.0,0.0,0.0,0,none,0,1,0,overconfident,0.95,0,mild_drift,0.9581611958165321,0.0013214087701612903,0.7908108618951614,0.8536802230342742,1768220038.4949956,0.6335474848747253,0.00324042746797204
391,25024,25023,sine_abrupt4,sine,ts_drift_adapt,5,"error_divergence_ph_meta@error.threshold=0.10,error.min_instances=5",error_divergence_ph_meta,"{""divergence"": {""alpha"": 0.1, ""delta"": 0.005, ""min_instances"": 30, ""threshold"": 0.05}, ""error_rate"": {""alpha"": 0.15, ""delta"": 0.005, ""min_instances"": 5, ""threshold"": 0.1}}","{""error_rate"": {""min_instances"": 5, ""threshold"": 0.1}}",0.1,0.005,0.15,5,0.05,0.005,0.1,30,,,,-1,two_stage,2,0.5,"__confirm_cooldown=200,__confirm_rule=perm_test,__perm_alpha=0.01,__perm_min_effect=0,__perm_n_perm=200,__perm_post_n=10,__perm_pre_n=500,__perm_rng_seed=0,__perm_stat=vote_score,divergence=0.3,error_rate=0.5,teacher_entropy=0.2",3,0,200,0.0,0,10000,10.0,25.0,200,500,0,0,1.0,0.6807864450127877,0.35737851101918755,0.16666666666666666,0.6860657930374146,0.0012525133788585663,1,1,71,70,0,perm_test,0.004975124378109453,0.39863379363320917,70,70,0,0.33333333333333337,0.16666666666666666,1,0.5,0.0,0.0,0.0,0,none,1,1,0,overconfident,0.95,0,severe_drift,0.9245805979082661,0.0016607043850806451,0.6454054309475807,0.8318401115171371,1768220038.5098772,0.5697635412216187,0.005044024437665939
392,25088,25087,sine_abrupt4,sine,ts_drift_adapt,5,"error_divergence_ph_meta@error.threshold=0.10,error.min_instances=5",error_divergence_ph_meta,"{""divergence"": {""alpha"": 0.1, ""delta"": 0.005, ""min_instances"": 30, ""threshold"": 0.05}, ""error_rate"": {""alpha"": 0.15, ""delta"": 0.005, ""min_instances"": 5, ""threshold"": 0.1}}","{""error_rate"": {""min_instances"": 5, ""threshold"": 0.1}}",0.1,0.005,0.15,5,0.05,0.005,0.1,30,,,,-1,two_stage,2,0.5,"__confirm_cooldown=200,__confirm_rule=perm_test,__perm_alpha=0.01,__perm_min_effect=0,__perm_n_perm=200,__perm_post_n=10,__perm_pre_n=500,__perm_rng_seed=0,__perm_stat=vote_score,divergence=0.3,error_rate=0.5,teacher_entropy=0.2",3,0,200,0.0,0,10000,10.0,25.0,200,500,1,136,1.0,0.6805245535714286,0.3567574258698982,0.16666666666666666,0.6837992072105408,0.0011168238706886768,0,0,71,70,-1,perm_test,0.004975124378109453,0.39863379363320917,70,70,0,0.0,0.00013568950816988945,0,0.0,0.0,0.0,0.0,0,none,0,1,0,overconfident,0.95,0,mild_drift,0.942440298954133,0.0014803521925403225,0.7227027154737904,0.8434200557585685,1768220038.5182247,0.5671618580818176,0.004500154405832291
393,25152,25151,sine_abrupt4,sine,ts_drift_adapt,5,"error_divergence_ph_meta@error.threshold=0.10,error.min_instances=5",error_divergence_ph_meta,"{""divergence"": {""alpha"": 0.1, ""delta"": 0.005, ""min_instances"": 30, ""threshold"": 0.05}, ""error_rate"": {""alpha"": 0.15, ""delta"": 0.005, ""min_instances"": 5, ""threshold"": 0.1}}","{""error_rate"": {""min_instances"": 5, ""threshold"": 0.1}}",0.1,0.005,0.15,5,0.05,0.005,0.1,30,,,,-1,two_stage,2,0.5,"__confirm_cooldown=200,__confirm_rule=perm_test,__perm_alpha=0.01,__perm_min_effect=0,__perm_n_perm=200,__perm_post_n=10,__perm_pre_n=500,__perm_rng_seed=0,__perm_stat=vote_score,divergence=0.3,error_rate=0.5,teacher_entropy=0.2",3,0,200,0.0,0,10000,10.0,25.0,200,500,1,72,1.0,0.6802242366412213,0.35607472939594187,0.3333333333333333,0.6848568916320801,0.001784361433237791,0,0,71,70,-1,perm_test,0.004975124378109453,0.39863379363320917,70,70,0,0.0,0.16666666666666666,0,0.0,0.0,0.0,0.0,0,none,0,1,0,overconfident,0.95,0,mild_drift,0.9513701494770664,0.0013901760962701615,0.7613513577368952,0.8492100278792842,1768220038.5265448,0.6154281497001648,0.007201861590147018
394,25216,25215,sine_abrupt4,sine,ts_drift_adapt,5,"error_divergence_ph_meta@error.threshold=0.10,error.min_instances=5",error_divergence_ph_meta,"{""divergence"": {""alpha"": 0.1, ""delta"": 0.005, ""min_instances"": 30, ""threshold"": 0.05}, ""error_rate"": {""alpha"": 0.15, ""delta"": 0.005, ""min_instances"": 5, ""threshold"": 0.1}}","{""error_rate"": {""min_instances"": 5, ""threshold"": 0.1}}",0.1,0.005,0.15,5,0.05,0.005,0.1,30,,,,-1,two_stage,2,0.5,"__confirm_cooldown=200,__confirm_rule=perm_test,__perm_alpha=0.01,__perm_min_effect=0,__perm_n_perm=200,__perm_post_n=10,__perm_pre_n=500,__perm_rng_seed=0,__perm_stat=vote_score,divergence=0.3,error_rate=0.5,teacher_entropy=0.2",3,0,200,0.0,0,10000,10.0,25.0,200,500,1,8,1.0,0.6802823604060914,0.3559668193234609,0.3333333333333333,0.6813187599182129,0.002053515985608101,0,0,71,70,-1,perm_test,0.004975124378109453,0.39863379363320917,70,70,0,0.0,0.00026915455237030983,0,0.0,0.0,0.0,0.0,0,none,0,1,0,overconfident,0.95,0,mild_drift,0.9558350747385331,0.001345088048135081,0.7806756788684477,0.8521050139396421,1768220038.534797,0.6572996973991394,0.00830975640565157
395,25280,25279,sine_abrupt4,sine,ts_drift_adapt,5,"error_divergence_ph_meta@error.threshold=0.10,error.min_instances=5",error_divergence_ph_meta,"{""divergence"": {""alpha"": 0.1, ""delta"": 0.005, ""min_instances"": 30, ""threshold"": 0.05}, ""error_rate"": {""alpha"": 0.15, ""delta"": 0.005, ""min_instances"": 5, ""threshold"": 0.1}}","{""error_rate"": {""min_instances"": 5, ""threshold"": 0.1}}",0.1,0.005,0.15,5,0.05,0.005,0.1,30,,,,-1,two_stage,2,0.5,"__confirm_cooldown=200,__confirm_rule=perm_test,__perm_alpha=0.01,__perm_min_effect=0,__perm_n_perm=200,__perm_post_n=10,__perm_pre_n=500,__perm_rng_seed=0,__perm_stat=vote_score,divergence=0.3,error_rate=0.5,teacher_entropy=0.2",3,0,200,0.0,0,10000,10.0,25.0,200,500,0,0,1.0,0.6799446202531646,0.3552238697568136,0.5,0.682797372341156,0.002183066913858056,0,0,71,70,-1,perm_test,0.004975124378109453,0.39863379363320917,70,70,0,0.0,0.16666666666666669,0,0.0,0.0,0.0,0.0,0,none,0,1,0,overconfident,0.95,0,mild_drift,0.9580675373692665,0.0013225440240675406,0.7903378394342239,0.8535525069698211,1768220038.5432947,0.7046214938163757,0.00883239321410656
396,25344,25343,sine_abrupt4,sine,ts_drift_adapt,5,"error_divergence_ph_meta@error.threshold=0.10,error.min_instances=5",error_divergence_ph_meta,"{""divergence"": {""alpha"": 0.1, ""delta"": 0.005, ""min_instances"": 30, ""threshold"": 0.05}, ""error_rate"": {""alpha"": 0.15, ""delta"": 0.005, ""min_instances"": 5, ""threshold"": 0.1}}","{""error_rate"": {""min_instances"": 5, ""threshold"": 0.1}}",0.1,0.005,0.15,5,0.05,0.005,0.1,30,,,,-1,two_stage,2,0.5,"__confirm_cooldown=200,__confirm_rule=perm_test,__perm_alpha=0.01,__perm_min_effect=0,__perm_n_perm=200,__perm_post_n=10,__perm_pre_n=500,__perm_rng_seed=0,__perm_stat=vote_score,divergence=0.3,error_rate=0.5,teacher_entropy=0.2",3,0,200,0.0,0,10000,10.0,25.0,200,500,0,0,1.0,0.6796480429292929,0.35454718400575413,0.8333333333333334,0.6812525987625122,0.002507783705368638,1,1,72,71,0,perm_test,0.004975124378109453,0.4057313855129045,71,71,0,0.6666666666666667,0.33333333333333337,1,0.5,0.0,0.0,0.0,0,none,1,1,0,overconfident,0.95,0,severe_drift,0.9245337686846333,0.0016612720120337703,0.645168919717112,0.8317762534849106,1768220038.558094,0.9016101956367493,0.010164018720388412
397,25408,25407,sine_abrupt4,sine,ts_drift_adapt,5,"error_divergence_ph_meta@error.threshold=0.10,error.min_instances=5",error_divergence_ph_meta,"{""divergence"": {""alpha"": 0.1, ""delta"": 0.005, ""min_instances"": 30, ""threshold"": 0.05}, ""error_rate"": {""alpha"": 0.15, ""delta"": 0.005, ""min_instances"": 5, ""threshold"": 0.1}}","{""error_rate"": {""min_instances"": 5, ""threshold"": 0.1}}",0.1,0.005,0.15,5,0.05,0.005,0.1,30,,,,-1,two_stage,2,0.5,"__confirm_cooldown=200,__confirm_rule=perm_test,__perm_alpha=0.01,__perm_min_effect=0,__perm_n_perm=200,__perm_post_n=10,__perm_pre_n=500,__perm_rng_seed=0,__perm_stat=vote_score,divergence=0.3,error_rate=0.5,teacher_entropy=0.2",3,0,200,0.0,0,10000,10.0,25.0,200,500,1,136,1.0,0.6794316750629723,0.3539987802939028,0.6666666666666666,0.6812394261360168,0.002219968009740114,0,0,72,71,-1,perm_test,0.004975124378109453,0.4057313855129045,71,71,0,0.0,0.16666666666666674,0,0.0,0.0,0.0,0.0,0,none,0,1,0,overconfident,0.95,0,mild_drift,0.9424168843423166,0.0014806360060168854,0.722584459858556,0.8433881267424552,1768220038.5665712,0.8183146119117737,0.008988533169031143
398,25472,25471,sine_abrupt4,sine,ts_drift_adapt,5,"error_divergence_ph_meta@error.threshold=0.10,error.min_instances=5",error_divergence_ph_meta,"{""divergence"": {""alpha"": 0.1, ""delta"": 0.005, ""min_instances"": 30, ""threshold"": 0.05}, ""error_rate"": {""alpha"": 0.15, ""delta"": 0.005, ""min_instances"": 5, ""threshold"": 0.1}}","{""error_rate"": {""min_instances"": 5, ""threshold"": 0.1}}",0.1,0.005,0.15,5,0.05,0.005,0.1,30,,,,-1,two_stage,2,0.5,"__confirm_cooldown=200,__confirm_rule=perm_test,__perm_alpha=0.01,__perm_min_effect=0,__perm_n_perm=200,__perm_post_n=10,__perm_pre_n=500,__perm_rng_seed=0,__perm_stat=vote_score,divergence=0.3,error_rate=0.5,teacher_entropy=0.2",3,0,200,0.0,0,10000,10.0,25.0,200,500,1,72,1.0,0.6792163944723618,0.3534520252239673,0.6666666666666666,0.6792991757392883,0.0017850061412900686,0,0,72,71,-1,perm_test,0.004975124378109453,0.4057313855129045,71,71,0,0.0,0.0004349618684500456,0,0.0,0.0,0.0,0.0,0,none,0,1,0,overconfident,0.95,0,mild_drift,0.9513584421711583,0.0013903180030084426,0.761292229929278,0.8491940633712276,1768220038.5748317,0.8110139966011047,0.007222895976155996
399,25536,25535,sine_abrupt4,sine,ts_drift_adapt,5,"error_divergence_ph_meta@error.threshold=0.10,error.min_instances=5",error_divergence_ph_meta,"{""divergence"": {""alpha"": 0.1, ""delta"": 0.005, ""min_instances"": 30, ""threshold"": 0.05}, ""error_rate"": {""alpha"": 0.15, ""delta"": 0.005, ""min_instances"": 5, ""threshold"": 0.1}}","{""error_rate"": {""min_instances"": 5, ""threshold"": 0.1}}",0.1,0.005,0.15,5,0.05,0.005,0.1,30,,,,-1,two_stage,2,0.5,"__confirm_cooldown=200,__confirm_rule=perm_test,__perm_alpha=0.01,__perm_min_effect=0,__perm_n_perm=200,__perm_post_n=10,__perm_pre_n=500,__perm_rng_seed=0,__perm_stat=vote_score,divergence=0.3,error_rate=0.5,teacher_entropy=0.2",3,0,200,0.0,0,10000,10.0,25.0,200,500,1,8,1.0,0.6785714285714286,0.3522216404290242,0.6666666666666666,0.6787527799606323,0.0012572758132591844,0,0,72,71,-1,perm_test,0.004975124378109453,0.4057313855129045,71,71,0,0.0,0.0005277303280308843,0,0.0,0.0,0.0,0.0,0,none,0,1,0,overconfident,0.95,0,mild_drift,0.9558292210855791,0.0013451590015042215,0.7806461149646391,0.8520970316856138,1768220038.5831337,0.7954540252685547,0.00507756881415844
400,25600,25599,sine_abrupt4,sine,ts_drift_adapt,5,"error_divergence_ph_meta@error.threshold=0.10,error.min_instances=5",error_divergence_ph_meta,"{""divergence"": {""alpha"": 0.1, ""delta"": 0.005, ""min_instances"": 30, ""threshold"": 0.05}, ""error_rate"": {""alpha"": 0.15, ""delta"": 0.005, ""min_instances"": 5, ""threshold"": 0.1}}","{""error_rate"": {""min_instances"": 5, ""threshold"": 0.1}}",0.1,0.005,0.15,5,0.05,0.005,0.1,30,,,,-1,two_stage,2,0.5,"__confirm_cooldown=200,__confirm_rule=perm_test,__perm_alpha=0.01,__perm_min_effect=0,__perm_n_perm=200,__perm_post_n=10,__perm_pre_n=500,__perm_rng_seed=0,__perm_stat=vote_score,divergence=0.3,error_rate=0.5,teacher_entropy=0.2",3,0,200,0.0,0,10000,10.0,25.0,200,500,0,0,1.0,0.678203125,0.351432739833538,0.16666666666666666,0.6760725378990173,0.0007227673195302486,0,0,72,71,-1,perm_test,0.004975124378109453,0.4057313855129045,71,71,0,0.0,0.5,0,0.0,0.0,0.0,0.0,0,none,0,1,0,overconfident,0.95,0,mild_drift,0.9580646105427895,0.0013225795007521107,0.7903230574823196,0.8535485158428069,1768220038.5914998,0.5438043475151062,0.0029120463877916336
401,25664,25663,sine_abrupt4,sine,ts_drift_adapt,5,"error_divergence_ph_meta@error.threshold=0.10,error.min_instances=5",error_divergence_ph_meta,"{""divergence"": {""alpha"": 0.1, ""delta"": 0.005, ""min_instances"": 30, ""threshold"": 0.05}, ""error_rate"": {""alpha"": 0.15, ""delta"": 0.005, ""min_instances"": 5, ""threshold"": 0.1}}","{""error_rate"": {""min_instances"": 5, ""threshold"": 0.1}}",0.1,0.005,0.15,5,0.05,0.005,0.1,30,,,,-1,two_stage,2,0.5,"__confirm_cooldown=200,__confirm_rule=perm_test,__perm_alpha=0.01,__perm_min_effect=0,__perm_n_perm=200,__perm_post_n=10,__perm_pre_n=500,__perm_rng_seed=0,__perm_stat=vote_score,divergence=0.3,error_rate=0.5,teacher_entropy=0.2",3,0,200,0.0,0,10000,10.0,25.0,200,500,0,0,1.0,0.6779145885286783,0.3507709857249239,0.8333333333333334,0.6763367652893066,0.0006544868228957057,1,1,73,72,0,perm_test,0.004975124378109453,0.4247873862352626,72,72,0,0.0,0.6666666666666667,1,0.5,0.0,0.0,0.0,0,none,1,1,0,overconfident,0.95,0,stable,0.9740323052713947,0.0010612897503760553,0.8951615287411598,0.8992742579214035,1768220038.6062164,0.8403381705284119,0.00263269804418087
402,25728,25727,sine_abrupt4,sine,ts_drift_adapt,5,"error_divergence_ph_meta@error.threshold=0.10,error.min_instances=5",error_divergence_ph_meta,"{""divergence"": {""alpha"": 0.1, ""delta"": 0.005, ""min_instances"": 30, ""threshold"": 0.05}, ""error_rate"": {""alpha"": 0.15, ""delta"": 0.005, ""min_instances"": 5, ""threshold"": 0.1}}","{""error_rate"": {""min_instances"": 5, ""threshold"": 0.1}}",0.1,0.005,0.15,5,0.05,0.005,0.1,30,,,,-1,two_stage,2,0.5,"__confirm_cooldown=200,__confirm_rule=perm_test,__perm_alpha=0.01,__perm_min_effect=0,__perm_n_perm=200,__perm_post_n=10,__perm_pre_n=500,__perm_rng_seed=0,__perm_stat=vote_score,divergence=0.3,error_rate=0.5,teacher_entropy=0.2",3,0,200,0.0,0,10000,10.0,25.0,200,500,1,136,1.0,0.6773942786069652,0.34974271855232303,0.3333333333333333,0.6768288612365723,0.0004518131026998162,0,0,73,72,-1,perm_test,0.004975124378109453,0.4247873862352626,72,72,0,0.0,0.5,0,0.0,0.0,0.0,0.0,0,none,0,1,0,overconfident,0.95,0,mild_drift,0.9671661526356974,0.0011806448751880277,0.8475807643705799,0.8771371289607017,1768220038.6146595,0.631178081035614,0.0018174905562773347
403,25792,25791,sine_abrupt4,sine,ts_drift_adapt,5,"error_divergence_ph_meta@error.threshold=0.10,error.min_instances=5",error_divergence_ph_meta,"{""divergence"": {""alpha"": 0.1, ""delta"": 0.005, ""min_instances"": 30, ""threshold"": 0.05}, ""error_rate"": {""alpha"": 0.15, ""delta"": 0.005, ""min_instances"": 5, ""threshold"": 0.1}}","{""error_rate"": {""min_instances"": 5, ""threshold"": 0.1}}",0.1,0.005,0.15,5,0.05,0.005,0.1,30,,,,-1,two_stage,2,0.5,"__confirm_cooldown=200,__confirm_rule=perm_test,__perm_alpha=0.01,__perm_min_effect=0,__perm_n_perm=200,__perm_post_n=10,__perm_pre_n=500,__perm_rng_seed=0,__perm_stat=vote_score,divergence=0.3,error_rate=0.5,teacher_entropy=0.2",3,0,200,0.0,0,10000,10.0,25.0,200,500,1,72,1.0,0.6770704094292804,0.3490263247929719,0.5,0.6769600510597229,0.00027140998281538486,0,0,73,72,-1,perm_test,0.004975124378109453,0.4247873862352626,72,72,0,0.0,0.16666666666666669,0,0.0,0.0,0.0,0.0,0,none,0,1,0,overconfident,0.95,0,mild_drift,0.9637330763178487,0.0012403224375940138,0.82379038218529,0.8660685644803509,1768220038.6230173,0.686039388179779,0.0010880236513912678
404,25856,25855,sine_abrupt4,sine,ts_drift_adapt,5,"error_divergence_ph_meta@error.threshold=0.10,error.min_instances=5",error_divergence_ph_meta,"{""divergence"": {""alpha"": 0.1, ""delta"": 0.005, ""min_instances"": 30, ""threshold"": 0.05}, ""error_rate"": {""alpha"": 0.15, ""delta"": 0.005, ""min_instances"": 5, ""threshold"": 0.1}}","{""error_rate"": {""min_instances"": 5, ""threshold"": 0.1}}",0.1,0.005,0.15,5,0.05,0.005,0.1,30,,,,-1,two_stage,2,0.5,"__confirm_cooldown=200,__confirm_rule=perm_test,__perm_alpha=0.01,__perm_min_effect=0,__perm_n_perm=200,__perm_post_n=10,__perm_pre_n=500,__perm_rng_seed=0,__perm_stat=vote_score,divergence=0.3,error_rate=0.5,teacher_entropy=0.2",3,0,200,0.0,0,10000,10.0,25.0,200,500,1,8,1.0,0.6765547648514851,0.3480079618183545,0.3333333333333333,0.6787838935852051,0.0003342327836435288,0,0,73,72,-1,perm_test,0.004975124378109453,0.4247873862352626,72,72,0,0.0,0.16666666666666669,0,0.0,0.0,0.0,0.0,0,none,0,1,0,overconfident,0.95,0,mild_drift,0.9620165381589243,0.001270161218797007,0.8118951910926451,0.8605342822401754,1768220038.6312563,0.6374366283416748,0.0013395394198596478
405,25920,25919,sine_abrupt4,sine,ts_drift_adapt,5,"error_divergence_ph_meta@error.threshold=0.10,error.min_instances=5",error_divergence_ph_meta,"{""divergence"": {""alpha"": 0.1, ""delta"": 0.005, ""min_instances"": 30, ""threshold"": 0.05}, ""error_rate"": {""alpha"": 0.15, ""delta"": 0.005, ""min_instances"": 5, ""threshold"": 0.1}}","{""error_rate"": {""min_instances"": 5, ""threshold"": 0.1}}",0.1,0.005,0.15,5,0.05,0.005,0.1,30,,,,-1,two_stage,2,0.5,"__confirm_cooldown=200,__confirm_rule=perm_test,__perm_alpha=0.01,__perm_min_effect=0,__perm_n_perm=200,__perm_post_n=10,__perm_pre_n=500,__perm_rng_seed=0,__perm_stat=vote_score,divergence=0.3,error_rate=0.5,teacher_entropy=0.2",3,0,200,0.0,0,10000,10.0,25.0,200,500,0,0,1.0,0.6762345679012346,0.3472988405670606,0.3333333333333333,0.6774178743362427,0.00043036919669248164,0,0,73,72,-1,perm_test,0.004975124378109453,0.4247873862352626,72,72,0,0.0,9.613641304895282e-05,0,0.0,0.0,0.0,0.0,0,none,0,1,0,overconfident,0.95,0,mild_drift,0.9611582690794621,0.0012850806093985035,0.8059475955463226,0.8577671411200877,1768220038.6397085,0.625074565410614,0.0017191448714584112
406,25984,25983,sine_abrupt4,sine,ts_drift_adapt,5,"error_divergence_ph_meta@error.threshold=0.10,error.min_instances=5",error_divergence_ph_meta,"{""divergence"": {""alpha"": 0.1, ""delta"": 0.005, ""min_instances"": 30, ""threshold"": 0.05}, ""error_rate"": {""alpha"": 0.15, ""delta"": 0.005, ""min_instances"": 5, ""threshold"": 0.1}}","{""error_rate"": {""min_instances"": 5, ""threshold"": 0.1}}",0.1,0.005,0.15,5,0.05,0.005,0.1,30,,,,-1,two_stage,2,0.5,"__confirm_cooldown=200,__confirm_rule=perm_test,__perm_alpha=0.01,__perm_min_effect=0,__perm_n_perm=200,__perm_post_n=10,__perm_pre_n=500,__perm_rng_seed=0,__perm_stat=vote_score,divergence=0.3,error_rate=0.5,teacher_entropy=0.2",3,0,200,0.0,0,10000,10.0,25.0,200,500,0,0,1.0,0.6760314039408867,0.34677421666892516,0.3333333333333333,0.6795055270195007,0.000311035051709041,1,1,74,73,0,perm_test,0.004975124378109453,0.4319136725192864,73,73,0,0.5,0.00011933414498344064,1,0.5,0.0,0.0,0.0,0,none,1,1,0,overconfident,0.95,0,severe_drift,0.926079134539731,0.0016425403046992518,0.6529737977731613,0.8338835705600438,1768220038.654418,0.6413785815238953,0.0012445085449144244
407,26048,26047,sine_abrupt4,sine,ts_drift_adapt,5,"error_divergence_ph_meta@error.threshold=0.10,error.min_instances=5",error_divergence_ph_meta,"{""divergence"": {""alpha"": 0.1, ""delta"": 0.005, ""min_instances"": 30, ""threshold"": 0.05}, ""error_rate"": {""alpha"": 0.15, ""delta"": 0.005, ""min_instances"": 5, ""threshold"": 0.1}}","{""error_rate"": {""min_instances"": 5, ""threshold"": 0.1}}",0.1,0.005,0.15,5,0.05,0.005,0.1,30,,,,-1,two_stage,2,0.5,"__confirm_cooldown=200,__confirm_rule=perm_test,__perm_alpha=0.01,__perm_min_effect=0,__perm_n_perm=200,__perm_post_n=10,__perm_pre_n=500,__perm_rng_seed=0,__perm_stat=vote_score,divergence=0.3,error_rate=0.5,teacher_entropy=0.2",3,0,200,0.0,0,10000,10.0,25.0,200,500,1,136,1.0,0.6759060196560197,0.34637168020381065,0.6666666666666666,0.6765374541282654,0.0002923137217294425,0,0,74,73,-1,perm_test,0.004975124378109453,0.4319136725192864,73,73,0,0.0,0.3333333333333333,0,0.0,0.0,0.0,0.0,0,none,0,1,0,overconfident,0.95,0,mild_drift,0.9431895672698655,0.001471270152349626,0.7264868988865807,0.8444417852800219,1768220038.6627362,0.7213426232337952,0.0011661587050184608
408,26112,26111,sine_abrupt4,sine,ts_drift_adapt,5,"error_divergence_ph_meta@error.threshold=0.10,error.min_instances=5",error_divergence_ph_meta,"{""divergence"": {""alpha"": 0.1, ""delta"": 0.005, ""min_instances"": 30, ""threshold"": 0.05}, ""error_rate"": {""alpha"": 0.15, ""delta"": 0.005, ""min_instances"": 5, ""threshold"": 0.1}}","{""error_rate"": {""min_instances"": 5, ""threshold"": 0.1}}",0.1,0.005,0.15,5,0.05,0.005,0.1,30,,,,-1,two_stage,2,0.5,"__confirm_cooldown=200,__confirm_rule=perm_test,__perm_alpha=0.01,__perm_min_effect=0,__perm_n_perm=200,__perm_post_n=10,__perm_pre_n=500,__perm_rng_seed=0,__perm_stat=vote_score,divergence=0.3,error_rate=0.5,teacher_entropy=0.2",3,0,200,0.0,0,10000,10.0,25.0,200,500,1,72,1.0,0.6757429534313726,0.34590969543864813,0.3333333333333333,0.6770084500312805,0.0004221450362820178,0,0,74,73,-1,perm_test,0.004975124378109453,0.4319136725192864,73,73,0,0.0,0.3333333333333333,0,0.0,0.0,0.0,0.0,0,none,0,1,0,overconfident,0.95,0,mild_drift,0.9517447836349326,0.001385635076174813,0.7632434494432904,0.8497208926400109,1768220038.6709843,0.6366072297096252,0.0016833492554724216
409,26176,26175,sine_abrupt4,sine,ts_drift_adapt,5,"error_divergence_ph_meta@error.threshold=0.10,error.min_instances=5",error_divergence_ph_meta,"{""divergence"": {""alpha"": 0.1, ""delta"": 0.005, ""min_instances"": 30, ""threshold"": 0.05}, ""error_rate"": {""alpha"": 0.15, ""delta"": 0.005, ""min_instances"": 5, ""threshold"": 0.1}}","{""error_rate"": {""min_instances"": 5, ""threshold"": 0.1}}",0.1,0.005,0.15,5,0.05,0.005,0.1,30,,,,-1,two_stage,2,0.5,"__confirm_cooldown=200,__confirm_rule=perm_test,__perm_alpha=0.01,__perm_min_effect=0,__perm_n_perm=200,__perm_post_n=10,__perm_pre_n=500,__perm_rng_seed=0,__perm_stat=vote_score,divergence=0.3,error_rate=0.5,teacher_entropy=0.2",3,0,200,0.0,0,10000,10.0,25.0,200,500,1,8,1.0,0.6756188875305623,0.34550859782066845,0.5,0.676805317401886,0.0006384555017575622,0,0,74,73,-1,perm_test,0.004975124378109453,0.4319136725192864,73,73,0,0.0,0.16666666666666669,0,0.0,0.0,0.0,0.0,0,none,0,1,0,overconfident,0.95,0,mild_drift,0.9560223918174663,0.0013428175380874067,0.7816217247216453,0.8523604463200054,1768220038.679305,0.6839048862457275,0.002539105946198106
410,26240,26239,sine_abrupt4,sine,ts_drift_adapt,5,"error_divergence_ph_meta@error.threshold=0.10,error.min_instances=5",error_divergence_ph_meta,"{""divergence"": {""alpha"": 0.1, ""delta"": 0.005, ""min_instances"": 30, ""threshold"": 0.05}, ""error_rate"": {""alpha"": 0.15, ""delta"": 0.005, ""min_instances"": 5, ""threshold"": 0.1}}","{""error_rate"": {""min_instances"": 5, ""threshold"": 0.1}}",0.1,0.005,0.15,5,0.05,0.005,0.1,30,,,,-1,two_stage,2,0.5,"__confirm_cooldown=200,__confirm_rule=perm_test,__perm_alpha=0.01,__perm_min_effect=0,__perm_n_perm=200,__perm_post_n=10,__perm_pre_n=500,__perm_rng_seed=0,__perm_stat=vote_score,divergence=0.3,error_rate=0.5,teacher_entropy=0.2",3,0,200,0.0,0,10000,10.0,25.0,200,500,0,0,1.0,0.675266768292683,0.3447505416926384,0.5,0.6796427369117737,0.0004166431608609855,0,0,74,73,-1,perm_test,0.004975124378109453,0.4319136725192864,73,73,0,0.0,0.00022181234089657664,0,0.0,0.0,0.0,0.0,0,none,0,1,0,overconfident,0.95,0,mild_drift,0.958161195908733,0.0013214087690437033,0.7908108623608227,0.8536802231600027,1768220038.687639,0.7030785083770752,0.0016609008889645338
411,26304,26303,sine_abrupt4,sine,ts_drift_adapt,5,"error_divergence_ph_meta@error.threshold=0.10,error.min_instances=5",error_divergence_ph_meta,"{""divergence"": {""alpha"": 0.1, ""delta"": 0.005, ""min_instances"": 30, ""threshold"": 0.05}, ""error_rate"": {""alpha"": 0.15, ""delta"": 0.005, ""min_instances"": 5, ""threshold"": 0.1}}","{""error_rate"": {""min_instances"": 5, ""threshold"": 0.1}}",0.1,0.005,0.15,5,0.05,0.005,0.1,30,,,,-1,two_stage,2,0.5,"__confirm_cooldown=200,__confirm_rule=perm_test,__perm_alpha=0.01,__perm_min_effect=0,__perm_n_perm=200,__perm_post_n=10,__perm_pre_n=500,__perm_rng_seed=0,__perm_stat=vote_score,divergence=0.3,error_rate=0.5,teacher_entropy=0.2",3,0,200,0.0,0,10000,10.0,25.0,200,500,0,0,1.0,0.6750304136253041,0.34417392207684566,0.16666666666666666,0.679616391658783,0.0005338675691746175,1,1,75,74,0,perm_test,0.004975124378109453,0.4444136831691812,74,74,0,0.16666666666666666,0.33333333333333337,1,0.5,0.0,0.0,0.0,0,none,1,1,0,overconfident,0.95,0,severe_drift,0.9245805979543665,0.0016607043845218517,0.6454054311804114,0.8318401115800014,1768220038.7024803,0.581870973110199,0.0021279905922710896
412,26368,26367,sine_abrupt4,sine,ts_drift_adapt,5,"error_divergence_ph_meta@error.threshold=0.10,error.min_instances=5",error_divergence_ph_meta,"{""divergence"": {""alpha"": 0.1, ""delta"": 0.005, ""min_instances"": 30, ""threshold"": 0.05}, ""error_rate"": {""alpha"": 0.15, ""delta"": 0.005, ""min_instances"": 5, ""threshold"": 0.1}}","{""error_rate"": {""min_instances"": 5, ""threshold"": 0.1}}",0.1,0.005,0.15,5,0.05,0.005,0.1,30,,,,-1,two_stage,2,0.5,"__confirm_cooldown=200,__confirm_rule=perm_test,__perm_alpha=0.01,__perm_min_effect=0,__perm_n_perm=200,__perm_post_n=10,__perm_pre_n=500,__perm_rng_seed=0,__perm_stat=vote_score,divergence=0.3,error_rate=0.5,teacher_entropy=0.2",3,0,200,0.0,0,10000,10.0,25.0,200,500,1,136,1.0,0.6748331310679612,0.3436583853384027,0.5,0.6782090663909912,0.0007338024443015456,0,0,75,74,-1,perm_test,0.004975124378109453,0.4444136831691812,74,74,0,0.0,0.33333333333333337,0,0.0,0.0,0.0,0.0,0,none,0,1,0,overconfident,0.95,0,mild_drift,0.9424402989771832,0.0014803521922609258,0.7227027155902057,0.8434200557900007,1768220038.7108357,0.6511347889900208,0.0029216562397778034
413,26432,26431,sine_abrupt4,sine,ts_drift_adapt,5,"error_divergence_ph_meta@error.threshold=0.10,error.min_instances=5",error_divergence_ph_meta,"{""divergence"": {""alpha"": 0.1, ""delta"": 0.005, ""min_instances"": 30, ""threshold"": 0.05}, ""error_rate"": {""alpha"": 0.15, ""delta"": 0.005, ""min_instances"": 5, ""threshold"": 0.1}}","{""error_rate"": {""min_instances"": 5, ""threshold"": 0.1}}",0.1,0.005,0.15,5,0.05,0.005,0.1,30,,,,-1,two_stage,2,0.5,"__confirm_cooldown=200,__confirm_rule=perm_test,__perm_alpha=0.01,__perm_min_effect=0,__perm_n_perm=200,__perm_post_n=10,__perm_pre_n=500,__perm_rng_seed=0,__perm_stat=vote_score,divergence=0.3,error_rate=0.5,teacher_entropy=0.2",3,0,200,0.0,0,10000,10.0,25.0,200,500,1,72,1.0,0.6745989709443099,0.3430854422468236,0.16666666666666666,0.6800411343574524,0.00045725429663434625,0,0,75,74,-1,perm_test,0.004975124378109453,0.4444136831691812,74,74,0,0.0,0.33333333333333337,0,0.0,0.0,0.0,0.0,0,none,0,1,0,overconfident,0.95,0,mild_drift,0.9513701494885916,0.0013901760961304629,0.7613513577951029,0.8492100278950003,1768220038.7190878,0.5782602429389954,0.00182324496563524
414,26496,26495,sine_abrupt4,sine,ts_drift_adapt,5,"error_divergence_ph_meta@error.threshold=0.10,error.min_instances=5",error_divergence_ph_meta,"{""divergence"": {""alpha"": 0.1, ""delta"": 0.005, ""min_instances"": 30, ""threshold"": 0.05}, ""error_rate"": {""alpha"": 0.15, ""delta"": 0.005, ""min_instances"": 5, ""threshold"": 0.1}}","{""error_rate"": {""min_instances"": 5, ""threshold"": 0.1}}",0.1,0.005,0.15,5,0.05,0.005,0.1,30,,,,-1,two_stage,2,0.5,"__confirm_cooldown=200,__confirm_rule=perm_test,__perm_alpha=0.01,__perm_min_effect=0,__perm_n_perm=200,__perm_post_n=10,__perm_pre_n=500,__perm_rng_seed=0,__perm_stat=vote_score,divergence=0.3,error_rate=0.5,teacher_entropy=0.2",3,0,200,0.0,0,10000,10.0,25.0,200,500,1,8,1.0,0.6743282004830918,0.3424557686909278,0.6666666666666666,0.6801643371582031,0.0005056821391917765,0,0,75,74,-1,perm_test,0.004975124378109453,0.4444136831691812,74,74,0,0.0,0.5,0,0.0,0.0,0.0,0.0,0,none,0,1,0,overconfident,0.95,0,mild_drift,0.9558350747442957,0.0013450880480652314,0.7806756788975515,0.8521050139475002,1768220038.7273462,0.7134271264076233,0.0020154642406851053
415,26560,26559,sine_abrupt4,sine,ts_drift_adapt,5,"error_divergence_ph_meta@error.threshold=0.10,error.min_instances=5",error_divergence_ph_meta,"{""divergence"": {""alpha"": 0.1, ""delta"": 0.005, ""min_instances"": 30, ""threshold"": 0.05}, ""error_rate"": {""alpha"": 0.15, ""delta"": 0.005, ""min_instances"": 5, ""threshold"": 0.1}}","{""error_rate"": {""min_instances"": 5, ""threshold"": 0.1}}",0.1,0.005,0.15,5,0.05,0.005,0.1,30,,,,-1,two_stage,2,0.5,"__confirm_cooldown=200,__confirm_rule=perm_test,__perm_alpha=0.01,__perm_min_effect=0,__perm_n_perm=200,__perm_post_n=10,__perm_pre_n=500,__perm_rng_seed=0,__perm_stat=vote_score,divergence=0.3,error_rate=0.5,teacher_entropy=0.2",3,0,200,0.0,0,10000,10.0,25.0,200,500,0,0,1.0,0.6741716867469879,0.34200380846710143,0.3333333333333333,0.6816073060035706,0.00047782043111510575,0,0,75,74,-1,perm_test,0.004975124378109453,0.4444136831691812,74,74,0,0.0,0.3333333333333333,0,0.0,0.0,0.0,0.0,0,none,0,1,0,overconfident,0.95,0,mild_drift,0.9580675373721479,0.0013225440240326159,0.7903378394487758,0.8535525069737501,1768220038.7357135,0.6157655119895935,0.001906874356791377
416,26624,26623,sine_abrupt4,sine,ts_drift_adapt,5,"error_divergence_ph_meta@error.threshold=0.10,error.min_instances=5",error_divergence_ph_meta,"{""divergence"": {""alpha"": 0.1, ""delta"": 0.005, ""min_instances"": 30, ""threshold"": 0.05}, ""error_rate"": {""alpha"": 0.15, ""delta"": 0.005, ""min_instances"": 5, ""threshold"": 0.1}}","{""error_rate"": {""min_instances"": 5, ""threshold"": 0.1}}",0.1,0.005,0.15,5,0.05,0.005,0.1,30,,,,-1,two_stage,2,0.5,"__confirm_cooldown=200,__confirm_rule=perm_test,__perm_alpha=0.01,__perm_min_effect=0,__perm_n_perm=200,__perm_post_n=10,__perm_pre_n=500,__perm_rng_seed=0,__perm_stat=vote_score,divergence=0.3,error_rate=0.5,teacher_entropy=0.2",3,0,200,0.0,0,10000,10.0,25.0,200,500,0,0,1.0,0.6739783653846154,0.341494651654641,0.16666666666666666,0.6806070804595947,0.00038020563079044223,1,1,76,75,0,perm_test,0.004975124378109453,0.44447459199210854,75,75,0,0.0,0.16666666666666666,1,0.5,0.0,0.0,0.0,0,none,1,1,0,overconfident,0.95,0,stable,0.9740337686860739,0.001061272012016308,0.895168919724388,0.899276253486875,1768220038.7505612,0.5889137983322144,0.001516878604888916
417,26688,26687,sine_abrupt4,sine,ts_drift_adapt,5,"error_divergence_ph_meta@error.threshold=0.10,error.min_instances=5",error_divergence_ph_meta,"{""divergence"": {""alpha"": 0.1, ""delta"": 0.005, ""min_instances"": 30, ""threshold"": 0.05}, ""error_rate"": {""alpha"": 0.15, ""delta"": 0.005, ""min_instances"": 5, ""threshold"": 0.1}}","{""error_rate"": {""min_instances"": 5, ""threshold"": 0.1}}",0.1,0.005,0.15,5,0.05,0.005,0.1,30,,,,-1,two_stage,2,0.5,"__confirm_cooldown=200,__confirm_rule=perm_test,__perm_alpha=0.01,__perm_min_effect=0,__perm_n_perm=200,__perm_post_n=10,__perm_pre_n=500,__perm_rng_seed=0,__perm_stat=vote_score,divergence=0.3,error_rate=0.5,teacher_entropy=0.2",3,0,200,0.0,0,10000,10.0,25.0,200,500,1,136,1.0,0.6736360911270983,0.3407549607823012,0.3333333333333333,0.6813110709190369,0.00023976116790436208,0,0,76,75,-1,perm_test,0.004975124378109453,0.44447459199210854,75,75,0,0.0,0.16666666666666666,0,0.0,0.0,0.0,0.0,0,none,0,1,0,overconfident,0.95,0,mild_drift,0.967166884343037,0.0011806360060081541,0.847584459862194,0.8771381267434375,1768220038.7595553,0.6281925439834595,0.0009574556024745107
418,26752,26751,sine_abrupt4,sine,ts_drift_adapt,5,"error_divergence_ph_meta@error.threshold=0.10,error.min_instances=5",error_divergence_ph_meta,"{""divergence"": {""alpha"": 0.1, ""delta"": 0.005, ""min_instances"": 30, ""threshold"": 0.05}, ""error_rate"": {""alpha"": 0.15, ""delta"": 0.005, ""min_instances"": 5, ""threshold"": 0.1}}","{""error_rate"": {""min_instances"": 5, ""threshold"": 0.1}}",0.1,0.005,0.15,5,0.05,0.005,0.1,30,,,,-1,two_stage,2,0.5,"__confirm_cooldown=200,__confirm_rule=perm_test,__perm_alpha=0.01,__perm_min_effect=0,__perm_n_perm=200,__perm_post_n=10,__perm_pre_n=500,__perm_rng_seed=0,__perm_stat=vote_score,divergence=0.3,error_rate=0.5,teacher_entropy=0.2",3,0,200,0.0,0,10000,10.0,25.0,200,500,1,72,1.0,0.6734449760765551,0.34024960644001606,0.6666666666666666,0.6800003051757812,0.00032074732007458806,0,0,76,75,-1,perm_test,0.004975124378109453,0.44447459199210854,75,75,0,0.0,0.3333333333333333,0,0.0,0.0,0.0,0.0,0,none,0,1,0,overconfident,0.95,0,mild_drift,0.9637334421715185,0.0012403180030040773,0.823792229931097,0.8660690633717187,1768220038.7696033,0.7070789933204651,0.0012797770323231816
419,26816,26815,sine_abrupt4,sine,ts_drift_adapt,5,"error_divergence_ph_meta@error.threshold=0.10,error.min_instances=5",error_divergence_ph_meta,"{""divergence"": {""alpha"": 0.1, ""delta"": 0.005, ""min_instances"": 30, ""threshold"": 0.05}, ""error_rate"": {""alpha"": 0.15, ""delta"": 0.005, ""min_instances"": 5, ""threshold"": 0.1}}","{""error_rate"": {""min_instances"": 5, ""threshold"": 0.1}}",0.1,0.005,0.15,5,0.05,0.005,0.1,30,,,,-1,two_stage,2,0.5,"__confirm_cooldown=200,__confirm_rule=perm_test,__perm_alpha=0.01,__perm_min_effect=0,__perm_n_perm=200,__perm_post_n=10,__perm_pre_n=500,__perm_rng_seed=0,__perm_stat=vote_score,divergence=0.3,error_rate=0.5,teacher_entropy=0.2",3,0,200,0.0,0,10000,10.0,25.0,200,500,1,8,1.0,0.6731056085918854,0.339515495370931,0.5,0.6799140572547913,0.0004391743859741837,0,0,76,75,-1,perm_test,0.004975124378109453,0.44447459199210854,75,75,0,0.0,0.16666666666666663,0,0.0,0.0,0.0,0.0,0,none,0,1,0,overconfident,0.95,0,mild_drift,0.9620167210857592,0.0012701590015020388,0.8118961149655486,0.8605345316858594,1768220038.779622,0.6778512001037598,0.001755613717250526
420,26880,26879,sine_abrupt4,sine,ts_drift_adapt,5,"error_divergence_ph_meta@error.threshold=0.10,error.min_instances=5",error_divergence_ph_meta,"{""divergence"": {""alpha"": 0.1, ""delta"": 0.005, ""min_instances"": 30, ""threshold"": 0.05}, ""error_rate"": {""alpha"": 0.15, ""delta"": 0.005, ""min_instances"": 5, ""threshold"": 0.1}}","{""error_rate"": {""min_instances"": 5, ""threshold"": 0.1}}",0.1,0.005,0.15,5,0.05,0.005,0.1,30,,,,-1,two_stage,2,0.5,"__confirm_cooldown=200,__confirm_rule=perm_test,__perm_alpha=0.01,__perm_min_effect=0,__perm_n_perm=200,__perm_post_n=10,__perm_pre_n=500,__perm_rng_seed=0,__perm_stat=vote_score,divergence=0.3,error_rate=0.5,teacher_entropy=0.2",3,0,200,0.0,0,10000,10.0,25.0,200,500,0,0,1.0,0.672953869047619,0.33907122978389675,0.16666666666666666,0.6814364790916443,0.00027747181593440473,0,0,76,75,-1,perm_test,0.004975124378109453,0.44447459199210854,75,75,0,0.0,0.33333333333333337,0,0.0,0.0,0.0,0.0,0,none,0,1,0,overconfident,0.95,0,mild_drift,0.9611583605428795,0.0012850795007510194,0.8059480574827743,0.8577672658429296,1768220038.7882006,0.6033523082733154,0.001110653392970562
421,26944,26943,sine_abrupt4,sine,ts_drift_adapt,5,"error_divergence_ph_meta@error.threshold=0.10,error.min_instances=5",error_divergence_ph_meta,"{""divergence"": {""alpha"": 0.1, ""delta"": 0.005, ""min_instances"": 30, ""threshold"": 0.05}, ""error_rate"": {""alpha"": 0.15, ""delta"": 0.005, ""min_instances"": 5, ""threshold"": 0.1}}","{""error_rate"": {""min_instances"": 5, ""threshold"": 0.1}}",0.1,0.005,0.15,5,0.05,0.005,0.1,30,,,,-1,two_stage,2,0.5,"__confirm_cooldown=200,__confirm_rule=perm_test,__perm_alpha=0.01,__perm_min_effect=0,__perm_n_perm=200,__perm_post_n=10,__perm_pre_n=500,__perm_rng_seed=0,__perm_stat=vote_score,divergence=0.3,error_rate=0.5,teacher_entropy=0.2",3,0,200,0.0,0,10000,10.0,25.0,200,500,0,0,1.0,0.6728028503562945,0.33862797061569405,0.5,0.6805764436721802,0.00030630413675680757,1,1,77,76,0,perm_test,0.004975124378109453,0.41994593431336663,76,76,0,0.33333333333333337,0.33333333333333337,1,0.5,0.0,0.0,0.0,0,none,1,1,0,overconfident,0.95,0,severe_drift,0.9260791802714398,0.0016425397503755097,0.6529740287413872,0.8338836329214648,1768220038.802996,0.6467854380607605,0.0012266620760783553
422,27008,27007,sine_abrupt4,sine,ts_drift_adapt,5,"error_divergence_ph_meta@error.threshold=0.10,error.min_instances=5",error_divergence_ph_meta,"{""divergence"": {""alpha"": 0.1, ""delta"": 0.005, ""min_instances"": 30, ""threshold"": 0.05}, ""error_rate"": {""alpha"": 0.15, ""delta"": 0.005, ""min_instances"": 5, ""threshold"": 0.1}}","{""error_rate"": {""min_instances"": 5, ""threshold"": 0.1}}",0.1,0.005,0.15,5,0.05,0.005,0.1,30,,,,-1,two_stage,2,0.5,"__confirm_cooldown=200,__confirm_rule=perm_test,__perm_alpha=0.01,__perm_min_effect=0,__perm_n_perm=200,__perm_post_n=10,__perm_pre_n=500,__perm_rng_seed=0,__perm_stat=vote_score,divergence=0.3,error_rate=0.5,teacher_entropy=0.2",3,0,200,0.0,0,10000,10.0,25.0,200,500,1,136,1.0,0.6727636255924171,0.3383564607415052,0.5,0.6805500984191895,0.00031039348687045276,0,0,77,76,-1,perm_test,0.004975124378109453,0.41994593431336663,76,76,0,0.0,4.089350113645196e-06,0,0.0,0.0,0.0,0.0,0,none,0,1,0,overconfident,0.95,0,mild_drift,0.9431895901357199,0.001471269875187755,0.7264870143706936,0.8444418164607324,1768220038.8114145,0.6373647451400757,0.0012442392762750387
423,27072,27071,sine_abrupt4,sine,ts_drift_adapt,5,"error_divergence_ph_meta@error.threshold=0.10,error.min_instances=5",error_divergence_ph_meta,"{""divergence"": {""alpha"": 0.1, ""delta"": 0.005, ""min_instances"": 30, ""threshold"": 0.05}, ""error_rate"": {""alpha"": 0.15, ""delta"": 0.005, ""min_instances"": 5, ""threshold"": 0.1}}","{""error_rate"": {""min_instances"": 5, ""threshold"": 0.1}}",0.1,0.005,0.15,5,0.05,0.005,0.1,30,,,,-1,two_stage,2,0.5,"__confirm_cooldown=200,__confirm_rule=perm_test,__perm_alpha=0.01,__perm_min_effect=0,__perm_n_perm=200,__perm_post_n=10,__perm_pre_n=500,__perm_rng_seed=0,__perm_stat=vote_score,divergence=0.3,error_rate=0.5,teacher_entropy=0.2",3,0,200,0.0,0,10000,10.0,25.0,200,500,1,72,1.0,0.672724586288416,0.3381042232125964,0.0,0.6813485622406006,0.000318425998557359,0,0,77,76,-1,perm_test,0.004975124378109453,0.41994593431336663,76,76,0,0.0,0.5,0,0.0,0.0,0.0,0.0,0,none,0,1,0,overconfident,0.95,0,mild_drift,0.9517447950678599,0.0013856349375938777,0.7632435071853468,0.8497209082303662,1768220038.8199022,0.5385175347328186,0.001276776660233736
424,27136,27135,sine_abrupt4,sine,ts_drift_adapt,5,"error_divergence_ph_meta@error.threshold=0.10,error.min_instances=5",error_divergence_ph_meta,"{""divergence"": {""alpha"": 0.1, ""delta"": 0.005, ""min_instances"": 30, ""threshold"": 0.05}, ""error_rate"": {""alpha"": 0.15, ""delta"": 0.005, ""min_instances"": 5, ""threshold"": 0.1}}","{""error_rate"": {""min_instances"": 5, ""threshold"": 0.1}}",0.1,0.005,0.15,5,0.05,0.005,0.1,30,,,,-1,two_stage,2,0.5,"__confirm_cooldown=200,__confirm_rule=perm_test,__perm_alpha=0.01,__perm_min_effect=0,__perm_n_perm=200,__perm_post_n=10,__perm_pre_n=500,__perm_rng_seed=0,__perm_stat=vote_score,divergence=0.3,error_rate=0.5,teacher_entropy=0.2",3,0,200,0.0,0,10000,10.0,25.0,200,500,1,8,1.0,0.6724646226415094,0.33749326305938043,0.5,0.6795611381530762,0.00037592052831314504,0,0,77,76,-1,perm_test,0.004975124378109453,0.41994593431336663,76,76,0,0.0,0.5,0,0.0,0.0,0.0,0.0,0,none,0,1,0,overconfident,0.95,0,mild_drift,0.9560223975339299,0.0013428174687969388,0.7816217535926735,0.852360454115183,1768220038.828373,0.6755027770996094,0.0015086675994098186
425,27200,27199,sine_abrupt4,sine,ts_drift_adapt,5,"error_divergence_ph_meta@error.threshold=0.10,error.min_instances=5",error_divergence_ph_meta,"{""divergence"": {""alpha"": 0.1, ""delta"": 0.005, ""min_instances"": 30, ""threshold"": 0.05}, ""error_rate"": {""alpha"": 0.15, ""delta"": 0.005, ""min_instances"": 5, ""threshold"": 0.1}}","{""error_rate"": {""min_instances"": 5, ""threshold"": 0.1}}",0.1,0.005,0.15,5,0.05,0.005,0.1,30,,,,-1,two_stage,2,0.5,"__confirm_cooldown=200,__confirm_rule=perm_test,__perm_alpha=0.01,__perm_min_effect=0,__perm_n_perm=200,__perm_post_n=10,__perm_pre_n=500,__perm_rng_seed=0,__perm_stat=vote_score,divergence=0.3,error_rate=0.5,teacher_entropy=0.2",3,0,200,0.0,0,10000,10.0,25.0,200,500,0,0,1.0,0.6722426470588235,0.3369408670626376,0.3333333333333333,0.6813192963600159,0.000382006837753579,0,0,77,76,-1,perm_test,0.004975124378109453,0.41994593431336663,76,76,0,0.0,0.16666666666666669,0,0.0,0.0,0.0,0.0,0,none,0,1,0,overconfident,0.95,0,mild_drift,0.9581611987669649,0.0013214087343984696,0.7908108767963368,0.8536802270575915,1768220038.8368685,0.6225535869598389,0.0015350277535617352
426,27264,27263,sine_abrupt4,sine,ts_drift_adapt,5,"error_divergence_ph_meta@error.threshold=0.10,error.min_instances=5",error_divergence_ph_meta,"{""divergence"": {""alpha"": 0.1, ""delta"": 0.005, ""min_instances"": 30, ""threshold"": 0.05}, ""error_rate"": {""alpha"": 0.15, ""delta"": 0.005, ""min_instances"": 5, ""threshold"": 0.1}}","{""error_rate"": {""min_instances"": 5, ""threshold"": 0.1}}",0.1,0.005,0.15,5,0.05,0.005,0.1,30,,,,-1,two_stage,2,0.5,"__confirm_cooldown=200,__confirm_rule=perm_test,__perm_alpha=0.01,__perm_min_effect=0,__perm_n_perm=200,__perm_post_n=10,__perm_pre_n=500,__perm_rng_seed=0,__perm_stat=vote_score,divergence=0.3,error_rate=0.5,teacher_entropy=0.2",3,0,200,0.0,0,10000,10.0,25.0,200,500,0,0,1.0,0.6716549295774648,0.3358296528172938,0.16666666666666666,0.6819024085998535,0.00044333646656014025,1,1,78,77,0,perm_test,0.004975124378109453,0.4302851792347334,77,77,0,0.33333333333333337,0.16666666666666666,1,0.5,0.0,0.0,0.0,0,none,1,1,0,overconfident,0.95,0,severe_drift,0.9245805993834825,0.0016607043671992348,0.6454054383981684,0.8318401135287958,1768220038.8518555,0.5260486006736755,0.0017848355928435922
427,27328,27327,sine_abrupt4,sine,ts_drift_adapt,5,"error_divergence_ph_meta@error.threshold=0.10,error.min_instances=5",error_divergence_ph_meta,"{""divergence"": {""alpha"": 0.1, ""delta"": 0.005, ""min_instances"": 30, ""threshold"": 0.05}, ""error_rate"": {""alpha"": 0.15, ""delta"": 0.005, ""min_instances"": 5, ""threshold"": 0.1}}","{""error_rate"": {""min_instances"": 5, ""threshold"": 0.1}}",0.1,0.005,0.15,5,0.05,0.005,0.1,30,,,,-1,two_stage,2,0.5,"__confirm_cooldown=200,__confirm_rule=perm_test,__perm_alpha=0.01,__perm_min_effect=0,__perm_n_perm=200,__perm_post_n=10,__perm_pre_n=500,__perm_rng_seed=0,__perm_stat=vote_score,divergence=0.3,error_rate=0.5,teacher_entropy=0.2",3,0,200,0.0,0,10000,10.0,25.0,200,500,1,136,1.0,0.6714724824355972,0.3353388598540824,0.5,0.678526759147644,0.0007445481023751199,0,0,78,77,-1,perm_test,0.004975124378109453,0.4302851792347334,77,77,0,0.0,0.33333333333333337,0,0.0,0.0,0.0,0.0,0,none,0,1,0,overconfident,0.95,0,mild_drift,0.9424402996917411,0.0014803521835996176,0.7227027191990842,0.8434200567643979,1768220038.8604352,0.6396191716194153,0.0029978924430906773
428,27392,27391,sine_abrupt4,sine,ts_drift_adapt,5,"error_divergence_ph_meta@error.threshold=0.10,error.min_instances=5",error_divergence_ph_meta,"{""divergence"": {""alpha"": 0.1, ""delta"": 0.005, ""min_instances"": 30, ""threshold"": 0.05}, ""error_rate"": {""alpha"": 0.15, ""delta"": 0.005, ""min_instances"": 5, ""threshold"": 0.1}}","{""error_rate"": {""min_instances"": 5, ""threshold"": 0.1}}",0.1,0.005,0.15,5,0.05,0.005,0.1,30,,,,-1,two_stage,2,0.5,"__confirm_cooldown=200,__confirm_rule=perm_test,__perm_alpha=0.01,__perm_min_effect=0,__perm_n_perm=200,__perm_post_n=10,__perm_pre_n=500,__perm_rng_seed=0,__perm_stat=vote_score,divergence=0.3,error_rate=0.5,teacher_entropy=0.2",3,0,200,0.0,0,10000,10.0,25.0,200,500,1,72,1.0,0.6712178738317757,0.3347381876298726,0.5,0.6800004839897156,0.0007435610168613493,0,0,78,77,-1,perm_test,0.004975124378109453,0.4302851792347334,77,77,0,0.0,9.870855137705803e-07,0,0.0,0.0,0.0,0.0,0,none,0,1,0,overconfident,0.95,0,mild_drift,0.9513701498458705,0.001390176091799809,0.7613513595995421,0.849210028382199,1768220038.8688068,0.6712687611579895,0.0030000323895365
429,27456,27455,sine_abrupt4,sine,ts_drift_adapt,5,"error_divergence_ph_meta@error.threshold=0.10,error.min_instances=5",error_divergence_ph_meta,"{""divergence"": {""alpha"": 0.1, ""delta"": 0.005, ""min_instances"": 30, ""threshold"": 0.05}, ""error_rate"": {""alpha"": 0.15, ""delta"": 0.005, ""min_instances"": 5, ""threshold"": 0.1}}","{""error_rate"": {""min_instances"": 5, ""threshold"": 0.1}}",0.1,0.005,0.15,5,0.05,0.005,0.1,30,,,,-1,two_stage,2,0.5,"__confirm_cooldown=200,__confirm_rule=perm_test,__perm_alpha=0.01,__perm_min_effect=0,__perm_n_perm=200,__perm_post_n=10,__perm_pre_n=500,__perm_rng_seed=0,__perm_stat=vote_score,divergence=0.3,error_rate=0.5,teacher_entropy=0.2",3,0,200,0.0,0,10000,10.0,25.0,200,500,1,8,1.0,0.6710008741258742,0.3341951505770491,0.5,0.679314374923706,0.0007991564925760031,0,0,78,77,-1,perm_test,0.004975124378109453,0.4302851792347334,77,77,0,0.0,5.559547571465373e-05,0,0.0,0.0,0.0,0.0,0,none,0,1,0,overconfident,0.95,0,mild_drift,0.9558350749229352,0.0013450880458999045,0.7806756797997711,0.8521050141910995,1768220038.877317,0.6714904308319092,0.003228152636438608
430,27520,27519,sine_abrupt4,sine,ts_drift_adapt,5,"error_divergence_ph_meta@error.threshold=0.10,error.min_instances=5",error_divergence_ph_meta,"{""divergence"": {""alpha"": 0.1, ""delta"": 0.005, ""min_instances"": 30, ""threshold"": 0.05}, ""error_rate"": {""alpha"": 0.15, ""delta"": 0.005, ""min_instances"": 5, ""threshold"": 0.1}}","{""error_rate"": {""min_instances"": 5, ""threshold"": 0.1}}",0.1,0.005,0.15,5,0.05,0.005,0.1,30,,,,-1,two_stage,2,0.5,"__confirm_cooldown=200,__confirm_rule=perm_test,__perm_alpha=0.01,__perm_min_effect=0,__perm_n_perm=200,__perm_post_n=10,__perm_pre_n=500,__perm_rng_seed=0,__perm_stat=vote_score,divergence=0.3,error_rate=0.5,teacher_entropy=0.2",3,0,200,0.0,0,10000,10.0,25.0,200,500,0,0,1.0,0.6709665697674418,0.3339300176401886,0.5,0.6765121817588806,0.0011138796107843518,0,0,78,77,-1,perm_test,0.004975124378109453,0.4302851792347334,77,77,0,0.0,0.00031472311820834875,0,0.0,0.0,0.0,0.0,0,none,0,1,0,overconfident,0.95,0,mild_drift,0.9580675374614676,0.0013225440229499524,0.7903378398998856,0.8535525070955498,1768220038.8858273,0.6741992831230164,0.004506072960793972
431,27584,27583,sine_abrupt4,sine,ts_drift_adapt,5,"error_divergence_ph_meta@error.threshold=0.10,error.min_instances=5",error_divergence_ph_meta,"{""divergence"": {""alpha"": 0.1, ""delta"": 0.005, ""min_instances"": 30, ""threshold"": 0.05}, ""error_rate"": {""alpha"": 0.15, ""delta"": 0.005, ""min_instances"": 5, ""threshold"": 0.1}}","{""error_rate"": {""min_instances"": 5, ""threshold"": 0.1}}",0.1,0.005,0.15,5,0.05,0.005,0.1,30,,,,-1,two_stage,2,0.5,"__confirm_cooldown=200,__confirm_rule=perm_test,__perm_alpha=0.01,__perm_min_effect=0,__perm_n_perm=200,__perm_post_n=10,__perm_pre_n=500,__perm_rng_seed=0,__perm_stat=vote_score,divergence=0.3,error_rate=0.5,teacher_entropy=0.2",3,0,200,0.0,0,10000,10.0,25.0,200,500,0,0,1.0,0.6705698955916474,0.3331144222066429,0.5,0.6777216196060181,0.0007519443170167506,0,0,78,77,-1,perm_test,0.004975124378109453,0.4302851792347334,77,77,0,0.0,0.00036193529376760125,0,0.0,0.0,0.0,0.0,0,none,0,1,0,overconfident,0.95,0,mild_drift,0.9591837687307337,0.0013112720114749764,0.7951689199499428,0.8542762535477748,1768220038.894337,0.6840800642967224,0.0030445752199739218
432,27648,27647,sine_abrupt4,sine,ts_drift_adapt,5,"error_divergence_ph_meta@error.threshold=0.10,error.min_instances=5",error_divergence_ph_meta,"{""divergence"": {""alpha"": 0.1, ""delta"": 0.005, ""min_instances"": 30, ""threshold"": 0.05}, ""error_rate"": {""alpha"": 0.15, ""delta"": 0.005, ""min_instances"": 5, ""threshold"": 0.1}}","{""error_rate"": {""min_instances"": 5, ""threshold"": 0.1}}",0.1,0.005,0.15,5,0.05,0.005,0.1,30,,,,-1,two_stage,2,0.5,"__confirm_cooldown=200,__confirm_rule=perm_test,__perm_alpha=0.01,__perm_min_effect=0,__perm_n_perm=200,__perm_post_n=10,__perm_pre_n=500,__perm_rng_seed=0,__perm_stat=vote_score,divergence=0.3,error_rate=0.5,teacher_entropy=0.2",3,0,200,0.0,0,10000,10.0,25.0,200,500,0,0,1.0,0.6702835648148148,0.3324671056348229,0.16666666666666666,0.6781966090202332,0.0011308178072795272,1,1,79,78,0,perm_test,0.004975124378109453,0.4267132500486286,78,78,0,0.0,0.33333333333333337,1,0.5,0.0,0.0,0.0,0,none,1,1,0,overconfident,0.95,0,stable,0.9745918843653669,0.0010556360057374882,0.8975844599749714,0.8996381267738874,1768220038.9095252,0.508725106716156,0.004585873335599899
433,27712,27711,sine_abrupt4,sine,ts_drift_adapt,5,"error_divergence_ph_meta@error.threshold=0.10,error.min_instances=5",error_divergence_ph_meta,"{""divergence"": {""alpha"": 0.1, ""delta"": 0.005, ""min_instances"": 30, ""threshold"": 0.05}, ""error_rate"": {""alpha"": 0.15, ""delta"": 0.005, ""min_instances"": 5, ""threshold"": 0.1}}","{""error_rate"": {""min_instances"": 5, ""threshold"": 0.1}}",0.1,0.005,0.15,5,0.05,0.005,0.1,30,,,,-1,two_stage,2,0.5,"__confirm_cooldown=200,__confirm_rule=perm_test,__perm_alpha=0.01,__perm_min_effect=0,__perm_n_perm=200,__perm_post_n=10,__perm_pre_n=500,__perm_rng_seed=0,__perm_stat=vote_score,divergence=0.3,error_rate=0.5,teacher_entropy=0.2",3,0,200,0.0,0,10000,10.0,25.0,200,500,1,136,1.0,0.6700707274826789,0.33193156043863353,0.6666666666666666,0.6757206916809082,0.0010290927020832896,0,0,79,78,-1,perm_test,0.004975124378109453,0.4267132500486286,78,78,0,0.0,0.5,0,0.0,0.0,0.0,0.0,0,none,0,1,0,overconfident,0.95,0,mild_drift,0.9674459421826834,0.001177818002868744,0.8487922299874857,0.8773190633869437,1768220038.9179292,0.7253949642181396,0.004165398422628641
434,27776,27775,sine_abrupt4,sine,ts_drift_adapt,5,"error_divergence_ph_meta@error.threshold=0.10,error.min_instances=5",error_divergence_ph_meta,"{""divergence"": {""alpha"": 0.1, ""delta"": 0.005, ""min_instances"": 30, ""threshold"": 0.05}, ""error_rate"": {""alpha"": 0.15, ""delta"": 0.005, ""min_instances"": 5, ""threshold"": 0.1}}","{""error_rate"": {""min_instances"": 5, ""threshold"": 0.1}}",0.1,0.005,0.15,5,0.05,0.005,0.1,30,,,,-1,two_stage,2,0.5,"__confirm_cooldown=200,__confirm_rule=perm_test,__perm_alpha=0.01,__perm_min_effect=0,__perm_n_perm=200,__perm_post_n=10,__perm_pre_n=500,__perm_rng_seed=0,__perm_stat=vote_score,divergence=0.3,error_rate=0.5,teacher_entropy=0.2",3,0,200,0.0,0,10000,10.0,25.0,200,500,1,72,1.0,0.6698228686635944,0.3313433678304014,0.3333333333333333,0.6766406893730164,0.0010813034605234861,0,0,79,78,-1,perm_test,0.004975124378109453,0.4267132500486286,78,78,0,0.0,0.3333333333333333,0,0.0,0.0,0.0,0.0,0,none,0,1,0,overconfident,0.95,0,mild_drift,0.9638729710913416,0.001238909001434372,0.8243961149937429,0.8661595316934718,1768220038.9258382,0.5762628316879272,0.004379414487630129
435,27840,27839,sine_abrupt4,sine,ts_drift_adapt,5,"error_divergence_ph_meta@error.threshold=0.10,error.min_instances=5",error_divergence_ph_meta,"{""divergence"": {""alpha"": 0.1, ""delta"": 0.005, ""min_instances"": 30, ""threshold"": 0.05}, ""error_rate"": {""alpha"": 0.15, ""delta"": 0.005, ""min_instances"": 5, ""threshold"": 0.1}}","{""error_rate"": {""min_instances"": 5, ""threshold"": 0.1}}",0.1,0.005,0.15,5,0.05,0.005,0.1,30,,,,-1,two_stage,2,0.5,"__confirm_cooldown=200,__confirm_rule=perm_test,__perm_alpha=0.01,__perm_min_effect=0,__perm_n_perm=200,__perm_post_n=10,__perm_pre_n=500,__perm_rng_seed=0,__perm_stat=vote_score,divergence=0.3,error_rate=0.5,teacher_entropy=0.2",3,0,200,0.0,0,10000,10.0,25.0,200,500,1,8,1.0,0.6697198275862069,0.33097409843848474,0.5,0.6776527166366577,0.0009018859127536416,0,0,79,78,-1,perm_test,0.004975124378109453,0.4267132500486286,78,78,0,0.0,0.16666666666666669,0,0.0,0.0,0.0,0.0,0,none,0,1,0,overconfident,0.95,0,mild_drift,0.9620864855456708,0.0012694545007171862,0.8121980574968715,0.8605797658467359,1768220038.9343398,0.6566818952560425,0.0036498005501925945
436,27904,27903,sine_abrupt4,sine,ts_drift_adapt,5,"error_divergence_ph_meta@error.threshold=0.10,error.min_instances=5",error_divergence_ph_meta,"{""divergence"": {""alpha"": 0.1, ""delta"": 0.005, ""min_instances"": 30, ""threshold"": 0.05}, ""error_rate"": {""alpha"": 0.15, ""delta"": 0.005, ""min_instances"": 5, ""threshold"": 0.1}}","{""error_rate"": {""min_instances"": 5, ""threshold"": 0.1}}",0.1,0.005,0.15,5,0.05,0.005,0.1,30,,,,-1,two_stage,2,0.5,"__confirm_cooldown=200,__confirm_rule=perm_test,__perm_alpha=0.01,__perm_min_effect=0,__perm_n_perm=200,__perm_post_n=10,__perm_pre_n=500,__perm_rng_seed=0,__perm_stat=vote_score,divergence=0.3,error_rate=0.5,teacher_entropy=0.2",3,0,200,0.0,0,10000,10.0,25.0,200,500,0,0,1.0,0.6694739105504587,0.33038936863978935,0.3333333333333333,0.6764323115348816,0.0007893257425166667,0,0,79,78,-1,perm_test,0.004975124378109453,0.4267132500486286,78,78,0,0.0,0.16666666666666669,0,0.0,0.0,0.0,0.0,0,none,0,1,0,overconfident,0.95,0,mild_drift,0.9611932427728354,0.001284727250358593,0.8060990287484358,0.8577898829233679,1768220038.9428513,0.5842242240905762,0.0031925898510962725
437,27968,27967,sine_abrupt4,sine,ts_drift_adapt,5,"error_divergence_ph_meta@error.threshold=0.10,error.min_instances=5",error_divergence_ph_meta,"{""divergence"": {""alpha"": 0.1, ""delta"": 0.005, ""min_instances"": 30, ""threshold"": 0.05}, ""error_rate"": {""alpha"": 0.15, ""delta"": 0.005, ""min_instances"": 5, ""threshold"": 0.1}}","{""error_rate"": {""min_instances"": 5, ""threshold"": 0.1}}",0.1,0.005,0.15,5,0.05,0.005,0.1,30,,,,-1,two_stage,2,0.5,"__confirm_cooldown=200,__confirm_rule=perm_test,__perm_alpha=0.01,__perm_min_effect=0,__perm_n_perm=200,__perm_post_n=10,__perm_pre_n=500,__perm_rng_seed=0,__perm_stat=vote_score,divergence=0.3,error_rate=0.5,teacher_entropy=0.2",3,0,200,0.0,0,10000,10.0,25.0,200,500,0,0,1.0,0.6690503432494279,0.3295580761138929,0.6666666666666666,0.678032636642456,0.0009021183359436691,1,1,80,79,0,perm_test,0.004975124378109453,0.44691692453238635,79,79,0,0.5,0.3333333333333333,1,0.5,0.0,0.0,0.0,0,none,1,1,0,overconfident,0.95,0,severe_drift,0.9260966213864177,0.0016423636251792966,0.6530495143742179,0.833894941461684,1768220038.9577975,0.7286286354064941,0.003644521115347743
438,28032,28031,sine_abrupt4,sine,ts_drift_adapt,5,"error_divergence_ph_meta@error.threshold=0.10,error.min_instances=5",error_divergence_ph_meta,"{""divergence"": {""alpha"": 0.1, ""delta"": 0.005, ""min_instances"": 30, ""threshold"": 0.05}, ""error_rate"": {""alpha"": 0.15, ""delta"": 0.005, ""min_instances"": 5, ""threshold"": 0.1}}","{""error_rate"": {""min_instances"": 5, ""threshold"": 0.1}}",0.1,0.005,0.15,5,0.05,0.005,0.1,30,,,,-1,two_stage,2,0.5,"__confirm_cooldown=200,__confirm_rule=perm_test,__perm_alpha=0.01,__perm_min_effect=0,__perm_n_perm=200,__perm_post_n=10,__perm_pre_n=500,__perm_rng_seed=0,__perm_stat=vote_score,divergence=0.3,error_rate=0.5,teacher_entropy=0.2",3,0,200,0.0,0,10000,10.0,25.0,200,500,1,136,1.0,0.668914098173516,0.32915971553906004,0.5,0.6752294898033142,0.0008447369327768683,0,0,80,79,-1,perm_test,0.004975124378109453,0.44691692453238635,79,79,0,0.0,0.16666666666666663,0,0.0,0.0,0.0,0.0,0,none,0,1,0,overconfident,0.95,0,mild_drift,0.9431983106932088,0.0014711818125896484,0.726524757187109,0.844447470730842,1768220038.966254,0.6656801104545593,0.0034107440151274204
439,28096,28095,sine_abrupt4,sine,ts_drift_adapt,5,"error_divergence_ph_meta@error.threshold=0.10,error.min_instances=5",error_divergence_ph_meta,"{""divergence"": {""alpha"": 0.1, ""delta"": 0.005, ""min_instances"": 30, ""threshold"": 0.05}, ""error_rate"": {""alpha"": 0.15, ""delta"": 0.005, ""min_instances"": 5, ""threshold"": 0.1}}","{""error_rate"": {""min_instances"": 5, ""threshold"": 0.1}}",0.1,0.005,0.15,5,0.05,0.005,0.1,30,,,,-1,two_stage,2,0.5,"__confirm_cooldown=200,__confirm_rule=perm_test,__perm_alpha=0.01,__perm_min_effect=0,__perm_n_perm=200,__perm_post_n=10,__perm_pre_n=500,__perm_rng_seed=0,__perm_stat=vote_score,divergence=0.3,error_rate=0.5,teacher_entropy=0.2",3,0,200,0.0,0,10000,10.0,25.0,200,500,1,72,1.0,0.6686005125284739,0.3285360690154071,0.3333333333333333,0.6765328645706177,0.0009531277464702725,0,0,80,79,-1,perm_test,0.004975124378109453,0.44691692453238635,79,79,0,0.0,0.16666666666666669,0,0.0,0.0,0.0,0.0,0,none,0,1,0,overconfident,0.95,0,mild_drift,0.9517491553466044,0.0013855909062948243,0.7632623785935545,0.849723735365421,1768220038.9746253,0.5475026965141296,0.003844162682071328
440,28160,28159,sine_abrupt4,sine,ts_drift_adapt,5,"error_divergence_ph_meta@error.threshold=0.10,error.min_instances=5",error_divergence_ph_meta,"{""divergence"": {""alpha"": 0.1, ""delta"": 0.005, ""min_instances"": 30, ""threshold"": 0.05}, ""error_rate"": {""alpha"": 0.15, ""delta"": 0.005, ""min_instances"": 5, ""threshold"": 0.1}}","{""error_rate"": {""min_instances"": 5, ""threshold"": 0.1}}",0.1,0.005,0.15,5,0.05,0.005,0.1,30,,,,-1,two_stage,2,0.5,"__confirm_cooldown=200,__confirm_rule=perm_test,__perm_alpha=0.01,__perm_min_effect=0,__perm_n_perm=200,__perm_post_n=10,__perm_pre_n=500,__perm_rng_seed=0,__perm_stat=vote_score,divergence=0.3,error_rate=0.5,teacher_entropy=0.2",3,0,200,0.0,0,10000,10.0,25.0,200,500,1,8,1.0,0.6683948863636363,0.3280343916431112,0.3333333333333333,0.6735652685165405,0.000717523624189198,0,0,80,79,-1,perm_test,0.004975124378109453,0.44691692453238635,79,79,0,0.0,0.00023560412228107452,0,0.0,0.0,0.0,0.0,0,none,0,1,0,overconfident,0.95,0,mild_drift,0.9560245776733022,0.0013427954531474123,0.7816311892967773,0.8523618676827105,1768220038.9831824,0.5669109225273132,0.0028789988718926907
441,28224,28223,sine_abrupt4,sine,ts_drift_adapt,5,"error_divergence_ph_meta@error.threshold=0.10,error.min_instances=5",error_divergence_ph_meta,"{""divergence"": {""alpha"": 0.1, ""delta"": 0.005, ""min_instances"": 30, ""threshold"": 0.05}, ""error_rate"": {""alpha"": 0.15, ""delta"": 0.005, ""min_instances"": 5, ""threshold"": 0.1}}","{""error_rate"": {""min_instances"": 5, ""threshold"": 0.1}}",0.1,0.005,0.15,5,0.05,0.005,0.1,30,,,,-1,two_stage,2,0.5,"__confirm_cooldown=200,__confirm_rule=perm_test,__perm_alpha=0.01,__perm_min_effect=0,__perm_n_perm=200,__perm_post_n=10,__perm_pre_n=500,__perm_rng_seed=0,__perm_stat=vote_score,divergence=0.3,error_rate=0.5,teacher_entropy=0.2",3,0,200,0.0,0,10000,10.0,25.0,200,500,0,0,1.0,0.6681901927437641,0.32769762545631836,0.3333333333333333,0.6769470572471619,0.000873318815138191,0,0,80,79,-1,perm_test,0.004975124378109453,0.44691692453238635,79,79,0,0.0,0.00015579519094899297,0,0.0,0.0,0.0,0.0,0,none,0,1,0,overconfident,0.95,0,mild_drift,0.958162288836651,0.0013213977265737063,0.7908155946483887,0.8536809338413552,1768220038.9917426,0.6381468772888184,0.0035045919939875603
442,28288,28287,sine_abrupt4,sine,ts_drift_adapt,5,"error_divergence_ph_meta@error.threshold=0.10,error.min_instances=5",error_divergence_ph_meta,"{""divergence"": {""alpha"": 0.1, ""delta"": 0.005, ""min_instances"": 30, ""threshold"": 0.05}, ""error_rate"": {""alpha"": 0.15, ""delta"": 0.005, ""min_instances"": 5, ""threshold"": 0.1}}","{""error_rate"": {""min_instances"": 5, ""threshold"": 0.1}}",0.1,0.005,0.15,5,0.05,0.005,0.1,30,,,,-1,two_stage,2,0.5,"__confirm_cooldown=200,__confirm_rule=perm_test,__perm_alpha=0.01,__perm_min_effect=0,__perm_n_perm=200,__perm_post_n=10,__perm_pre_n=500,__perm_rng_seed=0,__perm_stat=vote_score,divergence=0.3,error_rate=0.5,teacher_entropy=0.2",3,0,200,0.0,0,10000,10.0,25.0,200,500,0,0,1.0,0.6681631787330317,0.32758645208866644,0.3333333333333333,0.6758285760879517,0.0006770098698325455,0,0,80,79,-1,perm_test,0.004975124378109453,0.44691692453238635,79,79,0,0.0,0.00019630894530564547,0,0.0,0.0,0.0,0.0,0,none,0,1,0,overconfident,0.95,0,mild_drift,0.9592311444183255,0.0013106988632868534,0.7954077973241944,0.8543404669206776,1768220039.000184,0.627936065196991,0.0027096059639006853
443,28352,28351,sine_abrupt4,sine,ts_drift_adapt,5,"error_divergence_ph_meta@error.threshold=0.10,error.min_instances=5",error_divergence_ph_meta,"{""divergence"": {""alpha"": 0.1, ""delta"": 0.005, ""min_instances"": 30, ""threshold"": 0.05}, ""error_rate"": {""alpha"": 0.15, ""delta"": 0.005, ""min_instances"": 5, ""threshold"": 0.1}}","{""error_rate"": {""min_instances"": 5, ""threshold"": 0.1}}",0.1,0.005,0.15,5,0.05,0.005,0.1,30,,,,-1,two_stage,2,0.5,"__confirm_cooldown=200,__confirm_rule=perm_test,__perm_alpha=0.01,__perm_min_effect=0,__perm_n_perm=200,__perm_post_n=10,__perm_pre_n=500,__perm_rng_seed=0,__perm_stat=vote_score,divergence=0.3,error_rate=0.5,teacher_entropy=0.2",3,0,200,0.0,0,10000,10.0,25.0,200,500,0,0,1.0,0.6683126410835214,0.32770166730421246,0.16666666666666666,0.6752727627754211,0.0009111024555750191,1,1,81,80,0,perm_test,0.004975124378109453,0.445887467193912,80,80,0,0.5,0.16666666666666666,1,0.5,0.0,0.0,0.0,0,none,1,1,0,overconfident,0.95,0,severe_drift,0.9251155722091627,0.0016553494316434267,0.6477038986620972,0.8321702334603388,1768220039.0149581,0.5846818089485168,0.0036502250004559755
444,28416,28415,sine_abrupt4,sine,ts_drift_adapt,5,"error_divergence_ph_meta@error.threshold=0.10,error.min_instances=5",error_divergence_ph_meta,"{""divergence"": {""alpha"": 0.1, ""delta"": 0.005, ""min_instances"": 30, ""threshold"": 0.05}, ""error_rate"": {""alpha"": 0.15, ""delta"": 0.005, ""min_instances"": 5, ""threshold"": 0.1}}","{""error_rate"": {""min_instances"": 5, ""threshold"": 0.1}}",0.1,0.005,0.15,5,0.05,0.005,0.1,30,,,,-1,two_stage,2,0.5,"__confirm_cooldown=200,__confirm_rule=perm_test,__perm_alpha=0.01,__perm_min_effect=0,__perm_n_perm=200,__perm_post_n=10,__perm_pre_n=500,__perm_rng_seed=0,__perm_stat=vote_score,divergence=0.3,error_rate=0.5,teacher_entropy=0.2",3,0,200,0.0,0,10000,10.0,25.0,200,500,1,136,1.0,0.6684262387387387,0.32786182581769246,0.3333333333333333,0.6789575219154358,0.0009675215696915984,0,0,81,80,-1,perm_test,0.004975124378109453,0.445887467193912,80,80,0,0.0,0.16666666666666666,0,0.0,0.0,0.0,0.0,0,none,0,1,0,overconfident,0.95,0,mild_drift,0.9427077861045814,0.0014776747158217135,0.7238519493310487,0.8435851167301693,1768220039.0233204,0.5566737055778503,0.0038719235453754663
445,28480,28479,sine_abrupt4,sine,ts_drift_adapt,5,"error_divergence_ph_meta@error.threshold=0.10,error.min_instances=5",error_divergence_ph_meta,"{""divergence"": {""alpha"": 0.1, ""delta"": 0.005, ""min_instances"": 30, ""threshold"": 0.05}, ""error_rate"": {""alpha"": 0.15, ""delta"": 0.005, ""min_instances"": 5, ""threshold"": 0.1}}","{""error_rate"": {""min_instances"": 5, ""threshold"": 0.1}}",0.1,0.005,0.15,5,0.05,0.005,0.1,30,,,,-1,two_stage,2,0.5,"__confirm_cooldown=200,__confirm_rule=perm_test,__perm_alpha=0.01,__perm_min_effect=0,__perm_n_perm=200,__perm_post_n=10,__perm_pre_n=500,__perm_rng_seed=0,__perm_stat=vote_score,divergence=0.3,error_rate=0.5,teacher_entropy=0.2",3,0,200,0.0,0,10000,10.0,25.0,200,500,1,72,1.0,0.6686797752808988,0.32825131168170285,0.16666666666666666,0.6738575100898743,0.0010846235090866685,0,0,81,80,-1,perm_test,0.004975124378109453,0.445887467193912,80,80,0,0.0,0.16666666666666666,0,0.0,0.0,0.0,0.0,0,none,0,1,0,overconfident,0.95,0,mild_drift,0.9515038930522907,0.0013888373579108567,0.7619259746655244,0.8492925583650847,1768220039.0316772,0.5602937340736389,0.004361059051007032
446,28544,28543,sine_abrupt4,sine,ts_drift_adapt,5,"error_divergence_ph_meta@error.threshold=0.10,error.min_instances=5",error_divergence_ph_meta,"{""divergence"": {""alpha"": 0.1, ""delta"": 0.005, ""min_instances"": 30, ""threshold"": 0.05}, ""error_rate"": {""alpha"": 0.15, ""delta"": 0.005, ""min_instances"": 5, ""threshold"": 0.1}}","{""error_rate"": {""min_instances"": 5, ""threshold"": 0.1}}",0.1,0.005,0.15,5,0.05,0.005,0.1,30,,,,-1,two_stage,2,0.5,"__confirm_cooldown=200,__confirm_rule=perm_test,__perm_alpha=0.01,__perm_min_effect=0,__perm_n_perm=200,__perm_post_n=10,__perm_pre_n=500,__perm_rng_seed=0,__perm_stat=vote_score,divergence=0.3,error_rate=0.5,teacher_entropy=0.2",3,0,200,0.0,0,10000,10.0,25.0,200,500,1,8,1.0,0.6686168721973094,0.32811345698400807,0.5,0.6748732328414917,0.0009549513342790306,0,0,81,80,-1,perm_test,0.004975124378109453,0.445887467193912,80,80,0,0.0,0.33333333333333337,0,0.0,0.0,0.0,0.0,0,none,0,1,0,overconfident,0.95,0,mild_drift,0.9559019465261454,0.0013444186789554283,0.7809629873327621,0.8521462791825423,1768220039.0400481,0.6514811515808105,0.003823454026132822
447,28608,28607,sine_abrupt4,sine,ts_drift_adapt,5,"error_divergence_ph_meta@error.threshold=0.10,error.min_instances=5",error_divergence_ph_meta,"{""divergence"": {""alpha"": 0.1, ""delta"": 0.005, ""min_instances"": 30, ""threshold"": 0.05}, ""error_rate"": {""alpha"": 0.15, ""delta"": 0.005, ""min_instances"": 5, ""threshold"": 0.1}}","{""error_rate"": {""min_instances"": 5, ""threshold"": 0.1}}",0.1,0.005,0.15,5,0.05,0.005,0.1,30,,,,-1,two_stage,2,0.5,"__confirm_cooldown=200,__confirm_rule=perm_test,__perm_alpha=0.01,__perm_min_effect=0,__perm_n_perm=200,__perm_post_n=10,__perm_pre_n=500,__perm_rng_seed=0,__perm_stat=vote_score,divergence=0.3,error_rate=0.5,teacher_entropy=0.2",3,0,200,0.0,0,10000,10.0,25.0,200,500,0,0,1.0,0.6689737136465325,0.32876525555977726,0.3333333333333333,0.675212025642395,0.0015044721076264977,0,0,81,80,-1,perm_test,0.004975124378109453,0.445887467193912,80,80,0,0.0,0.16666666666666669,0,0.0,0.0,0.0,0.0,0,none,0,1,0,overconfident,0.95,0,mild_drift,0.9581009732630726,0.0013222093394777141,0.7904814936663811,0.8535731395912711,1768220039.0486095,0.6138258576393127,0.006028281059116125
448,28672,28671,sine_abrupt4,sine,ts_drift_adapt,5,"error_divergence_ph_meta@error.threshold=0.10,error.min_instances=5",error_divergence_ph_meta,"{""divergence"": {""alpha"": 0.1, ""delta"": 0.005, ""min_instances"": 30, ""threshold"": 0.05}, ""error_rate"": {""alpha"": 0.15, ""delta"": 0.005, ""min_instances"": 5, ""threshold"": 0.1}}","{""error_rate"": {""min_instances"": 5, ""threshold"": 0.1}}",0.1,0.005,0.15,5,0.05,0.005,0.1,30,,,,-1,two_stage,2,0.5,"__confirm_cooldown=200,__confirm_rule=perm_test,__perm_alpha=0.01,__perm_min_effect=0,__perm_n_perm=200,__perm_post_n=10,__perm_pre_n=500,__perm_rng_seed=0,__perm_stat=vote_score,divergence=0.3,error_rate=0.5,teacher_entropy=0.2",3,0,200,0.0,0,10000,10.0,25.0,200,500,0,0,1.0,0.6689801897321429,0.3286664153817624,0.3333333333333333,0.6739375591278076,0.001496407319791615,1,1,82,81,0,perm_test,0.004975124378109453,0.4343033404252412,81,81,0,0.16666666666666666,8.064787834882736e-06,1,0.5,0.0,0.0,0.0,0,none,1,1,0,overconfident,0.95,0,severe_drift,0.9245504866315364,0.001661104669738857,0.6452407468331905,0.8317865697956356,1768220039.0633502,0.6217730045318604,0.005998126231133938
449,28736,28735,sine_abrupt4,sine,ts_drift_adapt,5,"error_divergence_ph_meta@error.threshold=0.10,error.min_instances=5",error_divergence_ph_meta,"{""divergence"": {""alpha"": 0.1, ""delta"": 0.005, ""min_instances"": 30, ""threshold"": 0.05}, ""error_rate"": {""alpha"": 0.15, ""delta"": 0.005, ""min_instances"": 5, ""threshold"": 0.1}}","{""error_rate"": {""min_instances"": 5, ""threshold"": 0.1}}",0.1,0.005,0.15,5,0.05,0.005,0.1,30,,,,-1,two_stage,2,0.5,"__confirm_cooldown=200,__confirm_rule=perm_test,__perm_alpha=0.01,__perm_min_effect=0,__perm_n_perm=200,__perm_post_n=10,__perm_pre_n=500,__perm_rng_seed=0,__perm_stat=vote_score,divergence=0.3,error_rate=0.5,teacher_entropy=0.2",3,0,200,0.0,0,10000,10.0,25.0,200,500,1,136,1.0,0.6693694320712695,0.3293832207074192,0.0,0.6763216853141785,0.0015599892940372229,0,0,82,81,-1,perm_test,0.004975124378109453,0.4343033404252412,81,81,0,0.0,0.3333333333333333,0,0.0,0.0,0.0,0.0,0,none,0,1,0,overconfident,0.95,0,mild_drift,0.9424252433157682,0.0014805523348694286,0.7226203734165952,0.8433932848978178,1768220039.071918,0.610297679901123,0.006270692218095064
450,28800,28799,sine_abrupt4,sine,ts_drift_adapt,5,"error_divergence_ph_meta@error.threshold=0.10,error.min_instances=5",error_divergence_ph_meta,"{""divergence"": {""alpha"": 0.1, ""delta"": 0.005, ""min_instances"": 30, ""threshold"": 0.05}, ""error_rate"": {""alpha"": 0.15, ""delta"": 0.005, ""min_instances"": 5, ""threshold"": 0.1}}","{""error_rate"": {""min_instances"": 5, ""threshold"": 0.1}}",0.1,0.005,0.15,5,0.05,0.005,0.1,30,,,,-1,two_stage,2,0.5,"__confirm_cooldown=200,__confirm_rule=perm_test,__perm_alpha=0.01,__perm_min_effect=0,__perm_n_perm=200,__perm_post_n=10,__perm_pre_n=500,__perm_rng_seed=0,__perm_stat=vote_score,divergence=0.3,error_rate=0.5,teacher_entropy=0.2",3,0,200,0.0,0,10000,10.0,25.0,200,500,1,72,1.0,0.6695138888888889,0.32953815274747,0.3333333333333333,0.6735217571258545,0.0016246818704530597,0,0,82,81,-1,perm_test,0.004975124378109453,0.4343033404252412,81,81,0,0.0,0.3333333333333333,0,0.0,0.0,0.0,0.0,0,none,0,1,0,overconfident,0.95,0,mild_drift,0.9513626216578841,0.0013902761674347143,0.7613101867082976,0.8491966424489089,1768220039.0801442,0.6607546806335449,0.006518999580293894
451,28864,28863,sine_abrupt4,sine,ts_drift_adapt,5,"error_divergence_ph_meta@error.threshold=0.10,error.min_instances=5",error_divergence_ph_meta,"{""divergence"": {""alpha"": 0.1, ""delta"": 0.005, ""min_instances"": 30, ""threshold"": 0.05}, ""error_rate"": {""alpha"": 0.15, ""delta"": 0.005, ""min_instances"": 5, ""threshold"": 0.1}}","{""error_rate"": {""min_instances"": 5, ""threshold"": 0.1}}",0.1,0.005,0.15,5,0.05,0.005,0.1,30,,,,-1,two_stage,2,0.5,"__confirm_cooldown=200,__confirm_rule=perm_test,__perm_alpha=0.01,__perm_min_effect=0,__perm_n_perm=200,__perm_post_n=10,__perm_pre_n=500,__perm_rng_seed=0,__perm_stat=vote_score,divergence=0.3,error_rate=0.5,teacher_entropy=0.2",3,0,200,0.0,0,10000,10.0,25.0,200,500,1,8,1.0,0.6697962860310421,0.33000733930443465,0.16666666666666666,0.6755707859992981,0.0022817454300820827,0,0,82,81,-1,perm_test,0.004975124378109453,0.4343033404252412,81,81,0,0.0,0.16666666666666666,0,0.0,0.0,0.0,0.0,0,none,0,1,0,overconfident,0.95,0,mild_drift,0.955831310828942,0.0013451380837173573,0.7806550933541488,0.8520983212244544,1768220039.0885432,0.5558684468269348,0.00917493924498558
452,28928,28927,sine_abrupt4,sine,ts_drift_adapt,5,"error_divergence_ph_meta@error.threshold=0.10,error.min_instances=5",error_divergence_ph_meta,"{""divergence"": {""alpha"": 0.1, ""delta"": 0.005, ""min_instances"": 30, ""threshold"": 0.05}, ""error_rate"": {""alpha"": 0.15, ""delta"": 0.005, ""min_instances"": 5, ""threshold"": 0.1}}","{""error_rate"": {""min_instances"": 5, ""threshold"": 0.1}}",0.1,0.005,0.15,5,0.05,0.005,0.1,30,,,,-1,two_stage,2,0.5,"__confirm_cooldown=200,__confirm_rule=perm_test,__perm_alpha=0.01,__perm_min_effect=0,__perm_n_perm=200,__perm_post_n=10,__perm_pre_n=500,__perm_rng_seed=0,__perm_stat=vote_score,divergence=0.3,error_rate=0.5,teacher_entropy=0.2",3,0,200,0.0,0,10000,10.0,25.0,200,500,0,0,1.0,0.6699391592920354,0.3303081053328976,0.16666666666666666,0.6779761910438538,0.0021298674400895834,0,0,82,81,-1,perm_test,0.004975124378109453,0.4343033404252412,81,81,0,0.0,0.00015187798999249935,0,0.0,0.0,0.0,0.0,0,none,0,1,0,overconfident,0.95,0,mild_drift,0.958065655414471,0.0013225690418586789,0.7903275466770745,0.8535491606122272,1768220039.097029,0.528893232345581,0.00854603573679924
453,28992,28991,sine_abrupt4,sine,ts_drift_adapt,5,"error_divergence_ph_meta@error.threshold=0.10,error.min_instances=5",error_divergence_ph_meta,"{""divergence"": {""alpha"": 0.1, ""delta"": 0.005, ""min_instances"": 30, ""threshold"": 0.05}, ""error_rate"": {""alpha"": 0.15, ""delta"": 0.005, ""min_instances"": 5, ""threshold"": 0.1}}","{""error_rate"": {""min_instances"": 5, ""threshold"": 0.1}}",0.1,0.005,0.15,5,0.05,0.005,0.1,30,,,,-1,two_stage,2,0.5,"__confirm_cooldown=200,__confirm_rule=perm_test,__perm_alpha=0.01,__perm_min_effect=0,__perm_n_perm=200,__perm_post_n=10,__perm_pre_n=500,__perm_rng_seed=0,__perm_stat=vote_score,divergence=0.3,error_rate=0.5,teacher_entropy=0.2",3,0,200,0.0,0,10000,10.0,25.0,200,500,0,0,1.0,0.6703918322295805,0.3310583853778371,0.16666666666666666,0.6747156977653503,0.0019006255315616727,1,1,83,82,0,perm_test,0.004975124378109453,0.4171602854538112,82,82,0,0.16666666666666666,0.0002292419085279107,1,0.5,0.0,0.0,0.0,0,none,1,1,0,overconfident,0.95,0,severe_drift,0.9245328277072355,0.0016612845209293394,0.6451637733385372,0.8317745803061136,1768220039.111816,0.6798650622367859,0.007664076052606106
454,29056,29055,sine_abrupt4,sine,ts_drift_adapt,5,"error_divergence_ph_meta@error.threshold=0.10,error.min_instances=5",error_divergence_ph_meta,"{""divergence"": {""alpha"": 0.1, ""delta"": 0.005, ""min_instances"": 30, ""threshold"": 0.05}, ""error_rate"": {""alpha"": 0.15, ""delta"": 0.005, ""min_instances"": 5, ""threshold"": 0.1}}","{""error_rate"": {""min_instances"": 5, ""threshold"": 0.1}}",0.1,0.005,0.15,5,0.05,0.005,0.1,30,,,,-1,two_stage,2,0.5,"__confirm_cooldown=200,__confirm_rule=perm_test,__perm_alpha=0.01,__perm_min_effect=0,__perm_n_perm=200,__perm_post_n=10,__perm_pre_n=500,__perm_rng_seed=0,__perm_stat=vote_score,divergence=0.3,error_rate=0.5,teacher_entropy=0.2",3,0,200,0.0,0,10000,10.0,25.0,200,500,1,136,1.0,0.670704845814978,0.3315933321085006,0.16666666666666666,0.6752758622169495,0.002215433632954955,0,0,83,82,-1,perm_test,0.004975124378109453,0.4171602854538112,82,82,0,0.0,0.0003148081013932824,0,0.0,0.0,0.0,0.0,0,none,0,1,0,overconfident,0.95,0,mild_drift,0.9424164138536177,0.0014806422604646697,0.7225818866692686,0.8433872901530568,1768220039.1201391,0.5570594668388367,0.008913947269320488
455,29120,29119,sine_abrupt4,sine,ts_drift_adapt,5,"error_divergence_ph_meta@error.threshold=0.10,error.min_instances=5",error_divergence_ph_meta,"{""divergence"": {""alpha"": 0.1, ""delta"": 0.005, ""min_instances"": 30, ""threshold"": 0.05}, ""error_rate"": {""alpha"": 0.15, ""delta"": 0.005, ""min_instances"": 5, ""threshold"": 0.1}}","{""error_rate"": {""min_instances"": 5, ""threshold"": 0.1}}",0.1,0.005,0.15,5,0.05,0.005,0.1,30,,,,-1,two_stage,2,0.5,"__confirm_cooldown=200,__confirm_rule=perm_test,__perm_alpha=0.01,__perm_min_effect=0,__perm_n_perm=200,__perm_post_n=10,__perm_pre_n=500,__perm_rng_seed=0,__perm_stat=vote_score,divergence=0.3,error_rate=0.5,teacher_entropy=0.2",3,0,200,0.0,0,10000,10.0,25.0,200,500,1,72,1.0,0.6708791208791208,0.331940380697789,0.3333333333333333,0.6783062219619751,0.001373811042867601,0,0,83,82,-1,perm_test,0.004975124378109453,0.4171602854538112,82,82,0,0.0,0.16666666666666666,0,0.0,0.0,0.0,0.0,0,none,0,1,0,overconfident,0.95,0,mild_drift,0.9513582069268088,0.0013903211302323348,0.7612909433346343,0.8491936450765284,1768220039.1284266,0.5876107811927795,0.00552380783483386
456,29184,29183,sine_abrupt4,sine,ts_drift_adapt,5,"error_divergence_ph_meta@error.threshold=0.10,error.min_instances=5",error_divergence_ph_meta,"{""divergence"": {""alpha"": 0.1, ""delta"": 0.005, ""min_instances"": 30, ""threshold"": 0.05}, ""error_rate"": {""alpha"": 0.15, ""delta"": 0.005, ""min_instances"": 5, ""threshold"": 0.1}}","{""error_rate"": {""min_instances"": 5, ""threshold"": 0.1}}",0.1,0.005,0.15,5,0.05,0.005,0.1,30,,,,-1,two_stage,2,0.5,"__confirm_cooldown=200,__confirm_rule=perm_test,__perm_alpha=0.01,__perm_min_effect=0,__perm_n_perm=200,__perm_post_n=10,__perm_pre_n=500,__perm_rng_seed=0,__perm_stat=vote_score,divergence=0.3,error_rate=0.5,teacher_entropy=0.2",3,0,200,0.0,0,10000,10.0,25.0,200,500,1,8,1.0,0.671155427631579,0.3325828847392401,0.16666666666666666,0.6816712021827698,0.0022007706575095654,0,0,83,82,-1,perm_test,0.004975124378109453,0.4171602854538112,82,82,0,0.0,0.16666666666666666,0,0.0,0.0,0.0,0.0,0,none,0,1,0,overconfident,0.95,0,mild_drift,0.9558291034634043,0.0013451605651161676,0.7806454716673172,0.8520968225382641,1768220039.1367586,0.5834905505180359,0.008857306092977524
457,29248,29247,sine_abrupt4,sine,ts_drift_adapt,5,"error_divergence_ph_meta@error.threshold=0.10,error.min_instances=5",error_divergence_ph_meta,"{""divergence"": {""alpha"": 0.1, ""delta"": 0.005, ""min_instances"": 30, ""threshold"": 0.05}, ""error_rate"": {""alpha"": 0.15, ""delta"": 0.005, ""min_instances"": 5, ""threshold"": 0.1}}","{""error_rate"": {""min_instances"": 5, ""threshold"": 0.1}}",0.1,0.005,0.15,5,0.05,0.005,0.1,30,,,,-1,two_stage,2,0.5,"__confirm_cooldown=200,__confirm_rule=perm_test,__perm_alpha=0.01,__perm_min_effect=0,__perm_n_perm=200,__perm_post_n=10,__perm_pre_n=500,__perm_rng_seed=0,__perm_stat=vote_score,divergence=0.3,error_rate=0.5,teacher_entropy=0.2",3,0,200,0.0,0,10000,10.0,25.0,200,500,0,0,1.0,0.6715330962800875,0.33330297530736497,0.3333333333333333,0.6779401898384094,0.0017856503836810589,0,0,83,82,-1,perm_test,0.004975124378109453,0.4171602854538112,82,82,0,0.0,0.16666666666666666,0,0.0,0.0,0.0,0.0,0,none,0,1,0,overconfident,0.95,0,mild_drift,0.9580645517317021,0.001322580282558084,0.7903227358336586,0.8535484112691321,1768220039.1454167,0.5706117749214172,0.007239451631903648
458,29312,29311,sine_abrupt4,sine,ts_drift_adapt,5,"error_divergence_ph_meta@error.threshold=0.10,error.min_instances=5",error_divergence_ph_meta,"{""divergence"": {""alpha"": 0.1, ""delta"": 0.005, ""min_instances"": 30, ""threshold"": 0.05}, ""error_rate"": {""alpha"": 0.15, ""delta"": 0.005, ""min_instances"": 5, ""threshold"": 0.1}}","{""error_rate"": {""min_instances"": 5, ""threshold"": 0.1}}",0.1,0.005,0.15,5,0.05,0.005,0.1,30,,,,-1,two_stage,2,0.5,"__confirm_cooldown=200,__confirm_rule=perm_test,__perm_alpha=0.01,__perm_min_effect=0,__perm_n_perm=200,__perm_post_n=10,__perm_pre_n=500,__perm_rng_seed=0,__perm_stat=vote_score,divergence=0.3,error_rate=0.5,teacher_entropy=0.2",3,0,200,0.0,0,10000,10.0,25.0,200,500,0,0,1.0,0.671875,0.3339688317252916,0.16666666666666666,0.6734954714775085,0.0016787684289738536,1,1,84,83,0,perm_test,0.004975124378109453,0.41950799701588226,83,83,0,0.0,0.16666666666666666,1,0.5,0.0,0.0,0.0,0,none,1,1,0,overconfident,0.95,0,stable,0.9740322758658511,0.001061290141279042,0.8951613679168293,0.8992742056345661,1768220039.1604853,0.5513527989387512,0.006799032911658287
459,29376,29375,sine_abrupt4,sine,ts_drift_adapt,5,"error_divergence_ph_meta@error.threshold=0.10,error.min_instances=5",error_divergence_ph_meta,"{""divergence"": {""alpha"": 0.1, ""delta"": 0.005, ""min_instances"": 30, ""threshold"": 0.05}, ""error_rate"": {""alpha"": 0.15, ""delta"": 0.005, ""min_instances"": 5, ""threshold"": 0.1}}","{""error_rate"": {""min_instances"": 5, ""threshold"": 0.1}}",0.1,0.005,0.15,5,0.05,0.005,0.1,30,,,,-1,two_stage,2,0.5,"__confirm_cooldown=200,__confirm_rule=perm_test,__perm_alpha=0.01,__perm_min_effect=0,__perm_n_perm=200,__perm_post_n=10,__perm_pre_n=500,__perm_rng_seed=0,__perm_stat=vote_score,divergence=0.3,error_rate=0.5,teacher_entropy=0.2",3,0,200,0.0,0,10000,10.0,25.0,200,500,1,136,1.0,0.6720792483660131,0.33443074323766514,0.0,0.6776904463768005,0.0019961479119956493,0,0,84,83,-1,perm_test,0.004975124378109453,0.41950799701588226,83,83,0,0.0,0.16666666666666666,0,0.0,0.0,0.0,0.0,0,none,0,1,0,overconfident,0.95,0,mild_drift,0.9671661379329255,0.001180645070639521,0.8475806839584147,0.877137102817283,1768220039.1690865,0.5212114453315735,0.00808462593704462
460,29440,29439,sine_abrupt4,sine,ts_drift_adapt,5,"error_divergence_ph_meta@error.threshold=0.10,error.min_instances=5",error_divergence_ph_meta,"{""divergence"": {""alpha"": 0.1, ""delta"": 0.005, ""min_instances"": 30, ""threshold"": 0.05}, ""error_rate"": {""alpha"": 0.15, ""delta"": 0.005, ""min_instances"": 5, ""threshold"": 0.1}}","{""error_rate"": {""min_instances"": 5, ""threshold"": 0.1}}",0.1,0.005,0.15,5,0.05,0.005,0.1,30,,,,-1,two_stage,2,0.5,"__confirm_cooldown=200,__confirm_rule=perm_test,__perm_alpha=0.01,__perm_min_effect=0,__perm_n_perm=200,__perm_post_n=10,__perm_pre_n=500,__perm_rng_seed=0,__perm_stat=vote_score,divergence=0.3,error_rate=0.5,teacher_entropy=0.2",3,0,200,0.0,0,10000,10.0,25.0,200,500,1,72,1.0,0.6723845108695652,0.3350598604147637,0.16666666666666666,0.6759985089302063,0.0019477809546515346,0,0,84,83,-1,perm_test,0.004975124378109453,0.41950799701588226,83,83,0,0.0,0.16666666666666666,0,0.0,0.0,0.0,0.0,0,none,0,1,0,overconfident,0.95,0,mild_drift,0.9637330689664627,0.0012403225353197606,0.8237903419792074,0.8660685514086415,1768220039.177419,0.5923064351081848,0.007923671044409275
461,29504,29503,sine_abrupt4,sine,ts_drift_adapt,5,"error_divergence_ph_meta@error.threshold=0.10,error.min_instances=5",error_divergence_ph_meta,"{""divergence"": {""alpha"": 0.1, ""delta"": 0.005, ""min_instances"": 30, ""threshold"": 0.05}, ""error_rate"": {""alpha"": 0.15, ""delta"": 0.005, ""min_instances"": 5, ""threshold"": 0.1}}","{""error_rate"": {""min_instances"": 5, ""threshold"": 0.1}}",0.1,0.005,0.15,5,0.05,0.005,0.1,30,,,,-1,two_stage,2,0.5,"__confirm_cooldown=200,__confirm_rule=perm_test,__perm_alpha=0.01,__perm_min_effect=0,__perm_n_perm=200,__perm_post_n=10,__perm_pre_n=500,__perm_rng_seed=0,__perm_stat=vote_score,divergence=0.3,error_rate=0.5,teacher_entropy=0.2",3,0,200,0.0,0,10000,10.0,25.0,200,500,1,8,1.0,0.6726206616052061,0.3356817947456686,0.16666666666666666,0.679355263710022,0.0017420498188585043,0,0,84,83,-1,perm_test,0.004975124378109453,0.41950799701588226,83,83,0,0.0,0.00020573113579303026,0,0.0,0.0,0.0,0.0,0,none,0,1,0,overconfident,0.95,0,mild_drift,0.9620165344832313,0.0012701612676598805,0.8118951709896037,0.8605342757043207,1768220039.1859117,0.49601802229881287,0.007038338575512171
462,29568,29567,sine_abrupt4,sine,ts_drift_adapt,5,"error_divergence_ph_meta@error.threshold=0.10,error.min_instances=5",error_divergence_ph_meta,"{""divergence"": {""alpha"": 0.1, ""delta"": 0.005, ""min_instances"": 30, ""threshold"": 0.05}, ""error_rate"": {""alpha"": 0.15, ""delta"": 0.005, ""min_instances"": 5, ""threshold"": 0.1}}","{""error_rate"": {""min_instances"": 5, ""threshold"": 0.1}}",0.1,0.005,0.15,5,0.05,0.005,0.1,30,,,,-1,two_stage,2,0.5,"__confirm_cooldown=200,__confirm_rule=perm_test,__perm_alpha=0.01,__perm_min_effect=0,__perm_n_perm=200,__perm_post_n=10,__perm_pre_n=500,__perm_rng_seed=0,__perm_stat=vote_score,divergence=0.3,error_rate=0.5,teacher_entropy=0.2",3,0,200,0.0,0,10000,10.0,25.0,200,500,0,0,1.0,0.6727881493506493,0.33607891367948084,0.3333333333333333,0.6774258613586426,0.0017817984335124493,0,0,84,83,-1,perm_test,0.004975124378109453,0.41950799701588226,83,83,0,0.0,0.16666666666666666,0,0.0,0.0,0.0,0.0,0,none,0,1,0,overconfident,0.95,0,mild_drift,0.9611582672416157,0.0012850806338299404,0.8059475854948019,0.8577671378521603,1768220039.1946182,0.6058315634727478,0.007207554765045643
463,29632,29631,sine_abrupt4,sine,ts_drift_adapt,5,"error_divergence_ph_meta@error.threshold=0.10,error.min_instances=5",error_divergence_ph_meta,"{""divergence"": {""alpha"": 0.1, ""delta"": 0.005, ""min_instances"": 30, ""threshold"": 0.05}, ""error_rate"": {""alpha"": 0.15, ""delta"": 0.005, ""min_instances"": 5, ""threshold"": 0.1}}","{""error_rate"": {""min_instances"": 5, ""threshold"": 0.1}}",0.1,0.005,0.15,5,0.05,0.005,0.1,30,,,,-1,two_stage,2,0.5,"__confirm_cooldown=200,__confirm_rule=perm_test,__perm_alpha=0.01,__perm_min_effect=0,__perm_n_perm=200,__perm_post_n=10,__perm_pre_n=500,__perm_rng_seed=0,__perm_stat=vote_score,divergence=0.3,error_rate=0.5,teacher_entropy=0.2",3,0,200,0.0,0,10000,10.0,25.0,200,500,0,0,1.0,0.6730224082073434,0.3365891152666756,0.16666666666666666,0.6762228608131409,0.0023461850360035896,1,1,85,84,0,perm_test,0.004975124378109453,0.42191855838106307,84,84,0,0.0,0.16666666666666666,1,0.5,0.0,0.0,0.0,0,none,1,1,0,overconfident,0.95,0,stable,0.9755791336208078,0.0010425403169149702,0.902973792747401,0.9013835689260802,1768220039.2097008,0.5775473713874817,0.009524412453174591
464,29696,29695,sine_abrupt4,sine,ts_drift_adapt,5,"error_divergence_ph_meta@error.threshold=0.10,error.min_instances=5",error_divergence_ph_meta,"{""divergence"": {""alpha"": 0.1, ""delta"": 0.005, ""min_instances"": 30, ""threshold"": 0.05}, ""error_rate"": {""alpha"": 0.15, ""delta"": 0.005, ""min_instances"": 5, ""threshold"": 0.1}}","{""error_rate"": {""min_instances"": 5, ""threshold"": 0.1}}",0.1,0.005,0.15,5,0.05,0.005,0.1,30,,,,-1,two_stage,2,0.5,"__confirm_cooldown=200,__confirm_rule=perm_test,__perm_alpha=0.01,__perm_min_effect=0,__perm_n_perm=200,__perm_post_n=10,__perm_pre_n=500,__perm_rng_seed=0,__perm_stat=vote_score,divergence=0.3,error_rate=0.5,teacher_entropy=0.2",3,0,200,0.0,0,10000,10.0,25.0,200,500,1,136,1.0,0.6736260775862069,0.33791108483288057,0.0,0.6756061911582947,0.0024794761557132006,0,0,85,84,-1,perm_test,0.004975124378109453,0.42191855838106307,84,84,0,0.0,0.16666666666666666,0,0.0,0.0,0.0,0.0,0,none,0,1,0,overconfident,0.95,0,mild_drift,0.9679395668104038,0.0011712701584574853,0.8514868963737006,0.87819178446304,1768220039.2181654,0.4737159311771393,0.010059845633804798
465,29760,29759,sine_abrupt4,sine,ts_drift_adapt,5,"error_divergence_ph_meta@error.threshold=0.10,error.min_instances=5",error_divergence_ph_meta,"{""divergence"": {""alpha"": 0.1, ""delta"": 0.005, ""min_instances"": 30, ""threshold"": 0.05}, ""error_rate"": {""alpha"": 0.15, ""delta"": 0.005, ""min_instances"": 5, ""threshold"": 0.1}}","{""error_rate"": {""min_instances"": 5, ""threshold"": 0.1}}",0.1,0.005,0.15,5,0.05,0.005,0.1,30,,,,-1,two_stage,2,0.5,"__confirm_cooldown=200,__confirm_rule=perm_test,__perm_alpha=0.01,__perm_min_effect=0,__perm_n_perm=200,__perm_post_n=10,__perm_pre_n=500,__perm_rng_seed=0,__perm_stat=vote_score,divergence=0.3,error_rate=0.5,teacher_entropy=0.2",3,0,200,0.0,0,10000,10.0,25.0,200,500,1,72,1.0,0.6737903225806452,0.33824618047945476,0.0,0.6750026345252991,0.0021872310899198055,0,0,85,84,-1,perm_test,0.004975124378109453,0.42191855838106307,84,84,0,0.0,0.00029224506579339504,0,0.0,0.0,0.0,0.0,0,none,0,1,0,overconfident,0.95,0,mild_drift,0.9641197834052019,0.0012356350792287426,0.8257434481868503,0.86659589223152,1768220039.2265394,0.45752373337745667,0.009001463651657104
466,29824,29823,sine_abrupt4,sine,ts_drift_adapt,5,"error_divergence_ph_meta@error.threshold=0.10,error.min_instances=5",error_divergence_ph_meta,"{""divergence"": {""alpha"": 0.1, ""delta"": 0.005, ""min_instances"": 30, ""threshold"": 0.05}, ""error_rate"": {""alpha"": 0.15, ""delta"": 0.005, ""min_instances"": 5, ""threshold"": 0.1}}","{""error_rate"": {""min_instances"": 5, ""threshold"": 0.1}}",0.1,0.005,0.15,5,0.05,0.005,0.1,30,,,,-1,two_stage,2,0.5,"__confirm_cooldown=200,__confirm_rule=perm_test,__perm_alpha=0.01,__perm_min_effect=0,__perm_n_perm=200,__perm_post_n=10,__perm_pre_n=500,__perm_rng_seed=0,__perm_stat=vote_score,divergence=0.3,error_rate=0.5,teacher_entropy=0.2",3,0,200,0.0,0,10000,10.0,25.0,200,500,1,8,1.0,0.674155042918455,0.33887077909014357,0.5,0.6719724535942078,0.002894135657697916,0,0,85,84,-1,perm_test,0.004975124378109453,0.42191855838106307,84,84,0,0.0,0.5,0,0.0,0.0,0.0,0.0,0,none,0,1,0,overconfident,0.95,0,mild_drift,0.962209891702601,0.0012678175396143715,0.8128717240934251,0.86079794611576,1768220039.2349699,0.6886003017425537,0.011938524432480335
467,29888,29887,sine_abrupt4,sine,ts_drift_adapt,5,"error_divergence_ph_meta@error.threshold=0.10,error.min_instances=5",error_divergence_ph_meta,"{""divergence"": {""alpha"": 0.1, ""delta"": 0.005, ""min_instances"": 30, ""threshold"": 0.05}, ""error_rate"": {""alpha"": 0.15, ""delta"": 0.005, ""min_instances"": 5, ""threshold"": 0.1}}","{""error_rate"": {""min_instances"": 5, ""threshold"": 0.1}}",0.1,0.005,0.15,5,0.05,0.005,0.1,30,,,,-1,two_stage,2,0.5,"__confirm_cooldown=200,__confirm_rule=perm_test,__perm_alpha=0.01,__perm_min_effect=0,__perm_n_perm=200,__perm_post_n=10,__perm_pre_n=500,__perm_rng_seed=0,__perm_stat=vote_score,divergence=0.3,error_rate=0.5,teacher_entropy=0.2",3,0,200,0.0,0,10000,10.0,25.0,200,500,0,0,1.0,0.6743843683083511,0.33943660538227477,0.16666666666666666,0.6764973402023315,0.002450203290209174,0,0,85,84,-1,perm_test,0.004975124378109453,0.42191855838106307,84,84,0,0.0,0.33333333333333337,0,0.0,0.0,0.0,0.0,0,none,0,1,0,overconfident,0.95,0,mild_drift,0.9612549458513004,0.0012839087698071857,0.8064358620467126,0.85789897305788,1768220039.2434933,0.5342085361480713,0.010034757666289806
468,29952,29951,sine_abrupt4,sine,ts_drift_adapt,5,"error_divergence_ph_meta@error.threshold=0.10,error.min_instances=5",error_divergence_ph_meta,"{""divergence"": {""alpha"": 0.1, ""delta"": 0.005, ""min_instances"": 30, ""threshold"": 0.05}, ""error_rate"": {""alpha"": 0.15, ""delta"": 0.005, ""min_instances"": 5, ""threshold"": 0.1}}","{""error_rate"": {""min_instances"": 5, ""threshold"": 0.1}}",0.1,0.005,0.15,5,0.05,0.005,0.1,30,,,,-1,two_stage,2,0.5,"__confirm_cooldown=200,__confirm_rule=perm_test,__perm_alpha=0.01,__perm_min_effect=0,__perm_n_perm=200,__perm_post_n=10,__perm_pre_n=500,__perm_rng_seed=0,__perm_stat=vote_score,divergence=0.3,error_rate=0.5,teacher_entropy=0.2",3,0,200,0.0,0,10000,10.0,25.0,200,500,0,0,1.0,0.6745793269230769,0.33982976117841984,0.3333333333333333,0.6713922619819641,0.0024789045564830303,1,1,86,85,0,perm_test,0.004975124378109453,0.40306639514917963,85,85,0,0.16666666666666666,0.16666666666666666,1,0.5,0.0,0.0,0.0,0,none,1,1,0,overconfident,0.95,0,severe_drift,0.9261274729256502,0.0016419543849035929,0.6532179310233563,0.8339494865289401,1768220039.2583437,0.5741130709648132,0.010133353061974049
469,30016,30015,sine_abrupt4,sine,ts_drift_adapt,5,"error_divergence_ph_meta@error.threshold=0.10,error.min_instances=5",error_divergence_ph_meta,"{""divergence"": {""alpha"": 0.1, ""delta"": 0.005, ""min_instances"": 30, ""threshold"": 0.05}, ""error_rate"": {""alpha"": 0.15, ""delta"": 0.005, ""min_instances"": 5, ""threshold"": 0.1}}","{""error_rate"": {""min_instances"": 5, ""threshold"": 0.1}}",0.1,0.005,0.15,5,0.05,0.005,0.1,30,,,,-1,two_stage,2,0.5,"__confirm_cooldown=200,__confirm_rule=perm_test,__perm_alpha=0.01,__perm_min_effect=0,__perm_n_perm=200,__perm_post_n=10,__perm_pre_n=500,__perm_rng_seed=0,__perm_stat=vote_score,divergence=0.3,error_rate=0.5,teacher_entropy=0.2",3,0,200,0.0,0,10000,10.0,25.0,200,500,1,136,1.0,0.6745735607675906,0.3399191891464662,0.6666666666666666,0.6713167428970337,0.002440723590552807,0,0,86,85,-1,perm_test,0.004975124378109453,0.40306639514917963,85,85,0,0.0,0.3333333333333333,0,0.0,0.0,0.0,0.0,0,none,0,1,0,overconfident,0.95,0,mild_drift,0.943213736462825,0.0014709771924517965,0.7266089655116782,0.84447474326447,1768220039.2686665,0.8769894242286682,0.009908941574394703
470,30080,30079,sine_abrupt4,sine,ts_drift_adapt,5,"error_divergence_ph_meta@error.threshold=0.10,error.min_instances=5",error_divergence_ph_meta,"{""divergence"": {""alpha"": 0.1, ""delta"": 0.005, ""min_instances"": 30, ""threshold"": 0.05}, ""error_rate"": {""alpha"": 0.15, ""delta"": 0.005, ""min_instances"": 5, ""threshold"": 0.1}}","{""error_rate"": {""min_instances"": 5, ""threshold"": 0.1}}",0.1,0.005,0.15,5,0.05,0.005,0.1,30,,,,-1,two_stage,2,0.5,"__confirm_cooldown=200,__confirm_rule=perm_test,__perm_alpha=0.01,__perm_min_effect=0,__perm_n_perm=200,__perm_post_n=10,__perm_pre_n=500,__perm_rng_seed=0,__perm_stat=vote_score,divergence=0.3,error_rate=0.5,teacher_entropy=0.2",3,0,200,0.0,0,10000,10.0,25.0,200,500,1,72,1.0,0.6734042553191489,0.3376810915639676,1.0,0.6646783351898193,0.0025549763813614845,0,0,86,85,-1,perm_test,0.004975124378109453,0.40306639514917963,85,85,0,0.0,0.33333333333333337,0,0.0,0.0,0.0,0.0,0,none,0,1,0,overconfident,0.95,0,mild_drift,0.9517568682314125,0.0013854885962258983,0.7633044827558391,0.849737371632235,1768220039.2774336,1.0379031896591187,0.010452724993228912
471,30144,30143,sine_abrupt4,sine,ts_drift_adapt,5,"error_divergence_ph_meta@error.threshold=0.10,error.min_instances=5",error_divergence_ph_meta,"{""divergence"": {""alpha"": 0.1, ""delta"": 0.005, ""min_instances"": 30, ""threshold"": 0.05}, ""error_rate"": {""alpha"": 0.15, ""delta"": 0.005, ""min_instances"": 5, ""threshold"": 0.1}}","{""error_rate"": {""min_instances"": 5, ""threshold"": 0.1}}",0.1,0.005,0.15,5,0.05,0.005,0.1,30,,,,-1,two_stage,2,0.5,"__confirm_cooldown=200,__confirm_rule=perm_test,__perm_alpha=0.01,__perm_min_effect=0,__perm_n_perm=200,__perm_post_n=10,__perm_pre_n=500,__perm_rng_seed=0,__perm_stat=vote_score,divergence=0.3,error_rate=0.5,teacher_entropy=0.2",3,0,200,0.0,0,10000,10.0,25.0,200,500,1,8,1.0,0.672306263269639,0.3357035778655955,0.8333333333333334,0.6630568504333496,0.00282112043350935,0,0,86,85,-1,perm_test,0.004975124378109453,0.40306639514917963,85,85,0,0.0,0.16666666666666663,0,0.0,0.0,0.0,0.0,0,none,0,1,0,overconfident,0.95,0,mild_drift,0.9560284341157061,0.0013427442981129491,0.7816522413779196,0.8523686858161175,1768220039.2870345,0.8823878169059753,0.011476507410407066
472,30208,30207,sine_abrupt4,sine,ts_drift_adapt,5,"error_divergence_ph_meta@error.threshold=0.10,error.min_instances=5",error_divergence_ph_meta,"{""divergence"": {""alpha"": 0.1, ""delta"": 0.005, ""min_instances"": 30, ""threshold"": 0.05}, ""error_rate"": {""alpha"": 0.15, ""delta"": 0.005, ""min_instances"": 5, ""threshold"": 0.1}}","{""error_rate"": {""min_instances"": 5, ""threshold"": 0.1}}",0.1,0.005,0.15,5,0.05,0.005,0.1,30,,,,-1,two_stage,2,0.5,"__confirm_cooldown=200,__confirm_rule=perm_test,__perm_alpha=0.01,__perm_min_effect=0,__perm_n_perm=200,__perm_post_n=10,__perm_pre_n=500,__perm_rng_seed=0,__perm_stat=vote_score,divergence=0.3,error_rate=0.5,teacher_entropy=0.2",3,0,200,0.0,0,10000,10.0,25.0,200,500,0,0,1.0,0.6714115466101694,0.334172571512273,0.8333333333333334,0.6569139361381531,0.0028882420156151056,0,0,86,85,-1,perm_test,0.004975124378109453,0.40306639514917963,85,85,0,0.0,6.71215821057558e-05,0,0.0,0.0,0.0,0.0,0,none,0,1,0,overconfident,0.95,0,mild_drift,0.958164217057853,0.0013213721490564745,0.7908261206889597,0.8536843429080587,1768220039.2954454,1.0855504274368286,0.011701864190399647
473,30272,30271,sine_abrupt4,sine,ts_drift_adapt,5,"error_divergence_ph_meta@error.threshold=0.10,error.min_instances=5",error_divergence_ph_meta,"{""divergence"": {""alpha"": 0.1, ""delta"": 0.005, ""min_instances"": 30, ""threshold"": 0.05}, ""error_rate"": {""alpha"": 0.15, ""delta"": 0.005, ""min_instances"": 5, ""threshold"": 0.1}}","{""error_rate"": {""min_instances"": 5, ""threshold"": 0.1}}",0.1,0.005,0.15,5,0.05,0.005,0.1,30,,,,-1,two_stage,2,0.5,"__confirm_cooldown=200,__confirm_rule=perm_test,__perm_alpha=0.01,__perm_min_effect=0,__perm_n_perm=200,__perm_post_n=10,__perm_pre_n=500,__perm_rng_seed=0,__perm_stat=vote_score,divergence=0.3,error_rate=0.5,teacher_entropy=0.2",3,0,200,0.0,0,10000,10.0,25.0,200,500,0,0,1.0,0.670421511627907,0.33235238998788413,0.8333333333333334,0.667211651802063,0.003811548464000225,1,1,87,86,0,perm_test,0.004975124378109453,0.4002414676470779,86,86,0,0.5,0.0009233064483851194,1,0.5,0.0,0.0,0.0,0,none,1,1,0,overconfident,0.95,0,severe_drift,0.9245821085289265,0.0016606860745282373,0.6454130603444799,0.8318421714540294,1768220039.310144,1.0264571905136108,0.015405990183353424
474,30336,30335,sine_abrupt4,sine,ts_drift_adapt,5,"error_divergence_ph_meta@error.threshold=0.10,error.min_instances=5",error_divergence_ph_meta,"{""divergence"": {""alpha"": 0.1, ""delta"": 0.005, ""min_instances"": 30, ""threshold"": 0.05}, ""error_rate"": {""alpha"": 0.15, ""delta"": 0.005, ""min_instances"": 5, ""threshold"": 0.1}}","{""error_rate"": {""min_instances"": 5, ""threshold"": 0.1}}",0.1,0.005,0.15,5,0.05,0.005,0.1,30,,,,-1,two_stage,2,0.5,"__confirm_cooldown=200,__confirm_rule=perm_test,__perm_alpha=0.01,__perm_min_effect=0,__perm_n_perm=200,__perm_post_n=10,__perm_pre_n=500,__perm_rng_seed=0,__perm_stat=vote_score,divergence=0.3,error_rate=0.5,teacher_entropy=0.2",3,0,200,0.0,0,10000,10.0,25.0,200,500,1,136,1.0,0.6692708333333334,0.33016377247949896,1.0,0.6683801412582397,0.003969178069382906,0,0,87,86,-1,perm_test,0.004975124378109453,0.4002414676470779,86,86,0,0.0,0.16666666666666663,0,0.0,0.0,0.0,0.0,0,none,0,1,0,overconfident,0.95,0,mild_drift,0.9424410542644632,0.0014803430372641187,0.72270653017224,0.8434210857270147,1768220039.31863,1.0115636587142944,0.016057828441262245
475,30400,30399,sine_abrupt4,sine,ts_drift_adapt,5,"error_divergence_ph_meta@error.threshold=0.10,error.min_instances=5",error_divergence_ph_meta,"{""divergence"": {""alpha"": 0.1, ""delta"": 0.005, ""min_instances"": 30, ""threshold"": 0.05}, ""error_rate"": {""alpha"": 0.15, ""delta"": 0.005, ""min_instances"": 5, ""threshold"": 0.1}}","{""error_rate"": {""min_instances"": 5, ""threshold"": 0.1}}",0.1,0.005,0.15,5,0.05,0.005,0.1,30,,,,-1,two_stage,2,0.5,"__confirm_cooldown=200,__confirm_rule=perm_test,__perm_alpha=0.01,__perm_min_effect=0,__perm_n_perm=200,__perm_post_n=10,__perm_pre_n=500,__perm_rng_seed=0,__perm_stat=vote_score,divergence=0.3,error_rate=0.5,teacher_entropy=0.2",3,0,200,0.0,0,10000,10.0,25.0,200,500,1,72,1.0,0.6682565789473685,0.3282139660342507,0.8333333333333334,0.6713972687721252,0.0031204321421682835,0,0,87,86,-1,perm_test,0.004975124378109453,0.4002414676470779,86,86,0,0.0,0.16666666666666663,0,0.0,0.0,0.0,0.0,0,none,0,1,0,overconfident,0.95,0,mild_drift,0.9513705271322316,0.0013901715186320595,0.76135326508612,0.8492105428635073,1768220039.3269236,0.8331252932548523,0.012576905079185963
476,30464,30463,sine_abrupt4,sine,ts_drift_adapt,5,"error_divergence_ph_meta@error.threshold=0.10,error.min_instances=5",error_divergence_ph_meta,"{""divergence"": {""alpha"": 0.1, ""delta"": 0.005, ""min_instances"": 30, ""threshold"": 0.05}, ""error_rate"": {""alpha"": 0.15, ""delta"": 0.005, ""min_instances"": 5, ""threshold"": 0.1}}","{""error_rate"": {""min_instances"": 5, ""threshold"": 0.1}}",0.1,0.005,0.15,5,0.05,0.005,0.1,30,,,,-1,two_stage,2,0.5,"__confirm_cooldown=200,__confirm_rule=perm_test,__perm_alpha=0.01,__perm_min_effect=0,__perm_n_perm=200,__perm_post_n=10,__perm_pre_n=500,__perm_rng_seed=0,__perm_stat=vote_score,divergence=0.3,error_rate=0.5,teacher_entropy=0.2",3,0,200,0.0,0,10000,10.0,25.0,200,500,1,8,1.0,0.6671481092436975,0.32609033222881556,0.8333333333333334,0.6679373979568481,0.0034563431981951,0,0,87,86,-1,perm_test,0.004975124378109453,0.4002414676470779,86,86,0,0.0,0.00033591105602681637,0,0.0,0.0,0.0,0.0,0,none,0,1,0,overconfident,0.95,0,mild_drift,0.9558352635661158,0.00134508575931603,0.7806766325430601,0.8521052714317536,1768220039.3354461,0.8772556185722351,0.013934400863945484
477,30528,30527,sine_abrupt4,sine,ts_drift_adapt,5,"error_divergence_ph_meta@error.threshold=0.10,error.min_instances=5",error_divergence_ph_meta,"{""divergence"": {""alpha"": 0.1, ""delta"": 0.005, ""min_instances"": 30, ""threshold"": 0.05}, ""error_rate"": {""alpha"": 0.15, ""delta"": 0.005, ""min_instances"": 5, ""threshold"": 0.1}}","{""error_rate"": {""min_instances"": 5, ""threshold"": 0.1}}",0.1,0.005,0.15,5,0.05,0.005,0.1,30,,,,-1,two_stage,2,0.5,"__confirm_cooldown=200,__confirm_rule=perm_test,__perm_alpha=0.01,__perm_min_effect=0,__perm_n_perm=200,__perm_post_n=10,__perm_pre_n=500,__perm_rng_seed=0,__perm_stat=vote_score,divergence=0.3,error_rate=0.5,teacher_entropy=0.2",3,0,200,0.0,0,10000,10.0,25.0,200,500,0,0,1.0,0.6663718553459119,0.3247056775942017,0.5,0.6797685027122498,0.004005888011306524,0,0,87,86,-1,perm_test,0.004975124378109453,0.4002414676470779,86,86,0,0.0,0.33333333333333337,0,0.0,0.0,0.0,0.0,0,none,0,1,0,overconfident,0.95,0,mild_drift,0.9580676317830579,0.0013225428796580152,0.7903383162715301,0.8535526357158768,1768220039.3440766,0.6992042064666748,0.016156179830431938
478,30592,30591,sine_abrupt4,sine,ts_drift_adapt,5,"error_divergence_ph_meta@error.threshold=0.10,error.min_instances=5",error_divergence_ph_meta,"{""divergence"": {""alpha"": 0.1, ""delta"": 0.005, ""min_instances"": 30, ""threshold"": 0.05}, ""error_rate"": {""alpha"": 0.15, ""delta"": 0.005, ""min_instances"": 5, ""threshold"": 0.1}}","{""error_rate"": {""min_instances"": 5, ""threshold"": 0.1}}",0.1,0.005,0.15,5,0.05,0.005,0.1,30,,,,-1,two_stage,2,0.5,"__confirm_cooldown=200,__confirm_rule=perm_test,__perm_alpha=0.01,__perm_min_effect=0,__perm_n_perm=200,__perm_post_n=10,__perm_pre_n=500,__perm_rng_seed=0,__perm_stat=vote_score,divergence=0.3,error_rate=0.5,teacher_entropy=0.2",3,0,200,0.0,0,10000,10.0,25.0,200,500,0,0,1.0,0.6654354079497908,0.3228794677516197,0.8333333333333334,0.6671350598335266,0.004378509242087603,1,1,88,87,0,perm_test,0.004975124378109453,0.43145578401750595,87,87,0,0.0,0.33333333333333337,1,0.5,0.0,0.0,0.0,0,none,1,1,0,overconfident,0.95,0,stable,0.9740338158915289,0.0010612714398290075,0.895169158135765,0.8992763178579384,1768220039.3588738,0.9777171015739441,0.01756708137691021
479,30656,30655,sine_abrupt4,sine,ts_drift_adapt,5,"error_divergence_ph_meta@error.threshold=0.10,error.min_instances=5",error_divergence_ph_meta,"{""divergence"": {""alpha"": 0.1, ""delta"": 0.005, ""min_instances"": 30, ""threshold"": 0.05}, ""error_rate"": {""alpha"": 0.15, ""delta"": 0.005, ""min_instances"": 5, ""threshold"": 0.1}}","{""error_rate"": {""min_instances"": 5, ""threshold"": 0.1}}",0.1,0.005,0.15,5,0.05,0.005,0.1,30,,,,-1,two_stage,2,0.5,"__confirm_cooldown=200,__confirm_rule=perm_test,__perm_alpha=0.01,__perm_min_effect=0,__perm_n_perm=200,__perm_post_n=10,__perm_pre_n=500,__perm_rng_seed=0,__perm_stat=vote_score,divergence=0.3,error_rate=0.5,teacher_entropy=0.2",3,0,200,0.0,0,10000,10.0,25.0,200,500,1,136,1.0,0.6644050104384134,0.32082208668325984,0.6666666666666666,0.6695366501808167,0.003761922474950552,0,0,88,87,-1,perm_test,0.004975124378109453,0.43145578401750595,87,87,0,0.0,0.16666666666666674,0,0.0,0.0,0.0,0.0,0,none,0,1,0,overconfident,0.95,0,mild_drift,0.9671669079457644,0.0011806357199145039,0.8475845790678825,0.8771381589289692,1768220039.3672533,0.7979006767272949,0.015065678395330906
480,30720,30719,sine_abrupt4,sine,ts_drift_adapt,5,"error_divergence_ph_meta@error.threshold=0.10,error.min_instances=5",error_divergence_ph_meta,"{""divergence"": {""alpha"": 0.1, ""delta"": 0.005, ""min_instances"": 30, ""threshold"": 0.05}, ""error_rate"": {""alpha"": 0.15, ""delta"": 0.005, ""min_instances"": 5, ""threshold"": 0.1}}","{""error_rate"": {""min_instances"": 5, ""threshold"": 0.1}}",0.1,0.005,0.15,5,0.05,0.005,0.1,30,,,,-1,two_stage,2,0.5,"__confirm_cooldown=200,__confirm_rule=perm_test,__perm_alpha=0.01,__perm_min_effect=0,__perm_n_perm=200,__perm_post_n=10,__perm_pre_n=500,__perm_rng_seed=0,__perm_stat=vote_score,divergence=0.3,error_rate=0.5,teacher_entropy=0.2",3,0,200,0.0,0,10000,10.0,25.0,200,500,1,72,1.0,0.6635416666666667,0.31917178030922905,0.5,0.6692360639572144,0.0044684032909572124,0,0,88,87,-1,perm_test,0.004975124378109453,0.43145578401750595,87,87,0,0.0,0.16666666666666663,0,0.0,0.0,0.0,0.0,0,none,0,1,0,overconfident,0.95,0,mild_drift,0.9637334539728821,0.001240317859957252,0.8237922895339413,0.8660690794644845,1768220039.3758528,0.7351704239845276,0.01789451390504837
481,30784,30783,sine_abrupt4,sine,ts_drift_adapt,5,"error_divergence_ph_meta@error.threshold=0.10,error.min_instances=5",error_divergence_ph_meta,"{""divergence"": {""alpha"": 0.1, ""delta"": 0.005, ""min_instances"": 30, ""threshold"": 0.05}, ""error_rate"": {""alpha"": 0.15, ""delta"": 0.005, ""min_instances"": 5, ""threshold"": 0.1}}","{""error_rate"": {""min_instances"": 5, ""threshold"": 0.1}}",0.1,0.005,0.15,5,0.05,0.005,0.1,30,,,,-1,two_stage,2,0.5,"__confirm_cooldown=200,__confirm_rule=perm_test,__perm_alpha=0.01,__perm_min_effect=0,__perm_n_perm=200,__perm_post_n=10,__perm_pre_n=500,__perm_rng_seed=0,__perm_stat=vote_score,divergence=0.3,error_rate=0.5,teacher_entropy=0.2",3,0,200,0.0,0,10000,10.0,25.0,200,500,1,8,1.0,0.6627143970893971,0.3175854603549236,0.6666666666666666,0.6695430278778076,0.00403623515740037,0,0,88,87,-1,perm_test,0.004975124378109453,0.43145578401750595,87,87,0,0.0,0.16666666666666663,0,0.0,0.0,0.0,0.0,0,none,0,1,0,overconfident,0.95,0,mild_drift,0.962016726986441,0.0012701589299786262,0.8118961447669707,0.8605345397322423,1768220039.3843548,0.846226692199707,0.01611282117664814
482,30848,30847,sine_abrupt4,sine,ts_drift_adapt,5,"error_divergence_ph_meta@error.threshold=0.10,error.min_instances=5",error_divergence_ph_meta,"{""divergence"": {""alpha"": 0.1, ""delta"": 0.005, ""min_instances"": 30, ""threshold"": 0.05}, ""error_rate"": {""alpha"": 0.15, ""delta"": 0.005, ""min_instances"": 5, ""threshold"": 0.1}}","{""error_rate"": {""min_instances"": 5, ""threshold"": 0.1}}",0.1,0.005,0.15,5,0.05,0.005,0.1,30,,,,-1,two_stage,2,0.5,"__confirm_cooldown=200,__confirm_rule=perm_test,__perm_alpha=0.01,__perm_min_effect=0,__perm_n_perm=200,__perm_post_n=10,__perm_pre_n=500,__perm_rng_seed=0,__perm_stat=vote_score,divergence=0.3,error_rate=0.5,teacher_entropy=0.2",3,0,200,0.0,0,10000,10.0,25.0,200,500,0,0,1.0,0.6618257261410788,0.3159333094619023,1.0,0.6701785326004028,0.004491528496146202,0,0,88,87,-1,perm_test,0.004975124378109453,0.43145578401750595,87,87,0,0.0,0.33333333333333337,0,0.0,0.0,0.0,0.0,0,none,0,1,0,overconfident,0.95,0,mild_drift,0.9611583634932205,0.0012850794649893133,0.8059480723834853,0.8577672698661212,1768220039.3928375,0.861179530620575,0.017904913052916527
483,30912,30911,sine_abrupt4,sine,ts_drift_adapt,5,"error_divergence_ph_meta@error.threshold=0.10,error.min_instances=5",error_divergence_ph_meta,"{""divergence"": {""alpha"": 0.1, ""delta"": 0.005, ""min_instances"": 30, ""threshold"": 0.05}, ""error_rate"": {""alpha"": 0.15, ""delta"": 0.005, ""min_instances"": 5, ""threshold"": 0.1}}","{""error_rate"": {""min_instances"": 5, ""threshold"": 0.1}}",0.1,0.005,0.15,5,0.05,0.005,0.1,30,,,,-1,two_stage,2,0.5,"__confirm_cooldown=200,__confirm_rule=perm_test,__perm_alpha=0.01,__perm_min_effect=0,__perm_n_perm=200,__perm_post_n=10,__perm_pre_n=500,__perm_rng_seed=0,__perm_stat=vote_score,divergence=0.3,error_rate=0.5,teacher_entropy=0.2",3,0,200,0.0,0,10000,10.0,25.0,200,500,0,0,1.0,0.6610054347826086,0.31442136905278817,0.6666666666666666,0.6760901212692261,0.0039605614729225636,1,1,89,88,0,perm_test,0.004975124378109453,0.4456654766428524,88,88,0,0.16666666666666674,0.33333333333333337,1,0.5,0.0,0.0,0.0,0,none,1,1,0,overconfident,0.95,0,severe_drift,0.9260791817466103,0.0016425397324946567,0.6529740361917427,0.8338836349330606,1768220039.4075968,0.8724486231803894,0.015811337158083916
484,30976,30975,sine_abrupt4,sine,ts_drift_adapt,5,"error_divergence_ph_meta@error.threshold=0.10,error.min_instances=5",error_divergence_ph_meta,"{""divergence"": {""alpha"": 0.1, ""delta"": 0.005, ""min_instances"": 30, ""threshold"": 0.05}, ""error_rate"": {""alpha"": 0.15, ""delta"": 0.005, ""min_instances"": 5, ""threshold"": 0.1}}","{""error_rate"": {""min_instances"": 5, ""threshold"": 0.1}}",0.1,0.005,0.15,5,0.05,0.005,0.1,30,,,,-1,two_stage,2,0.5,"__confirm_cooldown=200,__confirm_rule=perm_test,__perm_alpha=0.01,__perm_min_effect=0,__perm_n_perm=200,__perm_post_n=10,__perm_pre_n=500,__perm_rng_seed=0,__perm_stat=vote_score,divergence=0.3,error_rate=0.5,teacher_entropy=0.2",3,0,200,0.0,0,10000,10.0,25.0,200,500,1,136,1.0,0.6603499483471075,0.313263624767165,0.5,0.671525776386261,0.003450051648542285,0,0,89,88,-1,perm_test,0.004975124378109453,0.4456654766428524,88,88,0,0.0,0.16666666666666663,0,0.0,0.0,0.0,0.0,0,none,0,1,0,overconfident,0.95,0,mild_drift,0.9431895908733051,0.0014712698662473285,0.7264870180958714,0.8444418174665302,1768220039.4162242,0.8124265074729919,0.013742784038186073
485,31040,31039,sine_abrupt4,sine,ts_drift_adapt,5,"error_divergence_ph_meta@error.threshold=0.10,error.min_instances=5",error_divergence_ph_meta,"{""divergence"": {""alpha"": 0.1, ""delta"": 0.005, ""min_instances"": 30, ""threshold"": 0.05}, ""error_rate"": {""alpha"": 0.15, ""delta"": 0.005, ""min_instances"": 5, ""threshold"": 0.1}}","{""error_rate"": {""min_instances"": 5, ""threshold"": 0.1}}",0.1,0.005,0.15,5,0.05,0.005,0.1,30,,,,-1,two_stage,2,0.5,"__confirm_cooldown=200,__confirm_rule=perm_test,__perm_alpha=0.01,__perm_min_effect=0,__perm_n_perm=200,__perm_post_n=10,__perm_pre_n=500,__perm_rng_seed=0,__perm_stat=vote_score,divergence=0.3,error_rate=0.5,teacher_entropy=0.2",3,0,200,0.0,0,10000,10.0,25.0,200,500,1,72,1.0,0.6596971649484537,0.31203134380016795,0.8333333333333334,0.6762686371803284,0.0042809913866221905,0,0,89,88,-1,perm_test,0.004975124378109453,0.4456654766428524,88,88,0,0.0,0.33333333333333337,0,0.0,0.0,0.0,0.0,0,none,0,1,0,overconfident,0.95,0,mild_drift,0.9517447954366525,0.0013856349331236644,0.7632435090479357,0.8497209087332651,1768220039.4245102,0.8567428588867188,0.017102979123592377
486,31104,31103,sine_abrupt4,sine,ts_drift_adapt,5,"error_divergence_ph_meta@error.threshold=0.10,error.min_instances=5",error_divergence_ph_meta,"{""divergence"": {""alpha"": 0.1, ""delta"": 0.005, ""min_instances"": 30, ""threshold"": 0.05}, ""error_rate"": {""alpha"": 0.15, ""delta"": 0.005, ""min_instances"": 5, ""threshold"": 0.1}}","{""error_rate"": {""min_instances"": 5, ""threshold"": 0.1}}",0.1,0.005,0.15,5,0.05,0.005,0.1,30,,,,-1,two_stage,2,0.5,"__confirm_cooldown=200,__confirm_rule=perm_test,__perm_alpha=0.01,__perm_min_effect=0,__perm_n_perm=200,__perm_post_n=10,__perm_pre_n=500,__perm_rng_seed=0,__perm_stat=vote_score,divergence=0.3,error_rate=0.5,teacher_entropy=0.2",3,0,200,0.0,0,10000,10.0,25.0,200,500,1,8,1.0,0.6590149176954733,0.31078561671743166,0.8333333333333334,0.6761623024940491,0.0036929617635905743,0,0,89,88,-1,perm_test,0.004975124378109453,0.4456654766428524,88,88,0,0.0,0.0005880296230316162,0,0.0,0.0,0.0,0.0,0,none,0,1,0,overconfident,0.95,0,mild_drift,0.9560223977183262,0.0013428174665618322,0.7816217545239679,0.8523604543666325,1768220039.4328005,0.7547490000724792,0.014704924076795578
487,31168,31167,sine_abrupt4,sine,ts_drift_adapt,5,"error_divergence_ph_meta@error.threshold=0.10,error.min_instances=5",error_divergence_ph_meta,"{""divergence"": {""alpha"": 0.1, ""delta"": 0.005, ""min_instances"": 30, ""threshold"": 0.05}, ""error_rate"": {""alpha"": 0.15, ""delta"": 0.005, ""min_instances"": 5, ""threshold"": 0.1}}","{""error_rate"": {""min_instances"": 5, ""threshold"": 0.1}}",0.1,0.005,0.15,5,0.05,0.005,0.1,30,,,,-1,two_stage,2,0.5,"__confirm_cooldown=200,__confirm_rule=perm_test,__perm_alpha=0.01,__perm_min_effect=0,__perm_n_perm=200,__perm_post_n=10,__perm_pre_n=500,__perm_rng_seed=0,__perm_stat=vote_score,divergence=0.3,error_rate=0.5,teacher_entropy=0.2",3,0,200,0.0,0,10000,10.0,25.0,200,500,0,0,1.0,0.658207135523614,0.30915965402394685,0.6666666666666666,0.6793079972267151,0.002383301965892315,0,0,89,88,-1,perm_test,0.004975124378109453,0.4456654766428524,88,88,0,0.0,0.16666666666666674,0,0.0,0.0,0.0,0.0,0,none,0,1,0,overconfident,0.95,0,mild_drift,0.9581611988591631,0.001321408733280916,0.790810877261984,0.8536802271833163,1768220039.4413688,0.7953662276268005,0.0095025934278965
488,31232,31231,sine_abrupt4,sine,ts_drift_adapt,5,"error_divergence_ph_meta@error.threshold=0.10,error.min_instances=5",error_divergence_ph_meta,"{""divergence"": {""alpha"": 0.1, ""delta"": 0.005, ""min_instances"": 30, ""threshold"": 0.05}, ""error_rate"": {""alpha"": 0.15, ""delta"": 0.005, ""min_instances"": 5, ""threshold"": 0.1}}","{""error_rate"": {""min_instances"": 5, ""threshold"": 0.1}}",0.1,0.005,0.15,5,0.05,0.005,0.1,30,,,,-1,two_stage,2,0.5,"__confirm_cooldown=200,__confirm_rule=perm_test,__perm_alpha=0.01,__perm_min_effect=0,__perm_n_perm=200,__perm_post_n=10,__perm_pre_n=500,__perm_rng_seed=0,__perm_stat=vote_score,divergence=0.3,error_rate=0.5,teacher_entropy=0.2",3,0,200,0.0,0,10000,10.0,25.0,200,500,0,0,1.0,0.6576267930327869,0.30810737992384524,0.5,0.6753607988357544,0.0030453214421868324,1,1,90,89,0,perm_test,0.004975124378109453,0.4165520045725145,89,89,0,0.16666666666666663,0.16666666666666663,1,0.5,0.0,0.0,0.0,0,none,1,1,0,overconfident,0.95,0,severe_drift,0.9245805994295815,0.001660704366640458,0.645405438630992,0.8318401135916582,1768220039.4562118,0.6904048919677734,0.012131472118198872
489,31296,31295,sine_abrupt4,sine,ts_drift_adapt,5,"error_divergence_ph_meta@error.threshold=0.10,error.min_instances=5",error_divergence_ph_meta,"{""divergence"": {""alpha"": 0.1, ""delta"": 0.005, ""min_instances"": 30, ""threshold"": 0.05}, ""error_rate"": {""alpha"": 0.15, ""delta"": 0.005, ""min_instances"": 5, ""threshold"": 0.1}}","{""error_rate"": {""min_instances"": 5, ""threshold"": 0.1}}",0.1,0.005,0.15,5,0.05,0.005,0.1,30,,,,-1,two_stage,2,0.5,"__confirm_cooldown=200,__confirm_rule=perm_test,__perm_alpha=0.01,__perm_min_effect=0,__perm_n_perm=200,__perm_post_n=10,__perm_pre_n=500,__perm_rng_seed=0,__perm_stat=vote_score,divergence=0.3,error_rate=0.5,teacher_entropy=0.2",3,0,200,0.0,0,10000,10.0,25.0,200,500,1,136,1.0,0.6569529652351738,0.3067574034381235,0.6666666666666666,0.6752280592918396,0.0032707208301872015,0,0,90,89,-1,perm_test,0.004975124378109453,0.4165520045725145,89,89,0,0.0,0.16666666666666663,0,0.0,0.0,0.0,0.0,0,none,0,1,0,overconfident,0.95,0,mild_drift,0.9424402997147907,0.001480352183320229,0.722702719315496,0.8434200567958291,1768220039.4646015,0.7885541319847107,0.013010614551603794
490,31360,31359,sine_abrupt4,sine,ts_drift_adapt,5,"error_divergence_ph_meta@error.threshold=0.10,error.min_instances=5",error_divergence_ph_meta,"{""divergence"": {""alpha"": 0.1, ""delta"": 0.005, ""min_instances"": 30, ""threshold"": 0.05}, ""error_rate"": {""alpha"": 0.15, ""delta"": 0.005, ""min_instances"": 5, ""threshold"": 0.1}}","{""error_rate"": {""min_instances"": 5, ""threshold"": 0.1}}",0.1,0.005,0.15,5,0.05,0.005,0.1,30,,,,-1,two_stage,2,0.5,"__confirm_cooldown=200,__confirm_rule=perm_test,__perm_alpha=0.01,__perm_min_effect=0,__perm_n_perm=200,__perm_post_n=10,__perm_pre_n=500,__perm_rng_seed=0,__perm_stat=vote_score,divergence=0.3,error_rate=0.5,teacher_entropy=0.2",3,0,200,0.0,0,10000,10.0,25.0,200,500,1,72,1.0,0.6564732142857143,0.30591082817245824,0.6666666666666666,0.6811839938163757,0.002220935421064496,0,0,90,89,-1,perm_test,0.004975124378109453,0.4165520045725145,89,89,0,0.0,0.0010497854091227055,0,0.0,0.0,0.0,0.0,0,none,0,1,0,overconfident,0.95,0,mild_drift,0.9513701498573953,0.0013901760916601147,0.761351359657748,0.8492100283979145,1768220039.4729033,0.7319996356964111,0.008871537633240223
491,31424,31423,sine_abrupt4,sine,ts_drift_adapt,5,"error_divergence_ph_meta@error.threshold=0.10,error.min_instances=5",error_divergence_ph_meta,"{""divergence"": {""alpha"": 0.1, ""delta"": 0.005, ""min_instances"": 30, ""threshold"": 0.05}, ""error_rate"": {""alpha"": 0.15, ""delta"": 0.005, ""min_instances"": 5, ""threshold"": 0.1}}","{""error_rate"": {""min_instances"": 5, ""threshold"": 0.1}}",0.1,0.005,0.15,5,0.05,0.005,0.1,30,,,,-1,two_stage,2,0.5,"__confirm_cooldown=200,__confirm_rule=perm_test,__perm_alpha=0.01,__perm_min_effect=0,__perm_n_perm=200,__perm_post_n=10,__perm_pre_n=500,__perm_rng_seed=0,__perm_stat=vote_score,divergence=0.3,error_rate=0.5,teacher_entropy=0.2",3,0,200,0.0,0,10000,10.0,25.0,200,500,1,8,1.0,0.6560908859470469,0.3052636464638588,0.6666666666666666,0.6794320344924927,0.0029610858764499426,0,0,90,89,-1,perm_test,0.004975124378109453,0.4165520045725145,89,89,0,0.0,0.0007401504553854465,0,0.0,0.0,0.0,0.0,0,none,0,1,0,overconfident,0.95,0,mild_drift,0.9558350749286977,0.0013450880458300576,0.7806756798288741,0.8521050141989572,1768220039.4811614,0.7804768085479736,0.011800958774983883
492,31488,31487,sine_abrupt4,sine,ts_drift_adapt,5,"error_divergence_ph_meta@error.threshold=0.10,error.min_instances=5",error_divergence_ph_meta,"{""divergence"": {""alpha"": 0.1, ""delta"": 0.005, ""min_instances"": 30, ""threshold"": 0.05}, ""error_rate"": {""alpha"": 0.15, ""delta"": 0.005, ""min_instances"": 5, ""threshold"": 0.1}}","{""error_rate"": {""min_instances"": 5, ""threshold"": 0.1}}",0.1,0.005,0.15,5,0.05,0.005,0.1,30,,,,-1,two_stage,2,0.5,"__confirm_cooldown=200,__confirm_rule=perm_test,__perm_alpha=0.01,__perm_min_effect=0,__perm_n_perm=200,__perm_post_n=10,__perm_pre_n=500,__perm_rng_seed=0,__perm_stat=vote_score,divergence=0.3,error_rate=0.5,teacher_entropy=0.2",3,0,200,0.0,0,10000,10.0,25.0,200,500,0,0,1.0,0.6557101117886179,0.304632810604979,0.3333333333333333,0.6792990565299988,0.002820872236043215,0,0,90,89,-1,perm_test,0.004975124378109453,0.4165520045725145,89,89,0,0.0,0.3333333333333333,0,0.0,0.0,0.0,0.0,0,none,0,1,0,overconfident,0.95,0,mild_drift,0.9580675374643488,0.001322544022915029,0.7903378399144371,0.8535525070994786,1768220039.489557,0.699669599533081,0.01124386303126812
493,31552,31551,sine_abrupt4,sine,ts_drift_adapt,5,"error_divergence_ph_meta@error.threshold=0.10,error.min_instances=5",error_divergence_ph_meta,"{""divergence"": {""alpha"": 0.1, ""delta"": 0.005, ""min_instances"": 30, ""threshold"": 0.05}, ""error_rate"": {""alpha"": 0.15, ""delta"": 0.005, ""min_instances"": 5, ""threshold"": 0.1}}","{""error_rate"": {""min_instances"": 5, ""threshold"": 0.1}}",0.1,0.005,0.15,5,0.05,0.005,0.1,30,,,,-1,two_stage,2,0.5,"__confirm_cooldown=200,__confirm_rule=perm_test,__perm_alpha=0.01,__perm_min_effect=0,__perm_n_perm=200,__perm_post_n=10,__perm_pre_n=500,__perm_rng_seed=0,__perm_stat=vote_score,divergence=0.3,error_rate=0.5,teacher_entropy=0.2",3,0,200,0.0,0,10000,10.0,25.0,200,500,0,0,1.0,0.6554576572008114,0.3042932435957709,0.6666666666666666,0.6829675436019897,0.0028598138596862555,1,1,91,90,0,perm_test,0.004975124378109453,0.4146165448491028,90,90,0,0.16666666666666663,0.3333333333333333,1,0.5,0.0,0.0,0.0,0,none,1,1,0,overconfident,0.95,0,severe_drift,0.9245337687321744,0.0016612720114575145,0.6451689199572186,0.8317762535497393,1768220039.504335,0.7486751675605774,0.011434057727456093
494,31616,31615,sine_abrupt4,sine,ts_drift_adapt,5,"error_divergence_ph_meta@error.threshold=0.10,error.min_instances=5",error_divergence_ph_meta,"{""divergence"": {""alpha"": 0.1, ""delta"": 0.005, ""min_instances"": 30, ""threshold"": 0.05}, ""error_rate"": {""alpha"": 0.15, ""delta"": 0.005, ""min_instances"": 5, ""threshold"": 0.1}}","{""error_rate"": {""min_instances"": 5, ""threshold"": 0.1}}",0.1,0.005,0.15,5,0.05,0.005,0.1,30,,,,-1,two_stage,2,0.5,"__confirm_cooldown=200,__confirm_rule=perm_test,__perm_alpha=0.01,__perm_min_effect=0,__perm_n_perm=200,__perm_post_n=10,__perm_pre_n=500,__perm_rng_seed=0,__perm_stat=vote_score,divergence=0.3,error_rate=0.5,teacher_entropy=0.2",3,0,200,0.0,0,10000,10.0,25.0,200,500,1,136,1.0,0.6551113360323887,0.3036583373149579,0.3333333333333333,0.6818485856056213,0.0023202868178486824,0,0,91,90,-1,perm_test,0.004975124378109453,0.4146165448491028,90,90,0,0.0,0.3333333333333333,0,0.0,0.0,0.0,0.0,0,none,0,1,0,overconfident,0.95,0,mild_drift,0.9424168843660872,0.0014806360057287573,0.7225844599786093,0.8433881267748696,1768220039.5126975,0.6665537357330322,0.00926992204040289
495,31680,31679,sine_abrupt4,sine,ts_drift_adapt,5,"error_divergence_ph_meta@error.threshold=0.10,error.min_instances=5",error_divergence_ph_meta,"{""divergence"": {""alpha"": 0.1, ""delta"": 0.005, ""min_instances"": 30, ""threshold"": 0.05}, ""error_rate"": {""alpha"": 0.15, ""delta"": 0.005, ""min_instances"": 5, ""threshold"": 0.1}}","{""error_rate"": {""min_instances"": 5, ""threshold"": 0.1}}",0.1,0.005,0.15,5,0.05,0.005,0.1,30,,,,-1,two_stage,2,0.5,"__confirm_cooldown=200,__confirm_rule=perm_test,__perm_alpha=0.01,__perm_min_effect=0,__perm_n_perm=200,__perm_post_n=10,__perm_pre_n=500,__perm_rng_seed=0,__perm_stat=vote_score,divergence=0.3,error_rate=0.5,teacher_entropy=0.2",3,0,200,0.0,0,10000,10.0,25.0,200,500,1,72,1.0,0.6548295454545454,0.3031981966307309,1.0,0.6823281049728394,0.002584596397355199,0,0,91,90,-1,perm_test,0.004975124378109453,0.4146165448491028,90,90,0,0.0,0.6666666666666667,0,0.0,0.0,0.0,0.0,0,none,0,1,0,overconfident,0.95,0,mild_drift,0.9513584421830436,0.0013903180028643786,0.7612922299893047,0.8491940633874349,1768220039.5209508,0.8931291699409485,0.010318899527192116
496,31744,31743,sine_abrupt4,sine,ts_drift_adapt,5,"error_divergence_ph_meta@error.threshold=0.10,error.min_instances=5",error_divergence_ph_meta,"{""divergence"": {""alpha"": 0.1, ""delta"": 0.005, ""min_instances"": 30, ""threshold"": 0.05}, ""error_rate"": {""alpha"": 0.15, ""delta"": 0.005, ""min_instances"": 5, ""threshold"": 0.1}}","{""error_rate"": {""min_instances"": 5, ""threshold"": 0.1}}",0.1,0.005,0.15,5,0.05,0.005,0.1,30,,,,-1,two_stage,2,0.5,"__confirm_cooldown=200,__confirm_rule=perm_test,__perm_alpha=0.01,__perm_min_effect=0,__perm_n_perm=200,__perm_post_n=10,__perm_pre_n=500,__perm_rng_seed=0,__perm_stat=vote_score,divergence=0.3,error_rate=0.5,teacher_entropy=0.2",3,0,200,0.0,0,10000,10.0,25.0,200,500,1,8,1.0,0.654328377016129,0.3021735316547573,0.6666666666666666,0.6819236278533936,0.0016469914698973298,0,0,91,90,-1,perm_test,0.004975124378109453,0.4146165448491028,90,90,0,0.0,0.33333333333333337,0,0.0,0.0,0.0,0.0,0,none,0,1,0,overconfident,0.95,0,mild_drift,0.9558292210915218,0.0013451590014321893,0.7806461149946524,0.8520970316937174,1768220039.5292902,0.7887055277824402,0.006583985406905413
497,31808,31807,sine_abrupt4,sine,ts_drift_adapt,5,"error_divergence_ph_meta@error.threshold=0.10,error.min_instances=5",error_divergence_ph_meta,"{""divergence"": {""alpha"": 0.1, ""delta"": 0.005, ""min_instances"": 30, ""threshold"": 0.05}, ""error_rate"": {""alpha"": 0.15, ""delta"": 0.005, ""min_instances"": 5, ""threshold"": 0.1}}","{""error_rate"": {""min_instances"": 5, ""threshold"": 0.1}}",0.1,0.005,0.15,5,0.05,0.005,0.1,30,,,,-1,two_stage,2,0.5,"__confirm_cooldown=200,__confirm_rule=perm_test,__perm_alpha=0.01,__perm_min_effect=0,__perm_n_perm=200,__perm_post_n=10,__perm_pre_n=500,__perm_rng_seed=0,__perm_stat=vote_score,divergence=0.3,error_rate=0.5,teacher_entropy=0.2",3,0,200,0.0,0,10000,10.0,25.0,200,500,0,0,1.0,0.6539549798792756,0.30152371644435333,0.5,0.6852849721908569,0.0011246309150010347,0,0,91,90,-1,perm_test,0.004975124378109453,0.4146165448491028,90,90,0,0.0,0.16666666666666663,0,0.0,0.0,0.0,0.0,0,none,0,1,0,overconfident,0.95,0,mild_drift,0.9580646105457609,0.0013225795007160948,0.7903230574973262,0.8535485158468588,1768220039.537738,0.7066097259521484,0.004494830965995789
498,31872,31871,sine_abrupt4,sine,ts_drift_adapt,5,"error_divergence_ph_meta@error.threshold=0.10,error.min_instances=5",error_divergence_ph_meta,"{""divergence"": {""alpha"": 0.1, ""delta"": 0.005, ""min_instances"": 30, ""threshold"": 0.05}, ""error_rate"": {""alpha"": 0.15, ""delta"": 0.005, ""min_instances"": 5, ""threshold"": 0.1}}","{""error_rate"": {""min_instances"": 5, ""threshold"": 0.1}}",0.1,0.005,0.15,5,0.05,0.005,0.1,30,,,,-1,two_stage,2,0.5,"__confirm_cooldown=200,__confirm_rule=perm_test,__perm_alpha=0.01,__perm_min_effect=0,__perm_n_perm=200,__perm_post_n=10,__perm_pre_n=500,__perm_rng_seed=0,__perm_stat=vote_score,divergence=0.3,error_rate=0.5,teacher_entropy=0.2",3,0,200,0.0,0,10000,10.0,25.0,200,500,0,0,1.0,0.6535830823293173,0.3008483142063907,0.6666666666666666,0.6860550045967102,0.0008851155871525407,1,1,92,91,0,perm_test,0.004975124378109453,0.4093081518895265,91,91,0,0.0,0.16666666666666663,1,0.5,0.0,0.0,0.0,0,none,1,1,0,overconfident,0.95,0,stable,0.9740323052728804,0.0010612897503580474,0.8951615287486632,0.8992742579234294,1768220039.5524824,0.7467066645622253,0.0035410281270742416
499,31936,31935,sine_abrupt4,sine,ts_drift_adapt,5,"error_divergence_ph_meta@error.threshold=0.10,error.min_instances=5",error_divergence_ph_meta,"{""divergence"": {""alpha"": 0.1, ""delta"": 0.005, ""min_instances"": 30, ""threshold"": 0.05}, ""error_rate"": {""alpha"": 0.15, ""delta"": 0.005, ""min_instances"": 5, ""threshold"": 0.1}}","{""error_rate"": {""min_instances"": 5, ""threshold"": 0.1}}",0.1,0.005,0.15,5,0.05,0.005,0.1,30,,,,-1,two_stage,2,0.5,"__confirm_cooldown=200,__confirm_rule=perm_test,__perm_alpha=0.01,__perm_min_effect=0,__perm_n_perm=200,__perm_post_n=10,__perm_pre_n=500,__perm_rng_seed=0,__perm_stat=vote_score,divergence=0.3,error_rate=0.5,teacher_entropy=0.2",3,0,200,0.0,0,10000,10.0,25.0,200,500,1,136,1.0,0.6532753006012024,0.30031304614300475,0.6666666666666666,0.6854677796363831,0.0009355350630357862,0,0,92,91,-1,perm_test,0.004975124378109453,0.4093081518895265,91,91,0,0.0,5.041947588324547e-05,0,0.0,0.0,0.0,0.0,0,none,0,1,0,overconfident,0.95,0,mild_drift,0.9671661526364401,0.0011806448751790237,0.8475807643743316,0.8771371289617147,1768220039.5609047,0.710095226764679,0.003738406812772155
500,32000,31999,sine_abrupt4,sine,ts_drift_adapt,5,"error_divergence_ph_meta@error.threshold=0.10,error.min_instances=5",error_divergence_ph_meta,"{""divergence"": {""alpha"": 0.1, ""delta"": 0.005, ""min_instances"": 30, ""threshold"": 0.05}, ""error_rate"": {""alpha"": 0.15, ""delta"": 0.005, ""min_instances"": 5, ""threshold"": 0.1}}","{""error_rate"": {""min_instances"": 5, ""threshold"": 0.1}}",0.1,0.005,0.15,5,0.05,0.005,0.1,30,,,,-1,two_stage,2,0.5,"__confirm_cooldown=200,__confirm_rule=perm_test,__perm_alpha=0.01,__perm_min_effect=0,__perm_n_perm=200,__perm_post_n=10,__perm_pre_n=500,__perm_rng_seed=0,__perm_stat=vote_score,divergence=0.3,error_rate=0.5,teacher_entropy=0.2",3,0,200,0.0,0,10000,10.0,25.0,200,500,1,72,1.0,0.65271875,0.2992544607855926,0.6666666666666666,0.6845277547836304,0.0010610442841425538,0,0,92,91,-1,perm_test,0.004975124378109453,0.4093081518895265,91,91,0,0.0,0.00012550922110676765,0,0.0,0.0,0.0,0.0,0,none,0,1,0,overconfident,0.95,0,mild_drift,0.96373307631822,0.0012403224375895118,0.8237903821871658,0.8660685644808573,1768220039.5692368,0.7517885565757751,0.004231639672070742
501,32064,32063,sine_abrupt4,sine,ts_drift_adapt,5,"error_divergence_ph_meta@error.threshold=0.10,error.min_instances=5",error_divergence_ph_meta,"{""divergence"": {""alpha"": 0.1, ""delta"": 0.005, ""min_instances"": 30, ""threshold"": 0.05}, ""error_rate"": {""alpha"": 0.15, ""delta"": 0.005, ""min_instances"": 5, ""threshold"": 0.1}}","{""error_rate"": {""min_instances"": 5, ""threshold"": 0.1}}",0.1,0.005,0.15,5,0.05,0.005,0.1,30,,,,-1,two_stage,2,0.5,"__confirm_cooldown=200,__confirm_rule=perm_test,__perm_alpha=0.01,__perm_min_effect=0,__perm_n_perm=200,__perm_post_n=10,__perm_pre_n=500,__perm_rng_seed=0,__perm_stat=vote_score,divergence=0.3,error_rate=0.5,teacher_entropy=0.2",3,0,200,0.0,0,10000,10.0,25.0,200,500,1,8,1.0,0.6521644211576846,0.298280995633826,0.16666666666666666,0.6853371858596802,0.0009306514984928071,0,0,92,91,-1,perm_test,0.004975124378109453,0.4093081518895265,91,91,0,0.0,0.5,0,0.0,0.0,0.0,0.0,0,none,0,1,0,overconfident,0.95,0,mild_drift,0.9620165381591099,0.0012701612187947559,0.811895191093583,0.8605342822404287,1768220039.5775237,0.6481195688247681,0.003709445707499981
502,32128,32127,sine_abrupt4,sine,ts_drift_adapt,5,"error_divergence_ph_meta@error.threshold=0.10,error.min_instances=5",error_divergence_ph_meta,"{""divergence"": {""alpha"": 0.1, ""delta"": 0.005, ""min_instances"": 30, ""threshold"": 0.05}, ""error_rate"": {""alpha"": 0.15, ""delta"": 0.005, ""min_instances"": 5, ""threshold"": 0.1}}","{""error_rate"": {""min_instances"": 5, ""threshold"": 0.1}}",0.1,0.005,0.15,5,0.05,0.005,0.1,30,,,,-1,two_stage,2,0.5,"__confirm_cooldown=200,__confirm_rule=perm_test,__perm_alpha=0.01,__perm_min_effect=0,__perm_n_perm=200,__perm_post_n=10,__perm_pre_n=500,__perm_rng_seed=0,__perm_stat=vote_score,divergence=0.3,error_rate=0.5,teacher_entropy=0.2",3,0,200,0.0,0,10000,10.0,25.0,200,500,0,0,1.0,0.6518301792828686,0.29777145056676035,0.5,0.6857478022575378,0.0009820344857871532,0,0,92,91,-1,perm_test,0.004975124378109453,0.4093081518895265,91,91,0,0.0,0.33333333333333337,0,0.0,0.0,0.0,0.0,0,none,0,1,0,overconfident,0.95,0,mild_drift,0.9611582690795549,0.0012850806093973781,0.8059475955467915,0.8577671411202143,1768220039.586117,0.6787938475608826,0.00391739048063755
503,32192,32191,sine_abrupt4,sine,ts_drift_adapt,5,"error_divergence_ph_meta@error.threshold=0.10,error.min_instances=5",error_divergence_ph_meta,"{""divergence"": {""alpha"": 0.1, ""delta"": 0.005, ""min_instances"": 30, ""threshold"": 0.05}, ""error_rate"": {""alpha"": 0.15, ""delta"": 0.005, ""min_instances"": 5, ""threshold"": 0.1}}","{""error_rate"": {""min_instances"": 5, ""threshold"": 0.1}}",0.1,0.005,0.15,5,0.05,0.005,0.1,30,,,,-1,two_stage,2,0.5,"__confirm_cooldown=200,__confirm_rule=perm_test,__perm_alpha=0.01,__perm_min_effect=0,__perm_n_perm=200,__perm_post_n=10,__perm_pre_n=500,__perm_rng_seed=0,__perm_stat=vote_score,divergence=0.3,error_rate=0.5,teacher_entropy=0.2",3,0,200,0.0,0,10000,10.0,25.0,200,500,0,0,1.0,0.651559393638171,0.2973723790769458,0.8333333333333334,0.6870980262756348,0.0010971165029332042,1,1,93,92,0,perm_test,0.004975124378109453,0.4314953851081865,92,92,0,0.16666666666666674,0.33333333333333337,1,0.5,0.0,0.0,0.0,0,none,1,1,0,overconfident,0.95,0,severe_drift,0.9260791345397774,0.001642540304698689,0.6529737977733958,0.8338835705601072,1768220039.601025,0.7083560824394226,0.004380740690976381
504,32256,32255,sine_abrupt4,sine,ts_drift_adapt,5,"error_divergence_ph_meta@error.threshold=0.10,error.min_instances=5",error_divergence_ph_meta,"{""divergence"": {""alpha"": 0.1, ""delta"": 0.005, ""min_instances"": 30, ""threshold"": 0.05}, ""error_rate"": {""alpha"": 0.15, ""delta"": 0.005, ""min_instances"": 5, ""threshold"": 0.1}}","{""error_rate"": {""min_instances"": 5, ""threshold"": 0.1}}",0.1,0.005,0.15,5,0.05,0.005,0.1,30,,,,-1,two_stage,2,0.5,"__confirm_cooldown=200,__confirm_rule=perm_test,__perm_alpha=0.01,__perm_min_effect=0,__perm_n_perm=200,__perm_post_n=10,__perm_pre_n=500,__perm_rng_seed=0,__perm_stat=vote_score,divergence=0.3,error_rate=0.5,teacher_entropy=0.2",3,0,200,0.0,0,10000,10.0,25.0,200,500,1,136,1.0,0.6512586805555556,0.29688364803610107,0.3333333333333333,0.6870100498199463,0.0007138706278055906,0,0,93,92,-1,perm_test,0.004975124378109453,0.4314953851081865,92,92,0,0.0,0.5,0,0.0,0.0,0.0,0.0,0,none,0,1,0,overconfident,0.95,0,mild_drift,0.9431895672698887,0.0014712701523493447,0.7264868988866979,0.8444417852800536,1768220039.609448,0.6703011393547058,0.002850460121408105
505,32320,32319,sine_abrupt4,sine,ts_drift_adapt,5,"error_divergence_ph_meta@error.threshold=0.10,error.min_instances=5",error_divergence_ph_meta,"{""divergence"": {""alpha"": 0.1, ""delta"": 0.005, ""min_instances"": 30, ""threshold"": 0.05}, ""error_rate"": {""alpha"": 0.15, ""delta"": 0.005, ""min_instances"": 5, ""threshold"": 0.1}}","{""error_rate"": {""min_instances"": 5, ""threshold"": 0.1}}",0.1,0.005,0.15,5,0.05,0.005,0.1,30,,,,-1,two_stage,2,0.5,"__confirm_cooldown=200,__confirm_rule=perm_test,__perm_alpha=0.01,__perm_min_effect=0,__perm_n_perm=200,__perm_post_n=10,__perm_pre_n=500,__perm_rng_seed=0,__perm_stat=vote_score,divergence=0.3,error_rate=0.5,teacher_entropy=0.2",3,0,200,0.0,0,10000,10.0,25.0,200,500,1,72,1.0,0.6508663366336633,0.29617936617667556,0.6666666666666666,0.6879724860191345,0.0007033481961116195,0,0,93,92,-1,perm_test,0.004975124378109453,0.4314953851081865,92,92,0,0.0,0.3333333333333333,0,0.0,0.0,0.0,0.0,0,none,0,1,0,overconfident,0.95,0,mild_drift,0.9517447836349443,0.0013856350761746726,0.763243449443349,0.8497208926400268,1768220039.6180003,0.7320432662963867,0.0028088672552257776
506,32384,32383,sine_abrupt4,sine,ts_drift_adapt,5,"error_divergence_ph_meta@error.threshold=0.10,error.min_instances=5",error_divergence_ph_meta,"{""divergence"": {""alpha"": 0.1, ""delta"": 0.005, ""min_instances"": 30, ""threshold"": 0.05}, ""error_rate"": {""alpha"": 0.15, ""delta"": 0.005, ""min_instances"": 5, ""threshold"": 0.1}}","{""error_rate"": {""min_instances"": 5, ""threshold"": 0.1}}",0.1,0.005,0.15,5,0.05,0.005,0.1,30,,,,-1,two_stage,2,0.5,"__confirm_cooldown=200,__confirm_rule=perm_test,__perm_alpha=0.01,__perm_min_effect=0,__perm_n_perm=200,__perm_post_n=10,__perm_pre_n=500,__perm_rng_seed=0,__perm_stat=vote_score,divergence=0.3,error_rate=0.5,teacher_entropy=0.2",3,0,200,0.0,0,10000,10.0,25.0,200,500,1,8,1.0,0.6504446640316206,0.2953660567873019,0.6666666666666666,0.6862986087799072,0.00070009077899158,0,0,93,92,-1,perm_test,0.004975124378109453,0.4314953851081865,92,92,0,0.0,3.257417120039463e-06,0,0.0,0.0,0.0,0.0,0,none,0,1,0,overconfident,0.95,0,mild_drift,0.9560223918174722,0.0013428175380873365,0.7816217247216746,0.8523604463200134,1768220039.6261873,0.7414708137512207,0.0027948252391070127
507,32448,32447,sine_abrupt4,sine,ts_drift_adapt,5,"error_divergence_ph_meta@error.threshold=0.10,error.min_instances=5",error_divergence_ph_meta,"{""divergence"": {""alpha"": 0.1, ""delta"": 0.005, ""min_instances"": 30, ""threshold"": 0.05}, ""error_rate"": {""alpha"": 0.15, ""delta"": 0.005, ""min_instances"": 5, ""threshold"": 0.1}}","{""error_rate"": {""min_instances"": 5, ""threshold"": 0.1}}",0.1,0.005,0.15,5,0.05,0.005,0.1,30,,,,-1,two_stage,2,0.5,"__confirm_cooldown=200,__confirm_rule=perm_test,__perm_alpha=0.01,__perm_min_effect=0,__perm_n_perm=200,__perm_post_n=10,__perm_pre_n=500,__perm_rng_seed=0,__perm_stat=vote_score,divergence=0.3,error_rate=0.5,teacher_entropy=0.2",3,0,200,0.0,0,10000,10.0,25.0,200,500,0,0,1.0,0.6499630177514792,0.29449666161185106,0.3333333333333333,0.6883970499038696,0.0004943254753015935,0,0,93,92,-1,perm_test,0.004975124378109453,0.4314953851081865,92,92,0,0.0,0.3333333333333333,0,0.0,0.0,0.0,0.0,0,none,0,1,0,overconfident,0.95,0,mild_drift,0.958161195908736,0.0013214087690436682,0.7908108623608373,0.8536802231600067,1768220039.6345637,0.6926879286766052,0.001975686987861991
508,32512,32511,sine_abrupt4,sine,ts_drift_adapt,5,"error_divergence_ph_meta@error.threshold=0.10,error.min_instances=5",error_divergence_ph_meta,"{""divergence"": {""alpha"": 0.1, ""delta"": 0.005, ""min_instances"": 30, ""threshold"": 0.05}, ""error_rate"": {""alpha"": 0.15, ""delta"": 0.005, ""min_instances"": 5, ""threshold"": 0.1}}","{""error_rate"": {""min_instances"": 5, ""threshold"": 0.1}}",0.1,0.005,0.15,5,0.05,0.005,0.1,30,,,,-1,two_stage,2,0.5,"__confirm_cooldown=200,__confirm_rule=perm_test,__perm_alpha=0.01,__perm_min_effect=0,__perm_n_perm=200,__perm_post_n=10,__perm_pre_n=500,__perm_rng_seed=0,__perm_stat=vote_score,divergence=0.3,error_rate=0.5,teacher_entropy=0.2",3,0,200,0.0,0,10000,10.0,25.0,200,500,0,0,1.0,0.6494832677165354,0.2935743827413113,0.8333333333333334,0.6885196566581726,0.0004971166490577161,1,1,94,93,0,perm_test,0.004975124378109453,0.4360990409589578,93,93,0,0.0,0.5,1,0.5,0.0,0.0,0.0,0,none,1,1,0,overconfident,0.95,0,stable,0.9740805979543681,0.001060704384521834,0.8954054311804187,0.8993401115800034,1768220039.6492527,0.7266173362731934,0.001986555987969041
509,32576,32575,sine_abrupt4,sine,ts_drift_adapt,5,"error_divergence_ph_meta@error.threshold=0.10,error.min_instances=5",error_divergence_ph_meta,"{""divergence"": {""alpha"": 0.1, ""delta"": 0.005, ""min_instances"": 30, ""threshold"": 0.05}, ""error_rate"": {""alpha"": 0.15, ""delta"": 0.005, ""min_instances"": 5, ""threshold"": 0.1}}","{""error_rate"": {""min_instances"": 5, ""threshold"": 0.1}}",0.1,0.005,0.15,5,0.05,0.005,0.1,30,,,,-1,two_stage,2,0.5,"__confirm_cooldown=200,__confirm_rule=perm_test,__perm_alpha=0.01,__perm_min_effect=0,__perm_n_perm=200,__perm_post_n=10,__perm_pre_n=500,__perm_rng_seed=0,__perm_stat=vote_score,divergence=0.3,error_rate=0.5,teacher_entropy=0.2",3,0,200,0.0,0,10000,10.0,25.0,200,500,1,136,1.0,0.6491588899803536,0.2930127482235495,0.8333333333333334,0.6879300475120544,0.0005876279901713133,0,0,94,93,-1,perm_test,0.004975124378109453,0.4360990409589578,93,93,0,0.0,9.051134111359715e-05,0,0.0,0.0,0.0,0.0,0,none,0,1,0,overconfident,0.95,0,mild_drift,0.967190298977184,0.0011803521922609172,0.8477027155902094,0.8771700557900017,1768220039.6576245,0.7436068058013916,0.0023510127793997526
510,32640,32639,sine_abrupt4,sine,ts_drift_adapt,5,"error_divergence_ph_meta@error.threshold=0.10,error.min_instances=5",error_divergence_ph_meta,"{""divergence"": {""alpha"": 0.1, ""delta"": 0.005, ""min_instances"": 30, ""threshold"": 0.05}, ""error_rate"": {""alpha"": 0.15, ""delta"": 0.005, ""min_instances"": 5, ""threshold"": 0.1}}","{""error_rate"": {""min_instances"": 5, ""threshold"": 0.1}}",0.1,0.005,0.15,5,0.05,0.005,0.1,30,,,,-1,two_stage,2,0.5,"__confirm_cooldown=200,__confirm_rule=perm_test,__perm_alpha=0.01,__perm_min_effect=0,__perm_n_perm=200,__perm_post_n=10,__perm_pre_n=500,__perm_rng_seed=0,__perm_stat=vote_score,divergence=0.3,error_rate=0.5,teacher_entropy=0.2",3,0,200,0.0,0,10000,10.0,25.0,200,500,1,72,1.0,0.6489276960784314,0.29266628003861145,0.5,0.6891558170318604,0.0005561861908063293,0,0,94,93,-1,perm_test,0.004975124378109453,0.4360990409589578,93,93,0,0.0,0.33333333333333337,0,0.0,0.0,0.0,0.0,0,none,0,1,0,overconfident,0.95,0,mild_drift,0.963745149488592,0.0012401760961304586,0.8238513577951048,0.8660850278950009,1768220039.6660337,0.6938381195068359,0.0022265391889959574
511,32704,32703,sine_abrupt4,sine,ts_drift_adapt,5,"error_divergence_ph_meta@error.threshold=0.10,error.min_instances=5",error_divergence_ph_meta,"{""divergence"": {""alpha"": 0.1, ""delta"": 0.005, ""min_instances"": 30, ""threshold"": 0.05}, ""error_rate"": {""alpha"": 0.15, ""delta"": 0.005, ""min_instances"": 5, ""threshold"": 0.1}}","{""error_rate"": {""min_instances"": 5, ""threshold"": 0.1}}",0.1,0.005,0.15,5,0.05,0.005,0.1,30,,,,-1,two_stage,2,0.5,"__confirm_cooldown=200,__confirm_rule=perm_test,__perm_alpha=0.01,__perm_min_effect=0,__perm_n_perm=200,__perm_post_n=10,__perm_pre_n=500,__perm_rng_seed=0,__perm_stat=vote_score,divergence=0.3,error_rate=0.5,teacher_entropy=0.2",3,0,200,0.0,0,10000,10.0,25.0,200,500,1,8,1.0,0.6487585616438356,0.2924703884449523,0.5,0.6894994974136353,0.000331548711983487,0,0,94,93,-1,perm_test,0.004975124378109453,0.4360990409589578,93,93,0,0.0,0.00022463747882284224,0,0.0,0.0,0.0,0.0,0,none,0,1,0,overconfident,0.95,0,mild_drift,0.962022574744296,0.0012700880480652293,0.8119256788975524,0.8605425139475005,1768220039.6743515,0.6949203610420227,0.0013273537624627352
512,32768,32767,sine_abrupt4,sine,ts_drift_adapt,5,"error_divergence_ph_meta@error.threshold=0.10,error.min_instances=5",error_divergence_ph_meta,"{""divergence"": {""alpha"": 0.1, ""delta"": 0.005, ""min_instances"": 30, ""threshold"": 0.05}, ""error_rate"": {""alpha"": 0.15, ""delta"": 0.005, ""min_instances"": 5, ""threshold"": 0.1}}","{""error_rate"": {""min_instances"": 5, ""threshold"": 0.1}}",0.1,0.005,0.15,5,0.05,0.005,0.1,30,,,,-1,two_stage,2,0.5,"__confirm_cooldown=200,__confirm_rule=perm_test,__perm_alpha=0.01,__perm_min_effect=0,__perm_n_perm=200,__perm_post_n=10,__perm_pre_n=500,__perm_rng_seed=0,__perm_stat=vote_score,divergence=0.3,error_rate=0.5,teacher_entropy=0.2",3,0,200,0.0,0,10000,10.0,25.0,200,500,0,0,1.0,0.64874267578125,0.2926232398460018,0.6666666666666666,0.689245879650116,0.000484538177261129,0,0,94,93,-1,perm_test,0.004975124378109453,0.4360990409589578,93,93,0,0.0,0.16666666666666663,0,0.0,0.0,0.0,0.0,0,none,0,1,0,overconfident,0.95,0,mild_drift,0.961161287372148,0.0012850440240326148,0.8059628394487762,0.8577712569737502,1768220039.6828132,0.720268726348877,0.001940369140356779
513,32832,32831,sine_abrupt4,sine,ts_drift_adapt,5,"error_divergence_ph_meta@error.threshold=0.10,error.min_instances=5",error_divergence_ph_meta,"{""divergence"": {""alpha"": 0.1, ""delta"": 0.005, ""min_instances"": 30, ""threshold"": 0.05}, ""error_rate"": {""alpha"": 0.15, ""delta"": 0.005, ""min_instances"": 5, ""threshold"": 0.1}}","{""error_rate"": {""min_instances"": 5, ""threshold"": 0.1}}",0.1,0.005,0.15,5,0.05,0.005,0.1,30,,,,-1,two_stage,2,0.5,"__confirm_cooldown=200,__confirm_rule=perm_test,__perm_alpha=0.01,__perm_min_effect=0,__perm_n_perm=200,__perm_post_n=10,__perm_pre_n=500,__perm_rng_seed=0,__perm_stat=vote_score,divergence=0.3,error_rate=0.5,teacher_entropy=0.2",3,0,200,0.0,0,10000,10.0,25.0,200,500,0,0,1.0,0.6486963937621832,0.2927108379099755,0.3333333333333333,0.6894005537033081,0.00031966526876203716,1,1,95,94,0,perm_test,0.004975124378109453,0.43451479204536986,94,94,0,0.5,0.3333333333333333,1,0.5,0.0,0.0,0.0,0,none,1,1,0,overconfident,0.95,0,severe_drift,0.926080643686074,0.0016425220120163074,0.6529814197243882,0.8338856284868752,1768220039.6976595,0.6699874997138977,0.001279614632949233
514,32896,32895,sine_abrupt4,sine,ts_drift_adapt,5,"error_divergence_ph_meta@error.threshold=0.10,error.min_instances=5",error_divergence_ph_meta,"{""divergence"": {""alpha"": 0.1, ""delta"": 0.005, ""min_instances"": 30, ""threshold"": 0.05}, ""error_rate"": {""alpha"": 0.15, ""delta"": 0.005, ""min_instances"": 5, ""threshold"": 0.1}}","{""error_rate"": {""min_instances"": 5, ""threshold"": 0.1}}",0.1,0.005,0.15,5,0.05,0.005,0.1,30,,,,-1,two_stage,2,0.5,"__confirm_cooldown=200,__confirm_rule=perm_test,__perm_alpha=0.01,__perm_min_effect=0,__perm_n_perm=200,__perm_post_n=10,__perm_pre_n=500,__perm_rng_seed=0,__perm_stat=vote_score,divergence=0.3,error_rate=0.5,teacher_entropy=0.2",3,0,200,0.0,0,10000,10.0,25.0,200,500,1,136,1.0,0.6484982976653697,0.2923996847850947,0.6666666666666666,0.689506471157074,0.0004920370411127806,0,0,95,94,-1,perm_test,0.004975124378109453,0.43451479204536986,94,94,0,0.0,0.3333333333333333,0,0.0,0.0,0.0,0.0,0,none,0,1,0,overconfident,0.95,0,mild_drift,0.943190321843037,0.0014712610060081538,0.7264907098621941,0.8444428142434376,1768220039.7059937,0.7214171290397644,0.00196948554366827
515,32960,32959,sine_abrupt4,sine,ts_drift_adapt,5,"error_divergence_ph_meta@error.threshold=0.10,error.min_instances=5",error_divergence_ph_meta,"{""divergence"": {""alpha"": 0.1, ""delta"": 0.005, ""min_instances"": 30, ""threshold"": 0.05}, ""error_rate"": {""alpha"": 0.15, ""delta"": 0.005, ""min_instances"": 5, ""threshold"": 0.1}}","{""error_rate"": {""min_instances"": 5, ""threshold"": 0.1}}",0.1,0.005,0.15,5,0.05,0.005,0.1,30,,,,-1,two_stage,2,0.5,"__confirm_cooldown=200,__confirm_rule=perm_test,__perm_alpha=0.01,__perm_min_effect=0,__perm_n_perm=200,__perm_post_n=10,__perm_pre_n=500,__perm_rng_seed=0,__perm_stat=vote_score,divergence=0.3,error_rate=0.5,teacher_entropy=0.2",3,0,200,0.0,0,10000,10.0,25.0,200,500,1,72,1.0,0.6483009708737864,0.29208717761457276,0.5,0.6889254450798035,0.0003565218939911574,0,0,95,94,-1,perm_test,0.004975124378109453,0.43451479204536986,94,94,0,0.0,0.16666666666666663,0,0.0,0.0,0.0,0.0,0,none,0,1,0,overconfident,0.95,0,mild_drift,0.9517451609215184,0.0013856305030040769,0.7632453549310971,0.8497214071217187,1768220039.714193,0.7169318795204163,0.0014255334390327334
516,33024,33023,sine_abrupt4,sine,ts_drift_adapt,5,"error_divergence_ph_meta@error.threshold=0.10,error.min_instances=5",error_divergence_ph_meta,"{""divergence"": {""alpha"": 0.1, ""delta"": 0.005, ""min_instances"": 30, ""threshold"": 0.05}, ""error_rate"": {""alpha"": 0.15, ""delta"": 0.005, ""min_instances"": 5, ""threshold"": 0.1}}","{""error_rate"": {""min_instances"": 5, ""threshold"": 0.1}}",0.1,0.005,0.15,5,0.05,0.005,0.1,30,,,,-1,two_stage,2,0.5,"__confirm_cooldown=200,__confirm_rule=perm_test,__perm_alpha=0.01,__perm_min_effect=0,__perm_n_perm=200,__perm_post_n=10,__perm_pre_n=500,__perm_rng_seed=0,__perm_stat=vote_score,divergence=0.3,error_rate=0.5,teacher_entropy=0.2",3,0,200,0.0,0,10000,10.0,25.0,200,500,1,8,1.0,0.6481346899224806,0.2918952511947757,0.3333333333333333,0.6889545321464539,0.00026179637643508613,0,0,95,94,-1,perm_test,0.004975124378109453,0.43451479204536986,94,94,0,0.0,0.16666666666666669,0,0.0,0.0,0.0,0.0,0,none,0,1,0,overconfident,0.95,0,mild_drift,0.9560225804607592,0.0013428152515020386,0.7816226774655486,0.8523607035608594,1768220039.7225094,0.6827049255371094,0.0010461036581546068
517,33088,33087,sine_abrupt4,sine,ts_drift_adapt,5,"error_divergence_ph_meta@error.threshold=0.10,error.min_instances=5",error_divergence_ph_meta,"{""divergence"": {""alpha"": 0.1, ""delta"": 0.005, ""min_instances"": 30, ""threshold"": 0.05}, ""error_rate"": {""alpha"": 0.15, ""delta"": 0.005, ""min_instances"": 5, ""threshold"": 0.1}}","{""error_rate"": {""min_instances"": 5, ""threshold"": 0.1}}",0.1,0.005,0.15,5,0.05,0.005,0.1,30,,,,-1,two_stage,2,0.5,"__confirm_cooldown=200,__confirm_rule=perm_test,__perm_alpha=0.01,__perm_min_effect=0,__perm_n_perm=200,__perm_post_n=10,__perm_pre_n=500,__perm_rng_seed=0,__perm_stat=vote_score,divergence=0.3,error_rate=0.5,teacher_entropy=0.2",3,0,200,0.0,0,10000,10.0,25.0,200,500,0,0,1.0,0.6478783849129593,0.2915074026089154,0.5,0.6890774369239807,0.00037184712709859014,0,0,95,94,-1,perm_test,0.004975124378109453,0.43451479204536986,94,94,0,0.0,0.16666666666666669,0,0.0,0.0,0.0,0.0,0,none,0,1,0,overconfident,0.95,0,mild_drift,0.9581612902303795,0.0013214076257510193,0.7908113387327743,0.8536803517804297,1768220039.730923,0.6985694766044617,0.0014868666185066104
518,33152,33151,sine_abrupt4,sine,ts_drift_adapt,5,"error_divergence_ph_meta@error.threshold=0.10,error.min_instances=5",error_divergence_ph_meta,"{""divergence"": {""alpha"": 0.1, ""delta"": 0.005, ""min_instances"": 30, ""threshold"": 0.05}, ""error_rate"": {""alpha"": 0.15, ""delta"": 0.005, ""min_instances"": 5, ""threshold"": 0.1}}","{""error_rate"": {""min_instances"": 5, ""threshold"": 0.1}}",0.1,0.005,0.15,5,0.05,0.005,0.1,30,,,,-1,two_stage,2,0.5,"__confirm_cooldown=200,__confirm_rule=perm_test,__perm_alpha=0.01,__perm_min_effect=0,__perm_n_perm=200,__perm_post_n=10,__perm_pre_n=500,__perm_rng_seed=0,__perm_stat=vote_score,divergence=0.3,error_rate=0.5,teacher_entropy=0.2",3,0,200,0.0,0,10000,10.0,25.0,200,500,0,0,1.0,0.6477437258687259,0.29142351351802886,0.5,0.6889553070068359,0.00040780194103717804,1,1,96,95,0,perm_test,0.004975124378109453,0.4700476779239737,95,95,0,0.16666666666666669,3.5954813938587904e-05,1,0.5,0.0,0.0,0.0,0,none,1,1,0,overconfident,0.95,0,severe_drift,0.9245806451151898,0.0016607038128755097,0.6454056693663872,0.8318401758902149,1768220039.7458298,0.6755225658416748,0.0016299922717735171
519,33216,33215,sine_abrupt4,sine,ts_drift_adapt,5,"error_divergence_ph_meta@error.threshold=0.10,error.min_instances=5",error_divergence_ph_meta,"{""divergence"": {""alpha"": 0.1, ""delta"": 0.005, ""min_instances"": 30, ""threshold"": 0.05}, ""error_rate"": {""alpha"": 0.15, ""delta"": 0.005, ""min_instances"": 5, ""threshold"": 0.1}}","{""error_rate"": {""min_instances"": 5, ""threshold"": 0.1}}",0.1,0.005,0.15,5,0.05,0.005,0.1,30,,,,-1,two_stage,2,0.5,"__confirm_cooldown=200,__confirm_rule=perm_test,__perm_alpha=0.01,__perm_min_effect=0,__perm_n_perm=200,__perm_post_n=10,__perm_pre_n=500,__perm_rng_seed=0,__perm_stat=vote_score,divergence=0.3,error_rate=0.5,teacher_entropy=0.2",3,0,200,0.0,0,10000,10.0,25.0,200,500,1,136,1.0,0.6476095857418112,0.2912255089023175,0.6666666666666666,0.6890392303466797,0.0004331345553509891,0,0,96,95,-1,perm_test,0.004975124378109453,0.4700476779239737,95,95,0,0.0,0.16666666666666663,0,0.0,0.0,0.0,0.0,0,none,0,1,0,overconfident,0.95,0,mild_drift,0.9424403225575948,0.001480351906437755,0.7227028346831936,0.8434200879451075,1768220039.7542155,0.729865312576294,0.0017310817493125796
520,33280,33279,sine_abrupt4,sine,ts_drift_adapt,5,"error_divergence_ph_meta@error.threshold=0.10,error.min_instances=5",error_divergence_ph_meta,"{""divergence"": {""alpha"": 0.1, ""delta"": 0.005, ""min_instances"": 30, ""threshold"": 0.05}, ""error_rate"": {""alpha"": 0.15, ""delta"": 0.005, ""min_instances"": 5, ""threshold"": 0.1}}","{""error_rate"": {""min_instances"": 5, ""threshold"": 0.1}}",0.1,0.005,0.15,5,0.05,0.005,0.1,30,,,,-1,two_stage,2,0.5,"__confirm_cooldown=200,__confirm_rule=perm_test,__perm_alpha=0.01,__perm_min_effect=0,__perm_n_perm=200,__perm_post_n=10,__perm_pre_n=500,__perm_rng_seed=0,__perm_stat=vote_score,divergence=0.3,error_rate=0.5,teacher_entropy=0.2",3,0,200,0.0,0,10000,10.0,25.0,200,500,1,72,1.0,0.6474158653846154,0.290971703859287,0.3333333333333333,0.6898089647293091,0.00037721748230978847,0,0,96,95,-1,perm_test,0.004975124378109453,0.4700476779239737,95,95,0,0.0,0.3333333333333333,0,0.0,0.0,0.0,0.0,0,none,0,1,0,overconfident,0.95,0,mild_drift,0.9513701612787974,0.0013901759532188775,0.7613514173415968,0.8492100439725537,1768220039.762562,0.6601123213768005,0.0015088962391018867
521,33344,33343,sine_abrupt4,sine,ts_drift_adapt,5,"error_divergence_ph_meta@error.threshold=0.10,error.min_instances=5",error_divergence_ph_meta,"{""divergence"": {""alpha"": 0.1, ""delta"": 0.005, ""min_instances"": 30, ""threshold"": 0.05}, ""error_rate"": {""alpha"": 0.15, ""delta"": 0.005, ""min_instances"": 5, ""threshold"": 0.1}}","{""error_rate"": {""min_instances"": 5, ""threshold"": 0.1}}",0.1,0.005,0.15,5,0.05,0.005,0.1,30,,,,-1,two_stage,2,0.5,"__confirm_cooldown=200,__confirm_rule=perm_test,__perm_alpha=0.01,__perm_min_effect=0,__perm_n_perm=200,__perm_post_n=10,__perm_pre_n=500,__perm_rng_seed=0,__perm_stat=vote_score,divergence=0.3,error_rate=0.5,teacher_entropy=0.2",3,0,200,0.0,0,10000,10.0,25.0,200,500,1,8,1.0,0.647462811900192,0.2912407617788554,0.16666666666666666,0.689644992351532,0.00024744225083850324,0,0,96,95,-1,perm_test,0.004975124378109453,0.4700476779239737,95,95,0,0.0,0.16666666666666666,0,0.0,0.0,0.0,0.0,0,none,0,1,0,overconfident,0.95,0,mild_drift,0.9558350806393987,0.0013450879766094387,0.7806757086707985,0.8521050219862769,1768220039.7708974,0.6506571769714355,0.0009897751733660698
522,33408,33407,sine_abrupt4,sine,ts_drift_adapt,5,"error_divergence_ph_meta@error.threshold=0.10,error.min_instances=5",error_divergence_ph_meta,"{""divergence"": {""alpha"": 0.1, ""delta"": 0.005, ""min_instances"": 30, ""threshold"": 0.05}, ""error_rate"": {""alpha"": 0.15, ""delta"": 0.005, ""min_instances"": 5, ""threshold"": 0.1}}","{""error_rate"": {""min_instances"": 5, ""threshold"": 0.1}}",0.1,0.005,0.15,5,0.05,0.005,0.1,30,,,,-1,two_stage,2,0.5,"__confirm_cooldown=200,__confirm_rule=perm_test,__perm_alpha=0.01,__perm_min_effect=0,__perm_n_perm=200,__perm_post_n=10,__perm_pre_n=500,__perm_rng_seed=0,__perm_stat=vote_score,divergence=0.3,error_rate=0.5,teacher_entropy=0.2",3,0,200,0.0,0,10000,10.0,25.0,200,500,0,0,1.0,0.647180316091954,0.2907229998874393,0.6666666666666666,0.6884750723838806,0.00019312043150421232,0,0,96,95,-1,perm_test,0.004975124378109453,0.4700476779239737,95,95,0,0.0,0.5,0,0.0,0.0,0.0,0.0,0,none,0,1,0,overconfident,0.95,0,mild_drift,0.9580675403196993,0.0013225439883047196,0.7903378543353993,0.8535525109931384,1768220039.78101,0.7354347705841064,0.0007718934793956578
523,33472,33471,sine_abrupt4,sine,ts_drift_adapt,5,"error_divergence_ph_meta@error.threshold=0.10,error.min_instances=5",error_divergence_ph_meta,"{""divergence"": {""alpha"": 0.1, ""delta"": 0.005, ""min_instances"": 30, ""threshold"": 0.05}, ""error_rate"": {""alpha"": 0.15, ""delta"": 0.005, ""min_instances"": 5, ""threshold"": 0.1}}","{""error_rate"": {""min_instances"": 5, ""threshold"": 0.1}}",0.1,0.005,0.15,5,0.05,0.005,0.1,30,,,,-1,two_stage,2,0.5,"__confirm_cooldown=200,__confirm_rule=perm_test,__perm_alpha=0.01,__perm_min_effect=0,__perm_n_perm=200,__perm_post_n=10,__perm_pre_n=500,__perm_rng_seed=0,__perm_stat=vote_score,divergence=0.3,error_rate=0.5,teacher_entropy=0.2",3,0,200,0.0,0,10000,10.0,25.0,200,500,0,0,1.0,0.6471677820267686,0.2908435291207141,0.16666666666666666,0.689333975315094,0.00028986859251745045,1,1,97,96,0,perm_test,0.004975124378109453,0.477323679043619,96,96,0,0.33333333333333337,0.5,1,0.5,0.0,0.0,0.0,0,none,1,1,0,overconfident,0.95,0,severe_drift,0.9245337701598497,0.0016612719941523598,0.6451689271676997,0.8317762554965693,1768220039.7971709,0.6139790415763855,0.001160025130957365
524,33536,33535,sine_abrupt4,sine,ts_drift_adapt,5,"error_divergence_ph_meta@error.threshold=0.10,error.min_instances=5",error_divergence_ph_meta,"{""divergence"": {""alpha"": 0.1, ""delta"": 0.005, ""min_instances"": 30, ""threshold"": 0.05}, ""error_rate"": {""alpha"": 0.15, ""delta"": 0.005, ""min_instances"": 5, ""threshold"": 0.1}}","{""error_rate"": {""min_instances"": 5, ""threshold"": 0.1}}",0.1,0.005,0.15,5,0.05,0.005,0.1,30,,,,-1,two_stage,2,0.5,"__confirm_cooldown=200,__confirm_rule=perm_test,__perm_alpha=0.01,__perm_min_effect=0,__perm_n_perm=200,__perm_post_n=10,__perm_pre_n=500,__perm_rng_seed=0,__perm_stat=vote_score,divergence=0.3,error_rate=0.5,teacher_entropy=0.2",3,0,200,0.0,0,10000,10.0,25.0,200,500,1,136,1.0,0.6470360209923665,0.2906980130813472,0.3333333333333333,0.6902199983596802,0.00039417698280885816,0,0,97,96,-1,perm_test,0.004975124378109453,0.477323679043619,96,96,0,0.0,0.16666666666666666,0,0.0,0.0,0.0,0.0,0,none,0,1,0,overconfident,0.95,0,mild_drift,0.9424168850799248,0.00148063599707618,0.7225844635838499,0.8433881277482846,1768220039.8055701,0.6730905175209045,0.0015802527777850628
525,33600,33599,sine_abrupt4,sine,ts_drift_adapt,5,"error_divergence_ph_meta@error.threshold=0.10,error.min_instances=5",error_divergence_ph_meta,"{""divergence"": {""alpha"": 0.1, ""delta"": 0.005, ""min_instances"": 30, ""threshold"": 0.05}, ""error_rate"": {""alpha"": 0.15, ""delta"": 0.005, ""min_instances"": 5, ""threshold"": 0.1}}","{""error_rate"": {""min_instances"": 5, ""threshold"": 0.1}}",0.1,0.005,0.15,5,0.05,0.005,0.1,30,,,,-1,two_stage,2,0.5,"__confirm_cooldown=200,__confirm_rule=perm_test,__perm_alpha=0.01,__perm_min_effect=0,__perm_n_perm=200,__perm_post_n=10,__perm_pre_n=500,__perm_rng_seed=0,__perm_stat=vote_score,divergence=0.3,error_rate=0.5,teacher_entropy=0.2",3,0,200,0.0,0,10000,10.0,25.0,200,500,1,72,1.0,0.6469940476190477,0.290731703358297,0.6666666666666666,0.6894320845603943,0.000448990409495309,0,0,97,96,-1,perm_test,0.004975124378109453,0.477323679043619,96,96,0,0.0,0.3333333333333333,0,0.0,0.0,0.0,0.0,0,none,0,1,0,overconfident,0.95,0,mild_drift,0.9513584425399624,0.0013903179985380902,0.761292231791925,0.8491940638741423,1768220039.8139977,0.7554196715354919,0.0018007776234298944
526,33664,33663,sine_abrupt4,sine,ts_drift_adapt,5,"error_divergence_ph_meta@error.threshold=0.10,error.min_instances=5",error_divergence_ph_meta,"{""divergence"": {""alpha"": 0.1, ""delta"": 0.005, ""min_instances"": 30, ""threshold"": 0.05}, ""error_rate"": {""alpha"": 0.15, ""delta"": 0.005, ""min_instances"": 5, ""threshold"": 0.1}}","{""error_rate"": {""min_instances"": 5, ""threshold"": 0.1}}",0.1,0.005,0.15,5,0.05,0.005,0.1,30,,,,-1,two_stage,2,0.5,"__confirm_cooldown=200,__confirm_rule=perm_test,__perm_alpha=0.01,__perm_min_effect=0,__perm_n_perm=200,__perm_post_n=10,__perm_pre_n=500,__perm_rng_seed=0,__perm_stat=vote_score,divergence=0.3,error_rate=0.5,teacher_entropy=0.2",3,0,200,0.0,0,10000,10.0,25.0,200,500,1,8,1.0,0.6468334125475285,0.29046568878477486,0.3333333333333333,0.6884973049163818,0.00038676633266732097,0,0,97,96,-1,perm_test,0.004975124378109453,0.477323679043619,96,96,0,0.0,0.3333333333333333,0,0.0,0.0,0.0,0.0,0,none,0,1,0,overconfident,0.95,0,mild_drift,0.9558292212699812,0.001345158999269045,0.7806461158959626,0.8520970319370711,1768220039.8224723,0.6804515719413757,0.001550912857055664
527,33728,33727,sine_abrupt4,sine,ts_drift_adapt,5,"error_divergence_ph_meta@error.threshold=0.10,error.min_instances=5",error_divergence_ph_meta,"{""divergence"": {""alpha"": 0.1, ""delta"": 0.005, ""min_instances"": 30, ""threshold"": 0.05}, ""error_rate"": {""alpha"": 0.15, ""delta"": 0.005, ""min_instances"": 5, ""threshold"": 0.1}}","{""error_rate"": {""min_instances"": 5, ""threshold"": 0.1}}",0.1,0.005,0.15,5,0.05,0.005,0.1,30,,,,-1,two_stage,2,0.5,"__confirm_cooldown=200,__confirm_rule=perm_test,__perm_alpha=0.01,__perm_min_effect=0,__perm_n_perm=200,__perm_post_n=10,__perm_pre_n=500,__perm_rng_seed=0,__perm_stat=vote_score,divergence=0.3,error_rate=0.5,teacher_entropy=0.2",3,0,200,0.0,0,10000,10.0,25.0,200,500,0,0,1.0,0.6464658444022771,0.28972655280926685,0.6666666666666666,0.6888844966888428,0.0005003952537663281,0,0,97,96,-1,perm_test,0.004975124378109453,0.477323679043619,96,96,0,0.0,0.3333333333333333,0,0.0,0.0,0.0,0.0,0,none,0,1,0,overconfident,0.95,0,mild_drift,0.9580646106349906,0.0013225794996345225,0.7903230579479813,0.8535485159685355,1768220039.830922,0.746417224407196,0.002007892355322838
528,33792,33791,sine_abrupt4,sine,ts_drift_adapt,5,"error_divergence_ph_meta@error.threshold=0.10,error.min_instances=5",error_divergence_ph_meta,"{""divergence"": {""alpha"": 0.1, ""delta"": 0.005, ""min_instances"": 30, ""threshold"": 0.05}, ""error_rate"": {""alpha"": 0.15, ""delta"": 0.005, ""min_instances"": 5, ""threshold"": 0.1}}","{""error_rate"": {""min_instances"": 5, ""threshold"": 0.1}}",0.1,0.005,0.15,5,0.05,0.005,0.1,30,,,,-1,two_stage,2,0.5,"__confirm_cooldown=200,__confirm_rule=perm_test,__perm_alpha=0.01,__perm_min_effect=0,__perm_n_perm=200,__perm_post_n=10,__perm_pre_n=500,__perm_rng_seed=0,__perm_stat=vote_score,divergence=0.3,error_rate=0.5,teacher_entropy=0.2",3,0,200,0.0,0,10000,10.0,25.0,200,500,0,0,1.0,0.6463364109848485,0.28955836928018136,0.5,0.6897192597389221,0.0004781409224960953,1,1,98,97,0,perm_test,0.004975124378109453,0.4551805461489481,97,97,0,0.33333333333333337,0.16666666666666663,1,0.5,0.0,0.0,0.0,0,none,1,1,0,overconfident,0.95,0,severe_drift,0.9245323053174953,0.0016612897498172613,0.6451615289739907,0.8317742579842677,1768220039.8464277,0.7093568444252014,0.0019176206551492214
529,33856,33855,sine_abrupt4,sine,ts_drift_adapt,5,"error_divergence_ph_meta@error.threshold=0.10,error.min_instances=5",error_divergence_ph_meta,"{""divergence"": {""alpha"": 0.1, ""delta"": 0.005, ""min_instances"": 30, ""threshold"": 0.05}, ""error_rate"": {""alpha"": 0.15, ""delta"": 0.005, ""min_instances"": 5, ""threshold"": 0.1}}","{""error_rate"": {""min_instances"": 5, ""threshold"": 0.1}}",0.1,0.005,0.15,5,0.05,0.005,0.1,30,,,,-1,two_stage,2,0.5,"__confirm_cooldown=200,__confirm_rule=perm_test,__perm_alpha=0.01,__perm_min_effect=0,__perm_n_perm=200,__perm_post_n=10,__perm_pre_n=500,__perm_rng_seed=0,__perm_stat=vote_score,divergence=0.3,error_rate=0.5,teacher_entropy=0.2",3,0,200,0.0,0,10000,10.0,25.0,200,500,1,136,1.0,0.6461779300567108,0.28932975301478076,0.3333333333333333,0.6887738704681396,0.00034089418477378786,0,0,98,97,-1,perm_test,0.004975124378109453,0.4551805461489481,97,97,0,0.0,0.16666666666666669,0,0.0,0.0,0.0,0.0,0,none,0,1,0,overconfident,0.95,0,mild_drift,0.9424161526587476,0.0014806448749086307,0.7225807644869954,0.8433871289921339,1768220039.8547962,0.6575523614883423,0.001367245800793171
530,33920,33919,sine_abrupt4,sine,ts_drift_adapt,5,"error_divergence_ph_meta@error.threshold=0.10,error.min_instances=5",error_divergence_ph_meta,"{""divergence"": {""alpha"": 0.1, ""delta"": 0.005, ""min_instances"": 30, ""threshold"": 0.05}, ""error_rate"": {""alpha"": 0.15, ""delta"": 0.005, ""min_instances"": 5, ""threshold"": 0.1}}","{""error_rate"": {""min_instances"": 5, ""threshold"": 0.1}}",0.1,0.005,0.15,5,0.05,0.005,0.1,30,,,,-1,two_stage,2,0.5,"__confirm_cooldown=200,__confirm_rule=perm_test,__perm_alpha=0.01,__perm_min_effect=0,__perm_n_perm=200,__perm_post_n=10,__perm_pre_n=500,__perm_rng_seed=0,__perm_stat=vote_score,divergence=0.3,error_rate=0.5,teacher_entropy=0.2",3,0,200,0.0,0,10000,10.0,25.0,200,500,1,72,1.0,0.6460790094339622,0.28923129600569747,0.5,0.6887876987457275,0.0005205983761698008,0,0,98,97,-1,perm_test,0.004975124378109453,0.4551805461489481,97,97,0,0.0,0.16666666666666669,0,0.0,0.0,0.0,0.0,0,none,0,1,0,overconfident,0.95,0,mild_drift,0.9513580763293737,0.0013903224374543154,0.7612903822434978,0.8491935644960669,1768220039.8631485,0.6687806248664856,0.002088874578475952
531,33984,33983,sine_abrupt4,sine,ts_drift_adapt,5,"error_divergence_ph_meta@error.threshold=0.10,error.min_instances=5",error_divergence_ph_meta,"{""divergence"": {""alpha"": 0.1, ""delta"": 0.005, ""min_instances"": 30, ""threshold"": 0.05}, ""error_rate"": {""alpha"": 0.15, ""delta"": 0.005, ""min_instances"": 5, ""threshold"": 0.1}}","{""error_rate"": {""min_instances"": 5, ""threshold"": 0.1}}",0.1,0.005,0.15,5,0.05,0.005,0.1,30,,,,-1,two_stage,2,0.5,"__confirm_cooldown=200,__confirm_rule=perm_test,__perm_alpha=0.01,__perm_min_effect=0,__perm_n_perm=200,__perm_post_n=10,__perm_pre_n=500,__perm_rng_seed=0,__perm_stat=vote_score,divergence=0.3,error_rate=0.5,teacher_entropy=0.2",3,0,200,0.0,0,10000,10.0,25.0,200,500,1,8,1.0,0.645980461393597,0.2891201616255853,0.16666666666666666,0.6887295246124268,0.00040681601967662573,0,0,98,97,-1,perm_test,0.004975124378109453,0.4551805461489481,97,97,0,0.0,0.33333333333333337,0,0.0,0.0,0.0,0.0,0,none,0,1,0,overconfident,0.95,0,mild_drift,0.9558290381646868,0.0013451612187271578,0.7806451911217489,0.8520967822480334,1768220039.8716292,0.6564001441001892,0.0016327145276591182
532,34048,34047,sine_abrupt4,sine,ts_drift_adapt,5,"error_divergence_ph_meta@error.threshold=0.10,error.min_instances=5",error_divergence_ph_meta,"{""divergence"": {""alpha"": 0.1, ""delta"": 0.005, ""min_instances"": 30, ""threshold"": 0.05}, ""error_rate"": {""alpha"": 0.15, ""delta"": 0.005, ""min_instances"": 5, ""threshold"": 0.1}}","{""error_rate"": {""min_instances"": 5, ""threshold"": 0.1}}",0.1,0.005,0.15,5,0.05,0.005,0.1,30,,,,-1,two_stage,2,0.5,"__confirm_cooldown=200,__confirm_rule=perm_test,__perm_alpha=0.01,__perm_min_effect=0,__perm_n_perm=200,__perm_post_n=10,__perm_pre_n=500,__perm_rng_seed=0,__perm_stat=vote_score,divergence=0.3,error_rate=0.5,teacher_entropy=0.2",3,0,200,0.0,0,10000,10.0,25.0,200,500,0,0,1.0,0.645764802631579,0.28874006985854644,0.16666666666666666,0.6883898973464966,0.00039024496800266206,0,0,98,97,-1,perm_test,0.004975124378109453,0.4551805461489481,97,97,0,0.0,1.6571051673963666e-05,0,0.0,0.0,0.0,0.0,0,none,0,1,0,overconfident,0.95,0,mild_drift,0.9580645190823434,0.001322580609363579,0.7903225955608745,0.8535483911240167,1768220039.880285,0.6343574523925781,0.0015662112273275852
533,34112,34111,sine_abrupt4,sine,ts_drift_adapt,5,"error_divergence_ph_meta@error.threshold=0.10,error.min_instances=5",error_divergence_ph_meta,"{""divergence"": {""alpha"": 0.1, ""delta"": 0.005, ""min_instances"": 30, ""threshold"": 0.05}, ""error_rate"": {""alpha"": 0.15, ""delta"": 0.005, ""min_instances"": 5, ""threshold"": 0.1}}","{""error_rate"": {""min_instances"": 5, ""threshold"": 0.1}}",0.1,0.005,0.15,5,0.05,0.005,0.1,30,,,,-1,two_stage,2,0.5,"__confirm_cooldown=200,__confirm_rule=perm_test,__perm_alpha=0.01,__perm_min_effect=0,__perm_n_perm=200,__perm_post_n=10,__perm_pre_n=500,__perm_rng_seed=0,__perm_stat=vote_score,divergence=0.3,error_rate=0.5,teacher_entropy=0.2",3,0,200,0.0,0,10000,10.0,25.0,200,500,0,0,1.0,0.6454326923076923,0.2880818799678067,0.6666666666666666,0.6878443956375122,0.0005401720991358161,1,1,99,98,0,perm_test,0.004975124378109453,0.4338670013098467,98,98,0,0.16666666666666663,0.5,1,0.5,0.0,0.0,0.0,0,none,1,1,0,overconfident,0.95,0,severe_drift,0.9245322595411717,0.0016612903046817895,0.6451612977804373,0.8317741955620084,1768220039.8950236,0.7369818091392517,0.0021689245477318764
534,34176,34175,sine_abrupt4,sine,ts_drift_adapt,5,"error_divergence_ph_meta@error.threshold=0.10,error.min_instances=5",error_divergence_ph_meta,"{""divergence"": {""alpha"": 0.1, ""delta"": 0.005, ""min_instances"": 30, ""threshold"": 0.05}, ""error_rate"": {""alpha"": 0.15, ""delta"": 0.005, ""min_instances"": 5, ""threshold"": 0.1}}","{""error_rate"": {""min_instances"": 5, ""threshold"": 0.1}}",0.1,0.005,0.15,5,0.05,0.005,0.1,30,,,,-1,two_stage,2,0.5,"__confirm_cooldown=200,__confirm_rule=perm_test,__perm_alpha=0.01,__perm_min_effect=0,__perm_n_perm=200,__perm_post_n=10,__perm_pre_n=500,__perm_rng_seed=0,__perm_stat=vote_score,divergence=0.3,error_rate=0.5,teacher_entropy=0.2",3,0,200,0.0,0,10000,10.0,25.0,200,500,1,136,1.0,0.645189606741573,0.2876122653801727,0.16666666666666666,0.6880528926849365,0.000556587299797684,0,0,99,98,-1,perm_test,0.004975124378109453,0.4338670013098467,98,98,0,0.0,0.5,0,0.0,0.0,0.0,0.0,0,none,0,1,0,overconfident,0.95,0,mild_drift,0.9424161297705858,0.0014806451523408947,0.7225806488902187,0.8433870977810042,1768220039.9034696,0.6309359073638916,0.0022347960621118546
535,34240,34239,sine_abrupt4,sine,ts_drift_adapt,5,"error_divergence_ph_meta@error.threshold=0.10,error.min_instances=5",error_divergence_ph_meta,"{""divergence"": {""alpha"": 0.1, ""delta"": 0.005, ""min_instances"": 30, ""threshold"": 0.05}, ""error_rate"": {""alpha"": 0.15, ""delta"": 0.005, ""min_instances"": 5, ""threshold"": 0.1}}","{""error_rate"": {""min_instances"": 5, ""threshold"": 0.1}}",0.1,0.005,0.15,5,0.05,0.005,0.1,30,,,,-1,two_stage,2,0.5,"__confirm_cooldown=200,__confirm_rule=perm_test,__perm_alpha=0.01,__perm_min_effect=0,__perm_n_perm=200,__perm_post_n=10,__perm_pre_n=500,__perm_rng_seed=0,__perm_stat=vote_score,divergence=0.3,error_rate=0.5,teacher_entropy=0.2",3,0,200,0.0,0,10000,10.0,25.0,200,500,1,72,1.0,0.6451810747663551,0.2877217655664069,0.16666666666666666,0.6872628331184387,0.0006084130145609379,0,0,99,98,-1,perm_test,0.004975124378109453,0.4338670013098467,98,98,0,0.0,5.182571476325393e-05,0,0.0,0.0,0.0,0.0,0,none,0,1,0,overconfident,0.95,0,mild_drift,0.9513580648852928,0.0013903225761704475,0.7612903244451094,0.849193548890502,1768220039.911778,0.5882387757301331,0.0024448700714856386
536,34304,34303,sine_abrupt4,sine,ts_drift_adapt,5,"error_divergence_ph_meta@error.threshold=0.10,error.min_instances=5",error_divergence_ph_meta,"{""divergence"": {""alpha"": 0.1, ""delta"": 0.005, ""min_instances"": 30, ""threshold"": 0.05}, ""error_rate"": {""alpha"": 0.15, ""delta"": 0.005, ""min_instances"": 5, ""threshold"": 0.1}}","{""error_rate"": {""min_instances"": 5, ""threshold"": 0.1}}",0.1,0.005,0.15,5,0.05,0.005,0.1,30,,,,-1,two_stage,2,0.5,"__confirm_cooldown=200,__confirm_rule=perm_test,__perm_alpha=0.01,__perm_min_effect=0,__perm_n_perm=200,__perm_post_n=10,__perm_pre_n=500,__perm_rng_seed=0,__perm_stat=vote_score,divergence=0.3,error_rate=0.5,teacher_entropy=0.2",3,0,200,0.0,0,10000,10.0,25.0,200,500,1,8,1.0,0.6449393656716418,0.28727630755075434,0.8333333333333334,0.6859537959098816,0.0006467373459599912,0,0,99,98,-1,perm_test,0.004975124378109453,0.4338670013098467,98,98,0,0.0,0.6666666666666667,0,0.0,0.0,0.0,0.0,0,none,0,1,0,overconfident,0.95,0,mild_drift,0.9558290324426464,0.0013451612880852237,0.7806451622225548,0.852096774445251,1768220039.9204311,0.8096022009849548,0.0026009827852249146
537,34368,34367,sine_abrupt4,sine,ts_drift_adapt,5,"error_divergence_ph_meta@error.threshold=0.10,error.min_instances=5",error_divergence_ph_meta,"{""divergence"": {""alpha"": 0.1, ""delta"": 0.005, ""min_instances"": 30, ""threshold"": 0.05}, ""error_rate"": {""alpha"": 0.15, ""delta"": 0.005, ""min_instances"": 5, ""threshold"": 0.1}}","{""error_rate"": {""min_instances"": 5, ""threshold"": 0.1}}",0.1,0.005,0.15,5,0.05,0.005,0.1,30,,,,-1,two_stage,2,0.5,"__confirm_cooldown=200,__confirm_rule=perm_test,__perm_alpha=0.01,__perm_min_effect=0,__perm_n_perm=200,__perm_post_n=10,__perm_pre_n=500,__perm_rng_seed=0,__perm_stat=vote_score,divergence=0.3,error_rate=0.5,teacher_entropy=0.2",3,0,200,0.0,0,10000,10.0,25.0,200,500,0,0,1.0,0.6450186219739292,0.2875896939261592,0.5,0.6861855983734131,0.0006666796980425715,0,0,99,98,-1,perm_test,0.004975124378109453,0.4338670013098467,98,98,0,0.0,0.33333333333333337,0,0.0,0.0,0.0,0.0,0,none,0,1,0,overconfident,0.95,0,mild_drift,0.9580645162213232,0.001322580644042612,0.7903225811112774,0.8535483872226255,1768220039.9285765,0.7133061289787292,0.0026808427646756172
538,34432,34431,sine_abrupt4,sine,ts_drift_adapt,5,"error_divergence_ph_meta@error.threshold=0.10,error.min_instances=5",error_divergence_ph_meta,"{""divergence"": {""alpha"": 0.1, ""delta"": 0.005, ""min_instances"": 30, ""threshold"": 0.05}, ""error_rate"": {""alpha"": 0.15, ""delta"": 0.005, ""min_instances"": 5, ""threshold"": 0.1}}","{""error_rate"": {""min_instances"": 5, ""threshold"": 0.1}}",0.1,0.005,0.15,5,0.05,0.005,0.1,30,,,,-1,two_stage,2,0.5,"__confirm_cooldown=200,__confirm_rule=perm_test,__perm_alpha=0.01,__perm_min_effect=0,__perm_n_perm=200,__perm_post_n=10,__perm_pre_n=500,__perm_rng_seed=0,__perm_stat=vote_score,divergence=0.3,error_rate=0.5,teacher_entropy=0.2",3,0,200,0.0,0,10000,10.0,25.0,200,500,0,0,1.0,0.6447490706319703,0.2870760114875811,0.5,0.6868458986282349,0.0007578259683214128,1,1,100,99,0,perm_test,0.004975124378109453,0.4103720482628731,99,99,0,0.16666666666666663,9.114627027884126e-05,1,0.5,0.0,0.0,0.0,0,none,1,1,0,overconfident,0.95,0,severe_drift,0.9245322581106616,0.001661290322021306,0.6451612905556388,0.8317741936113128,1768220039.9434278,0.6724715232849121,0.003048074198886752
539,34496,34495,sine_abrupt4,sine,ts_drift_adapt,5,"error_divergence_ph_meta@error.threshold=0.10,error.min_instances=5",error_divergence_ph_meta,"{""divergence"": {""alpha"": 0.1, ""delta"": 0.005, ""min_instances"": 30, ""threshold"": 0.05}, ""error_rate"": {""alpha"": 0.15, ""delta"": 0.005, ""min_instances"": 5, ""threshold"": 0.1}}","{""error_rate"": {""min_instances"": 5, ""threshold"": 0.1}}",0.1,0.005,0.15,5,0.05,0.005,0.1,30,,,,-1,two_stage,2,0.5,"__confirm_cooldown=200,__confirm_rule=perm_test,__perm_alpha=0.01,__perm_min_effect=0,__perm_n_perm=200,__perm_post_n=10,__perm_pre_n=500,__perm_rng_seed=0,__perm_stat=vote_score,divergence=0.3,error_rate=0.5,teacher_entropy=0.2",3,0,200,0.0,0,10000,10.0,25.0,200,500,1,136,1.0,0.6446834415584416,0.28704299034054,0.5,0.6860978603363037,0.0005081742419861257,0,0,100,99,-1,perm_test,0.004975124378109453,0.4103720482628731,99,99,0,0.0,0.0002496517263352871,0,0.0,0.0,0.0,0.0,0,none,0,1,0,overconfident,0.95,0,mild_drift,0.9424161290553308,0.0014806451610106532,0.7225806452778194,0.8433870968056564,1768220039.9516933,0.7195754051208496,0.00204351800493896
540,34560,34559,sine_abrupt4,sine,ts_drift_adapt,5,"error_divergence_ph_meta@error.threshold=0.10,error.min_instances=5",error_divergence_ph_meta,"{""divergence"": {""alpha"": 0.1, ""delta"": 0.005, ""min_instances"": 30, ""threshold"": 0.05}, ""error_rate"": {""alpha"": 0.15, ""delta"": 0.005, ""min_instances"": 5, ""threshold"": 0.1}}","{""error_rate"": {""min_instances"": 5, ""threshold"": 0.1}}",0.1,0.005,0.15,5,0.05,0.005,0.1,30,,,,-1,two_stage,2,0.5,"__confirm_cooldown=200,__confirm_rule=perm_test,__perm_alpha=0.01,__perm_min_effect=0,__perm_n_perm=200,__perm_post_n=10,__perm_pre_n=500,__perm_rng_seed=0,__perm_stat=vote_score,divergence=0.3,error_rate=0.5,teacher_entropy=0.2",3,0,200,0.0,0,10000,10.0,25.0,200,500,1,72,1.0,0.6445023148148148,0.28673601520315856,0.3333333333333333,0.6850658059120178,0.0005144865717738867,0,0,100,99,-1,perm_test,0.004975124378109453,0.4103720482628731,99,99,0,0.0,0.16666666666666669,0,0.0,0.0,0.0,0.0,0,none,0,1,0,overconfident,0.95,0,mild_drift,0.9513580645276654,0.0013903225805053268,0.7612903226389097,0.8491935484028281,1768220039.9600165,0.6393612623214722,0.002067490480840206
541,34624,34623,sine_abrupt4,sine,ts_drift_adapt,5,"error_divergence_ph_meta@error.threshold=0.10,error.min_instances=5",error_divergence_ph_meta,"{""divergence"": {""alpha"": 0.1, ""delta"": 0.005, ""min_instances"": 30, ""threshold"": 0.05}, ""error_rate"": {""alpha"": 0.15, ""delta"": 0.005, ""min_instances"": 5, ""threshold"": 0.1}}","{""error_rate"": {""min_instances"": 5, ""threshold"": 0.1}}",0.1,0.005,0.15,5,0.05,0.005,0.1,30,,,,-1,two_stage,2,0.5,"__confirm_cooldown=200,__confirm_rule=perm_test,__perm_alpha=0.01,__perm_min_effect=0,__perm_n_perm=200,__perm_post_n=10,__perm_pre_n=500,__perm_rng_seed=0,__perm_stat=vote_score,divergence=0.3,error_rate=0.5,teacher_entropy=0.2",3,0,200,0.0,0,10000,10.0,25.0,200,500,1,8,1.0,0.6444085027726433,0.28663340720433933,0.0,0.6855312585830688,0.0005194976693019271,0,0,100,99,-1,perm_test,0.004975124378109453,0.4103720482628731,99,99,0,0.0,0.3333333333333333,0,0.0,0.0,0.0,0.0,0,none,0,1,0,overconfident,0.95,0,mild_drift,0.9558290322638326,0.0013451612902526636,0.7806451613194549,0.852096774201414,1768220039.9684637,0.5473943948745728,0.0020867884159088135
542,34688,34687,sine_abrupt4,sine,ts_drift_adapt,5,"error_divergence_ph_meta@error.threshold=0.10,error.min_instances=5",error_divergence_ph_meta,"{""divergence"": {""alpha"": 0.1, ""delta"": 0.005, ""min_instances"": 30, ""threshold"": 0.05}, ""error_rate"": {""alpha"": 0.15, ""delta"": 0.005, ""min_instances"": 5, ""threshold"": 0.1}}","{""error_rate"": {""min_instances"": 5, ""threshold"": 0.1}}",0.1,0.005,0.15,5,0.05,0.005,0.1,30,,,,-1,two_stage,2,0.5,"__confirm_cooldown=200,__confirm_rule=perm_test,__perm_alpha=0.01,__perm_min_effect=0,__perm_n_perm=200,__perm_post_n=10,__perm_pre_n=500,__perm_rng_seed=0,__perm_stat=vote_score,divergence=0.3,error_rate=0.5,teacher_entropy=0.2",3,0,200,0.0,0,10000,10.0,25.0,200,500,0,0,1.0,0.6441420664206642,0.28612366106424736,0.16666666666666666,0.6845092177391052,0.00034251384204253554,0,0,100,99,-1,perm_test,0.004975124378109453,0.4103720482628731,99,99,0,0.0,0.16666666666666666,0,0.0,0.0,0.0,0.0,0,none,0,1,0,overconfident,0.95,0,mild_drift,0.9580645161319163,0.001322580645126332,0.7903225806597275,0.853548387100707,1768220039.976868,0.5670779943466187,0.0013750555226579309
543,34752,34751,sine_abrupt4,sine,ts_drift_adapt,5,"error_divergence_ph_meta@error.threshold=0.10,error.min_instances=5",error_divergence_ph_meta,"{""divergence"": {""alpha"": 0.1, ""delta"": 0.005, ""min_instances"": 30, ""threshold"": 0.05}, ""error_rate"": {""alpha"": 0.15, ""delta"": 0.005, ""min_instances"": 5, ""threshold"": 0.1}}","{""error_rate"": {""min_instances"": 5, ""threshold"": 0.1}}",0.1,0.005,0.15,5,0.05,0.005,0.1,30,,,,-1,two_stage,2,0.5,"__confirm_cooldown=200,__confirm_rule=perm_test,__perm_alpha=0.01,__perm_min_effect=0,__perm_n_perm=200,__perm_post_n=10,__perm_pre_n=500,__perm_rng_seed=0,__perm_stat=vote_score,divergence=0.3,error_rate=0.5,teacher_entropy=0.2",3,0,200,0.0,0,10000,10.0,25.0,200,500,0,0,1.0,0.6441068139963168,0.2861557945021481,0.5,0.68594890832901,0.0006073886761441827,1,1,101,100,0,perm_test,0.004975124378109453,0.42956644795049753,100,100,0,0.0,0.33333333333333337,1,0.5,0.0,0.0,0.0,0,none,1,1,0,overconfident,0.95,0,stable,0.9740322580659582,0.001061290322563166,0.8951612903298638,0.8992741935503535,1768220039.991727,0.7021655440330505,0.002442278666421771
544,34816,34815,sine_abrupt4,sine,ts_drift_adapt,5,"error_divergence_ph_meta@error.threshold=0.10,error.min_instances=5",error_divergence_ph_meta,"{""divergence"": {""alpha"": 0.1, ""delta"": 0.005, ""min_instances"": 30, ""threshold"": 0.05}, ""error_rate"": {""alpha"": 0.15, ""delta"": 0.005, ""min_instances"": 5, ""threshold"": 0.1}}","{""error_rate"": {""min_instances"": 5, ""threshold"": 0.1}}",0.1,0.005,0.15,5,0.05,0.005,0.1,30,,,,-1,two_stage,2,0.5,"__confirm_cooldown=200,__confirm_rule=perm_test,__perm_alpha=0.01,__perm_min_effect=0,__perm_n_perm=200,__perm_post_n=10,__perm_pre_n=500,__perm_rng_seed=0,__perm_stat=vote_score,divergence=0.3,error_rate=0.5,teacher_entropy=0.2",3,0,200,0.0,0,10000,10.0,25.0,200,500,1,136,1.0,0.6438419117647058,0.2856480066783586,0.5,0.684217095375061,0.0005643623298965394,0,0,101,100,-1,perm_test,0.004975124378109453,0.42956644795049753,100,100,0,0.0,4.302634624764323e-05,0,0.0,0.0,0.0,0.0,0,none,0,1,0,overconfident,0.95,0,mild_drift,0.967166129032979,0.001180645161281583,0.8475806451649319,0.8771370967751768,1768220040.0000496,0.6983696818351746,0.0022695630323141813
545,34880,34879,sine_abrupt4,sine,ts_drift_adapt,5,"error_divergence_ph_meta@error.threshold=0.10,error.min_instances=5",error_divergence_ph_meta,"{""divergence"": {""alpha"": 0.1, ""delta"": 0.005, ""min_instances"": 30, ""threshold"": 0.05}, ""error_rate"": {""alpha"": 0.15, ""delta"": 0.005, ""min_instances"": 5, ""threshold"": 0.1}}","{""error_rate"": {""min_instances"": 5, ""threshold"": 0.1}}",0.1,0.005,0.15,5,0.05,0.005,0.1,30,,,,-1,two_stage,2,0.5,"__confirm_cooldown=200,__confirm_rule=perm_test,__perm_alpha=0.01,__perm_min_effect=0,__perm_n_perm=200,__perm_post_n=10,__perm_pre_n=500,__perm_rng_seed=0,__perm_stat=vote_score,divergence=0.3,error_rate=0.5,teacher_entropy=0.2",3,0,200,0.0,0,10000,10.0,25.0,200,500,1,72,1.0,0.6437213302752294,0.285477386014529,0.6666666666666666,0.6841539740562439,0.0006967613589949906,0,0,101,100,-1,perm_test,0.004975124378109453,0.42956644795049753,100,100,0,0.0,0.16666666666666663,0,0.0,0.0,0.0,0.0,0,none,0,1,0,overconfident,0.95,0,mild_drift,0.9637330645164894,0.0012403225806407916,0.823790322582466,0.8660685483875884,1768220040.008621,0.7685261368751526,0.002800599206238985
546,34944,34943,sine_abrupt4,sine,ts_drift_adapt,5,"error_divergence_ph_meta@error.threshold=0.10,error.min_instances=5",error_divergence_ph_meta,"{""divergence"": {""alpha"": 0.1, ""delta"": 0.005, ""min_instances"": 30, ""threshold"": 0.05}, ""error_rate"": {""alpha"": 0.15, ""delta"": 0.005, ""min_instances"": 5, ""threshold"": 0.1}}","{""error_rate"": {""min_instances"": 5, ""threshold"": 0.1}}",0.1,0.005,0.15,5,0.05,0.005,0.1,30,,,,-1,two_stage,2,0.5,"__confirm_cooldown=200,__confirm_rule=perm_test,__perm_alpha=0.01,__perm_min_effect=0,__perm_n_perm=200,__perm_post_n=10,__perm_pre_n=500,__perm_rng_seed=0,__perm_stat=vote_score,divergence=0.3,error_rate=0.5,teacher_entropy=0.2",3,0,200,0.0,0,10000,10.0,25.0,200,500,1,8,1.0,0.6435439560439561,0.28517273396153636,0.3333333333333333,0.6831375360488892,0.00050945277325809,0,0,101,100,-1,perm_test,0.004975124378109453,0.42956644795049753,100,100,0,0.0,0.3333333333333333,0,0.0,0.0,0.0,0.0,0,none,0,1,0,overconfident,0.95,0,mild_drift,0.9620165322582447,0.0012701612903203959,0.8118951612912331,0.8605342741937942,1768220040.0168679,0.6505667567253113,0.0020473948679864407
547,35008,35007,sine_abrupt4,sine,ts_drift_adapt,5,"error_divergence_ph_meta@error.threshold=0.10,error.min_instances=5",error_divergence_ph_meta,"{""divergence"": {""alpha"": 0.1, ""delta"": 0.005, ""min_instances"": 30, ""threshold"": 0.05}, ""error_rate"": {""alpha"": 0.15, ""delta"": 0.005, ""min_instances"": 5, ""threshold"": 0.1}}","{""error_rate"": {""min_instances"": 5, ""threshold"": 0.1}}",0.1,0.005,0.15,5,0.05,0.005,0.1,30,,,,-1,two_stage,2,0.5,"__confirm_cooldown=200,__confirm_rule=perm_test,__perm_alpha=0.01,__perm_min_effect=0,__perm_n_perm=200,__perm_post_n=10,__perm_pre_n=500,__perm_rng_seed=0,__perm_stat=vote_score,divergence=0.3,error_rate=0.5,teacher_entropy=0.2",3,0,200,0.0,0,10000,10.0,25.0,200,500,0,0,1.0,0.6434814899451554,0.2851351340562,0.3333333333333333,0.6837189197540283,0.0008087704773060977,0,0,101,100,-1,perm_test,0.004975124378109453,0.42956644795049753,100,100,0,0.0,0.0002993177040480077,0,0.0,0.0,0.0,0.0,0,none,0,1,0,overconfident,0.95,0,mild_drift,0.9611582661291223,0.001285080645160198,0.8059475806456166,0.8577671370968971,1768220040.0252872,0.6282697916030884,0.0032555630896240473
548,35072,35071,sine_abrupt4,sine,ts_drift_adapt,5,"error_divergence_ph_meta@error.threshold=0.10,error.min_instances=5",error_divergence_ph_meta,"{""divergence"": {""alpha"": 0.1, ""delta"": 0.005, ""min_instances"": 30, ""threshold"": 0.05}, ""error_rate"": {""alpha"": 0.15, ""delta"": 0.005, ""min_instances"": 5, ""threshold"": 0.1}}","{""error_rate"": {""min_instances"": 5, ""threshold"": 0.1}}",0.1,0.005,0.15,5,0.05,0.005,0.1,30,,,,-1,two_stage,2,0.5,"__confirm_cooldown=200,__confirm_rule=perm_test,__perm_alpha=0.01,__perm_min_effect=0,__perm_n_perm=200,__perm_post_n=10,__perm_pre_n=500,__perm_rng_seed=0,__perm_stat=vote_score,divergence=0.3,error_rate=0.5,teacher_entropy=0.2",3,0,200,0.0,0,10000,10.0,25.0,200,500,0,0,1.0,0.6432766879562044,0.2847642823945587,0.0,0.6833586692810059,0.000658246164675802,1,1,102,101,0,perm_test,0.004975124378109453,0.4623649142926856,101,101,0,0.5,0.3333333333333333,1,0.5,0.0,0.0,0.0,0,none,1,1,0,overconfident,0.95,0,severe_drift,0.9260791330645611,0.001642540322580099,0.6529737903228083,0.8338835685484486,1768220040.040102,0.4890564978122711,0.002646605484187603
549,35136,35135,sine_abrupt4,sine,ts_drift_adapt,5,"error_divergence_ph_meta@error.threshold=0.10,error.min_instances=5",error_divergence_ph_meta,"{""divergence"": {""alpha"": 0.1, ""delta"": 0.005, ""min_instances"": 30, ""threshold"": 0.05}, ""error_rate"": {""alpha"": 0.15, ""delta"": 0.005, ""min_instances"": 5, ""threshold"": 0.1}}","{""error_rate"": {""min_instances"": 5, ""threshold"": 0.1}}",0.1,0.005,0.15,5,0.05,0.005,0.1,30,,,,-1,two_stage,2,0.5,"__confirm_cooldown=200,__confirm_rule=perm_test,__perm_alpha=0.01,__perm_min_effect=0,__perm_n_perm=200,__perm_post_n=10,__perm_pre_n=500,__perm_rng_seed=0,__perm_stat=vote_score,divergence=0.3,error_rate=0.5,teacher_entropy=0.2",3,0,200,0.0,0,10000,10.0,25.0,200,500,1,136,1.0,0.6432149362477231,0.28472538539266445,0.5,0.6828334331512451,0.0006832461804151535,0,0,102,101,-1,perm_test,0.004975124378109453,0.4623649142926856,101,101,0,0.0,0.5,0,0.0,0.0,0.0,0.0,0,none,0,1,0,overconfident,0.95,0,mild_drift,0.9431895665322805,0.0014712701612900497,0.7264868951614042,0.8444417842742242,1768220040.0485559,0.6776320338249207,0.0027490509673953056
550,35200,35199,sine_abrupt4,sine,ts_drift_adapt,5,"error_divergence_ph_meta@error.threshold=0.10,error.min_instances=5",error_divergence_ph_meta,"{""divergence"": {""alpha"": 0.1, ""delta"": 0.005, ""min_instances"": 30, ""threshold"": 0.05}, ""error_rate"": {""alpha"": 0.15, ""delta"": 0.005, ""min_instances"": 5, ""threshold"": 0.1}}","{""error_rate"": {""min_instances"": 5, ""threshold"": 0.1}}",0.1,0.005,0.15,5,0.05,0.005,0.1,30,,,,-1,two_stage,2,0.5,"__confirm_cooldown=200,__confirm_rule=perm_test,__perm_alpha=0.01,__perm_min_effect=0,__perm_n_perm=200,__perm_post_n=10,__perm_pre_n=500,__perm_rng_seed=0,__perm_stat=vote_score,divergence=0.3,error_rate=0.5,teacher_entropy=0.2",3,0,200,0.0,0,10000,10.0,25.0,200,500,1,72,1.0,0.6432102272727273,0.28481725476410313,0.6666666666666666,0.6827512383460999,0.0007828149246051908,0,0,102,101,-1,perm_test,0.004975124378109453,0.4623649142926856,101,101,0,0.0,0.16666666666666663,0,0.0,0.0,0.0,0.0,0,none,0,1,0,overconfident,0.95,0,mild_drift,0.9517447832661402,0.001385635080645025,0.7632434475807022,0.8497208921371121,1768220040.0568075,0.786710798740387,0.003152464982122183
551,35264,35263,sine_abrupt4,sine,ts_drift_adapt,5,"error_divergence_ph_meta@error.threshold=0.10,error.min_instances=5",error_divergence_ph_meta,"{""divergence"": {""alpha"": 0.1, ""delta"": 0.005, ""min_instances"": 30, ""threshold"": 0.05}, ""error_rate"": {""alpha"": 0.15, ""delta"": 0.005, ""min_instances"": 5, ""threshold"": 0.1}}","{""error_rate"": {""min_instances"": 5, ""threshold"": 0.1}}",0.1,0.005,0.15,5,0.05,0.005,0.1,30,,,,-1,two_stage,2,0.5,"__confirm_cooldown=200,__confirm_rule=perm_test,__perm_alpha=0.01,__perm_min_effect=0,__perm_n_perm=200,__perm_post_n=10,__perm_pre_n=500,__perm_rng_seed=0,__perm_stat=vote_score,divergence=0.3,error_rate=0.5,teacher_entropy=0.2",3,0,200,0.0,0,10000,10.0,25.0,200,500,1,8,1.0,0.643290607985481,0.2851043321641398,0.16666666666666666,0.6807698011398315,0.000603633641730994,0,0,102,101,-1,perm_test,0.004975124378109453,0.4623649142926856,101,101,0,0.0,0.5,0,0.0,0.0,0.0,0.0,0,none,0,1,0,overconfident,0.95,0,mild_drift,0.9560223916330701,0.0013428175403225125,0.7816217237903511,0.8523604460685561,1768220040.0650942,0.6028673052787781,0.00242973817512393
552,35328,35327,sine_abrupt4,sine,ts_drift_adapt,5,"error_divergence_ph_meta@error.threshold=0.10,error.min_instances=5",error_divergence_ph_meta,"{""divergence"": {""alpha"": 0.1, ""delta"": 0.005, ""min_instances"": 30, ""threshold"": 0.05}, ""error_rate"": {""alpha"": 0.15, ""delta"": 0.005, ""min_instances"": 5, ""threshold"": 0.1}}","{""error_rate"": {""min_instances"": 5, ""threshold"": 0.1}}",0.1,0.005,0.15,5,0.05,0.005,0.1,30,,,,-1,two_stage,2,0.5,"__confirm_cooldown=200,__confirm_rule=perm_test,__perm_alpha=0.01,__perm_min_effect=0,__perm_n_perm=200,__perm_post_n=10,__perm_pre_n=500,__perm_rng_seed=0,__perm_stat=vote_score,divergence=0.3,error_rate=0.5,teacher_entropy=0.2",3,0,200,0.0,0,10000,10.0,25.0,200,500,0,0,1.0,0.6430310235507246,0.28460165422209543,0.3333333333333333,0.681085467338562,0.0005053940694779158,0,0,102,101,-1,perm_test,0.004975124378109453,0.4623649142926856,101,101,0,0.0,0.16666666666666666,0,0.0,0.0,0.0,0.0,0,none,0,1,0,overconfident,0.95,0,mild_drift,0.958161195816535,0.0013214087701612564,0.7908108618951756,0.853680223034278,1768220040.0735614,0.6243478059768677,0.002033085562288761
553,35392,35391,sine_abrupt4,sine,ts_drift_adapt,5,"error_divergence_ph_meta@error.threshold=0.10,error.min_instances=5",error_divergence_ph_meta,"{""divergence"": {""alpha"": 0.1, ""delta"": 0.005, ""min_instances"": 30, ""threshold"": 0.05}, ""error_rate"": {""alpha"": 0.15, ""delta"": 0.005, ""min_instances"": 5, ""threshold"": 0.1}}","{""error_rate"": {""min_instances"": 5, ""threshold"": 0.1}}",0.1,0.005,0.15,5,0.05,0.005,0.1,30,,,,-1,two_stage,2,0.5,"__confirm_cooldown=200,__confirm_rule=perm_test,__perm_alpha=0.01,__perm_min_effect=0,__perm_n_perm=200,__perm_post_n=10,__perm_pre_n=500,__perm_rng_seed=0,__perm_stat=vote_score,divergence=0.3,error_rate=0.5,teacher_entropy=0.2",3,0,200,0.0,0,10000,10.0,25.0,200,500,0,0,1.0,0.642998417721519,0.2846234379952552,0.16666666666666666,0.6796290278434753,0.0006126117659732699,1,1,103,102,0,perm_test,0.004975124378109453,0.45039954855669184,102,102,0,0.16666666666666666,0.16666666666666666,1,0.5,0.0,0.0,0.0,0,none,1,1,0,overconfident,0.95,0,severe_drift,0.9245805979082675,0.0016607043850806282,0.6454054309475878,0.831840111517139,1768220040.088189,0.5920345187187195,0.0024676991160959005
554,35456,35455,sine_abrupt4,sine,ts_drift_adapt,5,"error_divergence_ph_meta@error.threshold=0.10,error.min_instances=5",error_divergence_ph_meta,"{""divergence"": {""alpha"": 0.1, ""delta"": 0.005, ""min_instances"": 30, ""threshold"": 0.05}, ""error_rate"": {""alpha"": 0.15, ""delta"": 0.005, ""min_instances"": 5, ""threshold"": 0.1}}","{""error_rate"": {""min_instances"": 5, ""threshold"": 0.1}}",0.1,0.005,0.15,5,0.05,0.005,0.1,30,,,,-1,two_stage,2,0.5,"__confirm_cooldown=200,__confirm_rule=perm_test,__perm_alpha=0.01,__perm_min_effect=0,__perm_n_perm=200,__perm_post_n=10,__perm_pre_n=500,__perm_rng_seed=0,__perm_stat=vote_score,divergence=0.3,error_rate=0.5,teacher_entropy=0.2",3,0,200,0.0,0,10000,10.0,25.0,200,500,1,136,1.0,0.6429095216606499,0.28451343656343797,0.5,0.6819390058517456,0.0005706768133677542,0,0,103,102,-1,perm_test,0.004975124378109453,0.45039954855669184,102,102,0,0.0,0.33333333333333337,0,0.0,0.0,0.0,0.0,0,none,0,1,0,overconfident,0.95,0,mild_drift,0.9424402989541337,0.0014803521925403143,0.7227027154737939,0.8434200557585695,1768220040.0965202,0.7141343951225281,0.0022970663849264383
555,35520,35519,sine_abrupt4,sine,ts_drift_adapt,5,"error_divergence_ph_meta@error.threshold=0.10,error.min_instances=5",error_divergence_ph_meta,"{""divergence"": {""alpha"": 0.1, ""delta"": 0.005, ""min_instances"": 30, ""threshold"": 0.05}, ""error_rate"": {""alpha"": 0.15, ""delta"": 0.005, ""min_instances"": 5, ""threshold"": 0.1}}","{""error_rate"": {""min_instances"": 5, ""threshold"": 0.1}}",0.1,0.005,0.15,5,0.05,0.005,0.1,30,,,,-1,two_stage,2,0.5,"__confirm_cooldown=200,__confirm_rule=perm_test,__perm_alpha=0.01,__perm_min_effect=0,__perm_n_perm=200,__perm_post_n=10,__perm_pre_n=500,__perm_rng_seed=0,__perm_stat=vote_score,divergence=0.3,error_rate=0.5,teacher_entropy=0.2",3,0,200,0.0,0,10000,10.0,25.0,200,500,1,72,1.0,0.6426801801801801,0.28407819416284574,0.6666666666666666,0.6795234680175781,0.0007189070456661284,0,0,103,102,-1,perm_test,0.004975124378109453,0.45039954855669184,102,102,0,0.0,0.16666666666666663,0,0.0,0.0,0.0,0.0,0,none,0,1,0,overconfident,0.95,0,mild_drift,0.9513701494770668,0.0013901760962701571,0.761351357736897,0.8492100278792847,1768220040.1047814,0.750485897064209,0.002894406206905842
556,35584,35583,sine_abrupt4,sine,ts_drift_adapt,5,"error_divergence_ph_meta@error.threshold=0.10,error.min_instances=5",error_divergence_ph_meta,"{""divergence"": {""alpha"": 0.1, ""delta"": 0.005, ""min_instances"": 30, ""threshold"": 0.05}, ""error_rate"": {""alpha"": 0.15, ""delta"": 0.005, ""min_instances"": 5, ""threshold"": 0.1}}","{""error_rate"": {""min_instances"": 5, ""threshold"": 0.1}}",0.1,0.005,0.15,5,0.05,0.005,0.1,30,,,,-1,two_stage,2,0.5,"__confirm_cooldown=200,__confirm_rule=perm_test,__perm_alpha=0.01,__perm_min_effect=0,__perm_n_perm=200,__perm_post_n=10,__perm_pre_n=500,__perm_rng_seed=0,__perm_stat=vote_score,divergence=0.3,error_rate=0.5,teacher_entropy=0.2",3,0,200,0.0,0,10000,10.0,25.0,200,500,1,8,1.0,0.642507868705036,0.28377374412864603,0.6666666666666666,0.6792017817497253,0.00043998603359796107,0,0,103,102,-1,perm_test,0.004975124378109453,0.45039954855669184,102,102,0,0.0,0.00027892101206816733,0,0.0,0.0,0.0,0.0,0,none,0,1,0,overconfident,0.95,0,mild_drift,0.9558350747385334,0.0013450880481350787,0.7806756788684486,0.8521050139396423,1768220040.1130886,0.7837117314338684,0.00176915992051363
557,35648,35647,sine_abrupt4,sine,ts_drift_adapt,5,"error_divergence_ph_meta@error.threshold=0.10,error.min_instances=5",error_divergence_ph_meta,"{""divergence"": {""alpha"": 0.1, ""delta"": 0.005, ""min_instances"": 30, ""threshold"": 0.05}, ""error_rate"": {""alpha"": 0.15, ""delta"": 0.005, ""min_instances"": 5, ""threshold"": 0.1}}","{""error_rate"": {""min_instances"": 5, ""threshold"": 0.1}}",0.1,0.005,0.15,5,0.05,0.005,0.1,30,,,,-1,two_stage,2,0.5,"__confirm_cooldown=200,__confirm_rule=perm_test,__perm_alpha=0.01,__perm_min_effect=0,__perm_n_perm=200,__perm_post_n=10,__perm_pre_n=500,__perm_rng_seed=0,__perm_stat=vote_score,divergence=0.3,error_rate=0.5,teacher_entropy=0.2",3,0,200,0.0,0,10000,10.0,25.0,200,500,0,0,1.0,0.6424764362657092,0.283792358839453,0.3333333333333333,0.6794044375419617,0.0004454331938177347,0,0,103,102,-1,perm_test,0.004975124378109453,0.45039954855669184,102,102,0,0.0,0.3333333333333333,0,0.0,0.0,0.0,0.0,0,none,0,1,0,overconfident,0.95,0,mild_drift,0.9580675373692666,0.0013225440240675393,0.7903378394342243,0.8535525069698211,1768220040.1215053,0.6261237263679504,0.001791536808013916
558,35712,35711,sine_abrupt4,sine,ts_drift_adapt,5,"error_divergence_ph_meta@error.threshold=0.10,error.min_instances=5",error_divergence_ph_meta,"{""divergence"": {""alpha"": 0.1, ""delta"": 0.005, ""min_instances"": 30, ""threshold"": 0.05}, ""error_rate"": {""alpha"": 0.15, ""delta"": 0.005, ""min_instances"": 5, ""threshold"": 0.1}}","{""error_rate"": {""min_instances"": 5, ""threshold"": 0.1}}",0.1,0.005,0.15,5,0.05,0.005,0.1,30,,,,-1,two_stage,2,0.5,"__confirm_cooldown=200,__confirm_rule=perm_test,__perm_alpha=0.01,__perm_min_effect=0,__perm_n_perm=200,__perm_post_n=10,__perm_pre_n=500,__perm_rng_seed=0,__perm_stat=vote_score,divergence=0.3,error_rate=0.5,teacher_entropy=0.2",3,0,200,0.0,0,10000,10.0,25.0,200,500,0,0,1.0,0.6425851254480287,0.2841308896437186,0.16666666666666666,0.6785002946853638,0.0004292005323804915,1,1,104,103,0,perm_test,0.004975124378109453,0.4361720330947539,103,103,0,0.0,0.16666666666666666,1,0.5,0.0,0.0,0.0,0,none,1,1,0,overconfident,0.95,0,stable,0.9740337686846333,0.0010612720120337696,0.8951689197171122,0.8992762534849106,1768220040.136183,0.5671771168708801,0.0017255621496587992
559,35776,35775,sine_abrupt4,sine,ts_drift_adapt,5,"error_divergence_ph_meta@error.threshold=0.10,error.min_instances=5",error_divergence_ph_meta,"{""divergence"": {""alpha"": 0.1, ""delta"": 0.005, ""min_instances"": 30, ""threshold"": 0.05}, ""error_rate"": {""alpha"": 0.15, ""delta"": 0.005, ""min_instances"": 5, ""threshold"": 0.1}}","{""error_rate"": {""min_instances"": 5, ""threshold"": 0.1}}",0.1,0.005,0.15,5,0.05,0.005,0.1,30,,,,-1,two_stage,2,0.5,"__confirm_cooldown=200,__confirm_rule=perm_test,__perm_alpha=0.01,__perm_min_effect=0,__perm_n_perm=200,__perm_post_n=10,__perm_pre_n=500,__perm_rng_seed=0,__perm_stat=vote_score,divergence=0.3,error_rate=0.5,teacher_entropy=0.2",3,0,200,0.0,0,10000,10.0,25.0,200,500,1,136,1.0,0.6424418604651163,0.28388916377519674,0.16666666666666666,0.6798356175422668,0.0003856482799164951,0,0,104,103,-1,perm_test,0.004975124378109453,0.4361720330947539,103,103,0,0.0,4.355225246399641e-05,0,0.0,0.0,0.0,0.0,0,none,0,1,0,overconfident,0.95,0,mild_drift,0.9671668843423167,0.001180636006016885,0.8475844598585561,0.8771381267424553,1768220040.1445906,0.5726388692855835,0.0015505547635257244
560,35840,35839,sine_abrupt4,sine,ts_drift_adapt,5,"error_divergence_ph_meta@error.threshold=0.10,error.min_instances=5",error_divergence_ph_meta,"{""divergence"": {""alpha"": 0.1, ""delta"": 0.005, ""min_instances"": 30, ""threshold"": 0.05}, ""error_rate"": {""alpha"": 0.15, ""delta"": 0.005, ""min_instances"": 5, ""threshold"": 0.1}}","{""error_rate"": {""min_instances"": 5, ""threshold"": 0.1}}",0.1,0.005,0.15,5,0.05,0.005,0.1,30,,,,-1,two_stage,2,0.5,"__confirm_cooldown=200,__confirm_rule=perm_test,__perm_alpha=0.01,__perm_min_effect=0,__perm_n_perm=200,__perm_post_n=10,__perm_pre_n=500,__perm_rng_seed=0,__perm_stat=vote_score,divergence=0.3,error_rate=0.5,teacher_entropy=0.2",3,0,200,0.0,0,10000,10.0,25.0,200,500,1,72,1.0,0.6422154017857142,0.2834559687728863,0.16666666666666666,0.6797286868095398,0.00036263634683564305,0,0,104,103,-1,perm_test,0.004975124378109453,0.4361720330947539,103,103,0,0.0,2.3011933080852032e-05,0,0.0,0.0,0.0,0.0,0,none,0,1,0,overconfident,0.95,0,mild_drift,0.9637334421711583,0.0012403180030084427,0.8237922299292781,0.8660690633712276,1768220040.1530359,0.5647121667861938,0.0014577816473320127
561,35904,35903,sine_abrupt4,sine,ts_drift_adapt,5,"error_divergence_ph_meta@error.threshold=0.10,error.min_instances=5",error_divergence_ph_meta,"{""divergence"": {""alpha"": 0.1, ""delta"": 0.005, ""min_instances"": 30, ""threshold"": 0.05}, ""error_rate"": {""alpha"": 0.15, ""delta"": 0.005, ""min_instances"": 5, ""threshold"": 0.1}}","{""error_rate"": {""min_instances"": 5, ""threshold"": 0.1}}",0.1,0.005,0.15,5,0.05,0.005,0.1,30,,,,-1,two_stage,2,0.5,"__confirm_cooldown=200,__confirm_rule=perm_test,__perm_alpha=0.01,__perm_min_effect=0,__perm_n_perm=200,__perm_post_n=10,__perm_pre_n=500,__perm_rng_seed=0,__perm_stat=vote_score,divergence=0.3,error_rate=0.5,teacher_entropy=0.2",3,0,200,0.0,0,10000,10.0,25.0,200,500,1,8,1.0,0.6419897504456328,0.2830241339092319,0.5,0.6780415177345276,0.00036798760993406177,0,0,104,103,-1,perm_test,0.004975124378109453,0.4361720330947539,103,103,0,0.0,0.33333333333333337,0,0.0,0.0,0.0,0.0,0,none,0,1,0,overconfident,0.95,0,mild_drift,0.9620167210855791,0.0012701590015042215,0.8118961149646391,0.8605345316856138,1768220040.1612988,0.6655517220497131,0.0014800326898694038
562,35968,35967,sine_abrupt4,sine,ts_drift_adapt,5,"error_divergence_ph_meta@error.threshold=0.10,error.min_instances=5",error_divergence_ph_meta,"{""divergence"": {""alpha"": 0.1, ""delta"": 0.005, ""min_instances"": 30, ""threshold"": 0.05}, ""error_rate"": {""alpha"": 0.15, ""delta"": 0.005, ""min_instances"": 5, ""threshold"": 0.1}}","{""error_rate"": {""min_instances"": 5, ""threshold"": 0.1}}",0.1,0.005,0.15,5,0.05,0.005,0.1,30,,,,-1,two_stage,2,0.5,"__confirm_cooldown=200,__confirm_rule=perm_test,__perm_alpha=0.01,__perm_min_effect=0,__perm_n_perm=200,__perm_post_n=10,__perm_pre_n=500,__perm_rng_seed=0,__perm_stat=vote_score,divergence=0.3,error_rate=0.5,teacher_entropy=0.2",3,0,200,0.0,0,10000,10.0,25.0,200,500,0,0,1.0,0.6417649021352313,0.28259365254633423,0.6666666666666666,0.6780511140823364,0.0004082869563717395,0,0,104,103,-1,perm_test,0.004975124378109453,0.4361720330947539,103,103,0,0.0,0.16666666666666663,0,0.0,0.0,0.0,0.0,0,none,0,1,0,overconfident,0.95,0,mild_drift,0.9611583605427896,0.001285079500752111,0.8059480574823196,0.8577672658428068,1768220040.1696267,0.7323804497718811,0.0016416984144598246
563,36032,36031,sine_abrupt4,sine,ts_drift_adapt,5,"error_divergence_ph_meta@error.threshold=0.10,error.min_instances=5",error_divergence_ph_meta,"{""divergence"": {""alpha"": 0.1, ""delta"": 0.005, ""min_instances"": 30, ""threshold"": 0.05}, ""error_rate"": {""alpha"": 0.15, ""delta"": 0.005, ""min_instances"": 5, ""threshold"": 0.1}}","{""error_rate"": {""min_instances"": 5, ""threshold"": 0.1}}",0.1,0.005,0.15,5,0.05,0.005,0.1,30,,,,-1,two_stage,2,0.5,"__confirm_cooldown=200,__confirm_rule=perm_test,__perm_alpha=0.01,__perm_min_effect=0,__perm_n_perm=200,__perm_post_n=10,__perm_pre_n=500,__perm_rng_seed=0,__perm_stat=vote_score,divergence=0.3,error_rate=0.5,teacher_entropy=0.2",3,0,200,0.0,0,10000,10.0,25.0,200,500,0,0,1.0,0.6415130994671403,0.2821012228676495,0.5,0.6766910552978516,0.00043514787103049457,1,1,105,104,0,perm_test,0.004975124378109453,0.4103294828107292,104,104,0,0.33333333333333337,0.16666666666666663,1,0.5,0.0,0.0,0.0,0,none,1,1,0,overconfident,0.95,0,severe_drift,0.9260791802713948,0.0016425397503760555,0.6529740287411598,0.8338836329214034,1768220040.1843164,0.7009153366088867,0.0017519084503874183
564,36096,36095,sine_abrupt4,sine,ts_drift_adapt,5,"error_divergence_ph_meta@error.threshold=0.10,error.min_instances=5",error_divergence_ph_meta,"{""divergence"": {""alpha"": 0.1, ""delta"": 0.005, ""min_instances"": 30, ""threshold"": 0.05}, ""error_rate"": {""alpha"": 0.15, ""delta"": 0.005, ""min_instances"": 5, ""threshold"": 0.1}}","{""error_rate"": {""min_instances"": 5, ""threshold"": 0.1}}",0.1,0.005,0.15,5,0.05,0.005,0.1,30,,,,-1,two_stage,2,0.5,"__confirm_cooldown=200,__confirm_rule=perm_test,__perm_alpha=0.01,__perm_min_effect=0,__perm_n_perm=200,__perm_post_n=10,__perm_pre_n=500,__perm_rng_seed=0,__perm_stat=vote_score,divergence=0.3,error_rate=0.5,teacher_entropy=0.2",3,0,200,0.0,0,10000,10.0,25.0,200,500,1,136,1.0,0.6412621897163121,0.2816105195262118,0.6666666666666666,0.6771830916404724,0.0003721170942299068,0,0,105,104,-1,perm_test,0.004975124378109453,0.4103294828107292,104,104,0,0.0,0.16666666666666663,0,0.0,0.0,0.0,0.0,0,none,0,1,0,overconfident,0.95,0,mild_drift,0.9431895901356974,0.0014712698751880278,0.7264870143705799,0.8444418164607017,1768220040.1927354,0.735923707485199,0.0014967892784625292
565,36160,36159,sine_abrupt4,sine,ts_drift_adapt,5,"error_divergence_ph_meta@error.threshold=0.10,error.min_instances=5",error_divergence_ph_meta,"{""divergence"": {""alpha"": 0.1, ""delta"": 0.005, ""min_instances"": 30, ""threshold"": 0.05}, ""error_rate"": {""alpha"": 0.15, ""delta"": 0.005, ""min_instances"": 5, ""threshold"": 0.1}}","{""error_rate"": {""min_instances"": 5, ""threshold"": 0.1}}",0.1,0.005,0.15,5,0.05,0.005,0.1,30,,,,-1,two_stage,2,0.5,"__confirm_cooldown=200,__confirm_rule=perm_test,__perm_alpha=0.01,__perm_min_effect=0,__perm_n_perm=200,__perm_post_n=10,__perm_pre_n=500,__perm_rng_seed=0,__perm_stat=vote_score,divergence=0.3,error_rate=0.5,teacher_entropy=0.2",3,0,200,0.0,0,10000,10.0,25.0,200,500,1,72,1.0,0.6411780973451328,0.2814989822583223,0.3333333333333333,0.6775556802749634,0.000302208965877071,0,0,105,104,-1,perm_test,0.004975124378109453,0.4103294828107292,104,104,0,0.0,0.3333333333333333,0,0.0,0.0,0.0,0.0,0,none,0,1,0,overconfident,0.95,0,mild_drift,0.9517447950678486,0.0013856349375940139,0.76324350718529,0.8497209082303508,1768220040.201232,0.6131154894828796,0.0012157955206930637
566,36224,36223,sine_abrupt4,sine,ts_drift_adapt,5,"error_divergence_ph_meta@error.threshold=0.10,error.min_instances=5",error_divergence_ph_meta,"{""divergence"": {""alpha"": 0.1, ""delta"": 0.005, ""min_instances"": 30, ""threshold"": 0.05}, ""error_rate"": {""alpha"": 0.15, ""delta"": 0.005, ""min_instances"": 5, ""threshold"": 0.1}}","{""error_rate"": {""min_instances"": 5, ""threshold"": 0.1}}",0.1,0.005,0.15,5,0.05,0.005,0.1,30,,,,-1,two_stage,2,0.5,"__confirm_cooldown=200,__confirm_rule=perm_test,__perm_alpha=0.01,__perm_min_effect=0,__perm_n_perm=200,__perm_post_n=10,__perm_pre_n=500,__perm_rng_seed=0,__perm_stat=vote_score,divergence=0.3,error_rate=0.5,teacher_entropy=0.2",3,0,200,0.0,0,10000,10.0,25.0,200,500,1,8,1.0,0.641039090106007,0.28126140527816124,0.8333333333333334,0.6762958765029907,0.000285259447991848,0,0,105,104,-1,perm_test,0.004975124378109453,0.4103294828107292,104,104,0,0.0,0.5,0,0.0,0.0,0.0,0.0,0,none,0,1,0,overconfident,0.95,0,mild_drift,0.9560223975339243,0.001342817468797007,0.7816217535926451,0.8523604541151755,1768220040.2094991,0.8024188876152039,0.0011449662270024419
567,36288,36287,sine_abrupt4,sine,ts_drift_adapt,5,"error_divergence_ph_meta@error.threshold=0.10,error.min_instances=5",error_divergence_ph_meta,"{""divergence"": {""alpha"": 0.1, ""delta"": 0.005, ""min_instances"": 30, ""threshold"": 0.05}, ""error_rate"": {""alpha"": 0.15, ""delta"": 0.005, ""min_instances"": 5, ""threshold"": 0.1}}","{""error_rate"": {""min_instances"": 5, ""threshold"": 0.1}}",0.1,0.005,0.15,5,0.05,0.005,0.1,30,,,,-1,two_stage,2,0.5,"__confirm_cooldown=200,__confirm_rule=perm_test,__perm_alpha=0.01,__perm_min_effect=0,__perm_n_perm=200,__perm_post_n=10,__perm_pre_n=500,__perm_rng_seed=0,__perm_stat=vote_score,divergence=0.3,error_rate=0.5,teacher_entropy=0.2",3,0,200,0.0,0,10000,10.0,25.0,200,500,0,0,1.0,0.6408730158730159,0.2809539042194092,0.6666666666666666,0.6759870052337646,0.0002474689099472016,0,0,105,104,-1,perm_test,0.004975124378109453,0.4103294828107292,104,104,0,0.0,0.16666666666666674,0,0.0,0.0,0.0,0.0,0,none,0,1,0,overconfident,0.95,0,mild_drift,0.958161198766962,0.0013214087343985034,0.7908108767963226,0.8536802270575877,1768220040.217959,0.790280818939209,0.000990876811556518
568,36352,36351,sine_abrupt4,sine,ts_drift_adapt,5,"error_divergence_ph_meta@error.threshold=0.10,error.min_instances=5",error_divergence_ph_meta,"{""divergence"": {""alpha"": 0.1, ""delta"": 0.005, ""min_instances"": 30, ""threshold"": 0.05}, ""error_rate"": {""alpha"": 0.15, ""delta"": 0.005, ""min_instances"": 5, ""threshold"": 0.1}}","{""error_rate"": {""min_instances"": 5, ""threshold"": 0.1}}",0.1,0.005,0.15,5,0.05,0.005,0.1,30,,,,-1,two_stage,2,0.5,"__confirm_cooldown=200,__confirm_rule=perm_test,__perm_alpha=0.01,__perm_min_effect=0,__perm_n_perm=200,__perm_post_n=10,__perm_pre_n=500,__perm_rng_seed=0,__perm_stat=vote_score,divergence=0.3,error_rate=0.5,teacher_entropy=0.2",3,0,200,0.0,0,10000,10.0,25.0,200,500,0,0,1.0,0.6408175616197183,0.28090392706989226,0.3333333333333333,0.6773016452789307,0.00022316185641102493,1,1,106,105,0,perm_test,0.004975124378109453,0.4179088884543934,105,105,0,0.16666666666666669,0.3333333333333333,1,0.5,0.0,0.0,0.0,0,none,1,1,0,overconfident,0.95,0,severe_drift,0.924580599383481,0.0016607043671992517,0.6454054383981613,0.8318401135287938,1768220040.2327957,0.6080654263496399,0.0008922111592255533
569,36416,36415,sine_abrupt4,sine,ts_drift_adapt,5,"error_divergence_ph_meta@error.threshold=0.10,error.min_instances=5",error_divergence_ph_meta,"{""divergence"": {""alpha"": 0.1, ""delta"": 0.005, ""min_instances"": 30, ""threshold"": 0.05}, ""error_rate"": {""alpha"": 0.15, ""delta"": 0.005, ""min_instances"": 5, ""threshold"": 0.1}}","{""error_rate"": {""min_instances"": 5, ""threshold"": 0.1}}",0.1,0.005,0.15,5,0.05,0.005,0.1,30,,,,-1,two_stage,2,0.5,"__confirm_cooldown=200,__confirm_rule=perm_test,__perm_alpha=0.01,__perm_min_effect=0,__perm_n_perm=200,__perm_post_n=10,__perm_pre_n=500,__perm_rng_seed=0,__perm_stat=vote_score,divergence=0.3,error_rate=0.5,teacher_entropy=0.2",3,0,200,0.0,0,10000,10.0,25.0,200,500,1,136,1.0,0.640652460456942,0.28059707566242226,0.8333333333333334,0.6791954636573792,0.0003040596784558147,0,0,106,105,-1,perm_test,0.004975124378109453,0.4179088884543934,105,105,0,0.0,0.5,0,0.0,0.0,0.0,0.0,0,none,0,1,0,overconfident,0.95,0,mild_drift,0.9424402996917405,0.0014803521835996258,0.7227027191990807,0.8434200567643969,1768220040.2411842,0.7624736428260803,0.001213515060953796
570,36480,36479,sine_abrupt4,sine,ts_drift_adapt,5,"error_divergence_ph_meta@error.threshold=0.10,error.min_instances=5",error_divergence_ph_meta,"{""divergence"": {""alpha"": 0.1, ""delta"": 0.005, ""min_instances"": 30, ""threshold"": 0.05}, ""error_rate"": {""alpha"": 0.15, ""delta"": 0.005, ""min_instances"": 5, ""threshold"": 0.1}}","{""error_rate"": {""min_instances"": 5, ""threshold"": 0.1}}",0.1,0.005,0.15,5,0.05,0.005,0.1,30,,,,-1,two_stage,2,0.5,"__confirm_cooldown=200,__confirm_rule=perm_test,__perm_alpha=0.01,__perm_min_effect=0,__perm_n_perm=200,__perm_post_n=10,__perm_pre_n=500,__perm_rng_seed=0,__perm_stat=vote_score,divergence=0.3,error_rate=0.5,teacher_entropy=0.2",3,0,200,0.0,0,10000,10.0,25.0,200,500,1,72,1.0,0.640515350877193,0.2803525020982956,0.8333333333333334,0.679379940032959,0.00035847624531015754,0,0,106,105,-1,perm_test,0.004975124378109453,0.4179088884543934,105,105,0,0.0,5.441656685434282e-05,0,0.0,0.0,0.0,0.0,0,none,0,1,0,overconfident,0.95,0,mild_drift,0.9513701498458702,0.0013901760917998129,0.7613513595995404,0.8492100283821984,1768220040.2494857,0.7622634768486023,0.0014304277719929814
571,36544,36543,sine_abrupt4,sine,ts_drift_adapt,5,"error_divergence_ph_meta@error.threshold=0.10,error.min_instances=5",error_divergence_ph_meta,"{""divergence"": {""alpha"": 0.1, ""delta"": 0.005, ""min_instances"": 30, ""threshold"": 0.05}, ""error_rate"": {""alpha"": 0.15, ""delta"": 0.005, ""min_instances"": 5, ""threshold"": 0.1}}","{""error_rate"": {""min_instances"": 5, ""threshold"": 0.1}}",0.1,0.005,0.15,5,0.05,0.005,0.1,30,,,,-1,two_stage,2,0.5,"__confirm_cooldown=200,__confirm_rule=perm_test,__perm_alpha=0.01,__perm_min_effect=0,__perm_n_perm=200,__perm_post_n=10,__perm_pre_n=500,__perm_rng_seed=0,__perm_stat=vote_score,divergence=0.3,error_rate=0.5,teacher_entropy=0.2",3,0,200,0.0,0,10000,10.0,25.0,200,500,1,8,1.0,0.6404334500875657,0.2802246718517031,0.5,0.6770434975624084,0.0009221590007655323,0,0,106,105,-1,perm_test,0.004975124378109453,0.4179088884543934,105,105,0,0.0,0.33333333333333337,0,0.0,0.0,0.0,0.0,0,none,0,1,0,overconfident,0.95,0,mild_drift,0.9558350749229351,0.0013450880458999066,0.7806756797997703,0.8521050141910992,1768220040.2577524,0.6911015510559082,0.0036742943339049816
572,36608,36607,sine_abrupt4,sine,ts_drift_adapt,5,"error_divergence_ph_meta@error.threshold=0.10,error.min_instances=5",error_divergence_ph_meta,"{""divergence"": {""alpha"": 0.1, ""delta"": 0.005, ""min_instances"": 30, ""threshold"": 0.05}, ""error_rate"": {""alpha"": 0.15, ""delta"": 0.005, ""min_instances"": 5, ""threshold"": 0.1}}","{""error_rate"": {""min_instances"": 5, ""threshold"": 0.1}}",0.1,0.005,0.15,5,0.05,0.005,0.1,30,,,,-1,two_stage,2,0.5,"__confirm_cooldown=200,__confirm_rule=perm_test,__perm_alpha=0.01,__perm_min_effect=0,__perm_n_perm=200,__perm_post_n=10,__perm_pre_n=500,__perm_rng_seed=0,__perm_stat=vote_score,divergence=0.3,error_rate=0.5,teacher_entropy=0.2",3,0,200,0.0,0,10000,10.0,25.0,200,500,0,0,1.0,0.6401879370629371,0.27968401594987413,0.6666666666666666,0.6803006529808044,0.0010509007843211293,0,0,106,105,-1,perm_test,0.004975124378109453,0.4179088884543934,105,105,0,0.0,0.16666666666666663,0,0.0,0.0,0.0,0.0,0,none,0,1,0,overconfident,0.95,0,mild_drift,0.9580675374614676,0.0013225440229499533,0.7903378398998852,0.8535525070955496,1768220040.2661605,0.6931453347206116,0.004193126689642668
573,36672,36671,sine_abrupt4,sine,ts_drift_adapt,5,"error_divergence_ph_meta@error.threshold=0.10,error.min_instances=5",error_divergence_ph_meta,"{""divergence"": {""alpha"": 0.1, ""delta"": 0.005, ""min_instances"": 30, ""threshold"": 0.05}, ""error_rate"": {""alpha"": 0.15, ""delta"": 0.005, ""min_instances"": 5, ""threshold"": 0.1}}","{""error_rate"": {""min_instances"": 5, ""threshold"": 0.1}}",0.1,0.005,0.15,5,0.05,0.005,0.1,30,,,,-1,two_stage,2,0.5,"__confirm_cooldown=200,__confirm_rule=perm_test,__perm_alpha=0.01,__perm_min_effect=0,__perm_n_perm=200,__perm_post_n=10,__perm_pre_n=500,__perm_rng_seed=0,__perm_stat=vote_score,divergence=0.3,error_rate=0.5,teacher_entropy=0.2",3,0,200,0.0,0,10000,10.0,25.0,200,500,0,0,1.0,0.6399978184991274,0.27931464594317085,0.8333333333333334,0.6810070276260376,0.0017626445041969419,1,1,107,106,0,perm_test,0.004975124378109453,0.4459911257946978,106,106,0,0.5,0.16666666666666674,1,0.5,0.0,0.0,0.0,0,none,1,1,0,overconfident,0.95,0,severe_drift,0.9245337687307338,0.0016612720114749767,0.6451689199499426,0.8317762535477748,1768220040.2808368,0.7373583912849426,0.0070372228510677814
574,36736,36735,sine_abrupt4,sine,ts_drift_adapt,5,"error_divergence_ph_meta@error.threshold=0.10,error.min_instances=5",error_divergence_ph_meta,"{""divergence"": {""alpha"": 0.1, ""delta"": 0.005, ""min_instances"": 30, ""threshold"": 0.05}, ""error_rate"": {""alpha"": 0.15, ""delta"": 0.005, ""min_instances"": 5, ""threshold"": 0.1}}","{""error_rate"": {""min_instances"": 5, ""threshold"": 0.1}}",0.1,0.005,0.15,5,0.05,0.005,0.1,30,,,,-1,two_stage,2,0.5,"__confirm_cooldown=200,__confirm_rule=perm_test,__perm_alpha=0.01,__perm_min_effect=0,__perm_n_perm=200,__perm_post_n=10,__perm_pre_n=500,__perm_rng_seed=0,__perm_stat=vote_score,divergence=0.3,error_rate=0.5,teacher_entropy=0.2",3,0,200,0.0,0,10000,10.0,25.0,200,500,1,136,1.0,0.6399716898954704,0.27925934749855713,0.16666666666666666,0.6815030574798584,0.0020529734902083874,0,0,107,106,-1,perm_test,0.004975124378109453,0.4459911257946978,106,106,0,0.0,0.6666666666666667,0,0.0,0.0,0.0,0.0,0,none,0,1,0,overconfident,0.95,0,mild_drift,0.9424168843653669,0.0014806360057374884,0.7225844599749713,0.8433881267738874,1768220040.290981,0.6265215873718262,0.008196222595870495
575,36800,36799,sine_abrupt4,sine,ts_drift_adapt,5,"error_divergence_ph_meta@error.threshold=0.10,error.min_instances=5",error_divergence_ph_meta,"{""divergence"": {""alpha"": 0.1, ""delta"": 0.005, ""min_instances"": 30, ""threshold"": 0.05}, ""error_rate"": {""alpha"": 0.15, ""delta"": 0.005, ""min_instances"": 5, ""threshold"": 0.1}}","{""error_rate"": {""min_instances"": 5, ""threshold"": 0.1}}",0.1,0.005,0.15,5,0.05,0.005,0.1,30,,,,-1,two_stage,2,0.5,"__confirm_cooldown=200,__confirm_rule=perm_test,__perm_alpha=0.01,__perm_min_effect=0,__perm_n_perm=200,__perm_post_n=10,__perm_pre_n=500,__perm_rng_seed=0,__perm_stat=vote_score,divergence=0.3,error_rate=0.5,teacher_entropy=0.2",3,0,200,0.0,0,10000,10.0,25.0,200,500,1,72,1.0,0.640054347826087,0.27948176647180506,0.0,0.682841420173645,0.0027771994937211275,0,0,107,106,-1,perm_test,0.004975124378109453,0.4459911257946978,106,106,0,0.0,0.16666666666666666,0,0.0,0.0,0.0,0.0,0,none,0,1,0,overconfident,0.95,0,mild_drift,0.9513584421826834,0.0013903180028687443,0.7612922299874857,0.8491940633869437,1768220040.3005848,0.652683436870575,0.011093190871179104
576,36864,36863,sine_abrupt4,sine,ts_drift_adapt,5,"error_divergence_ph_meta@error.threshold=0.10,error.min_instances=5",error_divergence_ph_meta,"{""divergence"": {""alpha"": 0.1, ""delta"": 0.005, ""min_instances"": 30, ""threshold"": 0.05}, ""error_rate"": {""alpha"": 0.15, ""delta"": 0.005, ""min_instances"": 5, ""threshold"": 0.1}}","{""error_rate"": {""min_instances"": 5, ""threshold"": 0.1}}",0.1,0.005,0.15,5,0.05,0.005,0.1,30,,,,-1,two_stage,2,0.5,"__confirm_cooldown=200,__confirm_rule=perm_test,__perm_alpha=0.01,__perm_min_effect=0,__perm_n_perm=200,__perm_post_n=10,__perm_pre_n=500,__perm_rng_seed=0,__perm_stat=vote_score,divergence=0.3,error_rate=0.5,teacher_entropy=0.2",3,0,200,0.0,0,10000,10.0,25.0,200,500,1,8,1.0,0.6402723524305556,0.27991235453847735,0.16666666666666666,0.6838418245315552,0.003234605072066188,0,0,107,106,-1,perm_test,0.004975124378109453,0.4459911257946978,106,106,0,0.0,0.16666666666666666,0,0.0,0.0,0.0,0.0,0,none,0,1,0,overconfident,0.95,0,mild_drift,0.9558292210913417,0.0013451590014343722,0.7806461149937429,0.8520970316934718,1768220040.3102958,0.6619346141815186,0.01294122077524662
577,36928,36927,sine_abrupt4,sine,ts_drift_adapt,5,"error_divergence_ph_meta@error.threshold=0.10,error.min_instances=5",error_divergence_ph_meta,"{""divergence"": {""alpha"": 0.1, ""delta"": 0.005, ""min_instances"": 30, ""threshold"": 0.05}, ""error_rate"": {""alpha"": 0.15, ""delta"": 0.005, ""min_instances"": 5, ""threshold"": 0.1}}","{""error_rate"": {""min_instances"": 5, ""threshold"": 0.1}}",0.1,0.005,0.15,5,0.05,0.005,0.1,30,,,,-1,two_stage,2,0.5,"__confirm_cooldown=200,__confirm_rule=perm_test,__perm_alpha=0.01,__perm_min_effect=0,__perm_n_perm=200,__perm_post_n=10,__perm_pre_n=500,__perm_rng_seed=0,__perm_stat=vote_score,divergence=0.3,error_rate=0.5,teacher_entropy=0.2",3,0,200,0.0,0,10000,10.0,25.0,200,500,0,0,1.0,0.6402729636048526,0.27991982875418875,0.3333333333333333,0.6844359636306763,0.003414988750591874,0,0,107,106,-1,perm_test,0.004975124378109453,0.4459911257946978,106,106,0,0.0,0.16666666666666666,0,0.0,0.0,0.0,0.0,0,none,0,1,0,overconfident,0.95,0,mild_drift,0.9580646105456708,0.0013225795007171862,0.7903230574968715,0.853548515846736,1768220040.3187885,0.699941098690033,0.013659036718308926
578,36992,36991,sine_abrupt4,sine,ts_drift_adapt,5,"error_divergence_ph_meta@error.threshold=0.10,error.min_instances=5",error_divergence_ph_meta,"{""divergence"": {""alpha"": 0.1, ""delta"": 0.005, ""min_instances"": 30, ""threshold"": 0.05}, ""error_rate"": {""alpha"": 0.15, ""delta"": 0.005, ""min_instances"": 5, ""threshold"": 0.1}}","{""error_rate"": {""min_instances"": 5, ""threshold"": 0.1}}",0.1,0.005,0.15,5,0.05,0.005,0.1,30,,,,-1,two_stage,2,0.5,"__confirm_cooldown=200,__confirm_rule=perm_test,__perm_alpha=0.01,__perm_min_effect=0,__perm_n_perm=200,__perm_post_n=10,__perm_pre_n=500,__perm_rng_seed=0,__perm_stat=vote_score,divergence=0.3,error_rate=0.5,teacher_entropy=0.2",3,0,200,0.0,0,10000,10.0,25.0,200,500,0,0,1.0,0.6402735726643599,0.2799678606813453,0.6666666666666666,0.6855531334877014,0.00340424757450819,1,1,108,107,0,perm_test,0.004975124378109453,0.45054966397935525,107,107,0,0.16666666666666674,0.3333333333333333,1,0.5,0.0,0.0,0.0,0,none,1,1,0,overconfident,0.95,0,severe_drift,0.9245323052728354,0.0016612897503585932,0.6451615287484358,0.831774257923368,1768220040.333726,0.6858159899711609,0.013623855076730251
579,37056,37055,sine_abrupt4,sine,ts_drift_adapt,5,"error_divergence_ph_meta@error.threshold=0.10,error.min_instances=5",error_divergence_ph_meta,"{""divergence"": {""alpha"": 0.1, ""delta"": 0.005, ""min_instances"": 30, ""threshold"": 0.05}, ""error_rate"": {""alpha"": 0.15, ""delta"": 0.005, ""min_instances"": 5, ""threshold"": 0.1}}","{""error_rate"": {""min_instances"": 5, ""threshold"": 0.1}}",0.1,0.005,0.15,5,0.05,0.005,0.1,30,,,,-1,two_stage,2,0.5,"__confirm_cooldown=200,__confirm_rule=perm_test,__perm_alpha=0.01,__perm_min_effect=0,__perm_n_perm=200,__perm_post_n=10,__perm_pre_n=500,__perm_rng_seed=0,__perm_stat=vote_score,divergence=0.3,error_rate=0.5,teacher_entropy=0.2",3,0,200,0.0,0,10000,10.0,25.0,200,500,1,136,1.0,0.6404630829015544,0.28038164130182347,0.3333333333333333,0.684893786907196,0.002893848344683647,0,0,108,107,-1,perm_test,0.004975124378109453,0.45054966397935525,107,107,0,0.0,0.3333333333333333,0,0.0,0.0,0.0,0.0,0,none,0,1,0,overconfident,0.95,0,mild_drift,0.9424161526364176,0.0014806448751792968,0.7225807643742179,0.843387128961684,1768220040.342206,0.6519908905029297,0.011578244157135487
580,37120,37119,sine_abrupt4,sine,ts_drift_adapt,5,"error_divergence_ph_meta@error.threshold=0.10,error.min_instances=5",error_divergence_ph_meta,"{""divergence"": {""alpha"": 0.1, ""delta"": 0.005, ""min_instances"": 30, ""threshold"": 0.05}, ""error_rate"": {""alpha"": 0.15, ""delta"": 0.005, ""min_instances"": 5, ""threshold"": 0.1}}","{""error_rate"": {""min_instances"": 5, ""threshold"": 0.1}}",0.1,0.005,0.15,5,0.05,0.005,0.1,30,,,,-1,two_stage,2,0.5,"__confirm_cooldown=200,__confirm_rule=perm_test,__perm_alpha=0.01,__perm_min_effect=0,__perm_n_perm=200,__perm_post_n=10,__perm_pre_n=500,__perm_rng_seed=0,__perm_stat=vote_score,divergence=0.3,error_rate=0.5,teacher_entropy=0.2",3,0,200,0.0,0,10000,10.0,25.0,200,500,1,72,1.0,0.640625,0.2806924845556713,0.3333333333333333,0.6851853728294373,0.0028974085580557585,0,0,108,107,-1,perm_test,0.004975124378109453,0.45054966397935525,107,107,0,0.0,3.5602133721113205e-06,0,0.0,0.0,0.0,0.0,0,none,0,1,0,overconfident,0.95,0,mild_drift,0.9513580763182088,0.0013903224375896484,0.761290382187109,0.8491935644808419,1768220040.3506625,0.6444858312606812,0.0115992221981287
581,37184,37183,sine_abrupt4,sine,ts_drift_adapt,5,"error_divergence_ph_meta@error.threshold=0.10,error.min_instances=5",error_divergence_ph_meta,"{""divergence"": {""alpha"": 0.1, ""delta"": 0.005, ""min_instances"": 30, ""threshold"": 0.05}, ""error_rate"": {""alpha"": 0.15, ""delta"": 0.005, ""min_instances"": 5, ""threshold"": 0.1}}","{""error_rate"": {""min_instances"": 5, ""threshold"": 0.1}}",0.1,0.005,0.15,5,0.05,0.005,0.1,30,,,,-1,two_stage,2,0.5,"__confirm_cooldown=200,__confirm_rule=perm_test,__perm_alpha=0.01,__perm_min_effect=0,__perm_n_perm=200,__perm_post_n=10,__perm_pre_n=500,__perm_rng_seed=0,__perm_stat=vote_score,divergence=0.3,error_rate=0.5,teacher_entropy=0.2",3,0,200,0.0,0,10000,10.0,25.0,200,500,1,8,1.0,0.6406787865748709,0.2808346746527592,0.16666666666666666,0.6873517632484436,0.0024115005508065224,0,0,108,107,-1,perm_test,0.004975124378109453,0.45054966397935525,107,107,0,0.0,0.16666666666666666,0,0.0,0.0,0.0,0.0,0,none,0,1,0,overconfident,0.95,0,mild_drift,0.9558290381591044,0.0013451612187948244,0.7806451910935546,0.852096782240421,1768220040.3591318,0.630992591381073,0.00966467335820198
582,37248,37247,sine_abrupt4,sine,ts_drift_adapt,5,"error_divergence_ph_meta@error.threshold=0.10,error.min_instances=5",error_divergence_ph_meta,"{""divergence"": {""alpha"": 0.1, ""delta"": 0.005, ""min_instances"": 30, ""threshold"": 0.05}, ""error_rate"": {""alpha"": 0.15, ""delta"": 0.005, ""min_instances"": 5, ""threshold"": 0.1}}","{""error_rate"": {""min_instances"": 5, ""threshold"": 0.1}}",0.1,0.005,0.15,5,0.05,0.005,0.1,30,,,,-1,two_stage,2,0.5,"__confirm_cooldown=200,__confirm_rule=perm_test,__perm_alpha=0.01,__perm_min_effect=0,__perm_n_perm=200,__perm_post_n=10,__perm_pre_n=500,__perm_rng_seed=0,__perm_stat=vote_score,divergence=0.3,error_rate=0.5,teacher_entropy=0.2",3,0,200,0.0,0,10000,10.0,25.0,200,500,0,0,1.0,0.6408397766323024,0.2811632476010507,0.3333333333333333,0.6882704496383667,0.0021072188392281532,0,0,108,107,-1,perm_test,0.004975124378109453,0.45054966397935525,107,107,0,0.0,0.16666666666666666,0,0.0,0.0,0.0,0.0,0,none,0,1,0,overconfident,0.95,0,mild_drift,0.9580645190795521,0.0013225806093974122,0.7903225955467773,0.8535483911202104,1768220040.3676844,0.6700368523597717,0.008442194201052189
583,37312,37311,sine_abrupt4,sine,ts_drift_adapt,5,"error_divergence_ph_meta@error.threshold=0.10,error.min_instances=5",error_divergence_ph_meta,"{""divergence"": {""alpha"": 0.1, ""delta"": 0.005, ""min_instances"": 30, ""threshold"": 0.05}, ""error_rate"": {""alpha"": 0.15, ""delta"": 0.005, ""min_instances"": 5, ""threshold"": 0.1}}","{""error_rate"": {""min_instances"": 5, ""threshold"": 0.1}}",0.1,0.005,0.15,5,0.05,0.005,0.1,30,,,,-1,two_stage,2,0.5,"__confirm_cooldown=200,__confirm_rule=perm_test,__perm_alpha=0.01,__perm_min_effect=0,__perm_n_perm=200,__perm_post_n=10,__perm_pre_n=500,__perm_rng_seed=0,__perm_stat=vote_score,divergence=0.3,error_rate=0.5,teacher_entropy=0.2",3,0,200,0.0,0,10000,10.0,25.0,200,500,0,0,1.0,0.6408662092624356,0.2812154086007983,0.3333333333333333,0.6893636584281921,0.0017839021747931838,1,1,109,108,0,perm_test,0.004975124378109453,0.44305328519652026,108,108,0,0.3333333333333333,0.0003233166644349694,1,0.5,0.0,0.0,0.0,0,none,1,1,0,overconfident,0.95,0,severe_drift,0.924532259539776,0.001661290304698706,0.6451612977733887,0.8317741955601052,1768220040.3827653,0.6771921515464783,0.007147705182433128
584,37376,37375,sine_abrupt4,sine,ts_drift_adapt,5,"error_divergence_ph_meta@error.threshold=0.10,error.min_instances=5",error_divergence_ph_meta,"{""divergence"": {""alpha"": 0.1, ""delta"": 0.005, ""min_instances"": 30, ""threshold"": 0.05}, ""error_rate"": {""alpha"": 0.15, ""delta"": 0.005, ""min_instances"": 5, ""threshold"": 0.1}}","{""error_rate"": {""min_instances"": 5, ""threshold"": 0.1}}",0.1,0.005,0.15,5,0.05,0.005,0.1,30,,,,-1,two_stage,2,0.5,"__confirm_cooldown=200,__confirm_rule=perm_test,__perm_alpha=0.01,__perm_min_effect=0,__perm_n_perm=200,__perm_post_n=10,__perm_pre_n=500,__perm_rng_seed=0,__perm_stat=vote_score,divergence=0.3,error_rate=0.5,teacher_entropy=0.2",3,0,200,0.0,0,10000,10.0,25.0,200,500,1,136,1.0,0.6410530821917808,0.2816794621530801,0.0,0.6877647042274475,0.0011803272645920515,0,0,109,108,-1,perm_test,0.004975124378109453,0.44305328519652026,108,108,0,0.0,0.3333333333333333,0,0.0,0.0,0.0,0.0,0,none,0,1,0,overconfident,0.95,0,mild_drift,0.942416129769888,0.0014806451523493532,0.7225806488866944,0.8433870977800526,1768220040.3912914,0.5881378054618835,0.004726027138531208
585,37440,37439,sine_abrupt4,sine,ts_drift_adapt,5,"error_divergence_ph_meta@error.threshold=0.10,error.min_instances=5",error_divergence_ph_meta,"{""divergence"": {""alpha"": 0.1, ""delta"": 0.005, ""min_instances"": 30, ""threshold"": 0.05}, ""error_rate"": {""alpha"": 0.15, ""delta"": 0.005, ""min_instances"": 5, ""threshold"": 0.1}}","{""error_rate"": {""min_instances"": 5, ""threshold"": 0.1}}",0.1,0.005,0.15,5,0.05,0.005,0.1,30,,,,-1,two_stage,2,0.5,"__confirm_cooldown=200,__confirm_rule=perm_test,__perm_alpha=0.01,__perm_min_effect=0,__perm_n_perm=200,__perm_post_n=10,__perm_pre_n=500,__perm_rng_seed=0,__perm_stat=vote_score,divergence=0.3,error_rate=0.5,teacher_entropy=0.2",3,0,200,0.0,0,10000,10.0,25.0,200,500,1,72,1.0,0.6412393162393163,0.28203349285083695,0.16666666666666666,0.6890696287155151,0.0008277158485725522,0,0,109,108,-1,perm_test,0.004975124378109453,0.44305328519652026,108,108,0,0.0,0.16666666666666666,0,0.0,0.0,0.0,0.0,0,none,0,1,0,overconfident,0.95,0,mild_drift,0.951358064884944,0.0013903225761746768,0.7612903244433472,0.8491935488900263,1768220040.3995728,0.6247883439064026,0.003317036433145404
586,37504,37503,sine_abrupt4,sine,ts_drift_adapt,5,"error_divergence_ph_meta@error.threshold=0.10,error.min_instances=5",error_divergence_ph_meta,"{""divergence"": {""alpha"": 0.1, ""delta"": 0.005, ""min_instances"": 30, ""threshold"": 0.05}, ""error_rate"": {""alpha"": 0.15, ""delta"": 0.005, ""min_instances"": 5, ""threshold"": 0.1}}","{""error_rate"": {""min_instances"": 5, ""threshold"": 0.1}}",0.1,0.005,0.15,5,0.05,0.005,0.1,30,,,,-1,two_stage,2,0.5,"__confirm_cooldown=200,__confirm_rule=perm_test,__perm_alpha=0.01,__perm_min_effect=0,__perm_n_perm=200,__perm_post_n=10,__perm_pre_n=500,__perm_rng_seed=0,__perm_stat=vote_score,divergence=0.3,error_rate=0.5,teacher_entropy=0.2",3,0,200,0.0,0,10000,10.0,25.0,200,500,1,8,1.0,0.6413182593856656,0.28223407384326954,0.3333333333333333,0.6887187957763672,0.0005563654704019427,0,0,109,108,-1,perm_test,0.004975124378109453,0.44305328519652026,108,108,0,0.0,0.16666666666666666,0,0.0,0.0,0.0,0.0,0,none,0,1,0,overconfident,0.95,0,mild_drift,0.955829032442472,0.0013451612880873384,0.7806451622216737,0.8520967744450132,1768220040.4080088,0.6062672734260559,0.0022267592139542103
587,37568,37567,sine_abrupt4,sine,ts_drift_adapt,5,"error_divergence_ph_meta@error.threshold=0.10,error.min_instances=5",error_divergence_ph_meta,"{""divergence"": {""alpha"": 0.1, ""delta"": 0.005, ""min_instances"": 30, ""threshold"": 0.05}, ""error_rate"": {""alpha"": 0.15, ""delta"": 0.005, ""min_instances"": 5, ""threshold"": 0.1}}","{""error_rate"": {""min_instances"": 5, ""threshold"": 0.1}}",0.1,0.005,0.15,5,0.05,0.005,0.1,30,,,,-1,two_stage,2,0.5,"__confirm_cooldown=200,__confirm_rule=perm_test,__perm_alpha=0.01,__perm_min_effect=0,__perm_n_perm=200,__perm_post_n=10,__perm_pre_n=500,__perm_rng_seed=0,__perm_stat=vote_score,divergence=0.3,error_rate=0.5,teacher_entropy=0.2",3,0,200,0.0,0,10000,10.0,25.0,200,500,0,0,1.0,0.6413703151618398,0.2823741687127349,0.16666666666666666,0.6896865963935852,0.0005599155556410551,0,0,109,108,-1,perm_test,0.004975124378109453,0.44305328519652026,108,108,0,0.0,0.16666666666666666,0,0.0,0.0,0.0,0.0,0,none,0,1,0,overconfident,0.95,0,mild_drift,0.958064516221236,0.0013225806440436694,0.7903225811108369,0.8535483872225066,1768220040.4165468,0.5832927823066711,0.0022456080187112093
588,37632,37631,sine_abrupt4,sine,ts_drift_adapt,5,"error_divergence_ph_meta@error.threshold=0.10,error.min_instances=5",error_divergence_ph_meta,"{""divergence"": {""alpha"": 0.1, ""delta"": 0.005, ""min_instances"": 30, ""threshold"": 0.05}, ""error_rate"": {""alpha"": 0.15, ""delta"": 0.005, ""min_instances"": 5, ""threshold"": 0.1}}","{""error_rate"": {""min_instances"": 5, ""threshold"": 0.1}}",0.1,0.005,0.15,5,0.05,0.005,0.1,30,,,,-1,two_stage,2,0.5,"__confirm_cooldown=200,__confirm_rule=perm_test,__perm_alpha=0.01,__perm_min_effect=0,__perm_n_perm=200,__perm_post_n=10,__perm_pre_n=500,__perm_rng_seed=0,__perm_stat=vote_score,divergence=0.3,error_rate=0.5,teacher_entropy=0.2",3,0,200,0.0,0,10000,10.0,25.0,200,500,0,0,1.0,0.6414487670068028,0.2825478316162889,0.5,0.6876810193061829,0.00033823653939180076,1,1,110,109,0,perm_test,0.004975124378109453,0.4240977729696329,109,109,0,0.16666666666666669,0.33333333333333337,1,0.5,0.0,0.0,0.0,0,none,1,1,0,overconfident,0.95,0,severe_drift,0.924532258110618,0.0016612903220218347,0.6451612905554185,0.8317741936112533,1768220040.4311912,0.6758692860603333,0.0013567039277404547
589,37696,37695,sine_abrupt4,sine,ts_drift_adapt,5,"error_divergence_ph_meta@error.threshold=0.10,error.min_instances=5",error_divergence_ph_meta,"{""divergence"": {""alpha"": 0.1, ""delta"": 0.005, ""min_instances"": 30, ""threshold"": 0.05}, ""error_rate"": {""alpha"": 0.15, ""delta"": 0.005, ""min_instances"": 5, ""threshold"": 0.1}}","{""error_rate"": {""min_instances"": 5, ""threshold"": 0.1}}",0.1,0.005,0.15,5,0.05,0.005,0.1,30,,,,-1,two_stage,2,0.5,"__confirm_cooldown=200,__confirm_rule=perm_test,__perm_alpha=0.01,__perm_min_effect=0,__perm_n_perm=200,__perm_post_n=10,__perm_pre_n=500,__perm_rng_seed=0,__perm_stat=vote_score,divergence=0.3,error_rate=0.5,teacher_entropy=0.2",3,0,200,0.0,0,10000,10.0,25.0,200,500,1,136,1.0,0.6414738964346349,0.2826404798054585,0.16666666666666666,0.6897602081298828,0.0005134334205649793,0,0,110,109,-1,perm_test,0.004975124378109453,0.4240977729696329,109,109,0,0.0,0.33333333333333337,0,0.0,0.0,0.0,0.0,0,none,0,1,0,overconfident,0.95,0,mild_drift,0.942416129055309,0.0014806451610109173,0.7225806452777093,0.8433870968056266,1768220040.4395082,0.6006947755813599,0.0020610273350030184
590,37760,37759,sine_abrupt4,sine,ts_drift_adapt,5,"error_divergence_ph_meta@error.threshold=0.10,error.min_instances=5",error_divergence_ph_meta,"{""divergence"": {""alpha"": 0.1, ""delta"": 0.005, ""min_instances"": 30, ""threshold"": 0.05}, ""error_rate"": {""alpha"": 0.15, ""delta"": 0.005, ""min_instances"": 5, ""threshold"": 0.1}}","{""error_rate"": {""min_instances"": 5, ""threshold"": 0.1}}",0.1,0.005,0.15,5,0.05,0.005,0.1,30,,,,-1,two_stage,2,0.5,"__confirm_cooldown=200,__confirm_rule=perm_test,__perm_alpha=0.01,__perm_min_effect=0,__perm_n_perm=200,__perm_post_n=10,__perm_pre_n=500,__perm_rng_seed=0,__perm_stat=vote_score,divergence=0.3,error_rate=0.5,teacher_entropy=0.2",3,0,200,0.0,0,10000,10.0,25.0,200,500,1,72,1.0,0.6414194915254238,0.28254103746424164,0.3333333333333333,0.6882625818252563,0.0007088950369507074,0,0,110,109,-1,perm_test,0.004975124378109453,0.4240977729696329,109,109,0,0.0,0.16666666666666666,0,0.0,0.0,0.0,0.0,0,none,0,1,0,overconfident,0.95,0,mild_drift,0.9513580645276545,0.0013903225805054586,0.7612903226388547,0.8491935484028132,1768220040.447745,0.6599939465522766,0.0028554038144648075
591,37824,37823,sine_abrupt4,sine,ts_drift_adapt,5,"error_divergence_ph_meta@error.threshold=0.10,error.min_instances=5",error_divergence_ph_meta,"{""divergence"": {""alpha"": 0.1, ""delta"": 0.005, ""min_instances"": 30, ""threshold"": 0.05}, ""error_rate"": {""alpha"": 0.15, ""delta"": 0.005, ""min_instances"": 5, ""threshold"": 0.1}}","{""error_rate"": {""min_instances"": 5, ""threshold"": 0.1}}",0.1,0.005,0.15,5,0.05,0.005,0.1,30,,,,-1,two_stage,2,0.5,"__confirm_cooldown=200,__confirm_rule=perm_test,__perm_alpha=0.01,__perm_min_effect=0,__perm_n_perm=200,__perm_post_n=10,__perm_pre_n=500,__perm_rng_seed=0,__perm_stat=vote_score,divergence=0.3,error_rate=0.5,teacher_entropy=0.2",3,0,200,0.0,0,10000,10.0,25.0,200,500,1,8,1.0,0.6413917089678511,0.2825078164376686,0.5,0.6877104640007019,0.0007675197557546198,0,0,110,109,-1,perm_test,0.004975124378109453,0.4240977729696329,109,109,0,0.0,0.16666666666666669,0,0.0,0.0,0.0,0.0,0,none,0,1,0,overconfident,0.95,0,mild_drift,0.9558290322638272,0.0013451612902527295,0.7806451613194274,0.8520967742014066,1768220040.4561036,0.6813924312591553,0.0030921148136258125
592,37888,37887,sine_abrupt4,sine,ts_drift_adapt,5,"error_divergence_ph_meta@error.threshold=0.10,error.min_instances=5",error_divergence_ph_meta,"{""divergence"": {""alpha"": 0.1, ""delta"": 0.005, ""min_instances"": 30, ""threshold"": 0.05}, ""error_rate"": {""alpha"": 0.15, ""delta"": 0.005, ""min_instances"": 5, ""threshold"": 0.1}}","{""error_rate"": {""min_instances"": 5, ""threshold"": 0.1}}",0.1,0.005,0.15,5,0.05,0.005,0.1,30,,,,-1,two_stage,2,0.5,"__confirm_cooldown=200,__confirm_rule=perm_test,__perm_alpha=0.01,__perm_min_effect=0,__perm_n_perm=200,__perm_post_n=10,__perm_pre_n=500,__perm_rng_seed=0,__perm_stat=vote_score,divergence=0.3,error_rate=0.5,teacher_entropy=0.2",3,0,200,0.0,0,10000,10.0,25.0,200,500,0,0,1.0,0.6413904138513513,0.2825397771527152,0.5,0.6873207092285156,0.0008959626429714262,0,0,110,109,-1,perm_test,0.004975124378109453,0.4240977729696329,109,109,0,0.0,0.0001284428872168064,0,0.0,0.0,0.0,0.0,0,none,0,1,0,overconfident,0.95,0,mild_drift,0.9580645161319136,0.001322580645126365,0.7903225806597137,0.8535483871007032,1768220040.4645426,0.6606738567352295,0.003611351363360882
593,37952,37951,sine_abrupt4,sine,ts_drift_adapt,5,"error_divergence_ph_meta@error.threshold=0.10,error.min_instances=5",error_divergence_ph_meta,"{""divergence"": {""alpha"": 0.1, ""delta"": 0.005, ""min_instances"": 30, ""threshold"": 0.05}, ""error_rate"": {""alpha"": 0.15, ""delta"": 0.005, ""min_instances"": 5, ""threshold"": 0.1}}","{""error_rate"": {""min_instances"": 5, ""threshold"": 0.1}}",0.1,0.005,0.15,5,0.05,0.005,0.1,30,,,,-1,two_stage,2,0.5,"__confirm_cooldown=200,__confirm_rule=perm_test,__perm_alpha=0.01,__perm_min_effect=0,__perm_n_perm=200,__perm_post_n=10,__perm_pre_n=500,__perm_rng_seed=0,__perm_stat=vote_score,divergence=0.3,error_rate=0.5,teacher_entropy=0.2",3,0,200,0.0,0,10000,10.0,25.0,200,500,0,0,1.0,0.6414154721753794,0.2826428637179637,0.16666666666666666,0.6869387626647949,0.0014312590938061476,1,1,111,110,0,perm_test,0.004975124378109453,0.40054031182533334,110,110,0,0.33333333333333337,0.33333333333333337,1,0.5,0.0,0.0,0.0,0,none,1,1,0,overconfident,0.95,0,severe_drift,0.9245322580659567,0.0016612903225631825,0.6451612903298569,0.8317741935503516,1768220040.479312,0.5831016302108765,0.005797449499368668
594,38016,38015,sine_abrupt4,sine,ts_drift_adapt,5,"error_divergence_ph_meta@error.threshold=0.10,error.min_instances=5",error_divergence_ph_meta,"{""divergence"": {""alpha"": 0.1, ""delta"": 0.005, ""min_instances"": 30, ""threshold"": 0.05}, ""error_rate"": {""alpha"": 0.15, ""delta"": 0.005, ""min_instances"": 5, ""threshold"": 0.1}}","{""error_rate"": {""min_instances"": 5, ""threshold"": 0.1}}",0.1,0.005,0.15,5,0.05,0.005,0.1,30,,,,-1,two_stage,2,0.5,"__confirm_cooldown=200,__confirm_rule=perm_test,__perm_alpha=0.01,__perm_min_effect=0,__perm_n_perm=200,__perm_post_n=10,__perm_pre_n=500,__perm_rng_seed=0,__perm_stat=vote_score,divergence=0.3,error_rate=0.5,teacher_entropy=0.2",3,0,200,0.0,0,10000,10.0,25.0,200,500,1,136,1.0,0.6412563131313131,0.28232610863076374,0.5,0.6872230768203735,0.0014515328221023083,0,0,111,110,-1,perm_test,0.004975124378109453,0.40054031182533334,110,110,0,0.0,0.33333333333333337,0,0.0,0.0,0.0,0.0,0,none,0,1,0,overconfident,0.95,0,mild_drift,0.9424161290329783,0.0014806451612815914,0.7225806451649285,0.8433870967751758,1768220040.4877627,0.7014586925506592,0.005891455337405205
595,38080,38079,sine_abrupt4,sine,ts_drift_adapt,5,"error_divergence_ph_meta@error.threshold=0.10,error.min_instances=5",error_divergence_ph_meta,"{""divergence"": {""alpha"": 0.1, ""delta"": 0.005, ""min_instances"": 30, ""threshold"": 0.05}, ""error_rate"": {""alpha"": 0.15, ""delta"": 0.005, ""min_instances"": 5, ""threshold"": 0.1}}","{""error_rate"": {""min_instances"": 5, ""threshold"": 0.1}}",0.1,0.005,0.15,5,0.05,0.005,0.1,30,,,,-1,two_stage,2,0.5,"__confirm_cooldown=200,__confirm_rule=perm_test,__perm_alpha=0.01,__perm_min_effect=0,__perm_n_perm=200,__perm_post_n=10,__perm_pre_n=500,__perm_rng_seed=0,__perm_stat=vote_score,divergence=0.3,error_rate=0.5,teacher_entropy=0.2",3,0,200,0.0,0,10000,10.0,25.0,200,500,1,72,1.0,0.6412289915966387,0.28229200949851363,0.3333333333333333,0.6863582134246826,0.0013730305945500731,0,0,111,110,-1,perm_test,0.004975124378109453,0.40054031182533334,110,110,0,0.0,0.16666666666666669,0,0.0,0.0,0.0,0.0,0,none,0,1,0,overconfident,0.95,0,mild_drift,0.9513580645164892,0.0013903225806407957,0.7612903225824643,0.8491935483875879,1768220040.4960392,0.5967897772789001,0.005561001133173704
596,38144,38143,sine_abrupt4,sine,ts_drift_adapt,5,"error_divergence_ph_meta@error.threshold=0.10,error.min_instances=5",error_divergence_ph_meta,"{""divergence"": {""alpha"": 0.1, ""delta"": 0.005, ""min_instances"": 30, ""threshold"": 0.05}, ""error_rate"": {""alpha"": 0.15, ""delta"": 0.005, ""min_instances"": 5, ""threshold"": 0.1}}","{""error_rate"": {""min_instances"": 5, ""threshold"": 0.1}}",0.1,0.005,0.15,5,0.05,0.005,0.1,30,,,,-1,two_stage,2,0.5,"__confirm_cooldown=200,__confirm_rule=perm_test,__perm_alpha=0.01,__perm_min_effect=0,__perm_n_perm=200,__perm_post_n=10,__perm_pre_n=500,__perm_rng_seed=0,__perm_stat=vote_score,divergence=0.3,error_rate=0.5,teacher_entropy=0.2",3,0,200,0.0,0,10000,10.0,25.0,200,500,1,8,1.0,0.6410968959731543,0.28205392377894917,0.3333333333333333,0.6855574250221252,0.0011477157240733504,0,0,111,110,-1,perm_test,0.004975124378109453,0.40054031182533334,110,110,0,0.0,0.00022531487047672272,0,0.0,0.0,0.0,0.0,0,none,0,1,0,overconfident,0.95,0,mild_drift,0.9558290322582446,0.001345161290320398,0.7806451612912322,0.8520967741937939,1768220040.504353,0.6133372783660889,0.004638196900486946
597,38208,38207,sine_abrupt4,sine,ts_drift_adapt,5,"error_divergence_ph_meta@error.threshold=0.10,error.min_instances=5",error_divergence_ph_meta,"{""divergence"": {""alpha"": 0.1, ""delta"": 0.005, ""min_instances"": 30, ""threshold"": 0.05}, ""error_rate"": {""alpha"": 0.15, ""delta"": 0.005, ""min_instances"": 5, ""threshold"": 0.1}}","{""error_rate"": {""min_instances"": 5, ""threshold"": 0.1}}",0.1,0.005,0.15,5,0.05,0.005,0.1,30,,,,-1,two_stage,2,0.5,"__confirm_cooldown=200,__confirm_rule=perm_test,__perm_alpha=0.01,__perm_min_effect=0,__perm_n_perm=200,__perm_post_n=10,__perm_pre_n=500,__perm_rng_seed=0,__perm_stat=vote_score,divergence=0.3,error_rate=0.5,teacher_entropy=0.2",3,0,200,0.0,0,10000,10.0,25.0,200,500,0,0,1.0,0.640965242881072,0.28179809487394675,1.0,0.6848192811012268,0.0016611773753538728,0,0,111,110,-1,perm_test,0.004975124378109453,0.40054031182533334,110,110,0,0.0,0.6666666666666667,0,0.0,0.0,0.0,0.0,0,none,0,1,0,overconfident,0.95,0,mild_drift,0.9580645161291222,0.001322580645160199,0.7903225806456161,0.853548387096897,1768220040.5127525,0.8534231185913086,0.006748529151082039
598,38272,38271,sine_abrupt4,sine,ts_drift_adapt,5,"error_divergence_ph_meta@error.threshold=0.10,error.min_instances=5",error_divergence_ph_meta,"{""divergence"": {""alpha"": 0.1, ""delta"": 0.005, ""min_instances"": 30, ""threshold"": 0.05}, ""error_rate"": {""alpha"": 0.15, ""delta"": 0.005, ""min_instances"": 5, ""threshold"": 0.1}}","{""error_rate"": {""min_instances"": 5, ""threshold"": 0.1}}",0.1,0.005,0.15,5,0.05,0.005,0.1,30,,,,-1,two_stage,2,0.5,"__confirm_cooldown=200,__confirm_rule=perm_test,__perm_alpha=0.01,__perm_min_effect=0,__perm_n_perm=200,__perm_post_n=10,__perm_pre_n=500,__perm_rng_seed=0,__perm_stat=vote_score,divergence=0.3,error_rate=0.5,teacher_entropy=0.2",3,0,200,0.0,0,10000,10.0,25.0,200,500,0,0,1.0,0.6408601588628763,0.281583142523435,0.6666666666666666,0.6869365572929382,0.0009366591111756861,1,1,112,111,0,perm_test,0.004975124378109453,0.4269328666853436,111,111,0,0.5,0.33333333333333337,1,0.5,0.0,0.0,0.0,0,none,1,1,0,overconfident,0.95,0,severe_drift,0.9245322580645612,0.0016612903225800995,0.6451612903228081,0.8317741935484485,1768220040.5275288,0.762869119644165,0.0037797775585204363
599,38336,38335,sine_abrupt4,sine,ts_drift_adapt,5,"error_divergence_ph_meta@error.threshold=0.10,error.min_instances=5",error_divergence_ph_meta,"{""divergence"": {""alpha"": 0.1, ""delta"": 0.005, ""min_instances"": 30, ""threshold"": 0.05}, ""error_rate"": {""alpha"": 0.15, ""delta"": 0.005, ""min_instances"": 5, ""threshold"": 0.1}}","{""error_rate"": {""min_instances"": 5, ""threshold"": 0.1}}",0.1,0.005,0.15,5,0.05,0.005,0.1,30,,,,-1,two_stage,2,0.5,"__confirm_cooldown=200,__confirm_rule=perm_test,__perm_alpha=0.01,__perm_min_effect=0,__perm_n_perm=200,__perm_post_n=10,__perm_pre_n=500,__perm_rng_seed=0,__perm_stat=vote_score,divergence=0.3,error_rate=0.5,teacher_entropy=0.2",3,0,200,0.0,0,10000,10.0,25.0,200,500,1,136,1.0,0.6406510851419032,0.2811366141583346,0.3333333333333333,0.6845034956932068,0.0010875575244426727,0,0,112,111,-1,perm_test,0.004975124378109453,0.4269328666853436,111,111,0,0.0,0.3333333333333333,0,0.0,0.0,0.0,0.0,0,none,0,1,0,overconfident,0.95,0,mild_drift,0.9424161290322806,0.00148064516129005,0.7225806451614041,0.8433870967742243,1768220040.5359554,0.6085613369941711,0.004397358279675245
600,38400,38399,sine_abrupt4,sine,ts_drift_adapt,5,"error_divergence_ph_meta@error.threshold=0.10,error.min_instances=5",error_divergence_ph_meta,"{""divergence"": {""alpha"": 0.1, ""delta"": 0.005, ""min_instances"": 30, ""threshold"": 0.05}, ""error_rate"": {""alpha"": 0.15, ""delta"": 0.005, ""min_instances"": 5, ""threshold"": 0.1}}","{""error_rate"": {""min_instances"": 5, ""threshold"": 0.1}}",0.1,0.005,0.15,5,0.05,0.005,0.1,30,,,,-1,two_stage,2,0.5,"__confirm_cooldown=200,__confirm_rule=perm_test,__perm_alpha=0.01,__perm_min_effect=0,__perm_n_perm=200,__perm_post_n=10,__perm_pre_n=500,__perm_rng_seed=0,__perm_stat=vote_score,divergence=0.3,error_rate=0.5,teacher_entropy=0.2",3,0,200,0.0,0,10000,10.0,25.0,200,500,1,72,1.0,0.640546875,0.2809241593648639,0.3333333333333333,0.6837062239646912,0.0009184503578580916,0,0,112,111,-1,perm_test,0.004975124378109453,0.4269328666853436,111,111,0,0.0,0.00016910716658458114,0,0.0,0.0,0.0,0.0,0,none,0,1,0,overconfident,0.95,0,mild_drift,0.9513580645161402,0.001390322580645025,0.7612903225807021,0.8491935483871121,1768220040.5442657,0.6512588858604431,0.0037126136012375355
601,38464,38463,sine_abrupt4,sine,ts_drift_adapt,5,"error_divergence_ph_meta@error.threshold=0.10,error.min_instances=5",error_divergence_ph_meta,"{""divergence"": {""alpha"": 0.1, ""delta"": 0.005, ""min_instances"": 30, ""threshold"": 0.05}, ""error_rate"": {""alpha"": 0.15, ""delta"": 0.005, ""min_instances"": 5, ""threshold"": 0.1}}","{""error_rate"": {""min_instances"": 5, ""threshold"": 0.1}}",0.1,0.005,0.15,5,0.05,0.005,0.1,30,,,,-1,two_stage,2,0.5,"__confirm_cooldown=200,__confirm_rule=perm_test,__perm_alpha=0.01,__perm_min_effect=0,__perm_n_perm=200,__perm_post_n=10,__perm_pre_n=500,__perm_rng_seed=0,__perm_stat=vote_score,divergence=0.3,error_rate=0.5,teacher_entropy=0.2",3,0,200,0.0,0,10000,10.0,25.0,200,500,1,8,1.0,0.6405470049916805,0.28093753552444906,0.16666666666666666,0.6845540404319763,0.0009669032879173756,0,0,112,111,-1,perm_test,0.004975124378109453,0.4269328666853436,111,111,0,0.0,0.16666666666666666,0,0.0,0.0,0.0,0.0,0,none,0,1,0,overconfident,0.95,0,mild_drift,0.95582903225807,0.0013451612903225127,0.7806451612903511,0.8520967741935561,1768220040.5525444,0.6369225978851318,0.00391113106161356
602,38528,38527,sine_abrupt4,sine,ts_drift_adapt,5,"error_divergence_ph_meta@error.threshold=0.10,error.min_instances=5",error_divergence_ph_meta,"{""divergence"": {""alpha"": 0.1, ""delta"": 0.005, ""min_instances"": 30, ""threshold"": 0.05}, ""error_rate"": {""alpha"": 0.15, ""delta"": 0.005, ""min_instances"": 5, ""threshold"": 0.1}}","{""error_rate"": {""min_instances"": 5, ""threshold"": 0.1}}",0.1,0.005,0.15,5,0.05,0.005,0.1,30,,,,-1,two_stage,2,0.5,"__confirm_cooldown=200,__confirm_rule=perm_test,__perm_alpha=0.01,__perm_min_effect=0,__perm_n_perm=200,__perm_post_n=10,__perm_pre_n=500,__perm_rng_seed=0,__perm_stat=vote_score,divergence=0.3,error_rate=0.5,teacher_entropy=0.2",3,0,200,0.0,0,10000,10.0,25.0,200,500,0,0,1.0,0.6404952242524917,0.28088702925451275,0.5,0.6814004778862,0.0007653737557120621,0,0,112,111,-1,perm_test,0.004975124378109453,0.4269328666853436,111,111,0,0.0,0.33333333333333337,0,0.0,0.0,0.0,0.0,0,none,0,1,0,overconfident,0.95,0,mild_drift,0.958064516129035,0.0013225806451612563,0.7903225806451756,0.853548387096778,1768220040.5609403,0.6628828644752502,0.003080999944359064
603,38592,38591,sine_abrupt4,sine,ts_drift_adapt,5,"error_divergence_ph_meta@error.threshold=0.10,error.min_instances=5",error_divergence_ph_meta,"{""divergence"": {""alpha"": 0.1, ""delta"": 0.005, ""min_instances"": 30, ""threshold"": 0.05}, ""error_rate"": {""alpha"": 0.15, ""delta"": 0.005, ""min_instances"": 5, ""threshold"": 0.1}}","{""error_rate"": {""min_instances"": 5, ""threshold"": 0.1}}",0.1,0.005,0.15,5,0.05,0.005,0.1,30,,,,-1,two_stage,2,0.5,"__confirm_cooldown=200,__confirm_rule=perm_test,__perm_alpha=0.01,__perm_min_effect=0,__perm_n_perm=200,__perm_post_n=10,__perm_pre_n=500,__perm_rng_seed=0,__perm_stat=vote_score,divergence=0.3,error_rate=0.5,teacher_entropy=0.2",3,0,200,0.0,0,10000,10.0,25.0,200,500,0,0,1.0,0.640599087893864,0.28112987517816257,0.5,0.6797379851341248,0.0005604088655672967,1,1,113,112,0,perm_test,0.004975124378109453,0.45049972297129875,112,112,0,0.16666666666666663,0.00020496489014476538,1,0.5,0.0,0.0,0.0,0,none,1,1,0,overconfident,0.95,0,severe_drift,0.9245322580645174,0.0016612903225806282,0.6451612903225878,0.8317741935483891,1768220040.575774,0.7178122401237488,0.002253143349662423
604,38656,38655,sine_abrupt4,sine,ts_drift_adapt,5,"error_divergence_ph_meta@error.threshold=0.10,error.min_instances=5",error_divergence_ph_meta,"{""divergence"": {""alpha"": 0.1, ""delta"": 0.005, ""min_instances"": 30, ""threshold"": 0.05}, ""error_rate"": {""alpha"": 0.15, ""delta"": 0.005, ""min_instances"": 5, ""threshold"": 0.1}}","{""error_rate"": {""min_instances"": 5, ""threshold"": 0.1}}",0.1,0.005,0.15,5,0.05,0.005,0.1,30,,,,-1,two_stage,2,0.5,"__confirm_cooldown=200,__confirm_rule=perm_test,__perm_alpha=0.01,__perm_min_effect=0,__perm_n_perm=200,__perm_post_n=10,__perm_pre_n=500,__perm_rng_seed=0,__perm_stat=vote_score,divergence=0.3,error_rate=0.5,teacher_entropy=0.2",3,0,200,0.0,0,10000,10.0,25.0,200,500,1,136,1.0,0.640573261589404,0.2811127159719788,0.16666666666666666,0.6814866065979004,0.0005980630521662533,0,0,113,112,-1,perm_test,0.004975124378109453,0.45049972297129875,112,112,0,0.0,0.33333333333333337,0,0.0,0.0,0.0,0.0,0,none,0,1,0,overconfident,0.95,0,mild_drift,0.9424161290322587,0.001480645161290314,0.7225806451612939,0.8433870967741945,1768220040.584361,0.48989710211753845,0.0024006457533687353
605,38720,38719,sine_abrupt4,sine,ts_drift_adapt,5,"error_divergence_ph_meta@error.threshold=0.10,error.min_instances=5",error_divergence_ph_meta,"{""divergence"": {""alpha"": 0.1, ""delta"": 0.005, ""min_instances"": 30, ""threshold"": 0.05}, ""error_rate"": {""alpha"": 0.15, ""delta"": 0.005, ""min_instances"": 5, ""threshold"": 0.1}}","{""error_rate"": {""min_instances"": 5, ""threshold"": 0.1}}",0.1,0.005,0.15,5,0.05,0.005,0.1,30,,,,-1,two_stage,2,0.5,"__confirm_cooldown=200,__confirm_rule=perm_test,__perm_alpha=0.01,__perm_min_effect=0,__perm_n_perm=200,__perm_post_n=10,__perm_pre_n=500,__perm_rng_seed=0,__perm_stat=vote_score,divergence=0.3,error_rate=0.5,teacher_entropy=0.2",3,0,200,0.0,0,10000,10.0,25.0,200,500,1,72,1.0,0.640676652892562,0.28134772237575456,0.5,0.6811763048171997,0.0006600861670449376,0,0,113,112,-1,perm_test,0.004975124378109453,0.45049972297129875,112,112,0,0.0,0.33333333333333337,0,0.0,0.0,0.0,0.0,0,none,0,1,0,overconfident,0.95,0,mild_drift,0.9513580645161293,0.0013903225806451572,0.761290322580647,0.8491935483870973,1768220040.592621,0.6314761638641357,0.0026564993895590305
606,38784,38783,sine_abrupt4,sine,ts_drift_adapt,5,"error_divergence_ph_meta@error.threshold=0.10,error.min_instances=5",error_divergence_ph_meta,"{""divergence"": {""alpha"": 0.1, ""delta"": 0.005, ""min_instances"": 30, ""threshold"": 0.05}, ""error_rate"": {""alpha"": 0.15, ""delta"": 0.005, ""min_instances"": 5, ""threshold"": 0.1}}","{""error_rate"": {""min_instances"": 5, ""threshold"": 0.1}}",0.1,0.005,0.15,5,0.05,0.005,0.1,30,,,,-1,two_stage,2,0.5,"__confirm_cooldown=200,__confirm_rule=perm_test,__perm_alpha=0.01,__perm_min_effect=0,__perm_n_perm=200,__perm_post_n=10,__perm_pre_n=500,__perm_rng_seed=0,__perm_stat=vote_score,divergence=0.3,error_rate=0.5,teacher_entropy=0.2",3,0,200,0.0,0,10000,10.0,25.0,200,500,1,8,1.0,0.6406765676567657,0.2813586715608089,0.6666666666666666,0.683302640914917,0.0005530472262762487,0,0,113,112,-1,perm_test,0.004975124378109453,0.45049972297129875,112,112,0,0.0,0.16666666666666663,0,0.0,0.0,0.0,0.0,0,none,0,1,0,overconfident,0.95,0,mild_drift,0.9558290322580646,0.0013451612903225786,0.7806451612903236,0.8520967741935486,1768220040.6009195,0.6691222786903381,0.0022236229851841927
607,38848,38847,sine_abrupt4,sine,ts_drift_adapt,5,"error_divergence_ph_meta@error.threshold=0.10,error.min_instances=5",error_divergence_ph_meta,"{""divergence"": {""alpha"": 0.1, ""delta"": 0.005, ""min_instances"": 30, ""threshold"": 0.05}, ""error_rate"": {""alpha"": 0.15, ""delta"": 0.005, ""min_instances"": 5, ""threshold"": 0.1}}","{""error_rate"": {""min_instances"": 5, ""threshold"": 0.1}}",0.1,0.005,0.15,5,0.05,0.005,0.1,30,,,,-1,two_stage,2,0.5,"__confirm_cooldown=200,__confirm_rule=perm_test,__perm_alpha=0.01,__perm_min_effect=0,__perm_n_perm=200,__perm_post_n=10,__perm_pre_n=500,__perm_rng_seed=0,__perm_stat=vote_score,divergence=0.3,error_rate=0.5,teacher_entropy=0.2",3,0,200,0.0,0,10000,10.0,25.0,200,500,0,0,1.0,0.6407537067545305,0.2815238952112408,0.5,0.6813657283782959,0.0006432445952668786,0,0,113,112,-1,perm_test,0.004975124378109453,0.45049972297129875,112,112,0,0.0,0.16666666666666663,0,0.0,0.0,0.0,0.0,0,none,0,1,0,overconfident,0.95,0,mild_drift,0.9580645161290322,0.0013225806451612893,0.7903225806451618,0.8535483870967743,1768220040.6093082,0.6941030025482178,0.002585458569228649
608,38912,38911,sine_abrupt4,sine,ts_drift_adapt,5,"error_divergence_ph_meta@error.threshold=0.10,error.min_instances=5",error_divergence_ph_meta,"{""divergence"": {""alpha"": 0.1, ""delta"": 0.005, ""min_instances"": 30, ""threshold"": 0.05}, ""error_rate"": {""alpha"": 0.15, ""delta"": 0.005, ""min_instances"": 5, ""threshold"": 0.1}}","{""error_rate"": {""min_instances"": 5, ""threshold"": 0.1}}",0.1,0.005,0.15,5,0.05,0.005,0.1,30,,,,-1,two_stage,2,0.5,"__confirm_cooldown=200,__confirm_rule=perm_test,__perm_alpha=0.01,__perm_min_effect=0,__perm_n_perm=200,__perm_post_n=10,__perm_pre_n=500,__perm_rng_seed=0,__perm_stat=vote_score,divergence=0.3,error_rate=0.5,teacher_entropy=0.2",3,0,200,0.0,0,10000,10.0,25.0,200,500,0,0,1.0,0.6407534950657895,0.28153979891366504,0.16666666666666666,0.6831617951393127,0.000538222084287554,1,1,114,113,0,perm_test,0.004975124378109453,0.41455680565953745,113,113,0,0.33333333333333337,0.33333333333333337,1,0.5,0.0,0.0,0.0,0,none,1,1,0,overconfident,0.95,0,severe_drift,0.9245322580645161,0.0016612903225806447,0.645161290322581,0.8317741935483871,1768220040.6240563,0.5652218461036682,0.002158193150535226
609,38976,38975,sine_abrupt4,sine,ts_drift_adapt,5,"error_divergence_ph_meta@error.threshold=0.10,error.min_instances=5",error_divergence_ph_meta,"{""divergence"": {""alpha"": 0.1, ""delta"": 0.005, ""min_instances"": 30, ""threshold"": 0.05}, ""error_rate"": {""alpha"": 0.15, ""delta"": 0.005, ""min_instances"": 5, ""threshold"": 0.1}}","{""error_rate"": {""min_instances"": 5, ""threshold"": 0.1}}",0.1,0.005,0.15,5,0.05,0.005,0.1,30,,,,-1,two_stage,2,0.5,"__confirm_cooldown=200,__confirm_rule=perm_test,__perm_alpha=0.01,__perm_min_effect=0,__perm_n_perm=200,__perm_post_n=10,__perm_pre_n=500,__perm_rng_seed=0,__perm_stat=vote_score,divergence=0.3,error_rate=0.5,teacher_entropy=0.2",3,0,200,0.0,0,10000,10.0,25.0,200,500,1,136,1.0,0.6409585385878489,0.28194963486036795,0.3333333333333333,0.6832050085067749,0.000785429438110441,0,0,114,113,-1,perm_test,0.004975124378109453,0.41455680565953745,113,113,0,0.0,0.16666666666666666,0,0.0,0.0,0.0,0.0,0,none,0,1,0,overconfident,0.95,0,mild_drift,0.942416129032258,0.0014806451612903223,0.7225806451612905,0.8433870967741935,1768220040.6324856,0.6154221892356873,0.003160937689244747
610,39040,39039,sine_abrupt4,sine,ts_drift_adapt,5,"error_divergence_ph_meta@error.threshold=0.10,error.min_instances=5",error_divergence_ph_meta,"{""divergence"": {""alpha"": 0.1, ""delta"": 0.005, ""min_instances"": 30, ""threshold"": 0.05}, ""error_rate"": {""alpha"": 0.15, ""delta"": 0.005, ""min_instances"": 5, ""threshold"": 0.1}}","{""error_rate"": {""min_instances"": 5, ""threshold"": 0.1}}",0.1,0.005,0.15,5,0.05,0.005,0.1,30,,,,-1,two_stage,2,0.5,"__confirm_cooldown=200,__confirm_rule=perm_test,__perm_alpha=0.01,__perm_min_effect=0,__perm_n_perm=200,__perm_post_n=10,__perm_pre_n=500,__perm_rng_seed=0,__perm_stat=vote_score,divergence=0.3,error_rate=0.5,teacher_entropy=0.2",3,0,200,0.0,0,10000,10.0,25.0,200,500,1,72,1.0,0.6410348360655738,0.2821235933478231,0.3333333333333333,0.6816100478172302,0.000733901048079133,0,0,114,113,-1,perm_test,0.004975124378109453,0.41455680565953745,113,113,0,0.0,5.1528390031307936e-05,0,0.0,0.0,0.0,0.0,0,none,0,1,0,overconfident,0.95,0,mild_drift,0.951358064516129,0.0013903225806451611,0.7612903225806453,0.8491935483870967,1768220040.6407962,0.6095525026321411,0.002946480643004179
611,39104,39103,sine_abrupt4,sine,ts_drift_adapt,5,"error_divergence_ph_meta@error.threshold=0.10,error.min_instances=5",error_divergence_ph_meta,"{""divergence"": {""alpha"": 0.1, ""delta"": 0.005, ""min_instances"": 30, ""threshold"": 0.05}, ""error_rate"": {""alpha"": 0.15, ""delta"": 0.005, ""min_instances"": 5, ""threshold"": 0.1}}","{""error_rate"": {""min_instances"": 5, ""threshold"": 0.1}}",0.1,0.005,0.15,5,0.05,0.005,0.1,30,,,,-1,two_stage,2,0.5,"__confirm_cooldown=200,__confirm_rule=perm_test,__perm_alpha=0.01,__perm_min_effect=0,__perm_n_perm=200,__perm_post_n=10,__perm_pre_n=500,__perm_rng_seed=0,__perm_stat=vote_score,divergence=0.3,error_rate=0.5,teacher_entropy=0.2",3,0,200,0.0,0,10000,10.0,25.0,200,500,1,8,1.0,0.641136456628478,0.2823370950457248,0.3333333333333333,0.6794993877410889,0.0006847500917501748,0,0,114,113,-1,perm_test,0.004975124378109453,0.41455680565953745,113,113,0,0.0,4.915095632895827e-05,0,0.0,0.0,0.0,0.0,0,none,0,1,0,overconfident,0.95,0,mild_drift,0.9558290322580645,0.0013451612903225807,0.7806451612903227,0.8520967741935483,1768220040.6490753,0.7141520380973816,0.002756234025582671
612,39168,39167,sine_abrupt4,sine,ts_drift_adapt,5,"error_divergence_ph_meta@error.threshold=0.10,error.min_instances=5",error_divergence_ph_meta,"{""divergence"": {""alpha"": 0.1, ""delta"": 0.005, ""min_instances"": 30, ""threshold"": 0.05}, ""error_rate"": {""alpha"": 0.15, ""delta"": 0.005, ""min_instances"": 5, ""threshold"": 0.1}}","{""error_rate"": {""min_instances"": 5, ""threshold"": 0.1}}",0.1,0.005,0.15,5,0.05,0.005,0.1,30,,,,-1,two_stage,2,0.5,"__confirm_cooldown=200,__confirm_rule=perm_test,__perm_alpha=0.01,__perm_min_effect=0,__perm_n_perm=200,__perm_post_n=10,__perm_pre_n=500,__perm_rng_seed=0,__perm_stat=vote_score,divergence=0.3,error_rate=0.5,teacher_entropy=0.2",3,0,200,0.0,0,10000,10.0,25.0,200,500,0,0,1.0,0.6411866830065359,0.28245298161044957,0.3333333333333333,0.680951714515686,0.0009145419462583959,0,0,114,113,-1,perm_test,0.004975124378109453,0.41455680565953745,113,113,0,0.0,0.00022979185450822115,0,0.0,0.0,0.0,0.0,0,none,0,1,0,overconfident,0.95,0,mild_drift,0.9580645161290322,0.0013225806451612906,0.7903225806451614,0.8535483870967742,1768220040.6574817,0.6119610667228699,0.003676117630675435
613,39232,39231,sine_abrupt4,sine,ts_drift_adapt,5,"error_divergence_ph_meta@error.threshold=0.10,error.min_instances=5",error_divergence_ph_meta,"{""divergence"": {""alpha"": 0.1, ""delta"": 0.005, ""min_instances"": 30, ""threshold"": 0.05}, ""error_rate"": {""alpha"": 0.15, ""delta"": 0.005, ""min_instances"": 5, ""threshold"": 0.1}}","{""error_rate"": {""min_instances"": 5, ""threshold"": 0.1}}",0.1,0.005,0.15,5,0.05,0.005,0.1,30,,,,-1,two_stage,2,0.5,"__confirm_cooldown=200,__confirm_rule=perm_test,__perm_alpha=0.01,__perm_min_effect=0,__perm_n_perm=200,__perm_post_n=10,__perm_pre_n=500,__perm_rng_seed=0,__perm_stat=vote_score,divergence=0.3,error_rate=0.5,teacher_entropy=0.2",3,0,200,0.0,0,10000,10.0,25.0,200,500,0,0,1.0,0.6414406606851549,0.2830184727807043,0.16666666666666666,0.6816510558128357,0.0008353483863174915,1,1,115,114,0,perm_test,0.004975124378109453,0.4077826693616118,114,114,0,0.0,0.16666666666666666,1,0.5,0.0,0.0,0.0,0,none,1,1,0,overconfident,0.95,0,stable,0.9740322580645161,0.0010612903225806452,0.8951612903225807,0.8992741935483871,1768220040.672153,0.5300683379173279,0.0033627566881477833
614,39296,39295,sine_abrupt4,sine,ts_drift_adapt,5,"error_divergence_ph_meta@error.threshold=0.10,error.min_instances=5",error_divergence_ph_meta,"{""divergence"": {""alpha"": 0.1, ""delta"": 0.005, ""min_instances"": 30, ""threshold"": 0.05}, ""error_rate"": {""alpha"": 0.15, ""delta"": 0.005, ""min_instances"": 5, ""threshold"": 0.1}}","{""error_rate"": {""min_instances"": 5, ""threshold"": 0.1}}",0.1,0.005,0.15,5,0.05,0.005,0.1,30,,,,-1,two_stage,2,0.5,"__confirm_cooldown=200,__confirm_rule=perm_test,__perm_alpha=0.01,__perm_min_effect=0,__perm_n_perm=200,__perm_post_n=10,__perm_pre_n=500,__perm_rng_seed=0,__perm_stat=vote_score,divergence=0.3,error_rate=0.5,teacher_entropy=0.2",3,0,200,0.0,0,10000,10.0,25.0,200,500,1,136,1.0,0.6416683631921825,0.28349909375147253,0.3333333333333333,0.6814737915992737,0.0008121851715259254,0,0,115,114,-1,perm_test,0.004975124378109453,0.4077826693616118,114,114,0,0.0,0.16666666666666666,0,0.0,0.0,0.0,0.0,0,none,0,1,0,overconfident,0.95,0,mild_drift,0.967166129032258,0.0011806451612903228,0.8475806451612904,0.8771370967741936,1768220040.6805472,0.6463267803192139,0.003255384974181652
615,39360,39359,sine_abrupt4,sine,ts_drift_adapt,5,"error_divergence_ph_meta@error.threshold=0.10,error.min_instances=5",error_divergence_ph_meta,"{""divergence"": {""alpha"": 0.1, ""delta"": 0.005, ""min_instances"": 30, ""threshold"": 0.05}, ""error_rate"": {""alpha"": 0.15, ""delta"": 0.005, ""min_instances"": 5, ""threshold"": 0.1}}","{""error_rate"": {""min_instances"": 5, ""threshold"": 0.1}}",0.1,0.005,0.15,5,0.05,0.005,0.1,30,,,,-1,two_stage,2,0.5,"__confirm_cooldown=200,__confirm_rule=perm_test,__perm_alpha=0.01,__perm_min_effect=0,__perm_n_perm=200,__perm_post_n=10,__perm_pre_n=500,__perm_rng_seed=0,__perm_stat=vote_score,divergence=0.3,error_rate=0.5,teacher_entropy=0.2",3,0,200,0.0,0,10000,10.0,25.0,200,500,1,72,1.0,0.641869918699187,0.2839166070260227,0.5,0.6800306439399719,0.0011022117687389255,0,0,115,114,-1,perm_test,0.004975124378109453,0.4077826693616118,114,114,0,0.0,0.16666666666666669,0,0.0,0.0,0.0,0.0,0,none,0,1,0,overconfident,0.95,0,mild_drift,0.963733064516129,0.0012403225806451616,0.8237903225806452,0.8660685483870968,1768220040.688831,0.661814272403717,0.004446495324373245
616,39424,39423,sine_abrupt4,sine,ts_drift_adapt,5,"error_divergence_ph_meta@error.threshold=0.10,error.min_instances=5",error_divergence_ph_meta,"{""divergence"": {""alpha"": 0.1, ""delta"": 0.005, ""min_instances"": 30, ""threshold"": 0.05}, ""error_rate"": {""alpha"": 0.15, ""delta"": 0.005, ""min_instances"": 5, ""threshold"": 0.1}}","{""error_rate"": {""min_instances"": 5, ""threshold"": 0.1}}",0.1,0.005,0.15,5,0.05,0.005,0.1,30,,,,-1,two_stage,2,0.5,"__confirm_cooldown=200,__confirm_rule=perm_test,__perm_alpha=0.01,__perm_min_effect=0,__perm_n_perm=200,__perm_post_n=10,__perm_pre_n=500,__perm_rng_seed=0,__perm_stat=vote_score,divergence=0.3,error_rate=0.5,teacher_entropy=0.2",3,0,200,0.0,0,10000,10.0,25.0,200,500,1,8,1.0,0.641994724025974,0.28415498872000916,0.16666666666666666,0.6823524236679077,0.0007626500446349382,0,0,115,114,-1,perm_test,0.004975124378109453,0.4077826693616118,114,114,0,0.0,0.33333333333333337,0,0.0,0.0,0.0,0.0,0,none,0,1,0,overconfident,0.95,0,mild_drift,0.9620165322580645,0.0012701612903225808,0.8118951612903227,0.8605342741935484,1768220040.6971357,0.566079318523407,0.0030699772760272026
617,39488,39487,sine_abrupt4,sine,ts_drift_adapt,5,"error_divergence_ph_meta@error.threshold=0.10,error.min_instances=5",error_divergence_ph_meta,"{""divergence"": {""alpha"": 0.1, ""delta"": 0.005, ""min_instances"": 30, ""threshold"": 0.05}, ""error_rate"": {""alpha"": 0.15, ""delta"": 0.005, ""min_instances"": 5, ""threshold"": 0.1}}","{""error_rate"": {""min_instances"": 5, ""threshold"": 0.1}}",0.1,0.005,0.15,5,0.05,0.005,0.1,30,,,,-1,two_stage,2,0.5,"__confirm_cooldown=200,__confirm_rule=perm_test,__perm_alpha=0.01,__perm_min_effect=0,__perm_n_perm=200,__perm_post_n=10,__perm_pre_n=500,__perm_rng_seed=0,__perm_stat=vote_score,divergence=0.3,error_rate=0.5,teacher_entropy=0.2",3,0,200,0.0,0,10000,10.0,25.0,200,500,0,0,1.0,0.6420938006482982,0.2843471788513761,0.3333333333333333,0.681603729724884,0.0007234945660457015,0,0,115,114,-1,perm_test,0.004975124378109453,0.4077826693616118,114,114,0,0.0,0.16666666666666666,0,0.0,0.0,0.0,0.0,0,none,0,1,0,overconfident,0.95,0,mild_drift,0.9611582661290322,0.0012850806451612904,0.8059475806451614,0.8577671370967742,1768220040.7056077,0.6403834223747253,0.0029116563964635134
618,39552,39551,sine_abrupt4,sine,ts_drift_adapt,5,"error_divergence_ph_meta@error.threshold=0.10,error.min_instances=5",error_divergence_ph_meta,"{""divergence"": {""alpha"": 0.1, ""delta"": 0.005, ""min_instances"": 30, ""threshold"": 0.05}, ""error_rate"": {""alpha"": 0.15, ""delta"": 0.005, ""min_instances"": 5, ""threshold"": 0.1}}","{""error_rate"": {""min_instances"": 5, ""threshold"": 0.1}}",0.1,0.005,0.15,5,0.05,0.005,0.1,30,,,,-1,two_stage,2,0.5,"__confirm_cooldown=200,__confirm_rule=perm_test,__perm_alpha=0.01,__perm_min_effect=0,__perm_n_perm=200,__perm_post_n=10,__perm_pre_n=500,__perm_rng_seed=0,__perm_stat=vote_score,divergence=0.3,error_rate=0.5,teacher_entropy=0.2",3,0,200,0.0,0,10000,10.0,25.0,200,500,0,0,1.0,0.6422936893203883,0.2847967934249376,0.16666666666666666,0.6802433729171753,0.0009318341035395861,1,1,116,115,0,perm_test,0.004975124378109453,0.43843304647963666,115,115,0,0.0,0.16666666666666666,1,0.5,0.0,0.0,0.0,0,none,1,1,0,overconfident,0.95,0,stable,0.975579133064516,0.0010425403225806451,0.9029737903225807,0.9013835685483871,1768220040.7203844,0.49577638506889343,0.0037551731802523136
619,39616,39615,sine_abrupt4,sine,ts_drift_adapt,5,"error_divergence_ph_meta@error.threshold=0.10,error.min_instances=5",error_divergence_ph_meta,"{""divergence"": {""alpha"": 0.1, ""delta"": 0.005, ""min_instances"": 30, ""threshold"": 0.05}, ""error_rate"": {""alpha"": 0.15, ""delta"": 0.005, ""min_instances"": 5, ""threshold"": 0.1}}","{""error_rate"": {""min_instances"": 5, ""threshold"": 0.1}}",0.1,0.005,0.15,5,0.05,0.005,0.1,30,,,,-1,two_stage,2,0.5,"__confirm_cooldown=200,__confirm_rule=perm_test,__perm_alpha=0.01,__perm_min_effect=0,__perm_n_perm=200,__perm_post_n=10,__perm_pre_n=500,__perm_rng_seed=0,__perm_stat=vote_score,divergence=0.3,error_rate=0.5,teacher_entropy=0.2",3,0,200,0.0,0,10000,10.0,25.0,200,500,1,136,1.0,0.6424929321486268,0.2852389911093421,0.16666666666666666,0.675026535987854,0.0010730947833508253,0,0,116,115,-1,perm_test,0.004975124378109453,0.43843304647963666,115,115,0,0.0,0.00014126067981123924,0,0.0,0.0,0.0,0.0,0,none,0,1,0,overconfident,0.95,0,mild_drift,0.967939566532258,0.0011712701612903225,0.8514868951612904,0.8781917842741935,1768220040.7288475,0.5795385241508484,0.004360609222203493
620,39680,39679,sine_abrupt4,sine,ts_drift_adapt,5,"error_divergence_ph_meta@error.threshold=0.10,error.min_instances=5",error_divergence_ph_meta,"{""divergence"": {""alpha"": 0.1, ""delta"": 0.005, ""min_instances"": 30, ""threshold"": 0.05}, ""error_rate"": {""alpha"": 0.15, ""delta"": 0.005, ""min_instances"": 5, ""threshold"": 0.1}}","{""error_rate"": {""min_instances"": 5, ""threshold"": 0.1}}",0.1,0.005,0.15,5,0.05,0.005,0.1,30,,,,-1,two_stage,2,0.5,"__confirm_cooldown=200,__confirm_rule=perm_test,__perm_alpha=0.01,__perm_min_effect=0,__perm_n_perm=200,__perm_post_n=10,__perm_pre_n=500,__perm_rng_seed=0,__perm_stat=vote_score,divergence=0.3,error_rate=0.5,teacher_entropy=0.2",3,0,200,0.0,0,10000,10.0,25.0,200,500,1,72,1.0,0.6426159274193548,0.2854838977972745,0.0,0.6793932914733887,0.0010619023814797401,0,0,116,115,-1,perm_test,0.004975124378109453,0.43843304647963666,115,115,0,0.0,0.16666666666666666,0,0.0,0.0,0.0,0.0,0,none,0,1,0,overconfident,0.95,0,mild_drift,0.964119783266129,0.0012356350806451612,0.8257434475806452,0.8665958921370968,1768220040.7370958,0.5753962397575378,0.004279125481843948
621,39744,39743,sine_abrupt4,sine,ts_drift_adapt,5,"error_divergence_ph_meta@error.threshold=0.10,error.min_instances=5",error_divergence_ph_meta,"{""divergence"": {""alpha"": 0.1, ""delta"": 0.005, ""min_instances"": 30, ""threshold"": 0.05}, ""error_rate"": {""alpha"": 0.15, ""delta"": 0.005, ""min_instances"": 5, ""threshold"": 0.1}}","{""error_rate"": {""min_instances"": 5, ""threshold"": 0.1}}",0.1,0.005,0.15,5,0.05,0.005,0.1,30,,,,-1,two_stage,2,0.5,"__confirm_cooldown=200,__confirm_rule=perm_test,__perm_alpha=0.01,__perm_min_effect=0,__perm_n_perm=200,__perm_post_n=10,__perm_pre_n=500,__perm_rng_seed=0,__perm_stat=vote_score,divergence=0.3,error_rate=0.5,teacher_entropy=0.2",3,0,200,0.0,0,10000,10.0,25.0,200,500,1,8,1.0,0.6427385265700483,0.285761593568048,0.5,0.6772907376289368,0.0013063291553407907,0,0,116,115,-1,perm_test,0.004975124378109453,0.43843304647963666,115,115,0,0.0,0.5,0,0.0,0.0,0.0,0.0,0,none,0,1,0,overconfident,0.95,0,mild_drift,0.9622098916330645,0.0012678175403225806,0.8128717237903227,0.8607979460685484,1768220040.745354,0.6368326544761658,0.005309833213686943
622,39808,39807,sine_abrupt4,sine,ts_drift_adapt,5,"error_divergence_ph_meta@error.threshold=0.10,error.min_instances=5",error_divergence_ph_meta,"{""divergence"": {""alpha"": 0.1, ""delta"": 0.005, ""min_instances"": 30, ""threshold"": 0.05}, ""error_rate"": {""alpha"": 0.15, ""delta"": 0.005, ""min_instances"": 5, ""threshold"": 0.1}}","{""error_rate"": {""min_instances"": 5, ""threshold"": 0.1}}",0.1,0.005,0.15,5,0.05,0.005,0.1,30,,,,-1,two_stage,2,0.5,"__confirm_cooldown=200,__confirm_rule=perm_test,__perm_alpha=0.01,__perm_min_effect=0,__perm_n_perm=200,__perm_post_n=10,__perm_pre_n=500,__perm_rng_seed=0,__perm_stat=vote_score,divergence=0.3,error_rate=0.5,teacher_entropy=0.2",3,0,200,0.0,0,10000,10.0,25.0,200,500,0,0,1.0,0.6427853697749196,0.28589259052500143,0.3333333333333333,0.6773266792297363,0.0011190816294401884,0,0,116,115,-1,perm_test,0.004975124378109453,0.43843304647963666,115,115,0,0.0,0.16666666666666669,0,0.0,0.0,0.0,0.0,0,none,0,1,0,overconfident,0.95,0,mild_drift,0.9612549458165323,0.0012839087701612905,0.8064358618951614,0.8578989730342742,1768220040.7537236,0.5576403737068176,0.004560235422104597
623,39872,39871,sine_abrupt4,sine,ts_drift_adapt,5,"error_divergence_ph_meta@error.threshold=0.10,error.min_instances=5",error_divergence_ph_meta,"{""divergence"": {""alpha"": 0.1, ""delta"": 0.005, ""min_instances"": 30, ""threshold"": 0.05}, ""error_rate"": {""alpha"": 0.15, ""delta"": 0.005, ""min_instances"": 5, ""threshold"": 0.1}}","{""error_rate"": {""min_instances"": 5, ""threshold"": 0.1}}",0.1,0.005,0.15,5,0.05,0.005,0.1,30,,,,-1,two_stage,2,0.5,"__confirm_cooldown=200,__confirm_rule=perm_test,__perm_alpha=0.01,__perm_min_effect=0,__perm_n_perm=200,__perm_post_n=10,__perm_pre_n=500,__perm_rng_seed=0,__perm_stat=vote_score,divergence=0.3,error_rate=0.5,teacher_entropy=0.2",3,0,200,0.0,0,10000,10.0,25.0,200,500,0,0,1.0,0.6430076243980738,0.28637452312926914,0.16666666666666666,0.6792077422142029,0.001385015551932156,1,1,117,116,0,perm_test,0.004975124378109453,0.4268982146779794,116,116,0,0.0,0.16666666666666666,1,0.5,0.0,0.0,0.0,0,none,1,1,0,overconfident,0.95,0,stable,0.9756274729082661,0.0010419543850806452,0.9032179309475807,0.9014494865171372,1768220040.7685316,0.535033106803894,0.005637779366225004
624,39936,39935,sine_abrupt4,sine,ts_drift_adapt,5,"error_divergence_ph_meta@error.threshold=0.10,error.min_instances=5",error_divergence_ph_meta,"{""divergence"": {""alpha"": 0.1, ""delta"": 0.005, ""min_instances"": 30, ""threshold"": 0.05}, ""error_rate"": {""alpha"": 0.15, ""delta"": 0.005, ""min_instances"": 5, ""threshold"": 0.1}}","{""error_rate"": {""min_instances"": 5, ""threshold"": 0.1}}",0.1,0.005,0.15,5,0.05,0.005,0.1,30,,,,-1,two_stage,2,0.5,"__confirm_cooldown=200,__confirm_rule=perm_test,__perm_alpha=0.01,__perm_min_effect=0,__perm_n_perm=200,__perm_post_n=10,__perm_pre_n=500,__perm_rng_seed=0,__perm_stat=vote_score,divergence=0.3,error_rate=0.5,teacher_entropy=0.2",3,0,200,0.0,0,10000,10.0,25.0,200,500,1,136,1.0,0.6430789262820513,0.28650007110335424,0.16666666666666666,0.6825162172317505,0.0011745172087103128,0,0,117,116,-1,perm_test,0.004975124378109453,0.4268982146779794,116,116,0,0.0,0.00021049834322184324,0,0.0,0.0,0.0,0.0,0,none,0,1,0,overconfident,0.95,0,mild_drift,0.967963736454133,0.0011709771925403228,0.8516089654737904,0.8782247432585686,1768220040.7769828,0.5715539455413818,0.004766771569848061
625,40000,39999,sine_abrupt4,sine,ts_drift_adapt,5,"error_divergence_ph_meta@error.threshold=0.10,error.min_instances=5",error_divergence_ph_meta,"{""divergence"": {""alpha"": 0.1, ""delta"": 0.005, ""min_instances"": 30, ""threshold"": 0.05}, ""error_rate"": {""alpha"": 0.15, ""delta"": 0.005, ""min_instances"": 5, ""threshold"": 0.1}}","{""error_rate"": {""min_instances"": 5, ""threshold"": 0.1}}",0.1,0.005,0.15,5,0.05,0.005,0.1,30,,,,-1,two_stage,2,0.5,"__confirm_cooldown=200,__confirm_rule=perm_test,__perm_alpha=0.01,__perm_min_effect=0,__perm_n_perm=200,__perm_post_n=10,__perm_pre_n=500,__perm_rng_seed=0,__perm_stat=vote_score,divergence=0.3,error_rate=0.5,teacher_entropy=0.2",3,0,200,0.0,0,10000,10.0,25.0,200,500,1,72,1.0,0.64305,0.2864394050969657,0.16666666666666666,0.6808363199234009,0.0016823633341118693,0,0,117,116,-1,perm_test,0.004975124378109453,0.4268982146779794,116,116,0,0.0,0.0005078461254015565,0,0.0,0.0,0.0,0.0,0,none,0,1,0,overconfident,0.95,0,mild_drift,0.9641318682270665,0.0012354885962701616,0.8258044827368952,0.8666123716292843,1768220040.7852619,0.5923541784286499,0.006875273305922747
626,40064,40063,sine_abrupt4,sine,ts_drift_adapt,5,"error_divergence_ph_meta@error.threshold=0.10,error.min_instances=5",error_divergence_ph_meta,"{""divergence"": {""alpha"": 0.1, ""delta"": 0.005, ""min_instances"": 30, ""threshold"": 0.05}, ""error_rate"": {""alpha"": 0.15, ""delta"": 0.005, ""min_instances"": 5, ""threshold"": 0.1}}","{""error_rate"": {""min_instances"": 5, ""threshold"": 0.1}}",0.1,0.005,0.15,5,0.05,0.005,0.1,30,,,,-1,two_stage,2,0.5,"__confirm_cooldown=200,__confirm_rule=perm_test,__perm_alpha=0.01,__perm_min_effect=0,__perm_n_perm=200,__perm_post_n=10,__perm_pre_n=500,__perm_rng_seed=0,__perm_stat=vote_score,divergence=0.3,error_rate=0.5,teacher_entropy=0.2",3,0,200,0.0,0,10000,10.0,25.0,200,500,1,8,1.0,0.642422124600639,0.2852108484594085,0.6666666666666666,0.679947555065155,0.0018622311763465405,0,0,117,116,-1,perm_test,0.004975124378109453,0.4268982146779794,116,116,0,0.0,0.5,0,0.0,0.0,0.0,0.0,0,none,0,1,0,overconfident,0.95,0,mild_drift,0.9622159341135332,0.0012677442981350808,0.8129022413684477,0.8608061858146421,1768220040.7937088,0.8257513642311096,0.007602278608828783
627,40128,40127,sine_abrupt4,sine,ts_drift_adapt,5,"error_divergence_ph_meta@error.threshold=0.10,error.min_instances=5",error_divergence_ph_meta,"{""divergence"": {""alpha"": 0.1, ""delta"": 0.005, ""min_instances"": 30, ""threshold"": 0.05}, ""error_rate"": {""alpha"": 0.15, ""delta"": 0.005, ""min_instances"": 5, ""threshold"": 0.1}}","{""error_rate"": {""min_instances"": 5, ""threshold"": 0.1}}",0.1,0.005,0.15,5,0.05,0.005,0.1,30,,,,-1,two_stage,2,0.5,"__confirm_cooldown=200,__confirm_rule=perm_test,__perm_alpha=0.01,__perm_min_effect=0,__perm_n_perm=200,__perm_post_n=10,__perm_pre_n=500,__perm_rng_seed=0,__perm_stat=vote_score,divergence=0.3,error_rate=0.5,teacher_entropy=0.2",3,0,200,0.0,0,10000,10.0,25.0,200,500,0,0,1.0,0.6417464114832536,0.28386691046370016,1.0,0.6793028712272644,0.0020050276070833206,0,0,117,116,-1,perm_test,0.004975124378109453,0.4268982146779794,116,116,0,0.0,0.33333333333333337,0,0.0,0.0,0.0,0.0,0,none,0,1,0,overconfident,0.95,0,mild_drift,0.9612579670567666,0.0012838721490675406,0.8064511206842239,0.857903092907321,1768220040.8030689,1.1296082735061646,0.008239510469138622
628,40192,40191,sine_abrupt4,sine,ts_drift_adapt,5,"error_divergence_ph_meta@error.threshold=0.10,error.min_instances=5",error_divergence_ph_meta,"{""divergence"": {""alpha"": 0.1, ""delta"": 0.005, ""min_instances"": 30, ""threshold"": 0.05}, ""error_rate"": {""alpha"": 0.15, ""delta"": 0.005, ""min_instances"": 5, ""threshold"": 0.1}}","{""error_rate"": {""min_instances"": 5, ""threshold"": 0.1}}",0.1,0.005,0.15,5,0.05,0.005,0.1,30,,,,-1,two_stage,2,0.5,"__confirm_cooldown=200,__confirm_rule=perm_test,__perm_alpha=0.01,__perm_min_effect=0,__perm_n_perm=200,__perm_post_n=10,__perm_pre_n=500,__perm_rng_seed=0,__perm_stat=vote_score,divergence=0.3,error_rate=0.5,teacher_entropy=0.2",3,0,200,0.0,0,10000,10.0,25.0,200,500,0,0,1.0,0.6411972531847133,0.28280457920862945,0.6666666666666666,0.6819312572479248,0.001733765471726656,1,1,118,117,0,perm_test,0.004975124378109453,0.40061659014314577,117,117,0,0.5,0.33333333333333337,1,0.5,0.0,0.0,0.0,0,none,1,1,0,overconfident,0.95,0,severe_drift,0.9261289835283832,0.0016419360745337703,0.653225560342112,0.8339515464536605,1768220040.8193789,0.9334933161735535,0.007113617844879627
629,40256,40255,sine_abrupt4,sine,ts_drift_adapt,5,"error_divergence_ph_meta@error.threshold=0.10,error.min_instances=5",error_divergence_ph_meta,"{""divergence"": {""alpha"": 0.1, ""delta"": 0.005, ""min_instances"": 30, ""threshold"": 0.05}, ""error_rate"": {""alpha"": 0.15, ""delta"": 0.005, ""min_instances"": 5, ""threshold"": 0.1}}","{""error_rate"": {""min_instances"": 5, ""threshold"": 0.1}}",0.1,0.005,0.15,5,0.05,0.005,0.1,30,,,,-1,two_stage,2,0.5,"__confirm_cooldown=200,__confirm_rule=perm_test,__perm_alpha=0.01,__perm_min_effect=0,__perm_n_perm=200,__perm_post_n=10,__perm_pre_n=500,__perm_rng_seed=0,__perm_stat=vote_score,divergence=0.3,error_rate=0.5,teacher_entropy=0.2",3,0,200,0.0,0,10000,10.0,25.0,200,500,1,136,1.0,0.6406995230524642,0.2818442733041789,0.6666666666666666,0.681927502155304,0.0018882796866819263,0,0,118,117,-1,perm_test,0.004975124378109453,0.40061659014314577,117,117,0,0.0,0.0001545142149552703,0,0.0,0.0,0.0,0.0,0,none,0,1,0,overconfident,0.95,0,mild_drift,0.9432144917641916,0.0014709680372668853,0.726612780171056,0.8444757732268302,1768220040.8277655,0.9014890789985657,0.0077859461307525635
630,40320,40319,sine_abrupt4,sine,ts_drift_adapt,5,"error_divergence_ph_meta@error.threshold=0.10,error.min_instances=5",error_divergence_ph_meta,"{""divergence"": {""alpha"": 0.1, ""delta"": 0.005, ""min_instances"": 30, ""threshold"": 0.05}, ""error_rate"": {""alpha"": 0.15, ""delta"": 0.005, ""min_instances"": 5, ""threshold"": 0.1}}","{""error_rate"": {""min_instances"": 5, ""threshold"": 0.1}}",0.1,0.005,0.15,5,0.05,0.005,0.1,30,,,,-1,two_stage,2,0.5,"__confirm_cooldown=200,__confirm_rule=perm_test,__perm_alpha=0.01,__perm_min_effect=0,__perm_n_perm=200,__perm_post_n=10,__perm_pre_n=500,__perm_rng_seed=0,__perm_stat=vote_score,divergence=0.3,error_rate=0.5,teacher_entropy=0.2",3,0,200,0.0,0,10000,10.0,25.0,200,500,1,72,1.0,0.6400545634920635,0.2805366602621327,0.8333333333333334,0.6722294092178345,0.0016511180438101292,0,0,118,117,-1,perm_test,0.004975124378109453,0.40061659014314577,117,117,0,0.0,0.16666666666666674,0,0.0,0.0,0.0,0.0,0,none,0,1,0,overconfident,0.95,0,mild_drift,0.9517572458820958,0.0013854840186334426,0.763306390085528,0.8497378866134151,1768220040.836119,1.0215343236923218,0.00673019140958786
631,40384,40383,sine_abrupt4,sine,ts_drift_adapt,5,"error_divergence_ph_meta@error.threshold=0.10,error.min_instances=5",error_divergence_ph_meta,"{""divergence"": {""alpha"": 0.1, ""delta"": 0.005, ""min_instances"": 30, ""threshold"": 0.05}, ""error_rate"": {""alpha"": 0.15, ""delta"": 0.005, ""min_instances"": 5, ""threshold"": 0.1}}","{""error_rate"": {""min_instances"": 5, ""threshold"": 0.1}}",0.1,0.005,0.15,5,0.05,0.005,0.1,30,,,,-1,two_stage,2,0.5,"__confirm_cooldown=200,__confirm_rule=perm_test,__perm_alpha=0.01,__perm_min_effect=0,__perm_n_perm=200,__perm_post_n=10,__perm_pre_n=500,__perm_rng_seed=0,__perm_stat=vote_score,divergence=0.3,error_rate=0.5,teacher_entropy=0.2",3,0,200,0.0,0,10000,10.0,25.0,200,500,1,8,1.0,0.6394116481774961,0.2792574793588186,0.6666666666666666,0.6753246784210205,0.0007978517096489668,0,0,118,117,-1,perm_test,0.004975124378109453,0.40061659014314577,117,117,0,0.0,0.16666666666666674,0,0.0,0.0,0.0,0.0,0,none,0,1,0,overconfident,0.95,0,mild_drift,0.9560286229410478,0.0013427420093167215,0.7816531950427641,0.8523689433067075,1768220040.8445833,0.7515139579772949,0.0032248457428067923
632,40448,40447,sine_abrupt4,sine,ts_drift_adapt,5,"error_divergence_ph_meta@error.threshold=0.10,error.min_instances=5",error_divergence_ph_meta,"{""divergence"": {""alpha"": 0.1, ""delta"": 0.005, ""min_instances"": 30, ""threshold"": 0.05}, ""error_rate"": {""alpha"": 0.15, ""delta"": 0.005, ""min_instances"": 5, ""threshold"": 0.1}}","{""error_rate"": {""min_instances"": 5, ""threshold"": 0.1}}",0.1,0.005,0.15,5,0.05,0.005,0.1,30,,,,-1,two_stage,2,0.5,"__confirm_cooldown=200,__confirm_rule=perm_test,__perm_alpha=0.01,__perm_min_effect=0,__perm_n_perm=200,__perm_post_n=10,__perm_pre_n=500,__perm_rng_seed=0,__perm_stat=vote_score,divergence=0.3,error_rate=0.5,teacher_entropy=0.2",3,0,200,0.0,0,10000,10.0,25.0,200,500,0,0,1.0,0.6384740901898734,0.27735755685610675,1.0,0.6742322444915771,0.001234000432305038,0,0,118,117,-1,perm_test,0.004975124378109453,0.40061659014314577,117,117,0,0.0,0.33333333333333337,0,0.0,0.0,0.0,0.0,0,none,0,1,0,overconfident,0.95,0,mild_drift,0.9581643114705238,0.001321371004658361,0.7908265975213821,0.8536844716533538,1768220040.852992,0.8216686248779297,0.004934184718877077
633,40512,40511,sine_abrupt4,sine,ts_drift_adapt,5,"error_divergence_ph_meta@error.threshold=0.10,error.min_instances=5",error_divergence_ph_meta,"{""divergence"": {""alpha"": 0.1, ""delta"": 0.005, ""min_instances"": 30, ""threshold"": 0.05}, ""error_rate"": {""alpha"": 0.15, ""delta"": 0.005, ""min_instances"": 5, ""threshold"": 0.1}}","{""error_rate"": {""min_instances"": 5, ""threshold"": 0.1}}",0.1,0.005,0.15,5,0.05,0.005,0.1,30,,,,-1,two_stage,2,0.5,"__confirm_cooldown=200,__confirm_rule=perm_test,__perm_alpha=0.01,__perm_min_effect=0,__perm_n_perm=200,__perm_post_n=10,__perm_pre_n=500,__perm_rng_seed=0,__perm_stat=vote_score,divergence=0.3,error_rate=0.5,teacher_entropy=0.2",3,0,200,0.0,0,10000,10.0,25.0,200,500,0,0,1.0,0.6376629146919431,0.27570493262873874,0.8333333333333334,0.6656938195228577,0.0010310991201549768,1,1,119,118,0,perm_test,0.004975124378109453,0.40980621399707967,118,118,0,0.16666666666666674,0.16666666666666663,1,0.5,0.0,0.0,0.0,0,none,1,1,0,overconfident,0.95,0,severe_drift,0.9245821557352619,0.0016606855023291805,0.6454132987606911,0.8318422358266769,1768220040.8677666,0.9012701511383057,0.004139097407460213
634,40576,40575,sine_abrupt4,sine,ts_drift_adapt,5,"error_divergence_ph_meta@error.threshold=0.10,error.min_instances=5",error_divergence_ph_meta,"{""divergence"": {""alpha"": 0.1, ""delta"": 0.005, ""min_instances"": 30, ""threshold"": 0.05}, ""error_rate"": {""alpha"": 0.15, ""delta"": 0.005, ""min_instances"": 5, ""threshold"": 0.1}}","{""error_rate"": {""min_instances"": 5, ""threshold"": 0.1}}",0.1,0.005,0.15,5,0.05,0.005,0.1,30,,,,-1,two_stage,2,0.5,"__confirm_cooldown=200,__confirm_rule=perm_test,__perm_alpha=0.01,__perm_min_effect=0,__perm_n_perm=200,__perm_post_n=10,__perm_pre_n=500,__perm_rng_seed=0,__perm_stat=vote_score,divergence=0.3,error_rate=0.5,teacher_entropy=0.2",3,0,200,0.0,0,10000,10.0,25.0,200,500,1,136,1.0,0.6368789432176656,0.27413589034041813,0.8333333333333334,0.6693891882896423,0.0009624146041460335,0,0,119,118,-1,perm_test,0.004975124378109453,0.40980621399707967,118,118,0,0.0,6.868451600894332e-05,0,0.0,0.0,0.0,0.0,0,none,0,1,0,overconfident,0.95,0,mild_drift,0.9424410778676309,0.0014803427511645903,0.7227066493803456,0.8434211179133384,1768220040.8762033,0.8227989077568054,0.003845483297482133
635,40640,40639,sine_abrupt4,sine,ts_drift_adapt,5,"error_divergence_ph_meta@error.threshold=0.10,error.min_instances=5",error_divergence_ph_meta,"{""divergence"": {""alpha"": 0.1, ""delta"": 0.005, ""min_instances"": 30, ""threshold"": 0.05}, ""error_rate"": {""alpha"": 0.15, ""delta"": 0.005, ""min_instances"": 5, ""threshold"": 0.1}}","{""error_rate"": {""min_instances"": 5, ""threshold"": 0.1}}",0.1,0.005,0.15,5,0.05,0.005,0.1,30,,,,-1,two_stage,2,0.5,"__confirm_cooldown=200,__confirm_rule=perm_test,__perm_alpha=0.01,__perm_min_effect=0,__perm_n_perm=200,__perm_post_n=10,__perm_pre_n=500,__perm_rng_seed=0,__perm_stat=vote_score,divergence=0.3,error_rate=0.5,teacher_entropy=0.2",3,0,200,0.0,0,10000,10.0,25.0,200,500,1,72,1.0,0.6361466535433071,0.2726506873630407,0.8333333333333334,0.6721708178520203,0.0008155925897881389,0,0,119,118,-1,perm_test,0.004975124378109453,0.40980621399707967,118,118,0,0.0,0.00014682201435789466,0,0.0,0.0,0.0,0.0,0,none,0,1,0,overconfident,0.95,0,mild_drift,0.9513705389338154,0.0013901713755822952,0.7613533246901728,0.8492105589566692,1768220040.8845675,0.8741350173950195,0.0032517272047698498
636,40704,40703,sine_abrupt4,sine,ts_drift_adapt,5,"error_divergence_ph_meta@error.threshold=0.10,error.min_instances=5",error_divergence_ph_meta,"{""divergence"": {""alpha"": 0.1, ""delta"": 0.005, ""min_instances"": 30, ""threshold"": 0.05}, ""error_rate"": {""alpha"": 0.15, ""delta"": 0.005, ""min_instances"": 5, ""threshold"": 0.1}}","{""error_rate"": {""min_instances"": 5, ""threshold"": 0.1}}",0.1,0.005,0.15,5,0.05,0.005,0.1,30,,,,-1,two_stage,2,0.5,"__confirm_cooldown=200,__confirm_rule=perm_test,__perm_alpha=0.01,__perm_min_effect=0,__perm_n_perm=200,__perm_post_n=10,__perm_pre_n=500,__perm_rng_seed=0,__perm_stat=vote_score,divergence=0.3,error_rate=0.5,teacher_entropy=0.2",3,0,200,0.0,0,10000,10.0,25.0,200,500,1,8,1.0,0.6352446933962265,0.2708506872577568,1.0,0.6722806096076965,0.0008348779520019889,0,0,119,118,-1,perm_test,0.004975124378109453,0.40980621399707967,118,118,0,0.0,0.16666666666666663,0,0.0,0.0,0.0,0.0,0,none,0,1,0,overconfident,0.95,0,mild_drift,0.9558352694669077,0.0013450856877911476,0.7806766623450865,0.8521052794783346,1768220040.8929806,0.9204294085502625,0.0033301503863185644
637,40768,40767,sine_abrupt4,sine,ts_drift_adapt,5,"error_divergence_ph_meta@error.threshold=0.10,error.min_instances=5",error_divergence_ph_meta,"{""divergence"": {""alpha"": 0.1, ""delta"": 0.005, ""min_instances"": 30, ""threshold"": 0.05}, ""error_rate"": {""alpha"": 0.15, ""delta"": 0.005, ""min_instances"": 5, ""threshold"": 0.1}}","{""error_rate"": {""min_instances"": 5, ""threshold"": 0.1}}",0.1,0.005,0.15,5,0.05,0.005,0.1,30,,,,-1,two_stage,2,0.5,"__confirm_cooldown=200,__confirm_rule=perm_test,__perm_alpha=0.01,__perm_min_effect=0,__perm_n_perm=200,__perm_post_n=10,__perm_pre_n=500,__perm_rng_seed=0,__perm_stat=vote_score,divergence=0.3,error_rate=0.5,teacher_entropy=0.2",3,0,200,0.0,0,10000,10.0,25.0,200,500,0,0,1.0,0.6345663265306123,0.26952453952076955,0.5,0.671984076499939,0.0013252556091174483,0,0,119,118,-1,perm_test,0.004975124378109453,0.40980621399707967,118,118,0,0.0,0.5,0,0.0,0.0,0.0,0.0,0,none,0,1,0,overconfident,0.95,0,mild_drift,0.9580676347334538,0.001322542843895574,0.7903383311725433,0.8535526397391673,1768220040.901483,0.7635611891746521,0.005256192293018103
638,40832,40831,sine_abrupt4,sine,ts_drift_adapt,5,"error_divergence_ph_meta@error.threshold=0.10,error.min_instances=5",error_divergence_ph_meta,"{""divergence"": {""alpha"": 0.1, ""delta"": 0.005, ""min_instances"": 30, ""threshold"": 0.05}, ""error_rate"": {""alpha"": 0.15, ""delta"": 0.005, ""min_instances"": 5, ""threshold"": 0.1}}","{""error_rate"": {""min_instances"": 5, ""threshold"": 0.1}}",0.1,0.005,0.15,5,0.05,0.005,0.1,30,,,,-1,two_stage,2,0.5,"__confirm_cooldown=200,__confirm_rule=perm_test,__perm_alpha=0.01,__perm_min_effect=0,__perm_n_perm=200,__perm_post_n=10,__perm_pre_n=500,__perm_rng_seed=0,__perm_stat=vote_score,divergence=0.3,error_rate=0.5,teacher_entropy=0.2",3,0,200,0.0,0,10000,10.0,25.0,200,500,0,0,1.0,0.6337921238244514,0.2680031938109377,0.8333333333333334,0.6778817176818848,0.0011656059650704265,1,1,120,119,0,perm_test,0.004975124378109453,0.4243041634786093,119,119,0,0.0,0.33333333333333337,1,0.5,0.0,0.0,0.0,0,none,1,1,0,overconfident,0.95,0,stable,0.9740338173667269,0.001061271421947787,0.8951691655862717,0.8992763198695837,1768220040.916362,0.7669549584388733,0.0046349139884114265
639,40896,40895,sine_abrupt4,sine,ts_drift_adapt,5,"error_divergence_ph_meta@error.threshold=0.10,error.min_instances=5",error_divergence_ph_meta,"{""divergence"": {""alpha"": 0.1, ""delta"": 0.005, ""min_instances"": 30, ""threshold"": 0.05}, ""error_rate"": {""alpha"": 0.15, ""delta"": 0.005, ""min_instances"": 5, ""threshold"": 0.1}}","{""error_rate"": {""min_instances"": 5, ""threshold"": 0.1}}",0.1,0.005,0.15,5,0.05,0.005,0.1,30,,,,-1,two_stage,2,0.5,"__confirm_cooldown=200,__confirm_rule=perm_test,__perm_alpha=0.01,__perm_min_effect=0,__perm_n_perm=200,__perm_post_n=10,__perm_pre_n=500,__perm_rng_seed=0,__perm_stat=vote_score,divergence=0.3,error_rate=0.5,teacher_entropy=0.2",3,0,200,0.0,0,10000,10.0,25.0,200,500,1,136,1.0,0.632898082942097,0.26622829933714837,0.8333333333333334,0.6724560856819153,0.0011685859644785523,0,0,120,119,-1,perm_test,0.004975124378109453,0.4243041634786093,119,119,0,0.0,2.9799994081258774e-06,0,0.0,0.0,0.0,0.0,0,none,0,1,0,overconfident,0.95,0,mild_drift,0.9671669086833634,0.0011806357109738937,0.8475845827931359,0.8771381599347918,1768220040.9244807,0.8171370029449463,0.004641760140657425
640,40960,40959,sine_abrupt4,sine,ts_drift_adapt,5,"error_divergence_ph_meta@error.threshold=0.10,error.min_instances=5",error_divergence_ph_meta,"{""divergence"": {""alpha"": 0.1, ""delta"": 0.005, ""min_instances"": 30, ""threshold"": 0.05}, ""error_rate"": {""alpha"": 0.15, ""delta"": 0.005, ""min_instances"": 5, ""threshold"": 0.1}}","{""error_rate"": {""min_instances"": 5, ""threshold"": 0.1}}",0.1,0.005,0.15,5,0.05,0.005,0.1,30,,,,-1,two_stage,2,0.5,"__confirm_cooldown=200,__confirm_rule=perm_test,__perm_alpha=0.01,__perm_min_effect=0,__perm_n_perm=200,__perm_post_n=10,__perm_pre_n=500,__perm_rng_seed=0,__perm_stat=vote_score,divergence=0.3,error_rate=0.5,teacher_entropy=0.2",3,0,200,0.0,0,10000,10.0,25.0,200,500,1,72,1.0,0.6321044921875,0.264663233175955,1.0,0.6765556931495667,0.0010727911721915007,0,0,120,119,-1,perm_test,0.004975124378109453,0.4243041634786093,119,119,0,0.0,0.16666666666666663,0,0.0,0.0,0.0,0.0,0,none,0,1,0,overconfident,0.95,0,mild_drift,0.9637334543416817,0.0012403178554869468,0.823792291396568,0.8660690799673959,1768220040.9327934,0.87076336145401,0.00427094753831625
641,41024,41023,sine_abrupt4,sine,ts_drift_adapt,5,"error_divergence_ph_meta@error.threshold=0.10,error.min_instances=5",error_divergence_ph_meta,"{""divergence"": {""alpha"": 0.1, ""delta"": 0.005, ""min_instances"": 30, ""threshold"": 0.05}, ""error_rate"": {""alpha"": 0.15, ""delta"": 0.005, ""min_instances"": 5, ""threshold"": 0.1}}","{""error_rate"": {""min_instances"": 5, ""threshold"": 0.1}}",0.1,0.005,0.15,5,0.05,0.005,0.1,30,,,,-1,two_stage,2,0.5,"__confirm_cooldown=200,__confirm_rule=perm_test,__perm_alpha=0.01,__perm_min_effect=0,__perm_n_perm=200,__perm_post_n=10,__perm_pre_n=500,__perm_rng_seed=0,__perm_stat=vote_score,divergence=0.3,error_rate=0.5,teacher_entropy=0.2",3,0,200,0.0,0,10000,10.0,25.0,200,500,1,8,1.0,0.6314352574102964,0.2633319901369888,0.8333333333333334,0.6748307943344116,0.0008398913196288049,0,0,120,119,-1,perm_test,0.004975124378109453,0.4243041634786093,119,119,0,0.0,0.16666666666666663,0,0.0,0.0,0.0,0.0,0,none,0,1,0,overconfident,0.95,0,mild_drift,0.9620167271708409,0.0012701589277434736,0.811896145698284,0.8605345399836979,1768220040.9412959,0.8045303821563721,0.0033359634689986706
642,41088,41087,sine_abrupt4,sine,ts_drift_adapt,5,"error_divergence_ph_meta@error.threshold=0.10,error.min_instances=5",error_divergence_ph_meta,"{""divergence"": {""alpha"": 0.1, ""delta"": 0.005, ""min_instances"": 30, ""threshold"": 0.05}, ""error_rate"": {""alpha"": 0.15, ""delta"": 0.005, ""min_instances"": 5, ""threshold"": 0.1}}","{""error_rate"": {""min_instances"": 5, ""threshold"": 0.1}}",0.1,0.005,0.15,5,0.05,0.005,0.1,30,,,,-1,two_stage,2,0.5,"__confirm_cooldown=200,__confirm_rule=perm_test,__perm_alpha=0.01,__perm_min_effect=0,__perm_n_perm=200,__perm_post_n=10,__perm_pre_n=500,__perm_rng_seed=0,__perm_stat=vote_score,divergence=0.3,error_rate=0.5,teacher_entropy=0.2",3,0,200,0.0,0,10000,10.0,25.0,200,500,0,0,1.0,0.6306707554517134,0.2617915484893775,0.8333333333333334,0.6772297620773315,0.0006465922342613339,0,0,120,119,-1,perm_test,0.004975124378109453,0.4243041634786093,119,119,0,0.0,0.00019329908536747098,0,0.0,0.0,0.0,0.0,0,none,0,1,0,overconfident,0.95,0,mild_drift,0.9611583635854204,0.0012850794638717368,0.805948072849142,0.8577672699918489,1768220040.949815,0.8470301628112793,0.0025748189073055983
643,41152,41151,sine_abrupt4,sine,ts_drift_adapt,5,"error_divergence_ph_meta@error.threshold=0.10,error.min_instances=5",error_divergence_ph_meta,"{""divergence"": {""alpha"": 0.1, ""delta"": 0.005, ""min_instances"": 30, ""threshold"": 0.05}, ""error_rate"": {""alpha"": 0.15, ""delta"": 0.005, ""min_instances"": 5, ""threshold"": 0.1}}","{""error_rate"": {""min_instances"": 5, ""threshold"": 0.1}}",0.1,0.005,0.15,5,0.05,0.005,0.1,30,,,,-1,two_stage,2,0.5,"__confirm_cooldown=200,__confirm_rule=perm_test,__perm_alpha=0.01,__perm_min_effect=0,__perm_n_perm=200,__perm_post_n=10,__perm_pre_n=500,__perm_rng_seed=0,__perm_stat=vote_score,divergence=0.3,error_rate=0.5,teacher_entropy=0.2",3,0,200,0.0,0,10000,10.0,25.0,200,500,0,0,1.0,0.629932931570762,0.2602997191143641,0.6666666666666666,0.6733361482620239,0.0008089463808573782,1,1,121,120,0,perm_test,0.004975124378109453,0.4241468949714612,120,120,0,0.16666666666666674,0.16666666666666674,1,0.5,0.0,0.0,0.0,0,none,1,1,0,overconfident,0.95,0,severe_drift,0.9260791817927102,0.0016425397319358684,0.6529740364245711,0.8338836349959244,1768220040.9644587,0.8195119500160217,0.003216307843104005
644,41216,41215,sine_abrupt4,sine,ts_drift_adapt,5,"error_divergence_ph_meta@error.threshold=0.10,error.min_instances=5",error_divergence_ph_meta,"{""divergence"": {""alpha"": 0.1, ""delta"": 0.005, ""min_instances"": 30, ""threshold"": 0.05}, ""error_rate"": {""alpha"": 0.15, ""delta"": 0.005, ""min_instances"": 5, ""threshold"": 0.1}}","{""error_rate"": {""min_instances"": 5, ""threshold"": 0.1}}",0.1,0.005,0.15,5,0.05,0.005,0.1,30,,,,-1,two_stage,2,0.5,"__confirm_cooldown=200,__confirm_rule=perm_test,__perm_alpha=0.01,__perm_min_effect=0,__perm_n_perm=200,__perm_post_n=10,__perm_pre_n=500,__perm_rng_seed=0,__perm_stat=vote_score,divergence=0.3,error_rate=0.5,teacher_entropy=0.2",3,0,200,0.0,0,10000,10.0,25.0,200,500,1,136,1.0,0.6293429736024845,0.25911183829785905,0.8333333333333334,0.6720693707466125,0.0008663481567054987,0,0,121,120,-1,perm_test,0.004975124378109453,0.4241468949714612,120,120,0,0.0,0.16666666666666674,0,0.0,0.0,0.0,0.0,0,none,0,1,0,overconfident,0.95,0,mild_drift,0.943189590896355,0.0014712698659679344,0.7264870182122856,0.8444418174979622,1768220040.9729633,0.7861075401306152,0.003430557670071721
645,41280,41279,sine_abrupt4,sine,ts_drift_adapt,5,"error_divergence_ph_meta@error.threshold=0.10,error.min_instances=5",error_divergence_ph_meta,"{""divergence"": {""alpha"": 0.1, ""delta"": 0.005, ""min_instances"": 30, ""threshold"": 0.05}, ""error_rate"": {""alpha"": 0.15, ""delta"": 0.005, ""min_instances"": 5, ""threshold"": 0.1}}","{""error_rate"": {""min_instances"": 5, ""threshold"": 0.1}}",0.1,0.005,0.15,5,0.05,0.005,0.1,30,,,,-1,two_stage,2,0.5,"__confirm_cooldown=200,__confirm_rule=perm_test,__perm_alpha=0.01,__perm_min_effect=0,__perm_n_perm=200,__perm_post_n=10,__perm_pre_n=500,__perm_rng_seed=0,__perm_stat=vote_score,divergence=0.3,error_rate=0.5,teacher_entropy=0.2",3,0,200,0.0,0,10000,10.0,25.0,200,500,1,72,1.0,0.6289001937984496,0.25826291814971664,0.5,0.6802175641059875,0.0005904257413931191,0,0,121,120,-1,perm_test,0.004975124378109453,0.4241468949714612,120,120,0,0.0,0.33333333333333337,0,0.0,0.0,0.0,0.0,0,none,0,1,0,overconfident,0.95,0,mild_drift,0.9517447954481775,0.0013856349329839672,0.7632435091061428,0.8497209087489811,1768220040.9813151,0.7588071823120117,0.0023536724038422108
646,41344,41343,sine_abrupt4,sine,ts_drift_adapt,5,"error_divergence_ph_meta@error.threshold=0.10,error.min_instances=5",error_divergence_ph_meta,"{""divergence"": {""alpha"": 0.1, ""delta"": 0.005, ""min_instances"": 30, ""threshold"": 0.05}, ""error_rate"": {""alpha"": 0.15, ""delta"": 0.005, ""min_instances"": 5, ""threshold"": 0.1}}","{""error_rate"": {""min_instances"": 5, ""threshold"": 0.1}}",0.1,0.005,0.15,5,0.05,0.005,0.1,30,,,,-1,two_stage,2,0.5,"__confirm_cooldown=200,__confirm_rule=perm_test,__perm_alpha=0.01,__perm_min_effect=0,__perm_n_perm=200,__perm_post_n=10,__perm_pre_n=500,__perm_rng_seed=0,__perm_stat=vote_score,divergence=0.3,error_rate=0.5,teacher_entropy=0.2",3,0,200,0.0,0,10000,10.0,25.0,200,500,1,8,1.0,0.6285555340557275,0.2575678568590769,0.6666666666666666,0.6785706877708435,0.0008447582367807627,0,0,121,120,-1,perm_test,0.004975124378109453,0.4241468949714612,120,120,0,0.0,0.16666666666666663,0,0.0,0.0,0.0,0.0,0,none,0,1,0,overconfident,0.95,0,mild_drift,0.9560223977240887,0.0013428174664919836,0.7816217545530715,0.8523604543744905,1768220040.989662,0.7870860695838928,0.003371102036908269
647,41408,41407,sine_abrupt4,sine,ts_drift_adapt,5,"error_divergence_ph_meta@error.threshold=0.10,error.min_instances=5",error_divergence_ph_meta,"{""divergence"": {""alpha"": 0.1, ""delta"": 0.005, ""min_instances"": 30, ""threshold"": 0.05}, ""error_rate"": {""alpha"": 0.15, ""delta"": 0.005, ""min_instances"": 5, ""threshold"": 0.1}}","{""error_rate"": {""min_instances"": 5, ""threshold"": 0.1}}",0.1,0.005,0.15,5,0.05,0.005,0.1,30,,,,-1,two_stage,2,0.5,"__confirm_cooldown=200,__confirm_rule=perm_test,__perm_alpha=0.01,__perm_min_effect=0,__perm_n_perm=200,__perm_post_n=10,__perm_pre_n=500,__perm_rng_seed=0,__perm_stat=vote_score,divergence=0.3,error_rate=0.5,teacher_entropy=0.2",3,0,200,0.0,0,10000,10.0,25.0,200,500,0,0,1.0,0.6282119397217929,0.2568973682169579,0.6666666666666666,0.6812974214553833,0.0008233496337197721,0,0,121,120,-1,perm_test,0.004975124378109453,0.4241468949714612,120,120,0,0.0,2.1408603060990572e-05,0,0.0,0.0,0.0,0.0,0,none,0,1,0,overconfident,0.95,0,mild_drift,0.9581611988620443,0.0013214087332459917,0.7908108772765358,0.8536802271872452,1768220040.9981418,0.7923786640167236,0.003286332357674837
648,41472,41471,sine_abrupt4,sine,ts_drift_adapt,5,"error_divergence_ph_meta@error.threshold=0.10,error.min_instances=5",error_divergence_ph_meta,"{""divergence"": {""alpha"": 0.1, ""delta"": 0.005, ""min_instances"": 30, ""threshold"": 0.05}, ""error_rate"": {""alpha"": 0.15, ""delta"": 0.005, ""min_instances"": 5, ""threshold"": 0.1}}","{""error_rate"": {""min_instances"": 5, ""threshold"": 0.1}}",0.1,0.005,0.15,5,0.05,0.005,0.1,30,,,,-1,two_stage,2,0.5,"__confirm_cooldown=200,__confirm_rule=perm_test,__perm_alpha=0.01,__perm_min_effect=0,__perm_n_perm=200,__perm_post_n=10,__perm_pre_n=500,__perm_rng_seed=0,__perm_stat=vote_score,divergence=0.3,error_rate=0.5,teacher_entropy=0.2",3,0,200,0.0,0,10000,10.0,25.0,200,500,0,0,1.0,0.6278935185185185,0.2562721066396602,0.6666666666666666,0.6780062317848206,0.0008731662528589368,1,1,122,121,0,perm_test,0.004975124378109453,0.4437072842681758,121,121,0,0.0,4.9816619139164686e-05,1,0.5,0.0,0.0,0.0,0,none,1,1,0,overconfident,0.95,0,stable,0.9740805994310222,0.0010607043666229958,0.8954054386382679,0.8993401135936226,1768220041.0129323,0.7934918999671936,0.0034840491134673357
649,41536,41535,sine_abrupt4,sine,ts_drift_adapt,5,"error_divergence_ph_meta@error.threshold=0.10,error.min_instances=5",error_divergence_ph_meta,"{""divergence"": {""alpha"": 0.1, ""delta"": 0.005, ""min_instances"": 30, ""threshold"": 0.05}, ""error_rate"": {""alpha"": 0.15, ""delta"": 0.005, ""min_instances"": 5, ""threshold"": 0.1}}","{""error_rate"": {""min_instances"": 5, ""threshold"": 0.1}}",0.1,0.005,0.15,5,0.05,0.005,0.1,30,,,,-1,two_stage,2,0.5,"__confirm_cooldown=200,__confirm_rule=perm_test,__perm_alpha=0.01,__perm_min_effect=0,__perm_n_perm=200,__perm_post_n=10,__perm_pre_n=500,__perm_rng_seed=0,__perm_stat=vote_score,divergence=0.3,error_rate=0.5,teacher_entropy=0.2",3,0,200,0.0,0,10000,10.0,25.0,200,500,1,136,1.0,0.627720531587057,0.2559315368266799,0.3333333333333333,0.6798630952835083,0.0005485239671543241,0,0,122,121,-1,perm_test,0.004975124378109453,0.4437072842681758,121,121,0,0.0,0.3333333333333333,0,0.0,0.0,0.0,0.0,0,none,0,1,0,overconfident,0.95,0,mild_drift,0.9671902997155111,0.0011803521833114979,0.847702719319134,0.8771700567968113,1768220041.0213327,0.6378005146980286,0.002184848301112652
650,41600,41599,sine_abrupt4,sine,ts_drift_adapt,5,"error_divergence_ph_meta@error.threshold=0.10,error.min_instances=5",error_divergence_ph_meta,"{""divergence"": {""alpha"": 0.1, ""delta"": 0.005, ""min_instances"": 30, ""threshold"": 0.05}, ""error_rate"": {""alpha"": 0.15, ""delta"": 0.005, ""min_instances"": 5, ""threshold"": 0.1}}","{""error_rate"": {""min_instances"": 5, ""threshold"": 0.1}}",0.1,0.005,0.15,5,0.05,0.005,0.1,30,,,,-1,two_stage,2,0.5,"__confirm_cooldown=200,__confirm_rule=perm_test,__perm_alpha=0.01,__perm_min_effect=0,__perm_n_perm=200,__perm_post_n=10,__perm_pre_n=500,__perm_rng_seed=0,__perm_stat=vote_score,divergence=0.3,error_rate=0.5,teacher_entropy=0.2",3,0,200,0.0,0,10000,10.0,25.0,200,500,1,72,1.0,0.6275240384615385,0.2555438533306637,0.3333333333333333,0.6805629134178162,0.0007769804797135293,0,0,122,121,-1,perm_test,0.004975124378109453,0.4437072842681758,121,121,0,0.0,0.0002284565125592053,0,0.0,0.0,0.0,0.0,0,none,0,1,0,overconfident,0.95,0,mild_drift,0.9637451498577555,0.001240176091655749,0.823851359659567,0.8660850283984056,1768220041.029712,0.7082603573799133,0.0031000864692032337
651,41664,41663,sine_abrupt4,sine,ts_drift_adapt,5,"error_divergence_ph_meta@error.threshold=0.10,error.min_instances=5",error_divergence_ph_meta,"{""divergence"": {""alpha"": 0.1, ""delta"": 0.005, ""min_instances"": 30, ""threshold"": 0.05}, ""error_rate"": {""alpha"": 0.15, ""delta"": 0.005, ""min_instances"": 5, ""threshold"": 0.1}}","{""error_rate"": {""min_instances"": 5, ""threshold"": 0.1}}",0.1,0.005,0.15,5,0.05,0.005,0.1,30,,,,-1,two_stage,2,0.5,"__confirm_cooldown=200,__confirm_rule=perm_test,__perm_alpha=0.01,__perm_min_effect=0,__perm_n_perm=200,__perm_post_n=10,__perm_pre_n=500,__perm_rng_seed=0,__perm_stat=vote_score,divergence=0.3,error_rate=0.5,teacher_entropy=0.2",3,0,200,0.0,0,10000,10.0,25.0,200,500,1,8,1.0,0.627400153609831,0.25530888315505407,0.16666666666666666,0.6844474077224731,0.0008000465459190309,0,0,122,121,-1,perm_test,0.004975124378109453,0.4437072842681758,121,121,0,0.0,0.16666666666666666,0,0.0,0.0,0.0,0.0,0,none,0,1,0,overconfident,0.95,0,mild_drift,0.9620225749288778,0.0012700880458278744,0.8119256798297836,0.8605425141992028,1768220041.0382288,0.6408830285072327,0.003194104414433241
652,41728,41727,sine_abrupt4,sine,ts_drift_adapt,5,"error_divergence_ph_meta@error.threshold=0.10,error.min_instances=5",error_divergence_ph_meta,"{""divergence"": {""alpha"": 0.1, ""delta"": 0.005, ""min_instances"": 30, ""threshold"": 0.05}, ""error_rate"": {""alpha"": 0.15, ""delta"": 0.005, ""min_instances"": 5, ""threshold"": 0.1}}","{""error_rate"": {""min_instances"": 5, ""threshold"": 0.1}}",0.1,0.005,0.15,5,0.05,0.005,0.1,30,,,,-1,two_stage,2,0.5,"__confirm_cooldown=200,__confirm_rule=perm_test,__perm_alpha=0.01,__perm_min_effect=0,__perm_n_perm=200,__perm_post_n=10,__perm_pre_n=500,__perm_rng_seed=0,__perm_stat=vote_score,divergence=0.3,error_rate=0.5,teacher_entropy=0.2",3,0,200,0.0,0,10000,10.0,25.0,200,500,0,0,1.0,0.6271807898773006,0.2548580529103019,0.6666666666666666,0.6793124675750732,0.0009918150026351213,0,0,122,121,-1,perm_test,0.004975124378109453,0.4437072842681758,121,121,0,0.0,0.5,0,0.0,0.0,0.0,0.0,0,none,0,1,0,overconfident,0.95,0,mild_drift,0.9611612874644389,0.0012850440229139372,0.8059628399148918,0.8577712570996014,1768220041.046711,0.8359696865081787,0.003968067932873964
653,41792,41791,sine_abrupt4,sine,ts_drift_adapt,5,"error_divergence_ph_meta@error.threshold=0.10,error.min_instances=5",error_divergence_ph_meta,"{""divergence"": {""alpha"": 0.1, ""delta"": 0.005, ""min_instances"": 30, ""threshold"": 0.05}, ""error_rate"": {""alpha"": 0.15, ""delta"": 0.005, ""min_instances"": 5, ""threshold"": 0.1}}","{""error_rate"": {""min_instances"": 5, ""threshold"": 0.1}}",0.1,0.005,0.15,5,0.05,0.005,0.1,30,,,,-1,two_stage,2,0.5,"__confirm_cooldown=200,__confirm_rule=perm_test,__perm_alpha=0.01,__perm_min_effect=0,__perm_n_perm=200,__perm_post_n=10,__perm_pre_n=500,__perm_rng_seed=0,__perm_stat=vote_score,divergence=0.3,error_rate=0.5,teacher_entropy=0.2",3,0,200,0.0,0,10000,10.0,25.0,200,500,0,0,1.0,0.6270578101071975,0.25461577588039513,0.5,0.6821465492248535,0.0009500260930508375,1,1,123,122,0,perm_test,0.004975124378109453,0.45291675472315207,122,122,0,0.16666666666666663,0.16666666666666663,1,0.5,0.0,0.0,0.0,0,none,1,1,0,overconfident,0.95,0,severe_drift,0.9260806437322194,0.0016425220114569686,0.652981419957446,0.8338856285498008,1768220041.0622642,0.7284345626831055,0.0038056718185544014
654,41856,41855,sine_abrupt4,sine,ts_drift_adapt,5,"error_divergence_ph_meta@error.threshold=0.10,error.min_instances=5",error_divergence_ph_meta,"{""divergence"": {""alpha"": 0.1, ""delta"": 0.005, ""min_instances"": 30, ""threshold"": 0.05}, ""error_rate"": {""alpha"": 0.15, ""delta"": 0.005, ""min_instances"": 5, ""threshold"": 0.1}}","{""error_rate"": {""min_instances"": 5, ""threshold"": 0.1}}",0.1,0.005,0.15,5,0.05,0.005,0.1,30,,,,-1,two_stage,2,0.5,"__confirm_cooldown=200,__confirm_rule=perm_test,__perm_alpha=0.01,__perm_min_effect=0,__perm_n_perm=200,__perm_post_n=10,__perm_pre_n=500,__perm_rng_seed=0,__perm_stat=vote_score,divergence=0.3,error_rate=0.5,teacher_entropy=0.2",3,0,200,0.0,0,10000,10.0,25.0,200,500,1,136,1.0,0.627006880733945,0.25452876295149246,0.16666666666666666,0.6820124983787537,0.001135595957748592,0,0,123,122,-1,perm_test,0.004975124378109453,0.45291675472315207,122,122,0,0.0,0.33333333333333337,0,0.0,0.0,0.0,0.0,0,none,0,1,0,overconfident,0.95,0,mild_drift,0.9431903218661097,0.0014712610057284843,0.726490709978723,0.8444428142749003,1768220041.0708199,0.6556534171104431,0.004546776879578829
655,41920,41919,sine_abrupt4,sine,ts_drift_adapt,5,"error_divergence_ph_meta@error.threshold=0.10,error.min_instances=5",error_divergence_ph_meta,"{""divergence"": {""alpha"": 0.1, ""delta"": 0.005, ""min_instances"": 30, ""threshold"": 0.05}, ""error_rate"": {""alpha"": 0.15, ""delta"": 0.005, ""min_instances"": 5, ""threshold"": 0.1}}","{""error_rate"": {""min_instances"": 5, ""threshold"": 0.1}}",0.1,0.005,0.15,5,0.05,0.005,0.1,30,,,,-1,two_stage,2,0.5,"__confirm_cooldown=200,__confirm_rule=perm_test,__perm_alpha=0.01,__perm_min_effect=0,__perm_n_perm=200,__perm_post_n=10,__perm_pre_n=500,__perm_rng_seed=0,__perm_stat=vote_score,divergence=0.3,error_rate=0.5,teacher_entropy=0.2",3,0,200,0.0,0,10000,10.0,25.0,200,500,1,72,1.0,0.6268606870229008,0.25423539669049994,0.8333333333333334,0.6835962533950806,0.0012734326301142573,0,0,123,122,-1,perm_test,0.004975124378109453,0.45291675472315207,122,122,0,0.0,0.6666666666666667,0,0.0,0.0,0.0,0.0,0,none,0,1,0,overconfident,0.95,0,mild_drift,0.9517451609330548,0.0013856305028642421,0.7632453549893615,0.8497214071374501,1768220041.079122,0.8396105170249939,0.005109045188874006
656,41984,41983,sine_abrupt4,sine,ts_drift_adapt,5,"error_divergence_ph_meta@error.threshold=0.10,error.min_instances=5",error_divergence_ph_meta,"{""divergence"": {""alpha"": 0.1, ""delta"": 0.005, ""min_instances"": 30, ""threshold"": 0.05}, ""error_rate"": {""alpha"": 0.15, ""delta"": 0.005, ""min_instances"": 5, ""threshold"": 0.1}}","{""error_rate"": {""min_instances"": 5, ""threshold"": 0.1}}",0.1,0.005,0.15,5,0.05,0.005,0.1,30,,,,-1,two_stage,2,0.5,"__confirm_cooldown=200,__confirm_rule=perm_test,__perm_alpha=0.01,__perm_min_effect=0,__perm_n_perm=200,__perm_post_n=10,__perm_pre_n=500,__perm_rng_seed=0,__perm_stat=vote_score,divergence=0.3,error_rate=0.5,teacher_entropy=0.2",3,0,200,0.0,0,10000,10.0,25.0,200,500,1,8,1.0,0.6269054878048781,0.254353453597124,0.16666666666666666,0.682883620262146,0.0011582879815250635,0,0,123,122,-1,perm_test,0.004975124378109453,0.45291675472315207,122,122,0,0.0,0.6666666666666667,0,0.0,0.0,0.0,0.0,0,none,0,1,0,overconfident,0.95,0,mild_drift,0.9560225804665274,0.001342815251432121,0.7816226774946808,0.8523607035687251,1768220041.087455,0.6395071744918823,0.0046472796238958836
657,42048,42047,sine_abrupt4,sine,ts_drift_adapt,5,"error_divergence_ph_meta@error.threshold=0.10,error.min_instances=5",error_divergence_ph_meta,"{""divergence"": {""alpha"": 0.1, ""delta"": 0.005, ""min_instances"": 30, ""threshold"": 0.05}, ""error_rate"": {""alpha"": 0.15, ""delta"": 0.005, ""min_instances"": 5, ""threshold"": 0.1}}","{""error_rate"": {""min_instances"": 5, ""threshold"": 0.1}}",0.1,0.005,0.15,5,0.05,0.005,0.1,30,,,,-1,two_stage,2,0.5,"__confirm_cooldown=200,__confirm_rule=perm_test,__perm_alpha=0.01,__perm_min_effect=0,__perm_n_perm=200,__perm_post_n=10,__perm_pre_n=500,__perm_rng_seed=0,__perm_stat=vote_score,divergence=0.3,error_rate=0.5,teacher_entropy=0.2",3,0,200,0.0,0,10000,10.0,25.0,200,500,0,0,1.0,0.6267836757990868,0.2541115560980673,0.5,0.683799147605896,0.0011117025278508663,0,0,123,122,-1,perm_test,0.004975124378109453,0.45291675472315207,122,122,0,0.0,0.33333333333333337,0,0.0,0.0,0.0,0.0,0,none,0,1,0,overconfident,0.95,0,mild_drift,0.9581612902332637,0.0013214076257160607,0.7908113387473404,0.8536803517843625,1768220041.0957782,0.7341106534004211,0.004458609968423843
658,42112,42111,sine_abrupt4,sine,ts_drift_adapt,5,"error_divergence_ph_meta@error.threshold=0.10,error.min_instances=5",error_divergence_ph_meta,"{""divergence"": {""alpha"": 0.1, ""delta"": 0.005, ""min_instances"": 30, ""threshold"": 0.05}, ""error_rate"": {""alpha"": 0.15, ""delta"": 0.005, ""min_instances"": 5, ""threshold"": 0.1}}","{""error_rate"": {""min_instances"": 5, ""threshold"": 0.1}}",0.1,0.005,0.15,5,0.05,0.005,0.1,30,,,,-1,two_stage,2,0.5,"__confirm_cooldown=200,__confirm_rule=perm_test,__perm_alpha=0.01,__perm_min_effect=0,__perm_n_perm=200,__perm_post_n=10,__perm_pre_n=500,__perm_rng_seed=0,__perm_stat=vote_score,divergence=0.3,error_rate=0.5,teacher_entropy=0.2",3,0,200,0.0,0,10000,10.0,25.0,200,500,0,0,1.0,0.6267572188449848,0.25407433392805834,0.3333333333333333,0.6835975050926208,0.001252771238796413,1,1,124,123,0,perm_test,0.004975124378109453,0.4306005038148861,123,123,0,0.16666666666666669,0.16666666666666669,1,0.5,0.0,0.0,0.0,0,none,1,1,0,overconfident,0.95,0,severe_drift,0.9245806451166318,0.0016607038128580304,0.6454056693736703,0.8318401758921813,1768220041.1104789,0.6615850925445557,0.0050272089429199696
659,42176,42175,sine_abrupt4,sine,ts_drift_adapt,5,"error_divergence_ph_meta@error.threshold=0.10,error.min_instances=5",error_divergence_ph_meta,"{""divergence"": {""alpha"": 0.1, ""delta"": 0.005, ""min_instances"": 30, ""threshold"": 0.05}, ""error_rate"": {""alpha"": 0.15, ""delta"": 0.005, ""min_instances"": 5, ""threshold"": 0.1}}","{""error_rate"": {""min_instances"": 5, ""threshold"": 0.1}}",0.1,0.005,0.15,5,0.05,0.005,0.1,30,,,,-1,two_stage,2,0.5,"__confirm_cooldown=200,__confirm_rule=perm_test,__perm_alpha=0.01,__perm_min_effect=0,__perm_n_perm=200,__perm_post_n=10,__perm_pre_n=500,__perm_rng_seed=0,__perm_stat=vote_score,divergence=0.3,error_rate=0.5,teacher_entropy=0.2",3,0,200,0.0,0,10000,10.0,25.0,200,500,1,136,1.0,0.626564871016692,0.2536799114132059,0.5,0.681664228439331,0.0010845994111150503,0,0,124,123,-1,perm_test,0.004975124378109453,0.4306005038148861,123,123,0,0.0,0.16666666666666669,0,0.0,0.0,0.0,0.0,0,none,0,1,0,overconfident,0.95,0,mild_drift,0.9424403225583159,0.0014803519064290152,0.7227028346868352,0.8434200879460907,1768220041.1190565,0.7103638052940369,0.0043531060218811035
660,42240,42239,sine_abrupt4,sine,ts_drift_adapt,5,"error_divergence_ph_meta@error.threshold=0.10,error.min_instances=5",error_divergence_ph_meta,"{""divergence"": {""alpha"": 0.1, ""delta"": 0.005, ""min_instances"": 30, ""threshold"": 0.05}, ""error_rate"": {""alpha"": 0.15, ""delta"": 0.005, ""min_instances"": 5, ""threshold"": 0.1}}","{""error_rate"": {""min_instances"": 5, ""threshold"": 0.1}}",0.1,0.005,0.15,5,0.05,0.005,0.1,30,,,,-1,two_stage,2,0.5,"__confirm_cooldown=200,__confirm_rule=perm_test,__perm_alpha=0.01,__perm_min_effect=0,__perm_n_perm=200,__perm_post_n=10,__perm_pre_n=500,__perm_rng_seed=0,__perm_stat=vote_score,divergence=0.3,error_rate=0.5,teacher_entropy=0.2",3,0,200,0.0,0,10000,10.0,25.0,200,500,1,72,1.0,0.6264441287878788,0.2534390954232239,0.6666666666666666,0.6831425428390503,0.0010124556720256805,0,0,124,123,-1,perm_test,0.004975124378109453,0.4306005038148861,123,123,0,0.0,0.16666666666666663,0,0.0,0.0,0.0,0.0,0,none,0,1,0,overconfident,0.95,0,mild_drift,0.9513701612791579,0.0013901759532145078,0.7613514173434176,0.8492100439730453,1768220041.1273627,0.791041374206543,0.004064068663865328
661,42304,42303,sine_abrupt4,sine,ts_drift_adapt,5,"error_divergence_ph_meta@error.threshold=0.10,error.min_instances=5",error_divergence_ph_meta,"{""divergence"": {""alpha"": 0.1, ""delta"": 0.005, ""min_instances"": 30, ""threshold"": 0.05}, ""error_rate"": {""alpha"": 0.15, ""delta"": 0.005, ""min_instances"": 5, ""threshold"": 0.1}}","{""error_rate"": {""min_instances"": 5, ""threshold"": 0.1}}",0.1,0.005,0.15,5,0.05,0.005,0.1,30,,,,-1,two_stage,2,0.5,"__confirm_cooldown=200,__confirm_rule=perm_test,__perm_alpha=0.01,__perm_min_effect=0,__perm_n_perm=200,__perm_post_n=10,__perm_pre_n=500,__perm_rng_seed=0,__perm_stat=vote_score,divergence=0.3,error_rate=0.5,teacher_entropy=0.2",3,0,200,0.0,0,10000,10.0,25.0,200,500,1,8,1.0,0.6264655824508321,0.25350265343943196,0.3333333333333333,0.6828885674476624,0.0010208147577941418,0,0,124,123,-1,perm_test,0.004975124378109453,0.4306005038148861,123,123,0,0.0,0.3333333333333333,0,0.0,0.0,0.0,0.0,0,none,0,1,0,overconfident,0.95,0,mild_drift,0.9558350806395789,0.0013450879766072539,0.7806757086717089,0.8521050219865227,1768220041.1356668,0.648770809173584,0.004096162039786577
662,42368,42367,sine_abrupt4,sine,ts_drift_adapt,5,"error_divergence_ph_meta@error.threshold=0.10,error.min_instances=5",error_divergence_ph_meta,"{""divergence"": {""alpha"": 0.1, ""delta"": 0.005, ""min_instances"": 30, ""threshold"": 0.05}, ""error_rate"": {""alpha"": 0.15, ""delta"": 0.005, ""min_instances"": 5, ""threshold"": 0.1}}","{""error_rate"": {""min_instances"": 5, ""threshold"": 0.1}}",0.1,0.005,0.15,5,0.05,0.005,0.1,30,,,,-1,two_stage,2,0.5,"__confirm_cooldown=200,__confirm_rule=perm_test,__perm_alpha=0.01,__perm_min_effect=0,__perm_n_perm=200,__perm_post_n=10,__perm_pre_n=500,__perm_rng_seed=0,__perm_stat=vote_score,divergence=0.3,error_rate=0.5,teacher_entropy=0.2",3,0,200,0.0,0,10000,10.0,25.0,200,500,0,0,1.0,0.6263689577039275,0.25331236966291154,0.5,0.6824691295623779,0.0007742288871668279,0,0,124,123,-1,perm_test,0.004975124378109453,0.4306005038148861,123,123,0,0.0,0.16666666666666669,0,0.0,0.0,0.0,0.0,0,none,0,1,0,overconfident,0.95,0,mild_drift,0.9580675403197894,0.0013225439883036271,0.7903378543358545,0.8535525109932613,1768220041.1440008,0.734035313129425,0.0031025204807519913
663,42432,42431,sine_abrupt4,sine,ts_drift_adapt,5,"error_divergence_ph_meta@error.threshold=0.10,error.min_instances=5",error_divergence_ph_meta,"{""divergence"": {""alpha"": 0.1, ""delta"": 0.005, ""min_instances"": 30, ""threshold"": 0.05}, ""error_rate"": {""alpha"": 0.15, ""delta"": 0.005, ""min_instances"": 5, ""threshold"": 0.1}}","{""error_rate"": {""min_instances"": 5, ""threshold"": 0.1}}",0.1,0.005,0.15,5,0.05,0.005,0.1,30,,,,-1,two_stage,2,0.5,"__confirm_cooldown=200,__confirm_rule=perm_test,__perm_alpha=0.01,__perm_min_effect=0,__perm_n_perm=200,__perm_post_n=10,__perm_pre_n=500,__perm_rng_seed=0,__perm_stat=vote_score,divergence=0.3,error_rate=0.5,teacher_entropy=0.2",3,0,200,0.0,0,10000,10.0,25.0,200,500,0,0,1.0,0.6260840874811463,0.25271907299644697,0.5,0.6789499521255493,0.0007238085381686687,1,1,125,124,0,perm_test,0.004975124378109453,0.4286634900711184,124,124,0,0.16666666666666669,5.042034899815917e-05,1,0.5,0.0,0.0,0.0,0,none,1,1,0,overconfident,0.95,0,severe_drift,0.9245337701598947,0.0016612719941518136,0.6451689271679273,0.8317762554966307,1768220041.1585944,0.722632646560669,0.002894849516451359
664,42496,42495,sine_abrupt4,sine,ts_drift_adapt,5,"error_divergence_ph_meta@error.threshold=0.10,error.min_instances=5",error_divergence_ph_meta,"{""divergence"": {""alpha"": 0.1, ""delta"": 0.005, ""min_instances"": 30, ""threshold"": 0.05}, ""error_rate"": {""alpha"": 0.15, ""delta"": 0.005, ""min_instances"": 5, ""threshold"": 0.1}}","{""error_rate"": {""min_instances"": 5, ""threshold"": 0.1}}",0.1,0.005,0.15,5,0.05,0.005,0.1,30,,,,-1,two_stage,2,0.5,"__confirm_cooldown=200,__confirm_rule=perm_test,__perm_alpha=0.01,__perm_min_effect=0,__perm_n_perm=200,__perm_post_n=10,__perm_pre_n=500,__perm_rng_seed=0,__perm_stat=vote_score,divergence=0.3,error_rate=0.5,teacher_entropy=0.2",3,0,200,0.0,0,10000,10.0,25.0,200,500,1,136,1.0,0.6258236069277109,0.252178284830594,0.8333333333333334,0.6816162467002869,0.000585211324505508,0,0,125,124,-1,perm_test,0.004975124378109453,0.4286634900711184,124,124,0,0.0,0.33333333333333337,0,0.0,0.0,0.0,0.0,0,none,0,1,0,overconfident,0.95,0,mild_drift,0.9424168850799473,0.0014806359970759068,0.7225844635839637,0.8433881277483153,1768220041.1670644,0.8144123554229736,0.002343900268897414
665,42560,42559,sine_abrupt4,sine,ts_drift_adapt,5,"error_divergence_ph_meta@error.threshold=0.10,error.min_instances=5",error_divergence_ph_meta,"{""divergence"": {""alpha"": 0.1, ""delta"": 0.005, ""min_instances"": 30, ""threshold"": 0.05}, ""error_rate"": {""alpha"": 0.15, ""delta"": 0.005, ""min_instances"": 5, ""threshold"": 0.1}}","{""error_rate"": {""min_instances"": 5, ""threshold"": 0.1}}",0.1,0.005,0.15,5,0.05,0.005,0.1,30,,,,-1,two_stage,2,0.5,"__confirm_cooldown=200,__confirm_rule=perm_test,__perm_alpha=0.01,__perm_min_effect=0,__perm_n_perm=200,__perm_post_n=10,__perm_pre_n=500,__perm_rng_seed=0,__perm_stat=vote_score,divergence=0.3,error_rate=0.5,teacher_entropy=0.2",3,0,200,0.0,0,10000,10.0,25.0,200,500,1,72,1.0,0.6257048872180451,0.2519402785784003,0.6666666666666666,0.6813213229179382,0.00048528664046898484,0,0,125,124,-1,perm_test,0.004975124378109453,0.4286634900711184,124,124,0,0.0,0.16666666666666674,0,0.0,0.0,0.0,0.0,0,none,0,1,0,overconfident,0.95,0,mild_drift,0.9513584425399736,0.0013903179985379536,0.7612922317919819,0.8491940638741576,1768220041.1753392,0.7643475532531738,0.0019401548197492957
666,42624,42623,sine_abrupt4,sine,ts_drift_adapt,5,"error_divergence_ph_meta@error.threshold=0.10,error.min_instances=5",error_divergence_ph_meta,"{""divergence"": {""alpha"": 0.1, ""delta"": 0.005, ""min_instances"": 30, ""threshold"": 0.05}, ""error_rate"": {""alpha"": 0.15, ""delta"": 0.005, ""min_instances"": 5, ""threshold"": 0.1}}","{""error_rate"": {""min_instances"": 5, ""threshold"": 0.1}}",0.1,0.005,0.15,5,0.05,0.005,0.1,30,,,,-1,two_stage,2,0.5,"__confirm_cooldown=200,__confirm_rule=perm_test,__perm_alpha=0.01,__perm_min_effect=0,__perm_n_perm=200,__perm_post_n=10,__perm_pre_n=500,__perm_rng_seed=0,__perm_stat=vote_score,divergence=0.3,error_rate=0.5,teacher_entropy=0.2",3,0,200,0.0,0,10000,10.0,25.0,200,500,1,8,1.0,0.6257272897897898,0.2520026745624574,0.3333333333333333,0.6823751926422119,0.0002862113178707659,0,0,125,124,-1,perm_test,0.004975124378109453,0.4286634900711184,124,124,0,0.0,0.3333333333333333,0,0.0,0.0,0.0,0.0,0,none,0,1,0,overconfident,0.95,0,mild_drift,0.9558292212699868,0.001345158999268977,0.780646115895991,0.8520970319370789,1768220041.183586,0.6862226128578186,0.0011431975290179253
667,42688,42687,sine_abrupt4,sine,ts_drift_adapt,5,"error_divergence_ph_meta@error.threshold=0.10,error.min_instances=5",error_divergence_ph_meta,"{""divergence"": {""alpha"": 0.1, ""delta"": 0.005, ""min_instances"": 30, ""threshold"": 0.05}, ""error_rate"": {""alpha"": 0.15, ""delta"": 0.005, ""min_instances"": 5, ""threshold"": 0.1}}","{""error_rate"": {""min_instances"": 5, ""threshold"": 0.1}}",0.1,0.005,0.15,5,0.05,0.005,0.1,30,,,,-1,two_stage,2,0.5,"__confirm_cooldown=200,__confirm_rule=perm_test,__perm_alpha=0.01,__perm_min_effect=0,__perm_n_perm=200,__perm_post_n=10,__perm_pre_n=500,__perm_rng_seed=0,__perm_stat=vote_score,divergence=0.3,error_rate=0.5,teacher_entropy=0.2",3,0,200,0.0,0,10000,10.0,25.0,200,500,0,0,1.0,0.6256090704647677,0.2517646772175993,0.3333333333333333,0.6825026869773865,0.0005810348084196448,0,0,125,124,-1,perm_test,0.004975124378109453,0.4286634900711184,124,124,0,0.0,0.0002948234905488789,0,0.0,0.0,0.0,0.0,0,none,0,1,0,overconfident,0.95,0,mild_drift,0.9580646106349934,0.0013225794996344887,0.7903230579479955,0.8535485159685394,1768220041.1919978,0.6761324405670166,0.002314263256266713
668,42752,42751,sine_abrupt4,sine,ts_drift_adapt,5,"error_divergence_ph_meta@error.threshold=0.10,error.min_instances=5",error_divergence_ph_meta,"{""divergence"": {""alpha"": 0.1, ""delta"": 0.005, ""min_instances"": 30, ""threshold"": 0.05}, ""error_rate"": {""alpha"": 0.15, ""delta"": 0.005, ""min_instances"": 5, ""threshold"": 0.1}}","{""error_rate"": {""min_instances"": 5, ""threshold"": 0.1}}",0.1,0.005,0.15,5,0.05,0.005,0.1,30,,,,-1,two_stage,2,0.5,"__confirm_cooldown=200,__confirm_rule=perm_test,__perm_alpha=0.01,__perm_min_effect=0,__perm_n_perm=200,__perm_post_n=10,__perm_pre_n=500,__perm_rng_seed=0,__perm_stat=vote_score,divergence=0.3,error_rate=0.5,teacher_entropy=0.2",3,0,200,0.0,0,10000,10.0,25.0,200,500,0,0,1.0,0.6254210329341318,0.2513778642051645,0.3333333333333333,0.6823607683181763,0.000362089485861361,1,1,126,125,0,perm_test,0.004975124378109453,0.46246915086439433,125,125,0,0.16666666666666669,0.0002189453225582838,1,0.5,0.0,0.0,0.0,0,none,1,1,0,overconfident,0.95,0,severe_drift,0.9245323053174967,0.0016612897498172444,0.6451615289739978,0.8317742579842697,1768220041.2067952,0.6660998463630676,0.0014433094765990973
669,42816,42815,sine_abrupt4,sine,ts_drift_adapt,5,"error_divergence_ph_meta@error.threshold=0.10,error.min_instances=5",error_divergence_ph_meta,"{""divergence"": {""alpha"": 0.1, ""delta"": 0.005, ""min_instances"": 30, ""threshold"": 0.05}, ""error_rate"": {""alpha"": 0.15, ""delta"": 0.005, ""min_instances"": 5, ""threshold"": 0.1}}","{""error_rate"": {""min_instances"": 5, ""threshold"": 0.1}}",0.1,0.005,0.15,5,0.05,0.005,0.1,30,,,,-1,two_stage,2,0.5,"__confirm_cooldown=200,__confirm_rule=perm_test,__perm_alpha=0.01,__perm_min_effect=0,__perm_n_perm=200,__perm_post_n=10,__perm_pre_n=500,__perm_rng_seed=0,__perm_stat=vote_score,divergence=0.3,error_rate=0.5,teacher_entropy=0.2",3,0,200,0.0,0,10000,10.0,25.0,200,500,1,136,1.0,0.62523355754858,0.2509922267024935,0.5,0.6828407049179077,0.00046978736645542085,0,0,126,125,-1,perm_test,0.004975124378109453,0.46246915086439433,125,125,0,0.0,0.16666666666666669,0,0.0,0.0,0.0,0.0,0,none,0,1,0,overconfident,0.95,0,mild_drift,0.9424161526587483,0.0014806448749086223,0.7225807644869989,0.8433871289921349,1768220041.2151859,0.703009843826294,0.0018718823557719588
670,42880,42879,sine_abrupt4,sine,ts_drift_adapt,5,"error_divergence_ph_meta@error.threshold=0.10,error.min_instances=5",error_divergence_ph_meta,"{""divergence"": {""alpha"": 0.1, ""delta"": 0.005, ""min_instances"": 30, ""threshold"": 0.05}, ""error_rate"": {""alpha"": 0.15, ""delta"": 0.005, ""min_instances"": 5, ""threshold"": 0.1}}","{""error_rate"": {""min_instances"": 5, ""threshold"": 0.1}}",0.1,0.005,0.15,5,0.05,0.005,0.1,30,,,,-1,two_stage,2,0.5,"__confirm_cooldown=200,__confirm_rule=perm_test,__perm_alpha=0.01,__perm_min_effect=0,__perm_n_perm=200,__perm_post_n=10,__perm_pre_n=500,__perm_rng_seed=0,__perm_stat=vote_score,divergence=0.3,error_rate=0.5,teacher_entropy=0.2",3,0,200,0.0,0,10000,10.0,25.0,200,500,1,72,1.0,0.6251399253731343,0.2508056843222513,0.3333333333333333,0.6848050951957703,0.00041957301436923444,0,0,126,125,-1,perm_test,0.004975124378109453,0.46246915086439433,125,125,0,0.0,0.16666666666666669,0,0.0,0.0,0.0,0.0,0,none,0,1,0,overconfident,0.95,0,mild_drift,0.9513580763293741,0.0013903224374543113,0.7612903822434995,0.8491935644960674,1768220041.223525,0.6834070682525635,0.0016734342789277434
671,42944,42943,sine_abrupt4,sine,ts_drift_adapt,5,"error_divergence_ph_meta@error.threshold=0.10,error.min_instances=5",error_divergence_ph_meta,"{""divergence"": {""alpha"": 0.1, ""delta"": 0.005, ""min_instances"": 30, ""threshold"": 0.05}, ""error_rate"": {""alpha"": 0.15, ""delta"": 0.005, ""min_instances"": 5, ""threshold"": 0.1}}","{""error_rate"": {""min_instances"": 5, ""threshold"": 0.1}}",0.1,0.005,0.15,5,0.05,0.005,0.1,30,,,,-1,two_stage,2,0.5,"__confirm_cooldown=200,__confirm_rule=perm_test,__perm_alpha=0.01,__perm_min_effect=0,__perm_n_perm=200,__perm_post_n=10,__perm_pre_n=500,__perm_rng_seed=0,__perm_stat=vote_score,divergence=0.3,error_rate=0.5,teacher_entropy=0.2",3,0,200,0.0,0,10000,10.0,25.0,200,500,1,8,1.0,0.6248137108792846,0.25012574802482485,0.5,0.6815377473831177,0.0005402221577242017,0,0,126,125,-1,perm_test,0.004975124378109453,0.46246915086439433,125,125,0,0.0,0.16666666666666669,0,0.0,0.0,0.0,0.0,0,none,0,1,0,overconfident,0.95,0,mild_drift,0.955829038164687,0.0013451612187271558,0.7806451911217498,0.8520967822480336,1768220041.231761,0.7207927107810974,0.0021527244243770838
672,43008,43007,sine_abrupt4,sine,ts_drift_adapt,5,"error_divergence_ph_meta@error.threshold=0.10,error.min_instances=5",error_divergence_ph_meta,"{""divergence"": {""alpha"": 0.1, ""delta"": 0.005, ""min_instances"": 30, ""threshold"": 0.05}, ""error_rate"": {""alpha"": 0.15, ""delta"": 0.005, ""min_instances"": 5, ""threshold"": 0.1}}","{""error_rate"": {""min_instances"": 5, ""threshold"": 0.1}}",0.1,0.005,0.15,5,0.05,0.005,0.1,30,,,,-1,two_stage,2,0.5,"__confirm_cooldown=200,__confirm_rule=perm_test,__perm_alpha=0.01,__perm_min_effect=0,__perm_n_perm=200,__perm_post_n=10,__perm_pre_n=500,__perm_rng_seed=0,__perm_stat=vote_score,divergence=0.3,error_rate=0.5,teacher_entropy=0.2",3,0,200,0.0,0,10000,10.0,25.0,200,500,0,0,1.0,0.6247442336309523,0.2499899931112061,0.5,0.6856418251991272,0.0004224402364343405,0,0,126,125,-1,perm_test,0.004975124378109453,0.46246915086439433,125,125,0,0.0,0.0001177819212898612,0,0.0,0.0,0.0,0.0,0,none,0,1,0,overconfident,0.95,0,mild_drift,0.9580645190823435,0.0013225806093635781,0.7903225955608749,0.8535483911240168,1768220041.2400908,0.7092648148536682,0.0016847150400280952
673,43072,43071,sine_abrupt4,sine,ts_drift_adapt,5,"error_divergence_ph_meta@error.threshold=0.10,error.min_instances=5",error_divergence_ph_meta,"{""divergence"": {""alpha"": 0.1, ""delta"": 0.005, ""min_instances"": 30, ""threshold"": 0.05}, ""error_rate"": {""alpha"": 0.15, ""delta"": 0.005, ""min_instances"": 5, ""threshold"": 0.1}}","{""error_rate"": {""min_instances"": 5, ""threshold"": 0.1}}",0.1,0.005,0.15,5,0.05,0.005,0.1,30,,,,-1,two_stage,2,0.5,"__confirm_cooldown=200,__confirm_rule=perm_test,__perm_alpha=0.01,__perm_min_effect=0,__perm_n_perm=200,__perm_post_n=10,__perm_pre_n=500,__perm_rng_seed=0,__perm_stat=vote_score,divergence=0.3,error_rate=0.5,teacher_entropy=0.2",3,0,200,0.0,0,10000,10.0,25.0,200,500,0,0,1.0,0.6245124442793462,0.24951042595284265,0.6666666666666666,0.6842817664146423,0.00038850391865707934,1,1,127,126,0,perm_test,0.004975124378109453,0.46022459801021104,126,126,0,0.3333333333333333,0.16666666666666663,1,0.5,0.0,0.0,0.0,0,none,1,1,0,overconfident,0.95,0,severe_drift,0.9245322595411718,0.001661290304681789,0.6451612977804375,0.8317741955620084,1768220041.255147,0.7402698993682861,0.0015489069046452641
674,43136,43135,sine_abrupt4,sine,ts_drift_adapt,5,"error_divergence_ph_meta@error.threshold=0.10,error.min_instances=5",error_divergence_ph_meta,"{""divergence"": {""alpha"": 0.1, ""delta"": 0.005, ""min_instances"": 30, ""threshold"": 0.05}, ""error_rate"": {""alpha"": 0.15, ""delta"": 0.005, ""min_instances"": 5, ""threshold"": 0.1}}","{""error_rate"": {""min_instances"": 5, ""threshold"": 0.1}}",0.1,0.005,0.15,5,0.05,0.005,0.1,30,,,,-1,two_stage,2,0.5,"__confirm_cooldown=200,__confirm_rule=perm_test,__perm_alpha=0.01,__perm_min_effect=0,__perm_n_perm=200,__perm_post_n=10,__perm_pre_n=500,__perm_rng_seed=0,__perm_stat=vote_score,divergence=0.3,error_rate=0.5,teacher_entropy=0.2",3,0,200,0.0,0,10000,10.0,25.0,200,500,1,136,1.0,0.6245131676557863,0.2495222348296427,0.0,0.6837471127510071,0.0004860082408413291,0,0,127,126,-1,perm_test,0.004975124378109453,0.46022459801021104,126,126,0,0.0,0.6666666666666666,0,0.0,0.0,0.0,0.0,0,none,0,1,0,overconfident,0.95,0,mild_drift,0.9424161297705859,0.0014806451523408947,0.7225806488902188,0.8433870977810042,1768220041.263534,0.6319391131401062,0.0019364546751603484
675,43200,43199,sine_abrupt4,sine,ts_drift_adapt,5,"error_divergence_ph_meta@error.threshold=0.10,error.min_instances=5",error_divergence_ph_meta,"{""divergence"": {""alpha"": 0.1, ""delta"": 0.005, ""min_instances"": 30, ""threshold"": 0.05}, ""error_rate"": {""alpha"": 0.15, ""delta"": 0.005, ""min_instances"": 5, ""threshold"": 0.1}}","{""error_rate"": {""min_instances"": 5, ""threshold"": 0.1}}",0.1,0.005,0.15,5,0.05,0.005,0.1,30,,,,-1,two_stage,2,0.5,"__confirm_cooldown=200,__confirm_rule=perm_test,__perm_alpha=0.01,__perm_min_effect=0,__perm_n_perm=200,__perm_post_n=10,__perm_pre_n=500,__perm_rng_seed=0,__perm_stat=vote_score,divergence=0.3,error_rate=0.5,teacher_entropy=0.2",3,0,200,0.0,0,10000,10.0,25.0,200,500,1,72,1.0,0.6243055555555556,0.24909356238135932,0.5,0.6850064992904663,0.0005160721484571695,0,0,127,126,-1,perm_test,0.004975124378109453,0.46022459801021104,126,126,0,0.0,0.5,0,0.0,0.0,0.0,0.0,0,none,0,1,0,overconfident,0.95,0,mild_drift,0.9513580648852928,0.0013903225761704475,0.7612903244451095,0.849193548890502,1768220041.2719738,0.7078188061714172,0.0020568205509334803
676,43264,43263,sine_abrupt4,sine,ts_drift_adapt,5,"error_divergence_ph_meta@error.threshold=0.10,error.min_instances=5",error_divergence_ph_meta,"{""divergence"": {""alpha"": 0.1, ""delta"": 0.005, ""min_instances"": 30, ""threshold"": 0.05}, ""error_rate"": {""alpha"": 0.15, ""delta"": 0.005, ""min_instances"": 5, ""threshold"": 0.1}}","{""error_rate"": {""min_instances"": 5, ""threshold"": 0.1}}",0.1,0.005,0.15,5,0.05,0.005,0.1,30,,,,-1,two_stage,2,0.5,"__confirm_cooldown=200,__confirm_rule=perm_test,__perm_alpha=0.01,__perm_min_effect=0,__perm_n_perm=200,__perm_post_n=10,__perm_pre_n=500,__perm_rng_seed=0,__perm_stat=vote_score,divergence=0.3,error_rate=0.5,teacher_entropy=0.2",3,0,200,0.0,0,10000,10.0,25.0,200,500,1,8,1.0,0.624167899408284,0.24881244160544275,0.5,0.686147928237915,0.0003354897489771247,0,0,127,126,-1,perm_test,0.004975124378109453,0.46022459801021104,126,126,0,0.0,0.00018058239948004484,0,0.0,0.0,0.0,0.0,0,none,0,1,0,overconfident,0.95,0,mild_drift,0.9558290324426464,0.0013451612880852237,0.7806451622225548,0.852096774445251,1768220041.280262,0.6869686245918274,0.0013380282325670123
677,43328,43327,sine_abrupt4,sine,ts_drift_adapt,5,"error_divergence_ph_meta@error.threshold=0.10,error.min_instances=5",error_divergence_ph_meta,"{""divergence"": {""alpha"": 0.1, ""delta"": 0.005, ""min_instances"": 30, ""threshold"": 0.05}, ""error_rate"": {""alpha"": 0.15, ""delta"": 0.005, ""min_instances"": 5, ""threshold"": 0.1}}","{""error_rate"": {""min_instances"": 5, ""threshold"": 0.1}}",0.1,0.005,0.15,5,0.05,0.005,0.1,30,,,,-1,two_stage,2,0.5,"__confirm_cooldown=200,__confirm_rule=perm_test,__perm_alpha=0.01,__perm_min_effect=0,__perm_n_perm=200,__perm_post_n=10,__perm_pre_n=500,__perm_rng_seed=0,__perm_stat=vote_score,divergence=0.3,error_rate=0.5,teacher_entropy=0.2",3,0,200,0.0,0,10000,10.0,25.0,200,500,0,0,1.0,0.624053729689808,0.24858055070666857,0.5,0.6855687499046326,0.00039662254857830703,0,0,127,126,-1,perm_test,0.004975124378109453,0.46022459801021104,126,126,0,0.0,6.113279960118234e-05,0,0.0,0.0,0.0,0.0,0,none,0,1,0,overconfident,0.95,0,mild_drift,0.9580645162213232,0.001322580644042612,0.7903225811112774,0.8535483872226255,1768220041.2887492,0.6916250586509705,0.001582039869390428
678,43392,43391,sine_abrupt4,sine,ts_drift_adapt,5,"error_divergence_ph_meta@error.threshold=0.10,error.min_instances=5",error_divergence_ph_meta,"{""divergence"": {""alpha"": 0.1, ""delta"": 0.005, ""min_instances"": 30, ""threshold"": 0.05}, ""error_rate"": {""alpha"": 0.15, ""delta"": 0.005, ""min_instances"": 5, ""threshold"": 0.1}}","{""error_rate"": {""min_instances"": 5, ""threshold"": 0.1}}",0.1,0.005,0.15,5,0.05,0.005,0.1,30,,,,-1,two_stage,2,0.5,"__confirm_cooldown=200,__confirm_rule=perm_test,__perm_alpha=0.01,__perm_min_effect=0,__perm_n_perm=200,__perm_post_n=10,__perm_pre_n=500,__perm_rng_seed=0,__perm_stat=vote_score,divergence=0.3,error_rate=0.5,teacher_entropy=0.2",3,0,200,0.0,0,10000,10.0,25.0,200,500,0,0,1.0,0.6238938053097345,0.24825210817819499,0.6666666666666666,0.6862219572067261,0.0003454548423178494,1,1,128,127,0,perm_test,0.004975124378109453,0.40723602606879333,127,127,0,0.0,0.16666666666666663,1,0.5,0.0,0.0,0.0,0,none,1,1,0,overconfident,0.95,0,stable,0.9740322581106615,0.001061290322021306,0.8951612905556388,0.8992741936113128,1768220041.303403,0.7267640233039856,0.0013788434443995357
679,43456,43455,sine_abrupt4,sine,ts_drift_adapt,5,"error_divergence_ph_meta@error.threshold=0.10,error.min_instances=5",error_divergence_ph_meta,"{""divergence"": {""alpha"": 0.1, ""delta"": 0.005, ""min_instances"": 30, ""threshold"": 0.05}, ""error_rate"": {""alpha"": 0.15, ""delta"": 0.005, ""min_instances"": 5, ""threshold"": 0.1}}","{""error_rate"": {""min_instances"": 5, ""threshold"": 0.1}}",0.1,0.005,0.15,5,0.05,0.005,0.1,30,,,,-1,two_stage,2,0.5,"__confirm_cooldown=200,__confirm_rule=perm_test,__perm_alpha=0.01,__perm_min_effect=0,__perm_n_perm=200,__perm_post_n=10,__perm_pre_n=500,__perm_rng_seed=0,__perm_stat=vote_score,divergence=0.3,error_rate=0.5,teacher_entropy=0.2",3,0,200,0.0,0,10000,10.0,25.0,200,500,1,136,1.0,0.6237343519882179,0.247924547363441,0.5,0.6866849660873413,0.0003567353414837271,0,0,128,127,-1,perm_test,0.004975124378109453,0.40723602606879333,127,127,0,0.0,0.16666666666666663,0,0.0,0.0,0.0,0.0,0,none,0,1,0,overconfident,0.95,0,mild_drift,0.9671661290553307,0.001180645161010653,0.8475806452778194,0.8771370968056564,1768220041.3118017,0.6759031414985657,0.0014234200352802873
680,43520,43519,sine_abrupt4,sine,ts_drift_adapt,5,"error_divergence_ph_meta@error.threshold=0.10,error.min_instances=5",error_divergence_ph_meta,"{""divergence"": {""alpha"": 0.1, ""delta"": 0.005, ""min_instances"": 30, ""threshold"": 0.05}, ""error_rate"": {""alpha"": 0.15, ""delta"": 0.005, ""min_instances"": 5, ""threshold"": 0.1}}","{""error_rate"": {""min_instances"": 5, ""threshold"": 0.1}}",0.1,0.005,0.15,5,0.05,0.005,0.1,30,,,,-1,two_stage,2,0.5,"__confirm_cooldown=200,__confirm_rule=perm_test,__perm_alpha=0.01,__perm_min_effect=0,__perm_n_perm=200,__perm_post_n=10,__perm_pre_n=500,__perm_rng_seed=0,__perm_stat=vote_score,divergence=0.3,error_rate=0.5,teacher_entropy=0.2",3,0,200,0.0,0,10000,10.0,25.0,200,500,1,72,1.0,0.6236443014705882,0.24774252391674562,0.6666666666666666,0.6866031885147095,0.00043766238377429545,0,0,128,127,-1,perm_test,0.004975124378109453,0.40723602606879333,127,127,0,0.0,0.16666666666666663,0,0.0,0.0,0.0,0.0,0,none,0,1,0,overconfident,0.95,0,mild_drift,0.9637330645276654,0.0012403225805053266,0.8237903226389097,0.8660685484028282,1768220041.3201065,0.7031288743019104,0.0017456293571740389
681,43584,43583,sine_abrupt4,sine,ts_drift_adapt,5,"error_divergence_ph_meta@error.threshold=0.10,error.min_instances=5",error_divergence_ph_meta,"{""divergence"": {""alpha"": 0.1, ""delta"": 0.005, ""min_instances"": 30, ""threshold"": 0.05}, ""error_rate"": {""alpha"": 0.15, ""delta"": 0.005, ""min_instances"": 5, ""threshold"": 0.1}}","{""error_rate"": {""min_instances"": 5, ""threshold"": 0.1}}",0.1,0.005,0.15,5,0.05,0.005,0.1,30,,,,-1,two_stage,2,0.5,"__confirm_cooldown=200,__confirm_rule=perm_test,__perm_alpha=0.01,__perm_min_effect=0,__perm_n_perm=200,__perm_post_n=10,__perm_pre_n=500,__perm_rng_seed=0,__perm_stat=vote_score,divergence=0.3,error_rate=0.5,teacher_entropy=0.2",3,0,200,0.0,0,10000,10.0,25.0,200,500,1,8,1.0,0.6235086270190896,0.24746444174332105,0.5,0.6875969171524048,0.0003511835529934615,0,0,128,127,-1,perm_test,0.004975124378109453,0.40723602606879333,127,127,0,0.0,0.16666666666666663,0,0.0,0.0,0.0,0.0,0,none,0,1,0,overconfident,0.95,0,mild_drift,0.9620165322638327,0.0012701612902526634,0.8118951613194549,0.8605342742014142,1768220041.3284929,0.6766279339790344,0.0014018667861819267
682,43648,43647,sine_abrupt4,sine,ts_drift_adapt,5,"error_divergence_ph_meta@error.threshold=0.10,error.min_instances=5",error_divergence_ph_meta,"{""divergence"": {""alpha"": 0.1, ""delta"": 0.005, ""min_instances"": 30, ""threshold"": 0.05}, ""error_rate"": {""alpha"": 0.15, ""delta"": 0.005, ""min_instances"": 5, ""threshold"": 0.1}}","{""error_rate"": {""min_instances"": 5, ""threshold"": 0.1}}",0.1,0.005,0.15,5,0.05,0.005,0.1,30,,,,-1,two_stage,2,0.5,"__confirm_cooldown=200,__confirm_rule=perm_test,__perm_alpha=0.01,__perm_min_effect=0,__perm_n_perm=200,__perm_post_n=10,__perm_pre_n=500,__perm_rng_seed=0,__perm_stat=vote_score,divergence=0.3,error_rate=0.5,teacher_entropy=0.2",3,0,200,0.0,0,10000,10.0,25.0,200,500,0,0,1.0,0.623533724340176,0.24752278804645367,0.3333333333333333,0.6874009966850281,0.00040546932723373175,0,0,128,127,-1,perm_test,0.004975124378109453,0.40723602606879333,127,127,0,0.0,0.16666666666666669,0,0.0,0.0,0.0,0.0,0,none,0,1,0,overconfident,0.95,0,mild_drift,0.9611582661319162,0.0012850806451263318,0.8059475806597275,0.8577671371007071,1768220041.3368614,0.6708602905273438,0.001618147362023592
683,43712,43711,sine_abrupt4,sine,ts_drift_adapt,5,"error_divergence_ph_meta@error.threshold=0.10,error.min_instances=5",error_divergence_ph_meta,"{""divergence"": {""alpha"": 0.1, ""delta"": 0.005, ""min_instances"": 30, ""threshold"": 0.05}, ""error_rate"": {""alpha"": 0.15, ""delta"": 0.005, ""min_instances"": 5, ""threshold"": 0.1}}","{""error_rate"": {""min_instances"": 5, ""threshold"": 0.1}}",0.1,0.005,0.15,5,0.05,0.005,0.1,30,,,,-1,two_stage,2,0.5,"__confirm_cooldown=200,__confirm_rule=perm_test,__perm_alpha=0.01,__perm_min_effect=0,__perm_n_perm=200,__perm_post_n=10,__perm_pre_n=500,__perm_rng_seed=0,__perm_stat=vote_score,divergence=0.3,error_rate=0.5,teacher_entropy=0.2",3,0,200,0.0,0,10000,10.0,25.0,200,500,0,0,1.0,0.6233071010248902,0.24705370376924024,0.3333333333333333,0.6858214735984802,0.0005621885065920651,1,1,129,128,0,perm_test,0.004975124378109453,0.40275204085380323,128,128,0,0.3333333333333333,0.00015671917935833335,1,0.5,0.0,0.0,0.0,0,none,1,1,0,overconfident,0.95,0,severe_drift,0.9260791330659581,0.001642540322563166,0.6529737903298638,0.8338835685503536,1768220041.351521,0.6679120063781738,0.0022417809814214706
684,43776,43775,sine_abrupt4,sine,ts_drift_adapt,5,"error_divergence_ph_meta@error.threshold=0.10,error.min_instances=5",error_divergence_ph_meta,"{""divergence"": {""alpha"": 0.1, ""delta"": 0.005, ""min_instances"": 30, ""threshold"": 0.05}, ""error_rate"": {""alpha"": 0.15, ""delta"": 0.005, ""min_instances"": 5, ""threshold"": 0.1}}","{""error_rate"": {""min_instances"": 5, ""threshold"": 0.1}}",0.1,0.005,0.15,5,0.05,0.005,0.1,30,,,,-1,two_stage,2,0.5,"__confirm_cooldown=200,__confirm_rule=perm_test,__perm_alpha=0.01,__perm_min_effect=0,__perm_n_perm=200,__perm_post_n=10,__perm_pre_n=500,__perm_rng_seed=0,__perm_stat=vote_score,divergence=0.3,error_rate=0.5,teacher_entropy=0.2",3,0,200,0.0,0,10000,10.0,25.0,200,500,1,136,1.0,0.6232410453216374,0.24692030882195723,0.5,0.6878151893615723,0.0003534867719281465,0,0,129,128,-1,perm_test,0.004975124378109453,0.40275204085380323,128,128,0,0.0,0.16666666666666669,0,0.0,0.0,0.0,0.0,0,none,0,1,0,overconfident,0.95,0,mild_drift,0.943189566532979,0.001471270161281583,0.7264868951649319,0.8444417842751768,1768220041.3598225,0.6880640983581543,0.0014107073657214642
685,43840,43839,sine_abrupt4,sine,ts_drift_adapt,5,"error_divergence_ph_meta@error.threshold=0.10,error.min_instances=5",error_divergence_ph_meta,"{""divergence"": {""alpha"": 0.1, ""delta"": 0.005, ""min_instances"": 30, ""threshold"": 0.05}, ""error_rate"": {""alpha"": 0.15, ""delta"": 0.005, ""min_instances"": 5, ""threshold"": 0.1}}","{""error_rate"": {""min_instances"": 5, ""threshold"": 0.1}}",0.1,0.005,0.15,5,0.05,0.005,0.1,30,,,,-1,two_stage,2,0.5,"__confirm_cooldown=200,__confirm_rule=perm_test,__perm_alpha=0.01,__perm_min_effect=0,__perm_n_perm=200,__perm_post_n=10,__perm_pre_n=500,__perm_rng_seed=0,__perm_stat=vote_score,divergence=0.3,error_rate=0.5,teacher_entropy=0.2",3,0,200,0.0,0,10000,10.0,25.0,200,500,1,72,1.0,0.6231295620437957,0.246691594927551,0.6666666666666666,0.6872546672821045,0.0003936337598133832,0,0,129,128,-1,perm_test,0.004975124378109453,0.40275204085380323,128,128,0,0.0,0.16666666666666663,0,0.0,0.0,0.0,0.0,0,none,0,1,0,overconfident,0.95,0,mild_drift,0.9517447832664895,0.0013856350806407914,0.763243447582466,0.8497208921375884,1768220041.3680694,0.7066226005554199,0.001571143977344036
686,43904,43903,sine_abrupt4,sine,ts_drift_adapt,5,"error_divergence_ph_meta@error.threshold=0.10,error.min_instances=5",error_divergence_ph_meta,"{""divergence"": {""alpha"": 0.1, ""delta"": 0.005, ""min_instances"": 30, ""threshold"": 0.05}, ""error_rate"": {""alpha"": 0.15, ""delta"": 0.005, ""min_instances"": 5, ""threshold"": 0.1}}","{""error_rate"": {""min_instances"": 5, ""threshold"": 0.1}}",0.1,0.005,0.15,5,0.05,0.005,0.1,30,,,,-1,two_stage,2,0.5,"__confirm_cooldown=200,__confirm_rule=perm_test,__perm_alpha=0.01,__perm_min_effect=0,__perm_n_perm=200,__perm_post_n=10,__perm_pre_n=500,__perm_rng_seed=0,__perm_stat=vote_score,divergence=0.3,error_rate=0.5,teacher_entropy=0.2",3,0,200,0.0,0,10000,10.0,25.0,200,500,1,8,1.0,0.6230639577259475,0.24655822551095533,0.5,0.6877727508544922,0.00034776260145008564,0,0,129,128,-1,perm_test,0.004975124378109453,0.40275204085380323,128,128,0,0.0,0.16666666666666663,0,0.0,0.0,0.0,0.0,0,none,0,1,0,overconfident,0.95,0,mild_drift,0.9560223916332447,0.0013428175403203957,0.7816217237912331,0.8523604460687941,1768220041.3763723,0.6849501729011536,0.0013883812353014946
687,43968,43967,sine_abrupt4,sine,ts_drift_adapt,5,"error_divergence_ph_meta@error.threshold=0.10,error.min_instances=5",error_divergence_ph_meta,"{""divergence"": {""alpha"": 0.1, ""delta"": 0.005, ""min_instances"": 30, ""threshold"": 0.05}, ""error_rate"": {""alpha"": 0.15, ""delta"": 0.005, ""min_instances"": 5, ""threshold"": 0.1}}","{""error_rate"": {""min_instances"": 5, ""threshold"": 0.1}}",0.1,0.005,0.15,5,0.05,0.005,0.1,30,,,,-1,two_stage,2,0.5,"__confirm_cooldown=200,__confirm_rule=perm_test,__perm_alpha=0.01,__perm_min_effect=0,__perm_n_perm=200,__perm_post_n=10,__perm_pre_n=500,__perm_rng_seed=0,__perm_stat=vote_score,divergence=0.3,error_rate=0.5,teacher_entropy=0.2",3,0,200,0.0,0,10000,10.0,25.0,200,500,0,0,1.0,0.6229985443959243,0.246424749567711,0.5,0.68790203332901,0.00032826641108840704,0,0,129,128,-1,perm_test,0.004975124378109453,0.40275204085380323,128,128,0,0.0,1.94961903616786e-05,0,0.0,0.0,0.0,0.0,0,none,0,1,0,overconfident,0.95,0,mild_drift,0.9581611958166223,0.0013214087701601978,0.7908108618956166,0.8536802230343971,1768220041.3846438,0.6817743182182312,0.0013108736602589488
688,44032,44031,sine_abrupt4,sine,ts_drift_adapt,5,"error_divergence_ph_meta@error.threshold=0.10,error.min_instances=5",error_divergence_ph_meta,"{""divergence"": {""alpha"": 0.1, ""delta"": 0.005, ""min_instances"": 30, ""threshold"": 0.05}, ""error_rate"": {""alpha"": 0.15, ""delta"": 0.005, ""min_instances"": 5, ""threshold"": 0.1}}","{""error_rate"": {""min_instances"": 5, ""threshold"": 0.1}}",0.1,0.005,0.15,5,0.05,0.005,0.1,30,,,,-1,two_stage,2,0.5,"__confirm_cooldown=200,__confirm_rule=perm_test,__perm_alpha=0.01,__perm_min_effect=0,__perm_n_perm=200,__perm_post_n=10,__perm_pre_n=500,__perm_rng_seed=0,__perm_stat=vote_score,divergence=0.3,error_rate=0.5,teacher_entropy=0.2",3,0,200,0.0,0,10000,10.0,25.0,200,500,0,0,1.0,0.6229106104651163,0.24624392866189176,0.16666666666666666,0.6885138154029846,0.00038029905408620834,1,1,130,129,0,perm_test,0.004975124378109453,0.42890473820739183,129,129,0,0.16666666666666666,0.33333333333333337,1,0.5,0.0,0.0,0.0,0,none,1,1,0,overconfident,0.95,0,severe_drift,0.9245805979083112,0.001660704385080099,0.6454054309478083,0.8318401115171985,1768220041.3994079,0.6292926669120789,0.0015185110969468951
689,44096,44095,sine_abrupt4,sine,ts_drift_adapt,5,"error_divergence_ph_meta@error.threshold=0.10,error.min_instances=5",error_divergence_ph_meta,"{""divergence"": {""alpha"": 0.1, ""delta"": 0.005, ""min_instances"": 30, ""threshold"": 0.05}, ""error_rate"": {""alpha"": 0.15, ""delta"": 0.005, ""min_instances"": 5, ""threshold"": 0.1}}","{""error_rate"": {""min_instances"": 5, ""threshold"": 0.1}}",0.1,0.005,0.15,5,0.05,0.005,0.1,30,,,,-1,two_stage,2,0.5,"__confirm_cooldown=200,__confirm_rule=perm_test,__perm_alpha=0.01,__perm_min_effect=0,__perm_n_perm=200,__perm_post_n=10,__perm_pre_n=500,__perm_rng_seed=0,__perm_stat=vote_score,divergence=0.3,error_rate=0.5,teacher_entropy=0.2",3,0,200,0.0,0,10000,10.0,25.0,200,500,1,136,1.0,0.6228002539912917,0.24601612529193698,0.5,0.688732385635376,0.00030244412482716143,0,0,130,129,-1,perm_test,0.004975124378109453,0.42890473820739183,129,129,0,0.0,0.33333333333333337,0,0.0,0.0,0.0,0.0,0,none,0,1,0,overconfident,0.95,0,mild_drift,0.9424402989541556,0.0014803521925400495,0.7227027154739042,0.8434200557585992,1768220041.4077277,0.6759448051452637,0.001208083936944604
690,44160,44159,sine_abrupt4,sine,ts_drift_adapt,5,"error_divergence_ph_meta@error.threshold=0.10,error.min_instances=5",error_divergence_ph_meta,"{""divergence"": {""alpha"": 0.1, ""delta"": 0.005, ""min_instances"": 30, ""threshold"": 0.05}, ""error_rate"": {""alpha"": 0.15, ""delta"": 0.005, ""min_instances"": 5, ""threshold"": 0.1}}","{""error_rate"": {""min_instances"": 5, ""threshold"": 0.1}}",0.1,0.005,0.15,5,0.05,0.005,0.1,30,,,,-1,two_stage,2,0.5,"__confirm_cooldown=200,__confirm_rule=perm_test,__perm_alpha=0.01,__perm_min_effect=0,__perm_n_perm=200,__perm_post_n=10,__perm_pre_n=500,__perm_rng_seed=0,__perm_stat=vote_score,divergence=0.3,error_rate=0.5,teacher_entropy=0.2",3,0,200,0.0,0,10000,10.0,25.0,200,500,1,72,1.0,0.6226675724637681,0.24574169830605225,0.3333333333333333,0.6892839074134827,0.00029510215972550213,0,0,130,129,-1,perm_test,0.004975124378109453,0.42890473820739183,129,129,0,0.0,0.16666666666666669,0,0.0,0.0,0.0,0.0,0,none,0,1,0,overconfident,0.95,0,mild_drift,0.9513701494770778,0.0013901760962700248,0.7613513577369522,0.8492100278792996,1768220041.4159508,0.6586236953735352,0.001178841688670218
691,44224,44223,sine_abrupt4,sine,ts_drift_adapt,5,"error_divergence_ph_meta@error.threshold=0.10,error.min_instances=5",error_divergence_ph_meta,"{""divergence"": {""alpha"": 0.1, ""delta"": 0.005, ""min_instances"": 30, ""threshold"": 0.05}, ""error_rate"": {""alpha"": 0.15, ""delta"": 0.005, ""min_instances"": 5, ""threshold"": 0.1}}","{""error_rate"": {""min_instances"": 5, ""threshold"": 0.1}}",0.1,0.005,0.15,5,0.05,0.005,0.1,30,,,,-1,two_stage,2,0.5,"__confirm_cooldown=200,__confirm_rule=perm_test,__perm_alpha=0.01,__perm_min_effect=0,__perm_n_perm=200,__perm_post_n=10,__perm_pre_n=500,__perm_rng_seed=0,__perm_stat=vote_score,divergence=0.3,error_rate=0.5,teacher_entropy=0.2",3,0,200,0.0,0,10000,10.0,25.0,200,500,1,8,1.0,0.6226257235890015,0.24565541773811142,0.3333333333333333,0.6889926195144653,0.00022934985463507473,0,0,130,129,-1,perm_test,0.004975124378109453,0.42890473820739183,129,129,0,0.0,6.57523050904274e-05,0,0.0,0.0,0.0,0.0,0,none,0,1,0,overconfident,0.95,0,mild_drift,0.9558350747385389,0.0013450880481350124,0.7806756788684761,0.8521050139396498,1768220041.4242418,0.6697106957435608,0.000916323799174279
692,44288,44287,sine_abrupt4,sine,ts_drift_adapt,5,"error_divergence_ph_meta@error.threshold=0.10,error.min_instances=5",error_divergence_ph_meta,"{""divergence"": {""alpha"": 0.1, ""delta"": 0.005, ""min_instances"": 30, ""threshold"": 0.05}, ""error_rate"": {""alpha"": 0.15, ""delta"": 0.005, ""min_instances"": 5, ""threshold"": 0.1}}","{""error_rate"": {""min_instances"": 5, ""threshold"": 0.1}}",0.1,0.005,0.15,5,0.05,0.005,0.1,30,,,,-1,two_stage,2,0.5,"__confirm_cooldown=200,__confirm_rule=perm_test,__perm_alpha=0.01,__perm_min_effect=0,__perm_n_perm=200,__perm_post_n=10,__perm_pre_n=500,__perm_rng_seed=0,__perm_stat=vote_score,divergence=0.3,error_rate=0.5,teacher_entropy=0.2",3,0,200,0.0,0,10000,10.0,25.0,200,500,0,0,1.0,0.6225388367052023,0.24547527408918157,0.5,0.6889303922653198,0.00020317106100264937,0,0,130,129,-1,perm_test,0.004975124378109453,0.42890473820739183,129,129,0,0.0,0.16666666666666669,0,0.0,0.0,0.0,0.0,0,none,0,1,0,overconfident,0.95,0,mild_drift,0.9580675373692694,0.0013225440240675064,0.7903378394342381,0.8535525069698249,1768220041.4325697,0.6920831203460693,0.000811873294878751
693,44352,44351,sine_abrupt4,sine,ts_drift_adapt,5,"error_divergence_ph_meta@error.threshold=0.10,error.min_instances=5",error_divergence_ph_meta,"{""divergence"": {""alpha"": 0.1, ""delta"": 0.005, ""min_instances"": 30, ""threshold"": 0.05}, ""error_rate"": {""alpha"": 0.15, ""delta"": 0.005, ""min_instances"": 5, ""threshold"": 0.1}}","{""error_rate"": {""min_instances"": 5, ""threshold"": 0.1}}",0.1,0.005,0.15,5,0.05,0.005,0.1,30,,,,-1,two_stage,2,0.5,"__confirm_cooldown=200,__confirm_rule=perm_test,__perm_alpha=0.01,__perm_min_effect=0,__perm_n_perm=200,__perm_post_n=10,__perm_pre_n=500,__perm_rng_seed=0,__perm_stat=vote_score,divergence=0.3,error_rate=0.5,teacher_entropy=0.2",3,0,200,0.0,0,10000,10.0,25.0,200,500,0,0,1.0,0.6224972943722944,0.24538736941400696,0.6666666666666666,0.6891939043998718,0.00017107943131122738,1,1,131,130,0,perm_test,0.004975124378109453,0.44117779924373707,130,130,0,0.5,0.16666666666666663,1,0.5,0.0,0.0,0.0,0,none,1,1,0,overconfident,0.95,0,severe_drift,0.9245337686846347,0.0016612720120337532,0.6451689197171191,0.8317762534849125,1768220041.447197,0.7074231505393982,0.0006839119014330208
694,44416,44415,sine_abrupt4,sine,ts_drift_adapt,5,"error_divergence_ph_meta@error.threshold=0.10,error.min_instances=5",error_divergence_ph_meta,"{""divergence"": {""alpha"": 0.1, ""delta"": 0.005, ""min_instances"": 30, ""threshold"": 0.05}, ""error_rate"": {""alpha"": 0.15, ""delta"": 0.005, ""min_instances"": 5, ""threshold"": 0.1}}","{""error_rate"": {""min_instances"": 5, ""threshold"": 0.1}}",0.1,0.005,0.15,5,0.05,0.005,0.1,30,,,,-1,two_stage,2,0.5,"__confirm_cooldown=200,__confirm_rule=perm_test,__perm_alpha=0.01,__perm_min_effect=0,__perm_n_perm=200,__perm_post_n=10,__perm_pre_n=500,__perm_rng_seed=0,__perm_stat=vote_score,divergence=0.3,error_rate=0.5,teacher_entropy=0.2",3,0,200,0.0,0,10000,10.0,25.0,200,500,1,136,1.0,0.622455871757925,0.24530039000323192,0.0,0.6897278428077698,0.0001776079589035362,0,0,131,130,-1,perm_test,0.004975124378109453,0.44117779924373707,130,130,0,0.0,0.6666666666666666,0,0.0,0.0,0.0,0.0,0,none,0,1,0,overconfident,0.95,0,mild_drift,0.9424168843423173,0.0014806360060168767,0.7225844598585596,0.8433881267424562,1768220041.4555523,0.6078991293907166,0.0007097705383785069
695,44480,44479,sine_abrupt4,sine,ts_drift_adapt,5,"error_divergence_ph_meta@error.threshold=0.10,error.min_instances=5",error_divergence_ph_meta,"{""divergence"": {""alpha"": 0.1, ""delta"": 0.005, ""min_instances"": 30, ""threshold"": 0.05}, ""error_rate"": {""alpha"": 0.15, ""delta"": 0.005, ""min_instances"": 5, ""threshold"": 0.1}}","{""error_rate"": {""min_instances"": 5, ""threshold"": 0.1}}",0.1,0.005,0.15,5,0.05,0.005,0.1,30,,,,-1,two_stage,2,0.5,"__confirm_cooldown=200,__confirm_rule=perm_test,__perm_alpha=0.01,__perm_min_effect=0,__perm_n_perm=200,__perm_post_n=10,__perm_pre_n=500,__perm_rng_seed=0,__perm_stat=vote_score,divergence=0.3,error_rate=0.5,teacher_entropy=0.2",3,0,200,0.0,0,10000,10.0,25.0,200,500,1,72,1.0,0.6222796762589928,0.24493461246337428,0.6666666666666666,0.688892126083374,0.0001589188032085076,0,0,131,130,-1,perm_test,0.004975124378109453,0.44117779924373707,130,130,0,0.0,0.6666666666666666,0,0.0,0.0,0.0,0.0,0,none,0,1,0,overconfident,0.95,0,mild_drift,0.9513584421711586,0.0013903180030084383,0.7612922299292798,0.849194063371228,1768220041.4639606,0.6935098171234131,0.0006355108926072717
696,44544,44543,sine_abrupt4,sine,ts_drift_adapt,5,"error_divergence_ph_meta@error.threshold=0.10,error.min_instances=5",error_divergence_ph_meta,"{""divergence"": {""alpha"": 0.1, ""delta"": 0.005, ""min_instances"": 30, ""threshold"": 0.05}, ""error_rate"": {""alpha"": 0.15, ""delta"": 0.005, ""min_instances"": 5, ""threshold"": 0.1}}","{""error_rate"": {""min_instances"": 5, ""threshold"": 0.1}}",0.1,0.005,0.15,5,0.05,0.005,0.1,30,,,,-1,two_stage,2,0.5,"__confirm_cooldown=200,__confirm_rule=perm_test,__perm_alpha=0.01,__perm_min_effect=0,__perm_n_perm=200,__perm_post_n=10,__perm_pre_n=500,__perm_rng_seed=0,__perm_stat=vote_score,divergence=0.3,error_rate=0.5,teacher_entropy=0.2",3,0,200,0.0,0,10000,10.0,25.0,200,500,1,8,1.0,0.6220815373563219,0.24452361357784783,0.16666666666666666,0.6897979974746704,0.0002006443974096328,0,0,131,130,-1,perm_test,0.004975124378109453,0.44117779924373707,130,130,0,0.0,0.5,0,0.0,0.0,0.0,0.0,0,none,0,1,0,overconfident,0.95,0,mild_drift,0.9558292210855792,0.0013451590015042193,0.78064611496464,0.852097031685614,1768220041.47235,0.6182558536529541,0.0008025112911127508
697,44608,44607,sine_abrupt4,sine,ts_drift_adapt,5,"error_divergence_ph_meta@error.threshold=0.10,error.min_instances=5",error_divergence_ph_meta,"{""divergence"": {""alpha"": 0.1, ""delta"": 0.005, ""min_instances"": 30, ""threshold"": 0.05}, ""error_rate"": {""alpha"": 0.15, ""delta"": 0.005, ""min_instances"": 5, ""threshold"": 0.1}}","{""error_rate"": {""min_instances"": 5, ""threshold"": 0.1}}",0.1,0.005,0.15,5,0.05,0.005,0.1,30,,,,-1,two_stage,2,0.5,"__confirm_cooldown=200,__confirm_rule=perm_test,__perm_alpha=0.01,__perm_min_effect=0,__perm_n_perm=200,__perm_post_n=10,__perm_pre_n=500,__perm_rng_seed=0,__perm_stat=vote_score,divergence=0.3,error_rate=0.5,teacher_entropy=0.2",3,0,200,0.0,0,10000,10.0,25.0,200,500,0,0,1.0,0.6219512195121951,0.24425245970446519,0.6666666666666666,0.6895257234573364,0.00016482154023833573,0,0,131,130,-1,perm_test,0.004975124378109453,0.44117779924373707,130,130,0,0.0,0.5,0,0.0,0.0,0.0,0.0,0,none,0,1,0,overconfident,0.95,0,mild_drift,0.9580646105427896,0.0013225795007521099,0.79032305748232,0.853548515842807,1768220041.480712,0.7189309000968933,0.0006604883237741888
698,44672,44671,sine_abrupt4,sine,ts_drift_adapt,5,"error_divergence_ph_meta@error.threshold=0.10,error.min_instances=5",error_divergence_ph_meta,"{""divergence"": {""alpha"": 0.1, ""delta"": 0.005, ""min_instances"": 30, ""threshold"": 0.05}, ""error_rate"": {""alpha"": 0.15, ""delta"": 0.005, ""min_instances"": 5, ""threshold"": 0.1}}","{""error_rate"": {""min_instances"": 5, ""threshold"": 0.1}}",0.1,0.005,0.15,5,0.05,0.005,0.1,30,,,,-1,two_stage,2,0.5,"__confirm_cooldown=200,__confirm_rule=perm_test,__perm_alpha=0.01,__perm_min_effect=0,__perm_n_perm=200,__perm_post_n=10,__perm_pre_n=500,__perm_rng_seed=0,__perm_stat=vote_score,divergence=0.3,error_rate=0.5,teacher_entropy=0.2",3,0,200,0.0,0,10000,10.0,25.0,200,500,0,0,1.0,0.6218436604584527,0.24402797563755727,0.6666666666666666,0.6893734335899353,0.00020375489839352667,1,1,132,131,0,perm_test,0.004975124378109453,0.4260147651432023,131,131,0,0.0,3.8933358155190945e-05,1,0.5,0.0,0.0,0.0,0,none,1,1,0,overconfident,0.95,0,stable,0.9740323052713948,0.001061289750376055,0.8951615287411601,0.8992742579214035,1768220041.4954467,0.6904839873313904,0.0008167840423993766
699,44736,44735,sine_abrupt4,sine,ts_drift_adapt,5,"error_divergence_ph_meta@error.threshold=0.10,error.min_instances=5",error_divergence_ph_meta,"{""divergence"": {""alpha"": 0.1, ""delta"": 0.005, ""min_instances"": 30, ""threshold"": 0.05}, ""error_rate"": {""alpha"": 0.15, ""delta"": 0.005, ""min_instances"": 5, ""threshold"": 0.1}}","{""error_rate"": {""min_instances"": 5, ""threshold"": 0.1}}",0.1,0.005,0.15,5,0.05,0.005,0.1,30,,,,-1,two_stage,2,0.5,"__confirm_cooldown=200,__confirm_rule=perm_test,__perm_alpha=0.01,__perm_min_effect=0,__perm_n_perm=200,__perm_post_n=10,__perm_pre_n=500,__perm_rng_seed=0,__perm_stat=vote_score,divergence=0.3,error_rate=0.5,teacher_entropy=0.2",3,0,200,0.0,0,10000,10.0,25.0,200,500,1,136,1.0,0.6216693490701002,0.24366601271942664,0.6666666666666666,0.6891840100288391,0.0001626065350137651,0,0,132,131,-1,perm_test,0.004975124378109453,0.4260147651432023,131,131,0,0.0,4.114836337976158e-05,0,0.0,0.0,0.0,0.0,0,none,0,1,0,overconfident,0.95,0,mild_drift,0.9671661526356974,0.0011806448751880275,0.84758076437058,0.8771371289607017,1768220041.503795,0.7022479176521301,0.0006509839440695941
700,44800,44799,sine_abrupt4,sine,ts_drift_adapt,5,"error_divergence_ph_meta@error.threshold=0.10,error.min_instances=5",error_divergence_ph_meta,"{""divergence"": {""alpha"": 0.1, ""delta"": 0.005, ""min_instances"": 30, ""threshold"": 0.05}, ""error_rate"": {""alpha"": 0.15, ""delta"": 0.005, ""min_instances"": 5, ""threshold"": 0.1}}","{""error_rate"": {""min_instances"": 5, ""threshold"": 0.1}}",0.1,0.005,0.15,5,0.05,0.005,0.1,30,,,,-1,two_stage,2,0.5,"__confirm_cooldown=200,__confirm_rule=perm_test,__perm_alpha=0.01,__perm_min_effect=0,__perm_n_perm=200,__perm_post_n=10,__perm_pre_n=500,__perm_rng_seed=0,__perm_stat=vote_score,divergence=0.3,error_rate=0.5,teacher_entropy=0.2",3,0,200,0.0,0,10000,10.0,25.0,200,500,1,72,1.0,0.6216517857142857,0.24362595898020692,0.5,0.6890390515327454,0.00015171333507169038,0,0,132,131,-1,perm_test,0.004975124378109453,0.4260147651432023,131,131,0,0.0,0.16666666666666663,0,0.0,0.0,0.0,0.0,0,none,0,1,0,overconfident,0.95,0,mild_drift,0.9637330763178487,0.0012403224375940138,0.8237903821852901,0.8660685644803509,1768220041.512084,0.6698349118232727,0.0006081348983570933
701,44864,44863,sine_abrupt4,sine,ts_drift_adapt,5,"error_divergence_ph_meta@error.threshold=0.10,error.min_instances=5",error_divergence_ph_meta,"{""divergence"": {""alpha"": 0.1, ""delta"": 0.005, ""min_instances"": 30, ""threshold"": 0.05}, ""error_rate"": {""alpha"": 0.15, ""delta"": 0.005, ""min_instances"": 5, ""threshold"": 0.1}}","{""error_rate"": {""min_instances"": 5, ""threshold"": 0.1}}",0.1,0.005,0.15,5,0.05,0.005,0.1,30,,,,-1,two_stage,2,0.5,"__confirm_cooldown=200,__confirm_rule=perm_test,__perm_alpha=0.01,__perm_min_effect=0,__perm_n_perm=200,__perm_post_n=10,__perm_pre_n=500,__perm_rng_seed=0,__perm_stat=vote_score,divergence=0.3,error_rate=0.5,teacher_entropy=0.2",3,0,200,0.0,0,10000,10.0,25.0,200,500,1,8,1.0,0.6214336661911555,0.24317386828888646,0.6666666666666666,0.6893138289451599,0.0001446462847525254,0,0,132,131,-1,perm_test,0.004975124378109453,0.4260147651432023,131,131,0,0.0,0.16666666666666663,0,0.0,0.0,0.0,0.0,0,none,0,1,0,overconfident,0.95,0,mild_drift,0.9620165381589243,0.001270161218797007,0.8118951910926451,0.8605342822401754,1768220041.520369,0.6815206408500671,0.0005785858957096934
702,44928,44927,sine_abrupt4,sine,ts_drift_adapt,5,"error_divergence_ph_meta@error.threshold=0.10,error.min_instances=5",error_divergence_ph_meta,"{""divergence"": {""alpha"": 0.1, ""delta"": 0.005, ""min_instances"": 30, ""threshold"": 0.05}, ""error_rate"": {""alpha"": 0.15, ""delta"": 0.005, ""min_instances"": 5, ""threshold"": 0.1}}","{""error_rate"": {""min_instances"": 5, ""threshold"": 0.1}}",0.1,0.005,0.15,5,0.05,0.005,0.1,30,,,,-1,two_stage,2,0.5,"__confirm_cooldown=200,__confirm_rule=perm_test,__perm_alpha=0.01,__perm_min_effect=0,__perm_n_perm=200,__perm_post_n=10,__perm_pre_n=500,__perm_rng_seed=0,__perm_stat=vote_score,divergence=0.3,error_rate=0.5,teacher_entropy=0.2",3,0,200,0.0,0,10000,10.0,25.0,200,500,0,0,1.0,0.6212384259259259,0.24276817445162113,0.5,0.6894923448562622,0.000224494026042521,0,0,132,131,-1,perm_test,0.004975124378109453,0.4260147651432023,131,131,0,0.0,0.16666666666666663,0,0.0,0.0,0.0,0.0,0,none,0,1,0,overconfident,0.95,0,mild_drift,0.9611582690794621,0.0012850806093985035,0.8059475955463226,0.8577671411200877,1768220041.528601,0.6663758754730225,0.0008996170363388956
703,44992,44991,sine_abrupt4,sine,ts_drift_adapt,5,"error_divergence_ph_meta@error.threshold=0.10,error.min_instances=5",error_divergence_ph_meta,"{""divergence"": {""alpha"": 0.1, ""delta"": 0.005, ""min_instances"": 30, ""threshold"": 0.05}, ""error_rate"": {""alpha"": 0.15, ""delta"": 0.005, ""min_instances"": 5, ""threshold"": 0.1}}","{""error_rate"": {""min_instances"": 5, ""threshold"": 0.1}}",0.1,0.005,0.15,5,0.05,0.005,0.1,30,,,,-1,two_stage,2,0.5,"__confirm_cooldown=200,__confirm_rule=perm_test,__perm_alpha=0.01,__perm_min_effect=0,__perm_n_perm=200,__perm_post_n=10,__perm_pre_n=500,__perm_rng_seed=0,__perm_stat=vote_score,divergence=0.3,error_rate=0.5,teacher_entropy=0.2",3,0,200,0.0,0,10000,10.0,25.0,200,500,0,0,1.0,0.6209992887624467,0.24227217076036675,0.5,0.6888999342918396,0.00026515612262301147,1,1,133,132,0,perm_test,0.004975124378109453,0.41973999668765727,132,132,0,0.16666666666666663,4.066209658049047e-05,1,0.5,0.0,0.0,0.0,0,none,1,1,0,overconfident,0.95,0,severe_drift,0.926079134539731,0.0016425403046992518,0.6529737977731613,0.8338835705600438,1768220041.5434127,0.6703293323516846,0.0010601637186482549
704,45056,45055,sine_abrupt4,sine,ts_drift_adapt,5,"error_divergence_ph_meta@error.threshold=0.10,error.min_instances=5",error_divergence_ph_meta,"{""divergence"": {""alpha"": 0.1, ""delta"": 0.005, ""min_instances"": 30, ""threshold"": 0.05}, ""error_rate"": {""alpha"": 0.15, ""delta"": 0.005, ""min_instances"": 5, ""threshold"": 0.1}}","{""error_rate"": {""min_instances"": 5, ""threshold"": 0.1}}",0.1,0.005,0.15,5,0.05,0.005,0.1,30,,,,-1,two_stage,2,0.5,"__confirm_cooldown=200,__confirm_rule=perm_test,__perm_alpha=0.01,__perm_min_effect=0,__perm_n_perm=200,__perm_post_n=10,__perm_pre_n=500,__perm_rng_seed=0,__perm_stat=vote_score,divergence=0.3,error_rate=0.5,teacher_entropy=0.2",3,0,200,0.0,0,10000,10.0,25.0,200,500,1,136,1.0,0.6208718039772727,0.2420062654986719,0.3333333333333333,0.6899054050445557,0.0001897723414003849,0,0,133,132,-1,perm_test,0.004975124378109453,0.41973999668765727,132,132,0,0.0,0.16666666666666669,0,0.0,0.0,0.0,0.0,0,none,0,1,0,overconfident,0.95,0,mild_drift,0.9431895672698655,0.001471270152349626,0.7264868988865807,0.8444417852800219,1768220041.551799,0.624255895614624,0.0007593019981868565
705,45120,45119,sine_abrupt4,sine,ts_drift_adapt,5,"error_divergence_ph_meta@error.threshold=0.10,error.min_instances=5",error_divergence_ph_meta,"{""divergence"": {""alpha"": 0.1, ""delta"": 0.005, ""min_instances"": 30, ""threshold"": 0.05}, ""error_rate"": {""alpha"": 0.15, ""delta"": 0.005, ""min_instances"": 5, ""threshold"": 0.1}}","{""error_rate"": {""min_instances"": 5, ""threshold"": 0.1}}",0.1,0.005,0.15,5,0.05,0.005,0.1,30,,,,-1,two_stage,2,0.5,"__confirm_cooldown=200,__confirm_rule=perm_test,__perm_alpha=0.01,__perm_min_effect=0,__perm_n_perm=200,__perm_post_n=10,__perm_pre_n=500,__perm_rng_seed=0,__perm_stat=vote_score,divergence=0.3,error_rate=0.5,teacher_entropy=0.2",3,0,200,0.0,0,10000,10.0,25.0,200,500,1,72,1.0,0.620877659574468,0.2420108845525618,0.0,0.6895264387130737,0.00025743868900462985,0,0,133,132,-1,perm_test,0.004975124378109453,0.41973999668765727,132,132,0,0.0,0.3333333333333333,0,0.0,0.0,0.0,0.0,0,none,0,1,0,overconfident,0.95,0,mild_drift,0.9517447836349326,0.001385635076174813,0.7632434494432904,0.8497208926400109,1768220041.5601428,0.5845556855201721,0.0010307980701327324
706,45184,45183,sine_abrupt4,sine,ts_drift_adapt,5,"error_divergence_ph_meta@error.threshold=0.10,error.min_instances=5",error_divergence_ph_meta,"{""divergence"": {""alpha"": 0.1, ""delta"": 0.005, ""min_instances"": 30, ""threshold"": 0.05}, ""error_rate"": {""alpha"": 0.15, ""delta"": 0.005, ""min_instances"": 5, ""threshold"": 0.1}}","{""error_rate"": {""min_instances"": 5, ""threshold"": 0.1}}",0.1,0.005,0.15,5,0.05,0.005,0.1,30,,,,-1,two_stage,2,0.5,"__confirm_cooldown=200,__confirm_rule=perm_test,__perm_alpha=0.01,__perm_min_effect=0,__perm_n_perm=200,__perm_post_n=10,__perm_pre_n=500,__perm_rng_seed=0,__perm_stat=vote_score,divergence=0.3,error_rate=0.5,teacher_entropy=0.2",3,0,200,0.0,0,10000,10.0,25.0,200,500,1,8,1.0,0.6207285764872521,0.24169834532892043,0.6666666666666666,0.6894763708114624,0.00022369343787431717,0,0,133,132,-1,perm_test,0.004975124378109453,0.41973999668765727,132,132,0,0.0,0.6666666666666666,0,0.0,0.0,0.0,0.0,0,none,0,1,0,overconfident,0.95,0,mild_drift,0.9560223918174663,0.0013428175380874067,0.7816217247216453,0.8523604463200054,1768220041.5684829,0.6900978088378906,0.0008948902832344174
707,45248,45247,sine_abrupt4,sine,ts_drift_adapt,5,"error_divergence_ph_meta@error.threshold=0.10,error.min_instances=5",error_divergence_ph_meta,"{""divergence"": {""alpha"": 0.1, ""delta"": 0.005, ""min_instances"": 30, ""threshold"": 0.05}, ""error_rate"": {""alpha"": 0.15, ""delta"": 0.005, ""min_instances"": 5, ""threshold"": 0.1}}","{""error_rate"": {""min_instances"": 5, ""threshold"": 0.1}}",0.1,0.005,0.15,5,0.05,0.005,0.1,30,,,,-1,two_stage,2,0.5,"__confirm_cooldown=200,__confirm_rule=perm_test,__perm_alpha=0.01,__perm_min_effect=0,__perm_n_perm=200,__perm_post_n=10,__perm_pre_n=500,__perm_rng_seed=0,__perm_stat=vote_score,divergence=0.3,error_rate=0.5,teacher_entropy=0.2",3,0,200,0.0,0,10000,10.0,25.0,200,500,0,0,1.0,0.6207567185289957,0.24174798992226812,0.5,0.6897071599960327,0.0002496085944585502,0,0,133,132,-1,perm_test,0.004975124378109453,0.41973999668765727,132,132,0,0.0,0.16666666666666663,0,0.0,0.0,0.0,0.0,0,none,0,1,0,overconfident,0.95,0,mild_drift,0.958161195908733,0.0013214087690437033,0.7908108623608227,0.8536802231600027,1768220041.576994,0.6751346588134766,0.0010000364854931831
708,45312,45311,sine_abrupt4,sine,ts_drift_adapt,5,"error_divergence_ph_meta@error.threshold=0.10,error.min_instances=5",error_divergence_ph_meta,"{""divergence"": {""alpha"": 0.1, ""delta"": 0.005, ""min_instances"": 30, ""threshold"": 0.05}, ""error_rate"": {""alpha"": 0.15, ""delta"": 0.005, ""min_instances"": 5, ""threshold"": 0.1}}","{""error_rate"": {""min_instances"": 5, ""threshold"": 0.1}}",0.1,0.005,0.15,5,0.05,0.005,0.1,30,,,,-1,two_stage,2,0.5,"__confirm_cooldown=200,__confirm_rule=perm_test,__perm_alpha=0.01,__perm_min_effect=0,__perm_n_perm=200,__perm_post_n=10,__perm_pre_n=500,__perm_rng_seed=0,__perm_stat=vote_score,divergence=0.3,error_rate=0.5,teacher_entropy=0.2",3,0,200,0.0,0,10000,10.0,25.0,200,500,0,0,1.0,0.6208730579096046,0.24197554590421094,0.0,0.6895992755889893,0.00022063076903577894,1,1,134,133,0,perm_test,0.004975124378109453,0.42724868055148024,133,133,0,0.5,0.5,1,0.5,0.0,0.0,0.0,0,none,1,1,0,overconfident,0.95,0,severe_drift,0.9245805979543665,0.0016607043845218517,0.6454054311804114,0.8318401115800014,1768220041.5918922,0.6020774841308594,0.000883732398506254
709,45376,45375,sine_abrupt4,sine,ts_drift_adapt,5,"error_divergence_ph_meta@error.threshold=0.10,error.min_instances=5",error_divergence_ph_meta,"{""divergence"": {""alpha"": 0.1, ""delta"": 0.005, ""min_instances"": 30, ""threshold"": 0.05}, ""error_rate"": {""alpha"": 0.15, ""delta"": 0.005, ""min_instances"": 5, ""threshold"": 0.1}}","{""error_rate"": {""min_instances"": 5, ""threshold"": 0.1}}",0.1,0.005,0.15,5,0.05,0.005,0.1,30,,,,-1,two_stage,2,0.5,"__confirm_cooldown=200,__confirm_rule=perm_test,__perm_alpha=0.01,__perm_min_effect=0,__perm_n_perm=200,__perm_post_n=10,__perm_pre_n=500,__perm_rng_seed=0,__perm_stat=vote_score,divergence=0.3,error_rate=0.5,teacher_entropy=0.2",3,0,200,0.0,0,10000,10.0,25.0,200,500,1,136,1.0,0.6206584978843441,0.24153024152538222,0.5,0.6896947026252747,0.0002986969193443656,0,0,134,133,-1,perm_test,0.004975124378109453,0.42724868055148024,133,133,0,0.0,0.5,0,0.0,0.0,0.0,0.0,0,none,0,1,0,overconfident,0.95,0,mild_drift,0.9424402989771832,0.0014803521922609258,0.7227027155902057,0.8434200557900007,1768220041.6001995,0.660344660282135,0.0011972080683335662
710,45440,45439,sine_abrupt4,sine,ts_drift_adapt,5,"error_divergence_ph_meta@error.threshold=0.10,error.min_instances=5",error_divergence_ph_meta,"{""divergence"": {""alpha"": 0.1, ""delta"": 0.005, ""min_instances"": 30, ""threshold"": 0.05}, ""error_rate"": {""alpha"": 0.15, ""delta"": 0.005, ""min_instances"": 5, ""threshold"": 0.1}}","{""error_rate"": {""min_instances"": 5, ""threshold"": 0.1}}",0.1,0.005,0.15,5,0.05,0.005,0.1,30,,,,-1,two_stage,2,0.5,"__confirm_cooldown=200,__confirm_rule=perm_test,__perm_alpha=0.01,__perm_min_effect=0,__perm_n_perm=200,__perm_post_n=10,__perm_pre_n=500,__perm_rng_seed=0,__perm_stat=vote_score,divergence=0.3,error_rate=0.5,teacher_entropy=0.2",3,0,200,0.0,0,10000,10.0,25.0,200,500,1,72,1.0,0.6205325704225352,0.2412659987298324,0.6666666666666666,0.6889171600341797,0.00025933876167982817,0,0,134,133,-1,perm_test,0.004975124378109453,0.42724868055148024,133,133,0,0.0,0.16666666666666663,0,0.0,0.0,0.0,0.0,0,none,0,1,0,overconfident,0.95,0,mild_drift,0.9513701494885916,0.0013901760961304629,0.7613513577951029,0.8492100278950003,1768220041.6085215,0.6705978512763977,0.0010404391214251518
711,45504,45503,sine_abrupt4,sine,ts_drift_adapt,5,"error_divergence_ph_meta@error.threshold=0.10,error.min_instances=5",error_divergence_ph_meta,"{""divergence"": {""alpha"": 0.1, ""delta"": 0.005, ""min_instances"": 30, ""threshold"": 0.05}, ""error_rate"": {""alpha"": 0.15, ""delta"": 0.005, ""min_instances"": 5, ""threshold"": 0.1}}","{""error_rate"": {""min_instances"": 5, ""threshold"": 0.1}}",0.1,0.005,0.15,5,0.05,0.005,0.1,30,,,,-1,two_stage,2,0.5,"__confirm_cooldown=200,__confirm_rule=perm_test,__perm_alpha=0.01,__perm_min_effect=0,__perm_n_perm=200,__perm_post_n=10,__perm_pre_n=500,__perm_rng_seed=0,__perm_stat=vote_score,divergence=0.3,error_rate=0.5,teacher_entropy=0.2",3,0,200,0.0,0,10000,10.0,25.0,200,500,1,8,1.0,0.6204509493670886,0.2410918084876173,0.3333333333333333,0.6886194944381714,0.00024758276413194835,0,0,134,133,-1,perm_test,0.004975124378109453,0.42724868055148024,133,133,0,0.0,0.3333333333333333,0,0.0,0.0,0.0,0.0,0,none,0,1,0,overconfident,0.95,0,mild_drift,0.9558350747442957,0.0013450880480652314,0.7806756788975515,0.8521050139475002,1768220041.616738,0.6102380156517029,0.0009928037179633975
712,45568,45567,sine_abrupt4,sine,ts_drift_adapt,5,"error_divergence_ph_meta@error.threshold=0.10,error.min_instances=5",error_divergence_ph_meta,"{""divergence"": {""alpha"": 0.1, ""delta"": 0.005, ""min_instances"": 30, ""threshold"": 0.05}, ""error_rate"": {""alpha"": 0.15, ""delta"": 0.005, ""min_instances"": 5, ""threshold"": 0.1}}","{""error_rate"": {""min_instances"": 5, ""threshold"": 0.1}}",0.1,0.005,0.15,5,0.05,0.005,0.1,30,,,,-1,two_stage,2,0.5,"__confirm_cooldown=200,__confirm_rule=perm_test,__perm_alpha=0.01,__perm_min_effect=0,__perm_n_perm=200,__perm_post_n=10,__perm_pre_n=500,__perm_rng_seed=0,__perm_stat=vote_score,divergence=0.3,error_rate=0.5,teacher_entropy=0.2",3,0,200,0.0,0,10000,10.0,25.0,200,500,0,0,1.0,0.6205231741573034,0.2412301857989055,0.3333333333333333,0.6879550218582153,0.000320682127494365,0,0,134,133,-1,perm_test,0.004975124378109453,0.42724868055148024,133,133,0,0.0,7.309936336241663e-05,0,0.0,0.0,0.0,0.0,0,none,0,1,0,overconfident,0.95,0,mild_drift,0.9580675373721479,0.0013225440240326159,0.7903378394487758,0.8535525069737501,1768220041.6251416,0.6220652461051941,0.0012889227364212275
713,45632,45631,sine_abrupt4,sine,ts_drift_adapt,5,"error_divergence_ph_meta@error.threshold=0.10,error.min_instances=5",error_divergence_ph_meta,"{""divergence"": {""alpha"": 0.1, ""delta"": 0.005, ""min_instances"": 30, ""threshold"": 0.05}, ""error_rate"": {""alpha"": 0.15, ""delta"": 0.005, ""min_instances"": 5, ""threshold"": 0.1}}","{""error_rate"": {""min_instances"": 5, ""threshold"": 0.1}}",0.1,0.005,0.15,5,0.05,0.005,0.1,30,,,,-1,two_stage,2,0.5,"__confirm_cooldown=200,__confirm_rule=perm_test,__perm_alpha=0.01,__perm_min_effect=0,__perm_n_perm=200,__perm_post_n=10,__perm_pre_n=500,__perm_rng_seed=0,__perm_stat=vote_score,divergence=0.3,error_rate=0.5,teacher_entropy=0.2",3,0,200,0.0,0,10000,10.0,25.0,200,500,0,0,1.0,0.6204198807854138,0.24101140848405567,0.6666666666666666,0.6887196898460388,0.00039431749610230327,1,1,135,134,0,perm_test,0.004975124378109453,0.4290177143036119,134,134,0,0.6666666666666666,0.3333333333333333,1,0.5,0.0,0.0,0.0,0,none,1,1,0,overconfident,0.95,0,severe_drift,0.924533768686074,0.001661272012016308,0.645168919724388,0.8317762534868751,1768220041.6399162,0.6859763264656067,0.0015845663147047162
714,45696,45695,sine_abrupt4,sine,ts_drift_adapt,5,"error_divergence_ph_meta@error.threshold=0.10,error.min_instances=5",error_divergence_ph_meta,"{""divergence"": {""alpha"": 0.1, ""delta"": 0.005, ""min_instances"": 30, ""threshold"": 0.05}, ""error_rate"": {""alpha"": 0.15, ""delta"": 0.005, ""min_instances"": 5, ""threshold"": 0.1}}","{""error_rate"": {""min_instances"": 5, ""threshold"": 0.1}}",0.1,0.005,0.15,5,0.05,0.005,0.1,30,,,,-1,two_stage,2,0.5,"__confirm_cooldown=200,__confirm_rule=perm_test,__perm_alpha=0.01,__perm_min_effect=0,__perm_n_perm=200,__perm_post_n=10,__perm_pre_n=500,__perm_rng_seed=0,__perm_stat=vote_score,divergence=0.3,error_rate=0.5,teacher_entropy=0.2",3,0,200,0.0,0,10000,10.0,25.0,200,500,1,136,1.0,0.6204481792717087,0.2410586678129229,0.16666666666666666,0.6887258291244507,0.00041714735561981797,0,0,135,134,-1,perm_test,0.004975124378109453,0.4290177143036119,134,134,0,0.0,0.5,0,0.0,0.0,0.0,0.0,0,none,0,1,0,overconfident,0.95,0,mild_drift,0.9424168843430369,0.001480636006008154,0.722584459862194,0.8433881267434375,1768220041.6485543,0.5563457608222961,0.0016767870401963592
715,45760,45759,sine_abrupt4,sine,ts_drift_adapt,5,"error_divergence_ph_meta@error.threshold=0.10,error.min_instances=5",error_divergence_ph_meta,"{""divergence"": {""alpha"": 0.1, ""delta"": 0.005, ""min_instances"": 30, ""threshold"": 0.05}, ""error_rate"": {""alpha"": 0.15, ""delta"": 0.005, ""min_instances"": 5, ""threshold"": 0.1}}","{""error_rate"": {""min_instances"": 5, ""threshold"": 0.1}}",0.1,0.005,0.15,5,0.05,0.005,0.1,30,,,,-1,two_stage,2,0.5,"__confirm_cooldown=200,__confirm_rule=perm_test,__perm_alpha=0.01,__perm_min_effect=0,__perm_n_perm=200,__perm_post_n=10,__perm_pre_n=500,__perm_rng_seed=0,__perm_stat=vote_score,divergence=0.3,error_rate=0.5,teacher_entropy=0.2",3,0,200,0.0,0,10000,10.0,25.0,200,500,1,72,1.0,0.6204326923076923,0.24101736834493565,0.0,0.6878827810287476,0.0005536749958992004,0,0,135,134,-1,perm_test,0.004975124378109453,0.4290177143036119,134,134,0,0.0,0.16666666666666666,0,0.0,0.0,0.0,0.0,0,none,0,1,0,overconfident,0.95,0,mild_drift,0.9513584421715184,0.0013903180030040772,0.761292229931097,0.8491940633717188,1768220041.656775,0.594943642616272,0.0022313958033919334
716,45824,45823,sine_abrupt4,sine,ts_drift_adapt,5,"error_divergence_ph_meta@error.threshold=0.10,error.min_instances=5",error_divergence_ph_meta,"{""divergence"": {""alpha"": 0.1, ""delta"": 0.005, ""min_instances"": 30, ""threshold"": 0.05}, ""error_rate"": {""alpha"": 0.15, ""delta"": 0.005, ""min_instances"": 5, ""threshold"": 0.1}}","{""error_rate"": {""min_instances"": 5, ""threshold"": 0.1}}",0.1,0.005,0.15,5,0.05,0.005,0.1,30,,,,-1,two_stage,2,0.5,"__confirm_cooldown=200,__confirm_rule=perm_test,__perm_alpha=0.01,__perm_min_effect=0,__perm_n_perm=200,__perm_post_n=10,__perm_pre_n=500,__perm_rng_seed=0,__perm_stat=vote_score,divergence=0.3,error_rate=0.5,teacher_entropy=0.2",3,0,200,0.0,0,10000,10.0,25.0,200,500,1,8,1.0,0.620286312849162,0.2407110438416863,0.5,0.6883608102798462,0.0004502801748458296,0,0,135,134,-1,perm_test,0.004975124378109453,0.4290177143036119,134,134,0,0.0,0.5,0,0.0,0.0,0.0,0.0,0,none,0,1,0,overconfident,0.95,0,mild_drift,0.9558292210857592,0.0013451590015020388,0.7806461149655486,0.8520970316858594,1768220041.6650372,0.6572737693786621,0.0018109134398400784
717,45888,45887,sine_abrupt4,sine,ts_drift_adapt,5,"error_divergence_ph_meta@error.threshold=0.10,error.min_instances=5",error_divergence_ph_meta,"{""divergence"": {""alpha"": 0.1, ""delta"": 0.005, ""min_instances"": 30, ""threshold"": 0.05}, ""error_rate"": {""alpha"": 0.15, ""delta"": 0.005, ""min_instances"": 5, ""threshold"": 0.1}}","{""error_rate"": {""min_instances"": 5, ""threshold"": 0.1}}",0.1,0.005,0.15,5,0.05,0.005,0.1,30,,,,-1,two_stage,2,0.5,"__confirm_cooldown=200,__confirm_rule=perm_test,__perm_alpha=0.01,__perm_min_effect=0,__perm_n_perm=200,__perm_post_n=10,__perm_pre_n=500,__perm_rng_seed=0,__perm_stat=vote_score,divergence=0.3,error_rate=0.5,teacher_entropy=0.2",3,0,200,0.0,0,10000,10.0,25.0,200,500,0,0,1.0,0.6202057182705718,0.24053780170901085,0.6666666666666666,0.6889917254447937,0.0006052430253475904,0,0,135,134,-1,perm_test,0.004975124378109453,0.4290177143036119,134,134,0,0.0,0.16666666666666663,0,0.0,0.0,0.0,0.0,0,none,0,1,0,overconfident,0.95,0,mild_drift,0.9580646105428796,0.0013225795007510196,0.7903230574827743,0.8535485158429297,1768220041.6733923,0.690302848815918,0.002443400677293539
718,45952,45951,sine_abrupt4,sine,ts_drift_adapt,5,"error_divergence_ph_meta@error.threshold=0.10,error.min_instances=5",error_divergence_ph_meta,"{""divergence"": {""alpha"": 0.1, ""delta"": 0.005, ""min_instances"": 30, ""threshold"": 0.05}, ""error_rate"": {""alpha"": 0.15, ""delta"": 0.005, ""min_instances"": 5, ""threshold"": 0.1}}","{""error_rate"": {""min_instances"": 5, ""threshold"": 0.1}}",0.1,0.005,0.15,5,0.05,0.005,0.1,30,,,,-1,two_stage,2,0.5,"__confirm_cooldown=200,__confirm_rule=perm_test,__perm_alpha=0.01,__perm_min_effect=0,__perm_n_perm=200,__perm_post_n=10,__perm_pre_n=500,__perm_rng_seed=0,__perm_stat=vote_score,divergence=0.3,error_rate=0.5,teacher_entropy=0.2",3,0,200,0.0,0,10000,10.0,25.0,200,500,0,0,1.0,0.6200165389972145,0.24014542032232228,0.6666666666666666,0.6889152526855469,0.00047581398393958807,1,1,136,135,0,perm_test,0.004975124378109453,0.4269058906557791,135,135,0,0.0,0.00012942904140800238,1,0.5,0.0,0.0,0.0,0,none,1,1,0,overconfident,0.95,0,stable,0.9740323052714398,0.0010612897503755098,0.8951615287413872,0.8992742579214649,1768220041.6881511,0.6701167225837708,0.001916092005558312
719,46016,46015,sine_abrupt4,sine,ts_drift_adapt,5,"error_divergence_ph_meta@error.threshold=0.10,error.min_instances=5",error_divergence_ph_meta,"{""divergence"": {""alpha"": 0.1, ""delta"": 0.005, ""min_instances"": 30, ""threshold"": 0.05}, ""error_rate"": {""alpha"": 0.15, ""delta"": 0.005, ""min_instances"": 5, ""threshold"": 0.1}}","{""error_rate"": {""min_instances"": 5, ""threshold"": 0.1}}",0.1,0.005,0.15,5,0.05,0.005,0.1,30,,,,-1,two_stage,2,0.5,"__confirm_cooldown=200,__confirm_rule=perm_test,__perm_alpha=0.01,__perm_min_effect=0,__perm_n_perm=200,__perm_post_n=10,__perm_pre_n=500,__perm_rng_seed=0,__perm_stat=vote_score,divergence=0.3,error_rate=0.5,teacher_entropy=0.2",3,0,200,0.0,0,10000,10.0,25.0,200,500,1,136,1.0,0.6200452016689847,0.24019266631262176,0.3333333333333333,0.6872621774673462,0.0006113628624007106,0,0,136,135,-1,perm_test,0.004975124378109453,0.4269058906557791,135,135,0,0.0,0.3333333333333333,0,0.0,0.0,0.0,0.0,0,none,0,1,0,overconfident,0.95,0,mild_drift,0.9671661526357198,0.001180644875187755,0.8475807643706936,0.8771371289607324,1768220041.6965616,0.5785555243492126,0.002465181052684784
720,46080,46079,sine_abrupt4,sine,ts_drift_adapt,5,"error_divergence_ph_meta@error.threshold=0.10,error.min_instances=5",error_divergence_ph_meta,"{""divergence"": {""alpha"": 0.1, ""delta"": 0.005, ""min_instances"": 30, ""threshold"": 0.05}, ""error_rate"": {""alpha"": 0.15, ""delta"": 0.005, ""min_instances"": 5, ""threshold"": 0.1}}","{""error_rate"": {""min_instances"": 5, ""threshold"": 0.1}}",0.1,0.005,0.15,5,0.05,0.005,0.1,30,,,,-1,two_stage,2,0.5,"__confirm_cooldown=200,__confirm_rule=perm_test,__perm_alpha=0.01,__perm_min_effect=0,__perm_n_perm=200,__perm_post_n=10,__perm_pre_n=500,__perm_rng_seed=0,__perm_stat=vote_score,divergence=0.3,error_rate=0.5,teacher_entropy=0.2",3,0,200,0.0,0,10000,10.0,25.0,200,500,1,72,1.0,0.6199001736111112,0.23988962598601882,0.6666666666666666,0.6878867745399475,0.0005073202191852033,0,0,136,135,-1,perm_test,0.004975124378109453,0.4269058906557791,135,135,0,0.0,0.3333333333333333,0,0.0,0.0,0.0,0.0,0,none,0,1,0,overconfident,0.95,0,mild_drift,0.9637330763178599,0.0012403224375938777,0.8237903821853468,0.8660685644803662,1768220041.7048671,0.6738150119781494,0.002043633023276925
721,46144,46143,sine_abrupt4,sine,ts_drift_adapt,5,"error_divergence_ph_meta@error.threshold=0.10,error.min_instances=5",error_divergence_ph_meta,"{""divergence"": {""alpha"": 0.1, ""delta"": 0.005, ""min_instances"": 30, ""threshold"": 0.05}, ""error_rate"": {""alpha"": 0.15, ""delta"": 0.005, ""min_instances"": 5, ""threshold"": 0.1}}","{""error_rate"": {""min_instances"": 5, ""threshold"": 0.1}}",0.1,0.005,0.15,5,0.05,0.005,0.1,30,,,,-1,two_stage,2,0.5,"__confirm_cooldown=200,__confirm_rule=perm_test,__perm_alpha=0.01,__perm_min_effect=0,__perm_n_perm=200,__perm_post_n=10,__perm_pre_n=500,__perm_rng_seed=0,__perm_stat=vote_score,divergence=0.3,error_rate=0.5,teacher_entropy=0.2",3,0,200,0.0,0,10000,10.0,25.0,200,500,1,8,1.0,0.6200372746185853,0.24015539877482778,0.16666666666666666,0.6871776580810547,0.0005560066783800721,0,0,136,135,-1,perm_test,0.004975124378109453,0.4269058906557791,135,135,0,0.0,0.5,0,0.0,0.0,0.0,0.0,0,none,0,1,0,overconfident,0.95,0,mild_drift,0.9620165381589298,0.001270161218796939,0.8118951910926735,0.8605342822401831,1768220041.7131207,0.5903403759002686,0.0022355953697115183
722,46208,46207,sine_abrupt4,sine,ts_drift_adapt,5,"error_divergence_ph_meta@error.threshold=0.10,error.min_instances=5",error_divergence_ph_meta,"{""divergence"": {""alpha"": 0.1, ""delta"": 0.005, ""min_instances"": 30, ""threshold"": 0.05}, ""error_rate"": {""alpha"": 0.15, ""delta"": 0.005, ""min_instances"": 5, ""threshold"": 0.1}}","{""error_rate"": {""min_instances"": 5, ""threshold"": 0.1}}",0.1,0.005,0.15,5,0.05,0.005,0.1,30,,,,-1,two_stage,2,0.5,"__confirm_cooldown=200,__confirm_rule=perm_test,__perm_alpha=0.01,__perm_min_effect=0,__perm_n_perm=200,__perm_post_n=10,__perm_pre_n=500,__perm_rng_seed=0,__perm_stat=vote_score,divergence=0.3,error_rate=0.5,teacher_entropy=0.2",3,0,200,0.0,0,10000,10.0,25.0,200,500,0,0,1.0,0.6201090720221607,0.24028958000429676,0.16666666666666666,0.6863864660263062,0.000745398981962353,0,0,136,135,-1,perm_test,0.004975124378109453,0.4269058906557791,135,135,0,0.0,0.00018939230358228087,0,0.0,0.0,0.0,0.0,0,none,0,1,0,overconfident,0.95,0,mild_drift,0.9611582690794649,0.0012850806093984697,0.8059475955463368,0.8577671411200916,1768220041.7215,0.5798578858375549,0.0030085111502557993
723,46272,46271,sine_abrupt4,sine,ts_drift_adapt,5,"error_divergence_ph_meta@error.threshold=0.10,error.min_instances=5",error_divergence_ph_meta,"{""divergence"": {""alpha"": 0.1, ""delta"": 0.005, ""min_instances"": 30, ""threshold"": 0.05}, ""error_rate"": {""alpha"": 0.15, ""delta"": 0.005, ""min_instances"": 5, ""threshold"": 0.1}}","{""error_rate"": {""min_instances"": 5, ""threshold"": 0.1}}",0.1,0.005,0.15,5,0.05,0.005,0.1,30,,,,-1,two_stage,2,0.5,"__confirm_cooldown=200,__confirm_rule=perm_test,__perm_alpha=0.01,__perm_min_effect=0,__perm_n_perm=200,__perm_post_n=10,__perm_pre_n=500,__perm_rng_seed=0,__perm_stat=vote_score,divergence=0.3,error_rate=0.5,teacher_entropy=0.2",3,0,200,0.0,0,10000,10.0,25.0,200,500,0,0,1.0,0.6202238934993084,0.2405101410647831,0.5,0.6875240206718445,0.0008613407262600958,1,1,137,136,0,perm_test,0.004975124378109453,0.4239573324144429,136,136,0,0.16666666666666663,0.33333333333333337,1,0.5,0.0,0.0,0.0,0,none,1,1,0,overconfident,0.95,0,severe_drift,0.9260791345397325,0.0016425403046992349,0.6529737977731684,0.8338835705600458,1768220041.7362103,0.6677104830741882,0.0034937465097755194
724,46336,46335,sine_abrupt4,sine,ts_drift_adapt,5,"error_divergence_ph_meta@error.threshold=0.10,error.min_instances=5",error_divergence_ph_meta,"{""divergence"": {""alpha"": 0.1, ""delta"": 0.005, ""min_instances"": 30, ""threshold"": 0.05}, ""error_rate"": {""alpha"": 0.15, ""delta"": 0.005, ""min_instances"": 5, ""threshold"": 0.1}}","{""error_rate"": {""min_instances"": 5, ""threshold"": 0.1}}",0.1,0.005,0.15,5,0.05,0.005,0.1,30,,,,-1,two_stage,2,0.5,"__confirm_cooldown=200,__confirm_rule=perm_test,__perm_alpha=0.01,__perm_min_effect=0,__perm_n_perm=200,__perm_post_n=10,__perm_pre_n=500,__perm_rng_seed=0,__perm_stat=vote_score,divergence=0.3,error_rate=0.5,teacher_entropy=0.2",3,0,200,0.0,0,10000,10.0,25.0,200,500,1,136,1.0,0.6203815607734806,0.24081653038641984,0.16666666666666666,0.6859309077262878,0.0006572625134140253,0,0,137,136,-1,perm_test,0.004975124378109453,0.4239573324144429,136,136,0,0.0,0.33333333333333337,0,0.0,0.0,0.0,0.0,0,none,0,1,0,overconfident,0.95,0,mild_drift,0.9431895672698662,0.0014712701523496175,0.7264868988865842,0.8444417852800229,1768220041.744548,0.598567008972168,0.0026510776951909065
725,46400,46399,sine_abrupt4,sine,ts_drift_adapt,5,"error_divergence_ph_meta@error.threshold=0.10,error.min_instances=5",error_divergence_ph_meta,"{""divergence"": {""alpha"": 0.1, ""delta"": 0.005, ""min_instances"": 30, ""threshold"": 0.05}, ""error_rate"": {""alpha"": 0.15, ""delta"": 0.005, ""min_instances"": 5, ""threshold"": 0.1}}","{""error_rate"": {""min_instances"": 5, ""threshold"": 0.1}}",0.1,0.005,0.15,5,0.05,0.005,0.1,30,,,,-1,two_stage,2,0.5,"__confirm_cooldown=200,__confirm_rule=perm_test,__perm_alpha=0.01,__perm_min_effect=0,__perm_n_perm=200,__perm_post_n=10,__perm_pre_n=500,__perm_rng_seed=0,__perm_stat=vote_score,divergence=0.3,error_rate=0.5,teacher_entropy=0.2",3,0,200,0.0,0,10000,10.0,25.0,200,500,1,72,1.0,0.6206034482758621,0.24125204588933244,0.16666666666666666,0.6869598031044006,0.0006777711678296328,0,0,137,136,-1,perm_test,0.004975124378109453,0.4239573324144429,136,136,0,0.0,2.0508654415607452e-05,0,0.0,0.0,0.0,0.0,0,none,0,1,0,overconfident,0.95,0,mild_drift,0.9517447836349331,0.0013856350761748087,0.7632434494432921,0.8497208926400115,1768220041.7528515,0.5871591567993164,0.002729549305513501
726,46464,46463,sine_abrupt4,sine,ts_drift_adapt,5,"error_divergence_ph_meta@error.threshold=0.10,error.min_instances=5",error_divergence_ph_meta,"{""divergence"": {""alpha"": 0.1, ""delta"": 0.005, ""min_instances"": 30, ""threshold"": 0.05}, ""error_rate"": {""alpha"": 0.15, ""delta"": 0.005, ""min_instances"": 5, ""threshold"": 0.1}}","{""error_rate"": {""min_instances"": 5, ""threshold"": 0.1}}",0.1,0.005,0.15,5,0.05,0.005,0.1,30,,,,-1,two_stage,2,0.5,"__confirm_cooldown=200,__confirm_rule=perm_test,__perm_alpha=0.01,__perm_min_effect=0,__perm_n_perm=200,__perm_post_n=10,__perm_pre_n=500,__perm_rng_seed=0,__perm_stat=vote_score,divergence=0.3,error_rate=0.5,teacher_entropy=0.2",3,0,200,0.0,0,10000,10.0,25.0,200,500,1,8,1.0,0.6206955922865014,0.2414286545460345,0.3333333333333333,0.6862626075744629,0.00077541742939502,0,0,137,136,-1,perm_test,0.004975124378109453,0.4239573324144429,136,136,0,0.0,0.16666666666666666,0,0.0,0.0,0.0,0.0,0,none,0,1,0,overconfident,0.95,0,mild_drift,0.9560223918174665,0.0013428175380874046,0.7816217247216461,0.8523604463200057,1768220041.7611618,0.6617599129676819,0.003129507414996624
727,46528,46527,sine_abrupt4,sine,ts_drift_adapt,5,"error_divergence_ph_meta@error.threshold=0.10,error.min_instances=5",error_divergence_ph_meta,"{""divergence"": {""alpha"": 0.1, ""delta"": 0.005, ""min_instances"": 30, ""threshold"": 0.05}, ""error_rate"": {""alpha"": 0.15, ""delta"": 0.005, ""min_instances"": 5, ""threshold"": 0.1}}","{""error_rate"": {""min_instances"": 5, ""threshold"": 0.1}}",0.1,0.005,0.15,5,0.05,0.005,0.1,30,,,,-1,two_stage,2,0.5,"__confirm_cooldown=200,__confirm_rule=perm_test,__perm_alpha=0.01,__perm_min_effect=0,__perm_n_perm=200,__perm_post_n=10,__perm_pre_n=500,__perm_rng_seed=0,__perm_stat=vote_score,divergence=0.3,error_rate=0.5,teacher_entropy=0.2",3,0,200,0.0,0,10000,10.0,25.0,200,500,0,0,1.0,0.6209164374140302,0.2418610269591943,0.0,0.6855763792991638,0.0006175133166834712,0,0,137,136,-1,perm_test,0.004975124378109453,0.4239573324144429,136,136,0,0.0,0.3333333333333333,0,0.0,0.0,0.0,0.0,0,none,0,1,0,overconfident,0.95,0,mild_drift,0.9581611959087333,0.0013214087690437025,0.7908108623608231,0.8536802231600029,1768220041.7697496,0.511744499206543,0.0024933337699621916
728,46592,46591,sine_abrupt4,sine,ts_drift_adapt,5,"error_divergence_ph_meta@error.threshold=0.10,error.min_instances=5",error_divergence_ph_meta,"{""divergence"": {""alpha"": 0.1, ""delta"": 0.005, ""min_instances"": 30, ""threshold"": 0.05}, ""error_rate"": {""alpha"": 0.15, ""delta"": 0.005, ""min_instances"": 5, ""threshold"": 0.1}}","{""error_rate"": {""min_instances"": 5, ""threshold"": 0.1}}",0.1,0.005,0.15,5,0.05,0.005,0.1,30,,,,-1,two_stage,2,0.5,"__confirm_cooldown=200,__confirm_rule=perm_test,__perm_alpha=0.01,__perm_min_effect=0,__perm_n_perm=200,__perm_post_n=10,__perm_pre_n=500,__perm_rng_seed=0,__perm_stat=vote_score,divergence=0.3,error_rate=0.5,teacher_entropy=0.2",3,0,200,0.0,0,10000,10.0,25.0,200,500,0,0,1.0,0.6212010645604396,0.24242181736759943,0.16666666666666666,0.6846787929534912,0.0010305147152394056,1,1,138,137,0,perm_test,0.004975124378109453,0.42896260893289967,137,137,0,0.33333333333333337,0.16666666666666666,1,0.5,0.0,0.0,0.0,0,none,1,1,0,overconfident,0.95,0,severe_drift,0.9245805979543666,0.0016607043845218513,0.6454054311804116,0.8318401115800015,1768220041.7846673,0.48443832993507385,0.004169161431491375
729,46656,46655,sine_abrupt4,sine,ts_drift_adapt,5,"error_divergence_ph_meta@error.threshold=0.10,error.min_instances=5",error_divergence_ph_meta,"{""divergence"": {""alpha"": 0.1, ""delta"": 0.005, ""min_instances"": 30, ""threshold"": 0.05}, ""error_rate"": {""alpha"": 0.15, ""delta"": 0.005, ""min_instances"": 5, ""threshold"": 0.1}}","{""error_rate"": {""min_instances"": 5, ""threshold"": 0.1}}",0.1,0.005,0.15,5,0.05,0.005,0.1,30,,,,-1,two_stage,2,0.5,"__confirm_cooldown=200,__confirm_rule=perm_test,__perm_alpha=0.01,__perm_min_effect=0,__perm_n_perm=200,__perm_post_n=10,__perm_pre_n=500,__perm_rng_seed=0,__perm_stat=vote_score,divergence=0.3,error_rate=0.5,teacher_entropy=0.2",3,0,200,0.0,0,10000,10.0,25.0,200,500,1,136,1.0,0.6214634773662552,0.24293682918674048,0.5,0.6845929622650146,0.0011167451739311218,0,0,138,137,-1,perm_test,0.004975124378109453,0.42896260893289967,137,137,0,0.0,0.33333333333333337,0,0.0,0.0,0.0,0.0,0,none,0,1,0,overconfident,0.95,0,mild_drift,0.9424402989771833,0.0014803521922609258,0.7227027155902058,0.8434200557900007,1768220041.7931087,0.6021901965141296,0.004526141565293074
730,46720,46719,sine_abrupt4,sine,ts_drift_adapt,5,"error_divergence_ph_meta@error.threshold=0.10,error.min_instances=5",error_divergence_ph_meta,"{""divergence"": {""alpha"": 0.1, ""delta"": 0.005, ""min_instances"": 30, ""threshold"": 0.05}, ""error_rate"": {""alpha"": 0.15, ""delta"": 0.005, ""min_instances"": 5, ""threshold"": 0.1}}","{""error_rate"": {""min_instances"": 5, ""threshold"": 0.1}}",0.1,0.005,0.15,5,0.05,0.005,0.1,30,,,,-1,two_stage,2,0.5,"__confirm_cooldown=200,__confirm_rule=perm_test,__perm_alpha=0.01,__perm_min_effect=0,__perm_n_perm=200,__perm_post_n=10,__perm_pre_n=500,__perm_rng_seed=0,__perm_stat=vote_score,divergence=0.3,error_rate=0.5,teacher_entropy=0.2",3,0,200,0.0,0,10000,10.0,25.0,200,500,1,72,1.0,0.6214469178082191,0.24289521333199887,0.5,0.6861879229545593,0.0010092657757923007,0,0,138,137,-1,perm_test,0.004975124378109453,0.42896260893289967,137,137,0,0.0,0.00010747939813882113,0,0.0,0.0,0.0,0.0,0,none,0,1,0,overconfident,0.95,0,mild_drift,0.9513701494885916,0.0013901760961304629,0.761351357795103,0.8492100278950003,1768220041.8014302,0.6722860932350159,0.004087492823600769
731,46784,46783,sine_abrupt4,sine,ts_drift_adapt,5,"error_divergence_ph_meta@error.threshold=0.10,error.min_instances=5",error_divergence_ph_meta,"{""divergence"": {""alpha"": 0.1, ""delta"": 0.005, ""min_instances"": 30, ""threshold"": 0.05}, ""error_rate"": {""alpha"": 0.15, ""delta"": 0.005, ""min_instances"": 5, ""threshold"": 0.1}}","{""error_rate"": {""min_instances"": 5, ""threshold"": 0.1}}",0.1,0.005,0.15,5,0.05,0.005,0.1,30,,,,-1,two_stage,2,0.5,"__confirm_cooldown=200,__confirm_rule=perm_test,__perm_alpha=0.01,__perm_min_effect=0,__perm_n_perm=200,__perm_post_n=10,__perm_pre_n=500,__perm_rng_seed=0,__perm_stat=vote_score,divergence=0.3,error_rate=0.5,teacher_entropy=0.2",3,0,200,0.0,0,10000,10.0,25.0,200,500,1,8,1.0,0.6216014021887825,0.24319397474261073,0.3333333333333333,0.6846137046813965,0.0010592734906822443,0,0,138,137,-1,perm_test,0.004975124378109453,0.42896260893289967,137,137,0,0.0,0.16666666666666669,0,0.0,0.0,0.0,0.0,0,none,0,1,0,overconfident,0.95,0,mild_drift,0.9558350747442957,0.0013450880480652314,0.7806756788975515,0.8521050139475002,1768220041.8097029,0.5650348663330078,0.004288943484425545
732,46848,46847,sine_abrupt4,sine,ts_drift_adapt,5,"error_divergence_ph_meta@error.threshold=0.10,error.min_instances=5",error_divergence_ph_meta,"{""divergence"": {""alpha"": 0.1, ""delta"": 0.005, ""min_instances"": 30, ""threshold"": 0.05}, ""error_rate"": {""alpha"": 0.15, ""delta"": 0.005, ""min_instances"": 5, ""threshold"": 0.1}}","{""error_rate"": {""min_instances"": 5, ""threshold"": 0.1}}",0.1,0.005,0.15,5,0.05,0.005,0.1,30,,,,-1,two_stage,2,0.5,"__confirm_cooldown=200,__confirm_rule=perm_test,__perm_alpha=0.01,__perm_min_effect=0,__perm_n_perm=200,__perm_post_n=10,__perm_pre_n=500,__perm_rng_seed=0,__perm_stat=vote_score,divergence=0.3,error_rate=0.5,teacher_entropy=0.2",3,0,200,0.0,0,10000,10.0,25.0,200,500,0,0,1.0,0.6218408469945356,0.24366472246495408,0.3333333333333333,0.6827725768089294,0.001063814270310104,0,0,138,137,-1,perm_test,0.004975124378109453,0.42896260893289967,137,137,0,0.0,4.5407796278595924e-06,0,0.0,0.0,0.0,0.0,0,none,0,1,0,overconfident,0.95,0,mild_drift,0.9580675373721479,0.0013225440240326159,0.7903378394487758,0.8535525069737501,1768220041.8180623,0.623805582523346,0.0043143476359546185
733,46912,46911,sine_abrupt4,sine,ts_drift_adapt,5,"error_divergence_ph_meta@error.threshold=0.10,error.min_instances=5",error_divergence_ph_meta,"{""divergence"": {""alpha"": 0.1, ""delta"": 0.005, ""min_instances"": 30, ""threshold"": 0.05}, ""error_rate"": {""alpha"": 0.15, ""delta"": 0.005, ""min_instances"": 5, ""threshold"": 0.1}}","{""error_rate"": {""min_instances"": 5, ""threshold"": 0.1}}",0.1,0.005,0.15,5,0.05,0.005,0.1,30,,,,-1,two_stage,2,0.5,"__confirm_cooldown=200,__confirm_rule=perm_test,__perm_alpha=0.01,__perm_min_effect=0,__perm_n_perm=200,__perm_post_n=10,__perm_pre_n=500,__perm_rng_seed=0,__perm_stat=vote_score,divergence=0.3,error_rate=0.5,teacher_entropy=0.2",3,0,200,0.0,0,10000,10.0,25.0,200,500,0,0,1.0,0.6219517394270123,0.24387817235846346,0.16666666666666666,0.6854768991470337,0.0010403635678812861,1,1,139,138,0,perm_test,0.004975124378109453,0.43371858635853067,138,138,0,0.0,0.16666666666666666,1,0.5,0.0,0.0,0.0,0,none,1,1,0,overconfident,0.95,0,stable,0.9740337686860739,0.001061272012016308,0.895168919724388,0.899276253486875,1768220041.8328319,0.4859107732772827,0.004205508157610893
734,46976,46975,sine_abrupt4,sine,ts_drift_adapt,5,"error_divergence_ph_meta@error.threshold=0.10,error.min_instances=5",error_divergence_ph_meta,"{""divergence"": {""alpha"": 0.1, ""delta"": 0.005, ""min_instances"": 30, ""threshold"": 0.05}, ""error_rate"": {""alpha"": 0.15, ""delta"": 0.005, ""min_instances"": 5, ""threshold"": 0.1}}","{""error_rate"": {""min_instances"": 5, ""threshold"": 0.1}}",0.1,0.005,0.15,5,0.05,0.005,0.1,30,,,,-1,two_stage,2,0.5,"__confirm_cooldown=200,__confirm_rule=perm_test,__perm_alpha=0.01,__perm_min_effect=0,__perm_n_perm=200,__perm_post_n=10,__perm_pre_n=500,__perm_rng_seed=0,__perm_stat=vote_score,divergence=0.3,error_rate=0.5,teacher_entropy=0.2",3,0,200,0.0,0,10000,10.0,25.0,200,500,1,136,1.0,0.6222326294277929,0.24442978711367866,0.0,0.6814164519309998,0.0013979100622236729,0,0,139,138,-1,perm_test,0.004975124378109453,0.43371858635853067,138,138,0,0.0,0.16666666666666666,0,0.0,0.0,0.0,0.0,0,none,0,1,0,overconfident,0.95,0,mild_drift,0.967166884343037,0.0011806360060081541,0.847584459862194,0.8771381267434375,1768220041.841249,0.5591510534286499,0.005674487445503473
735,47040,47039,sine_abrupt4,sine,ts_drift_adapt,5,"error_divergence_ph_meta@error.threshold=0.10,error.min_instances=5",error_divergence_ph_meta,"{""divergence"": {""alpha"": 0.1, ""delta"": 0.005, ""min_instances"": 30, ""threshold"": 0.05}, ""error_rate"": {""alpha"": 0.15, ""delta"": 0.005, ""min_instances"": 5, ""threshold"": 0.1}}","{""error_rate"": {""min_instances"": 5, ""threshold"": 0.1}}",0.1,0.005,0.15,5,0.05,0.005,0.1,30,,,,-1,two_stage,2,0.5,"__confirm_cooldown=200,__confirm_rule=perm_test,__perm_alpha=0.01,__perm_min_effect=0,__perm_n_perm=200,__perm_post_n=10,__perm_pre_n=500,__perm_rng_seed=0,__perm_stat=vote_score,divergence=0.3,error_rate=0.5,teacher_entropy=0.2",3,0,200,0.0,0,10000,10.0,25.0,200,500,1,72,1.0,0.6223639455782313,0.24468392586424645,0.16666666666666666,0.6853950619697571,0.0017744473880156875,0,0,139,138,-1,perm_test,0.004975124378109453,0.43371858635853067,138,138,0,0.0,0.16666666666666666,0,0.0,0.0,0.0,0.0,0,none,0,1,0,overconfident,0.95,0,mild_drift,0.9637334421715185,0.0012403180030040773,0.823792229931097,0.8660690633717187,1768220041.849499,0.5940176844596863,0.007237242069095373
736,47104,47103,sine_abrupt4,sine,ts_drift_adapt,5,"error_divergence_ph_meta@error.threshold=0.10,error.min_instances=5",error_divergence_ph_meta,"{""divergence"": {""alpha"": 0.1, ""delta"": 0.005, ""min_instances"": 30, ""threshold"": 0.05}, ""error_rate"": {""alpha"": 0.15, ""delta"": 0.005, ""min_instances"": 5, ""threshold"": 0.1}}","{""error_rate"": {""min_instances"": 5, ""threshold"": 0.1}}",0.1,0.005,0.15,5,0.05,0.005,0.1,30,,,,-1,two_stage,2,0.5,"__confirm_cooldown=200,__confirm_rule=perm_test,__perm_alpha=0.01,__perm_min_effect=0,__perm_n_perm=200,__perm_post_n=10,__perm_pre_n=500,__perm_rng_seed=0,__perm_stat=vote_score,divergence=0.3,error_rate=0.5,teacher_entropy=0.2",3,0,200,0.0,0,10000,10.0,25.0,200,500,1,8,1.0,0.6226435122282609,0.2452348559554039,0.16666666666666666,0.6822092533111572,0.0016169705195352435,0,0,139,138,-1,perm_test,0.004975124378109453,0.43371858635853067,138,138,0,0.0,0.00015747686848044395,0,0.0,0.0,0.0,0.0,0,none,0,1,0,overconfident,0.95,0,mild_drift,0.9620167210857592,0.0012701590015020388,0.8118961149655486,0.8605345316858594,1768220041.857737,0.5486788153648376,0.006598029285669327
737,47168,47167,sine_abrupt4,sine,ts_drift_adapt,5,"error_divergence_ph_meta@error.threshold=0.10,error.min_instances=5",error_divergence_ph_meta,"{""divergence"": {""alpha"": 0.1, ""delta"": 0.005, ""min_instances"": 30, ""threshold"": 0.05}, ""error_rate"": {""alpha"": 0.15, ""delta"": 0.005, ""min_instances"": 5, ""threshold"": 0.1}}","{""error_rate"": {""min_instances"": 5, ""threshold"": 0.1}}",0.1,0.005,0.15,5,0.05,0.005,0.1,30,,,,-1,two_stage,2,0.5,"__confirm_cooldown=200,__confirm_rule=perm_test,__perm_alpha=0.01,__perm_min_effect=0,__perm_n_perm=200,__perm_post_n=10,__perm_pre_n=500,__perm_rng_seed=0,__perm_stat=vote_score,divergence=0.3,error_rate=0.5,teacher_entropy=0.2",3,0,200,0.0,0,10000,10.0,25.0,200,500,0,0,1.0,0.6229223202170964,0.24578345073190827,0.16666666666666666,0.6797364354133606,0.0015837178798392415,0,0,139,138,-1,perm_test,0.004975124378109453,0.43371858635853067,138,138,0,0.0,3.3252639696002007e-05,0,0.0,0.0,0.0,0.0,0,none,0,1,0,overconfident,0.95,0,mild_drift,0.9611583605428795,0.0012850795007510194,0.8059480574827743,0.8577672658429296,1768220041.8660574,0.525881826877594,0.006435675546526909
738,47232,47231,sine_abrupt4,sine,ts_drift_adapt,5,"error_divergence_ph_meta@error.threshold=0.10,error.min_instances=5",error_divergence_ph_meta,"{""divergence"": {""alpha"": 0.1, ""delta"": 0.005, ""min_instances"": 30, ""threshold"": 0.05}, ""error_rate"": {""alpha"": 0.15, ""delta"": 0.005, ""min_instances"": 5, ""threshold"": 0.1}}","{""error_rate"": {""min_instances"": 5, ""threshold"": 0.1}}",0.1,0.005,0.15,5,0.05,0.005,0.1,30,,,,-1,two_stage,2,0.5,"__confirm_cooldown=200,__confirm_rule=perm_test,__perm_alpha=0.01,__perm_min_effect=0,__perm_n_perm=200,__perm_post_n=10,__perm_pre_n=500,__perm_rng_seed=0,__perm_stat=vote_score,divergence=0.3,error_rate=0.5,teacher_entropy=0.2",3,0,200,0.0,0,10000,10.0,25.0,200,500,0,0,1.0,0.6232850609756098,0.24649894597411304,0.0,0.6790010333061218,0.0019030100665986538,1,1,140,139,0,perm_test,0.004975124378109453,0.4310437140117398,139,139,0,0.16666666666666666,0.16666666666666666,1,0.5,0.0,0.0,0.0,0,none,1,1,0,overconfident,0.95,0,severe_drift,0.9260791802714398,0.0016425397503755097,0.6529740287413872,0.8338836329214648,1768220041.880868,0.46978330612182617,0.007771939039230347
739,47296,47295,sine_abrupt4,sine,ts_drift_adapt,5,"error_divergence_ph_meta@error.threshold=0.10,error.min_instances=5",error_divergence_ph_meta,"{""divergence"": {""alpha"": 0.1, ""delta"": 0.005, ""min_instances"": 30, ""threshold"": 0.05}, ""error_rate"": {""alpha"": 0.15, ""delta"": 0.005, ""min_instances"": 5, ""threshold"": 0.1}}","{""error_rate"": {""min_instances"": 5, ""threshold"": 0.1}}",0.1,0.005,0.15,5,0.05,0.005,0.1,30,,,,-1,two_stage,2,0.5,"__confirm_cooldown=200,__confirm_rule=perm_test,__perm_alpha=0.01,__perm_min_effect=0,__perm_n_perm=200,__perm_post_n=10,__perm_pre_n=500,__perm_rng_seed=0,__perm_stat=vote_score,divergence=0.3,error_rate=0.5,teacher_entropy=0.2",3,0,200,0.0,0,10000,10.0,25.0,200,500,1,136,1.0,0.6234776725304465,0.2468776124872924,0.5,0.683074414730072,0.0018471499206498265,0,0,140,139,-1,perm_test,0.004975124378109453,0.4310437140117398,139,139,0,0.0,0.5,0,0.0,0.0,0.0,0.0,0,none,0,1,0,overconfident,0.95,0,mild_drift,0.9431895901357199,0.001471269875187755,0.7264870143706936,0.8444418164607324,1768220041.889209,0.649425745010376,0.007556654047220945
740,47360,47359,sine_abrupt4,sine,ts_drift_adapt,5,"error_divergence_ph_meta@error.threshold=0.10,error.min_instances=5",error_divergence_ph_meta,"{""divergence"": {""alpha"": 0.1, ""delta"": 0.005, ""min_instances"": 30, ""threshold"": 0.05}, ""error_rate"": {""alpha"": 0.15, ""delta"": 0.005, ""min_instances"": 5, ""threshold"": 0.1}}","{""error_rate"": {""min_instances"": 5, ""threshold"": 0.1}}",0.1,0.005,0.15,5,0.05,0.005,0.1,30,,,,-1,two_stage,2,0.5,"__confirm_cooldown=200,__confirm_rule=perm_test,__perm_alpha=0.01,__perm_min_effect=0,__perm_n_perm=200,__perm_post_n=10,__perm_pre_n=500,__perm_rng_seed=0,__perm_stat=vote_score,divergence=0.3,error_rate=0.5,teacher_entropy=0.2",3,0,200,0.0,0,10000,10.0,25.0,200,500,1,72,1.0,0.6237964527027027,0.247507355594867,0.16666666666666666,0.6785846948623657,0.002167576691135764,0,0,140,139,-1,perm_test,0.004975124378109453,0.4310437140117398,139,139,0,0.0,0.33333333333333337,0,0.0,0.0,0.0,0.0,0,none,0,1,0,overconfident,0.95,0,mild_drift,0.9517447950678599,0.0013856349375938777,0.7632435071853468,0.8497209082303662,1768220041.8976958,0.5326605439186096,0.008896813727915287
741,47424,47423,sine_abrupt4,sine,ts_drift_adapt,5,"error_divergence_ph_meta@error.threshold=0.10,error.min_instances=5",error_divergence_ph_meta,"{""divergence"": {""alpha"": 0.1, ""delta"": 0.005, ""min_instances"": 30, ""threshold"": 0.05}, ""error_rate"": {""alpha"": 0.15, ""delta"": 0.005, ""min_instances"": 5, ""threshold"": 0.1}}","{""error_rate"": {""min_instances"": 5, ""threshold"": 0.1}}",0.1,0.005,0.15,5,0.05,0.005,0.1,30,,,,-1,two_stage,2,0.5,"__confirm_cooldown=200,__confirm_rule=perm_test,__perm_alpha=0.01,__perm_min_effect=0,__perm_n_perm=200,__perm_post_n=10,__perm_pre_n=500,__perm_rng_seed=0,__perm_stat=vote_score,divergence=0.3,error_rate=0.5,teacher_entropy=0.2",3,0,200,0.0,0,10000,10.0,25.0,200,500,1,8,1.0,0.6240089406207827,0.24792408626011414,0.16666666666666666,0.6821678280830383,0.0018776284996420145,0,0,140,139,-1,perm_test,0.004975124378109453,0.4310437140117398,139,139,0,0.0,0.0002899481914937496,0,0.0,0.0,0.0,0.0,0,none,0,1,0,overconfident,0.95,0,mild_drift,0.9560223975339299,0.0013428174687969388,0.7816217535926735,0.852360454115183,1768220041.905974,0.5227997899055481,0.007672172039747238
742,47488,47487,sine_abrupt4,sine,ts_drift_adapt,5,"error_divergence_ph_meta@error.threshold=0.10,error.min_instances=5",error_divergence_ph_meta,"{""divergence"": {""alpha"": 0.1, ""delta"": 0.005, ""min_instances"": 30, ""threshold"": 0.05}, ""error_rate"": {""alpha"": 0.15, ""delta"": 0.005, ""min_instances"": 5, ""threshold"": 0.1}}","{""error_rate"": {""min_instances"": 5, ""threshold"": 0.1}}",0.1,0.005,0.15,5,0.05,0.005,0.1,30,,,,-1,two_stage,2,0.5,"__confirm_cooldown=200,__confirm_rule=perm_test,__perm_alpha=0.01,__perm_min_effect=0,__perm_n_perm=200,__perm_post_n=10,__perm_pre_n=500,__perm_rng_seed=0,__perm_stat=vote_score,divergence=0.3,error_rate=0.5,teacher_entropy=0.2",3,0,200,0.0,0,10000,10.0,25.0,200,500,0,0,1.0,0.6243261455525606,0.24855658021626487,0.16666666666666666,0.6780410408973694,0.0025977729819715023,0,0,140,139,-1,perm_test,0.004975124378109453,0.4310437140117398,139,139,0,0.0,0.0007201444823294878,0,0.0,0.0,0.0,0.0,0,none,0,1,0,overconfident,0.95,0,mild_drift,0.9581611987669649,0.0013214087343984696,0.7908108767963368,0.8536802270575915,1768220041.9143605,0.5118260979652405,0.010696022771298885
743,47552,47551,sine_abrupt4,sine,ts_drift_adapt,5,"error_divergence_ph_meta@error.threshold=0.10,error.min_instances=5",error_divergence_ph_meta,"{""divergence"": {""alpha"": 0.1, ""delta"": 0.005, ""min_instances"": 30, ""threshold"": 0.05}, ""error_rate"": {""alpha"": 0.15, ""delta"": 0.005, ""min_instances"": 5, ""threshold"": 0.1}}","{""error_rate"": {""min_instances"": 5, ""threshold"": 0.1}}",0.1,0.005,0.15,5,0.05,0.005,0.1,30,,,,-1,two_stage,2,0.5,"__confirm_cooldown=200,__confirm_rule=perm_test,__perm_alpha=0.01,__perm_min_effect=0,__perm_n_perm=200,__perm_post_n=10,__perm_pre_n=500,__perm_rng_seed=0,__perm_stat=vote_score,divergence=0.3,error_rate=0.5,teacher_entropy=0.2",3,0,200,0.0,0,10000,10.0,25.0,200,500,0,0,1.0,0.6245163189771198,0.24892822894221264,0.0,0.6778161525726318,0.0022766022011637688,1,1,141,140,0,perm_test,0.004975124378109453,0.4433696746686878,140,140,0,0.0,0.16666666666666666,1,0.5,0.0,0.0,0.0,0,none,1,1,0,overconfident,0.95,0,stable,0.9740805993834825,0.0010607043671992348,0.8954054383981684,0.8993401135287957,1768220041.9291136,0.4853142201900482,0.009393391199409962
744,47616,47615,sine_abrupt4,sine,ts_drift_adapt,5,"error_divergence_ph_meta@error.threshold=0.10,error.min_instances=5",error_divergence_ph_meta,"{""divergence"": {""alpha"": 0.1, ""delta"": 0.005, ""min_instances"": 30, ""threshold"": 0.05}, ""error_rate"": {""alpha"": 0.15, ""delta"": 0.005, ""min_instances"": 5, ""threshold"": 0.1}}","{""error_rate"": {""min_instances"": 5, ""threshold"": 0.1}}",0.1,0.005,0.15,5,0.05,0.005,0.1,30,,,,-1,two_stage,2,0.5,"__confirm_cooldown=200,__confirm_rule=perm_test,__perm_alpha=0.01,__perm_min_effect=0,__perm_n_perm=200,__perm_post_n=10,__perm_pre_n=500,__perm_rng_seed=0,__perm_stat=vote_score,divergence=0.3,error_rate=0.5,teacher_entropy=0.2",3,0,200,0.0,0,10000,10.0,25.0,200,500,1,136,1.0,0.6246429771505376,0.24917068478444354,0.5,0.6783834099769592,0.002714812755584717,0,0,141,140,-1,perm_test,0.004975124378109453,0.4433696746686878,140,140,0,0.0,0.5,0,0.0,0.0,0.0,0.0,0,none,0,1,0,overconfident,0.95,0,mild_drift,0.9671902996917412,0.0011803521835996175,0.8477027191990842,0.8771700567643979,1768220041.937541,0.6025108098983765,0.011241628788411617
745,47680,47679,sine_abrupt4,sine,ts_drift_adapt,5,"error_divergence_ph_meta@error.threshold=0.10,error.min_instances=5",error_divergence_ph_meta,"{""divergence"": {""alpha"": 0.1, ""delta"": 0.005, ""min_instances"": 30, ""threshold"": 0.05}, ""error_rate"": {""alpha"": 0.15, ""delta"": 0.005, ""min_instances"": 5, ""threshold"": 0.1}}","{""error_rate"": {""min_instances"": 5, ""threshold"": 0.1}}",0.1,0.005,0.15,5,0.05,0.005,0.1,30,,,,-1,two_stage,2,0.5,"__confirm_cooldown=200,__confirm_rule=perm_test,__perm_alpha=0.01,__perm_min_effect=0,__perm_n_perm=200,__perm_post_n=10,__perm_pre_n=500,__perm_rng_seed=0,__perm_stat=vote_score,divergence=0.3,error_rate=0.5,teacher_entropy=0.2",3,0,200,0.0,0,10000,10.0,25.0,200,500,1,72,1.0,0.6248951342281879,0.24966936441558293,0.0,0.6787599921226501,0.0027110243681818247,0,0,141,140,-1,perm_test,0.004975124378109453,0.4433696746686878,140,140,0,0.0,0.5,0,0.0,0.0,0.0,0.0,0,none,0,1,0,overconfident,0.95,0,mild_drift,0.9637451498458706,0.0012401760917998088,0.8238513595995421,0.8660850283821989,1768220041.9460552,0.45893123745918274,0.011207761242985725
746,47744,47743,sine_abrupt4,sine,ts_drift_adapt,5,"error_divergence_ph_meta@error.threshold=0.10,error.min_instances=5",error_divergence_ph_meta,"{""divergence"": {""alpha"": 0.1, ""delta"": 0.005, ""min_instances"": 30, ""threshold"": 0.05}, ""error_rate"": {""alpha"": 0.15, ""delta"": 0.005, ""min_instances"": 5, ""threshold"": 0.1}}","{""error_rate"": {""min_instances"": 5, ""threshold"": 0.1}}",0.1,0.005,0.15,5,0.05,0.005,0.1,30,,,,-1,two_stage,2,0.5,"__confirm_cooldown=200,__confirm_rule=perm_test,__perm_alpha=0.01,__perm_min_effect=0,__perm_n_perm=200,__perm_post_n=10,__perm_pre_n=500,__perm_rng_seed=0,__perm_stat=vote_score,divergence=0.3,error_rate=0.5,teacher_entropy=0.2",3,0,200,0.0,0,10000,10.0,25.0,200,500,1,8,1.0,0.6251256702412868,0.25012181804667355,0.0,0.676162600517273,0.0029545826837420464,0,0,141,140,-1,perm_test,0.004975124378109453,0.4433696746686878,140,140,0,0.0,0.00024355831556022167,0,0.0,0.0,0.0,0.0,0,none,0,1,0,overconfident,0.95,0,mild_drift,0.9620225749229352,0.0012700880458999045,0.8119256797997711,0.8605425141910994,1768220041.9544528,0.4454929530620575,0.012253943830728531
747,47808,47807,sine_abrupt4,sine,ts_drift_adapt,5,"error_divergence_ph_meta@error.threshold=0.10,error.min_instances=5",error_divergence_ph_meta,"{""divergence"": {""alpha"": 0.1, ""delta"": 0.005, ""min_instances"": 30, ""threshold"": 0.05}, ""error_rate"": {""alpha"": 0.15, ""delta"": 0.005, ""min_instances"": 5, ""threshold"": 0.1}}","{""error_rate"": {""min_instances"": 5, ""threshold"": 0.1}}",0.1,0.005,0.15,5,0.05,0.005,0.1,30,,,,-1,two_stage,2,0.5,"__confirm_cooldown=200,__confirm_rule=perm_test,__perm_alpha=0.01,__perm_min_effect=0,__perm_n_perm=200,__perm_post_n=10,__perm_pre_n=500,__perm_rng_seed=0,__perm_stat=vote_score,divergence=0.3,error_rate=0.5,teacher_entropy=0.2",3,0,200,0.0,0,10000,10.0,25.0,200,500,0,0,1.0,0.6252719210174029,0.25040874798010043,0.3333333333333333,0.6780085563659668,0.003462084336206317,0,0,141,140,-1,perm_test,0.004975124378109453,0.4433696746686878,140,140,0,0.0,0.3333333333333333,0,0.0,0.0,0.0,0.0,0,none,0,1,0,overconfident,0.95,0,mild_drift,0.9611612874614676,0.0012850440229499522,0.8059628398998856,0.8577712570955497,1768220041.963079,0.5616042613983154,0.01434880867600441
748,47872,47871,sine_abrupt4,sine,ts_drift_adapt,5,"error_divergence_ph_meta@error.threshold=0.10,error.min_instances=5",error_divergence_ph_meta,"{""divergence"": {""alpha"": 0.1, ""delta"": 0.005, ""min_instances"": 30, ""threshold"": 0.05}, ""error_rate"": {""alpha"": 0.15, ""delta"": 0.005, ""min_instances"": 5, ""threshold"": 0.1}}","{""error_rate"": {""min_instances"": 5, ""threshold"": 0.1}}",0.1,0.005,0.15,5,0.05,0.005,0.1,30,,,,-1,two_stage,2,0.5,"__confirm_cooldown=200,__confirm_rule=perm_test,__perm_alpha=0.01,__perm_min_effect=0,__perm_n_perm=200,__perm_post_n=10,__perm_pre_n=500,__perm_rng_seed=0,__perm_stat=vote_score,divergence=0.3,error_rate=0.5,teacher_entropy=0.2",3,0,200,0.0,0,10000,10.0,25.0,200,500,0,0,1.0,0.625417780748663,0.25068979750438203,0.16666666666666666,0.6738625764846802,0.0031008138321340084,1,1,142,141,0,perm_test,0.004975124378109453,0.48149100963690933,141,141,0,0.16666666666666666,0.16666666666666666,1,0.5,0.0,0.0,0.0,0,none,1,1,0,overconfident,0.95,0,severe_drift,0.9260806437307338,0.0016425220114749761,0.6529814199499429,0.8338856285477749,1768220041.9778662,0.5212315320968628,0.01292397454380989
749,47936,47935,sine_abrupt4,sine,ts_drift_adapt,5,"error_divergence_ph_meta@error.threshold=0.10,error.min_instances=5",error_divergence_ph_meta,"{""divergence"": {""alpha"": 0.1, ""delta"": 0.005, ""min_instances"": 30, ""threshold"": 0.05}, ""error_rate"": {""alpha"": 0.15, ""delta"": 0.005, ""min_instances"": 5, ""threshold"": 0.1}}","{""error_rate"": {""min_instances"": 5, ""threshold"": 0.1}}",0.1,0.005,0.15,5,0.05,0.005,0.1,30,,,,-1,two_stage,2,0.5,"__confirm_cooldown=200,__confirm_rule=perm_test,__perm_alpha=0.01,__perm_min_effect=0,__perm_n_perm=200,__perm_post_n=10,__perm_pre_n=500,__perm_rng_seed=0,__perm_stat=vote_score,divergence=0.3,error_rate=0.5,teacher_entropy=0.2",3,0,200,0.0,0,10000,10.0,25.0,200,500,1,136,1.0,0.6256884178905207,0.2512179305111959,0.16666666666666666,0.6690609455108643,0.0031961507629603148,0,0,142,141,-1,perm_test,0.004975124378109453,0.48149100963690933,141,141,0,0.0,9.533693082630634e-05,0,0.0,0.0,0.0,0.0,0,none,0,1,0,overconfident,0.95,0,mild_drift,0.9431903218653669,0.0014712610057374881,0.7264907099749714,0.8444428142738875,1768220041.986337,0.5403693914413452,0.013147964142262936
750,48000,47999,sine_abrupt4,sine,ts_drift_adapt,5,"error_divergence_ph_meta@error.threshold=0.10,error.min_instances=5",error_divergence_ph_meta,"{""divergence"": {""alpha"": 0.1, ""delta"": 0.005, ""min_instances"": 30, ""threshold"": 0.05}, ""error_rate"": {""alpha"": 0.15, ""delta"": 0.005, ""min_instances"": 5, ""threshold"": 0.1}}","{""error_rate"": {""min_instances"": 5, ""threshold"": 0.1}}",0.1,0.005,0.15,5,0.05,0.005,0.1,30,,,,-1,two_stage,2,0.5,"__confirm_cooldown=200,__confirm_rule=perm_test,__perm_alpha=0.01,__perm_min_effect=0,__perm_n_perm=200,__perm_post_n=10,__perm_pre_n=500,__perm_rng_seed=0,__perm_stat=vote_score,divergence=0.3,error_rate=0.5,teacher_entropy=0.2",3,0,200,0.0,0,10000,10.0,25.0,200,500,1,72,1.0,0.6258333333333334,0.25149676552883515,0.5,0.6682740449905396,0.0033000900875777006,0,0,142,141,-1,perm_test,0.004975124378109453,0.48149100963690933,141,141,0,0.0,0.33333333333333337,0,0.0,0.0,0.0,0.0,0,none,0,1,0,overconfident,0.95,0,mild_drift,0.9517451609326835,0.0013856305028687441,0.7632453549874858,0.8497214071369437,1768220041.994647,0.5756819844245911,0.013653239235281944
751,48064,48063,sine_abrupt4,sine,ts_drift_adapt,5,"error_divergence_ph_meta@error.threshold=0.10,error.min_instances=5",error_divergence_ph_meta,"{""divergence"": {""alpha"": 0.1, ""delta"": 0.005, ""min_instances"": 30, ""threshold"": 0.05}, ""error_rate"": {""alpha"": 0.15, ""delta"": 0.005, ""min_instances"": 5, ""threshold"": 0.1}}","{""error_rate"": {""min_instances"": 5, ""threshold"": 0.1}}",0.1,0.005,0.15,5,0.05,0.005,0.1,30,,,,-1,two_stage,2,0.5,"__confirm_cooldown=200,__confirm_rule=perm_test,__perm_alpha=0.01,__perm_min_effect=0,__perm_n_perm=200,__perm_post_n=10,__perm_pre_n=500,__perm_rng_seed=0,__perm_stat=vote_score,divergence=0.3,error_rate=0.5,teacher_entropy=0.2",3,0,200,0.0,0,10000,10.0,25.0,200,500,1,8,1.0,0.6260818908122503,0.25198452845637526,0.16666666666666666,0.6708958745002747,0.0023806991521269083,0,0,142,141,-1,perm_test,0.004975124378109453,0.48149100963690933,141,141,0,0.0,0.33333333333333337,0,0.0,0.0,0.0,0.0,0,none,0,1,0,overconfident,0.95,0,mild_drift,0.9560225804663417,0.0013428152514343723,0.7816226774937429,0.8523607035684718,1768220042.0029817,0.481103777885437,0.00979317631572485
752,48128,48127,sine_abrupt4,sine,ts_drift_adapt,5,"error_divergence_ph_meta@error.threshold=0.10,error.min_instances=5",error_divergence_ph_meta,"{""divergence"": {""alpha"": 0.1, ""delta"": 0.005, ""min_instances"": 30, ""threshold"": 0.05}, ""error_rate"": {""alpha"": 0.15, ""delta"": 0.005, ""min_instances"": 5, ""threshold"": 0.1}}","{""error_rate"": {""min_instances"": 5, ""threshold"": 0.1}}",0.1,0.005,0.15,5,0.05,0.005,0.1,30,,,,-1,two_stage,2,0.5,"__confirm_cooldown=200,__confirm_rule=perm_test,__perm_alpha=0.01,__perm_min_effect=0,__perm_n_perm=200,__perm_post_n=10,__perm_pre_n=500,__perm_rng_seed=0,__perm_stat=vote_score,divergence=0.3,error_rate=0.5,teacher_entropy=0.2",3,0,200,0.0,0,10000,10.0,25.0,200,500,0,0,1.0,0.6264336768617021,0.2526762782216467,0.0,0.6682794094085693,0.0038473878521472216,0,0,142,141,-1,perm_test,0.004975124378109453,0.48149100963690933,141,141,0,0.0,0.16666666666666666,0,0.0,0.0,0.0,0.0,0,none,0,1,0,overconfident,0.95,0,mild_drift,0.9581612902331709,0.001321407625717186,0.7908113387468715,0.853680351784236,1768220042.0113494,0.37315499782562256,0.016125056892633438
753,48192,48191,sine_abrupt4,sine,ts_drift_adapt,5,"error_divergence_ph_meta@error.threshold=0.10,error.min_instances=5",error_divergence_ph_meta,"{""divergence"": {""alpha"": 0.1, ""delta"": 0.005, ""min_instances"": 30, ""threshold"": 0.05}, ""error_rate"": {""alpha"": 0.15, ""delta"": 0.005, ""min_instances"": 5, ""threshold"": 0.1}}","{""error_rate"": {""min_instances"": 5, ""threshold"": 0.1}}",0.1,0.005,0.15,5,0.05,0.005,0.1,30,,,,-1,two_stage,2,0.5,"__confirm_cooldown=200,__confirm_rule=perm_test,__perm_alpha=0.01,__perm_min_effect=0,__perm_n_perm=200,__perm_post_n=10,__perm_pre_n=500,__perm_rng_seed=0,__perm_stat=vote_score,divergence=0.3,error_rate=0.5,teacher_entropy=0.2",3,0,200,0.0,0,10000,10.0,25.0,200,500,0,0,1.0,0.6267015272244356,0.2532038049451012,0.3333333333333333,0.675393283367157,0.003208327805623412,1,1,143,142,0,perm_test,0.004975124378109453,0.4566950428935732,142,142,0,0.16666666666666666,0.3333333333333333,1,0.5,0.0,0.0,0.0,0,none,1,1,0,overconfident,0.95,0,severe_drift,0.9245806451165854,0.001660703812858593,0.6454056693734358,0.831840175892118,1768220042.0261416,0.4871123135089874,0.013204199261963367
754,48256,48255,sine_abrupt4,sine,ts_drift_adapt,5,"error_divergence_ph_meta@error.threshold=0.10,error.min_instances=5",error_divergence_ph_meta,"{""divergence"": {""alpha"": 0.1, ""delta"": 0.005, ""min_instances"": 30, ""threshold"": 0.05}, ""error_rate"": {""alpha"": 0.15, ""delta"": 0.005, ""min_instances"": 5, ""threshold"": 0.1}}","{""error_rate"": {""min_instances"": 5, ""threshold"": 0.1}}",0.1,0.005,0.15,5,0.05,0.005,0.1,30,,,,-1,two_stage,2,0.5,"__confirm_cooldown=200,__confirm_rule=perm_test,__perm_alpha=0.01,__perm_min_effect=0,__perm_n_perm=200,__perm_post_n=10,__perm_pre_n=500,__perm_rng_seed=0,__perm_stat=vote_score,divergence=0.3,error_rate=0.5,teacher_entropy=0.2",3,0,200,0.0,0,10000,10.0,25.0,200,500,1,136,1.0,0.62690649867374,0.25361006213962095,0.16666666666666666,0.67552250623703,0.003216794691979885,0,0,143,142,-1,perm_test,0.004975124378109453,0.4566950428935732,142,142,0,0.0,0.16666666666666666,0,0.0,0.0,0.0,0.0,0,none,0,1,0,overconfident,0.95,0,mild_drift,0.9424403225582927,0.0014803519064292966,0.7227028346867179,0.8434200879460589,1768220042.034534,0.4849914014339447,0.013379361480474472
755,48320,48319,sine_abrupt4,sine,ts_drift_adapt,5,"error_divergence_ph_meta@error.threshold=0.10,error.min_instances=5",error_divergence_ph_meta,"{""divergence"": {""alpha"": 0.1, ""delta"": 0.005, ""min_instances"": 30, ""threshold"": 0.05}, ""error_rate"": {""alpha"": 0.15, ""delta"": 0.005, ""min_instances"": 5, ""threshold"": 0.1}}","{""error_rate"": {""min_instances"": 5, ""threshold"": 0.1}}",0.1,0.005,0.15,5,0.05,0.005,0.1,30,,,,-1,two_stage,2,0.5,"__confirm_cooldown=200,__confirm_rule=perm_test,__perm_alpha=0.01,__perm_min_effect=0,__perm_n_perm=200,__perm_post_n=10,__perm_pre_n=500,__perm_rng_seed=0,__perm_stat=vote_score,divergence=0.3,error_rate=0.5,teacher_entropy=0.2",3,0,200,0.0,0,10000,10.0,25.0,200,500,1,72,1.0,0.6271730132450332,0.2541390530213386,0.3333333333333333,0.6694419980049133,0.003962689079344273,0,0,143,142,-1,perm_test,0.004975124378109453,0.4566950428935732,142,142,0,0.0,0.16666666666666666,0,0.0,0.0,0.0,0.0,0,none,0,1,0,overconfident,0.95,0,mild_drift,0.9513701612791463,0.0013901759532146483,0.761351417343359,0.8492100439730295,1768220042.0428436,0.5144953727722168,0.016429483890533447
756,48384,48383,sine_abrupt4,sine,ts_drift_adapt,5,"error_divergence_ph_meta@error.threshold=0.10,error.min_instances=5",error_divergence_ph_meta,"{""divergence"": {""alpha"": 0.1, ""delta"": 0.005, ""min_instances"": 30, ""threshold"": 0.05}, ""error_rate"": {""alpha"": 0.15, ""delta"": 0.005, ""min_instances"": 5, ""threshold"": 0.1}}","{""error_rate"": {""min_instances"": 5, ""threshold"": 0.1}}",0.1,0.005,0.15,5,0.05,0.005,0.1,30,,,,-1,two_stage,2,0.5,"__confirm_cooldown=200,__confirm_rule=perm_test,__perm_alpha=0.01,__perm_min_effect=0,__perm_n_perm=200,__perm_post_n=10,__perm_pre_n=500,__perm_rng_seed=0,__perm_stat=vote_score,divergence=0.3,error_rate=0.5,teacher_entropy=0.2",3,0,200,0.0,0,10000,10.0,25.0,200,500,1,8,1.0,0.6275214947089947,0.2548331188562066,0.0,0.6672861576080322,0.0036938833072781563,0,0,143,142,-1,perm_test,0.004975124378109453,0.4566950428935732,142,142,0,0.0,0.3333333333333333,0,0.0,0.0,0.0,0.0,0,none,0,1,0,overconfident,0.95,0,mild_drift,0.9558350806395731,0.0013450879766073241,0.7806757086716796,0.8521050219865147,1768220042.0511317,0.3414868414402008,0.015386953018605709
757,48448,48447,sine_abrupt4,sine,ts_drift_adapt,5,"error_divergence_ph_meta@error.threshold=0.10,error.min_instances=5",error_divergence_ph_meta,"{""divergence"": {""alpha"": 0.1, ""delta"": 0.005, ""min_instances"": 30, ""threshold"": 0.05}, ""error_rate"": {""alpha"": 0.15, ""delta"": 0.005, ""min_instances"": 5, ""threshold"": 0.1}}","{""error_rate"": {""min_instances"": 5, ""threshold"": 0.1}}",0.1,0.005,0.15,5,0.05,0.005,0.1,30,,,,-1,two_stage,2,0.5,"__confirm_cooldown=200,__confirm_rule=perm_test,__perm_alpha=0.01,__perm_min_effect=0,__perm_n_perm=200,__perm_post_n=10,__perm_pre_n=500,__perm_rng_seed=0,__perm_stat=vote_score,divergence=0.3,error_rate=0.5,teacher_entropy=0.2",3,0,200,0.0,0,10000,10.0,25.0,200,500,0,0,1.0,0.6279103368560106,0.25560794937650494,0.0,0.6675033569335938,0.003963399212807417,0,0,143,142,-1,perm_test,0.004975124378109453,0.4566950428935732,142,142,0,0.0,0.00026951590552926064,0,0.0,0.0,0.0,0.0,0,none,0,1,0,overconfident,0.95,0,mild_drift,0.9580675403197865,0.0013225439883036622,0.7903378543358398,0.8535525109932574,1768220042.059498,0.45807185769081116,0.016450611874461174
758,48512,48511,sine_abrupt4,sine,ts_drift_adapt,5,"error_divergence_ph_meta@error.threshold=0.10,error.min_instances=5",error_divergence_ph_meta,"{""divergence"": {""alpha"": 0.1, ""delta"": 0.005, ""min_instances"": 30, ""threshold"": 0.05}, ""error_rate"": {""alpha"": 0.15, ""delta"": 0.005, ""min_instances"": 5, ""threshold"": 0.1}}","{""error_rate"": {""min_instances"": 5, ""threshold"": 0.1}}",0.1,0.005,0.15,5,0.05,0.005,0.1,30,,,,-1,two_stage,2,0.5,"__confirm_cooldown=200,__confirm_rule=perm_test,__perm_alpha=0.01,__perm_min_effect=0,__perm_n_perm=200,__perm_post_n=10,__perm_pre_n=500,__perm_rng_seed=0,__perm_stat=vote_score,divergence=0.3,error_rate=0.5,teacher_entropy=0.2",3,0,200,0.0,0,10000,10.0,25.0,200,500,0,0,1.0,0.6282156992084432,0.2562158002691789,0.0,0.6665319204330444,0.002953639719635248,1,1,144,143,0,perm_test,0.004975124378109453,0.43291010882604825,143,143,0,0.3333333333333333,0.0010097594931721687,1,0.5,0.0,0.0,0.0,0,none,1,1,0,overconfident,0.95,0,severe_drift,0.9245337701598932,0.0016612719941518311,0.64516892716792,0.8317762554966287,1768220042.0742764,0.4949229657649994,0.012204451486468315
759,48576,48575,sine_abrupt4,sine,ts_drift_adapt,5,"error_divergence_ph_meta@error.threshold=0.10,error.min_instances=5",error_divergence_ph_meta,"{""divergence"": {""alpha"": 0.1, ""delta"": 0.005, ""min_instances"": 30, ""threshold"": 0.05}, ""error_rate"": {""alpha"": 0.15, ""delta"": 0.005, ""min_instances"": 5, ""threshold"": 0.1}}","{""error_rate"": {""min_instances"": 5, ""threshold"": 0.1}}",0.1,0.005,0.15,5,0.05,0.005,0.1,30,,,,-1,two_stage,2,0.5,"__confirm_cooldown=200,__confirm_rule=perm_test,__perm_alpha=0.01,__perm_min_effect=0,__perm_n_perm=200,__perm_post_n=10,__perm_pre_n=500,__perm_rng_seed=0,__perm_stat=vote_score,divergence=0.3,error_rate=0.5,teacher_entropy=0.2",3,0,200,0.0,0,10000,10.0,25.0,200,500,1,136,1.0,0.6286026021080369,0.2569814825758944,0.0,0.662067174911499,0.003615028690546751,0,0,144,143,-1,perm_test,0.004975124378109453,0.43291010882604825,143,143,0,0.0,0.0006613889709115028,0,0.0,0.0,0.0,0.0,0,none,0,1,0,overconfident,0.95,0,mild_drift,0.9424168850799466,0.0014806359970759156,0.72258446358396,0.8433881277483144,1768220042.0826883,0.36414527893066406,0.014936831779778004
760,48640,48639,sine_abrupt4,sine,ts_drift_adapt,5,"error_divergence_ph_meta@error.threshold=0.10,error.min_instances=5",error_divergence_ph_meta,"{""divergence"": {""alpha"": 0.1, ""delta"": 0.005, ""min_instances"": 30, ""threshold"": 0.05}, ""error_rate"": {""alpha"": 0.15, ""delta"": 0.005, ""min_instances"": 5, ""threshold"": 0.1}}","{""error_rate"": {""min_instances"": 5, ""threshold"": 0.1}}",0.1,0.005,0.15,5,0.05,0.005,0.1,30,,,,-1,two_stage,2,0.5,"__confirm_cooldown=200,__confirm_rule=perm_test,__perm_alpha=0.01,__perm_min_effect=0,__perm_n_perm=200,__perm_post_n=10,__perm_pre_n=500,__perm_rng_seed=0,__perm_stat=vote_score,divergence=0.3,error_rate=0.5,teacher_entropy=0.2",3,0,200,0.0,0,10000,10.0,25.0,200,500,1,72,1.0,0.62890625,0.2575827150881818,0.16666666666666666,0.6571102738380432,0.0037064747884869576,0,0,144,143,-1,perm_test,0.004975124378109453,0.43291010882604825,143,143,0,0.0,0.16666666666666666,0,0.0,0.0,0.0,0.0,0,none,0,1,0,overconfident,0.95,0,mild_drift,0.9513584425399733,0.001390317998537958,0.76129223179198,0.8491940638741572,1768220042.0909815,0.48212066292762756,0.015487347729504108
761,48704,48703,sine_abrupt4,sine,ts_drift_adapt,5,"error_divergence_ph_meta@error.threshold=0.10,error.min_instances=5",error_divergence_ph_meta,"{""divergence"": {""alpha"": 0.1, ""delta"": 0.005, ""min_instances"": 30, ""threshold"": 0.05}, ""error_rate"": {""alpha"": 0.15, ""delta"": 0.005, ""min_instances"": 5, ""threshold"": 0.1}}","{""error_rate"": {""min_instances"": 5, ""threshold"": 0.1}}",0.1,0.005,0.15,5,0.05,0.005,0.1,30,,,,-1,two_stage,2,0.5,"__confirm_cooldown=200,__confirm_rule=perm_test,__perm_alpha=0.01,__perm_min_effect=0,__perm_n_perm=200,__perm_post_n=10,__perm_pre_n=500,__perm_rng_seed=0,__perm_stat=vote_score,divergence=0.3,error_rate=0.5,teacher_entropy=0.2",3,0,200,0.0,0,10000,10.0,25.0,200,500,1,8,1.0,0.6292912286465178,0.2583432716462453,0.0,0.6583423018455505,0.004353692755103111,0,0,144,143,-1,perm_test,0.004975124378109453,0.43291010882604825,143,143,0,0.0,0.16666666666666666,0,0.0,0.0,0.0,0.0,0,none,0,1,0,overconfident,0.95,0,mild_drift,0.9558292212699866,0.0013451589992689791,0.7806461158959901,0.8520970319370786,1768220042.0993075,0.29952120780944824,0.018301742151379585
762,48768,48767,sine_abrupt4,sine,ts_drift_adapt,5,"error_divergence_ph_meta@error.threshold=0.10,error.min_instances=5",error_divergence_ph_meta,"{""divergence"": {""alpha"": 0.1, ""delta"": 0.005, ""min_instances"": 30, ""threshold"": 0.05}, ""error_rate"": {""alpha"": 0.15, ""delta"": 0.005, ""min_instances"": 5, ""threshold"": 0.1}}","{""error_rate"": {""min_instances"": 5, ""threshold"": 0.1}}",0.1,0.005,0.15,5,0.05,0.005,0.1,30,,,,-1,two_stage,2,0.5,"__confirm_cooldown=200,__confirm_rule=perm_test,__perm_alpha=0.01,__perm_min_effect=0,__perm_n_perm=200,__perm_post_n=10,__perm_pre_n=500,__perm_rng_seed=0,__perm_stat=vote_score,divergence=0.3,error_rate=0.5,teacher_entropy=0.2",3,0,200,0.0,0,10000,10.0,25.0,200,500,0,0,1.0,0.6295521653543307,0.25886560389408697,0.0,0.6653154492378235,0.0031026967335492373,0,0,144,143,-1,perm_test,0.004975124378109453,0.43291010882604825,143,143,0,0.0,0.001250996021553874,0,0.0,0.0,0.0,0.0,0,none,0,1,0,overconfident,0.95,0,mild_drift,0.9580646106349933,0.0013225794996344895,0.7903230579479951,0.8535485159685393,1768220042.107621,0.27079445123672485,0.012859092094004154
763,48832,48831,sine_abrupt4,sine,ts_drift_adapt,5,"error_divergence_ph_meta@error.threshold=0.10,error.min_instances=5",error_divergence_ph_meta,"{""divergence"": {""alpha"": 0.1, ""delta"": 0.005, ""min_instances"": 30, ""threshold"": 0.05}, ""error_rate"": {""alpha"": 0.15, ""delta"": 0.005, ""min_instances"": 5, ""threshold"": 0.1}}","{""error_rate"": {""min_instances"": 5, ""threshold"": 0.1}}",0.1,0.005,0.15,5,0.05,0.005,0.1,30,,,,-1,two_stage,2,0.5,"__confirm_cooldown=200,__confirm_rule=perm_test,__perm_alpha=0.01,__perm_min_effect=0,__perm_n_perm=200,__perm_post_n=10,__perm_pre_n=500,__perm_rng_seed=0,__perm_stat=vote_score,divergence=0.3,error_rate=0.5,teacher_entropy=0.2",3,0,200,0.0,0,10000,10.0,25.0,200,500,0,0,1.0,0.6298328964613368,0.25942807092228126,0.3333333333333333,0.66484135389328,0.0040328530594706535,1,1,145,144,0,perm_test,0.004975124378109453,0.4352129272154399,144,144,0,0.3333333333333333,0.3333333333333333,1,0.5,0.0,0.0,0.0,0,none,1,1,0,overconfident,0.95,0,severe_drift,0.9245323053174966,0.0016612897498172448,0.6451615289739976,0.8317742579842697,1768220042.1222327,0.5240828394889832,0.016852902248501778
764,48896,48895,sine_abrupt4,sine,ts_drift_adapt,5,"error_divergence_ph_meta@error.threshold=0.10,error.min_instances=5",error_divergence_ph_meta,"{""divergence"": {""alpha"": 0.1, ""delta"": 0.005, ""min_instances"": 30, ""threshold"": 0.05}, ""error_rate"": {""alpha"": 0.15, ""delta"": 0.005, ""min_instances"": 5, ""threshold"": 0.1}}","{""error_rate"": {""min_instances"": 5, ""threshold"": 0.1}}",0.1,0.005,0.15,5,0.05,0.005,0.1,30,,,,-1,two_stage,2,0.5,"__confirm_cooldown=200,__confirm_rule=perm_test,__perm_alpha=0.01,__perm_min_effect=0,__perm_n_perm=200,__perm_post_n=10,__perm_pre_n=500,__perm_rng_seed=0,__perm_stat=vote_score,divergence=0.3,error_rate=0.5,teacher_entropy=0.2",3,0,200,0.0,0,10000,10.0,25.0,200,500,1,136,1.0,0.630112892670157,0.2599826140991644,0.0,0.6592298150062561,0.0049380045384168625,0,0,145,144,-1,perm_test,0.004975124378109453,0.4352129272154399,144,144,0,0.0,0.3333333333333333,0,0.0,0.0,0.0,0.0,0,none,0,1,0,overconfident,0.95,0,mild_drift,0.9424161526587482,0.0014806448749086225,0.7225807644869988,0.8433871289921349,1768220042.1305149,0.2882932722568512,0.021086594089865685
765,48960,48959,sine_abrupt4,sine,ts_drift_adapt,5,"error_divergence_ph_meta@error.threshold=0.10,error.min_instances=5",error_divergence_ph_meta,"{""divergence"": {""alpha"": 0.1, ""delta"": 0.005, ""min_instances"": 30, ""threshold"": 0.05}, ""error_rate"": {""alpha"": 0.15, ""delta"": 0.005, ""min_instances"": 5, ""threshold"": 0.1}}","{""error_rate"": {""min_instances"": 5, ""threshold"": 0.1}}",0.1,0.005,0.15,5,0.05,0.005,0.1,30,,,,-1,two_stage,2,0.5,"__confirm_cooldown=200,__confirm_rule=perm_test,__perm_alpha=0.01,__perm_min_effect=0,__perm_n_perm=200,__perm_post_n=10,__perm_pre_n=500,__perm_rng_seed=0,__perm_stat=vote_score,divergence=0.3,error_rate=0.5,teacher_entropy=0.2",3,0,200,0.0,0,10000,10.0,25.0,200,500,1,72,1.0,0.6304534313725491,0.2606542760517533,0.0,0.6461368203163147,0.0070050121285021305,0,0,145,144,-1,perm_test,0.004975124378109453,0.4352129272154399,144,144,0,0.0,0.002067007590085268,0,0.0,0.0,0.0,0.0,0,none,0,1,0,overconfident,0.95,0,mild_drift,0.9513580763293741,0.0013903224374543113,0.7612903822434994,0.8491935644960674,1768220042.1388023,0.46326494216918945,0.030746737495064735
766,49024,49023,sine_abrupt4,sine,ts_drift_adapt,5,"error_divergence_ph_meta@error.threshold=0.10,error.min_instances=5",error_divergence_ph_meta,"{""divergence"": {""alpha"": 0.1, ""delta"": 0.005, ""min_instances"": 30, ""threshold"": 0.05}, ""error_rate"": {""alpha"": 0.15, ""delta"": 0.005, ""min_instances"": 5, ""threshold"": 0.1}}","{""error_rate"": {""min_instances"": 5, ""threshold"": 0.1}}",0.1,0.005,0.15,5,0.05,0.005,0.1,30,,,,-1,two_stage,2,0.5,"__confirm_cooldown=200,__confirm_rule=perm_test,__perm_alpha=0.01,__perm_min_effect=0,__perm_n_perm=200,__perm_post_n=10,__perm_pre_n=500,__perm_rng_seed=0,__perm_stat=vote_score,divergence=0.3,error_rate=0.5,teacher_entropy=0.2",3,0,200,0.0,0,10000,10.0,25.0,200,500,1,8,1.0,0.6306706919060052,0.2610817064312021,0.0,0.650799036026001,0.0063678608275949955,0,0,145,144,-1,perm_test,0.004975124378109453,0.4352129272154399,144,144,0,0.0,0.000637151300907135,0,0.0,0.0,0.0,0.0,0,none,0,1,0,overconfident,0.95,0,mild_drift,0.955829038164687,0.0013451612187271558,0.7806451911217498,0.8520967822480336,1768220042.1470752,0.36957529187202454,0.028263099491596222
767,49088,49087,sine_abrupt4,sine,ts_drift_adapt,5,"error_divergence_ph_meta@error.threshold=0.10,error.min_instances=5",error_divergence_ph_meta,"{""divergence"": {""alpha"": 0.1, ""delta"": 0.005, ""min_instances"": 30, ""threshold"": 0.05}, ""error_rate"": {""alpha"": 0.15, ""delta"": 0.005, ""min_instances"": 5, ""threshold"": 0.1}}","{""error_rate"": {""min_instances"": 5, ""threshold"": 0.1}}",0.1,0.005,0.15,5,0.05,0.005,0.1,30,,,,-1,two_stage,2,0.5,"__confirm_cooldown=200,__confirm_rule=perm_test,__perm_alpha=0.01,__perm_min_effect=0,__perm_n_perm=200,__perm_post_n=10,__perm_pre_n=500,__perm_rng_seed=0,__perm_stat=vote_score,divergence=0.3,error_rate=0.5,teacher_entropy=0.2",3,0,200,0.0,0,10000,10.0,25.0,200,500,0,0,1.0,0.6310503585397653,0.261837106702334,0.3333333333333333,0.6471037864685059,0.0058716097846627235,0,0,145,144,-1,perm_test,0.004975124378109453,0.4352129272154399,144,144,0,0.0,0.3333333333333333,0,0.0,0.0,0.0,0.0,0,none,0,1,0,overconfident,0.95,0,mild_drift,0.9580645190823435,0.0013225806093635781,0.7903225955608749,0.8535483911240168,1768220042.1554465,0.5813181400299072,0.025113623589277267
768,49152,49151,sine_abrupt4,sine,ts_drift_adapt,5,"error_divergence_ph_meta@error.threshold=0.10,error.min_instances=5",error_divergence_ph_meta,"{""divergence"": {""alpha"": 0.1, ""delta"": 0.005, ""min_instances"": 30, ""threshold"": 0.05}, ""error_rate"": {""alpha"": 0.15, ""delta"": 0.005, ""min_instances"": 5, ""threshold"": 0.1}}","{""error_rate"": {""min_instances"": 5, ""threshold"": 0.1}}",0.1,0.005,0.15,5,0.05,0.005,0.1,30,,,,-1,two_stage,2,0.5,"__confirm_cooldown=200,__confirm_rule=perm_test,__perm_alpha=0.01,__perm_min_effect=0,__perm_n_perm=200,__perm_post_n=10,__perm_pre_n=500,__perm_rng_seed=0,__perm_stat=vote_score,divergence=0.3,error_rate=0.5,teacher_entropy=0.2",3,0,200,0.0,0,10000,10.0,25.0,200,500,0,0,1.0,0.6313883463541666,0.26251140771382364,0.0,0.6459077000617981,0.005755314137786627,1,1,146,145,0,perm_test,0.004975124378109453,0.4303870048929303,145,145,0,0.3333333333333333,0.3333333333333333,1,0.5,0.0,0.0,0.0,0,none,1,1,0,overconfident,0.95,0,severe_drift,0.9245322595411718,0.001661290304681789,0.6451612977804375,0.8317741955620084,1768220042.1702142,0.3701615333557129,0.025140153244137764
769,49216,49215,sine_abrupt4,sine,ts_drift_adapt,5,"error_divergence_ph_meta@error.threshold=0.10,error.min_instances=5",error_divergence_ph_meta,"{""divergence"": {""alpha"": 0.1, ""delta"": 0.005, ""min_instances"": 30, ""threshold"": 0.05}, ""error_rate"": {""alpha"": 0.15, ""delta"": 0.005, ""min_instances"": 5, ""threshold"": 0.1}}","{""error_rate"": {""min_instances"": 5, ""threshold"": 0.1}}",0.1,0.005,0.15,5,0.05,0.005,0.1,30,,,,-1,two_stage,2,0.5,"__confirm_cooldown=200,__confirm_rule=perm_test,__perm_alpha=0.01,__perm_min_effect=0,__perm_n_perm=200,__perm_post_n=10,__perm_pre_n=500,__perm_rng_seed=0,__perm_stat=vote_score,divergence=0.3,error_rate=0.5,teacher_entropy=0.2",3,0,200,0.0,0,10000,10.0,25.0,200,500,1,136,1.0,0.6316441807542262,0.263019396554487,0.16666666666666666,0.6323388814926147,0.0059727393090724945,0,0,146,145,-1,perm_test,0.004975124378109453,0.4303870048929303,145,145,0,0.0,0.16666666666666666,0,0.0,0.0,0.0,0.0,0,none,0,1,0,overconfident,0.95,0,mild_drift,0.9424161297705859,0.0014806451523408947,0.7225806488902188,0.8433870977810042,1768220042.17853,0.4416050612926483,0.02598188817501068
770,49280,49279,sine_abrupt4,sine,ts_drift_adapt,5,"error_divergence_ph_meta@error.threshold=0.10,error.min_instances=5",error_divergence_ph_meta,"{""divergence"": {""alpha"": 0.1, ""delta"": 0.005, ""min_instances"": 30, ""threshold"": 0.05}, ""error_rate"": {""alpha"": 0.15, ""delta"": 0.005, ""min_instances"": 5, ""threshold"": 0.1}}","{""error_rate"": {""min_instances"": 5, ""threshold"": 0.1}}",0.1,0.005,0.15,5,0.05,0.005,0.1,30,,,,-1,two_stage,2,0.5,"__confirm_cooldown=200,__confirm_rule=perm_test,__perm_alpha=0.01,__perm_min_effect=0,__perm_n_perm=200,__perm_post_n=10,__perm_pre_n=500,__perm_rng_seed=0,__perm_stat=vote_score,divergence=0.3,error_rate=0.5,teacher_entropy=0.2",3,0,200,0.0,0,10000,10.0,25.0,200,500,1,72,1.0,0.6320616883116883,0.263839894230279,0.16666666666666666,0.610106885433197,0.00973011739552021,0,0,146,145,-1,perm_test,0.004975124378109453,0.4303870048929303,145,145,0,0.0,0.0037573780864477158,0,0.0,0.0,0.0,0.0,0,none,0,1,0,overconfident,0.95,0,mild_drift,0.9513580648852928,0.0013903225761704475,0.7612903244451095,0.849193548890502,1768220042.1868021,0.44526734948158264,0.04396117106080055
771,49344,49343,sine_abrupt4,sine,ts_drift_adapt,5,"error_divergence_ph_meta@error.threshold=0.10,error.min_instances=5",error_divergence_ph_meta,"{""divergence"": {""alpha"": 0.1, ""delta"": 0.005, ""min_instances"": 30, ""threshold"": 0.05}, ""error_rate"": {""alpha"": 0.15, ""delta"": 0.005, ""min_instances"": 5, ""threshold"": 0.1}}","{""error_rate"": {""min_instances"": 5, ""threshold"": 0.1}}",0.1,0.005,0.15,5,0.05,0.005,0.1,30,,,,-1,two_stage,2,0.5,"__confirm_cooldown=200,__confirm_rule=perm_test,__perm_alpha=0.01,__perm_min_effect=0,__perm_n_perm=200,__perm_post_n=10,__perm_pre_n=500,__perm_rng_seed=0,__perm_stat=vote_score,divergence=0.3,error_rate=0.5,teacher_entropy=0.2",3,0,200,0.0,0,10000,10.0,25.0,200,500,1,8,1.0,0.6324173151750972,0.26454649371975353,0.0,0.6401956677436829,0.005762615706771612,0,0,146,145,-1,perm_test,0.004975124378109453,0.4303870048929303,145,145,0,0.0,0.16666666666666666,0,0.0,0.0,0.0,0.0,0,none,0,1,0,overconfident,0.95,0,mild_drift,0.9558290324426464,0.0013451612880852237,0.7806451622225548,0.852096774445251,1768220042.1950905,0.39022818207740784,0.024555755779147148
772,49408,49407,sine_abrupt4,sine,ts_drift_adapt,5,"error_divergence_ph_meta@error.threshold=0.10,error.min_instances=5",error_divergence_ph_meta,"{""divergence"": {""alpha"": 0.1, ""delta"": 0.005, ""min_instances"": 30, ""threshold"": 0.05}, ""error_rate"": {""alpha"": 0.15, ""delta"": 0.005, ""min_instances"": 5, ""threshold"": 0.1}}","{""error_rate"": {""min_instances"": 5, ""threshold"": 0.1}}",0.1,0.005,0.15,5,0.05,0.005,0.1,30,,,,-1,two_stage,2,0.5,"__confirm_cooldown=200,__confirm_rule=perm_test,__perm_alpha=0.01,__perm_min_effect=0,__perm_n_perm=200,__perm_post_n=10,__perm_pre_n=500,__perm_rng_seed=0,__perm_stat=vote_score,divergence=0.3,error_rate=0.5,teacher_entropy=0.2",3,0,200,0.0,0,10000,10.0,25.0,200,500,0,0,1.0,0.6328732189119171,0.2654481240311533,0.0,0.6400592923164368,0.007805800065398216,0,0,146,145,-1,perm_test,0.004975124378109453,0.4303870048929303,145,145,0,0.0,0.002043184358626604,0,0.0,0.0,0.0,0.0,0,none,0,1,0,overconfident,0.95,0,mild_drift,0.9580645162213232,0.001322580644042612,0.7903225811112774,0.8535483872226255,1768220042.2035275,0.15594878792762756,0.033755846321582794
773,49472,49471,sine_abrupt4,sine,ts_drift_adapt,5,"error_divergence_ph_meta@error.threshold=0.10,error.min_instances=5",error_divergence_ph_meta,"{""divergence"": {""alpha"": 0.1, ""delta"": 0.005, ""min_instances"": 30, ""threshold"": 0.05}, ""error_rate"": {""alpha"": 0.15, ""delta"": 0.005, ""min_instances"": 5, ""threshold"": 0.1}}","{""error_rate"": {""min_instances"": 5, ""threshold"": 0.1}}",0.1,0.005,0.15,5,0.05,0.005,0.1,30,,,,-1,two_stage,2,0.5,"__confirm_cooldown=200,__confirm_rule=perm_test,__perm_alpha=0.01,__perm_min_effect=0,__perm_n_perm=200,__perm_post_n=10,__perm_pre_n=500,__perm_rng_seed=0,__perm_stat=vote_score,divergence=0.3,error_rate=0.5,teacher_entropy=0.2",3,0,200,0.0,0,10000,10.0,25.0,200,500,0,0,1.0,0.6331662354463131,0.26602286810779924,0.3333333333333333,0.6289054751396179,0.007525688502937555,1,1,147,146,0,perm_test,0.004975124378109453,0.43955002857045955,146,146,0,0.3333333333333333,0.3333333333333333,1,0.5,0.0,0.0,0.0,0,none,1,1,0,overconfident,0.95,0,severe_drift,0.9245322581106616,0.001661290322021306,0.6451612905556388,0.8317741936113128,1768220042.218371,0.48582398891448975,0.03445654362440109
774,49536,49535,sine_abrupt4,sine,ts_drift_adapt,5,"error_divergence_ph_meta@error.threshold=0.10,error.min_instances=5",error_divergence_ph_meta,"{""divergence"": {""alpha"": 0.1, ""delta"": 0.005, ""min_instances"": 30, ""threshold"": 0.05}, ""error_rate"": {""alpha"": 0.15, ""delta"": 0.005, ""min_instances"": 5, ""threshold"": 0.1}}","{""error_rate"": {""min_instances"": 5, ""threshold"": 0.1}}",0.1,0.005,0.15,5,0.05,0.005,0.1,30,,,,-1,two_stage,2,0.5,"__confirm_cooldown=200,__confirm_rule=perm_test,__perm_alpha=0.01,__perm_min_effect=0,__perm_n_perm=200,__perm_post_n=10,__perm_pre_n=500,__perm_rng_seed=0,__perm_stat=vote_score,divergence=0.3,error_rate=0.5,teacher_entropy=0.2",3,0,200,0.0,0,10000,10.0,25.0,200,500,1,136,1.0,0.6335796188630491,0.2668428557090884,0.0,0.6133214831352234,0.007179589010775089,0,0,147,146,-1,perm_test,0.004975124378109453,0.43955002857045955,146,146,0,0.0,0.3333333333333333,0,0.0,0.0,0.0,0.0,0,none,0,1,0,overconfident,0.95,0,mild_drift,0.9424161290553308,0.0014806451610106532,0.7225806452778194,0.8433870968056564,1768220042.2275195,0.36832043528556824,0.10680390894412994
775,49600,49599,sine_abrupt4,sine,ts_drift_adapt,5,"error_divergence_ph_meta@error.threshold=0.10,error.min_instances=5",error_divergence_ph_meta,"{""divergence"": {""alpha"": 0.1, ""delta"": 0.005, ""min_instances"": 30, ""threshold"": 0.05}, ""error_rate"": {""alpha"": 0.15, ""delta"": 0.005, ""min_instances"": 5, ""threshold"": 0.1}}","{""error_rate"": {""min_instances"": 5, ""threshold"": 0.1}}",0.1,0.005,0.15,5,0.05,0.005,0.1,30,,,,-1,two_stage,2,0.5,"__confirm_cooldown=200,__confirm_rule=perm_test,__perm_alpha=0.01,__perm_min_effect=0,__perm_n_perm=200,__perm_post_n=10,__perm_pre_n=500,__perm_rng_seed=0,__perm_stat=vote_score,divergence=0.3,error_rate=0.5,teacher_entropy=0.2",3,0,200,0.0,0,10000,10.0,25.0,200,500,1,72,1.0,0.6338911290322581,0.26746475863450886,0.3333333333333333,0.6365118622779846,0.005317952949553728,0,0,147,146,-1,perm_test,0.004975124378109453,0.43955002857045955,146,146,0,0.0,0.3333333333333333,0,0.0,0.0,0.0,0.0,0,none,0,1,0,overconfident,0.95,0,mild_drift,0.9513580645276654,0.0013903225805053268,0.7612903226389097,0.8491935484028281,1768220042.2365518,0.461957722902298,0.09655499458312988
776,49664,49663,sine_abrupt4,sine,ts_drift_adapt,5,"error_divergence_ph_meta@error.threshold=0.10,error.min_instances=5",error_divergence_ph_meta,"{""divergence"": {""alpha"": 0.1, ""delta"": 0.005, ""min_instances"": 30, ""threshold"": 0.05}, ""error_rate"": {""alpha"": 0.15, ""delta"": 0.005, ""min_instances"": 5, ""threshold"": 0.1}}","{""error_rate"": {""min_instances"": 5, ""threshold"": 0.1}}",0.1,0.005,0.15,5,0.05,0.005,0.1,30,,,,-1,two_stage,2,0.5,"__confirm_cooldown=200,__confirm_rule=perm_test,__perm_alpha=0.01,__perm_min_effect=0,__perm_n_perm=200,__perm_post_n=10,__perm_pre_n=500,__perm_rng_seed=0,__perm_stat=vote_score,divergence=0.3,error_rate=0.5,teacher_entropy=0.2",3,0,200,0.0,0,10000,10.0,25.0,200,500,1,8,1.0,0.6343226481958762,0.2683166733640379,0.16666666666666666,0.5981106758117676,0.006235528737306595,0,0,147,146,-1,perm_test,0.004975124378109453,0.43955002857045955,146,146,0,0.0,0.16666666666666666,0,0.0,0.0,0.0,0.0,0,none,0,1,0,overconfident,0.95,0,mild_drift,0.9558290322638326,0.0013451612902526636,0.7806451613194549,0.852096774201414,1768220042.2455726,0.2886408865451813,0.09602336585521698
777,49728,49727,sine_abrupt4,sine,ts_drift_adapt,5,"error_divergence_ph_meta@error.threshold=0.10,error.min_instances=5",error_divergence_ph_meta,"{""divergence"": {""alpha"": 0.1, ""delta"": 0.005, ""min_instances"": 30, ""threshold"": 0.05}, ""error_rate"": {""alpha"": 0.15, ""delta"": 0.005, ""min_instances"": 5, ""threshold"": 0.1}}","{""error_rate"": {""min_instances"": 5, ""threshold"": 0.1}}",0.1,0.005,0.15,5,0.05,0.005,0.1,30,,,,-1,two_stage,2,0.5,"__confirm_cooldown=200,__confirm_rule=perm_test,__perm_alpha=0.01,__perm_min_effect=0,__perm_n_perm=200,__perm_post_n=10,__perm_pre_n=500,__perm_rng_seed=0,__perm_stat=vote_score,divergence=0.3,error_rate=0.5,teacher_entropy=0.2",3,0,200,0.0,0,10000,10.0,25.0,200,500,0,0,1.0,0.6346927284427284,0.269058990704337,0.16666666666666666,0.6198198199272156,0.005736170336604118,0,0,147,146,-1,perm_test,0.004975124378109453,0.43955002857045955,146,146,0,0.0,0.0004993584007024765,0,0.0,0.0,0.0,0.0,0,none,0,1,0,overconfident,0.95,0,mild_drift,0.9580645161319163,0.001322580645126332,0.7903225806597275,0.853548387100707,1768220042.254695,0.3448653519153595,0.0928879976272583
778,49792,49791,sine_abrupt4,sine,ts_drift_adapt,5,"error_divergence_ph_meta@error.threshold=0.10,error.min_instances=5",error_divergence_ph_meta,"{""divergence"": {""alpha"": 0.1, ""delta"": 0.005, ""min_instances"": 30, ""threshold"": 0.05}, ""error_rate"": {""alpha"": 0.15, ""delta"": 0.005, ""min_instances"": 5, ""threshold"": 0.1}}","{""error_rate"": {""min_instances"": 5, ""threshold"": 0.1}}",0.1,0.005,0.15,5,0.05,0.005,0.1,30,,,,-1,two_stage,2,0.5,"__confirm_cooldown=200,__confirm_rule=perm_test,__perm_alpha=0.01,__perm_min_effect=0,__perm_n_perm=200,__perm_post_n=10,__perm_pre_n=500,__perm_rng_seed=0,__perm_stat=vote_score,divergence=0.3,error_rate=0.5,teacher_entropy=0.2",3,0,200,0.0,0,10000,10.0,25.0,200,500,0,0,1.0,0.6350417737789203,0.26975211175737646,0.16666666666666666,0.6115638613700867,0.00822525005787611,1,1,148,147,0,perm_test,0.004975124378109453,0.4273038433270614,147,147,0,0.16666666666666666,0.0024890797212719917,1,0.5,0.0,0.0,0.0,0,none,1,1,0,overconfident,0.95,0,severe_drift,0.9245322580659582,0.001661290322563166,0.6451612903298638,0.8317741935503535,1768220042.2702053,0.33408352732658386,0.10128754377365112
779,49856,49855,sine_abrupt4,sine,ts_drift_adapt,5,"error_divergence_ph_meta@error.threshold=0.10,error.min_instances=5",error_divergence_ph_meta,"{""divergence"": {""alpha"": 0.1, ""delta"": 0.005, ""min_instances"": 30, ""threshold"": 0.05}, ""error_rate"": {""alpha"": 0.15, ""delta"": 0.005, ""min_instances"": 5, ""threshold"": 0.1}}","{""error_rate"": {""min_instances"": 5, ""threshold"": 0.1}}",0.1,0.005,0.15,5,0.05,0.005,0.1,30,,,,-1,two_stage,2,0.5,"__confirm_cooldown=200,__confirm_rule=perm_test,__perm_alpha=0.01,__perm_min_effect=0,__perm_n_perm=200,__perm_post_n=10,__perm_pre_n=500,__perm_rng_seed=0,__perm_stat=vote_score,divergence=0.3,error_rate=0.5,teacher_entropy=0.2",3,0,200,0.0,0,10000,10.0,25.0,200,500,1,136,1.0,0.6354099807445442,0.2704856767247449,0.0,0.6232971549034119,0.007814562879502773,0,0,148,147,-1,perm_test,0.004975124378109453,0.4273038433270614,147,147,0,0.0,0.16666666666666666,0,0.0,0.0,0.0,0.0,0,none,0,1,0,overconfident,0.95,0,mild_drift,0.9424161290329791,0.0014806451612815832,0.7225806451649319,0.8433870967751768,1768220042.279377,0.3033706247806549,0.24702368676662445
780,49920,49919,sine_abrupt4,sine,ts_drift_adapt,5,"error_divergence_ph_meta@error.threshold=0.10,error.min_instances=5",error_divergence_ph_meta,"{""divergence"": {""alpha"": 0.1, ""delta"": 0.005, ""min_instances"": 30, ""threshold"": 0.05}, ""error_rate"": {""alpha"": 0.15, ""delta"": 0.005, ""min_instances"": 5, ""threshold"": 0.1}}","{""error_rate"": {""min_instances"": 5, ""threshold"": 0.1}}",0.1,0.005,0.15,5,0.05,0.005,0.1,30,,,,-1,two_stage,2,0.5,"__confirm_cooldown=200,__confirm_rule=perm_test,__perm_alpha=0.01,__perm_min_effect=0,__perm_n_perm=200,__perm_post_n=10,__perm_pre_n=500,__perm_rng_seed=0,__perm_stat=vote_score,divergence=0.3,error_rate=0.5,teacher_entropy=0.2",3,0,200,0.0,0,10000,10.0,25.0,200,500,1,72,1.0,0.6358173076923077,0.27130115990886083,0.0,0.6162438988685608,0.008181837387382984,0,0,148,147,-1,perm_test,0.004975124378109453,0.4273038433270614,147,147,0,0.0,0.0003672745078802109,0,0.0,0.0,0.0,0.0,0,none,0,1,0,overconfident,0.95,0,mild_drift,0.9513580645164895,0.0013903225806407918,0.761290322582466,0.8491935483875883,1768220042.2884588,0.2767595946788788,0.1523602306842804
781,49984,49983,sine_abrupt4,sine,ts_drift_adapt,5,"error_divergence_ph_meta@error.threshold=0.10,error.min_instances=5",error_divergence_ph_meta,"{""divergence"": {""alpha"": 0.1, ""delta"": 0.005, ""min_instances"": 30, ""threshold"": 0.05}, ""error_rate"": {""alpha"": 0.15, ""delta"": 0.005, ""min_instances"": 5, ""threshold"": 0.1}}","{""error_rate"": {""min_instances"": 5, ""threshold"": 0.1}}",0.1,0.005,0.15,5,0.05,0.005,0.1,30,,,,-1,two_stage,2,0.5,"__confirm_cooldown=200,__confirm_rule=perm_test,__perm_alpha=0.01,__perm_min_effect=0,__perm_n_perm=200,__perm_post_n=10,__perm_pre_n=500,__perm_rng_seed=0,__perm_stat=vote_score,divergence=0.3,error_rate=0.5,teacher_entropy=0.2",3,0,200,0.0,0,10000,10.0,25.0,200,500,1,8,1.0,0.6361035531370038,0.2718656805593777,0.16666666666666666,0.6087267398834229,0.008848107419908047,0,0,148,147,-1,perm_test,0.004975124378109453,0.4273038433270614,147,147,0,0.0,0.16666666666666666,0,0.0,0.0,0.0,0.0,0,none,0,1,0,overconfident,0.95,0,mild_drift,0.9558290322582448,0.0013451612903203959,0.7806451612912331,0.8520967741937941,1768220042.2976205,0.3631373345851898,0.1890297383069992
782,50000,49999,sine_abrupt4,sine,ts_drift_adapt,5,"error_divergence_ph_meta@error.threshold=0.10,error.min_instances=5",error_divergence_ph_meta,"{""divergence"": {""alpha"": 0.1, ""delta"": 0.005, ""min_instances"": 30, ""threshold"": 0.05}, ""error_rate"": {""alpha"": 0.15, ""delta"": 0.005, ""min_instances"": 5, ""threshold"": 0.1}}","{""error_rate"": {""min_instances"": 5, ""threshold"": 0.1}}",0.1,0.005,0.15,5,0.05,0.005,0.1,30,,,,-1,two_stage,2,0.5,"__confirm_cooldown=200,__confirm_rule=perm_test,__perm_alpha=0.01,__perm_min_effect=0,__perm_n_perm=200,__perm_post_n=10,__perm_pre_n=500,__perm_rng_seed=0,__perm_stat=vote_score,divergence=0.3,error_rate=0.5,teacher_entropy=0.2",3,0,200,0.0,0,10000,10.0,25.0,200,500,0,0,1.0,0.63622,0.272093798493364,0.0,0.5953342914581299,0.006592415273189545,0,0,148,147,-1,perm_test,0.004975124378109453,0.4273038433270614,147,147,0,0.0,0.16666666666666666,0,0.0,0.0,0.0,0.0,0,none,0,1,0,overconfident,0.95,0,mild_drift,0.9580645161291224,0.0013225806451601981,0.7903225806456166,0.8535483870968971,1768220042.3064,0.07069514691829681,0.07116485387086868
