step,seen_samples,sample_idx,dataset_name,dataset_type,model_variant,seed,monitor_preset,monitor_preset_base,monitor_ph_params,monitor_ph_overrides,ph_error_threshold,ph_error_delta,ph_error_alpha,ph_error_min_instances,ph_divergence_threshold,ph_divergence_delta,ph_divergence_alpha,ph_divergence_min_instances,ph_entropy_threshold,ph_entropy_delta,ph_entropy_alpha,ph_entropy_min_instances,trigger_mode,trigger_k,trigger_threshold,trigger_weights,confirm_window,confirm_cooldown,effective_confirm_cooldown,confirm_rate_per10k,adaptive_cooldown_enabled,adaptive_window,adaptive_lower_per10k,adaptive_upper_per10k,adaptive_cooldown_low,adaptive_cooldown_high,confirm_cooldown_active,confirm_cooldown_remaining,severity_scheduler_scale,metric_accuracy,metric_kappa,student_error_rate,teacher_entropy,divergence_js,drift_flag,candidate_flag,candidate_count_total,confirmed_count_total,confirm_delay,confirm_rule_effective,last_perm_pvalue,last_perm_effect,perm_test_count_total,perm_accept_count_total,perm_reject_count_total,monitor_severity,monitor_fused_severity,monitor_vote_count,monitor_vote_score,drift_severity_raw,drift_severity,severity_carry,use_severity_v2,severity_gate,severity_confirmed,severity_gate_min_streak,severity_confirmed_streak,entropy_mode,decay,freeze_baseline_steps,regime,alpha,lr,lambda_u,tau,timestamp,supervised_loss,unsupervised_loss
1,64,63,sea_abrupt4,sea,ts_drift_adapt,4,"error_divergence_ph_meta@error.threshold=0.10,error.min_instances=5",error_divergence_ph_meta,"{""divergence"": {""alpha"": 0.1, ""delta"": 0.005, ""min_instances"": 30, ""threshold"": 0.05}, ""error_rate"": {""alpha"": 0.15, ""delta"": 0.005, ""min_instances"": 5, ""threshold"": 0.1}}","{""error_rate"": {""min_instances"": 5, ""threshold"": 0.1}}",0.1,0.005,0.15,5,0.05,0.005,0.1,30,,,,-1,two_stage,2,0.5,"__confirm_cooldown=200,__confirm_rule=perm_test,__perm_alpha=0.01,__perm_delta_k=50,__perm_min_effect=0,__perm_n_perm=200,__perm_post_n=50,__perm_pre_n=200,__perm_rng_seed=0,__perm_stat=delta_fused_score,divergence=0.3,error_rate=0.5,teacher_entropy=0.2",3,0,200,0.0,0,10000,10.0,25.0,200,500,0,0,1.0,0.484375,0.09122203098106713,0.8333333333333334,0.6737003326416016,0.0032691876403987408,0,0,0,0,-1,perm_test,,,0,0,0,0.0,0.0,0,0.0,0.0,0.0,0.0,0,none,0,1,0,overconfident,0.95,0,mild_drift,0.97515,0.00115,0.9,0.8775,1768132907.1510973,0.8345484733581543,0.013135681860148907
2,128,127,sea_abrupt4,sea,ts_drift_adapt,4,"error_divergence_ph_meta@error.threshold=0.10,error.min_instances=5",error_divergence_ph_meta,"{""divergence"": {""alpha"": 0.1, ""delta"": 0.005, ""min_instances"": 30, ""threshold"": 0.05}, ""error_rate"": {""alpha"": 0.15, ""delta"": 0.005, ""min_instances"": 5, ""threshold"": 0.1}}","{""error_rate"": {""min_instances"": 5, ""threshold"": 0.1}}",0.1,0.005,0.15,5,0.05,0.005,0.1,30,,,,-1,two_stage,2,0.5,"__confirm_cooldown=200,__confirm_rule=perm_test,__perm_alpha=0.01,__perm_delta_k=50,__perm_min_effect=0,__perm_n_perm=200,__perm_post_n=50,__perm_pre_n=200,__perm_rng_seed=0,__perm_stat=delta_fused_score,divergence=0.3,error_rate=0.5,teacher_entropy=0.2",3,0,200,0.0,0,10000,10.0,25.0,200,500,0,0,1.0,0.5859375,0.2045028142589118,0.16666666666666666,0.6766507625579834,0.006577027030289173,0,0,0,0,-1,perm_test,,,0,0,0,0.0,0.6666666666666667,0,0.0,0.0,0.0,0.0,0,none,0,1,0,overconfident,0.95,0,mild_drift,0.967725,0.001225,0.8500000000000001,0.86625,1768132907.159886,0.6085911393165588,0.026402613148093224
3,192,191,sea_abrupt4,sea,ts_drift_adapt,4,"error_divergence_ph_meta@error.threshold=0.10,error.min_instances=5",error_divergence_ph_meta,"{""divergence"": {""alpha"": 0.1, ""delta"": 0.005, ""min_instances"": 30, ""threshold"": 0.05}, ""error_rate"": {""alpha"": 0.15, ""delta"": 0.005, ""min_instances"": 5, ""threshold"": 0.1}}","{""error_rate"": {""min_instances"": 5, ""threshold"": 0.1}}",0.1,0.005,0.15,5,0.05,0.005,0.1,30,,,,-1,two_stage,2,0.5,"__confirm_cooldown=200,__confirm_rule=perm_test,__perm_alpha=0.01,__perm_delta_k=50,__perm_min_effect=0,__perm_n_perm=200,__perm_post_n=50,__perm_pre_n=200,__perm_rng_seed=0,__perm_stat=delta_fused_score,divergence=0.3,error_rate=0.5,teacher_entropy=0.2",3,0,200,0.0,0,10000,10.0,25.0,200,500,0,0,1.0,0.6145833333333334,0.16970546984572224,0.3333333333333333,0.6718127131462097,0.01968340389430523,0,0,0,0,-1,perm_test,,,0,0,0,0.0,0.16666666666666666,0,0.0,0.0,0.0,0.0,0,none,0,1,0,overconfident,0.95,0,mild_drift,0.9640124999999999,0.0012625000000000002,0.8250000000000001,0.860625,1768132907.1686738,0.5459225177764893,0.08021607249975204
4,256,255,sea_abrupt4,sea,ts_drift_adapt,4,"error_divergence_ph_meta@error.threshold=0.10,error.min_instances=5",error_divergence_ph_meta,"{""divergence"": {""alpha"": 0.1, ""delta"": 0.005, ""min_instances"": 30, ""threshold"": 0.05}, ""error_rate"": {""alpha"": 0.15, ""delta"": 0.005, ""min_instances"": 5, ""threshold"": 0.1}}","{""error_rate"": {""min_instances"": 5, ""threshold"": 0.1}}",0.1,0.005,0.15,5,0.05,0.005,0.1,30,,,,-1,two_stage,2,0.5,"__confirm_cooldown=200,__confirm_rule=perm_test,__perm_alpha=0.01,__perm_delta_k=50,__perm_min_effect=0,__perm_n_perm=200,__perm_post_n=50,__perm_pre_n=200,__perm_rng_seed=0,__perm_stat=delta_fused_score,divergence=0.3,error_rate=0.5,teacher_entropy=0.2",3,0,200,0.0,0,10000,10.0,25.0,200,500,0,0,1.0,0.640625,0.17610018890365914,0.16666666666666666,0.677202045917511,0.02357027865946293,0,0,0,0,-1,perm_test,,,0,0,0,0.0,0.16666666666666666,0,0.0,0.0,0.0,0.0,0,none,0,1,0,overconfident,0.95,0,mild_drift,0.9621562499999999,0.0012812500000000003,0.8125,0.8578125,1768132907.1773758,0.4568645656108856,0.09740687906742096
5,320,319,sea_abrupt4,sea,ts_drift_adapt,4,"error_divergence_ph_meta@error.threshold=0.10,error.min_instances=5",error_divergence_ph_meta,"{""divergence"": {""alpha"": 0.1, ""delta"": 0.005, ""min_instances"": 30, ""threshold"": 0.05}, ""error_rate"": {""alpha"": 0.15, ""delta"": 0.005, ""min_instances"": 5, ""threshold"": 0.1}}","{""error_rate"": {""min_instances"": 5, ""threshold"": 0.1}}",0.1,0.005,0.15,5,0.05,0.005,0.1,30,,,,-1,two_stage,2,0.5,"__confirm_cooldown=200,__confirm_rule=perm_test,__perm_alpha=0.01,__perm_delta_k=50,__perm_min_effect=0,__perm_n_perm=200,__perm_post_n=50,__perm_pre_n=200,__perm_rng_seed=0,__perm_stat=delta_fused_score,divergence=0.3,error_rate=0.5,teacher_entropy=0.2",3,0,200,0.0,0,10000,10.0,25.0,200,500,0,0,1.0,0.640625,0.13970450720029923,0.5,0.6787248253822327,0.02907288260757923,0,1,1,0,-1,perm_test,,,0,0,0,0.0,0.33333333333333337,1,0.5,0.0,0.0,0.0,0,none,0,1,0,overconfident,0.95,0,mild_drift,0.9612281249999999,0.001290625,0.80625,0.85640625,1768132907.1861665,0.628237783908844,0.12355741113424301
6,384,383,sea_abrupt4,sea,ts_drift_adapt,4,"error_divergence_ph_meta@error.threshold=0.10,error.min_instances=5",error_divergence_ph_meta,"{""divergence"": {""alpha"": 0.1, ""delta"": 0.005, ""min_instances"": 30, ""threshold"": 0.05}, ""error_rate"": {""alpha"": 0.15, ""delta"": 0.005, ""min_instances"": 5, ""threshold"": 0.1}}","{""error_rate"": {""min_instances"": 5, ""threshold"": 0.1}}",0.1,0.005,0.15,5,0.05,0.005,0.1,30,,,,-1,two_stage,2,0.5,"__confirm_cooldown=200,__confirm_rule=perm_test,__perm_alpha=0.01,__perm_delta_k=50,__perm_min_effect=0,__perm_n_perm=200,__perm_post_n=50,__perm_pre_n=200,__perm_rng_seed=0,__perm_stat=delta_fused_score,divergence=0.3,error_rate=0.5,teacher_entropy=0.2",3,0,200,0.0,0,10000,10.0,25.0,200,500,0,0,1.0,0.6614583333333334,0.15179936792741378,0.3333333333333333,0.6807995438575745,0.032204218208789825,0,0,1,0,-1,perm_test,,,0,0,0,0.0,0.16666666666666669,0,0.0,0.0,0.0,0.0,0,none,0,1,0,overconfident,0.95,0,mild_drift,0.9607640624999999,0.0012953125,0.8031250000000001,0.855703125,1768132907.1948829,0.5795354247093201,0.1380165070295334
7,448,447,sea_abrupt4,sea,ts_drift_adapt,4,"error_divergence_ph_meta@error.threshold=0.10,error.min_instances=5",error_divergence_ph_meta,"{""divergence"": {""alpha"": 0.1, ""delta"": 0.005, ""min_instances"": 30, ""threshold"": 0.05}, ""error_rate"": {""alpha"": 0.15, ""delta"": 0.005, ""min_instances"": 5, ""threshold"": 0.1}}","{""error_rate"": {""min_instances"": 5, ""threshold"": 0.1}}",0.1,0.005,0.15,5,0.05,0.005,0.1,30,,,,-1,two_stage,2,0.5,"__confirm_cooldown=200,__confirm_rule=perm_test,__perm_alpha=0.01,__perm_delta_k=50,__perm_min_effect=0,__perm_n_perm=200,__perm_post_n=50,__perm_pre_n=200,__perm_rng_seed=0,__perm_stat=delta_fused_score,divergence=0.3,error_rate=0.5,teacher_entropy=0.2",3,0,200,0.0,0,10000,10.0,25.0,200,500,0,0,1.0,0.6651785714285714,0.16419989552498676,0.16666666666666666,0.6763416528701782,0.023993145674467087,0,0,1,0,-1,perm_test,,,0,0,0,0.0,0.16666666666666666,0,0.0,0.0,0.0,0.0,0,none,0,1,0,overconfident,0.95,0,mild_drift,0.9605320312499999,0.0012976562500000002,0.8015625000000001,0.8553515625,1768132907.2036834,0.5530229210853577,0.10301526635885239
8,512,511,sea_abrupt4,sea,ts_drift_adapt,4,"error_divergence_ph_meta@error.threshold=0.10,error.min_instances=5",error_divergence_ph_meta,"{""divergence"": {""alpha"": 0.1, ""delta"": 0.005, ""min_instances"": 30, ""threshold"": 0.05}, ""error_rate"": {""alpha"": 0.15, ""delta"": 0.005, ""min_instances"": 5, ""threshold"": 0.1}}","{""error_rate"": {""min_instances"": 5, ""threshold"": 0.1}}",0.1,0.005,0.15,5,0.05,0.005,0.1,30,,,,-1,two_stage,2,0.5,"__confirm_cooldown=200,__confirm_rule=perm_test,__perm_alpha=0.01,__perm_delta_k=50,__perm_min_effect=0,__perm_n_perm=200,__perm_post_n=50,__perm_pre_n=200,__perm_rng_seed=0,__perm_stat=delta_fused_score,divergence=0.3,error_rate=0.5,teacher_entropy=0.2",3,0,200,0.0,0,10000,10.0,25.0,200,500,0,0,1.0,0.68359375,0.19950586781964175,0.0,0.6797497868537903,0.01586834155023098,0,0,1,0,-1,perm_test,,,0,0,0,0.0,0.16666666666666666,0,0.0,0.0,0.0,0.0,0,none,0,1,0,overconfident,0.95,0,mild_drift,0.9604160156249999,0.001298828125,0.80078125,0.85517578125,1768132907.212365,0.4017066955566406,0.06711773574352264
9,576,575,sea_abrupt4,sea,ts_drift_adapt,4,"error_divergence_ph_meta@error.threshold=0.10,error.min_instances=5",error_divergence_ph_meta,"{""divergence"": {""alpha"": 0.1, ""delta"": 0.005, ""min_instances"": 30, ""threshold"": 0.05}, ""error_rate"": {""alpha"": 0.15, ""delta"": 0.005, ""min_instances"": 5, ""threshold"": 0.1}}","{""error_rate"": {""min_instances"": 5, ""threshold"": 0.1}}",0.1,0.005,0.15,5,0.05,0.005,0.1,30,,,,-1,two_stage,2,0.5,"__confirm_cooldown=200,__confirm_rule=perm_test,__perm_alpha=0.01,__perm_delta_k=50,__perm_min_effect=0,__perm_n_perm=200,__perm_post_n=50,__perm_pre_n=200,__perm_rng_seed=0,__perm_stat=delta_fused_score,divergence=0.3,error_rate=0.5,teacher_entropy=0.2",3,0,200,0.0,0,10000,10.0,25.0,200,500,0,0,1.0,0.6944444444444444,0.22252898950855854,0.16666666666666666,0.6780561208724976,0.016719259321689606,0,0,1,0,-1,perm_test,,,0,0,0,0.0,0.16666666666666666,0,0.0,0.0,0.0,0.0,0,none,0,1,0,overconfident,0.95,0,mild_drift,0.9603580078124999,0.0012994140625,0.800390625,0.855087890625,1768132907.2220356,0.5943047404289246,0.07082273811101913
10,640,639,sea_abrupt4,sea,ts_drift_adapt,4,"error_divergence_ph_meta@error.threshold=0.10,error.min_instances=5",error_divergence_ph_meta,"{""divergence"": {""alpha"": 0.1, ""delta"": 0.005, ""min_instances"": 30, ""threshold"": 0.05}, ""error_rate"": {""alpha"": 0.15, ""delta"": 0.005, ""min_instances"": 5, ""threshold"": 0.1}}","{""error_rate"": {""min_instances"": 5, ""threshold"": 0.1}}",0.1,0.005,0.15,5,0.05,0.005,0.1,30,,,,-1,two_stage,2,0.5,"__confirm_cooldown=200,__confirm_rule=perm_test,__perm_alpha=0.01,__perm_delta_k=50,__perm_min_effect=0,__perm_n_perm=200,__perm_post_n=50,__perm_pre_n=200,__perm_rng_seed=0,__perm_stat=delta_fused_score,divergence=0.3,error_rate=0.5,teacher_entropy=0.2",3,0,200,0.0,0,10000,10.0,25.0,200,500,0,0,1.0,0.703125,0.25932242620634216,0.3333333333333333,0.6742786765098572,0.007889427244663239,1,1,2,1,0,perm_test,0.004975124378109453,0.1101469138801514,1,1,0,0.16666666666666669,0.16666666666666666,1,0.5,0.0,0.0,0.0,0,none,1,1,0,overconfident,0.95,0,severe_drift,0.9256790039062499,0.00164970703125,0.6501953125,0.8325439453125001,1768132907.2369208,0.520325243473053,0.032670535147190094
11,704,703,sea_abrupt4,sea,ts_drift_adapt,4,"error_divergence_ph_meta@error.threshold=0.10,error.min_instances=5",error_divergence_ph_meta,"{""divergence"": {""alpha"": 0.1, ""delta"": 0.005, ""min_instances"": 30, ""threshold"": 0.05}, ""error_rate"": {""alpha"": 0.15, ""delta"": 0.005, ""min_instances"": 5, ""threshold"": 0.1}}","{""error_rate"": {""min_instances"": 5, ""threshold"": 0.1}}",0.1,0.005,0.15,5,0.05,0.005,0.1,30,,,,-1,two_stage,2,0.5,"__confirm_cooldown=200,__confirm_rule=perm_test,__perm_alpha=0.01,__perm_delta_k=50,__perm_min_effect=0,__perm_n_perm=200,__perm_post_n=50,__perm_pre_n=200,__perm_rng_seed=0,__perm_stat=delta_fused_score,divergence=0.3,error_rate=0.5,teacher_entropy=0.2",3,0,200,0.0,0,10000,10.0,25.0,200,500,1,136,1.0,0.7045454545454546,0.2647814910025709,0.3333333333333333,0.6725616455078125,0.007905827835202217,0,0,2,1,-1,perm_test,0.004975124378109453,0.1101469138801514,1,1,0,0.0,1.6400590538978577e-05,0,0.0,0.0,0.0,0.0,0,none,0,1,0,overconfident,0.95,0,mild_drift,0.9429895019531249,0.001474853515625,0.72509765625,0.84377197265625,1768132907.2480414,0.7572183012962341,0.032715003937482834
12,768,767,sea_abrupt4,sea,ts_drift_adapt,4,"error_divergence_ph_meta@error.threshold=0.10,error.min_instances=5",error_divergence_ph_meta,"{""divergence"": {""alpha"": 0.1, ""delta"": 0.005, ""min_instances"": 30, ""threshold"": 0.05}, ""error_rate"": {""alpha"": 0.15, ""delta"": 0.005, ""min_instances"": 5, ""threshold"": 0.1}}","{""error_rate"": {""min_instances"": 5, ""threshold"": 0.1}}",0.1,0.005,0.15,5,0.05,0.005,0.1,30,,,,-1,two_stage,2,0.5,"__confirm_cooldown=200,__confirm_rule=perm_test,__perm_alpha=0.01,__perm_delta_k=50,__perm_min_effect=0,__perm_n_perm=200,__perm_post_n=50,__perm_pre_n=200,__perm_rng_seed=0,__perm_stat=delta_fused_score,divergence=0.3,error_rate=0.5,teacher_entropy=0.2",3,0,200,0.0,0,10000,10.0,25.0,200,500,1,72,1.0,0.69921875,0.25513905683192284,0.5,0.671643853187561,0.006032747216522694,0,0,2,1,-1,perm_test,0.004975124378109453,0.1101469138801514,1,1,0,0.0,0.16666666666666669,0,0.0,0.0,0.0,0.0,0,none,0,1,0,overconfident,0.95,0,mild_drift,0.9516447509765624,0.0013874267578125,0.762548828125,0.849385986328125,1768132907.2593021,0.6802423596382141,0.025094972923398018
13,832,831,sea_abrupt4,sea,ts_drift_adapt,4,"error_divergence_ph_meta@error.threshold=0.10,error.min_instances=5",error_divergence_ph_meta,"{""divergence"": {""alpha"": 0.1, ""delta"": 0.005, ""min_instances"": 30, ""threshold"": 0.05}, ""error_rate"": {""alpha"": 0.15, ""delta"": 0.005, ""min_instances"": 5, ""threshold"": 0.1}}","{""error_rate"": {""min_instances"": 5, ""threshold"": 0.1}}",0.1,0.005,0.15,5,0.05,0.005,0.1,30,,,,-1,two_stage,2,0.5,"__confirm_cooldown=200,__confirm_rule=perm_test,__perm_alpha=0.01,__perm_delta_k=50,__perm_min_effect=0,__perm_n_perm=200,__perm_post_n=50,__perm_pre_n=200,__perm_rng_seed=0,__perm_stat=delta_fused_score,divergence=0.3,error_rate=0.5,teacher_entropy=0.2",3,0,200,0.0,0,10000,10.0,25.0,200,500,1,8,1.0,0.7007211538461539,0.2766783514657207,0.5,0.674930214881897,0.0068040224723517895,0,0,2,1,-1,perm_test,0.004975124378109453,0.1101469138801514,1,1,0,0.0,0.0007712752558290958,0,0.0,0.0,0.0,0.0,0,none,0,1,0,overconfident,0.95,0,mild_drift,0.9559723754882812,0.00134371337890625,0.7812744140625001,0.8521929931640625,1768132907.2697747,0.6852960586547852,0.02815481275320053
14,896,895,sea_abrupt4,sea,ts_drift_adapt,4,"error_divergence_ph_meta@error.threshold=0.10,error.min_instances=5",error_divergence_ph_meta,"{""divergence"": {""alpha"": 0.1, ""delta"": 0.005, ""min_instances"": 30, ""threshold"": 0.05}, ""error_rate"": {""alpha"": 0.15, ""delta"": 0.005, ""min_instances"": 5, ""threshold"": 0.1}}","{""error_rate"": {""min_instances"": 5, ""threshold"": 0.1}}",0.1,0.005,0.15,5,0.05,0.005,0.1,30,,,,-1,two_stage,2,0.5,"__confirm_cooldown=200,__confirm_rule=perm_test,__perm_alpha=0.01,__perm_delta_k=50,__perm_min_effect=0,__perm_n_perm=200,__perm_post_n=50,__perm_pre_n=200,__perm_rng_seed=0,__perm_stat=delta_fused_score,divergence=0.3,error_rate=0.5,teacher_entropy=0.2",3,0,200,0.0,0,10000,10.0,25.0,200,500,0,0,1.0,0.7008928571428571,0.28885940544798694,0.16666666666666666,0.6667443513870239,0.0036678293254226446,0,0,2,1,-1,perm_test,0.004975124378109453,0.1101469138801514,1,1,0,0.0,0.33333333333333337,0,0.0,0.0,0.0,0.0,0,none,0,1,0,overconfident,0.95,0,mild_drift,0.9581361877441406,0.001321856689453125,0.7906372070312501,0.8535964965820313,1768132907.278732,0.4737752377986908,0.015055901370942593
15,960,959,sea_abrupt4,sea,ts_drift_adapt,4,"error_divergence_ph_meta@error.threshold=0.10,error.min_instances=5",error_divergence_ph_meta,"{""divergence"": {""alpha"": 0.1, ""delta"": 0.005, ""min_instances"": 30, ""threshold"": 0.05}, ""error_rate"": {""alpha"": 0.15, ""delta"": 0.005, ""min_instances"": 5, ""threshold"": 0.1}}","{""error_rate"": {""min_instances"": 5, ""threshold"": 0.1}}",0.1,0.005,0.15,5,0.05,0.005,0.1,30,,,,-1,two_stage,2,0.5,"__confirm_cooldown=200,__confirm_rule=perm_test,__perm_alpha=0.01,__perm_delta_k=50,__perm_min_effect=0,__perm_n_perm=200,__perm_post_n=50,__perm_pre_n=200,__perm_rng_seed=0,__perm_stat=delta_fused_score,divergence=0.3,error_rate=0.5,teacher_entropy=0.2",3,0,200,0.0,0,10000,10.0,25.0,200,500,0,0,1.0,0.70625,0.30050849559717235,0.16666666666666666,0.6687911748886108,0.005043144803494215,0,1,3,1,-1,perm_test,1.0,-0.014720587198318633,2,1,1,0.16666666666666666,0.0013753154780715704,1,0.5,0.0,0.0,0.0,0,none,0,1,0,overconfident,0.95,0,mild_drift,0.9592180938720702,0.0013109283447265627,0.795318603515625,0.8542982482910156,1768132907.2879972,0.3771400451660156,0.02070651762187481
16,1024,1023,sea_abrupt4,sea,ts_drift_adapt,4,"error_divergence_ph_meta@error.threshold=0.10,error.min_instances=5",error_divergence_ph_meta,"{""divergence"": {""alpha"": 0.1, ""delta"": 0.005, ""min_instances"": 30, ""threshold"": 0.05}, ""error_rate"": {""alpha"": 0.15, ""delta"": 0.005, ""min_instances"": 5, ""threshold"": 0.1}}","{""error_rate"": {""min_instances"": 5, ""threshold"": 0.1}}",0.1,0.005,0.15,5,0.05,0.005,0.1,30,,,,-1,two_stage,2,0.5,"__confirm_cooldown=200,__confirm_rule=perm_test,__perm_alpha=0.01,__perm_delta_k=50,__perm_min_effect=0,__perm_n_perm=200,__perm_post_n=50,__perm_pre_n=200,__perm_rng_seed=0,__perm_stat=delta_fused_score,divergence=0.3,error_rate=0.5,teacher_entropy=0.2",3,0,200,0.0,0,10000,10.0,25.0,200,500,0,0,1.0,0.708984375,0.3041955490696826,0.16666666666666666,0.6672706604003906,0.007168421521782875,1,0,3,2,1,perm_test,0.004975124378109453,0.0824401627296463,3,2,1,0.0,0.00212527671828866,0,0.0,0.0,0.0,0.0,0,none,1,1,0,overconfident,0.95,0,stable,0.9746090469360351,0.0010554641723632813,0.8976593017578125,0.8996491241455078,1768132907.3039706,0.4612250328063965,0.029779711738228798
17,1088,1087,sea_abrupt4,sea,ts_drift_adapt,4,"error_divergence_ph_meta@error.threshold=0.10,error.min_instances=5",error_divergence_ph_meta,"{""divergence"": {""alpha"": 0.1, ""delta"": 0.005, ""min_instances"": 30, ""threshold"": 0.05}, ""error_rate"": {""alpha"": 0.15, ""delta"": 0.005, ""min_instances"": 5, ""threshold"": 0.1}}","{""error_rate"": {""min_instances"": 5, ""threshold"": 0.1}}",0.1,0.005,0.15,5,0.05,0.005,0.1,30,,,,-1,two_stage,2,0.5,"__confirm_cooldown=200,__confirm_rule=perm_test,__perm_alpha=0.01,__perm_delta_k=50,__perm_min_effect=0,__perm_n_perm=200,__perm_post_n=50,__perm_pre_n=200,__perm_rng_seed=0,__perm_stat=delta_fused_score,divergence=0.3,error_rate=0.5,teacher_entropy=0.2",3,0,200,0.0,0,10000,10.0,25.0,200,500,1,136,1.0,0.7159926470588235,0.3226742311907678,0.16666666666666666,0.6575496196746826,0.007562562823295593,0,0,3,2,-1,perm_test,0.004975124378109453,0.0824401627296463,3,2,1,0.0,0.0003941413015127182,0,0.0,0.0,0.0,0.0,0,none,0,1,0,overconfident,0.95,0,mild_drift,0.9674545234680175,0.0011777320861816407,0.8488296508789063,0.8773245620727539,1768132907.3129363,0.5161226987838745,0.03194843977689743
18,1152,1151,sea_abrupt4,sea,ts_drift_adapt,4,"error_divergence_ph_meta@error.threshold=0.10,error.min_instances=5",error_divergence_ph_meta,"{""divergence"": {""alpha"": 0.1, ""delta"": 0.005, ""min_instances"": 30, ""threshold"": 0.05}, ""error_rate"": {""alpha"": 0.15, ""delta"": 0.005, ""min_instances"": 5, ""threshold"": 0.1}}","{""error_rate"": {""min_instances"": 5, ""threshold"": 0.1}}",0.1,0.005,0.15,5,0.05,0.005,0.1,30,,,,-1,two_stage,2,0.5,"__confirm_cooldown=200,__confirm_rule=perm_test,__perm_alpha=0.01,__perm_delta_k=50,__perm_min_effect=0,__perm_n_perm=200,__perm_post_n=50,__perm_pre_n=200,__perm_rng_seed=0,__perm_stat=delta_fused_score,divergence=0.3,error_rate=0.5,teacher_entropy=0.2",3,0,200,0.0,0,10000,10.0,25.0,200,500,1,72,1.0,0.7230902777777778,0.33634800699250195,0.5,0.6681041717529297,0.010754630900919437,0,0,3,2,-1,perm_test,0.004975124378109453,0.0824401627296463,3,2,1,0.0,0.33333333333333337,0,0.0,0.0,0.0,0.0,0,none,0,1,0,overconfident,0.95,0,mild_drift,0.9638772617340088,0.0012388660430908203,0.8244148254394532,0.8661622810363769,1768132907.321868,0.7448733448982239,0.04528786242008209
19,1216,1215,sea_abrupt4,sea,ts_drift_adapt,4,"error_divergence_ph_meta@error.threshold=0.10,error.min_instances=5",error_divergence_ph_meta,"{""divergence"": {""alpha"": 0.1, ""delta"": 0.005, ""min_instances"": 30, ""threshold"": 0.05}, ""error_rate"": {""alpha"": 0.15, ""delta"": 0.005, ""min_instances"": 5, ""threshold"": 0.1}}","{""error_rate"": {""min_instances"": 5, ""threshold"": 0.1}}",0.1,0.005,0.15,5,0.05,0.005,0.1,30,,,,-1,two_stage,2,0.5,"__confirm_cooldown=200,__confirm_rule=perm_test,__perm_alpha=0.01,__perm_delta_k=50,__perm_min_effect=0,__perm_n_perm=200,__perm_post_n=50,__perm_pre_n=200,__perm_rng_seed=0,__perm_stat=delta_fused_score,divergence=0.3,error_rate=0.5,teacher_entropy=0.2",3,0,200,0.0,0,10000,10.0,25.0,200,500,1,8,1.0,0.725328947368421,0.3347659730593846,0.6666666666666666,0.6606937050819397,0.010484960861504078,0,0,3,2,-1,perm_test,0.004975124378109453,0.0824401627296463,3,2,1,0.0,0.16666666666666663,0,0.0,0.0,0.0,0.0,0,none,0,1,0,overconfident,0.95,0,mild_drift,0.9620886308670044,0.0012694330215454104,0.8122074127197266,0.8605811405181885,1768132907.3308344,0.6449154019355774,0.04429896920919418
20,1280,1279,sea_abrupt4,sea,ts_drift_adapt,4,"error_divergence_ph_meta@error.threshold=0.10,error.min_instances=5",error_divergence_ph_meta,"{""divergence"": {""alpha"": 0.1, ""delta"": 0.005, ""min_instances"": 30, ""threshold"": 0.05}, ""error_rate"": {""alpha"": 0.15, ""delta"": 0.005, ""min_instances"": 5, ""threshold"": 0.1}}","{""error_rate"": {""min_instances"": 5, ""threshold"": 0.1}}",0.1,0.005,0.15,5,0.05,0.005,0.1,30,,,,-1,two_stage,2,0.5,"__confirm_cooldown=200,__confirm_rule=perm_test,__perm_alpha=0.01,__perm_delta_k=50,__perm_min_effect=0,__perm_n_perm=200,__perm_post_n=50,__perm_pre_n=200,__perm_rng_seed=0,__perm_stat=delta_fused_score,divergence=0.3,error_rate=0.5,teacher_entropy=0.2",3,0,200,0.0,0,10000,10.0,25.0,200,500,0,0,1.0,0.7265625,0.33075194798986585,0.0,0.6570795774459839,0.010322037152945995,0,1,4,2,-1,perm_test,1.0,-0.3659570064954835,4,2,2,0.16666666666666666,0.6666666666666666,1,0.5,0.0,0.0,0.0,0,none,0,1,0,overconfident,0.95,0,mild_drift,0.9611943154335021,0.0012847165107727054,0.8061037063598633,0.8577905702590942,1768132907.3399181,0.3267614543437958,0.043554697185754776
21,1344,1343,sea_abrupt4,sea,ts_drift_adapt,4,"error_divergence_ph_meta@error.threshold=0.10,error.min_instances=5",error_divergence_ph_meta,"{""divergence"": {""alpha"": 0.1, ""delta"": 0.005, ""min_instances"": 30, ""threshold"": 0.05}, ""error_rate"": {""alpha"": 0.15, ""delta"": 0.005, ""min_instances"": 5, ""threshold"": 0.1}}","{""error_rate"": {""min_instances"": 5, ""threshold"": 0.1}}",0.1,0.005,0.15,5,0.05,0.005,0.1,30,,,,-1,two_stage,2,0.5,"__confirm_cooldown=200,__confirm_rule=perm_test,__perm_alpha=0.01,__perm_delta_k=50,__perm_min_effect=0,__perm_n_perm=200,__perm_post_n=50,__perm_pre_n=200,__perm_rng_seed=0,__perm_stat=delta_fused_score,divergence=0.3,error_rate=0.5,teacher_entropy=0.2",3,0,200,0.0,0,10000,10.0,25.0,200,500,0,0,1.0,0.7291666666666666,0.3369331858694945,0.3333333333333333,0.6520086526870728,0.006998663302510977,1,0,4,3,1,perm_test,0.004975124378109453,0.046439886686884826,5,3,2,0.0,0.3333333333333333,0,0.0,0.0,0.0,0.0,0,none,1,1,0,overconfident,0.95,0,stable,0.975597157716751,0.0010423582553863526,0.9030518531799316,0.9013952851295471,1768132907.3542452,0.5760563015937805,0.029479725286364555
22,1408,1407,sea_abrupt4,sea,ts_drift_adapt,4,"error_divergence_ph_meta@error.threshold=0.10,error.min_instances=5",error_divergence_ph_meta,"{""divergence"": {""alpha"": 0.1, ""delta"": 0.005, ""min_instances"": 30, ""threshold"": 0.05}, ""error_rate"": {""alpha"": 0.15, ""delta"": 0.005, ""min_instances"": 5, ""threshold"": 0.1}}","{""error_rate"": {""min_instances"": 5, ""threshold"": 0.1}}",0.1,0.005,0.15,5,0.05,0.005,0.1,30,,,,-1,two_stage,2,0.5,"__confirm_cooldown=200,__confirm_rule=perm_test,__perm_alpha=0.01,__perm_delta_k=50,__perm_min_effect=0,__perm_n_perm=200,__perm_post_n=50,__perm_pre_n=200,__perm_rng_seed=0,__perm_stat=delta_fused_score,divergence=0.3,error_rate=0.5,teacher_entropy=0.2",3,0,200,0.0,0,10000,10.0,25.0,200,500,1,136,1.0,0.7329545454545454,0.3440647054159066,0.3333333333333333,0.658164918422699,0.00993761233985424,0,0,4,3,-1,perm_test,0.004975124378109453,0.046439886686884826,5,3,2,0.0,0.0029389490373432636,0,0.0,0.0,0.0,0.0,0,none,0,1,0,overconfident,0.95,0,mild_drift,0.9679485788583755,0.0011711791276931764,0.8515259265899658,0.8781976425647735,1768132907.363244,0.6006293892860413,0.04158468917012215
23,1472,1471,sea_abrupt4,sea,ts_drift_adapt,4,"error_divergence_ph_meta@error.threshold=0.10,error.min_instances=5",error_divergence_ph_meta,"{""divergence"": {""alpha"": 0.1, ""delta"": 0.005, ""min_instances"": 30, ""threshold"": 0.05}, ""error_rate"": {""alpha"": 0.15, ""delta"": 0.005, ""min_instances"": 5, ""threshold"": 0.1}}","{""error_rate"": {""min_instances"": 5, ""threshold"": 0.1}}",0.1,0.005,0.15,5,0.05,0.005,0.1,30,,,,-1,two_stage,2,0.5,"__confirm_cooldown=200,__confirm_rule=perm_test,__perm_alpha=0.01,__perm_delta_k=50,__perm_min_effect=0,__perm_n_perm=200,__perm_post_n=50,__perm_pre_n=200,__perm_rng_seed=0,__perm_stat=delta_fused_score,divergence=0.3,error_rate=0.5,teacher_entropy=0.2",3,0,200,0.0,0,10000,10.0,25.0,200,500,1,72,1.0,0.735733695652174,0.3515403815054564,0.16666666666666666,0.6597694158554077,0.00765875494107604,0,0,4,3,-1,perm_test,0.004975124378109453,0.046439886686884826,5,3,2,0.0,0.16666666666666666,0,0.0,0.0,0.0,0.0,0,none,0,1,0,overconfident,0.95,0,mild_drift,0.9641242894291877,0.0012355895638465884,0.825762963294983,0.8665988212823867,1768132907.3722358,0.4662156105041504,0.03209605813026428
24,1536,1535,sea_abrupt4,sea,ts_drift_adapt,4,"error_divergence_ph_meta@error.threshold=0.10,error.min_instances=5",error_divergence_ph_meta,"{""divergence"": {""alpha"": 0.1, ""delta"": 0.005, ""min_instances"": 30, ""threshold"": 0.05}, ""error_rate"": {""alpha"": 0.15, ""delta"": 0.005, ""min_instances"": 5, ""threshold"": 0.1}}","{""error_rate"": {""min_instances"": 5, ""threshold"": 0.1}}",0.1,0.005,0.15,5,0.05,0.005,0.1,30,,,,-1,two_stage,2,0.5,"__confirm_cooldown=200,__confirm_rule=perm_test,__perm_alpha=0.01,__perm_delta_k=50,__perm_min_effect=0,__perm_n_perm=200,__perm_post_n=50,__perm_pre_n=200,__perm_rng_seed=0,__perm_stat=delta_fused_score,divergence=0.3,error_rate=0.5,teacher_entropy=0.2",3,0,200,0.0,0,10000,10.0,25.0,200,500,1,8,1.0,0.734375,0.3532564835550419,0.3333333333333333,0.651570737361908,0.00662208441644907,0,0,4,3,-1,perm_test,0.004975124378109453,0.046439886686884826,5,3,2,0.0,0.16666666666666666,0,0.0,0.0,0.0,0.0,0,none,0,1,0,overconfident,0.95,0,mild_drift,0.9622121447145938,0.0012677947819232944,0.8128814816474915,0.8607994106411934,1768132907.381242,0.4371841251850128,0.027498245239257812
25,1600,1599,sea_abrupt4,sea,ts_drift_adapt,4,"error_divergence_ph_meta@error.threshold=0.10,error.min_instances=5",error_divergence_ph_meta,"{""divergence"": {""alpha"": 0.1, ""delta"": 0.005, ""min_instances"": 30, ""threshold"": 0.05}, ""error_rate"": {""alpha"": 0.15, ""delta"": 0.005, ""min_instances"": 5, ""threshold"": 0.1}}","{""error_rate"": {""min_instances"": 5, ""threshold"": 0.1}}",0.1,0.005,0.15,5,0.05,0.005,0.1,30,,,,-1,two_stage,2,0.5,"__confirm_cooldown=200,__confirm_rule=perm_test,__perm_alpha=0.01,__perm_delta_k=50,__perm_min_effect=0,__perm_n_perm=200,__perm_post_n=50,__perm_pre_n=200,__perm_rng_seed=0,__perm_stat=delta_fused_score,divergence=0.3,error_rate=0.5,teacher_entropy=0.2",3,0,200,0.0,0,10000,10.0,25.0,200,500,0,0,1.0,0.734375,0.35438788375943736,0.3333333333333333,0.6571120023727417,0.006860518828034401,0,1,5,3,-1,perm_test,1.0,-0.015371231560144236,6,3,3,0.3333333333333333,0.00023843441158533096,1,0.5,0.0,0.0,0.0,0,none,0,1,0,overconfident,0.95,0,mild_drift,0.9612560723572969,0.0012838973909616472,0.8064407408237457,0.8578997053205967,1768132907.3906505,0.4706856310367584,0.028549091890454292
26,1664,1663,sea_abrupt4,sea,ts_drift_adapt,4,"error_divergence_ph_meta@error.threshold=0.10,error.min_instances=5",error_divergence_ph_meta,"{""divergence"": {""alpha"": 0.1, ""delta"": 0.005, ""min_instances"": 30, ""threshold"": 0.05}, ""error_rate"": {""alpha"": 0.15, ""delta"": 0.005, ""min_instances"": 5, ""threshold"": 0.1}}","{""error_rate"": {""min_instances"": 5, ""threshold"": 0.1}}",0.1,0.005,0.15,5,0.05,0.005,0.1,30,,,,-1,two_stage,2,0.5,"__confirm_cooldown=200,__confirm_rule=perm_test,__perm_alpha=0.01,__perm_delta_k=50,__perm_min_effect=0,__perm_n_perm=200,__perm_post_n=50,__perm_pre_n=200,__perm_rng_seed=0,__perm_stat=delta_fused_score,divergence=0.3,error_rate=0.5,teacher_entropy=0.2",3,0,200,0.0,0,10000,10.0,25.0,200,500,0,0,1.0,0.7385817307692307,0.36132591225290017,0.3333333333333333,0.656619668006897,0.005916329100728035,0,0,5,3,-1,perm_test,1.0,-0.04070548029861168,7,3,4,0.0,0.000944189727306366,0,0.0,0.0,0.0,0.0,0,none,0,1,0,overconfident,0.95,0,mild_drift,0.9607780361786484,0.0012919486954808238,0.8032203704118729,0.8564498526602984,1768132907.399984,0.5701252818107605,0.02481670118868351
27,1728,1727,sea_abrupt4,sea,ts_drift_adapt,4,"error_divergence_ph_meta@error.threshold=0.10,error.min_instances=5",error_divergence_ph_meta,"{""divergence"": {""alpha"": 0.1, ""delta"": 0.005, ""min_instances"": 30, ""threshold"": 0.05}, ""error_rate"": {""alpha"": 0.15, ""delta"": 0.005, ""min_instances"": 5, ""threshold"": 0.1}}","{""error_rate"": {""min_instances"": 5, ""threshold"": 0.1}}",0.1,0.005,0.15,5,0.05,0.005,0.1,30,,,,-1,two_stage,2,0.5,"__confirm_cooldown=200,__confirm_rule=perm_test,__perm_alpha=0.01,__perm_delta_k=50,__perm_min_effect=0,__perm_n_perm=200,__perm_post_n=50,__perm_pre_n=200,__perm_rng_seed=0,__perm_stat=delta_fused_score,divergence=0.3,error_rate=0.5,teacher_entropy=0.2",3,0,200,0.0,0,10000,10.0,25.0,200,500,0,0,1.0,0.7401620370370371,0.36654822865503206,0.16666666666666666,0.6577231884002686,0.005946339573711157,0,0,5,3,-1,perm_test,1.0,-0.06275841938303053,8,3,5,0.0,0.16666666666666666,0,0.0,0.0,0.0,0.0,0,none,0,1,0,overconfident,0.95,0,mild_drift,0.9605390180893242,0.001295974347740412,0.8016101852059365,0.8557249263301492,1768132907.4093332,0.4716218411922455,0.024822577834129333
28,1792,1791,sea_abrupt4,sea,ts_drift_adapt,4,"error_divergence_ph_meta@error.threshold=0.10,error.min_instances=5",error_divergence_ph_meta,"{""divergence"": {""alpha"": 0.1, ""delta"": 0.005, ""min_instances"": 30, ""threshold"": 0.05}, ""error_rate"": {""alpha"": 0.15, ""delta"": 0.005, ""min_instances"": 5, ""threshold"": 0.1}}","{""error_rate"": {""min_instances"": 5, ""threshold"": 0.1}}",0.1,0.005,0.15,5,0.05,0.005,0.1,30,,,,-1,two_stage,2,0.5,"__confirm_cooldown=200,__confirm_rule=perm_test,__perm_alpha=0.01,__perm_delta_k=50,__perm_min_effect=0,__perm_n_perm=200,__perm_post_n=50,__perm_pre_n=200,__perm_rng_seed=0,__perm_stat=delta_fused_score,divergence=0.3,error_rate=0.5,teacher_entropy=0.2",3,0,200,0.0,0,10000,10.0,25.0,200,500,0,0,1.0,0.7416294642857143,0.3707426137552975,0.16666666666666666,0.6504918336868286,0.003588499967008829,0,0,5,3,-1,perm_test,1.0,-0.01444149057503328,9,3,6,0.0,0.0023578396067023277,0,0.0,0.0,0.0,0.0,0,none,0,1,0,overconfident,0.95,0,mild_drift,0.9604195090446621,0.001297987173870206,0.8008050926029683,0.8553624631650746,1768132907.4187455,0.42876580357551575,0.01470767892897129
29,1856,1855,sea_abrupt4,sea,ts_drift_adapt,4,"error_divergence_ph_meta@error.threshold=0.10,error.min_instances=5",error_divergence_ph_meta,"{""divergence"": {""alpha"": 0.1, ""delta"": 0.005, ""min_instances"": 30, ""threshold"": 0.05}, ""error_rate"": {""alpha"": 0.15, ""delta"": 0.005, ""min_instances"": 5, ""threshold"": 0.1}}","{""error_rate"": {""min_instances"": 5, ""threshold"": 0.1}}",0.1,0.005,0.15,5,0.05,0.005,0.1,30,,,,-1,two_stage,2,0.5,"__confirm_cooldown=200,__confirm_rule=perm_test,__perm_alpha=0.01,__perm_delta_k=50,__perm_min_effect=0,__perm_n_perm=200,__perm_post_n=50,__perm_pre_n=200,__perm_rng_seed=0,__perm_stat=delta_fused_score,divergence=0.3,error_rate=0.5,teacher_entropy=0.2",3,0,200,0.0,0,10000,10.0,25.0,200,500,0,0,1.0,0.7424568965517241,0.37273978084694476,0.3333333333333333,0.6544601917266846,0.005576274823397398,0,0,5,3,-1,perm_test,1.0,-0.01444149057503328,9,3,6,0.0,0.16666666666666666,0,0.0,0.0,0.0,0.0,0,none,0,1,0,overconfident,0.95,0,mild_drift,0.960359754522331,0.001298993586935103,0.8004025463014841,0.8551812315825373,1768132907.4282515,0.4347638785839081,0.02313929982483387
30,1920,1919,sea_abrupt4,sea,ts_drift_adapt,4,"error_divergence_ph_meta@error.threshold=0.10,error.min_instances=5",error_divergence_ph_meta,"{""divergence"": {""alpha"": 0.1, ""delta"": 0.005, ""min_instances"": 30, ""threshold"": 0.05}, ""error_rate"": {""alpha"": 0.15, ""delta"": 0.005, ""min_instances"": 5, ""threshold"": 0.1}}","{""error_rate"": {""min_instances"": 5, ""threshold"": 0.1}}",0.1,0.005,0.15,5,0.05,0.005,0.1,30,,,,-1,two_stage,2,0.5,"__confirm_cooldown=200,__confirm_rule=perm_test,__perm_alpha=0.01,__perm_delta_k=50,__perm_min_effect=0,__perm_n_perm=200,__perm_post_n=50,__perm_pre_n=200,__perm_rng_seed=0,__perm_stat=delta_fused_score,divergence=0.3,error_rate=0.5,teacher_entropy=0.2",3,0,200,0.0,0,10000,10.0,25.0,200,500,0,0,1.0,0.7427083333333333,0.3762289896209153,0.0,0.6558414101600647,0.005968467798084021,0,1,6,3,-1,perm_test,1.0,-0.11933685002879937,10,3,7,0.3333333333333333,0.3333333333333333,1,0.5,0.0,0.0,0.0,0,none,0,1,0,overconfident,0.95,0,mild_drift,0.9603298772611655,0.0012994967934675515,0.8002012731507421,0.8550906157912687,1768132907.4380558,0.4077419340610504,0.025050031021237373
31,1984,1983,sea_abrupt4,sea,ts_drift_adapt,4,"error_divergence_ph_meta@error.threshold=0.10,error.min_instances=5",error_divergence_ph_meta,"{""divergence"": {""alpha"": 0.1, ""delta"": 0.005, ""min_instances"": 30, ""threshold"": 0.05}, ""error_rate"": {""alpha"": 0.15, ""delta"": 0.005, ""min_instances"": 5, ""threshold"": 0.1}}","{""error_rate"": {""min_instances"": 5, ""threshold"": 0.1}}",0.1,0.005,0.15,5,0.05,0.005,0.1,30,,,,-1,two_stage,2,0.5,"__confirm_cooldown=200,__confirm_rule=perm_test,__perm_alpha=0.01,__perm_delta_k=50,__perm_min_effect=0,__perm_n_perm=200,__perm_post_n=50,__perm_pre_n=200,__perm_rng_seed=0,__perm_stat=delta_fused_score,divergence=0.3,error_rate=0.5,teacher_entropy=0.2",3,0,200,0.0,0,10000,10.0,25.0,200,500,0,0,1.0,0.7439516129032258,0.37966800637644404,0.16666666666666666,0.6467516422271729,0.004616023041307926,1,0,6,4,1,perm_test,0.004975124378109453,0.10526472037854709,11,4,7,0.0,0.16666666666666666,0,0.0,0.0,0.0,0.0,0,none,1,1,0,overconfident,0.95,0,stable,0.9751649386305827,0.0010497483967337757,0.900100636575371,0.9000453078956343,1768132907.4539003,0.4014866352081299,0.019380871206521988
32,2048,2047,sea_abrupt4,sea,ts_drift_adapt,4,"error_divergence_ph_meta@error.threshold=0.10,error.min_instances=5",error_divergence_ph_meta,"{""divergence"": {""alpha"": 0.1, ""delta"": 0.005, ""min_instances"": 30, ""threshold"": 0.05}, ""error_rate"": {""alpha"": 0.15, ""delta"": 0.005, ""min_instances"": 5, ""threshold"": 0.1}}","{""error_rate"": {""min_instances"": 5, ""threshold"": 0.1}}",0.1,0.005,0.15,5,0.05,0.005,0.1,30,,,,-1,two_stage,2,0.5,"__confirm_cooldown=200,__confirm_rule=perm_test,__perm_alpha=0.01,__perm_delta_k=50,__perm_min_effect=0,__perm_n_perm=200,__perm_post_n=50,__perm_pre_n=200,__perm_rng_seed=0,__perm_stat=delta_fused_score,divergence=0.3,error_rate=0.5,teacher_entropy=0.2",3,0,200,0.0,0,10000,10.0,25.0,200,500,1,136,1.0,0.7470703125,0.3832874469826624,0.16666666666666666,0.64054936170578,0.004850809928029776,0,0,6,4,-1,perm_test,0.004975124378109453,0.10526472037854709,11,4,7,0.0,0.00023478688672184944,0,0.0,0.0,0.0,0.0,0,none,0,1,0,overconfident,0.95,0,mild_drift,0.9677324693152913,0.0011748741983668878,0.8500503182876855,0.8775226539478171,1768132907.4655128,0.4405287206172943,0.02001206949353218
33,2112,2111,sea_abrupt4,sea,ts_drift_adapt,4,"error_divergence_ph_meta@error.threshold=0.10,error.min_instances=5",error_divergence_ph_meta,"{""divergence"": {""alpha"": 0.1, ""delta"": 0.005, ""min_instances"": 30, ""threshold"": 0.05}, ""error_rate"": {""alpha"": 0.15, ""delta"": 0.005, ""min_instances"": 5, ""threshold"": 0.1}}","{""error_rate"": {""min_instances"": 5, ""threshold"": 0.1}}",0.1,0.005,0.15,5,0.05,0.005,0.1,30,,,,-1,two_stage,2,0.5,"__confirm_cooldown=200,__confirm_rule=perm_test,__perm_alpha=0.01,__perm_delta_k=50,__perm_min_effect=0,__perm_n_perm=200,__perm_post_n=50,__perm_pre_n=200,__perm_rng_seed=0,__perm_stat=delta_fused_score,divergence=0.3,error_rate=0.5,teacher_entropy=0.2",3,0,200,0.0,0,10000,10.0,25.0,200,500,1,72,1.0,0.7495265151515151,0.386239433246243,0.0,0.6341676115989685,0.005683033727109432,0,0,6,4,-1,perm_test,0.004975124378109453,0.10526472037854709,11,4,7,0.0,0.16666666666666666,0,0.0,0.0,0.0,0.0,0,none,0,1,0,overconfident,0.95,0,mild_drift,0.9640162346576456,0.001237437099183444,0.8250251591438428,0.8662613269739086,1768132907.4769506,0.33509352803230286,0.02347925677895546
34,2176,2175,sea_abrupt4,sea,ts_drift_adapt,4,"error_divergence_ph_meta@error.threshold=0.10,error.min_instances=5",error_divergence_ph_meta,"{""divergence"": {""alpha"": 0.1, ""delta"": 0.005, ""min_instances"": 30, ""threshold"": 0.05}, ""error_rate"": {""alpha"": 0.15, ""delta"": 0.005, ""min_instances"": 5, ""threshold"": 0.1}}","{""error_rate"": {""min_instances"": 5, ""threshold"": 0.1}}",0.1,0.005,0.15,5,0.05,0.005,0.1,30,,,,-1,two_stage,2,0.5,"__confirm_cooldown=200,__confirm_rule=perm_test,__perm_alpha=0.01,__perm_delta_k=50,__perm_min_effect=0,__perm_n_perm=200,__perm_post_n=50,__perm_pre_n=200,__perm_rng_seed=0,__perm_stat=delta_fused_score,divergence=0.3,error_rate=0.5,teacher_entropy=0.2",3,0,200,0.0,0,10000,10.0,25.0,200,500,1,8,1.0,0.7490808823529411,0.3854029475513801,0.16666666666666666,0.6594000458717346,0.006529497914016247,0,0,6,4,-1,perm_test,0.004975124378109453,0.10526472037854709,11,4,7,0.0,0.16666666666666666,0,0.0,0.0,0.0,0.0,0,none,0,1,0,overconfident,0.95,0,mild_drift,0.9621581173288227,0.0012687185495917222,0.8125125795719215,0.8606306634869543,1768132907.4880366,0.41161489486694336,0.027784710749983788
35,2240,2239,sea_abrupt4,sea,ts_drift_adapt,4,"error_divergence_ph_meta@error.threshold=0.10,error.min_instances=5",error_divergence_ph_meta,"{""divergence"": {""alpha"": 0.1, ""delta"": 0.005, ""min_instances"": 30, ""threshold"": 0.05}, ""error_rate"": {""alpha"": 0.15, ""delta"": 0.005, ""min_instances"": 5, ""threshold"": 0.1}}","{""error_rate"": {""min_instances"": 5, ""threshold"": 0.1}}",0.1,0.005,0.15,5,0.05,0.005,0.1,30,,,,-1,two_stage,2,0.5,"__confirm_cooldown=200,__confirm_rule=perm_test,__perm_alpha=0.01,__perm_delta_k=50,__perm_min_effect=0,__perm_n_perm=200,__perm_post_n=50,__perm_pre_n=200,__perm_rng_seed=0,__perm_stat=delta_fused_score,divergence=0.3,error_rate=0.5,teacher_entropy=0.2",3,0,200,0.0,0,10000,10.0,25.0,200,500,0,0,1.0,0.7517857142857143,0.3908637386285825,0.3333333333333333,0.6411181092262268,0.010032812133431435,1,1,7,5,0,perm_test,0.004975124378109453,0.061414439902424636,12,5,7,0.3333333333333333,0.16666666666666666,1,0.5,0.0,0.0,0.0,0,none,1,1,0,overconfident,0.95,0,severe_drift,0.9265790586644114,0.0016343592747958611,0.6562562897859607,0.8353153317434772,1768132907.5024545,0.592486560344696,0.04332423210144043
36,2304,2303,sea_abrupt4,sea,ts_drift_adapt,4,"error_divergence_ph_meta@error.threshold=0.10,error.min_instances=5",error_divergence_ph_meta,"{""divergence"": {""alpha"": 0.1, ""delta"": 0.005, ""min_instances"": 30, ""threshold"": 0.05}, ""error_rate"": {""alpha"": 0.15, ""delta"": 0.005, ""min_instances"": 5, ""threshold"": 0.1}}","{""error_rate"": {""min_instances"": 5, ""threshold"": 0.1}}",0.1,0.005,0.15,5,0.05,0.005,0.1,30,,,,-1,two_stage,2,0.5,"__confirm_cooldown=200,__confirm_rule=perm_test,__perm_alpha=0.01,__perm_delta_k=50,__perm_min_effect=0,__perm_n_perm=200,__perm_post_n=50,__perm_pre_n=200,__perm_rng_seed=0,__perm_stat=delta_fused_score,divergence=0.3,error_rate=0.5,teacher_entropy=0.2",3,0,200,0.0,0,10000,10.0,25.0,200,500,1,136,1.0,0.7521701388888888,0.39286268081430115,0.3333333333333333,0.6245435476303101,0.00855919811874628,0,0,7,5,-1,perm_test,0.004975124378109453,0.061414439902424636,12,5,7,0.0,0.001473614014685154,0,0.0,0.0,0.0,0.0,0,none,0,1,0,overconfident,0.95,0,mild_drift,0.9434395293322057,0.0014671796373979308,0.7281281448929804,0.8451576658717386,1768132907.5115325,0.6653731465339661,0.037229567766189575
37,2368,2367,sea_abrupt4,sea,ts_drift_adapt,4,"error_divergence_ph_meta@error.threshold=0.10,error.min_instances=5",error_divergence_ph_meta,"{""divergence"": {""alpha"": 0.1, ""delta"": 0.005, ""min_instances"": 30, ""threshold"": 0.05}, ""error_rate"": {""alpha"": 0.15, ""delta"": 0.005, ""min_instances"": 5, ""threshold"": 0.1}}","{""error_rate"": {""min_instances"": 5, ""threshold"": 0.1}}",0.1,0.005,0.15,5,0.05,0.005,0.1,30,,,,-1,two_stage,2,0.5,"__confirm_cooldown=200,__confirm_rule=perm_test,__perm_alpha=0.01,__perm_delta_k=50,__perm_min_effect=0,__perm_n_perm=200,__perm_post_n=50,__perm_pre_n=200,__perm_rng_seed=0,__perm_stat=delta_fused_score,divergence=0.3,error_rate=0.5,teacher_entropy=0.2",3,0,200,0.0,0,10000,10.0,25.0,200,500,1,72,1.0,0.7554898648648649,0.40107041574276475,0.16666666666666666,0.617397665977478,0.01166591141372919,0,0,7,5,-1,perm_test,0.004975124378109453,0.061414439902424636,12,5,7,0.0,0.16666666666666666,0,0.0,0.0,0.0,0.0,0,none,0,1,0,overconfident,0.95,0,mild_drift,0.9518697646661027,0.0013835898186989656,0.7640640724464902,0.8500788329358693,1768132907.5204325,0.534915566444397,0.05113903433084488
38,2432,2431,sea_abrupt4,sea,ts_drift_adapt,4,"error_divergence_ph_meta@error.threshold=0.10,error.min_instances=5",error_divergence_ph_meta,"{""divergence"": {""alpha"": 0.1, ""delta"": 0.005, ""min_instances"": 30, ""threshold"": 0.05}, ""error_rate"": {""alpha"": 0.15, ""delta"": 0.005, ""min_instances"": 5, ""threshold"": 0.1}}","{""error_rate"": {""min_instances"": 5, ""threshold"": 0.1}}",0.1,0.005,0.15,5,0.05,0.005,0.1,30,,,,-1,two_stage,2,0.5,"__confirm_cooldown=200,__confirm_rule=perm_test,__perm_alpha=0.01,__perm_delta_k=50,__perm_min_effect=0,__perm_n_perm=200,__perm_post_n=50,__perm_pre_n=200,__perm_rng_seed=0,__perm_stat=delta_fused_score,divergence=0.3,error_rate=0.5,teacher_entropy=0.2",3,0,200,0.0,0,10000,10.0,25.0,200,500,1,8,1.0,0.7569901315789473,0.40272865083375453,0.3333333333333333,0.6277995109558105,0.011905994266271591,0,0,7,5,-1,perm_test,0.004975124378109453,0.061414439902424636,12,5,7,0.0,0.16666666666666666,0,0.0,0.0,0.0,0.0,0,none,0,1,0,overconfident,0.95,0,mild_drift,0.9560848823330513,0.0013417949093494828,0.7820320362232451,0.8525394164679346,1768132907.5294738,0.8065206408500671,0.051141731441020966
39,2496,2495,sea_abrupt4,sea,ts_drift_adapt,4,"error_divergence_ph_meta@error.threshold=0.10,error.min_instances=5",error_divergence_ph_meta,"{""divergence"": {""alpha"": 0.1, ""delta"": 0.005, ""min_instances"": 30, ""threshold"": 0.05}, ""error_rate"": {""alpha"": 0.15, ""delta"": 0.005, ""min_instances"": 5, ""threshold"": 0.1}}","{""error_rate"": {""min_instances"": 5, ""threshold"": 0.1}}",0.1,0.005,0.15,5,0.05,0.005,0.1,30,,,,-1,two_stage,2,0.5,"__confirm_cooldown=200,__confirm_rule=perm_test,__perm_alpha=0.01,__perm_delta_k=50,__perm_min_effect=0,__perm_n_perm=200,__perm_post_n=50,__perm_pre_n=200,__perm_rng_seed=0,__perm_stat=delta_fused_score,divergence=0.3,error_rate=0.5,teacher_entropy=0.2",3,0,200,0.0,0,10000,10.0,25.0,200,500,0,0,1.0,0.7580128205128205,0.4036875568096867,0.0,0.6180661916732788,0.009401158429682255,0,0,7,5,-1,perm_test,0.004975124378109453,0.061414439902424636,12,5,7,0.0,0.3333333333333333,0,0.0,0.0,0.0,0.0,0,none,0,1,0,overconfident,0.95,0,mild_drift,0.9581924411665257,0.0013208974546747416,0.7910160181116226,0.8537697082339673,1768132907.5388467,0.22999928891658783,0.040166936814785004
40,2560,2559,sea_abrupt4,sea,ts_drift_adapt,4,"error_divergence_ph_meta@error.threshold=0.10,error.min_instances=5",error_divergence_ph_meta,"{""divergence"": {""alpha"": 0.1, ""delta"": 0.005, ""min_instances"": 30, ""threshold"": 0.05}, ""error_rate"": {""alpha"": 0.15, ""delta"": 0.005, ""min_instances"": 5, ""threshold"": 0.1}}","{""error_rate"": {""min_instances"": 5, ""threshold"": 0.1}}",0.1,0.005,0.15,5,0.05,0.005,0.1,30,,,,-1,two_stage,2,0.5,"__confirm_cooldown=200,__confirm_rule=perm_test,__perm_alpha=0.01,__perm_delta_k=50,__perm_min_effect=0,__perm_n_perm=200,__perm_post_n=50,__perm_pre_n=200,__perm_rng_seed=0,__perm_stat=delta_fused_score,divergence=0.3,error_rate=0.5,teacher_entropy=0.2",3,0,200,0.0,0,10000,10.0,25.0,200,500,0,0,1.0,0.7578125,0.4011433814873617,0.5,0.6032773852348328,0.009135274216532707,1,1,8,6,0,perm_test,0.004975124378109453,0.2130524957815207,13,6,7,0.16666666666666669,0.5,1,0.5,0.0,0.0,0.0,0,none,1,1,0,overconfident,0.95,0,severe_drift,0.9245962205832629,0.0016604487273373708,0.6455080090558113,0.8318848541169837,1768132907.5531995,0.7048768997192383,0.038751501590013504
41,2624,2623,sea_abrupt4,sea,ts_drift_adapt,4,"error_divergence_ph_meta@error.threshold=0.10,error.min_instances=5",error_divergence_ph_meta,"{""divergence"": {""alpha"": 0.1, ""delta"": 0.005, ""min_instances"": 30, ""threshold"": 0.05}, ""error_rate"": {""alpha"": 0.15, ""delta"": 0.005, ""min_instances"": 5, ""threshold"": 0.1}}","{""error_rate"": {""min_instances"": 5, ""threshold"": 0.1}}",0.1,0.005,0.15,5,0.05,0.005,0.1,30,,,,-1,two_stage,2,0.5,"__confirm_cooldown=200,__confirm_rule=perm_test,__perm_alpha=0.01,__perm_delta_k=50,__perm_min_effect=0,__perm_n_perm=200,__perm_post_n=50,__perm_pre_n=200,__perm_rng_seed=0,__perm_stat=delta_fused_score,divergence=0.3,error_rate=0.5,teacher_entropy=0.2",3,0,200,0.0,0,10000,10.0,25.0,200,500,1,136,1.0,0.758765243902439,0.4044292604847491,0.3333333333333333,0.6016873717308044,0.009091092273592949,0,0,8,6,-1,perm_test,0.004975124378109453,0.2130524957815207,13,6,7,0.0,0.16666666666666669,0,0.0,0.0,0.0,0.0,0,none,0,1,0,overconfident,0.95,0,mild_drift,0.9424481102916313,0.0014802243636686855,0.7227540045279057,0.8434424270584918,1768132907.5631816,0.5538971424102783,0.17716321349143982
42,2688,2687,sea_abrupt4,sea,ts_drift_adapt,4,"error_divergence_ph_meta@error.threshold=0.10,error.min_instances=5",error_divergence_ph_meta,"{""divergence"": {""alpha"": 0.1, ""delta"": 0.005, ""min_instances"": 30, ""threshold"": 0.05}, ""error_rate"": {""alpha"": 0.15, ""delta"": 0.005, ""min_instances"": 5, ""threshold"": 0.1}}","{""error_rate"": {""min_instances"": 5, ""threshold"": 0.1}}",0.1,0.005,0.15,5,0.05,0.005,0.1,30,,,,-1,two_stage,2,0.5,"__confirm_cooldown=200,__confirm_rule=perm_test,__perm_alpha=0.01,__perm_delta_k=50,__perm_min_effect=0,__perm_n_perm=200,__perm_post_n=50,__perm_pre_n=200,__perm_rng_seed=0,__perm_stat=delta_fused_score,divergence=0.3,error_rate=0.5,teacher_entropy=0.2",3,0,200,0.0,0,10000,10.0,25.0,200,500,1,72,1.0,0.7607886904761905,0.40858267942858784,0.0,0.6006126999855042,0.006889198441058397,0,0,8,6,-1,perm_test,0.004975124378109453,0.2130524957815207,13,6,7,0.0,0.3333333333333333,0,0.0,0.0,0.0,0.0,0,none,0,1,0,overconfident,0.95,0,mild_drift,0.9513740551458156,0.001390112181834343,0.7613770022639529,0.8492212135292458,1768132907.5734453,0.32629844546318054,0.21099628508090973
43,2752,2751,sea_abrupt4,sea,ts_drift_adapt,4,"error_divergence_ph_meta@error.threshold=0.10,error.min_instances=5",error_divergence_ph_meta,"{""divergence"": {""alpha"": 0.1, ""delta"": 0.005, ""min_instances"": 30, ""threshold"": 0.05}, ""error_rate"": {""alpha"": 0.15, ""delta"": 0.005, ""min_instances"": 5, ""threshold"": 0.1}}","{""error_rate"": {""min_instances"": 5, ""threshold"": 0.1}}",0.1,0.005,0.15,5,0.05,0.005,0.1,30,,,,-1,two_stage,2,0.5,"__confirm_cooldown=200,__confirm_rule=perm_test,__perm_alpha=0.01,__perm_delta_k=50,__perm_min_effect=0,__perm_n_perm=200,__perm_post_n=50,__perm_pre_n=200,__perm_rng_seed=0,__perm_stat=delta_fused_score,divergence=0.3,error_rate=0.5,teacher_entropy=0.2",3,0,200,0.0,0,10000,10.0,25.0,200,500,1,8,1.0,0.7619912790697675,0.4097298175249886,0.3333333333333333,0.5917869806289673,0.005004788748919964,0,0,8,6,-1,perm_test,0.004975124378109453,0.2130524957815207,13,6,7,0.0,0.3333333333333333,0,0.0,0.0,0.0,0.0,0,none,0,1,0,overconfident,0.95,0,mild_drift,0.9558370275729078,0.0013450560909171717,0.7806885011319764,0.8521106067646229,1768132907.5836232,0.6061736941337585,0.17619791626930237
44,2816,2815,sea_abrupt4,sea,ts_drift_adapt,4,"error_divergence_ph_meta@error.threshold=0.10,error.min_instances=5",error_divergence_ph_meta,"{""divergence"": {""alpha"": 0.1, ""delta"": 0.005, ""min_instances"": 30, ""threshold"": 0.05}, ""error_rate"": {""alpha"": 0.15, ""delta"": 0.005, ""min_instances"": 5, ""threshold"": 0.1}}","{""error_rate"": {""min_instances"": 5, ""threshold"": 0.1}}",0.1,0.005,0.15,5,0.05,0.005,0.1,30,,,,-1,two_stage,2,0.5,"__confirm_cooldown=200,__confirm_rule=perm_test,__perm_alpha=0.01,__perm_delta_k=50,__perm_min_effect=0,__perm_n_perm=200,__perm_post_n=50,__perm_pre_n=200,__perm_rng_seed=0,__perm_stat=delta_fused_score,divergence=0.3,error_rate=0.5,teacher_entropy=0.2",3,0,200,0.0,0,10000,10.0,25.0,200,500,0,0,1.0,0.7634943181818182,0.41435813332150884,0.16666666666666666,0.5853884220123291,0.004820792470127344,0,0,8,6,-1,perm_test,0.004975124378109453,0.2130524957815207,13,6,7,0.0,0.16666666666666666,0,0.0,0.0,0.0,0.0,0,none,0,1,0,overconfident,0.95,0,mild_drift,0.9580685137864539,0.001322528045458586,0.7903442505659882,0.8535553033823114,1768132907.593881,0.6181311011314392,0.15963613986968994
45,2880,2879,sea_abrupt4,sea,ts_drift_adapt,4,"error_divergence_ph_meta@error.threshold=0.10,error.min_instances=5",error_divergence_ph_meta,"{""divergence"": {""alpha"": 0.1, ""delta"": 0.005, ""min_instances"": 30, ""threshold"": 0.05}, ""error_rate"": {""alpha"": 0.15, ""delta"": 0.005, ""min_instances"": 5, ""threshold"": 0.1}}","{""error_rate"": {""min_instances"": 5, ""threshold"": 0.1}}",0.1,0.005,0.15,5,0.05,0.005,0.1,30,,,,-1,two_stage,2,0.5,"__confirm_cooldown=200,__confirm_rule=perm_test,__perm_alpha=0.01,__perm_delta_k=50,__perm_min_effect=0,__perm_n_perm=200,__perm_post_n=50,__perm_pre_n=200,__perm_rng_seed=0,__perm_stat=delta_fused_score,divergence=0.3,error_rate=0.5,teacher_entropy=0.2",3,0,200,0.0,0,10000,10.0,25.0,200,500,0,0,1.0,0.7642361111111111,0.4166791950344708,0.3333333333333333,0.5778126120567322,0.0038332988042384386,1,1,9,7,0,perm_test,0.004975124378109453,0.07562436553659976,14,7,7,0.16666666666666669,0.16666666666666666,1,0.5,0.0,0.0,0.0,0,none,1,1,0,overconfident,0.95,0,severe_drift,0.9245342568932269,0.001661264022729293,0.6451721252829941,0.8317776516911557,1768132907.6095946,0.5541797280311584,0.1789788007736206
46,2944,2943,sea_abrupt4,sea,ts_drift_adapt,4,"error_divergence_ph_meta@error.threshold=0.10,error.min_instances=5",error_divergence_ph_meta,"{""divergence"": {""alpha"": 0.1, ""delta"": 0.005, ""min_instances"": 30, ""threshold"": 0.05}, ""error_rate"": {""alpha"": 0.15, ""delta"": 0.005, ""min_instances"": 5, ""threshold"": 0.1}}","{""error_rate"": {""min_instances"": 5, ""threshold"": 0.1}}",0.1,0.005,0.15,5,0.05,0.005,0.1,30,,,,-1,two_stage,2,0.5,"__confirm_cooldown=200,__confirm_rule=perm_test,__perm_alpha=0.01,__perm_delta_k=50,__perm_min_effect=0,__perm_n_perm=200,__perm_post_n=50,__perm_pre_n=200,__perm_rng_seed=0,__perm_stat=delta_fused_score,divergence=0.3,error_rate=0.5,teacher_entropy=0.2",3,0,200,0.0,0,10000,10.0,25.0,200,500,1,136,1.0,0.766983695652174,0.4220628593177221,0.0,0.6003392934799194,0.005493703298270702,0,0,9,7,-1,perm_test,0.004975124378109453,0.07562436553659976,14,7,7,0.0,0.3333333333333333,0,0.0,0.0,0.0,0.0,0,none,0,1,0,overconfident,0.95,0,mild_drift,0.9424171284466134,0.0014806320113646466,0.722586062641497,0.8433888258455778,1768132907.619804,0.29638609290122986,0.19005315005779266
47,3008,3007,sea_abrupt4,sea,ts_drift_adapt,4,"error_divergence_ph_meta@error.threshold=0.10,error.min_instances=5",error_divergence_ph_meta,"{""divergence"": {""alpha"": 0.1, ""delta"": 0.005, ""min_instances"": 30, ""threshold"": 0.05}, ""error_rate"": {""alpha"": 0.15, ""delta"": 0.005, ""min_instances"": 5, ""threshold"": 0.1}}","{""error_rate"": {""min_instances"": 5, ""threshold"": 0.1}}",0.1,0.005,0.15,5,0.05,0.005,0.1,30,,,,-1,two_stage,2,0.5,"__confirm_cooldown=200,__confirm_rule=perm_test,__perm_alpha=0.01,__perm_delta_k=50,__perm_min_effect=0,__perm_n_perm=200,__perm_post_n=50,__perm_pre_n=200,__perm_rng_seed=0,__perm_stat=delta_fused_score,divergence=0.3,error_rate=0.5,teacher_entropy=0.2",3,0,200,0.0,0,10000,10.0,25.0,200,500,1,72,1.0,0.7672872340425532,0.4221997570911972,0.3333333333333333,0.599795937538147,0.00561893405392766,0,0,9,7,-1,perm_test,0.004975124378109453,0.07562436553659976,14,7,7,0.0,0.3333333333333333,0,0.0,0.0,0.0,0.0,0,none,0,1,0,overconfident,0.95,0,mild_drift,0.9513585642233067,0.0013903160056823235,0.7612930313207485,0.8491944129227889,1768132907.6299336,0.6232373714447021,0.2165360152721405
48,3072,3071,sea_abrupt4,sea,ts_drift_adapt,4,"error_divergence_ph_meta@error.threshold=0.10,error.min_instances=5",error_divergence_ph_meta,"{""divergence"": {""alpha"": 0.1, ""delta"": 0.005, ""min_instances"": 30, ""threshold"": 0.05}, ""error_rate"": {""alpha"": 0.15, ""delta"": 0.005, ""min_instances"": 5, ""threshold"": 0.1}}","{""error_rate"": {""min_instances"": 5, ""threshold"": 0.1}}",0.1,0.005,0.15,5,0.05,0.005,0.1,30,,,,-1,two_stage,2,0.5,"__confirm_cooldown=200,__confirm_rule=perm_test,__perm_alpha=0.01,__perm_delta_k=50,__perm_min_effect=0,__perm_n_perm=200,__perm_post_n=50,__perm_pre_n=200,__perm_rng_seed=0,__perm_stat=delta_fused_score,divergence=0.3,error_rate=0.5,teacher_entropy=0.2",3,0,200,0.0,0,10000,10.0,25.0,200,500,1,8,1.0,0.7682291666666666,0.4228343198763794,0.0,0.5899269580841064,0.00716705247759819,0,0,9,7,-1,perm_test,0.004975124378109453,0.07562436553659976,14,7,7,0.0,0.3333333333333333,0,0.0,0.0,0.0,0.0,0,none,0,1,0,overconfident,0.95,0,mild_drift,0.9558292821116533,0.0013451580028411617,0.7806465156603744,0.8520972064613944,1768132907.6400943,0.2978954613208771,0.1322435587644577
49,3136,3135,sea_abrupt4,sea,ts_drift_adapt,4,"error_divergence_ph_meta@error.threshold=0.10,error.min_instances=5",error_divergence_ph_meta,"{""divergence"": {""alpha"": 0.1, ""delta"": 0.005, ""min_instances"": 30, ""threshold"": 0.05}, ""error_rate"": {""alpha"": 0.15, ""delta"": 0.005, ""min_instances"": 5, ""threshold"": 0.1}}","{""error_rate"": {""min_instances"": 5, ""threshold"": 0.1}}",0.1,0.005,0.15,5,0.05,0.005,0.1,30,,,,-1,two_stage,2,0.5,"__confirm_cooldown=200,__confirm_rule=perm_test,__perm_alpha=0.01,__perm_delta_k=50,__perm_min_effect=0,__perm_n_perm=200,__perm_post_n=50,__perm_pre_n=200,__perm_rng_seed=0,__perm_stat=delta_fused_score,divergence=0.3,error_rate=0.5,teacher_entropy=0.2",3,0,200,0.0,0,10000,10.0,25.0,200,500,0,0,1.0,0.7700892857142857,0.42709342630693437,0.0,0.566302478313446,0.009679236449301243,0,0,9,7,-1,perm_test,0.004975124378109453,0.07562436553659976,14,7,7,0.0,0.0025121839717030525,0,0.0,0.0,0.0,0.0,0,none,0,1,0,overconfident,0.95,0,mild_drift,0.9580646410558267,0.001322579001420581,0.7903232578301872,0.8535486032306971,1768132907.6504564,0.2234068661928177,0.14825163781642914
50,3200,3199,sea_abrupt4,sea,ts_drift_adapt,4,"error_divergence_ph_meta@error.threshold=0.10,error.min_instances=5",error_divergence_ph_meta,"{""divergence"": {""alpha"": 0.1, ""delta"": 0.005, ""min_instances"": 30, ""threshold"": 0.05}, ""error_rate"": {""alpha"": 0.15, ""delta"": 0.005, ""min_instances"": 5, ""threshold"": 0.1}}","{""error_rate"": {""min_instances"": 5, ""threshold"": 0.1}}",0.1,0.005,0.15,5,0.05,0.005,0.1,30,,,,-1,two_stage,2,0.5,"__confirm_cooldown=200,__confirm_rule=perm_test,__perm_alpha=0.01,__perm_delta_k=50,__perm_min_effect=0,__perm_n_perm=200,__perm_post_n=50,__perm_pre_n=200,__perm_rng_seed=0,__perm_stat=delta_fused_score,divergence=0.3,error_rate=0.5,teacher_entropy=0.2",3,0,200,0.0,0,10000,10.0,25.0,200,500,0,0,1.0,0.7690625,0.4248887375665751,0.16666666666666666,0.5977084636688232,0.010193178430199623,1,1,10,8,0,perm_test,0.004975124378109453,0.058812690431834166,15,8,7,0.16666666666666666,0.16666666666666666,1,0.5,0.0,0.0,0.0,0,none,1,1,0,overconfident,0.95,0,severe_drift,0.9245323205279133,0.0016612895007102905,0.6451616289150937,0.8317743016153486,1768132907.6661909,0.4610852301120758,0.1490001082420349
51,3264,3263,sea_abrupt4,sea,ts_drift_adapt,4,"error_divergence_ph_meta@error.threshold=0.10,error.min_instances=5",error_divergence_ph_meta,"{""divergence"": {""alpha"": 0.1, ""delta"": 0.005, ""min_instances"": 30, ""threshold"": 0.05}, ""error_rate"": {""alpha"": 0.15, ""delta"": 0.005, ""min_instances"": 5, ""threshold"": 0.1}}","{""error_rate"": {""min_instances"": 5, ""threshold"": 0.1}}",0.1,0.005,0.15,5,0.05,0.005,0.1,30,,,,-1,two_stage,2,0.5,"__confirm_cooldown=200,__confirm_rule=perm_test,__perm_alpha=0.01,__perm_delta_k=50,__perm_min_effect=0,__perm_n_perm=200,__perm_post_n=50,__perm_pre_n=200,__perm_rng_seed=0,__perm_stat=delta_fused_score,divergence=0.3,error_rate=0.5,teacher_entropy=0.2",3,0,200,0.0,0,10000,10.0,25.0,200,500,1,136,1.0,0.7696078431372549,0.4252388117788055,0.16666666666666666,0.5792669653892517,0.009445729665458202,0,0,10,8,-1,perm_test,0.004975124378109453,0.058812690431834166,15,8,7,0.0,0.0007474487647414207,0,0.0,0.0,0.0,0.0,0,none,0,1,0,overconfident,0.95,0,mild_drift,0.9424161602639567,0.0014806447503551453,0.7225808144575468,0.8433871508076742,1768132907.676458,0.31699225306510925,0.14065954089164734
52,3328,3327,sea_abrupt4,sea,ts_drift_adapt,4,"error_divergence_ph_meta@error.threshold=0.10,error.min_instances=5",error_divergence_ph_meta,"{""divergence"": {""alpha"": 0.1, ""delta"": 0.005, ""min_instances"": 30, ""threshold"": 0.05}, ""error_rate"": {""alpha"": 0.15, ""delta"": 0.005, ""min_instances"": 5, ""threshold"": 0.1}}","{""error_rate"": {""min_instances"": 5, ""threshold"": 0.1}}",0.1,0.005,0.15,5,0.05,0.005,0.1,30,,,,-1,two_stage,2,0.5,"__confirm_cooldown=200,__confirm_rule=perm_test,__perm_alpha=0.01,__perm_delta_k=50,__perm_min_effect=0,__perm_n_perm=200,__perm_post_n=50,__perm_pre_n=200,__perm_rng_seed=0,__perm_stat=delta_fused_score,divergence=0.3,error_rate=0.5,teacher_entropy=0.2",3,0,200,0.0,0,10000,10.0,25.0,200,500,1,72,1.0,0.7701322115384616,0.42352943307568713,0.16666666666666666,0.5696272253990173,0.01112333033233881,0,0,10,8,-1,perm_test,0.004975124378109453,0.058812690431834166,15,8,7,0.0,0.0016776006668806076,0,0.0,0.0,0.0,0.0,0,none,0,1,0,overconfident,0.95,0,mild_drift,0.9513580801319783,0.0013903223751775729,0.7612904072287734,0.8491935754038371,1768132907.687629,0.336023211479187,0.14683598279953003
53,3392,3391,sea_abrupt4,sea,ts_drift_adapt,4,"error_divergence_ph_meta@error.threshold=0.10,error.min_instances=5",error_divergence_ph_meta,"{""divergence"": {""alpha"": 0.1, ""delta"": 0.005, ""min_instances"": 30, ""threshold"": 0.05}, ""error_rate"": {""alpha"": 0.15, ""delta"": 0.005, ""min_instances"": 5, ""threshold"": 0.1}}","{""error_rate"": {""min_instances"": 5, ""threshold"": 0.1}}",0.1,0.005,0.15,5,0.05,0.005,0.1,30,,,,-1,two_stage,2,0.5,"__confirm_cooldown=200,__confirm_rule=perm_test,__perm_alpha=0.01,__perm_delta_k=50,__perm_min_effect=0,__perm_n_perm=200,__perm_post_n=50,__perm_pre_n=200,__perm_rng_seed=0,__perm_stat=delta_fused_score,divergence=0.3,error_rate=0.5,teacher_entropy=0.2",3,0,200,0.0,0,10000,10.0,25.0,200,500,1,8,1.0,0.7724056603773585,0.42966068323349327,0.16666666666666666,0.5737432837486267,0.009948204271495342,0,0,10,8,-1,perm_test,0.004975124378109453,0.058812690431834166,15,8,7,0.0,0.0011751260608434677,0,0.0,0.0,0.0,0.0,0,none,0,1,0,overconfident,0.95,0,mild_drift,0.9558290400659891,0.0013451611875887866,0.7806452036143867,0.8520967877019185,1768132907.7004447,0.4829404354095459,0.1125141903758049
54,3456,3455,sea_abrupt4,sea,ts_drift_adapt,4,"error_divergence_ph_meta@error.threshold=0.10,error.min_instances=5",error_divergence_ph_meta,"{""divergence"": {""alpha"": 0.1, ""delta"": 0.005, ""min_instances"": 30, ""threshold"": 0.05}, ""error_rate"": {""alpha"": 0.15, ""delta"": 0.005, ""min_instances"": 5, ""threshold"": 0.1}}","{""error_rate"": {""min_instances"": 5, ""threshold"": 0.1}}",0.1,0.005,0.15,5,0.05,0.005,0.1,30,,,,-1,two_stage,2,0.5,"__confirm_cooldown=200,__confirm_rule=perm_test,__perm_alpha=0.01,__perm_delta_k=50,__perm_min_effect=0,__perm_n_perm=200,__perm_post_n=50,__perm_pre_n=200,__perm_rng_seed=0,__perm_stat=delta_fused_score,divergence=0.3,error_rate=0.5,teacher_entropy=0.2",3,0,200,0.0,0,10000,10.0,25.0,200,500,0,0,1.0,0.7737268518518519,0.4324079114498277,0.16666666666666666,0.5439434051513672,0.011973559856414795,0,0,10,8,-1,perm_test,0.004975124378109453,0.058812690431834166,15,8,7,0.0,0.0020253555849194527,0,0.0,0.0,0.0,0.0,0,none,0,1,0,overconfident,0.95,0,mild_drift,0.9580645200329945,0.0013225805937943933,0.7903226018071934,0.8535483938509593,1768132907.7135777,0.3217541575431824,0.13073784112930298
55,3520,3519,sea_abrupt4,sea,ts_drift_adapt,4,"error_divergence_ph_meta@error.threshold=0.10,error.min_instances=5",error_divergence_ph_meta,"{""divergence"": {""alpha"": 0.1, ""delta"": 0.005, ""min_instances"": 30, ""threshold"": 0.05}, ""error_rate"": {""alpha"": 0.15, ""delta"": 0.005, ""min_instances"": 5, ""threshold"": 0.1}}","{""error_rate"": {""min_instances"": 5, ""threshold"": 0.1}}",0.1,0.005,0.15,5,0.05,0.005,0.1,30,,,,-1,two_stage,2,0.5,"__confirm_cooldown=200,__confirm_rule=perm_test,__perm_alpha=0.01,__perm_delta_k=50,__perm_min_effect=0,__perm_n_perm=200,__perm_post_n=50,__perm_pre_n=200,__perm_rng_seed=0,__perm_stat=delta_fused_score,divergence=0.3,error_rate=0.5,teacher_entropy=0.2",3,0,200,0.0,0,10000,10.0,25.0,200,500,0,0,1.0,0.7755681818181818,0.4350043723769801,0.16666666666666666,0.5455721616744995,0.010049857199192047,0,0,10,8,-1,perm_test,0.004975124378109453,0.058812690431834166,15,8,7,0.0,0.0019237026572227478,0,0.0,0.0,0.0,0.0,0,none,0,1,0,overconfident,0.95,0,mild_drift,0.9591822600164972,0.0013112902968971966,0.7951613009035967,0.8542741969254797,1768132907.7265394,0.39728906750679016,0.11673231422901154
56,3584,3583,sea_abrupt4,sea,ts_drift_adapt,4,"error_divergence_ph_meta@error.threshold=0.10,error.min_instances=5",error_divergence_ph_meta,"{""divergence"": {""alpha"": 0.1, ""delta"": 0.005, ""min_instances"": 30, ""threshold"": 0.05}, ""error_rate"": {""alpha"": 0.15, ""delta"": 0.005, ""min_instances"": 5, ""threshold"": 0.1}}","{""error_rate"": {""min_instances"": 5, ""threshold"": 0.1}}",0.1,0.005,0.15,5,0.05,0.005,0.1,30,,,,-1,two_stage,2,0.5,"__confirm_cooldown=200,__confirm_rule=perm_test,__perm_alpha=0.01,__perm_delta_k=50,__perm_min_effect=0,__perm_n_perm=200,__perm_post_n=50,__perm_pre_n=200,__perm_rng_seed=0,__perm_stat=delta_fused_score,divergence=0.3,error_rate=0.5,teacher_entropy=0.2",3,0,200,0.0,0,10000,10.0,25.0,200,500,0,0,1.0,0.7765066964285714,0.439386281955043,0.3333333333333333,0.5701053738594055,0.014205832965672016,1,1,11,9,0,perm_test,0.004975124378109453,0.06746576353219795,16,9,7,0.16666666666666666,0.16666666666666666,1,0.5,0.0,0.0,0.0,0,none,1,1,0,overconfident,0.95,0,severe_drift,0.9250911300082486,0.0016556451484485983,0.6475806504517984,0.8321370984627399,1768132907.7425108,0.8156898021697998,0.12482894212007523
57,3648,3647,sea_abrupt4,sea,ts_drift_adapt,4,"error_divergence_ph_meta@error.threshold=0.10,error.min_instances=5",error_divergence_ph_meta,"{""divergence"": {""alpha"": 0.1, ""delta"": 0.005, ""min_instances"": 30, ""threshold"": 0.05}, ""error_rate"": {""alpha"": 0.15, ""delta"": 0.005, ""min_instances"": 5, ""threshold"": 0.1}}","{""error_rate"": {""min_instances"": 5, ""threshold"": 0.1}}",0.1,0.005,0.15,5,0.05,0.005,0.1,30,,,,-1,two_stage,2,0.5,"__confirm_cooldown=200,__confirm_rule=perm_test,__perm_alpha=0.01,__perm_delta_k=50,__perm_min_effect=0,__perm_n_perm=200,__perm_post_n=50,__perm_pre_n=200,__perm_rng_seed=0,__perm_stat=delta_fused_score,divergence=0.3,error_rate=0.5,teacher_entropy=0.2",3,0,200,0.0,0,10000,10.0,25.0,200,500,1,136,1.0,0.7774122807017544,0.44112480816928124,0.0,0.5263816714286804,0.007996524684131145,0,0,11,9,-1,perm_test,0.004975124378109453,0.06746576353219795,16,9,7,0.0,0.3333333333333333,0,0.0,0.0,0.0,0.0,0,none,0,1,0,overconfident,0.95,0,mild_drift,0.9426955650041242,0.0014778225742242993,0.7237903252258993,0.8435685492313699,1768132907.7528727,0.24879808723926544,0.09307289123535156
58,3712,3711,sea_abrupt4,sea,ts_drift_adapt,4,"error_divergence_ph_meta@error.threshold=0.10,error.min_instances=5",error_divergence_ph_meta,"{""divergence"": {""alpha"": 0.1, ""delta"": 0.005, ""min_instances"": 30, ""threshold"": 0.05}, ""error_rate"": {""alpha"": 0.15, ""delta"": 0.005, ""min_instances"": 5, ""threshold"": 0.1}}","{""error_rate"": {""min_instances"": 5, ""threshold"": 0.1}}",0.1,0.005,0.15,5,0.05,0.005,0.1,30,,,,-1,two_stage,2,0.5,"__confirm_cooldown=200,__confirm_rule=perm_test,__perm_alpha=0.01,__perm_delta_k=50,__perm_min_effect=0,__perm_n_perm=200,__perm_post_n=50,__perm_pre_n=200,__perm_rng_seed=0,__perm_stat=delta_fused_score,divergence=0.3,error_rate=0.5,teacher_entropy=0.2",3,0,200,0.0,0,10000,10.0,25.0,200,500,1,72,1.0,0.7782866379310345,0.44287113827335745,0.0,0.505275547504425,0.01245968323200941,0,0,11,9,-1,perm_test,0.004975124378109453,0.06746576353219795,16,9,7,0.0,0.004463158547878265,0,0.0,0.0,0.0,0.0,0,none,0,1,0,overconfident,0.95,0,mild_drift,0.9514977825020621,0.0013889112871121496,0.7618951626129497,0.849284274615685,1768132907.7632139,0.07773693650960922,0.12061414122581482
59,3776,3775,sea_abrupt4,sea,ts_drift_adapt,4,"error_divergence_ph_meta@error.threshold=0.10,error.min_instances=5",error_divergence_ph_meta,"{""divergence"": {""alpha"": 0.1, ""delta"": 0.005, ""min_instances"": 30, ""threshold"": 0.05}, ""error_rate"": {""alpha"": 0.15, ""delta"": 0.005, ""min_instances"": 5, ""threshold"": 0.1}}","{""error_rate"": {""min_instances"": 5, ""threshold"": 0.1}}",0.1,0.005,0.15,5,0.05,0.005,0.1,30,,,,-1,two_stage,2,0.5,"__confirm_cooldown=200,__confirm_rule=perm_test,__perm_alpha=0.01,__perm_delta_k=50,__perm_min_effect=0,__perm_n_perm=200,__perm_post_n=50,__perm_pre_n=200,__perm_rng_seed=0,__perm_stat=delta_fused_score,divergence=0.3,error_rate=0.5,teacher_entropy=0.2",3,0,200,0.0,0,10000,10.0,25.0,200,500,1,8,1.0,0.7770127118644068,0.43943230079820356,0.16666666666666666,0.512108564376831,0.012188028544187546,0,0,11,9,-1,perm_test,0.004975124378109453,0.06746576353219795,16,9,7,0.0,0.16666666666666666,0,0.0,0.0,0.0,0.0,0,none,0,1,0,overconfident,0.95,0,mild_drift,0.955898891251031,0.0013444556435560748,0.7809475813064748,0.8521421373078425,1768132907.7734091,0.2778502404689789,0.12456440925598145
60,3840,3839,sea_abrupt4,sea,ts_drift_adapt,4,"error_divergence_ph_meta@error.threshold=0.10,error.min_instances=5",error_divergence_ph_meta,"{""divergence"": {""alpha"": 0.1, ""delta"": 0.005, ""min_instances"": 30, ""threshold"": 0.05}, ""error_rate"": {""alpha"": 0.15, ""delta"": 0.005, ""min_instances"": 5, ""threshold"": 0.1}}","{""error_rate"": {""min_instances"": 5, ""threshold"": 0.1}}",0.1,0.005,0.15,5,0.05,0.005,0.1,30,,,,-1,two_stage,2,0.5,"__confirm_cooldown=200,__confirm_rule=perm_test,__perm_alpha=0.01,__perm_delta_k=50,__perm_min_effect=0,__perm_n_perm=200,__perm_post_n=50,__perm_pre_n=200,__perm_rng_seed=0,__perm_stat=delta_fused_score,divergence=0.3,error_rate=0.5,teacher_entropy=0.2",3,0,200,0.0,0,10000,10.0,25.0,200,500,0,0,1.0,0.7770833333333333,0.4383063887726896,0.16666666666666666,0.5065298676490784,0.012518811039626598,0,0,11,9,-1,perm_test,0.004975124378109453,0.06746576353219795,16,9,7,0.0,0.0003307824954390526,0,0.0,0.0,0.0,0.0,0,none,0,1,0,overconfident,0.95,0,mild_drift,0.9580994456255154,0.0013222278217780376,0.7904737906532374,0.8535710686539213,1768132907.7836194,0.4806744158267975,0.10917823761701584
61,3904,3903,sea_abrupt4,sea,ts_drift_adapt,4,"error_divergence_ph_meta@error.threshold=0.10,error.min_instances=5",error_divergence_ph_meta,"{""divergence"": {""alpha"": 0.1, ""delta"": 0.005, ""min_instances"": 30, ""threshold"": 0.05}, ""error_rate"": {""alpha"": 0.15, ""delta"": 0.005, ""min_instances"": 5, ""threshold"": 0.1}}","{""error_rate"": {""min_instances"": 5, ""threshold"": 0.1}}",0.1,0.005,0.15,5,0.05,0.005,0.1,30,,,,-1,two_stage,2,0.5,"__confirm_cooldown=200,__confirm_rule=perm_test,__perm_alpha=0.01,__perm_delta_k=50,__perm_min_effect=0,__perm_n_perm=200,__perm_post_n=50,__perm_pre_n=200,__perm_rng_seed=0,__perm_stat=delta_fused_score,divergence=0.3,error_rate=0.5,teacher_entropy=0.2",3,0,200,0.0,0,10000,10.0,25.0,200,500,0,0,1.0,0.7784323770491803,0.44091325095991235,0.0,0.47966599464416504,0.009113621897995472,0,1,12,9,-1,perm_test,1.0,-0.09880997282962434,17,9,8,0.3333333333333333,0.16666666666666666,1,0.5,0.0,0.0,0.0,0,none,0,1,0,overconfident,0.95,0,mild_drift,0.9591997228127577,0.0013111139108890188,0.7952368953266187,0.8542855343269606,1768132907.7941415,0.1809682697057724,0.09577671438455582
62,3968,3967,sea_abrupt4,sea,ts_drift_adapt,4,"error_divergence_ph_meta@error.threshold=0.10,error.min_instances=5",error_divergence_ph_meta,"{""divergence"": {""alpha"": 0.1, ""delta"": 0.005, ""min_instances"": 30, ""threshold"": 0.05}, ""error_rate"": {""alpha"": 0.15, ""delta"": 0.005, ""min_instances"": 5, ""threshold"": 0.1}}","{""error_rate"": {""min_instances"": 5, ""threshold"": 0.1}}",0.1,0.005,0.15,5,0.05,0.005,0.1,30,,,,-1,two_stage,2,0.5,"__confirm_cooldown=200,__confirm_rule=perm_test,__perm_alpha=0.01,__perm_delta_k=50,__perm_min_effect=0,__perm_n_perm=200,__perm_post_n=50,__perm_pre_n=200,__perm_rng_seed=0,__perm_stat=delta_fused_score,divergence=0.3,error_rate=0.5,teacher_entropy=0.2",3,0,200,0.0,0,10000,10.0,25.0,200,500,0,0,1.0,0.7789818548387096,0.44179481026449147,0.0,0.5055579543113708,0.01012580655515194,0,0,12,9,-1,perm_test,0.19402985074626866,0.003625005165819168,18,9,9,0.0,0.0010121846571564674,0,0.0,0.0,0.0,0.0,0,none,0,1,0,overconfident,0.95,0,mild_drift,0.9597498614063789,0.0013055569554445094,0.7976184476633094,0.8546427671634803,1768132907.8103504,0.1763753890991211,0.10463690757751465
63,4032,4031,sea_abrupt4,sea,ts_drift_adapt,4,"error_divergence_ph_meta@error.threshold=0.10,error.min_instances=5",error_divergence_ph_meta,"{""divergence"": {""alpha"": 0.1, ""delta"": 0.005, ""min_instances"": 30, ""threshold"": 0.05}, ""error_rate"": {""alpha"": 0.15, ""delta"": 0.005, ""min_instances"": 5, ""threshold"": 0.1}}","{""error_rate"": {""min_instances"": 5, ""threshold"": 0.1}}",0.1,0.005,0.15,5,0.05,0.005,0.1,30,,,,-1,two_stage,2,0.5,"__confirm_cooldown=200,__confirm_rule=perm_test,__perm_alpha=0.01,__perm_delta_k=50,__perm_min_effect=0,__perm_n_perm=200,__perm_post_n=50,__perm_pre_n=200,__perm_rng_seed=0,__perm_stat=delta_fused_score,divergence=0.3,error_rate=0.5,teacher_entropy=0.2",3,0,200,0.0,0,10000,10.0,25.0,200,500,0,0,1.0,0.7787698412698413,0.44265758193367943,0.5,0.4891679584980011,0.008977613411843777,1,0,12,10,2,perm_test,0.004975124378109453,0.10308609973227179,19,10,9,0.0,0.5,0,0.0,0.0,0.0,0.0,0,none,1,1,0,overconfident,0.95,0,stable,0.9748749307031894,0.0010527784777222546,0.8988092238316547,0.8998213835817401,1768132907.826484,1.3294274806976318,0.10463792085647583
64,4096,4095,sea_abrupt4,sea,ts_drift_adapt,4,"error_divergence_ph_meta@error.threshold=0.10,error.min_instances=5",error_divergence_ph_meta,"{""divergence"": {""alpha"": 0.1, ""delta"": 0.005, ""min_instances"": 30, ""threshold"": 0.05}, ""error_rate"": {""alpha"": 0.15, ""delta"": 0.005, ""min_instances"": 5, ""threshold"": 0.1}}","{""error_rate"": {""min_instances"": 5, ""threshold"": 0.1}}",0.1,0.005,0.15,5,0.05,0.005,0.1,30,,,,-1,two_stage,2,0.5,"__confirm_cooldown=200,__confirm_rule=perm_test,__perm_alpha=0.01,__perm_delta_k=50,__perm_min_effect=0,__perm_n_perm=200,__perm_post_n=50,__perm_pre_n=200,__perm_rng_seed=0,__perm_stat=delta_fused_score,divergence=0.3,error_rate=0.5,teacher_entropy=0.2",3,0,200,0.0,0,10000,10.0,25.0,200,500,1,136,1.0,0.779296875,0.44285474828896926,0.16666666666666666,0.4646152853965759,0.009083869867026806,0,0,12,10,-1,perm_test,0.004975124378109453,0.10308609973227179,19,10,9,0.0,0.33333333333333337,0,0.0,0.0,0.0,0.0,0,none,0,1,0,overconfident,0.95,0,mild_drift,0.9675874653515947,0.0011763892388611274,0.8494046119158274,0.8774106917908701,1768132907.83675,0.3940790593624115,0.09736603498458862
65,4160,4159,sea_abrupt4,sea,ts_drift_adapt,4,"error_divergence_ph_meta@error.threshold=0.10,error.min_instances=5",error_divergence_ph_meta,"{""divergence"": {""alpha"": 0.1, ""delta"": 0.005, ""min_instances"": 30, ""threshold"": 0.05}, ""error_rate"": {""alpha"": 0.15, ""delta"": 0.005, ""min_instances"": 5, ""threshold"": 0.1}}","{""error_rate"": {""min_instances"": 5, ""threshold"": 0.1}}",0.1,0.005,0.15,5,0.05,0.005,0.1,30,,,,-1,two_stage,2,0.5,"__confirm_cooldown=200,__confirm_rule=perm_test,__perm_alpha=0.01,__perm_delta_k=50,__perm_min_effect=0,__perm_n_perm=200,__perm_post_n=50,__perm_pre_n=200,__perm_rng_seed=0,__perm_stat=delta_fused_score,divergence=0.3,error_rate=0.5,teacher_entropy=0.2",3,0,200,0.0,0,10000,10.0,25.0,200,500,1,72,1.0,0.7788461538461539,0.44143161171323997,0.3333333333333333,0.4800954759120941,0.009538702666759491,0,0,12,10,-1,perm_test,0.004975124378109453,0.10308609973227179,19,10,9,0.0,0.16666666666666666,0,0.0,0.0,0.0,0.0,0,none,0,1,0,overconfident,0.95,0,mild_drift,0.9639437326757974,0.0012381946194305639,0.8247023059579137,0.8662053458954351,1768132907.8469512,0.8094356656074524,0.10238750278949738
66,4224,4223,sea_abrupt4,sea,ts_drift_adapt,4,"error_divergence_ph_meta@error.threshold=0.10,error.min_instances=5",error_divergence_ph_meta,"{""divergence"": {""alpha"": 0.1, ""delta"": 0.005, ""min_instances"": 30, ""threshold"": 0.05}, ""error_rate"": {""alpha"": 0.15, ""delta"": 0.005, ""min_instances"": 5, ""threshold"": 0.1}}","{""error_rate"": {""min_instances"": 5, ""threshold"": 0.1}}",0.1,0.005,0.15,5,0.05,0.005,0.1,30,,,,-1,two_stage,2,0.5,"__confirm_cooldown=200,__confirm_rule=perm_test,__perm_alpha=0.01,__perm_delta_k=50,__perm_min_effect=0,__perm_n_perm=200,__perm_post_n=50,__perm_pre_n=200,__perm_rng_seed=0,__perm_stat=delta_fused_score,divergence=0.3,error_rate=0.5,teacher_entropy=0.2",3,0,200,0.0,0,10000,10.0,25.0,200,500,1,8,1.0,0.7781723484848485,0.4394590102361817,0.6666666666666666,0.47473806142807007,0.00691756559535861,0,1,12,10,-1,perm_test,0.004975124378109453,0.10308609973227179,19,10,9,0.6666666666666666,0.3333333333333333,1,0.5,0.0,0.0,0.0,0,none,0,1,0,overconfident,0.95,0,mild_drift,0.9621218663378986,0.001269097309715282,0.8123511529789569,0.8606026729477175,1768132907.8572066,0.8885247111320496,0.10365916043519974
67,4288,4287,sea_abrupt4,sea,ts_drift_adapt,4,"error_divergence_ph_meta@error.threshold=0.10,error.min_instances=5",error_divergence_ph_meta,"{""divergence"": {""alpha"": 0.1, ""delta"": 0.005, ""min_instances"": 30, ""threshold"": 0.05}, ""error_rate"": {""alpha"": 0.15, ""delta"": 0.005, ""min_instances"": 5, ""threshold"": 0.1}}","{""error_rate"": {""min_instances"": 5, ""threshold"": 0.1}}",0.1,0.005,0.15,5,0.05,0.005,0.1,30,,,,-1,two_stage,2,0.5,"__confirm_cooldown=200,__confirm_rule=perm_test,__perm_alpha=0.01,__perm_delta_k=50,__perm_min_effect=0,__perm_n_perm=200,__perm_post_n=50,__perm_pre_n=200,__perm_rng_seed=0,__perm_stat=delta_fused_score,divergence=0.3,error_rate=0.5,teacher_entropy=0.2",3,0,200,0.0,0,10000,10.0,25.0,200,500,0,0,1.0,0.7791511194029851,0.4421492757772364,0.3333333333333333,0.46650180220603943,0.005215837620198727,0,0,12,10,-1,perm_test,0.004975124378109453,0.10308609973227179,19,10,9,0.0,0.3333333333333333,0,0.0,0.0,0.0,0.0,0,none,0,1,0,overconfident,0.95,0,mild_drift,0.9612109331689493,0.0012845486548576411,0.8061755764894785,0.8578013364738588,1768132907.8680425,0.5545196533203125,0.12372833490371704
68,4352,4351,sea_abrupt4,sea,ts_drift_adapt,4,"error_divergence_ph_meta@error.threshold=0.10,error.min_instances=5",error_divergence_ph_meta,"{""divergence"": {""alpha"": 0.1, ""delta"": 0.005, ""min_instances"": 30, ""threshold"": 0.05}, ""error_rate"": {""alpha"": 0.15, ""delta"": 0.005, ""min_instances"": 5, ""threshold"": 0.1}}","{""error_rate"": {""min_instances"": 5, ""threshold"": 0.1}}",0.1,0.005,0.15,5,0.05,0.005,0.1,30,,,,-1,two_stage,2,0.5,"__confirm_cooldown=200,__confirm_rule=perm_test,__perm_alpha=0.01,__perm_delta_k=50,__perm_min_effect=0,__perm_n_perm=200,__perm_post_n=50,__perm_pre_n=200,__perm_rng_seed=0,__perm_stat=delta_fused_score,divergence=0.3,error_rate=0.5,teacher_entropy=0.2",3,0,200,0.0,0,10000,10.0,25.0,200,500,0,0,1.0,0.7810202205882353,0.44731595925912504,0.16666666666666666,0.46239906549453735,0.005719272885471582,0,0,12,10,-1,perm_test,0.004975124378109453,0.10308609973227179,19,10,9,0.0,0.16666666666666666,0,0.0,0.0,0.0,0.0,0,none,0,1,0,overconfident,0.95,0,mild_drift,0.9607554665844746,0.0012922743274288205,0.8030877882447393,0.8564006682369294,1768132907.8785362,0.2410362809896469,0.10813888907432556
69,4416,4415,sea_abrupt4,sea,ts_drift_adapt,4,"error_divergence_ph_meta@error.threshold=0.10,error.min_instances=5",error_divergence_ph_meta,"{""divergence"": {""alpha"": 0.1, ""delta"": 0.005, ""min_instances"": 30, ""threshold"": 0.05}, ""error_rate"": {""alpha"": 0.15, ""delta"": 0.005, ""min_instances"": 5, ""threshold"": 0.1}}","{""error_rate"": {""min_instances"": 5, ""threshold"": 0.1}}",0.1,0.005,0.15,5,0.05,0.005,0.1,30,,,,-1,two_stage,2,0.5,"__confirm_cooldown=200,__confirm_rule=perm_test,__perm_alpha=0.01,__perm_delta_k=50,__perm_min_effect=0,__perm_n_perm=200,__perm_post_n=50,__perm_pre_n=200,__perm_rng_seed=0,__perm_stat=delta_fused_score,divergence=0.3,error_rate=0.5,teacher_entropy=0.2",3,0,200,0.0,0,10000,10.0,25.0,200,500,0,0,1.0,0.7817028985507246,0.4502287407480876,0.3333333333333333,0.49184587597846985,0.008271753787994385,0,0,12,10,-1,perm_test,0.004975124378109453,0.10308609973227179,19,10,9,0.0,0.16666666666666666,0,0.0,0.0,0.0,0.0,0,none,0,1,0,overconfident,0.95,0,mild_drift,0.9605277332922373,0.0012961371637144102,0.8015438941223696,0.8557003341184647,1768132907.8905244,0.5033084154129028,0.15352195501327515
70,4480,4479,sea_abrupt4,sea,ts_drift_adapt,4,"error_divergence_ph_meta@error.threshold=0.10,error.min_instances=5",error_divergence_ph_meta,"{""divergence"": {""alpha"": 0.1, ""delta"": 0.005, ""min_instances"": 30, ""threshold"": 0.05}, ""error_rate"": {""alpha"": 0.15, ""delta"": 0.005, ""min_instances"": 5, ""threshold"": 0.1}}","{""error_rate"": {""min_instances"": 5, ""threshold"": 0.1}}",0.1,0.005,0.15,5,0.05,0.005,0.1,30,,,,-1,two_stage,2,0.5,"__confirm_cooldown=200,__confirm_rule=perm_test,__perm_alpha=0.01,__perm_delta_k=50,__perm_min_effect=0,__perm_n_perm=200,__perm_post_n=50,__perm_pre_n=200,__perm_rng_seed=0,__perm_stat=delta_fused_score,divergence=0.3,error_rate=0.5,teacher_entropy=0.2",3,0,200,0.0,0,10000,10.0,25.0,200,500,0,0,1.0,0.78125,0.448521884401123,0.16666666666666666,0.46962136030197144,0.004316286183893681,0,0,12,10,-1,perm_test,0.004975124378109453,0.10308609973227179,19,10,9,0.0,0.16666666666666666,0,0.0,0.0,0.0,0.0,0,none,0,1,0,overconfident,0.95,0,mild_drift,0.9604138666461186,0.001298068581857205,0.8007719470611848,0.8553501670592323,1768132907.90413,0.5752572417259216,0.13341468572616577
71,4544,4543,sea_abrupt4,sea,ts_drift_adapt,4,"error_divergence_ph_meta@error.threshold=0.10,error.min_instances=5",error_divergence_ph_meta,"{""divergence"": {""alpha"": 0.1, ""delta"": 0.005, ""min_instances"": 30, ""threshold"": 0.05}, ""error_rate"": {""alpha"": 0.15, ""delta"": 0.005, ""min_instances"": 5, ""threshold"": 0.1}}","{""error_rate"": {""min_instances"": 5, ""threshold"": 0.1}}",0.1,0.005,0.15,5,0.05,0.005,0.1,30,,,,-1,two_stage,2,0.5,"__confirm_cooldown=200,__confirm_rule=perm_test,__perm_alpha=0.01,__perm_delta_k=50,__perm_min_effect=0,__perm_n_perm=200,__perm_post_n=50,__perm_pre_n=200,__perm_rng_seed=0,__perm_stat=delta_fused_score,divergence=0.3,error_rate=0.5,teacher_entropy=0.2",3,0,200,0.0,0,10000,10.0,25.0,200,500,0,0,1.0,0.78125,0.4493900513827004,0.0,0.4734620153903961,0.006333677098155022,0,1,13,10,-1,perm_test,1.0,-0.019477892697179894,20,10,10,0.6666666666666666,0.16666666666666666,1,0.5,0.0,0.0,0.0,0,none,0,1,0,overconfident,0.95,0,mild_drift,0.9603569333230593,0.0012990342909286025,0.8003859735305925,0.8551750835296161,1768132907.9177759,0.1307740956544876,0.1363917738199234
72,4608,4607,sea_abrupt4,sea,ts_drift_adapt,4,"error_divergence_ph_meta@error.threshold=0.10,error.min_instances=5",error_divergence_ph_meta,"{""divergence"": {""alpha"": 0.1, ""delta"": 0.005, ""min_instances"": 30, ""threshold"": 0.05}, ""error_rate"": {""alpha"": 0.15, ""delta"": 0.005, ""min_instances"": 5, ""threshold"": 0.1}}","{""error_rate"": {""min_instances"": 5, ""threshold"": 0.1}}",0.1,0.005,0.15,5,0.05,0.005,0.1,30,,,,-1,two_stage,2,0.5,"__confirm_cooldown=200,__confirm_rule=perm_test,__perm_alpha=0.01,__perm_delta_k=50,__perm_min_effect=0,__perm_n_perm=200,__perm_post_n=50,__perm_pre_n=200,__perm_rng_seed=0,__perm_stat=delta_fused_score,divergence=0.3,error_rate=0.5,teacher_entropy=0.2",3,0,200,0.0,0,10000,10.0,25.0,200,500,0,0,1.0,0.7814670138888888,0.449773233703514,0.5,0.45997923612594604,0.003892785869538784,1,0,13,11,1,perm_test,0.004975124378109453,0.15200554863756155,21,11,10,0.0,0.5,0,0.0,0.0,0.0,0.0,0,none,1,1,0,overconfident,0.95,0,stable,0.9751784666615296,0.0010495171454643012,0.9001929867652962,0.9000875417648081,1768132907.9357986,0.8845984935760498,0.14435070753097534
73,4672,4671,sea_abrupt4,sea,ts_drift_adapt,4,"error_divergence_ph_meta@error.threshold=0.10,error.min_instances=5",error_divergence_ph_meta,"{""divergence"": {""alpha"": 0.1, ""delta"": 0.005, ""min_instances"": 30, ""threshold"": 0.05}, ""error_rate"": {""alpha"": 0.15, ""delta"": 0.005, ""min_instances"": 5, ""threshold"": 0.1}}","{""error_rate"": {""min_instances"": 5, ""threshold"": 0.1}}",0.1,0.005,0.15,5,0.05,0.005,0.1,30,,,,-1,two_stage,2,0.5,"__confirm_cooldown=200,__confirm_rule=perm_test,__perm_alpha=0.01,__perm_delta_k=50,__perm_min_effect=0,__perm_n_perm=200,__perm_post_n=50,__perm_pre_n=200,__perm_rng_seed=0,__perm_stat=delta_fused_score,divergence=0.3,error_rate=0.5,teacher_entropy=0.2",3,0,200,0.0,0,10000,10.0,25.0,200,500,1,136,1.0,0.7818921232876712,0.4517300883447405,0.16666666666666666,0.488968163728714,0.006069748196750879,0,0,13,11,-1,perm_test,0.004975124378109453,0.15200554863756155,21,11,10,0.0,0.33333333333333337,0,0.0,0.0,0.0,0.0,0,none,0,1,0,overconfident,0.95,0,mild_drift,0.9677392333307648,0.0011747585727321507,0.8500964933826481,0.8775437708824041,1768132907.9464374,0.4099292755126953,0.1098385751247406
74,4736,4735,sea_abrupt4,sea,ts_drift_adapt,4,"error_divergence_ph_meta@error.threshold=0.10,error.min_instances=5",error_divergence_ph_meta,"{""divergence"": {""alpha"": 0.1, ""delta"": 0.005, ""min_instances"": 30, ""threshold"": 0.05}, ""error_rate"": {""alpha"": 0.15, ""delta"": 0.005, ""min_instances"": 5, ""threshold"": 0.1}}","{""error_rate"": {""min_instances"": 5, ""threshold"": 0.1}}",0.1,0.005,0.15,5,0.05,0.005,0.1,30,,,,-1,two_stage,2,0.5,"__confirm_cooldown=200,__confirm_rule=perm_test,__perm_alpha=0.01,__perm_delta_k=50,__perm_min_effect=0,__perm_n_perm=200,__perm_post_n=50,__perm_pre_n=200,__perm_rng_seed=0,__perm_stat=delta_fused_score,divergence=0.3,error_rate=0.5,teacher_entropy=0.2",3,0,200,0.0,0,10000,10.0,25.0,200,500,1,72,1.0,0.7816722972972973,0.4516059456957042,0.3333333333333333,0.47436484694480896,0.004876020830124617,0,0,13,11,-1,perm_test,0.004975124378109453,0.15200554863756155,21,11,10,0.0,0.16666666666666666,0,0.0,0.0,0.0,0.0,0,none,0,1,0,overconfident,0.95,0,mild_drift,0.9640196166653824,0.0012373792863660754,0.825048246691324,0.866271885441202,1768132907.9567757,0.4133829176425934,0.16071867942810059
75,4800,4799,sea_abrupt4,sea,ts_drift_adapt,4,"error_divergence_ph_meta@error.threshold=0.10,error.min_instances=5",error_divergence_ph_meta,"{""divergence"": {""alpha"": 0.1, ""delta"": 0.005, ""min_instances"": 30, ""threshold"": 0.05}, ""error_rate"": {""alpha"": 0.15, ""delta"": 0.005, ""min_instances"": 5, ""threshold"": 0.1}}","{""error_rate"": {""min_instances"": 5, ""threshold"": 0.1}}",0.1,0.005,0.15,5,0.05,0.005,0.1,30,,,,-1,two_stage,2,0.5,"__confirm_cooldown=200,__confirm_rule=perm_test,__perm_alpha=0.01,__perm_delta_k=50,__perm_min_effect=0,__perm_n_perm=200,__perm_post_n=50,__perm_pre_n=200,__perm_rng_seed=0,__perm_stat=delta_fused_score,divergence=0.3,error_rate=0.5,teacher_entropy=0.2",3,0,200,0.0,0,10000,10.0,25.0,200,500,1,8,1.0,0.780625,0.44891855281371634,0.0,0.4679555892944336,0.005254343617707491,0,0,13,11,-1,perm_test,0.004975124378109453,0.15200554863756155,21,11,10,0.0,0.3333333333333333,0,0.0,0.0,0.0,0.0,0,none,0,1,0,overconfident,0.95,0,mild_drift,0.9621598083326912,0.0012686896431830378,0.812524123345662,0.860635942720601,1768132907.9672153,0.29950687289237976,0.14813700318336487
76,4864,4863,sea_abrupt4,sea,ts_drift_adapt,4,"error_divergence_ph_meta@error.threshold=0.10,error.min_instances=5",error_divergence_ph_meta,"{""divergence"": {""alpha"": 0.1, ""delta"": 0.005, ""min_instances"": 30, ""threshold"": 0.05}, ""error_rate"": {""alpha"": 0.15, ""delta"": 0.005, ""min_instances"": 5, ""threshold"": 0.1}}","{""error_rate"": {""min_instances"": 5, ""threshold"": 0.1}}",0.1,0.005,0.15,5,0.05,0.005,0.1,30,,,,-1,two_stage,2,0.5,"__confirm_cooldown=200,__confirm_rule=perm_test,__perm_alpha=0.01,__perm_delta_k=50,__perm_min_effect=0,__perm_n_perm=200,__perm_post_n=50,__perm_pre_n=200,__perm_rng_seed=0,__perm_stat=delta_fused_score,divergence=0.3,error_rate=0.5,teacher_entropy=0.2",3,0,200,0.0,0,10000,10.0,25.0,200,500,0,0,1.0,0.7810444078947368,0.4499642169240146,0.3333333333333333,0.483157753944397,0.0035841588396579027,1,1,14,12,0,perm_test,0.004975124378109453,0.14755946930919134,22,12,10,0.3333333333333333,0.3333333333333333,1,0.5,0.0,0.0,0.0,0,none,1,1,0,overconfident,0.95,0,severe_drift,0.9265799041663456,0.001634344821591519,0.656262061672831,0.8353179713603005,1768132907.9833736,0.48778581619262695,0.10772023350000381
77,4928,4927,sea_abrupt4,sea,ts_drift_adapt,4,"error_divergence_ph_meta@error.threshold=0.10,error.min_instances=5",error_divergence_ph_meta,"{""divergence"": {""alpha"": 0.1, ""delta"": 0.005, ""min_instances"": 30, ""threshold"": 0.05}, ""error_rate"": {""alpha"": 0.15, ""delta"": 0.005, ""min_instances"": 5, ""threshold"": 0.1}}","{""error_rate"": {""min_instances"": 5, ""threshold"": 0.1}}",0.1,0.005,0.15,5,0.05,0.005,0.1,30,,,,-1,two_stage,2,0.5,"__confirm_cooldown=200,__confirm_rule=perm_test,__perm_alpha=0.01,__perm_delta_k=50,__perm_min_effect=0,__perm_n_perm=200,__perm_post_n=50,__perm_pre_n=200,__perm_rng_seed=0,__perm_stat=delta_fused_score,divergence=0.3,error_rate=0.5,teacher_entropy=0.2",3,0,200,0.0,0,10000,10.0,25.0,200,500,1,136,1.0,0.7820616883116883,0.4526133154452041,0.0,0.4795205593109131,0.006146182771772146,0,0,14,12,-1,perm_test,0.004975124378109453,0.14755946930919134,22,12,10,0.0,0.3333333333333333,0,0.0,0.0,0.0,0.0,0,none,0,1,0,overconfident,0.95,0,mild_drift,0.9434399520831728,0.0014671724107957595,0.7281310308364155,0.8451589856801502,1768132907.993778,0.38380804657936096,0.1533118337392807
78,4992,4991,sea_abrupt4,sea,ts_drift_adapt,4,"error_divergence_ph_meta@error.threshold=0.10,error.min_instances=5",error_divergence_ph_meta,"{""divergence"": {""alpha"": 0.1, ""delta"": 0.005, ""min_instances"": 30, ""threshold"": 0.05}, ""error_rate"": {""alpha"": 0.15, ""delta"": 0.005, ""min_instances"": 5, ""threshold"": 0.1}}","{""error_rate"": {""min_instances"": 5, ""threshold"": 0.1}}",0.1,0.005,0.15,5,0.05,0.005,0.1,30,,,,-1,two_stage,2,0.5,"__confirm_cooldown=200,__confirm_rule=perm_test,__perm_alpha=0.01,__perm_delta_k=50,__perm_min_effect=0,__perm_n_perm=200,__perm_post_n=50,__perm_pre_n=200,__perm_rng_seed=0,__perm_stat=delta_fused_score,divergence=0.3,error_rate=0.5,teacher_entropy=0.2",3,0,200,0.0,0,10000,10.0,25.0,200,500,1,72,1.0,0.7832532051282052,0.4554881604192426,0.0,0.4690575897693634,0.0047158109955489635,0,0,14,12,-1,perm_test,0.004975124378109453,0.14755946930919134,22,12,10,0.0,0.0014303717762231827,0,0.0,0.0,0.0,0.0,0,none,0,1,0,overconfident,0.95,0,mild_drift,0.9518699760415863,0.0013835862053978797,0.7640655154182078,0.8500794928400751,1768132908.004154,0.2816740870475769,0.13395170867443085
79,5056,5055,sea_abrupt4,sea,ts_drift_adapt,4,"error_divergence_ph_meta@error.threshold=0.10,error.min_instances=5",error_divergence_ph_meta,"{""divergence"": {""alpha"": 0.1, ""delta"": 0.005, ""min_instances"": 30, ""threshold"": 0.05}, ""error_rate"": {""alpha"": 0.15, ""delta"": 0.005, ""min_instances"": 5, ""threshold"": 0.1}}","{""error_rate"": {""min_instances"": 5, ""threshold"": 0.1}}",0.1,0.005,0.15,5,0.05,0.005,0.1,30,,,,-1,two_stage,2,0.5,"__confirm_cooldown=200,__confirm_rule=perm_test,__perm_alpha=0.01,__perm_delta_k=50,__perm_min_effect=0,__perm_n_perm=200,__perm_post_n=50,__perm_pre_n=200,__perm_rng_seed=0,__perm_stat=delta_fused_score,divergence=0.3,error_rate=0.5,teacher_entropy=0.2",3,0,200,0.0,0,10000,10.0,25.0,200,500,1,8,1.0,0.7838212025316456,0.45664919933990195,0.0,0.49544674158096313,0.00673869950696826,0,0,14,12,-1,perm_test,0.004975124378109453,0.14755946930919134,22,12,10,0.0,0.0020228885114192963,0,0.0,0.0,0.0,0.0,0,none,0,1,0,overconfident,0.95,0,mild_drift,0.9560849880207931,0.00134179310269894,0.782032757709104,0.8525397464200375,1768132908.0146308,0.1151406392455101,0.13102620840072632
80,5120,5119,sea_abrupt4,sea,ts_drift_adapt,4,"error_divergence_ph_meta@error.threshold=0.10,error.min_instances=5",error_divergence_ph_meta,"{""divergence"": {""alpha"": 0.1, ""delta"": 0.005, ""min_instances"": 30, ""threshold"": 0.05}, ""error_rate"": {""alpha"": 0.15, ""delta"": 0.005, ""min_instances"": 5, ""threshold"": 0.1}}","{""error_rate"": {""min_instances"": 5, ""threshold"": 0.1}}",0.1,0.005,0.15,5,0.05,0.005,0.1,30,,,,-1,two_stage,2,0.5,"__confirm_cooldown=200,__confirm_rule=perm_test,__perm_alpha=0.01,__perm_delta_k=50,__perm_min_effect=0,__perm_n_perm=200,__perm_post_n=50,__perm_pre_n=200,__perm_rng_seed=0,__perm_stat=delta_fused_score,divergence=0.3,error_rate=0.5,teacher_entropy=0.2",3,0,200,0.0,0,10000,10.0,25.0,200,500,0,0,1.0,0.783984375,0.4567643426389222,0.16666666666666666,0.4290781021118164,0.006766926497220993,0,0,14,12,-1,perm_test,0.004975124378109453,0.14755946930919134,22,12,10,0.0,0.16666666666666666,0,0.0,0.0,0.0,0.0,0,none,0,1,0,overconfident,0.95,0,mild_drift,0.9581924940103965,0.0013208965513494702,0.791016378854552,0.8537698732100187,1768132908.0253513,0.39424023032188416,0.10258270800113678
81,5184,5183,sea_abrupt4,sea,ts_drift_adapt,4,"error_divergence_ph_meta@error.threshold=0.10,error.min_instances=5",error_divergence_ph_meta,"{""divergence"": {""alpha"": 0.1, ""delta"": 0.005, ""min_instances"": 30, ""threshold"": 0.05}, ""error_rate"": {""alpha"": 0.15, ""delta"": 0.005, ""min_instances"": 5, ""threshold"": 0.1}}","{""error_rate"": {""min_instances"": 5, ""threshold"": 0.1}}",0.1,0.005,0.15,5,0.05,0.005,0.1,30,,,,-1,two_stage,2,0.5,"__confirm_cooldown=200,__confirm_rule=perm_test,__perm_alpha=0.01,__perm_delta_k=50,__perm_min_effect=0,__perm_n_perm=200,__perm_post_n=50,__perm_pre_n=200,__perm_rng_seed=0,__perm_stat=delta_fused_score,divergence=0.3,error_rate=0.5,teacher_entropy=0.2",3,0,200,0.0,0,10000,10.0,25.0,200,500,0,0,1.0,0.7841435185185185,0.456824396728116,0.16666666666666666,0.4495433270931244,0.007937697693705559,0,1,15,12,-1,perm_test,1.0,-0.0102749493336842,23,12,11,0.16666666666666666,0.0011707711964845657,1,0.5,0.0,0.0,0.0,0,none,0,1,0,overconfident,0.95,0,mild_drift,0.9592462470051982,0.0013104482756747353,0.795508189427276,0.8543849366050094,1768132908.0365198,0.3639862537384033,0.12014198303222656
82,5248,5247,sea_abrupt4,sea,ts_drift_adapt,4,"error_divergence_ph_meta@error.threshold=0.10,error.min_instances=5",error_divergence_ph_meta,"{""divergence"": {""alpha"": 0.1, ""delta"": 0.005, ""min_instances"": 30, ""threshold"": 0.05}, ""error_rate"": {""alpha"": 0.15, ""delta"": 0.005, ""min_instances"": 5, ""threshold"": 0.1}}","{""error_rate"": {""min_instances"": 5, ""threshold"": 0.1}}",0.1,0.005,0.15,5,0.05,0.005,0.1,30,,,,-1,two_stage,2,0.5,"__confirm_cooldown=200,__confirm_rule=perm_test,__perm_alpha=0.01,__perm_delta_k=50,__perm_min_effect=0,__perm_n_perm=200,__perm_post_n=50,__perm_pre_n=200,__perm_rng_seed=0,__perm_stat=delta_fused_score,divergence=0.3,error_rate=0.5,teacher_entropy=0.2",3,0,200,0.0,0,10000,10.0,25.0,200,500,0,0,1.0,0.7837271341463414,0.4562338188736293,0.6666666666666666,0.47567856311798096,0.007598567754030228,0,0,15,12,-1,perm_test,1.0,-0.06739023019815683,24,12,12,0.0,0.5,0,0.0,0.0,0.0,0.0,0,none,0,1,0,overconfident,0.95,0,mild_drift,0.959773123502599,0.0013052241378373676,0.797754094713638,0.8546924683025047,1768132908.0476406,1.019197940826416,0.10601519048213959
83,5312,5311,sea_abrupt4,sea,ts_drift_adapt,4,"error_divergence_ph_meta@error.threshold=0.10,error.min_instances=5",error_divergence_ph_meta,"{""divergence"": {""alpha"": 0.1, ""delta"": 0.005, ""min_instances"": 30, ""threshold"": 0.05}, ""error_rate"": {""alpha"": 0.15, ""delta"": 0.005, ""min_instances"": 5, ""threshold"": 0.1}}","{""error_rate"": {""min_instances"": 5, ""threshold"": 0.1}}",0.1,0.005,0.15,5,0.05,0.005,0.1,30,,,,-1,two_stage,2,0.5,"__confirm_cooldown=200,__confirm_rule=perm_test,__perm_alpha=0.01,__perm_delta_k=50,__perm_min_effect=0,__perm_n_perm=200,__perm_post_n=50,__perm_pre_n=200,__perm_rng_seed=0,__perm_stat=delta_fused_score,divergence=0.3,error_rate=0.5,teacher_entropy=0.2",3,0,200,0.0,0,10000,10.0,25.0,200,500,0,0,1.0,0.7827560240963856,0.4532444736203674,0.5,0.46470800042152405,0.011773405596613884,0,0,15,12,-1,perm_test,1.0,-0.04756926460600519,25,12,13,0.0,0.16666666666666663,0,0.0,0.0,0.0,0.0,0,none,0,1,0,overconfident,0.95,0,mild_drift,0.9600365617512995,0.001302612068918684,0.798877047356819,0.8548462341512524,1768132908.0585306,0.8482020497322083,0.10618829727172852
84,5376,5375,sea_abrupt4,sea,ts_drift_adapt,4,"error_divergence_ph_meta@error.threshold=0.10,error.min_instances=5",error_divergence_ph_meta,"{""divergence"": {""alpha"": 0.1, ""delta"": 0.005, ""min_instances"": 30, ""threshold"": 0.05}, ""error_rate"": {""alpha"": 0.15, ""delta"": 0.005, ""min_instances"": 5, ""threshold"": 0.1}}","{""error_rate"": {""min_instances"": 5, ""threshold"": 0.1}}",0.1,0.005,0.15,5,0.05,0.005,0.1,30,,,,-1,two_stage,2,0.5,"__confirm_cooldown=200,__confirm_rule=perm_test,__perm_alpha=0.01,__perm_delta_k=50,__perm_min_effect=0,__perm_n_perm=200,__perm_post_n=50,__perm_pre_n=200,__perm_rng_seed=0,__perm_stat=delta_fused_score,divergence=0.3,error_rate=0.5,teacher_entropy=0.2",3,0,200,0.0,0,10000,10.0,25.0,200,500,0,0,1.0,0.7827380952380952,0.45235837183758276,0.16666666666666666,0.439281165599823,0.007011814974248409,0,0,15,12,-1,perm_test,1.0,-0.1122275769257935,26,12,14,0.0,0.33333333333333337,0,0.0,0.0,0.0,0.0,0,none,0,1,0,overconfident,0.95,0,mild_drift,0.9601682808756498,0.001301306034459342,0.7994385236784095,0.8549231170756262,1768132908.0695322,0.3249206840991974,0.09554082155227661
85,5440,5439,sea_abrupt4,sea,ts_drift_adapt,4,"error_divergence_ph_meta@error.threshold=0.10,error.min_instances=5",error_divergence_ph_meta,"{""divergence"": {""alpha"": 0.1, ""delta"": 0.005, ""min_instances"": 30, ""threshold"": 0.05}, ""error_rate"": {""alpha"": 0.15, ""delta"": 0.005, ""min_instances"": 5, ""threshold"": 0.1}}","{""error_rate"": {""min_instances"": 5, ""threshold"": 0.1}}",0.1,0.005,0.15,5,0.05,0.005,0.1,30,,,,-1,two_stage,2,0.5,"__confirm_cooldown=200,__confirm_rule=perm_test,__perm_alpha=0.01,__perm_delta_k=50,__perm_min_effect=0,__perm_n_perm=200,__perm_post_n=50,__perm_pre_n=200,__perm_rng_seed=0,__perm_stat=delta_fused_score,divergence=0.3,error_rate=0.5,teacher_entropy=0.2",3,0,200,0.0,0,10000,10.0,25.0,200,500,0,0,1.0,0.7838235294117647,0.45646468571851906,0.0,0.4577855169773102,0.005544251762330532,0,0,15,12,-1,perm_test,1.0,-0.1122275769257935,26,12,14,0.0,0.16666666666666666,0,0.0,0.0,0.0,0.0,0,none,0,1,0,overconfident,0.95,0,mild_drift,0.9602341404378248,0.001300653017229671,0.7997192618392048,0.8549615585378131,1768132908.080562,0.17867887020111084,0.11498847603797913
86,5504,5503,sea_abrupt4,sea,ts_drift_adapt,4,"error_divergence_ph_meta@error.threshold=0.10,error.min_instances=5",error_divergence_ph_meta,"{""divergence"": {""alpha"": 0.1, ""delta"": 0.005, ""min_instances"": 30, ""threshold"": 0.05}, ""error_rate"": {""alpha"": 0.15, ""delta"": 0.005, ""min_instances"": 5, ""threshold"": 0.1}}","{""error_rate"": {""min_instances"": 5, ""threshold"": 0.1}}",0.1,0.005,0.15,5,0.05,0.005,0.1,30,,,,-1,two_stage,2,0.5,"__confirm_cooldown=200,__confirm_rule=perm_test,__perm_alpha=0.01,__perm_delta_k=50,__perm_min_effect=0,__perm_n_perm=200,__perm_post_n=50,__perm_pre_n=200,__perm_rng_seed=0,__perm_stat=delta_fused_score,divergence=0.3,error_rate=0.5,teacher_entropy=0.2",3,0,200,0.0,0,10000,10.0,25.0,200,500,0,0,1.0,0.7836119186046512,0.45739977571771834,0.0,0.44044229388237,0.006088580004870892,1,1,16,13,0,perm_test,0.004975124378109453,0.0937168974360787,27,13,14,0.16666666666666666,0.0005443282425403595,1,0.5,0.0,0.0,0.0,0,none,1,1,0,overconfident,0.95,0,severe_drift,0.9256170702189124,0.0016503265086148355,0.6498596309196024,0.8324807792689066,1768132908.0978477,0.08375051617622375,0.10429070144891739
87,5568,5567,sea_abrupt4,sea,ts_drift_adapt,4,"error_divergence_ph_meta@error.threshold=0.10,error.min_instances=5",error_divergence_ph_meta,"{""divergence"": {""alpha"": 0.1, ""delta"": 0.005, ""min_instances"": 30, ""threshold"": 0.05}, ""error_rate"": {""alpha"": 0.15, ""delta"": 0.005, ""min_instances"": 5, ""threshold"": 0.1}}","{""error_rate"": {""min_instances"": 5, ""threshold"": 0.1}}",0.1,0.005,0.15,5,0.05,0.005,0.1,30,,,,-1,two_stage,2,0.5,"__confirm_cooldown=200,__confirm_rule=perm_test,__perm_alpha=0.01,__perm_delta_k=50,__perm_min_effect=0,__perm_n_perm=200,__perm_post_n=50,__perm_pre_n=200,__perm_rng_seed=0,__perm_stat=delta_fused_score,divergence=0.3,error_rate=0.5,teacher_entropy=0.2",3,0,200,0.0,0,10000,10.0,25.0,200,500,1,136,1.0,0.7848419540229885,0.46107425072313635,0.0,0.4444311857223511,0.007854846306145191,0,0,16,13,-1,perm_test,0.004975124378109453,0.0937168974360787,27,13,14,0.0,0.0017662663012742996,0,0.0,0.0,0.0,0.0,0,none,0,1,0,overconfident,0.95,0,mild_drift,0.9429585351094562,0.0014751632543074178,0.7249298154598012,0.8437403896344533,1768132908.1086657,0.17767924070358276,0.11975526809692383
88,5632,5631,sea_abrupt4,sea,ts_drift_adapt,4,"error_divergence_ph_meta@error.threshold=0.10,error.min_instances=5",error_divergence_ph_meta,"{""divergence"": {""alpha"": 0.1, ""delta"": 0.005, ""min_instances"": 30, ""threshold"": 0.05}, ""error_rate"": {""alpha"": 0.15, ""delta"": 0.005, ""min_instances"": 5, ""threshold"": 0.1}}","{""error_rate"": {""min_instances"": 5, ""threshold"": 0.1}}",0.1,0.005,0.15,5,0.05,0.005,0.1,30,,,,-1,two_stage,2,0.5,"__confirm_cooldown=200,__confirm_rule=perm_test,__perm_alpha=0.01,__perm_delta_k=50,__perm_min_effect=0,__perm_n_perm=200,__perm_post_n=50,__perm_pre_n=200,__perm_rng_seed=0,__perm_stat=delta_fused_score,divergence=0.3,error_rate=0.5,teacher_entropy=0.2",3,0,200,0.0,0,10000,10.0,25.0,200,500,1,72,1.0,0.7855113636363636,0.4623589567222832,0.16666666666666666,0.4115937352180481,0.005766618065536022,0,0,16,13,-1,perm_test,0.004975124378109453,0.0937168974360787,27,13,14,0.0,0.16666666666666666,0,0.0,0.0,0.0,0.0,0,none,0,1,0,overconfident,0.95,0,mild_drift,0.951629267554728,0.0013875816271537089,0.7624649077299006,0.8493701948172266,1768132908.1215086,0.5346082448959351,0.10461144894361496
89,5696,5695,sea_abrupt4,sea,ts_drift_adapt,4,"error_divergence_ph_meta@error.threshold=0.10,error.min_instances=5",error_divergence_ph_meta,"{""divergence"": {""alpha"": 0.1, ""delta"": 0.005, ""min_instances"": 30, ""threshold"": 0.05}, ""error_rate"": {""alpha"": 0.15, ""delta"": 0.005, ""min_instances"": 5, ""threshold"": 0.1}}","{""error_rate"": {""min_instances"": 5, ""threshold"": 0.1}}",0.1,0.005,0.15,5,0.05,0.005,0.1,30,,,,-1,two_stage,2,0.5,"__confirm_cooldown=200,__confirm_rule=perm_test,__perm_alpha=0.01,__perm_delta_k=50,__perm_min_effect=0,__perm_n_perm=200,__perm_post_n=50,__perm_pre_n=200,__perm_rng_seed=0,__perm_stat=delta_fused_score,divergence=0.3,error_rate=0.5,teacher_entropy=0.2",3,0,200,0.0,0,10000,10.0,25.0,200,500,1,8,1.0,0.7859901685393258,0.4643482790298097,0.16666666666666666,0.4739680588245392,0.008278222754597664,0,0,16,13,-1,perm_test,0.004975124378109453,0.0937168974360787,27,13,14,0.0,0.0025116046890616417,0,0.0,0.0,0.0,0.0,0,none,0,1,0,overconfident,0.95,0,mild_drift,0.955964633777364,0.0013437908135768544,0.7812324538649503,0.8521850974086134,1768132908.1350055,0.5430006980895996,0.10485723614692688
90,5760,5759,sea_abrupt4,sea,ts_drift_adapt,4,"error_divergence_ph_meta@error.threshold=0.10,error.min_instances=5",error_divergence_ph_meta,"{""divergence"": {""alpha"": 0.1, ""delta"": 0.005, ""min_instances"": 30, ""threshold"": 0.05}, ""error_rate"": {""alpha"": 0.15, ""delta"": 0.005, ""min_instances"": 5, ""threshold"": 0.1}}","{""error_rate"": {""min_instances"": 5, ""threshold"": 0.1}}",0.1,0.005,0.15,5,0.05,0.005,0.1,30,,,,-1,two_stage,2,0.5,"__confirm_cooldown=200,__confirm_rule=perm_test,__perm_alpha=0.01,__perm_delta_k=50,__perm_min_effect=0,__perm_n_perm=200,__perm_post_n=50,__perm_pre_n=200,__perm_rng_seed=0,__perm_stat=delta_fused_score,divergence=0.3,error_rate=0.5,teacher_entropy=0.2",3,0,200,0.0,0,10000,10.0,25.0,200,500,0,0,1.0,0.7862847222222222,0.46555668013447926,0.16666666666666666,0.4342072606086731,0.00888234656304121,0,0,16,13,-1,perm_test,0.004975124378109453,0.0937168974360787,27,13,14,0.0,0.0006041238084435463,0,0.0,0.0,0.0,0.0,0,none,0,1,0,overconfident,0.95,0,mild_drift,0.958132316888682,0.0013218954067884272,0.7906162269324752,0.8535925487043067,1768132908.1487615,0.5280638337135315,0.12894195318222046
91,5824,5823,sea_abrupt4,sea,ts_drift_adapt,4,"error_divergence_ph_meta@error.threshold=0.10,error.min_instances=5",error_divergence_ph_meta,"{""divergence"": {""alpha"": 0.1, ""delta"": 0.005, ""min_instances"": 30, ""threshold"": 0.05}, ""error_rate"": {""alpha"": 0.15, ""delta"": 0.005, ""min_instances"": 5, ""threshold"": 0.1}}","{""error_rate"": {""min_instances"": 5, ""threshold"": 0.1}}",0.1,0.005,0.15,5,0.05,0.005,0.1,30,,,,-1,two_stage,2,0.5,"__confirm_cooldown=200,__confirm_rule=perm_test,__perm_alpha=0.01,__perm_delta_k=50,__perm_min_effect=0,__perm_n_perm=200,__perm_post_n=50,__perm_pre_n=200,__perm_rng_seed=0,__perm_stat=delta_fused_score,divergence=0.3,error_rate=0.5,teacher_entropy=0.2",3,0,200,0.0,0,10000,10.0,25.0,200,500,0,0,1.0,0.7870879120879121,0.46705623577471805,0.16666666666666666,0.41731980443000793,0.00657546566799283,0,0,16,13,-1,perm_test,0.004975124378109453,0.0937168974360787,27,13,14,0.0,0.00230688089504838,0,0.0,0.0,0.0,0.0,0,none,0,1,0,overconfident,0.95,0,mild_drift,0.9592161584443409,0.0013109477033942138,0.7953081134662376,0.8542962743521534,1768132908.1604435,0.28223276138305664,0.11145083606243134
92,5888,5887,sea_abrupt4,sea,ts_drift_adapt,4,"error_divergence_ph_meta@error.threshold=0.10,error.min_instances=5",error_divergence_ph_meta,"{""divergence"": {""alpha"": 0.1, ""delta"": 0.005, ""min_instances"": 30, ""threshold"": 0.05}, ""error_rate"": {""alpha"": 0.15, ""delta"": 0.005, ""min_instances"": 5, ""threshold"": 0.1}}","{""error_rate"": {""min_instances"": 5, ""threshold"": 0.1}}",0.1,0.005,0.15,5,0.05,0.005,0.1,30,,,,-1,two_stage,2,0.5,"__confirm_cooldown=200,__confirm_rule=perm_test,__perm_alpha=0.01,__perm_delta_k=50,__perm_min_effect=0,__perm_n_perm=200,__perm_post_n=50,__perm_pre_n=200,__perm_rng_seed=0,__perm_stat=delta_fused_score,divergence=0.3,error_rate=0.5,teacher_entropy=0.2",3,0,200,0.0,0,10000,10.0,25.0,200,500,0,0,1.0,0.7870244565217391,0.4669883026286782,0.0,0.4381817579269409,0.007913696579635143,0,1,17,13,-1,perm_test,1.0,-0.09517105995225492,28,13,15,0.0,0.16666666666666666,1,0.5,0.0,0.0,0.0,0,none,0,1,0,overconfident,0.95,0,mild_drift,0.9597580792221705,0.001305473851697107,0.7976540567331188,0.8546481371760767,1768132908.1714587,0.0881490409374237,0.12163770198822021
93,5952,5951,sea_abrupt4,sea,ts_drift_adapt,4,"error_divergence_ph_meta@error.threshold=0.10,error.min_instances=5",error_divergence_ph_meta,"{""divergence"": {""alpha"": 0.1, ""delta"": 0.005, ""min_instances"": 30, ""threshold"": 0.05}, ""error_rate"": {""alpha"": 0.15, ""delta"": 0.005, ""min_instances"": 5, ""threshold"": 0.1}}","{""error_rate"": {""min_instances"": 5, ""threshold"": 0.1}}",0.1,0.005,0.15,5,0.05,0.005,0.1,30,,,,-1,two_stage,2,0.5,"__confirm_cooldown=200,__confirm_rule=perm_test,__perm_alpha=0.01,__perm_delta_k=50,__perm_min_effect=0,__perm_n_perm=200,__perm_post_n=50,__perm_pre_n=200,__perm_rng_seed=0,__perm_stat=delta_fused_score,divergence=0.3,error_rate=0.5,teacher_entropy=0.2",3,0,200,0.0,0,10000,10.0,25.0,200,500,0,0,1.0,0.7874663978494624,0.46710061423058125,0.16666666666666666,0.4105600118637085,0.005335099529474974,1,0,17,14,1,perm_test,0.004975124378109453,0.028821829228924588,29,14,15,0.0,0.16666666666666666,0,0.0,0.0,0.0,0.0,0,none,1,1,0,overconfident,0.95,0,stable,0.9748790396110852,0.0010527369258485535,0.8988270283665594,0.8998240685880383,1768132908.188103,0.180058553814888,0.08381492644548416
94,6016,6015,sea_abrupt4,sea,ts_drift_adapt,4,"error_divergence_ph_meta@error.threshold=0.10,error.min_instances=5",error_divergence_ph_meta,"{""divergence"": {""alpha"": 0.1, ""delta"": 0.005, ""min_instances"": 30, ""threshold"": 0.05}, ""error_rate"": {""alpha"": 0.15, ""delta"": 0.005, ""min_instances"": 5, ""threshold"": 0.1}}","{""error_rate"": {""min_instances"": 5, ""threshold"": 0.1}}",0.1,0.005,0.15,5,0.05,0.005,0.1,30,,,,-1,two_stage,2,0.5,"__confirm_cooldown=200,__confirm_rule=perm_test,__perm_alpha=0.01,__perm_delta_k=50,__perm_min_effect=0,__perm_n_perm=200,__perm_post_n=50,__perm_pre_n=200,__perm_rng_seed=0,__perm_stat=delta_fused_score,divergence=0.3,error_rate=0.5,teacher_entropy=0.2",3,0,200,0.0,0,10000,10.0,25.0,200,500,1,136,1.0,0.7872340425531915,0.46805077214870894,0.16666666666666666,0.4435519278049469,0.006684944499284029,0,0,17,14,-1,perm_test,0.004975124378109453,0.028821829228924588,29,14,15,0.0,0.0013498449698090553,0,0.0,0.0,0.0,0.0,0,none,0,1,0,overconfident,0.95,0,mild_drift,0.9675895198055426,0.0011763684629242767,0.8494135141832797,0.8774120342940191,1768132908.1996837,0.2698271870613098,0.07658799737691879
95,6080,6079,sea_abrupt4,sea,ts_drift_adapt,4,"error_divergence_ph_meta@error.threshold=0.10,error.min_instances=5",error_divergence_ph_meta,"{""divergence"": {""alpha"": 0.1, ""delta"": 0.005, ""min_instances"": 30, ""threshold"": 0.05}, ""error_rate"": {""alpha"": 0.15, ""delta"": 0.005, ""min_instances"": 5, ""threshold"": 0.1}}","{""error_rate"": {""min_instances"": 5, ""threshold"": 0.1}}",0.1,0.005,0.15,5,0.05,0.005,0.1,30,,,,-1,two_stage,2,0.5,"__confirm_cooldown=200,__confirm_rule=perm_test,__perm_alpha=0.01,__perm_delta_k=50,__perm_min_effect=0,__perm_n_perm=200,__perm_post_n=50,__perm_pre_n=200,__perm_rng_seed=0,__perm_stat=delta_fused_score,divergence=0.3,error_rate=0.5,teacher_entropy=0.2",3,0,200,0.0,0,10000,10.0,25.0,200,500,1,72,1.0,0.787828947368421,0.4697760447369702,0.0,0.4302666187286377,0.008192289620637894,0,0,17,14,-1,perm_test,0.004975124378109453,0.028821829228924588,29,14,15,0.0,0.16666666666666666,0,0.0,0.0,0.0,0.0,0,none,0,1,0,overconfident,0.95,0,mild_drift,0.9639447599027713,0.0012381842314621383,0.8247067570916399,0.8662060171470096,1768132908.2106094,0.14902004599571228,0.09472879767417908
96,6144,6143,sea_abrupt4,sea,ts_drift_adapt,4,"error_divergence_ph_meta@error.threshold=0.10,error.min_instances=5",error_divergence_ph_meta,"{""divergence"": {""alpha"": 0.1, ""delta"": 0.005, ""min_instances"": 30, ""threshold"": 0.05}, ""error_rate"": {""alpha"": 0.15, ""delta"": 0.005, ""min_instances"": 5, ""threshold"": 0.1}}","{""error_rate"": {""min_instances"": 5, ""threshold"": 0.1}}",0.1,0.005,0.15,5,0.05,0.005,0.1,30,,,,-1,two_stage,2,0.5,"__confirm_cooldown=200,__confirm_rule=perm_test,__perm_alpha=0.01,__perm_delta_k=50,__perm_min_effect=0,__perm_n_perm=200,__perm_post_n=50,__perm_pre_n=200,__perm_rng_seed=0,__perm_stat=delta_fused_score,divergence=0.3,error_rate=0.5,teacher_entropy=0.2",3,0,200,0.0,0,10000,10.0,25.0,200,500,1,8,1.0,0.7879231770833334,0.4694190806358357,0.16666666666666666,0.3860286474227905,0.00429058913141489,0,0,17,14,-1,perm_test,0.004975124378109453,0.028821829228924588,29,14,15,0.0,0.16666666666666666,0,0.0,0.0,0.0,0.0,0,none,0,1,0,overconfident,0.95,0,mild_drift,0.9621223799513856,0.0012690921157310691,0.8123533785458199,0.8606030085735048,1768132908.2210906,0.238286092877388,0.086697056889534
97,6208,6207,sea_abrupt4,sea,ts_drift_adapt,4,"error_divergence_ph_meta@error.threshold=0.10,error.min_instances=5",error_divergence_ph_meta,"{""divergence"": {""alpha"": 0.1, ""delta"": 0.005, ""min_instances"": 30, ""threshold"": 0.05}, ""error_rate"": {""alpha"": 0.15, ""delta"": 0.005, ""min_instances"": 5, ""threshold"": 0.1}}","{""error_rate"": {""min_instances"": 5, ""threshold"": 0.1}}",0.1,0.005,0.15,5,0.05,0.005,0.1,30,,,,-1,two_stage,2,0.5,"__confirm_cooldown=200,__confirm_rule=perm_test,__perm_alpha=0.01,__perm_delta_k=50,__perm_min_effect=0,__perm_n_perm=200,__perm_post_n=50,__perm_pre_n=200,__perm_rng_seed=0,__perm_stat=delta_fused_score,divergence=0.3,error_rate=0.5,teacher_entropy=0.2",3,0,200,0.0,0,10000,10.0,25.0,200,500,0,0,1.0,0.7883376288659794,0.4703088870029019,0.3333333333333333,0.39412376284599304,0.007755608763545752,1,1,18,15,0,perm_test,0.004975124378109453,0.07280719618835259,30,15,15,0.3333333333333333,0.16666666666666666,1,0.5,0.0,0.0,0.0,0,none,1,1,0,overconfident,0.95,0,severe_drift,0.9265611899756928,0.0016345460578655346,0.65617668927291,0.8353015042867524,1768132908.2373047,0.3599199950695038,0.0901041328907013
98,6272,6271,sea_abrupt4,sea,ts_drift_adapt,4,"error_divergence_ph_meta@error.threshold=0.10,error.min_instances=5",error_divergence_ph_meta,"{""divergence"": {""alpha"": 0.1, ""delta"": 0.005, ""min_instances"": 30, ""threshold"": 0.05}, ""error_rate"": {""alpha"": 0.15, ""delta"": 0.005, ""min_instances"": 5, ""threshold"": 0.1}}","{""error_rate"": {""min_instances"": 5, ""threshold"": 0.1}}",0.1,0.005,0.15,5,0.05,0.005,0.1,30,,,,-1,two_stage,2,0.5,"__confirm_cooldown=200,__confirm_rule=perm_test,__perm_alpha=0.01,__perm_delta_k=50,__perm_min_effect=0,__perm_n_perm=200,__perm_post_n=50,__perm_pre_n=200,__perm_rng_seed=0,__perm_stat=delta_fused_score,divergence=0.3,error_rate=0.5,teacher_entropy=0.2",3,0,200,0.0,0,10000,10.0,25.0,200,500,1,136,1.0,0.7893813775510204,0.4723904721319312,0.16666666666666666,0.4175916910171509,0.009628171101212502,0,0,18,15,-1,perm_test,0.004975124378109453,0.07280719618835259,30,15,15,0.0,0.16666666666666666,0,0.0,0.0,0.0,0.0,0,none,0,1,0,overconfident,0.95,0,mild_drift,0.9434305949878463,0.0014672730289327675,0.728088344636455,0.8451507521433762,1768132908.2475955,0.5060753226280212,0.10361678898334503
99,6336,6335,sea_abrupt4,sea,ts_drift_adapt,4,"error_divergence_ph_meta@error.threshold=0.10,error.min_instances=5",error_divergence_ph_meta,"{""divergence"": {""alpha"": 0.1, ""delta"": 0.005, ""min_instances"": 30, ""threshold"": 0.05}, ""error_rate"": {""alpha"": 0.15, ""delta"": 0.005, ""min_instances"": 5, ""threshold"": 0.1}}","{""error_rate"": {""min_instances"": 5, ""threshold"": 0.1}}",0.1,0.005,0.15,5,0.05,0.005,0.1,30,,,,-1,two_stage,2,0.5,"__confirm_cooldown=200,__confirm_rule=perm_test,__perm_alpha=0.01,__perm_delta_k=50,__perm_min_effect=0,__perm_n_perm=200,__perm_post_n=50,__perm_pre_n=200,__perm_rng_seed=0,__perm_stat=delta_fused_score,divergence=0.3,error_rate=0.5,teacher_entropy=0.2",3,0,200,0.0,0,10000,10.0,25.0,200,500,1,72,1.0,0.7902462121212122,0.47453624891544294,0.3333333333333333,0.39055928587913513,0.010779868811368942,0,0,18,15,-1,perm_test,0.004975124378109453,0.07280719618835259,30,15,15,0.0,0.16666666666666666,0,0.0,0.0,0.0,0.0,0,none,0,1,0,overconfident,0.95,0,mild_drift,0.9518652974939231,0.0013836365144663837,0.7640441723182275,0.8500753760716881,1768132908.2576745,0.9802193641662598,0.12871938943862915
100,6400,6399,sea_abrupt4,sea,ts_drift_adapt,4,"error_divergence_ph_meta@error.threshold=0.10,error.min_instances=5",error_divergence_ph_meta,"{""divergence"": {""alpha"": 0.1, ""delta"": 0.005, ""min_instances"": 30, ""threshold"": 0.05}, ""error_rate"": {""alpha"": 0.15, ""delta"": 0.005, ""min_instances"": 5, ""threshold"": 0.1}}","{""error_rate"": {""min_instances"": 5, ""threshold"": 0.1}}",0.1,0.005,0.15,5,0.05,0.005,0.1,30,,,,-1,two_stage,2,0.5,"__confirm_cooldown=200,__confirm_rule=perm_test,__perm_alpha=0.01,__perm_delta_k=50,__perm_min_effect=0,__perm_n_perm=200,__perm_post_n=50,__perm_pre_n=200,__perm_rng_seed=0,__perm_stat=delta_fused_score,divergence=0.3,error_rate=0.5,teacher_entropy=0.2",3,0,200,0.0,0,10000,10.0,25.0,200,500,1,8,1.0,0.790625,0.4748636917351898,0.3333333333333333,0.38388383388519287,0.010902433656156063,0,0,18,15,-1,perm_test,0.004975124378109453,0.07280719618835259,30,15,15,0.0,0.00012256484478712082,0,0.0,0.0,0.0,0.0,0,none,0,1,0,overconfident,0.95,0,mild_drift,0.9560826487469616,0.001341818257233192,0.7820220861591138,0.8525376880358441,1768132908.2679586,0.717149019241333,0.09579338878393173
101,6464,6463,sea_abrupt4,sea,ts_drift_adapt,4,"error_divergence_ph_meta@error.threshold=0.10,error.min_instances=5",error_divergence_ph_meta,"{""divergence"": {""alpha"": 0.1, ""delta"": 0.005, ""min_instances"": 30, ""threshold"": 0.05}, ""error_rate"": {""alpha"": 0.15, ""delta"": 0.005, ""min_instances"": 5, ""threshold"": 0.1}}","{""error_rate"": {""min_instances"": 5, ""threshold"": 0.1}}",0.1,0.005,0.15,5,0.05,0.005,0.1,30,,,,-1,two_stage,2,0.5,"__confirm_cooldown=200,__confirm_rule=perm_test,__perm_alpha=0.01,__perm_delta_k=50,__perm_min_effect=0,__perm_n_perm=200,__perm_post_n=50,__perm_pre_n=200,__perm_rng_seed=0,__perm_stat=delta_fused_score,divergence=0.3,error_rate=0.5,teacher_entropy=0.2",3,0,200,0.0,0,10000,10.0,25.0,200,500,0,0,1.0,0.7903774752475248,0.4754022324298152,0.5,0.3942359685897827,0.00788592454046011,0,0,18,15,-1,perm_test,0.004975124378109453,0.07280719618835259,30,15,15,0.0,0.16666666666666669,0,0.0,0.0,0.0,0.0,0,none,0,1,0,overconfident,0.95,0,mild_drift,0.9581913243734808,0.001320909128616596,0.7910110430795569,0.8537688440179221,1768132908.2787406,1.1379036903381348,0.10267296433448792
102,6528,6527,sea_abrupt4,sea,ts_drift_adapt,4,"error_divergence_ph_meta@error.threshold=0.10,error.min_instances=5",error_divergence_ph_meta,"{""divergence"": {""alpha"": 0.1, ""delta"": 0.005, ""min_instances"": 30, ""threshold"": 0.05}, ""error_rate"": {""alpha"": 0.15, ""delta"": 0.005, ""min_instances"": 5, ""threshold"": 0.1}}","{""error_rate"": {""min_instances"": 5, ""threshold"": 0.1}}",0.1,0.005,0.15,5,0.05,0.005,0.1,30,,,,-1,two_stage,2,0.5,"__confirm_cooldown=200,__confirm_rule=perm_test,__perm_alpha=0.01,__perm_delta_k=50,__perm_min_effect=0,__perm_n_perm=200,__perm_post_n=50,__perm_pre_n=200,__perm_rng_seed=0,__perm_stat=delta_fused_score,divergence=0.3,error_rate=0.5,teacher_entropy=0.2",3,0,200,0.0,0,10000,10.0,25.0,200,500,0,0,1.0,0.7909007352941176,0.47664707178623833,0.16666666666666666,0.3758055567741394,0.005593422334641218,0,1,19,15,-1,perm_test,1.0,-0.17522817650335346,31,15,16,0.16666666666666666,0.33333333333333337,1,0.5,0.0,0.0,0.0,0,none,0,1,0,overconfident,0.95,0,mild_drift,0.9592456621867403,0.001310454564308298,0.7955055215397785,0.854384422008961,1768132908.2898874,0.3573637902736664,0.08284776657819748
103,6592,6591,sea_abrupt4,sea,ts_drift_adapt,4,"error_divergence_ph_meta@error.threshold=0.10,error.min_instances=5",error_divergence_ph_meta,"{""divergence"": {""alpha"": 0.1, ""delta"": 0.005, ""min_instances"": 30, ""threshold"": 0.05}, ""error_rate"": {""alpha"": 0.15, ""delta"": 0.005, ""min_instances"": 5, ""threshold"": 0.1}}","{""error_rate"": {""min_instances"": 5, ""threshold"": 0.1}}",0.1,0.005,0.15,5,0.05,0.005,0.1,30,,,,-1,two_stage,2,0.5,"__confirm_cooldown=200,__confirm_rule=perm_test,__perm_alpha=0.01,__perm_delta_k=50,__perm_min_effect=0,__perm_n_perm=200,__perm_post_n=50,__perm_pre_n=200,__perm_rng_seed=0,__perm_stat=delta_fused_score,divergence=0.3,error_rate=0.5,teacher_entropy=0.2",3,0,200,0.0,0,10000,10.0,25.0,200,500,0,0,1.0,0.7915655339805825,0.4781766445452412,0.0,0.3888789415359497,0.006289868615567684,1,0,19,16,1,perm_test,0.004975124378109453,0.020476398005778003,32,16,16,0.0,0.16666666666666666,0,0.0,0.0,0.0,0.0,0,none,1,1,0,overconfident,0.95,0,stable,0.9746228310933702,0.001055227282154149,0.8977527607698892,0.8996922110044805,1768132908.3064013,0.2512800395488739,0.09332331269979477
104,6656,6655,sea_abrupt4,sea,ts_drift_adapt,4,"error_divergence_ph_meta@error.threshold=0.10,error.min_instances=5",error_divergence_ph_meta,"{""divergence"": {""alpha"": 0.1, ""delta"": 0.005, ""min_instances"": 30, ""threshold"": 0.05}, ""error_rate"": {""alpha"": 0.15, ""delta"": 0.005, ""min_instances"": 5, ""threshold"": 0.1}}","{""error_rate"": {""min_instances"": 5, ""threshold"": 0.1}}",0.1,0.005,0.15,5,0.05,0.005,0.1,30,,,,-1,two_stage,2,0.5,"__confirm_cooldown=200,__confirm_rule=perm_test,__perm_alpha=0.01,__perm_delta_k=50,__perm_min_effect=0,__perm_n_perm=200,__perm_post_n=50,__perm_pre_n=200,__perm_rng_seed=0,__perm_stat=delta_fused_score,divergence=0.3,error_rate=0.5,teacher_entropy=0.2",3,0,200,0.0,0,10000,10.0,25.0,200,500,1,136,1.0,0.7913161057692307,0.4769962111406585,0.16666666666666666,0.40501952171325684,0.003533491399139166,0,0,19,16,-1,perm_test,0.004975124378109453,0.020476398005778003,32,16,16,0.0,0.16666666666666666,0,0.0,0.0,0.0,0.0,0,none,0,1,0,overconfident,0.95,0,mild_drift,0.9674614155466851,0.0011776136410770746,0.8488763803849446,0.8773461055022402,1768132908.3170073,0.33611658215522766,0.06594175845384598
105,6720,6719,sea_abrupt4,sea,ts_drift_adapt,4,"error_divergence_ph_meta@error.threshold=0.10,error.min_instances=5",error_divergence_ph_meta,"{""divergence"": {""alpha"": 0.1, ""delta"": 0.005, ""min_instances"": 30, ""threshold"": 0.05}, ""error_rate"": {""alpha"": 0.15, ""delta"": 0.005, ""min_instances"": 5, ""threshold"": 0.1}}","{""error_rate"": {""min_instances"": 5, ""threshold"": 0.1}}",0.1,0.005,0.15,5,0.05,0.005,0.1,30,,,,-1,two_stage,2,0.5,"__confirm_cooldown=200,__confirm_rule=perm_test,__perm_alpha=0.01,__perm_delta_k=50,__perm_min_effect=0,__perm_n_perm=200,__perm_post_n=50,__perm_pre_n=200,__perm_rng_seed=0,__perm_stat=delta_fused_score,divergence=0.3,error_rate=0.5,teacher_entropy=0.2",3,0,200,0.0,0,10000,10.0,25.0,200,500,1,72,1.0,0.7921130952380953,0.47850026830918563,0.0,0.3728076219558716,0.005434610415250063,0,0,19,16,-1,perm_test,0.004975124378109453,0.020476398005778003,32,16,16,0.0,0.16666666666666666,0,0.0,0.0,0.0,0.0,0,none,0,1,0,overconfident,0.95,0,mild_drift,0.9638807077733424,0.0012388068205385374,0.8244381901924723,0.8661730527511201,1768132908.3274632,0.17600928246974945,0.09993967413902283
106,6784,6783,sea_abrupt4,sea,ts_drift_adapt,4,"error_divergence_ph_meta@error.threshold=0.10,error.min_instances=5",error_divergence_ph_meta,"{""divergence"": {""alpha"": 0.1, ""delta"": 0.005, ""min_instances"": 30, ""threshold"": 0.05}, ""error_rate"": {""alpha"": 0.15, ""delta"": 0.005, ""min_instances"": 5, ""threshold"": 0.1}}","{""error_rate"": {""min_instances"": 5, ""threshold"": 0.1}}",0.1,0.005,0.15,5,0.05,0.005,0.1,30,,,,-1,two_stage,2,0.5,"__confirm_cooldown=200,__confirm_rule=perm_test,__perm_alpha=0.01,__perm_delta_k=50,__perm_min_effect=0,__perm_n_perm=200,__perm_post_n=50,__perm_pre_n=200,__perm_rng_seed=0,__perm_stat=delta_fused_score,divergence=0.3,error_rate=0.5,teacher_entropy=0.2",3,0,200,0.0,0,10000,10.0,25.0,200,500,1,8,1.0,0.7928950471698113,0.4801951580456448,0.0,0.38621580600738525,0.0038005770184099674,0,0,19,16,-1,perm_test,0.004975124378109453,0.020476398005778003,32,16,16,0.0,0.0016340333968400955,0,0.0,0.0,0.0,0.0,0,none,0,1,0,overconfident,0.95,0,mild_drift,0.9620903538866712,0.0012694034102692688,0.8122190950962362,0.8605865263755601,1768132908.3380058,0.2722078263759613,0.0775509625673294
107,6848,6847,sea_abrupt4,sea,ts_drift_adapt,4,"error_divergence_ph_meta@error.threshold=0.10,error.min_instances=5",error_divergence_ph_meta,"{""divergence"": {""alpha"": 0.1, ""delta"": 0.005, ""min_instances"": 30, ""threshold"": 0.05}, ""error_rate"": {""alpha"": 0.15, ""delta"": 0.005, ""min_instances"": 5, ""threshold"": 0.1}}","{""error_rate"": {""min_instances"": 5, ""threshold"": 0.1}}",0.1,0.005,0.15,5,0.05,0.005,0.1,30,,,,-1,two_stage,2,0.5,"__confirm_cooldown=200,__confirm_rule=perm_test,__perm_alpha=0.01,__perm_delta_k=50,__perm_min_effect=0,__perm_n_perm=200,__perm_post_n=50,__perm_pre_n=200,__perm_rng_seed=0,__perm_stat=delta_fused_score,divergence=0.3,error_rate=0.5,teacher_entropy=0.2",3,0,200,0.0,0,10000,10.0,25.0,200,500,0,0,1.0,0.7932242990654206,0.48104281154044537,0.16666666666666666,0.415122389793396,0.0071221329271793365,1,1,20,17,0,perm_test,0.004975124378109453,0.04897071167600153,33,17,16,0.0,0.16666666666666666,1,0.5,0.0,0.0,0.0,0,none,1,1,0,overconfident,0.95,0,stable,0.9760451769433356,0.0010347017051346343,0.9061095475481181,0.9027932631877801,1768132908.3556914,0.41452929377555847,0.10843714326620102
108,6912,6911,sea_abrupt4,sea,ts_drift_adapt,4,"error_divergence_ph_meta@error.threshold=0.10,error.min_instances=5",error_divergence_ph_meta,"{""divergence"": {""alpha"": 0.1, ""delta"": 0.005, ""min_instances"": 30, ""threshold"": 0.05}, ""error_rate"": {""alpha"": 0.15, ""delta"": 0.005, ""min_instances"": 5, ""threshold"": 0.1}}","{""error_rate"": {""min_instances"": 5, ""threshold"": 0.1}}",0.1,0.005,0.15,5,0.05,0.005,0.1,30,,,,-1,two_stage,2,0.5,"__confirm_cooldown=200,__confirm_rule=perm_test,__perm_alpha=0.01,__perm_delta_k=50,__perm_min_effect=0,__perm_n_perm=200,__perm_post_n=50,__perm_pre_n=200,__perm_rng_seed=0,__perm_stat=delta_fused_score,divergence=0.3,error_rate=0.5,teacher_entropy=0.2",3,0,200,0.0,0,10000,10.0,25.0,200,500,1,136,1.0,0.7932581018518519,0.4810123709000113,0.3333333333333333,0.374414324760437,0.0059866346418857574,0,0,20,17,-1,perm_test,0.004975124378109453,0.04897071167600153,33,17,16,0.0,0.16666666666666666,0,0.0,0.0,0.0,0.0,0,none,0,1,0,overconfident,0.95,0,mild_drift,0.9681725884716678,0.0011673508525673173,0.853054773774059,0.87889663159389,1768132908.368895,0.3963472545146942,0.09650187194347382
109,6976,6975,sea_abrupt4,sea,ts_drift_adapt,4,"error_divergence_ph_meta@error.threshold=0.10,error.min_instances=5",error_divergence_ph_meta,"{""divergence"": {""alpha"": 0.1, ""delta"": 0.005, ""min_instances"": 30, ""threshold"": 0.05}, ""error_rate"": {""alpha"": 0.15, ""delta"": 0.005, ""min_instances"": 5, ""threshold"": 0.1}}","{""error_rate"": {""min_instances"": 5, ""threshold"": 0.1}}",0.1,0.005,0.15,5,0.05,0.005,0.1,30,,,,-1,two_stage,2,0.5,"__confirm_cooldown=200,__confirm_rule=perm_test,__perm_alpha=0.01,__perm_delta_k=50,__perm_min_effect=0,__perm_n_perm=200,__perm_post_n=50,__perm_pre_n=200,__perm_rng_seed=0,__perm_stat=delta_fused_score,divergence=0.3,error_rate=0.5,teacher_entropy=0.2",3,0,200,0.0,0,10000,10.0,25.0,200,500,1,72,1.0,0.7925745412844036,0.47903962557098173,0.3333333333333333,0.3577073812484741,0.007608314976096153,0,0,20,17,-1,perm_test,0.004975124378109453,0.04897071167600153,33,17,16,0.0,0.0016216803342103958,0,0.0,0.0,0.0,0.0,0,none,0,1,0,overconfident,0.95,0,mild_drift,0.9642362942358338,0.0012336754262836586,0.8265273868870295,0.866948315796945,1768132908.3817348,0.6406717896461487,0.12334790825843811
110,7040,7039,sea_abrupt4,sea,ts_drift_adapt,4,"error_divergence_ph_meta@error.threshold=0.10,error.min_instances=5",error_divergence_ph_meta,"{""divergence"": {""alpha"": 0.1, ""delta"": 0.005, ""min_instances"": 30, ""threshold"": 0.05}, ""error_rate"": {""alpha"": 0.15, ""delta"": 0.005, ""min_instances"": 5, ""threshold"": 0.1}}","{""error_rate"": {""min_instances"": 5, ""threshold"": 0.1}}",0.1,0.005,0.15,5,0.05,0.005,0.1,30,,,,-1,two_stage,2,0.5,"__confirm_cooldown=200,__confirm_rule=perm_test,__perm_alpha=0.01,__perm_delta_k=50,__perm_min_effect=0,__perm_n_perm=200,__perm_post_n=50,__perm_pre_n=200,__perm_rng_seed=0,__perm_stat=delta_fused_score,divergence=0.3,error_rate=0.5,teacher_entropy=0.2",3,0,200,0.0,0,10000,10.0,25.0,200,500,1,8,1.0,0.7924715909090909,0.47976580397301305,0.16666666666666666,0.37440699338912964,0.010190220549702644,0,0,20,17,-1,perm_test,0.004975124378109453,0.04897071167600153,33,17,16,0.0,0.16666666666666666,0,0.0,0.0,0.0,0.0,0,none,0,1,0,overconfident,0.95,0,mild_drift,0.9622681471179169,0.0012668377131418293,0.8132636934435148,0.8609741578984724,1768132908.392816,0.4600754976272583,0.1373065710067749
111,7104,7103,sea_abrupt4,sea,ts_drift_adapt,4,"error_divergence_ph_meta@error.threshold=0.10,error.min_instances=5",error_divergence_ph_meta,"{""divergence"": {""alpha"": 0.1, ""delta"": 0.005, ""min_instances"": 30, ""threshold"": 0.05}, ""error_rate"": {""alpha"": 0.15, ""delta"": 0.005, ""min_instances"": 5, ""threshold"": 0.1}}","{""error_rate"": {""min_instances"": 5, ""threshold"": 0.1}}",0.1,0.005,0.15,5,0.05,0.005,0.1,30,,,,-1,two_stage,2,0.5,"__confirm_cooldown=200,__confirm_rule=perm_test,__perm_alpha=0.01,__perm_delta_k=50,__perm_min_effect=0,__perm_n_perm=200,__perm_post_n=50,__perm_pre_n=200,__perm_rng_seed=0,__perm_stat=delta_fused_score,divergence=0.3,error_rate=0.5,teacher_entropy=0.2",3,0,200,0.0,0,10000,10.0,25.0,200,500,0,0,1.0,0.7927927927927928,0.4800783739084573,0.16666666666666666,0.32519814372062683,0.011107884347438812,0,0,20,17,-1,perm_test,0.004975124378109453,0.04897071167600153,33,17,16,0.0,0.0009176637977361679,0,0.0,0.0,0.0,0.0,0,none,0,1,0,overconfident,0.95,0,mild_drift,0.9612840735589584,0.0012834188565709146,0.8066318467217575,0.8579870789492362,1768132908.4031575,0.49706748127937317,0.14968553185462952
112,7168,7167,sea_abrupt4,sea,ts_drift_adapt,4,"error_divergence_ph_meta@error.threshold=0.10,error.min_instances=5",error_divergence_ph_meta,"{""divergence"": {""alpha"": 0.1, ""delta"": 0.005, ""min_instances"": 30, ""threshold"": 0.05}, ""error_rate"": {""alpha"": 0.15, ""delta"": 0.005, ""min_instances"": 5, ""threshold"": 0.1}}","{""error_rate"": {""min_instances"": 5, ""threshold"": 0.1}}",0.1,0.005,0.15,5,0.05,0.005,0.1,30,,,,-1,two_stage,2,0.5,"__confirm_cooldown=200,__confirm_rule=perm_test,__perm_alpha=0.01,__perm_delta_k=50,__perm_min_effect=0,__perm_n_perm=200,__perm_post_n=50,__perm_pre_n=200,__perm_rng_seed=0,__perm_stat=delta_fused_score,divergence=0.3,error_rate=0.5,teacher_entropy=0.2",3,0,200,0.0,0,10000,10.0,25.0,200,500,0,0,1.0,0.7928292410714286,0.48024847729046094,0.0,0.3912331461906433,0.010288896970450878,0,1,21,17,-1,perm_test,1.0,-0.04429967851589968,34,17,17,0.16666666666666666,0.16666666666666666,1,0.5,0.0,0.0,0.0,0,none,0,1,0,overconfident,0.95,0,mild_drift,0.9607920367794791,0.0012917094282854573,0.8033159233608788,0.856493539474618,1768132908.413773,0.2058366984128952,0.14095225930213928
113,7232,7231,sea_abrupt4,sea,ts_drift_adapt,4,"error_divergence_ph_meta@error.threshold=0.10,error.min_instances=5",error_divergence_ph_meta,"{""divergence"": {""alpha"": 0.1, ""delta"": 0.005, ""min_instances"": 30, ""threshold"": 0.05}, ""error_rate"": {""alpha"": 0.15, ""delta"": 0.005, ""min_instances"": 5, ""threshold"": 0.1}}","{""error_rate"": {""min_instances"": 5, ""threshold"": 0.1}}",0.1,0.005,0.15,5,0.05,0.005,0.1,30,,,,-1,two_stage,2,0.5,"__confirm_cooldown=200,__confirm_rule=perm_test,__perm_alpha=0.01,__perm_delta_k=50,__perm_min_effect=0,__perm_n_perm=200,__perm_post_n=50,__perm_pre_n=200,__perm_rng_seed=0,__perm_stat=delta_fused_score,divergence=0.3,error_rate=0.5,teacher_entropy=0.2",3,0,200,0.0,0,10000,10.0,25.0,200,500,0,0,1.0,0.7927267699115044,0.4805143425387591,0.3333333333333333,0.3191888928413391,0.0069474694319069386,1,0,21,18,1,perm_test,0.004975124378109453,0.11945379403944205,35,18,17,0.0,0.3333333333333333,0,0.0,0.0,0.0,0.0,0,none,1,1,0,overconfident,0.95,0,stable,0.9753960183897395,0.0010458547141427286,0.9016579616804394,0.900746769737309,1768132908.4298024,0.3394381105899811,0.11271664500236511
114,7296,7295,sea_abrupt4,sea,ts_drift_adapt,4,"error_divergence_ph_meta@error.threshold=0.10,error.min_instances=5",error_divergence_ph_meta,"{""divergence"": {""alpha"": 0.1, ""delta"": 0.005, ""min_instances"": 30, ""threshold"": 0.05}, ""error_rate"": {""alpha"": 0.15, ""delta"": 0.005, ""min_instances"": 5, ""threshold"": 0.1}}","{""error_rate"": {""min_instances"": 5, ""threshold"": 0.1}}",0.1,0.005,0.15,5,0.05,0.005,0.1,30,,,,-1,two_stage,2,0.5,"__confirm_cooldown=200,__confirm_rule=perm_test,__perm_alpha=0.01,__perm_delta_k=50,__perm_min_effect=0,__perm_n_perm=200,__perm_post_n=50,__perm_pre_n=200,__perm_rng_seed=0,__perm_stat=delta_fused_score,divergence=0.3,error_rate=0.5,teacher_entropy=0.2",3,0,200,0.0,0,10000,10.0,25.0,200,500,1,136,1.0,0.7937225877192983,0.4829826809594518,0.3333333333333333,0.3696289658546448,0.007821079343557358,0,0,21,18,-1,perm_test,0.004975124378109453,0.11945379403944205,35,18,17,0.0,0.0008736099116504192,0,0.0,0.0,0.0,0.0,0,none,0,1,0,overconfident,0.95,0,mild_drift,0.9678480091948698,0.0011729273570713645,0.8508289808402197,0.8778733848686545,1768132908.4401453,0.6169071793556213,0.09753815829753876
115,7360,7359,sea_abrupt4,sea,ts_drift_adapt,4,"error_divergence_ph_meta@error.threshold=0.10,error.min_instances=5",error_divergence_ph_meta,"{""divergence"": {""alpha"": 0.1, ""delta"": 0.005, ""min_instances"": 30, ""threshold"": 0.05}, ""error_rate"": {""alpha"": 0.15, ""delta"": 0.005, ""min_instances"": 5, ""threshold"": 0.1}}","{""error_rate"": {""min_instances"": 5, ""threshold"": 0.1}}",0.1,0.005,0.15,5,0.05,0.005,0.1,30,,,,-1,two_stage,2,0.5,"__confirm_cooldown=200,__confirm_rule=perm_test,__perm_alpha=0.01,__perm_delta_k=50,__perm_min_effect=0,__perm_n_perm=200,__perm_post_n=50,__perm_pre_n=200,__perm_rng_seed=0,__perm_stat=delta_fused_score,divergence=0.3,error_rate=0.5,teacher_entropy=0.2",3,0,200,0.0,0,10000,10.0,25.0,200,500,1,72,1.0,0.79375,0.4831583570471048,0.16666666666666666,0.39761969447135925,0.00800368282943964,0,0,21,18,-1,perm_test,0.004975124378109453,0.11945379403944205,35,18,17,0.0,0.16666666666666666,0,0.0,0.0,0.0,0.0,0,none,0,1,0,overconfident,0.95,0,mild_drift,0.9640740045974349,0.0012364636785356822,0.82541449042011,0.8664366924343272,1768132908.4503136,0.2957238256931305,0.1358714997768402
116,7424,7423,sea_abrupt4,sea,ts_drift_adapt,4,"error_divergence_ph_meta@error.threshold=0.10,error.min_instances=5",error_divergence_ph_meta,"{""divergence"": {""alpha"": 0.1, ""delta"": 0.005, ""min_instances"": 30, ""threshold"": 0.05}, ""error_rate"": {""alpha"": 0.15, ""delta"": 0.005, ""min_instances"": 5, ""threshold"": 0.1}}","{""error_rate"": {""min_instances"": 5, ""threshold"": 0.1}}",0.1,0.005,0.15,5,0.05,0.005,0.1,30,,,,-1,two_stage,2,0.5,"__confirm_cooldown=200,__confirm_rule=perm_test,__perm_alpha=0.01,__perm_delta_k=50,__perm_min_effect=0,__perm_n_perm=200,__perm_post_n=50,__perm_pre_n=200,__perm_rng_seed=0,__perm_stat=delta_fused_score,divergence=0.3,error_rate=0.5,teacher_entropy=0.2",3,0,200,0.0,0,10000,10.0,25.0,200,500,1,8,1.0,0.7947198275862069,0.4864935937055639,0.0,0.3762628436088562,0.0035763250198215246,0,0,21,18,-1,perm_test,0.004975124378109453,0.11945379403944205,35,18,17,0.0,0.16666666666666666,0,0.0,0.0,0.0,0.0,0,none,0,1,0,overconfident,0.95,0,mild_drift,0.9621870022987173,0.0012682318392678413,0.812707245210055,0.8607183462171636,1768132908.4608405,0.17510844767093658,0.09262734651565552
117,7488,7487,sea_abrupt4,sea,ts_drift_adapt,4,"error_divergence_ph_meta@error.threshold=0.10,error.min_instances=5",error_divergence_ph_meta,"{""divergence"": {""alpha"": 0.1, ""delta"": 0.005, ""min_instances"": 30, ""threshold"": 0.05}, ""error_rate"": {""alpha"": 0.15, ""delta"": 0.005, ""min_instances"": 5, ""threshold"": 0.1}}","{""error_rate"": {""min_instances"": 5, ""threshold"": 0.1}}",0.1,0.005,0.15,5,0.05,0.005,0.1,30,,,,-1,two_stage,2,0.5,"__confirm_cooldown=200,__confirm_rule=perm_test,__perm_alpha=0.01,__perm_delta_k=50,__perm_min_effect=0,__perm_n_perm=200,__perm_post_n=50,__perm_pre_n=200,__perm_rng_seed=0,__perm_stat=delta_fused_score,divergence=0.3,error_rate=0.5,teacher_entropy=0.2",3,0,200,0.0,0,10000,10.0,25.0,200,500,0,0,1.0,0.7943376068376068,0.4853227872778922,0.16666666666666666,0.39462193846702576,0.00797961000353098,1,1,22,19,0,perm_test,0.004975124378109453,0.07203962666692654,36,19,17,0.16666666666666666,0.16666666666666666,1,0.5,0.0,0.0,0.0,0,none,1,1,0,overconfident,0.95,0,severe_drift,0.9265935011493587,0.0016341159196339207,0.6563536226050275,0.8353591731085819,1768132908.4772246,0.4597240686416626,0.09288457036018372
118,7552,7551,sea_abrupt4,sea,ts_drift_adapt,4,"error_divergence_ph_meta@error.threshold=0.10,error.min_instances=5",error_divergence_ph_meta,"{""divergence"": {""alpha"": 0.1, ""delta"": 0.005, ""min_instances"": 30, ""threshold"": 0.05}, ""error_rate"": {""alpha"": 0.15, ""delta"": 0.005, ""min_instances"": 5, ""threshold"": 0.1}}","{""error_rate"": {""min_instances"": 5, ""threshold"": 0.1}}",0.1,0.005,0.15,5,0.05,0.005,0.1,30,,,,-1,two_stage,2,0.5,"__confirm_cooldown=200,__confirm_rule=perm_test,__perm_alpha=0.01,__perm_delta_k=50,__perm_min_effect=0,__perm_n_perm=200,__perm_post_n=50,__perm_pre_n=200,__perm_rng_seed=0,__perm_stat=delta_fused_score,divergence=0.3,error_rate=0.5,teacher_entropy=0.2",3,0,200,0.0,0,10000,10.0,25.0,200,500,1,136,1.0,0.7947563559322034,0.4860033210255625,0.16666666666666666,0.37839946150779724,0.008089324459433556,0,0,22,19,-1,perm_test,0.004975124378109453,0.07203962666692654,36,19,17,0.0,0.00010971445590257645,0,0.0,0.0,0.0,0.0,0,none,0,1,0,overconfident,0.95,0,mild_drift,0.9434467505746793,0.0014670579598169604,0.7281768113025138,0.8451795865542909,1768132908.4878159,0.5671570897102356,0.10281907021999359
119,7616,7615,sea_abrupt4,sea,ts_drift_adapt,4,"error_divergence_ph_meta@error.threshold=0.10,error.min_instances=5",error_divergence_ph_meta,"{""divergence"": {""alpha"": 0.1, ""delta"": 0.005, ""min_instances"": 30, ""threshold"": 0.05}, ""error_rate"": {""alpha"": 0.15, ""delta"": 0.005, ""min_instances"": 5, ""threshold"": 0.1}}","{""error_rate"": {""min_instances"": 5, ""threshold"": 0.1}}",0.1,0.005,0.15,5,0.05,0.005,0.1,30,,,,-1,two_stage,2,0.5,"__confirm_cooldown=200,__confirm_rule=perm_test,__perm_alpha=0.01,__perm_delta_k=50,__perm_min_effect=0,__perm_n_perm=200,__perm_post_n=50,__perm_pre_n=200,__perm_rng_seed=0,__perm_stat=delta_fused_score,divergence=0.3,error_rate=0.5,teacher_entropy=0.2",3,0,200,0.0,0,10000,10.0,25.0,200,500,1,72,1.0,0.7952993697478992,0.4872839923066758,0.16666666666666666,0.359919011592865,0.007985834032297134,0,0,22,19,-1,perm_test,0.004975124378109453,0.07203962666692654,36,19,17,0.0,0.0001034904271364212,0,0.0,0.0,0.0,0.0,0,none,0,1,0,overconfident,0.95,0,mild_drift,0.9518733752873396,0.0013835289799084803,0.7640884056512569,0.8500897932771454,1768132908.4983594,0.21278150379657745,0.12271711975336075
120,7680,7679,sea_abrupt4,sea,ts_drift_adapt,4,"error_divergence_ph_meta@error.threshold=0.10,error.min_instances=5",error_divergence_ph_meta,"{""divergence"": {""alpha"": 0.1, ""delta"": 0.005, ""min_instances"": 30, ""threshold"": 0.05}, ""error_rate"": {""alpha"": 0.15, ""delta"": 0.005, ""min_instances"": 5, ""threshold"": 0.1}}","{""error_rate"": {""min_instances"": 5, ""threshold"": 0.1}}",0.1,0.005,0.15,5,0.05,0.005,0.1,30,,,,-1,two_stage,2,0.5,"__confirm_cooldown=200,__confirm_rule=perm_test,__perm_alpha=0.01,__perm_delta_k=50,__perm_min_effect=0,__perm_n_perm=200,__perm_post_n=50,__perm_pre_n=200,__perm_rng_seed=0,__perm_stat=delta_fused_score,divergence=0.3,error_rate=0.5,teacher_entropy=0.2",3,0,200,0.0,0,10000,10.0,25.0,200,500,1,8,1.0,0.7953125,0.48739274083216305,0.16666666666666666,0.37283140420913696,0.0065587228164076805,0,0,22,19,-1,perm_test,0.004975124378109453,0.07203962666692654,36,19,17,0.0,0.0014271112158894539,0,0.0,0.0,0.0,0.0,0,none,0,1,0,overconfident,0.95,0,mild_drift,0.9560866876436698,0.0013417644899542402,0.7820442028256285,0.8525448966385727,1768132908.5087855,0.36248794198036194,0.08232507109642029
121,7744,7743,sea_abrupt4,sea,ts_drift_adapt,4,"error_divergence_ph_meta@error.threshold=0.10,error.min_instances=5",error_divergence_ph_meta,"{""divergence"": {""alpha"": 0.1, ""delta"": 0.005, ""min_instances"": 30, ""threshold"": 0.05}, ""error_rate"": {""alpha"": 0.15, ""delta"": 0.005, ""min_instances"": 5, ""threshold"": 0.1}}","{""error_rate"": {""min_instances"": 5, ""threshold"": 0.1}}",0.1,0.005,0.15,5,0.05,0.005,0.1,30,,,,-1,two_stage,2,0.5,"__confirm_cooldown=200,__confirm_rule=perm_test,__perm_alpha=0.01,__perm_delta_k=50,__perm_min_effect=0,__perm_n_perm=200,__perm_post_n=50,__perm_pre_n=200,__perm_rng_seed=0,__perm_stat=delta_fused_score,divergence=0.3,error_rate=0.5,teacher_entropy=0.2",3,0,200,0.0,0,10000,10.0,25.0,200,500,0,0,1.0,0.7961002066115702,0.4890388723681968,0.0,0.3755940794944763,0.008687593974173069,0,0,22,19,-1,perm_test,0.004975124378109453,0.07203962666692654,36,19,17,0.0,0.16666666666666666,0,0.0,0.0,0.0,0.0,0,none,0,1,0,overconfident,0.95,0,mild_drift,0.9581933438218349,0.0013208822449771202,0.7910221014128143,0.8537724483192863,1768132908.5194762,0.05514226853847504,0.09575563669204712
122,7808,7807,sea_abrupt4,sea,ts_drift_adapt,4,"error_divergence_ph_meta@error.threshold=0.10,error.min_instances=5",error_divergence_ph_meta,"{""divergence"": {""alpha"": 0.1, ""delta"": 0.005, ""min_instances"": 30, ""threshold"": 0.05}, ""error_rate"": {""alpha"": 0.15, ""delta"": 0.005, ""min_instances"": 5, ""threshold"": 0.1}}","{""error_rate"": {""min_instances"": 5, ""threshold"": 0.1}}",0.1,0.005,0.15,5,0.05,0.005,0.1,30,,,,-1,two_stage,2,0.5,"__confirm_cooldown=200,__confirm_rule=perm_test,__perm_alpha=0.01,__perm_delta_k=50,__perm_min_effect=0,__perm_n_perm=200,__perm_post_n=50,__perm_pre_n=200,__perm_rng_seed=0,__perm_stat=delta_fused_score,divergence=0.3,error_rate=0.5,teacher_entropy=0.2",3,0,200,0.0,0,10000,10.0,25.0,200,500,0,0,1.0,0.7967469262295082,0.49027946547055984,0.16666666666666666,0.3375697433948517,0.009461987763643265,1,1,23,20,0,perm_test,0.004975124378109453,0.07055059199566202,37,20,17,0.0,0.16666666666666666,1,0.5,0.0,0.0,0.0,0,none,1,1,0,overconfident,0.95,0,stable,0.9740966719109174,0.0010604411224885602,0.8955110507064071,0.8993862241596432,1768132908.535958,0.21331250667572021,0.10794717818498611
123,7872,7871,sea_abrupt4,sea,ts_drift_adapt,4,"error_divergence_ph_meta@error.threshold=0.10,error.min_instances=5",error_divergence_ph_meta,"{""divergence"": {""alpha"": 0.1, ""delta"": 0.005, ""min_instances"": 30, ""threshold"": 0.05}, ""error_rate"": {""alpha"": 0.15, ""delta"": 0.005, ""min_instances"": 5, ""threshold"": 0.1}}","{""error_rate"": {""min_instances"": 5, ""threshold"": 0.1}}",0.1,0.005,0.15,5,0.05,0.005,0.1,30,,,,-1,two_stage,2,0.5,"__confirm_cooldown=200,__confirm_rule=perm_test,__perm_alpha=0.01,__perm_delta_k=50,__perm_min_effect=0,__perm_n_perm=200,__perm_post_n=50,__perm_pre_n=200,__perm_rng_seed=0,__perm_stat=delta_fused_score,divergence=0.3,error_rate=0.5,teacher_entropy=0.2",3,0,200,0.0,0,10000,10.0,25.0,200,500,1,136,1.0,0.797510162601626,0.49209133021004586,0.16666666666666666,0.350857138633728,0.012956226244568825,0,0,23,20,-1,perm_test,0.004975124378109453,0.07055059199566202,37,20,17,0.0,0.00349423848092556,0,0.0,0.0,0.0,0.0,0,none,0,1,0,overconfident,0.95,0,mild_drift,0.9671983359554587,0.0011802205612442803,0.8477555253532036,0.8771931120798215,1768132908.5465295,0.40492334961891174,0.13019630312919617
124,7936,7935,sea_abrupt4,sea,ts_drift_adapt,4,"error_divergence_ph_meta@error.threshold=0.10,error.min_instances=5",error_divergence_ph_meta,"{""divergence"": {""alpha"": 0.1, ""delta"": 0.005, ""min_instances"": 30, ""threshold"": 0.05}, ""error_rate"": {""alpha"": 0.15, ""delta"": 0.005, ""min_instances"": 5, ""threshold"": 0.1}}","{""error_rate"": {""min_instances"": 5, ""threshold"": 0.1}}",0.1,0.005,0.15,5,0.05,0.005,0.1,30,,,,-1,two_stage,2,0.5,"__confirm_cooldown=200,__confirm_rule=perm_test,__perm_alpha=0.01,__perm_delta_k=50,__perm_min_effect=0,__perm_n_perm=200,__perm_post_n=50,__perm_pre_n=200,__perm_rng_seed=0,__perm_stat=delta_fused_score,divergence=0.3,error_rate=0.5,teacher_entropy=0.2",3,0,200,0.0,0,10000,10.0,25.0,200,500,1,72,1.0,0.7971270161290323,0.4910975447620084,0.5,0.36462873220443726,0.012951730750501156,0,0,23,20,-1,perm_test,0.004975124378109453,0.07055059199566202,37,20,17,0.0,0.33333333333333337,0,0.0,0.0,0.0,0.0,0,none,0,1,0,overconfident,0.95,0,mild_drift,0.9637491679777292,0.00124011028062214,0.8238777626766018,0.8660965560399108,1768132908.55783,1.2663565874099731,0.09384950250387192
125,8000,7999,sea_abrupt4,sea,ts_drift_adapt,4,"error_divergence_ph_meta@error.threshold=0.10,error.min_instances=5",error_divergence_ph_meta,"{""divergence"": {""alpha"": 0.1, ""delta"": 0.005, ""min_instances"": 30, ""threshold"": 0.05}, ""error_rate"": {""alpha"": 0.15, ""delta"": 0.005, ""min_instances"": 5, ""threshold"": 0.1}}","{""error_rate"": {""min_instances"": 5, ""threshold"": 0.1}}",0.1,0.005,0.15,5,0.05,0.005,0.1,30,,,,-1,two_stage,2,0.5,"__confirm_cooldown=200,__confirm_rule=perm_test,__perm_alpha=0.01,__perm_delta_k=50,__perm_min_effect=0,__perm_n_perm=200,__perm_post_n=50,__perm_pre_n=200,__perm_rng_seed=0,__perm_stat=delta_fused_score,divergence=0.3,error_rate=0.5,teacher_entropy=0.2",3,0,200,0.0,0,10000,10.0,25.0,200,500,1,8,1.0,0.79675,0.48967806406580305,0.16666666666666666,0.39856186509132385,0.011234329082071781,0,0,23,20,-1,perm_test,0.004975124378109453,0.07055059199566202,37,20,17,0.0,0.33333333333333337,0,0.0,0.0,0.0,0.0,0,none,0,1,0,overconfident,0.95,0,mild_drift,0.9620245839888646,0.00127005514031107,0.8119388813383009,0.8605482780199554,1768132908.5709715,0.18207770586013794,0.10240154713392258
126,8064,8063,sea_abrupt4,sea,ts_drift_adapt,4,"error_divergence_ph_meta@error.threshold=0.10,error.min_instances=5",error_divergence_ph_meta,"{""divergence"": {""alpha"": 0.1, ""delta"": 0.005, ""min_instances"": 30, ""threshold"": 0.05}, ""error_rate"": {""alpha"": 0.15, ""delta"": 0.005, ""min_instances"": 5, ""threshold"": 0.1}}","{""error_rate"": {""min_instances"": 5, ""threshold"": 0.1}}",0.1,0.005,0.15,5,0.05,0.005,0.1,30,,,,-1,two_stage,2,0.5,"__confirm_cooldown=200,__confirm_rule=perm_test,__perm_alpha=0.01,__perm_delta_k=50,__perm_min_effect=0,__perm_n_perm=200,__perm_post_n=50,__perm_pre_n=200,__perm_rng_seed=0,__perm_stat=delta_fused_score,divergence=0.3,error_rate=0.5,teacher_entropy=0.2",3,0,200,0.0,0,10000,10.0,25.0,200,500,0,0,1.0,0.7967509920634921,0.4892072985226355,0.16666666666666666,0.3634686768054962,0.009382194839417934,0,0,23,20,-1,perm_test,0.004975124378109453,0.07055059199566202,37,20,17,0.0,0.0018521342426538467,0,0.0,0.0,0.0,0.0,0,none,0,1,0,overconfident,0.95,0,mild_drift,0.9611622919944323,0.001285027570155535,0.8059694406691504,0.8577741390099777,1768132908.5841603,0.23327328264713287,0.105799600481987
127,8128,8127,sea_abrupt4,sea,ts_drift_adapt,4,"error_divergence_ph_meta@error.threshold=0.10,error.min_instances=5",error_divergence_ph_meta,"{""divergence"": {""alpha"": 0.1, ""delta"": 0.005, ""min_instances"": 30, ""threshold"": 0.05}, ""error_rate"": {""alpha"": 0.15, ""delta"": 0.005, ""min_instances"": 5, ""threshold"": 0.1}}","{""error_rate"": {""min_instances"": 5, ""threshold"": 0.1}}",0.1,0.005,0.15,5,0.05,0.005,0.1,30,,,,-1,two_stage,2,0.5,"__confirm_cooldown=200,__confirm_rule=perm_test,__perm_alpha=0.01,__perm_delta_k=50,__perm_min_effect=0,__perm_n_perm=200,__perm_post_n=50,__perm_pre_n=200,__perm_rng_seed=0,__perm_stat=delta_fused_score,divergence=0.3,error_rate=0.5,teacher_entropy=0.2",3,0,200,0.0,0,10000,10.0,25.0,200,500,0,0,1.0,0.796505905511811,0.48961683617161905,0.5,0.3643677830696106,0.009194811806082726,1,1,24,21,0,perm_test,0.004975124378109453,0.1229850450991737,38,21,17,0.33333333333333337,0.33333333333333337,1,0.5,0.0,0.0,0.0,0,none,1,1,0,overconfident,0.95,0,severe_drift,0.9260811459972161,0.0016425137850777675,0.6529847203345752,0.8338870695049889,1768132908.6034412,1.0119062662124634,0.11566327512264252
128,8192,8191,sea_abrupt4,sea,ts_drift_adapt,4,"error_divergence_ph_meta@error.threshold=0.10,error.min_instances=5",error_divergence_ph_meta,"{""divergence"": {""alpha"": 0.1, ""delta"": 0.005, ""min_instances"": 30, ""threshold"": 0.05}, ""error_rate"": {""alpha"": 0.15, ""delta"": 0.005, ""min_instances"": 5, ""threshold"": 0.1}}","{""error_rate"": {""min_instances"": 5, ""threshold"": 0.1}}",0.1,0.005,0.15,5,0.05,0.005,0.1,30,,,,-1,two_stage,2,0.5,"__confirm_cooldown=200,__confirm_rule=perm_test,__perm_alpha=0.01,__perm_delta_k=50,__perm_min_effect=0,__perm_n_perm=200,__perm_post_n=50,__perm_pre_n=200,__perm_rng_seed=0,__perm_stat=delta_fused_score,divergence=0.3,error_rate=0.5,teacher_entropy=0.2",3,0,200,0.0,0,10000,10.0,25.0,200,500,1,136,1.0,0.7974853515625,0.4921997589854732,0.16666666666666666,0.3365466892719269,0.006236838176846504,0,0,24,21,-1,perm_test,0.004975124378109453,0.1229850450991737,38,21,17,0.0,0.33333333333333337,0,0.0,0.0,0.0,0.0,0,none,0,1,0,overconfident,0.95,0,mild_drift,0.9431905729986081,0.0014712568925388837,0.7264923601672877,0.8444435347524945,1768132908.6138818,0.2001751810312271,0.11023145914077759
129,8256,8255,sea_abrupt4,sea,ts_drift_adapt,4,"error_divergence_ph_meta@error.threshold=0.10,error.min_instances=5",error_divergence_ph_meta,"{""divergence"": {""alpha"": 0.1, ""delta"": 0.005, ""min_instances"": 30, ""threshold"": 0.05}, ""error_rate"": {""alpha"": 0.15, ""delta"": 0.005, ""min_instances"": 5, ""threshold"": 0.1}}","{""error_rate"": {""min_instances"": 5, ""threshold"": 0.1}}",0.1,0.005,0.15,5,0.05,0.005,0.1,30,,,,-1,two_stage,2,0.5,"__confirm_cooldown=200,__confirm_rule=perm_test,__perm_alpha=0.01,__perm_delta_k=50,__perm_min_effect=0,__perm_n_perm=200,__perm_post_n=50,__perm_pre_n=200,__perm_rng_seed=0,__perm_stat=delta_fused_score,divergence=0.3,error_rate=0.5,teacher_entropy=0.2",3,0,200,0.0,0,10000,10.0,25.0,200,500,1,72,1.0,0.7974806201550387,0.4929413440578953,0.16666666666666666,0.36439722776412964,0.007010043598711491,0,0,24,21,-1,perm_test,0.004975124378109453,0.1229850450991737,38,21,17,0.0,0.0007732054218649864,0,0.0,0.0,0.0,0.0,0,none,0,1,0,overconfident,0.95,0,mild_drift,0.951745286499304,0.0013856284462694418,0.7632461800836439,0.8497217673762472,1768132908.624202,0.4258340895175934,0.09879925847053528
130,8320,8319,sea_abrupt4,sea,ts_drift_adapt,4,"error_divergence_ph_meta@error.threshold=0.10,error.min_instances=5",error_divergence_ph_meta,"{""divergence"": {""alpha"": 0.1, ""delta"": 0.005, ""min_instances"": 30, ""threshold"": 0.05}, ""error_rate"": {""alpha"": 0.15, ""delta"": 0.005, ""min_instances"": 5, ""threshold"": 0.1}}","{""error_rate"": {""min_instances"": 5, ""threshold"": 0.1}}",0.1,0.005,0.15,5,0.05,0.005,0.1,30,,,,-1,two_stage,2,0.5,"__confirm_cooldown=200,__confirm_rule=perm_test,__perm_alpha=0.01,__perm_delta_k=50,__perm_min_effect=0,__perm_n_perm=200,__perm_post_n=50,__perm_pre_n=200,__perm_rng_seed=0,__perm_stat=delta_fused_score,divergence=0.3,error_rate=0.5,teacher_entropy=0.2",3,0,200,0.0,0,10000,10.0,25.0,200,500,1,8,1.0,0.7975961538461539,0.4928101576975361,0.16666666666666666,0.337067186832428,0.009662247262895107,0,0,24,21,-1,perm_test,0.004975124378109453,0.1229850450991737,38,21,17,0.0,0.0026522036641836166,0,0.0,0.0,0.0,0.0,0,none,0,1,0,overconfident,0.95,0,mild_drift,0.9560226432496519,0.001342814223134721,0.781623090041822,0.8523608836881236,1768132908.6345625,0.2675336003303528,0.15134747326374054
131,8384,8383,sea_abrupt4,sea,ts_drift_adapt,4,"error_divergence_ph_meta@error.threshold=0.10,error.min_instances=5",error_divergence_ph_meta,"{""divergence"": {""alpha"": 0.1, ""delta"": 0.005, ""min_instances"": 30, ""threshold"": 0.05}, ""error_rate"": {""alpha"": 0.15, ""delta"": 0.005, ""min_instances"": 5, ""threshold"": 0.1}}","{""error_rate"": {""min_instances"": 5, ""threshold"": 0.1}}",0.1,0.005,0.15,5,0.05,0.005,0.1,30,,,,-1,two_stage,2,0.5,"__confirm_cooldown=200,__confirm_rule=perm_test,__perm_alpha=0.01,__perm_delta_k=50,__perm_min_effect=0,__perm_n_perm=200,__perm_post_n=50,__perm_pre_n=200,__perm_rng_seed=0,__perm_stat=delta_fused_score,divergence=0.3,error_rate=0.5,teacher_entropy=0.2",3,0,200,0.0,0,10000,10.0,25.0,200,500,0,0,1.0,0.798425572519084,0.4943364379143748,0.0,0.3484842777252197,0.006065835244953632,0,0,24,21,-1,perm_test,0.004975124378109453,0.1229850450991737,38,21,17,0.0,0.16666666666666666,0,0.0,0.0,0.0,0.0,0,none,0,1,0,overconfident,0.95,0,mild_drift,0.9581613216248259,0.0013214071115673605,0.790811545020911,0.8536804418440618,1768132908.6451519,0.22323374450206757,0.11326330155134201
132,8448,8447,sea_abrupt4,sea,ts_drift_adapt,4,"error_divergence_ph_meta@error.threshold=0.10,error.min_instances=5",error_divergence_ph_meta,"{""divergence"": {""alpha"": 0.1, ""delta"": 0.005, ""min_instances"": 30, ""threshold"": 0.05}, ""error_rate"": {""alpha"": 0.15, ""delta"": 0.005, ""min_instances"": 5, ""threshold"": 0.1}}","{""error_rate"": {""min_instances"": 5, ""threshold"": 0.1}}",0.1,0.005,0.15,5,0.05,0.005,0.1,30,,,,-1,two_stage,2,0.5,"__confirm_cooldown=200,__confirm_rule=perm_test,__perm_alpha=0.01,__perm_delta_k=50,__perm_min_effect=0,__perm_n_perm=200,__perm_post_n=50,__perm_pre_n=200,__perm_rng_seed=0,__perm_stat=delta_fused_score,divergence=0.3,error_rate=0.5,teacher_entropy=0.2",3,0,200,0.0,0,10000,10.0,25.0,200,500,0,0,1.0,0.7984138257575758,0.4939059524658805,0.3333333333333333,0.34461408853530884,0.008811983279883862,1,1,25,22,0,perm_test,0.004975124378109453,0.13775675894438888,39,22,17,0.16666666666666669,0.3333333333333333,1,0.5,0.0,0.0,0.0,0,none,1,1,0,overconfident,0.95,0,severe_drift,0.924580660812413,0.0016607035557836803,0.6454057725104555,0.8318402209220309,1768132908.6616962,0.7961134910583496,0.13412342965602875
133,8512,8511,sea_abrupt4,sea,ts_drift_adapt,4,"error_divergence_ph_meta@error.threshold=0.10,error.min_instances=5",error_divergence_ph_meta,"{""divergence"": {""alpha"": 0.1, ""delta"": 0.005, ""min_instances"": 30, ""threshold"": 0.05}, ""error_rate"": {""alpha"": 0.15, ""delta"": 0.005, ""min_instances"": 5, ""threshold"": 0.1}}","{""error_rate"": {""min_instances"": 5, ""threshold"": 0.1}}",0.1,0.005,0.15,5,0.05,0.005,0.1,30,,,,-1,two_stage,2,0.5,"__confirm_cooldown=200,__confirm_rule=perm_test,__perm_alpha=0.01,__perm_delta_k=50,__perm_min_effect=0,__perm_n_perm=200,__perm_post_n=50,__perm_pre_n=200,__perm_rng_seed=0,__perm_stat=delta_fused_score,divergence=0.3,error_rate=0.5,teacher_entropy=0.2",3,0,200,0.0,0,10000,10.0,25.0,200,500,1,136,1.0,0.7989896616541353,0.49586446385352,0.16666666666666666,0.3299284279346466,0.007751925848424435,0,0,25,22,-1,perm_test,0.004975124378109453,0.13775675894438888,39,22,17,0.0,0.16666666666666666,0,0.0,0.0,0.0,0.0,0,none,0,1,0,overconfident,0.95,0,mild_drift,0.9424403304062065,0.0014803517778918403,0.7227028862552278,0.8434201104610155,1768132908.6723216,0.28363385796546936,0.12836270034313202
134,8576,8575,sea_abrupt4,sea,ts_drift_adapt,4,"error_divergence_ph_meta@error.threshold=0.10,error.min_instances=5",error_divergence_ph_meta,"{""divergence"": {""alpha"": 0.1, ""delta"": 0.005, ""min_instances"": 30, ""threshold"": 0.05}, ""error_rate"": {""alpha"": 0.15, ""delta"": 0.005, ""min_instances"": 5, ""threshold"": 0.1}}","{""error_rate"": {""min_instances"": 5, ""threshold"": 0.1}}",0.1,0.005,0.15,5,0.05,0.005,0.1,30,,,,-1,two_stage,2,0.5,"__confirm_cooldown=200,__confirm_rule=perm_test,__perm_alpha=0.01,__perm_delta_k=50,__perm_min_effect=0,__perm_n_perm=200,__perm_post_n=50,__perm_pre_n=200,__perm_rng_seed=0,__perm_stat=delta_fused_score,divergence=0.3,error_rate=0.5,teacher_entropy=0.2",3,0,200,0.0,0,10000,10.0,25.0,200,500,1,72,1.0,0.7992070895522388,0.4961812060314675,0.16666666666666666,0.3240680694580078,0.004887206479907036,0,0,25,22,-1,perm_test,0.004975124378109453,0.13775675894438888,39,22,17,0.0,0.002864719368517399,0,0.0,0.0,0.0,0.0,0,none,0,1,0,overconfident,0.95,0,mild_drift,0.9513701652031032,0.0013901758889459204,0.7613514431276139,0.8492100552305077,1768132908.682809,0.2609131634235382,0.09569253027439117
135,8640,8639,sea_abrupt4,sea,ts_drift_adapt,4,"error_divergence_ph_meta@error.threshold=0.10,error.min_instances=5",error_divergence_ph_meta,"{""divergence"": {""alpha"": 0.1, ""delta"": 0.005, ""min_instances"": 30, ""threshold"": 0.05}, ""error_rate"": {""alpha"": 0.15, ""delta"": 0.005, ""min_instances"": 5, ""threshold"": 0.1}}","{""error_rate"": {""min_instances"": 5, ""threshold"": 0.1}}",0.1,0.005,0.15,5,0.05,0.005,0.1,30,,,,-1,two_stage,2,0.5,"__confirm_cooldown=200,__confirm_rule=perm_test,__perm_alpha=0.01,__perm_delta_k=50,__perm_min_effect=0,__perm_n_perm=200,__perm_post_n=50,__perm_pre_n=200,__perm_rng_seed=0,__perm_stat=delta_fused_score,divergence=0.3,error_rate=0.5,teacher_entropy=0.2",3,0,200,0.0,0,10000,10.0,25.0,200,500,1,8,1.0,0.799537037037037,0.497509791596151,0.16666666666666666,0.35502034425735474,0.006312564015388489,0,0,25,22,-1,perm_test,0.004975124378109453,0.13775675894438888,39,22,17,0.0,0.001425357535481453,0,0.0,0.0,0.0,0.0,0,none,0,1,0,overconfident,0.95,0,mild_drift,0.9558350826015516,0.0013450879444729604,0.7806757215638069,0.8521050276152539,1768132908.6933815,0.5280728340148926,0.12938916683197021
136,8704,8703,sea_abrupt4,sea,ts_drift_adapt,4,"error_divergence_ph_meta@error.threshold=0.10,error.min_instances=5",error_divergence_ph_meta,"{""divergence"": {""alpha"": 0.1, ""delta"": 0.005, ""min_instances"": 30, ""threshold"": 0.05}, ""error_rate"": {""alpha"": 0.15, ""delta"": 0.005, ""min_instances"": 5, ""threshold"": 0.1}}","{""error_rate"": {""min_instances"": 5, ""threshold"": 0.1}}",0.1,0.005,0.15,5,0.05,0.005,0.1,30,,,,-1,two_stage,2,0.5,"__confirm_cooldown=200,__confirm_rule=perm_test,__perm_alpha=0.01,__perm_delta_k=50,__perm_min_effect=0,__perm_n_perm=200,__perm_post_n=50,__perm_pre_n=200,__perm_rng_seed=0,__perm_stat=delta_fused_score,divergence=0.3,error_rate=0.5,teacher_entropy=0.2",3,0,200,0.0,0,10000,10.0,25.0,200,500,0,0,1.0,0.7998621323529411,0.4983598996744148,0.16666666666666666,0.34211161732673645,0.006482453551143408,0,0,25,22,-1,perm_test,0.004975124378109453,0.13775675894438888,39,22,17,0.0,0.00016988953575491905,0,0.0,0.0,0.0,0.0,0,none,0,1,0,overconfident,0.95,0,mild_drift,0.9580675413007758,0.0013225439722364804,0.7903378607819035,0.853552513807627,1768132908.7044468,0.4391385316848755,0.10853540897369385
137,8768,8767,sea_abrupt4,sea,ts_drift_adapt,4,"error_divergence_ph_meta@error.threshold=0.10,error.min_instances=5",error_divergence_ph_meta,"{""divergence"": {""alpha"": 0.1, ""delta"": 0.005, ""min_instances"": 30, ""threshold"": 0.05}, ""error_rate"": {""alpha"": 0.15, ""delta"": 0.005, ""min_instances"": 5, ""threshold"": 0.1}}","{""error_rate"": {""min_instances"": 5, ""threshold"": 0.1}}",0.1,0.005,0.15,5,0.05,0.005,0.1,30,,,,-1,two_stage,2,0.5,"__confirm_cooldown=200,__confirm_rule=perm_test,__perm_alpha=0.01,__perm_delta_k=50,__perm_min_effect=0,__perm_n_perm=200,__perm_post_n=50,__perm_pre_n=200,__perm_rng_seed=0,__perm_stat=delta_fused_score,divergence=0.3,error_rate=0.5,teacher_entropy=0.2",3,0,200,0.0,0,10000,10.0,25.0,200,500,0,0,1.0,0.7994981751824818,0.49730315806377373,0.3333333333333333,0.3578391969203949,0.00718685844913125,1,1,26,23,0,perm_test,0.004975124378109453,0.06340538166955222,40,23,17,0.0,0.16666666666666666,1,0.5,0.0,0.0,0.0,0,none,1,1,0,overconfident,0.95,0,stable,0.9740337706503879,0.0010612719861182401,0.8951689303909518,0.8992762569038135,1768132908.7210095,0.8413994908332825,0.10463818907737732
138,8832,8831,sea_abrupt4,sea,ts_drift_adapt,4,"error_divergence_ph_meta@error.threshold=0.10,error.min_instances=5",error_divergence_ph_meta,"{""divergence"": {""alpha"": 0.1, ""delta"": 0.005, ""min_instances"": 30, ""threshold"": 0.05}, ""error_rate"": {""alpha"": 0.15, ""delta"": 0.005, ""min_instances"": 5, ""threshold"": 0.1}}","{""error_rate"": {""min_instances"": 5, ""threshold"": 0.1}}",0.1,0.005,0.15,5,0.05,0.005,0.1,30,,,,-1,two_stage,2,0.5,"__confirm_cooldown=200,__confirm_rule=perm_test,__perm_alpha=0.01,__perm_delta_k=50,__perm_min_effect=0,__perm_n_perm=200,__perm_post_n=50,__perm_pre_n=200,__perm_rng_seed=0,__perm_stat=delta_fused_score,divergence=0.3,error_rate=0.5,teacher_entropy=0.2",3,0,200,0.0,0,10000,10.0,25.0,200,500,1,136,1.0,0.7999320652173914,0.49789701675205517,0.16666666666666666,0.3411484956741333,0.00439282925799489,0,0,26,23,-1,perm_test,0.004975124378109453,0.06340538166955222,40,23,17,0.0,0.16666666666666666,0,0.0,0.0,0.0,0.0,0,none,0,1,0,overconfident,0.95,0,mild_drift,0.9671668853251939,0.0011806359930591202,0.8475844651954759,0.8771381284519068,1768132908.7318301,0.26130592823028564,0.08994470536708832
139,8896,8895,sea_abrupt4,sea,ts_drift_adapt,4,"error_divergence_ph_meta@error.threshold=0.10,error.min_instances=5",error_divergence_ph_meta,"{""divergence"": {""alpha"": 0.1, ""delta"": 0.005, ""min_instances"": 30, ""threshold"": 0.05}, ""error_rate"": {""alpha"": 0.15, ""delta"": 0.005, ""min_instances"": 5, ""threshold"": 0.1}}","{""error_rate"": {""min_instances"": 5, ""threshold"": 0.1}}",0.1,0.005,0.15,5,0.05,0.005,0.1,30,,,,-1,two_stage,2,0.5,"__confirm_cooldown=200,__confirm_rule=perm_test,__perm_alpha=0.01,__perm_delta_k=50,__perm_min_effect=0,__perm_n_perm=200,__perm_post_n=50,__perm_pre_n=200,__perm_rng_seed=0,__perm_stat=delta_fused_score,divergence=0.3,error_rate=0.5,teacher_entropy=0.2",3,0,200,0.0,0,10000,10.0,25.0,200,500,1,72,1.0,0.7997976618705036,0.497943707552448,0.16666666666666666,0.36989471316337585,0.008031994104385376,0,0,26,23,-1,perm_test,0.004975124378109453,0.06340538166955222,40,23,17,0.0,0.0036391648463904858,0,0.0,0.0,0.0,0.0,0,none,0,1,0,overconfident,0.95,0,mild_drift,0.963733442662597,0.0012403179965295602,0.823792232597738,0.8660690642259534,1768132908.7423537,0.3629532754421234,0.12851819396018982
140,8960,8959,sea_abrupt4,sea,ts_drift_adapt,4,"error_divergence_ph_meta@error.threshold=0.10,error.min_instances=5",error_divergence_ph_meta,"{""divergence"": {""alpha"": 0.1, ""delta"": 0.005, ""min_instances"": 30, ""threshold"": 0.05}, ""error_rate"": {""alpha"": 0.15, ""delta"": 0.005, ""min_instances"": 5, ""threshold"": 0.1}}","{""error_rate"": {""min_instances"": 5, ""threshold"": 0.1}}",0.1,0.005,0.15,5,0.05,0.005,0.1,30,,,,-1,two_stage,2,0.5,"__confirm_cooldown=200,__confirm_rule=perm_test,__perm_alpha=0.01,__perm_delta_k=50,__perm_min_effect=0,__perm_n_perm=200,__perm_post_n=50,__perm_pre_n=200,__perm_rng_seed=0,__perm_stat=delta_fused_score,divergence=0.3,error_rate=0.5,teacher_entropy=0.2",3,0,200,0.0,0,10000,10.0,25.0,200,500,1,8,1.0,0.8005580357142857,0.49952714337083015,0.0,0.34800273180007935,0.006979381199926138,0,0,26,23,-1,perm_test,0.004975124378109453,0.06340538166955222,40,23,17,0.0,0.16666666666666666,0,0.0,0.0,0.0,0.0,0,none,0,1,0,overconfident,0.95,0,mild_drift,0.9620167213312985,0.0012701589982647803,0.811896116298869,0.8605345321129767,1768132908.7528548,0.2859266698360443,0.11365516483783722
141,9024,9023,sea_abrupt4,sea,ts_drift_adapt,4,"error_divergence_ph_meta@error.threshold=0.10,error.min_instances=5",error_divergence_ph_meta,"{""divergence"": {""alpha"": 0.1, ""delta"": 0.005, ""min_instances"": 30, ""threshold"": 0.05}, ""error_rate"": {""alpha"": 0.15, ""delta"": 0.005, ""min_instances"": 5, ""threshold"": 0.1}}","{""error_rate"": {""min_instances"": 5, ""threshold"": 0.1}}",0.1,0.005,0.15,5,0.05,0.005,0.1,30,,,,-1,two_stage,2,0.5,"__confirm_cooldown=200,__confirm_rule=perm_test,__perm_alpha=0.01,__perm_delta_k=50,__perm_min_effect=0,__perm_n_perm=200,__perm_post_n=50,__perm_pre_n=200,__perm_rng_seed=0,__perm_stat=delta_fused_score,divergence=0.3,error_rate=0.5,teacher_entropy=0.2",3,0,200,0.0,0,10000,10.0,25.0,200,500,0,0,1.0,0.8013076241134752,0.5011909120493417,0.0,0.31646937131881714,0.00452947523444891,0,0,26,23,-1,perm_test,0.004975124378109453,0.06340538166955222,40,23,17,0.0,0.002449905965477228,0,0.0,0.0,0.0,0.0,0,none,0,1,0,overconfident,0.95,0,mild_drift,0.9611583606656492,0.00128507949913239,0.8059480581494345,0.8577672660564883,1768132908.7636454,0.2536836564540863,0.10085688531398773
142,9088,9087,sea_abrupt4,sea,ts_drift_adapt,4,"error_divergence_ph_meta@error.threshold=0.10,error.min_instances=5",error_divergence_ph_meta,"{""divergence"": {""alpha"": 0.1, ""delta"": 0.005, ""min_instances"": 30, ""threshold"": 0.05}, ""error_rate"": {""alpha"": 0.15, ""delta"": 0.005, ""min_instances"": 5, ""threshold"": 0.1}}","{""error_rate"": {""min_instances"": 5, ""threshold"": 0.1}}",0.1,0.005,0.15,5,0.05,0.005,0.1,30,,,,-1,two_stage,2,0.5,"__confirm_cooldown=200,__confirm_rule=perm_test,__perm_alpha=0.01,__perm_delta_k=50,__perm_min_effect=0,__perm_n_perm=200,__perm_post_n=50,__perm_pre_n=200,__perm_rng_seed=0,__perm_stat=delta_fused_score,divergence=0.3,error_rate=0.5,teacher_entropy=0.2",3,0,200,0.0,0,10000,10.0,25.0,200,500,0,0,1.0,0.8019366197183099,0.5024265465949507,0.0,0.36465075612068176,0.012105260044336319,0,0,26,23,-1,perm_test,0.004975124378109453,0.06340538166955222,40,23,17,0.0,0.007575784809887409,0,0.0,0.0,0.0,0.0,0,none,0,1,0,overconfident,0.95,0,mild_drift,0.9607291803328246,0.0012925397495661952,0.8029740290747173,0.8563836330282442,1768132908.7754908,0.12317675352096558,0.17063963413238525
143,9152,9151,sea_abrupt4,sea,ts_drift_adapt,4,"error_divergence_ph_meta@error.threshold=0.10,error.min_instances=5",error_divergence_ph_meta,"{""divergence"": {""alpha"": 0.1, ""delta"": 0.005, ""min_instances"": 30, ""threshold"": 0.05}, ""error_rate"": {""alpha"": 0.15, ""delta"": 0.005, ""min_instances"": 5, ""threshold"": 0.1}}","{""error_rate"": {""min_instances"": 5, ""threshold"": 0.1}}",0.1,0.005,0.15,5,0.05,0.005,0.1,30,,,,-1,two_stage,2,0.5,"__confirm_cooldown=200,__confirm_rule=perm_test,__perm_alpha=0.01,__perm_delta_k=50,__perm_min_effect=0,__perm_n_perm=200,__perm_post_n=50,__perm_pre_n=200,__perm_rng_seed=0,__perm_stat=delta_fused_score,divergence=0.3,error_rate=0.5,teacher_entropy=0.2",3,0,200,0.0,0,10000,10.0,25.0,200,500,0,0,1.0,0.8021197552447552,0.5027273639354304,0.3333333333333333,0.39364296197891235,0.00981062650680542,1,1,27,24,0,perm_test,0.004975124378109453,0.158210216649357,41,24,17,0.0,0.3333333333333333,1,0.5,0.0,0.0,0.0,0,none,1,1,0,overconfident,0.95,0,stable,0.9753645901664123,0.0010462698747830976,0.9014870145373586,0.9006918165141221,1768132908.7945323,0.47035956382751465,0.14216428995132446
144,9216,9215,sea_abrupt4,sea,ts_drift_adapt,4,"error_divergence_ph_meta@error.threshold=0.10,error.min_instances=5",error_divergence_ph_meta,"{""divergence"": {""alpha"": 0.1, ""delta"": 0.005, ""min_instances"": 30, ""threshold"": 0.05}, ""error_rate"": {""alpha"": 0.15, ""delta"": 0.005, ""min_instances"": 5, ""threshold"": 0.1}}","{""error_rate"": {""min_instances"": 5, ""threshold"": 0.1}}",0.1,0.005,0.15,5,0.05,0.005,0.1,30,,,,-1,two_stage,2,0.5,"__confirm_cooldown=200,__confirm_rule=perm_test,__perm_alpha=0.01,__perm_delta_k=50,__perm_min_effect=0,__perm_n_perm=200,__perm_post_n=50,__perm_pre_n=200,__perm_rng_seed=0,__perm_stat=delta_fused_score,divergence=0.3,error_rate=0.5,teacher_entropy=0.2",3,0,200,0.0,0,10000,10.0,25.0,200,500,1,136,1.0,0.8016493055555556,0.5014399096943187,0.16666666666666666,0.35226672887802124,0.006314055994153023,0,0,27,24,-1,perm_test,0.004975124378109453,0.158210216649357,41,24,17,0.0,0.16666666666666666,0,0.0,0.0,0.0,0.0,0,none,0,1,0,overconfident,0.95,0,mild_drift,0.9678322950832061,0.0011731349373915489,0.8507435072686793,0.8778459082570611,1768132908.8077939,0.563984215259552,0.08029428124427795
145,9280,9279,sea_abrupt4,sea,ts_drift_adapt,4,"error_divergence_ph_meta@error.threshold=0.10,error.min_instances=5",error_divergence_ph_meta,"{""divergence"": {""alpha"": 0.1, ""delta"": 0.005, ""min_instances"": 30, ""threshold"": 0.05}, ""error_rate"": {""alpha"": 0.15, ""delta"": 0.005, ""min_instances"": 5, ""threshold"": 0.1}}","{""error_rate"": {""min_instances"": 5, ""threshold"": 0.1}}",0.1,0.005,0.15,5,0.05,0.005,0.1,30,,,,-1,two_stage,2,0.5,"__confirm_cooldown=200,__confirm_rule=perm_test,__perm_alpha=0.01,__perm_delta_k=50,__perm_min_effect=0,__perm_n_perm=200,__perm_post_n=50,__perm_pre_n=200,__perm_rng_seed=0,__perm_stat=delta_fused_score,divergence=0.3,error_rate=0.5,teacher_entropy=0.2",3,0,200,0.0,0,10000,10.0,25.0,200,500,1,72,1.0,0.8018318965517242,0.5017220538514094,0.16666666666666666,0.3519914150238037,0.008287022821605206,0,0,27,24,-1,perm_test,0.004975124378109453,0.158210216649357,41,24,17,0.0,0.0019729668274521828,0,0.0,0.0,0.0,0.0,0,none,0,1,0,overconfident,0.95,0,mild_drift,0.964066147541603,0.0012365674686957745,0.8253717536343397,0.8664229541285305,1768132908.8190382,0.42725077271461487,0.10614624619483948
146,9344,9343,sea_abrupt4,sea,ts_drift_adapt,4,"error_divergence_ph_meta@error.threshold=0.10,error.min_instances=5",error_divergence_ph_meta,"{""divergence"": {""alpha"": 0.1, ""delta"": 0.005, ""min_instances"": 30, ""threshold"": 0.05}, ""error_rate"": {""alpha"": 0.15, ""delta"": 0.005, ""min_instances"": 5, ""threshold"": 0.1}}","{""error_rate"": {""min_instances"": 5, ""threshold"": 0.1}}",0.1,0.005,0.15,5,0.05,0.005,0.1,30,,,,-1,two_stage,2,0.5,"__confirm_cooldown=200,__confirm_rule=perm_test,__perm_alpha=0.01,__perm_delta_k=50,__perm_min_effect=0,__perm_n_perm=200,__perm_post_n=50,__perm_pre_n=200,__perm_rng_seed=0,__perm_stat=delta_fused_score,divergence=0.3,error_rate=0.5,teacher_entropy=0.2",3,0,200,0.0,0,10000,10.0,25.0,200,500,1,8,1.0,0.8014768835616438,0.5010247733885714,0.16666666666666666,0.4004333019256592,0.009515393525362015,0,0,27,24,-1,perm_test,0.004975124378109453,0.158210216649357,41,24,17,0.0,0.0012283707037568092,0,0.0,0.0,0.0,0.0,0,none,0,1,0,overconfident,0.95,0,mild_drift,0.9621830737708015,0.0012682837343478874,0.8126858768171699,0.8607114770642652,1768132908.8293889,0.1878388524055481,0.1285998374223709
147,9408,9407,sea_abrupt4,sea,ts_drift_adapt,4,"error_divergence_ph_meta@error.threshold=0.10,error.min_instances=5",error_divergence_ph_meta,"{""divergence"": {""alpha"": 0.1, ""delta"": 0.005, ""min_instances"": 30, ""threshold"": 0.05}, ""error_rate"": {""alpha"": 0.15, ""delta"": 0.005, ""min_instances"": 5, ""threshold"": 0.1}}","{""error_rate"": {""min_instances"": 5, ""threshold"": 0.1}}",0.1,0.005,0.15,5,0.05,0.005,0.1,30,,,,-1,two_stage,2,0.5,"__confirm_cooldown=200,__confirm_rule=perm_test,__perm_alpha=0.01,__perm_delta_k=50,__perm_min_effect=0,__perm_n_perm=200,__perm_post_n=50,__perm_pre_n=200,__perm_rng_seed=0,__perm_stat=delta_fused_score,divergence=0.3,error_rate=0.5,teacher_entropy=0.2",3,0,200,0.0,0,10000,10.0,25.0,200,500,0,0,1.0,0.8022959183673469,0.5028583497102272,0.16666666666666666,0.3617725670337677,0.006050746887922287,0,0,27,24,-1,perm_test,0.004975124378109453,0.158210216649357,41,24,17,0.0,0.003464646637439728,0,0.0,0.0,0.0,0.0,0,none,0,1,0,overconfident,0.95,0,mild_drift,0.9612415368854007,0.0012841418671739437,0.806342938408585,0.8578557385321326,1768132908.8397782,0.3881225287914276,0.0823255181312561
148,9472,9471,sea_abrupt4,sea,ts_drift_adapt,4,"error_divergence_ph_meta@error.threshold=0.10,error.min_instances=5",error_divergence_ph_meta,"{""divergence"": {""alpha"": 0.1, ""delta"": 0.005, ""min_instances"": 30, ""threshold"": 0.05}, ""error_rate"": {""alpha"": 0.15, ""delta"": 0.005, ""min_instances"": 5, ""threshold"": 0.1}}","{""error_rate"": {""min_instances"": 5, ""threshold"": 0.1}}",0.1,0.005,0.15,5,0.05,0.005,0.1,30,,,,-1,two_stage,2,0.5,"__confirm_cooldown=200,__confirm_rule=perm_test,__perm_alpha=0.01,__perm_delta_k=50,__perm_min_effect=0,__perm_n_perm=200,__perm_post_n=50,__perm_pre_n=200,__perm_rng_seed=0,__perm_stat=delta_fused_score,divergence=0.3,error_rate=0.5,teacher_entropy=0.2",3,0,200,0.0,0,10000,10.0,25.0,200,500,0,0,1.0,0.8022592905405406,0.5031078835896444,0.0,0.39697933197021484,0.0045840563252568245,0,1,28,24,-1,perm_test,1.0,-0.07117577580571816,42,24,18,0.3333333333333333,0.16666666666666666,1,0.5,0.0,0.0,0.0,0,none,0,1,0,overconfident,0.95,0,mild_drift,0.9607707684427003,0.0012920709335869718,0.8031714692042925,0.8564278692660663,1768132908.8504376,0.09827295690774918,0.08341941982507706
149,9536,9535,sea_abrupt4,sea,ts_drift_adapt,4,"error_divergence_ph_meta@error.threshold=0.10,error.min_instances=5",error_divergence_ph_meta,"{""divergence"": {""alpha"": 0.1, ""delta"": 0.005, ""min_instances"": 30, ""threshold"": 0.05}, ""error_rate"": {""alpha"": 0.15, ""delta"": 0.005, ""min_instances"": 5, ""threshold"": 0.1}}","{""error_rate"": {""min_instances"": 5, ""threshold"": 0.1}}",0.1,0.005,0.15,5,0.05,0.005,0.1,30,,,,-1,two_stage,2,0.5,"__confirm_cooldown=200,__confirm_rule=perm_test,__perm_alpha=0.01,__perm_delta_k=50,__perm_min_effect=0,__perm_n_perm=200,__perm_post_n=50,__perm_pre_n=200,__perm_rng_seed=0,__perm_stat=delta_fused_score,divergence=0.3,error_rate=0.5,teacher_entropy=0.2",3,0,200,0.0,0,10000,10.0,25.0,200,500,0,0,1.0,0.8025377516778524,0.5036582640789791,0.16666666666666666,0.38163140416145325,0.0054555307142436504,1,0,28,25,1,perm_test,0.004975124378109453,0.06246108371496247,43,25,18,0.0,0.16666666666666666,0,0.0,0.0,0.0,0.0,0,none,1,1,0,overconfident,0.95,0,stable,0.9753853842213501,0.0010460354667934859,0.9015857346021463,0.9007139346330332,1768132908.8665907,0.26893484592437744,0.0945902019739151
150,9600,9599,sea_abrupt4,sea,ts_drift_adapt,4,"error_divergence_ph_meta@error.threshold=0.10,error.min_instances=5",error_divergence_ph_meta,"{""divergence"": {""alpha"": 0.1, ""delta"": 0.005, ""min_instances"": 30, ""threshold"": 0.05}, ""error_rate"": {""alpha"": 0.15, ""delta"": 0.005, ""min_instances"": 5, ""threshold"": 0.1}}","{""error_rate"": {""min_instances"": 5, ""threshold"": 0.1}}",0.1,0.005,0.15,5,0.05,0.005,0.1,30,,,,-1,two_stage,2,0.5,"__confirm_cooldown=200,__confirm_rule=perm_test,__perm_alpha=0.01,__perm_delta_k=50,__perm_min_effect=0,__perm_n_perm=200,__perm_post_n=50,__perm_pre_n=200,__perm_rng_seed=0,__perm_stat=delta_fused_score,divergence=0.3,error_rate=0.5,teacher_entropy=0.2",3,0,200,0.0,0,10000,10.0,25.0,200,500,1,136,1.0,0.8028125,0.5042015513672271,0.16666666666666666,0.37753206491470337,0.006138503551483154,0,0,28,25,-1,perm_test,0.004975124378109453,0.06246108371496247,43,25,18,0.0,0.0006829728372395039,0,0.0,0.0,0.0,0.0,0,none,0,1,0,overconfident,0.95,0,mild_drift,0.9678426921106751,0.001173017733396743,0.8507928673010732,0.8778569673165166,1768132908.8768907,0.5740230679512024,0.07758133113384247
151,9664,9663,sea_abrupt4,sea,ts_drift_adapt,4,"error_divergence_ph_meta@error.threshold=0.10,error.min_instances=5",error_divergence_ph_meta,"{""divergence"": {""alpha"": 0.1, ""delta"": 0.005, ""min_instances"": 30, ""threshold"": 0.05}, ""error_rate"": {""alpha"": 0.15, ""delta"": 0.005, ""min_instances"": 5, ""threshold"": 0.1}}","{""error_rate"": {""min_instances"": 5, ""threshold"": 0.1}}",0.1,0.005,0.15,5,0.05,0.005,0.1,30,,,,-1,two_stage,2,0.5,"__confirm_cooldown=200,__confirm_rule=perm_test,__perm_alpha=0.01,__perm_delta_k=50,__perm_min_effect=0,__perm_n_perm=200,__perm_post_n=50,__perm_pre_n=200,__perm_rng_seed=0,__perm_stat=delta_fused_score,divergence=0.3,error_rate=0.5,teacher_entropy=0.2",3,0,200,0.0,0,10000,10.0,25.0,200,500,1,72,1.0,0.8037044701986755,0.5061557694458589,0.0,0.32661640644073486,0.0065878271125257015,0,0,28,25,-1,perm_test,0.004975124378109453,0.06246108371496247,43,25,18,0.0,0.16666666666666666,0,0.0,0.0,0.0,0.0,0,none,0,1,0,overconfident,0.95,0,mild_drift,0.9640713460553375,0.0012365088666983716,0.8253964336505366,0.8664284836582583,1768132908.8872368,0.088953398168087,0.08212091028690338
152,9728,9727,sea_abrupt4,sea,ts_drift_adapt,4,"error_divergence_ph_meta@error.threshold=0.10,error.min_instances=5",error_divergence_ph_meta,"{""divergence"": {""alpha"": 0.1, ""delta"": 0.005, ""min_instances"": 30, ""threshold"": 0.05}, ""error_rate"": {""alpha"": 0.15, ""delta"": 0.005, ""min_instances"": 5, ""threshold"": 0.1}}","{""error_rate"": {""min_instances"": 5, ""threshold"": 0.1}}",0.1,0.005,0.15,5,0.05,0.005,0.1,30,,,,-1,two_stage,2,0.5,"__confirm_cooldown=200,__confirm_rule=perm_test,__perm_alpha=0.01,__perm_delta_k=50,__perm_min_effect=0,__perm_n_perm=200,__perm_post_n=50,__perm_pre_n=200,__perm_rng_seed=0,__perm_stat=delta_fused_score,divergence=0.3,error_rate=0.5,teacher_entropy=0.2",3,0,200,0.0,0,10000,10.0,25.0,200,500,1,8,1.0,0.8042763157894737,0.5076172129516359,0.3333333333333333,0.3303562104701996,0.006400194019079208,0,0,28,25,-1,perm_test,0.004975124378109453,0.06246108371496247,43,25,18,0.0,0.3333333333333333,0,0.0,0.0,0.0,0.0,0,none,0,1,0,overconfident,0.95,0,mild_drift,0.9621856730276688,0.0012682544333491859,0.8126982168252683,0.8607142418291291,1768132908.8976178,0.33744266629219055,0.08501671254634857
153,9792,9791,sea_abrupt4,sea,ts_drift_adapt,4,"error_divergence_ph_meta@error.threshold=0.10,error.min_instances=5",error_divergence_ph_meta,"{""divergence"": {""alpha"": 0.1, ""delta"": 0.005, ""min_instances"": 30, ""threshold"": 0.05}, ""error_rate"": {""alpha"": 0.15, ""delta"": 0.005, ""min_instances"": 5, ""threshold"": 0.1}}","{""error_rate"": {""min_instances"": 5, ""threshold"": 0.1}}",0.1,0.005,0.15,5,0.05,0.005,0.1,30,,,,-1,two_stage,2,0.5,"__confirm_cooldown=200,__confirm_rule=perm_test,__perm_alpha=0.01,__perm_delta_k=50,__perm_min_effect=0,__perm_n_perm=200,__perm_post_n=50,__perm_pre_n=200,__perm_rng_seed=0,__perm_stat=delta_fused_score,divergence=0.3,error_rate=0.5,teacher_entropy=0.2",3,0,200,0.0,0,10000,10.0,25.0,200,500,0,0,1.0,0.8045343137254902,0.5088016549567589,0.16666666666666666,0.2955161929130554,0.010037281550467014,0,1,29,25,-1,perm_test,1.0,-0.07217983221194257,44,25,19,0.16666666666666666,0.16666666666666666,1,0.5,0.0,0.0,0.0,0,none,0,1,0,overconfident,0.95,0,mild_drift,0.9612428365138344,0.0012841272166745931,0.8063491084126342,0.8578571209145646,1768132908.9083393,0.38145411014556885,0.1020187959074974
154,9856,9855,sea_abrupt4,sea,ts_drift_adapt,4,"error_divergence_ph_meta@error.threshold=0.10,error.min_instances=5",error_divergence_ph_meta,"{""divergence"": {""alpha"": 0.1, ""delta"": 0.005, ""min_instances"": 30, ""threshold"": 0.05}, ""error_rate"": {""alpha"": 0.15, ""delta"": 0.005, ""min_instances"": 5, ""threshold"": 0.1}}","{""error_rate"": {""min_instances"": 5, ""threshold"": 0.1}}",0.1,0.005,0.15,5,0.05,0.005,0.1,30,,,,-1,two_stage,2,0.5,"__confirm_cooldown=200,__confirm_rule=perm_test,__perm_alpha=0.01,__perm_delta_k=50,__perm_min_effect=0,__perm_n_perm=200,__perm_post_n=50,__perm_pre_n=200,__perm_rng_seed=0,__perm_stat=delta_fused_score,divergence=0.3,error_rate=0.5,teacher_entropy=0.2",3,0,200,0.0,0,10000,10.0,25.0,200,500,0,0,1.0,0.8050933441558441,0.5102013616302475,0.16666666666666666,0.38291165232658386,0.00828612595796585,0,0,29,25,-1,perm_test,1.0,-0.02162302139713348,45,25,20,0.0,0.0017511555925011635,0,0.0,0.0,0.0,0.0,0,none,0,1,0,overconfident,0.95,0,mild_drift,0.9607714182569171,0.0012920636083372967,0.8031745542063171,0.8564285604572823,1768132908.9191515,0.5174700617790222,0.10263526439666748
155,9920,9919,sea_abrupt4,sea,ts_drift_adapt,4,"error_divergence_ph_meta@error.threshold=0.10,error.min_instances=5",error_divergence_ph_meta,"{""divergence"": {""alpha"": 0.1, ""delta"": 0.005, ""min_instances"": 30, ""threshold"": 0.05}, ""error_rate"": {""alpha"": 0.15, ""delta"": 0.005, ""min_instances"": 5, ""threshold"": 0.1}}","{""error_rate"": {""min_instances"": 5, ""threshold"": 0.1}}",0.1,0.005,0.15,5,0.05,0.005,0.1,30,,,,-1,two_stage,2,0.5,"__confirm_cooldown=200,__confirm_rule=perm_test,__perm_alpha=0.01,__perm_delta_k=50,__perm_min_effect=0,__perm_n_perm=200,__perm_post_n=50,__perm_pre_n=200,__perm_rng_seed=0,__perm_stat=delta_fused_score,divergence=0.3,error_rate=0.5,teacher_entropy=0.2",3,0,200,0.0,0,10000,10.0,25.0,200,500,0,0,1.0,0.805241935483871,0.5099283701259195,0.16666666666666666,0.3589368760585785,0.006909663788974285,0,0,29,25,-1,perm_test,1.0,-0.009592093451575159,46,25,21,0.0,0.0013764621689915657,0,0.0,0.0,0.0,0.0,0,none,0,1,0,overconfident,0.95,0,mild_drift,0.9605357091284585,0.0012960318041686483,0.8015872771031586,0.8557142802286412,1768132908.9300706,0.31373441219329834,0.10358639806509018
156,9984,9983,sea_abrupt4,sea,ts_drift_adapt,4,"error_divergence_ph_meta@error.threshold=0.10,error.min_instances=5",error_divergence_ph_meta,"{""divergence"": {""alpha"": 0.1, ""delta"": 0.005, ""min_instances"": 30, ""threshold"": 0.05}, ""error_rate"": {""alpha"": 0.15, ""delta"": 0.005, ""min_instances"": 5, ""threshold"": 0.1}}","{""error_rate"": {""min_instances"": 5, ""threshold"": 0.1}}",0.1,0.005,0.15,5,0.05,0.005,0.1,30,,,,-1,two_stage,2,0.5,"__confirm_cooldown=200,__confirm_rule=perm_test,__perm_alpha=0.01,__perm_delta_k=50,__perm_min_effect=0,__perm_n_perm=200,__perm_post_n=50,__perm_pre_n=200,__perm_rng_seed=0,__perm_stat=delta_fused_score,divergence=0.3,error_rate=0.5,teacher_entropy=0.2",3,0,200,0.0,0,10000,10.0,25.0,200,500,0,0,1.0,0.805488782051282,0.5103891371589736,0.0,0.3684796988964081,0.01144812535494566,0,0,29,25,-1,perm_test,1.0,-0.063704186648533,47,25,22,0.0,0.16666666666666666,0,0.0,0.0,0.0,0.0,0,none,0,1,0,overconfident,0.95,0,mild_drift,0.9604178545642292,0.0012980159020843244,0.8007936385515793,0.8553571401143205,1768132908.9410427,0.08005695790052414,0.1301889419555664
157,10048,10047,sea_abrupt4,sea,ts_drift_adapt,4,"error_divergence_ph_meta@error.threshold=0.10,error.min_instances=5",error_divergence_ph_meta,"{""divergence"": {""alpha"": 0.1, ""delta"": 0.005, ""min_instances"": 30, ""threshold"": 0.05}, ""error_rate"": {""alpha"": 0.15, ""delta"": 0.005, ""min_instances"": 5, ""threshold"": 0.1}}","{""error_rate"": {""min_instances"": 5, ""threshold"": 0.1}}",0.1,0.005,0.15,5,0.05,0.005,0.1,30,,,,-1,two_stage,2,0.5,"__confirm_cooldown=200,__confirm_rule=perm_test,__perm_alpha=0.01,__perm_delta_k=50,__perm_min_effect=0,__perm_n_perm=200,__perm_post_n=50,__perm_pre_n=200,__perm_rng_seed=0,__perm_stat=delta_fused_score,divergence=0.3,error_rate=0.5,teacher_entropy=0.2",3,0,200,0.0,0,10000,10.0,25.0,200,500,0,0,1.0,0.805234872611465,0.5102045858988479,0.16666666666666666,0.3466622531414032,0.005790878087282181,0,0,29,25,-1,perm_test,1.0,-0.063704186648533,47,25,22,0.0,0.16666666666666666,0,0.0,0.0,0.0,0.0,0,none,0,1,0,overconfident,0.95,0,mild_drift,0.9603589272821146,0.0012990079510421621,0.8003968192757897,0.8551785700571602,1768132908.9521701,0.1942923218011856,0.09708361327648163
158,10112,10111,sea_abrupt4,sea,ts_drift_adapt,4,"error_divergence_ph_meta@error.threshold=0.10,error.min_instances=5",error_divergence_ph_meta,"{""divergence"": {""alpha"": 0.1, ""delta"": 0.005, ""min_instances"": 30, ""threshold"": 0.05}, ""error_rate"": {""alpha"": 0.15, ""delta"": 0.005, ""min_instances"": 5, ""threshold"": 0.1}}","{""error_rate"": {""min_instances"": 5, ""threshold"": 0.1}}",0.1,0.005,0.15,5,0.05,0.005,0.1,30,,,,-1,two_stage,2,0.5,"__confirm_cooldown=200,__confirm_rule=perm_test,__perm_alpha=0.01,__perm_delta_k=50,__perm_min_effect=0,__perm_n_perm=200,__perm_post_n=50,__perm_pre_n=200,__perm_rng_seed=0,__perm_stat=delta_fused_score,divergence=0.3,error_rate=0.5,teacher_entropy=0.2",3,0,200,0.0,0,10000,10.0,25.0,200,500,0,0,1.0,0.805379746835443,0.5110849226262612,0.0,0.3432426154613495,0.010700704529881477,0,1,30,25,-1,perm_test,1.0,-0.043090280808864706,48,25,23,0.16666666666666666,0.16666666666666666,1,0.5,0.0,0.0,0.0,0,none,0,1,0,overconfident,0.95,0,mild_drift,0.9603294636410573,0.001299503975521081,0.8001984096378949,0.8550892850285801,1768132908.9631774,0.1376841515302658,0.11185719817876816
159,10176,10175,sea_abrupt4,sea,ts_drift_adapt,4,"error_divergence_ph_meta@error.threshold=0.10,error.min_instances=5",error_divergence_ph_meta,"{""divergence"": {""alpha"": 0.1, ""delta"": 0.005, ""min_instances"": 30, ""threshold"": 0.05}, ""error_rate"": {""alpha"": 0.15, ""delta"": 0.005, ""min_instances"": 5, ""threshold"": 0.1}}","{""error_rate"": {""min_instances"": 5, ""threshold"": 0.1}}",0.1,0.005,0.15,5,0.05,0.005,0.1,30,,,,-1,two_stage,2,0.5,"__confirm_cooldown=200,__confirm_rule=perm_test,__perm_alpha=0.01,__perm_delta_k=50,__perm_min_effect=0,__perm_n_perm=200,__perm_post_n=50,__perm_pre_n=200,__perm_rng_seed=0,__perm_stat=delta_fused_score,divergence=0.3,error_rate=0.5,teacher_entropy=0.2",3,0,200,0.0,0,10000,10.0,25.0,200,500,0,0,1.0,0.8054245283018868,0.5121917206467854,0.0,0.35800373554229736,0.012960688211023808,1,0,30,26,1,perm_test,0.004975124378109453,0.06470569884277065,49,26,23,0.0,0.00225998368114233,0,0.0,0.0,0.0,0.0,0,none,1,1,0,overconfident,0.95,0,stable,0.9751647318205287,0.0010497519877605405,0.9000992048189475,0.9000446425142901,1768132908.979852,0.2144007682800293,0.13044968247413635
160,10240,10239,sea_abrupt4,sea,ts_drift_adapt,4,"error_divergence_ph_meta@error.threshold=0.10,error.min_instances=5",error_divergence_ph_meta,"{""divergence"": {""alpha"": 0.1, ""delta"": 0.005, ""min_instances"": 30, ""threshold"": 0.05}, ""error_rate"": {""alpha"": 0.15, ""delta"": 0.005, ""min_instances"": 5, ""threshold"": 0.1}}","{""error_rate"": {""min_instances"": 5, ""threshold"": 0.1}}",0.1,0.005,0.15,5,0.05,0.005,0.1,30,,,,-1,two_stage,2,0.5,"__confirm_cooldown=200,__confirm_rule=perm_test,__perm_alpha=0.01,__perm_delta_k=50,__perm_min_effect=0,__perm_n_perm=200,__perm_post_n=50,__perm_pre_n=200,__perm_rng_seed=0,__perm_stat=delta_fused_score,divergence=0.3,error_rate=0.5,teacher_entropy=0.2",3,0,200,0.0,0,10000,10.0,25.0,200,500,1,136,1.0,0.80546875,0.5124891016718416,0.3333333333333333,0.3197954297065735,0.009670278057456017,0,0,30,26,-1,perm_test,0.004975124378109453,0.06470569884277065,49,26,23,0.0,0.3333333333333333,0,0.0,0.0,0.0,0.0,0,none,0,1,0,overconfident,0.95,0,mild_drift,0.9677323659102643,0.0011748759938802703,0.8500496024094737,0.877522321257145,1768132908.9934916,0.9821929931640625,0.09087080508470535
161,10304,10303,sea_abrupt4,sea,ts_drift_adapt,4,"error_divergence_ph_meta@error.threshold=0.10,error.min_instances=5",error_divergence_ph_meta,"{""divergence"": {""alpha"": 0.1, ""delta"": 0.005, ""min_instances"": 30, ""threshold"": 0.05}, ""error_rate"": {""alpha"": 0.15, ""delta"": 0.005, ""min_instances"": 5, ""threshold"": 0.1}}","{""error_rate"": {""min_instances"": 5, ""threshold"": 0.1}}",0.1,0.005,0.15,5,0.05,0.005,0.1,30,,,,-1,two_stage,2,0.5,"__confirm_cooldown=200,__confirm_rule=perm_test,__perm_alpha=0.01,__perm_delta_k=50,__perm_min_effect=0,__perm_n_perm=200,__perm_post_n=50,__perm_pre_n=200,__perm_rng_seed=0,__perm_stat=delta_fused_score,divergence=0.3,error_rate=0.5,teacher_entropy=0.2",3,0,200,0.0,0,10000,10.0,25.0,200,500,1,72,1.0,0.8056094720496895,0.5131772229278065,0.3333333333333333,0.3267311751842499,0.009541068226099014,0,0,30,26,-1,perm_test,0.004975124378109453,0.06470569884277065,49,26,23,0.0,0.00012920983135700226,0,0.0,0.0,0.0,0.0,0,none,0,1,0,overconfident,0.95,0,mild_drift,0.9640161829551321,0.0012374379969401351,0.8250248012047369,0.8662611606285725,1768132909.0067897,0.7059263586997986,0.08924749493598938
162,10368,10367,sea_abrupt4,sea,ts_drift_adapt,4,"error_divergence_ph_meta@error.threshold=0.10,error.min_instances=5",error_divergence_ph_meta,"{""divergence"": {""alpha"": 0.1, ""delta"": 0.005, ""min_instances"": 30, ""threshold"": 0.05}, ""error_rate"": {""alpha"": 0.15, ""delta"": 0.005, ""min_instances"": 5, ""threshold"": 0.1}}","{""error_rate"": {""min_instances"": 5, ""threshold"": 0.1}}",0.1,0.005,0.15,5,0.05,0.005,0.1,30,,,,-1,two_stage,2,0.5,"__confirm_cooldown=200,__confirm_rule=perm_test,__perm_alpha=0.01,__perm_delta_k=50,__perm_min_effect=0,__perm_n_perm=200,__perm_post_n=50,__perm_pre_n=200,__perm_rng_seed=0,__perm_stat=delta_fused_score,divergence=0.3,error_rate=0.5,teacher_entropy=0.2",3,0,200,0.0,0,10000,10.0,25.0,200,500,1,8,1.0,0.8055555555555556,0.5136951775157056,0.0,0.3816172778606415,0.0083761652931571,0,0,30,26,-1,perm_test,0.004975124378109453,0.06470569884277065,49,26,23,0.0,0.3333333333333333,0,0.0,0.0,0.0,0.0,0,none,0,1,0,overconfident,0.95,0,mild_drift,0.962158091477566,0.0012687189984700678,0.8125124006023685,0.8606305803142862,1768132909.0199463,0.05282839760184288,0.08311643451452255
163,10432,10431,sea_abrupt4,sea,ts_drift_adapt,4,"error_divergence_ph_meta@error.threshold=0.10,error.min_instances=5",error_divergence_ph_meta,"{""divergence"": {""alpha"": 0.1, ""delta"": 0.005, ""min_instances"": 30, ""threshold"": 0.05}, ""error_rate"": {""alpha"": 0.15, ""delta"": 0.005, ""min_instances"": 5, ""threshold"": 0.1}}","{""error_rate"": {""min_instances"": 5, ""threshold"": 0.1}}",0.1,0.005,0.15,5,0.05,0.005,0.1,30,,,,-1,two_stage,2,0.5,"__confirm_cooldown=200,__confirm_rule=perm_test,__perm_alpha=0.01,__perm_delta_k=50,__perm_min_effect=0,__perm_n_perm=200,__perm_post_n=50,__perm_pre_n=200,__perm_rng_seed=0,__perm_stat=delta_fused_score,divergence=0.3,error_rate=0.5,teacher_entropy=0.2",3,0,200,0.0,0,10000,10.0,25.0,200,500,0,0,1.0,0.8055023006134969,0.5140800326907671,0.16666666666666666,0.3046374022960663,0.006030337419360876,0,1,31,26,-1,perm_test,0.4925373134328358,0.00048000965965443176,50,26,24,0.16666666666666666,0.16666666666666666,1,0.5,0.0,0.0,0.0,0,none,0,1,0,overconfident,0.95,0,mild_drift,0.961229045738783,0.001284359499235034,0.8062562003011843,0.8578152901571431,1768132909.0362177,0.2946370542049408,0.09742259234189987
164,10496,10495,sea_abrupt4,sea,ts_drift_adapt,4,"error_divergence_ph_meta@error.threshold=0.10,error.min_instances=5",error_divergence_ph_meta,"{""divergence"": {""alpha"": 0.1, ""delta"": 0.005, ""min_instances"": 30, ""threshold"": 0.05}, ""error_rate"": {""alpha"": 0.15, ""delta"": 0.005, ""min_instances"": 5, ""threshold"": 0.1}}","{""error_rate"": {""min_instances"": 5, ""threshold"": 0.1}}",0.1,0.005,0.15,5,0.05,0.005,0.1,30,,,,-1,two_stage,2,0.5,"__confirm_cooldown=200,__confirm_rule=perm_test,__perm_alpha=0.01,__perm_delta_k=50,__perm_min_effect=0,__perm_n_perm=200,__perm_post_n=50,__perm_pre_n=200,__perm_rng_seed=0,__perm_stat=delta_fused_score,divergence=0.3,error_rate=0.5,teacher_entropy=0.2",3,0,200,0.0,0,10000,10.0,25.0,200,500,0,0,1.0,0.8055449695121951,0.5151142023724311,0.0,0.3689664900302887,0.007213716860860586,0,0,31,26,-1,perm_test,1.0,-0.05013046729611,51,26,25,0.0,0.16666666666666666,0,0.0,0.0,0.0,0.0,0,none,0,1,0,overconfident,0.95,0,mild_drift,0.9607645228693915,0.001292179749617517,0.8031281001505921,0.8564076450785716,1768132909.046961,0.11501005291938782,0.07760889828205109
165,10560,10559,sea_abrupt4,sea,ts_drift_adapt,4,"error_divergence_ph_meta@error.threshold=0.10,error.min_instances=5",error_divergence_ph_meta,"{""divergence"": {""alpha"": 0.1, ""delta"": 0.005, ""min_instances"": 30, ""threshold"": 0.05}, ""error_rate"": {""alpha"": 0.15, ""delta"": 0.005, ""min_instances"": 5, ""threshold"": 0.1}}","{""error_rate"": {""min_instances"": 5, ""threshold"": 0.1}}",0.1,0.005,0.15,5,0.05,0.005,0.1,30,,,,-1,two_stage,2,0.5,"__confirm_cooldown=200,__confirm_rule=perm_test,__perm_alpha=0.01,__perm_delta_k=50,__perm_min_effect=0,__perm_n_perm=200,__perm_post_n=50,__perm_pre_n=200,__perm_rng_seed=0,__perm_stat=delta_fused_score,divergence=0.3,error_rate=0.5,teacher_entropy=0.2",3,0,200,0.0,0,10000,10.0,25.0,200,500,0,0,1.0,0.8054924242424243,0.515585425397497,0.16666666666666666,0.3364318311214447,0.00953934621065855,0,0,31,26,-1,perm_test,1.0,-0.018176251714761157,52,26,26,0.0,0.16666666666666666,0,0.0,0.0,0.0,0.0,0,none,0,1,0,overconfident,0.95,0,mild_drift,0.9605322614346957,0.0012960898748087587,0.8015640500752961,0.8557038225392858,1768132909.057333,0.4851192235946655,0.09598661959171295
166,10624,10623,sea_abrupt4,sea,ts_drift_adapt,4,"error_divergence_ph_meta@error.threshold=0.10,error.min_instances=5",error_divergence_ph_meta,"{""divergence"": {""alpha"": 0.1, ""delta"": 0.005, ""min_instances"": 30, ""threshold"": 0.05}, ""error_rate"": {""alpha"": 0.15, ""delta"": 0.005, ""min_instances"": 5, ""threshold"": 0.1}}","{""error_rate"": {""min_instances"": 5, ""threshold"": 0.1}}",0.1,0.005,0.15,5,0.05,0.005,0.1,30,,,,-1,two_stage,2,0.5,"__confirm_cooldown=200,__confirm_rule=perm_test,__perm_alpha=0.01,__perm_delta_k=50,__perm_min_effect=0,__perm_n_perm=200,__perm_post_n=50,__perm_pre_n=200,__perm_rng_seed=0,__perm_stat=delta_fused_score,divergence=0.3,error_rate=0.5,teacher_entropy=0.2",3,0,200,0.0,0,10000,10.0,25.0,200,500,0,0,1.0,0.805628765060241,0.515775070746948,0.3333333333333333,0.3023967742919922,0.005697066430002451,0,0,31,26,-1,perm_test,1.0,-0.014044369545438147,53,26,27,0.0,0.16666666666666666,0,0.0,0.0,0.0,0.0,0,none,0,1,0,overconfident,0.95,0,mild_drift,0.9604161307173478,0.0012980449374043793,0.8007820250376481,0.8553519112696428,1768132909.0676773,0.4691629409790039,0.08285291492938995
167,10688,10687,sea_abrupt4,sea,ts_drift_adapt,4,"error_divergence_ph_meta@error.threshold=0.10,error.min_instances=5",error_divergence_ph_meta,"{""divergence"": {""alpha"": 0.1, ""delta"": 0.005, ""min_instances"": 30, ""threshold"": 0.05}, ""error_rate"": {""alpha"": 0.15, ""delta"": 0.005, ""min_instances"": 5, ""threshold"": 0.1}}","{""error_rate"": {""min_instances"": 5, ""threshold"": 0.1}}",0.1,0.005,0.15,5,0.05,0.005,0.1,30,,,,-1,two_stage,2,0.5,"__confirm_cooldown=200,__confirm_rule=perm_test,__perm_alpha=0.01,__perm_delta_k=50,__perm_min_effect=0,__perm_n_perm=200,__perm_post_n=50,__perm_pre_n=200,__perm_rng_seed=0,__perm_stat=delta_fused_score,divergence=0.3,error_rate=0.5,teacher_entropy=0.2",3,0,200,0.0,0,10000,10.0,25.0,200,500,0,0,1.0,0.8058570359281437,0.516089601800324,0.3333333333333333,0.2826923131942749,0.008066495880484581,0,0,31,26,-1,perm_test,1.0,-0.014044369545438147,53,26,27,0.0,0.00236942945048213,0,0.0,0.0,0.0,0.0,0,none,0,1,0,overconfident,0.95,0,mild_drift,0.9603580653586739,0.0012990224687021898,0.800391012518824,0.8551759556348214,1768132909.078411,0.9322683811187744,0.09686906635761261
168,10752,10751,sea_abrupt4,sea,ts_drift_adapt,4,"error_divergence_ph_meta@error.threshold=0.10,error.min_instances=5",error_divergence_ph_meta,"{""divergence"": {""alpha"": 0.1, ""delta"": 0.005, ""min_instances"": 30, ""threshold"": 0.05}, ""error_rate"": {""alpha"": 0.15, ""delta"": 0.005, ""min_instances"": 5, ""threshold"": 0.1}}","{""error_rate"": {""min_instances"": 5, ""threshold"": 0.1}}",0.1,0.005,0.15,5,0.05,0.005,0.1,30,,,,-1,two_stage,2,0.5,"__confirm_cooldown=200,__confirm_rule=perm_test,__perm_alpha=0.01,__perm_delta_k=50,__perm_min_effect=0,__perm_n_perm=200,__perm_post_n=50,__perm_pre_n=200,__perm_rng_seed=0,__perm_stat=delta_fused_score,divergence=0.3,error_rate=0.5,teacher_entropy=0.2",3,0,200,0.0,0,10000,10.0,25.0,200,500,0,0,1.0,0.8062686011904762,0.5168643482281141,0.0,0.29706236720085144,0.0069776070304214954,0,1,32,26,-1,perm_test,1.0,-0.17905788318421922,54,26,28,0.16666666666666666,0.3333333333333333,1,0.5,0.0,0.0,0.0,0,none,0,1,0,overconfident,0.95,0,mild_drift,0.9603290326793369,0.0012995112343510951,0.800195506259412,0.8550879778174107,1768132909.0892644,0.14923875033855438,0.10068155080080032
169,10816,10815,sea_abrupt4,sea,ts_drift_adapt,4,"error_divergence_ph_meta@error.threshold=0.10,error.min_instances=5",error_divergence_ph_meta,"{""divergence"": {""alpha"": 0.1, ""delta"": 0.005, ""min_instances"": 30, ""threshold"": 0.05}, ""error_rate"": {""alpha"": 0.15, ""delta"": 0.005, ""min_instances"": 5, ""threshold"": 0.1}}","{""error_rate"": {""min_instances"": 5, ""threshold"": 0.1}}",0.1,0.005,0.15,5,0.05,0.005,0.1,30,,,,-1,two_stage,2,0.5,"__confirm_cooldown=200,__confirm_rule=perm_test,__perm_alpha=0.01,__perm_delta_k=50,__perm_min_effect=0,__perm_n_perm=200,__perm_post_n=50,__perm_pre_n=200,__perm_rng_seed=0,__perm_stat=delta_fused_score,divergence=0.3,error_rate=0.5,teacher_entropy=0.2",3,0,200,0.0,0,10000,10.0,25.0,200,500,0,0,1.0,0.8065828402366864,0.5182273719396348,0.3333333333333333,0.30303069949150085,0.015355648472905159,1,0,32,27,1,perm_test,0.004975124378109453,0.04306123012155641,55,27,28,0.0,0.3333333333333333,0,0.0,0.0,0.0,0.0,0,none,1,1,0,overconfident,0.95,0,stable,0.9751645163396685,0.0010497556171755475,0.9000977531297061,0.9000439889087054,1768132909.1057582,0.4660150110721588,0.15728342533111572
170,10880,10879,sea_abrupt4,sea,ts_drift_adapt,4,"error_divergence_ph_meta@error.threshold=0.10,error.min_instances=5",error_divergence_ph_meta,"{""divergence"": {""alpha"": 0.1, ""delta"": 0.005, ""min_instances"": 30, ""threshold"": 0.05}, ""error_rate"": {""alpha"": 0.15, ""delta"": 0.005, ""min_instances"": 5, ""threshold"": 0.1}}","{""error_rate"": {""min_instances"": 5, ""threshold"": 0.1}}",0.1,0.005,0.15,5,0.05,0.005,0.1,30,,,,-1,two_stage,2,0.5,"__confirm_cooldown=200,__confirm_rule=perm_test,__perm_alpha=0.01,__perm_delta_k=50,__perm_min_effect=0,__perm_n_perm=200,__perm_post_n=50,__perm_pre_n=200,__perm_rng_seed=0,__perm_stat=delta_fused_score,divergence=0.3,error_rate=0.5,teacher_entropy=0.2",3,0,200,0.0,0,10000,10.0,25.0,200,500,1,136,1.0,0.80625,0.5179937748484442,0.5,0.30984726548194885,0.01277143880724907,0,0,32,27,-1,perm_test,0.004975124378109453,0.04306123012155641,55,27,28,0.0,0.16666666666666669,0,0.0,0.0,0.0,0.0,0,none,0,1,0,overconfident,0.95,0,mild_drift,0.9677322581698342,0.001174877808587774,0.8500488765648531,0.8775219944543526,1768132909.1163461,0.5662446618080139,0.1410180777311325
171,10944,10943,sea_abrupt4,sea,ts_drift_adapt,4,"error_divergence_ph_meta@error.threshold=0.10,error.min_instances=5",error_divergence_ph_meta,"{""divergence"": {""alpha"": 0.1, ""delta"": 0.005, ""min_instances"": 30, ""threshold"": 0.05}, ""error_rate"": {""alpha"": 0.15, ""delta"": 0.005, ""min_instances"": 5, ""threshold"": 0.1}}","{""error_rate"": {""min_instances"": 5, ""threshold"": 0.1}}",0.1,0.005,0.15,5,0.05,0.005,0.1,30,,,,-1,two_stage,2,0.5,"__confirm_cooldown=200,__confirm_rule=perm_test,__perm_alpha=0.01,__perm_delta_k=50,__perm_min_effect=0,__perm_n_perm=200,__perm_post_n=50,__perm_pre_n=200,__perm_rng_seed=0,__perm_stat=delta_fused_score,divergence=0.3,error_rate=0.5,teacher_entropy=0.2",3,0,200,0.0,0,10000,10.0,25.0,200,500,1,72,1.0,0.8070175438596491,0.5197887228344708,0.0,0.3173108994960785,0.019713513553142548,0,0,32,27,-1,perm_test,0.004975124378109453,0.04306123012155641,55,27,28,0.0,0.5,0,0.0,0.0,0.0,0.0,0,none,0,1,0,overconfident,0.95,0,mild_drift,0.9640161290849171,0.0012374389042938872,0.8250244382824266,0.8662609972271763,1768132909.1267126,0.20182974636554718,0.23876136541366577
172,11008,11007,sea_abrupt4,sea,ts_drift_adapt,4,"error_divergence_ph_meta@error.threshold=0.10,error.min_instances=5",error_divergence_ph_meta,"{""divergence"": {""alpha"": 0.1, ""delta"": 0.005, ""min_instances"": 30, ""threshold"": 0.05}, ""error_rate"": {""alpha"": 0.15, ""delta"": 0.005, ""min_instances"": 5, ""threshold"": 0.1}}","{""error_rate"": {""min_instances"": 5, ""threshold"": 0.1}}",0.1,0.005,0.15,5,0.05,0.005,0.1,30,,,,-1,two_stage,2,0.5,"__confirm_cooldown=200,__confirm_rule=perm_test,__perm_alpha=0.01,__perm_delta_k=50,__perm_min_effect=0,__perm_n_perm=200,__perm_post_n=50,__perm_pre_n=200,__perm_rng_seed=0,__perm_stat=delta_fused_score,divergence=0.3,error_rate=0.5,teacher_entropy=0.2",3,0,200,0.0,0,10000,10.0,25.0,200,500,1,8,1.0,0.8073219476744186,0.5213538234960079,0.16666666666666666,0.31111204624176025,0.020380493253469467,0,0,32,27,-1,perm_test,0.004975124378109453,0.04306123012155641,55,27,28,0.0,0.16666666666666666,0,0.0,0.0,0.0,0.0,0,none,0,1,0,overconfident,0.95,0,mild_drift,0.9621580645424586,0.0012687194521469438,0.8125122191412133,0.8606304986135882,1768132909.137109,0.3027481436729431,0.2003384232521057
173,11072,11071,sea_abrupt4,sea,ts_drift_adapt,4,"error_divergence_ph_meta@error.threshold=0.10,error.min_instances=5",error_divergence_ph_meta,"{""divergence"": {""alpha"": 0.1, ""delta"": 0.005, ""min_instances"": 30, ""threshold"": 0.05}, ""error_rate"": {""alpha"": 0.15, ""delta"": 0.005, ""min_instances"": 5, ""threshold"": 0.1}}","{""error_rate"": {""min_instances"": 5, ""threshold"": 0.1}}",0.1,0.005,0.15,5,0.05,0.005,0.1,30,,,,-1,two_stage,2,0.5,"__confirm_cooldown=200,__confirm_rule=perm_test,__perm_alpha=0.01,__perm_delta_k=50,__perm_min_effect=0,__perm_n_perm=200,__perm_post_n=50,__perm_pre_n=200,__perm_rng_seed=0,__perm_stat=delta_fused_score,divergence=0.3,error_rate=0.5,teacher_entropy=0.2",3,0,200,0.0,0,10000,10.0,25.0,200,500,0,0,1.0,0.8077131502890174,0.5230236804963019,0.0,0.3033330738544464,0.014836212620139122,0,1,33,27,-1,perm_test,1.0,-0.042478002656265064,56,27,29,0.0,0.16666666666666666,1,0.5,0.0,0.0,0.0,0,none,0,1,0,overconfident,0.95,0,mild_drift,0.9612290322712292,0.0012843597260734719,0.8062561095706067,0.8578152493067941,1768132909.1480167,0.12924955785274506,0.14635908603668213
174,11136,11135,sea_abrupt4,sea,ts_drift_adapt,4,"error_divergence_ph_meta@error.threshold=0.10,error.min_instances=5",error_divergence_ph_meta,"{""divergence"": {""alpha"": 0.1, ""delta"": 0.005, ""min_instances"": 30, ""threshold"": 0.05}, ""error_rate"": {""alpha"": 0.15, ""delta"": 0.005, ""min_instances"": 5, ""threshold"": 0.1}}","{""error_rate"": {""min_instances"": 5, ""threshold"": 0.1}}",0.1,0.005,0.15,5,0.05,0.005,0.1,30,,,,-1,two_stage,2,0.5,"__confirm_cooldown=200,__confirm_rule=perm_test,__perm_alpha=0.01,__perm_delta_k=50,__perm_min_effect=0,__perm_n_perm=200,__perm_post_n=50,__perm_pre_n=200,__perm_rng_seed=0,__perm_stat=delta_fused_score,divergence=0.3,error_rate=0.5,teacher_entropy=0.2",3,0,200,0.0,0,10000,10.0,25.0,200,500,0,0,1.0,0.8077406609195402,0.5241779367396424,0.16666666666666666,0.3800274729728699,0.01799626834690571,1,0,33,28,1,perm_test,0.004975124378109453,0.11639036495028678,57,28,29,0.0,0.16666666666666666,0,0.0,0.0,0.0,0.0,0,none,1,1,0,overconfident,0.95,0,stable,0.9756145161356147,0.001042179863036736,0.9031280547853033,0.9014076246533971,1768132909.164358,0.18508757650852203,0.19769486784934998
175,11200,11199,sea_abrupt4,sea,ts_drift_adapt,4,"error_divergence_ph_meta@error.threshold=0.10,error.min_instances=5",error_divergence_ph_meta,"{""divergence"": {""alpha"": 0.1, ""delta"": 0.005, ""min_instances"": 30, ""threshold"": 0.05}, ""error_rate"": {""alpha"": 0.15, ""delta"": 0.005, ""min_instances"": 5, ""threshold"": 0.1}}","{""error_rate"": {""min_instances"": 5, ""threshold"": 0.1}}",0.1,0.005,0.15,5,0.05,0.005,0.1,30,,,,-1,two_stage,2,0.5,"__confirm_cooldown=200,__confirm_rule=perm_test,__perm_alpha=0.01,__perm_delta_k=50,__perm_min_effect=0,__perm_n_perm=200,__perm_post_n=50,__perm_pre_n=200,__perm_rng_seed=0,__perm_stat=delta_fused_score,divergence=0.3,error_rate=0.5,teacher_entropy=0.2",3,0,200,0.0,0,10000,10.0,25.0,200,500,1,136,1.0,0.8078571428571428,0.5248908737668104,0.16666666666666666,0.3641883134841919,0.01694055274128914,0,0,33,28,-1,perm_test,0.004975124378109453,0.11639036495028678,57,28,29,0.0,0.0010557156056165695,0,0.0,0.0,0.0,0.0,0,none,0,1,0,overconfident,0.95,0,mild_drift,0.9679572580678073,0.001171089931518368,0.8515640273926517,0.8782038123266985,1768132909.1749883,0.3117867410182953,0.18409991264343262
176,11264,11263,sea_abrupt4,sea,ts_drift_adapt,4,"error_divergence_ph_meta@error.threshold=0.10,error.min_instances=5",error_divergence_ph_meta,"{""divergence"": {""alpha"": 0.1, ""delta"": 0.005, ""min_instances"": 30, ""threshold"": 0.05}, ""error_rate"": {""alpha"": 0.15, ""delta"": 0.005, ""min_instances"": 5, ""threshold"": 0.1}}","{""error_rate"": {""min_instances"": 5, ""threshold"": 0.1}}",0.1,0.005,0.15,5,0.05,0.005,0.1,30,,,,-1,two_stage,2,0.5,"__confirm_cooldown=200,__confirm_rule=perm_test,__perm_alpha=0.01,__perm_delta_k=50,__perm_min_effect=0,__perm_n_perm=200,__perm_post_n=50,__perm_pre_n=200,__perm_rng_seed=0,__perm_stat=delta_fused_score,divergence=0.3,error_rate=0.5,teacher_entropy=0.2",3,0,200,0.0,0,10000,10.0,25.0,200,500,1,72,1.0,0.8078835227272727,0.5263237036710855,0.16666666666666666,0.3671276867389679,0.010998987592756748,0,0,33,28,-1,perm_test,0.004975124378109453,0.11639036495028678,57,28,29,0.0,0.005941565148532391,0,0.0,0.0,0.0,0.0,0,none,0,1,0,overconfident,0.95,0,mild_drift,0.9641286290339036,0.001235544965759184,0.8257820136963259,0.8666019061633492,1768132909.1862183,0.4351194202899933,0.12647397816181183
177,11328,11327,sea_abrupt4,sea,ts_drift_adapt,4,"error_divergence_ph_meta@error.threshold=0.10,error.min_instances=5",error_divergence_ph_meta,"{""divergence"": {""alpha"": 0.1, ""delta"": 0.005, ""min_instances"": 30, ""threshold"": 0.05}, ""error_rate"": {""alpha"": 0.15, ""delta"": 0.005, ""min_instances"": 5, ""threshold"": 0.1}}","{""error_rate"": {""min_instances"": 5, ""threshold"": 0.1}}",0.1,0.005,0.15,5,0.05,0.005,0.1,30,,,,-1,two_stage,2,0.5,"__confirm_cooldown=200,__confirm_rule=perm_test,__perm_alpha=0.01,__perm_delta_k=50,__perm_min_effect=0,__perm_n_perm=200,__perm_post_n=50,__perm_pre_n=200,__perm_rng_seed=0,__perm_stat=delta_fused_score,divergence=0.3,error_rate=0.5,teacher_entropy=0.2",3,0,200,0.0,0,10000,10.0,25.0,200,500,1,8,1.0,0.8075564971751412,0.5258728073260798,0.5,0.3504042327404022,0.010768510401248932,0,0,33,28,-1,perm_test,0.004975124378109453,0.11639036495028678,57,28,29,0.0,0.33333333333333337,0,0.0,0.0,0.0,0.0,0,none,0,1,0,overconfident,0.95,0,mild_drift,0.9622143145169517,0.0012677724828795921,0.812891006848163,0.8608009530816746,1768132909.1994035,1.105617642402649,0.13081860542297363
178,11392,11391,sea_abrupt4,sea,ts_drift_adapt,4,"error_divergence_ph_meta@error.threshold=0.10,error.min_instances=5",error_divergence_ph_meta,"{""divergence"": {""alpha"": 0.1, ""delta"": 0.005, ""min_instances"": 30, ""threshold"": 0.05}, ""error_rate"": {""alpha"": 0.15, ""delta"": 0.005, ""min_instances"": 5, ""threshold"": 0.1}}","{""error_rate"": {""min_instances"": 5, ""threshold"": 0.1}}",0.1,0.005,0.15,5,0.05,0.005,0.1,30,,,,-1,two_stage,2,0.5,"__confirm_cooldown=200,__confirm_rule=perm_test,__perm_alpha=0.01,__perm_delta_k=50,__perm_min_effect=0,__perm_n_perm=200,__perm_post_n=50,__perm_pre_n=200,__perm_rng_seed=0,__perm_stat=delta_fused_score,divergence=0.3,error_rate=0.5,teacher_entropy=0.2",3,0,200,0.0,0,10000,10.0,25.0,200,500,0,0,1.0,0.8075842696629213,0.5265642949642184,0.0,0.3363843858242035,0.012591141276061535,0,1,34,28,-1,perm_test,1.0,-0.25076033484903937,58,28,30,0.0,0.5,1,0.5,0.0,0.0,0.0,0,none,0,1,0,overconfident,0.95,0,mild_drift,0.9612571572584758,0.0012838862414397962,0.8064455034240815,0.8579004765408373,1768132909.2130702,0.18571478128433228,0.12926550209522247
179,11456,11455,sea_abrupt4,sea,ts_drift_adapt,4,"error_divergence_ph_meta@error.threshold=0.10,error.min_instances=5",error_divergence_ph_meta,"{""divergence"": {""alpha"": 0.1, ""delta"": 0.005, ""min_instances"": 30, ""threshold"": 0.05}, ""error_rate"": {""alpha"": 0.15, ""delta"": 0.005, ""min_instances"": 5, ""threshold"": 0.1}}","{""error_rate"": {""min_instances"": 5, ""threshold"": 0.1}}",0.1,0.005,0.15,5,0.05,0.005,0.1,30,,,,-1,two_stage,2,0.5,"__confirm_cooldown=200,__confirm_rule=perm_test,__perm_alpha=0.01,__perm_delta_k=50,__perm_min_effect=0,__perm_n_perm=200,__perm_post_n=50,__perm_pre_n=200,__perm_rng_seed=0,__perm_stat=delta_fused_score,divergence=0.3,error_rate=0.5,teacher_entropy=0.2",3,0,200,0.0,0,10000,10.0,25.0,200,500,0,0,1.0,0.8079608938547486,0.5277051935338307,0.0,0.36842218041419983,0.012703604064881802,1,0,34,29,1,perm_test,0.004975124378109453,0.03586115111202984,59,29,30,0.0,0.00011246278882026672,0,0.0,0.0,0.0,0.0,0,none,1,1,0,overconfident,0.95,0,stable,0.9756285786292379,0.001041943120719898,0.9032227517120408,0.9014502382704187,1768132909.232304,0.12614835798740387,0.14954884350299835
180,11520,11519,sea_abrupt4,sea,ts_drift_adapt,4,"error_divergence_ph_meta@error.threshold=0.10,error.min_instances=5",error_divergence_ph_meta,"{""divergence"": {""alpha"": 0.1, ""delta"": 0.005, ""min_instances"": 30, ""threshold"": 0.05}, ""error_rate"": {""alpha"": 0.15, ""delta"": 0.005, ""min_instances"": 5, ""threshold"": 0.1}}","{""error_rate"": {""min_instances"": 5, ""threshold"": 0.1}}",0.1,0.005,0.15,5,0.05,0.005,0.1,30,,,,-1,two_stage,2,0.5,"__confirm_cooldown=200,__confirm_rule=perm_test,__perm_alpha=0.01,__perm_delta_k=50,__perm_min_effect=0,__perm_n_perm=200,__perm_post_n=50,__perm_pre_n=200,__perm_rng_seed=0,__perm_stat=delta_fused_score,divergence=0.3,error_rate=0.5,teacher_entropy=0.2",3,0,200,0.0,0,10000,10.0,25.0,200,500,1,136,1.0,0.8076388888888889,0.5271948455846021,0.0,0.31967663764953613,0.007174038328230381,0,0,34,29,-1,perm_test,0.004975124378109453,0.03586115111202984,59,29,30,0.0,0.005529565736651421,0,0.0,0.0,0.0,0.0,0,none,0,1,0,overconfident,0.95,0,mild_drift,0.967964289314619,0.0011709715603599492,0.8516113758560204,0.8782251191352093,1768132909.242861,0.07554198801517487,0.0791001170873642
181,11584,11583,sea_abrupt4,sea,ts_drift_adapt,4,"error_divergence_ph_meta@error.threshold=0.10,error.min_instances=5",error_divergence_ph_meta,"{""divergence"": {""alpha"": 0.1, ""delta"": 0.005, ""min_instances"": 30, ""threshold"": 0.05}, ""error_rate"": {""alpha"": 0.15, ""delta"": 0.005, ""min_instances"": 5, ""threshold"": 0.1}}","{""error_rate"": {""min_instances"": 5, ""threshold"": 0.1}}",0.1,0.005,0.15,5,0.05,0.005,0.1,30,,,,-1,two_stage,2,0.5,"__confirm_cooldown=200,__confirm_rule=perm_test,__perm_alpha=0.01,__perm_delta_k=50,__perm_min_effect=0,__perm_n_perm=200,__perm_post_n=50,__perm_pre_n=200,__perm_rng_seed=0,__perm_stat=delta_fused_score,divergence=0.3,error_rate=0.5,teacher_entropy=0.2",3,0,200,0.0,0,10000,10.0,25.0,200,500,1,72,1.0,0.8076657458563536,0.5274889454228324,0.3333333333333333,0.33475929498672485,0.0047034649178385735,0,0,34,29,-1,perm_test,0.004975124378109453,0.03586115111202984,59,29,30,0.0,0.3333333333333333,0,0.0,0.0,0.0,0.0,0,none,0,1,0,overconfident,0.95,0,mild_drift,0.9641321446573095,0.0012354857801799746,0.8258056879280102,0.8666125595676046,1768132909.2533123,0.8469460606575012,0.059067919850349426
182,11648,11647,sea_abrupt4,sea,ts_drift_adapt,4,"error_divergence_ph_meta@error.threshold=0.10,error.min_instances=5",error_divergence_ph_meta,"{""divergence"": {""alpha"": 0.1, ""delta"": 0.005, ""min_instances"": 30, ""threshold"": 0.05}, ""error_rate"": {""alpha"": 0.15, ""delta"": 0.005, ""min_instances"": 5, ""threshold"": 0.1}}","{""error_rate"": {""min_instances"": 5, ""threshold"": 0.1}}",0.1,0.005,0.15,5,0.05,0.005,0.1,30,,,,-1,two_stage,2,0.5,"__confirm_cooldown=200,__confirm_rule=perm_test,__perm_alpha=0.01,__perm_delta_k=50,__perm_min_effect=0,__perm_n_perm=200,__perm_post_n=50,__perm_pre_n=200,__perm_rng_seed=0,__perm_stat=delta_fused_score,divergence=0.3,error_rate=0.5,teacher_entropy=0.2",3,0,200,0.0,0,10000,10.0,25.0,200,500,1,8,1.0,0.8079498626373627,0.5281825048812188,0.0,0.32852432131767273,0.008606062270700932,0,0,34,29,-1,perm_test,0.004975124378109453,0.03586115111202984,59,29,30,0.0,0.3333333333333333,0,0.0,0.0,0.0,0.0,0,none,0,1,0,overconfident,0.95,0,mild_drift,0.9622160723286547,0.0012677428900899875,0.8129028439640051,0.8608062797838023,1768132909.2638073,0.14881660044193268,0.08670195937156677
183,11712,11711,sea_abrupt4,sea,ts_drift_adapt,4,"error_divergence_ph_meta@error.threshold=0.10,error.min_instances=5",error_divergence_ph_meta,"{""divergence"": {""alpha"": 0.1, ""delta"": 0.005, ""min_instances"": 30, ""threshold"": 0.05}, ""error_rate"": {""alpha"": 0.15, ""delta"": 0.005, ""min_instances"": 5, ""threshold"": 0.1}}","{""error_rate"": {""min_instances"": 5, ""threshold"": 0.1}}",0.1,0.005,0.15,5,0.05,0.005,0.1,30,,,,-1,two_stage,2,0.5,"__confirm_cooldown=200,__confirm_rule=perm_test,__perm_alpha=0.01,__perm_delta_k=50,__perm_min_effect=0,__perm_n_perm=200,__perm_post_n=50,__perm_pre_n=200,__perm_rng_seed=0,__perm_stat=delta_fused_score,divergence=0.3,error_rate=0.5,teacher_entropy=0.2",3,0,200,0.0,0,10000,10.0,25.0,200,500,0,0,1.0,0.808316256830601,0.5290930820878409,0.16666666666666666,0.3090839982032776,0.006470600143074989,0,1,35,29,-1,perm_test,1.0,-0.005944306110268464,60,29,31,0.16666666666666666,0.16666666666666666,1,0.5,0.0,0.0,0.0,0,none,0,1,0,overconfident,0.95,0,mild_drift,0.9612580361643273,0.0012838714450449937,0.8064514219820026,0.8579031398919011,1768132909.2745974,0.39252808690071106,0.07927395403385162
184,11776,11775,sea_abrupt4,sea,ts_drift_adapt,4,"error_divergence_ph_meta@error.threshold=0.10,error.min_instances=5",error_divergence_ph_meta,"{""divergence"": {""alpha"": 0.1, ""delta"": 0.005, ""min_instances"": 30, ""threshold"": 0.05}, ""error_rate"": {""alpha"": 0.15, ""delta"": 0.005, ""min_instances"": 5, ""threshold"": 0.1}}","{""error_rate"": {""min_instances"": 5, ""threshold"": 0.1}}",0.1,0.005,0.15,5,0.05,0.005,0.1,30,,,,-1,two_stage,2,0.5,"__confirm_cooldown=200,__confirm_rule=perm_test,__perm_alpha=0.01,__perm_delta_k=50,__perm_min_effect=0,__perm_n_perm=200,__perm_post_n=50,__perm_pre_n=200,__perm_rng_seed=0,__perm_stat=delta_fused_score,divergence=0.3,error_rate=0.5,teacher_entropy=0.2",3,0,200,0.0,0,10000,10.0,25.0,200,500,0,0,1.0,0.8084239130434783,0.5295751055720654,0.0,0.3197792172431946,0.008788470178842545,0,0,35,29,-1,perm_test,1.0,-0.08938199897208884,61,29,32,0.0,0.16666666666666666,0,0.0,0.0,0.0,0.0,0,none,0,1,0,overconfident,0.95,0,mild_drift,0.9607790180821636,0.0012919357225224968,0.8032257109910013,0.8564515699459505,1768132909.2853076,0.223038911819458,0.0986824482679367
185,11840,11839,sea_abrupt4,sea,ts_drift_adapt,4,"error_divergence_ph_meta@error.threshold=0.10,error.min_instances=5",error_divergence_ph_meta,"{""divergence"": {""alpha"": 0.1, ""delta"": 0.005, ""min_instances"": 30, ""threshold"": 0.05}, ""error_rate"": {""alpha"": 0.15, ""delta"": 0.005, ""min_instances"": 5, ""threshold"": 0.1}}","{""error_rate"": {""min_instances"": 5, ""threshold"": 0.1}}",0.1,0.005,0.15,5,0.05,0.005,0.1,30,,,,-1,two_stage,2,0.5,"__confirm_cooldown=200,__confirm_rule=perm_test,__perm_alpha=0.01,__perm_delta_k=50,__perm_min_effect=0,__perm_n_perm=200,__perm_post_n=50,__perm_pre_n=200,__perm_rng_seed=0,__perm_stat=delta_fused_score,divergence=0.3,error_rate=0.5,teacher_entropy=0.2",3,0,200,0.0,0,10000,10.0,25.0,200,500,0,0,1.0,0.8081081081081081,0.5290673195882967,0.3333333333333333,0.31634771823883057,0.0058686095289886,1,0,35,30,2,perm_test,0.004975124378109453,0.02290115766345123,62,30,32,0.0,0.3333333333333333,0,0.0,0.0,0.0,0.0,0,none,1,1,0,overconfident,0.95,0,stable,0.9753895090410818,0.0010459678612612484,0.9016128554955006,0.9007257849729753,1768132909.3019142,0.8830094933509827,0.09721682220697403
186,11904,11903,sea_abrupt4,sea,ts_drift_adapt,4,"error_divergence_ph_meta@error.threshold=0.10,error.min_instances=5",error_divergence_ph_meta,"{""divergence"": {""alpha"": 0.1, ""delta"": 0.005, ""min_instances"": 30, ""threshold"": 0.05}, ""error_rate"": {""alpha"": 0.15, ""delta"": 0.005, ""min_instances"": 5, ""threshold"": 0.1}}","{""error_rate"": {""min_instances"": 5, ""threshold"": 0.1}}",0.1,0.005,0.15,5,0.05,0.005,0.1,30,,,,-1,two_stage,2,0.5,"__confirm_cooldown=200,__confirm_rule=perm_test,__perm_alpha=0.01,__perm_delta_k=50,__perm_min_effect=0,__perm_n_perm=200,__perm_post_n=50,__perm_pre_n=200,__perm_rng_seed=0,__perm_stat=delta_fused_score,divergence=0.3,error_rate=0.5,teacher_entropy=0.2",3,0,200,0.0,0,10000,10.0,25.0,200,500,1,136,1.0,0.8078797043010753,0.5287092433858172,0.3333333333333333,0.31462007761001587,0.004910776857286692,0,0,35,30,-1,perm_test,0.004975124378109453,0.02290115766345123,62,30,32,0.0,0.0009578326717019081,0,0.0,0.0,0.0,0.0,0,none,0,1,0,overconfident,0.95,0,mild_drift,0.9678447545205409,0.0011729839306306243,0.8508064277477503,0.8778628924864876,1768132909.312476,0.5216708779335022,0.06279316544532776
187,11968,11967,sea_abrupt4,sea,ts_drift_adapt,4,"error_divergence_ph_meta@error.threshold=0.10,error.min_instances=5",error_divergence_ph_meta,"{""divergence"": {""alpha"": 0.1, ""delta"": 0.005, ""min_instances"": 30, ""threshold"": 0.05}, ""error_rate"": {""alpha"": 0.15, ""delta"": 0.005, ""min_instances"": 5, ""threshold"": 0.1}}","{""error_rate"": {""min_instances"": 5, ""threshold"": 0.1}}",0.1,0.005,0.15,5,0.05,0.005,0.1,30,,,,-1,two_stage,2,0.5,"__confirm_cooldown=200,__confirm_rule=perm_test,__perm_alpha=0.01,__perm_delta_k=50,__perm_min_effect=0,__perm_n_perm=200,__perm_post_n=50,__perm_pre_n=200,__perm_rng_seed=0,__perm_stat=delta_fused_score,divergence=0.3,error_rate=0.5,teacher_entropy=0.2",3,0,200,0.0,0,10000,10.0,25.0,200,500,1,72,1.0,0.8079879679144385,0.5297306702765524,0.3333333333333333,0.33550506830215454,0.010015832260251045,0,0,35,30,-1,perm_test,0.004975124378109453,0.02290115766345123,62,30,32,0.0,0.0051050554029643536,0,0.0,0.0,0.0,0.0,0,none,0,1,0,overconfident,0.95,0,mild_drift,0.9640723772602704,0.0012364919653153122,0.8254032138738752,0.8664314462432439,1768132909.3229494,0.5450253486633301,0.1066446304321289
188,12032,12031,sea_abrupt4,sea,ts_drift_adapt,4,"error_divergence_ph_meta@error.threshold=0.10,error.min_instances=5",error_divergence_ph_meta,"{""divergence"": {""alpha"": 0.1, ""delta"": 0.005, ""min_instances"": 30, ""threshold"": 0.05}, ""error_rate"": {""alpha"": 0.15, ""delta"": 0.005, ""min_instances"": 5, ""threshold"": 0.1}}","{""error_rate"": {""min_instances"": 5, ""threshold"": 0.1}}",0.1,0.005,0.15,5,0.05,0.005,0.1,30,,,,-1,two_stage,2,0.5,"__confirm_cooldown=200,__confirm_rule=perm_test,__perm_alpha=0.01,__perm_delta_k=50,__perm_min_effect=0,__perm_n_perm=200,__perm_post_n=50,__perm_pre_n=200,__perm_rng_seed=0,__perm_stat=delta_fused_score,divergence=0.3,error_rate=0.5,teacher_entropy=0.2",3,0,200,0.0,0,10000,10.0,25.0,200,500,1,8,1.0,0.8076795212765957,0.5294733517636421,0.3333333333333333,0.3201432526111603,0.01072436198592186,0,0,35,30,-1,perm_test,0.004975124378109453,0.02290115766345123,62,30,32,0.0,0.0007085297256708145,0,0.0,0.0,0.0,0.0,0,none,0,1,0,overconfident,0.95,0,mild_drift,0.9621861886301352,0.001268245982657656,0.8127016069369376,0.8607157231216219,1768132909.3336413,0.5878512263298035,0.12242606282234192
189,12096,12095,sea_abrupt4,sea,ts_drift_adapt,4,"error_divergence_ph_meta@error.threshold=0.10,error.min_instances=5",error_divergence_ph_meta,"{""divergence"": {""alpha"": 0.1, ""delta"": 0.005, ""min_instances"": 30, ""threshold"": 0.05}, ""error_rate"": {""alpha"": 0.15, ""delta"": 0.005, ""min_instances"": 5, ""threshold"": 0.1}}","{""error_rate"": {""min_instances"": 5, ""threshold"": 0.1}}",0.1,0.005,0.15,5,0.05,0.005,0.1,30,,,,-1,two_stage,2,0.5,"__confirm_cooldown=200,__confirm_rule=perm_test,__perm_alpha=0.01,__perm_delta_k=50,__perm_min_effect=0,__perm_n_perm=200,__perm_post_n=50,__perm_pre_n=200,__perm_rng_seed=0,__perm_stat=delta_fused_score,divergence=0.3,error_rate=0.5,teacher_entropy=0.2",3,0,200,0.0,0,10000,10.0,25.0,200,500,0,0,1.0,0.8082010582010583,0.531191362835946,0.16666666666666666,0.3021452724933624,0.013281391002237797,0,1,36,30,-1,perm_test,1.0,-0.14413507539984402,63,30,33,0.0,0.16666666666666666,1,0.5,0.0,0.0,0.0,0,none,0,1,0,overconfident,0.95,0,mild_drift,0.9612430943150676,0.001284122991328828,0.8063508034684688,0.857857861560811,1768132909.3446352,0.4712904691696167,0.1365581601858139
190,12160,12159,sea_abrupt4,sea,ts_drift_adapt,4,"error_divergence_ph_meta@error.threshold=0.10,error.min_instances=5",error_divergence_ph_meta,"{""divergence"": {""alpha"": 0.1, ""delta"": 0.005, ""min_instances"": 30, ""threshold"": 0.05}, ""error_rate"": {""alpha"": 0.15, ""delta"": 0.005, ""min_instances"": 5, ""threshold"": 0.1}}","{""error_rate"": {""min_instances"": 5, ""threshold"": 0.1}}",0.1,0.005,0.15,5,0.05,0.005,0.1,30,,,,-1,two_stage,2,0.5,"__confirm_cooldown=200,__confirm_rule=perm_test,__perm_alpha=0.01,__perm_delta_k=50,__perm_min_effect=0,__perm_n_perm=200,__perm_post_n=50,__perm_pre_n=200,__perm_rng_seed=0,__perm_stat=delta_fused_score,divergence=0.3,error_rate=0.5,teacher_entropy=0.2",3,0,200,0.0,0,10000,10.0,25.0,200,500,0,0,1.0,0.8085526315789474,0.5320111787719057,0.16666666666666666,0.3013741374015808,0.010882089845836163,0,0,36,30,-1,perm_test,1.0,-0.03390219302043134,64,30,34,0.0,0.002399301156401634,0,0.0,0.0,0.0,0.0,0,none,0,1,0,overconfident,0.95,0,mild_drift,0.9607715471575338,0.0012920614956644142,0.8031754017342344,0.8564289307804055,1768132909.3555892,0.3670137822628021,0.13448823988437653
191,12224,12223,sea_abrupt4,sea,ts_drift_adapt,4,"error_divergence_ph_meta@error.threshold=0.10,error.min_instances=5",error_divergence_ph_meta,"{""divergence"": {""alpha"": 0.1, ""delta"": 0.005, ""min_instances"": 30, ""threshold"": 0.05}, ""error_rate"": {""alpha"": 0.15, ""delta"": 0.005, ""min_instances"": 5, ""threshold"": 0.1}}","{""error_rate"": {""min_instances"": 5, ""threshold"": 0.1}}",0.1,0.005,0.15,5,0.05,0.005,0.1,30,,,,-1,two_stage,2,0.5,"__confirm_cooldown=200,__confirm_rule=perm_test,__perm_alpha=0.01,__perm_delta_k=50,__perm_min_effect=0,__perm_n_perm=200,__perm_post_n=50,__perm_pre_n=200,__perm_rng_seed=0,__perm_stat=delta_fused_score,divergence=0.3,error_rate=0.5,teacher_entropy=0.2",3,0,200,0.0,0,10000,10.0,25.0,200,500,0,0,1.0,0.8083278795811518,0.5319185350103325,0.3333333333333333,0.3781754970550537,0.009750723838806152,0,0,36,30,-1,perm_test,1.0,-0.02668060138804694,65,30,35,0.0,0.16666666666666666,0,0.0,0.0,0.0,0.0,0,none,0,1,0,overconfident,0.95,0,mild_drift,0.9605357735787668,0.0012960307478322073,0.8015877008671173,0.8557144653902027,1768132909.3665571,0.33256423473358154,0.12493269145488739
192,12288,12287,sea_abrupt4,sea,ts_drift_adapt,4,"error_divergence_ph_meta@error.threshold=0.10,error.min_instances=5",error_divergence_ph_meta,"{""divergence"": {""alpha"": 0.1, ""delta"": 0.005, ""min_instances"": 30, ""threshold"": 0.05}, ""error_rate"": {""alpha"": 0.15, ""delta"": 0.005, ""min_instances"": 5, ""threshold"": 0.1}}","{""error_rate"": {""min_instances"": 5, ""threshold"": 0.1}}",0.1,0.005,0.15,5,0.05,0.005,0.1,30,,,,-1,two_stage,2,0.5,"__confirm_cooldown=200,__confirm_rule=perm_test,__perm_alpha=0.01,__perm_delta_k=50,__perm_min_effect=0,__perm_n_perm=200,__perm_post_n=50,__perm_pre_n=200,__perm_rng_seed=0,__perm_stat=delta_fused_score,divergence=0.3,error_rate=0.5,teacher_entropy=0.2",3,0,200,0.0,0,10000,10.0,25.0,200,500,0,0,1.0,0.808349609375,0.5328749181190018,0.16666666666666666,0.2984735369682312,0.012932649813592434,0,0,36,30,-1,perm_test,1.0,-0.13054760337295887,66,30,36,0.0,0.16666666666666666,0,0.0,0.0,0.0,0.0,0,none,0,1,0,overconfident,0.95,0,mild_drift,0.9604178867893833,0.0012980153739161038,0.8007938504335587,0.8553572326951013,1768132909.3774889,0.47567132115364075,0.1604168713092804
193,12352,12351,sea_abrupt4,sea,ts_drift_adapt,4,"error_divergence_ph_meta@error.threshold=0.10,error.min_instances=5",error_divergence_ph_meta,"{""divergence"": {""alpha"": 0.1, ""delta"": 0.005, ""min_instances"": 30, ""threshold"": 0.05}, ""error_rate"": {""alpha"": 0.15, ""delta"": 0.005, ""min_instances"": 5, ""threshold"": 0.1}}","{""error_rate"": {""min_instances"": 5, ""threshold"": 0.1}}",0.1,0.005,0.15,5,0.05,0.005,0.1,30,,,,-1,two_stage,2,0.5,"__confirm_cooldown=200,__confirm_rule=perm_test,__perm_alpha=0.01,__perm_delta_k=50,__perm_min_effect=0,__perm_n_perm=200,__perm_post_n=50,__perm_pre_n=200,__perm_rng_seed=0,__perm_stat=delta_fused_score,divergence=0.3,error_rate=0.5,teacher_entropy=0.2",3,0,200,0.0,0,10000,10.0,25.0,200,500,0,0,1.0,0.8083711139896373,0.5333618407973476,0.0,0.3352917730808258,0.014629436656832695,0,0,36,30,-1,perm_test,1.0,-0.13054760337295887,66,30,36,0.0,0.16666666666666666,0,0.0,0.0,0.0,0.0,0,none,0,1,0,overconfident,0.95,0,mild_drift,0.9603589433946916,0.001299007686958052,0.8003969252167793,0.8551786163475507,1768132909.3893723,0.2461378127336502,0.154929518699646
194,12416,12415,sea_abrupt4,sea,ts_drift_adapt,4,"error_divergence_ph_meta@error.threshold=0.10,error.min_instances=5",error_divergence_ph_meta,"{""divergence"": {""alpha"": 0.1, ""delta"": 0.005, ""min_instances"": 30, ""threshold"": 0.05}, ""error_rate"": {""alpha"": 0.15, ""delta"": 0.005, ""min_instances"": 5, ""threshold"": 0.1}}","{""error_rate"": {""min_instances"": 5, ""threshold"": 0.1}}",0.1,0.005,0.15,5,0.05,0.005,0.1,30,,,,-1,two_stage,2,0.5,"__confirm_cooldown=200,__confirm_rule=perm_test,__perm_alpha=0.01,__perm_delta_k=50,__perm_min_effect=0,__perm_n_perm=200,__perm_post_n=50,__perm_pre_n=200,__perm_rng_seed=0,__perm_stat=delta_fused_score,divergence=0.3,error_rate=0.5,teacher_entropy=0.2",3,0,200,0.0,0,10000,10.0,25.0,200,500,0,0,1.0,0.8084729381443299,0.5346989676534263,0.0,0.37165167927742004,0.01869608275592327,0,1,37,30,-1,perm_test,0.05970149253731343,0.009296909156954889,67,30,37,0.16666666666666666,0.004066646099090576,1,0.5,0.0,0.0,0.0,0,none,0,1,0,overconfident,0.95,0,mild_drift,0.9603294716973458,0.0012995038434790262,0.8001984626083897,0.8550893081737754,1768132909.4091682,0.127688929438591,0.16827329993247986
195,12480,12479,sea_abrupt4,sea,ts_drift_adapt,4,"error_divergence_ph_meta@error.threshold=0.10,error.min_instances=5",error_divergence_ph_meta,"{""divergence"": {""alpha"": 0.1, ""delta"": 0.005, ""min_instances"": 30, ""threshold"": 0.05}, ""error_rate"": {""alpha"": 0.15, ""delta"": 0.005, ""min_instances"": 5, ""threshold"": 0.1}}","{""error_rate"": {""min_instances"": 5, ""threshold"": 0.1}}",0.1,0.005,0.15,5,0.05,0.005,0.1,30,,,,-1,two_stage,2,0.5,"__confirm_cooldown=200,__confirm_rule=perm_test,__perm_alpha=0.01,__perm_delta_k=50,__perm_min_effect=0,__perm_n_perm=200,__perm_post_n=50,__perm_pre_n=200,__perm_rng_seed=0,__perm_stat=delta_fused_score,divergence=0.3,error_rate=0.5,teacher_entropy=0.2",3,0,200,0.0,0,10000,10.0,25.0,200,500,0,0,1.0,0.8087339743589743,0.5358915310412078,0.16666666666666666,0.3762648403644562,0.012563026510179043,1,0,37,31,1,perm_test,0.004975124378109453,0.07861126423497088,68,31,37,0.0,0.16666666666666666,0,0.0,0.0,0.0,0.0,0,none,1,1,0,overconfident,0.95,0,stable,0.9751647358486729,0.001049751921739513,0.9000992313041949,0.9000446540868877,1768132909.4285424,0.23859180510044098,0.15338997542858124
196,12544,12543,sea_abrupt4,sea,ts_drift_adapt,4,"error_divergence_ph_meta@error.threshold=0.10,error.min_instances=5",error_divergence_ph_meta,"{""divergence"": {""alpha"": 0.1, ""delta"": 0.005, ""min_instances"": 30, ""threshold"": 0.05}, ""error_rate"": {""alpha"": 0.15, ""delta"": 0.005, ""min_instances"": 5, ""threshold"": 0.1}}","{""error_rate"": {""min_instances"": 5, ""threshold"": 0.1}}",0.1,0.005,0.15,5,0.05,0.005,0.1,30,,,,-1,two_stage,2,0.5,"__confirm_cooldown=200,__confirm_rule=perm_test,__perm_alpha=0.01,__perm_delta_k=50,__perm_min_effect=0,__perm_n_perm=200,__perm_post_n=50,__perm_pre_n=200,__perm_rng_seed=0,__perm_stat=delta_fused_score,divergence=0.3,error_rate=0.5,teacher_entropy=0.2",3,0,200,0.0,0,10000,10.0,25.0,200,500,1,136,1.0,0.8090720663265306,0.5371369469386086,0.16666666666666666,0.3260883092880249,0.007068116683512926,0,0,37,31,-1,perm_test,0.004975124378109453,0.07861126423497088,68,31,37,0.0,0.005494909826666117,0,0.0,0.0,0.0,0.0,0,none,0,1,0,overconfident,0.95,0,mild_drift,0.9677323679243364,0.0011748759608697567,0.8500496156520975,0.8775223270434438,1768132909.4396846,0.20702938735485077,0.08717330545186996
197,12608,12607,sea_abrupt4,sea,ts_drift_adapt,4,"error_divergence_ph_meta@error.threshold=0.10,error.min_instances=5",error_divergence_ph_meta,"{""divergence"": {""alpha"": 0.1, ""delta"": 0.005, ""min_instances"": 30, ""threshold"": 0.05}, ""error_rate"": {""alpha"": 0.15, ""delta"": 0.005, ""min_instances"": 5, ""threshold"": 0.1}}","{""error_rate"": {""min_instances"": 5, ""threshold"": 0.1}}",0.1,0.005,0.15,5,0.05,0.005,0.1,30,,,,-1,two_stage,2,0.5,"__confirm_cooldown=200,__confirm_rule=perm_test,__perm_alpha=0.01,__perm_delta_k=50,__perm_min_effect=0,__perm_n_perm=200,__perm_post_n=50,__perm_pre_n=200,__perm_rng_seed=0,__perm_stat=delta_fused_score,divergence=0.3,error_rate=0.5,teacher_entropy=0.2",3,0,200,0.0,0,10000,10.0,25.0,200,500,1,72,1.0,0.8094067258883249,0.5381801278077138,0.16666666666666666,0.3248851001262665,0.015559831634163857,0,0,37,31,-1,perm_test,0.004975124378109453,0.07861126423497088,68,31,37,0.0,0.00849171495065093,0,0.0,0.0,0.0,0.0,0,none,0,1,0,overconfident,0.95,0,mild_drift,0.9640161839621681,0.0012374379804348783,0.8250248078260487,0.8662611635217219,1768132909.4503314,0.3319842517375946,0.1465526819229126
198,12672,12671,sea_abrupt4,sea,ts_drift_adapt,4,"error_divergence_ph_meta@error.threshold=0.10,error.min_instances=5",error_divergence_ph_meta,"{""divergence"": {""alpha"": 0.1, ""delta"": 0.005, ""min_instances"": 30, ""threshold"": 0.05}, ""error_rate"": {""alpha"": 0.15, ""delta"": 0.005, ""min_instances"": 5, ""threshold"": 0.1}}","{""error_rate"": {""min_instances"": 5, ""threshold"": 0.1}}",0.1,0.005,0.15,5,0.05,0.005,0.1,30,,,,-1,two_stage,2,0.5,"__confirm_cooldown=200,__confirm_rule=perm_test,__perm_alpha=0.01,__perm_delta_k=50,__perm_min_effect=0,__perm_n_perm=200,__perm_post_n=50,__perm_pre_n=200,__perm_rng_seed=0,__perm_stat=delta_fused_score,divergence=0.3,error_rate=0.5,teacher_entropy=0.2",3,0,200,0.0,0,10000,10.0,25.0,200,500,1,8,1.0,0.8094223484848485,0.5389091786587715,0.16666666666666666,0.36874669790267944,0.014718628488481045,0,0,37,31,-1,perm_test,0.004975124378109453,0.07861126423497088,68,31,37,0.0,0.0008412031456828117,0,0.0,0.0,0.0,0.0,0,none,0,1,0,overconfident,0.95,0,mild_drift,0.962158091981084,0.0012687189902174391,0.8125124039130244,0.8606305817608609,1768132909.4608145,0.38934066891670227,0.14673082530498505
199,12736,12735,sea_abrupt4,sea,ts_drift_adapt,4,"error_divergence_ph_meta@error.threshold=0.10,error.min_instances=5",error_divergence_ph_meta,"{""divergence"": {""alpha"": 0.1, ""delta"": 0.005, ""min_instances"": 30, ""threshold"": 0.05}, ""error_rate"": {""alpha"": 0.15, ""delta"": 0.005, ""min_instances"": 5, ""threshold"": 0.1}}","{""error_rate"": {""min_instances"": 5, ""threshold"": 0.1}}",0.1,0.005,0.15,5,0.05,0.005,0.1,30,,,,-1,two_stage,2,0.5,"__confirm_cooldown=200,__confirm_rule=perm_test,__perm_alpha=0.01,__perm_delta_k=50,__perm_min_effect=0,__perm_n_perm=200,__perm_post_n=50,__perm_pre_n=200,__perm_rng_seed=0,__perm_stat=delta_fused_score,divergence=0.3,error_rate=0.5,teacher_entropy=0.2",3,0,200,0.0,0,10000,10.0,25.0,200,500,0,0,1.0,0.8096733668341709,0.5402650279057003,0.3333333333333333,0.29133158922195435,0.008377861231565475,1,1,38,32,0,perm_test,0.004975124378109453,0.03839897406589966,69,32,37,0.3333333333333333,0.16666666666666666,1,0.5,0.0,0.0,0.0,0,none,1,1,0,overconfident,0.95,0,severe_drift,0.9265790459905421,0.0016343594951087196,0.6562562019565121,0.8353152908804304,1768132909.4769514,0.7845778465270996,0.11608520150184631
200,12800,12799,sea_abrupt4,sea,ts_drift_adapt,4,"error_divergence_ph_meta@error.threshold=0.10,error.min_instances=5",error_divergence_ph_meta,"{""divergence"": {""alpha"": 0.1, ""delta"": 0.005, ""min_instances"": 30, ""threshold"": 0.05}, ""error_rate"": {""alpha"": 0.15, ""delta"": 0.005, ""min_instances"": 5, ""threshold"": 0.1}}","{""error_rate"": {""min_instances"": 5, ""threshold"": 0.1}}",0.1,0.005,0.15,5,0.05,0.005,0.1,30,,,,-1,two_stage,2,0.5,"__confirm_cooldown=200,__confirm_rule=perm_test,__perm_alpha=0.01,__perm_delta_k=50,__perm_min_effect=0,__perm_n_perm=200,__perm_post_n=50,__perm_pre_n=200,__perm_rng_seed=0,__perm_stat=delta_fused_score,divergence=0.3,error_rate=0.5,teacher_entropy=0.2",3,0,200,0.0,0,10000,10.0,25.0,200,500,1,136,1.0,0.809296875,0.5398888916966473,0.16666666666666666,0.3470364511013031,0.013884891755878925,0,0,38,32,-1,perm_test,0.004975124378109453,0.03839897406589966,69,32,37,0.0,0.16666666666666666,0,0.0,0.0,0.0,0.0,0,none,0,1,0,overconfident,0.95,0,mild_drift,0.943439522995271,0.0014671797475543599,0.7281281009782561,0.8451576454402152,1768132909.4872184,0.5233076214790344,0.1488324999809265
201,12864,12863,sea_abrupt4,sea,ts_drift_adapt,4,"error_divergence_ph_meta@error.threshold=0.10,error.min_instances=5",error_divergence_ph_meta,"{""divergence"": {""alpha"": 0.1, ""delta"": 0.005, ""min_instances"": 30, ""threshold"": 0.05}, ""error_rate"": {""alpha"": 0.15, ""delta"": 0.005, ""min_instances"": 5, ""threshold"": 0.1}}","{""error_rate"": {""min_instances"": 5, ""threshold"": 0.1}}",0.1,0.005,0.15,5,0.05,0.005,0.1,30,,,,-1,two_stage,2,0.5,"__confirm_cooldown=200,__confirm_rule=perm_test,__perm_alpha=0.01,__perm_delta_k=50,__perm_min_effect=0,__perm_n_perm=200,__perm_post_n=50,__perm_pre_n=200,__perm_rng_seed=0,__perm_stat=delta_fused_score,divergence=0.3,error_rate=0.5,teacher_entropy=0.2",3,0,200,0.0,0,10000,10.0,25.0,200,500,1,72,1.0,0.8093128109452736,0.5404078907584029,0.0,0.38009560108184814,0.009403688833117485,0,0,38,32,-1,perm_test,0.004975124378109453,0.03839897406589966,69,32,37,0.0,0.16666666666666666,0,0.0,0.0,0.0,0.0,0,none,0,1,0,overconfident,0.95,0,mild_drift,0.9518697614976355,0.0013835898737771801,0.7640640504891281,0.8500788227201076,1768132909.497621,0.05007205903530121,0.1334371566772461
202,12928,12927,sea_abrupt4,sea,ts_drift_adapt,4,"error_divergence_ph_meta@error.threshold=0.10,error.min_instances=5",error_divergence_ph_meta,"{""divergence"": {""alpha"": 0.1, ""delta"": 0.005, ""min_instances"": 30, ""threshold"": 0.05}, ""error_rate"": {""alpha"": 0.15, ""delta"": 0.005, ""min_instances"": 5, ""threshold"": 0.1}}","{""error_rate"": {""min_instances"": 5, ""threshold"": 0.1}}",0.1,0.005,0.15,5,0.05,0.005,0.1,30,,,,-1,two_stage,2,0.5,"__confirm_cooldown=200,__confirm_rule=perm_test,__perm_alpha=0.01,__perm_delta_k=50,__perm_min_effect=0,__perm_n_perm=200,__perm_post_n=50,__perm_pre_n=200,__perm_rng_seed=0,__perm_stat=delta_fused_score,divergence=0.3,error_rate=0.5,teacher_entropy=0.2",3,0,200,0.0,0,10000,10.0,25.0,200,500,1,8,1.0,0.8091738861386139,0.5407414140119029,0.3333333333333333,0.36438459157943726,0.012922008521854877,0,0,38,32,-1,perm_test,0.004975124378109453,0.03839897406589966,69,32,37,0.0,0.3333333333333333,0,0.0,0.0,0.0,0.0,0,none,0,1,0,overconfident,0.95,0,mild_drift,0.9560848807488177,0.00134179493688859,0.782032025244564,0.8525394113600537,1768132909.508015,0.555501401424408,0.18135783076286316
203,12992,12991,sea_abrupt4,sea,ts_drift_adapt,4,"error_divergence_ph_meta@error.threshold=0.10,error.min_instances=5",error_divergence_ph_meta,"{""divergence"": {""alpha"": 0.1, ""delta"": 0.005, ""min_instances"": 30, ""threshold"": 0.05}, ""error_rate"": {""alpha"": 0.15, ""delta"": 0.005, ""min_instances"": 5, ""threshold"": 0.1}}","{""error_rate"": {""min_instances"": 5, ""threshold"": 0.1}}",0.1,0.005,0.15,5,0.05,0.005,0.1,30,,,,-1,two_stage,2,0.5,"__confirm_cooldown=200,__confirm_rule=perm_test,__perm_alpha=0.01,__perm_delta_k=50,__perm_min_effect=0,__perm_n_perm=200,__perm_post_n=50,__perm_pre_n=200,__perm_rng_seed=0,__perm_stat=delta_fused_score,divergence=0.3,error_rate=0.5,teacher_entropy=0.2",3,0,200,0.0,0,10000,10.0,25.0,200,500,0,0,1.0,0.8094981527093597,0.5415958381637377,0.16666666666666666,0.2890525162220001,0.005479240324348211,0,0,38,32,-1,perm_test,0.004975124378109453,0.03839897406589966,69,32,37,0.0,0.16666666666666666,0,0.0,0.0,0.0,0.0,0,none,0,1,0,overconfident,0.95,0,mild_drift,0.9581924403744089,0.0013208974684442952,0.791016012622282,0.8537697056800269,1768132909.518712,0.323142945766449,0.08048763126134872
204,13056,13055,sea_abrupt4,sea,ts_drift_adapt,4,"error_divergence_ph_meta@error.threshold=0.10,error.min_instances=5",error_divergence_ph_meta,"{""divergence"": {""alpha"": 0.1, ""delta"": 0.005, ""min_instances"": 30, ""threshold"": 0.05}, ""error_rate"": {""alpha"": 0.15, ""delta"": 0.005, ""min_instances"": 5, ""threshold"": 0.1}}","{""error_rate"": {""min_instances"": 5, ""threshold"": 0.1}}",0.1,0.005,0.15,5,0.05,0.005,0.1,30,,,,-1,two_stage,2,0.5,"__confirm_cooldown=200,__confirm_rule=perm_test,__perm_alpha=0.01,__perm_delta_k=50,__perm_min_effect=0,__perm_n_perm=200,__perm_post_n=50,__perm_pre_n=200,__perm_rng_seed=0,__perm_stat=delta_fused_score,divergence=0.3,error_rate=0.5,teacher_entropy=0.2",3,0,200,0.0,0,10000,10.0,25.0,200,500,0,0,1.0,0.8094362745098039,0.5419142339770106,0.0,0.33220335841178894,0.009807822294533253,0,1,39,32,-1,perm_test,1.0,-0.08706336301120837,70,32,38,0.3333333333333333,0.16666666666666666,1,0.5,0.0,0.0,0.0,0,none,0,1,0,overconfident,0.95,0,mild_drift,0.9592462201872044,0.0013104487342221476,0.795508006311141,0.8543848528400134,1768132909.52974,0.09392368793487549,0.13607941567897797
205,13120,13119,sea_abrupt4,sea,ts_drift_adapt,4,"error_divergence_ph_meta@error.threshold=0.10,error.min_instances=5",error_divergence_ph_meta,"{""divergence"": {""alpha"": 0.1, ""delta"": 0.005, ""min_instances"": 30, ""threshold"": 0.05}, ""error_rate"": {""alpha"": 0.15, ""delta"": 0.005, ""min_instances"": 5, ""threshold"": 0.1}}","{""error_rate"": {""min_instances"": 5, ""threshold"": 0.1}}",0.1,0.005,0.15,5,0.05,0.005,0.1,30,,,,-1,two_stage,2,0.5,"__confirm_cooldown=200,__confirm_rule=perm_test,__perm_alpha=0.01,__perm_delta_k=50,__perm_min_effect=0,__perm_n_perm=200,__perm_post_n=50,__perm_pre_n=200,__perm_rng_seed=0,__perm_stat=delta_fused_score,divergence=0.3,error_rate=0.5,teacher_entropy=0.2",3,0,200,0.0,0,10000,10.0,25.0,200,500,0,0,1.0,0.8096798780487805,0.5431547199869252,0.0,0.3421099781990051,0.010981637984514236,1,0,39,33,1,perm_test,0.004975124378109453,0.053295222274621634,71,33,38,0.0,0.0011738156899809837,0,0.0,0.0,0.0,0.0,0,none,1,1,0,overconfident,0.95,0,stable,0.9746231100936023,0.0010552243671110738,0.8977540031555705,0.8996924264200068,1768132909.5461512,0.07307394593954086,0.11517170816659927
206,13184,13183,sea_abrupt4,sea,ts_drift_adapt,4,"error_divergence_ph_meta@error.threshold=0.10,error.min_instances=5",error_divergence_ph_meta,"{""divergence"": {""alpha"": 0.1, ""delta"": 0.005, ""min_instances"": 30, ""threshold"": 0.05}, ""error_rate"": {""alpha"": 0.15, ""delta"": 0.005, ""min_instances"": 5, ""threshold"": 0.1}}","{""error_rate"": {""min_instances"": 5, ""threshold"": 0.1}}",0.1,0.005,0.15,5,0.05,0.005,0.1,30,,,,-1,two_stage,2,0.5,"__confirm_cooldown=200,__confirm_rule=perm_test,__perm_alpha=0.01,__perm_delta_k=50,__perm_min_effect=0,__perm_n_perm=200,__perm_post_n=50,__perm_pre_n=200,__perm_rng_seed=0,__perm_stat=delta_fused_score,divergence=0.3,error_rate=0.5,teacher_entropy=0.2",3,0,200,0.0,0,10000,10.0,25.0,200,500,1,136,1.0,0.8097694174757282,0.5437361154734489,0.0,0.3679068088531494,0.009941295720636845,0,0,39,33,-1,perm_test,0.004975124378109453,0.053295222274621634,71,33,38,0.0,0.0010403422638773918,0,0.0,0.0,0.0,0.0,0,none,0,1,0,overconfident,0.95,0,mild_drift,0.9674615550468011,0.0011776121835555368,0.8488770015777853,0.8773462132100034,1768132909.55771,0.19905789196491241,0.09443993866443634
207,13248,13247,sea_abrupt4,sea,ts_drift_adapt,4,"error_divergence_ph_meta@error.threshold=0.10,error.min_instances=5",error_divergence_ph_meta,"{""divergence"": {""alpha"": 0.1, ""delta"": 0.005, ""min_instances"": 30, ""threshold"": 0.05}, ""error_rate"": {""alpha"": 0.15, ""delta"": 0.005, ""min_instances"": 5, ""threshold"": 0.1}}","{""error_rate"": {""min_instances"": 5, ""threshold"": 0.1}}",0.1,0.005,0.15,5,0.05,0.005,0.1,30,,,,-1,two_stage,2,0.5,"__confirm_cooldown=200,__confirm_rule=perm_test,__perm_alpha=0.01,__perm_delta_k=50,__perm_min_effect=0,__perm_n_perm=200,__perm_post_n=50,__perm_pre_n=200,__perm_rng_seed=0,__perm_stat=delta_fused_score,divergence=0.3,error_rate=0.5,teacher_entropy=0.2",3,0,200,0.0,0,10000,10.0,25.0,200,500,1,72,1.0,0.8096316425120773,0.5438631862163947,0.16666666666666666,0.3456365764141083,0.006884968373924494,0,0,39,33,-1,perm_test,0.004975124378109453,0.053295222274621634,71,33,38,0.0,0.16666666666666666,0,0.0,0.0,0.0,0.0,0,none,0,1,0,overconfident,0.95,0,mild_drift,0.9638807775234005,0.0012388060917777684,0.8244385007888927,0.8661731066050017,1768132909.5702443,0.3718147277832031,0.09365939348936081
208,13312,13311,sea_abrupt4,sea,ts_drift_adapt,4,"error_divergence_ph_meta@error.threshold=0.10,error.min_instances=5",error_divergence_ph_meta,"{""divergence"": {""alpha"": 0.1, ""delta"": 0.005, ""min_instances"": 30, ""threshold"": 0.05}, ""error_rate"": {""alpha"": 0.15, ""delta"": 0.005, ""min_instances"": 5, ""threshold"": 0.1}}","{""error_rate"": {""min_instances"": 5, ""threshold"": 0.1}}",0.1,0.005,0.15,5,0.05,0.005,0.1,30,,,,-1,two_stage,2,0.5,"__confirm_cooldown=200,__confirm_rule=perm_test,__perm_alpha=0.01,__perm_delta_k=50,__perm_min_effect=0,__perm_n_perm=200,__perm_post_n=50,__perm_pre_n=200,__perm_rng_seed=0,__perm_stat=delta_fused_score,divergence=0.3,error_rate=0.5,teacher_entropy=0.2",3,0,200,0.0,0,10000,10.0,25.0,200,500,1,8,1.0,0.8097205528846154,0.5440375608388566,0.16666666666666666,0.3477286398410797,0.013792761601507664,0,0,39,33,-1,perm_test,0.004975124378109453,0.053295222274621634,71,33,38,0.0,0.00690779322758317,0,0.0,0.0,0.0,0.0,0,none,0,1,0,overconfident,0.95,0,mild_drift,0.9620903887617003,0.0012694030458888844,0.8122192503944463,0.8605865533025008,1768132909.5806148,0.21369415521621704,0.10419250279664993
209,13376,13375,sea_abrupt4,sea,ts_drift_adapt,4,"error_divergence_ph_meta@error.threshold=0.10,error.min_instances=5",error_divergence_ph_meta,"{""divergence"": {""alpha"": 0.1, ""delta"": 0.005, ""min_instances"": 30, ""threshold"": 0.05}, ""error_rate"": {""alpha"": 0.15, ""delta"": 0.005, ""min_instances"": 5, ""threshold"": 0.1}}","{""error_rate"": {""min_instances"": 5, ""threshold"": 0.1}}",0.1,0.005,0.15,5,0.05,0.005,0.1,30,,,,-1,two_stage,2,0.5,"__confirm_cooldown=200,__confirm_rule=perm_test,__perm_alpha=0.01,__perm_delta_k=50,__perm_min_effect=0,__perm_n_perm=200,__perm_post_n=50,__perm_pre_n=200,__perm_rng_seed=0,__perm_stat=delta_fused_score,divergence=0.3,error_rate=0.5,teacher_entropy=0.2",3,0,200,0.0,0,10000,10.0,25.0,200,500,0,0,1.0,0.8096590909090909,0.5439204596695402,0.3333333333333333,0.3503722846508026,0.010335817001760006,1,1,40,34,0,perm_test,0.004975124378109453,0.013268058669033675,72,34,38,0.3333333333333333,0.16666666666666666,1,0.5,0.0,0.0,0.0,0,none,1,1,0,overconfident,0.95,0,severe_drift,0.9265451943808501,0.0016347015229444422,0.6561096251972232,0.8352932766512504,1768132909.596963,0.8720362186431885,0.10335858166217804
210,13440,13439,sea_abrupt4,sea,ts_drift_adapt,4,"error_divergence_ph_meta@error.threshold=0.10,error.min_instances=5",error_divergence_ph_meta,"{""divergence"": {""alpha"": 0.1, ""delta"": 0.005, ""min_instances"": 30, ""threshold"": 0.05}, ""error_rate"": {""alpha"": 0.15, ""delta"": 0.005, ""min_instances"": 5, ""threshold"": 0.1}}","{""error_rate"": {""min_instances"": 5, ""threshold"": 0.1}}",0.1,0.005,0.15,5,0.05,0.005,0.1,30,,,,-1,two_stage,2,0.5,"__confirm_cooldown=200,__confirm_rule=perm_test,__perm_alpha=0.01,__perm_delta_k=50,__perm_min_effect=0,__perm_n_perm=200,__perm_post_n=50,__perm_pre_n=200,__perm_rng_seed=0,__perm_stat=delta_fused_score,divergence=0.3,error_rate=0.5,teacher_entropy=0.2",3,0,200,0.0,0,10000,10.0,25.0,200,500,1,136,1.0,0.8094494047619047,0.5439558875833582,0.0,0.3775276243686676,0.009599721990525723,0,0,40,34,-1,perm_test,0.004975124378109453,0.013268058669033675,72,34,38,0.0,0.3333333333333333,0,0.0,0.0,0.0,0.0,0,none,0,1,0,overconfident,0.95,0,mild_drift,0.9434225971904251,0.0014673507614722213,0.7280548125986116,0.8451466383256252,1768132909.609651,0.10371951013803482,0.1198381632566452
211,13504,13503,sea_abrupt4,sea,ts_drift_adapt,4,"error_divergence_ph_meta@error.threshold=0.10,error.min_instances=5",error_divergence_ph_meta,"{""divergence"": {""alpha"": 0.1, ""delta"": 0.005, ""min_instances"": 30, ""threshold"": 0.05}, ""error_rate"": {""alpha"": 0.15, ""delta"": 0.005, ""min_instances"": 5, ""threshold"": 0.1}}","{""error_rate"": {""min_instances"": 5, ""threshold"": 0.1}}",0.1,0.005,0.15,5,0.05,0.005,0.1,30,,,,-1,two_stage,2,0.5,"__confirm_cooldown=200,__confirm_rule=perm_test,__perm_alpha=0.01,__perm_delta_k=50,__perm_min_effect=0,__perm_n_perm=200,__perm_post_n=50,__perm_pre_n=200,__perm_rng_seed=0,__perm_stat=delta_fused_score,divergence=0.3,error_rate=0.5,teacher_entropy=0.2",3,0,200,0.0,0,10000,10.0,25.0,200,500,1,72,1.0,0.8093157582938388,0.5441255879152692,0.0,0.3505000174045563,0.013944204896688461,0,0,40,34,-1,perm_test,0.004975124378109453,0.013268058669033675,72,34,38,0.0,0.004344482906162739,0,0.0,0.0,0.0,0.0,0,none,0,1,0,overconfident,0.95,0,mild_drift,0.9518612985952125,0.0013836753807361106,0.7640274062993058,0.8500733191628126,1768132909.6223335,0.12577450275421143,0.138092041015625
212,13568,13567,sea_abrupt4,sea,ts_drift_adapt,4,"error_divergence_ph_meta@error.threshold=0.10,error.min_instances=5",error_divergence_ph_meta,"{""divergence"": {""alpha"": 0.1, ""delta"": 0.005, ""min_instances"": 30, ""threshold"": 0.05}, ""error_rate"": {""alpha"": 0.15, ""delta"": 0.005, ""min_instances"": 5, ""threshold"": 0.1}}","{""error_rate"": {""min_instances"": 5, ""threshold"": 0.1}}",0.1,0.005,0.15,5,0.05,0.005,0.1,30,,,,-1,two_stage,2,0.5,"__confirm_cooldown=200,__confirm_rule=perm_test,__perm_alpha=0.01,__perm_delta_k=50,__perm_min_effect=0,__perm_n_perm=200,__perm_post_n=50,__perm_pre_n=200,__perm_rng_seed=0,__perm_stat=delta_fused_score,divergence=0.3,error_rate=0.5,teacher_entropy=0.2",3,0,200,0.0,0,10000,10.0,25.0,200,500,1,8,1.0,0.8092570754716981,0.5442111610917681,0.5,0.26148635149002075,0.0027184211649000645,0,0,40,34,-1,perm_test,0.004975124378109453,0.013268058669033675,72,34,38,0.0,0.5,0,0.0,0.0,0.0,0.0,0,none,0,1,0,overconfident,0.95,0,mild_drift,0.9560806492976062,0.0013418376903680555,0.7820137031496529,0.8525366595814063,1768132909.6350803,1.0863991975784302,0.05839104205369949
213,13632,13631,sea_abrupt4,sea,ts_drift_adapt,4,"error_divergence_ph_meta@error.threshold=0.10,error.min_instances=5",error_divergence_ph_meta,"{""divergence"": {""alpha"": 0.1, ""delta"": 0.005, ""min_instances"": 30, ""threshold"": 0.05}, ""error_rate"": {""alpha"": 0.15, ""delta"": 0.005, ""min_instances"": 5, ""threshold"": 0.1}}","{""error_rate"": {""min_instances"": 5, ""threshold"": 0.1}}",0.1,0.005,0.15,5,0.05,0.005,0.1,30,,,,-1,two_stage,2,0.5,"__confirm_cooldown=200,__confirm_rule=perm_test,__perm_alpha=0.01,__perm_delta_k=50,__perm_min_effect=0,__perm_n_perm=200,__perm_post_n=50,__perm_pre_n=200,__perm_rng_seed=0,__perm_stat=delta_fused_score,divergence=0.3,error_rate=0.5,teacher_entropy=0.2",3,0,200,0.0,0,10000,10.0,25.0,200,500,0,0,1.0,0.8089055164319249,0.5435606652638367,0.16666666666666666,0.34952792525291443,0.009430289268493652,0,0,40,34,-1,perm_test,0.004975124378109453,0.013268058669033675,72,34,38,0.0,0.33333333333333337,0,0.0,0.0,0.0,0.0,0,none,0,1,0,overconfident,0.95,0,mild_drift,0.958190324648803,0.0013209188451840277,0.7910068515748265,0.8537683297907032,1768132909.645718,0.23884554207324982,0.11528293788433075
214,13696,13695,sea_abrupt4,sea,ts_drift_adapt,4,"error_divergence_ph_meta@error.threshold=0.10,error.min_instances=5",error_divergence_ph_meta,"{""divergence"": {""alpha"": 0.1, ""delta"": 0.005, ""min_instances"": 30, ""threshold"": 0.05}, ""error_rate"": {""alpha"": 0.15, ""delta"": 0.005, ""min_instances"": 5, ""threshold"": 0.1}}","{""error_rate"": {""min_instances"": 5, ""threshold"": 0.1}}",0.1,0.005,0.15,5,0.05,0.005,0.1,30,,,,-1,two_stage,2,0.5,"__confirm_cooldown=200,__confirm_rule=perm_test,__perm_alpha=0.01,__perm_delta_k=50,__perm_min_effect=0,__perm_n_perm=200,__perm_post_n=50,__perm_pre_n=200,__perm_rng_seed=0,__perm_stat=delta_fused_score,divergence=0.3,error_rate=0.5,teacher_entropy=0.2",3,0,200,0.0,0,10000,10.0,25.0,200,500,0,0,1.0,0.8091413551401869,0.5444952871536413,0.16666666666666666,0.3300139307975769,0.010025066323578358,0,1,41,34,-1,perm_test,1.0,-0.06857857435385835,73,34,39,0.16666666666666666,0.0005947770550847054,1,0.5,0.0,0.0,0.0,0,none,0,1,0,overconfident,0.95,0,mild_drift,0.9592451623244015,0.0013104594225920138,0.7955034257874133,0.8543841648953516,1768132909.6563969,0.23341278731822968,0.1208040863275528
215,13760,13759,sea_abrupt4,sea,ts_drift_adapt,4,"error_divergence_ph_meta@error.threshold=0.10,error.min_instances=5",error_divergence_ph_meta,"{""divergence"": {""alpha"": 0.1, ""delta"": 0.005, ""min_instances"": 30, ""threshold"": 0.05}, ""error_rate"": {""alpha"": 0.15, ""delta"": 0.005, ""min_instances"": 5, ""threshold"": 0.1}}","{""error_rate"": {""min_instances"": 5, ""threshold"": 0.1}}",0.1,0.005,0.15,5,0.05,0.005,0.1,30,,,,-1,two_stage,2,0.5,"__confirm_cooldown=200,__confirm_rule=perm_test,__perm_alpha=0.01,__perm_delta_k=50,__perm_min_effect=0,__perm_n_perm=200,__perm_post_n=50,__perm_pre_n=200,__perm_rng_seed=0,__perm_stat=delta_fused_score,divergence=0.3,error_rate=0.5,teacher_entropy=0.2",3,0,200,0.0,0,10000,10.0,25.0,200,500,0,0,1.0,0.8087209302325581,0.5439989298624776,0.16666666666666666,0.3947811722755432,0.01977463625371456,0,0,41,34,-1,perm_test,1.0,-0.04892232114355102,74,34,40,0.0,0.009749569930136204,0,0.0,0.0,0.0,0.0,0,none,0,1,0,overconfident,0.95,0,mild_drift,0.9597725811622007,0.001305229711296007,0.7977517128937066,0.8546920824476758,1768132909.6674325,0.4868331253528595,0.22057117521762848
216,13824,13823,sea_abrupt4,sea,ts_drift_adapt,4,"error_divergence_ph_meta@error.threshold=0.10,error.min_instances=5",error_divergence_ph_meta,"{""divergence"": {""alpha"": 0.1, ""delta"": 0.005, ""min_instances"": 30, ""threshold"": 0.05}, ""error_rate"": {""alpha"": 0.15, ""delta"": 0.005, ""min_instances"": 5, ""threshold"": 0.1}}","{""error_rate"": {""min_instances"": 5, ""threshold"": 0.1}}",0.1,0.005,0.15,5,0.05,0.005,0.1,30,,,,-1,two_stage,2,0.5,"__confirm_cooldown=200,__confirm_rule=perm_test,__perm_alpha=0.01,__perm_delta_k=50,__perm_min_effect=0,__perm_n_perm=200,__perm_post_n=50,__perm_pre_n=200,__perm_rng_seed=0,__perm_stat=delta_fused_score,divergence=0.3,error_rate=0.5,teacher_entropy=0.2",3,0,200,0.0,0,10000,10.0,25.0,200,500,0,0,1.0,0.8087384259259259,0.5439877036838121,0.0,0.34749215841293335,0.012319442816078663,0,0,41,34,-1,perm_test,1.0,-0.0909141222919206,75,34,41,0.0,0.16666666666666666,0,0.0,0.0,0.0,0.0,0,none,0,1,0,overconfident,0.95,0,mild_drift,0.9600362905811003,0.0013026148556480035,0.7988758564468533,0.8548460412238379,1768132909.6782477,0.10630100220441818,0.13493630290031433
217,13888,13887,sea_abrupt4,sea,ts_drift_adapt,4,"error_divergence_ph_meta@error.threshold=0.10,error.min_instances=5",error_divergence_ph_meta,"{""divergence"": {""alpha"": 0.1, ""delta"": 0.005, ""min_instances"": 30, ""threshold"": 0.05}, ""error_rate"": {""alpha"": 0.15, ""delta"": 0.005, ""min_instances"": 5, ""threshold"": 0.1}}","{""error_rate"": {""min_instances"": 5, ""threshold"": 0.1}}",0.1,0.005,0.15,5,0.05,0.005,0.1,30,,,,-1,two_stage,2,0.5,"__confirm_cooldown=200,__confirm_rule=perm_test,__perm_alpha=0.01,__perm_delta_k=50,__perm_min_effect=0,__perm_n_perm=200,__perm_post_n=50,__perm_pre_n=200,__perm_rng_seed=0,__perm_stat=delta_fused_score,divergence=0.3,error_rate=0.5,teacher_entropy=0.2",3,0,200,0.0,0,10000,10.0,25.0,200,500,0,0,1.0,0.8090437788018433,0.5448416590211649,0.0,0.30398252606391907,0.015386832877993584,0,0,41,34,-1,perm_test,1.0,-0.03926384867124336,76,34,42,0.0,0.003067390061914921,0,0.0,0.0,0.0,0.0,0,none,0,1,0,overconfident,0.95,0,mild_drift,0.9601681452905502,0.0013013074278240017,0.7994379282234267,0.8549230206119189,1768132909.6890929,0.11661612242460251,0.1572573482990265
218,13952,13951,sea_abrupt4,sea,ts_drift_adapt,4,"error_divergence_ph_meta@error.threshold=0.10,error.min_instances=5",error_divergence_ph_meta,"{""divergence"": {""alpha"": 0.1, ""delta"": 0.005, ""min_instances"": 30, ""threshold"": 0.05}, ""error_rate"": {""alpha"": 0.15, ""delta"": 0.005, ""min_instances"": 5, ""threshold"": 0.1}}","{""error_rate"": {""min_instances"": 5, ""threshold"": 0.1}}",0.1,0.005,0.15,5,0.05,0.005,0.1,30,,,,-1,two_stage,2,0.5,"__confirm_cooldown=200,__confirm_rule=perm_test,__perm_alpha=0.01,__perm_delta_k=50,__perm_min_effect=0,__perm_n_perm=200,__perm_post_n=50,__perm_pre_n=200,__perm_rng_seed=0,__perm_stat=delta_fused_score,divergence=0.3,error_rate=0.5,teacher_entropy=0.2",3,0,200,0.0,0,10000,10.0,25.0,200,500,0,0,1.0,0.8087729357798165,0.5444649656928563,0.6666666666666666,0.34497788548469543,0.014350649900734425,0,0,41,34,-1,perm_test,1.0,-0.03926384867124336,76,34,42,0.0,0.6666666666666666,0,0.0,0.0,0.0,0.0,0,none,0,1,0,overconfident,0.95,0,mild_drift,0.960234072645275,0.0013006537139120008,0.7997189641117134,0.8549615103059595,1768132909.7000017,0.9270794987678528,0.15281042456626892
219,14016,14015,sea_abrupt4,sea,ts_drift_adapt,4,"error_divergence_ph_meta@error.threshold=0.10,error.min_instances=5",error_divergence_ph_meta,"{""divergence"": {""alpha"": 0.1, ""delta"": 0.005, ""min_instances"": 30, ""threshold"": 0.05}, ""error_rate"": {""alpha"": 0.15, ""delta"": 0.005, ""min_instances"": 5, ""threshold"": 0.1}}","{""error_rate"": {""min_instances"": 5, ""threshold"": 0.1}}",0.1,0.005,0.15,5,0.05,0.005,0.1,30,,,,-1,two_stage,2,0.5,"__confirm_cooldown=200,__confirm_rule=perm_test,__perm_alpha=0.01,__perm_delta_k=50,__perm_min_effect=0,__perm_n_perm=200,__perm_post_n=50,__perm_pre_n=200,__perm_rng_seed=0,__perm_stat=delta_fused_score,divergence=0.3,error_rate=0.5,teacher_entropy=0.2",3,0,200,0.0,0,10000,10.0,25.0,200,500,0,0,1.0,0.8092180365296804,0.5454409461694141,0.0,0.27334409952163696,0.010481668636202812,0,1,42,34,-1,perm_test,1.0,-0.2815161252700502,77,34,43,0.16666666666666666,0.6666666666666666,1,0.5,0.0,0.0,0.0,0,none,0,1,0,overconfident,0.95,0,mild_drift,0.9602670363226375,0.0013003268569560006,0.7998594820558567,0.8549807551529798,1768132909.710811,0.18016177415847778,0.12461614608764648
220,14080,14079,sea_abrupt4,sea,ts_drift_adapt,4,"error_divergence_ph_meta@error.threshold=0.10,error.min_instances=5",error_divergence_ph_meta,"{""divergence"": {""alpha"": 0.1, ""delta"": 0.005, ""min_instances"": 30, ""threshold"": 0.05}, ""error_rate"": {""alpha"": 0.15, ""delta"": 0.005, ""min_instances"": 5, ""threshold"": 0.1}}","{""error_rate"": {""min_instances"": 5, ""threshold"": 0.1}}",0.1,0.005,0.15,5,0.05,0.005,0.1,30,,,,-1,two_stage,2,0.5,"__confirm_cooldown=200,__confirm_rule=perm_test,__perm_alpha=0.01,__perm_delta_k=50,__perm_min_effect=0,__perm_n_perm=200,__perm_post_n=50,__perm_pre_n=200,__perm_rng_seed=0,__perm_stat=delta_fused_score,divergence=0.3,error_rate=0.5,teacher_entropy=0.2",3,0,200,0.0,0,10000,10.0,25.0,200,500,0,0,1.0,0.8092329545454545,0.5456316693772987,0.5,0.3554510474205017,0.019257955253124237,1,0,42,35,1,perm_test,0.004975124378109453,0.045239623382689984,78,35,43,0.0,0.5,0,0.0,0.0,0.0,0.0,0,none,1,1,0,overconfident,0.95,0,stable,0.9751335181613188,0.0010501634284780003,0.8999297410279283,0.8999903775764899,1768132909.7267284,1.004852294921875,0.20701754093170166
221,14144,14143,sea_abrupt4,sea,ts_drift_adapt,4,"error_divergence_ph_meta@error.threshold=0.10,error.min_instances=5",error_divergence_ph_meta,"{""divergence"": {""alpha"": 0.1, ""delta"": 0.005, ""min_instances"": 30, ""threshold"": 0.05}, ""error_rate"": {""alpha"": 0.15, ""delta"": 0.005, ""min_instances"": 5, ""threshold"": 0.1}}","{""error_rate"": {""min_instances"": 5, ""threshold"": 0.1}}",0.1,0.005,0.15,5,0.05,0.005,0.1,30,,,,-1,two_stage,2,0.5,"__confirm_cooldown=200,__confirm_rule=perm_test,__perm_alpha=0.01,__perm_delta_k=50,__perm_min_effect=0,__perm_n_perm=200,__perm_post_n=50,__perm_pre_n=200,__perm_rng_seed=0,__perm_stat=delta_fused_score,divergence=0.3,error_rate=0.5,teacher_entropy=0.2",3,0,200,0.0,0,10000,10.0,25.0,200,500,1,136,1.0,0.8090356334841629,0.5456845354751648,0.16666666666666666,0.34587499499320984,0.016632728278636932,0,0,42,35,-1,perm_test,0.004975124378109453,0.045239623382689984,78,35,43,0.0,0.33333333333333337,0,0.0,0.0,0.0,0.0,0,none,0,1,0,overconfident,0.95,0,mild_drift,0.9677167590806594,0.001175081714239,0.8499648705139642,0.877495188788245,1768132909.7366917,0.39492833614349365,0.15804964303970337
222,14208,14207,sea_abrupt4,sea,ts_drift_adapt,4,"error_divergence_ph_meta@error.threshold=0.10,error.min_instances=5",error_divergence_ph_meta,"{""divergence"": {""alpha"": 0.1, ""delta"": 0.005, ""min_instances"": 30, ""threshold"": 0.05}, ""error_rate"": {""alpha"": 0.15, ""delta"": 0.005, ""min_instances"": 5, ""threshold"": 0.1}}","{""error_rate"": {""min_instances"": 5, ""threshold"": 0.1}}",0.1,0.005,0.15,5,0.05,0.005,0.1,30,,,,-1,two_stage,2,0.5,"__confirm_cooldown=200,__confirm_rule=perm_test,__perm_alpha=0.01,__perm_delta_k=50,__perm_min_effect=0,__perm_n_perm=200,__perm_post_n=50,__perm_pre_n=200,__perm_rng_seed=0,__perm_stat=delta_fused_score,divergence=0.3,error_rate=0.5,teacher_entropy=0.2",3,0,200,0.0,0,10000,10.0,25.0,200,500,1,72,1.0,0.8090512387387387,0.5462284187085678,0.0,0.34013137221336365,0.015158001333475113,0,0,42,35,-1,perm_test,0.004975124378109453,0.045239623382689984,78,35,43,0.0,0.16666666666666666,0,0.0,0.0,0.0,0.0,0,none,0,1,0,overconfident,0.95,0,mild_drift,0.9640083795403296,0.0012375408571195,0.8249824352569821,0.8662475943941225,1768132909.7465956,0.10241993516683578,0.1404266506433487
223,14272,14271,sea_abrupt4,sea,ts_drift_adapt,4,"error_divergence_ph_meta@error.threshold=0.10,error.min_instances=5",error_divergence_ph_meta,"{""divergence"": {""alpha"": 0.1, ""delta"": 0.005, ""min_instances"": 30, ""threshold"": 0.05}, ""error_rate"": {""alpha"": 0.15, ""delta"": 0.005, ""min_instances"": 5, ""threshold"": 0.1}}","{""error_rate"": {""min_instances"": 5, ""threshold"": 0.1}}",0.1,0.005,0.15,5,0.05,0.005,0.1,30,,,,-1,two_stage,2,0.5,"__confirm_cooldown=200,__confirm_rule=perm_test,__perm_alpha=0.01,__perm_delta_k=50,__perm_min_effect=0,__perm_n_perm=200,__perm_post_n=50,__perm_pre_n=200,__perm_rng_seed=0,__perm_stat=delta_fused_score,divergence=0.3,error_rate=0.5,teacher_entropy=0.2",3,0,200,0.0,0,10000,10.0,25.0,200,500,1,8,1.0,0.8088565022421524,0.5457023970833857,0.3333333333333333,0.3053629994392395,0.007529191207140684,0,0,42,35,-1,perm_test,0.004975124378109453,0.045239623382689984,78,35,43,0.0,0.3333333333333333,0,0.0,0.0,0.0,0.0,0,none,0,1,0,overconfident,0.95,0,mild_drift,0.9621541897701648,0.00126877042855975,0.8124912176284911,0.8606237971970612,1768132909.7564654,0.358347624540329,0.10064733028411865
224,14336,14335,sea_abrupt4,sea,ts_drift_adapt,4,"error_divergence_ph_meta@error.threshold=0.10,error.min_instances=5",error_divergence_ph_meta,"{""divergence"": {""alpha"": 0.1, ""delta"": 0.005, ""min_instances"": 30, ""threshold"": 0.05}, ""error_rate"": {""alpha"": 0.15, ""delta"": 0.005, ""min_instances"": 5, ""threshold"": 0.1}}","{""error_rate"": {""min_instances"": 5, ""threshold"": 0.1}}",0.1,0.005,0.15,5,0.05,0.005,0.1,30,,,,-1,two_stage,2,0.5,"__confirm_cooldown=200,__confirm_rule=perm_test,__perm_alpha=0.01,__perm_delta_k=50,__perm_min_effect=0,__perm_n_perm=200,__perm_post_n=50,__perm_pre_n=200,__perm_rng_seed=0,__perm_stat=delta_fused_score,divergence=0.3,error_rate=0.5,teacher_entropy=0.2",3,0,200,0.0,0,10000,10.0,25.0,200,500,0,0,1.0,0.8087332589285714,0.5459379843696897,0.0,0.3630357086658478,0.009454301558434963,0,1,43,35,-1,perm_test,1.0,-0.07442288968840981,79,35,44,0.0,0.3333333333333333,1,0.5,0.0,0.0,0.0,0,none,0,1,0,overconfident,0.95,0,mild_drift,0.9612270948850823,0.001284385214279875,0.8062456088142456,0.8578118985985306,1768132909.7668703,0.17894446849822998,0.12018892168998718
225,14400,14399,sea_abrupt4,sea,ts_drift_adapt,4,"error_divergence_ph_meta@error.threshold=0.10,error.min_instances=5",error_divergence_ph_meta,"{""divergence"": {""alpha"": 0.1, ""delta"": 0.005, ""min_instances"": 30, ""threshold"": 0.05}, ""error_rate"": {""alpha"": 0.15, ""delta"": 0.005, ""min_instances"": 5, ""threshold"": 0.1}}","{""error_rate"": {""min_instances"": 5, ""threshold"": 0.1}}",0.1,0.005,0.15,5,0.05,0.005,0.1,30,,,,-1,two_stage,2,0.5,"__confirm_cooldown=200,__confirm_rule=perm_test,__perm_alpha=0.01,__perm_delta_k=50,__perm_min_effect=0,__perm_n_perm=200,__perm_post_n=50,__perm_pre_n=200,__perm_rng_seed=0,__perm_stat=delta_fused_score,divergence=0.3,error_rate=0.5,teacher_entropy=0.2",3,0,200,0.0,0,10000,10.0,25.0,200,500,0,0,1.0,0.8088194444444444,0.5464280591827448,0.16666666666666666,0.3531750440597534,0.009582873433828354,1,0,43,36,1,perm_test,0.004975124378109453,0.14105130316793069,80,36,44,0.0,0.16666666666666666,0,0.0,0.0,0.0,0.0,0,none,1,1,0,overconfident,0.95,0,stable,0.9756135474425411,0.0010421926071399374,0.9031228044071228,0.9014059492992653,1768132909.783286,0.16623689234256744,0.08990528434515
226,14464,14463,sea_abrupt4,sea,ts_drift_adapt,4,"error_divergence_ph_meta@error.threshold=0.10,error.min_instances=5",error_divergence_ph_meta,"{""divergence"": {""alpha"": 0.1, ""delta"": 0.005, ""min_instances"": 30, ""threshold"": 0.05}, ""error_rate"": {""alpha"": 0.15, ""delta"": 0.005, ""min_instances"": 5, ""threshold"": 0.1}}","{""error_rate"": {""min_instances"": 5, ""threshold"": 0.1}}",0.1,0.005,0.15,5,0.05,0.005,0.1,30,,,,-1,two_stage,2,0.5,"__confirm_cooldown=200,__confirm_rule=perm_test,__perm_alpha=0.01,__perm_delta_k=50,__perm_min_effect=0,__perm_n_perm=200,__perm_post_n=50,__perm_pre_n=200,__perm_rng_seed=0,__perm_stat=delta_fused_score,divergence=0.3,error_rate=0.5,teacher_entropy=0.2",3,0,200,0.0,0,10000,10.0,25.0,200,500,1,136,1.0,0.8086283185840708,0.5459828384926962,0.16666666666666666,0.34354376792907715,0.014471820555627346,0,0,43,36,-1,perm_test,0.004975124378109453,0.14105130316793069,80,36,44,0.0,0.004888947121798992,0,0.0,0.0,0.0,0.0,0,none,0,1,0,overconfident,0.95,0,mild_drift,0.9679567737212705,0.0011710963035699688,0.8515614022035614,0.8782029746496327,1768132909.7934551,0.6285656690597534,0.10635040700435638
227,14528,14527,sea_abrupt4,sea,ts_drift_adapt,4,"error_divergence_ph_meta@error.threshold=0.10,error.min_instances=5",error_divergence_ph_meta,"{""divergence"": {""alpha"": 0.1, ""delta"": 0.005, ""min_instances"": 30, ""threshold"": 0.05}, ""error_rate"": {""alpha"": 0.15, ""delta"": 0.005, ""min_instances"": 5, ""threshold"": 0.1}}","{""error_rate"": {""min_instances"": 5, ""threshold"": 0.1}}",0.1,0.005,0.15,5,0.05,0.005,0.1,30,,,,-1,two_stage,2,0.5,"__confirm_cooldown=200,__confirm_rule=perm_test,__perm_alpha=0.01,__perm_delta_k=50,__perm_min_effect=0,__perm_n_perm=200,__perm_post_n=50,__perm_pre_n=200,__perm_rng_seed=0,__perm_stat=delta_fused_score,divergence=0.3,error_rate=0.5,teacher_entropy=0.2",3,0,200,0.0,0,10000,10.0,25.0,200,500,1,72,1.0,0.808920704845815,0.5468137578517324,0.3333333333333333,0.31584909558296204,0.008072051219642162,0,0,43,36,-1,perm_test,0.004975124378109453,0.14105130316793069,80,36,44,0.0,0.16666666666666666,0,0.0,0.0,0.0,0.0,0,none,0,1,0,overconfident,0.95,0,mild_drift,0.9641283868606352,0.0012355481517849845,0.8257807011017807,0.8666014873248163,1768132909.8036737,0.41221049427986145,0.0808648020029068
228,14592,14591,sea_abrupt4,sea,ts_drift_adapt,4,"error_divergence_ph_meta@error.threshold=0.10,error.min_instances=5",error_divergence_ph_meta,"{""divergence"": {""alpha"": 0.1, ""delta"": 0.005, ""min_instances"": 30, ""threshold"": 0.05}, ""error_rate"": {""alpha"": 0.15, ""delta"": 0.005, ""min_instances"": 5, ""threshold"": 0.1}}","{""error_rate"": {""min_instances"": 5, ""threshold"": 0.1}}",0.1,0.005,0.15,5,0.05,0.005,0.1,30,,,,-1,two_stage,2,0.5,"__confirm_cooldown=200,__confirm_rule=perm_test,__perm_alpha=0.01,__perm_delta_k=50,__perm_min_effect=0,__perm_n_perm=200,__perm_post_n=50,__perm_pre_n=200,__perm_rng_seed=0,__perm_stat=delta_fused_score,divergence=0.3,error_rate=0.5,teacher_entropy=0.2",3,0,200,0.0,0,10000,10.0,25.0,200,500,1,8,1.0,0.8084566885964912,0.5458254323967132,0.16666666666666666,0.3525940477848053,0.02410123497247696,0,0,43,36,-1,perm_test,0.004975124378109453,0.14105130316793069,80,36,44,0.0,0.16666666666666666,0,0.0,0.0,0.0,0.0,0,none,0,1,0,overconfident,0.95,0,mild_drift,0.9622141934303176,0.0012677740758924923,0.8128903505508904,0.8608007436624081,1768132909.8164918,0.48477303981781006,0.1926438808441162
229,14656,14655,sea_abrupt4,sea,ts_drift_adapt,4,"error_divergence_ph_meta@error.threshold=0.10,error.min_instances=5",error_divergence_ph_meta,"{""divergence"": {""alpha"": 0.1, ""delta"": 0.005, ""min_instances"": 30, ""threshold"": 0.05}, ""error_rate"": {""alpha"": 0.15, ""delta"": 0.005, ""min_instances"": 5, ""threshold"": 0.1}}","{""error_rate"": {""min_instances"": 5, ""threshold"": 0.1}}",0.1,0.005,0.15,5,0.05,0.005,0.1,30,,,,-1,two_stage,2,0.5,"__confirm_cooldown=200,__confirm_rule=perm_test,__perm_alpha=0.01,__perm_delta_k=50,__perm_min_effect=0,__perm_n_perm=200,__perm_post_n=50,__perm_pre_n=200,__perm_rng_seed=0,__perm_stat=delta_fused_score,divergence=0.3,error_rate=0.5,teacher_entropy=0.2",3,0,200,0.0,0,10000,10.0,25.0,200,500,0,0,1.0,0.808542576419214,0.5457963778561032,0.0,0.3452621102333069,0.012000293470919132,0,1,44,36,-1,perm_test,1.0,-0.12467867318045386,81,36,45,0.0,0.16666666666666666,1,0.5,0.0,0.0,0.0,0,none,0,1,0,overconfident,0.95,0,mild_drift,0.9612570967151588,0.0012838870379462462,0.8064451752754452,0.857900371831204,1768132909.8296661,0.07113499194383621,0.11118847131729126
230,14720,14719,sea_abrupt4,sea,ts_drift_adapt,4,"error_divergence_ph_meta@error.threshold=0.10,error.min_instances=5",error_divergence_ph_meta,"{""divergence"": {""alpha"": 0.1, ""delta"": 0.005, ""min_instances"": 30, ""threshold"": 0.05}, ""error_rate"": {""alpha"": 0.15, ""delta"": 0.005, ""min_instances"": 5, ""threshold"": 0.1}}","{""error_rate"": {""min_instances"": 5, ""threshold"": 0.1}}",0.1,0.005,0.15,5,0.05,0.005,0.1,30,,,,-1,two_stage,2,0.5,"__confirm_cooldown=200,__confirm_rule=perm_test,__perm_alpha=0.01,__perm_delta_k=50,__perm_min_effect=0,__perm_n_perm=200,__perm_post_n=50,__perm_pre_n=200,__perm_rng_seed=0,__perm_stat=delta_fused_score,divergence=0.3,error_rate=0.5,teacher_entropy=0.2",3,0,200,0.0,0,10000,10.0,25.0,200,500,0,0,1.0,0.8086277173913043,0.5463054403862192,0.16666666666666666,0.2998647093772888,0.008337278850376606,1,0,44,37,1,perm_test,0.004975124378109453,0.034553497578343785,82,37,45,0.0,0.16666666666666666,0,0.0,0.0,0.0,0.0,0,none,1,1,0,overconfident,0.95,0,stable,0.9756285483575794,0.0010419435189731232,0.9032225876377227,0.9014501859156021,1768132909.848125,0.8032503128051758,0.08629901707172394
231,14784,14783,sea_abrupt4,sea,ts_drift_adapt,4,"error_divergence_ph_meta@error.threshold=0.10,error.min_instances=5",error_divergence_ph_meta,"{""divergence"": {""alpha"": 0.1, ""delta"": 0.005, ""min_instances"": 30, ""threshold"": 0.05}, ""error_rate"": {""alpha"": 0.15, ""delta"": 0.005, ""min_instances"": 5, ""threshold"": 0.1}}","{""error_rate"": {""min_instances"": 5, ""threshold"": 0.1}}",0.1,0.005,0.15,5,0.05,0.005,0.1,30,,,,-1,two_stage,2,0.5,"__confirm_cooldown=200,__confirm_rule=perm_test,__perm_alpha=0.01,__perm_delta_k=50,__perm_min_effect=0,__perm_n_perm=200,__perm_post_n=50,__perm_pre_n=200,__perm_rng_seed=0,__perm_stat=delta_fused_score,divergence=0.3,error_rate=0.5,teacher_entropy=0.2",3,0,200,0.0,0,10000,10.0,25.0,200,500,1,136,1.0,0.8083739177489178,0.545762798333215,0.3333333333333333,0.367240309715271,0.01794557459652424,0,0,44,37,-1,perm_test,0.004975124378109453,0.034553497578343785,82,37,45,0.0,0.16666666666666666,0,0.0,0.0,0.0,0.0,0,none,0,1,0,overconfident,0.95,0,mild_drift,0.9679642741787897,0.0011709717594865616,0.8516112938188614,0.878225092957801,1768132909.858251,0.7795901298522949,0.1302567720413208
232,14848,14847,sea_abrupt4,sea,ts_drift_adapt,4,"error_divergence_ph_meta@error.threshold=0.10,error.min_instances=5",error_divergence_ph_meta,"{""divergence"": {""alpha"": 0.1, ""delta"": 0.005, ""min_instances"": 30, ""threshold"": 0.05}, ""error_rate"": {""alpha"": 0.15, ""delta"": 0.005, ""min_instances"": 5, ""threshold"": 0.1}}","{""error_rate"": {""min_instances"": 5, ""threshold"": 0.1}}",0.1,0.005,0.15,5,0.05,0.005,0.1,30,,,,-1,two_stage,2,0.5,"__confirm_cooldown=200,__confirm_rule=perm_test,__perm_alpha=0.01,__perm_delta_k=50,__perm_min_effect=0,__perm_n_perm=200,__perm_post_n=50,__perm_pre_n=200,__perm_rng_seed=0,__perm_stat=delta_fused_score,divergence=0.3,error_rate=0.5,teacher_entropy=0.2",3,0,200,0.0,0,10000,10.0,25.0,200,500,1,72,1.0,0.8084590517241379,0.5459569864748492,0.3333333333333333,0.2933799922466278,0.01051429845392704,0,0,44,37,-1,perm_test,0.004975124378109453,0.034553497578343785,82,37,45,0.0,0.0074312761425971985,0,0.0,0.0,0.0,0.0,0,none,0,1,0,overconfident,0.95,0,mild_drift,0.9641321370893948,0.001235485879743281,0.8258056469094307,0.8666125464789005,1768132909.8682778,0.495337575674057,0.105200856924057
233,14912,14911,sea_abrupt4,sea,ts_drift_adapt,4,"error_divergence_ph_meta@error.threshold=0.10,error.min_instances=5",error_divergence_ph_meta,"{""divergence"": {""alpha"": 0.1, ""delta"": 0.005, ""min_instances"": 30, ""threshold"": 0.05}, ""error_rate"": {""alpha"": 0.15, ""delta"": 0.005, ""min_instances"": 5, ""threshold"": 0.1}}","{""error_rate"": {""min_instances"": 5, ""threshold"": 0.1}}",0.1,0.005,0.15,5,0.05,0.005,0.1,30,,,,-1,two_stage,2,0.5,"__confirm_cooldown=200,__confirm_rule=perm_test,__perm_alpha=0.01,__perm_delta_k=50,__perm_min_effect=0,__perm_n_perm=200,__perm_post_n=50,__perm_pre_n=200,__perm_rng_seed=0,__perm_stat=delta_fused_score,divergence=0.3,error_rate=0.5,teacher_entropy=0.2",3,0,200,0.0,0,10000,10.0,25.0,200,500,1,8,1.0,0.8086775751072961,0.5465851234849733,0.16666666666666666,0.2992474436759949,0.006209800019860268,0,0,44,37,-1,perm_test,0.004975124378109453,0.034553497578343785,82,37,45,0.0,0.16666666666666666,0,0.0,0.0,0.0,0.0,0,none,0,1,0,overconfident,0.95,0,mild_drift,0.9622160685446974,0.0012677429398716407,0.8129028234547153,0.8608062732394502,1768132909.8784983,0.38282275199890137,0.07516194134950638
234,14976,14975,sea_abrupt4,sea,ts_drift_adapt,4,"error_divergence_ph_meta@error.threshold=0.10,error.min_instances=5",error_divergence_ph_meta,"{""divergence"": {""alpha"": 0.1, ""delta"": 0.005, ""min_instances"": 30, ""threshold"": 0.05}, ""error_rate"": {""alpha"": 0.15, ""delta"": 0.005, ""min_instances"": 5, ""threshold"": 0.1}}","{""error_rate"": {""min_instances"": 5, ""threshold"": 0.1}}",0.1,0.005,0.15,5,0.05,0.005,0.1,30,,,,-1,two_stage,2,0.5,"__confirm_cooldown=200,__confirm_rule=perm_test,__perm_alpha=0.01,__perm_delta_k=50,__perm_min_effect=0,__perm_n_perm=200,__perm_post_n=50,__perm_pre_n=200,__perm_rng_seed=0,__perm_stat=delta_fused_score,divergence=0.3,error_rate=0.5,teacher_entropy=0.2",3,0,200,0.0,0,10000,10.0,25.0,200,500,0,0,1.0,0.8085603632478633,0.5464530901537284,0.3333333333333333,0.3059287369251251,0.009494141675531864,1,1,45,38,0,perm_test,0.004975124378109453,0.015207231070027867,83,38,45,0.3333333333333333,0.16666666666666666,1,0.5,0.0,0.0,0.0,0,none,1,1,0,overconfident,0.95,0,severe_drift,0.9266080342723487,0.0016338714699358204,0.6564514117273577,0.8354031366197252,1768132909.8945868,0.7432388663291931,0.10924673080444336
235,15040,15039,sea_abrupt4,sea,ts_drift_adapt,4,"error_divergence_ph_meta@error.threshold=0.10,error.min_instances=5",error_divergence_ph_meta,"{""divergence"": {""alpha"": 0.1, ""delta"": 0.005, ""min_instances"": 30, ""threshold"": 0.05}, ""error_rate"": {""alpha"": 0.15, ""delta"": 0.005, ""min_instances"": 5, ""threshold"": 0.1}}","{""error_rate"": {""min_instances"": 5, ""threshold"": 0.1}}",0.1,0.005,0.15,5,0.05,0.005,0.1,30,,,,-1,two_stage,2,0.5,"__confirm_cooldown=200,__confirm_rule=perm_test,__perm_alpha=0.01,__perm_delta_k=50,__perm_min_effect=0,__perm_n_perm=200,__perm_post_n=50,__perm_pre_n=200,__perm_rng_seed=0,__perm_stat=delta_fused_score,divergence=0.3,error_rate=0.5,teacher_entropy=0.2",3,0,200,0.0,0,10000,10.0,25.0,200,500,1,136,1.0,0.8091755319148937,0.5481776249112262,0.16666666666666666,0.2934975326061249,0.011892436072230339,0,0,45,38,-1,perm_test,0.004975124378109453,0.015207231070027867,83,38,45,0.0,0.16666666666666666,0,0.0,0.0,0.0,0.0,0,none,0,1,0,overconfident,0.95,0,mild_drift,0.9434540171361743,0.0014669357349679103,0.7282257058636789,0.8452015683098626,1768132909.9047854,0.2014780044555664,0.13422943651676178
236,15104,15103,sea_abrupt4,sea,ts_drift_adapt,4,"error_divergence_ph_meta@error.threshold=0.10,error.min_instances=5",error_divergence_ph_meta,"{""divergence"": {""alpha"": 0.1, ""delta"": 0.005, ""min_instances"": 30, ""threshold"": 0.05}, ""error_rate"": {""alpha"": 0.15, ""delta"": 0.005, ""min_instances"": 5, ""threshold"": 0.1}}","{""error_rate"": {""min_instances"": 5, ""threshold"": 0.1}}",0.1,0.005,0.15,5,0.05,0.005,0.1,30,,,,-1,two_stage,2,0.5,"__confirm_cooldown=200,__confirm_rule=perm_test,__perm_alpha=0.01,__perm_delta_k=50,__perm_min_effect=0,__perm_n_perm=200,__perm_post_n=50,__perm_pre_n=200,__perm_rng_seed=0,__perm_stat=delta_fused_score,divergence=0.3,error_rate=0.5,teacher_entropy=0.2",3,0,200,0.0,0,10000,10.0,25.0,200,500,1,72,1.0,0.8093882415254238,0.5488877768762445,0.16666666666666666,0.2960011065006256,0.025622272863984108,0,0,45,38,-1,perm_test,0.004975124378109453,0.015207231070027867,83,38,45,0.0,0.013729836791753769,0,0.0,0.0,0.0,0.0,0,none,0,1,0,overconfident,0.95,0,mild_drift,0.9518770085680871,0.001383467867483955,0.7641128529318395,0.8501007841549313,1768132909.9147956,0.49725767970085144,0.27208930253982544
237,15168,15167,sea_abrupt4,sea,ts_drift_adapt,4,"error_divergence_ph_meta@error.threshold=0.10,error.min_instances=5",error_divergence_ph_meta,"{""divergence"": {""alpha"": 0.1, ""delta"": 0.005, ""min_instances"": 30, ""threshold"": 0.05}, ""error_rate"": {""alpha"": 0.15, ""delta"": 0.005, ""min_instances"": 5, ""threshold"": 0.1}}","{""error_rate"": {""min_instances"": 5, ""threshold"": 0.1}}",0.1,0.005,0.15,5,0.05,0.005,0.1,30,,,,-1,two_stage,2,0.5,"__confirm_cooldown=200,__confirm_rule=perm_test,__perm_alpha=0.01,__perm_delta_k=50,__perm_min_effect=0,__perm_n_perm=200,__perm_post_n=50,__perm_pre_n=200,__perm_rng_seed=0,__perm_stat=delta_fused_score,divergence=0.3,error_rate=0.5,teacher_entropy=0.2",3,0,200,0.0,0,10000,10.0,25.0,200,500,1,8,1.0,0.8096650843881856,0.5499252643928585,0.3333333333333333,0.3367481231689453,0.01667066290974617,0,0,45,38,-1,perm_test,0.004975124378109453,0.015207231070027867,83,38,45,0.0,0.16666666666666666,0,0.0,0.0,0.0,0.0,0,none,0,1,0,overconfident,0.95,0,mild_drift,0.9560885042840435,0.0013417339337419777,0.7820564264659198,0.8525503920774656,1768132909.92482,0.5179880261421204,0.21634319424629211
238,15232,15231,sea_abrupt4,sea,ts_drift_adapt,4,"error_divergence_ph_meta@error.threshold=0.10,error.min_instances=5",error_divergence_ph_meta,"{""divergence"": {""alpha"": 0.1, ""delta"": 0.005, ""min_instances"": 30, ""threshold"": 0.05}, ""error_rate"": {""alpha"": 0.15, ""delta"": 0.005, ""min_instances"": 5, ""threshold"": 0.1}}","{""error_rate"": {""min_instances"": 5, ""threshold"": 0.1}}",0.1,0.005,0.15,5,0.05,0.005,0.1,30,,,,-1,two_stage,2,0.5,"__confirm_cooldown=200,__confirm_rule=perm_test,__perm_alpha=0.01,__perm_delta_k=50,__perm_min_effect=0,__perm_n_perm=200,__perm_post_n=50,__perm_pre_n=200,__perm_rng_seed=0,__perm_stat=delta_fused_score,divergence=0.3,error_rate=0.5,teacher_entropy=0.2",3,0,200,0.0,0,10000,10.0,25.0,200,500,0,0,1.0,0.8098082983193278,0.5509504701581357,0.16666666666666666,0.3579116761684418,0.01989114098250866,0,0,45,38,-1,perm_test,0.004975124378109453,0.015207231070027867,83,38,45,0.0,0.16666666666666666,0,0.0,0.0,0.0,0.0,0,none,0,1,0,overconfident,0.95,0,mild_drift,0.9581942521420217,0.001320866966870989,0.7910282132329599,0.8537751960387328,1768132909.9352453,0.2695360481739044,0.233547642827034
239,15296,15295,sea_abrupt4,sea,ts_drift_adapt,4,"error_divergence_ph_meta@error.threshold=0.10,error.min_instances=5",error_divergence_ph_meta,"{""divergence"": {""alpha"": 0.1, ""delta"": 0.005, ""min_instances"": 30, ""threshold"": 0.05}, ""error_rate"": {""alpha"": 0.15, ""delta"": 0.005, ""min_instances"": 5, ""threshold"": 0.1}}","{""error_rate"": {""min_instances"": 5, ""threshold"": 0.1}}",0.1,0.005,0.15,5,0.05,0.005,0.1,30,,,,-1,two_stage,2,0.5,"__confirm_cooldown=200,__confirm_rule=perm_test,__perm_alpha=0.01,__perm_delta_k=50,__perm_min_effect=0,__perm_n_perm=200,__perm_post_n=50,__perm_pre_n=200,__perm_rng_seed=0,__perm_stat=delta_fused_score,divergence=0.3,error_rate=0.5,teacher_entropy=0.2",3,0,200,0.0,0,10000,10.0,25.0,200,500,0,0,1.0,0.8101464435146444,0.552291691326803,0.16666666666666666,0.2989770174026489,0.017895136028528214,0,1,46,38,-1,perm_test,1.0,-0.02643654790335152,84,38,46,0.16666666666666666,0.001996004953980446,1,0.5,0.0,0.0,0.0,0,none,0,1,0,overconfident,0.95,0,mild_drift,0.9592471260710108,0.0013104334834354945,0.7955141066164799,0.8543875980193664,1768132909.9457846,0.2011658400297165,0.16944029927253723
240,15360,15359,sea_abrupt4,sea,ts_drift_adapt,4,"error_divergence_ph_meta@error.threshold=0.10,error.min_instances=5",error_divergence_ph_meta,"{""divergence"": {""alpha"": 0.1, ""delta"": 0.005, ""min_instances"": 30, ""threshold"": 0.05}, ""error_rate"": {""alpha"": 0.15, ""delta"": 0.005, ""min_instances"": 5, ""threshold"": 0.1}}","{""error_rate"": {""min_instances"": 5, ""threshold"": 0.1}}",0.1,0.005,0.15,5,0.05,0.005,0.1,30,,,,-1,two_stage,2,0.5,"__confirm_cooldown=200,__confirm_rule=perm_test,__perm_alpha=0.01,__perm_delta_k=50,__perm_min_effect=0,__perm_n_perm=200,__perm_post_n=50,__perm_pre_n=200,__perm_rng_seed=0,__perm_stat=delta_fused_score,divergence=0.3,error_rate=0.5,teacher_entropy=0.2",3,0,200,0.0,0,10000,10.0,25.0,200,500,0,0,1.0,0.8106119791666667,0.5538408245375086,0.16666666666666666,0.33379173278808594,0.015601466409862041,0,0,46,38,-1,perm_test,1.0,-0.002507988959154491,85,38,47,0.0,0.002293669618666172,0,0.0,0.0,0.0,0.0,0,none,0,1,0,overconfident,0.95,0,mild_drift,0.9597735630355053,0.0013052167417177472,0.79775705330824,0.8546937990096832,1768132909.9562507,0.5067859292030334,0.16864995658397675
241,15424,15423,sea_abrupt4,sea,ts_drift_adapt,4,"error_divergence_ph_meta@error.threshold=0.10,error.min_instances=5",error_divergence_ph_meta,"{""divergence"": {""alpha"": 0.1, ""delta"": 0.005, ""min_instances"": 30, ""threshold"": 0.05}, ""error_rate"": {""alpha"": 0.15, ""delta"": 0.005, ""min_instances"": 5, ""threshold"": 0.1}}","{""error_rate"": {""min_instances"": 5, ""threshold"": 0.1}}",0.1,0.005,0.15,5,0.05,0.005,0.1,30,,,,-1,two_stage,2,0.5,"__confirm_cooldown=200,__confirm_rule=perm_test,__perm_alpha=0.01,__perm_delta_k=50,__perm_min_effect=0,__perm_n_perm=200,__perm_post_n=50,__perm_pre_n=200,__perm_rng_seed=0,__perm_stat=delta_fused_score,divergence=0.3,error_rate=0.5,teacher_entropy=0.2",3,0,200,0.0,0,10000,10.0,25.0,200,500,0,0,1.0,0.8107494813278008,0.5541398554024781,0.3333333333333333,0.26442980766296387,0.009509362280368805,1,0,46,39,2,perm_test,0.004975124378109453,0.020279825109317647,86,39,47,0.0,0.16666666666666666,0,0.0,0.0,0.0,0.0,0,none,1,1,0,overconfident,0.95,0,stable,0.9748867815177527,0.0010526083708588736,0.8988785266541199,0.8998468995048416,1768132909.9719427,0.5010486841201782,0.11526284366846085
242,15488,15487,sea_abrupt4,sea,ts_drift_adapt,4,"error_divergence_ph_meta@error.threshold=0.10,error.min_instances=5",error_divergence_ph_meta,"{""divergence"": {""alpha"": 0.1, ""delta"": 0.005, ""min_instances"": 30, ""threshold"": 0.05}, ""error_rate"": {""alpha"": 0.15, ""delta"": 0.005, ""min_instances"": 5, ""threshold"": 0.1}}","{""error_rate"": {""min_instances"": 5, ""threshold"": 0.1}}",0.1,0.005,0.15,5,0.05,0.005,0.1,30,,,,-1,two_stage,2,0.5,"__confirm_cooldown=200,__confirm_rule=perm_test,__perm_alpha=0.01,__perm_delta_k=50,__perm_min_effect=0,__perm_n_perm=200,__perm_post_n=50,__perm_pre_n=200,__perm_rng_seed=0,__perm_stat=delta_fused_score,divergence=0.3,error_rate=0.5,teacher_entropy=0.2",3,0,200,0.0,0,10000,10.0,25.0,200,500,1,136,1.0,0.8107567148760331,0.5544307820999997,0.16666666666666666,0.33737918734550476,0.006106776185333729,0,0,46,39,-1,perm_test,0.004975124378109453,0.020279825109317647,86,39,47,0.0,0.16666666666666666,0,0.0,0.0,0.0,0.0,0,none,0,1,0,overconfident,0.95,0,mild_drift,0.9675933907588763,0.001176304185429437,0.84943926332706,0.8774234497524208,1768132909.9820395,0.5552750825881958,0.09327138960361481
243,15552,15551,sea_abrupt4,sea,ts_drift_adapt,4,"error_divergence_ph_meta@error.threshold=0.10,error.min_instances=5",error_divergence_ph_meta,"{""divergence"": {""alpha"": 0.1, ""delta"": 0.005, ""min_instances"": 30, ""threshold"": 0.05}, ""error_rate"": {""alpha"": 0.15, ""delta"": 0.005, ""min_instances"": 5, ""threshold"": 0.1}}","{""error_rate"": {""min_instances"": 5, ""threshold"": 0.1}}",0.1,0.005,0.15,5,0.05,0.005,0.1,30,,,,-1,two_stage,2,0.5,"__confirm_cooldown=200,__confirm_rule=perm_test,__perm_alpha=0.01,__perm_delta_k=50,__perm_min_effect=0,__perm_n_perm=200,__perm_post_n=50,__perm_pre_n=200,__perm_rng_seed=0,__perm_stat=delta_fused_score,divergence=0.3,error_rate=0.5,teacher_entropy=0.2",3,0,200,0.0,0,10000,10.0,25.0,200,500,1,72,1.0,0.8108924897119342,0.5549272468906896,0.0,0.3606226146221161,0.009363523684442043,0,0,46,39,-1,perm_test,0.004975124378109453,0.020279825109317647,86,39,47,0.0,0.16666666666666666,0,0.0,0.0,0.0,0.0,0,none,0,1,0,overconfident,0.95,0,mild_drift,0.9639466953794381,0.0012381520927147185,0.82471963166353,0.8662117248762105,1768132909.9921086,0.07987905293703079,0.12564462423324585
244,15616,15615,sea_abrupt4,sea,ts_drift_adapt,4,"error_divergence_ph_meta@error.threshold=0.10,error.min_instances=5",error_divergence_ph_meta,"{""divergence"": {""alpha"": 0.1, ""delta"": 0.005, ""min_instances"": 30, ""threshold"": 0.05}, ""error_rate"": {""alpha"": 0.15, ""delta"": 0.005, ""min_instances"": 5, ""threshold"": 0.1}}","{""error_rate"": {""min_instances"": 5, ""threshold"": 0.1}}",0.1,0.005,0.15,5,0.05,0.005,0.1,30,,,,-1,two_stage,2,0.5,"__confirm_cooldown=200,__confirm_rule=perm_test,__perm_alpha=0.01,__perm_delta_k=50,__perm_min_effect=0,__perm_n_perm=200,__perm_post_n=50,__perm_pre_n=200,__perm_rng_seed=0,__perm_stat=delta_fused_score,divergence=0.3,error_rate=0.5,teacher_entropy=0.2",3,0,200,0.0,0,10000,10.0,25.0,200,500,1,8,1.0,0.811219262295082,0.5558377105739413,0.0,0.3325129747390747,0.003388205310329795,0,1,46,39,-1,perm_test,0.004975124378109453,0.020279825109317647,86,39,47,0.16666666666666666,0.005975318374112248,1,0.5,0.0,0.0,0.0,0,none,0,1,0,overconfident,0.95,0,mild_drift,0.9621233476897191,0.0012690760463573594,0.8123598158317651,0.8606058624381052,1768132910.0023148,0.05395397171378136,0.07540980726480484
245,15680,15679,sea_abrupt4,sea,ts_drift_adapt,4,"error_divergence_ph_meta@error.threshold=0.10,error.min_instances=5",error_divergence_ph_meta,"{""divergence"": {""alpha"": 0.1, ""delta"": 0.005, ""min_instances"": 30, ""threshold"": 0.05}, ""error_rate"": {""alpha"": 0.15, ""delta"": 0.005, ""min_instances"": 5, ""threshold"": 0.1}}","{""error_rate"": {""min_instances"": 5, ""threshold"": 0.1}}",0.1,0.005,0.15,5,0.05,0.005,0.1,30,,,,-1,two_stage,2,0.5,"__confirm_cooldown=200,__confirm_rule=perm_test,__perm_alpha=0.01,__perm_delta_k=50,__perm_min_effect=0,__perm_n_perm=200,__perm_post_n=50,__perm_pre_n=200,__perm_rng_seed=0,__perm_stat=delta_fused_score,divergence=0.3,error_rate=0.5,teacher_entropy=0.2",3,0,200,0.0,0,10000,10.0,25.0,200,500,0,0,1.0,0.8112244897959183,0.55608890961603,0.16666666666666666,0.350127637386322,0.013065624982118607,0,0,46,39,-1,perm_test,0.004975124378109453,0.020279825109317647,86,39,47,0.0,0.16666666666666666,0,0.0,0.0,0.0,0.0,0,none,0,1,0,overconfident,0.95,0,mild_drift,0.9612116738448595,0.00128453802317868,0.8061799079158826,0.8578029312190526,1768132910.0127194,0.4786398708820343,0.1169876903295517
246,15744,15743,sea_abrupt4,sea,ts_drift_adapt,4,"error_divergence_ph_meta@error.threshold=0.10,error.min_instances=5",error_divergence_ph_meta,"{""divergence"": {""alpha"": 0.1, ""delta"": 0.005, ""min_instances"": 30, ""threshold"": 0.05}, ""error_rate"": {""alpha"": 0.15, ""delta"": 0.005, ""min_instances"": 5, ""threshold"": 0.1}}","{""error_rate"": {""min_instances"": 5, ""threshold"": 0.1}}",0.1,0.005,0.15,5,0.05,0.005,0.1,30,,,,-1,two_stage,2,0.5,"__confirm_cooldown=200,__confirm_rule=perm_test,__perm_alpha=0.01,__perm_delta_k=50,__perm_min_effect=0,__perm_n_perm=200,__perm_post_n=50,__perm_pre_n=200,__perm_rng_seed=0,__perm_stat=delta_fused_score,divergence=0.3,error_rate=0.5,teacher_entropy=0.2",3,0,200,0.0,0,10000,10.0,25.0,200,500,0,0,1.0,0.8113567073170732,0.5567946685787184,0.16666666666666666,0.3320232629776001,0.008930937387049198,0,0,46,39,-1,perm_test,0.004975124378109453,0.020279825109317647,86,39,47,0.0,0.004134687595069408,0,0.0,0.0,0.0,0.0,0,none,0,1,0,overconfident,0.95,0,mild_drift,0.9607558369224297,0.0012922690115893401,0.8030899539579412,0.8564014656095262,1768132910.025679,0.26374033093452454,0.09629553556442261
247,15808,15807,sea_abrupt4,sea,ts_drift_adapt,4,"error_divergence_ph_meta@error.threshold=0.10,error.min_instances=5",error_divergence_ph_meta,"{""divergence"": {""alpha"": 0.1, ""delta"": 0.005, ""min_instances"": 30, ""threshold"": 0.05}, ""error_rate"": {""alpha"": 0.15, ""delta"": 0.005, ""min_instances"": 5, ""threshold"": 0.1}}","{""error_rate"": {""min_instances"": 5, ""threshold"": 0.1}}",0.1,0.005,0.15,5,0.05,0.005,0.1,30,,,,-1,two_stage,2,0.5,"__confirm_cooldown=200,__confirm_rule=perm_test,__perm_alpha=0.01,__perm_delta_k=50,__perm_min_effect=0,__perm_n_perm=200,__perm_post_n=50,__perm_pre_n=200,__perm_rng_seed=0,__perm_stat=delta_fused_score,divergence=0.3,error_rate=0.5,teacher_entropy=0.2",3,0,200,0.0,0,10000,10.0,25.0,200,500,0,0,1.0,0.8117408906882592,0.5576685677596005,0.0,0.3278779685497284,0.010663958266377449,0,0,46,39,-1,perm_test,0.004975124378109453,0.020279825109317647,86,39,47,0.0,0.16666666666666666,0,0.0,0.0,0.0,0.0,0,none,0,1,0,overconfident,0.95,0,mild_drift,0.9605279184612148,0.00129613450579467,0.8015449769789706,0.8557007328047631,1768132910.0390177,0.16732393205165863,0.10710415989160538
248,15872,15871,sea_abrupt4,sea,ts_drift_adapt,4,"error_divergence_ph_meta@error.threshold=0.10,error.min_instances=5",error_divergence_ph_meta,"{""divergence"": {""alpha"": 0.1, ""delta"": 0.005, ""min_instances"": 30, ""threshold"": 0.05}, ""error_rate"": {""alpha"": 0.15, ""delta"": 0.005, ""min_instances"": 5, ""threshold"": 0.1}}","{""error_rate"": {""min_instances"": 5, ""threshold"": 0.1}}",0.1,0.005,0.15,5,0.05,0.005,0.1,30,,,,-1,two_stage,2,0.5,"__confirm_cooldown=200,__confirm_rule=perm_test,__perm_alpha=0.01,__perm_delta_k=50,__perm_min_effect=0,__perm_n_perm=200,__perm_post_n=50,__perm_pre_n=200,__perm_rng_seed=0,__perm_stat=delta_fused_score,divergence=0.3,error_rate=0.5,teacher_entropy=0.2",3,0,200,0.0,0,10000,10.0,25.0,200,500,0,0,1.0,0.8119329637096774,0.5578367625913702,0.0,0.35047224164009094,0.009518406353890896,0,0,46,39,-1,perm_test,0.004975124378109453,0.020279825109317647,86,39,47,0.0,0.0011455519124865532,0,0.0,0.0,0.0,0.0,0,none,0,1,0,overconfident,0.95,0,mild_drift,0.9604139592306074,0.001298067252897335,0.8007724884894853,0.8553503664023816,1768132910.0521455,0.04072817787528038,0.09431834518909454
249,15936,15935,sea_abrupt4,sea,ts_drift_adapt,4,"error_divergence_ph_meta@error.threshold=0.10,error.min_instances=5",error_divergence_ph_meta,"{""divergence"": {""alpha"": 0.1, ""delta"": 0.005, ""min_instances"": 30, ""threshold"": 0.05}, ""error_rate"": {""alpha"": 0.15, ""delta"": 0.005, ""min_instances"": 5, ""threshold"": 0.1}}","{""error_rate"": {""min_instances"": 5, ""threshold"": 0.1}}",0.1,0.005,0.15,5,0.05,0.005,0.1,30,,,,-1,two_stage,2,0.5,"__confirm_cooldown=200,__confirm_rule=perm_test,__perm_alpha=0.01,__perm_delta_k=50,__perm_min_effect=0,__perm_n_perm=200,__perm_post_n=50,__perm_pre_n=200,__perm_rng_seed=0,__perm_stat=delta_fused_score,divergence=0.3,error_rate=0.5,teacher_entropy=0.2",3,0,200,0.0,0,10000,10.0,25.0,200,500,0,0,1.0,0.8124372489959839,0.5588393244547292,0.16666666666666666,0.2894324064254761,0.006920969113707542,1,1,47,40,0,perm_test,0.004975124378109453,0.06871182919567839,87,40,47,0.16666666666666666,0.16666666666666666,1,0.5,0.0,0.0,0.0,0,none,1,1,0,overconfident,0.95,0,severe_drift,0.9257069796153037,0.0016490336264486675,0.6503862442447427,0.8326751832011908,1768132910.0688126,0.4237540662288666,0.07605591416358948
250,16000,15999,sea_abrupt4,sea,ts_drift_adapt,4,"error_divergence_ph_meta@error.threshold=0.10,error.min_instances=5",error_divergence_ph_meta,"{""divergence"": {""alpha"": 0.1, ""delta"": 0.005, ""min_instances"": 30, ""threshold"": 0.05}, ""error_rate"": {""alpha"": 0.15, ""delta"": 0.005, ""min_instances"": 5, ""threshold"": 0.1}}","{""error_rate"": {""min_instances"": 5, ""threshold"": 0.1}}",0.1,0.005,0.15,5,0.05,0.005,0.1,30,,,,-1,two_stage,2,0.5,"__confirm_cooldown=200,__confirm_rule=perm_test,__perm_alpha=0.01,__perm_delta_k=50,__perm_min_effect=0,__perm_n_perm=200,__perm_post_n=50,__perm_pre_n=200,__perm_rng_seed=0,__perm_stat=delta_fused_score,divergence=0.3,error_rate=0.5,teacher_entropy=0.2",3,0,200,0.0,0,10000,10.0,25.0,200,500,1,136,1.0,0.8123125,0.5585579722125987,0.16666666666666666,0.34257152676582336,0.019431067630648613,0,0,47,40,-1,perm_test,0.004975124378109453,0.06871182919567839,87,40,47,0.0,0.01251009851694107,0,0.0,0.0,0.0,0.0,0,none,0,1,0,overconfident,0.95,0,mild_drift,0.9430034898076518,0.0014745168132243337,0.7251931221223713,0.8438375916005953,1768132910.078915,0.3807774484157562,0.15920965373516083
251,16064,16063,sea_abrupt4,sea,ts_drift_adapt,4,"error_divergence_ph_meta@error.threshold=0.10,error.min_instances=5",error_divergence_ph_meta,"{""divergence"": {""alpha"": 0.1, ""delta"": 0.005, ""min_instances"": 30, ""threshold"": 0.05}, ""error_rate"": {""alpha"": 0.15, ""delta"": 0.005, ""min_instances"": 5, ""threshold"": 0.1}}","{""error_rate"": {""min_instances"": 5, ""threshold"": 0.1}}",0.1,0.005,0.15,5,0.05,0.005,0.1,30,,,,-1,two_stage,2,0.5,"__confirm_cooldown=200,__confirm_rule=perm_test,__perm_alpha=0.01,__perm_delta_k=50,__perm_min_effect=0,__perm_n_perm=200,__perm_post_n=50,__perm_pre_n=200,__perm_rng_seed=0,__perm_stat=delta_fused_score,divergence=0.3,error_rate=0.5,teacher_entropy=0.2",3,0,200,0.0,0,10000,10.0,25.0,200,500,1,72,1.0,0.8121887450199203,0.5583950081824113,0.3333333333333333,0.29443299770355225,0.008921868167817593,0,0,47,40,-1,perm_test,0.004975124378109453,0.06871182919567839,87,40,47,0.0,0.16666666666666666,0,0.0,0.0,0.0,0.0,0,none,0,1,0,overconfident,0.95,0,mild_drift,0.9516517449038259,0.0013872584066121668,0.7625965610611857,0.8494187958002977,1768132910.0888813,0.6873817443847656,0.09748760610818863
252,16128,16127,sea_abrupt4,sea,ts_drift_adapt,4,"error_divergence_ph_meta@error.threshold=0.10,error.min_instances=5",error_divergence_ph_meta,"{""divergence"": {""alpha"": 0.1, ""delta"": 0.005, ""min_instances"": 30, ""threshold"": 0.05}, ""error_rate"": {""alpha"": 0.15, ""delta"": 0.005, ""min_instances"": 5, ""threshold"": 0.1}}","{""error_rate"": {""min_instances"": 5, ""threshold"": 0.1}}",0.1,0.005,0.15,5,0.05,0.005,0.1,30,,,,-1,two_stage,2,0.5,"__confirm_cooldown=200,__confirm_rule=perm_test,__perm_alpha=0.01,__perm_delta_k=50,__perm_min_effect=0,__perm_n_perm=200,__perm_post_n=50,__perm_pre_n=200,__perm_rng_seed=0,__perm_stat=delta_fused_score,divergence=0.3,error_rate=0.5,teacher_entropy=0.2",3,0,200,0.0,0,10000,10.0,25.0,200,500,1,8,1.0,0.8120659722222222,0.5583490142243079,0.0,0.3612409830093384,0.008839837275445461,0,0,47,40,-1,perm_test,0.004975124378109453,0.06871182919567839,87,40,47,0.0,0.3333333333333333,0,0.0,0.0,0.0,0.0,0,none,0,1,0,overconfident,0.95,0,mild_drift,0.955975872451913,0.0013436292033060836,0.7812982805305928,0.8522093979001488,1768132910.0998988,0.037480439990758896,0.1322215497493744
253,16192,16191,sea_abrupt4,sea,ts_drift_adapt,4,"error_divergence_ph_meta@error.threshold=0.10,error.min_instances=5",error_divergence_ph_meta,"{""divergence"": {""alpha"": 0.1, ""delta"": 0.005, ""min_instances"": 30, ""threshold"": 0.05}, ""error_rate"": {""alpha"": 0.15, ""delta"": 0.005, ""min_instances"": 5, ""threshold"": 0.1}}","{""error_rate"": {""min_instances"": 5, ""threshold"": 0.1}}",0.1,0.005,0.15,5,0.05,0.005,0.1,30,,,,-1,two_stage,2,0.5,"__confirm_cooldown=200,__confirm_rule=perm_test,__perm_alpha=0.01,__perm_delta_k=50,__perm_min_effect=0,__perm_n_perm=200,__perm_post_n=50,__perm_pre_n=200,__perm_rng_seed=0,__perm_stat=delta_fused_score,divergence=0.3,error_rate=0.5,teacher_entropy=0.2",3,0,200,0.0,0,10000,10.0,25.0,200,500,0,0,1.0,0.8119441699604744,0.558252183623647,0.16666666666666666,0.2948642075061798,0.007216204423457384,0,0,47,40,-1,perm_test,0.004975124378109453,0.06871182919567839,87,40,47,0.0,0.16666666666666666,0,0.0,0.0,0.0,0.0,0,none,0,1,0,overconfident,0.95,0,mild_drift,0.9581379362259564,0.0013218146016530418,0.7906491402652964,0.8536046989500744,1768132910.1115527,0.3411681652069092,0.08214379101991653
254,16256,16255,sea_abrupt4,sea,ts_drift_adapt,4,"error_divergence_ph_meta@error.threshold=0.10,error.min_instances=5",error_divergence_ph_meta,"{""divergence"": {""alpha"": 0.1, ""delta"": 0.005, ""min_instances"": 30, ""threshold"": 0.05}, ""error_rate"": {""alpha"": 0.15, ""delta"": 0.005, ""min_instances"": 5, ""threshold"": 0.1}}","{""error_rate"": {""min_instances"": 5, ""threshold"": 0.1}}",0.1,0.005,0.15,5,0.05,0.005,0.1,30,,,,-1,two_stage,2,0.5,"__confirm_cooldown=200,__confirm_rule=perm_test,__perm_alpha=0.01,__perm_delta_k=50,__perm_min_effect=0,__perm_n_perm=200,__perm_post_n=50,__perm_pre_n=200,__perm_rng_seed=0,__perm_stat=delta_fused_score,divergence=0.3,error_rate=0.5,teacher_entropy=0.2",3,0,200,0.0,0,10000,10.0,25.0,200,500,0,0,1.0,0.812007874015748,0.5586844211999399,0.16666666666666666,0.3240121901035309,0.007513671647757292,0,1,48,40,-1,perm_test,0.07462686567164178,0.01170716704575683,88,40,48,0.0,0.0002974672242999077,1,0.5,0.0,0.0,0.0,0,none,0,1,0,overconfident,0.95,0,mild_drift,0.9592189681129781,0.0013109073008265209,0.7953245701326482,0.8543023494750372,1768132910.127232,0.337859183549881,0.09521419554948807
255,16320,16319,sea_abrupt4,sea,ts_drift_adapt,4,"error_divergence_ph_meta@error.threshold=0.10,error.min_instances=5",error_divergence_ph_meta,"{""divergence"": {""alpha"": 0.1, ""delta"": 0.005, ""min_instances"": 30, ""threshold"": 0.05}, ""error_rate"": {""alpha"": 0.15, ""delta"": 0.005, ""min_instances"": 5, ""threshold"": 0.1}}","{""error_rate"": {""min_instances"": 5, ""threshold"": 0.1}}",0.1,0.005,0.15,5,0.05,0.005,0.1,30,,,,-1,two_stage,2,0.5,"__confirm_cooldown=200,__confirm_rule=perm_test,__perm_alpha=0.01,__perm_delta_k=50,__perm_min_effect=0,__perm_n_perm=200,__perm_post_n=50,__perm_pre_n=200,__perm_rng_seed=0,__perm_stat=delta_fused_score,divergence=0.3,error_rate=0.5,teacher_entropy=0.2",3,0,200,0.0,0,10000,10.0,25.0,200,500,0,0,1.0,0.8121936274509803,0.5593998279555192,0.16666666666666666,0.32950136065483093,0.00814997497946024,0,0,48,40,-1,perm_test,0.3034825870646766,0.003327555693849059,89,40,49,0.0,0.0006363033317029476,0,0.0,0.0,0.0,0.0,0,none,0,1,0,overconfident,0.95,0,mild_drift,0.959759484056489,0.0013054536504132604,0.7976622850663242,0.8546511747375186,1768132910.1428304,0.1844925731420517,0.11254634708166122
256,16384,16383,sea_abrupt4,sea,ts_drift_adapt,4,"error_divergence_ph_meta@error.threshold=0.10,error.min_instances=5",error_divergence_ph_meta,"{""divergence"": {""alpha"": 0.1, ""delta"": 0.005, ""min_instances"": 30, ""threshold"": 0.05}, ""error_rate"": {""alpha"": 0.15, ""delta"": 0.005, ""min_instances"": 5, ""threshold"": 0.1}}","{""error_rate"": {""min_instances"": 5, ""threshold"": 0.1}}",0.1,0.005,0.15,5,0.05,0.005,0.1,30,,,,-1,two_stage,2,0.5,"__confirm_cooldown=200,__confirm_rule=perm_test,__perm_alpha=0.01,__perm_delta_k=50,__perm_min_effect=0,__perm_n_perm=200,__perm_post_n=50,__perm_pre_n=200,__perm_rng_seed=0,__perm_stat=delta_fused_score,divergence=0.3,error_rate=0.5,teacher_entropy=0.2",3,0,200,0.0,0,10000,10.0,25.0,200,500,0,0,1.0,0.8123779296875,0.5600458469602192,0.0,0.334091454744339,0.00803158525377512,0,0,48,40,-1,perm_test,1.0,-0.03946817875632188,90,40,50,0.0,0.16666666666666666,0,0.0,0.0,0.0,0.0,0,none,0,1,0,overconfident,0.95,0,mild_drift,0.9600297420282444,0.0013027268252066302,0.7988311425331621,0.8548255873687594,1768132910.1529932,0.06978575140237808,0.12064283341169357
257,16448,16447,sea_abrupt4,sea,ts_drift_adapt,4,"error_divergence_ph_meta@error.threshold=0.10,error.min_instances=5",error_divergence_ph_meta,"{""divergence"": {""alpha"": 0.1, ""delta"": 0.005, ""min_instances"": 30, ""threshold"": 0.05}, ""error_rate"": {""alpha"": 0.15, ""delta"": 0.005, ""min_instances"": 5, ""threshold"": 0.1}}","{""error_rate"": {""min_instances"": 5, ""threshold"": 0.1}}",0.1,0.005,0.15,5,0.05,0.005,0.1,30,,,,-1,two_stage,2,0.5,"__confirm_cooldown=200,__confirm_rule=perm_test,__perm_alpha=0.01,__perm_delta_k=50,__perm_min_effect=0,__perm_n_perm=200,__perm_post_n=50,__perm_pre_n=200,__perm_rng_seed=0,__perm_stat=delta_fused_score,divergence=0.3,error_rate=0.5,teacher_entropy=0.2",3,0,200,0.0,0,10000,10.0,25.0,200,500,0,0,1.0,0.8125,0.5603635015752354,0.16666666666666666,0.33992600440979004,0.014360515400767326,1,0,48,41,3,perm_test,0.004975124378109453,0.06697991246636281,91,41,50,0.0,0.16666666666666666,0,0.0,0.0,0.0,0.0,0,none,1,1,0,overconfident,0.95,0,stable,0.9750148710141222,0.001051363412603315,0.899415571266581,0.8999127936843797,1768132910.1680741,0.45069852471351624,0.17400124669075012
258,16512,16511,sea_abrupt4,sea,ts_drift_adapt,4,"error_divergence_ph_meta@error.threshold=0.10,error.min_instances=5",error_divergence_ph_meta,"{""divergence"": {""alpha"": 0.1, ""delta"": 0.005, ""min_instances"": 30, ""threshold"": 0.05}, ""error_rate"": {""alpha"": 0.15, ""delta"": 0.005, ""min_instances"": 5, ""threshold"": 0.1}}","{""error_rate"": {""min_instances"": 5, ""threshold"": 0.1}}",0.1,0.005,0.15,5,0.05,0.005,0.1,30,,,,-1,two_stage,2,0.5,"__confirm_cooldown=200,__confirm_rule=perm_test,__perm_alpha=0.01,__perm_delta_k=50,__perm_min_effect=0,__perm_n_perm=200,__perm_post_n=50,__perm_pre_n=200,__perm_rng_seed=0,__perm_stat=delta_fused_score,divergence=0.3,error_rate=0.5,teacher_entropy=0.2",3,0,200,0.0,0,10000,10.0,25.0,200,500,1,136,1.0,0.8127422480620154,0.5609501585065163,0.0,0.30611443519592285,0.010909819044172764,0,0,48,41,-1,perm_test,0.004975124378109453,0.06697991246636281,91,41,50,0.0,0.16666666666666666,0,0.0,0.0,0.0,0.0,0,none,0,1,0,overconfident,0.95,0,mild_drift,0.9676574355070611,0.0011756817063016576,0.8497077856332905,0.8774563968421898,1768132910.1779368,0.13195043802261353,0.12679609656333923
259,16576,16575,sea_abrupt4,sea,ts_drift_adapt,4,"error_divergence_ph_meta@error.threshold=0.10,error.min_instances=5",error_divergence_ph_meta,"{""divergence"": {""alpha"": 0.1, ""delta"": 0.005, ""min_instances"": 30, ""threshold"": 0.05}, ""error_rate"": {""alpha"": 0.15, ""delta"": 0.005, ""min_instances"": 5, ""threshold"": 0.1}}","{""error_rate"": {""min_instances"": 5, ""threshold"": 0.1}}",0.1,0.005,0.15,5,0.05,0.005,0.1,30,,,,-1,two_stage,2,0.5,"__confirm_cooldown=200,__confirm_rule=perm_test,__perm_alpha=0.01,__perm_delta_k=50,__perm_min_effect=0,__perm_n_perm=200,__perm_post_n=50,__perm_pre_n=200,__perm_rng_seed=0,__perm_stat=delta_fused_score,divergence=0.3,error_rate=0.5,teacher_entropy=0.2",3,0,200,0.0,0,10000,10.0,25.0,200,500,1,72,1.0,0.8129222972972973,0.5617772444000912,0.0,0.34486207365989685,0.007659935858100653,0,1,48,41,-1,perm_test,0.004975124378109453,0.06697991246636281,91,41,50,0.16666666666666666,0.003249883186072111,1,0.5,0.0,0.0,0.0,0,none,0,1,0,overconfident,0.95,0,mild_drift,0.9639787177535305,0.0012378408531508289,0.8248538928166453,0.8662281984210949,1768132910.1876915,0.16704446077346802,0.09342917799949646
260,16640,16639,sea_abrupt4,sea,ts_drift_adapt,4,"error_divergence_ph_meta@error.threshold=0.10,error.min_instances=5",error_divergence_ph_meta,"{""divergence"": {""alpha"": 0.1, ""delta"": 0.005, ""min_instances"": 30, ""threshold"": 0.05}, ""error_rate"": {""alpha"": 0.15, ""delta"": 0.005, ""min_instances"": 5, ""threshold"": 0.1}}","{""error_rate"": {""min_instances"": 5, ""threshold"": 0.1}}",0.1,0.005,0.15,5,0.05,0.005,0.1,30,,,,-1,two_stage,2,0.5,"__confirm_cooldown=200,__confirm_rule=perm_test,__perm_alpha=0.01,__perm_delta_k=50,__perm_min_effect=0,__perm_n_perm=200,__perm_post_n=50,__perm_pre_n=200,__perm_rng_seed=0,__perm_stat=delta_fused_score,divergence=0.3,error_rate=0.5,teacher_entropy=0.2",3,0,200,0.0,0,10000,10.0,25.0,200,500,1,8,1.0,0.8132211538461539,0.5629129401201332,0.0,0.2825188934803009,0.008523763157427311,0,0,48,41,-1,perm_test,0.004975124378109453,0.06697991246636281,91,41,50,0.0,0.0008638272993266582,0,0.0,0.0,0.0,0.0,0,none,0,1,0,overconfident,0.95,0,mild_drift,0.9621393588767653,0.0012689204265754145,0.8124269464083227,0.8606140992105474,1768132910.1974134,0.17219947278499603,0.1098502054810524
261,16704,16703,sea_abrupt4,sea,ts_drift_adapt,4,"error_divergence_ph_meta@error.threshold=0.10,error.min_instances=5",error_divergence_ph_meta,"{""divergence"": {""alpha"": 0.1, ""delta"": 0.005, ""min_instances"": 30, ""threshold"": 0.05}, ""error_rate"": {""alpha"": 0.15, ""delta"": 0.005, ""min_instances"": 5, ""threshold"": 0.1}}","{""error_rate"": {""min_instances"": 5, ""threshold"": 0.1}}",0.1,0.005,0.15,5,0.05,0.005,0.1,30,,,,-1,two_stage,2,0.5,"__confirm_cooldown=200,__confirm_rule=perm_test,__perm_alpha=0.01,__perm_delta_k=50,__perm_min_effect=0,__perm_n_perm=200,__perm_post_n=50,__perm_pre_n=200,__perm_rng_seed=0,__perm_stat=delta_fused_score,divergence=0.3,error_rate=0.5,teacher_entropy=0.2",3,0,200,0.0,0,10000,10.0,25.0,200,500,0,0,1.0,0.8134578544061303,0.5634695326688511,0.0,0.29575616121292114,0.00941233430057764,0,0,48,41,-1,perm_test,0.004975124378109453,0.06697991246636281,91,41,50,0.0,0.0008885711431503296,0,0.0,0.0,0.0,0.0,0,none,0,1,0,overconfident,0.95,0,mild_drift,0.9612196794383826,0.0012844602132877072,0.8062134732041614,0.8578070496052737,1768132910.2073789,0.22058089077472687,0.123811736702919
262,16768,16767,sea_abrupt4,sea,ts_drift_adapt,4,"error_divergence_ph_meta@error.threshold=0.10,error.min_instances=5",error_divergence_ph_meta,"{""divergence"": {""alpha"": 0.1, ""delta"": 0.005, ""min_instances"": 30, ""threshold"": 0.05}, ""error_rate"": {""alpha"": 0.15, ""delta"": 0.005, ""min_instances"": 5, ""threshold"": 0.1}}","{""error_rate"": {""min_instances"": 5, ""threshold"": 0.1}}",0.1,0.005,0.15,5,0.05,0.005,0.1,30,,,,-1,two_stage,2,0.5,"__confirm_cooldown=200,__confirm_rule=perm_test,__perm_alpha=0.01,__perm_delta_k=50,__perm_min_effect=0,__perm_n_perm=200,__perm_post_n=50,__perm_pre_n=200,__perm_rng_seed=0,__perm_stat=delta_fused_score,divergence=0.3,error_rate=0.5,teacher_entropy=0.2",3,0,200,0.0,0,10000,10.0,25.0,200,500,0,0,1.0,0.8135138358778626,0.5638970716785762,0.3333333333333333,0.3652532398700714,0.009740570560097694,0,0,48,41,-1,perm_test,0.004975124378109453,0.06697991246636281,91,41,50,0.0,0.3333333333333333,0,0.0,0.0,0.0,0.0,0,none,0,1,0,overconfident,0.95,0,mild_drift,0.9607598397191912,0.0012922301066438536,0.8031067366020808,0.8564035248026368,1768132910.2173898,0.4621502459049225,0.13523879647254944
263,16832,16831,sea_abrupt4,sea,ts_drift_adapt,4,"error_divergence_ph_meta@error.threshold=0.10,error.min_instances=5",error_divergence_ph_meta,"{""divergence"": {""alpha"": 0.1, ""delta"": 0.005, ""min_instances"": 30, ""threshold"": 0.05}, ""error_rate"": {""alpha"": 0.15, ""delta"": 0.005, ""min_instances"": 5, ""threshold"": 0.1}}","{""error_rate"": {""min_instances"": 5, ""threshold"": 0.1}}",0.1,0.005,0.15,5,0.05,0.005,0.1,30,,,,-1,two_stage,2,0.5,"__confirm_cooldown=200,__confirm_rule=perm_test,__perm_alpha=0.01,__perm_delta_k=50,__perm_min_effect=0,__perm_n_perm=200,__perm_post_n=50,__perm_pre_n=200,__perm_rng_seed=0,__perm_stat=delta_fused_score,divergence=0.3,error_rate=0.5,teacher_entropy=0.2",3,0,200,0.0,0,10000,10.0,25.0,200,500,0,0,1.0,0.8137476235741445,0.5645524759111542,0.16666666666666666,0.3306983709335327,0.01039134245365858,0,0,48,41,-1,perm_test,0.004975124378109453,0.06697991246636281,91,41,50,0.0,0.16666666666666666,0,0.0,0.0,0.0,0.0,0,none,0,1,0,overconfident,0.95,0,mild_drift,0.9605299198595956,0.0012961150533219268,0.8015533683010404,0.8557017624013183,1768132910.2275732,0.4101080000400543,0.1099199652671814
264,16896,16895,sea_abrupt4,sea,ts_drift_adapt,4,"error_divergence_ph_meta@error.threshold=0.10,error.min_instances=5",error_divergence_ph_meta,"{""divergence"": {""alpha"": 0.1, ""delta"": 0.005, ""min_instances"": 30, ""threshold"": 0.05}, ""error_rate"": {""alpha"": 0.15, ""delta"": 0.005, ""min_instances"": 5, ""threshold"": 0.1}}","{""error_rate"": {""min_instances"": 5, ""threshold"": 0.1}}",0.1,0.005,0.15,5,0.05,0.005,0.1,30,,,,-1,two_stage,2,0.5,"__confirm_cooldown=200,__confirm_rule=perm_test,__perm_alpha=0.01,__perm_delta_k=50,__perm_min_effect=0,__perm_n_perm=200,__perm_post_n=50,__perm_pre_n=200,__perm_rng_seed=0,__perm_stat=delta_fused_score,divergence=0.3,error_rate=0.5,teacher_entropy=0.2",3,0,200,0.0,0,10000,10.0,25.0,200,500,0,0,1.0,0.8135653409090909,0.564264530361222,0.16666666666666666,0.3476392924785614,0.00879825558513403,0,1,49,41,-1,perm_test,1.0,-0.047458205597646935,92,41,51,0.16666666666666666,0.0015930868685245514,1,0.5,0.0,0.0,0.0,0,none,0,1,0,overconfident,0.95,0,mild_drift,0.9604149599297978,0.0012980575266609636,0.8007766841505202,0.8553508812006592,1768132910.23787,0.23857377469539642,0.100407674908638
265,16960,16959,sea_abrupt4,sea,ts_drift_adapt,4,"error_divergence_ph_meta@error.threshold=0.10,error.min_instances=5",error_divergence_ph_meta,"{""divergence"": {""alpha"": 0.1, ""delta"": 0.005, ""min_instances"": 30, ""threshold"": 0.05}, ""error_rate"": {""alpha"": 0.15, ""delta"": 0.005, ""min_instances"": 5, ""threshold"": 0.1}}","{""error_rate"": {""min_instances"": 5, ""threshold"": 0.1}}",0.1,0.005,0.15,5,0.05,0.005,0.1,30,,,,-1,two_stage,2,0.5,"__confirm_cooldown=200,__confirm_rule=perm_test,__perm_alpha=0.01,__perm_delta_k=50,__perm_min_effect=0,__perm_n_perm=200,__perm_post_n=50,__perm_pre_n=200,__perm_rng_seed=0,__perm_stat=delta_fused_score,divergence=0.3,error_rate=0.5,teacher_entropy=0.2",3,0,200,0.0,0,10000,10.0,25.0,200,500,0,0,1.0,0.8136202830188679,0.5646001973531932,0.0,0.35319602489471436,0.008198901079595089,0,0,49,41,-1,perm_test,1.0,-0.05475129506650131,93,41,52,0.0,0.16666666666666666,0,0.0,0.0,0.0,0.0,0,none,0,1,0,overconfident,0.95,0,mild_drift,0.9603574799648988,0.001299028763330482,0.8003883420752601,0.8551754406003296,1768132910.2480552,0.19622117280960083,0.10709413886070251
266,17024,17023,sea_abrupt4,sea,ts_drift_adapt,4,"error_divergence_ph_meta@error.threshold=0.10,error.min_instances=5",error_divergence_ph_meta,"{""divergence"": {""alpha"": 0.1, ""delta"": 0.005, ""min_instances"": 30, ""threshold"": 0.05}, ""error_rate"": {""alpha"": 0.15, ""delta"": 0.005, ""min_instances"": 5, ""threshold"": 0.1}}","{""error_rate"": {""min_instances"": 5, ""threshold"": 0.1}}",0.1,0.005,0.15,5,0.05,0.005,0.1,30,,,,-1,two_stage,2,0.5,"__confirm_cooldown=200,__confirm_rule=perm_test,__perm_alpha=0.01,__perm_delta_k=50,__perm_min_effect=0,__perm_n_perm=200,__perm_post_n=50,__perm_pre_n=200,__perm_rng_seed=0,__perm_stat=delta_fused_score,divergence=0.3,error_rate=0.5,teacher_entropy=0.2",3,0,200,0.0,0,10000,10.0,25.0,200,500,0,0,1.0,0.8136160714285714,0.5646487634438102,0.0,0.35572150349617004,0.012972990050911903,0,0,49,41,-1,perm_test,1.0,-0.030013791441607474,94,41,53,0.0,0.004774088971316814,0,0.0,0.0,0.0,0.0,0,none,0,1,0,overconfident,0.95,0,mild_drift,0.9603287399824494,0.001299514381665241,0.8001941710376301,0.8550877203001648,1768132910.2582896,0.023584159091114998,0.125064879655838
267,17088,17087,sea_abrupt4,sea,ts_drift_adapt,4,"error_divergence_ph_meta@error.threshold=0.10,error.min_instances=5",error_divergence_ph_meta,"{""divergence"": {""alpha"": 0.1, ""delta"": 0.005, ""min_instances"": 30, ""threshold"": 0.05}, ""error_rate"": {""alpha"": 0.15, ""delta"": 0.005, ""min_instances"": 5, ""threshold"": 0.1}}","{""error_rate"": {""min_instances"": 5, ""threshold"": 0.1}}",0.1,0.005,0.15,5,0.05,0.005,0.1,30,,,,-1,two_stage,2,0.5,"__confirm_cooldown=200,__confirm_rule=perm_test,__perm_alpha=0.01,__perm_delta_k=50,__perm_min_effect=0,__perm_n_perm=200,__perm_post_n=50,__perm_pre_n=200,__perm_rng_seed=0,__perm_stat=delta_fused_score,divergence=0.3,error_rate=0.5,teacher_entropy=0.2",3,0,200,0.0,0,10000,10.0,25.0,200,500,0,0,1.0,0.8137874531835206,0.564809564422316,0.16666666666666666,0.32488492131233215,0.007094058208167553,1,0,49,42,3,perm_test,0.009950248756218905,0.022196731091355698,95,42,53,0.0,0.16666666666666666,0,0.0,0.0,0.0,0.0,0,none,1,1,0,overconfident,0.95,0,stable,0.9751643699912247,0.0010497571908326204,0.9000970855188151,0.9000438601500824,1768132910.2767913,0.7086461186408997,0.08920572698116302
268,17152,17151,sea_abrupt4,sea,ts_drift_adapt,4,"error_divergence_ph_meta@error.threshold=0.10,error.min_instances=5",error_divergence_ph_meta,"{""divergence"": {""alpha"": 0.1, ""delta"": 0.005, ""min_instances"": 30, ""threshold"": 0.05}, ""error_rate"": {""alpha"": 0.15, ""delta"": 0.005, ""min_instances"": 5, ""threshold"": 0.1}}","{""error_rate"": {""min_instances"": 5, ""threshold"": 0.1}}",0.1,0.005,0.15,5,0.05,0.005,0.1,30,,,,-1,two_stage,2,0.5,"__confirm_cooldown=200,__confirm_rule=perm_test,__perm_alpha=0.01,__perm_delta_k=50,__perm_min_effect=0,__perm_n_perm=200,__perm_post_n=50,__perm_pre_n=200,__perm_rng_seed=0,__perm_stat=delta_fused_score,divergence=0.3,error_rate=0.5,teacher_entropy=0.2",3,0,200,0.0,0,10000,10.0,25.0,200,500,1,136,1.0,0.8138992537313433,0.5651532115546146,0.0,0.3500063717365265,0.01363340113312006,0,0,49,42,-1,perm_test,0.009950248756218905,0.022196731091355698,95,42,53,0.0,0.16666666666666666,0,0.0,0.0,0.0,0.0,0,none,0,1,0,overconfident,0.95,0,mild_drift,0.9677321849956123,0.0011748785954163103,0.8500485427594076,0.8775219300750412,1768132910.2897794,0.061755191534757614,0.10949350893497467
269,17216,17215,sea_abrupt4,sea,ts_drift_adapt,4,"error_divergence_ph_meta@error.threshold=0.10,error.min_instances=5",error_divergence_ph_meta,"{""divergence"": {""alpha"": 0.1, ""delta"": 0.005, ""min_instances"": 30, ""threshold"": 0.05}, ""error_rate"": {""alpha"": 0.15, ""delta"": 0.005, ""min_instances"": 5, ""threshold"": 0.1}}","{""error_rate"": {""min_instances"": 5, ""threshold"": 0.1}}",0.1,0.005,0.15,5,0.05,0.005,0.1,30,,,,-1,two_stage,2,0.5,"__confirm_cooldown=200,__confirm_rule=perm_test,__perm_alpha=0.01,__perm_delta_k=50,__perm_min_effect=0,__perm_n_perm=200,__perm_post_n=50,__perm_pre_n=200,__perm_rng_seed=0,__perm_stat=delta_fused_score,divergence=0.3,error_rate=0.5,teacher_entropy=0.2",3,0,200,0.0,0,10000,10.0,25.0,200,500,1,72,1.0,0.8136617100371747,0.5646227408444091,0.16666666666666666,0.32384178042411804,0.013730556704103947,0,1,49,42,-1,perm_test,0.009950248756218905,0.022196731091355698,95,42,53,0.0,0.16666666666666666,1,0.5,0.0,0.0,0.0,0,none,0,1,0,overconfident,0.95,0,mild_drift,0.9640160924978061,0.0012374392977081553,0.8250242713797038,0.8662609650375206,1768132910.3017976,0.3940558433532715,0.09980319440364838
270,17280,17279,sea_abrupt4,sea,ts_drift_adapt,4,"error_divergence_ph_meta@error.threshold=0.10,error.min_instances=5",error_divergence_ph_meta,"{""divergence"": {""alpha"": 0.1, ""delta"": 0.005, ""min_instances"": 30, ""threshold"": 0.05}, ""error_rate"": {""alpha"": 0.15, ""delta"": 0.005, ""min_instances"": 5, ""threshold"": 0.1}}","{""error_rate"": {""min_instances"": 5, ""threshold"": 0.1}}",0.1,0.005,0.15,5,0.05,0.005,0.1,30,,,,-1,two_stage,2,0.5,"__confirm_cooldown=200,__confirm_rule=perm_test,__perm_alpha=0.01,__perm_delta_k=50,__perm_min_effect=0,__perm_n_perm=200,__perm_post_n=50,__perm_pre_n=200,__perm_rng_seed=0,__perm_stat=delta_fused_score,divergence=0.3,error_rate=0.5,teacher_entropy=0.2",3,0,200,0.0,0,10000,10.0,25.0,200,500,1,8,1.0,0.8137731481481482,0.5651489282716071,0.16666666666666666,0.3176526129245758,0.011523822322487831,0,0,49,42,-1,perm_test,0.009950248756218905,0.022196731091355698,95,42,53,0.0,0.0022067343816161156,0,0.0,0.0,0.0,0.0,0,none,0,1,0,overconfident,0.95,0,mild_drift,0.962158046248903,0.0012687196488540779,0.8125121356898519,0.8606304825187603,1768132910.3116896,0.2526894211769104,0.08876518905162811
271,17344,17343,sea_abrupt4,sea,ts_drift_adapt,4,"error_divergence_ph_meta@error.threshold=0.10,error.min_instances=5",error_divergence_ph_meta,"{""divergence"": {""alpha"": 0.1, ""delta"": 0.005, ""min_instances"": 30, ""threshold"": 0.05}, ""error_rate"": {""alpha"": 0.15, ""delta"": 0.005, ""min_instances"": 5, ""threshold"": 0.1}}","{""error_rate"": {""min_instances"": 5, ""threshold"": 0.1}}",0.1,0.005,0.15,5,0.05,0.005,0.1,30,,,,-1,two_stage,2,0.5,"__confirm_cooldown=200,__confirm_rule=perm_test,__perm_alpha=0.01,__perm_delta_k=50,__perm_min_effect=0,__perm_n_perm=200,__perm_post_n=50,__perm_pre_n=200,__perm_rng_seed=0,__perm_stat=delta_fused_score,divergence=0.3,error_rate=0.5,teacher_entropy=0.2",3,0,200,0.0,0,10000,10.0,25.0,200,500,0,0,1.0,0.8138261070110702,0.5651400913895872,0.16666666666666666,0.28652989864349365,0.010272184386849403,0,0,49,42,-1,perm_test,0.009950248756218905,0.022196731091355698,95,42,53,0.0,0.0012516379356384277,0,0.0,0.0,0.0,0.0,0,none,0,1,0,overconfident,0.95,0,mild_drift,0.9612290231244515,0.001284359824427039,0.806256067844926,0.8578152412593801,1768132910.3219283,0.23462317883968353,0.08994072675704956
272,17408,17407,sea_abrupt4,sea,ts_drift_adapt,4,"error_divergence_ph_meta@error.threshold=0.10,error.min_instances=5",error_divergence_ph_meta,"{""divergence"": {""alpha"": 0.1, ""delta"": 0.005, ""min_instances"": 30, ""threshold"": 0.05}, ""error_rate"": {""alpha"": 0.15, ""delta"": 0.005, ""min_instances"": 5, ""threshold"": 0.1}}","{""error_rate"": {""min_instances"": 5, ""threshold"": 0.1}}",0.1,0.005,0.15,5,0.05,0.005,0.1,30,,,,-1,two_stage,2,0.5,"__confirm_cooldown=200,__confirm_rule=perm_test,__perm_alpha=0.01,__perm_delta_k=50,__perm_min_effect=0,__perm_n_perm=200,__perm_post_n=50,__perm_pre_n=200,__perm_rng_seed=0,__perm_stat=delta_fused_score,divergence=0.3,error_rate=0.5,teacher_entropy=0.2",3,0,200,0.0,0,10000,10.0,25.0,200,500,0,0,1.0,0.8139361213235294,0.5655346341203612,0.3333333333333333,0.29637789726257324,0.010063094086945057,0,0,49,42,-1,perm_test,0.009950248756218905,0.022196731091355698,95,42,53,0.0,0.16666666666666666,0,0.0,0.0,0.0,0.0,0,none,0,1,0,overconfident,0.95,0,mild_drift,0.9607645115622256,0.0012921799122135196,0.803128033922463,0.85640762062969,1768132910.3321989,1.0144152641296387,0.10163448750972748
273,17472,17471,sea_abrupt4,sea,ts_drift_adapt,4,"error_divergence_ph_meta@error.threshold=0.10,error.min_instances=5",error_divergence_ph_meta,"{""divergence"": {""alpha"": 0.1, ""delta"": 0.005, ""min_instances"": 30, ""threshold"": 0.05}, ""error_rate"": {""alpha"": 0.15, ""delta"": 0.005, ""min_instances"": 5, ""threshold"": 0.1}}","{""error_rate"": {""min_instances"": 5, ""threshold"": 0.1}}",0.1,0.005,0.15,5,0.05,0.005,0.1,30,,,,-1,two_stage,2,0.5,"__confirm_cooldown=200,__confirm_rule=perm_test,__perm_alpha=0.01,__perm_delta_k=50,__perm_min_effect=0,__perm_n_perm=200,__perm_post_n=50,__perm_pre_n=200,__perm_rng_seed=0,__perm_stat=delta_fused_score,divergence=0.3,error_rate=0.5,teacher_entropy=0.2",3,0,200,0.0,0,10000,10.0,25.0,200,500,0,0,1.0,0.8141025641025641,0.5660310395363694,0.0,0.29280179738998413,0.008869211189448833,0,0,49,42,-1,perm_test,0.009950248756218905,0.022196731091355698,95,42,53,0.0,0.3333333333333333,0,0.0,0.0,0.0,0.0,0,none,0,1,0,overconfident,0.95,0,mild_drift,0.9605322557811128,0.00129608995610676,0.8015640169612315,0.855703810314845,1768132910.3426282,0.07014130055904388,0.08988267183303833
274,17536,17535,sea_abrupt4,sea,ts_drift_adapt,4,"error_divergence_ph_meta@error.threshold=0.10,error.min_instances=5",error_divergence_ph_meta,"{""divergence"": {""alpha"": 0.1, ""delta"": 0.005, ""min_instances"": 30, ""threshold"": 0.05}, ""error_rate"": {""alpha"": 0.15, ""delta"": 0.005, ""min_instances"": 5, ""threshold"": 0.1}}","{""error_rate"": {""min_instances"": 5, ""threshold"": 0.1}}",0.1,0.005,0.15,5,0.05,0.005,0.1,30,,,,-1,two_stage,2,0.5,"__confirm_cooldown=200,__confirm_rule=perm_test,__perm_alpha=0.01,__perm_delta_k=50,__perm_min_effect=0,__perm_n_perm=200,__perm_post_n=50,__perm_pre_n=200,__perm_rng_seed=0,__perm_stat=delta_fused_score,divergence=0.3,error_rate=0.5,teacher_entropy=0.2",3,0,200,0.0,0,10000,10.0,25.0,200,500,0,0,1.0,0.8140967153284672,0.5660958328096187,0.16666666666666666,0.3108941316604614,0.013348785229027271,1,1,50,43,0,perm_test,0.004975124378109453,0.05505769720642517,96,43,53,0.0,0.16666666666666666,1,0.5,0.0,0.0,0.0,0,none,1,1,0,overconfident,0.95,0,stable,0.9752661278905563,0.00104804497805338,0.9007820084806157,0.9003519051574225,1768132910.3588352,0.3617570400238037,0.12700486183166504
275,17600,17599,sea_abrupt4,sea,ts_drift_adapt,4,"error_divergence_ph_meta@error.threshold=0.10,error.min_instances=5",error_divergence_ph_meta,"{""divergence"": {""alpha"": 0.1, ""delta"": 0.005, ""min_instances"": 30, ""threshold"": 0.05}, ""error_rate"": {""alpha"": 0.15, ""delta"": 0.005, ""min_instances"": 5, ""threshold"": 0.1}}","{""error_rate"": {""min_instances"": 5, ""threshold"": 0.1}}",0.1,0.005,0.15,5,0.05,0.005,0.1,30,,,,-1,two_stage,2,0.5,"__confirm_cooldown=200,__confirm_rule=perm_test,__perm_alpha=0.01,__perm_delta_k=50,__perm_min_effect=0,__perm_n_perm=200,__perm_post_n=50,__perm_pre_n=200,__perm_rng_seed=0,__perm_stat=delta_fused_score,divergence=0.3,error_rate=0.5,teacher_entropy=0.2",3,0,200,0.0,0,10000,10.0,25.0,200,500,1,136,1.0,0.8142613636363636,0.566517983584727,0.3333333333333333,0.30295804142951965,0.007310205604881048,0,0,50,43,-1,perm_test,0.004975124378109453,0.05505769720642517,96,43,53,0.0,0.16666666666666666,0,0.0,0.0,0.0,0.0,0,none,0,1,0,overconfident,0.95,0,mild_drift,0.9677830639452781,0.00117402248902669,0.8503910042403079,0.8776759525787112,1768132910.368889,0.3439655005931854,0.0816396176815033
276,17664,17663,sea_abrupt4,sea,ts_drift_adapt,4,"error_divergence_ph_meta@error.threshold=0.10,error.min_instances=5",error_divergence_ph_meta,"{""divergence"": {""alpha"": 0.1, ""delta"": 0.005, ""min_instances"": 30, ""threshold"": 0.05}, ""error_rate"": {""alpha"": 0.15, ""delta"": 0.005, ""min_instances"": 5, ""threshold"": 0.1}}","{""error_rate"": {""min_instances"": 5, ""threshold"": 0.1}}",0.1,0.005,0.15,5,0.05,0.005,0.1,30,,,,-1,two_stage,2,0.5,"__confirm_cooldown=200,__confirm_rule=perm_test,__perm_alpha=0.01,__perm_delta_k=50,__perm_min_effect=0,__perm_n_perm=200,__perm_post_n=50,__perm_pre_n=200,__perm_rng_seed=0,__perm_stat=delta_fused_score,divergence=0.3,error_rate=0.5,teacher_entropy=0.2",3,0,200,0.0,0,10000,10.0,25.0,200,500,1,72,1.0,0.814651268115942,0.5674091989168283,0.3333333333333333,0.2673490047454834,0.010123470798134804,0,0,50,43,-1,perm_test,0.004975124378109453,0.05505769720642517,96,43,53,0.0,0.0028132651932537556,0,0.0,0.0,0.0,0.0,0,none,0,1,0,overconfident,0.95,0,mild_drift,0.964041531972639,0.001237011244513345,0.825195502120154,0.8663379762893556,1768132910.3789396,0.4365415573120117,0.10324545204639435
277,17728,17727,sea_abrupt4,sea,ts_drift_adapt,4,"error_divergence_ph_meta@error.threshold=0.10,error.min_instances=5",error_divergence_ph_meta,"{""divergence"": {""alpha"": 0.1, ""delta"": 0.005, ""min_instances"": 30, ""threshold"": 0.05}, ""error_rate"": {""alpha"": 0.15, ""delta"": 0.005, ""min_instances"": 5, ""threshold"": 0.1}}","{""error_rate"": {""min_instances"": 5, ""threshold"": 0.1}}",0.1,0.005,0.15,5,0.05,0.005,0.1,30,,,,-1,two_stage,2,0.5,"__confirm_cooldown=200,__confirm_rule=perm_test,__perm_alpha=0.01,__perm_delta_k=50,__perm_min_effect=0,__perm_n_perm=200,__perm_post_n=50,__perm_pre_n=200,__perm_rng_seed=0,__perm_stat=delta_fused_score,divergence=0.3,error_rate=0.5,teacher_entropy=0.2",3,0,200,0.0,0,10000,10.0,25.0,200,500,1,8,1.0,0.8146999097472925,0.5676492145068515,0.3333333333333333,0.3168509900569916,0.008877303451299667,0,0,50,43,-1,perm_test,0.004975124378109453,0.05505769720642517,96,43,53,0.0,0.0012461673468351364,0,0.0,0.0,0.0,0.0,0,none,0,1,0,overconfident,0.95,0,mild_drift,0.9621707659863195,0.0012685056222566725,0.812597751060077,0.8606689881446778,1768132910.3891485,0.94289630651474,0.08601687848567963
278,17792,17791,sea_abrupt4,sea,ts_drift_adapt,4,"error_divergence_ph_meta@error.threshold=0.10,error.min_instances=5",error_divergence_ph_meta,"{""divergence"": {""alpha"": 0.1, ""delta"": 0.005, ""min_instances"": 30, ""threshold"": 0.05}, ""error_rate"": {""alpha"": 0.15, ""delta"": 0.005, ""min_instances"": 5, ""threshold"": 0.1}}","{""error_rate"": {""min_instances"": 5, ""threshold"": 0.1}}",0.1,0.005,0.15,5,0.05,0.005,0.1,30,,,,-1,two_stage,2,0.5,"__confirm_cooldown=200,__confirm_rule=perm_test,__perm_alpha=0.01,__perm_delta_k=50,__perm_min_effect=0,__perm_n_perm=200,__perm_post_n=50,__perm_pre_n=200,__perm_rng_seed=0,__perm_stat=delta_fused_score,divergence=0.3,error_rate=0.5,teacher_entropy=0.2",3,0,200,0.0,0,10000,10.0,25.0,200,500,0,0,1.0,0.8146919964028777,0.5677953888409056,0.3333333333333333,0.297701895236969,0.007882618345320225,0,0,50,43,-1,perm_test,0.004975124378109453,0.05505769720642517,96,43,53,0.0,0.0009946851059794426,0,0.0,0.0,0.0,0.0,0,none,0,1,0,overconfident,0.95,0,mild_drift,0.9612353829931597,0.0012842528111283364,0.8062988755300385,0.8578344940723389,1768132910.3995378,0.5494319200515747,0.08554954081773758
279,17856,17855,sea_abrupt4,sea,ts_drift_adapt,4,"error_divergence_ph_meta@error.threshold=0.10,error.min_instances=5",error_divergence_ph_meta,"{""divergence"": {""alpha"": 0.1, ""delta"": 0.005, ""min_instances"": 30, ""threshold"": 0.05}, ""error_rate"": {""alpha"": 0.15, ""delta"": 0.005, ""min_instances"": 5, ""threshold"": 0.1}}","{""error_rate"": {""min_instances"": 5, ""threshold"": 0.1}}",0.1,0.005,0.15,5,0.05,0.005,0.1,30,,,,-1,two_stage,2,0.5,"__confirm_cooldown=200,__confirm_rule=perm_test,__perm_alpha=0.01,__perm_delta_k=50,__perm_min_effect=0,__perm_n_perm=200,__perm_post_n=50,__perm_pre_n=200,__perm_rng_seed=0,__perm_stat=delta_fused_score,divergence=0.3,error_rate=0.5,teacher_entropy=0.2",3,0,200,0.0,0,10000,10.0,25.0,200,500,0,0,1.0,0.8147401433691757,0.5681978686064807,0.16666666666666666,0.31728512048721313,0.009617726318538189,0,1,51,43,-1,perm_test,1.0,-0.07010041117115104,97,43,54,0.0,0.16666666666666666,1,0.5,0.0,0.0,0.0,0,none,0,1,0,overconfident,0.95,0,mild_drift,0.9607676914965798,0.0012921264055641684,0.8031494377650192,0.8564172470361695,1768132910.4102793,0.5088685154914856,0.12061981856822968
280,17920,17919,sea_abrupt4,sea,ts_drift_adapt,4,"error_divergence_ph_meta@error.threshold=0.10,error.min_instances=5",error_divergence_ph_meta,"{""divergence"": {""alpha"": 0.1, ""delta"": 0.005, ""min_instances"": 30, ""threshold"": 0.05}, ""error_rate"": {""alpha"": 0.15, ""delta"": 0.005, ""min_instances"": 5, ""threshold"": 0.1}}","{""error_rate"": {""min_instances"": 5, ""threshold"": 0.1}}",0.1,0.005,0.15,5,0.05,0.005,0.1,30,,,,-1,two_stage,2,0.5,"__confirm_cooldown=200,__confirm_rule=perm_test,__perm_alpha=0.01,__perm_delta_k=50,__perm_min_effect=0,__perm_n_perm=200,__perm_post_n=50,__perm_pre_n=200,__perm_rng_seed=0,__perm_stat=delta_fused_score,divergence=0.3,error_rate=0.5,teacher_entropy=0.2",3,0,200,0.0,0,10000,10.0,25.0,200,500,0,0,1.0,0.81484375,0.5685015451952166,0.16666666666666666,0.26620346307754517,0.007337184622883797,1,0,51,44,1,perm_test,0.004975124378109453,0.06166994248940892,98,44,54,0.0,0.0022805416956543922,0,0.0,0.0,0.0,0.0,0,none,1,1,0,overconfident,0.95,0,stable,0.97538384574829,0.0010460632027820842,0.9015747188825096,0.9007086235180848,1768132910.4265163,0.5749117732048035,0.09263299405574799
281,17984,17983,sea_abrupt4,sea,ts_drift_adapt,4,"error_divergence_ph_meta@error.threshold=0.10,error.min_instances=5",error_divergence_ph_meta,"{""divergence"": {""alpha"": 0.1, ""delta"": 0.005, ""min_instances"": 30, ""threshold"": 0.05}, ""error_rate"": {""alpha"": 0.15, ""delta"": 0.005, ""min_instances"": 5, ""threshold"": 0.1}}","{""error_rate"": {""min_instances"": 5, ""threshold"": 0.1}}",0.1,0.005,0.15,5,0.05,0.005,0.1,30,,,,-1,two_stage,2,0.5,"__confirm_cooldown=200,__confirm_rule=perm_test,__perm_alpha=0.01,__perm_delta_k=50,__perm_min_effect=0,__perm_n_perm=200,__perm_post_n=50,__perm_pre_n=200,__perm_rng_seed=0,__perm_stat=delta_fused_score,divergence=0.3,error_rate=0.5,teacher_entropy=0.2",3,0,200,0.0,0,10000,10.0,25.0,200,500,1,136,1.0,0.8151134341637011,0.5693059655410776,0.0,0.2827000021934509,0.008606312796473503,0,0,51,44,-1,perm_test,0.004975124378109453,0.06166994248940892,98,44,54,0.0,0.16666666666666666,0,0.0,0.0,0.0,0.0,0,none,0,1,0,overconfident,0.95,0,mild_drift,0.9678419228741449,0.0011730316013910422,0.8507873594412548,0.8778543117590424,1768132910.4365075,0.23644305765628815,0.08148063719272614
282,18048,18047,sea_abrupt4,sea,ts_drift_adapt,4,"error_divergence_ph_meta@error.threshold=0.10,error.min_instances=5",error_divergence_ph_meta,"{""divergence"": {""alpha"": 0.1, ""delta"": 0.005, ""min_instances"": 30, ""threshold"": 0.05}, ""error_rate"": {""alpha"": 0.15, ""delta"": 0.005, ""min_instances"": 5, ""threshold"": 0.1}}","{""error_rate"": {""min_instances"": 5, ""threshold"": 0.1}}",0.1,0.005,0.15,5,0.05,0.005,0.1,30,,,,-1,two_stage,2,0.5,"__confirm_cooldown=200,__confirm_rule=perm_test,__perm_alpha=0.01,__perm_delta_k=50,__perm_min_effect=0,__perm_n_perm=200,__perm_post_n=50,__perm_pre_n=200,__perm_rng_seed=0,__perm_stat=delta_fused_score,divergence=0.3,error_rate=0.5,teacher_entropy=0.2",3,0,200,0.0,0,10000,10.0,25.0,200,500,1,72,1.0,0.8149933510638298,0.5691959217073919,0.5,0.31259751319885254,0.012171824462711811,0,0,51,44,-1,perm_test,0.004975124378109453,0.06166994248940892,98,44,54,0.0,0.5,0,0.0,0.0,0.0,0.0,0,none,0,1,0,overconfident,0.95,0,mild_drift,0.9640709614370724,0.0012365158006955213,0.8253936797206274,0.8664271558795211,1768132910.4463367,0.9450869560241699,0.10389003157615662
283,18112,18111,sea_abrupt4,sea,ts_drift_adapt,4,"error_divergence_ph_meta@error.threshold=0.10,error.min_instances=5",error_divergence_ph_meta,"{""divergence"": {""alpha"": 0.1, ""delta"": 0.005, ""min_instances"": 30, ""threshold"": 0.05}, ""error_rate"": {""alpha"": 0.15, ""delta"": 0.005, ""min_instances"": 5, ""threshold"": 0.1}}","{""error_rate"": {""min_instances"": 5, ""threshold"": 0.1}}",0.1,0.005,0.15,5,0.05,0.005,0.1,30,,,,-1,two_stage,2,0.5,"__confirm_cooldown=200,__confirm_rule=perm_test,__perm_alpha=0.01,__perm_delta_k=50,__perm_min_effect=0,__perm_n_perm=200,__perm_post_n=50,__perm_pre_n=200,__perm_rng_seed=0,__perm_stat=delta_fused_score,divergence=0.3,error_rate=0.5,teacher_entropy=0.2",3,0,200,0.0,0,10000,10.0,25.0,200,500,1,8,1.0,0.815094964664311,0.5692560821816476,0.16666666666666666,0.2760131061077118,0.009557433426380157,0,0,51,44,-1,perm_test,0.004975124378109453,0.06166994248940892,98,44,54,0.0,0.33333333333333337,0,0.0,0.0,0.0,0.0,0,none,0,1,0,overconfident,0.95,0,mild_drift,0.9621854807185362,0.0012682579003477608,0.8126968398603137,0.8607135779397606,1768132910.4564934,0.2176712304353714,0.12236836552619934
284,18176,18175,sea_abrupt4,sea,ts_drift_adapt,4,"error_divergence_ph_meta@error.threshold=0.10,error.min_instances=5",error_divergence_ph_meta,"{""divergence"": {""alpha"": 0.1, ""delta"": 0.005, ""min_instances"": 30, ""threshold"": 0.05}, ""error_rate"": {""alpha"": 0.15, ""delta"": 0.005, ""min_instances"": 5, ""threshold"": 0.1}}","{""error_rate"": {""min_instances"": 5, ""threshold"": 0.1}}",0.1,0.005,0.15,5,0.05,0.005,0.1,30,,,,-1,two_stage,2,0.5,"__confirm_cooldown=200,__confirm_rule=perm_test,__perm_alpha=0.01,__perm_delta_k=50,__perm_min_effect=0,__perm_n_perm=200,__perm_post_n=50,__perm_pre_n=200,__perm_rng_seed=0,__perm_stat=delta_fused_score,divergence=0.3,error_rate=0.5,teacher_entropy=0.2",3,0,200,0.0,0,10000,10.0,25.0,200,500,0,0,1.0,0.8150858274647887,0.5692744620331838,0.16666666666666666,0.31937652826309204,0.009042393416166306,0,1,52,44,-1,perm_test,1.0,-0.06754013861503684,99,44,55,0.0,0.0005150400102138519,1,0.5,0.0,0.0,0.0,0,none,0,1,0,overconfident,0.95,0,mild_drift,0.961242740359268,0.0012841289501738804,0.8063484199301569,0.8578567889698803,1768132910.46739,0.25438734889030457,0.10181064158678055
285,18240,18239,sea_abrupt4,sea,ts_drift_adapt,4,"error_divergence_ph_meta@error.threshold=0.10,error.min_instances=5",error_divergence_ph_meta,"{""divergence"": {""alpha"": 0.1, ""delta"": 0.005, ""min_instances"": 30, ""threshold"": 0.05}, ""error_rate"": {""alpha"": 0.15, ""delta"": 0.005, ""min_instances"": 5, ""threshold"": 0.1}}","{""error_rate"": {""min_instances"": 5, ""threshold"": 0.1}}",0.1,0.005,0.15,5,0.05,0.005,0.1,30,,,,-1,two_stage,2,0.5,"__confirm_cooldown=200,__confirm_rule=perm_test,__perm_alpha=0.01,__perm_delta_k=50,__perm_min_effect=0,__perm_n_perm=200,__perm_post_n=50,__perm_pre_n=200,__perm_rng_seed=0,__perm_stat=delta_fused_score,divergence=0.3,error_rate=0.5,teacher_entropy=0.2",3,0,200,0.0,0,10000,10.0,25.0,200,500,0,0,1.0,0.8146929824561403,0.5683850627593707,0.5,0.31561121344566345,0.011250055395066738,0,0,52,44,-1,perm_test,1.0,-0.03444548762289727,100,44,56,0.0,0.33333333333333337,0,0.0,0.0,0.0,0.0,0,none,0,1,0,overconfident,0.95,0,mild_drift,0.960771370179634,0.0012920644750869402,0.8031742099650785,0.8564283944849401,1768132910.4804032,0.6448655724525452,0.14072772860527039
286,18304,18303,sea_abrupt4,sea,ts_drift_adapt,4,"error_divergence_ph_meta@error.threshold=0.10,error.min_instances=5",error_divergence_ph_meta,"{""divergence"": {""alpha"": 0.1, ""delta"": 0.005, ""min_instances"": 30, ""threshold"": 0.05}, ""error_rate"": {""alpha"": 0.15, ""delta"": 0.005, ""min_instances"": 5, ""threshold"": 0.1}}","{""error_rate"": {""min_instances"": 5, ""threshold"": 0.1}}",0.1,0.005,0.15,5,0.05,0.005,0.1,30,,,,-1,two_stage,2,0.5,"__confirm_cooldown=200,__confirm_rule=perm_test,__perm_alpha=0.01,__perm_delta_k=50,__perm_min_effect=0,__perm_n_perm=200,__perm_post_n=50,__perm_pre_n=200,__perm_rng_seed=0,__perm_stat=delta_fused_score,divergence=0.3,error_rate=0.5,teacher_entropy=0.2",3,0,200,0.0,0,10000,10.0,25.0,200,500,0,0,1.0,0.8150131118881119,0.56936091296286,0.0,0.29317736625671387,0.009353315457701683,0,0,52,44,-1,perm_test,1.0,-0.1765801659630547,101,44,57,0.0,0.5,0,0.0,0.0,0.0,0.0,0,none,0,1,0,overconfident,0.95,0,mild_drift,0.960535685089817,0.00129603223754347,0.8015871049825393,0.85571419724247,1768132910.4935558,0.2782090902328491,0.12769001722335815
287,18368,18367,sea_abrupt4,sea,ts_drift_adapt,4,"error_divergence_ph_meta@error.threshold=0.10,error.min_instances=5",error_divergence_ph_meta,"{""divergence"": {""alpha"": 0.1, ""delta"": 0.005, ""min_instances"": 30, ""threshold"": 0.05}, ""error_rate"": {""alpha"": 0.15, ""delta"": 0.005, ""min_instances"": 5, ""threshold"": 0.1}}","{""error_rate"": {""min_instances"": 5, ""threshold"": 0.1}}",0.1,0.005,0.15,5,0.05,0.005,0.1,30,,,,-1,two_stage,2,0.5,"__confirm_cooldown=200,__confirm_rule=perm_test,__perm_alpha=0.01,__perm_delta_k=50,__perm_min_effect=0,__perm_n_perm=200,__perm_post_n=50,__perm_pre_n=200,__perm_rng_seed=0,__perm_stat=delta_fused_score,divergence=0.3,error_rate=0.5,teacher_entropy=0.2",3,0,200,0.0,0,10000,10.0,25.0,200,500,0,0,1.0,0.8151676829268293,0.5697746567461959,0.0,0.28427886962890625,0.012255108915269375,0,0,52,44,-1,perm_test,1.0,-0.027660057939060876,102,44,58,0.0,0.002901793457567692,0,0.0,0.0,0.0,0.0,0,none,0,1,0,overconfident,0.95,0,mild_drift,0.9604178425449085,0.001298016118771735,0.8007935524912697,0.855357098621235,1768132910.5067668,0.13625748455524445,0.1589813530445099
288,18432,18431,sea_abrupt4,sea,ts_drift_adapt,4,"error_divergence_ph_meta@error.threshold=0.10,error.min_instances=5",error_divergence_ph_meta,"{""divergence"": {""alpha"": 0.1, ""delta"": 0.005, ""min_instances"": 30, ""threshold"": 0.05}, ""error_rate"": {""alpha"": 0.15, ""delta"": 0.005, ""min_instances"": 5, ""threshold"": 0.1}}","{""error_rate"": {""min_instances"": 5, ""threshold"": 0.1}}",0.1,0.005,0.15,5,0.05,0.005,0.1,30,,,,-1,two_stage,2,0.5,"__confirm_cooldown=200,__confirm_rule=perm_test,__perm_alpha=0.01,__perm_delta_k=50,__perm_min_effect=0,__perm_n_perm=200,__perm_post_n=50,__perm_pre_n=200,__perm_rng_seed=0,__perm_stat=delta_fused_score,divergence=0.3,error_rate=0.5,teacher_entropy=0.2",3,0,200,0.0,0,10000,10.0,25.0,200,500,0,0,1.0,0.8151584201388888,0.569706543123764,0.16666666666666666,0.2879469692707062,0.005720004439353943,0,0,52,44,-1,perm_test,1.0,-0.027660057939060876,102,44,58,0.0,0.16666666666666666,0,0.0,0.0,0.0,0.0,0,none,0,1,0,overconfident,0.95,0,mild_drift,0.9603589212724541,0.0012990080593858677,0.8003967762456349,0.8551785493106174,1768132910.5176785,0.34446966648101807,0.08870382606983185
289,18496,18495,sea_abrupt4,sea,ts_drift_adapt,4,"error_divergence_ph_meta@error.threshold=0.10,error.min_instances=5",error_divergence_ph_meta,"{""divergence"": {""alpha"": 0.1, ""delta"": 0.005, ""min_instances"": 30, ""threshold"": 0.05}, ""error_rate"": {""alpha"": 0.15, ""delta"": 0.005, ""min_instances"": 5, ""threshold"": 0.1}}","{""error_rate"": {""min_instances"": 5, ""threshold"": 0.1}}",0.1,0.005,0.15,5,0.05,0.005,0.1,30,,,,-1,two_stage,2,0.5,"__confirm_cooldown=200,__confirm_rule=perm_test,__perm_alpha=0.01,__perm_delta_k=50,__perm_min_effect=0,__perm_n_perm=200,__perm_post_n=50,__perm_pre_n=200,__perm_rng_seed=0,__perm_stat=delta_fused_score,divergence=0.3,error_rate=0.5,teacher_entropy=0.2",3,0,200,0.0,0,10000,10.0,25.0,200,500,0,0,1.0,0.8152573529411765,0.5698262692748647,0.0,0.3054659068584442,0.008387831971049309,0,1,53,44,-1,perm_test,1.0,-0.0314816296839214,103,44,59,0.16666666666666666,0.16666666666666666,1,0.5,0.0,0.0,0.0,0,none,0,1,0,overconfident,0.95,0,mild_drift,0.960329460636227,0.0012995040296929338,0.8001983881228174,0.8550892746553087,1768132910.528408,0.18552525341510773,0.1293058842420578
290,18560,18559,sea_abrupt4,sea,ts_drift_adapt,4,"error_divergence_ph_meta@error.threshold=0.10,error.min_instances=5",error_divergence_ph_meta,"{""divergence"": {""alpha"": 0.1, ""delta"": 0.005, ""min_instances"": 30, ""threshold"": 0.05}, ""error_rate"": {""alpha"": 0.15, ""delta"": 0.005, ""min_instances"": 5, ""threshold"": 0.1}}","{""error_rate"": {""min_instances"": 5, ""threshold"": 0.1}}",0.1,0.005,0.15,5,0.05,0.005,0.1,30,,,,-1,two_stage,2,0.5,"__confirm_cooldown=200,__confirm_rule=perm_test,__perm_alpha=0.01,__perm_delta_k=50,__perm_min_effect=0,__perm_n_perm=200,__perm_post_n=50,__perm_pre_n=200,__perm_rng_seed=0,__perm_stat=delta_fused_score,divergence=0.3,error_rate=0.5,teacher_entropy=0.2",3,0,200,0.0,0,10000,10.0,25.0,200,500,0,0,1.0,0.8152478448275862,0.5698402381773764,0.16666666666666666,0.367530882358551,0.00904619786888361,1,0,53,45,1,perm_test,0.004975124378109453,0.09033609506697338,104,45,59,0.0,0.16666666666666666,0,0.0,0.0,0.0,0.0,0,none,1,1,0,overconfident,0.95,0,stable,0.9751647303181135,0.0010497520148464669,0.9000991940614087,0.9000446373276544,1768132910.5448077,0.4116224944591522,0.1374826729297638
291,18624,18623,sea_abrupt4,sea,ts_drift_adapt,4,"error_divergence_ph_meta@error.threshold=0.10,error.min_instances=5",error_divergence_ph_meta,"{""divergence"": {""alpha"": 0.1, ""delta"": 0.005, ""min_instances"": 30, ""threshold"": 0.05}, ""error_rate"": {""alpha"": 0.15, ""delta"": 0.005, ""min_instances"": 5, ""threshold"": 0.1}}","{""error_rate"": {""min_instances"": 5, ""threshold"": 0.1}}",0.1,0.005,0.15,5,0.05,0.005,0.1,30,,,,-1,two_stage,2,0.5,"__confirm_cooldown=200,__confirm_rule=perm_test,__perm_alpha=0.01,__perm_delta_k=50,__perm_min_effect=0,__perm_n_perm=200,__perm_post_n=50,__perm_pre_n=200,__perm_rng_seed=0,__perm_stat=delta_fused_score,divergence=0.3,error_rate=0.5,teacher_entropy=0.2",3,0,200,0.0,0,10000,10.0,25.0,200,500,1,136,1.0,0.8153994845360825,0.5701300858208956,0.3333333333333333,0.3188784122467041,0.016346288844943047,0,0,53,45,-1,perm_test,0.004975124378109453,0.09033609506697338,104,45,59,0.0,0.16666666666666666,0,0.0,0.0,0.0,0.0,0,none,0,1,0,overconfident,0.95,0,mild_drift,0.9677323651590567,0.0011748760074232335,0.8500495970307044,0.8775223186638272,1768132910.5551782,0.598279595375061,0.16481135785579681
292,18688,18687,sea_abrupt4,sea,ts_drift_adapt,4,"error_divergence_ph_meta@error.threshold=0.10,error.min_instances=5",error_divergence_ph_meta,"{""divergence"": {""alpha"": 0.1, ""delta"": 0.005, ""min_instances"": 30, ""threshold"": 0.05}, ""error_rate"": {""alpha"": 0.15, ""delta"": 0.005, ""min_instances"": 5, ""threshold"": 0.1}}","{""error_rate"": {""min_instances"": 5, ""threshold"": 0.1}}",0.1,0.005,0.15,5,0.05,0.005,0.1,30,,,,-1,two_stage,2,0.5,"__confirm_cooldown=200,__confirm_rule=perm_test,__perm_alpha=0.01,__perm_delta_k=50,__perm_min_effect=0,__perm_n_perm=200,__perm_post_n=50,__perm_pre_n=200,__perm_rng_seed=0,__perm_stat=delta_fused_score,divergence=0.3,error_rate=0.5,teacher_entropy=0.2",3,0,200,0.0,0,10000,10.0,25.0,200,500,1,72,1.0,0.8156571061643836,0.5706673056536827,0.0,0.3333818316459656,0.007382191251963377,0,0,53,45,-1,perm_test,0.004975124378109453,0.09033609506697338,104,45,59,0.0,0.3333333333333333,0,0.0,0.0,0.0,0.0,0,none,0,1,0,overconfident,0.95,0,mild_drift,0.9640161825795284,0.001237438003711617,0.8250247985153523,0.8662611593319136,1768132910.5652907,0.1340159773826599,0.11795144528150558
293,18752,18751,sea_abrupt4,sea,ts_drift_adapt,4,"error_divergence_ph_meta@error.threshold=0.10,error.min_instances=5",error_divergence_ph_meta,"{""divergence"": {""alpha"": 0.1, ""delta"": 0.005, ""min_instances"": 30, ""threshold"": 0.05}, ""error_rate"": {""alpha"": 0.15, ""delta"": 0.005, ""min_instances"": 5, ""threshold"": 0.1}}","{""error_rate"": {""min_instances"": 5, ""threshold"": 0.1}}",0.1,0.005,0.15,5,0.05,0.005,0.1,30,,,,-1,two_stage,2,0.5,"__confirm_cooldown=200,__confirm_rule=perm_test,__perm_alpha=0.01,__perm_delta_k=50,__perm_min_effect=0,__perm_n_perm=200,__perm_post_n=50,__perm_pre_n=200,__perm_rng_seed=0,__perm_stat=delta_fused_score,divergence=0.3,error_rate=0.5,teacher_entropy=0.2",3,0,200,0.0,0,10000,10.0,25.0,200,500,1,8,1.0,0.8157529863481229,0.5709484075012137,0.16666666666666666,0.30866265296936035,0.008773487992584705,0,0,53,45,-1,perm_test,0.004975124378109453,0.09033609506697338,104,45,59,0.0,0.16666666666666666,0,0.0,0.0,0.0,0.0,0,none,0,1,0,overconfident,0.95,0,mild_drift,0.9621580912897642,0.0012687190018558087,0.8125123992576762,0.8606305796659568,1768132910.5754435,0.4617343246936798,0.15248249471187592
294,18816,18815,sea_abrupt4,sea,ts_drift_adapt,4,"error_divergence_ph_meta@error.threshold=0.10,error.min_instances=5",error_divergence_ph_meta,"{""divergence"": {""alpha"": 0.1, ""delta"": 0.005, ""min_instances"": 30, ""threshold"": 0.05}, ""error_rate"": {""alpha"": 0.15, ""delta"": 0.005, ""min_instances"": 5, ""threshold"": 0.1}}","{""error_rate"": {""min_instances"": 5, ""threshold"": 0.1}}",0.1,0.005,0.15,5,0.05,0.005,0.1,30,,,,-1,two_stage,2,0.5,"__confirm_cooldown=200,__confirm_rule=perm_test,__perm_alpha=0.01,__perm_delta_k=50,__perm_min_effect=0,__perm_n_perm=200,__perm_post_n=50,__perm_pre_n=200,__perm_rng_seed=0,__perm_stat=delta_fused_score,divergence=0.3,error_rate=0.5,teacher_entropy=0.2",3,0,200,0.0,0,10000,10.0,25.0,200,500,0,0,1.0,0.8157950680272109,0.5710058506399741,0.3333333333333333,0.32041022181510925,0.012731797993183136,1,1,54,46,0,perm_test,0.004975124378109453,0.06616526440930798,105,46,59,0.3333333333333333,0.16666666666666666,1,0.5,0.0,0.0,0.0,0,none,1,1,0,overconfident,0.95,0,severe_drift,0.9265790456448821,0.0016343595009279044,0.6562561996288381,0.8353152898329784,1768132910.5918598,0.6385310292243958,0.15093040466308594
295,18880,18879,sea_abrupt4,sea,ts_drift_adapt,4,"error_divergence_ph_meta@error.threshold=0.10,error.min_instances=5",error_divergence_ph_meta,"{""divergence"": {""alpha"": 0.1, ""delta"": 0.005, ""min_instances"": 30, ""threshold"": 0.05}, ""error_rate"": {""alpha"": 0.15, ""delta"": 0.005, ""min_instances"": 5, ""threshold"": 0.1}}","{""error_rate"": {""min_instances"": 5, ""threshold"": 0.1}}",0.1,0.005,0.15,5,0.05,0.005,0.1,30,,,,-1,two_stage,2,0.5,"__confirm_cooldown=200,__confirm_rule=perm_test,__perm_alpha=0.01,__perm_delta_k=50,__perm_min_effect=0,__perm_n_perm=200,__perm_post_n=50,__perm_pre_n=200,__perm_rng_seed=0,__perm_stat=delta_fused_score,divergence=0.3,error_rate=0.5,teacher_entropy=0.2",3,0,200,0.0,0,10000,10.0,25.0,200,500,1,136,1.0,0.8161016949152542,0.5718075360597529,0.16666666666666666,0.3432168662548065,0.016269106417894363,0,0,54,46,-1,perm_test,0.004975124378109453,0.06616526440930798,105,46,59,0.0,0.16666666666666666,0,0.0,0.0,0.0,0.0,0,none,0,1,0,overconfident,0.95,0,mild_drift,0.943439522822441,0.0014671797504639521,0.7281280998144191,0.8451576449164893,1768132910.6023831,0.18004156649112701,0.17832504212856293
296,18944,18943,sea_abrupt4,sea,ts_drift_adapt,4,"error_divergence_ph_meta@error.threshold=0.10,error.min_instances=5",error_divergence_ph_meta,"{""divergence"": {""alpha"": 0.1, ""delta"": 0.005, ""min_instances"": 30, ""threshold"": 0.05}, ""error_rate"": {""alpha"": 0.15, ""delta"": 0.005, ""min_instances"": 5, ""threshold"": 0.1}}","{""error_rate"": {""min_instances"": 5, ""threshold"": 0.1}}",0.1,0.005,0.15,5,0.05,0.005,0.1,30,,,,-1,two_stage,2,0.5,"__confirm_cooldown=200,__confirm_rule=perm_test,__perm_alpha=0.01,__perm_delta_k=50,__perm_min_effect=0,__perm_n_perm=200,__perm_post_n=50,__perm_pre_n=200,__perm_rng_seed=0,__perm_stat=delta_fused_score,divergence=0.3,error_rate=0.5,teacher_entropy=0.2",3,0,200,0.0,0,10000,10.0,25.0,200,500,1,72,1.0,0.8162478885135135,0.5722196725358524,0.16666666666666666,0.3441789746284485,0.010925314389169216,0,0,54,46,-1,perm_test,0.004975124378109453,0.06616526440930798,105,46,59,0.0,0.005343792028725147,0,0.0,0.0,0.0,0.0,0,none,0,1,0,overconfident,0.95,0,mild_drift,0.9518697614112205,0.001383589875231976,0.7640640499072096,0.8500788224582446,1768132910.6125367,0.31678077578544617,0.1362823247909546
297,19008,19007,sea_abrupt4,sea,ts_drift_adapt,4,"error_divergence_ph_meta@error.threshold=0.10,error.min_instances=5",error_divergence_ph_meta,"{""divergence"": {""alpha"": 0.1, ""delta"": 0.005, ""min_instances"": 30, ""threshold"": 0.05}, ""error_rate"": {""alpha"": 0.15, ""delta"": 0.005, ""min_instances"": 5, ""threshold"": 0.1}}","{""error_rate"": {""min_instances"": 5, ""threshold"": 0.1}}",0.1,0.005,0.15,5,0.05,0.005,0.1,30,,,,-1,two_stage,2,0.5,"__confirm_cooldown=200,__confirm_rule=perm_test,__perm_alpha=0.01,__perm_delta_k=50,__perm_min_effect=0,__perm_n_perm=200,__perm_post_n=50,__perm_pre_n=200,__perm_rng_seed=0,__perm_stat=delta_fused_score,divergence=0.3,error_rate=0.5,teacher_entropy=0.2",3,0,200,0.0,0,10000,10.0,25.0,200,500,1,8,1.0,0.8164983164983165,0.5731772559826055,0.0,0.3426838517189026,0.01693642884492874,0,0,54,46,-1,perm_test,0.004975124378109453,0.06616526440930798,105,46,59,0.0,0.16666666666666666,0,0.0,0.0,0.0,0.0,0,none,0,1,0,overconfident,0.95,0,mild_drift,0.9560848807056102,0.0013417949376159882,0.7820320249536048,0.8525394112291222,1768132910.6229985,0.14544081687927246,0.1833517849445343
298,19072,19071,sea_abrupt4,sea,ts_drift_adapt,4,"error_divergence_ph_meta@error.threshold=0.10,error.min_instances=5",error_divergence_ph_meta,"{""divergence"": {""alpha"": 0.1, ""delta"": 0.005, ""min_instances"": 30, ""threshold"": 0.05}, ""error_rate"": {""alpha"": 0.15, ""delta"": 0.005, ""min_instances"": 5, ""threshold"": 0.1}}","{""error_rate"": {""min_instances"": 5, ""threshold"": 0.1}}",0.1,0.005,0.15,5,0.05,0.005,0.1,30,,,,-1,two_stage,2,0.5,"__confirm_cooldown=200,__confirm_rule=perm_test,__perm_alpha=0.01,__perm_delta_k=50,__perm_min_effect=0,__perm_n_perm=200,__perm_post_n=50,__perm_pre_n=200,__perm_rng_seed=0,__perm_stat=delta_fused_score,divergence=0.3,error_rate=0.5,teacher_entropy=0.2",3,0,200,0.0,0,10000,10.0,25.0,200,500,0,0,1.0,0.816380033557047,0.5731284647526435,0.3333333333333333,0.3732353150844574,0.013242160901427269,0,0,54,46,-1,perm_test,0.004975124378109453,0.06616526440930798,105,46,59,0.0,0.3333333333333333,0,0.0,0.0,0.0,0.0,0,none,0,1,0,overconfident,0.95,0,mild_drift,0.958192440352805,0.0013208974688079943,0.7910160124768024,0.8537697056145611,1768132910.6332657,0.4981628954410553,0.16730979084968567
299,19136,19135,sea_abrupt4,sea,ts_drift_adapt,4,"error_divergence_ph_meta@error.threshold=0.10,error.min_instances=5",error_divergence_ph_meta,"{""divergence"": {""alpha"": 0.1, ""delta"": 0.005, ""min_instances"": 30, ""threshold"": 0.05}, ""error_rate"": {""alpha"": 0.15, ""delta"": 0.005, ""min_instances"": 5, ""threshold"": 0.1}}","{""error_rate"": {""min_instances"": 5, ""threshold"": 0.1}}",0.1,0.005,0.15,5,0.05,0.005,0.1,30,,,,-1,two_stage,2,0.5,"__confirm_cooldown=200,__confirm_rule=perm_test,__perm_alpha=0.01,__perm_delta_k=50,__perm_min_effect=0,__perm_n_perm=200,__perm_post_n=50,__perm_pre_n=200,__perm_rng_seed=0,__perm_stat=delta_fused_score,divergence=0.3,error_rate=0.5,teacher_entropy=0.2",3,0,200,0.0,0,10000,10.0,25.0,200,500,0,0,1.0,0.8164193143812709,0.5734988197883324,0.6666666666666666,0.39982694387435913,0.01348088774830103,1,1,55,47,0,perm_test,0.004975124378109453,0.13927066631389667,106,47,59,0.3333333333333333,0.3333333333333333,1,0.5,0.0,0.0,0.0,0,none,1,1,0,overconfident,0.95,0,severe_drift,0.9245962201764025,0.0016604487344039972,0.6455080062384012,0.8318848528072806,1768132910.6491184,1.0372447967529297,0.17538024485111237
300,19200,19199,sea_abrupt4,sea,ts_drift_adapt,4,"error_divergence_ph_meta@error.threshold=0.10,error.min_instances=5",error_divergence_ph_meta,"{""divergence"": {""alpha"": 0.1, ""delta"": 0.005, ""min_instances"": 30, ""threshold"": 0.05}, ""error_rate"": {""alpha"": 0.15, ""delta"": 0.005, ""min_instances"": 5, ""threshold"": 0.1}}","{""error_rate"": {""min_instances"": 5, ""threshold"": 0.1}}",0.1,0.005,0.15,5,0.05,0.005,0.1,30,,,,-1,two_stage,2,0.5,"__confirm_cooldown=200,__confirm_rule=perm_test,__perm_alpha=0.01,__perm_delta_k=50,__perm_min_effect=0,__perm_n_perm=200,__perm_post_n=50,__perm_pre_n=200,__perm_rng_seed=0,__perm_stat=delta_fused_score,divergence=0.3,error_rate=0.5,teacher_entropy=0.2",3,0,200,0.0,0,10000,10.0,25.0,200,500,1,136,1.0,0.8165104166666667,0.5738298396481344,0.0,0.3213726282119751,0.01643792912364006,0,0,55,47,-1,perm_test,0.004975124378109453,0.13927066631389667,106,47,59,0.0,0.6666666666666666,0,0.0,0.0,0.0,0.0,0,none,0,1,0,overconfident,0.95,0,mild_drift,0.9424481100882012,0.0014802243672019987,0.7227540031192006,0.8434424264036403,1768132910.6591816,0.06712084263563156,0.2145947366952896
301,19264,19263,sea_abrupt4,sea,ts_drift_adapt,4,"error_divergence_ph_meta@error.threshold=0.10,error.min_instances=5",error_divergence_ph_meta,"{""divergence"": {""alpha"": 0.1, ""delta"": 0.005, ""min_instances"": 30, ""threshold"": 0.05}, ""error_rate"": {""alpha"": 0.15, ""delta"": 0.005, ""min_instances"": 5, ""threshold"": 0.1}}","{""error_rate"": {""min_instances"": 5, ""threshold"": 0.1}}",0.1,0.005,0.15,5,0.05,0.005,0.1,30,,,,-1,two_stage,2,0.5,"__confirm_cooldown=200,__confirm_rule=perm_test,__perm_alpha=0.01,__perm_delta_k=50,__perm_min_effect=0,__perm_n_perm=200,__perm_post_n=50,__perm_pre_n=200,__perm_rng_seed=0,__perm_stat=delta_fused_score,divergence=0.3,error_rate=0.5,teacher_entropy=0.2",3,0,200,0.0,0,10000,10.0,25.0,200,500,1,72,1.0,0.8164451827242525,0.5738029631164628,0.16666666666666666,0.39351075887680054,0.017353788018226624,0,0,55,47,-1,perm_test,0.004975124378109453,0.13927066631389667,106,47,59,0.0,0.16666666666666666,0,0.0,0.0,0.0,0.0,0,none,0,1,0,overconfident,0.95,0,mild_drift,0.9513740550441006,0.0013901121836009994,0.7613770015596003,0.8492212132018202,1768132910.6691568,0.31278273463249207,0.17315128445625305
302,19328,19327,sea_abrupt4,sea,ts_drift_adapt,4,"error_divergence_ph_meta@error.threshold=0.10,error.min_instances=5",error_divergence_ph_meta,"{""divergence"": {""alpha"": 0.1, ""delta"": 0.005, ""min_instances"": 30, ""threshold"": 0.05}, ""error_rate"": {""alpha"": 0.15, ""delta"": 0.005, ""min_instances"": 5, ""threshold"": 0.1}}","{""error_rate"": {""min_instances"": 5, ""threshold"": 0.1}}",0.1,0.005,0.15,5,0.05,0.005,0.1,30,,,,-1,two_stage,2,0.5,"__confirm_cooldown=200,__confirm_rule=perm_test,__perm_alpha=0.01,__perm_delta_k=50,__perm_min_effect=0,__perm_n_perm=200,__perm_post_n=50,__perm_pre_n=200,__perm_rng_seed=0,__perm_stat=delta_fused_score,divergence=0.3,error_rate=0.5,teacher_entropy=0.2",3,0,200,0.0,0,10000,10.0,25.0,200,500,1,8,1.0,0.8166908112582781,0.574387265023021,0.0,0.37108057737350464,0.017280995845794678,0,0,55,47,-1,perm_test,0.004975124378109453,0.13927066631389667,106,47,59,0.0,0.16666666666666666,0,0.0,0.0,0.0,0.0,0,none,0,1,0,overconfident,0.95,0,mild_drift,0.9558370275220502,0.0013450560918004998,0.7806885007798001,0.8521106066009101,1768132910.67917,0.46744170784950256,0.20118515193462372
303,19392,19391,sea_abrupt4,sea,ts_drift_adapt,4,"error_divergence_ph_meta@error.threshold=0.10,error.min_instances=5",error_divergence_ph_meta,"{""divergence"": {""alpha"": 0.1, ""delta"": 0.005, ""min_instances"": 30, ""threshold"": 0.05}, ""error_rate"": {""alpha"": 0.15, ""delta"": 0.005, ""min_instances"": 5, ""threshold"": 0.1}}","{""error_rate"": {""min_instances"": 5, ""threshold"": 0.1}}",0.1,0.005,0.15,5,0.05,0.005,0.1,30,,,,-1,two_stage,2,0.5,"__confirm_cooldown=200,__confirm_rule=perm_test,__perm_alpha=0.01,__perm_delta_k=50,__perm_min_effect=0,__perm_n_perm=200,__perm_post_n=50,__perm_pre_n=200,__perm_rng_seed=0,__perm_stat=delta_fused_score,divergence=0.3,error_rate=0.5,teacher_entropy=0.2",3,0,200,0.0,0,10000,10.0,25.0,200,500,0,0,1.0,0.8167801155115512,0.5748308734658503,0.0,0.39850497245788574,0.0172178503125906,0,0,55,47,-1,perm_test,0.004975124378109453,0.13927066631389667,106,47,59,0.0,6.314553320407867e-05,0,0.0,0.0,0.0,0.0,0,none,0,1,0,overconfident,0.95,0,mild_drift,0.9580685137610251,0.00132252804590025,0.7903442503899001,0.853555303300455,1768132910.689412,0.22603385150432587,0.22169822454452515
304,19456,19455,sea_abrupt4,sea,ts_drift_adapt,4,"error_divergence_ph_meta@error.threshold=0.10,error.min_instances=5",error_divergence_ph_meta,"{""divergence"": {""alpha"": 0.1, ""delta"": 0.005, ""min_instances"": 30, ""threshold"": 0.05}, ""error_rate"": {""alpha"": 0.15, ""delta"": 0.005, ""min_instances"": 5, ""threshold"": 0.1}}","{""error_rate"": {""min_instances"": 5, ""threshold"": 0.1}}",0.1,0.005,0.15,5,0.05,0.005,0.1,30,,,,-1,two_stage,2,0.5,"__confirm_cooldown=200,__confirm_rule=perm_test,__perm_alpha=0.01,__perm_delta_k=50,__perm_min_effect=0,__perm_n_perm=200,__perm_post_n=50,__perm_pre_n=200,__perm_rng_seed=0,__perm_stat=delta_fused_score,divergence=0.3,error_rate=0.5,teacher_entropy=0.2",3,0,200,0.0,0,10000,10.0,25.0,200,500,0,0,1.0,0.8169716282894737,0.5755277896444361,0.16666666666666666,0.3303180932998657,0.013647965155541897,1,1,56,48,0,perm_test,0.004975124378109453,0.05674013419238767,107,48,59,0.5,0.16666666666666666,1,0.5,0.0,0.0,0.0,0,none,1,1,0,overconfident,0.95,0,severe_drift,0.9245342568805126,0.001661264022950125,0.64517212519495,0.8317776516502275,1768132910.7055416,0.36853647232055664,0.1750781536102295
305,19520,19519,sea_abrupt4,sea,ts_drift_adapt,4,"error_divergence_ph_meta@error.threshold=0.10,error.min_instances=5",error_divergence_ph_meta,"{""divergence"": {""alpha"": 0.1, ""delta"": 0.005, ""min_instances"": 30, ""threshold"": 0.05}, ""error_rate"": {""alpha"": 0.15, ""delta"": 0.005, ""min_instances"": 5, ""threshold"": 0.1}}","{""error_rate"": {""min_instances"": 5, ""threshold"": 0.1}}",0.1,0.005,0.15,5,0.05,0.005,0.1,30,,,,-1,two_stage,2,0.5,"__confirm_cooldown=200,__confirm_rule=perm_test,__perm_alpha=0.01,__perm_delta_k=50,__perm_min_effect=0,__perm_n_perm=200,__perm_post_n=50,__perm_pre_n=200,__perm_rng_seed=0,__perm_stat=delta_fused_score,divergence=0.3,error_rate=0.5,teacher_entropy=0.2",3,0,200,0.0,0,10000,10.0,25.0,200,500,1,136,1.0,0.8170594262295082,0.5757795232132719,0.16666666666666666,0.3165906071662903,0.008709440939128399,0,0,56,48,-1,perm_test,0.004975124378109453,0.05674013419238767,107,48,59,0.0,0.004938524216413498,0,0.0,0.0,0.0,0.0,0,none,0,1,0,overconfident,0.95,0,mild_drift,0.9424171284402563,0.0014806320114750626,0.722586062597475,0.8433888258251138,1768132910.7180948,0.4594579041004181,0.12510260939598083
306,19584,19583,sea_abrupt4,sea,ts_drift_adapt,4,"error_divergence_ph_meta@error.threshold=0.10,error.min_instances=5",error_divergence_ph_meta,"{""divergence"": {""alpha"": 0.1, ""delta"": 0.005, ""min_instances"": 30, ""threshold"": 0.05}, ""error_rate"": {""alpha"": 0.15, ""delta"": 0.005, ""min_instances"": 5, ""threshold"": 0.1}}","{""error_rate"": {""min_instances"": 5, ""threshold"": 0.1}}",0.1,0.005,0.15,5,0.05,0.005,0.1,30,,,,-1,two_stage,2,0.5,"__confirm_cooldown=200,__confirm_rule=perm_test,__perm_alpha=0.01,__perm_delta_k=50,__perm_min_effect=0,__perm_n_perm=200,__perm_post_n=50,__perm_pre_n=200,__perm_rng_seed=0,__perm_stat=delta_fused_score,divergence=0.3,error_rate=0.5,teacher_entropy=0.2",3,0,200,0.0,0,10000,10.0,25.0,200,500,1,72,1.0,0.8168402777777778,0.5753191716568373,0.16666666666666666,0.39914801716804504,0.008449464105069637,0,0,56,48,-1,perm_test,0.004975124378109453,0.05674013419238767,107,48,59,0.0,0.0002599768340587616,0,0.0,0.0,0.0,0.0,0,none,0,1,0,overconfident,0.95,0,mild_drift,0.9513585642201281,0.0013903160057375315,0.7612930312987376,0.8491944129125568,1768132910.7305796,0.32488909363746643,0.1119791567325592
307,19648,19647,sea_abrupt4,sea,ts_drift_adapt,4,"error_divergence_ph_meta@error.threshold=0.10,error.min_instances=5",error_divergence_ph_meta,"{""divergence"": {""alpha"": 0.1, ""delta"": 0.005, ""min_instances"": 30, ""threshold"": 0.05}, ""error_rate"": {""alpha"": 0.15, ""delta"": 0.005, ""min_instances"": 5, ""threshold"": 0.1}}","{""error_rate"": {""min_instances"": 5, ""threshold"": 0.1}}",0.1,0.005,0.15,5,0.05,0.005,0.1,30,,,,-1,two_stage,2,0.5,"__confirm_cooldown=200,__confirm_rule=perm_test,__perm_alpha=0.01,__perm_delta_k=50,__perm_min_effect=0,__perm_n_perm=200,__perm_post_n=50,__perm_pre_n=200,__perm_rng_seed=0,__perm_stat=delta_fused_score,divergence=0.3,error_rate=0.5,teacher_entropy=0.2",3,0,200,0.0,0,10000,10.0,25.0,200,500,1,8,1.0,0.8169788273615635,0.5756736447829403,0.6666666666666666,0.3396719992160797,0.009384024888277054,0,0,56,48,-1,perm_test,0.004975124378109453,0.05674013419238767,107,48,59,0.0,0.5,0,0.0,0.0,0.0,0.0,0,none,0,1,0,overconfident,0.95,0,mild_drift,0.955829282110064,0.001345158002868766,0.7806465156493688,0.8520972064562784,1768132910.7431314,0.8665701746940613,0.08230109512805939
308,19712,19711,sea_abrupt4,sea,ts_drift_adapt,4,"error_divergence_ph_meta@error.threshold=0.10,error.min_instances=5",error_divergence_ph_meta,"{""divergence"": {""alpha"": 0.1, ""delta"": 0.005, ""min_instances"": 30, ""threshold"": 0.05}, ""error_rate"": {""alpha"": 0.15, ""delta"": 0.005, ""min_instances"": 5, ""threshold"": 0.1}}","{""error_rate"": {""min_instances"": 5, ""threshold"": 0.1}}",0.1,0.005,0.15,5,0.05,0.005,0.1,30,,,,-1,two_stage,2,0.5,"__confirm_cooldown=200,__confirm_rule=perm_test,__perm_alpha=0.01,__perm_delta_k=50,__perm_min_effect=0,__perm_n_perm=200,__perm_post_n=50,__perm_pre_n=200,__perm_rng_seed=0,__perm_stat=delta_fused_score,divergence=0.3,error_rate=0.5,teacher_entropy=0.2",3,0,200,0.0,0,10000,10.0,25.0,200,500,0,0,1.0,0.8170150162337663,0.5758953880304092,0.16666666666666666,0.36265829205513,0.0076008872129023075,0,0,56,48,-1,perm_test,0.004975124378109453,0.05674013419238767,107,48,59,0.0,0.5,0,0.0,0.0,0.0,0.0,0,none,0,1,0,overconfident,0.95,0,mild_drift,0.958064641055032,0.001322579001434383,0.7903232578246844,0.8535486032281392,1768132910.753314,0.34502217173576355,0.10751181095838547
309,19776,19775,sea_abrupt4,sea,ts_drift_adapt,4,"error_divergence_ph_meta@error.threshold=0.10,error.min_instances=5",error_divergence_ph_meta,"{""divergence"": {""alpha"": 0.1, ""delta"": 0.005, ""min_instances"": 30, ""threshold"": 0.05}, ""error_rate"": {""alpha"": 0.15, ""delta"": 0.005, ""min_instances"": 5, ""threshold"": 0.1}}","{""error_rate"": {""min_instances"": 5, ""threshold"": 0.1}}",0.1,0.005,0.15,5,0.05,0.005,0.1,30,,,,-1,two_stage,2,0.5,"__confirm_cooldown=200,__confirm_rule=perm_test,__perm_alpha=0.01,__perm_delta_k=50,__perm_min_effect=0,__perm_n_perm=200,__perm_post_n=50,__perm_pre_n=200,__perm_rng_seed=0,__perm_stat=delta_fused_score,divergence=0.3,error_rate=0.5,teacher_entropy=0.2",3,0,200,0.0,0,10000,10.0,25.0,200,500,0,0,1.0,0.8173038025889967,0.5766674372884318,0.0,0.3175065815448761,0.008908537216484547,0,1,57,48,-1,perm_test,1.0,-0.12736097873941427,108,48,60,0.16666666666666666,0.16666666666666666,1,0.5,0.0,0.0,0.0,0,none,0,1,0,overconfident,0.95,0,mild_drift,0.959182320527516,0.0013112895007171914,0.7951616289123422,0.8542743016140696,1768132910.7636888,0.14264430105686188,0.14364947378635406
310,19840,19839,sea_abrupt4,sea,ts_drift_adapt,4,"error_divergence_ph_meta@error.threshold=0.10,error.min_instances=5",error_divergence_ph_meta,"{""divergence"": {""alpha"": 0.1, ""delta"": 0.005, ""min_instances"": 30, ""threshold"": 0.05}, ""error_rate"": {""alpha"": 0.15, ""delta"": 0.005, ""min_instances"": 5, ""threshold"": 0.1}}","{""error_rate"": {""min_instances"": 5, ""threshold"": 0.1}}",0.1,0.005,0.15,5,0.05,0.005,0.1,30,,,,-1,two_stage,2,0.5,"__confirm_cooldown=200,__confirm_rule=perm_test,__perm_alpha=0.01,__perm_delta_k=50,__perm_min_effect=0,__perm_n_perm=200,__perm_post_n=50,__perm_pre_n=200,__perm_rng_seed=0,__perm_stat=delta_fused_score,divergence=0.3,error_rate=0.5,teacher_entropy=0.2",3,0,200,0.0,0,10000,10.0,25.0,200,500,0,0,1.0,0.8173387096774194,0.5768460415247649,0.0,0.3616977632045746,0.011541726067662239,1,0,57,49,1,perm_test,0.004975124378109453,0.07976019634510911,109,49,60,0.0,0.0026331888511776924,0,0.0,0.0,0.0,0.0,0,none,1,1,0,overconfident,0.95,0,stable,0.974591160263758,0.0010556447503585957,0.8975808144561711,0.8996371508070349,1768132910.7796462,0.14611022174358368,0.15076877176761627
311,19904,19903,sea_abrupt4,sea,ts_drift_adapt,4,"error_divergence_ph_meta@error.threshold=0.10,error.min_instances=5",error_divergence_ph_meta,"{""divergence"": {""alpha"": 0.1, ""delta"": 0.005, ""min_instances"": 30, ""threshold"": 0.05}, ""error_rate"": {""alpha"": 0.15, ""delta"": 0.005, ""min_instances"": 5, ""threshold"": 0.1}}","{""error_rate"": {""min_instances"": 5, ""threshold"": 0.1}}",0.1,0.005,0.15,5,0.05,0.005,0.1,30,,,,-1,two_stage,2,0.5,"__confirm_cooldown=200,__confirm_rule=perm_test,__perm_alpha=0.01,__perm_delta_k=50,__perm_min_effect=0,__perm_n_perm=200,__perm_post_n=50,__perm_pre_n=200,__perm_rng_seed=0,__perm_stat=delta_fused_score,divergence=0.3,error_rate=0.5,teacher_entropy=0.2",3,0,200,0.0,0,10000,10.0,25.0,200,500,1,136,1.0,0.8174236334405145,0.5772664739028947,0.3333333333333333,0.3740554749965668,0.009392449632287025,0,0,57,49,-1,perm_test,0.004975124378109453,0.07976019634510911,109,49,60,0.0,0.3333333333333333,0,0.0,0.0,0.0,0.0,0,none,0,1,0,overconfident,0.95,0,mild_drift,0.967445580131879,0.001177822375179298,0.8487904072280856,0.8773185754035174,1768132910.7896013,0.41853341460227966,0.08966948837041855
312,19968,19967,sea_abrupt4,sea,ts_drift_adapt,4,"error_divergence_ph_meta@error.threshold=0.10,error.min_instances=5",error_divergence_ph_meta,"{""divergence"": {""alpha"": 0.1, ""delta"": 0.005, ""min_instances"": 30, ""threshold"": 0.05}, ""error_rate"": {""alpha"": 0.15, ""delta"": 0.005, ""min_instances"": 5, ""threshold"": 0.1}}","{""error_rate"": {""min_instances"": 5, ""threshold"": 0.1}}",0.1,0.005,0.15,5,0.05,0.005,0.1,30,,,,-1,two_stage,2,0.5,"__confirm_cooldown=200,__confirm_rule=perm_test,__perm_alpha=0.01,__perm_delta_k=50,__perm_min_effect=0,__perm_n_perm=200,__perm_post_n=50,__perm_pre_n=200,__perm_rng_seed=0,__perm_stat=delta_fused_score,divergence=0.3,error_rate=0.5,teacher_entropy=0.2",3,0,200,0.0,0,10000,10.0,25.0,200,500,1,72,1.0,0.8176081730769231,0.577578603240111,0.16666666666666666,0.3487802743911743,0.01054756622761488,0,0,57,49,-1,perm_test,0.004975124378109453,0.07976019634510911,109,49,60,0.0,0.16666666666666666,0,0.0,0.0,0.0,0.0,0,none,0,1,0,overconfident,0.95,0,mild_drift,0.9638727900659394,0.0012389111875896492,0.8243952036140428,0.8661592877017588,1768132910.7997837,0.35305413603782654,0.1080099567770958
313,20032,20031,sea_abrupt4,sea,ts_drift_adapt,4,"error_divergence_ph_meta@error.threshold=0.10,error.min_instances=5",error_divergence_ph_meta,"{""divergence"": {""alpha"": 0.1, ""delta"": 0.005, ""min_instances"": 30, ""threshold"": 0.05}, ""error_rate"": {""alpha"": 0.15, ""delta"": 0.005, ""min_instances"": 5, ""threshold"": 0.1}}","{""error_rate"": {""min_instances"": 5, ""threshold"": 0.1}}",0.1,0.005,0.15,5,0.05,0.005,0.1,30,,,,-1,two_stage,2,0.5,"__confirm_cooldown=200,__confirm_rule=perm_test,__perm_alpha=0.01,__perm_delta_k=50,__perm_min_effect=0,__perm_n_perm=200,__perm_post_n=50,__perm_pre_n=200,__perm_rng_seed=0,__perm_stat=delta_fused_score,divergence=0.3,error_rate=0.5,teacher_entropy=0.2",3,0,200,0.0,0,10000,10.0,25.0,200,500,1,8,1.0,0.8175918530351438,0.5775577240809823,0.0,0.3471227288246155,0.010247252881526947,0,0,57,49,-1,perm_test,0.004975124378109453,0.07976019634510911,109,49,60,0.0,0.16666666666666666,0,0.0,0.0,0.0,0.0,0,none,0,1,0,overconfident,0.95,0,mild_drift,0.9620863950329697,0.0012694555937948246,0.8121976018070214,0.8605796438508794,1768132910.8098109,0.034721821546554565,0.11503374576568604
314,20096,20095,sea_abrupt4,sea,ts_drift_adapt,4,"error_divergence_ph_meta@error.threshold=0.10,error.min_instances=5",error_divergence_ph_meta,"{""divergence"": {""alpha"": 0.1, ""delta"": 0.005, ""min_instances"": 30, ""threshold"": 0.05}, ""error_rate"": {""alpha"": 0.15, ""delta"": 0.005, ""min_instances"": 5, ""threshold"": 0.1}}","{""error_rate"": {""min_instances"": 5, ""threshold"": 0.1}}",0.1,0.005,0.15,5,0.05,0.005,0.1,30,,,,-1,two_stage,2,0.5,"__confirm_cooldown=200,__confirm_rule=perm_test,__perm_alpha=0.01,__perm_delta_k=50,__perm_min_effect=0,__perm_n_perm=200,__perm_post_n=50,__perm_pre_n=200,__perm_rng_seed=0,__perm_stat=delta_fused_score,divergence=0.3,error_rate=0.5,teacher_entropy=0.2",3,0,200,0.0,0,10000,10.0,25.0,200,500,0,0,1.0,0.8176751592356688,0.5775042687812979,0.16666666666666666,0.3459855318069458,0.007235686294734478,0,1,58,49,-1,perm_test,0.43283582089552236,0.0019758265061722985,110,49,61,0.16666666666666666,0.16666666666666666,1,0.5,0.0,0.0,0.0,0,none,0,1,0,overconfident,0.95,0,mild_drift,0.9611931975164848,0.0012847277968974125,0.8060988009035107,0.8577898219254396,1768132910.825546,0.31668350100517273,0.1033986508846283
315,20160,20159,sea_abrupt4,sea,ts_drift_adapt,4,"error_divergence_ph_meta@error.threshold=0.10,error.min_instances=5",error_divergence_ph_meta,"{""divergence"": {""alpha"": 0.1, ""delta"": 0.005, ""min_instances"": 30, ""threshold"": 0.05}, ""error_rate"": {""alpha"": 0.15, ""delta"": 0.005, ""min_instances"": 5, ""threshold"": 0.1}}","{""error_rate"": {""min_instances"": 5, ""threshold"": 0.1}}",0.1,0.005,0.15,5,0.05,0.005,0.1,30,,,,-1,two_stage,2,0.5,"__confirm_cooldown=200,__confirm_rule=perm_test,__perm_alpha=0.01,__perm_delta_k=50,__perm_min_effect=0,__perm_n_perm=200,__perm_post_n=50,__perm_pre_n=200,__perm_rng_seed=0,__perm_stat=delta_fused_score,divergence=0.3,error_rate=0.5,teacher_entropy=0.2",3,0,200,0.0,0,10000,10.0,25.0,200,500,0,0,1.0,0.8175595238095238,0.5771119561643803,0.3333333333333333,0.33464133739471436,0.009802311658859253,0,0,58,49,-1,perm_test,1.0,-0.07265078879058445,111,49,62,0.0,0.16666666666666666,0,0.0,0.0,0.0,0.0,0,none,0,1,0,overconfident,0.95,0,mild_drift,0.9607465987582424,0.0012923638984487064,0.8030494004517554,0.8563949109627198,1768132910.835843,0.4451364278793335,0.10545969009399414
316,20224,20223,sea_abrupt4,sea,ts_drift_adapt,4,"error_divergence_ph_meta@error.threshold=0.10,error.min_instances=5",error_divergence_ph_meta,"{""divergence"": {""alpha"": 0.1, ""delta"": 0.005, ""min_instances"": 30, ""threshold"": 0.05}, ""error_rate"": {""alpha"": 0.15, ""delta"": 0.005, ""min_instances"": 5, ""threshold"": 0.1}}","{""error_rate"": {""min_instances"": 5, ""threshold"": 0.1}}",0.1,0.005,0.15,5,0.05,0.005,0.1,30,,,,-1,two_stage,2,0.5,"__confirm_cooldown=200,__confirm_rule=perm_test,__perm_alpha=0.01,__perm_delta_k=50,__perm_min_effect=0,__perm_n_perm=200,__perm_post_n=50,__perm_pre_n=200,__perm_rng_seed=0,__perm_stat=delta_fused_score,divergence=0.3,error_rate=0.5,teacher_entropy=0.2",3,0,200,0.0,0,10000,10.0,25.0,200,500,0,0,1.0,0.8175435126582279,0.5768781071097598,0.16666666666666666,0.35814955830574036,0.009287957102060318,0,0,58,49,-1,perm_test,1.0,-0.1066937472491711,112,49,63,0.0,0.16666666666666666,0,0.0,0.0,0.0,0.0,0,none,0,1,0,overconfident,0.95,0,mild_drift,0.9605232993791212,0.0012961819492243532,0.8015247002258777,0.8556974554813599,1768132910.8460174,0.4056432545185089,0.08816493302583694
317,20288,20287,sea_abrupt4,sea,ts_drift_adapt,4,"error_divergence_ph_meta@error.threshold=0.10,error.min_instances=5",error_divergence_ph_meta,"{""divergence"": {""alpha"": 0.1, ""delta"": 0.005, ""min_instances"": 30, ""threshold"": 0.05}, ""error_rate"": {""alpha"": 0.15, ""delta"": 0.005, ""min_instances"": 5, ""threshold"": 0.1}}","{""error_rate"": {""min_instances"": 5, ""threshold"": 0.1}}",0.1,0.005,0.15,5,0.05,0.005,0.1,30,,,,-1,two_stage,2,0.5,"__confirm_cooldown=200,__confirm_rule=perm_test,__perm_alpha=0.01,__perm_delta_k=50,__perm_min_effect=0,__perm_n_perm=200,__perm_post_n=50,__perm_pre_n=200,__perm_rng_seed=0,__perm_stat=delta_fused_score,divergence=0.3,error_rate=0.5,teacher_entropy=0.2",3,0,200,0.0,0,10000,10.0,25.0,200,500,0,0,1.0,0.8176754731861199,0.5771696423162469,0.0,0.3103220760822296,0.00985036138445139,0,0,58,49,-1,perm_test,1.0,-0.11301652068146817,113,49,64,0.0,0.16666666666666666,0,0.0,0.0,0.0,0.0,0,none,0,1,0,overconfident,0.95,0,mild_drift,0.9604116496895605,0.0012980909746121766,0.8007623501129388,0.8553487277406799,1768132910.8560834,0.10190697759389877,0.11982810497283936
318,20352,20351,sea_abrupt4,sea,ts_drift_adapt,4,"error_divergence_ph_meta@error.threshold=0.10,error.min_instances=5",error_divergence_ph_meta,"{""divergence"": {""alpha"": 0.1, ""delta"": 0.005, ""min_instances"": 30, ""threshold"": 0.05}, ""error_rate"": {""alpha"": 0.15, ""delta"": 0.005, ""min_instances"": 5, ""threshold"": 0.1}}","{""error_rate"": {""min_instances"": 5, ""threshold"": 0.1}}",0.1,0.005,0.15,5,0.05,0.005,0.1,30,,,,-1,two_stage,2,0.5,"__confirm_cooldown=200,__confirm_rule=perm_test,__perm_alpha=0.01,__perm_delta_k=50,__perm_min_effect=0,__perm_n_perm=200,__perm_post_n=50,__perm_pre_n=200,__perm_rng_seed=0,__perm_stat=delta_fused_score,divergence=0.3,error_rate=0.5,teacher_entropy=0.2",3,0,200,0.0,0,10000,10.0,25.0,200,500,0,0,1.0,0.8178557389937107,0.5773195603671785,0.16666666666666666,0.33916157484054565,0.009957949630916119,0,0,58,49,-1,perm_test,1.0,-0.11301652068146817,113,49,64,0.0,0.16666666666666666,0,0.0,0.0,0.0,0.0,0,none,0,1,0,overconfident,0.95,0,mild_drift,0.9603558248447802,0.0012990454873060883,0.8003811750564694,0.85517436387034,1768132910.8662233,0.2496204823255539,0.08800233155488968
319,20416,20415,sea_abrupt4,sea,ts_drift_adapt,4,"error_divergence_ph_meta@error.threshold=0.10,error.min_instances=5",error_divergence_ph_meta,"{""divergence"": {""alpha"": 0.1, ""delta"": 0.005, ""min_instances"": 30, ""threshold"": 0.05}, ""error_rate"": {""alpha"": 0.15, ""delta"": 0.005, ""min_instances"": 5, ""threshold"": 0.1}}","{""error_rate"": {""min_instances"": 5, ""threshold"": 0.1}}",0.1,0.005,0.15,5,0.05,0.005,0.1,30,,,,-1,two_stage,2,0.5,"__confirm_cooldown=200,__confirm_rule=perm_test,__perm_alpha=0.01,__perm_delta_k=50,__perm_min_effect=0,__perm_n_perm=200,__perm_post_n=50,__perm_pre_n=200,__perm_rng_seed=0,__perm_stat=delta_fused_score,divergence=0.3,error_rate=0.5,teacher_entropy=0.2",3,0,200,0.0,0,10000,10.0,25.0,200,500,0,0,1.0,0.818083855799373,0.5776884899177774,0.0,0.35088226199150085,0.013098650611937046,0,1,59,49,-1,perm_test,1.0,-0.029001812143250635,114,49,65,0.16666666666666666,0.16666666666666666,1,0.5,0.0,0.0,0.0,0,none,0,1,0,overconfident,0.95,0,mild_drift,0.96032791242239,0.001299522743653044,0.8001905875282347,0.85508718193517,1768132910.8765774,0.22753460705280304,0.11567660421133041
320,20480,20479,sea_abrupt4,sea,ts_drift_adapt,4,"error_divergence_ph_meta@error.threshold=0.10,error.min_instances=5",error_divergence_ph_meta,"{""divergence"": {""alpha"": 0.1, ""delta"": 0.005, ""min_instances"": 30, ""threshold"": 0.05}, ""error_rate"": {""alpha"": 0.15, ""delta"": 0.005, ""min_instances"": 5, ""threshold"": 0.1}}","{""error_rate"": {""min_instances"": 5, ""threshold"": 0.1}}",0.1,0.005,0.15,5,0.05,0.005,0.1,30,,,,-1,two_stage,2,0.5,"__confirm_cooldown=200,__confirm_rule=perm_test,__perm_alpha=0.01,__perm_delta_k=50,__perm_min_effect=0,__perm_n_perm=200,__perm_post_n=50,__perm_pre_n=200,__perm_rng_seed=0,__perm_stat=delta_fused_score,divergence=0.3,error_rate=0.5,teacher_entropy=0.2",3,0,200,0.0,0,10000,10.0,25.0,200,500,0,0,1.0,0.818212890625,0.577837776664026,0.3333333333333333,0.315377414226532,0.020412398502230644,1,0,59,50,1,perm_test,0.004975124378109453,0.09581770831353989,115,50,65,0.0,0.3333333333333333,0,0.0,0.0,0.0,0.0,0,none,1,1,0,overconfident,0.95,0,stable,0.975163956211195,0.001049761371826522,0.9000952937641173,0.900043590967585,1768132910.8922632,0.7496998310089111,0.13923878967761993
321,20544,20543,sea_abrupt4,sea,ts_drift_adapt,4,"error_divergence_ph_meta@error.threshold=0.10,error.min_instances=5",error_divergence_ph_meta,"{""divergence"": {""alpha"": 0.1, ""delta"": 0.005, ""min_instances"": 30, ""threshold"": 0.05}, ""error_rate"": {""alpha"": 0.15, ""delta"": 0.005, ""min_instances"": 5, ""threshold"": 0.1}}","{""error_rate"": {""min_instances"": 5, ""threshold"": 0.1}}",0.1,0.005,0.15,5,0.05,0.005,0.1,30,,,,-1,two_stage,2,0.5,"__confirm_cooldown=200,__confirm_rule=perm_test,__perm_alpha=0.01,__perm_delta_k=50,__perm_min_effect=0,__perm_n_perm=200,__perm_post_n=50,__perm_pre_n=200,__perm_rng_seed=0,__perm_stat=delta_fused_score,divergence=0.3,error_rate=0.5,teacher_entropy=0.2",3,0,200,0.0,0,10000,10.0,25.0,200,500,1,136,1.0,0.818243769470405,0.577750478164322,0.16666666666666666,0.34982386231422424,0.020248273387551308,0,0,59,50,-1,perm_test,0.004975124378109453,0.09581770831353989,115,50,65,0.0,0.16666666666666666,0,0.0,0.0,0.0,0.0,0,none,0,1,0,overconfident,0.95,0,mild_drift,0.9677319781055975,0.0011748806859132612,0.8500476468820587,0.8775217954837925,1768132910.9028068,0.25387904047966003,0.13034433126449585
322,20608,20607,sea_abrupt4,sea,ts_drift_adapt,4,"error_divergence_ph_meta@error.threshold=0.10,error.min_instances=5",error_divergence_ph_meta,"{""divergence"": {""alpha"": 0.1, ""delta"": 0.005, ""min_instances"": 30, ""threshold"": 0.05}, ""error_rate"": {""alpha"": 0.15, ""delta"": 0.005, ""min_instances"": 5, ""threshold"": 0.1}}","{""error_rate"": {""min_instances"": 5, ""threshold"": 0.1}}",0.1,0.005,0.15,5,0.05,0.005,0.1,30,,,,-1,two_stage,2,0.5,"__confirm_cooldown=200,__confirm_rule=perm_test,__perm_alpha=0.01,__perm_delta_k=50,__perm_min_effect=0,__perm_n_perm=200,__perm_post_n=50,__perm_pre_n=200,__perm_rng_seed=0,__perm_stat=delta_fused_score,divergence=0.3,error_rate=0.5,teacher_entropy=0.2",3,0,200,0.0,0,10000,10.0,25.0,200,500,1,72,1.0,0.8182259316770186,0.5775008156078304,0.16666666666666666,0.3376084566116333,0.029441582038998604,0,0,59,50,-1,perm_test,0.004975124378109453,0.09581770831353989,115,50,65,0.0,0.009193308651447296,0,0.0,0.0,0.0,0.0,0,none,0,1,0,overconfident,0.95,0,mild_drift,0.9640159890527987,0.0012374403429566308,0.8250238234410294,0.8662608977418962,1768132910.9151742,0.3855075538158417,0.21347087621688843
323,20672,20671,sea_abrupt4,sea,ts_drift_adapt,4,"error_divergence_ph_meta@error.threshold=0.10,error.min_instances=5",error_divergence_ph_meta,"{""divergence"": {""alpha"": 0.1, ""delta"": 0.005, ""min_instances"": 30, ""threshold"": 0.05}, ""error_rate"": {""alpha"": 0.15, ""delta"": 0.005, ""min_instances"": 5, ""threshold"": 0.1}}","{""error_rate"": {""min_instances"": 5, ""threshold"": 0.1}}",0.1,0.005,0.15,5,0.05,0.005,0.1,30,,,,-1,two_stage,2,0.5,"__confirm_cooldown=200,__confirm_rule=perm_test,__perm_alpha=0.01,__perm_delta_k=50,__perm_min_effect=0,__perm_n_perm=200,__perm_post_n=50,__perm_pre_n=200,__perm_rng_seed=0,__perm_stat=delta_fused_score,divergence=0.3,error_rate=0.5,teacher_entropy=0.2",3,0,200,0.0,0,10000,10.0,25.0,200,500,1,8,1.0,0.8184984520123839,0.5777341577050878,0.0,0.30099931359291077,0.029423125088214874,0,0,59,50,-1,perm_test,0.004975124378109453,0.09581770831353989,115,50,65,0.0,0.16666666666666666,0,0.0,0.0,0.0,0.0,0,none,0,1,0,overconfident,0.95,0,mild_drift,0.9621579945263994,0.0012687201714783156,0.8125119117205147,0.8606304488709481,1768132910.9282517,0.14834819734096527,0.2296808660030365
324,20736,20735,sea_abrupt4,sea,ts_drift_adapt,4,"error_divergence_ph_meta@error.threshold=0.10,error.min_instances=5",error_divergence_ph_meta,"{""divergence"": {""alpha"": 0.1, ""delta"": 0.005, ""min_instances"": 30, ""threshold"": 0.05}, ""error_rate"": {""alpha"": 0.15, ""delta"": 0.005, ""min_instances"": 5, ""threshold"": 0.1}}","{""error_rate"": {""min_instances"": 5, ""threshold"": 0.1}}",0.1,0.005,0.15,5,0.05,0.005,0.1,30,,,,-1,two_stage,2,0.5,"__confirm_cooldown=200,__confirm_rule=perm_test,__perm_alpha=0.01,__perm_delta_k=50,__perm_min_effect=0,__perm_n_perm=200,__perm_post_n=50,__perm_pre_n=200,__perm_rng_seed=0,__perm_stat=delta_fused_score,divergence=0.3,error_rate=0.5,teacher_entropy=0.2",3,0,200,0.0,0,10000,10.0,25.0,200,500,0,0,1.0,0.8187210648148148,0.578251331236045,0.16666666666666666,0.2882288098335266,0.02887994423508644,1,1,60,51,0,perm_test,0.004975124378109453,0.07818347805497555,116,51,65,0.16666666666666666,0.16666666666666666,1,0.5,0.0,0.0,0.0,0,none,1,1,0,overconfident,0.95,0,severe_drift,0.9265789972631997,0.0016343600857391578,0.6562559558602574,0.835315224435474,1768132910.9476347,0.5214759707450867,0.22288231551647186
325,20800,20799,sea_abrupt4,sea,ts_drift_adapt,4,"error_divergence_ph_meta@error.threshold=0.10,error.min_instances=5",error_divergence_ph_meta,"{""divergence"": {""alpha"": 0.1, ""delta"": 0.005, ""min_instances"": 30, ""threshold"": 0.05}, ""error_rate"": {""alpha"": 0.15, ""delta"": 0.005, ""min_instances"": 5, ""threshold"": 0.1}}","{""error_rate"": {""min_instances"": 5, ""threshold"": 0.1}}",0.1,0.005,0.15,5,0.05,0.005,0.1,30,,,,-1,two_stage,2,0.5,"__confirm_cooldown=200,__confirm_rule=perm_test,__perm_alpha=0.01,__perm_delta_k=50,__perm_min_effect=0,__perm_n_perm=200,__perm_post_n=50,__perm_pre_n=200,__perm_rng_seed=0,__perm_stat=delta_fused_score,divergence=0.3,error_rate=0.5,teacher_entropy=0.2",3,0,200,0.0,0,10000,10.0,25.0,200,500,1,136,1.0,0.8191346153846154,0.5790040561296936,0.0,0.27625712752342224,0.01672106795012951,0,0,60,51,-1,perm_test,0.004975124378109453,0.07818347805497555,116,51,65,0.0,0.16666666666666666,0,0.0,0.0,0.0,0.0,0,none,0,1,0,overconfident,0.95,0,mild_drift,0.9434394986315998,0.001467180042869579,0.7281279779301287,0.845157612217737,1768132910.9580054,0.03817519173026085,0.12864211201667786
326,20864,20863,sea_abrupt4,sea,ts_drift_adapt,4,"error_divergence_ph_meta@error.threshold=0.10,error.min_instances=5",error_divergence_ph_meta,"{""divergence"": {""alpha"": 0.1, ""delta"": 0.005, ""min_instances"": 30, ""threshold"": 0.05}, ""error_rate"": {""alpha"": 0.15, ""delta"": 0.005, ""min_instances"": 5, ""threshold"": 0.1}}","{""error_rate"": {""min_instances"": 5, ""threshold"": 0.1}}",0.1,0.005,0.15,5,0.05,0.005,0.1,30,,,,-1,two_stage,2,0.5,"__confirm_cooldown=200,__confirm_rule=perm_test,__perm_alpha=0.01,__perm_delta_k=50,__perm_min_effect=0,__perm_n_perm=200,__perm_post_n=50,__perm_pre_n=200,__perm_rng_seed=0,__perm_stat=delta_fused_score,divergence=0.3,error_rate=0.5,teacher_entropy=0.2",3,0,200,0.0,0,10000,10.0,25.0,200,500,1,72,1.0,0.819305981595092,0.5794440318761437,0.0,0.31641313433647156,0.022699953988194466,0,0,60,51,-1,perm_test,0.004975124378109453,0.07818347805497555,116,51,65,0.0,0.005978886038064957,0,0.0,0.0,0.0,0.0,0,none,0,1,0,overconfident,0.95,0,mild_drift,0.9518697493157999,0.0013835900214347896,0.7640639889650644,0.8500788061088684,1768132910.9677484,0.15763910114765167,0.17119713127613068
327,20928,20927,sea_abrupt4,sea,ts_drift_adapt,4,"error_divergence_ph_meta@error.threshold=0.10,error.min_instances=5",error_divergence_ph_meta,"{""divergence"": {""alpha"": 0.1, ""delta"": 0.005, ""min_instances"": 30, ""threshold"": 0.05}, ""error_rate"": {""alpha"": 0.15, ""delta"": 0.005, ""min_instances"": 5, ""threshold"": 0.1}}","{""error_rate"": {""min_instances"": 5, ""threshold"": 0.1}}",0.1,0.005,0.15,5,0.05,0.005,0.1,30,,,,-1,two_stage,2,0.5,"__confirm_cooldown=200,__confirm_rule=perm_test,__perm_alpha=0.01,__perm_delta_k=50,__perm_min_effect=0,__perm_n_perm=200,__perm_post_n=50,__perm_pre_n=200,__perm_rng_seed=0,__perm_stat=delta_fused_score,divergence=0.3,error_rate=0.5,teacher_entropy=0.2",3,0,200,0.0,0,10000,10.0,25.0,200,500,1,8,1.0,0.8194762996941896,0.5794917981897199,0.16666666666666666,0.316396027803421,0.029738036915659904,0,0,60,51,-1,perm_test,0.004975124378109453,0.07818347805497555,116,51,65,0.0,0.16666666666666666,0,0.0,0.0,0.0,0.0,0,none,0,1,0,overconfident,0.95,0,mild_drift,0.9560848746578999,0.0013417950107173949,0.7820319944825322,0.8525394030544342,1768132910.9777439,0.2698982059955597,0.19365650415420532
328,20992,20991,sea_abrupt4,sea,ts_drift_adapt,4,"error_divergence_ph_meta@error.threshold=0.10,error.min_instances=5",error_divergence_ph_meta,"{""divergence"": {""alpha"": 0.1, ""delta"": 0.005, ""min_instances"": 30, ""threshold"": 0.05}, ""error_rate"": {""alpha"": 0.15, ""delta"": 0.005, ""min_instances"": 5, ""threshold"": 0.1}}","{""error_rate"": {""min_instances"": 5, ""threshold"": 0.1}}",0.1,0.005,0.15,5,0.05,0.005,0.1,30,,,,-1,two_stage,2,0.5,"__confirm_cooldown=200,__confirm_rule=perm_test,__perm_alpha=0.01,__perm_delta_k=50,__perm_min_effect=0,__perm_n_perm=200,__perm_post_n=50,__perm_pre_n=200,__perm_rng_seed=0,__perm_stat=delta_fused_score,divergence=0.3,error_rate=0.5,teacher_entropy=0.2",3,0,200,0.0,0,10000,10.0,25.0,200,500,0,0,1.0,0.8197408536585366,0.5798793096393915,0.0,0.30222317576408386,0.016566764563322067,0,0,60,51,-1,perm_test,0.004975124378109453,0.07818347805497555,116,51,65,0.0,0.16666666666666666,0,0.0,0.0,0.0,0.0,0,none,0,1,0,overconfident,0.95,0,mild_drift,0.9581924373289499,0.0013208975053586975,0.7910159972412661,0.8537697015272171,1768132910.9881458,0.16596317291259766,0.1535763442516327
329,21056,21055,sea_abrupt4,sea,ts_drift_adapt,4,"error_divergence_ph_meta@error.threshold=0.10,error.min_instances=5",error_divergence_ph_meta,"{""divergence"": {""alpha"": 0.1, ""delta"": 0.005, ""min_instances"": 30, ""threshold"": 0.05}, ""error_rate"": {""alpha"": 0.15, ""delta"": 0.005, ""min_instances"": 5, ""threshold"": 0.1}}","{""error_rate"": {""min_instances"": 5, ""threshold"": 0.1}}",0.1,0.005,0.15,5,0.05,0.005,0.1,30,,,,-1,two_stage,2,0.5,"__confirm_cooldown=200,__confirm_rule=perm_test,__perm_alpha=0.01,__perm_delta_k=50,__perm_min_effect=0,__perm_n_perm=200,__perm_post_n=50,__perm_pre_n=200,__perm_rng_seed=0,__perm_stat=delta_fused_score,divergence=0.3,error_rate=0.5,teacher_entropy=0.2",3,0,200,0.0,0,10000,10.0,25.0,200,500,0,0,1.0,0.8199563069908815,0.5801663410942517,0.16666666666666666,0.28858500719070435,0.019595392048358917,1,1,61,52,0,perm_test,0.004975124378109453,0.040187119432616616,117,52,65,0.0,0.16666666666666666,1,0.5,0.0,0.0,0.0,0,none,1,1,0,overconfident,0.95,0,stable,0.9740962186644749,0.0010604487526793488,0.8955079986206331,0.8993848507636086,1768132911.0038993,0.35222721099853516,0.16893775761127472
330,21120,21119,sea_abrupt4,sea,ts_drift_adapt,4,"error_divergence_ph_meta@error.threshold=0.10,error.min_instances=5",error_divergence_ph_meta,"{""divergence"": {""alpha"": 0.1, ""delta"": 0.005, ""min_instances"": 30, ""threshold"": 0.05}, ""error_rate"": {""alpha"": 0.15, ""delta"": 0.005, ""min_instances"": 5, ""threshold"": 0.1}}","{""error_rate"": {""min_instances"": 5, ""threshold"": 0.1}}",0.1,0.005,0.15,5,0.05,0.005,0.1,30,,,,-1,two_stage,2,0.5,"__confirm_cooldown=200,__confirm_rule=perm_test,__perm_alpha=0.01,__perm_delta_k=50,__perm_min_effect=0,__perm_n_perm=200,__perm_post_n=50,__perm_pre_n=200,__perm_rng_seed=0,__perm_stat=delta_fused_score,divergence=0.3,error_rate=0.5,teacher_entropy=0.2",3,0,200,0.0,0,10000,10.0,25.0,200,500,1,136,1.0,0.8203125,0.5807879995606534,0.16666666666666666,0.24124322831630707,0.009000133723020554,0,0,61,52,-1,perm_test,0.004975124378109453,0.040187119432616616,117,52,65,0.0,0.010595258325338364,0,0.0,0.0,0.0,0.0,0,none,0,1,0,overconfident,0.95,0,mild_drift,0.9671981093322375,0.0011802243763396744,0.8477539993103166,0.8771924253818043,1768132911.0138772,0.33024731278419495,0.08887271583080292
331,21184,21183,sea_abrupt4,sea,ts_drift_adapt,4,"error_divergence_ph_meta@error.threshold=0.10,error.min_instances=5",error_divergence_ph_meta,"{""divergence"": {""alpha"": 0.1, ""delta"": 0.005, ""min_instances"": 30, ""threshold"": 0.05}, ""error_rate"": {""alpha"": 0.15, ""delta"": 0.005, ""min_instances"": 5, ""threshold"": 0.1}}","{""error_rate"": {""min_instances"": 5, ""threshold"": 0.1}}",0.1,0.005,0.15,5,0.05,0.005,0.1,30,,,,-1,two_stage,2,0.5,"__confirm_cooldown=200,__confirm_rule=perm_test,__perm_alpha=0.01,__perm_delta_k=50,__perm_min_effect=0,__perm_n_perm=200,__perm_post_n=50,__perm_pre_n=200,__perm_rng_seed=0,__perm_stat=delta_fused_score,divergence=0.3,error_rate=0.5,teacher_entropy=0.2",3,0,200,0.0,0,10000,10.0,25.0,200,500,1,72,1.0,0.8205721299093656,0.5812491720713626,0.0,0.2891096770763397,0.009145534597337246,0,0,61,52,-1,perm_test,0.004975124378109453,0.040187119432616616,117,52,65,0.0,0.16666666666666666,0,0.0,0.0,0.0,0.0,0,none,0,1,0,overconfident,0.95,0,mild_drift,0.9637490546661187,0.0012401121881698372,0.8238769996551583,0.8660962126909022,1768132911.0239406,0.06959604471921921,0.0879870355129242
332,21248,21247,sea_abrupt4,sea,ts_drift_adapt,4,"error_divergence_ph_meta@error.threshold=0.10,error.min_instances=5",error_divergence_ph_meta,"{""divergence"": {""alpha"": 0.1, ""delta"": 0.005, ""min_instances"": 30, ""threshold"": 0.05}, ""error_rate"": {""alpha"": 0.15, ""delta"": 0.005, ""min_instances"": 5, ""threshold"": 0.1}}","{""error_rate"": {""min_instances"": 5, ""threshold"": 0.1}}",0.1,0.005,0.15,5,0.05,0.005,0.1,30,,,,-1,two_stage,2,0.5,"__confirm_cooldown=200,__confirm_rule=perm_test,__perm_alpha=0.01,__perm_delta_k=50,__perm_min_effect=0,__perm_n_perm=200,__perm_post_n=50,__perm_pre_n=200,__perm_rng_seed=0,__perm_stat=delta_fused_score,divergence=0.3,error_rate=0.5,teacher_entropy=0.2",3,0,200,0.0,0,10000,10.0,25.0,200,500,1,8,1.0,0.8208301957831325,0.5816002184317222,0.16666666666666666,0.3005113899707794,0.006917545571923256,0,0,61,52,-1,perm_test,0.004975124378109453,0.040187119432616616,117,52,65,0.0,0.16666666666666666,0,0.0,0.0,0.0,0.0,0,none,0,1,0,overconfident,0.95,0,mild_drift,0.9620245273330593,0.0012700560940849186,0.8119384998275792,0.8605481063454511,1768132911.0343127,0.39199963212013245,0.06492511928081512
333,21312,21311,sea_abrupt4,sea,ts_drift_adapt,4,"error_divergence_ph_meta@error.threshold=0.10,error.min_instances=5",error_divergence_ph_meta,"{""divergence"": {""alpha"": 0.1, ""delta"": 0.005, ""min_instances"": 30, ""threshold"": 0.05}, ""error_rate"": {""alpha"": 0.15, ""delta"": 0.005, ""min_instances"": 5, ""threshold"": 0.1}}","{""error_rate"": {""min_instances"": 5, ""threshold"": 0.1}}",0.1,0.005,0.15,5,0.05,0.005,0.1,30,,,,-1,two_stage,2,0.5,"__confirm_cooldown=200,__confirm_rule=perm_test,__perm_alpha=0.01,__perm_delta_k=50,__perm_min_effect=0,__perm_n_perm=200,__perm_post_n=50,__perm_pre_n=200,__perm_rng_seed=0,__perm_stat=delta_fused_score,divergence=0.3,error_rate=0.5,teacher_entropy=0.2",3,0,200,0.0,0,10000,10.0,25.0,200,500,0,0,1.0,0.8210397897897898,0.581960669006784,0.16666666666666666,0.27672824263572693,0.007974201813340187,0,0,61,52,-1,perm_test,0.004975124378109453,0.040187119432616616,117,52,65,0.0,0.0010566562414169312,0,0.0,0.0,0.0,0.0,0,none,0,1,0,overconfident,0.95,0,mild_drift,0.9611622636665296,0.0012850280470424595,0.8059692499137896,0.8577740531727256,1768132911.0449538,0.2844662666320801,0.09350398927927017
334,21376,21375,sea_abrupt4,sea,ts_drift_adapt,4,"error_divergence_ph_meta@error.threshold=0.10,error.min_instances=5",error_divergence_ph_meta,"{""divergence"": {""alpha"": 0.1, ""delta"": 0.005, ""min_instances"": 30, ""threshold"": 0.05}, ""error_rate"": {""alpha"": 0.15, ""delta"": 0.005, ""min_instances"": 5, ""threshold"": 0.1}}","{""error_rate"": {""min_instances"": 5, ""threshold"": 0.1}}",0.1,0.005,0.15,5,0.05,0.005,0.1,30,,,,-1,two_stage,2,0.5,"__confirm_cooldown=200,__confirm_rule=perm_test,__perm_alpha=0.01,__perm_delta_k=50,__perm_min_effect=0,__perm_n_perm=200,__perm_post_n=50,__perm_pre_n=200,__perm_rng_seed=0,__perm_stat=delta_fused_score,divergence=0.3,error_rate=0.5,teacher_entropy=0.2",3,0,200,0.0,0,10000,10.0,25.0,200,500,0,0,1.0,0.8212949101796407,0.5824063924505983,0.0,0.29460278153419495,0.013065186329185963,0,1,62,52,-1,perm_test,1.0,-0.06635767125622313,118,52,66,0.16666666666666666,0.16666666666666666,1,0.5,0.0,0.0,0.0,0,none,0,1,0,overconfident,0.95,0,mild_drift,0.9607311318332648,0.00129251402352123,0.8029846249568948,0.8563870265863628,1768132911.0555239,0.13141535222530365,0.13427095115184784
335,21440,21439,sea_abrupt4,sea,ts_drift_adapt,4,"error_divergence_ph_meta@error.threshold=0.10,error.min_instances=5",error_divergence_ph_meta,"{""divergence"": {""alpha"": 0.1, ""delta"": 0.005, ""min_instances"": 30, ""threshold"": 0.05}, ""error_rate"": {""alpha"": 0.15, ""delta"": 0.005, ""min_instances"": 5, ""threshold"": 0.1}}","{""error_rate"": {""min_instances"": 5, ""threshold"": 0.1}}",0.1,0.005,0.15,5,0.05,0.005,0.1,30,,,,-1,two_stage,2,0.5,"__confirm_cooldown=200,__confirm_rule=perm_test,__perm_alpha=0.01,__perm_delta_k=50,__perm_min_effect=0,__perm_n_perm=200,__perm_post_n=50,__perm_pre_n=200,__perm_rng_seed=0,__perm_stat=delta_fused_score,divergence=0.3,error_rate=0.5,teacher_entropy=0.2",3,0,200,0.0,0,10000,10.0,25.0,200,500,0,0,1.0,0.821455223880597,0.5827655471996921,0.0,0.30166107416152954,0.0091233616694808,1,0,62,53,1,perm_test,0.004975124378109453,0.0474675542608988,119,53,66,0.0,0.003941824659705162,0,0.0,0.0,0.0,0.0,0,none,1,1,0,overconfident,0.95,0,stable,0.9753655659166324,0.001046257011760615,0.9014923124784474,0.9006935132931815,1768132911.0715463,0.03782709687948227,0.109492227435112
336,21504,21503,sea_abrupt4,sea,ts_drift_adapt,4,"error_divergence_ph_meta@error.threshold=0.10,error.min_instances=5",error_divergence_ph_meta,"{""divergence"": {""alpha"": 0.1, ""delta"": 0.005, ""min_instances"": 30, ""threshold"": 0.05}, ""error_rate"": {""alpha"": 0.15, ""delta"": 0.005, ""min_instances"": 5, ""threshold"": 0.1}}","{""error_rate"": {""min_instances"": 5, ""threshold"": 0.1}}",0.1,0.005,0.15,5,0.05,0.005,0.1,30,,,,-1,two_stage,2,0.5,"__confirm_cooldown=200,__confirm_rule=perm_test,__perm_alpha=0.01,__perm_delta_k=50,__perm_min_effect=0,__perm_n_perm=200,__perm_post_n=50,__perm_pre_n=200,__perm_rng_seed=0,__perm_stat=delta_fused_score,divergence=0.3,error_rate=0.5,teacher_entropy=0.2",3,0,200,0.0,0,10000,10.0,25.0,200,500,1,136,1.0,0.8218936011904762,0.5835353325764385,0.0,0.27762579917907715,0.006391033995896578,0,0,62,53,-1,perm_test,0.004975124378109453,0.0474675542608988,119,53,66,0.0,0.002732327673584223,0,0.0,0.0,0.0,0.0,0,none,0,1,0,overconfident,0.95,0,mild_drift,0.9678327829583162,0.0011731285058803075,0.8507461562392238,0.8778467566465907,1768132911.0815952,0.14051814377307892,0.07120633125305176
337,21568,21567,sea_abrupt4,sea,ts_drift_adapt,4,"error_divergence_ph_meta@error.threshold=0.10,error.min_instances=5",error_divergence_ph_meta,"{""divergence"": {""alpha"": 0.1, ""delta"": 0.005, ""min_instances"": 30, ""threshold"": 0.05}, ""error_rate"": {""alpha"": 0.15, ""delta"": 0.005, ""min_instances"": 5, ""threshold"": 0.1}}","{""error_rate"": {""min_instances"": 5, ""threshold"": 0.1}}",0.1,0.005,0.15,5,0.05,0.005,0.1,30,,,,-1,two_stage,2,0.5,"__confirm_cooldown=200,__confirm_rule=perm_test,__perm_alpha=0.01,__perm_delta_k=50,__perm_min_effect=0,__perm_n_perm=200,__perm_post_n=50,__perm_pre_n=200,__perm_rng_seed=0,__perm_stat=delta_fused_score,divergence=0.3,error_rate=0.5,teacher_entropy=0.2",3,0,200,0.0,0,10000,10.0,25.0,200,500,1,72,1.0,0.8220048219584569,0.5836178944939564,0.16666666666666666,0.31300410628318787,0.007365049794316292,0,0,62,53,-1,perm_test,0.004975124378109453,0.0474675542608988,119,53,66,0.0,0.16666666666666666,0,0.0,0.0,0.0,0.0,0,none,0,1,0,overconfident,0.95,0,mild_drift,0.9640663914791581,0.001236564252940154,0.8253730781196119,0.8664233783232953,1768132911.0915792,0.19624100625514984,0.08154882490634918
338,21632,21631,sea_abrupt4,sea,ts_drift_adapt,4,"error_divergence_ph_meta@error.threshold=0.10,error.min_instances=5",error_divergence_ph_meta,"{""divergence"": {""alpha"": 0.1, ""delta"": 0.005, ""min_instances"": 30, ""threshold"": 0.05}, ""error_rate"": {""alpha"": 0.15, ""delta"": 0.005, ""min_instances"": 5, ""threshold"": 0.1}}","{""error_rate"": {""min_instances"": 5, ""threshold"": 0.1}}",0.1,0.005,0.15,5,0.05,0.005,0.1,30,,,,-1,two_stage,2,0.5,"__confirm_cooldown=200,__confirm_rule=perm_test,__perm_alpha=0.01,__perm_delta_k=50,__perm_min_effect=0,__perm_n_perm=200,__perm_post_n=50,__perm_pre_n=200,__perm_rng_seed=0,__perm_stat=delta_fused_score,divergence=0.3,error_rate=0.5,teacher_entropy=0.2",3,0,200,0.0,0,10000,10.0,25.0,200,500,1,8,1.0,0.8224852071005917,0.5845737741870463,0.0,0.24378694593906403,0.0076957447454333305,0,0,62,53,-1,perm_test,0.004975124378109453,0.0474675542608988,119,53,66,0.0,0.16666666666666666,0,0.0,0.0,0.0,0.0,0,none,0,1,0,overconfident,0.95,0,mild_drift,0.962183195739579,0.001268282126470077,0.8126865390598059,0.8607116891616476,1768132911.1016207,0.15636132657527924,0.08515254408121109
339,21696,21695,sea_abrupt4,sea,ts_drift_adapt,4,"error_divergence_ph_meta@error.threshold=0.10,error.min_instances=5",error_divergence_ph_meta,"{""divergence"": {""alpha"": 0.1, ""delta"": 0.005, ""min_instances"": 30, ""threshold"": 0.05}, ""error_rate"": {""alpha"": 0.15, ""delta"": 0.005, ""min_instances"": 5, ""threshold"": 0.1}}","{""error_rate"": {""min_instances"": 5, ""threshold"": 0.1}}",0.1,0.005,0.15,5,0.05,0.005,0.1,30,,,,-1,two_stage,2,0.5,"__confirm_cooldown=200,__confirm_rule=perm_test,__perm_alpha=0.01,__perm_delta_k=50,__perm_min_effect=0,__perm_n_perm=200,__perm_post_n=50,__perm_pre_n=200,__perm_rng_seed=0,__perm_stat=delta_fused_score,divergence=0.3,error_rate=0.5,teacher_entropy=0.2",3,0,200,0.0,0,10000,10.0,25.0,200,500,0,0,1.0,0.822870575221239,0.5852819610384815,0.16666666666666666,0.27874070405960083,0.0068501862697303295,1,1,63,54,0,perm_test,0.004975124378109453,0.027935314314315694,120,54,66,0.16666666666666666,0.16666666666666666,1,0.5,0.0,0.0,0.0,0,none,1,1,0,overconfident,0.95,0,severe_drift,0.9265915978697895,0.0016341410632350385,0.656343269529903,0.8353558445808238,1768132911.1188831,0.44127246737480164,0.08589783310890198
340,21760,21759,sea_abrupt4,sea,ts_drift_adapt,4,"error_divergence_ph_meta@error.threshold=0.10,error.min_instances=5",error_divergence_ph_meta,"{""divergence"": {""alpha"": 0.1, ""delta"": 0.005, ""min_instances"": 30, ""threshold"": 0.05}, ""error_rate"": {""alpha"": 0.15, ""delta"": 0.005, ""min_instances"": 5, ""threshold"": 0.1}}","{""error_rate"": {""min_instances"": 5, ""threshold"": 0.1}}",0.1,0.005,0.15,5,0.05,0.005,0.1,30,,,,-1,two_stage,2,0.5,"__confirm_cooldown=200,__confirm_rule=perm_test,__perm_alpha=0.01,__perm_delta_k=50,__perm_min_effect=0,__perm_n_perm=200,__perm_post_n=50,__perm_pre_n=200,__perm_rng_seed=0,__perm_stat=delta_fused_score,divergence=0.3,error_rate=0.5,teacher_entropy=0.2",3,0,200,0.0,0,10000,10.0,25.0,200,500,1,136,1.0,0.8230698529411765,0.5856798419316372,0.16666666666666666,0.28328731656074524,0.008126815780997276,0,0,63,54,-1,perm_test,0.004975124378109453,0.027935314314315694,120,54,66,0.0,0.0012766295112669468,0,0.0,0.0,0.0,0.0,0,none,0,1,0,overconfident,0.95,0,mild_drift,0.9434457989348948,0.0014670705316175193,0.7281716347649515,0.8451779222904119,1768132911.1291537,0.4441663324832916,0.08851900696754456
341,21824,21823,sea_abrupt4,sea,ts_drift_adapt,4,"error_divergence_ph_meta@error.threshold=0.10,error.min_instances=5",error_divergence_ph_meta,"{""divergence"": {""alpha"": 0.1, ""delta"": 0.005, ""min_instances"": 30, ""threshold"": 0.05}, ""error_rate"": {""alpha"": 0.15, ""delta"": 0.005, ""min_instances"": 5, ""threshold"": 0.1}}","{""error_rate"": {""min_instances"": 5, ""threshold"": 0.1}}",0.1,0.005,0.15,5,0.05,0.005,0.1,30,,,,-1,two_stage,2,0.5,"__confirm_cooldown=200,__confirm_rule=perm_test,__perm_alpha=0.01,__perm_delta_k=50,__perm_min_effect=0,__perm_n_perm=200,__perm_post_n=50,__perm_pre_n=200,__perm_rng_seed=0,__perm_stat=delta_fused_score,divergence=0.3,error_rate=0.5,teacher_entropy=0.2",3,0,200,0.0,0,10000,10.0,25.0,200,500,1,72,1.0,0.8233596041055719,0.5862366083837877,0.0,0.2990570068359375,0.008091198280453682,0,0,63,54,-1,perm_test,0.004975124378109453,0.027935314314315694,120,54,66,0.0,0.16666666666666666,0,0.0,0.0,0.0,0.0,0,none,0,1,0,overconfident,0.95,0,mild_drift,0.9518728994674474,0.0013835352658087597,0.7640858173824758,0.8500889611452059,1768132911.1414034,0.08864127844572067,0.10842098295688629
342,21888,21887,sea_abrupt4,sea,ts_drift_adapt,4,"error_divergence_ph_meta@error.threshold=0.10,error.min_instances=5",error_divergence_ph_meta,"{""divergence"": {""alpha"": 0.1, ""delta"": 0.005, ""min_instances"": 30, ""threshold"": 0.05}, ""error_rate"": {""alpha"": 0.15, ""delta"": 0.005, ""min_instances"": 5, ""threshold"": 0.1}}","{""error_rate"": {""min_instances"": 5, ""threshold"": 0.1}}",0.1,0.005,0.15,5,0.05,0.005,0.1,30,,,,-1,two_stage,2,0.5,"__confirm_cooldown=200,__confirm_rule=perm_test,__perm_alpha=0.01,__perm_delta_k=50,__perm_min_effect=0,__perm_n_perm=200,__perm_post_n=50,__perm_pre_n=200,__perm_rng_seed=0,__perm_stat=delta_fused_score,divergence=0.3,error_rate=0.5,teacher_entropy=0.2",3,0,200,0.0,0,10000,10.0,25.0,200,500,1,8,1.0,0.8236476608187134,0.5869134821999363,0.0,0.2710471451282501,0.008692089468240738,0,0,63,54,-1,perm_test,0.004975124378109453,0.027935314314315694,120,54,66,0.0,0.000600891187787056,0,0.0,0.0,0.0,0.0,0,none,0,1,0,overconfident,0.95,0,mild_drift,0.9560864497337236,0.00134176763290438,0.7820429086912379,0.852544480572603,1768132911.1537955,0.051915526390075684,0.11276288330554962
343,21952,21951,sea_abrupt4,sea,ts_drift_adapt,4,"error_divergence_ph_meta@error.threshold=0.10,error.min_instances=5",error_divergence_ph_meta,"{""divergence"": {""alpha"": 0.1, ""delta"": 0.005, ""min_instances"": 30, ""threshold"": 0.05}, ""error_rate"": {""alpha"": 0.15, ""delta"": 0.005, ""min_instances"": 5, ""threshold"": 0.1}}","{""error_rate"": {""min_instances"": 5, ""threshold"": 0.1}}",0.1,0.005,0.15,5,0.05,0.005,0.1,30,,,,-1,two_stage,2,0.5,"__confirm_cooldown=200,__confirm_rule=perm_test,__perm_alpha=0.01,__perm_delta_k=50,__perm_min_effect=0,__perm_n_perm=200,__perm_post_n=50,__perm_pre_n=200,__perm_rng_seed=0,__perm_stat=delta_fused_score,divergence=0.3,error_rate=0.5,teacher_entropy=0.2",3,0,200,0.0,0,10000,10.0,25.0,200,500,0,0,1.0,0.8238884839650146,0.5874052368007491,0.0,0.275953084230423,0.011415151879191399,0,0,63,54,-1,perm_test,0.004975124378109453,0.027935314314315694,120,54,66,0.0,0.0027230624109506607,0,0.0,0.0,0.0,0.0,0,none,0,1,0,overconfident,0.95,0,mild_drift,0.9581932248668618,0.00132088381645219,0.791021454345619,0.8537722402863015,1768132911.1666398,0.10522197932004929,0.1134990006685257
344,22016,22015,sea_abrupt4,sea,ts_drift_adapt,4,"error_divergence_ph_meta@error.threshold=0.10,error.min_instances=5",error_divergence_ph_meta,"{""divergence"": {""alpha"": 0.1, ""delta"": 0.005, ""min_instances"": 30, ""threshold"": 0.05}, ""error_rate"": {""alpha"": 0.15, ""delta"": 0.005, ""min_instances"": 5, ""threshold"": 0.1}}","{""error_rate"": {""min_instances"": 5, ""threshold"": 0.1}}",0.1,0.005,0.15,5,0.05,0.005,0.1,30,,,,-1,two_stage,2,0.5,"__confirm_cooldown=200,__confirm_rule=perm_test,__perm_alpha=0.01,__perm_delta_k=50,__perm_min_effect=0,__perm_n_perm=200,__perm_post_n=50,__perm_pre_n=200,__perm_rng_seed=0,__perm_stat=delta_fused_score,divergence=0.3,error_rate=0.5,teacher_entropy=0.2",3,0,200,0.0,0,10000,10.0,25.0,200,500,0,0,1.0,0.8242641715116279,0.587993336454617,0.0,0.30325934290885925,0.014047838747501373,0,0,63,54,-1,perm_test,0.004975124378109453,0.027935314314315694,120,54,66,0.0,0.0026326868683099747,0,0.0,0.0,0.0,0.0,0,none,0,1,0,overconfident,0.95,0,mild_drift,0.9592466124334309,0.001310441908226095,0.7955107271728095,0.8543861201431507,1768132911.1776426,0.11278954148292542,0.13473297655582428
345,22080,22079,sea_abrupt4,sea,ts_drift_adapt,4,"error_divergence_ph_meta@error.threshold=0.10,error.min_instances=5",error_divergence_ph_meta,"{""divergence"": {""alpha"": 0.1, ""delta"": 0.005, ""min_instances"": 30, ""threshold"": 0.05}, ""error_rate"": {""alpha"": 0.15, ""delta"": 0.005, ""min_instances"": 5, ""threshold"": 0.1}}","{""error_rate"": {""min_instances"": 5, ""threshold"": 0.1}}",0.1,0.005,0.15,5,0.05,0.005,0.1,30,,,,-1,two_stage,2,0.5,"__confirm_cooldown=200,__confirm_rule=perm_test,__perm_alpha=0.01,__perm_delta_k=50,__perm_min_effect=0,__perm_n_perm=200,__perm_post_n=50,__perm_pre_n=200,__perm_rng_seed=0,__perm_stat=delta_fused_score,divergence=0.3,error_rate=0.5,teacher_entropy=0.2",3,0,200,0.0,0,10000,10.0,25.0,200,500,0,0,1.0,0.8245018115942029,0.5883152988232362,0.3333333333333333,0.2893504500389099,0.010763613507151604,1,1,64,55,0,perm_test,0.004975124378109453,0.15881306185328417,121,55,66,0.16666666666666666,0.3333333333333333,1,0.5,0.0,0.0,0.0,0,none,1,1,0,overconfident,0.95,0,severe_drift,0.9251233062167155,0.0016552209541130475,0.6477553635864047,0.8321930600715755,1768132911.1934457,0.3254941701889038,0.09718598425388336
346,22144,22143,sea_abrupt4,sea,ts_drift_adapt,4,"error_divergence_ph_meta@error.threshold=0.10,error.min_instances=5",error_divergence_ph_meta,"{""divergence"": {""alpha"": 0.1, ""delta"": 0.005, ""min_instances"": 30, ""threshold"": 0.05}, ""error_rate"": {""alpha"": 0.15, ""delta"": 0.005, ""min_instances"": 5, ""threshold"": 0.1}}","{""error_rate"": {""min_instances"": 5, ""threshold"": 0.1}}",0.1,0.005,0.15,5,0.05,0.005,0.1,30,,,,-1,two_stage,2,0.5,"__confirm_cooldown=200,__confirm_rule=perm_test,__perm_alpha=0.01,__perm_delta_k=50,__perm_min_effect=0,__perm_n_perm=200,__perm_post_n=50,__perm_pre_n=200,__perm_rng_seed=0,__perm_stat=delta_fused_score,divergence=0.3,error_rate=0.5,teacher_entropy=0.2",3,0,200,0.0,0,10000,10.0,25.0,200,500,1,136,1.0,0.8248735549132948,0.5890277537866241,0.16666666666666666,0.2644720673561096,0.010501374490559101,0,0,64,55,-1,perm_test,0.004975124378109453,0.15881306185328417,121,55,66,0.0,0.16666666666666666,0,0.0,0.0,0.0,0.0,0,none,0,1,0,overconfident,0.95,0,mild_drift,0.9427116531083577,0.001477610477056524,0.7238776817932024,0.8435965300357877,1768132911.2035956,0.47289183735847473,0.11625480651855469
347,22208,22207,sea_abrupt4,sea,ts_drift_adapt,4,"error_divergence_ph_meta@error.threshold=0.10,error.min_instances=5",error_divergence_ph_meta,"{""divergence"": {""alpha"": 0.1, ""delta"": 0.005, ""min_instances"": 30, ""threshold"": 0.05}, ""error_rate"": {""alpha"": 0.15, ""delta"": 0.005, ""min_instances"": 5, ""threshold"": 0.1}}","{""error_rate"": {""min_instances"": 5, ""threshold"": 0.1}}",0.1,0.005,0.15,5,0.05,0.005,0.1,30,,,,-1,two_stage,2,0.5,"__confirm_cooldown=200,__confirm_rule=perm_test,__perm_alpha=0.01,__perm_delta_k=50,__perm_min_effect=0,__perm_n_perm=200,__perm_post_n=50,__perm_pre_n=200,__perm_rng_seed=0,__perm_stat=delta_fused_score,divergence=0.3,error_rate=0.5,teacher_entropy=0.2",3,0,200,0.0,0,10000,10.0,25.0,200,500,1,72,1.0,0.8251981268011528,0.589438382909252,0.16666666666666666,0.2945094704627991,0.013591954484581947,0,0,64,55,-1,perm_test,0.004975124378109453,0.15881306185328417,121,55,66,0.0,0.0030905799940228462,0,0.0,0.0,0.0,0.0,0,none,0,1,0,overconfident,0.95,0,mild_drift,0.9515058265541788,0.0013888052385282621,0.7619388408966012,0.8492982650178938,1768132911.2141788,0.22347207367420197,0.12138298898935318
348,22272,22271,sea_abrupt4,sea,ts_drift_adapt,4,"error_divergence_ph_meta@error.threshold=0.10,error.min_instances=5",error_divergence_ph_meta,"{""divergence"": {""alpha"": 0.1, ""delta"": 0.005, ""min_instances"": 30, ""threshold"": 0.05}, ""error_rate"": {""alpha"": 0.15, ""delta"": 0.005, ""min_instances"": 5, ""threshold"": 0.1}}","{""error_rate"": {""min_instances"": 5, ""threshold"": 0.1}}",0.1,0.005,0.15,5,0.05,0.005,0.1,30,,,,-1,two_stage,2,0.5,"__confirm_cooldown=200,__confirm_rule=perm_test,__perm_alpha=0.01,__perm_delta_k=50,__perm_min_effect=0,__perm_n_perm=200,__perm_post_n=50,__perm_pre_n=200,__perm_rng_seed=0,__perm_stat=delta_fused_score,divergence=0.3,error_rate=0.5,teacher_entropy=0.2",3,0,200,0.0,0,10000,10.0,25.0,200,500,1,8,1.0,0.825475933908046,0.5898881393004348,0.0,0.2881666123867035,0.014438305050134659,0,0,64,55,-1,perm_test,0.004975124378109453,0.15881306185328417,121,55,66,0.0,0.16666666666666666,0,0.0,0.0,0.0,0.0,0,none,0,1,0,overconfident,0.95,0,mild_drift,0.9559029132770893,0.001344402619264131,0.7809694204483006,0.852149132508947,1768132911.225017,0.03508393093943596,0.09873244166374207
349,22336,22335,sea_abrupt4,sea,ts_drift_adapt,4,"error_divergence_ph_meta@error.threshold=0.10,error.min_instances=5",error_divergence_ph_meta,"{""divergence"": {""alpha"": 0.1, ""delta"": 0.005, ""min_instances"": 30, ""threshold"": 0.05}, ""error_rate"": {""alpha"": 0.15, ""delta"": 0.005, ""min_instances"": 5, ""threshold"": 0.1}}","{""error_rate"": {""min_instances"": 5, ""threshold"": 0.1}}",0.1,0.005,0.15,5,0.05,0.005,0.1,30,,,,-1,two_stage,2,0.5,"__confirm_cooldown=200,__confirm_rule=perm_test,__perm_alpha=0.01,__perm_delta_k=50,__perm_min_effect=0,__perm_n_perm=200,__perm_post_n=50,__perm_pre_n=200,__perm_rng_seed=0,__perm_stat=delta_fused_score,divergence=0.3,error_rate=0.5,teacher_entropy=0.2",3,0,200,0.0,0,10000,10.0,25.0,200,500,0,0,1.0,0.8255282951289399,0.5898301597364551,0.16666666666666666,0.24790729582309723,0.010997043922543526,0,0,64,55,-1,perm_test,0.004975124378109453,0.15881306185328417,121,55,66,0.0,0.16666666666666666,0,0.0,0.0,0.0,0.0,0,none,0,1,0,overconfident,0.95,0,mild_drift,0.9581014566385446,0.0013222013096320655,0.7904847102241503,0.8535745662544735,1768132911.2356203,0.1943250149488449,0.08892200887203217
350,22400,22399,sea_abrupt4,sea,ts_drift_adapt,4,"error_divergence_ph_meta@error.threshold=0.10,error.min_instances=5",error_divergence_ph_meta,"{""divergence"": {""alpha"": 0.1, ""delta"": 0.005, ""min_instances"": 30, ""threshold"": 0.05}, ""error_rate"": {""alpha"": 0.15, ""delta"": 0.005, ""min_instances"": 5, ""threshold"": 0.1}}","{""error_rate"": {""min_instances"": 5, ""threshold"": 0.1}}",0.1,0.005,0.15,5,0.05,0.005,0.1,30,,,,-1,two_stage,2,0.5,"__confirm_cooldown=200,__confirm_rule=perm_test,__perm_alpha=0.01,__perm_delta_k=50,__perm_min_effect=0,__perm_n_perm=200,__perm_post_n=50,__perm_pre_n=200,__perm_rng_seed=0,__perm_stat=delta_fused_score,divergence=0.3,error_rate=0.5,teacher_entropy=0.2",3,0,200,0.0,0,10000,10.0,25.0,200,500,0,0,1.0,0.8258482142857143,0.5904628475081319,0.16666666666666666,0.2601051926612854,0.014555297791957855,1,1,65,56,0,perm_test,0.004975124378109453,0.015128220546733781,122,56,66,0.16666666666666666,0.0035582538694143295,1,0.5,0.0,0.0,0.0,0,none,1,1,0,overconfident,0.95,0,severe_drift,0.9245507283192723,0.0016611006548160328,0.6452423551120752,0.8317872831272368,1768132911.251469,0.5807214379310608,0.11982060223817825
351,22464,22463,sea_abrupt4,sea,ts_drift_adapt,4,"error_divergence_ph_meta@error.threshold=0.10,error.min_instances=5",error_divergence_ph_meta,"{""divergence"": {""alpha"": 0.1, ""delta"": 0.005, ""min_instances"": 30, ""threshold"": 0.05}, ""error_rate"": {""alpha"": 0.15, ""delta"": 0.005, ""min_instances"": 5, ""threshold"": 0.1}}","{""error_rate"": {""min_instances"": 5, ""threshold"": 0.1}}",0.1,0.005,0.15,5,0.05,0.005,0.1,30,,,,-1,two_stage,2,0.5,"__confirm_cooldown=200,__confirm_rule=perm_test,__perm_alpha=0.01,__perm_delta_k=50,__perm_min_effect=0,__perm_n_perm=200,__perm_post_n=50,__perm_pre_n=200,__perm_rng_seed=0,__perm_stat=delta_fused_score,divergence=0.3,error_rate=0.5,teacher_entropy=0.2",3,0,200,0.0,0,10000,10.0,25.0,200,500,1,136,1.0,0.8260772792022792,0.5908071270316618,0.0,0.25007665157318115,0.01401034090667963,0,0,65,56,-1,perm_test,0.004975124378109453,0.015128220546733781,122,56,66,0.0,0.16666666666666666,0,0.0,0.0,0.0,0.0,0,none,0,1,0,overconfident,0.95,0,mild_drift,0.9424253641596361,0.0014805503274080165,0.7226211775560376,0.8433936415636184,1768132911.2613435,0.02138904668390751,0.13000687956809998
352,22528,22527,sea_abrupt4,sea,ts_drift_adapt,4,"error_divergence_ph_meta@error.threshold=0.10,error.min_instances=5",error_divergence_ph_meta,"{""divergence"": {""alpha"": 0.1, ""delta"": 0.005, ""min_instances"": 30, ""threshold"": 0.05}, ""error_rate"": {""alpha"": 0.15, ""delta"": 0.005, ""min_instances"": 5, ""threshold"": 0.1}}","{""error_rate"": {""min_instances"": 5, ""threshold"": 0.1}}",0.1,0.005,0.15,5,0.05,0.005,0.1,30,,,,-1,two_stage,2,0.5,"__confirm_cooldown=200,__confirm_rule=perm_test,__perm_alpha=0.01,__perm_delta_k=50,__perm_min_effect=0,__perm_n_perm=200,__perm_post_n=50,__perm_pre_n=200,__perm_rng_seed=0,__perm_stat=delta_fused_score,divergence=0.3,error_rate=0.5,teacher_entropy=0.2",3,0,200,0.0,0,10000,10.0,25.0,200,500,1,72,1.0,0.8262606534090909,0.5910394579757764,0.16666666666666666,0.21243570744991302,0.007150763645768166,0,0,65,56,-1,perm_test,0.004975124378109453,0.015128220546733781,122,56,66,0.0,0.16666666666666666,0,0.0,0.0,0.0,0.0,0,none,0,1,0,overconfident,0.95,0,mild_drift,0.951362682079818,0.0013902751637040083,0.7613105887780188,0.8491968207818092,1768132911.271079,0.37482714653015137,0.08052937686443329
353,22592,22591,sea_abrupt4,sea,ts_drift_adapt,4,"error_divergence_ph_meta@error.threshold=0.10,error.min_instances=5",error_divergence_ph_meta,"{""divergence"": {""alpha"": 0.1, ""delta"": 0.005, ""min_instances"": 30, ""threshold"": 0.05}, ""error_rate"": {""alpha"": 0.15, ""delta"": 0.005, ""min_instances"": 5, ""threshold"": 0.1}}","{""error_rate"": {""min_instances"": 5, ""threshold"": 0.1}}",0.1,0.005,0.15,5,0.05,0.005,0.1,30,,,,-1,two_stage,2,0.5,"__confirm_cooldown=200,__confirm_rule=perm_test,__perm_alpha=0.01,__perm_delta_k=50,__perm_min_effect=0,__perm_n_perm=200,__perm_post_n=50,__perm_pre_n=200,__perm_rng_seed=0,__perm_stat=delta_fused_score,divergence=0.3,error_rate=0.5,teacher_entropy=0.2",3,0,200,0.0,0,10000,10.0,25.0,200,500,1,8,1.0,0.8264872521246459,0.591286056480296,0.3333333333333333,0.24116624891757965,0.009693561121821404,0,0,65,56,-1,perm_test,0.004975124378109453,0.015128220546733781,122,56,66,0.0,0.16666666666666666,0,0.0,0.0,0.0,0.0,0,none,0,1,0,overconfident,0.95,0,mild_drift,0.955831341039909,0.0013451375818520042,0.7806552943890095,0.8520984103909046,1768132911.2808952,1.1215754747390747,0.10594720393419266
354,22656,22655,sea_abrupt4,sea,ts_drift_adapt,4,"error_divergence_ph_meta@error.threshold=0.10,error.min_instances=5",error_divergence_ph_meta,"{""divergence"": {""alpha"": 0.1, ""delta"": 0.005, ""min_instances"": 30, ""threshold"": 0.05}, ""error_rate"": {""alpha"": 0.15, ""delta"": 0.005, ""min_instances"": 5, ""threshold"": 0.1}}","{""error_rate"": {""min_instances"": 5, ""threshold"": 0.1}}",0.1,0.005,0.15,5,0.05,0.005,0.1,30,,,,-1,two_stage,2,0.5,"__confirm_cooldown=200,__confirm_rule=perm_test,__perm_alpha=0.01,__perm_delta_k=50,__perm_min_effect=0,__perm_n_perm=200,__perm_post_n=50,__perm_pre_n=200,__perm_rng_seed=0,__perm_stat=delta_fused_score,divergence=0.3,error_rate=0.5,teacher_entropy=0.2",3,0,200,0.0,0,10000,10.0,25.0,200,500,0,0,1.0,0.8266684322033898,0.5916436207451793,0.16666666666666666,0.26636767387390137,0.012940144166350365,0,0,65,56,-1,perm_test,0.004975124378109453,0.015128220546733781,122,56,66,0.0,0.16666666666666666,0,0.0,0.0,0.0,0.0,0,none,0,1,0,overconfident,0.95,0,mild_drift,0.9580656705199544,0.0013225687909260023,0.7903276471945048,0.8535492051954523,1768132911.2911646,0.42882463335990906,0.1543068289756775
355,22720,22719,sea_abrupt4,sea,ts_drift_adapt,4,"error_divergence_ph_meta@error.threshold=0.10,error.min_instances=5",error_divergence_ph_meta,"{""divergence"": {""alpha"": 0.1, ""delta"": 0.005, ""min_instances"": 30, ""threshold"": 0.05}, ""error_rate"": {""alpha"": 0.15, ""delta"": 0.005, ""min_instances"": 5, ""threshold"": 0.1}}","{""error_rate"": {""min_instances"": 5, ""threshold"": 0.1}}",0.1,0.005,0.15,5,0.05,0.005,0.1,30,,,,-1,two_stage,2,0.5,"__confirm_cooldown=200,__confirm_rule=perm_test,__perm_alpha=0.01,__perm_delta_k=50,__perm_min_effect=0,__perm_n_perm=200,__perm_post_n=50,__perm_pre_n=200,__perm_rng_seed=0,__perm_stat=delta_fused_score,divergence=0.3,error_rate=0.5,teacher_entropy=0.2",3,0,200,0.0,0,10000,10.0,25.0,200,500,0,0,1.0,0.8269366197183099,0.5922141759298317,0.16666666666666666,0.2242572158575058,0.008695458993315697,0,1,66,56,-1,perm_test,1.0,-0.053525203579616175,123,56,67,0.0,0.004244685173034668,1,0.5,0.0,0.0,0.0,0,none,0,1,0,overconfident,0.95,0,mild_drift,0.9591828352599772,0.0013112843954630011,0.7951638235972525,0.8542746025977261,1768132911.3016446,0.5571797490119934,0.0784173235297203
356,22784,22783,sea_abrupt4,sea,ts_drift_adapt,4,"error_divergence_ph_meta@error.threshold=0.10,error.min_instances=5",error_divergence_ph_meta,"{""divergence"": {""alpha"": 0.1, ""delta"": 0.005, ""min_instances"": 30, ""threshold"": 0.05}, ""error_rate"": {""alpha"": 0.15, ""delta"": 0.005, ""min_instances"": 5, ""threshold"": 0.1}}","{""error_rate"": {""min_instances"": 5, ""threshold"": 0.1}}",0.1,0.005,0.15,5,0.05,0.005,0.1,30,,,,-1,two_stage,2,0.5,"__confirm_cooldown=200,__confirm_rule=perm_test,__perm_alpha=0.01,__perm_delta_k=50,__perm_min_effect=0,__perm_n_perm=200,__perm_post_n=50,__perm_pre_n=200,__perm_rng_seed=0,__perm_stat=delta_fused_score,divergence=0.3,error_rate=0.5,teacher_entropy=0.2",3,0,200,0.0,0,10000,10.0,25.0,200,500,0,0,1.0,0.8272033005617978,0.592673357725056,0.0,0.2519609034061432,0.011963206343352795,0,0,66,56,-1,perm_test,1.0,-0.042529878069732144,124,56,68,0.0,0.16666666666666666,0,0.0,0.0,0.0,0.0,0,none,0,1,0,overconfident,0.95,0,mild_drift,0.9597414176299885,0.0013056421977315005,0.7975819117986263,0.8546373012988631,1768132911.3119256,0.06583993136882782,0.10011443495750427
357,22848,22847,sea_abrupt4,sea,ts_drift_adapt,4,"error_divergence_ph_meta@error.threshold=0.10,error.min_instances=5",error_divergence_ph_meta,"{""divergence"": {""alpha"": 0.1, ""delta"": 0.005, ""min_instances"": 30, ""threshold"": 0.05}, ""error_rate"": {""alpha"": 0.15, ""delta"": 0.005, ""min_instances"": 5, ""threshold"": 0.1}}","{""error_rate"": {""min_instances"": 5, ""threshold"": 0.1}}",0.1,0.005,0.15,5,0.05,0.005,0.1,30,,,,-1,two_stage,2,0.5,"__confirm_cooldown=200,__confirm_rule=perm_test,__perm_alpha=0.01,__perm_delta_k=50,__perm_min_effect=0,__perm_n_perm=200,__perm_post_n=50,__perm_pre_n=200,__perm_rng_seed=0,__perm_stat=delta_fused_score,divergence=0.3,error_rate=0.5,teacher_entropy=0.2",3,0,200,0.0,0,10000,10.0,25.0,200,500,0,0,1.0,0.8273809523809523,0.5927631266170842,0.0,0.27358943223953247,0.010106174275279045,0,0,66,56,-1,perm_test,1.0,-0.041031035261656856,125,56,69,0.0,0.0018570320680737495,0,0.0,0.0,0.0,0.0,0,none,0,1,0,overconfident,0.95,0,mild_drift,0.9600207088149942,0.0013028210988657502,0.7987909558993131,0.8548186506494315,1768132911.322334,0.0426398329436779,0.08784718811511993
358,22912,22911,sea_abrupt4,sea,ts_drift_adapt,4,"error_divergence_ph_meta@error.threshold=0.10,error.min_instances=5",error_divergence_ph_meta,"{""divergence"": {""alpha"": 0.1, ""delta"": 0.005, ""min_instances"": 30, ""threshold"": 0.05}, ""error_rate"": {""alpha"": 0.15, ""delta"": 0.005, ""min_instances"": 5, ""threshold"": 0.1}}","{""error_rate"": {""min_instances"": 5, ""threshold"": 0.1}}",0.1,0.005,0.15,5,0.05,0.005,0.1,30,,,,-1,two_stage,2,0.5,"__confirm_cooldown=200,__confirm_rule=perm_test,__perm_alpha=0.01,__perm_delta_k=50,__perm_min_effect=0,__perm_n_perm=200,__perm_post_n=50,__perm_pre_n=200,__perm_rng_seed=0,__perm_stat=delta_fused_score,divergence=0.3,error_rate=0.5,teacher_entropy=0.2",3,0,200,0.0,0,10000,10.0,25.0,200,500,0,0,1.0,0.8276012569832403,0.5931695289990061,0.0,0.2956657111644745,0.005837888922542334,0,0,66,56,-1,perm_test,1.0,-0.04220285824165311,126,56,70,0.0,0.0042682853527367115,0,0.0,0.0,0.0,0.0,0,none,0,1,0,overconfident,0.95,0,mild_drift,0.960160354407497,0.0013014105494328753,0.7993954779496566,0.8549093253247158,1768132911.332713,0.17020459473133087,0.0744926705956459
359,22976,22975,sea_abrupt4,sea,ts_drift_adapt,4,"error_divergence_ph_meta@error.threshold=0.10,error.min_instances=5",error_divergence_ph_meta,"{""divergence"": {""alpha"": 0.1, ""delta"": 0.005, ""min_instances"": 30, ""threshold"": 0.05}, ""error_rate"": {""alpha"": 0.15, ""delta"": 0.005, ""min_instances"": 5, ""threshold"": 0.1}}","{""error_rate"": {""min_instances"": 5, ""threshold"": 0.1}}",0.1,0.005,0.15,5,0.05,0.005,0.1,30,,,,-1,two_stage,2,0.5,"__confirm_cooldown=200,__confirm_rule=perm_test,__perm_alpha=0.01,__perm_delta_k=50,__perm_min_effect=0,__perm_n_perm=200,__perm_post_n=50,__perm_pre_n=200,__perm_rng_seed=0,__perm_stat=delta_fused_score,divergence=0.3,error_rate=0.5,teacher_entropy=0.2",3,0,200,0.0,0,10000,10.0,25.0,200,500,0,0,1.0,0.8279944289693594,0.594010838020392,0.0,0.2290329933166504,0.005250822752714157,0,0,66,56,-1,perm_test,1.0,-0.04220285824165311,126,56,70,0.0,0.0005870661698281765,0,0.0,0.0,0.0,0.0,0,none,0,1,0,overconfident,0.95,0,mild_drift,0.9602301772037485,0.0013007052747164376,0.7996977389748283,0.8549546626623579,1768132911.3432276,0.05808335915207863,0.07004375755786896
360,23040,23039,sea_abrupt4,sea,ts_drift_adapt,4,"error_divergence_ph_meta@error.threshold=0.10,error.min_instances=5",error_divergence_ph_meta,"{""divergence"": {""alpha"": 0.1, ""delta"": 0.005, ""min_instances"": 30, ""threshold"": 0.05}, ""error_rate"": {""alpha"": 0.15, ""delta"": 0.005, ""min_instances"": 5, ""threshold"": 0.1}}","{""error_rate"": {""min_instances"": 5, ""threshold"": 0.1}}",0.1,0.005,0.15,5,0.05,0.005,0.1,30,,,,-1,two_stage,2,0.5,"__confirm_cooldown=200,__confirm_rule=perm_test,__perm_alpha=0.01,__perm_delta_k=50,__perm_min_effect=0,__perm_n_perm=200,__perm_post_n=50,__perm_pre_n=200,__perm_rng_seed=0,__perm_stat=delta_fused_score,divergence=0.3,error_rate=0.5,teacher_entropy=0.2",3,0,200,0.0,0,10000,10.0,25.0,200,500,0,0,1.0,0.8280381944444445,0.5940020572873768,0.5,0.28840377926826477,0.01034549530595541,1,1,67,57,0,perm_test,0.004975124378109453,0.20241858297798676,127,57,70,0.33333333333333337,0.5,1,0.5,0.0,0.0,0.0,0,none,1,1,0,overconfident,0.95,0,severe_drift,0.9256150886018742,0.0016503526373582188,0.6498488694874142,0.832477331331179,1768132911.3594894,0.5927581787109375,0.10556522011756897
361,23104,23103,sea_abrupt4,sea,ts_drift_adapt,4,"error_divergence_ph_meta@error.threshold=0.10,error.min_instances=5",error_divergence_ph_meta,"{""divergence"": {""alpha"": 0.1, ""delta"": 0.005, ""min_instances"": 30, ""threshold"": 0.05}, ""error_rate"": {""alpha"": 0.15, ""delta"": 0.005, ""min_instances"": 5, ""threshold"": 0.1}}","{""error_rate"": {""min_instances"": 5, ""threshold"": 0.1}}",0.1,0.005,0.15,5,0.05,0.005,0.1,30,,,,-1,two_stage,2,0.5,"__confirm_cooldown=200,__confirm_rule=perm_test,__perm_alpha=0.01,__perm_delta_k=50,__perm_min_effect=0,__perm_n_perm=200,__perm_post_n=50,__perm_pre_n=200,__perm_rng_seed=0,__perm_stat=delta_fused_score,divergence=0.3,error_rate=0.5,teacher_entropy=0.2",3,0,200,0.0,0,10000,10.0,25.0,200,500,1,136,1.0,0.8282981301939059,0.5945765020327094,0.0,0.2781963050365448,0.006736303213983774,0,0,67,57,-1,perm_test,0.004975124378109453,0.20241858297798676,127,57,70,0.0,0.5,0,0.0,0.0,0.0,0.0,0,none,0,1,0,overconfident,0.95,0,mild_drift,0.942957544300937,0.0014751763186791095,0.7249244347437072,0.8437386656655894,1768132911.3712075,0.15550880134105682,0.07515649497509003
362,23168,23167,sea_abrupt4,sea,ts_drift_adapt,4,"error_divergence_ph_meta@error.threshold=0.10,error.min_instances=5",error_divergence_ph_meta,"{""divergence"": {""alpha"": 0.1, ""delta"": 0.005, ""min_instances"": 30, ""threshold"": 0.05}, ""error_rate"": {""alpha"": 0.15, ""delta"": 0.005, ""min_instances"": 5, ""threshold"": 0.1}}","{""error_rate"": {""min_instances"": 5, ""threshold"": 0.1}}",0.1,0.005,0.15,5,0.05,0.005,0.1,30,,,,-1,two_stage,2,0.5,"__confirm_cooldown=200,__confirm_rule=perm_test,__perm_alpha=0.01,__perm_delta_k=50,__perm_min_effect=0,__perm_n_perm=200,__perm_post_n=50,__perm_pre_n=200,__perm_rng_seed=0,__perm_stat=delta_fused_score,divergence=0.3,error_rate=0.5,teacher_entropy=0.2",3,0,200,0.0,0,10000,10.0,25.0,200,500,1,72,1.0,0.8286429558011049,0.5952525061399953,0.0,0.26704034209251404,0.005747922696173191,0,0,67,57,-1,perm_test,0.004975124378109453,0.20241858297798676,127,57,70,0.0,0.0009883805178105831,0,0.0,0.0,0.0,0.0,0,none,0,1,0,overconfident,0.95,0,mild_drift,0.9516287721504685,0.001387588159339555,0.7624622173718536,0.8493693328327947,1768132911.3841965,0.04991992935538292,0.0912335216999054
363,23232,23231,sea_abrupt4,sea,ts_drift_adapt,4,"error_divergence_ph_meta@error.threshold=0.10,error.min_instances=5",error_divergence_ph_meta,"{""divergence"": {""alpha"": 0.1, ""delta"": 0.005, ""min_instances"": 30, ""threshold"": 0.05}, ""error_rate"": {""alpha"": 0.15, ""delta"": 0.005, ""min_instances"": 5, ""threshold"": 0.1}}","{""error_rate"": {""min_instances"": 5, ""threshold"": 0.1}}",0.1,0.005,0.15,5,0.05,0.005,0.1,30,,,,-1,two_stage,2,0.5,"__confirm_cooldown=200,__confirm_rule=perm_test,__perm_alpha=0.01,__perm_delta_k=50,__perm_min_effect=0,__perm_n_perm=200,__perm_post_n=50,__perm_pre_n=200,__perm_rng_seed=0,__perm_stat=delta_fused_score,divergence=0.3,error_rate=0.5,teacher_entropy=0.2",3,0,200,0.0,0,10000,10.0,25.0,200,500,1,8,1.0,0.8286845730027548,0.5953066415067364,0.16666666666666666,0.2935941815376282,0.011041293852031231,0,0,67,57,-1,perm_test,0.004975124378109453,0.20241858297798676,127,57,70,0.0,0.16666666666666666,0,0.0,0.0,0.0,0.0,0,none,0,1,0,overconfident,0.95,0,mild_drift,0.9559643860752343,0.0013437940796697774,0.7812311086859268,0.8521846664163973,1768132911.397369,0.2854519784450531,0.10831928998231888
364,23296,23295,sea_abrupt4,sea,ts_drift_adapt,4,"error_divergence_ph_meta@error.threshold=0.10,error.min_instances=5",error_divergence_ph_meta,"{""divergence"": {""alpha"": 0.1, ""delta"": 0.005, ""min_instances"": 30, ""threshold"": 0.05}, ""error_rate"": {""alpha"": 0.15, ""delta"": 0.005, ""min_instances"": 5, ""threshold"": 0.1}}","{""error_rate"": {""min_instances"": 5, ""threshold"": 0.1}}",0.1,0.005,0.15,5,0.05,0.005,0.1,30,,,,-1,two_stage,2,0.5,"__confirm_cooldown=200,__confirm_rule=perm_test,__perm_alpha=0.01,__perm_delta_k=50,__perm_min_effect=0,__perm_n_perm=200,__perm_post_n=50,__perm_pre_n=200,__perm_rng_seed=0,__perm_stat=delta_fused_score,divergence=0.3,error_rate=0.5,teacher_entropy=0.2",3,0,200,0.0,0,10000,10.0,25.0,200,500,0,0,1.0,0.8289835164835165,0.5957900370155644,0.0,0.2628667652606964,0.010881595313549042,0,0,67,57,-1,perm_test,0.004975124378109453,0.20241858297798676,127,57,70,0.0,0.16666666666666666,0,0.0,0.0,0.0,0.0,0,none,0,1,0,overconfident,0.95,0,mild_drift,0.9581321930376171,0.0013218970398348887,0.7906155543429634,0.8535923332081987,1768132911.4097302,0.11907044798135757,0.12929461896419525
365,23360,23359,sea_abrupt4,sea,ts_drift_adapt,4,"error_divergence_ph_meta@error.threshold=0.10,error.min_instances=5",error_divergence_ph_meta,"{""divergence"": {""alpha"": 0.1, ""delta"": 0.005, ""min_instances"": 30, ""threshold"": 0.05}, ""error_rate"": {""alpha"": 0.15, ""delta"": 0.005, ""min_instances"": 5, ""threshold"": 0.1}}","{""error_rate"": {""min_instances"": 5, ""threshold"": 0.1}}",0.1,0.005,0.15,5,0.05,0.005,0.1,30,,,,-1,two_stage,2,0.5,"__confirm_cooldown=200,__confirm_rule=perm_test,__perm_alpha=0.01,__perm_delta_k=50,__perm_min_effect=0,__perm_n_perm=200,__perm_post_n=50,__perm_pre_n=200,__perm_rng_seed=0,__perm_stat=delta_fused_score,divergence=0.3,error_rate=0.5,teacher_entropy=0.2",3,0,200,0.0,0,10000,10.0,25.0,200,500,0,0,1.0,0.8291095890410959,0.5959977378709777,0.16666666666666666,0.278809130191803,0.010328537784516811,1,1,68,58,0,perm_test,0.004975124378109453,0.04402083460506774,128,58,70,0.33333333333333337,0.16666666666666666,1,0.5,0.0,0.0,0.0,0,none,1,1,0,overconfident,0.95,0,severe_drift,0.9245660965188085,0.0016609485199174444,0.6453077771714817,0.8317961666040994,1768132911.4262152,0.32820191979408264,0.1342630386352539
366,23424,23423,sea_abrupt4,sea,ts_drift_adapt,4,"error_divergence_ph_meta@error.threshold=0.10,error.min_instances=5",error_divergence_ph_meta,"{""divergence"": {""alpha"": 0.1, ""delta"": 0.005, ""min_instances"": 30, ""threshold"": 0.05}, ""error_rate"": {""alpha"": 0.15, ""delta"": 0.005, ""min_instances"": 5, ""threshold"": 0.1}}","{""error_rate"": {""min_instances"": 5, ""threshold"": 0.1}}",0.1,0.005,0.15,5,0.05,0.005,0.1,30,,,,-1,two_stage,2,0.5,"__confirm_cooldown=200,__confirm_rule=perm_test,__perm_alpha=0.01,__perm_delta_k=50,__perm_min_effect=0,__perm_n_perm=200,__perm_post_n=50,__perm_pre_n=200,__perm_rng_seed=0,__perm_stat=delta_fused_score,divergence=0.3,error_rate=0.5,teacher_entropy=0.2",3,0,200,0.0,0,10000,10.0,25.0,200,500,1,136,1.0,0.8293203551912568,0.5962493940883719,0.0,0.25341951847076416,0.007962651550769806,0,0,68,58,-1,perm_test,0.004975124378109453,0.04402083460506774,128,58,70,0.0,0.16666666666666666,0,0.0,0.0,0.0,0.0,0,none,0,1,0,overconfident,0.95,0,mild_drift,0.9424330482594042,0.0014804742599587224,0.7226538885857409,0.8433980833020497,1768132911.436666,0.09264480322599411,0.1232885867357254
367,23488,23487,sea_abrupt4,sea,ts_drift_adapt,4,"error_divergence_ph_meta@error.threshold=0.10,error.min_instances=5",error_divergence_ph_meta,"{""divergence"": {""alpha"": 0.1, ""delta"": 0.005, ""min_instances"": 30, ""threshold"": 0.05}, ""error_rate"": {""alpha"": 0.15, ""delta"": 0.005, ""min_instances"": 5, ""threshold"": 0.1}}","{""error_rate"": {""min_instances"": 5, ""threshold"": 0.1}}",0.1,0.005,0.15,5,0.05,0.005,0.1,30,,,,-1,two_stage,2,0.5,"__confirm_cooldown=200,__confirm_rule=perm_test,__perm_alpha=0.01,__perm_delta_k=50,__perm_min_effect=0,__perm_n_perm=200,__perm_post_n=50,__perm_pre_n=200,__perm_rng_seed=0,__perm_stat=delta_fused_score,divergence=0.3,error_rate=0.5,teacher_entropy=0.2",3,0,200,0.0,0,10000,10.0,25.0,200,500,1,72,1.0,0.8295725476839237,0.5965734718885071,0.3333333333333333,0.21199272572994232,0.007572647649794817,0,0,68,58,-1,perm_test,0.004975124378109453,0.04402083460506774,128,58,70,0.0,0.3333333333333333,0,0.0,0.0,0.0,0.0,0,none,0,1,0,overconfident,0.95,0,mild_drift,0.951366524129702,0.0013902371299793614,0.7613269442928705,0.8491990416510249,1768132911.4468684,0.5191112160682678,0.10074175894260406
368,23552,23551,sea_abrupt4,sea,ts_drift_adapt,4,"error_divergence_ph_meta@error.threshold=0.10,error.min_instances=5",error_divergence_ph_meta,"{""divergence"": {""alpha"": 0.1, ""delta"": 0.005, ""min_instances"": 30, ""threshold"": 0.05}, ""error_rate"": {""alpha"": 0.15, ""delta"": 0.005, ""min_instances"": 5, ""threshold"": 0.1}}","{""error_rate"": {""min_instances"": 5, ""threshold"": 0.1}}",0.1,0.005,0.15,5,0.05,0.005,0.1,30,,,,-1,two_stage,2,0.5,"__confirm_cooldown=200,__confirm_rule=perm_test,__perm_alpha=0.01,__perm_delta_k=50,__perm_min_effect=0,__perm_n_perm=200,__perm_post_n=50,__perm_pre_n=200,__perm_rng_seed=0,__perm_stat=delta_fused_score,divergence=0.3,error_rate=0.5,teacher_entropy=0.2",3,0,200,0.0,0,10000,10.0,25.0,200,500,1,8,1.0,0.8299507472826086,0.597315573769092,0.0,0.2632838487625122,0.00630679028108716,0,0,68,58,-1,perm_test,0.004975124378109453,0.04402083460506774,128,58,70,0.0,0.3333333333333333,0,0.0,0.0,0.0,0.0,0,none,0,1,0,overconfident,0.95,0,mild_drift,0.955833262064851,0.0013451185649896807,0.7806634721464353,0.8520995208255124,1768132911.4573076,0.03607191517949104,0.07304442673921585
369,23616,23615,sea_abrupt4,sea,ts_drift_adapt,4,"error_divergence_ph_meta@error.threshold=0.10,error.min_instances=5",error_divergence_ph_meta,"{""divergence"": {""alpha"": 0.1, ""delta"": 0.005, ""min_instances"": 30, ""threshold"": 0.05}, ""error_rate"": {""alpha"": 0.15, ""delta"": 0.005, ""min_instances"": 5, ""threshold"": 0.1}}","{""error_rate"": {""min_instances"": 5, ""threshold"": 0.1}}",0.1,0.005,0.15,5,0.05,0.005,0.1,30,,,,-1,two_stage,2,0.5,"__confirm_cooldown=200,__confirm_rule=perm_test,__perm_alpha=0.01,__perm_delta_k=50,__perm_min_effect=0,__perm_n_perm=200,__perm_post_n=50,__perm_pre_n=200,__perm_rng_seed=0,__perm_stat=delta_fused_score,divergence=0.3,error_rate=0.5,teacher_entropy=0.2",3,0,200,0.0,0,10000,10.0,25.0,200,500,0,0,1.0,0.8301151761517616,0.5976701406814057,0.3333333333333333,0.28816643357276917,0.00582685275003314,0,0,68,58,-1,perm_test,0.004975124378109453,0.04402083460506774,128,58,70,0.0,0.3333333333333333,0,0.0,0.0,0.0,0.0,0,none,0,1,0,overconfident,0.95,0,mild_drift,0.9580666310324255,0.0013225592824948405,0.7903317360732176,0.8535497604127562,1768132911.4681253,0.7191950678825378,0.08418121188879013
370,23680,23679,sea_abrupt4,sea,ts_drift_adapt,4,"error_divergence_ph_meta@error.threshold=0.10,error.min_instances=5",error_divergence_ph_meta,"{""divergence"": {""alpha"": 0.1, ""delta"": 0.005, ""min_instances"": 30, ""threshold"": 0.05}, ""error_rate"": {""alpha"": 0.15, ""delta"": 0.005, ""min_instances"": 5, ""threshold"": 0.1}}","{""error_rate"": {""min_instances"": 5, ""threshold"": 0.1}}",0.1,0.005,0.15,5,0.05,0.005,0.1,30,,,,-1,two_stage,2,0.5,"__confirm_cooldown=200,__confirm_rule=perm_test,__perm_alpha=0.01,__perm_delta_k=50,__perm_min_effect=0,__perm_n_perm=200,__perm_post_n=50,__perm_pre_n=200,__perm_rng_seed=0,__perm_stat=delta_fused_score,divergence=0.3,error_rate=0.5,teacher_entropy=0.2",3,0,200,0.0,0,10000,10.0,25.0,200,500,0,0,1.0,0.830320945945946,0.5981101314513539,0.16666666666666666,0.25732845067977905,0.01583821140229702,0,1,69,58,-1,perm_test,1.0,-0.08692959449277193,129,58,71,0.0,0.16666666666666666,1,0.5,0.0,0.0,0.0,0,none,0,1,0,overconfident,0.95,0,mild_drift,0.9591833155162127,0.0013112796412474204,0.7951658680366088,0.8542748802063781,1768132911.4791121,0.47628727555274963,0.16302476823329926
371,23744,23743,sea_abrupt4,sea,ts_drift_adapt,4,"error_divergence_ph_meta@error.threshold=0.10,error.min_instances=5",error_divergence_ph_meta,"{""divergence"": {""alpha"": 0.1, ""delta"": 0.005, ""min_instances"": 30, ""threshold"": 0.05}, ""error_rate"": {""alpha"": 0.15, ""delta"": 0.005, ""min_instances"": 5, ""threshold"": 0.1}}","{""error_rate"": {""min_instances"": 5, ""threshold"": 0.1}}",0.1,0.005,0.15,5,0.05,0.005,0.1,30,,,,-1,two_stage,2,0.5,"__confirm_cooldown=200,__confirm_rule=perm_test,__perm_alpha=0.01,__perm_delta_k=50,__perm_min_effect=0,__perm_n_perm=200,__perm_post_n=50,__perm_pre_n=200,__perm_rng_seed=0,__perm_stat=delta_fused_score,divergence=0.3,error_rate=0.5,teacher_entropy=0.2",3,0,200,0.0,0,10000,10.0,25.0,200,500,0,0,1.0,0.8306098382749326,0.5988120297718321,0.16666666666666666,0.2205074280500412,0.007913244888186455,0,0,69,58,-1,perm_test,1.0,-0.0386176986345791,130,58,72,0.0,0.007924966514110565,0,0.0,0.0,0.0,0.0,0,none,0,1,0,overconfident,0.95,0,mild_drift,0.9597416577581064,0.0013056398206237104,0.7975829340183045,0.8546374401031891,1768132911.4905007,0.28443989157676697,0.09991724789142609
372,23808,23807,sea_abrupt4,sea,ts_drift_adapt,4,"error_divergence_ph_meta@error.threshold=0.10,error.min_instances=5",error_divergence_ph_meta,"{""divergence"": {""alpha"": 0.1, ""delta"": 0.005, ""min_instances"": 30, ""threshold"": 0.05}, ""error_rate"": {""alpha"": 0.15, ""delta"": 0.005, ""min_instances"": 5, ""threshold"": 0.1}}","{""error_rate"": {""min_instances"": 5, ""threshold"": 0.1}}",0.1,0.005,0.15,5,0.05,0.005,0.1,30,,,,-1,two_stage,2,0.5,"__confirm_cooldown=200,__confirm_rule=perm_test,__perm_alpha=0.01,__perm_delta_k=50,__perm_min_effect=0,__perm_n_perm=200,__perm_post_n=50,__perm_pre_n=200,__perm_rng_seed=0,__perm_stat=delta_fused_score,divergence=0.3,error_rate=0.5,teacher_entropy=0.2",3,0,200,0.0,0,10000,10.0,25.0,200,500,0,0,1.0,0.8308971774193549,0.5992270720658162,0.16666666666666666,0.20661935210227966,0.007075517438352108,0,0,69,58,-1,perm_test,1.0,-0.024649496233823783,131,58,73,0.0,0.0008377274498343468,0,0.0,0.0,0.0,0.0,0,none,0,1,0,overconfident,0.95,0,mild_drift,0.9600208288790532,0.0013028199103118552,0.7987914670091523,0.8548187200515945,1768132911.5020332,0.2701151371002197,0.07241867482662201
373,23872,23871,sea_abrupt4,sea,ts_drift_adapt,4,"error_divergence_ph_meta@error.threshold=0.10,error.min_instances=5",error_divergence_ph_meta,"{""divergence"": {""alpha"": 0.1, ""delta"": 0.005, ""min_instances"": 30, ""threshold"": 0.05}, ""error_rate"": {""alpha"": 0.15, ""delta"": 0.005, ""min_instances"": 5, ""threshold"": 0.1}}","{""error_rate"": {""min_instances"": 5, ""threshold"": 0.1}}",0.1,0.005,0.15,5,0.05,0.005,0.1,30,,,,-1,two_stage,2,0.5,"__confirm_cooldown=200,__confirm_rule=perm_test,__perm_alpha=0.01,__perm_delta_k=50,__perm_min_effect=0,__perm_n_perm=200,__perm_post_n=50,__perm_pre_n=200,__perm_rng_seed=0,__perm_stat=delta_fused_score,divergence=0.3,error_rate=0.5,teacher_entropy=0.2",3,0,200,0.0,0,10000,10.0,25.0,200,500,0,0,1.0,0.8311829758713136,0.5996839953890915,0.0,0.25516632199287415,0.006490090396255255,0,0,69,58,-1,perm_test,1.0,-0.08028555392374703,132,58,74,0.0,0.16666666666666666,0,0.0,0.0,0.0,0.0,0,none,0,1,0,overconfident,0.95,0,mild_drift,0.9601604144395266,0.0013014099551559278,0.7993957335045762,0.8549093600257973,1768132911.5135953,0.0837177112698555,0.08818407356739044
374,23936,23935,sea_abrupt4,sea,ts_drift_adapt,4,"error_divergence_ph_meta@error.threshold=0.10,error.min_instances=5",error_divergence_ph_meta,"{""divergence"": {""alpha"": 0.1, ""delta"": 0.005, ""min_instances"": 30, ""threshold"": 0.05}, ""error_rate"": {""alpha"": 0.15, ""delta"": 0.005, ""min_instances"": 5, ""threshold"": 0.1}}","{""error_rate"": {""min_instances"": 5, ""threshold"": 0.1}}",0.1,0.005,0.15,5,0.05,0.005,0.1,30,,,,-1,two_stage,2,0.5,"__confirm_cooldown=200,__confirm_rule=perm_test,__perm_alpha=0.01,__perm_delta_k=50,__perm_min_effect=0,__perm_n_perm=200,__perm_post_n=50,__perm_pre_n=200,__perm_rng_seed=0,__perm_stat=delta_fused_score,divergence=0.3,error_rate=0.5,teacher_entropy=0.2",3,0,200,0.0,0,10000,10.0,25.0,200,500,0,0,1.0,0.8314672459893048,0.6002351643971813,0.0,0.23660118877887726,0.006651542615145445,0,0,69,58,-1,perm_test,1.0,-0.08028555392374703,132,58,74,0.0,0.00016145221889019012,0,0.0,0.0,0.0,0.0,0,none,0,1,0,overconfident,0.95,0,mild_drift,0.9602302072197633,0.001300704977577964,0.799697866752288,0.8549546800128986,1768132911.525,0.16076363623142242,0.07846967875957489
375,24000,23999,sea_abrupt4,sea,ts_drift_adapt,4,"error_divergence_ph_meta@error.threshold=0.10,error.min_instances=5",error_divergence_ph_meta,"{""divergence"": {""alpha"": 0.1, ""delta"": 0.005, ""min_instances"": 30, ""threshold"": 0.05}, ""error_rate"": {""alpha"": 0.15, ""delta"": 0.005, ""min_instances"": 5, ""threshold"": 0.1}}","{""error_rate"": {""min_instances"": 5, ""threshold"": 0.1}}",0.1,0.005,0.15,5,0.05,0.005,0.1,30,,,,-1,two_stage,2,0.5,"__confirm_cooldown=200,__confirm_rule=perm_test,__perm_alpha=0.01,__perm_delta_k=50,__perm_min_effect=0,__perm_n_perm=200,__perm_post_n=50,__perm_pre_n=200,__perm_rng_seed=0,__perm_stat=delta_fused_score,divergence=0.3,error_rate=0.5,teacher_entropy=0.2",3,0,200,0.0,0,10000,10.0,25.0,200,500,0,0,1.0,0.8317916666666667,0.6007672481462635,0.0,0.2301270216703415,0.012643459253013134,0,0,69,58,-1,perm_test,1.0,-0.08028555392374703,132,58,74,0.0,0.005991916637867689,0,0.0,0.0,0.0,0.0,0,none,0,1,0,overconfident,0.95,0,mild_drift,0.9602651036098816,0.0013003524887889822,0.799848933376144,0.8549773400064493,1768132911.5364456,0.024544373154640198,0.114989273250103
376,24064,24063,sea_abrupt4,sea,ts_drift_adapt,4,"error_divergence_ph_meta@error.threshold=0.10,error.min_instances=5",error_divergence_ph_meta,"{""divergence"": {""alpha"": 0.1, ""delta"": 0.005, ""min_instances"": 30, ""threshold"": 0.05}, ""error_rate"": {""alpha"": 0.15, ""delta"": 0.005, ""min_instances"": 5, ""threshold"": 0.1}}","{""error_rate"": {""min_instances"": 5, ""threshold"": 0.1}}",0.1,0.005,0.15,5,0.05,0.005,0.1,30,,,,-1,two_stage,2,0.5,"__confirm_cooldown=200,__confirm_rule=perm_test,__perm_alpha=0.01,__perm_delta_k=50,__perm_min_effect=0,__perm_n_perm=200,__perm_post_n=50,__perm_pre_n=200,__perm_rng_seed=0,__perm_stat=delta_fused_score,divergence=0.3,error_rate=0.5,teacher_entropy=0.2",3,0,200,0.0,0,10000,10.0,25.0,200,500,0,0,1.0,0.8319065824468085,0.6010784497312162,0.16666666666666666,0.22734759747982025,0.008409080095589161,1,1,70,59,0,perm_test,0.004975124378109453,0.09058187948081499,133,59,74,0.0,0.16666666666666666,1,0.5,0.0,0.0,0.0,0,none,1,1,0,overconfident,0.95,0,stable,0.9751325518049407,0.001050176244394491,0.899924466688072,0.8999886700032247,1768132911.5537932,0.30268463492393494,0.08027082681655884
377,24128,24127,sea_abrupt4,sea,ts_drift_adapt,4,"error_divergence_ph_meta@error.threshold=0.10,error.min_instances=5",error_divergence_ph_meta,"{""divergence"": {""alpha"": 0.1, ""delta"": 0.005, ""min_instances"": 30, ""threshold"": 0.05}, ""error_rate"": {""alpha"": 0.15, ""delta"": 0.005, ""min_instances"": 5, ""threshold"": 0.1}}","{""error_rate"": {""min_instances"": 5, ""threshold"": 0.1}}",0.1,0.005,0.15,5,0.05,0.005,0.1,30,,,,-1,two_stage,2,0.5,"__confirm_cooldown=200,__confirm_rule=perm_test,__perm_alpha=0.01,__perm_delta_k=50,__perm_min_effect=0,__perm_n_perm=200,__perm_post_n=50,__perm_pre_n=200,__perm_rng_seed=0,__perm_stat=delta_fused_score,divergence=0.3,error_rate=0.5,teacher_entropy=0.2",3,0,200,0.0,0,10000,10.0,25.0,200,500,1,136,1.0,0.8321037798408488,0.601375305271979,0.16666666666666666,0.2665514051914215,0.008267818950116634,0,0,70,59,-1,perm_test,0.004975124378109453,0.09058187948081499,133,59,74,0.0,0.00014126114547252655,0,0.0,0.0,0.0,0.0,0,none,0,1,0,overconfident,0.95,0,mild_drift,0.9677162759024703,0.0011750881221972457,0.849962233344036,0.8774943350016123,1768132911.5647428,0.20441915094852448,0.0945911705493927
378,24192,24191,sea_abrupt4,sea,ts_drift_adapt,4,"error_divergence_ph_meta@error.threshold=0.10,error.min_instances=5",error_divergence_ph_meta,"{""divergence"": {""alpha"": 0.1, ""delta"": 0.005, ""min_instances"": 30, ""threshold"": 0.05}, ""error_rate"": {""alpha"": 0.15, ""delta"": 0.005, ""min_instances"": 5, ""threshold"": 0.1}}","{""error_rate"": {""min_instances"": 5, ""threshold"": 0.1}}",0.1,0.005,0.15,5,0.05,0.005,0.1,30,,,,-1,two_stage,2,0.5,"__confirm_cooldown=200,__confirm_rule=perm_test,__perm_alpha=0.01,__perm_delta_k=50,__perm_min_effect=0,__perm_n_perm=200,__perm_post_n=50,__perm_pre_n=200,__perm_rng_seed=0,__perm_stat=delta_fused_score,divergence=0.3,error_rate=0.5,teacher_entropy=0.2",3,0,200,0.0,0,10000,10.0,25.0,200,500,1,72,1.0,0.8324239417989417,0.6020095807086796,0.0,0.2595503330230713,0.005835494492202997,0,0,70,59,-1,perm_test,0.004975124378109453,0.09058187948081499,133,59,74,0.0,0.16666666666666666,0,0.0,0.0,0.0,0.0,0,none,0,1,0,overconfident,0.95,0,mild_drift,0.9640081379512351,0.0012375440610986228,0.824981116672018,0.8662471675008061,1768132911.5756526,0.10841849446296692,0.06305897235870361
379,24256,24255,sea_abrupt4,sea,ts_drift_adapt,4,"error_divergence_ph_meta@error.threshold=0.10,error.min_instances=5",error_divergence_ph_meta,"{""divergence"": {""alpha"": 0.1, ""delta"": 0.005, ""min_instances"": 30, ""threshold"": 0.05}, ""error_rate"": {""alpha"": 0.15, ""delta"": 0.005, ""min_instances"": 5, ""threshold"": 0.1}}","{""error_rate"": {""min_instances"": 5, ""threshold"": 0.1}}",0.1,0.005,0.15,5,0.05,0.005,0.1,30,,,,-1,two_stage,2,0.5,"__confirm_cooldown=200,__confirm_rule=perm_test,__perm_alpha=0.01,__perm_delta_k=50,__perm_min_effect=0,__perm_n_perm=200,__perm_post_n=50,__perm_pre_n=200,__perm_rng_seed=0,__perm_stat=delta_fused_score,divergence=0.3,error_rate=0.5,teacher_entropy=0.2",3,0,200,0.0,0,10000,10.0,25.0,200,500,1,8,1.0,0.8326599604221636,0.6024133121000879,0.0,0.2595180869102478,0.005950836930423975,0,0,70,59,-1,perm_test,0.004975124378109453,0.09058187948081499,133,59,74,0.0,0.00011534243822097778,0,0.0,0.0,0.0,0.0,0,none,0,1,0,overconfident,0.95,0,mild_drift,0.9621540689756175,0.0012687720305493114,0.812490558336009,0.860623583750403,1768132911.5892215,0.2085902839899063,0.056572213768959045
380,24320,24319,sea_abrupt4,sea,ts_drift_adapt,4,"error_divergence_ph_meta@error.threshold=0.10,error.min_instances=5",error_divergence_ph_meta,"{""divergence"": {""alpha"": 0.1, ""delta"": 0.005, ""min_instances"": 30, ""threshold"": 0.05}, ""error_rate"": {""alpha"": 0.15, ""delta"": 0.005, ""min_instances"": 5, ""threshold"": 0.1}}","{""error_rate"": {""min_instances"": 5, ""threshold"": 0.1}}",0.1,0.005,0.15,5,0.05,0.005,0.1,30,,,,-1,two_stage,2,0.5,"__confirm_cooldown=200,__confirm_rule=perm_test,__perm_alpha=0.01,__perm_delta_k=50,__perm_min_effect=0,__perm_n_perm=200,__perm_post_n=50,__perm_pre_n=200,__perm_rng_seed=0,__perm_stat=delta_fused_score,divergence=0.3,error_rate=0.5,teacher_entropy=0.2",3,0,200,0.0,0,10000,10.0,25.0,200,500,0,0,1.0,0.8328125,0.6025629503993054,0.0,0.30239251255989075,0.01266477070748806,0,0,70,59,-1,perm_test,0.004975124378109453,0.09058187948081499,133,59,74,0.0,0.006713933777064085,0,0.0,0.0,0.0,0.0,0,none,0,1,0,overconfident,0.95,0,mild_drift,0.9612270344878087,0.0012843860152746559,0.8062452791680046,0.8578117918752015,1768132911.6031582,0.03101283870637417,0.09936615824699402
381,24384,24383,sea_abrupt4,sea,ts_drift_adapt,4,"error_divergence_ph_meta@error.threshold=0.10,error.min_instances=5",error_divergence_ph_meta,"{""divergence"": {""alpha"": 0.1, ""delta"": 0.005, ""min_instances"": 30, ""threshold"": 0.05}, ""error_rate"": {""alpha"": 0.15, ""delta"": 0.005, ""min_instances"": 5, ""threshold"": 0.1}}","{""error_rate"": {""min_instances"": 5, ""threshold"": 0.1}}",0.1,0.005,0.15,5,0.05,0.005,0.1,30,,,,-1,two_stage,2,0.5,"__confirm_cooldown=200,__confirm_rule=perm_test,__perm_alpha=0.01,__perm_delta_k=50,__perm_min_effect=0,__perm_n_perm=200,__perm_post_n=50,__perm_pre_n=200,__perm_rng_seed=0,__perm_stat=delta_fused_score,divergence=0.3,error_rate=0.5,teacher_entropy=0.2",3,0,200,0.0,0,10000,10.0,25.0,200,500,0,0,1.0,0.8328822178477691,0.6025361385438329,0.16666666666666666,0.32827726006507874,0.024423353374004364,1,1,71,60,0,perm_test,0.004975124378109453,0.0961735134869311,134,60,74,0.0,0.16666666666666666,1,0.5,0.0,0.0,0.0,0,none,1,1,0,overconfident,0.95,0,stable,0.9756135172439043,0.001042193007637328,0.9031226395840023,0.9014058959376008,1768132911.6226869,0.3273627758026123,0.20106962323188782
382,24448,24447,sea_abrupt4,sea,ts_drift_adapt,4,"error_divergence_ph_meta@error.threshold=0.10,error.min_instances=5",error_divergence_ph_meta,"{""divergence"": {""alpha"": 0.1, ""delta"": 0.005, ""min_instances"": 30, ""threshold"": 0.05}, ""error_rate"": {""alpha"": 0.15, ""delta"": 0.005, ""min_instances"": 5, ""threshold"": 0.1}}","{""error_rate"": {""min_instances"": 5, ""threshold"": 0.1}}",0.1,0.005,0.15,5,0.05,0.005,0.1,30,,,,-1,two_stage,2,0.5,"__confirm_cooldown=200,__confirm_rule=perm_test,__perm_alpha=0.01,__perm_delta_k=50,__perm_min_effect=0,__perm_n_perm=200,__perm_post_n=50,__perm_pre_n=200,__perm_rng_seed=0,__perm_stat=delta_fused_score,divergence=0.3,error_rate=0.5,teacher_entropy=0.2",3,0,200,0.0,0,10000,10.0,25.0,200,500,1,136,1.0,0.8331151832460733,0.6029040804804222,0.16666666666666666,0.262864351272583,0.012879657559096813,0,0,71,60,-1,perm_test,0.004975124378109453,0.0961735134869311,134,60,74,0.0,0.01154369581490755,0,0.0,0.0,0.0,0.0,0,none,0,1,0,overconfident,0.95,0,mild_drift,0.9679567586219522,0.001171096503818664,0.8515613197920011,0.8782029479688004,1768132911.633364,0.3723194897174835,0.09356943517923355
383,24512,24511,sea_abrupt4,sea,ts_drift_adapt,4,"error_divergence_ph_meta@error.threshold=0.10,error.min_instances=5",error_divergence_ph_meta,"{""divergence"": {""alpha"": 0.1, ""delta"": 0.005, ""min_instances"": 30, ""threshold"": 0.05}, ""error_rate"": {""alpha"": 0.15, ""delta"": 0.005, ""min_instances"": 5, ""threshold"": 0.1}}","{""error_rate"": {""min_instances"": 5, ""threshold"": 0.1}}",0.1,0.005,0.15,5,0.05,0.005,0.1,30,,,,-1,two_stage,2,0.5,"__confirm_cooldown=200,__confirm_rule=perm_test,__perm_alpha=0.01,__perm_delta_k=50,__perm_min_effect=0,__perm_n_perm=200,__perm_post_n=50,__perm_pre_n=200,__perm_rng_seed=0,__perm_stat=delta_fused_score,divergence=0.3,error_rate=0.5,teacher_entropy=0.2",3,0,200,0.0,0,10000,10.0,25.0,200,500,1,72,1.0,0.83322454308094,0.6030608752837734,0.3333333333333333,0.23550748825073242,0.00733412429690361,0,0,71,60,-1,perm_test,0.004975124378109453,0.0961735134869311,134,60,74,0.0,0.16666666666666666,0,0.0,0.0,0.0,0.0,0,none,0,1,0,overconfident,0.95,0,mild_drift,0.9641283793109761,0.001235548251909332,0.8257806598960006,0.8666014739844001,1768132911.6438735,0.3992043733596802,0.0652405321598053
384,24576,24575,sea_abrupt4,sea,ts_drift_adapt,4,"error_divergence_ph_meta@error.threshold=0.10,error.min_instances=5",error_divergence_ph_meta,"{""divergence"": {""alpha"": 0.1, ""delta"": 0.005, ""min_instances"": 30, ""threshold"": 0.05}, ""error_rate"": {""alpha"": 0.15, ""delta"": 0.005, ""min_instances"": 5, ""threshold"": 0.1}}","{""error_rate"": {""min_instances"": 5, ""threshold"": 0.1}}",0.1,0.005,0.15,5,0.05,0.005,0.1,30,,,,-1,two_stage,2,0.5,"__confirm_cooldown=200,__confirm_rule=perm_test,__perm_alpha=0.01,__perm_delta_k=50,__perm_min_effect=0,__perm_n_perm=200,__perm_post_n=50,__perm_pre_n=200,__perm_rng_seed=0,__perm_stat=delta_fused_score,divergence=0.3,error_rate=0.5,teacher_entropy=0.2",3,0,200,0.0,0,10000,10.0,25.0,200,500,1,8,1.0,0.8334554036458334,0.603356547820122,0.16666666666666666,0.25206491351127625,0.008447409607470036,0,0,71,60,-1,perm_test,0.004975124378109453,0.0961735134869311,134,60,74,0.0,0.16666666666666666,0,0.0,0.0,0.0,0.0,0,none,0,1,0,overconfident,0.95,0,mild_drift,0.962214189655488,0.0012677741259546661,0.8128903299480004,0.8608007369922,1768132911.6546552,0.4917161166667938,0.061252448707818985
385,24640,24639,sea_abrupt4,sea,ts_drift_adapt,4,"error_divergence_ph_meta@error.threshold=0.10,error.min_instances=5",error_divergence_ph_meta,"{""divergence"": {""alpha"": 0.1, ""delta"": 0.005, ""min_instances"": 30, ""threshold"": 0.05}, ""error_rate"": {""alpha"": 0.15, ""delta"": 0.005, ""min_instances"": 5, ""threshold"": 0.1}}","{""error_rate"": {""min_instances"": 5, ""threshold"": 0.1}}",0.1,0.005,0.15,5,0.05,0.005,0.1,30,,,,-1,two_stage,2,0.5,"__confirm_cooldown=200,__confirm_rule=perm_test,__perm_alpha=0.01,__perm_delta_k=50,__perm_min_effect=0,__perm_n_perm=200,__perm_post_n=50,__perm_pre_n=200,__perm_rng_seed=0,__perm_stat=delta_fused_score,divergence=0.3,error_rate=0.5,teacher_entropy=0.2",3,0,200,0.0,0,10000,10.0,25.0,200,500,0,0,1.0,0.8337256493506493,0.6037727616962458,0.0,0.22740750014781952,0.017314143478870392,0,0,71,60,-1,perm_test,0.004975124378109453,0.0961735134869311,134,60,74,0.0,0.16666666666666666,0,0.0,0.0,0.0,0.0,0,none,0,1,0,overconfident,0.95,0,mild_drift,0.9612570948277439,0.001283887062977333,0.8064451649740002,0.8579003684961,1768132911.6656353,0.018284961581230164,0.16374152898788452
386,24704,24703,sea_abrupt4,sea,ts_drift_adapt,4,"error_divergence_ph_meta@error.threshold=0.10,error.min_instances=5",error_divergence_ph_meta,"{""divergence"": {""alpha"": 0.1, ""delta"": 0.005, ""min_instances"": 30, ""threshold"": 0.05}, ""error_rate"": {""alpha"": 0.15, ""delta"": 0.005, ""min_instances"": 5, ""threshold"": 0.1}}","{""error_rate"": {""min_instances"": 5, ""threshold"": 0.1}}",0.1,0.005,0.15,5,0.05,0.005,0.1,30,,,,-1,two_stage,2,0.5,"__confirm_cooldown=200,__confirm_rule=perm_test,__perm_alpha=0.01,__perm_delta_k=50,__perm_min_effect=0,__perm_n_perm=200,__perm_post_n=50,__perm_pre_n=200,__perm_rng_seed=0,__perm_stat=delta_fused_score,divergence=0.3,error_rate=0.5,teacher_entropy=0.2",3,0,200,0.0,0,10000,10.0,25.0,200,500,0,0,1.0,0.8340349740932642,0.6042710489826395,0.0,0.2839668095111847,0.01732754521071911,0,1,72,60,-1,perm_test,0.39800995024875624,0.000998624963794062,135,60,75,0.16666666666666666,1.3401731848716736e-05,1,0.5,0.0,0.0,0.0,0,none,0,1,0,overconfident,0.95,0,mild_drift,0.9607785474138719,0.0012919435314886667,0.8032225824870001,0.85645018424805,1768132911.6822035,0.09054438024759293,0.14172771573066711
387,24768,24767,sea_abrupt4,sea,ts_drift_adapt,4,"error_divergence_ph_meta@error.threshold=0.10,error.min_instances=5",error_divergence_ph_meta,"{""divergence"": {""alpha"": 0.1, ""delta"": 0.005, ""min_instances"": 30, ""threshold"": 0.05}, ""error_rate"": {""alpha"": 0.15, ""delta"": 0.005, ""min_instances"": 5, ""threshold"": 0.1}}","{""error_rate"": {""min_instances"": 5, ""threshold"": 0.1}}",0.1,0.005,0.15,5,0.05,0.005,0.1,30,,,,-1,two_stage,2,0.5,"__confirm_cooldown=200,__confirm_rule=perm_test,__perm_alpha=0.01,__perm_delta_k=50,__perm_min_effect=0,__perm_n_perm=200,__perm_post_n=50,__perm_pre_n=200,__perm_rng_seed=0,__perm_stat=delta_fused_score,divergence=0.3,error_rate=0.5,teacher_entropy=0.2",3,0,200,0.0,0,10000,10.0,25.0,200,500,0,0,1.0,0.8341004521963824,0.60433326514155,0.16666666666666666,0.25698167085647583,0.020014958456158638,1,0,72,61,1,perm_test,0.004975124378109453,0.07385584091145457,136,61,75,0.0,0.16666666666666666,0,0.0,0.0,0.0,0.0,0,none,1,1,0,overconfident,0.95,0,stable,0.975389273706936,0.0010459717657443333,0.9016112912435,0.9007250921240251,1768132911.6984856,0.529482364654541,0.13436345756053925
388,24832,24831,sea_abrupt4,sea,ts_drift_adapt,4,"error_divergence_ph_meta@error.threshold=0.10,error.min_instances=5",error_divergence_ph_meta,"{""divergence"": {""alpha"": 0.1, ""delta"": 0.005, ""min_instances"": 30, ""threshold"": 0.05}, ""error_rate"": {""alpha"": 0.15, ""delta"": 0.005, ""min_instances"": 5, ""threshold"": 0.1}}","{""error_rate"": {""min_instances"": 5, ""threshold"": 0.1}}",0.1,0.005,0.15,5,0.05,0.005,0.1,30,,,,-1,two_stage,2,0.5,"__confirm_cooldown=200,__confirm_rule=perm_test,__perm_alpha=0.01,__perm_delta_k=50,__perm_min_effect=0,__perm_n_perm=200,__perm_post_n=50,__perm_pre_n=200,__perm_rng_seed=0,__perm_stat=delta_fused_score,divergence=0.3,error_rate=0.5,teacher_entropy=0.2",3,0,200,0.0,0,10000,10.0,25.0,200,500,1,136,1.0,0.8342058634020618,0.6042849869914928,0.0,0.2564508318901062,0.024551723152399063,0,0,72,61,-1,perm_test,0.004975124378109453,0.07385584091145457,136,61,75,0.0,0.16666666666666666,0,0.0,0.0,0.0,0.0,0,none,0,1,0,overconfident,0.95,0,mild_drift,0.9678446368534679,0.0011729858828721667,0.8508056456217501,0.8778625460620125,1768132911.709147,0.021825164556503296,0.17060911655426025
389,24896,24895,sea_abrupt4,sea,ts_drift_adapt,4,"error_divergence_ph_meta@error.threshold=0.10,error.min_instances=5",error_divergence_ph_meta,"{""divergence"": {""alpha"": 0.1, ""delta"": 0.005, ""min_instances"": 30, ""threshold"": 0.05}, ""error_rate"": {""alpha"": 0.15, ""delta"": 0.005, ""min_instances"": 5, ""threshold"": 0.1}}","{""error_rate"": {""min_instances"": 5, ""threshold"": 0.1}}",0.1,0.005,0.15,5,0.05,0.005,0.1,30,,,,-1,two_stage,2,0.5,"__confirm_cooldown=200,__confirm_rule=perm_test,__perm_alpha=0.01,__perm_delta_k=50,__perm_min_effect=0,__perm_n_perm=200,__perm_post_n=50,__perm_pre_n=200,__perm_rng_seed=0,__perm_stat=delta_fused_score,divergence=0.3,error_rate=0.5,teacher_entropy=0.2",3,0,200,0.0,0,10000,10.0,25.0,200,500,1,72,1.0,0.8343910668380463,0.6045468262055748,0.0,0.22439530491828918,0.011537667363882065,0,0,72,61,-1,perm_test,0.004975124378109453,0.07385584091145457,136,61,75,0.0,0.013014055788516998,0,0.0,0.0,0.0,0.0,0,none,0,1,0,overconfident,0.95,0,mild_drift,0.9640723184267339,0.0012364929414360834,0.8254028228108751,0.8664312730310062,1768132911.7196546,0.017413169145584106,0.08173865079879761
390,24960,24959,sea_abrupt4,sea,ts_drift_adapt,4,"error_divergence_ph_meta@error.threshold=0.10,error.min_instances=5",error_divergence_ph_meta,"{""divergence"": {""alpha"": 0.1, ""delta"": 0.005, ""min_instances"": 30, ""threshold"": 0.05}, ""error_rate"": {""alpha"": 0.15, ""delta"": 0.005, ""min_instances"": 5, ""threshold"": 0.1}}","{""error_rate"": {""min_instances"": 5, ""threshold"": 0.1}}",0.1,0.005,0.15,5,0.05,0.005,0.1,30,,,,-1,two_stage,2,0.5,"__confirm_cooldown=200,__confirm_rule=perm_test,__perm_alpha=0.01,__perm_delta_k=50,__perm_min_effect=0,__perm_n_perm=200,__perm_post_n=50,__perm_pre_n=200,__perm_rng_seed=0,__perm_stat=delta_fused_score,divergence=0.3,error_rate=0.5,teacher_entropy=0.2",3,0,200,0.0,0,10000,10.0,25.0,200,500,1,8,1.0,0.8344951923076923,0.6045535350311617,0.16666666666666666,0.2372118979692459,0.01441353838890791,0,0,72,61,-1,perm_test,0.004975124378109453,0.07385584091145457,136,61,75,0.0,0.16666666666666666,0,0.0,0.0,0.0,0.0,0,none,0,1,0,overconfident,0.95,0,mild_drift,0.9621861592133669,0.0012682464707180418,0.8127014114054376,0.8607156365155031,1768132911.7301612,0.18665577471256256,0.10373879969120026
391,25024,25023,sea_abrupt4,sea,ts_drift_adapt,4,"error_divergence_ph_meta@error.threshold=0.10,error.min_instances=5",error_divergence_ph_meta,"{""divergence"": {""alpha"": 0.1, ""delta"": 0.005, ""min_instances"": 30, ""threshold"": 0.05}, ""error_rate"": {""alpha"": 0.15, ""delta"": 0.005, ""min_instances"": 5, ""threshold"": 0.1}}","{""error_rate"": {""min_instances"": 5, ""threshold"": 0.1}}",0.1,0.005,0.15,5,0.05,0.005,0.1,30,,,,-1,two_stage,2,0.5,"__confirm_cooldown=200,__confirm_rule=perm_test,__perm_alpha=0.01,__perm_delta_k=50,__perm_min_effect=0,__perm_n_perm=200,__perm_post_n=50,__perm_pre_n=200,__perm_rng_seed=0,__perm_stat=delta_fused_score,divergence=0.3,error_rate=0.5,teacher_entropy=0.2",3,0,200,0.0,0,10000,10.0,25.0,200,500,0,0,1.0,0.834638746803069,0.6048299074345592,0.16666666666666666,0.2674783766269684,0.014960436150431633,0,1,73,61,-1,perm_test,1.0,-0.004184187999745216,137,61,76,0.16666666666666666,0.0005468977615237236,1,0.5,0.0,0.0,0.0,0,none,0,1,0,overconfident,0.95,0,mild_drift,0.9612430796066834,0.001284123235359021,0.8063507057027188,0.8578578182577515,1768132911.7410386,0.24049162864685059,0.10248776525259018
392,25088,25087,sea_abrupt4,sea,ts_drift_adapt,4,"error_divergence_ph_meta@error.threshold=0.10,error.min_instances=5",error_divergence_ph_meta,"{""divergence"": {""alpha"": 0.1, ""delta"": 0.005, ""min_instances"": 30, ""threshold"": 0.05}, ""error_rate"": {""alpha"": 0.15, ""delta"": 0.005, ""min_instances"": 5, ""threshold"": 0.1}}","{""error_rate"": {""min_instances"": 5, ""threshold"": 0.1}}",0.1,0.005,0.15,5,0.05,0.005,0.1,30,,,,-1,two_stage,2,0.5,"__confirm_cooldown=200,__confirm_rule=perm_test,__perm_alpha=0.01,__perm_delta_k=50,__perm_min_effect=0,__perm_n_perm=200,__perm_post_n=50,__perm_pre_n=200,__perm_rng_seed=0,__perm_stat=delta_fused_score,divergence=0.3,error_rate=0.5,teacher_entropy=0.2",3,0,200,0.0,0,10000,10.0,25.0,200,500,0,0,1.0,0.8348214285714286,0.6051815384165746,0.16666666666666666,0.2179677039384842,0.011210066266357899,0,0,73,61,-1,perm_test,1.0,-0.0470130710747643,138,61,77,0.0,0.0037503698840737343,0,0.0,0.0,0.0,0.0,0,none,0,1,0,overconfident,0.95,0,mild_drift,0.9607715398033416,0.0012920616176795106,0.8031753528513594,0.8564289091288757,1768132911.7519157,0.34782254695892334,0.0952831357717514
393,25152,25151,sea_abrupt4,sea,ts_drift_adapt,4,"error_divergence_ph_meta@error.threshold=0.10,error.min_instances=5",error_divergence_ph_meta,"{""divergence"": {""alpha"": 0.1, ""delta"": 0.005, ""min_instances"": 30, ""threshold"": 0.05}, ""error_rate"": {""alpha"": 0.15, ""delta"": 0.005, ""min_instances"": 5, ""threshold"": 0.1}}","{""error_rate"": {""min_instances"": 5, ""threshold"": 0.1}}",0.1,0.005,0.15,5,0.05,0.005,0.1,30,,,,-1,two_stage,2,0.5,"__confirm_cooldown=200,__confirm_rule=perm_test,__perm_alpha=0.01,__perm_delta_k=50,__perm_min_effect=0,__perm_n_perm=200,__perm_post_n=50,__perm_pre_n=200,__perm_rng_seed=0,__perm_stat=delta_fused_score,divergence=0.3,error_rate=0.5,teacher_entropy=0.2",3,0,200,0.0,0,10000,10.0,25.0,200,500,0,0,1.0,0.8350826972010178,0.6056781084630932,0.0,0.24205397069454193,0.008257541805505753,0,0,73,61,-1,perm_test,1.0,-0.048935839678120666,139,61,78,0.0,0.16666666666666666,0,0.0,0.0,0.0,0.0,0,none,0,1,0,overconfident,0.95,0,mild_drift,0.9605357699016708,0.0012960308088397553,0.8015876764256797,0.8557144545644378,1768132911.7628937,0.05170832574367523,0.0758339986205101
394,25216,25215,sea_abrupt4,sea,ts_drift_adapt,4,"error_divergence_ph_meta@error.threshold=0.10,error.min_instances=5",error_divergence_ph_meta,"{""divergence"": {""alpha"": 0.1, ""delta"": 0.005, ""min_instances"": 30, ""threshold"": 0.05}, ""error_rate"": {""alpha"": 0.15, ""delta"": 0.005, ""min_instances"": 5, ""threshold"": 0.1}}","{""error_rate"": {""min_instances"": 5, ""threshold"": 0.1}}",0.1,0.005,0.15,5,0.05,0.005,0.1,30,,,,-1,two_stage,2,0.5,"__confirm_cooldown=200,__confirm_rule=perm_test,__perm_alpha=0.01,__perm_delta_k=50,__perm_min_effect=0,__perm_n_perm=200,__perm_post_n=50,__perm_pre_n=200,__perm_rng_seed=0,__perm_stat=delta_fused_score,divergence=0.3,error_rate=0.5,teacher_entropy=0.2",3,0,200,0.0,0,10000,10.0,25.0,200,500,0,0,1.0,0.8353822969543148,0.6062549418624292,0.16666666666666666,0.18273724615573883,0.004239463713020086,1,0,73,62,3,perm_test,0.004975124378109453,0.05530093089215335,140,62,78,0.0,0.16666666666666666,0,0.0,0.0,0.0,0.0,0,none,1,1,0,overconfident,0.95,0,stable,0.9752678849508354,0.0010480154044198776,0.9007938382128399,0.9003572272822189,1768132911.7794337,0.189308762550354,0.0565769299864769
395,25280,25279,sea_abrupt4,sea,ts_drift_adapt,4,"error_divergence_ph_meta@error.threshold=0.10,error.min_instances=5",error_divergence_ph_meta,"{""divergence"": {""alpha"": 0.1, ""delta"": 0.005, ""min_instances"": 30, ""threshold"": 0.05}, ""error_rate"": {""alpha"": 0.15, ""delta"": 0.005, ""min_instances"": 5, ""threshold"": 0.1}}","{""error_rate"": {""min_instances"": 5, ""threshold"": 0.1}}",0.1,0.005,0.15,5,0.05,0.005,0.1,30,,,,-1,two_stage,2,0.5,"__confirm_cooldown=200,__confirm_rule=perm_test,__perm_alpha=0.01,__perm_delta_k=50,__perm_min_effect=0,__perm_n_perm=200,__perm_post_n=50,__perm_pre_n=200,__perm_rng_seed=0,__perm_stat=delta_fused_score,divergence=0.3,error_rate=0.5,teacher_entropy=0.2",3,0,200,0.0,0,10000,10.0,25.0,200,500,1,136,1.0,0.8354825949367088,0.6062448754300505,0.16666666666666666,0.24529457092285156,0.004468890838325024,0,0,73,62,-1,perm_test,0.004975124378109453,0.05530093089215335,140,62,78,0.0,0.00022942712530493736,0,0.0,0.0,0.0,0.0,0,none,0,1,0,overconfident,0.95,0,mild_drift,0.9677839424754177,0.001174007702209939,0.85039691910642,0.8776786136411094,1768132911.7913263,0.32870736718177795,0.05695390701293945
396,25344,25343,sea_abrupt4,sea,ts_drift_adapt,4,"error_divergence_ph_meta@error.threshold=0.10,error.min_instances=5",error_divergence_ph_meta,"{""divergence"": {""alpha"": 0.1, ""delta"": 0.005, ""min_instances"": 30, ""threshold"": 0.05}, ""error_rate"": {""alpha"": 0.15, ""delta"": 0.005, ""min_instances"": 5, ""threshold"": 0.1}}","{""error_rate"": {""min_instances"": 5, ""threshold"": 0.1}}",0.1,0.005,0.15,5,0.05,0.005,0.1,30,,,,-1,two_stage,2,0.5,"__confirm_cooldown=200,__confirm_rule=perm_test,__perm_alpha=0.01,__perm_delta_k=50,__perm_min_effect=0,__perm_n_perm=200,__perm_post_n=50,__perm_pre_n=200,__perm_rng_seed=0,__perm_stat=delta_fused_score,divergence=0.3,error_rate=0.5,teacher_entropy=0.2",3,0,200,0.0,0,10000,10.0,25.0,200,500,1,72,1.0,0.8356613005050505,0.6067189447981292,0.0,0.2529239356517792,0.0053793624974787235,0,1,73,62,-1,perm_test,0.004975124378109453,0.05530093089215335,140,62,78,0.16666666666666666,0.16666666666666666,1,0.5,0.0,0.0,0.0,0,none,0,1,0,overconfident,0.95,0,mild_drift,0.9640419712377089,0.0012370038511049695,0.82519845955321,0.8663393068205547,1768132911.8043864,0.18241138756275177,0.07236747443675995
397,25408,25407,sea_abrupt4,sea,ts_drift_adapt,4,"error_divergence_ph_meta@error.threshold=0.10,error.min_instances=5",error_divergence_ph_meta,"{""divergence"": {""alpha"": 0.1, ""delta"": 0.005, ""min_instances"": 30, ""threshold"": 0.05}, ""error_rate"": {""alpha"": 0.15, ""delta"": 0.005, ""min_instances"": 5, ""threshold"": 0.1}}","{""error_rate"": {""min_instances"": 5, ""threshold"": 0.1}}",0.1,0.005,0.15,5,0.05,0.005,0.1,30,,,,-1,two_stage,2,0.5,"__confirm_cooldown=200,__confirm_rule=perm_test,__perm_alpha=0.01,__perm_delta_k=50,__perm_min_effect=0,__perm_n_perm=200,__perm_post_n=50,__perm_pre_n=200,__perm_rng_seed=0,__perm_stat=delta_fused_score,divergence=0.3,error_rate=0.5,teacher_entropy=0.2",3,0,200,0.0,0,10000,10.0,25.0,200,500,1,8,1.0,0.8358391057934509,0.6070803506851419,0.16666666666666666,0.2830304503440857,0.01597016304731369,0,0,73,62,-1,perm_test,0.004975124378109453,0.05530093089215335,140,62,78,0.0,0.16666666666666666,0,0.0,0.0,0.0,0.0,0,none,0,1,0,overconfident,0.95,0,mild_drift,0.9621709856188544,0.001268501925552485,0.812599229776605,0.8606696534102773,1768132911.8177211,0.17272020876407623,0.1451384425163269
398,25472,25471,sea_abrupt4,sea,ts_drift_adapt,4,"error_divergence_ph_meta@error.threshold=0.10,error.min_instances=5",error_divergence_ph_meta,"{""divergence"": {""alpha"": 0.1, ""delta"": 0.005, ""min_instances"": 30, ""threshold"": 0.05}, ""error_rate"": {""alpha"": 0.15, ""delta"": 0.005, ""min_instances"": 5, ""threshold"": 0.1}}","{""error_rate"": {""min_instances"": 5, ""threshold"": 0.1}}",0.1,0.005,0.15,5,0.05,0.005,0.1,30,,,,-1,two_stage,2,0.5,"__confirm_cooldown=200,__confirm_rule=perm_test,__perm_alpha=0.01,__perm_delta_k=50,__perm_min_effect=0,__perm_n_perm=200,__perm_post_n=50,__perm_pre_n=200,__perm_rng_seed=0,__perm_stat=delta_fused_score,divergence=0.3,error_rate=0.5,teacher_entropy=0.2",3,0,200,0.0,0,10000,10.0,25.0,200,500,0,0,1.0,0.8360160175879398,0.607476701989451,0.16666666666666666,0.20644527673721313,0.011236715130507946,0,0,73,62,-1,perm_test,0.004975124378109453,0.05530093089215335,140,62,78,0.0,0.004733447916805744,0,0.0,0.0,0.0,0.0,0,none,0,1,0,overconfident,0.95,0,mild_drift,0.9612354928094271,0.0012842509627762426,0.8062996148883026,0.8578348267051387,1768132911.8304493,0.3626009225845337,0.12028400599956512
399,25536,25535,sea_abrupt4,sea,ts_drift_adapt,4,"error_divergence_ph_meta@error.threshold=0.10,error.min_instances=5",error_divergence_ph_meta,"{""divergence"": {""alpha"": 0.1, ""delta"": 0.005, ""min_instances"": 30, ""threshold"": 0.05}, ""error_rate"": {""alpha"": 0.15, ""delta"": 0.005, ""min_instances"": 5, ""threshold"": 0.1}}","{""error_rate"": {""min_instances"": 5, ""threshold"": 0.1}}",0.1,0.005,0.15,5,0.05,0.005,0.1,30,,,,-1,two_stage,2,0.5,"__confirm_cooldown=200,__confirm_rule=perm_test,__perm_alpha=0.01,__perm_delta_k=50,__perm_min_effect=0,__perm_n_perm=200,__perm_post_n=50,__perm_pre_n=200,__perm_rng_seed=0,__perm_stat=delta_fused_score,divergence=0.3,error_rate=0.5,teacher_entropy=0.2",3,0,200,0.0,0,10000,10.0,25.0,200,500,0,0,1.0,0.8362703634085213,0.6079186164234974,0.0,0.22868749499320984,0.011279839091002941,0,0,73,62,-1,perm_test,0.004975124378109453,0.05530093089215335,140,62,78,0.0,0.16666666666666666,0,0.0,0.0,0.0,0.0,0,none,0,1,0,overconfident,0.95,0,mild_drift,0.9607677464047135,0.0012921254813881215,0.8031498074441513,0.8564174133525693,1768132911.8412628,0.16198493540287018,0.10617220401763916
400,25600,25599,sea_abrupt4,sea,ts_drift_adapt,4,"error_divergence_ph_meta@error.threshold=0.10,error.min_instances=5",error_divergence_ph_meta,"{""divergence"": {""alpha"": 0.1, ""delta"": 0.005, ""min_instances"": 30, ""threshold"": 0.05}, ""error_rate"": {""alpha"": 0.15, ""delta"": 0.005, ""min_instances"": 5, ""threshold"": 0.1}}","{""error_rate"": {""min_instances"": 5, ""threshold"": 0.1}}",0.1,0.005,0.15,5,0.05,0.005,0.1,30,,,,-1,two_stage,2,0.5,"__confirm_cooldown=200,__confirm_rule=perm_test,__perm_alpha=0.01,__perm_delta_k=50,__perm_min_effect=0,__perm_n_perm=200,__perm_post_n=50,__perm_pre_n=200,__perm_rng_seed=0,__perm_stat=delta_fused_score,divergence=0.3,error_rate=0.5,teacher_entropy=0.2",3,0,200,0.0,0,10000,10.0,25.0,200,500,0,0,1.0,0.8365234375,0.6081516626284129,0.0,0.26482149958610535,0.01046024076640606,0,0,73,62,-1,perm_test,0.004975124378109453,0.05530093089215335,140,62,78,0.0,0.0008195983245968819,0,0.0,0.0,0.0,0.0,0,none,0,1,0,overconfident,0.95,0,mild_drift,0.9605338732023567,0.001296062740694061,0.8015749037220756,0.8557087066762846,1768132911.8521123,0.07504560053348541,0.15195007622241974
401,25664,25663,sea_abrupt4,sea,ts_drift_adapt,4,"error_divergence_ph_meta@error.threshold=0.10,error.min_instances=5",error_divergence_ph_meta,"{""divergence"": {""alpha"": 0.1, ""delta"": 0.005, ""min_instances"": 30, ""threshold"": 0.05}, ""error_rate"": {""alpha"": 0.15, ""delta"": 0.005, ""min_instances"": 5, ""threshold"": 0.1}}","{""error_rate"": {""min_instances"": 5, ""threshold"": 0.1}}",0.1,0.005,0.15,5,0.05,0.005,0.1,30,,,,-1,two_stage,2,0.5,"__confirm_cooldown=200,__confirm_rule=perm_test,__perm_alpha=0.01,__perm_delta_k=50,__perm_min_effect=0,__perm_n_perm=200,__perm_post_n=50,__perm_pre_n=200,__perm_rng_seed=0,__perm_stat=delta_fused_score,divergence=0.3,error_rate=0.5,teacher_entropy=0.2",3,0,200,0.0,0,10000,10.0,25.0,200,500,0,0,1.0,0.8367362842892768,0.6087092319543347,0.3333333333333333,0.22119814157485962,0.009623348712921143,1,1,74,63,0,perm_test,0.004975124378109453,0.158211633057422,141,63,78,0.3333333333333333,0.3333333333333333,1,0.5,0.0,0.0,0.0,0,none,1,1,0,overconfident,0.95,0,severe_drift,0.9257669366011784,0.0016480313703470305,0.6507874518610378,0.8328543533381423,1768132911.868091,0.35151147842407227,0.09640045464038849
402,25728,25727,sea_abrupt4,sea,ts_drift_adapt,4,"error_divergence_ph_meta@error.threshold=0.10,error.min_instances=5",error_divergence_ph_meta,"{""divergence"": {""alpha"": 0.1, ""delta"": 0.005, ""min_instances"": 30, ""threshold"": 0.05}, ""error_rate"": {""alpha"": 0.15, ""delta"": 0.005, ""min_instances"": 5, ""threshold"": 0.1}}","{""error_rate"": {""min_instances"": 5, ""threshold"": 0.1}}",0.1,0.005,0.15,5,0.05,0.005,0.1,30,,,,-1,two_stage,2,0.5,"__confirm_cooldown=200,__confirm_rule=perm_test,__perm_alpha=0.01,__perm_delta_k=50,__perm_min_effect=0,__perm_n_perm=200,__perm_post_n=50,__perm_pre_n=200,__perm_rng_seed=0,__perm_stat=delta_fused_score,divergence=0.3,error_rate=0.5,teacher_entropy=0.2",3,0,200,0.0,0,10000,10.0,25.0,200,500,1,136,1.0,0.8367925995024875,0.6088674182799056,0.3333333333333333,0.26719579100608826,0.027387455105781555,0,0,74,63,-1,perm_test,0.004975124378109453,0.158211633057422,141,63,78,0.0,0.017764106392860413,0,0.0,0.0,0.0,0.0,0,none,0,1,0,overconfident,0.95,0,mild_drift,0.9430334683005892,0.0014740156851735153,0.725393725930519,0.8439271766690711,1768132911.8784525,0.5503828525543213,0.2906981110572815
403,25792,25791,sea_abrupt4,sea,ts_drift_adapt,4,"error_divergence_ph_meta@error.threshold=0.10,error.min_instances=5",error_divergence_ph_meta,"{""divergence"": {""alpha"": 0.1, ""delta"": 0.005, ""min_instances"": 30, ""threshold"": 0.05}, ""error_rate"": {""alpha"": 0.15, ""delta"": 0.005, ""min_instances"": 5, ""threshold"": 0.1}}","{""error_rate"": {""min_instances"": 5, ""threshold"": 0.1}}",0.1,0.005,0.15,5,0.05,0.005,0.1,30,,,,-1,two_stage,2,0.5,"__confirm_cooldown=200,__confirm_rule=perm_test,__perm_alpha=0.01,__perm_delta_k=50,__perm_min_effect=0,__perm_n_perm=200,__perm_post_n=50,__perm_pre_n=200,__perm_rng_seed=0,__perm_stat=delta_fused_score,divergence=0.3,error_rate=0.5,teacher_entropy=0.2",3,0,200,0.0,0,10000,10.0,25.0,200,500,1,72,1.0,0.8369649503722084,0.6090804878382498,0.0,0.24560819566249847,0.00996508076786995,0,0,74,63,-1,perm_test,0.004975124378109453,0.158211633057422,141,63,78,0.0,0.3333333333333333,0,0.0,0.0,0.0,0.0,0,none,0,1,0,overconfident,0.95,0,mild_drift,0.9516667341502946,0.0013870078425867577,0.7626968629652595,0.8494635883345356,1768132911.888895,0.14598441123962402,0.13109879195690155
404,25856,25855,sea_abrupt4,sea,ts_drift_adapt,4,"error_divergence_ph_meta@error.threshold=0.10,error.min_instances=5",error_divergence_ph_meta,"{""divergence"": {""alpha"": 0.1, ""delta"": 0.005, ""min_instances"": 30, ""threshold"": 0.05}, ""error_rate"": {""alpha"": 0.15, ""delta"": 0.005, ""min_instances"": 5, ""threshold"": 0.1}}","{""error_rate"": {""min_instances"": 5, ""threshold"": 0.1}}",0.1,0.005,0.15,5,0.05,0.005,0.1,30,,,,-1,two_stage,2,0.5,"__confirm_cooldown=200,__confirm_rule=perm_test,__perm_alpha=0.01,__perm_delta_k=50,__perm_min_effect=0,__perm_n_perm=200,__perm_post_n=50,__perm_pre_n=200,__perm_rng_seed=0,__perm_stat=delta_fused_score,divergence=0.3,error_rate=0.5,teacher_entropy=0.2",3,0,200,0.0,0,10000,10.0,25.0,200,500,1,8,1.0,0.837136448019802,0.6092625037731711,0.0,0.2652018368244171,0.022772928699851036,0,0,74,63,-1,perm_test,0.004975124378109453,0.158211633057422,141,63,78,0.0,0.012807847931981087,0,0.0,0.0,0.0,0.0,0,none,0,1,0,overconfident,0.95,0,mild_drift,0.9559833670751472,0.001343503921293379,0.7813484314826298,0.8522317941672678,1768132911.8993773,0.03124193660914898,0.18900230526924133
405,25920,25919,sea_abrupt4,sea,ts_drift_adapt,4,"error_divergence_ph_meta@error.threshold=0.10,error.min_instances=5",error_divergence_ph_meta,"{""divergence"": {""alpha"": 0.1, ""delta"": 0.005, ""min_instances"": 30, ""threshold"": 0.05}, ""error_rate"": {""alpha"": 0.15, ""delta"": 0.005, ""min_instances"": 5, ""threshold"": 0.1}}","{""error_rate"": {""min_instances"": 5, ""threshold"": 0.1}}",0.1,0.005,0.15,5,0.05,0.005,0.1,30,,,,-1,two_stage,2,0.5,"__confirm_cooldown=200,__confirm_rule=perm_test,__perm_alpha=0.01,__perm_delta_k=50,__perm_min_effect=0,__perm_n_perm=200,__perm_post_n=50,__perm_pre_n=200,__perm_rng_seed=0,__perm_stat=delta_fused_score,divergence=0.3,error_rate=0.5,teacher_entropy=0.2",3,0,200,0.0,0,10000,10.0,25.0,200,500,0,0,1.0,0.8374228395061728,0.6098055260631918,0.0,0.2564452886581421,0.005916460417211056,0,0,74,63,-1,perm_test,0.004975124378109453,0.158211633057422,141,63,78,0.0,0.01685646828263998,0,0.0,0.0,0.0,0.0,0,none,0,1,0,overconfident,0.95,0,mild_drift,0.9581416835375736,0.0013217519606466897,0.7906742157413149,0.8536158970836338,1768132911.9103417,0.11181288212537766,0.0839882418513298
406,25984,25983,sea_abrupt4,sea,ts_drift_adapt,4,"error_divergence_ph_meta@error.threshold=0.10,error.min_instances=5",error_divergence_ph_meta,"{""divergence"": {""alpha"": 0.1, ""delta"": 0.005, ""min_instances"": 30, ""threshold"": 0.05}, ""error_rate"": {""alpha"": 0.15, ""delta"": 0.005, ""min_instances"": 5, ""threshold"": 0.1}}","{""error_rate"": {""min_instances"": 5, ""threshold"": 0.1}}",0.1,0.005,0.15,5,0.05,0.005,0.1,30,,,,-1,two_stage,2,0.5,"__confirm_cooldown=200,__confirm_rule=perm_test,__perm_alpha=0.01,__perm_delta_k=50,__perm_min_effect=0,__perm_n_perm=200,__perm_post_n=50,__perm_pre_n=200,__perm_rng_seed=0,__perm_stat=delta_fused_score,divergence=0.3,error_rate=0.5,teacher_entropy=0.2",3,0,200,0.0,0,10000,10.0,25.0,200,500,0,0,1.0,0.8377078201970444,0.6103462275463514,0.0,0.26062843203544617,0.013799385167658329,0,0,74,63,-1,perm_test,0.004975124378109453,0.158211633057422,141,63,78,0.0,0.007882924750447273,0,0.0,0.0,0.0,0.0,0,none,0,1,0,overconfident,0.95,0,mild_drift,0.9592208417687867,0.001310875980323345,0.7953371078706575,0.8543079485418169,1768132911.92146,0.10008261352777481,0.1155334860086441
407,26048,26047,sea_abrupt4,sea,ts_drift_adapt,4,"error_divergence_ph_meta@error.threshold=0.10,error.min_instances=5",error_divergence_ph_meta,"{""divergence"": {""alpha"": 0.1, ""delta"": 0.005, ""min_instances"": 30, ""threshold"": 0.05}, ""error_rate"": {""alpha"": 0.15, ""delta"": 0.005, ""min_instances"": 5, ""threshold"": 0.1}}","{""error_rate"": {""min_instances"": 5, ""threshold"": 0.1}}",0.1,0.005,0.15,5,0.05,0.005,0.1,30,,,,-1,two_stage,2,0.5,"__confirm_cooldown=200,__confirm_rule=perm_test,__perm_alpha=0.01,__perm_delta_k=50,__perm_min_effect=0,__perm_n_perm=200,__perm_post_n=50,__perm_pre_n=200,__perm_rng_seed=0,__perm_stat=delta_fused_score,divergence=0.3,error_rate=0.5,teacher_entropy=0.2",3,0,200,0.0,0,10000,10.0,25.0,200,500,0,0,1.0,0.8380297911547911,0.6108692160246635,0.0,0.2419808804988861,0.005532406736165285,0,0,74,63,-1,perm_test,0.004975124378109453,0.158211633057422,141,63,78,0.0,0.008266978431493044,0,0.0,0.0,0.0,0.0,0,none,0,1,0,overconfident,0.95,0,mild_drift,0.9597604208843933,0.0013054379901616727,0.7976685539353288,0.8546539742709085,1768132911.9324684,0.05518938973546028,0.06496289372444153
408,26112,26111,sea_abrupt4,sea,ts_drift_adapt,4,"error_divergence_ph_meta@error.threshold=0.10,error.min_instances=5",error_divergence_ph_meta,"{""divergence"": {""alpha"": 0.1, ""delta"": 0.005, ""min_instances"": 30, ""threshold"": 0.05}, ""error_rate"": {""alpha"": 0.15, ""delta"": 0.005, ""min_instances"": 5, ""threshold"": 0.1}}","{""error_rate"": {""min_instances"": 5, ""threshold"": 0.1}}",0.1,0.005,0.15,5,0.05,0.005,0.1,30,,,,-1,two_stage,2,0.5,"__confirm_cooldown=200,__confirm_rule=perm_test,__perm_alpha=0.01,__perm_delta_k=50,__perm_min_effect=0,__perm_n_perm=200,__perm_post_n=50,__perm_pre_n=200,__perm_rng_seed=0,__perm_stat=delta_fused_score,divergence=0.3,error_rate=0.5,teacher_entropy=0.2",3,0,200,0.0,0,10000,10.0,25.0,200,500,0,0,1.0,0.8382352941176471,0.6114359524984223,0.16666666666666666,0.24398469924926758,0.00859951414167881,1,1,75,64,0,perm_test,0.004975124378109453,0.0864045301584873,142,64,78,0.16666666666666666,0.16666666666666666,1,0.5,0.0,0.0,0.0,0,none,1,1,0,overconfident,0.95,0,severe_drift,0.9253802104421966,0.0016527189950808364,0.6488342769676644,0.8323269871354543,1768132911.949161,0.5571869015693665,0.07692711800336838
409,26176,26175,sea_abrupt4,sea,ts_drift_adapt,4,"error_divergence_ph_meta@error.threshold=0.10,error.min_instances=5",error_divergence_ph_meta,"{""divergence"": {""alpha"": 0.1, ""delta"": 0.005, ""min_instances"": 30, ""threshold"": 0.05}, ""error_rate"": {""alpha"": 0.15, ""delta"": 0.005, ""min_instances"": 5, ""threshold"": 0.1}}","{""error_rate"": {""min_instances"": 5, ""threshold"": 0.1}}",0.1,0.005,0.15,5,0.05,0.005,0.1,30,,,,-1,two_stage,2,0.5,"__confirm_cooldown=200,__confirm_rule=perm_test,__perm_alpha=0.01,__perm_delta_k=50,__perm_min_effect=0,__perm_n_perm=200,__perm_post_n=50,__perm_pre_n=200,__perm_rng_seed=0,__perm_stat=delta_fused_score,divergence=0.3,error_rate=0.5,teacher_entropy=0.2",3,0,200,0.0,0,10000,10.0,25.0,200,500,1,136,1.0,0.8385926039119804,0.6120697976910404,0.0,0.22780892252922058,0.009952605701982975,0,0,75,64,-1,perm_test,0.004975124378109453,0.0864045301584873,142,64,78,0.0,0.16666666666666666,0,0.0,0.0,0.0,0.0,0,none,0,1,0,overconfident,0.95,0,mild_drift,0.9428401052210983,0.0014763594975404182,0.7244171384838323,0.8436634935677272,1768132911.9598923,0.12402104586362839,0.08487452566623688
410,26240,26239,sea_abrupt4,sea,ts_drift_adapt,4,"error_divergence_ph_meta@error.threshold=0.10,error.min_instances=5",error_divergence_ph_meta,"{""divergence"": {""alpha"": 0.1, ""delta"": 0.005, ""min_instances"": 30, ""threshold"": 0.05}, ""error_rate"": {""alpha"": 0.15, ""delta"": 0.005, ""min_instances"": 5, ""threshold"": 0.1}}","{""error_rate"": {""min_instances"": 5, ""threshold"": 0.1}}",0.1,0.005,0.15,5,0.05,0.005,0.1,30,,,,-1,two_stage,2,0.5,"__confirm_cooldown=200,__confirm_rule=perm_test,__perm_alpha=0.01,__perm_delta_k=50,__perm_min_effect=0,__perm_n_perm=200,__perm_post_n=50,__perm_pre_n=200,__perm_rng_seed=0,__perm_stat=delta_fused_score,divergence=0.3,error_rate=0.5,teacher_entropy=0.2",3,0,200,0.0,0,10000,10.0,25.0,200,500,1,72,1.0,0.838719512195122,0.6124352116342701,0.0,0.24381594359874725,0.00697642145678401,0,0,75,64,-1,perm_test,0.004975124378109453,0.0864045301584873,142,64,78,0.0,0.002976184245198965,0,0.0,0.0,0.0,0.0,0,none,0,1,0,overconfident,0.95,0,mild_drift,0.951570052610549,0.0013881797487702093,0.7622085692419162,0.8493317467838636,1768132911.9704742,0.2055373638868332,0.06879305839538574
411,26304,26303,sea_abrupt4,sea,ts_drift_adapt,4,"error_divergence_ph_meta@error.threshold=0.10,error.min_instances=5",error_divergence_ph_meta,"{""divergence"": {""alpha"": 0.1, ""delta"": 0.005, ""min_instances"": 30, ""threshold"": 0.05}, ""error_rate"": {""alpha"": 0.15, ""delta"": 0.005, ""min_instances"": 5, ""threshold"": 0.1}}","{""error_rate"": {""min_instances"": 5, ""threshold"": 0.1}}",0.1,0.005,0.15,5,0.05,0.005,0.1,30,,,,-1,two_stage,2,0.5,"__confirm_cooldown=200,__confirm_rule=perm_test,__perm_alpha=0.01,__perm_delta_k=50,__perm_min_effect=0,__perm_n_perm=200,__perm_post_n=50,__perm_pre_n=200,__perm_rng_seed=0,__perm_stat=delta_fused_score,divergence=0.3,error_rate=0.5,teacher_entropy=0.2",3,0,200,0.0,0,10000,10.0,25.0,200,500,1,8,1.0,0.8388838199513382,0.612660016380695,0.16666666666666666,0.2756800651550293,0.013132683001458645,0,0,75,64,-1,perm_test,0.004975124378109453,0.0864045301584873,142,64,78,0.0,0.16666666666666666,0,0.0,0.0,0.0,0.0,0,none,0,1,0,overconfident,0.95,0,mild_drift,0.9559350263052745,0.0013440898743851048,0.7811042846209582,0.8521658733919317,1768132911.9812803,0.51517254114151,0.08639763295650482
412,26368,26367,sea_abrupt4,sea,ts_drift_adapt,4,"error_divergence_ph_meta@error.threshold=0.10,error.min_instances=5",error_divergence_ph_meta,"{""divergence"": {""alpha"": 0.1, ""delta"": 0.005, ""min_instances"": 30, ""threshold"": 0.05}, ""error_rate"": {""alpha"": 0.15, ""delta"": 0.005, ""min_instances"": 5, ""threshold"": 0.1}}","{""error_rate"": {""min_instances"": 5, ""threshold"": 0.1}}",0.1,0.005,0.15,5,0.05,0.005,0.1,30,,,,-1,two_stage,2,0.5,"__confirm_cooldown=200,__confirm_rule=perm_test,__perm_alpha=0.01,__perm_delta_k=50,__perm_min_effect=0,__perm_n_perm=200,__perm_post_n=50,__perm_pre_n=200,__perm_rng_seed=0,__perm_stat=delta_fused_score,divergence=0.3,error_rate=0.5,teacher_entropy=0.2",3,0,200,0.0,0,10000,10.0,25.0,200,500,0,0,1.0,0.8389335558252428,0.6126390403509255,0.16666666666666666,0.24536195397377014,0.008606771007180214,0,0,75,64,-1,perm_test,0.004975124378109453,0.0864045301584873,142,64,78,0.0,0.004525911994278431,0,0.0,0.0,0.0,0.0,0,none,0,1,0,overconfident,0.95,0,mild_drift,0.9581175131526372,0.0013220449371925524,0.7905521423104791,0.8535829366959659,1768132911.9924161,0.3994753658771515,0.06316744536161423
413,26432,26431,sea_abrupt4,sea,ts_drift_adapt,4,"error_divergence_ph_meta@error.threshold=0.10,error.min_instances=5",error_divergence_ph_meta,"{""divergence"": {""alpha"": 0.1, ""delta"": 0.005, ""min_instances"": 30, ""threshold"": 0.05}, ""error_rate"": {""alpha"": 0.15, ""delta"": 0.005, ""min_instances"": 5, ""threshold"": 0.1}}","{""error_rate"": {""min_instances"": 5, ""threshold"": 0.1}}",0.1,0.005,0.15,5,0.05,0.005,0.1,30,,,,-1,two_stage,2,0.5,"__confirm_cooldown=200,__confirm_rule=perm_test,__perm_alpha=0.01,__perm_delta_k=50,__perm_min_effect=0,__perm_n_perm=200,__perm_post_n=50,__perm_pre_n=200,__perm_rng_seed=0,__perm_stat=delta_fused_score,divergence=0.3,error_rate=0.5,teacher_entropy=0.2",3,0,200,0.0,0,10000,10.0,25.0,200,500,0,0,1.0,0.839172215496368,0.6129796193333945,0.16666666666666666,0.23814824223518372,0.0067718918435275555,0,0,75,64,-1,perm_test,0.004975124378109453,0.0864045301584873,142,64,78,0.0,0.0018348791636526585,0,0.0,0.0,0.0,0.0,0,none,0,1,0,overconfident,0.95,0,mild_drift,0.9592087565763185,0.0013110224685962762,0.7952760711552396,0.854291468347983,1768132912.0052147,0.3367655575275421,0.06776002049446106
414,26496,26495,sea_abrupt4,sea,ts_drift_adapt,4,"error_divergence_ph_meta@error.threshold=0.10,error.min_instances=5",error_divergence_ph_meta,"{""divergence"": {""alpha"": 0.1, ""delta"": 0.005, ""min_instances"": 30, ""threshold"": 0.05}, ""error_rate"": {""alpha"": 0.15, ""delta"": 0.005, ""min_instances"": 5, ""threshold"": 0.1}}","{""error_rate"": {""min_instances"": 5, ""threshold"": 0.1}}",0.1,0.005,0.15,5,0.05,0.005,0.1,30,,,,-1,two_stage,2,0.5,"__confirm_cooldown=200,__confirm_rule=perm_test,__perm_alpha=0.01,__perm_delta_k=50,__perm_min_effect=0,__perm_n_perm=200,__perm_post_n=50,__perm_pre_n=200,__perm_rng_seed=0,__perm_stat=delta_fused_score,divergence=0.3,error_rate=0.5,teacher_entropy=0.2",3,0,200,0.0,0,10000,10.0,25.0,200,500,0,0,1.0,0.8393342391304348,0.613319240883638,0.0,0.22981949150562286,0.009057344868779182,0,1,76,64,-1,perm_test,1.0,-0.09343924820807761,143,64,79,0.16666666666666666,0.16666666666666666,1,0.5,0.0,0.0,0.0,0,none,0,1,0,overconfident,0.95,0,mild_drift,0.9597543782881592,0.0013055112342981383,0.7976380355776198,0.8546457341739915,1768132912.0190127,0.06435266882181168,0.08198341727256775
415,26560,26559,sea_abrupt4,sea,ts_drift_adapt,4,"error_divergence_ph_meta@error.threshold=0.10,error.min_instances=5",error_divergence_ph_meta,"{""divergence"": {""alpha"": 0.1, ""delta"": 0.005, ""min_instances"": 30, ""threshold"": 0.05}, ""error_rate"": {""alpha"": 0.15, ""delta"": 0.005, ""min_instances"": 5, ""threshold"": 0.1}}","{""error_rate"": {""min_instances"": 5, ""threshold"": 0.1}}",0.1,0.005,0.15,5,0.05,0.005,0.1,30,,,,-1,two_stage,2,0.5,"__confirm_cooldown=200,__confirm_rule=perm_test,__perm_alpha=0.01,__perm_delta_k=50,__perm_min_effect=0,__perm_n_perm=200,__perm_post_n=50,__perm_pre_n=200,__perm_rng_seed=0,__perm_stat=delta_fused_score,divergence=0.3,error_rate=0.5,teacher_entropy=0.2",3,0,200,0.0,0,10000,10.0,25.0,200,500,0,0,1.0,0.8395707831325301,0.6137155853847157,0.0,0.19617700576782227,0.006288126111030579,1,0,76,65,1,perm_test,0.004975124378109453,0.016650270385474498,144,65,79,0.0,0.002769218757748604,0,0.0,0.0,0.0,0.0,0,none,1,1,0,overconfident,0.95,0,stable,0.9748771891440796,0.001052755617149069,0.8988190177888099,0.8998228670869958,1768132912.0382583,0.033433765172958374,0.055553607642650604
416,26624,26623,sea_abrupt4,sea,ts_drift_adapt,4,"error_divergence_ph_meta@error.threshold=0.10,error.min_instances=5",error_divergence_ph_meta,"{""divergence"": {""alpha"": 0.1, ""delta"": 0.005, ""min_instances"": 30, ""threshold"": 0.05}, ""error_rate"": {""alpha"": 0.15, ""delta"": 0.005, ""min_instances"": 5, ""threshold"": 0.1}}","{""error_rate"": {""min_instances"": 5, ""threshold"": 0.1}}",0.1,0.005,0.15,5,0.05,0.005,0.1,30,,,,-1,two_stage,2,0.5,"__confirm_cooldown=200,__confirm_rule=perm_test,__perm_alpha=0.01,__perm_delta_k=50,__perm_min_effect=0,__perm_n_perm=200,__perm_post_n=50,__perm_pre_n=200,__perm_rng_seed=0,__perm_stat=delta_fused_score,divergence=0.3,error_rate=0.5,teacher_entropy=0.2",3,0,200,0.0,0,10000,10.0,25.0,200,500,1,136,1.0,0.8397686298076923,0.613896121826713,0.3333333333333333,0.2044864296913147,0.006260781083256006,0,0,76,65,-1,perm_test,0.004975124378109453,0.016650270385474498,144,65,79,0.0,0.3333333333333333,0,0.0,0.0,0.0,0.0,0,none,0,1,0,overconfident,0.95,0,mild_drift,0.9675885945720397,0.0011763778085745347,0.8494095088944049,0.8774114335434979,1768132912.048975,0.5047738552093506,0.04586619511246681
417,26688,26687,sea_abrupt4,sea,ts_drift_adapt,4,"error_divergence_ph_meta@error.threshold=0.10,error.min_instances=5",error_divergence_ph_meta,"{""divergence"": {""alpha"": 0.1, ""delta"": 0.005, ""min_instances"": 30, ""threshold"": 0.05}, ""error_rate"": {""alpha"": 0.15, ""delta"": 0.005, ""min_instances"": 5, ""threshold"": 0.1}}","{""error_rate"": {""min_instances"": 5, ""threshold"": 0.1}}",0.1,0.005,0.15,5,0.05,0.005,0.1,30,,,,-1,two_stage,2,0.5,"__confirm_cooldown=200,__confirm_rule=perm_test,__perm_alpha=0.01,__perm_delta_k=50,__perm_min_effect=0,__perm_n_perm=200,__perm_post_n=50,__perm_pre_n=200,__perm_rng_seed=0,__perm_stat=delta_fused_score,divergence=0.3,error_rate=0.5,teacher_entropy=0.2",3,0,200,0.0,0,10000,10.0,25.0,200,500,1,72,1.0,0.8400029976019184,0.6142657354189631,0.0,0.24241672456264496,0.010462806560099125,0,0,76,65,-1,perm_test,0.004975124378109453,0.016650270385474498,144,65,79,0.0,0.3333333333333333,0,0.0,0.0,0.0,0.0,0,none,0,1,0,overconfident,0.95,0,mild_drift,0.9639442972860198,0.0012381889042872673,0.8247047544472025,0.866205716771749,1768132912.0596392,0.13230431079864502,0.1019713282585144
418,26752,26751,sea_abrupt4,sea,ts_drift_adapt,4,"error_divergence_ph_meta@error.threshold=0.10,error.min_instances=5",error_divergence_ph_meta,"{""divergence"": {""alpha"": 0.1, ""delta"": 0.005, ""min_instances"": 30, ""threshold"": 0.05}, ""error_rate"": {""alpha"": 0.15, ""delta"": 0.005, ""min_instances"": 5, ""threshold"": 0.1}}","{""error_rate"": {""min_instances"": 5, ""threshold"": 0.1}}",0.1,0.005,0.15,5,0.05,0.005,0.1,30,,,,-1,two_stage,2,0.5,"__confirm_cooldown=200,__confirm_rule=perm_test,__perm_alpha=0.01,__perm_delta_k=50,__perm_min_effect=0,__perm_n_perm=200,__perm_post_n=50,__perm_pre_n=200,__perm_rng_seed=0,__perm_stat=delta_fused_score,divergence=0.3,error_rate=0.5,teacher_entropy=0.2",3,0,200,0.0,0,10000,10.0,25.0,200,500,1,8,1.0,0.8401614832535885,0.6144826642563314,0.16666666666666666,0.2325715571641922,0.011864094994962215,0,0,76,65,-1,perm_test,0.004975124378109453,0.016650270385474498,144,65,79,0.0,0.16666666666666666,0,0.0,0.0,0.0,0.0,0,none,0,1,0,overconfident,0.95,0,mild_drift,0.9621221486430098,0.0012690944521436339,0.8123523772236012,0.8606028583858745,1768132912.070178,0.359912246465683,0.15691770613193512
419,26816,26815,sea_abrupt4,sea,ts_drift_adapt,4,"error_divergence_ph_meta@error.threshold=0.10,error.min_instances=5",error_divergence_ph_meta,"{""divergence"": {""alpha"": 0.1, ""delta"": 0.005, ""min_instances"": 30, ""threshold"": 0.05}, ""error_rate"": {""alpha"": 0.15, ""delta"": 0.005, ""min_instances"": 5, ""threshold"": 0.1}}","{""error_rate"": {""min_instances"": 5, ""threshold"": 0.1}}",0.1,0.005,0.15,5,0.05,0.005,0.1,30,,,,-1,two_stage,2,0.5,"__confirm_cooldown=200,__confirm_rule=perm_test,__perm_alpha=0.01,__perm_delta_k=50,__perm_min_effect=0,__perm_n_perm=200,__perm_post_n=50,__perm_pre_n=200,__perm_rng_seed=0,__perm_stat=delta_fused_score,divergence=0.3,error_rate=0.5,teacher_entropy=0.2",3,0,200,0.0,0,10000,10.0,25.0,200,500,0,0,1.0,0.8403192124105012,0.6147569942861794,0.16666666666666666,0.2135896533727646,0.011795767582952976,0,1,77,65,-1,perm_test,1.0,-0.022217551222543434,145,65,80,0.16666666666666666,6.83274120092392e-05,1,0.5,0.0,0.0,0.0,0,none,0,1,0,overconfident,0.95,0,mild_drift,0.9612110743215049,0.0012845472260718171,0.8061761886118006,0.8578014291929372,1768132912.0809095,0.23350514471530914,0.10572946071624756
420,26880,26879,sea_abrupt4,sea,ts_drift_adapt,4,"error_divergence_ph_meta@error.threshold=0.10,error.min_instances=5",error_divergence_ph_meta,"{""divergence"": {""alpha"": 0.1, ""delta"": 0.005, ""min_instances"": 30, ""threshold"": 0.05}, ""error_rate"": {""alpha"": 0.15, ""delta"": 0.005, ""min_instances"": 5, ""threshold"": 0.1}}","{""error_rate"": {""min_instances"": 5, ""threshold"": 0.1}}",0.1,0.005,0.15,5,0.05,0.005,0.1,30,,,,-1,two_stage,2,0.5,"__confirm_cooldown=200,__confirm_rule=perm_test,__perm_alpha=0.01,__perm_delta_k=50,__perm_min_effect=0,__perm_n_perm=200,__perm_post_n=50,__perm_pre_n=200,__perm_rng_seed=0,__perm_stat=delta_fused_score,divergence=0.3,error_rate=0.5,teacher_entropy=0.2",3,0,200,0.0,0,10000,10.0,25.0,200,500,0,0,1.0,0.8405133928571429,0.6151316896903862,0.0,0.23761385679244995,0.011818988248705864,0,0,77,65,-1,perm_test,1.0,-0.045954311149546026,146,65,81,0.0,0.16666666666666666,0,0.0,0.0,0.0,0.0,0,none,0,1,0,overconfident,0.95,0,mild_drift,0.9607555371607523,0.0012922736130359085,0.8030880943059003,0.8564007145964686,1768132912.091512,0.14560337364673615,0.13238011300563812
421,26944,26943,sea_abrupt4,sea,ts_drift_adapt,4,"error_divergence_ph_meta@error.threshold=0.10,error.min_instances=5",error_divergence_ph_meta,"{""divergence"": {""alpha"": 0.1, ""delta"": 0.005, ""min_instances"": 30, ""threshold"": 0.05}, ""error_rate"": {""alpha"": 0.15, ""delta"": 0.005, ""min_instances"": 5, ""threshold"": 0.1}}","{""error_rate"": {""min_instances"": 5, ""threshold"": 0.1}}",0.1,0.005,0.15,5,0.05,0.005,0.1,30,,,,-1,two_stage,2,0.5,"__confirm_cooldown=200,__confirm_rule=perm_test,__perm_alpha=0.01,__perm_delta_k=50,__perm_min_effect=0,__perm_n_perm=200,__perm_post_n=50,__perm_pre_n=200,__perm_rng_seed=0,__perm_stat=delta_fused_score,divergence=0.3,error_rate=0.5,teacher_entropy=0.2",3,0,200,0.0,0,10000,10.0,25.0,200,500,0,0,1.0,0.8408551068883611,0.6157359751474399,0.0,0.1955650895833969,0.01218524482101202,0,0,77,65,-1,perm_test,1.0,-0.026215156901282073,147,65,82,0.0,0.00036625657230615616,0,0.0,0.0,0.0,0.0,0,none,0,1,0,overconfident,0.95,0,mild_drift,0.9605277685803761,0.0012961368065179542,0.8015440471529502,0.8557003572982342,1768132912.102297,0.09535575658082962,0.11985529214143753
422,27008,27007,sea_abrupt4,sea,ts_drift_adapt,4,"error_divergence_ph_meta@error.threshold=0.10,error.min_instances=5",error_divergence_ph_meta,"{""divergence"": {""alpha"": 0.1, ""delta"": 0.005, ""min_instances"": 30, ""threshold"": 0.05}, ""error_rate"": {""alpha"": 0.15, ""delta"": 0.005, ""min_instances"": 5, ""threshold"": 0.1}}","{""error_rate"": {""min_instances"": 5, ""threshold"": 0.1}}",0.1,0.005,0.15,5,0.05,0.005,0.1,30,,,,-1,two_stage,2,0.5,"__confirm_cooldown=200,__confirm_rule=perm_test,__perm_alpha=0.01,__perm_delta_k=50,__perm_min_effect=0,__perm_n_perm=200,__perm_post_n=50,__perm_pre_n=200,__perm_rng_seed=0,__perm_stat=delta_fused_score,divergence=0.3,error_rate=0.5,teacher_entropy=0.2",3,0,200,0.0,0,10000,10.0,25.0,200,500,0,0,1.0,0.8411211492890995,0.6164775023495572,0.0,0.20457324385643005,0.007584990002214909,0,0,77,65,-1,perm_test,1.0,-0.028010554892082252,148,65,83,0.0,0.0046002548187971115,0,0.0,0.0,0.0,0.0,0,none,0,1,0,overconfident,0.95,0,mild_drift,0.960413884290188,0.0012980684032589773,0.8007720235764751,0.8553501786491171,1768132912.1132023,0.18869030475616455,0.08031454682350159
423,27072,27071,sea_abrupt4,sea,ts_drift_adapt,4,"error_divergence_ph_meta@error.threshold=0.10,error.min_instances=5",error_divergence_ph_meta,"{""divergence"": {""alpha"": 0.1, ""delta"": 0.005, ""min_instances"": 30, ""threshold"": 0.05}, ""error_rate"": {""alpha"": 0.15, ""delta"": 0.005, ""min_instances"": 5, ""threshold"": 0.1}}","{""error_rate"": {""min_instances"": 5, ""threshold"": 0.1}}",0.1,0.005,0.15,5,0.05,0.005,0.1,30,,,,-1,two_stage,2,0.5,"__confirm_cooldown=200,__confirm_rule=perm_test,__perm_alpha=0.01,__perm_delta_k=50,__perm_min_effect=0,__perm_n_perm=200,__perm_post_n=50,__perm_pre_n=200,__perm_rng_seed=0,__perm_stat=delta_fused_score,divergence=0.3,error_rate=0.5,teacher_entropy=0.2",3,0,200,0.0,0,10000,10.0,25.0,200,500,0,0,1.0,0.8413489952718676,0.6167052529672858,0.0,0.20078182220458984,0.01700556091964245,0,0,77,65,-1,perm_test,1.0,-0.028010554892082252,148,65,83,0.0,0.00942057091742754,0,0.0,0.0,0.0,0.0,0,none,0,1,0,overconfident,0.95,0,mild_drift,0.9603569421450939,0.0012990342016294888,0.8003860117882375,0.8551750893245585,1768132912.1243725,0.044725943356752396,0.1484776735305786
424,27136,27135,sea_abrupt4,sea,ts_drift_adapt,4,"error_divergence_ph_meta@error.threshold=0.10,error.min_instances=5",error_divergence_ph_meta,"{""divergence"": {""alpha"": 0.1, ""delta"": 0.005, ""min_instances"": 30, ""threshold"": 0.05}, ""error_rate"": {""alpha"": 0.15, ""delta"": 0.005, ""min_instances"": 5, ""threshold"": 0.1}}","{""error_rate"": {""min_instances"": 5, ""threshold"": 0.1}}",0.1,0.005,0.15,5,0.05,0.005,0.1,30,,,,-1,two_stage,2,0.5,"__confirm_cooldown=200,__confirm_rule=perm_test,__perm_alpha=0.01,__perm_delta_k=50,__perm_min_effect=0,__perm_n_perm=200,__perm_post_n=50,__perm_pre_n=200,__perm_rng_seed=0,__perm_stat=delta_fused_score,divergence=0.3,error_rate=0.5,teacher_entropy=0.2",3,0,200,0.0,0,10000,10.0,25.0,200,500,0,0,1.0,0.8415020636792453,0.616885286702329,0.0,0.2556504011154175,0.0077476100996136665,0,0,77,65,-1,perm_test,1.0,-0.028010554892082252,148,65,83,0.0,0.009257950820028782,0,0.0,0.0,0.0,0.0,0,none,0,1,0,overconfident,0.95,0,mild_drift,0.9603284710725469,0.0012995171008147446,0.8001930058941188,0.8550875446622792,1768132912.1357594,0.025570273399353027,0.08754405379295349
425,27200,27199,sea_abrupt4,sea,ts_drift_adapt,4,"error_divergence_ph_meta@error.threshold=0.10,error.min_instances=5",error_divergence_ph_meta,"{""divergence"": {""alpha"": 0.1, ""delta"": 0.005, ""min_instances"": 30, ""threshold"": 0.05}, ""error_rate"": {""alpha"": 0.15, ""delta"": 0.005, ""min_instances"": 5, ""threshold"": 0.1}}","{""error_rate"": {""min_instances"": 5, ""threshold"": 0.1}}",0.1,0.005,0.15,5,0.05,0.005,0.1,30,,,,-1,two_stage,2,0.5,"__confirm_cooldown=200,__confirm_rule=perm_test,__perm_alpha=0.01,__perm_delta_k=50,__perm_min_effect=0,__perm_n_perm=200,__perm_post_n=50,__perm_pre_n=200,__perm_rng_seed=0,__perm_stat=delta_fused_score,divergence=0.3,error_rate=0.5,teacher_entropy=0.2",3,0,200,0.0,0,10000,10.0,25.0,200,500,0,0,1.0,0.8418382352941176,0.6176538208474535,0.0,0.25862622261047363,0.01129031553864479,0,0,77,65,-1,perm_test,1.0,-0.028010554892082252,148,65,83,0.0,0.003542705439031124,0,0.0,0.0,0.0,0.0,0,none,0,1,0,overconfident,0.95,0,mild_drift,0.9603142355362735,0.0012997585504073723,0.8000965029470595,0.8550437723311396,1768132912.1470718,0.12029921263456345,0.0975249782204628
426,27264,27263,sea_abrupt4,sea,ts_drift_adapt,4,"error_divergence_ph_meta@error.threshold=0.10,error.min_instances=5",error_divergence_ph_meta,"{""divergence"": {""alpha"": 0.1, ""delta"": 0.005, ""min_instances"": 30, ""threshold"": 0.05}, ""error_rate"": {""alpha"": 0.15, ""delta"": 0.005, ""min_instances"": 5, ""threshold"": 0.1}}","{""error_rate"": {""min_instances"": 5, ""threshold"": 0.1}}",0.1,0.005,0.15,5,0.05,0.005,0.1,30,,,,-1,two_stage,2,0.5,"__confirm_cooldown=200,__confirm_rule=perm_test,__perm_alpha=0.01,__perm_delta_k=50,__perm_min_effect=0,__perm_n_perm=200,__perm_post_n=50,__perm_pre_n=200,__perm_rng_seed=0,__perm_stat=delta_fused_score,divergence=0.3,error_rate=0.5,teacher_entropy=0.2",3,0,200,0.0,0,10000,10.0,25.0,200,500,0,0,1.0,0.8420994718309859,0.6182469269844789,0.0,0.22492913901805878,0.0069003538228571415,0,0,77,65,-1,perm_test,1.0,-0.028010554892082252,148,65,83,0.0,0.004389961715787649,0,0.0,0.0,0.0,0.0,0,none,0,1,0,overconfident,0.95,0,mild_drift,0.9603071177681367,0.001299879275203686,0.8000482514735298,0.8550218861655698,1768132912.1585305,0.12616951763629913,0.06175750121474266
427,27328,27327,sea_abrupt4,sea,ts_drift_adapt,4,"error_divergence_ph_meta@error.threshold=0.10,error.min_instances=5",error_divergence_ph_meta,"{""divergence"": {""alpha"": 0.1, ""delta"": 0.005, ""min_instances"": 30, ""threshold"": 0.05}, ""error_rate"": {""alpha"": 0.15, ""delta"": 0.005, ""min_instances"": 5, ""threshold"": 0.1}}","{""error_rate"": {""min_instances"": 5, ""threshold"": 0.1}}",0.1,0.005,0.15,5,0.05,0.005,0.1,30,,,,-1,two_stage,2,0.5,"__confirm_cooldown=200,__confirm_rule=perm_test,__perm_alpha=0.01,__perm_delta_k=50,__perm_min_effect=0,__perm_n_perm=200,__perm_post_n=50,__perm_pre_n=200,__perm_rng_seed=0,__perm_stat=delta_fused_score,divergence=0.3,error_rate=0.5,teacher_entropy=0.2",3,0,200,0.0,0,10000,10.0,25.0,200,500,0,0,1.0,0.8422497072599532,0.6184852122687888,0.5,0.18641766905784607,0.004321553744375706,1,1,78,66,0,perm_test,0.004975124378109453,0.21770470900428965,149,66,83,0.33333333333333337,0.5,1,0.5,0.0,0.0,0.0,0,none,1,1,0,overconfident,0.95,0,severe_drift,0.9256535588840684,0.001649939637601843,0.6500241257367649,0.832510943082785,1768132912.1757934,0.4138411581516266,0.04372414946556091
428,27392,27391,sea_abrupt4,sea,ts_drift_adapt,4,"error_divergence_ph_meta@error.threshold=0.10,error.min_instances=5",error_divergence_ph_meta,"{""divergence"": {""alpha"": 0.1, ""delta"": 0.005, ""min_instances"": 30, ""threshold"": 0.05}, ""error_rate"": {""alpha"": 0.15, ""delta"": 0.005, ""min_instances"": 5, ""threshold"": 0.1}}","{""error_rate"": {""min_instances"": 5, ""threshold"": 0.1}}",0.1,0.005,0.15,5,0.05,0.005,0.1,30,,,,-1,two_stage,2,0.5,"__confirm_cooldown=200,__confirm_rule=perm_test,__perm_alpha=0.01,__perm_delta_k=50,__perm_min_effect=0,__perm_n_perm=200,__perm_post_n=50,__perm_pre_n=200,__perm_rng_seed=0,__perm_stat=delta_fused_score,divergence=0.3,error_rate=0.5,teacher_entropy=0.2",3,0,200,0.0,0,10000,10.0,25.0,200,500,1,136,1.0,0.8423627336448598,0.6186066159979949,0.0,0.2234032303094864,0.015435024164617062,0,0,78,66,-1,perm_test,0.004975124378109453,0.21770470900428965,149,66,83,0.0,0.5,0,0.0,0.0,0.0,0.0,0,none,0,1,0,overconfident,0.95,0,mild_drift,0.9429767794420342,0.0014749698188009216,0.7250120628683825,0.8437554715413924,1768132912.1868815,0.08051537722349167,0.16473707556724548
429,27456,27455,sea_abrupt4,sea,ts_drift_adapt,4,"error_divergence_ph_meta@error.threshold=0.10,error.min_instances=5",error_divergence_ph_meta,"{""divergence"": {""alpha"": 0.1, ""delta"": 0.005, ""min_instances"": 30, ""threshold"": 0.05}, ""error_rate"": {""alpha"": 0.15, ""delta"": 0.005, ""min_instances"": 5, ""threshold"": 0.1}}","{""error_rate"": {""min_instances"": 5, ""threshold"": 0.1}}",0.1,0.005,0.15,5,0.05,0.005,0.1,30,,,,-1,two_stage,2,0.5,"__confirm_cooldown=200,__confirm_rule=perm_test,__perm_alpha=0.01,__perm_delta_k=50,__perm_min_effect=0,__perm_n_perm=200,__perm_post_n=50,__perm_pre_n=200,__perm_rng_seed=0,__perm_stat=delta_fused_score,divergence=0.3,error_rate=0.5,teacher_entropy=0.2",3,0,200,0.0,0,10000,10.0,25.0,200,500,1,72,1.0,0.842511655011655,0.6187860262351432,0.0,0.24319325387477875,0.013554979115724564,0,0,78,66,-1,perm_test,0.004975124378109453,0.21770470900428965,149,66,83,0.0,0.001880045048892498,0,0.0,0.0,0.0,0.0,0,none,0,1,0,overconfident,0.95,0,mild_drift,0.951638389721017,0.0013874849094004608,0.7625060314341913,0.8493777357706962,1768132912.197835,0.023434937000274658,0.10569135844707489
430,27520,27519,sea_abrupt4,sea,ts_drift_adapt,4,"error_divergence_ph_meta@error.threshold=0.10,error.min_instances=5",error_divergence_ph_meta,"{""divergence"": {""alpha"": 0.1, ""delta"": 0.005, ""min_instances"": 30, ""threshold"": 0.05}, ""error_rate"": {""alpha"": 0.15, ""delta"": 0.005, ""min_instances"": 5, ""threshold"": 0.1}}","{""error_rate"": {""min_instances"": 5, ""threshold"": 0.1}}",0.1,0.005,0.15,5,0.05,0.005,0.1,30,,,,-1,two_stage,2,0.5,"__confirm_cooldown=200,__confirm_rule=perm_test,__perm_alpha=0.01,__perm_delta_k=50,__perm_min_effect=0,__perm_n_perm=200,__perm_post_n=50,__perm_pre_n=200,__perm_rng_seed=0,__perm_stat=delta_fused_score,divergence=0.3,error_rate=0.5,teacher_entropy=0.2",3,0,200,0.0,0,10000,10.0,25.0,200,500,1,8,1.0,0.8426598837209303,0.6190678835189422,0.0,0.18531125783920288,0.009189000353217125,0,0,78,66,-1,perm_test,0.004975124378109453,0.21770470900428965,149,66,83,0.0,0.004365978762507439,0,0.0,0.0,0.0,0.0,0,none,0,1,0,overconfident,0.95,0,mild_drift,0.9559691948605085,0.0013437424547002304,0.7812530157170956,0.8521888678853481,1768132912.2111742,0.12313564866781235,0.08333241939544678
431,27584,27583,sea_abrupt4,sea,ts_drift_adapt,4,"error_divergence_ph_meta@error.threshold=0.10,error.min_instances=5",error_divergence_ph_meta,"{""divergence"": {""alpha"": 0.1, ""delta"": 0.005, ""min_instances"": 30, ""threshold"": 0.05}, ""error_rate"": {""alpha"": 0.15, ""delta"": 0.005, ""min_instances"": 5, ""threshold"": 0.1}}","{""error_rate"": {""min_instances"": 5, ""threshold"": 0.1}}",0.1,0.005,0.15,5,0.05,0.005,0.1,30,,,,-1,two_stage,2,0.5,"__confirm_cooldown=200,__confirm_rule=perm_test,__perm_alpha=0.01,__perm_delta_k=50,__perm_min_effect=0,__perm_n_perm=200,__perm_post_n=50,__perm_pre_n=200,__perm_rng_seed=0,__perm_stat=delta_fused_score,divergence=0.3,error_rate=0.5,teacher_entropy=0.2",3,0,200,0.0,0,10000,10.0,25.0,200,500,0,0,1.0,0.8427711716937355,0.6190607588365679,0.0,0.2385394126176834,0.014600209891796112,0,0,78,66,-1,perm_test,0.004975124378109453,0.21770470900428965,149,66,83,0.0,0.005411209538578987,0,0.0,0.0,0.0,0.0,0,none,0,1,0,overconfident,0.95,0,mild_drift,0.9581345974302542,0.0013218712273501154,0.7906265078585478,0.853594433942674,1768132912.2249577,0.01771632395684719,0.12206389755010605
432,27648,27647,sea_abrupt4,sea,ts_drift_adapt,4,"error_divergence_ph_meta@error.threshold=0.10,error.min_instances=5",error_divergence_ph_meta,"{""divergence"": {""alpha"": 0.1, ""delta"": 0.005, ""min_instances"": 30, ""threshold"": 0.05}, ""error_rate"": {""alpha"": 0.15, ""delta"": 0.005, ""min_instances"": 5, ""threshold"": 0.1}}","{""error_rate"": {""min_instances"": 5, ""threshold"": 0.1}}",0.1,0.005,0.15,5,0.05,0.005,0.1,30,,,,-1,two_stage,2,0.5,"__confirm_cooldown=200,__confirm_rule=perm_test,__perm_alpha=0.01,__perm_delta_k=50,__perm_min_effect=0,__perm_n_perm=200,__perm_post_n=50,__perm_pre_n=200,__perm_rng_seed=0,__perm_stat=delta_fused_score,divergence=0.3,error_rate=0.5,teacher_entropy=0.2",3,0,200,0.0,0,10000,10.0,25.0,200,500,0,0,1.0,0.8428819444444444,0.6191848342011238,0.0,0.21349114179611206,0.011050493456423283,0,0,78,66,-1,perm_test,0.004975124378109453,0.21770470900428965,149,66,83,0.0,0.0035497164353728294,0,0.0,0.0,0.0,0.0,0,none,0,1,0,overconfident,0.95,0,mild_drift,0.9592172987151271,0.0013109356136750579,0.795313253929274,0.854297216971337,1768132912.2386932,0.027869218960404396,0.10267441719770432
433,27712,27711,sea_abrupt4,sea,ts_drift_adapt,4,"error_divergence_ph_meta@error.threshold=0.10,error.min_instances=5",error_divergence_ph_meta,"{""divergence"": {""alpha"": 0.1, ""delta"": 0.005, ""min_instances"": 30, ""threshold"": 0.05}, ""error_rate"": {""alpha"": 0.15, ""delta"": 0.005, ""min_instances"": 5, ""threshold"": 0.1}}","{""error_rate"": {""min_instances"": 5, ""threshold"": 0.1}}",0.1,0.005,0.15,5,0.05,0.005,0.1,30,,,,-1,two_stage,2,0.5,"__confirm_cooldown=200,__confirm_rule=perm_test,__perm_alpha=0.01,__perm_delta_k=50,__perm_min_effect=0,__perm_n_perm=200,__perm_post_n=50,__perm_pre_n=200,__perm_rng_seed=0,__perm_stat=delta_fused_score,divergence=0.3,error_rate=0.5,teacher_entropy=0.2",3,0,200,0.0,0,10000,10.0,25.0,200,500,0,0,1.0,0.8431004618937644,0.6196442451753534,0.16666666666666666,0.19951483607292175,0.004992014728486538,1,1,79,67,0,perm_test,0.004975124378109453,0.0640690098182841,150,67,83,0.33333333333333337,0.16666666666666666,1,0.5,0.0,0.0,0.0,0,none,1,1,0,overconfident,0.95,0,severe_drift,0.9251086493575635,0.001655467806837529,0.647656626964637,0.8321486084856685,1768132912.2562194,0.28504979610443115,0.07613057643175125
434,27776,27775,sea_abrupt4,sea,ts_drift_adapt,4,"error_divergence_ph_meta@error.threshold=0.10,error.min_instances=5",error_divergence_ph_meta,"{""divergence"": {""alpha"": 0.1, ""delta"": 0.005, ""min_instances"": 30, ""threshold"": 0.05}, ""error_rate"": {""alpha"": 0.15, ""delta"": 0.005, ""min_instances"": 5, ""threshold"": 0.1}}","{""error_rate"": {""min_instances"": 5, ""threshold"": 0.1}}",0.1,0.005,0.15,5,0.05,0.005,0.1,30,,,,-1,two_stage,2,0.5,"__confirm_cooldown=200,__confirm_rule=perm_test,__perm_alpha=0.01,__perm_delta_k=50,__perm_min_effect=0,__perm_n_perm=200,__perm_post_n=50,__perm_pre_n=200,__perm_rng_seed=0,__perm_stat=delta_fused_score,divergence=0.3,error_rate=0.5,teacher_entropy=0.2",3,0,200,0.0,0,10000,10.0,25.0,200,500,1,136,1.0,0.8433179723502304,0.6201247229769915,0.0,0.1993088275194168,0.010381572879850864,0,0,79,67,-1,perm_test,0.004975124378109453,0.0640690098182841,150,67,83,0.0,0.16666666666666666,0,0.0,0.0,0.0,0.0,0,none,0,1,0,overconfident,0.95,0,mild_drift,0.9427043246787817,0.0014777339034187644,0.7238283134823185,0.8435743042428343,1768132912.267052,0.03439838066697121,0.08103679120540619
435,27840,27839,sea_abrupt4,sea,ts_drift_adapt,4,"error_divergence_ph_meta@error.threshold=0.10,error.min_instances=5",error_divergence_ph_meta,"{""divergence"": {""alpha"": 0.1, ""delta"": 0.005, ""min_instances"": 30, ""threshold"": 0.05}, ""error_rate"": {""alpha"": 0.15, ""delta"": 0.005, ""min_instances"": 5, ""threshold"": 0.1}}","{""error_rate"": {""min_instances"": 5, ""threshold"": 0.1}}",0.1,0.005,0.15,5,0.05,0.005,0.1,30,,,,-1,two_stage,2,0.5,"__confirm_cooldown=200,__confirm_rule=perm_test,__perm_alpha=0.01,__perm_delta_k=50,__perm_min_effect=0,__perm_n_perm=200,__perm_post_n=50,__perm_pre_n=200,__perm_rng_seed=0,__perm_stat=delta_fused_score,divergence=0.3,error_rate=0.5,teacher_entropy=0.2",3,0,200,0.0,0,10000,10.0,25.0,200,500,1,72,1.0,0.8435704022988506,0.6206505814743701,0.0,0.2042422741651535,0.005279242992401123,0,0,79,67,-1,perm_test,0.004975124378109453,0.0640690098182841,150,67,83,0.0,0.005102329887449741,0,0.0,0.0,0.0,0.0,0,none,0,1,0,overconfident,0.95,0,mild_drift,0.9515021623393909,0.0013888669517093822,0.7619141567411593,0.8492871521214171,1768132912.2774992,0.025292648002505302,0.05785926431417465
436,27904,27903,sea_abrupt4,sea,ts_drift_adapt,4,"error_divergence_ph_meta@error.threshold=0.10,error.min_instances=5",error_divergence_ph_meta,"{""divergence"": {""alpha"": 0.1, ""delta"": 0.005, ""min_instances"": 30, ""threshold"": 0.05}, ""error_rate"": {""alpha"": 0.15, ""delta"": 0.005, ""min_instances"": 5, ""threshold"": 0.1}}","{""error_rate"": {""min_instances"": 5, ""threshold"": 0.1}}",0.1,0.005,0.15,5,0.05,0.005,0.1,30,,,,-1,two_stage,2,0.5,"__confirm_cooldown=200,__confirm_rule=perm_test,__perm_alpha=0.01,__perm_delta_k=50,__perm_min_effect=0,__perm_n_perm=200,__perm_post_n=50,__perm_pre_n=200,__perm_rng_seed=0,__perm_stat=delta_fused_score,divergence=0.3,error_rate=0.5,teacher_entropy=0.2",3,0,200,0.0,0,10000,10.0,25.0,200,500,1,8,1.0,0.84375,0.6208650401161236,0.16666666666666666,0.19493290781974792,0.008655737154185772,0,0,79,67,-1,perm_test,0.004975124378109453,0.0640690098182841,150,67,83,0.0,0.16666666666666666,0,0.0,0.0,0.0,0.0,0,none,0,1,0,overconfident,0.95,0,mild_drift,0.9559010811696954,0.001344433475854691,0.7809570783705797,0.8521435760607086,1768132912.287934,0.33295509219169617,0.07505924999713898
437,27968,27967,sea_abrupt4,sea,ts_drift_adapt,4,"error_divergence_ph_meta@error.threshold=0.10,error.min_instances=5",error_divergence_ph_meta,"{""divergence"": {""alpha"": 0.1, ""delta"": 0.005, ""min_instances"": 30, ""threshold"": 0.05}, ""error_rate"": {""alpha"": 0.15, ""delta"": 0.005, ""min_instances"": 5, ""threshold"": 0.1}}","{""error_rate"": {""min_instances"": 5, ""threshold"": 0.1}}",0.1,0.005,0.15,5,0.05,0.005,0.1,30,,,,-1,two_stage,2,0.5,"__confirm_cooldown=200,__confirm_rule=perm_test,__perm_alpha=0.01,__perm_delta_k=50,__perm_min_effect=0,__perm_n_perm=200,__perm_post_n=50,__perm_pre_n=200,__perm_rng_seed=0,__perm_stat=delta_fused_score,divergence=0.3,error_rate=0.5,teacher_entropy=0.2",3,0,200,0.0,0,10000,10.0,25.0,200,500,0,0,1.0,0.8439287757437071,0.6213029346104176,0.0,0.2600650489330292,0.020005594938993454,0,0,79,67,-1,perm_test,0.004975124378109453,0.0640690098182841,150,67,83,0.0,0.16666666666666666,0,0.0,0.0,0.0,0.0,0,none,0,1,0,overconfident,0.95,0,mild_drift,0.9581005405848477,0.0013222167379273457,0.7904785391852899,0.8535717880303543,1768132912.2987099,0.10291174799203873,0.1322384923696518
438,28032,28031,sea_abrupt4,sea,ts_drift_adapt,4,"error_divergence_ph_meta@error.threshold=0.10,error.min_instances=5",error_divergence_ph_meta,"{""divergence"": {""alpha"": 0.1, ""delta"": 0.005, ""min_instances"": 30, ""threshold"": 0.05}, ""error_rate"": {""alpha"": 0.15, ""delta"": 0.005, ""min_instances"": 5, ""threshold"": 0.1}}","{""error_rate"": {""min_instances"": 5, ""threshold"": 0.1}}",0.1,0.005,0.15,5,0.05,0.005,0.1,30,,,,-1,two_stage,2,0.5,"__confirm_cooldown=200,__confirm_rule=perm_test,__perm_alpha=0.01,__perm_delta_k=50,__perm_min_effect=0,__perm_n_perm=200,__perm_post_n=50,__perm_pre_n=200,__perm_rng_seed=0,__perm_stat=delta_fused_score,divergence=0.3,error_rate=0.5,teacher_entropy=0.2",3,0,200,0.0,0,10000,10.0,25.0,200,500,0,0,1.0,0.8440353881278538,0.6215275224897244,0.3333333333333333,0.23829923570156097,0.00904800370335579,1,1,80,68,0,perm_test,0.004975124378109453,0.10766729093962386,151,68,83,0.16666666666666666,0.3333333333333333,1,0.5,0.0,0.0,0.0,0,none,1,1,0,overconfident,0.95,0,severe_drift,0.9245502702924239,0.0016611083689636729,0.645239269592645,0.8317858940151772,1768132912.3152874,0.9332903027534485,0.06250542402267456
439,28096,28095,sea_abrupt4,sea,ts_drift_adapt,4,"error_divergence_ph_meta@error.threshold=0.10,error.min_instances=5",error_divergence_ph_meta,"{""divergence"": {""alpha"": 0.1, ""delta"": 0.005, ""min_instances"": 30, ""threshold"": 0.05}, ""error_rate"": {""alpha"": 0.15, ""delta"": 0.005, ""min_instances"": 5, ""threshold"": 0.1}}","{""error_rate"": {""min_instances"": 5, ""threshold"": 0.1}}",0.1,0.005,0.15,5,0.05,0.005,0.1,30,,,,-1,two_stage,2,0.5,"__confirm_cooldown=200,__confirm_rule=perm_test,__perm_alpha=0.01,__perm_delta_k=50,__perm_min_effect=0,__perm_n_perm=200,__perm_post_n=50,__perm_pre_n=200,__perm_rng_seed=0,__perm_stat=delta_fused_score,divergence=0.3,error_rate=0.5,teacher_entropy=0.2",3,0,200,0.0,0,10000,10.0,25.0,200,500,1,136,1.0,0.8441771070615034,0.6217526746396659,0.0,0.21372506022453308,0.009355301037430763,0,0,80,68,-1,perm_test,0.004975124378109453,0.10766729093962386,151,68,83,0.0,0.3333333333333333,0,0.0,0.0,0.0,0.0,0,none,0,1,0,overconfident,0.95,0,mild_drift,0.9424251351462118,0.0014805541844818365,0.7226196347963225,0.8433929470075886,1768132912.3260627,0.03818649798631668,0.07370969653129578
440,28160,28159,sea_abrupt4,sea,ts_drift_adapt,4,"error_divergence_ph_meta@error.threshold=0.10,error.min_instances=5",error_divergence_ph_meta,"{""divergence"": {""alpha"": 0.1, ""delta"": 0.005, ""min_instances"": 30, ""threshold"": 0.05}, ""error_rate"": {""alpha"": 0.15, ""delta"": 0.005, ""min_instances"": 5, ""threshold"": 0.1}}","{""error_rate"": {""min_instances"": 5, ""threshold"": 0.1}}",0.1,0.005,0.15,5,0.05,0.005,0.1,30,,,,-1,two_stage,2,0.5,"__confirm_cooldown=200,__confirm_rule=perm_test,__perm_alpha=0.01,__perm_delta_k=50,__perm_min_effect=0,__perm_n_perm=200,__perm_post_n=50,__perm_pre_n=200,__perm_rng_seed=0,__perm_stat=delta_fused_score,divergence=0.3,error_rate=0.5,teacher_entropy=0.2",3,0,200,0.0,0,10000,10.0,25.0,200,500,1,72,1.0,0.844424715909091,0.6224312992395115,0.0,0.24017657339572906,0.009487473405897617,0,0,80,68,-1,perm_test,0.004975124378109453,0.10766729093962386,151,68,83,0.0,0.0001321723684668541,0,0.0,0.0,0.0,0.0,0,none,0,1,0,overconfident,0.95,0,mild_drift,0.9513625675731059,0.0013902770922409183,0.7613098173981613,0.8491964735037942,1768132912.3367703,0.08333232998847961,0.10334180295467377
441,28224,28223,sea_abrupt4,sea,ts_drift_adapt,4,"error_divergence_ph_meta@error.threshold=0.10,error.min_instances=5",error_divergence_ph_meta,"{""divergence"": {""alpha"": 0.1, ""delta"": 0.005, ""min_instances"": 30, ""threshold"": 0.05}, ""error_rate"": {""alpha"": 0.15, ""delta"": 0.005, ""min_instances"": 5, ""threshold"": 0.1}}","{""error_rate"": {""min_instances"": 5, ""threshold"": 0.1}}",0.1,0.005,0.15,5,0.05,0.005,0.1,30,,,,-1,two_stage,2,0.5,"__confirm_cooldown=200,__confirm_rule=perm_test,__perm_alpha=0.01,__perm_delta_k=50,__perm_min_effect=0,__perm_n_perm=200,__perm_post_n=50,__perm_pre_n=200,__perm_rng_seed=0,__perm_stat=delta_fused_score,divergence=0.3,error_rate=0.5,teacher_entropy=0.2",3,0,200,0.0,0,10000,10.0,25.0,200,500,1,8,1.0,0.8447066326530612,0.622949828535852,0.0,0.1727326214313507,0.014338215813040733,0,0,80,68,-1,perm_test,0.004975124378109453,0.10766729093962386,151,68,83,0.0,0.004850742407143116,0,0.0,0.0,0.0,0.0,0,none,0,1,0,overconfident,0.95,0,mild_drift,0.9558312837865529,0.0013451385461204592,0.7806549086990806,0.8520982367518971,1768132912.3476348,0.1110919937491417,0.12856967747211456
442,28288,28287,sea_abrupt4,sea,ts_drift_adapt,4,"error_divergence_ph_meta@error.threshold=0.10,error.min_instances=5",error_divergence_ph_meta,"{""divergence"": {""alpha"": 0.1, ""delta"": 0.005, ""min_instances"": 30, ""threshold"": 0.05}, ""error_rate"": {""alpha"": 0.15, ""delta"": 0.005, ""min_instances"": 5, ""threshold"": 0.1}}","{""error_rate"": {""min_instances"": 5, ""threshold"": 0.1}}",0.1,0.005,0.15,5,0.05,0.005,0.1,30,,,,-1,two_stage,2,0.5,"__confirm_cooldown=200,__confirm_rule=perm_test,__perm_alpha=0.01,__perm_delta_k=50,__perm_min_effect=0,__perm_n_perm=200,__perm_post_n=50,__perm_pre_n=200,__perm_rng_seed=0,__perm_stat=delta_fused_score,divergence=0.3,error_rate=0.5,teacher_entropy=0.2",3,0,200,0.0,0,10000,10.0,25.0,200,500,0,0,1.0,0.8449872737556561,0.6234940201530071,0.0,0.19230864942073822,0.0053739589639008045,0,0,80,68,-1,perm_test,0.004975124378109453,0.10766729093962386,151,68,83,0.0,0.008964256849139929,0,0.0,0.0,0.0,0.0,0,none,0,1,0,overconfident,0.95,0,mild_drift,0.9580656418932765,0.0013225692730602298,0.7903274543495403,0.8535491183759485,1768132912.358868,0.24860696494579315,0.06881590187549591
443,28352,28351,sea_abrupt4,sea,ts_drift_adapt,4,"error_divergence_ph_meta@error.threshold=0.10,error.min_instances=5",error_divergence_ph_meta,"{""divergence"": {""alpha"": 0.1, ""delta"": 0.005, ""min_instances"": 30, ""threshold"": 0.05}, ""error_rate"": {""alpha"": 0.15, ""delta"": 0.005, ""min_instances"": 5, ""threshold"": 0.1}}","{""error_rate"": {""min_instances"": 5, ""threshold"": 0.1}}",0.1,0.005,0.15,5,0.05,0.005,0.1,30,,,,-1,two_stage,2,0.5,"__confirm_cooldown=200,__confirm_rule=perm_test,__perm_alpha=0.01,__perm_delta_k=50,__perm_min_effect=0,__perm_n_perm=200,__perm_post_n=50,__perm_pre_n=200,__perm_rng_seed=0,__perm_stat=delta_fused_score,divergence=0.3,error_rate=0.5,teacher_entropy=0.2",3,0,200,0.0,0,10000,10.0,25.0,200,500,0,0,1.0,0.8452313769751693,0.6238613800516734,0.0,0.19709935784339905,0.01514321006834507,0,0,80,68,-1,perm_test,0.004975124378109453,0.10766729093962386,151,68,83,0.0,0.009769251104444265,0,0.0,0.0,0.0,0.0,0,none,0,1,0,overconfident,0.95,0,mild_drift,0.9591828209466382,0.0013112846365301149,0.7951637271747702,0.8542745591879742,1768132912.3698015,0.007664494216442108,0.1372622847557068
444,28416,28415,sea_abrupt4,sea,ts_drift_adapt,4,"error_divergence_ph_meta@error.threshold=0.10,error.min_instances=5",error_divergence_ph_meta,"{""divergence"": {""alpha"": 0.1, ""delta"": 0.005, ""min_instances"": 30, ""threshold"": 0.05}, ""error_rate"": {""alpha"": 0.15, ""delta"": 0.005, ""min_instances"": 5, ""threshold"": 0.1}}","{""error_rate"": {""min_instances"": 5, ""threshold"": 0.1}}",0.1,0.005,0.15,5,0.05,0.005,0.1,30,,,,-1,two_stage,2,0.5,"__confirm_cooldown=200,__confirm_rule=perm_test,__perm_alpha=0.01,__perm_delta_k=50,__perm_min_effect=0,__perm_n_perm=200,__perm_post_n=50,__perm_pre_n=200,__perm_rng_seed=0,__perm_stat=delta_fused_score,divergence=0.3,error_rate=0.5,teacher_entropy=0.2",3,0,200,0.0,0,10000,10.0,25.0,200,500,0,0,1.0,0.8453336148648649,0.6241278393537434,0.0,0.2106468379497528,0.022919926792383194,0,0,80,68,-1,perm_test,0.004975124378109453,0.10766729093962386,151,68,83,0.0,0.007776716724038124,0,0.0,0.0,0.0,0.0,0,none,0,1,0,overconfident,0.95,0,mild_drift,0.9597414104733191,0.0013056423182650576,0.7975818635873851,0.8546372795939872,1768132912.3807452,0.055875103920698166,0.2085357904434204
445,28480,28479,sea_abrupt4,sea,ts_drift_adapt,4,"error_divergence_ph_meta@error.threshold=0.10,error.min_instances=5",error_divergence_ph_meta,"{""divergence"": {""alpha"": 0.1, ""delta"": 0.005, ""min_instances"": 30, ""threshold"": 0.05}, ""error_rate"": {""alpha"": 0.15, ""delta"": 0.005, ""min_instances"": 5, ""threshold"": 0.1}}","{""error_rate"": {""min_instances"": 5, ""threshold"": 0.1}}",0.1,0.005,0.15,5,0.05,0.005,0.1,30,,,,-1,two_stage,2,0.5,"__confirm_cooldown=200,__confirm_rule=perm_test,__perm_alpha=0.01,__perm_delta_k=50,__perm_min_effect=0,__perm_n_perm=200,__perm_post_n=50,__perm_pre_n=200,__perm_rng_seed=0,__perm_stat=delta_fused_score,divergence=0.3,error_rate=0.5,teacher_entropy=0.2",3,0,200,0.0,0,10000,10.0,25.0,200,500,0,0,1.0,0.8456109550561798,0.6247263165893242,0.0,0.20105472207069397,0.019330328330397606,0,0,80,68,-1,perm_test,0.004975124378109453,0.10766729093962386,151,68,83,0.0,0.003589598461985588,0,0.0,0.0,0.0,0.0,0,none,0,1,0,overconfident,0.95,0,mild_drift,0.9600207052366595,0.0013028211591325288,0.7987909317936925,0.8548186397969936,1768132912.3916807,0.010467510670423508,0.1925535500049591
446,28544,28543,sea_abrupt4,sea,ts_drift_adapt,4,"error_divergence_ph_meta@error.threshold=0.10,error.min_instances=5",error_divergence_ph_meta,"{""divergence"": {""alpha"": 0.1, ""delta"": 0.005, ""min_instances"": 30, ""threshold"": 0.05}, ""error_rate"": {""alpha"": 0.15, ""delta"": 0.005, ""min_instances"": 5, ""threshold"": 0.1}}","{""error_rate"": {""min_instances"": 5, ""threshold"": 0.1}}",0.1,0.005,0.15,5,0.05,0.005,0.1,30,,,,-1,two_stage,2,0.5,"__confirm_cooldown=200,__confirm_rule=perm_test,__perm_alpha=0.01,__perm_delta_k=50,__perm_min_effect=0,__perm_n_perm=200,__perm_post_n=50,__perm_pre_n=200,__perm_rng_seed=0,__perm_stat=delta_fused_score,divergence=0.3,error_rate=0.5,teacher_entropy=0.2",3,0,200,0.0,0,10000,10.0,25.0,200,500,0,0,1.0,0.8457469170403588,0.6247998497375119,0.0,0.2314997762441635,0.012814026325941086,0,0,80,68,-1,perm_test,0.004975124378109453,0.10766729093962386,151,68,83,0.0,0.00651630200445652,0,0.0,0.0,0.0,0.0,0,none,0,1,0,overconfident,0.95,0,mild_drift,0.9601603526183298,0.0013014105795662646,0.7993954658968463,0.8549093198984967,1768132912.4027216,0.021707162261009216,0.13033483922481537
447,28608,28607,sea_abrupt4,sea,ts_drift_adapt,4,"error_divergence_ph_meta@error.threshold=0.10,error.min_instances=5",error_divergence_ph_meta,"{""divergence"": {""alpha"": 0.1, ""delta"": 0.005, ""min_instances"": 30, ""threshold"": 0.05}, ""error_rate"": {""alpha"": 0.15, ""delta"": 0.005, ""min_instances"": 5, ""threshold"": 0.1}}","{""error_rate"": {""min_instances"": 5, ""threshold"": 0.1}}",0.1,0.005,0.15,5,0.05,0.005,0.1,30,,,,-1,two_stage,2,0.5,"__confirm_cooldown=200,__confirm_rule=perm_test,__perm_alpha=0.01,__perm_delta_k=50,__perm_min_effect=0,__perm_n_perm=200,__perm_post_n=50,__perm_pre_n=200,__perm_rng_seed=0,__perm_stat=delta_fused_score,divergence=0.3,error_rate=0.5,teacher_entropy=0.2",3,0,200,0.0,0,10000,10.0,25.0,200,500,0,0,1.0,0.8459521812080537,0.6252344271682492,0.3333333333333333,0.2085394561290741,0.012812962755560875,1,1,81,69,0,perm_test,0.004975124378109453,0.14674349632635744,152,69,83,0.0,0.3333333333333333,1,0.5,0.0,0.0,0.0,0,none,1,1,0,overconfident,0.95,0,stable,0.9750801763091649,0.0010507052897831323,0.8996977329484231,0.8999546599492484,1768132912.4207444,0.6812076568603516,0.11327299475669861
448,28672,28671,sea_abrupt4,sea,ts_drift_adapt,4,"error_divergence_ph_meta@error.threshold=0.10,error.min_instances=5",error_divergence_ph_meta,"{""divergence"": {""alpha"": 0.1, ""delta"": 0.005, ""min_instances"": 30, ""threshold"": 0.05}, ""error_rate"": {""alpha"": 0.15, ""delta"": 0.005, ""min_instances"": 5, ""threshold"": 0.1}}","{""error_rate"": {""min_instances"": 5, ""threshold"": 0.1}}",0.1,0.005,0.15,5,0.05,0.005,0.1,30,,,,-1,two_stage,2,0.5,"__confirm_cooldown=200,__confirm_rule=perm_test,__perm_alpha=0.01,__perm_delta_k=50,__perm_min_effect=0,__perm_n_perm=200,__perm_post_n=50,__perm_pre_n=200,__perm_rng_seed=0,__perm_stat=delta_fused_score,divergence=0.3,error_rate=0.5,teacher_entropy=0.2",3,0,200,0.0,0,10000,10.0,25.0,200,500,1,136,1.0,0.8461565290178571,0.6256350581046826,0.16666666666666666,0.21335136890411377,0.007754387333989143,0,0,81,69,-1,perm_test,0.004975124378109453,0.14674349632635744,152,69,83,0.0,0.16666666666666666,0,0.0,0.0,0.0,0.0,0,none,0,1,0,overconfident,0.95,0,mild_drift,0.9676900881545825,0.001175352644891566,0.8498488664742117,0.8774773299746241,1768132912.4342973,0.2850460112094879,0.06628262251615524
449,28736,28735,sea_abrupt4,sea,ts_drift_adapt,4,"error_divergence_ph_meta@error.threshold=0.10,error.min_instances=5",error_divergence_ph_meta,"{""divergence"": {""alpha"": 0.1, ""delta"": 0.005, ""min_instances"": 30, ""threshold"": 0.05}, ""error_rate"": {""alpha"": 0.15, ""delta"": 0.005, ""min_instances"": 5, ""threshold"": 0.1}}","{""error_rate"": {""min_instances"": 5, ""threshold"": 0.1}}",0.1,0.005,0.15,5,0.05,0.005,0.1,30,,,,-1,two_stage,2,0.5,"__confirm_cooldown=200,__confirm_rule=perm_test,__perm_alpha=0.01,__perm_delta_k=50,__perm_min_effect=0,__perm_n_perm=200,__perm_post_n=50,__perm_pre_n=200,__perm_rng_seed=0,__perm_stat=delta_fused_score,divergence=0.3,error_rate=0.5,teacher_entropy=0.2",3,0,200,0.0,0,10000,10.0,25.0,200,500,1,72,1.0,0.846429565701559,0.6260354066930562,0.0,0.1559402495622635,0.008101341314613819,0,0,81,69,-1,perm_test,0.004975124378109453,0.14674349632635744,152,69,83,0.0,0.16666666666666666,0,0.0,0.0,0.0,0.0,0,none,0,1,0,overconfident,0.95,0,mild_drift,0.9639950440772912,0.0012376763224457832,0.8249244332371058,0.8662386649873121,1768132912.4477487,0.03207321837544441,0.06472007185220718
450,28800,28799,sea_abrupt4,sea,ts_drift_adapt,4,"error_divergence_ph_meta@error.threshold=0.10,error.min_instances=5",error_divergence_ph_meta,"{""divergence"": {""alpha"": 0.1, ""delta"": 0.005, ""min_instances"": 30, ""threshold"": 0.05}, ""error_rate"": {""alpha"": 0.15, ""delta"": 0.005, ""min_instances"": 5, ""threshold"": 0.1}}","{""error_rate"": {""min_instances"": 5, ""threshold"": 0.1}}",0.1,0.005,0.15,5,0.05,0.005,0.1,30,,,,-1,two_stage,2,0.5,"__confirm_cooldown=200,__confirm_rule=perm_test,__perm_alpha=0.01,__perm_delta_k=50,__perm_min_effect=0,__perm_n_perm=200,__perm_post_n=50,__perm_pre_n=200,__perm_rng_seed=0,__perm_stat=delta_fused_score,divergence=0.3,error_rate=0.5,teacher_entropy=0.2",3,0,200,0.0,0,10000,10.0,25.0,200,500,1,8,1.0,0.8465972222222222,0.6262235830915218,0.16666666666666666,0.17228449881076813,0.010365666821599007,0,0,81,69,-1,perm_test,0.004975124378109453,0.14674349632635744,152,69,83,0.0,0.16666666666666666,0,0.0,0.0,0.0,0.0,0,none,0,1,0,overconfident,0.95,0,mild_drift,0.9621475220386455,0.0012688381612228918,0.8124622166185529,0.860619332493656,1768132912.460325,0.16837437450885773,0.07184016704559326
451,28864,28863,sea_abrupt4,sea,ts_drift_adapt,4,"error_divergence_ph_meta@error.threshold=0.10,error.min_instances=5",error_divergence_ph_meta,"{""divergence"": {""alpha"": 0.1, ""delta"": 0.005, ""min_instances"": 30, ""threshold"": 0.05}, ""error_rate"": {""alpha"": 0.15, ""delta"": 0.005, ""min_instances"": 5, ""threshold"": 0.1}}","{""error_rate"": {""min_instances"": 5, ""threshold"": 0.1}}",0.1,0.005,0.15,5,0.05,0.005,0.1,30,,,,-1,two_stage,2,0.5,"__confirm_cooldown=200,__confirm_rule=perm_test,__perm_alpha=0.01,__perm_delta_k=50,__perm_min_effect=0,__perm_n_perm=200,__perm_post_n=50,__perm_pre_n=200,__perm_rng_seed=0,__perm_stat=delta_fused_score,divergence=0.3,error_rate=0.5,teacher_entropy=0.2",3,0,200,0.0,0,10000,10.0,25.0,200,500,0,0,1.0,0.8467294900221729,0.6264287634549608,0.0,0.21683849394321442,0.015415937639772892,0,0,81,69,-1,perm_test,0.004975124378109453,0.14674349632635744,152,69,83,0.0,0.16666666666666666,0,0.0,0.0,0.0,0.0,0,none,0,1,0,overconfident,0.95,0,mild_drift,0.9612237610193227,0.001284419080611446,0.8062311083092765,0.857809666246828,1768132912.4713154,0.029347160831093788,0.14419229328632355
452,28928,28927,sea_abrupt4,sea,ts_drift_adapt,4,"error_divergence_ph_meta@error.threshold=0.10,error.min_instances=5",error_divergence_ph_meta,"{""divergence"": {""alpha"": 0.1, ""delta"": 0.005, ""min_instances"": 30, ""threshold"": 0.05}, ""error_rate"": {""alpha"": 0.15, ""delta"": 0.005, ""min_instances"": 5, ""threshold"": 0.1}}","{""error_rate"": {""min_instances"": 5, ""threshold"": 0.1}}",0.1,0.005,0.15,5,0.05,0.005,0.1,30,,,,-1,two_stage,2,0.5,"__confirm_cooldown=200,__confirm_rule=perm_test,__perm_alpha=0.01,__perm_delta_k=50,__perm_min_effect=0,__perm_n_perm=200,__perm_post_n=50,__perm_pre_n=200,__perm_rng_seed=0,__perm_stat=delta_fused_score,divergence=0.3,error_rate=0.5,teacher_entropy=0.2",3,0,200,0.0,0,10000,10.0,25.0,200,500,0,0,1.0,0.8469994469026548,0.6271007287138203,0.0,0.16224756836891174,0.005879064090549946,0,1,82,69,-1,perm_test,0.20398009950248755,0.0034786616998033456,153,69,84,0.3333333333333333,0.009536873549222946,1,0.5,0.0,0.0,0.0,0,none,0,1,0,overconfident,0.95,0,mild_drift,0.9607618805096614,0.0012922095403057232,0.8031155541546382,0.856404833123414,1768132912.4881825,0.061381325125694275,0.07460297644138336
453,28992,28991,sea_abrupt4,sea,ts_drift_adapt,4,"error_divergence_ph_meta@error.threshold=0.10,error.min_instances=5",error_divergence_ph_meta,"{""divergence"": {""alpha"": 0.1, ""delta"": 0.005, ""min_instances"": 30, ""threshold"": 0.05}, ""error_rate"": {""alpha"": 0.15, ""delta"": 0.005, ""min_instances"": 5, ""threshold"": 0.1}}","{""error_rate"": {""min_instances"": 5, ""threshold"": 0.1}}",0.1,0.005,0.15,5,0.05,0.005,0.1,30,,,,-1,two_stage,2,0.5,"__confirm_cooldown=200,__confirm_rule=perm_test,__perm_alpha=0.01,__perm_delta_k=50,__perm_min_effect=0,__perm_n_perm=200,__perm_post_n=50,__perm_pre_n=200,__perm_rng_seed=0,__perm_stat=delta_fused_score,divergence=0.3,error_rate=0.5,teacher_entropy=0.2",3,0,200,0.0,0,10000,10.0,25.0,200,500,0,0,1.0,0.8471992273730684,0.6274349797188871,0.3333333333333333,0.17486239969730377,0.0061569963581860065,1,0,82,70,1,perm_test,0.004975124378109453,0.04531317130008658,154,70,84,0.0,0.3333333333333333,0,0.0,0.0,0.0,0.0,0,none,1,1,0,overconfident,0.95,0,stable,0.9753809402548307,0.0010461047701528616,0.9015577770773191,0.900702416561707,1768132912.5046997,0.42382797598838806,0.06168048828840256
454,29056,29055,sea_abrupt4,sea,ts_drift_adapt,4,"error_divergence_ph_meta@error.threshold=0.10,error.min_instances=5",error_divergence_ph_meta,"{""divergence"": {""alpha"": 0.1, ""delta"": 0.005, ""min_instances"": 30, ""threshold"": 0.05}, ""error_rate"": {""alpha"": 0.15, ""delta"": 0.005, ""min_instances"": 5, ""threshold"": 0.1}}","{""error_rate"": {""min_instances"": 5, ""threshold"": 0.1}}",0.1,0.005,0.15,5,0.05,0.005,0.1,30,,,,-1,two_stage,2,0.5,"__confirm_cooldown=200,__confirm_rule=perm_test,__perm_alpha=0.01,__perm_delta_k=50,__perm_min_effect=0,__perm_n_perm=200,__perm_post_n=50,__perm_pre_n=200,__perm_rng_seed=0,__perm_stat=delta_fused_score,divergence=0.3,error_rate=0.5,teacher_entropy=0.2",3,0,200,0.0,0,10000,10.0,25.0,200,500,1,136,1.0,0.847329295154185,0.627695133847373,0.16666666666666666,0.19134818017482758,0.012019343674182892,0,0,82,70,-1,perm_test,0.004975124378109453,0.04531317130008658,154,70,84,0.0,0.16666666666666666,0,0.0,0.0,0.0,0.0,0,none,0,1,0,overconfident,0.95,0,mild_drift,0.9678404701274153,0.0011730523850764308,0.8507788885386596,0.8778512082808535,1768132912.5155253,0.31851980090141296,0.0871666893362999
455,29120,29119,sea_abrupt4,sea,ts_drift_adapt,4,"error_divergence_ph_meta@error.threshold=0.10,error.min_instances=5",error_divergence_ph_meta,"{""divergence"": {""alpha"": 0.1, ""delta"": 0.005, ""min_instances"": 30, ""threshold"": 0.05}, ""error_rate"": {""alpha"": 0.15, ""delta"": 0.005, ""min_instances"": 5, ""threshold"": 0.1}}","{""error_rate"": {""min_instances"": 5, ""threshold"": 0.1}}",0.1,0.005,0.15,5,0.05,0.005,0.1,30,,,,-1,two_stage,2,0.5,"__confirm_cooldown=200,__confirm_rule=perm_test,__perm_alpha=0.01,__perm_delta_k=50,__perm_min_effect=0,__perm_n_perm=200,__perm_post_n=50,__perm_pre_n=200,__perm_rng_seed=0,__perm_stat=delta_fused_score,divergence=0.3,error_rate=0.5,teacher_entropy=0.2",3,0,200,0.0,0,10000,10.0,25.0,200,500,1,72,1.0,0.8474931318681319,0.627909893060382,0.0,0.25309038162231445,0.009608662687242031,0,0,82,70,-1,perm_test,0.004975124378109453,0.04531317130008658,154,70,84,0.0,0.16666666666666666,0,0.0,0.0,0.0,0.0,0,none,0,1,0,overconfident,0.95,0,mild_drift,0.9640702350637076,0.0012365261925382154,0.8253894442693298,0.8664256041404268,1768132912.5261369,0.026027733460068703,0.064057856798172
456,29184,29183,sea_abrupt4,sea,ts_drift_adapt,4,"error_divergence_ph_meta@error.threshold=0.10,error.min_instances=5",error_divergence_ph_meta,"{""divergence"": {""alpha"": 0.1, ""delta"": 0.005, ""min_instances"": 30, ""threshold"": 0.05}, ""error_rate"": {""alpha"": 0.15, ""delta"": 0.005, ""min_instances"": 5, ""threshold"": 0.1}}","{""error_rate"": {""min_instances"": 5, ""threshold"": 0.1}}",0.1,0.005,0.15,5,0.05,0.005,0.1,30,,,,-1,two_stage,2,0.5,"__confirm_cooldown=200,__confirm_rule=perm_test,__perm_alpha=0.01,__perm_delta_k=50,__perm_min_effect=0,__perm_n_perm=200,__perm_post_n=50,__perm_pre_n=200,__perm_rng_seed=0,__perm_stat=delta_fused_score,divergence=0.3,error_rate=0.5,teacher_entropy=0.2",3,0,200,0.0,0,10000,10.0,25.0,200,500,1,8,1.0,0.8476905153508771,0.6282500191115137,0.0,0.19688597321510315,0.007626247126609087,0,0,82,70,-1,perm_test,0.004975124378109453,0.04531317130008658,154,70,84,0.0,0.001982415560632944,0,0.0,0.0,0.0,0.0,0,none,0,1,0,overconfident,0.95,0,mild_drift,0.9621851175318538,0.0012682630962691076,0.812694722134665,0.8607128020702134,1768132912.536788,0.11878251284360886,0.07415534555912018
457,29248,29247,sea_abrupt4,sea,ts_drift_adapt,4,"error_divergence_ph_meta@error.threshold=0.10,error.min_instances=5",error_divergence_ph_meta,"{""divergence"": {""alpha"": 0.1, ""delta"": 0.005, ""min_instances"": 30, ""threshold"": 0.05}, ""error_rate"": {""alpha"": 0.15, ""delta"": 0.005, ""min_instances"": 5, ""threshold"": 0.1}}","{""error_rate"": {""min_instances"": 5, ""threshold"": 0.1}}",0.1,0.005,0.15,5,0.05,0.005,0.1,30,,,,-1,two_stage,2,0.5,"__confirm_cooldown=200,__confirm_rule=perm_test,__perm_alpha=0.01,__perm_delta_k=50,__perm_min_effect=0,__perm_n_perm=200,__perm_post_n=50,__perm_pre_n=200,__perm_rng_seed=0,__perm_stat=delta_fused_score,divergence=0.3,error_rate=0.5,teacher_entropy=0.2",3,0,200,0.0,0,10000,10.0,25.0,200,500,0,0,1.0,0.8478528446389497,0.6284942778911761,0.0,0.1801069676876068,0.009164861403405666,1,1,83,71,0,perm_test,0.004975124378109453,0.047841242432821326,155,71,84,0.0,0.0015386142767965794,1,0.5,0.0,0.0,0.0,0,none,1,1,0,overconfident,0.95,0,stable,0.9760925587659268,0.0010341315481345538,0.9063473610673325,0.9028564010351068,1768132912.552999,0.012649365700781345,0.08793787658214569
458,29312,29311,sea_abrupt4,sea,ts_drift_adapt,4,"error_divergence_ph_meta@error.threshold=0.10,error.min_instances=5",error_divergence_ph_meta,"{""divergence"": {""alpha"": 0.1, ""delta"": 0.005, ""min_instances"": 30, ""threshold"": 0.05}, ""error_rate"": {""alpha"": 0.15, ""delta"": 0.005, ""min_instances"": 5, ""threshold"": 0.1}}","{""error_rate"": {""min_instances"": 5, ""threshold"": 0.1}}",0.1,0.005,0.15,5,0.05,0.005,0.1,30,,,,-1,two_stage,2,0.5,"__confirm_cooldown=200,__confirm_rule=perm_test,__perm_alpha=0.01,__perm_delta_k=50,__perm_min_effect=0,__perm_n_perm=200,__perm_post_n=50,__perm_pre_n=200,__perm_rng_seed=0,__perm_stat=delta_fused_score,divergence=0.3,error_rate=0.5,teacher_entropy=0.2",3,0,200,0.0,0,10000,10.0,25.0,200,500,1,136,1.0,0.8480144650655022,0.6288130759439384,0.0,0.2090720236301422,0.013863639906048775,0,0,83,71,-1,perm_test,0.004975124378109453,0.047841242432821326,155,71,84,0.0,0.004698778502643108,0,0.0,0.0,0.0,0.0,0,none,0,1,0,overconfident,0.95,0,mild_drift,0.9681962793829634,0.001167065774067277,0.8531736805336663,0.8789282005175534,1768132912.563556,0.08067768812179565,0.09440618753433228
459,29376,29375,sea_abrupt4,sea,ts_drift_adapt,4,"error_divergence_ph_meta@error.threshold=0.10,error.min_instances=5",error_divergence_ph_meta,"{""divergence"": {""alpha"": 0.1, ""delta"": 0.005, ""min_instances"": 30, ""threshold"": 0.05}, ""error_rate"": {""alpha"": 0.15, ""delta"": 0.005, ""min_instances"": 5, ""threshold"": 0.1}}","{""error_rate"": {""min_instances"": 5, ""threshold"": 0.1}}",0.1,0.005,0.15,5,0.05,0.005,0.1,30,,,,-1,two_stage,2,0.5,"__confirm_cooldown=200,__confirm_rule=perm_test,__perm_alpha=0.01,__perm_delta_k=50,__perm_min_effect=0,__perm_n_perm=200,__perm_post_n=50,__perm_pre_n=200,__perm_rng_seed=0,__perm_stat=delta_fused_score,divergence=0.3,error_rate=0.5,teacher_entropy=0.2",3,0,200,0.0,0,10000,10.0,25.0,200,500,1,72,1.0,0.8481072984749455,0.6288888780168006,0.16666666666666666,0.22473101317882538,0.008792135864496231,0,0,83,71,-1,perm_test,0.004975124378109453,0.047841242432821326,155,71,84,0.0,0.16666666666666666,0,0.0,0.0,0.0,0.0,0,none,0,1,0,overconfident,0.95,0,mild_drift,0.9642481396914817,0.0012335328870336387,0.8265868402668332,0.8669641002587767,1768132912.574207,0.2431003302335739,0.08253045380115509
460,29440,29439,sea_abrupt4,sea,ts_drift_adapt,4,"error_divergence_ph_meta@error.threshold=0.10,error.min_instances=5",error_divergence_ph_meta,"{""divergence"": {""alpha"": 0.1, ""delta"": 0.005, ""min_instances"": 30, ""threshold"": 0.05}, ""error_rate"": {""alpha"": 0.15, ""delta"": 0.005, ""min_instances"": 5, ""threshold"": 0.1}}","{""error_rate"": {""min_instances"": 5, ""threshold"": 0.1}}",0.1,0.005,0.15,5,0.05,0.005,0.1,30,,,,-1,two_stage,2,0.5,"__confirm_cooldown=200,__confirm_rule=perm_test,__perm_alpha=0.01,__perm_delta_k=50,__perm_min_effect=0,__perm_n_perm=200,__perm_post_n=50,__perm_pre_n=200,__perm_rng_seed=0,__perm_stat=delta_fused_score,divergence=0.3,error_rate=0.5,teacher_entropy=0.2",3,0,200,0.0,0,10000,10.0,25.0,200,500,1,8,1.0,0.8482336956521739,0.6290849631181565,0.16666666666666666,0.19347608089447021,0.01170139480382204,0,0,83,71,-1,perm_test,0.004975124378109453,0.047841242432821326,155,71,84,0.0,0.0029092589393258095,0,0.0,0.0,0.0,0.0,0,none,0,1,0,overconfident,0.95,0,mild_drift,0.9622740698457408,0.0012667664435168195,0.8132934201334165,0.8609820501293883,1768132912.5847483,0.4365764856338501,0.0965348407626152
461,29504,29503,sea_abrupt4,sea,ts_drift_adapt,4,"error_divergence_ph_meta@error.threshold=0.10,error.min_instances=5",error_divergence_ph_meta,"{""divergence"": {""alpha"": 0.1, ""delta"": 0.005, ""min_instances"": 30, ""threshold"": 0.05}, ""error_rate"": {""alpha"": 0.15, ""delta"": 0.005, ""min_instances"": 5, ""threshold"": 0.1}}","{""error_rate"": {""min_instances"": 5, ""threshold"": 0.1}}",0.1,0.005,0.15,5,0.05,0.005,0.1,30,,,,-1,two_stage,2,0.5,"__confirm_cooldown=200,__confirm_rule=perm_test,__perm_alpha=0.01,__perm_delta_k=50,__perm_min_effect=0,__perm_n_perm=200,__perm_post_n=50,__perm_pre_n=200,__perm_rng_seed=0,__perm_stat=delta_fused_score,divergence=0.3,error_rate=0.5,teacher_entropy=0.2",3,0,200,0.0,0,10000,10.0,25.0,200,500,0,0,1.0,0.8484273318872018,0.6294944961400276,0.0,0.16831812262535095,0.010884598828852177,0,0,83,71,-1,perm_test,0.004975124378109453,0.047841242432821326,155,71,84,0.0,0.16666666666666666,0,0.0,0.0,0.0,0.0,0,none,0,1,0,overconfident,0.95,0,mild_drift,0.9612870349228704,0.0012833832217584097,0.8066467100667083,0.8579910250646942,1768132912.5955026,0.014061257243156433,0.08035431802272797
462,29568,29567,sea_abrupt4,sea,ts_drift_adapt,4,"error_divergence_ph_meta@error.threshold=0.10,error.min_instances=5",error_divergence_ph_meta,"{""divergence"": {""alpha"": 0.1, ""delta"": 0.005, ""min_instances"": 30, ""threshold"": 0.05}, ""error_rate"": {""alpha"": 0.15, ""delta"": 0.005, ""min_instances"": 5, ""threshold"": 0.1}}","{""error_rate"": {""min_instances"": 5, ""threshold"": 0.1}}",0.1,0.005,0.15,5,0.05,0.005,0.1,30,,,,-1,two_stage,2,0.5,"__confirm_cooldown=200,__confirm_rule=perm_test,__perm_alpha=0.01,__perm_delta_k=50,__perm_min_effect=0,__perm_n_perm=200,__perm_post_n=50,__perm_pre_n=200,__perm_rng_seed=0,__perm_stat=delta_fused_score,divergence=0.3,error_rate=0.5,teacher_entropy=0.2",3,0,200,0.0,0,10000,10.0,25.0,200,500,0,0,1.0,0.8485524891774892,0.6296573981617102,0.16666666666666666,0.19600437581539154,0.00703255133703351,1,1,84,72,0,perm_test,0.004975124378109453,0.03952258850294614,156,72,84,0.16666666666666666,0.16666666666666666,1,0.5,0.0,0.0,0.0,0,none,1,1,0,overconfident,0.95,0,severe_drift,0.9261435174614352,0.0016416916108792049,0.6533233550333541,0.833995512532347,1768132912.612117,0.21347171068191528,0.07953707873821259
463,29632,29631,sea_abrupt4,sea,ts_drift_adapt,4,"error_divergence_ph_meta@error.threshold=0.10,error.min_instances=5",error_divergence_ph_meta,"{""divergence"": {""alpha"": 0.1, ""delta"": 0.005, ""min_instances"": 30, ""threshold"": 0.05}, ""error_rate"": {""alpha"": 0.15, ""delta"": 0.005, ""min_instances"": 5, ""threshold"": 0.1}}","{""error_rate"": {""min_instances"": 5, ""threshold"": 0.1}}",0.1,0.005,0.15,5,0.05,0.005,0.1,30,,,,-1,two_stage,2,0.5,"__confirm_cooldown=200,__confirm_rule=perm_test,__perm_alpha=0.01,__perm_delta_k=50,__perm_min_effect=0,__perm_n_perm=200,__perm_post_n=50,__perm_pre_n=200,__perm_rng_seed=0,__perm_stat=delta_fused_score,divergence=0.3,error_rate=0.5,teacher_entropy=0.2",3,0,200,0.0,0,10000,10.0,25.0,200,500,1,136,1.0,0.8488458423326134,0.6303756335026284,0.0,0.17344462871551514,0.008950610645115376,0,0,84,72,-1,perm_test,0.004975124378109453,0.03952258850294614,156,72,84,0.0,0.16666666666666666,0,0.0,0.0,0.0,0.0,0,none,0,1,0,overconfident,0.95,0,mild_drift,0.9432217587307176,0.0014708458054396025,0.7266616775166771,0.8444977562661735,1768132912.622784,0.035799141973257065,0.08479056507349014
464,29696,29695,sea_abrupt4,sea,ts_drift_adapt,4,"error_divergence_ph_meta@error.threshold=0.10,error.min_instances=5",error_divergence_ph_meta,"{""divergence"": {""alpha"": 0.1, ""delta"": 0.005, ""min_instances"": 30, ""threshold"": 0.05}, ""error_rate"": {""alpha"": 0.15, ""delta"": 0.005, ""min_instances"": 5, ""threshold"": 0.1}}","{""error_rate"": {""min_instances"": 5, ""threshold"": 0.1}}",0.1,0.005,0.15,5,0.05,0.005,0.1,30,,,,-1,two_stage,2,0.5,"__confirm_cooldown=200,__confirm_rule=perm_test,__perm_alpha=0.01,__perm_delta_k=50,__perm_min_effect=0,__perm_n_perm=200,__perm_post_n=50,__perm_pre_n=200,__perm_rng_seed=0,__perm_stat=delta_fused_score,divergence=0.3,error_rate=0.5,teacher_entropy=0.2",3,0,200,0.0,0,10000,10.0,25.0,200,500,1,72,1.0,0.8489695581896551,0.630641804436293,0.16666666666666666,0.21683429181575775,0.011789479292929173,0,0,84,72,-1,perm_test,0.004975124378109453,0.03952258850294614,156,72,84,0.0,0.16666666666666666,0,0.0,0.0,0.0,0.0,0,none,0,1,0,overconfident,0.95,0,mild_drift,0.9517608793653587,0.0013854229027198013,0.7633308387583386,0.8497488781330867,1768132912.6343558,0.4212060868740082,0.1098836213350296
465,29760,29759,sea_abrupt4,sea,ts_drift_adapt,4,"error_divergence_ph_meta@error.threshold=0.10,error.min_instances=5",error_divergence_ph_meta,"{""divergence"": {""alpha"": 0.1, ""delta"": 0.005, ""min_instances"": 30, ""threshold"": 0.05}, ""error_rate"": {""alpha"": 0.15, ""delta"": 0.005, ""min_instances"": 5, ""threshold"": 0.1}}","{""error_rate"": {""min_instances"": 5, ""threshold"": 0.1}}",0.1,0.005,0.15,5,0.05,0.005,0.1,30,,,,-1,two_stage,2,0.5,"__confirm_cooldown=200,__confirm_rule=perm_test,__perm_alpha=0.01,__perm_delta_k=50,__perm_min_effect=0,__perm_n_perm=200,__perm_post_n=50,__perm_pre_n=200,__perm_rng_seed=0,__perm_stat=delta_fused_score,divergence=0.3,error_rate=0.5,teacher_entropy=0.2",3,0,200,0.0,0,10000,10.0,25.0,200,500,1,8,1.0,0.8492271505376344,0.6312573282890581,0.0,0.19354645907878876,0.0055072735995054245,0,0,84,72,-1,perm_test,0.004975124378109453,0.03952258850294614,156,72,84,0.0,0.16666666666666666,0,0.0,0.0,0.0,0.0,0,none,0,1,0,overconfident,0.95,0,mild_drift,0.9560304396826793,0.0013427114513599007,0.7816654193791693,0.8523744390665433,1768132912.647452,0.11816328763961792,0.0710165798664093
466,29824,29823,sea_abrupt4,sea,ts_drift_adapt,4,"error_divergence_ph_meta@error.threshold=0.10,error.min_instances=5",error_divergence_ph_meta,"{""divergence"": {""alpha"": 0.1, ""delta"": 0.005, ""min_instances"": 30, ""threshold"": 0.05}, ""error_rate"": {""alpha"": 0.15, ""delta"": 0.005, ""min_instances"": 5, ""threshold"": 0.1}}","{""error_rate"": {""min_instances"": 5, ""threshold"": 0.1}}",0.1,0.005,0.15,5,0.05,0.005,0.1,30,,,,-1,two_stage,2,0.5,"__confirm_cooldown=200,__confirm_rule=perm_test,__perm_alpha=0.01,__perm_delta_k=50,__perm_min_effect=0,__perm_n_perm=200,__perm_post_n=50,__perm_pre_n=200,__perm_rng_seed=0,__perm_stat=delta_fused_score,divergence=0.3,error_rate=0.5,teacher_entropy=0.2",3,0,200,0.0,0,10000,10.0,25.0,200,500,0,0,1.0,0.8494165772532188,0.631474830423142,0.0,0.21133115887641907,0.010896380990743637,0,0,84,72,-1,perm_test,0.004975124378109453,0.03952258850294614,156,72,84,0.0,0.005389107391238213,0,0.0,0.0,0.0,0.0,0,none,0,1,0,overconfident,0.95,0,mild_drift,0.9581652198413396,0.0013213557256799503,0.7908327096895846,0.8536872195332716,1768132912.660905,0.031138159334659576,0.10534156113862991
467,29888,29887,sea_abrupt4,sea,ts_drift_adapt,4,"error_divergence_ph_meta@error.threshold=0.10,error.min_instances=5",error_divergence_ph_meta,"{""divergence"": {""alpha"": 0.1, ""delta"": 0.005, ""min_instances"": 30, ""threshold"": 0.05}, ""error_rate"": {""alpha"": 0.15, ""delta"": 0.005, ""min_instances"": 5, ""threshold"": 0.1}}","{""error_rate"": {""min_instances"": 5, ""threshold"": 0.1}}",0.1,0.005,0.15,5,0.05,0.005,0.1,30,,,,-1,two_stage,2,0.5,"__confirm_cooldown=200,__confirm_rule=perm_test,__perm_alpha=0.01,__perm_delta_k=50,__perm_min_effect=0,__perm_n_perm=200,__perm_post_n=50,__perm_pre_n=200,__perm_rng_seed=0,__perm_stat=delta_fused_score,divergence=0.3,error_rate=0.5,teacher_entropy=0.2",3,0,200,0.0,0,10000,10.0,25.0,200,500,0,0,1.0,0.8496051927194861,0.6316868222521314,0.0,0.177186980843544,0.009035713970661163,0,1,85,72,-1,perm_test,1.0,-0.006671819285608501,157,72,85,0.16666666666666666,0.0018606670200824738,1,0.5,0.0,0.0,0.0,0,none,0,1,0,overconfident,0.95,0,mild_drift,0.9592326099206698,0.0013106778628399754,0.7954163548447923,0.8543436097666358,1768132912.673767,0.01948392577469349,0.07999645173549652
468,29952,29951,sea_abrupt4,sea,ts_drift_adapt,4,"error_divergence_ph_meta@error.threshold=0.10,error.min_instances=5",error_divergence_ph_meta,"{""divergence"": {""alpha"": 0.1, ""delta"": 0.005, ""min_instances"": 30, ""threshold"": 0.05}, ""error_rate"": {""alpha"": 0.15, ""delta"": 0.005, ""min_instances"": 5, ""threshold"": 0.1}}","{""error_rate"": {""min_instances"": 5, ""threshold"": 0.1}}",0.1,0.005,0.15,5,0.05,0.005,0.1,30,,,,-1,two_stage,2,0.5,"__confirm_cooldown=200,__confirm_rule=perm_test,__perm_alpha=0.01,__perm_delta_k=50,__perm_min_effect=0,__perm_n_perm=200,__perm_post_n=50,__perm_pre_n=200,__perm_rng_seed=0,__perm_stat=delta_fused_score,divergence=0.3,error_rate=0.5,teacher_entropy=0.2",3,0,200,0.0,0,10000,10.0,25.0,200,500,0,0,1.0,0.8497262286324786,0.6318481648159446,0.0,0.22468020021915436,0.010585329495370388,1,0,85,73,1,perm_test,0.004975124378109453,0.010212550410736182,158,73,85,0.0,0.0015496155247092247,0,0.0,0.0,0.0,0.0,0,none,1,1,0,overconfident,0.95,0,stable,0.9746163049603349,0.0010553389314199876,0.8977081774223962,0.8996718048833179,1768132912.6903062,0.12209054827690125,0.08636784553527832
469,30016,30015,sea_abrupt4,sea,ts_drift_adapt,4,"error_divergence_ph_meta@error.threshold=0.10,error.min_instances=5",error_divergence_ph_meta,"{""divergence"": {""alpha"": 0.1, ""delta"": 0.005, ""min_instances"": 30, ""threshold"": 0.05}, ""error_rate"": {""alpha"": 0.15, ""delta"": 0.005, ""min_instances"": 5, ""threshold"": 0.1}}","{""error_rate"": {""min_instances"": 5, ""threshold"": 0.1}}",0.1,0.005,0.15,5,0.05,0.005,0.1,30,,,,-1,two_stage,2,0.5,"__confirm_cooldown=200,__confirm_rule=perm_test,__perm_alpha=0.01,__perm_delta_k=50,__perm_min_effect=0,__perm_n_perm=200,__perm_post_n=50,__perm_pre_n=200,__perm_rng_seed=0,__perm_stat=delta_fused_score,divergence=0.3,error_rate=0.5,teacher_entropy=0.2",3,0,200,0.0,0,10000,10.0,25.0,200,500,1,136,1.0,0.8498134328358209,0.6319118420773158,0.16666666666666666,0.1969374567270279,0.008340160362422466,0,0,85,73,-1,perm_test,0.004975124378109453,0.010212550410736182,158,73,85,0.0,0.16666666666666666,0,0.0,0.0,0.0,0.0,0,none,0,1,0,overconfident,0.95,0,mild_drift,0.9674581524801674,0.001177669465709994,0.8488540887111982,0.8773359024416589,1768132912.7010014,0.3533615171909332,0.06128333881497383
470,30080,30079,sea_abrupt4,sea,ts_drift_adapt,4,"error_divergence_ph_meta@error.threshold=0.10,error.min_instances=5",error_divergence_ph_meta,"{""divergence"": {""alpha"": 0.1, ""delta"": 0.005, ""min_instances"": 30, ""threshold"": 0.05}, ""error_rate"": {""alpha"": 0.15, ""delta"": 0.005, ""min_instances"": 5, ""threshold"": 0.1}}","{""error_rate"": {""min_instances"": 5, ""threshold"": 0.1}}",0.1,0.005,0.15,5,0.05,0.005,0.1,30,,,,-1,two_stage,2,0.5,"__confirm_cooldown=200,__confirm_rule=perm_test,__perm_alpha=0.01,__perm_delta_k=50,__perm_min_effect=0,__perm_n_perm=200,__perm_post_n=50,__perm_pre_n=200,__perm_rng_seed=0,__perm_stat=delta_fused_score,divergence=0.3,error_rate=0.5,teacher_entropy=0.2",3,0,200,0.0,0,10000,10.0,25.0,200,500,1,72,1.0,0.8494015957446809,0.6312272937875371,0.8333333333333334,0.2575950026512146,0.015097512863576412,0,0,85,73,-1,perm_test,0.004975124378109453,0.010212550410736182,158,73,85,0.0,0.6666666666666667,0,0.0,0.0,0.0,0.0,0,none,0,1,0,overconfident,0.95,0,mild_drift,0.9638790762400837,0.001238834732854997,0.8244270443555991,0.8661679512208295,1768132912.711495,1.8521431684494019,0.17092575132846832
471,30144,30143,sea_abrupt4,sea,ts_drift_adapt,4,"error_divergence_ph_meta@error.threshold=0.10,error.min_instances=5",error_divergence_ph_meta,"{""divergence"": {""alpha"": 0.1, ""delta"": 0.005, ""min_instances"": 30, ""threshold"": 0.05}, ""error_rate"": {""alpha"": 0.15, ""delta"": 0.005, ""min_instances"": 5, ""threshold"": 0.1}}","{""error_rate"": {""min_instances"": 5, ""threshold"": 0.1}}",0.1,0.005,0.15,5,0.05,0.005,0.1,30,,,,-1,two_stage,2,0.5,"__confirm_cooldown=200,__confirm_rule=perm_test,__perm_alpha=0.01,__perm_delta_k=50,__perm_min_effect=0,__perm_n_perm=200,__perm_post_n=50,__perm_pre_n=200,__perm_rng_seed=0,__perm_stat=delta_fused_score,divergence=0.3,error_rate=0.5,teacher_entropy=0.2",3,0,200,0.0,0,10000,10.0,25.0,200,500,1,8,1.0,0.8491573779193206,0.6306676571090143,0.16666666666666666,0.15453270077705383,0.007048249710351229,0,0,85,73,-1,perm_test,0.004975124378109453,0.010212550410736182,158,73,85,0.0,0.6666666666666667,0,0.0,0.0,0.0,0.0,0,none,0,1,0,overconfident,0.95,0,mild_drift,0.9620895381200418,0.0012694173664274987,0.8122135221777995,0.8605839756104148,1768132912.7219517,0.5226784348487854,0.08786546438932419
472,30208,30207,sea_abrupt4,sea,ts_drift_adapt,4,"error_divergence_ph_meta@error.threshold=0.10,error.min_instances=5",error_divergence_ph_meta,"{""divergence"": {""alpha"": 0.1, ""delta"": 0.005, ""min_instances"": 30, ""threshold"": 0.05}, ""error_rate"": {""alpha"": 0.15, ""delta"": 0.005, ""min_instances"": 5, ""threshold"": 0.1}}","{""error_rate"": {""min_instances"": 5, ""threshold"": 0.1}}",0.1,0.005,0.15,5,0.05,0.005,0.1,30,,,,-1,two_stage,2,0.5,"__confirm_cooldown=200,__confirm_rule=perm_test,__perm_alpha=0.01,__perm_delta_k=50,__perm_min_effect=0,__perm_n_perm=200,__perm_post_n=50,__perm_pre_n=200,__perm_rng_seed=0,__perm_stat=delta_fused_score,divergence=0.3,error_rate=0.5,teacher_entropy=0.2",3,0,200,0.0,0,10000,10.0,25.0,200,500,0,0,1.0,0.8490797139830508,0.6305955088626808,0.0,0.19822019338607788,0.021146921440958977,0,1,86,73,-1,perm_test,1.0,-0.19518818661821172,159,73,86,0.0,0.16666666666666666,1,0.5,0.0,0.0,0.0,0,none,0,1,0,overconfident,0.95,0,mild_drift,0.9611947690600209,0.0012847086832137493,0.8061067610888998,0.8577919878052074,1768132912.7327006,0.04006737470626831,0.22259521484375
473,30272,30271,sea_abrupt4,sea,ts_drift_adapt,4,"error_divergence_ph_meta@error.threshold=0.10,error.min_instances=5",error_divergence_ph_meta,"{""divergence"": {""alpha"": 0.1, ""delta"": 0.005, ""min_instances"": 30, ""threshold"": 0.05}, ""error_rate"": {""alpha"": 0.15, ""delta"": 0.005, ""min_instances"": 5, ""threshold"": 0.1}}","{""error_rate"": {""min_instances"": 5, ""threshold"": 0.1}}",0.1,0.005,0.15,5,0.05,0.005,0.1,30,,,,-1,two_stage,2,0.5,"__confirm_cooldown=200,__confirm_rule=perm_test,__perm_alpha=0.01,__perm_delta_k=50,__perm_min_effect=0,__perm_n_perm=200,__perm_post_n=50,__perm_pre_n=200,__perm_rng_seed=0,__perm_stat=delta_fused_score,divergence=0.3,error_rate=0.5,teacher_entropy=0.2",3,0,200,0.0,0,10000,10.0,25.0,200,500,0,0,1.0,0.8491675475687104,0.6308257324580319,0.0,0.17865028977394104,0.014890849590301514,0,0,86,73,-1,perm_test,0.17412935323383086,0.015378515798339626,160,73,87,0.0,0.006256071850657463,0,0.0,0.0,0.0,0.0,0,none,0,1,0,overconfident,0.95,0,mild_drift,0.9607473845300104,0.0012923543416068746,0.80305338054445,0.8563959939026037,1768132912.7493956,0.06771215051412582,0.1261533796787262
474,30336,30335,sea_abrupt4,sea,ts_drift_adapt,4,"error_divergence_ph_meta@error.threshold=0.10,error.min_instances=5",error_divergence_ph_meta,"{""divergence"": {""alpha"": 0.1, ""delta"": 0.005, ""min_instances"": 30, ""threshold"": 0.05}, ""error_rate"": {""alpha"": 0.15, ""delta"": 0.005, ""min_instances"": 5, ""threshold"": 0.1}}","{""error_rate"": {""min_instances"": 5, ""threshold"": 0.1}}",0.1,0.005,0.15,5,0.05,0.005,0.1,30,,,,-1,two_stage,2,0.5,"__confirm_cooldown=200,__confirm_rule=perm_test,__perm_alpha=0.01,__perm_delta_k=50,__perm_min_effect=0,__perm_n_perm=200,__perm_post_n=50,__perm_pre_n=200,__perm_rng_seed=0,__perm_stat=delta_fused_score,divergence=0.3,error_rate=0.5,teacher_entropy=0.2",3,0,200,0.0,0,10000,10.0,25.0,200,500,0,0,1.0,0.849189082278481,0.6309970320491725,0.0,0.16688603162765503,0.025828074663877487,0,0,86,73,-1,perm_test,1.0,-0.09947855984484355,161,73,88,0.0,0.010937225073575974,0,0.0,0.0,0.0,0.0,0,none,0,1,0,overconfident,0.95,0,mild_drift,0.9605236922650051,0.0012961771708034373,0.801526690272225,0.8556979969513019,1768132912.7604358,0.02359943650662899,0.2479456514120102
475,30400,30399,sea_abrupt4,sea,ts_drift_adapt,4,"error_divergence_ph_meta@error.threshold=0.10,error.min_instances=5",error_divergence_ph_meta,"{""divergence"": {""alpha"": 0.1, ""delta"": 0.005, ""min_instances"": 30, ""threshold"": 0.05}, ""error_rate"": {""alpha"": 0.15, ""delta"": 0.005, ""min_instances"": 5, ""threshold"": 0.1}}","{""error_rate"": {""min_instances"": 5, ""threshold"": 0.1}}",0.1,0.005,0.15,5,0.05,0.005,0.1,30,,,,-1,two_stage,2,0.5,"__confirm_cooldown=200,__confirm_rule=perm_test,__perm_alpha=0.01,__perm_delta_k=50,__perm_min_effect=0,__perm_n_perm=200,__perm_post_n=50,__perm_pre_n=200,__perm_rng_seed=0,__perm_stat=delta_fused_score,divergence=0.3,error_rate=0.5,teacher_entropy=0.2",3,0,200,0.0,0,10000,10.0,25.0,200,500,0,0,1.0,0.8492434210526316,0.6313356758380583,0.3333333333333333,0.16766585409641266,0.030054369941353798,0,0,86,73,-1,perm_test,0.263681592039801,0.00975819577902004,162,73,89,0.0,0.3333333333333333,0,0.0,0.0,0.0,0.0,0,none,0,1,0,overconfident,0.95,0,mild_drift,0.9604118461325025,0.0012980885854017186,0.8007633451361125,0.8553489984756509,1768132912.7764328,0.5707653164863586,0.25085726380348206
476,30464,30463,sea_abrupt4,sea,ts_drift_adapt,4,"error_divergence_ph_meta@error.threshold=0.10,error.min_instances=5",error_divergence_ph_meta,"{""divergence"": {""alpha"": 0.1, ""delta"": 0.005, ""min_instances"": 30, ""threshold"": 0.05}, ""error_rate"": {""alpha"": 0.15, ""delta"": 0.005, ""min_instances"": 5, ""threshold"": 0.1}}","{""error_rate"": {""min_instances"": 5, ""threshold"": 0.1}}",0.1,0.005,0.15,5,0.05,0.005,0.1,30,,,,-1,two_stage,2,0.5,"__confirm_cooldown=200,__confirm_rule=perm_test,__perm_alpha=0.01,__perm_delta_k=50,__perm_min_effect=0,__perm_n_perm=200,__perm_post_n=50,__perm_pre_n=200,__perm_rng_seed=0,__perm_stat=delta_fused_score,divergence=0.3,error_rate=0.5,teacher_entropy=0.2",3,0,200,0.0,0,10000,10.0,25.0,200,500,0,0,1.0,0.8492318802521008,0.6316141887776809,0.16666666666666666,0.251743346452713,0.03459639847278595,0,0,86,73,-1,perm_test,0.263681592039801,0.00975819577902004,162,73,89,0.0,0.16666666666666666,0,0.0,0.0,0.0,0.0,0,none,0,1,0,overconfident,0.95,0,mild_drift,0.9603559230662513,0.0012990442927008593,0.8003816725680563,0.8551744992378254,1768132912.7870321,0.2823442220687866,0.295490562915802
477,30528,30527,sea_abrupt4,sea,ts_drift_adapt,4,"error_divergence_ph_meta@error.threshold=0.10,error.min_instances=5",error_divergence_ph_meta,"{""divergence"": {""alpha"": 0.1, ""delta"": 0.005, ""min_instances"": 30, ""threshold"": 0.05}, ""error_rate"": {""alpha"": 0.15, ""delta"": 0.005, ""min_instances"": 5, ""threshold"": 0.1}}","{""error_rate"": {""min_instances"": 5, ""threshold"": 0.1}}",0.1,0.005,0.15,5,0.05,0.005,0.1,30,,,,-1,two_stage,2,0.5,"__confirm_cooldown=200,__confirm_rule=perm_test,__perm_alpha=0.01,__perm_delta_k=50,__perm_min_effect=0,__perm_n_perm=200,__perm_post_n=50,__perm_pre_n=200,__perm_rng_seed=0,__perm_stat=delta_fused_score,divergence=0.3,error_rate=0.5,teacher_entropy=0.2",3,0,200,0.0,0,10000,10.0,25.0,200,500,0,0,1.0,0.8493514150943396,0.6320742497139028,0.16666666666666666,0.1822884976863861,0.023711100220680237,0,1,87,73,-1,perm_test,1.0,-0.08480150566739043,163,73,90,0.16666666666666666,0.010885298252105713,1,0.5,0.0,0.0,0.0,0,none,0,1,0,overconfident,0.95,0,mild_drift,0.9603279615331256,0.0012995221463504296,0.8001908362840282,0.8550872496189127,1768132912.797905,0.2814182639122009,0.21697503328323364
478,30592,30591,sea_abrupt4,sea,ts_drift_adapt,4,"error_divergence_ph_meta@error.threshold=0.10,error.min_instances=5",error_divergence_ph_meta,"{""divergence"": {""alpha"": 0.1, ""delta"": 0.005, ""min_instances"": 30, ""threshold"": 0.05}, ""error_rate"": {""alpha"": 0.15, ""delta"": 0.005, ""min_instances"": 5, ""threshold"": 0.1}}","{""error_rate"": {""min_instances"": 5, ""threshold"": 0.1}}",0.1,0.005,0.15,5,0.05,0.005,0.1,30,,,,-1,two_stage,2,0.5,"__confirm_cooldown=200,__confirm_rule=perm_test,__perm_alpha=0.01,__perm_delta_k=50,__perm_min_effect=0,__perm_n_perm=200,__perm_post_n=50,__perm_pre_n=200,__perm_rng_seed=0,__perm_stat=delta_fused_score,divergence=0.3,error_rate=0.5,teacher_entropy=0.2",3,0,200,0.0,0,10000,10.0,25.0,200,500,0,0,1.0,0.8494377615062761,0.6324251952508668,0.16666666666666666,0.17779503762722015,0.03126592934131622,0,0,87,73,-1,perm_test,1.0,-0.08726249138062464,164,73,91,0.0,0.007554829120635986,0,0.0,0.0,0.0,0.0,0,none,0,1,0,overconfident,0.95,0,mild_drift,0.9603139807665628,0.001299761073175215,0.8000954181420141,0.8550436248094564,1768132912.808727,0.29784658551216125,0.3065645098686218
479,30656,30655,sea_abrupt4,sea,ts_drift_adapt,4,"error_divergence_ph_meta@error.threshold=0.10,error.min_instances=5",error_divergence_ph_meta,"{""divergence"": {""alpha"": 0.1, ""delta"": 0.005, ""min_instances"": 30, ""threshold"": 0.05}, ""error_rate"": {""alpha"": 0.15, ""delta"": 0.005, ""min_instances"": 5, ""threshold"": 0.1}}","{""error_rate"": {""min_instances"": 5, ""threshold"": 0.1}}",0.1,0.005,0.15,5,0.05,0.005,0.1,30,,,,-1,two_stage,2,0.5,"__confirm_cooldown=200,__confirm_rule=perm_test,__perm_alpha=0.01,__perm_delta_k=50,__perm_min_effect=0,__perm_n_perm=200,__perm_post_n=50,__perm_pre_n=200,__perm_rng_seed=0,__perm_stat=delta_fused_score,divergence=0.3,error_rate=0.5,teacher_entropy=0.2",3,0,200,0.0,0,10000,10.0,25.0,200,500,0,0,1.0,0.8494258872651357,0.6324745675653577,0.16666666666666666,0.23936444520950317,0.0331079363822937,0,0,87,73,-1,perm_test,1.0,-0.06536336067326555,165,73,92,0.0,0.001842007040977478,0,0.0,0.0,0.0,0.0,0,none,0,1,0,overconfident,0.95,0,mild_drift,0.9603069903832814,0.0012998805365876075,0.8000477090710071,0.8550218124047282,1768132912.8196237,0.2344374805688858,0.3041260242462158
480,30720,30719,sea_abrupt4,sea,ts_drift_adapt,4,"error_divergence_ph_meta@error.threshold=0.10,error.min_instances=5",error_divergence_ph_meta,"{""divergence"": {""alpha"": 0.1, ""delta"": 0.005, ""min_instances"": 30, ""threshold"": 0.05}, ""error_rate"": {""alpha"": 0.15, ""delta"": 0.005, ""min_instances"": 5, ""threshold"": 0.1}}","{""error_rate"": {""min_instances"": 5, ""threshold"": 0.1}}",0.1,0.005,0.15,5,0.05,0.005,0.1,30,,,,-1,two_stage,2,0.5,"__confirm_cooldown=200,__confirm_rule=perm_test,__perm_alpha=0.01,__perm_delta_k=50,__perm_min_effect=0,__perm_n_perm=200,__perm_post_n=50,__perm_pre_n=200,__perm_rng_seed=0,__perm_stat=delta_fused_score,divergence=0.3,error_rate=0.5,teacher_entropy=0.2",3,0,200,0.0,0,10000,10.0,25.0,200,500,0,0,1.0,0.8493815104166667,0.6326012313704812,0.3333333333333333,0.216207355260849,0.04074575752019882,0,0,87,73,-1,perm_test,1.0,-0.008513374408934085,166,73,93,0.0,0.16666666666666666,0,0.0,0.0,0.0,0.0,0,none,0,1,0,overconfident,0.95,0,mild_drift,0.9603034951916407,0.0012999402682938037,0.8000238545355036,0.8550109062023641,1768132912.8304226,0.3441043198108673,0.3688082695007324
481,30784,30783,sea_abrupt4,sea,ts_drift_adapt,4,"error_divergence_ph_meta@error.threshold=0.10,error.min_instances=5",error_divergence_ph_meta,"{""divergence"": {""alpha"": 0.1, ""delta"": 0.005, ""min_instances"": 30, ""threshold"": 0.05}, ""error_rate"": {""alpha"": 0.15, ""delta"": 0.005, ""min_instances"": 5, ""threshold"": 0.1}}","{""error_rate"": {""min_instances"": 5, ""threshold"": 0.1}}",0.1,0.005,0.15,5,0.05,0.005,0.1,30,,,,-1,two_stage,2,0.5,"__confirm_cooldown=200,__confirm_rule=perm_test,__perm_alpha=0.01,__perm_delta_k=50,__perm_min_effect=0,__perm_n_perm=200,__perm_post_n=50,__perm_pre_n=200,__perm_rng_seed=0,__perm_stat=delta_fused_score,divergence=0.3,error_rate=0.5,teacher_entropy=0.2",3,0,200,0.0,0,10000,10.0,25.0,200,500,0,0,1.0,0.8494347713097713,0.6329586106580354,0.5,0.23059383034706116,0.0282776840031147,0,0,87,73,-1,perm_test,1.0,-0.008513374408934085,166,73,93,0.0,0.16666666666666669,0,0.0,0.0,0.0,0.0,0,none,0,1,0,overconfident,0.95,0,mild_drift,0.9603017475958203,0.001299970134146902,0.8000119272677518,0.855005453101182,1768132912.8417134,0.6777333617210388,0.2311539649963379
482,30848,30847,sea_abrupt4,sea,ts_drift_adapt,4,"error_divergence_ph_meta@error.threshold=0.10,error.min_instances=5",error_divergence_ph_meta,"{""divergence"": {""alpha"": 0.1, ""delta"": 0.005, ""min_instances"": 30, ""threshold"": 0.05}, ""error_rate"": {""alpha"": 0.15, ""delta"": 0.005, ""min_instances"": 5, ""threshold"": 0.1}}","{""error_rate"": {""min_instances"": 5, ""threshold"": 0.1}}",0.1,0.005,0.15,5,0.05,0.005,0.1,30,,,,-1,two_stage,2,0.5,"__confirm_cooldown=200,__confirm_rule=perm_test,__perm_alpha=0.01,__perm_delta_k=50,__perm_min_effect=0,__perm_n_perm=200,__perm_post_n=50,__perm_pre_n=200,__perm_rng_seed=0,__perm_stat=delta_fused_score,divergence=0.3,error_rate=0.5,teacher_entropy=0.2",3,0,200,0.0,0,10000,10.0,25.0,200,500,0,0,1.0,0.8494878112033195,0.6332390254201169,0.16666666666666666,0.22704684734344482,0.019448958337306976,0,1,88,73,-1,perm_test,1.0,-0.16524130392476868,167,73,94,0.0,0.33333333333333337,1,0.5,0.0,0.0,0.0,0,none,0,1,0,overconfident,0.95,0,mild_drift,0.9603008737979102,0.001299985067073451,0.8000059636338759,0.8550027265505911,1768132912.852892,0.2742505967617035,0.1834510862827301
483,30912,30911,sea_abrupt4,sea,ts_drift_adapt,4,"error_divergence_ph_meta@error.threshold=0.10,error.min_instances=5",error_divergence_ph_meta,"{""divergence"": {""alpha"": 0.1, ""delta"": 0.005, ""min_instances"": 30, ""threshold"": 0.05}, ""error_rate"": {""alpha"": 0.15, ""delta"": 0.005, ""min_instances"": 5, ""threshold"": 0.1}}","{""error_rate"": {""min_instances"": 5, ""threshold"": 0.1}}",0.1,0.005,0.15,5,0.05,0.005,0.1,30,,,,-1,two_stage,2,0.5,"__confirm_cooldown=200,__confirm_rule=perm_test,__perm_alpha=0.01,__perm_delta_k=50,__perm_min_effect=0,__perm_n_perm=200,__perm_post_n=50,__perm_pre_n=200,__perm_rng_seed=0,__perm_stat=delta_fused_score,divergence=0.3,error_rate=0.5,teacher_entropy=0.2",3,0,200,0.0,0,10000,10.0,25.0,200,500,0,0,1.0,0.8495729813664596,0.6336813500843103,0.3333333333333333,0.2286667823791504,0.01617211475968361,1,0,88,74,1,perm_test,0.009950248756218905,0.014785208533288036,168,74,94,0.0,0.16666666666666666,0,0.0,0.0,0.0,0.0,0,none,1,1,0,overconfident,0.95,0,stable,0.9751504368989551,0.0010499925335367255,0.9000029818169379,0.9000013632752956,1768132912.8694522,0.5863891243934631,0.14922547340393066
484,30976,30975,sea_abrupt4,sea,ts_drift_adapt,4,"error_divergence_ph_meta@error.threshold=0.10,error.min_instances=5",error_divergence_ph_meta,"{""divergence"": {""alpha"": 0.1, ""delta"": 0.005, ""min_instances"": 30, ""threshold"": 0.05}, ""error_rate"": {""alpha"": 0.15, ""delta"": 0.005, ""min_instances"": 5, ""threshold"": 0.1}}","{""error_rate"": {""min_instances"": 5, ""threshold"": 0.1}}",0.1,0.005,0.15,5,0.05,0.005,0.1,30,,,,-1,two_stage,2,0.5,"__confirm_cooldown=200,__confirm_rule=perm_test,__perm_alpha=0.01,__perm_delta_k=50,__perm_min_effect=0,__perm_n_perm=200,__perm_post_n=50,__perm_pre_n=200,__perm_rng_seed=0,__perm_stat=delta_fused_score,divergence=0.3,error_rate=0.5,teacher_entropy=0.2",3,0,200,0.0,0,10000,10.0,25.0,200,500,1,136,1.0,0.8494641012396694,0.6337616143398682,0.16666666666666666,0.22061915695667267,0.016152890399098396,0,0,88,74,-1,perm_test,0.009950248756218905,0.014785208533288036,168,74,94,0.0,0.16666666666666666,0,0.0,0.0,0.0,0.0,0,none,0,1,0,overconfident,0.95,0,mild_drift,0.9677252184494776,0.0011749962667683628,0.850001490908469,0.8775006816376478,1768132912.8809779,0.4308847486972809,0.15194202959537506
485,31040,31039,sea_abrupt4,sea,ts_drift_adapt,4,"error_divergence_ph_meta@error.threshold=0.10,error.min_instances=5",error_divergence_ph_meta,"{""divergence"": {""alpha"": 0.1, ""delta"": 0.005, ""min_instances"": 30, ""threshold"": 0.05}, ""error_rate"": {""alpha"": 0.15, ""delta"": 0.005, ""min_instances"": 5, ""threshold"": 0.1}}","{""error_rate"": {""min_instances"": 5, ""threshold"": 0.1}}",0.1,0.005,0.15,5,0.05,0.005,0.1,30,,,,-1,two_stage,2,0.5,"__confirm_cooldown=200,__confirm_rule=perm_test,__perm_alpha=0.01,__perm_delta_k=50,__perm_min_effect=0,__perm_n_perm=200,__perm_post_n=50,__perm_pre_n=200,__perm_rng_seed=0,__perm_stat=delta_fused_score,divergence=0.3,error_rate=0.5,teacher_entropy=0.2",3,0,200,0.0,0,10000,10.0,25.0,200,500,1,72,1.0,0.8495489690721649,0.6339982953781068,0.16666666666666666,0.22445382177829742,0.022165503352880478,0,0,88,74,-1,perm_test,0.009950248756218905,0.014785208533288036,168,74,94,0.0,0.006012612953782082,0,0.0,0.0,0.0,0.0,0,none,0,1,0,overconfident,0.95,0,mild_drift,0.9640126092247387,0.0012374981333841814,0.8250007454542345,0.8662503408188239,1768132912.8942504,0.5553827881813049,0.20917335152626038
486,31104,31103,sea_abrupt4,sea,ts_drift_adapt,4,"error_divergence_ph_meta@error.threshold=0.10,error.min_instances=5",error_divergence_ph_meta,"{""divergence"": {""alpha"": 0.1, ""delta"": 0.005, ""min_instances"": 30, ""threshold"": 0.05}, ""error_rate"": {""alpha"": 0.15, ""delta"": 0.005, ""min_instances"": 5, ""threshold"": 0.1}}","{""error_rate"": {""min_instances"": 5, ""threshold"": 0.1}}",0.1,0.005,0.15,5,0.05,0.005,0.1,30,,,,-1,two_stage,2,0.5,"__confirm_cooldown=200,__confirm_rule=perm_test,__perm_alpha=0.01,__perm_delta_k=50,__perm_min_effect=0,__perm_n_perm=200,__perm_post_n=50,__perm_pre_n=200,__perm_rng_seed=0,__perm_stat=delta_fused_score,divergence=0.3,error_rate=0.5,teacher_entropy=0.2",3,0,200,0.0,0,10000,10.0,25.0,200,500,1,8,1.0,0.8495370370370371,0.6340962309333186,0.16666666666666666,0.2261728048324585,0.016418561339378357,0,0,88,74,-1,perm_test,0.009950248756218905,0.014785208533288036,168,74,94,0.0,0.005746942013502121,0,0.0,0.0,0.0,0.0,0,none,0,1,0,overconfident,0.95,0,mild_drift,0.9621563046123693,0.0012687490666920907,0.8125003727271173,0.8606251704094119,1768132912.907325,0.3624281585216522,0.1731792837381363
487,31168,31167,sea_abrupt4,sea,ts_drift_adapt,4,"error_divergence_ph_meta@error.threshold=0.10,error.min_instances=5",error_divergence_ph_meta,"{""divergence"": {""alpha"": 0.1, ""delta"": 0.005, ""min_instances"": 30, ""threshold"": 0.05}, ""error_rate"": {""alpha"": 0.15, ""delta"": 0.005, ""min_instances"": 5, ""threshold"": 0.1}}","{""error_rate"": {""min_instances"": 5, ""threshold"": 0.1}}",0.1,0.005,0.15,5,0.05,0.005,0.1,30,,,,-1,two_stage,2,0.5,"__confirm_cooldown=200,__confirm_rule=perm_test,__perm_alpha=0.01,__perm_delta_k=50,__perm_min_effect=0,__perm_n_perm=200,__perm_post_n=50,__perm_pre_n=200,__perm_rng_seed=0,__perm_stat=delta_fused_score,divergence=0.3,error_rate=0.5,teacher_entropy=0.2",3,0,200,0.0,0,10000,10.0,25.0,200,500,0,0,1.0,0.8496855749486653,0.6346091995114753,0.16666666666666666,0.20169322192668915,0.018705936148762703,0,0,88,74,-1,perm_test,0.009950248756218905,0.014785208533288036,168,74,94,0.0,0.002287374809384346,0,0.0,0.0,0.0,0.0,0,none,0,1,0,overconfident,0.95,0,mild_drift,0.9612281523061846,0.0012843745333460453,0.8062501863635587,0.8578125852047059,1768132912.920194,0.41134461760520935,0.15811467170715332
488,31232,31231,sea_abrupt4,sea,ts_drift_adapt,4,"error_divergence_ph_meta@error.threshold=0.10,error.min_instances=5",error_divergence_ph_meta,"{""divergence"": {""alpha"": 0.1, ""delta"": 0.005, ""min_instances"": 30, ""threshold"": 0.05}, ""error_rate"": {""alpha"": 0.15, ""delta"": 0.005, ""min_instances"": 5, ""threshold"": 0.1}}","{""error_rate"": {""min_instances"": 5, ""threshold"": 0.1}}",0.1,0.005,0.15,5,0.05,0.005,0.1,30,,,,-1,two_stage,2,0.5,"__confirm_cooldown=200,__confirm_rule=perm_test,__perm_alpha=0.01,__perm_delta_k=50,__perm_min_effect=0,__perm_n_perm=200,__perm_post_n=50,__perm_pre_n=200,__perm_rng_seed=0,__perm_stat=delta_fused_score,divergence=0.3,error_rate=0.5,teacher_entropy=0.2",3,0,200,0.0,0,10000,10.0,25.0,200,500,0,0,1.0,0.8496413934426229,0.6347630814984344,0.16666666666666666,0.2500412166118622,0.01582731492817402,0,0,88,74,-1,perm_test,0.009950248756218905,0.014785208533288036,168,74,94,0.0,0.002878621220588684,0,0.0,0.0,0.0,0.0,0,none,0,1,0,overconfident,0.95,0,mild_drift,0.9607640761530922,0.0012921872666730228,0.8031250931817794,0.856406292602353,1768132912.9306562,0.4426769018173218,0.13527768850326538
489,31296,31295,sea_abrupt4,sea,ts_drift_adapt,4,"error_divergence_ph_meta@error.threshold=0.10,error.min_instances=5",error_divergence_ph_meta,"{""divergence"": {""alpha"": 0.1, ""delta"": 0.005, ""min_instances"": 30, ""threshold"": 0.05}, ""error_rate"": {""alpha"": 0.15, ""delta"": 0.005, ""min_instances"": 5, ""threshold"": 0.1}}","{""error_rate"": {""min_instances"": 5, ""threshold"": 0.1}}",0.1,0.005,0.15,5,0.05,0.005,0.1,30,,,,-1,two_stage,2,0.5,"__confirm_cooldown=200,__confirm_rule=perm_test,__perm_alpha=0.01,__perm_delta_k=50,__perm_min_effect=0,__perm_n_perm=200,__perm_post_n=50,__perm_pre_n=200,__perm_rng_seed=0,__perm_stat=delta_fused_score,divergence=0.3,error_rate=0.5,teacher_entropy=0.2",3,0,200,0.0,0,10000,10.0,25.0,200,500,0,0,1.0,0.849821063394683,0.6355036664106812,0.0,0.25140997767448425,0.011749631725251675,0,1,89,74,-1,perm_test,1.0,-0.058650426565652836,169,74,95,0.16666666666666666,0.16666666666666666,1,0.5,0.0,0.0,0.0,0,none,0,1,0,overconfident,0.95,0,mild_drift,0.9605320380765461,0.0012960936333365116,0.8015625465908898,0.8557031463011765,1768132912.941564,0.10187538713216782,0.12402944266796112
490,31360,31359,sea_abrupt4,sea,ts_drift_adapt,4,"error_divergence_ph_meta@error.threshold=0.10,error.min_instances=5",error_divergence_ph_meta,"{""divergence"": {""alpha"": 0.1, ""delta"": 0.005, ""min_instances"": 30, ""threshold"": 0.05}, ""error_rate"": {""alpha"": 0.15, ""delta"": 0.005, ""min_instances"": 5, ""threshold"": 0.1}}","{""error_rate"": {""min_instances"": 5, ""threshold"": 0.1}}",0.1,0.005,0.15,5,0.05,0.005,0.1,30,,,,-1,two_stage,2,0.5,"__confirm_cooldown=200,__confirm_rule=perm_test,__perm_alpha=0.01,__perm_delta_k=50,__perm_min_effect=0,__perm_n_perm=200,__perm_post_n=50,__perm_pre_n=200,__perm_rng_seed=0,__perm_stat=delta_fused_score,divergence=0.3,error_rate=0.5,teacher_entropy=0.2",3,0,200,0.0,0,10000,10.0,25.0,200,500,0,0,1.0,0.8499362244897959,0.6359692283380859,0.16666666666666666,0.22788585722446442,0.00952701736241579,1,0,89,75,1,perm_test,0.004975124378109453,0.09620306147452663,170,75,95,0.0,0.16666666666666666,0,0.0,0.0,0.0,0.0,0,none,1,1,0,overconfident,0.95,0,stable,0.975266019038273,0.0010480468166682558,0.9007812732954449,0.9003515731505882,1768132912.9577765,0.263165146112442,0.09249277412891388
491,31424,31423,sea_abrupt4,sea,ts_drift_adapt,4,"error_divergence_ph_meta@error.threshold=0.10,error.min_instances=5",error_divergence_ph_meta,"{""divergence"": {""alpha"": 0.1, ""delta"": 0.005, ""min_instances"": 30, ""threshold"": 0.05}, ""error_rate"": {""alpha"": 0.15, ""delta"": 0.005, ""min_instances"": 5, ""threshold"": 0.1}}","{""error_rate"": {""min_instances"": 5, ""threshold"": 0.1}}",0.1,0.005,0.15,5,0.05,0.005,0.1,30,,,,-1,two_stage,2,0.5,"__confirm_cooldown=200,__confirm_rule=perm_test,__perm_alpha=0.01,__perm_delta_k=50,__perm_min_effect=0,__perm_n_perm=200,__perm_post_n=50,__perm_pre_n=200,__perm_rng_seed=0,__perm_stat=delta_fused_score,divergence=0.3,error_rate=0.5,teacher_entropy=0.2",3,0,200,0.0,0,10000,10.0,25.0,200,500,1,136,1.0,0.8498599796334012,0.6359540726626266,0.0,0.2469090223312378,0.013264119625091553,0,0,89,75,-1,perm_test,0.004975124378109453,0.09620306147452663,170,75,95,0.0,0.16666666666666666,0,0.0,0.0,0.0,0.0,0,none,0,1,0,overconfident,0.95,0,mild_drift,0.9677830095191364,0.001174023408334128,0.8503906366477225,0.8776757865752941,1768132912.9680257,0.30997344851493835,0.13926690816879272
492,31488,31487,sea_abrupt4,sea,ts_drift_adapt,4,"error_divergence_ph_meta@error.threshold=0.10,error.min_instances=5",error_divergence_ph_meta,"{""divergence"": {""alpha"": 0.1, ""delta"": 0.005, ""min_instances"": 30, ""threshold"": 0.05}, ""error_rate"": {""alpha"": 0.15, ""delta"": 0.005, ""min_instances"": 5, ""threshold"": 0.1}}","{""error_rate"": {""min_instances"": 5, ""threshold"": 0.1}}",0.1,0.005,0.15,5,0.05,0.005,0.1,30,,,,-1,two_stage,2,0.5,"__confirm_cooldown=200,__confirm_rule=perm_test,__perm_alpha=0.01,__perm_delta_k=50,__perm_min_effect=0,__perm_n_perm=200,__perm_post_n=50,__perm_pre_n=200,__perm_rng_seed=0,__perm_stat=delta_fused_score,divergence=0.3,error_rate=0.5,teacher_entropy=0.2",3,0,200,0.0,0,10000,10.0,25.0,200,500,1,72,1.0,0.8496570121951219,0.6356679395884137,0.16666666666666666,0.2590571641921997,0.011989729478955269,0,0,89,75,-1,perm_test,0.004975124378109453,0.09620306147452663,170,75,95,0.0,0.16666666666666666,0,0.0,0.0,0.0,0.0,0,none,0,1,0,overconfident,0.95,0,mild_drift,0.9640415047595682,0.0012370117041670642,0.8251953183238613,0.8663378932876471,1768132912.979043,0.33289316296577454,0.12870527803897858
493,31552,31551,sea_abrupt4,sea,ts_drift_adapt,4,"error_divergence_ph_meta@error.threshold=0.10,error.min_instances=5",error_divergence_ph_meta,"{""divergence"": {""alpha"": 0.1, ""delta"": 0.005, ""min_instances"": 30, ""threshold"": 0.05}, ""error_rate"": {""alpha"": 0.15, ""delta"": 0.005, ""min_instances"": 5, ""threshold"": 0.1}}","{""error_rate"": {""min_instances"": 5, ""threshold"": 0.1}}",0.1,0.005,0.15,5,0.05,0.005,0.1,30,,,,-1,two_stage,2,0.5,"__confirm_cooldown=200,__confirm_rule=perm_test,__perm_alpha=0.01,__perm_delta_k=50,__perm_min_effect=0,__perm_n_perm=200,__perm_post_n=50,__perm_pre_n=200,__perm_rng_seed=0,__perm_stat=delta_fused_score,divergence=0.3,error_rate=0.5,teacher_entropy=0.2",3,0,200,0.0,0,10000,10.0,25.0,200,500,1,8,1.0,0.8497401115618661,0.6361847990147875,0.0,0.27024537324905396,0.022045770660042763,0,0,89,75,-1,perm_test,0.004975124378109453,0.09620306147452663,170,75,95,0.0,0.16666666666666666,0,0.0,0.0,0.0,0.0,0,none,0,1,0,overconfident,0.95,0,mild_drift,0.962170752379784,0.0012685058520835323,0.8125976591619306,0.8606689466438235,1768132912.9901452,0.187411367893219,0.2051655650138855
494,31616,31615,sea_abrupt4,sea,ts_drift_adapt,4,"error_divergence_ph_meta@error.threshold=0.10,error.min_instances=5",error_divergence_ph_meta,"{""divergence"": {""alpha"": 0.1, ""delta"": 0.005, ""min_instances"": 30, ""threshold"": 0.05}, ""error_rate"": {""alpha"": 0.15, ""delta"": 0.005, ""min_instances"": 5, ""threshold"": 0.1}}","{""error_rate"": {""min_instances"": 5, ""threshold"": 0.1}}",0.1,0.005,0.15,5,0.05,0.005,0.1,30,,,,-1,two_stage,2,0.5,"__confirm_cooldown=200,__confirm_rule=perm_test,__perm_alpha=0.01,__perm_delta_k=50,__perm_min_effect=0,__perm_n_perm=200,__perm_post_n=50,__perm_pre_n=200,__perm_rng_seed=0,__perm_stat=delta_fused_score,divergence=0.3,error_rate=0.5,teacher_entropy=0.2",3,0,200,0.0,0,10000,10.0,25.0,200,500,0,0,1.0,0.8498861336032388,0.6365874633336082,0.0,0.23293782770633698,0.01862841285765171,0,1,90,75,-1,perm_test,1.0,-0.020664313435807633,171,75,96,0.0,0.0034173578023910522,1,0.5,0.0,0.0,0.0,0,none,0,1,0,overconfident,0.95,0,mild_drift,0.961235376189892,0.0012842529260417663,0.8062988295809653,0.8578344733219118,1768132913.0008807,0.18835055828094482,0.17843961715698242
495,31680,31679,sea_abrupt4,sea,ts_drift_adapt,4,"error_divergence_ph_meta@error.threshold=0.10,error.min_instances=5",error_divergence_ph_meta,"{""divergence"": {""alpha"": 0.1, ""delta"": 0.005, ""min_instances"": 30, ""threshold"": 0.05}, ""error_rate"": {""alpha"": 0.15, ""delta"": 0.005, ""min_instances"": 5, ""threshold"": 0.1}}","{""error_rate"": {""min_instances"": 5, ""threshold"": 0.1}}",0.1,0.005,0.15,5,0.05,0.005,0.1,30,,,,-1,two_stage,2,0.5,"__confirm_cooldown=200,__confirm_rule=perm_test,__perm_alpha=0.01,__perm_delta_k=50,__perm_min_effect=0,__perm_n_perm=200,__perm_post_n=50,__perm_pre_n=200,__perm_rng_seed=0,__perm_stat=delta_fused_score,divergence=0.3,error_rate=0.5,teacher_entropy=0.2",3,0,200,0.0,0,10000,10.0,25.0,200,500,0,0,1.0,0.8499368686868687,0.6368950268410842,0.0,0.27875077724456787,0.02175731584429741,1,0,90,76,1,perm_test,0.009950248756218905,0.02024450516002563,172,76,96,0.0,0.0031289029866456985,0,0.0,0.0,0.0,0.0,0,none,1,1,0,overconfident,0.95,0,stable,0.975617688094946,0.0010421264630208831,0.9031494147904826,0.9014172366609559,1768132913.0171645,0.039720065891742706,0.1804913878440857
496,31744,31743,sea_abrupt4,sea,ts_drift_adapt,4,"error_divergence_ph_meta@error.threshold=0.10,error.min_instances=5",error_divergence_ph_meta,"{""divergence"": {""alpha"": 0.1, ""delta"": 0.005, ""min_instances"": 30, ""threshold"": 0.05}, ""error_rate"": {""alpha"": 0.15, ""delta"": 0.005, ""min_instances"": 5, ""threshold"": 0.1}}","{""error_rate"": {""min_instances"": 5, ""threshold"": 0.1}}",0.1,0.005,0.15,5,0.05,0.005,0.1,30,,,,-1,two_stage,2,0.5,"__confirm_cooldown=200,__confirm_rule=perm_test,__perm_alpha=0.01,__perm_delta_k=50,__perm_min_effect=0,__perm_n_perm=200,__perm_post_n=50,__perm_pre_n=200,__perm_rng_seed=0,__perm_stat=delta_fused_score,divergence=0.3,error_rate=0.5,teacher_entropy=0.2",3,0,200,0.0,0,10000,10.0,25.0,200,500,1,136,1.0,0.8498928931451613,0.6367325999902668,0.0,0.24297042191028595,0.01378344651311636,0,0,90,76,-1,perm_test,0.009950248756218905,0.02024450516002563,172,76,96,0.0,0.00797386933118105,0,0.0,0.0,0.0,0.0,0,none,0,1,0,overconfident,0.95,0,mild_drift,0.9679588440474729,0.0011710632315104416,0.8515747073952413,0.8782086183304779,1768132913.027876,0.21001017093658447,0.13634419441223145
497,31808,31807,sea_abrupt4,sea,ts_drift_adapt,4,"error_divergence_ph_meta@error.threshold=0.10,error.min_instances=5",error_divergence_ph_meta,"{""divergence"": {""alpha"": 0.1, ""delta"": 0.005, ""min_instances"": 30, ""threshold"": 0.05}, ""error_rate"": {""alpha"": 0.15, ""delta"": 0.005, ""min_instances"": 5, ""threshold"": 0.1}}","{""error_rate"": {""min_instances"": 5, ""threshold"": 0.1}}",0.1,0.005,0.15,5,0.05,0.005,0.1,30,,,,-1,two_stage,2,0.5,"__confirm_cooldown=200,__confirm_rule=perm_test,__perm_alpha=0.01,__perm_delta_k=50,__perm_min_effect=0,__perm_n_perm=200,__perm_post_n=50,__perm_pre_n=200,__perm_rng_seed=0,__perm_stat=delta_fused_score,divergence=0.3,error_rate=0.5,teacher_entropy=0.2",3,0,200,0.0,0,10000,10.0,25.0,200,500,1,72,1.0,0.8498490945674044,0.6367772950461452,0.16666666666666666,0.2181592881679535,0.01843724213540554,0,0,90,76,-1,perm_test,0.009950248756218905,0.02024450516002563,172,76,96,0.0,0.16666666666666666,0,0.0,0.0,0.0,0.0,0,none,0,1,0,overconfident,0.95,0,mild_drift,0.9641294220237364,0.001235531615755221,0.8257873536976207,0.8666043091652389,1768132913.0383763,0.33032968640327454,0.1749647855758667
498,31872,31871,sea_abrupt4,sea,ts_drift_adapt,4,"error_divergence_ph_meta@error.threshold=0.10,error.min_instances=5",error_divergence_ph_meta,"{""divergence"": {""alpha"": 0.1, ""delta"": 0.005, ""min_instances"": 30, ""threshold"": 0.05}, ""error_rate"": {""alpha"": 0.15, ""delta"": 0.005, ""min_instances"": 5, ""threshold"": 0.1}}","{""error_rate"": {""min_instances"": 5, ""threshold"": 0.1}}",0.1,0.005,0.15,5,0.05,0.005,0.1,30,,,,-1,two_stage,2,0.5,"__confirm_cooldown=200,__confirm_rule=perm_test,__perm_alpha=0.01,__perm_delta_k=50,__perm_min_effect=0,__perm_n_perm=200,__perm_post_n=50,__perm_pre_n=200,__perm_rng_seed=0,__perm_stat=delta_fused_score,divergence=0.3,error_rate=0.5,teacher_entropy=0.2",3,0,200,0.0,0,10000,10.0,25.0,200,500,1,8,1.0,0.8497740963855421,0.6368804746638962,0.0,0.2867393493652344,0.013548310846090317,0,0,90,76,-1,perm_test,0.009950248756218905,0.02024450516002563,172,76,96,0.0,0.16666666666666666,0,0.0,0.0,0.0,0.0,0,none,0,1,0,overconfident,0.95,0,mild_drift,0.9622147110118682,0.0012677658078776104,0.8128936768488104,0.8608021545826194,1768132913.0489678,0.17203408479690552,0.12536761164665222
499,31936,31935,sea_abrupt4,sea,ts_drift_adapt,4,"error_divergence_ph_meta@error.threshold=0.10,error.min_instances=5",error_divergence_ph_meta,"{""divergence"": {""alpha"": 0.1, ""delta"": 0.005, ""min_instances"": 30, ""threshold"": 0.05}, ""error_rate"": {""alpha"": 0.15, ""delta"": 0.005, ""min_instances"": 5, ""threshold"": 0.1}}","{""error_rate"": {""min_instances"": 5, ""threshold"": 0.1}}",0.1,0.005,0.15,5,0.05,0.005,0.1,30,,,,-1,two_stage,2,0.5,"__confirm_cooldown=200,__confirm_rule=perm_test,__perm_alpha=0.01,__perm_delta_k=50,__perm_min_effect=0,__perm_n_perm=200,__perm_post_n=50,__perm_pre_n=200,__perm_rng_seed=0,__perm_stat=delta_fused_score,divergence=0.3,error_rate=0.5,teacher_entropy=0.2",3,0,200,0.0,0,10000,10.0,25.0,200,500,0,0,1.0,0.8496993987975952,0.636811603112638,0.16666666666666666,0.24809525907039642,0.024358486756682396,1,1,91,77,0,perm_test,0.004975124378109453,0.030873208180034965,173,77,96,0.16666666666666666,0.16666666666666666,1,0.5,0.0,0.0,0.0,0,none,1,1,0,overconfident,0.95,0,severe_drift,0.9266073555059341,0.0016338829039388052,0.6564468384244052,0.8354010772913097,1768132913.0657833,0.1886470913887024,0.20734386146068573
500,32000,31999,sea_abrupt4,sea,ts_drift_adapt,4,"error_divergence_ph_meta@error.threshold=0.10,error.min_instances=5",error_divergence_ph_meta,"{""divergence"": {""alpha"": 0.1, ""delta"": 0.005, ""min_instances"": 30, ""threshold"": 0.05}, ""error_rate"": {""alpha"": 0.15, ""delta"": 0.005, ""min_instances"": 5, ""threshold"": 0.1}}","{""error_rate"": {""min_instances"": 5, ""threshold"": 0.1}}",0.1,0.005,0.15,5,0.05,0.005,0.1,30,,,,-1,two_stage,2,0.5,"__confirm_cooldown=200,__confirm_rule=perm_test,__perm_alpha=0.01,__perm_delta_k=50,__perm_min_effect=0,__perm_n_perm=200,__perm_post_n=50,__perm_pre_n=200,__perm_rng_seed=0,__perm_stat=delta_fused_score,divergence=0.3,error_rate=0.5,teacher_entropy=0.2",3,0,200,0.0,0,10000,10.0,25.0,200,500,1,136,1.0,0.8496875,0.6369865087847285,0.0,0.23944276571273804,0.012347626499831676,0,0,91,77,-1,perm_test,0.004975124378109453,0.030873208180034965,173,77,96,0.0,0.16666666666666666,0,0.0,0.0,0.0,0.0,0,none,0,1,0,overconfident,0.95,0,mild_drift,0.943453677752967,0.0014669414519694027,0.7282234192122026,0.8452005386456549,1768132913.0764673,0.1265312135219574,0.12063989043235779
501,32064,32063,sea_abrupt4,sea,ts_drift_adapt,4,"error_divergence_ph_meta@error.threshold=0.10,error.min_instances=5",error_divergence_ph_meta,"{""divergence"": {""alpha"": 0.1, ""delta"": 0.005, ""min_instances"": 30, ""threshold"": 0.05}, ""error_rate"": {""alpha"": 0.15, ""delta"": 0.005, ""min_instances"": 5, ""threshold"": 0.1}}","{""error_rate"": {""min_instances"": 5, ""threshold"": 0.1}}",0.1,0.005,0.15,5,0.05,0.005,0.1,30,,,,-1,two_stage,2,0.5,"__confirm_cooldown=200,__confirm_rule=perm_test,__perm_alpha=0.01,__perm_delta_k=50,__perm_min_effect=0,__perm_n_perm=200,__perm_post_n=50,__perm_pre_n=200,__perm_rng_seed=0,__perm_stat=delta_fused_score,divergence=0.3,error_rate=0.5,teacher_entropy=0.2",3,0,200,0.0,0,10000,10.0,25.0,200,500,1,72,1.0,0.8495508982035929,0.6367568510787345,0.0,0.2695420980453491,0.024686569347977638,0,0,91,77,-1,perm_test,0.004975124378109453,0.030873208180034965,173,77,96,0.0,0.012338942848145962,0,0.0,0.0,0.0,0.0,0,none,0,1,0,overconfident,0.95,0,mild_drift,0.9518768388764834,0.0013834707259847015,0.7641117096061013,0.8501002693228275,1768132913.0898254,0.07828626781702042,0.22451725602149963
502,32128,32127,sea_abrupt4,sea,ts_drift_adapt,4,"error_divergence_ph_meta@error.threshold=0.10,error.min_instances=5",error_divergence_ph_meta,"{""divergence"": {""alpha"": 0.1, ""delta"": 0.005, ""min_instances"": 30, ""threshold"": 0.05}, ""error_rate"": {""alpha"": 0.15, ""delta"": 0.005, ""min_instances"": 5, ""threshold"": 0.1}}","{""error_rate"": {""min_instances"": 5, ""threshold"": 0.1}}",0.1,0.005,0.15,5,0.05,0.005,0.1,30,,,,-1,two_stage,2,0.5,"__confirm_cooldown=200,__confirm_rule=perm_test,__perm_alpha=0.01,__perm_delta_k=50,__perm_min_effect=0,__perm_n_perm=200,__perm_post_n=50,__perm_pre_n=200,__perm_rng_seed=0,__perm_stat=delta_fused_score,divergence=0.3,error_rate=0.5,teacher_entropy=0.2",3,0,200,0.0,0,10000,10.0,25.0,200,500,1,8,1.0,0.849601593625498,0.6370579835810982,0.16666666666666666,0.2189720869064331,0.010476364754140377,0,0,91,77,-1,perm_test,0.004975124378109453,0.030873208180034965,173,77,96,0.0,0.16666666666666666,0,0.0,0.0,0.0,0.0,0,none,0,1,0,overconfident,0.95,0,mild_drift,0.9560884194382417,0.0013417353629923507,0.7820558548030507,0.8525501346614137,1768132913.103111,0.5012715458869934,0.10334714502096176
503,32192,32191,sea_abrupt4,sea,ts_drift_adapt,4,"error_divergence_ph_meta@error.threshold=0.10,error.min_instances=5",error_divergence_ph_meta,"{""divergence"": {""alpha"": 0.1, ""delta"": 0.005, ""min_instances"": 30, ""threshold"": 0.05}, ""error_rate"": {""alpha"": 0.15, ""delta"": 0.005, ""min_instances"": 5, ""threshold"": 0.1}}","{""error_rate"": {""min_instances"": 5, ""threshold"": 0.1}}",0.1,0.005,0.15,5,0.05,0.005,0.1,30,,,,-1,two_stage,2,0.5,"__confirm_cooldown=200,__confirm_rule=perm_test,__perm_alpha=0.01,__perm_delta_k=50,__perm_min_effect=0,__perm_n_perm=200,__perm_post_n=50,__perm_pre_n=200,__perm_rng_seed=0,__perm_stat=delta_fused_score,divergence=0.3,error_rate=0.5,teacher_entropy=0.2",3,0,200,0.0,0,10000,10.0,25.0,200,500,0,0,1.0,0.8495899602385686,0.6370974308540879,0.3333333333333333,0.2016560286283493,0.01043595653027296,0,0,91,77,-1,perm_test,0.004975124378109453,0.030873208180034965,173,77,96,0.0,0.16666666666666666,0,0.0,0.0,0.0,0.0,0,none,0,1,0,overconfident,0.95,0,mild_drift,0.9581942097191208,0.0013208676814961753,0.7910279274015254,0.8537750673307068,1768132913.116065,0.6897560954093933,0.10258540511131287
504,32256,32255,sea_abrupt4,sea,ts_drift_adapt,4,"error_divergence_ph_meta@error.threshold=0.10,error.min_instances=5",error_divergence_ph_meta,"{""divergence"": {""alpha"": 0.1, ""delta"": 0.005, ""min_instances"": 30, ""threshold"": 0.05}, ""error_rate"": {""alpha"": 0.15, ""delta"": 0.005, ""min_instances"": 5, ""threshold"": 0.1}}","{""error_rate"": {""min_instances"": 5, ""threshold"": 0.1}}",0.1,0.005,0.15,5,0.05,0.005,0.1,30,,,,-1,two_stage,2,0.5,"__confirm_cooldown=200,__confirm_rule=perm_test,__perm_alpha=0.01,__perm_delta_k=50,__perm_min_effect=0,__perm_n_perm=200,__perm_post_n=50,__perm_pre_n=200,__perm_rng_seed=0,__perm_stat=delta_fused_score,divergence=0.3,error_rate=0.5,teacher_entropy=0.2",3,0,200,0.0,0,10000,10.0,25.0,200,500,0,0,1.0,0.849578373015873,0.6371595534973132,0.0,0.23256711661815643,0.008690865710377693,0,1,92,77,-1,perm_test,1.0,-0.17375225155138674,174,77,97,0.16666666666666666,0.3333333333333333,1,0.5,0.0,0.0,0.0,0,none,0,1,0,overconfident,0.95,0,mild_drift,0.9592471048595603,0.0013104338407480876,0.7955139637007627,0.8543875336653535,1768132913.126952,0.11688629537820816,0.09371675550937653
505,32320,32319,sea_abrupt4,sea,ts_drift_adapt,4,"error_divergence_ph_meta@error.threshold=0.10,error.min_instances=5",error_divergence_ph_meta,"{""divergence"": {""alpha"": 0.1, ""delta"": 0.005, ""min_instances"": 30, ""threshold"": 0.05}, ""error_rate"": {""alpha"": 0.15, ""delta"": 0.005, ""min_instances"": 5, ""threshold"": 0.1}}","{""error_rate"": {""min_instances"": 5, ""threshold"": 0.1}}",0.1,0.005,0.15,5,0.05,0.005,0.1,30,,,,-1,two_stage,2,0.5,"__confirm_cooldown=200,__confirm_rule=perm_test,__perm_alpha=0.01,__perm_delta_k=50,__perm_min_effect=0,__perm_n_perm=200,__perm_post_n=50,__perm_pre_n=200,__perm_rng_seed=0,__perm_stat=delta_fused_score,divergence=0.3,error_rate=0.5,teacher_entropy=0.2",3,0,200,0.0,0,10000,10.0,25.0,200,500,0,0,1.0,0.8494740099009901,0.6371065084993676,0.0,0.27240899205207825,0.011876869015395641,0,0,92,77,-1,perm_test,0.05472636815920398,0.006017142582729264,175,77,98,0.0,0.003186003305017948,0,0.0,0.0,0.0,0.0,0,none,0,1,0,overconfident,0.95,0,mild_drift,0.9597735524297801,0.001305216920374044,0.7977569818503814,0.8546937668326767,1768132913.1430619,0.10948353260755539,0.10140825808048248
506,32384,32383,sea_abrupt4,sea,ts_drift_adapt,4,"error_divergence_ph_meta@error.threshold=0.10,error.min_instances=5",error_divergence_ph_meta,"{""divergence"": {""alpha"": 0.1, ""delta"": 0.005, ""min_instances"": 30, ""threshold"": 0.05}, ""error_rate"": {""alpha"": 0.15, ""delta"": 0.005, ""min_instances"": 5, ""threshold"": 0.1}}","{""error_rate"": {""min_instances"": 5, ""threshold"": 0.1}}",0.1,0.005,0.15,5,0.05,0.005,0.1,30,,,,-1,two_stage,2,0.5,"__confirm_cooldown=200,__confirm_rule=perm_test,__perm_alpha=0.01,__perm_delta_k=50,__perm_min_effect=0,__perm_n_perm=200,__perm_post_n=50,__perm_pre_n=200,__perm_rng_seed=0,__perm_stat=delta_fused_score,divergence=0.3,error_rate=0.5,teacher_entropy=0.2",3,0,200,0.0,0,10000,10.0,25.0,200,500,0,0,1.0,0.8494626976284585,0.6371001187975767,0.16666666666666666,0.249808669090271,0.014379593543708324,1,0,92,78,2,perm_test,0.004975124378109453,0.015314458527793597,176,78,98,0.0,0.16666666666666666,0,0.0,0.0,0.0,0.0,0,none,1,1,0,overconfident,0.95,0,stable,0.9748867762148901,0.001052608460187022,0.8988784909251907,0.8998468834163384,1768132913.1587708,0.2139960378408432,0.12625259160995483
507,32448,32447,sea_abrupt4,sea,ts_drift_adapt,4,"error_divergence_ph_meta@error.threshold=0.10,error.min_instances=5",error_divergence_ph_meta,"{""divergence"": {""alpha"": 0.1, ""delta"": 0.005, ""min_instances"": 30, ""threshold"": 0.05}, ""error_rate"": {""alpha"": 0.15, ""delta"": 0.005, ""min_instances"": 5, ""threshold"": 0.1}}","{""error_rate"": {""min_instances"": 5, ""threshold"": 0.1}}",0.1,0.005,0.15,5,0.05,0.005,0.1,30,,,,-1,two_stage,2,0.5,"__confirm_cooldown=200,__confirm_rule=perm_test,__perm_alpha=0.01,__perm_delta_k=50,__perm_min_effect=0,__perm_n_perm=200,__perm_post_n=50,__perm_pre_n=200,__perm_rng_seed=0,__perm_stat=delta_fused_score,divergence=0.3,error_rate=0.5,teacher_entropy=0.2",3,0,200,0.0,0,10000,10.0,25.0,200,500,1,136,1.0,0.8494514299802761,0.6372522992557034,0.16666666666666666,0.27274590730667114,0.022890469059348106,0,0,92,78,-1,perm_test,0.004975124378109453,0.015314458527793597,176,78,98,0.0,0.008510875515639782,0,0.0,0.0,0.0,0.0,0,none,0,1,0,overconfident,0.95,0,mild_drift,0.967593388107445,0.001176304230093511,0.8494392454625954,0.8774234417081692,1768132913.1690633,0.3535461723804474,0.1928653120994568
508,32512,32511,sea_abrupt4,sea,ts_drift_adapt,4,"error_divergence_ph_meta@error.threshold=0.10,error.min_instances=5",error_divergence_ph_meta,"{""divergence"": {""alpha"": 0.1, ""delta"": 0.005, ""min_instances"": 30, ""threshold"": 0.05}, ""error_rate"": {""alpha"": 0.15, ""delta"": 0.005, ""min_instances"": 5, ""threshold"": 0.1}}","{""error_rate"": {""min_instances"": 5, ""threshold"": 0.1}}",0.1,0.005,0.15,5,0.05,0.005,0.1,30,,,,-1,two_stage,2,0.5,"__confirm_cooldown=200,__confirm_rule=perm_test,__perm_alpha=0.01,__perm_delta_k=50,__perm_min_effect=0,__perm_n_perm=200,__perm_post_n=50,__perm_pre_n=200,__perm_rng_seed=0,__perm_stat=delta_fused_score,divergence=0.3,error_rate=0.5,teacher_entropy=0.2",3,0,200,0.0,0,10000,10.0,25.0,200,500,1,72,1.0,0.8495324803149606,0.6375179214719446,0.3333333333333333,0.2539871335029602,0.014874814078211784,0,0,92,78,-1,perm_test,0.004975124378109453,0.015314458527793597,176,78,98,0.0,0.16666666666666666,0,0.0,0.0,0.0,0.0,0,none,0,1,0,overconfident,0.95,0,mild_drift,0.9639466940537225,0.0012381521150467557,0.8247196227312977,0.8662117208540846,1768132913.1792994,0.7041872143745422,0.11946433782577515
509,32576,32575,sea_abrupt4,sea,ts_drift_adapt,4,"error_divergence_ph_meta@error.threshold=0.10,error.min_instances=5",error_divergence_ph_meta,"{""divergence"": {""alpha"": 0.1, ""delta"": 0.005, ""min_instances"": 30, ""threshold"": 0.05}, ""error_rate"": {""alpha"": 0.15, ""delta"": 0.005, ""min_instances"": 5, ""threshold"": 0.1}}","{""error_rate"": {""min_instances"": 5, ""threshold"": 0.1}}",0.1,0.005,0.15,5,0.05,0.005,0.1,30,,,,-1,two_stage,2,0.5,"__confirm_cooldown=200,__confirm_rule=perm_test,__perm_alpha=0.01,__perm_delta_k=50,__perm_min_effect=0,__perm_n_perm=200,__perm_post_n=50,__perm_pre_n=200,__perm_rng_seed=0,__perm_stat=delta_fused_score,divergence=0.3,error_rate=0.5,teacher_entropy=0.2",3,0,200,0.0,0,10000,10.0,25.0,200,500,1,8,1.0,0.849705304518664,0.6380538824457394,0.0,0.2205236554145813,0.0158550888299942,0,1,92,78,-1,perm_test,0.004975124378109453,0.015314458527793597,176,78,98,0.0,0.3333333333333333,1,0.5,0.0,0.0,0.0,0,none,0,1,0,overconfident,0.95,0,mild_drift,0.9621233470268612,0.001269076057523378,0.8123598113656489,0.8606058604270423,1768132913.1896222,0.0900048092007637,0.12589257955551147
510,32640,32639,sea_abrupt4,sea,ts_drift_adapt,4,"error_divergence_ph_meta@error.threshold=0.10,error.min_instances=5",error_divergence_ph_meta,"{""divergence"": {""alpha"": 0.1, ""delta"": 0.005, ""min_instances"": 30, ""threshold"": 0.05}, ""error_rate"": {""alpha"": 0.15, ""delta"": 0.005, ""min_instances"": 5, ""threshold"": 0.1}}","{""error_rate"": {""min_instances"": 5, ""threshold"": 0.1}}",0.1,0.005,0.15,5,0.05,0.005,0.1,30,,,,-1,two_stage,2,0.5,"__confirm_cooldown=200,__confirm_rule=perm_test,__perm_alpha=0.01,__perm_delta_k=50,__perm_min_effect=0,__perm_n_perm=200,__perm_post_n=50,__perm_pre_n=200,__perm_rng_seed=0,__perm_stat=delta_fused_score,divergence=0.3,error_rate=0.5,teacher_entropy=0.2",3,0,200,0.0,0,10000,10.0,25.0,200,500,0,0,1.0,0.8496936274509804,0.638157587305088,0.0,0.2841528058052063,0.012924903072416782,0,0,92,78,-1,perm_test,0.004975124378109453,0.015314458527793597,176,78,98,0.0,0.0029301857575774193,0,0.0,0.0,0.0,0.0,0,none,0,1,0,overconfident,0.95,0,mild_drift,0.9612116735134306,0.0012845380287616892,0.8061799056828245,0.8578029302135212,1768132913.2002962,0.03032715804874897,0.12879851460456848
511,32704,32703,sea_abrupt4,sea,ts_drift_adapt,4,"error_divergence_ph_meta@error.threshold=0.10,error.min_instances=5",error_divergence_ph_meta,"{""divergence"": {""alpha"": 0.1, ""delta"": 0.005, ""min_instances"": 30, ""threshold"": 0.05}, ""error_rate"": {""alpha"": 0.15, ""delta"": 0.005, ""min_instances"": 5, ""threshold"": 0.1}}","{""error_rate"": {""min_instances"": 5, ""threshold"": 0.1}}",0.1,0.005,0.15,5,0.05,0.005,0.1,30,,,,-1,two_stage,2,0.5,"__confirm_cooldown=200,__confirm_rule=perm_test,__perm_alpha=0.01,__perm_delta_k=50,__perm_min_effect=0,__perm_n_perm=200,__perm_post_n=50,__perm_pre_n=200,__perm_rng_seed=0,__perm_stat=delta_fused_score,divergence=0.3,error_rate=0.5,teacher_entropy=0.2",3,0,200,0.0,0,10000,10.0,25.0,200,500,0,0,1.0,0.8497431506849316,0.6384661836553013,0.16666666666666666,0.25654536485671997,0.019415151327848434,0,0,92,78,-1,perm_test,0.004975124378109453,0.015314458527793597,176,78,98,0.0,0.16666666666666666,0,0.0,0.0,0.0,0.0,0,none,0,1,0,overconfident,0.95,0,mild_drift,0.9607558367567153,0.0012922690143808446,0.8030899528414123,0.8564014651067606,1768132913.2109985,0.3177449107170105,0.14927485585212708
512,32768,32767,sea_abrupt4,sea,ts_drift_adapt,4,"error_divergence_ph_meta@error.threshold=0.10,error.min_instances=5",error_divergence_ph_meta,"{""divergence"": {""alpha"": 0.1, ""delta"": 0.005, ""min_instances"": 30, ""threshold"": 0.05}, ""error_rate"": {""alpha"": 0.15, ""delta"": 0.005, ""min_instances"": 5, ""threshold"": 0.1}}","{""error_rate"": {""min_instances"": 5, ""threshold"": 0.1}}",0.1,0.005,0.15,5,0.05,0.005,0.1,30,,,,-1,two_stage,2,0.5,"__confirm_cooldown=200,__confirm_rule=perm_test,__perm_alpha=0.01,__perm_delta_k=50,__perm_min_effect=0,__perm_n_perm=200,__perm_post_n=50,__perm_pre_n=200,__perm_rng_seed=0,__perm_stat=delta_fused_score,divergence=0.3,error_rate=0.5,teacher_entropy=0.2",3,0,200,0.0,0,10000,10.0,25.0,200,500,0,0,1.0,0.84991455078125,0.6390844801041746,0.16666666666666666,0.2098754644393921,0.008554267697036266,0,0,92,78,-1,perm_test,0.004975124378109453,0.015314458527793597,176,78,98,0.0,0.010860883630812168,0,0.0,0.0,0.0,0.0,0,none,0,1,0,overconfident,0.95,0,mild_drift,0.9605279183783576,0.0012961345071904225,0.8015449764207061,0.8557007325533803,1768132913.2219307,0.3610028922557831,0.10076886415481567
513,32832,32831,sea_abrupt4,sea,ts_drift_adapt,4,"error_divergence_ph_meta@error.threshold=0.10,error.min_instances=5",error_divergence_ph_meta,"{""divergence"": {""alpha"": 0.1, ""delta"": 0.005, ""min_instances"": 30, ""threshold"": 0.05}, ""error_rate"": {""alpha"": 0.15, ""delta"": 0.005, ""min_instances"": 5, ""threshold"": 0.1}}","{""error_rate"": {""min_instances"": 5, ""threshold"": 0.1}}",0.1,0.005,0.15,5,0.05,0.005,0.1,30,,,,-1,two_stage,2,0.5,"__confirm_cooldown=200,__confirm_rule=perm_test,__perm_alpha=0.01,__perm_delta_k=50,__perm_min_effect=0,__perm_n_perm=200,__perm_post_n=50,__perm_pre_n=200,__perm_rng_seed=0,__perm_stat=delta_fused_score,divergence=0.3,error_rate=0.5,teacher_entropy=0.2",3,0,200,0.0,0,10000,10.0,25.0,200,500,0,0,1.0,0.8500243664717348,0.6395970268750762,0.16666666666666666,0.24842871725559235,0.02130180038511753,0,0,92,78,-1,perm_test,0.004975124378109453,0.015314458527793597,176,78,98,0.0,0.012747532688081264,0,0.0,0.0,0.0,0.0,0,none,0,1,0,overconfident,0.95,0,mild_drift,0.9604139591891787,0.0012980672535952112,0.8007724882103531,0.8553503662766901,1768132913.2329657,0.35596561431884766,0.21989275515079498
514,32896,32895,sea_abrupt4,sea,ts_drift_adapt,4,"error_divergence_ph_meta@error.threshold=0.10,error.min_instances=5",error_divergence_ph_meta,"{""divergence"": {""alpha"": 0.1, ""delta"": 0.005, ""min_instances"": 30, ""threshold"": 0.05}, ""error_rate"": {""alpha"": 0.15, ""delta"": 0.005, ""min_instances"": 5, ""threshold"": 0.1}}","{""error_rate"": {""min_instances"": 5, ""threshold"": 0.1}}",0.1,0.005,0.15,5,0.05,0.005,0.1,30,,,,-1,two_stage,2,0.5,"__confirm_cooldown=200,__confirm_rule=perm_test,__perm_alpha=0.01,__perm_delta_k=50,__perm_min_effect=0,__perm_n_perm=200,__perm_post_n=50,__perm_pre_n=200,__perm_rng_seed=0,__perm_stat=delta_fused_score,divergence=0.3,error_rate=0.5,teacher_entropy=0.2",3,0,200,0.0,0,10000,10.0,25.0,200,500,0,0,1.0,0.850164153696498,0.6400611010284276,0.0,0.19610057771205902,0.00945835467427969,0,1,93,78,-1,perm_test,1.0,-0.10066968498491391,177,78,99,0.0,0.16666666666666666,1,0.5,0.0,0.0,0.0,0,none,0,1,0,overconfident,0.95,0,mild_drift,0.9603569795945893,0.0012990336267976058,0.8003862441051766,0.8551751831383451,1768132913.2440355,0.06827175617218018,0.10297013819217682
515,32960,32959,sea_abrupt4,sea,ts_drift_adapt,4,"error_divergence_ph_meta@error.threshold=0.10,error.min_instances=5",error_divergence_ph_meta,"{""divergence"": {""alpha"": 0.1, ""delta"": 0.005, ""min_instances"": 30, ""threshold"": 0.05}, ""error_rate"": {""alpha"": 0.15, ""delta"": 0.005, ""min_instances"": 5, ""threshold"": 0.1}}","{""error_rate"": {""min_instances"": 5, ""threshold"": 0.1}}",0.1,0.005,0.15,5,0.05,0.005,0.1,30,,,,-1,two_stage,2,0.5,"__confirm_cooldown=200,__confirm_rule=perm_test,__perm_alpha=0.01,__perm_delta_k=50,__perm_min_effect=0,__perm_n_perm=200,__perm_post_n=50,__perm_pre_n=200,__perm_rng_seed=0,__perm_stat=delta_fused_score,divergence=0.3,error_rate=0.5,teacher_entropy=0.2",3,0,200,0.0,0,10000,10.0,25.0,200,500,0,0,1.0,0.8503337378640776,0.6406440257340686,0.0,0.2513847351074219,0.024718130007386208,1,0,93,79,1,perm_test,0.004975124378109453,0.024495208642955426,178,79,99,0.0,0.015259775333106518,0,0.0,0.0,0.0,0.0,0,none,1,1,0,overconfident,0.95,0,stable,0.9751784897972946,0.0010495168133988029,0.9001931220525883,0.9000875915691726,1768132913.2606018,0.0748889371752739,0.20778286457061768
516,33024,33023,sea_abrupt4,sea,ts_drift_adapt,4,"error_divergence_ph_meta@error.threshold=0.10,error.min_instances=5",error_divergence_ph_meta,"{""divergence"": {""alpha"": 0.1, ""delta"": 0.005, ""min_instances"": 30, ""threshold"": 0.05}, ""error_rate"": {""alpha"": 0.15, ""delta"": 0.005, ""min_instances"": 5, ""threshold"": 0.1}}","{""error_rate"": {""min_instances"": 5, ""threshold"": 0.1}}",0.1,0.005,0.15,5,0.05,0.005,0.1,30,,,,-1,two_stage,2,0.5,"__confirm_cooldown=200,__confirm_rule=perm_test,__perm_alpha=0.01,__perm_delta_k=50,__perm_min_effect=0,__perm_n_perm=200,__perm_post_n=50,__perm_pre_n=200,__perm_rng_seed=0,__perm_stat=delta_fused_score,divergence=0.3,error_rate=0.5,teacher_entropy=0.2",3,0,200,0.0,0,10000,10.0,25.0,200,500,1,136,1.0,0.8504118217054264,0.6410188405643261,0.0,0.2315804660320282,0.03829875588417053,0,0,93,79,-1,perm_test,0.004975124378109453,0.024495208642955426,178,79,99,0.0,0.013580625876784325,0,0.0,0.0,0.0,0.0,0,none,0,1,0,overconfident,0.95,0,mild_drift,0.9677392448986473,0.0011747584066994015,0.8500965610262942,0.8775437957845863,1768132913.2712975,0.1469019055366516,0.28733909130096436
517,33088,33087,sea_abrupt4,sea,ts_drift_adapt,4,"error_divergence_ph_meta@error.threshold=0.10,error.min_instances=5",error_divergence_ph_meta,"{""divergence"": {""alpha"": 0.1, ""delta"": 0.005, ""min_instances"": 30, ""threshold"": 0.05}, ""error_rate"": {""alpha"": 0.15, ""delta"": 0.005, ""min_instances"": 5, ""threshold"": 0.1}}","{""error_rate"": {""min_instances"": 5, ""threshold"": 0.1}}",0.1,0.005,0.15,5,0.05,0.005,0.1,30,,,,-1,two_stage,2,0.5,"__confirm_cooldown=200,__confirm_rule=perm_test,__perm_alpha=0.01,__perm_delta_k=50,__perm_min_effect=0,__perm_n_perm=200,__perm_post_n=50,__perm_pre_n=200,__perm_rng_seed=0,__perm_stat=delta_fused_score,divergence=0.3,error_rate=0.5,teacher_entropy=0.2",3,0,200,0.0,0,10000,10.0,25.0,200,500,1,72,1.0,0.8505802707930368,0.6416393388496144,0.0,0.2898251712322235,0.03462246060371399,0,0,93,79,-1,perm_test,0.004975124378109453,0.024495208642955426,178,79,99,0.0,0.003676295280456543,0,0.0,0.0,0.0,0.0,0,none,0,1,0,overconfident,0.95,0,mild_drift,0.9640196224493236,0.0012373792033497008,0.8250482805131472,0.8662718978922932,1768132913.2819078,0.18512509763240814,0.2544114589691162
518,33152,33151,sea_abrupt4,sea,ts_drift_adapt,4,"error_divergence_ph_meta@error.threshold=0.10,error.min_instances=5",error_divergence_ph_meta,"{""divergence"": {""alpha"": 0.1, ""delta"": 0.005, ""min_instances"": 30, ""threshold"": 0.05}, ""error_rate"": {""alpha"": 0.15, ""delta"": 0.005, ""min_instances"": 5, ""threshold"": 0.1}}","{""error_rate"": {""min_instances"": 5, ""threshold"": 0.1}}",0.1,0.005,0.15,5,0.05,0.005,0.1,30,,,,-1,two_stage,2,0.5,"__confirm_cooldown=200,__confirm_rule=perm_test,__perm_alpha=0.01,__perm_delta_k=50,__perm_min_effect=0,__perm_n_perm=200,__perm_post_n=50,__perm_pre_n=200,__perm_rng_seed=0,__perm_stat=delta_fused_score,divergence=0.3,error_rate=0.5,teacher_entropy=0.2",3,0,200,0.0,0,10000,10.0,25.0,200,500,1,8,1.0,0.850567084942085,0.641920856478786,0.0,0.24044089019298553,0.02209535799920559,0,0,93,79,-1,perm_test,0.004975124378109453,0.024495208642955426,178,79,99,0.0,0.0125271026045084,0,0.0,0.0,0.0,0.0,0,none,0,1,0,overconfident,0.95,0,mild_drift,0.9621598112246618,0.0012686896016748505,0.8125241402565736,0.8606359489461466,1768132913.2937424,0.0560913123190403,0.1596834659576416
519,33216,33215,sea_abrupt4,sea,ts_drift_adapt,4,"error_divergence_ph_meta@error.threshold=0.10,error.min_instances=5",error_divergence_ph_meta,"{""divergence"": {""alpha"": 0.1, ""delta"": 0.005, ""min_instances"": 30, ""threshold"": 0.05}, ""error_rate"": {""alpha"": 0.15, ""delta"": 0.005, ""min_instances"": 5, ""threshold"": 0.1}}","{""error_rate"": {""min_instances"": 5, ""threshold"": 0.1}}",0.1,0.005,0.15,5,0.05,0.005,0.1,30,,,,-1,two_stage,2,0.5,"__confirm_cooldown=200,__confirm_rule=perm_test,__perm_alpha=0.01,__perm_delta_k=50,__perm_min_effect=0,__perm_n_perm=200,__perm_post_n=50,__perm_pre_n=200,__perm_rng_seed=0,__perm_stat=delta_fused_score,divergence=0.3,error_rate=0.5,teacher_entropy=0.2",3,0,200,0.0,0,10000,10.0,25.0,200,500,0,0,1.0,0.8504636319845857,0.6417442999420568,0.3333333333333333,0.2690602242946625,0.01646222174167633,1,1,94,80,0,perm_test,0.004975124378109453,0.1079683099788673,179,80,99,0.3333333333333333,0.3333333333333333,1,0.5,0.0,0.0,0.0,0,none,1,1,0,overconfident,0.95,0,severe_drift,0.926579905612331,0.0016343448008374253,0.6562620701282869,0.8353179744730733,1768132913.3131003,0.7006387114524841,0.18389365077018738
520,33280,33279,sea_abrupt4,sea,ts_drift_adapt,4,"error_divergence_ph_meta@error.threshold=0.10,error.min_instances=5",error_divergence_ph_meta,"{""divergence"": {""alpha"": 0.1, ""delta"": 0.005, ""min_instances"": 30, ""threshold"": 0.05}, ""error_rate"": {""alpha"": 0.15, ""delta"": 0.005, ""min_instances"": 5, ""threshold"": 0.1}}","{""error_rate"": {""min_instances"": 5, ""threshold"": 0.1}}",0.1,0.005,0.15,5,0.05,0.005,0.1,30,,,,-1,two_stage,2,0.5,"__confirm_cooldown=200,__confirm_rule=perm_test,__perm_alpha=0.01,__perm_delta_k=50,__perm_min_effect=0,__perm_n_perm=200,__perm_post_n=50,__perm_pre_n=200,__perm_rng_seed=0,__perm_stat=delta_fused_score,divergence=0.3,error_rate=0.5,teacher_entropy=0.2",3,0,200,0.0,0,10000,10.0,25.0,200,500,1,136,1.0,0.8505408653846154,0.6421626160830133,0.0,0.2493324875831604,0.013854646123945713,0,0,94,80,-1,perm_test,0.004975124378109453,0.1079683099788673,179,80,99,0.0,0.3333333333333333,0,0.0,0.0,0.0,0.0,0,none,0,1,0,overconfident,0.95,0,mild_drift,0.9434399528061654,0.0014671724004187126,0.7281310350641435,0.8451589872365366,1768132913.3264692,0.07227719575166702,0.14660406112670898
521,33344,33343,sea_abrupt4,sea,ts_drift_adapt,4,"error_divergence_ph_meta@error.threshold=0.10,error.min_instances=5",error_divergence_ph_meta,"{""divergence"": {""alpha"": 0.1, ""delta"": 0.005, ""min_instances"": 30, ""threshold"": 0.05}, ""error_rate"": {""alpha"": 0.15, ""delta"": 0.005, ""min_instances"": 5, ""threshold"": 0.1}}","{""error_rate"": {""min_instances"": 5, ""threshold"": 0.1}}",0.1,0.005,0.15,5,0.05,0.005,0.1,30,,,,-1,two_stage,2,0.5,"__confirm_cooldown=200,__confirm_rule=perm_test,__perm_alpha=0.01,__perm_delta_k=50,__perm_min_effect=0,__perm_n_perm=200,__perm_post_n=50,__perm_pre_n=200,__perm_rng_seed=0,__perm_stat=delta_fused_score,divergence=0.3,error_rate=0.5,teacher_entropy=0.2",3,0,200,0.0,0,10000,10.0,25.0,200,500,1,72,1.0,0.850647792706334,0.6424678912593488,0.16666666666666666,0.20645417273044586,0.01210310123860836,0,0,94,80,-1,perm_test,0.004975124378109453,0.1079683099788673,179,80,99,0.0,0.16666666666666666,0,0.0,0.0,0.0,0.0,0,none,0,1,0,overconfident,0.95,0,mild_drift,0.9518699764030827,0.0013835862002093565,0.7640655175320717,0.8500794936182683,1768132913.337712,0.3185487687587738,0.11144993454217911
522,33408,33407,sea_abrupt4,sea,ts_drift_adapt,4,"error_divergence_ph_meta@error.threshold=0.10,error.min_instances=5",error_divergence_ph_meta,"{""divergence"": {""alpha"": 0.1, ""delta"": 0.005, ""min_instances"": 30, ""threshold"": 0.05}, ""error_rate"": {""alpha"": 0.15, ""delta"": 0.005, ""min_instances"": 5, ""threshold"": 0.1}}","{""error_rate"": {""min_instances"": 5, ""threshold"": 0.1}}",0.1,0.005,0.15,5,0.05,0.005,0.1,30,,,,-1,two_stage,2,0.5,"__confirm_cooldown=200,__confirm_rule=perm_test,__perm_alpha=0.01,__perm_delta_k=50,__perm_min_effect=0,__perm_n_perm=200,__perm_post_n=50,__perm_pre_n=200,__perm_rng_seed=0,__perm_stat=delta_fused_score,divergence=0.3,error_rate=0.5,teacher_entropy=0.2",3,0,200,0.0,0,10000,10.0,25.0,200,500,1,8,1.0,0.850514846743295,0.6423422791778451,0.16666666666666666,0.25623619556427,0.015338469296693802,0,0,94,80,-1,perm_test,0.004975124378109453,0.1079683099788673,179,80,99,0.0,0.0032353680580854416,0,0.0,0.0,0.0,0.0,0,none,0,1,0,overconfident,0.95,0,mild_drift,0.9560849882015413,0.0013417931001046784,0.7820327587660358,0.8525397468091341,1768132913.3480353,0.16232001781463623,0.12683790922164917
523,33472,33471,sea_abrupt4,sea,ts_drift_adapt,4,"error_divergence_ph_meta@error.threshold=0.10,error.min_instances=5",error_divergence_ph_meta,"{""divergence"": {""alpha"": 0.1, ""delta"": 0.005, ""min_instances"": 30, ""threshold"": 0.05}, ""error_rate"": {""alpha"": 0.15, ""delta"": 0.005, ""min_instances"": 5, ""threshold"": 0.1}}","{""error_rate"": {""min_instances"": 5, ""threshold"": 0.1}}",0.1,0.005,0.15,5,0.05,0.005,0.1,30,,,,-1,two_stage,2,0.5,"__confirm_cooldown=200,__confirm_rule=perm_test,__perm_alpha=0.01,__perm_delta_k=50,__perm_min_effect=0,__perm_n_perm=200,__perm_post_n=50,__perm_pre_n=200,__perm_rng_seed=0,__perm_stat=delta_fused_score,divergence=0.3,error_rate=0.5,teacher_entropy=0.2",3,0,200,0.0,0,10000,10.0,25.0,200,500,0,0,1.0,0.8505915391969407,0.6426290563984511,0.0,0.2575864791870117,0.00995374470949173,0,0,94,80,-1,perm_test,0.004975124378109453,0.1079683099788673,179,80,99,0.0,0.16666666666666666,0,0.0,0.0,0.0,0.0,0,none,0,1,0,overconfident,0.95,0,mild_drift,0.9581924941007707,0.0013208965500523394,0.7910163793830179,0.8537698734045671,1768132913.3583941,0.08780532330274582,0.10239776968955994
524,33536,33535,sea_abrupt4,sea,ts_drift_adapt,4,"error_divergence_ph_meta@error.threshold=0.10,error.min_instances=5",error_divergence_ph_meta,"{""divergence"": {""alpha"": 0.1, ""delta"": 0.005, ""min_instances"": 30, ""threshold"": 0.05}, ""error_rate"": {""alpha"": 0.15, ""delta"": 0.005, ""min_instances"": 5, ""threshold"": 0.1}}","{""error_rate"": {""min_instances"": 5, ""threshold"": 0.1}}",0.1,0.005,0.15,5,0.05,0.005,0.1,30,,,,-1,two_stage,2,0.5,"__confirm_cooldown=200,__confirm_rule=perm_test,__perm_alpha=0.01,__perm_delta_k=50,__perm_min_effect=0,__perm_n_perm=200,__perm_post_n=50,__perm_pre_n=200,__perm_rng_seed=0,__perm_stat=delta_fused_score,divergence=0.3,error_rate=0.5,teacher_entropy=0.2",3,0,200,0.0,0,10000,10.0,25.0,200,500,0,0,1.0,0.8507573950381679,0.6430067269139266,0.16666666666666666,0.1863347738981247,0.008678225800395012,1,1,95,81,0,perm_test,0.004975124378109453,0.039734754084697,180,81,99,0.16666666666666666,0.16666666666666666,1,0.5,0.0,0.0,0.0,0,none,1,1,0,overconfident,0.95,0,severe_drift,0.9245962470503853,0.0016604482750261697,0.6455081896915089,0.8318849367022836,1768132913.3744998,0.33090490102767944,0.10342753678560257
525,33600,33599,sea_abrupt4,sea,ts_drift_adapt,4,"error_divergence_ph_meta@error.threshold=0.10,error.min_instances=5",error_divergence_ph_meta,"{""divergence"": {""alpha"": 0.1, ""delta"": 0.005, ""min_instances"": 30, ""threshold"": 0.05}, ""error_rate"": {""alpha"": 0.15, ""delta"": 0.005, ""min_instances"": 5, ""threshold"": 0.1}}","{""error_rate"": {""min_instances"": 5, ""threshold"": 0.1}}",0.1,0.005,0.15,5,0.05,0.005,0.1,30,,,,-1,two_stage,2,0.5,"__confirm_cooldown=200,__confirm_rule=perm_test,__perm_alpha=0.01,__perm_delta_k=50,__perm_min_effect=0,__perm_n_perm=200,__perm_post_n=50,__perm_pre_n=200,__perm_rng_seed=0,__perm_stat=delta_fused_score,divergence=0.3,error_rate=0.5,teacher_entropy=0.2",3,0,200,0.0,0,10000,10.0,25.0,200,500,1,136,1.0,0.8507440476190476,0.6430647928147282,0.16666666666666666,0.25897490978240967,0.014126535505056381,0,0,95,81,-1,perm_test,0.004975124378109453,0.039734754084697,180,81,99,0.0,0.005448309704661369,0,0.0,0.0,0.0,0.0,0,none,0,1,0,overconfident,0.95,0,mild_drift,0.9424481235251927,0.001480224137513085,0.7227540948457545,0.8434424683511418,1768132913.3850255,0.16981488466262817,0.1675826609134674
526,33664,33663,sea_abrupt4,sea,ts_drift_adapt,4,"error_divergence_ph_meta@error.threshold=0.10,error.min_instances=5",error_divergence_ph_meta,"{""divergence"": {""alpha"": 0.1, ""delta"": 0.005, ""min_instances"": 30, ""threshold"": 0.05}, ""error_rate"": {""alpha"": 0.15, ""delta"": 0.005, ""min_instances"": 5, ""threshold"": 0.1}}","{""error_rate"": {""min_instances"": 5, ""threshold"": 0.1}}",0.1,0.005,0.15,5,0.05,0.005,0.1,30,,,,-1,two_stage,2,0.5,"__confirm_cooldown=200,__confirm_rule=perm_test,__perm_alpha=0.01,__perm_delta_k=50,__perm_min_effect=0,__perm_n_perm=200,__perm_post_n=50,__perm_pre_n=200,__perm_rng_seed=0,__perm_stat=delta_fused_score,divergence=0.3,error_rate=0.5,teacher_entropy=0.2",3,0,200,0.0,0,10000,10.0,25.0,200,500,1,72,1.0,0.8507307509505704,0.643130738429187,0.0,0.21881113946437836,0.008187473751604557,0,0,95,81,-1,perm_test,0.004975124378109453,0.039734754084697,180,81,99,0.0,0.16666666666666666,0,0.0,0.0,0.0,0.0,0,none,0,1,0,overconfident,0.95,0,mild_drift,0.9513740617625963,0.0013901120687565425,0.7613770474228773,0.8492212341755709,1768132913.3954637,0.04806666076183319,0.08465234935283661
527,33728,33727,sea_abrupt4,sea,ts_drift_adapt,4,"error_divergence_ph_meta@error.threshold=0.10,error.min_instances=5",error_divergence_ph_meta,"{""divergence"": {""alpha"": 0.1, ""delta"": 0.005, ""min_instances"": 30, ""threshold"": 0.05}, ""error_rate"": {""alpha"": 0.15, ""delta"": 0.005, ""min_instances"": 5, ""threshold"": 0.1}}","{""error_rate"": {""min_instances"": 5, ""threshold"": 0.1}}",0.1,0.005,0.15,5,0.05,0.005,0.1,30,,,,-1,two_stage,2,0.5,"__confirm_cooldown=200,__confirm_rule=perm_test,__perm_alpha=0.01,__perm_delta_k=50,__perm_min_effect=0,__perm_n_perm=200,__perm_post_n=50,__perm_pre_n=200,__perm_rng_seed=0,__perm_stat=delta_fused_score,divergence=0.3,error_rate=0.5,teacher_entropy=0.2",3,0,200,0.0,0,10000,10.0,25.0,200,500,1,8,1.0,0.850717504743833,0.6433628788705329,0.16666666666666666,0.2370752990245819,0.02010408602654934,0,0,95,81,-1,perm_test,0.004975124378109453,0.039734754084697,180,81,99,0.0,0.16666666666666666,0,0.0,0.0,0.0,0.0,0,none,0,1,0,overconfident,0.95,0,mild_drift,0.9558370308812981,0.0013450560343782714,0.7806885237114387,0.8521106170877855,1768132913.406022,0.5995051264762878,0.15693160891532898
528,33792,33791,sea_abrupt4,sea,ts_drift_adapt,4,"error_divergence_ph_meta@error.threshold=0.10,error.min_instances=5",error_divergence_ph_meta,"{""divergence"": {""alpha"": 0.1, ""delta"": 0.005, ""min_instances"": 30, ""threshold"": 0.05}, ""error_rate"": {""alpha"": 0.15, ""delta"": 0.005, ""min_instances"": 5, ""threshold"": 0.1}}","{""error_rate"": {""min_instances"": 5, ""threshold"": 0.1}}",0.1,0.005,0.15,5,0.05,0.005,0.1,30,,,,-1,two_stage,2,0.5,"__confirm_cooldown=200,__confirm_rule=perm_test,__perm_alpha=0.01,__perm_delta_k=50,__perm_min_effect=0,__perm_n_perm=200,__perm_post_n=50,__perm_pre_n=200,__perm_rng_seed=0,__perm_stat=delta_fused_score,divergence=0.3,error_rate=0.5,teacher_entropy=0.2",3,0,200,0.0,0,10000,10.0,25.0,200,500,0,0,1.0,0.8507043087121212,0.6434898641169479,0.16666666666666666,0.25368252396583557,0.011004900559782982,0,0,95,81,-1,perm_test,0.004975124378109453,0.039734754084697,180,81,99,0.0,0.009099185466766357,0,0.0,0.0,0.0,0.0,0,none,0,1,0,overconfident,0.95,0,mild_drift,0.958068515440649,0.0013225280171891359,0.7903442618557194,0.8535553085438927,1768132913.4167185,0.6972823143005371,0.08324349671602249
529,33856,33855,sea_abrupt4,sea,ts_drift_adapt,4,"error_divergence_ph_meta@error.threshold=0.10,error.min_instances=5",error_divergence_ph_meta,"{""divergence"": {""alpha"": 0.1, ""delta"": 0.005, ""min_instances"": 30, ""threshold"": 0.05}, ""error_rate"": {""alpha"": 0.15, ""delta"": 0.005, ""min_instances"": 5, ""threshold"": 0.1}}","{""error_rate"": {""min_instances"": 5, ""threshold"": 0.1}}",0.1,0.005,0.15,5,0.05,0.005,0.1,30,,,,-1,two_stage,2,0.5,"__confirm_cooldown=200,__confirm_rule=perm_test,__perm_alpha=0.01,__perm_delta_k=50,__perm_min_effect=0,__perm_n_perm=200,__perm_post_n=50,__perm_pre_n=200,__perm_rng_seed=0,__perm_stat=delta_fused_score,divergence=0.3,error_rate=0.5,teacher_entropy=0.2",3,0,200,0.0,0,10000,10.0,25.0,200,500,0,0,1.0,0.850750236294896,0.6436664046524552,0.3333333333333333,0.19685009121894836,0.014995676465332508,1,1,96,82,0,perm_test,0.004975124378109453,0.06532322751954815,181,82,99,0.16666666666666666,0.16666666666666666,1,0.5,0.0,0.0,0.0,0,none,1,1,0,overconfident,0.95,0,severe_drift,0.9245342577203245,0.001661264008594568,0.6451721309278597,0.8317776542719464,1768132913.433482,0.817411482334137,0.12691466510295868
530,33920,33919,sea_abrupt4,sea,ts_drift_adapt,4,"error_divergence_ph_meta@error.threshold=0.10,error.min_instances=5",error_divergence_ph_meta,"{""divergence"": {""alpha"": 0.1, ""delta"": 0.005, ""min_instances"": 30, ""threshold"": 0.05}, ""error_rate"": {""alpha"": 0.15, ""delta"": 0.005, ""min_instances"": 5, ""threshold"": 0.1}}","{""error_rate"": {""min_instances"": 5, ""threshold"": 0.1}}",0.1,0.005,0.15,5,0.05,0.005,0.1,30,,,,-1,two_stage,2,0.5,"__confirm_cooldown=200,__confirm_rule=perm_test,__perm_alpha=0.01,__perm_delta_k=50,__perm_min_effect=0,__perm_n_perm=200,__perm_post_n=50,__perm_pre_n=200,__perm_rng_seed=0,__perm_stat=delta_fused_score,divergence=0.3,error_rate=0.5,teacher_entropy=0.2",3,0,200,0.0,0,10000,10.0,25.0,200,500,1,136,1.0,0.8508549528301886,0.6440035099830337,0.0,0.2662012577056885,0.012413008138537407,0,0,96,82,-1,perm_test,0.004975124378109453,0.06532322751954815,181,82,99,0.0,0.3333333333333333,0,0.0,0.0,0.0,0.0,0,none,0,1,0,overconfident,0.95,0,mild_drift,0.9424171288601622,0.001480632004297284,0.7225860654639299,0.8433888271359732,1768132913.4442172,0.17401914298534393,0.11840462684631348
531,33984,33983,sea_abrupt4,sea,ts_drift_adapt,4,"error_divergence_ph_meta@error.threshold=0.10,error.min_instances=5",error_divergence_ph_meta,"{""divergence"": {""alpha"": 0.1, ""delta"": 0.005, ""min_instances"": 30, ""threshold"": 0.05}, ""error_rate"": {""alpha"": 0.15, ""delta"": 0.005, ""min_instances"": 5, ""threshold"": 0.1}}","{""error_rate"": {""min_instances"": 5, ""threshold"": 0.1}}",0.1,0.005,0.15,5,0.05,0.005,0.1,30,,,,-1,two_stage,2,0.5,"__confirm_cooldown=200,__confirm_rule=perm_test,__perm_alpha=0.01,__perm_delta_k=50,__perm_min_effect=0,__perm_n_perm=200,__perm_post_n=50,__perm_pre_n=200,__perm_rng_seed=0,__perm_stat=delta_fused_score,divergence=0.3,error_rate=0.5,teacher_entropy=0.2",3,0,200,0.0,0,10000,10.0,25.0,200,500,1,72,1.0,0.850959274952919,0.6444415741988837,0.0,0.24972321093082428,0.021252289414405823,0,0,96,82,-1,perm_test,0.004975124378109453,0.06532322751954815,181,82,99,0.0,0.008839281275868416,0,0.0,0.0,0.0,0.0,0,none,0,1,0,overconfident,0.95,0,mild_drift,0.951358564430081,0.001390316002148642,0.7612930327319649,0.8491944135679865,1768132913.4547453,0.12413360923528671,0.1565905660390854
532,34048,34047,sea_abrupt4,sea,ts_drift_adapt,4,"error_divergence_ph_meta@error.threshold=0.10,error.min_instances=5",error_divergence_ph_meta,"{""divergence"": {""alpha"": 0.1, ""delta"": 0.005, ""min_instances"": 30, ""threshold"": 0.05}, ""error_rate"": {""alpha"": 0.15, ""delta"": 0.005, ""min_instances"": 5, ""threshold"": 0.1}}","{""error_rate"": {""min_instances"": 5, ""threshold"": 0.1}}",0.1,0.005,0.15,5,0.05,0.005,0.1,30,,,,-1,two_stage,2,0.5,"__confirm_cooldown=200,__confirm_rule=perm_test,__perm_alpha=0.01,__perm_delta_k=50,__perm_min_effect=0,__perm_n_perm=200,__perm_post_n=50,__perm_pre_n=200,__perm_rng_seed=0,__perm_stat=delta_fused_score,divergence=0.3,error_rate=0.5,teacher_entropy=0.2",3,0,200,0.0,0,10000,10.0,25.0,200,500,1,8,1.0,0.8510338345864662,0.6447910128297056,0.0,0.292428195476532,0.02647949755191803,0,0,96,82,-1,perm_test,0.004975124378109453,0.06532322751954815,181,82,99,0.0,0.005227208137512207,0,0.0,0.0,0.0,0.0,0,none,0,1,0,overconfident,0.95,0,mild_drift,0.9558292822150405,0.0013451580010743211,0.7806465163659825,0.8520972067839933,1768132913.4653847,0.14574375748634338,0.27535465359687805
533,34112,34111,sea_abrupt4,sea,ts_drift_adapt,4,"error_divergence_ph_meta@error.threshold=0.10,error.min_instances=5",error_divergence_ph_meta,"{""divergence"": {""alpha"": 0.1, ""delta"": 0.005, ""min_instances"": 30, ""threshold"": 0.05}, ""error_rate"": {""alpha"": 0.15, ""delta"": 0.005, ""min_instances"": 5, ""threshold"": 0.1}}","{""error_rate"": {""min_instances"": 5, ""threshold"": 0.1}}",0.1,0.005,0.15,5,0.05,0.005,0.1,30,,,,-1,two_stage,2,0.5,"__confirm_cooldown=200,__confirm_rule=perm_test,__perm_alpha=0.01,__perm_delta_k=50,__perm_min_effect=0,__perm_n_perm=200,__perm_post_n=50,__perm_pre_n=200,__perm_rng_seed=0,__perm_stat=delta_fused_score,divergence=0.3,error_rate=0.5,teacher_entropy=0.2",3,0,200,0.0,0,10000,10.0,25.0,200,500,0,0,1.0,0.8511081144465291,0.6450939886909154,0.0,0.30865153670310974,0.033591847866773605,0,0,96,82,-1,perm_test,0.004975124378109453,0.06532322751954815,181,82,99,0.0,0.0071123503148555756,0,0.0,0.0,0.0,0.0,0,none,0,1,0,overconfident,0.95,0,mild_drift,0.9580646411075202,0.0013225790005371605,0.7903232581829913,0.8535486033919966,1768132913.4764447,0.2515043318271637,0.2632758319377899
534,34176,34175,sea_abrupt4,sea,ts_drift_adapt,4,"error_divergence_ph_meta@error.threshold=0.10,error.min_instances=5",error_divergence_ph_meta,"{""divergence"": {""alpha"": 0.1, ""delta"": 0.005, ""min_instances"": 30, ""threshold"": 0.05}, ""error_rate"": {""alpha"": 0.15, ""delta"": 0.005, ""min_instances"": 5, ""threshold"": 0.1}}","{""error_rate"": {""min_instances"": 5, ""threshold"": 0.1}}",0.1,0.005,0.15,5,0.05,0.005,0.1,30,,,,-1,two_stage,2,0.5,"__confirm_cooldown=200,__confirm_rule=perm_test,__perm_alpha=0.01,__perm_delta_k=50,__perm_min_effect=0,__perm_n_perm=200,__perm_post_n=50,__perm_pre_n=200,__perm_rng_seed=0,__perm_stat=delta_fused_score,divergence=0.3,error_rate=0.5,teacher_entropy=0.2",3,0,200,0.0,0,10000,10.0,25.0,200,500,0,0,1.0,0.8511528558052435,0.6453581069506626,0.16666666666666666,0.2574913501739502,0.020060252398252487,1,1,97,83,0,perm_test,0.004975124378109453,0.05584889780937137,182,83,99,0.16666666666666666,0.16666666666666666,1,0.5,0.0,0.0,0.0,0,none,1,1,0,overconfident,0.95,0,severe_drift,0.9245323205537601,0.0016612895002685803,0.6451616290914957,0.8317743016959983,1768132913.493314,0.23256200551986694,0.17972518503665924
535,34240,34239,sea_abrupt4,sea,ts_drift_adapt,4,"error_divergence_ph_meta@error.threshold=0.10,error.min_instances=5",error_divergence_ph_meta,"{""divergence"": {""alpha"": 0.1, ""delta"": 0.005, ""min_instances"": 30, ""threshold"": 0.05}, ""error_rate"": {""alpha"": 0.15, ""delta"": 0.005, ""min_instances"": 5, ""threshold"": 0.1}}","{""error_rate"": {""min_instances"": 5, ""threshold"": 0.1}}",0.1,0.005,0.15,5,0.05,0.005,0.1,30,,,,-1,two_stage,2,0.5,"__confirm_cooldown=200,__confirm_rule=perm_test,__perm_alpha=0.01,__perm_delta_k=50,__perm_min_effect=0,__perm_n_perm=200,__perm_post_n=50,__perm_pre_n=200,__perm_rng_seed=0,__perm_stat=delta_fused_score,divergence=0.3,error_rate=0.5,teacher_entropy=0.2",3,0,200,0.0,0,10000,10.0,25.0,200,500,1,136,1.0,0.8511682242990655,0.6456517741721995,0.0,0.27266010642051697,0.030610186979174614,0,0,97,83,-1,perm_test,0.004975124378109453,0.05584889780937137,182,83,99,0.0,0.16666666666666666,0,0.0,0.0,0.0,0.0,0,none,0,1,0,overconfident,0.95,0,mild_drift,0.94241616027688,0.0014806447501342903,0.7225808145457479,0.8433871508479991,1768132913.5048423,0.31170326471328735,0.28021883964538574
536,34304,34303,sea_abrupt4,sea,ts_drift_adapt,4,"error_divergence_ph_meta@error.threshold=0.10,error.min_instances=5",error_divergence_ph_meta,"{""divergence"": {""alpha"": 0.1, ""delta"": 0.005, ""min_instances"": 30, ""threshold"": 0.05}, ""error_rate"": {""alpha"": 0.15, ""delta"": 0.005, ""min_instances"": 5, ""threshold"": 0.1}}","{""error_rate"": {""min_instances"": 5, ""threshold"": 0.1}}",0.1,0.005,0.15,5,0.05,0.005,0.1,30,,,,-1,two_stage,2,0.5,"__confirm_cooldown=200,__confirm_rule=perm_test,__perm_alpha=0.01,__perm_delta_k=50,__perm_min_effect=0,__perm_n_perm=200,__perm_post_n=50,__perm_pre_n=200,__perm_rng_seed=0,__perm_stat=delta_fused_score,divergence=0.3,error_rate=0.5,teacher_entropy=0.2",3,0,200,0.0,0,10000,10.0,25.0,200,500,1,72,1.0,0.8513584421641791,0.6461515917663133,0.0,0.23716476559638977,0.016764646396040916,0,0,97,83,-1,perm_test,0.004975124378109453,0.05584889780937137,182,83,99,0.0,0.013845540583133698,0,0.0,0.0,0.0,0.0,0,none,0,1,0,overconfident,0.95,0,mild_drift,0.95135808013844,0.0013903223750671451,0.7612904072728739,0.8491935754239995,1768132913.518176,0.22138762474060059,0.14713624119758606
537,34368,34367,sea_abrupt4,sea,ts_drift_adapt,4,"error_divergence_ph_meta@error.threshold=0.10,error.min_instances=5",error_divergence_ph_meta,"{""divergence"": {""alpha"": 0.1, ""delta"": 0.005, ""min_instances"": 30, ""threshold"": 0.05}, ""error_rate"": {""alpha"": 0.15, ""delta"": 0.005, ""min_instances"": 5, ""threshold"": 0.1}}","{""error_rate"": {""min_instances"": 5, ""threshold"": 0.1}}",0.1,0.005,0.15,5,0.05,0.005,0.1,30,,,,-1,two_stage,2,0.5,"__confirm_cooldown=200,__confirm_rule=perm_test,__perm_alpha=0.01,__perm_delta_k=50,__perm_min_effect=0,__perm_n_perm=200,__perm_post_n=50,__perm_pre_n=200,__perm_rng_seed=0,__perm_stat=delta_fused_score,divergence=0.3,error_rate=0.5,teacher_entropy=0.2",3,0,200,0.0,0,10000,10.0,25.0,200,500,1,8,1.0,0.8513151769087524,0.6461552864134834,0.16666666666666666,0.2304924577474594,0.020460428670048714,0,0,97,83,-1,perm_test,0.004975124378109453,0.05584889780937137,182,83,99,0.0,0.16666666666666666,0,0.0,0.0,0.0,0.0,0,none,0,1,0,overconfident,0.95,0,mild_drift,0.95582904006922,0.0013451611875335725,0.780645203636437,0.8520967877119998,1768132913.531514,0.21094393730163574,0.16819696128368378
538,34432,34431,sea_abrupt4,sea,ts_drift_adapt,4,"error_divergence_ph_meta@error.threshold=0.10,error.min_instances=5",error_divergence_ph_meta,"{""divergence"": {""alpha"": 0.1, ""delta"": 0.005, ""min_instances"": 30, ""threshold"": 0.05}, ""error_rate"": {""alpha"": 0.15, ""delta"": 0.005, ""min_instances"": 5, ""threshold"": 0.1}}","{""error_rate"": {""min_instances"": 5, ""threshold"": 0.1}}",0.1,0.005,0.15,5,0.05,0.005,0.1,30,,,,-1,two_stage,2,0.5,"__confirm_cooldown=200,__confirm_rule=perm_test,__perm_alpha=0.01,__perm_delta_k=50,__perm_min_effect=0,__perm_n_perm=200,__perm_post_n=50,__perm_pre_n=200,__perm_rng_seed=0,__perm_stat=delta_fused_score,divergence=0.3,error_rate=0.5,teacher_entropy=0.2",3,0,200,0.0,0,10000,10.0,25.0,200,500,0,0,1.0,0.8515044144981413,0.6467435330447993,0.0,0.2703707814216614,0.02980159968137741,0,0,97,83,-1,perm_test,0.004975124378109453,0.05584889780937137,182,83,99,0.0,0.16666666666666666,0,0.0,0.0,0.0,0.0,0,none,0,1,0,overconfident,0.95,0,mild_drift,0.95806452003461,0.0013225805937667865,0.7903226018182186,0.8535483938559999,1768132913.5449142,0.16813801229000092,0.3354601263999939
539,34496,34495,sea_abrupt4,sea,ts_drift_adapt,4,"error_divergence_ph_meta@error.threshold=0.10,error.min_instances=5",error_divergence_ph_meta,"{""divergence"": {""alpha"": 0.1, ""delta"": 0.005, ""min_instances"": 30, ""threshold"": 0.05}, ""error_rate"": {""alpha"": 0.15, ""delta"": 0.005, ""min_instances"": 5, ""threshold"": 0.1}}","{""error_rate"": {""min_instances"": 5, ""threshold"": 0.1}}",0.1,0.005,0.15,5,0.05,0.005,0.1,30,,,,-1,two_stage,2,0.5,"__confirm_cooldown=200,__confirm_rule=perm_test,__perm_alpha=0.01,__perm_delta_k=50,__perm_min_effect=0,__perm_n_perm=200,__perm_post_n=50,__perm_pre_n=200,__perm_rng_seed=0,__perm_stat=delta_fused_score,divergence=0.3,error_rate=0.5,teacher_entropy=0.2",3,0,200,0.0,0,10000,10.0,25.0,200,500,0,0,1.0,0.8515190166975881,0.6469232324830964,0.16666666666666666,0.3250868618488312,0.028980694711208344,1,1,98,84,0,perm_test,0.004975124378109453,0.03986359681089169,183,84,99,0.0,0.16666666666666666,1,0.5,0.0,0.0,0.0,0,none,1,1,0,overconfident,0.95,0,stable,0.974032260017305,0.0010612902968833932,0.8951613009091093,0.899274196928,1768132913.5614994,0.28047963976860046,0.1873297244310379
540,34560,34559,sea_abrupt4,sea,ts_drift_adapt,4,"error_divergence_ph_meta@error.threshold=0.10,error.min_instances=5",error_divergence_ph_meta,"{""divergence"": {""alpha"": 0.1, ""delta"": 0.005, ""min_instances"": 30, ""threshold"": 0.05}, ""error_rate"": {""alpha"": 0.15, ""delta"": 0.005, ""min_instances"": 5, ""threshold"": 0.1}}","{""error_rate"": {""min_instances"": 5, ""threshold"": 0.1}}",0.1,0.005,0.15,5,0.05,0.005,0.1,30,,,,-1,two_stage,2,0.5,"__confirm_cooldown=200,__confirm_rule=perm_test,__perm_alpha=0.01,__perm_delta_k=50,__perm_min_effect=0,__perm_n_perm=200,__perm_post_n=50,__perm_pre_n=200,__perm_rng_seed=0,__perm_stat=delta_fused_score,divergence=0.3,error_rate=0.5,teacher_entropy=0.2",3,0,200,0.0,0,10000,10.0,25.0,200,500,1,136,1.0,0.8515335648148148,0.6471849171150957,0.0,0.21812863647937775,0.03626171126961708,0,0,98,84,-1,perm_test,0.004975124378109453,0.03986359681089169,183,84,99,0.0,0.16666666666666666,0,0.0,0.0,0.0,0.0,0,none,0,1,0,overconfident,0.95,0,mild_drift,0.9671661300086525,0.0011806451484416966,0.8475806504545547,0.877137098464,1768132913.5720627,0.12344806641340256,0.30368706583976746
541,34624,34623,sea_abrupt4,sea,ts_drift_adapt,4,"error_divergence_ph_meta@error.threshold=0.10,error.min_instances=5",error_divergence_ph_meta,"{""divergence"": {""alpha"": 0.1, ""delta"": 0.005, ""min_instances"": 30, ""threshold"": 0.05}, ""error_rate"": {""alpha"": 0.15, ""delta"": 0.005, ""min_instances"": 5, ""threshold"": 0.1}}","{""error_rate"": {""min_instances"": 5, ""threshold"": 0.1}}",0.1,0.005,0.15,5,0.05,0.005,0.1,30,,,,-1,two_stage,2,0.5,"__confirm_cooldown=200,__confirm_rule=perm_test,__perm_alpha=0.01,__perm_delta_k=50,__perm_min_effect=0,__perm_n_perm=200,__perm_post_n=50,__perm_pre_n=200,__perm_rng_seed=0,__perm_stat=delta_fused_score,divergence=0.3,error_rate=0.5,teacher_entropy=0.2",3,0,200,0.0,0,10000,10.0,25.0,200,500,1,72,1.0,0.8516347042513863,0.647572179769014,0.16666666666666666,0.23178738355636597,0.02564220316708088,0,0,98,84,-1,perm_test,0.004975124378109453,0.03986359681089169,183,84,99,0.0,0.16666666666666666,0,0.0,0.0,0.0,0.0,0,none,0,1,0,overconfident,0.95,0,mild_drift,0.9637330650043262,0.0012403225742208483,0.8237903252272774,0.8660685492319999,1768132913.5823498,0.1892574280500412,0.21628539264202118
542,34688,34687,sea_abrupt4,sea,ts_drift_adapt,4,"error_divergence_ph_meta@error.threshold=0.10,error.min_instances=5",error_divergence_ph_meta,"{""divergence"": {""alpha"": 0.1, ""delta"": 0.005, ""min_instances"": 30, ""threshold"": 0.05}, ""error_rate"": {""alpha"": 0.15, ""delta"": 0.005, ""min_instances"": 5, ""threshold"": 0.1}}","{""error_rate"": {""min_instances"": 5, ""threshold"": 0.1}}",0.1,0.005,0.15,5,0.05,0.005,0.1,30,,,,-1,two_stage,2,0.5,"__confirm_cooldown=200,__confirm_rule=perm_test,__perm_alpha=0.01,__perm_delta_k=50,__perm_min_effect=0,__perm_n_perm=200,__perm_post_n=50,__perm_pre_n=200,__perm_rng_seed=0,__perm_stat=delta_fused_score,divergence=0.3,error_rate=0.5,teacher_entropy=0.2",3,0,200,0.0,0,10000,10.0,25.0,200,500,1,8,1.0,0.8517066420664207,0.6479631751577647,0.0,0.25015389919281006,0.019421841949224472,0,0,98,84,-1,perm_test,0.004975124378109453,0.03986359681089169,183,84,99,0.0,0.16666666666666666,0,0.0,0.0,0.0,0.0,0,none,0,1,0,overconfident,0.95,0,mild_drift,0.962016532502163,0.001270161287110424,0.8118951626136387,0.860534274616,1768132913.592726,0.0633254125714302,0.14406505227088928
543,34752,34751,sea_abrupt4,sea,ts_drift_adapt,4,"error_divergence_ph_meta@error.threshold=0.10,error.min_instances=5",error_divergence_ph_meta,"{""divergence"": {""alpha"": 0.1, ""delta"": 0.005, ""min_instances"": 30, ""threshold"": 0.05}, ""error_rate"": {""alpha"": 0.15, ""delta"": 0.005, ""min_instances"": 5, ""threshold"": 0.1}}","{""error_rate"": {""min_instances"": 5, ""threshold"": 0.1}}",0.1,0.005,0.15,5,0.05,0.005,0.1,30,,,,-1,two_stage,2,0.5,"__confirm_cooldown=200,__confirm_rule=perm_test,__perm_alpha=0.01,__perm_delta_k=50,__perm_min_effect=0,__perm_n_perm=200,__perm_post_n=50,__perm_pre_n=200,__perm_rng_seed=0,__perm_stat=delta_fused_score,divergence=0.3,error_rate=0.5,teacher_entropy=0.2",3,0,200,0.0,0,10000,10.0,25.0,200,500,0,0,1.0,0.8517495395948435,0.6481203698373984,0.16666666666666666,0.24129249155521393,0.016888709738850594,0,0,98,84,-1,perm_test,0.004975124378109453,0.03986359681089169,183,84,99,0.0,0.16666666666666666,0,0.0,0.0,0.0,0.0,0,none,0,1,0,overconfident,0.95,0,mild_drift,0.9611582662510815,0.0012850806435552122,0.8059475813068193,0.857767137308,1768132913.6033096,0.2865898311138153,0.14607146382331848
544,34816,34815,sea_abrupt4,sea,ts_drift_adapt,4,"error_divergence_ph_meta@error.threshold=0.10,error.min_instances=5",error_divergence_ph_meta,"{""divergence"": {""alpha"": 0.1, ""delta"": 0.005, ""min_instances"": 30, ""threshold"": 0.05}, ""error_rate"": {""alpha"": 0.15, ""delta"": 0.005, ""min_instances"": 5, ""threshold"": 0.1}}","{""error_rate"": {""min_instances"": 5, ""threshold"": 0.1}}",0.1,0.005,0.15,5,0.05,0.005,0.1,30,,,,-1,two_stage,2,0.5,"__confirm_cooldown=200,__confirm_rule=perm_test,__perm_alpha=0.01,__perm_delta_k=50,__perm_min_effect=0,__perm_n_perm=200,__perm_post_n=50,__perm_pre_n=200,__perm_rng_seed=0,__perm_stat=delta_fused_score,divergence=0.3,error_rate=0.5,teacher_entropy=0.2",3,0,200,0.0,0,10000,10.0,25.0,200,500,0,0,1.0,0.8518497242647058,0.6484752195219606,0.3333333333333333,0.23053115606307983,0.00757391843944788,1,1,99,85,0,perm_test,0.004975124378109453,0.04486162648967641,184,85,99,0.16666666666666666,0.16666666666666666,1,0.5,0.0,0.0,0.0,0,none,1,1,0,overconfident,0.95,0,severe_drift,0.9260791331255407,0.0016425403217776061,0.6529737906534097,0.833883568654,1768132913.6199331,0.414737731218338,0.08296768367290497
545,34880,34879,sea_abrupt4,sea,ts_drift_adapt,4,"error_divergence_ph_meta@error.threshold=0.10,error.min_instances=5",error_divergence_ph_meta,"{""divergence"": {""alpha"": 0.1, ""delta"": 0.005, ""min_instances"": 30, ""threshold"": 0.05}, ""error_rate"": {""alpha"": 0.15, ""delta"": 0.005, ""min_instances"": 5, ""threshold"": 0.1}}","{""error_rate"": {""min_instances"": 5, ""threshold"": 0.1}}",0.1,0.005,0.15,5,0.05,0.005,0.1,30,,,,-1,two_stage,2,0.5,"__confirm_cooldown=200,__confirm_rule=perm_test,__perm_alpha=0.01,__perm_delta_k=50,__perm_min_effect=0,__perm_n_perm=200,__perm_post_n=50,__perm_pre_n=200,__perm_rng_seed=0,__perm_stat=delta_fused_score,divergence=0.3,error_rate=0.5,teacher_entropy=0.2",3,0,200,0.0,0,10000,10.0,25.0,200,500,1,136,1.0,0.8519782110091743,0.6489158271957258,0.0,0.25335291028022766,0.01179220899939537,0,0,99,85,-1,perm_test,0.004975124378109453,0.04486162648967641,184,85,99,0.0,0.3333333333333333,0,0.0,0.0,0.0,0.0,0,none,0,1,0,overconfident,0.95,0,mild_drift,0.9431895665627703,0.0014712701608888031,0.7264868953267049,0.844441784327,1768132913.6305962,0.032473526895046234,0.08366969227790833
546,34944,34943,sea_abrupt4,sea,ts_drift_adapt,4,"error_divergence_ph_meta@error.threshold=0.10,error.min_instances=5",error_divergence_ph_meta,"{""divergence"": {""alpha"": 0.1, ""delta"": 0.005, ""min_instances"": 30, ""threshold"": 0.05}, ""error_rate"": {""alpha"": 0.15, ""delta"": 0.005, ""min_instances"": 5, ""threshold"": 0.1}}","{""error_rate"": {""min_instances"": 5, ""threshold"": 0.1}}",0.1,0.005,0.15,5,0.05,0.005,0.1,30,,,,-1,two_stage,2,0.5,"__confirm_cooldown=200,__confirm_rule=perm_test,__perm_alpha=0.01,__perm_delta_k=50,__perm_min_effect=0,__perm_n_perm=200,__perm_post_n=50,__perm_pre_n=200,__perm_rng_seed=0,__perm_stat=delta_fused_score,divergence=0.3,error_rate=0.5,teacher_entropy=0.2",3,0,200,0.0,0,10000,10.0,25.0,200,500,1,72,1.0,0.8519917582417582,0.6491481687033496,0.3333333333333333,0.23419645428657532,0.014398114755749702,0,0,99,85,-1,perm_test,0.004975124378109453,0.04486162648967641,184,85,99,0.0,0.3333333333333333,0,0.0,0.0,0.0,0.0,0,none,0,1,0,overconfident,0.95,0,mild_drift,0.9517447832813851,0.0013856350804444017,0.7632434476633525,0.8497208921635,1768132913.6411567,0.3482759892940521,0.14480435848236084
547,35008,35007,sea_abrupt4,sea,ts_drift_adapt,4,"error_divergence_ph_meta@error.threshold=0.10,error.min_instances=5",error_divergence_ph_meta,"{""divergence"": {""alpha"": 0.1, ""delta"": 0.005, ""min_instances"": 30, ""threshold"": 0.05}, ""error_rate"": {""alpha"": 0.15, ""delta"": 0.005, ""min_instances"": 5, ""threshold"": 0.1}}","{""error_rate"": {""min_instances"": 5, ""threshold"": 0.1}}",0.1,0.005,0.15,5,0.05,0.005,0.1,30,,,,-1,two_stage,2,0.5,"__confirm_cooldown=200,__confirm_rule=perm_test,__perm_alpha=0.01,__perm_delta_k=50,__perm_min_effect=0,__perm_n_perm=200,__perm_post_n=50,__perm_pre_n=200,__perm_rng_seed=0,__perm_stat=delta_fused_score,divergence=0.3,error_rate=0.5,teacher_entropy=0.2",3,0,200,0.0,0,10000,10.0,25.0,200,500,1,8,1.0,0.8520623857404022,0.6493652537200097,0.16666666666666666,0.26537367701530457,0.015595168806612492,0,0,99,85,-1,perm_test,0.004975124378109453,0.04486162648967641,184,85,99,0.0,0.16666666666666666,0,0.0,0.0,0.0,0.0,0,none,0,1,0,overconfident,0.95,0,mild_drift,0.9560223916406925,0.0013428175402222008,0.7816217238316763,0.85236044608175,1768132913.6517363,0.625845193862915,0.13754573464393616
548,35072,35071,sea_abrupt4,sea,ts_drift_adapt,4,"error_divergence_ph_meta@error.threshold=0.10,error.min_instances=5",error_divergence_ph_meta,"{""divergence"": {""alpha"": 0.1, ""delta"": 0.005, ""min_instances"": 30, ""threshold"": 0.05}, ""error_rate"": {""alpha"": 0.15, ""delta"": 0.005, ""min_instances"": 5, ""threshold"": 0.1}}","{""error_rate"": {""min_instances"": 5, ""threshold"": 0.1}}",0.1,0.005,0.15,5,0.05,0.005,0.1,30,,,,-1,two_stage,2,0.5,"__confirm_cooldown=200,__confirm_rule=perm_test,__perm_alpha=0.01,__perm_delta_k=50,__perm_min_effect=0,__perm_n_perm=200,__perm_post_n=50,__perm_pre_n=200,__perm_rng_seed=0,__perm_stat=delta_fused_score,divergence=0.3,error_rate=0.5,teacher_entropy=0.2",3,0,200,0.0,0,10000,10.0,25.0,200,500,0,0,1.0,0.8521897810218978,0.6497662627911914,0.0,0.24104592204093933,0.010406522080302238,0,0,99,85,-1,perm_test,0.004975124378109453,0.04486162648967641,184,85,99,0.0,0.16666666666666666,0,0.0,0.0,0.0,0.0,0,none,0,1,0,overconfident,0.95,0,mild_drift,0.9581611958203462,0.0013214087701111004,0.7908108619158382,0.853680223040875,1768132913.6626768,0.08644292503595352,0.10034152865409851
549,35136,35135,sea_abrupt4,sea,ts_drift_adapt,4,"error_divergence_ph_meta@error.threshold=0.10,error.min_instances=5",error_divergence_ph_meta,"{""divergence"": {""alpha"": 0.1, ""delta"": 0.005, ""min_instances"": 30, ""threshold"": 0.05}, ""error_rate"": {""alpha"": 0.15, ""delta"": 0.005, ""min_instances"": 5, ""threshold"": 0.1}}","{""error_rate"": {""min_instances"": 5, ""threshold"": 0.1}}",0.1,0.005,0.15,5,0.05,0.005,0.1,30,,,,-1,two_stage,2,0.5,"__confirm_cooldown=200,__confirm_rule=perm_test,__perm_alpha=0.01,__perm_delta_k=50,__perm_min_effect=0,__perm_n_perm=200,__perm_post_n=50,__perm_pre_n=200,__perm_rng_seed=0,__perm_stat=delta_fused_score,divergence=0.3,error_rate=0.5,teacher_entropy=0.2",3,0,200,0.0,0,10000,10.0,25.0,200,500,0,0,1.0,0.8522882513661202,0.6502460579715998,0.0,0.23424826562404633,0.011102091521024704,0,1,100,85,-1,perm_test,1.0,-0.02868316625637215,185,85,100,0.3333333333333333,0.0006955694407224655,1,0.5,0.0,0.0,0.0,0,none,0,1,0,overconfident,0.95,0,mild_drift,0.9592305979101731,0.0013107043850555502,0.795405430957919,0.8543401115204374,1768132913.6738193,0.1399545967578888,0.08857429027557373
550,35200,35199,sea_abrupt4,sea,ts_drift_adapt,4,"error_divergence_ph_meta@error.threshold=0.10,error.min_instances=5",error_divergence_ph_meta,"{""divergence"": {""alpha"": 0.1, ""delta"": 0.005, ""min_instances"": 30, ""threshold"": 0.05}, ""error_rate"": {""alpha"": 0.15, ""delta"": 0.005, ""min_instances"": 5, ""threshold"": 0.1}}","{""error_rate"": {""min_instances"": 5, ""threshold"": 0.1}}",0.1,0.005,0.15,5,0.05,0.005,0.1,30,,,,-1,two_stage,2,0.5,"__confirm_cooldown=200,__confirm_rule=perm_test,__perm_alpha=0.01,__perm_delta_k=50,__perm_min_effect=0,__perm_n_perm=200,__perm_post_n=50,__perm_pre_n=200,__perm_rng_seed=0,__perm_stat=delta_fused_score,divergence=0.3,error_rate=0.5,teacher_entropy=0.2",3,0,200,0.0,0,10000,10.0,25.0,200,500,0,0,1.0,0.8523011363636364,0.6503816280555462,0.3333333333333333,0.23753319680690765,0.012281001545488834,1,0,100,86,1,perm_test,0.004975124378109453,0.028738399826956175,186,86,100,0.0,0.3333333333333333,0,0.0,0.0,0.0,0.0,0,none,1,1,0,overconfident,0.95,0,stable,0.9746152989550865,0.001055352192527775,0.8977027154789595,0.8996700557602187,1768132913.6905258,0.4220786988735199,0.10582076758146286
551,35264,35263,sea_abrupt4,sea,ts_drift_adapt,4,"error_divergence_ph_meta@error.threshold=0.10,error.min_instances=5",error_divergence_ph_meta,"{""divergence"": {""alpha"": 0.1, ""delta"": 0.005, ""min_instances"": 30, ""threshold"": 0.05}, ""error_rate"": {""alpha"": 0.15, ""delta"": 0.005, ""min_instances"": 5, ""threshold"": 0.1}}","{""error_rate"": {""min_instances"": 5, ""threshold"": 0.1}}",0.1,0.005,0.15,5,0.05,0.005,0.1,30,,,,-1,two_stage,2,0.5,"__confirm_cooldown=200,__confirm_rule=perm_test,__perm_alpha=0.01,__perm_delta_k=50,__perm_min_effect=0,__perm_n_perm=200,__perm_post_n=50,__perm_pre_n=200,__perm_rng_seed=0,__perm_stat=delta_fused_score,divergence=0.3,error_rate=0.5,teacher_entropy=0.2",3,0,200,0.0,0,10000,10.0,25.0,200,500,1,136,1.0,0.8523706896551724,0.6507034709386347,0.0,0.2613638639450073,0.014661664143204689,0,0,100,86,-1,perm_test,0.004975124378109453,0.028738399826956175,186,86,100,0.0,0.3333333333333333,0,0.0,0.0,0.0,0.0,0,none,0,1,0,overconfident,0.95,0,mild_drift,0.9674576494775432,0.0011776760962638876,0.8488513577394798,0.8773350278801093,1768132913.7011902,0.044813524931669235,0.10572589933872223
552,35328,35327,sea_abrupt4,sea,ts_drift_adapt,4,"error_divergence_ph_meta@error.threshold=0.10,error.min_instances=5",error_divergence_ph_meta,"{""divergence"": {""alpha"": 0.1, ""delta"": 0.005, ""min_instances"": 30, ""threshold"": 0.05}, ""error_rate"": {""alpha"": 0.15, ""delta"": 0.005, ""min_instances"": 5, ""threshold"": 0.1}}","{""error_rate"": {""min_instances"": 5, ""threshold"": 0.1}}",0.1,0.005,0.15,5,0.05,0.005,0.1,30,,,,-1,two_stage,2,0.5,"__confirm_cooldown=200,__confirm_rule=perm_test,__perm_alpha=0.01,__perm_delta_k=50,__perm_min_effect=0,__perm_n_perm=200,__perm_post_n=50,__perm_pre_n=200,__perm_rng_seed=0,__perm_stat=delta_fused_score,divergence=0.3,error_rate=0.5,teacher_entropy=0.2",3,0,200,0.0,0,10000,10.0,25.0,200,500,1,72,1.0,0.8524966032608695,0.6512324219872937,0.16666666666666666,0.21792739629745483,0.015016327612102032,0,0,100,86,-1,perm_test,0.004975124378109453,0.028738399826956175,186,86,100,0.0,0.16666666666666666,0,0.0,0.0,0.0,0.0,0,none,0,1,0,overconfident,0.95,0,mild_drift,0.9638788247387715,0.0012388380481319439,0.8244256788697399,0.8661675139400546,1768132913.7119255,0.5650012493133545,0.10513327270746231
553,35392,35391,sea_abrupt4,sea,ts_drift_adapt,4,"error_divergence_ph_meta@error.threshold=0.10,error.min_instances=5",error_divergence_ph_meta,"{""divergence"": {""alpha"": 0.1, ""delta"": 0.005, ""min_instances"": 30, ""threshold"": 0.05}, ""error_rate"": {""alpha"": 0.15, ""delta"": 0.005, ""min_instances"": 5, ""threshold"": 0.1}}","{""error_rate"": {""min_instances"": 5, ""threshold"": 0.1}}",0.1,0.005,0.15,5,0.05,0.005,0.1,30,,,,-1,two_stage,2,0.5,"__confirm_cooldown=200,__confirm_rule=perm_test,__perm_alpha=0.01,__perm_delta_k=50,__perm_min_effect=0,__perm_n_perm=200,__perm_post_n=50,__perm_pre_n=200,__perm_rng_seed=0,__perm_stat=delta_fused_score,divergence=0.3,error_rate=0.5,teacher_entropy=0.2",3,0,200,0.0,0,10000,10.0,25.0,200,500,1,8,1.0,0.8524242766726944,0.6512202140484042,0.16666666666666666,0.23735253512859344,0.01157371886074543,0,0,100,86,-1,perm_test,0.004975124378109453,0.028738399826956175,186,86,100,0.0,0.0034426087513566017,0,0.0,0.0,0.0,0.0,0,none,0,1,0,overconfident,0.95,0,mild_drift,0.9620894123693857,0.001269419024065972,0.81221283943487,0.8605837569700273,1768132913.7226357,0.3240581750869751,0.11148710548877716
554,35456,35455,sea_abrupt4,sea,ts_drift_adapt,4,"error_divergence_ph_meta@error.threshold=0.10,error.min_instances=5",error_divergence_ph_meta,"{""divergence"": {""alpha"": 0.1, ""delta"": 0.005, ""min_instances"": 30, ""threshold"": 0.05}, ""error_rate"": {""alpha"": 0.15, ""delta"": 0.005, ""min_instances"": 5, ""threshold"": 0.1}}","{""error_rate"": {""min_instances"": 5, ""threshold"": 0.1}}",0.1,0.005,0.15,5,0.05,0.005,0.1,30,,,,-1,two_stage,2,0.5,"__confirm_cooldown=200,__confirm_rule=perm_test,__perm_alpha=0.01,__perm_delta_k=50,__perm_min_effect=0,__perm_n_perm=200,__perm_post_n=50,__perm_pre_n=200,__perm_rng_seed=0,__perm_stat=delta_fused_score,divergence=0.3,error_rate=0.5,teacher_entropy=0.2",3,0,200,0.0,0,10000,10.0,25.0,200,500,0,0,1.0,0.8524932310469314,0.6515595889840965,0.0,0.2522686719894409,0.013064472004771233,0,1,101,86,-1,perm_test,1.0,-0.05497640870083885,187,86,101,0.0,0.16666666666666666,1,0.5,0.0,0.0,0.0,0,none,0,1,0,overconfident,0.95,0,mild_drift,0.9611947061846928,0.001284709512032986,0.806106419717435,0.8577918784850136,1768132913.7352235,0.04327189549803734,0.11257365345954895
555,35520,35519,sea_abrupt4,sea,ts_drift_adapt,4,"error_divergence_ph_meta@error.threshold=0.10,error.min_instances=5",error_divergence_ph_meta,"{""divergence"": {""alpha"": 0.1, ""delta"": 0.005, ""min_instances"": 30, ""threshold"": 0.05}, ""error_rate"": {""alpha"": 0.15, ""delta"": 0.005, ""min_instances"": 5, ""threshold"": 0.1}}","{""error_rate"": {""min_instances"": 5, ""threshold"": 0.1}}",0.1,0.005,0.15,5,0.05,0.005,0.1,30,,,,-1,two_stage,2,0.5,"__confirm_cooldown=200,__confirm_rule=perm_test,__perm_alpha=0.01,__perm_delta_k=50,__perm_min_effect=0,__perm_n_perm=200,__perm_post_n=50,__perm_pre_n=200,__perm_rng_seed=0,__perm_stat=delta_fused_score,divergence=0.3,error_rate=0.5,teacher_entropy=0.2",3,0,200,0.0,0,10000,10.0,25.0,200,500,0,0,1.0,0.8525337837837837,0.6518491377251177,0.0,0.27124354243278503,0.017361100763082504,1,0,101,87,1,perm_test,0.004975124378109453,0.07757762711661255,188,87,101,0.0,0.004296628758311272,0,0.0,0.0,0.0,0.0,0,none,1,1,0,overconfident,0.95,0,stable,0.9755973530923464,0.001042354756016493,0.9030532098587175,0.9013959392425068,1768132913.7543323,0.10565554350614548,0.15128229558467865
556,35584,35583,sea_abrupt4,sea,ts_drift_adapt,4,"error_divergence_ph_meta@error.threshold=0.10,error.min_instances=5",error_divergence_ph_meta,"{""divergence"": {""alpha"": 0.1, ""delta"": 0.005, ""min_instances"": 30, ""threshold"": 0.05}, ""error_rate"": {""alpha"": 0.15, ""delta"": 0.005, ""min_instances"": 5, ""threshold"": 0.1}}","{""error_rate"": {""min_instances"": 5, ""threshold"": 0.1}}",0.1,0.005,0.15,5,0.05,0.005,0.1,30,,,,-1,two_stage,2,0.5,"__confirm_cooldown=200,__confirm_rule=perm_test,__perm_alpha=0.01,__perm_delta_k=50,__perm_min_effect=0,__perm_n_perm=200,__perm_post_n=50,__perm_pre_n=200,__perm_rng_seed=0,__perm_stat=delta_fused_score,divergence=0.3,error_rate=0.5,teacher_entropy=0.2",3,0,200,0.0,0,10000,10.0,25.0,200,500,1,136,1.0,0.8526866007194245,0.6523508319291784,0.0,0.28024500608444214,0.027141299098730087,0,0,101,87,-1,perm_test,0.004975124378109453,0.07757762711661255,188,87,101,0.0,0.009780198335647583,0,0.0,0.0,0.0,0.0,0,none,0,1,0,overconfident,0.95,0,mild_drift,0.9679486765461731,0.0011711773780082465,0.8515266049293588,0.8781979696212534,1768132913.7677405,0.14999006688594818,0.16270457208156586
557,35648,35647,sea_abrupt4,sea,ts_drift_adapt,4,"error_divergence_ph_meta@error.threshold=0.10,error.min_instances=5",error_divergence_ph_meta,"{""divergence"": {""alpha"": 0.1, ""delta"": 0.005, ""min_instances"": 30, ""threshold"": 0.05}, ""error_rate"": {""alpha"": 0.15, ""delta"": 0.005, ""min_instances"": 5, ""threshold"": 0.1}}","{""error_rate"": {""min_instances"": 5, ""threshold"": 0.1}}",0.1,0.005,0.15,5,0.05,0.005,0.1,30,,,,-1,two_stage,2,0.5,"__confirm_cooldown=200,__confirm_rule=perm_test,__perm_alpha=0.01,__perm_delta_k=50,__perm_min_effect=0,__perm_n_perm=200,__perm_post_n=50,__perm_pre_n=200,__perm_rng_seed=0,__perm_stat=delta_fused_score,divergence=0.3,error_rate=0.5,teacher_entropy=0.2",3,0,200,0.0,0,10000,10.0,25.0,200,500,1,72,1.0,0.8527266606822262,0.6526037773080028,0.6666666666666666,0.30629950761795044,0.014614834450185299,0,0,101,87,-1,perm_test,0.004975124378109453,0.07757762711661255,188,87,101,0.0,0.6666666666666666,0,0.0,0.0,0.0,0.0,0,none,0,1,0,overconfident,0.95,0,mild_drift,0.9641243382730865,0.0012355886890041234,0.8257633024646794,0.8665989848106267,1768132913.7785,1.1914780139923096,0.11784785985946655
558,35712,35711,sea_abrupt4,sea,ts_drift_adapt,4,"error_divergence_ph_meta@error.threshold=0.10,error.min_instances=5",error_divergence_ph_meta,"{""divergence"": {""alpha"": 0.1, ""delta"": 0.005, ""min_instances"": 30, ""threshold"": 0.05}, ""error_rate"": {""alpha"": 0.15, ""delta"": 0.005, ""min_instances"": 5, ""threshold"": 0.1}}","{""error_rate"": {""min_instances"": 5, ""threshold"": 0.1}}",0.1,0.005,0.15,5,0.05,0.005,0.1,30,,,,-1,two_stage,2,0.5,"__confirm_cooldown=200,__confirm_rule=perm_test,__perm_alpha=0.01,__perm_delta_k=50,__perm_min_effect=0,__perm_n_perm=200,__perm_post_n=50,__perm_pre_n=200,__perm_rng_seed=0,__perm_stat=delta_fused_score,divergence=0.3,error_rate=0.5,teacher_entropy=0.2",3,0,200,0.0,0,10000,10.0,25.0,200,500,1,8,1.0,0.852766577060932,0.6529536980887901,0.0,0.235229030251503,0.020166752859950066,0,0,101,87,-1,perm_test,0.004975124378109453,0.07757762711661255,188,87,101,0.0,0.6666666666666666,0,0.0,0.0,0.0,0.0,0,none,0,1,0,overconfident,0.95,0,mild_drift,0.9622121691365433,0.001267794344502062,0.8128816512323398,0.8607994924053133,1768132913.7890546,0.09802937507629395,0.16557568311691284
559,35776,35775,sea_abrupt4,sea,ts_drift_adapt,4,"error_divergence_ph_meta@error.threshold=0.10,error.min_instances=5",error_divergence_ph_meta,"{""divergence"": {""alpha"": 0.1, ""delta"": 0.005, ""min_instances"": 30, ""threshold"": 0.05}, ""error_rate"": {""alpha"": 0.15, ""delta"": 0.005, ""min_instances"": 5, ""threshold"": 0.1}}","{""error_rate"": {""min_instances"": 5, ""threshold"": 0.1}}",0.1,0.005,0.15,5,0.05,0.005,0.1,30,,,,-1,two_stage,2,0.5,"__confirm_cooldown=200,__confirm_rule=perm_test,__perm_alpha=0.01,__perm_delta_k=50,__perm_min_effect=0,__perm_n_perm=200,__perm_post_n=50,__perm_pre_n=200,__perm_rng_seed=0,__perm_stat=delta_fused_score,divergence=0.3,error_rate=0.5,teacher_entropy=0.2",3,0,200,0.0,0,10000,10.0,25.0,200,500,0,0,1.0,0.852890205724508,0.6534554204874025,0.16666666666666666,0.21918851137161255,0.015666240826249123,0,1,102,87,-1,perm_test,1.0,-0.051440896957242126,189,87,102,0.16666666666666666,0.16666666666666666,1,0.5,0.0,0.0,0.0,0,none,0,1,0,overconfident,0.95,0,mild_drift,0.9612560845682716,0.0012838971722510311,0.8064408256161699,0.8578997462026566,1768132913.7999449,0.5402488112449646,0.1294662058353424
560,35840,35839,sea_abrupt4,sea,ts_drift_adapt,4,"error_divergence_ph_meta@error.threshold=0.10,error.min_instances=5",error_divergence_ph_meta,"{""divergence"": {""alpha"": 0.1, ""delta"": 0.005, ""min_instances"": 30, ""threshold"": 0.05}, ""error_rate"": {""alpha"": 0.15, ""delta"": 0.005, ""min_instances"": 5, ""threshold"": 0.1}}","{""error_rate"": {""min_instances"": 5, ""threshold"": 0.1}}",0.1,0.005,0.15,5,0.05,0.005,0.1,30,,,,-1,two_stage,2,0.5,"__confirm_cooldown=200,__confirm_rule=perm_test,__perm_alpha=0.01,__perm_delta_k=50,__perm_min_effect=0,__perm_n_perm=200,__perm_post_n=50,__perm_pre_n=200,__perm_rng_seed=0,__perm_stat=delta_fused_score,divergence=0.3,error_rate=0.5,teacher_entropy=0.2",3,0,200,0.0,0,10000,10.0,25.0,200,500,0,0,1.0,0.8529575892857143,0.6537977751767774,0.16666666666666666,0.24317386746406555,0.026571406051516533,0,0,102,87,-1,perm_test,1.0,-0.08252088259276803,190,87,103,0.0,0.01090516522526741,0,0.0,0.0,0.0,0.0,0,none,0,1,0,overconfident,0.95,0,mild_drift,0.9607780422841358,0.0012919485861255155,0.803220412808085,0.8564498731013284,1768132913.8106606,0.5004724264144897,0.2051083743572235
561,35904,35903,sea_abrupt4,sea,ts_drift_adapt,4,"error_divergence_ph_meta@error.threshold=0.10,error.min_instances=5",error_divergence_ph_meta,"{""divergence"": {""alpha"": 0.1, ""delta"": 0.005, ""min_instances"": 30, ""threshold"": 0.05}, ""error_rate"": {""alpha"": 0.15, ""delta"": 0.005, ""min_instances"": 5, ""threshold"": 0.1}}","{""error_rate"": {""min_instances"": 5, ""threshold"": 0.1}}",0.1,0.005,0.15,5,0.05,0.005,0.1,30,,,,-1,two_stage,2,0.5,"__confirm_cooldown=200,__confirm_rule=perm_test,__perm_alpha=0.01,__perm_delta_k=50,__perm_min_effect=0,__perm_n_perm=200,__perm_post_n=50,__perm_pre_n=200,__perm_rng_seed=0,__perm_stat=delta_fused_score,divergence=0.3,error_rate=0.5,teacher_entropy=0.2",3,0,200,0.0,0,10000,10.0,25.0,200,500,0,0,1.0,0.8529411764705882,0.6540205966651966,0.3333333333333333,0.23580116033554077,0.016156906262040138,0,0,102,87,-1,perm_test,1.0,-0.05349234111284932,191,87,104,0.0,0.16666666666666666,0,0.0,0.0,0.0,0.0,0,none,0,1,0,overconfident,0.95,0,mild_drift,0.9605390211420679,0.0012959742930627577,0.8016102064040425,0.8557249365506642,1768132913.8213468,0.7366213202476501,0.13644635677337646
562,35968,35967,sea_abrupt4,sea,ts_drift_adapt,4,"error_divergence_ph_meta@error.threshold=0.10,error.min_instances=5",error_divergence_ph_meta,"{""divergence"": {""alpha"": 0.1, ""delta"": 0.005, ""min_instances"": 30, ""threshold"": 0.05}, ""error_rate"": {""alpha"": 0.15, ""delta"": 0.005, ""min_instances"": 5, ""threshold"": 0.1}}","{""error_rate"": {""min_instances"": 5, ""threshold"": 0.1}}",0.1,0.005,0.15,5,0.05,0.005,0.1,30,,,,-1,two_stage,2,0.5,"__confirm_cooldown=200,__confirm_rule=perm_test,__perm_alpha=0.01,__perm_delta_k=50,__perm_min_effect=0,__perm_n_perm=200,__perm_post_n=50,__perm_pre_n=200,__perm_rng_seed=0,__perm_stat=delta_fused_score,divergence=0.3,error_rate=0.5,teacher_entropy=0.2",3,0,200,0.0,0,10000,10.0,25.0,200,500,0,0,1.0,0.8530082295373665,0.6543807456896159,0.16666666666666666,0.26991909742355347,0.027057496830821037,0,0,102,87,-1,perm_test,1.0,-0.15287889311047148,192,87,105,0.0,0.16666666666666666,0,0.0,0.0,0.0,0.0,0,none,0,1,0,overconfident,0.95,0,mild_drift,0.9604195105710339,0.001297987146531379,0.8008051032020213,0.855362468275332,1768132913.8322515,0.3154982030391693,0.2746276259422302
563,36032,36031,sea_abrupt4,sea,ts_drift_adapt,4,"error_divergence_ph_meta@error.threshold=0.10,error.min_instances=5",error_divergence_ph_meta,"{""divergence"": {""alpha"": 0.1, ""delta"": 0.005, ""min_instances"": 30, ""threshold"": 0.05}, ""error_rate"": {""alpha"": 0.15, ""delta"": 0.005, ""min_instances"": 5, ""threshold"": 0.1}}","{""error_rate"": {""min_instances"": 5, ""threshold"": 0.1}}",0.1,0.005,0.15,5,0.05,0.005,0.1,30,,,,-1,two_stage,2,0.5,"__confirm_cooldown=200,__confirm_rule=perm_test,__perm_alpha=0.01,__perm_delta_k=50,__perm_min_effect=0,__perm_n_perm=200,__perm_post_n=50,__perm_pre_n=200,__perm_rng_seed=0,__perm_stat=delta_fused_score,divergence=0.3,error_rate=0.5,teacher_entropy=0.2",3,0,200,0.0,0,10000,10.0,25.0,200,500,0,0,1.0,0.8531860568383659,0.6550351784729961,0.16666666666666666,0.2547433376312256,0.019915884360671043,0,0,102,87,-1,perm_test,1.0,-0.15287889311047148,192,87,105,0.0,0.007141612470149994,0,0.0,0.0,0.0,0.0,0,none,0,1,0,overconfident,0.95,0,mild_drift,0.960359755285517,0.0012989935732656897,0.8004025516010107,0.855181234137666,1768132913.843175,0.21154667437076569,0.1890048086643219
564,36096,36095,sea_abrupt4,sea,ts_drift_adapt,4,"error_divergence_ph_meta@error.threshold=0.10,error.min_instances=5",error_divergence_ph_meta,"{""divergence"": {""alpha"": 0.1, ""delta"": 0.005, ""min_instances"": 30, ""threshold"": 0.05}, ""error_rate"": {""alpha"": 0.15, ""delta"": 0.005, ""min_instances"": 5, ""threshold"": 0.1}}","{""error_rate"": {""min_instances"": 5, ""threshold"": 0.1}}",0.1,0.005,0.15,5,0.05,0.005,0.1,30,,,,-1,two_stage,2,0.5,"__confirm_cooldown=200,__confirm_rule=perm_test,__perm_alpha=0.01,__perm_delta_k=50,__perm_min_effect=0,__perm_n_perm=200,__perm_post_n=50,__perm_pre_n=200,__perm_rng_seed=0,__perm_stat=delta_fused_score,divergence=0.3,error_rate=0.5,teacher_entropy=0.2",3,0,200,0.0,0,10000,10.0,25.0,200,500,0,0,1.0,0.8532524379432624,0.6553234941866497,0.16666666666666666,0.25675177574157715,0.018816452473402023,0,1,103,87,-1,perm_test,0.08955223880597014,0.0073144395461543195,193,87,106,0.0,0.00109943188726902,1,0.5,0.0,0.0,0.0,0,none,0,1,0,overconfident,0.95,0,mild_drift,0.9603298776427585,0.001299496786632845,0.8002012758005054,0.855090617068833,1768132913.860052,0.20294184982776642,0.16451460123062134
565,36160,36159,sea_abrupt4,sea,ts_drift_adapt,4,"error_divergence_ph_meta@error.threshold=0.10,error.min_instances=5",error_divergence_ph_meta,"{""divergence"": {""alpha"": 0.1, ""delta"": 0.005, ""min_instances"": 30, ""threshold"": 0.05}, ""error_rate"": {""alpha"": 0.15, ""delta"": 0.005, ""min_instances"": 5, ""threshold"": 0.1}}","{""error_rate"": {""min_instances"": 5, ""threshold"": 0.1}}",0.1,0.005,0.15,5,0.05,0.005,0.1,30,,,,-1,two_stage,2,0.5,"__confirm_cooldown=200,__confirm_rule=perm_test,__perm_alpha=0.01,__perm_delta_k=50,__perm_min_effect=0,__perm_n_perm=200,__perm_post_n=50,__perm_pre_n=200,__perm_rng_seed=0,__perm_stat=delta_fused_score,divergence=0.3,error_rate=0.5,teacher_entropy=0.2",3,0,200,0.0,0,10000,10.0,25.0,200,500,0,0,1.0,0.8533462389380531,0.6556156088158275,0.0,0.22978703677654266,0.021122397854924202,1,0,103,88,1,perm_test,0.004975124378109453,0.02451523690199581,194,88,106,0.0,0.16666666666666666,0,0.0,0.0,0.0,0.0,0,none,1,1,0,overconfident,0.95,0,stable,0.9751649388213792,0.0010497483933164225,0.9001006379002527,0.9000453085344166,1768132913.8761182,0.16499380767345428,0.22536692023277283
566,36224,36223,sea_abrupt4,sea,ts_drift_adapt,4,"error_divergence_ph_meta@error.threshold=0.10,error.min_instances=5",error_divergence_ph_meta,"{""divergence"": {""alpha"": 0.1, ""delta"": 0.005, ""min_instances"": 30, ""threshold"": 0.05}, ""error_rate"": {""alpha"": 0.15, ""delta"": 0.005, ""min_instances"": 5, ""threshold"": 0.1}}","{""error_rate"": {""min_instances"": 5, ""threshold"": 0.1}}",0.1,0.005,0.15,5,0.05,0.005,0.1,30,,,,-1,two_stage,2,0.5,"__confirm_cooldown=200,__confirm_rule=perm_test,__perm_alpha=0.01,__perm_delta_k=50,__perm_min_effect=0,__perm_n_perm=200,__perm_post_n=50,__perm_pre_n=200,__perm_rng_seed=0,__perm_stat=delta_fused_score,divergence=0.3,error_rate=0.5,teacher_entropy=0.2",3,0,200,0.0,0,10000,10.0,25.0,200,500,1,136,1.0,0.8534397084805654,0.6560185828636179,0.16666666666666666,0.278473436832428,0.014607912860810757,0,0,103,88,-1,perm_test,0.004975124378109453,0.02451523690199581,194,88,106,0.0,0.16666666666666666,0,0.0,0.0,0.0,0.0,0,none,0,1,0,overconfident,0.95,0,mild_drift,0.9677324694106896,0.0011748741966582112,0.8500503189501264,0.8775226542672083,1768132913.8865373,0.30233606696128845,0.11182750761508942
567,36288,36287,sea_abrupt4,sea,ts_drift_adapt,4,"error_divergence_ph_meta@error.threshold=0.10,error.min_instances=5",error_divergence_ph_meta,"{""divergence"": {""alpha"": 0.1, ""delta"": 0.005, ""min_instances"": 30, ""threshold"": 0.05}, ""error_rate"": {""alpha"": 0.15, ""delta"": 0.005, ""min_instances"": 5, ""threshold"": 0.1}}","{""error_rate"": {""min_instances"": 5, ""threshold"": 0.1}}",0.1,0.005,0.15,5,0.05,0.005,0.1,30,,,,-1,two_stage,2,0.5,"__confirm_cooldown=200,__confirm_rule=perm_test,__perm_alpha=0.01,__perm_delta_k=50,__perm_min_effect=0,__perm_n_perm=200,__perm_post_n=50,__perm_pre_n=200,__perm_rng_seed=0,__perm_stat=delta_fused_score,divergence=0.3,error_rate=0.5,teacher_entropy=0.2",3,0,200,0.0,0,10000,10.0,25.0,200,500,1,72,1.0,0.853560405643739,0.656400481143021,0.0,0.23724161088466644,0.019993338733911514,0,0,103,88,-1,perm_test,0.004975124378109453,0.02451523690199581,194,88,106,0.0,0.16666666666666666,0,0.0,0.0,0.0,0.0,0,none,0,1,0,overconfident,0.95,0,mild_drift,0.9640162347053447,0.0012374370983291058,0.8250251594750633,0.8662613271336042,1768132913.8971653,0.09833165258169174,0.17881980538368225
568,36352,36351,sea_abrupt4,sea,ts_drift_adapt,4,"error_divergence_ph_meta@error.threshold=0.10,error.min_instances=5",error_divergence_ph_meta,"{""divergence"": {""alpha"": 0.1, ""delta"": 0.005, ""min_instances"": 30, ""threshold"": 0.05}, ""error_rate"": {""alpha"": 0.15, ""delta"": 0.005, ""min_instances"": 5, ""threshold"": 0.1}}","{""error_rate"": {""min_instances"": 5, ""threshold"": 0.1}}",0.1,0.005,0.15,5,0.05,0.005,0.1,30,,,,-1,two_stage,2,0.5,"__confirm_cooldown=200,__confirm_rule=perm_test,__perm_alpha=0.01,__perm_delta_k=50,__perm_min_effect=0,__perm_n_perm=200,__perm_post_n=50,__perm_pre_n=200,__perm_rng_seed=0,__perm_stat=delta_fused_score,divergence=0.3,error_rate=0.5,teacher_entropy=0.2",3,0,200,0.0,0,10000,10.0,25.0,200,500,1,8,1.0,0.8536256602112676,0.6567627210098133,0.0,0.29819735884666443,0.023420652374625206,0,0,103,88,-1,perm_test,0.004975124378109453,0.02451523690199581,194,88,106,0.0,0.0034273136407136917,0,0.0,0.0,0.0,0.0,0,none,0,1,0,overconfident,0.95,0,mild_drift,0.9621581173526723,0.001268718549164553,0.8125125797375317,0.8606306635668021,1768132913.9076526,0.2618618309497833,0.15801024436950684
569,36416,36415,sea_abrupt4,sea,ts_drift_adapt,4,"error_divergence_ph_meta@error.threshold=0.10,error.min_instances=5",error_divergence_ph_meta,"{""divergence"": {""alpha"": 0.1, ""delta"": 0.005, ""min_instances"": 30, ""threshold"": 0.05}, ""error_rate"": {""alpha"": 0.15, ""delta"": 0.005, ""min_instances"": 5, ""threshold"": 0.1}}","{""error_rate"": {""min_instances"": 5, ""threshold"": 0.1}}",0.1,0.005,0.15,5,0.05,0.005,0.1,30,,,,-1,two_stage,2,0.5,"__confirm_cooldown=200,__confirm_rule=perm_test,__perm_alpha=0.01,__perm_delta_k=50,__perm_min_effect=0,__perm_n_perm=200,__perm_post_n=50,__perm_pre_n=200,__perm_rng_seed=0,__perm_stat=delta_fused_score,divergence=0.3,error_rate=0.5,teacher_entropy=0.2",3,0,200,0.0,0,10000,10.0,25.0,200,500,0,0,1.0,0.8537730667838312,0.6572883677661127,0.0,0.2544170320034027,0.009824108332395554,0,1,104,88,-1,perm_test,1.0,-0.015592670908442846,195,88,107,0.16666666666666666,0.013596544042229652,1,0.5,0.0,0.0,0.0,0,none,0,1,0,overconfident,0.95,0,mild_drift,0.9612290586763361,0.0012843592745822767,0.8062562898687659,0.857815331783401,1768132913.9186301,0.22139912843704224,0.12556155025959015
570,36480,36479,sea_abrupt4,sea,ts_drift_adapt,4,"error_divergence_ph_meta@error.threshold=0.10,error.min_instances=5",error_divergence_ph_meta,"{""divergence"": {""alpha"": 0.1, ""delta"": 0.005, ""min_instances"": 30, ""threshold"": 0.05}, ""error_rate"": {""alpha"": 0.15, ""delta"": 0.005, ""min_instances"": 5, ""threshold"": 0.1}}","{""error_rate"": {""min_instances"": 5, ""threshold"": 0.1}}",0.1,0.005,0.15,5,0.05,0.005,0.1,30,,,,-1,two_stage,2,0.5,"__confirm_cooldown=200,__confirm_rule=perm_test,__perm_alpha=0.01,__perm_delta_k=50,__perm_min_effect=0,__perm_n_perm=200,__perm_post_n=50,__perm_pre_n=200,__perm_rng_seed=0,__perm_stat=delta_fused_score,divergence=0.3,error_rate=0.5,teacher_entropy=0.2",3,0,200,0.0,0,10000,10.0,25.0,200,500,0,0,1.0,0.8538377192982456,0.6575775233450977,0.3333333333333333,0.2346799522638321,0.014897914603352547,0,0,104,88,-1,perm_test,0.03980099502487562,0.005540550246120516,196,88,108,0.0,0.3333333333333333,0,0.0,0.0,0.0,0.0,0,none,0,1,0,overconfident,0.95,0,mild_drift,0.960764529338168,0.0012921796372911383,0.803128144934383,0.8564076658917005,1768132913.936153,0.3996610641479492,0.13638116419315338
571,36544,36543,sea_abrupt4,sea,ts_drift_adapt,4,"error_divergence_ph_meta@error.threshold=0.10,error.min_instances=5",error_divergence_ph_meta,"{""divergence"": {""alpha"": 0.1, ""delta"": 0.005, ""min_instances"": 30, ""threshold"": 0.05}, ""error_rate"": {""alpha"": 0.15, ""delta"": 0.005, ""min_instances"": 5, ""threshold"": 0.1}}","{""error_rate"": {""min_instances"": 5, ""threshold"": 0.1}}",0.1,0.005,0.15,5,0.05,0.005,0.1,30,,,,-1,two_stage,2,0.5,"__confirm_cooldown=200,__confirm_rule=perm_test,__perm_alpha=0.01,__perm_delta_k=50,__perm_min_effect=0,__perm_n_perm=200,__perm_post_n=50,__perm_pre_n=200,__perm_rng_seed=0,__perm_stat=delta_fused_score,divergence=0.3,error_rate=0.5,teacher_entropy=0.2",3,0,200,0.0,0,10000,10.0,25.0,200,500,0,0,1.0,0.8537926882661997,0.6575883936738008,0.3333333333333333,0.23867173492908478,0.014513235539197922,0,0,104,88,-1,perm_test,1.0,-0.015048290280319012,197,88,109,0.0,0.00038467906415462494,0,0.0,0.0,0.0,0.0,0,none,0,1,0,overconfident,0.95,0,mild_drift,0.9605322646690839,0.0012960898186455691,0.8015640724671915,0.8557038329458502,1768132913.9496624,0.8166946768760681,0.1433880627155304
572,36608,36607,sea_abrupt4,sea,ts_drift_adapt,4,"error_divergence_ph_meta@error.threshold=0.10,error.min_instances=5",error_divergence_ph_meta,"{""divergence"": {""alpha"": 0.1, ""delta"": 0.005, ""min_instances"": 30, ""threshold"": 0.05}, ""error_rate"": {""alpha"": 0.15, ""delta"": 0.005, ""min_instances"": 5, ""threshold"": 0.1}}","{""error_rate"": {""min_instances"": 5, ""threshold"": 0.1}}",0.1,0.005,0.15,5,0.05,0.005,0.1,30,,,,-1,two_stage,2,0.5,"__confirm_cooldown=200,__confirm_rule=perm_test,__perm_alpha=0.01,__perm_delta_k=50,__perm_min_effect=0,__perm_n_perm=200,__perm_post_n=50,__perm_pre_n=200,__perm_rng_seed=0,__perm_stat=delta_fused_score,divergence=0.3,error_rate=0.5,teacher_entropy=0.2",3,0,200,0.0,0,10000,10.0,25.0,200,500,0,0,1.0,0.8538570804195804,0.6579026305767516,0.0,0.21733161807060242,0.017743468284606934,0,0,104,88,-1,perm_test,1.0,-0.1255082421118601,198,88,110,0.0,0.3333333333333333,0,0.0,0.0,0.0,0.0,0,none,0,1,0,overconfident,0.95,0,mild_drift,0.9604161323345419,0.0012980449093227845,0.8007820362335958,0.8553519164729251,1768132913.9630744,0.053958356380462646,0.16509953141212463
573,36672,36671,sea_abrupt4,sea,ts_drift_adapt,4,"error_divergence_ph_meta@error.threshold=0.10,error.min_instances=5",error_divergence_ph_meta,"{""divergence"": {""alpha"": 0.1, ""delta"": 0.005, ""min_instances"": 30, ""threshold"": 0.05}, ""error_rate"": {""alpha"": 0.15, ""delta"": 0.005, ""min_instances"": 5, ""threshold"": 0.1}}","{""error_rate"": {""min_instances"": 5, ""threshold"": 0.1}}",0.1,0.005,0.15,5,0.05,0.005,0.1,30,,,,-1,two_stage,2,0.5,"__confirm_cooldown=200,__confirm_rule=perm_test,__perm_alpha=0.01,__perm_delta_k=50,__perm_min_effect=0,__perm_n_perm=200,__perm_post_n=50,__perm_pre_n=200,__perm_rng_seed=0,__perm_stat=delta_fused_score,divergence=0.3,error_rate=0.5,teacher_entropy=0.2",3,0,200,0.0,0,10000,10.0,25.0,200,500,0,0,1.0,0.8538667102966842,0.6580469564089512,0.16666666666666666,0.23558667302131653,0.015654604882001877,0,0,104,88,-1,perm_test,1.0,-0.1255082421118601,198,88,110,0.0,0.16666666666666666,0,0.0,0.0,0.0,0.0,0,none,0,1,0,overconfident,0.95,0,mild_drift,0.9603580661672709,0.0012990224546613922,0.8003910181167979,0.8551759582364625,1768132913.975695,0.4961145222187042,0.17412619292736053
574,36736,36735,sea_abrupt4,sea,ts_drift_adapt,4,"error_divergence_ph_meta@error.threshold=0.10,error.min_instances=5",error_divergence_ph_meta,"{""divergence"": {""alpha"": 0.1, ""delta"": 0.005, ""min_instances"": 30, ""threshold"": 0.05}, ""error_rate"": {""alpha"": 0.15, ""delta"": 0.005, ""min_instances"": 5, ""threshold"": 0.1}}","{""error_rate"": {""min_instances"": 5, ""threshold"": 0.1}}",0.1,0.005,0.15,5,0.05,0.005,0.1,30,,,,-1,two_stage,2,0.5,"__confirm_cooldown=200,__confirm_rule=perm_test,__perm_alpha=0.01,__perm_delta_k=50,__perm_min_effect=0,__perm_n_perm=200,__perm_post_n=50,__perm_pre_n=200,__perm_rng_seed=0,__perm_stat=delta_fused_score,divergence=0.3,error_rate=0.5,teacher_entropy=0.2",3,0,200,0.0,0,10000,10.0,25.0,200,500,0,0,1.0,0.8539579703832753,0.6584761299038854,0.0,0.24968765676021576,0.011834326200187206,0,1,105,88,-1,perm_test,1.0,-0.028740732707468214,199,88,111,0.0,0.16666666666666666,1,0.5,0.0,0.0,0.0,0,none,0,1,0,overconfident,0.95,0,mild_drift,0.9603290330836354,0.001299511227330696,0.800195509058399,0.8550879791182313,1768132913.986563,0.11065500974655151,0.11568374931812286
575,36800,36799,sea_abrupt4,sea,ts_drift_adapt,4,"error_divergence_ph_meta@error.threshold=0.10,error.min_instances=5",error_divergence_ph_meta,"{""divergence"": {""alpha"": 0.1, ""delta"": 0.005, ""min_instances"": 30, ""threshold"": 0.05}, ""error_rate"": {""alpha"": 0.15, ""delta"": 0.005, ""min_instances"": 5, ""threshold"": 0.1}}","{""error_rate"": {""min_instances"": 5, ""threshold"": 0.1}}",0.1,0.005,0.15,5,0.05,0.005,0.1,30,,,,-1,two_stage,2,0.5,"__confirm_cooldown=200,__confirm_rule=perm_test,__perm_alpha=0.01,__perm_delta_k=50,__perm_min_effect=0,__perm_n_perm=200,__perm_post_n=50,__perm_pre_n=200,__perm_rng_seed=0,__perm_stat=delta_fused_score,divergence=0.3,error_rate=0.5,teacher_entropy=0.2",3,0,200,0.0,0,10000,10.0,25.0,200,500,0,0,1.0,0.8540489130434783,0.6587414778085482,0.0,0.24423706531524658,0.015788910910487175,1,0,105,89,1,perm_test,0.004975124378109453,0.11349739270302256,200,89,111,0.0,0.003954584710299969,0,0.0,0.0,0.0,0.0,0,none,1,1,0,overconfident,0.95,0,stable,0.9751645165418177,0.001049755613665348,0.9000977545291995,0.9000439895591157,1768132914.0029826,0.02481456659734249,0.14304497838020325
576,36864,36863,sea_abrupt4,sea,ts_drift_adapt,4,"error_divergence_ph_meta@error.threshold=0.10,error.min_instances=5",error_divergence_ph_meta,"{""divergence"": {""alpha"": 0.1, ""delta"": 0.005, ""min_instances"": 30, ""threshold"": 0.05}, ""error_rate"": {""alpha"": 0.15, ""delta"": 0.005, ""min_instances"": 5, ""threshold"": 0.1}}","{""error_rate"": {""min_instances"": 5, ""threshold"": 0.1}}",0.1,0.005,0.15,5,0.05,0.005,0.1,30,,,,-1,two_stage,2,0.5,"__confirm_cooldown=200,__confirm_rule=perm_test,__perm_alpha=0.01,__perm_delta_k=50,__perm_min_effect=0,__perm_n_perm=200,__perm_post_n=50,__perm_pre_n=200,__perm_rng_seed=0,__perm_stat=delta_fused_score,divergence=0.3,error_rate=0.5,teacher_entropy=0.2",3,0,200,0.0,0,10000,10.0,25.0,200,500,1,136,1.0,0.8540852864583334,0.658989653592646,0.3333333333333333,0.27720504999160767,0.018416615203022957,0,0,105,89,-1,perm_test,0.004975124378109453,0.11349739270302256,200,89,111,0.0,0.3333333333333333,0,0.0,0.0,0.0,0.0,0,none,0,1,0,overconfident,0.95,0,mild_drift,0.9677322582709088,0.001174877806832674,0.8500488772645998,0.8775219947795578,1768132914.013481,0.29287028312683105,0.15890690684318542
577,36928,36927,sea_abrupt4,sea,ts_drift_adapt,4,"error_divergence_ph_meta@error.threshold=0.10,error.min_instances=5",error_divergence_ph_meta,"{""divergence"": {""alpha"": 0.1, ""delta"": 0.005, ""min_instances"": 30, ""threshold"": 0.05}, ""error_rate"": {""alpha"": 0.15, ""delta"": 0.005, ""min_instances"": 5, ""threshold"": 0.1}}","{""error_rate"": {""min_instances"": 5, ""threshold"": 0.1}}",0.1,0.005,0.15,5,0.05,0.005,0.1,30,,,,-1,two_stage,2,0.5,"__confirm_cooldown=200,__confirm_rule=perm_test,__perm_alpha=0.01,__perm_delta_k=50,__perm_min_effect=0,__perm_n_perm=200,__perm_post_n=50,__perm_pre_n=200,__perm_rng_seed=0,__perm_stat=delta_fused_score,divergence=0.3,error_rate=0.5,teacher_entropy=0.2",3,0,200,0.0,0,10000,10.0,25.0,200,500,1,72,1.0,0.8541486135181976,0.6592497236844245,0.16666666666666666,0.2969430088996887,0.01812092959880829,0,0,105,89,-1,perm_test,0.004975124378109453,0.11349739270302256,200,89,111,0.0,0.16666666666666666,0,0.0,0.0,0.0,0.0,0,none,0,1,0,overconfident,0.95,0,mild_drift,0.9640161291354543,0.001237438903416337,0.8250244386322999,0.8662609973897789,1768132914.02376,0.2782013416290283,0.1684686839580536
578,36992,36991,sea_abrupt4,sea,ts_drift_adapt,4,"error_divergence_ph_meta@error.threshold=0.10,error.min_instances=5",error_divergence_ph_meta,"{""divergence"": {""alpha"": 0.1, ""delta"": 0.005, ""min_instances"": 30, ""threshold"": 0.05}, ""error_rate"": {""alpha"": 0.15, ""delta"": 0.005, ""min_instances"": 5, ""threshold"": 0.1}}","{""error_rate"": {""min_instances"": 5, ""threshold"": 0.1}}",0.1,0.005,0.15,5,0.05,0.005,0.1,30,,,,-1,two_stage,2,0.5,"__confirm_cooldown=200,__confirm_rule=perm_test,__perm_alpha=0.01,__perm_delta_k=50,__perm_min_effect=0,__perm_n_perm=200,__perm_post_n=50,__perm_pre_n=200,__perm_rng_seed=0,__perm_stat=delta_fused_score,divergence=0.3,error_rate=0.5,teacher_entropy=0.2",3,0,200,0.0,0,10000,10.0,25.0,200,500,1,8,1.0,0.8542387543252595,0.6596548230959947,0.0,0.28003785014152527,0.024539008736610413,0,0,105,89,-1,perm_test,0.004975124378109453,0.11349739270302256,200,89,111,0.0,0.16666666666666666,0,0.0,0.0,0.0,0.0,0,none,0,1,0,overconfident,0.95,0,mild_drift,0.9621580645677271,0.0012687194517081684,0.81251221931615,0.8606304986948894,1768132914.0341153,0.1983368992805481,0.18340398371219635
579,37056,37055,sea_abrupt4,sea,ts_drift_adapt,4,"error_divergence_ph_meta@error.threshold=0.10,error.min_instances=5",error_divergence_ph_meta,"{""divergence"": {""alpha"": 0.1, ""delta"": 0.005, ""min_instances"": 30, ""threshold"": 0.05}, ""error_rate"": {""alpha"": 0.15, ""delta"": 0.005, ""min_instances"": 5, ""threshold"": 0.1}}","{""error_rate"": {""min_instances"": 5, ""threshold"": 0.1}}",0.1,0.005,0.15,5,0.05,0.005,0.1,30,,,,-1,two_stage,2,0.5,"__confirm_cooldown=200,__confirm_rule=perm_test,__perm_alpha=0.01,__perm_delta_k=50,__perm_min_effect=0,__perm_n_perm=200,__perm_post_n=50,__perm_pre_n=200,__perm_rng_seed=0,__perm_stat=delta_fused_score,divergence=0.3,error_rate=0.5,teacher_entropy=0.2",3,0,200,0.0,0,10000,10.0,25.0,200,500,0,0,1.0,0.8544095423143351,0.6602103366388473,0.0,0.2559531033039093,0.010442156344652176,0,1,106,89,-1,perm_test,1.0,-0.059788418274039655,201,89,112,0.0,0.014096852391958237,1,0.5,0.0,0.0,0.0,0,none,0,1,0,overconfident,0.95,0,mild_drift,0.9612290322838635,0.0012843597258540844,0.806256109658075,0.8578152493474447,1768132914.0448265,0.31082069873809814,0.11595205962657928
580,37120,37119,sea_abrupt4,sea,ts_drift_adapt,4,"error_divergence_ph_meta@error.threshold=0.10,error.min_instances=5",error_divergence_ph_meta,"{""divergence"": {""alpha"": 0.1, ""delta"": 0.005, ""min_instances"": 30, ""threshold"": 0.05}, ""error_rate"": {""alpha"": 0.15, ""delta"": 0.005, ""min_instances"": 5, ""threshold"": 0.1}}","{""error_rate"": {""min_instances"": 5, ""threshold"": 0.1}}",0.1,0.005,0.15,5,0.05,0.005,0.1,30,,,,-1,two_stage,2,0.5,"__confirm_cooldown=200,__confirm_rule=perm_test,__perm_alpha=0.01,__perm_delta_k=50,__perm_min_effect=0,__perm_n_perm=200,__perm_post_n=50,__perm_pre_n=200,__perm_rng_seed=0,__perm_stat=delta_fused_score,divergence=0.3,error_rate=0.5,teacher_entropy=0.2",3,0,200,0.0,0,10000,10.0,25.0,200,500,0,0,1.0,0.854552801724138,0.6606970995815864,0.16666666666666666,0.2329396903514862,0.010266681201756,0,0,106,89,-1,perm_test,0.46766169154228854,0.0009128631685901001,202,89,113,0.0,0.16666666666666666,0,0.0,0.0,0.0,0.0,0,none,0,1,0,overconfident,0.95,0,mild_drift,0.9607645161419317,0.0012921798629270424,0.8031280548290376,0.8564076246737223,1768132914.0608745,0.19183556735515594,0.08729372173547745
581,37184,37183,sea_abrupt4,sea,ts_drift_adapt,4,"error_divergence_ph_meta@error.threshold=0.10,error.min_instances=5",error_divergence_ph_meta,"{""divergence"": {""alpha"": 0.1, ""delta"": 0.005, ""min_instances"": 30, ""threshold"": 0.05}, ""error_rate"": {""alpha"": 0.15, ""delta"": 0.005, ""min_instances"": 5, ""threshold"": 0.1}}","{""error_rate"": {""min_instances"": 5, ""threshold"": 0.1}}",0.1,0.005,0.15,5,0.05,0.005,0.1,30,,,,-1,two_stage,2,0.5,"__confirm_cooldown=200,__confirm_rule=perm_test,__perm_alpha=0.01,__perm_delta_k=50,__perm_min_effect=0,__perm_n_perm=200,__perm_post_n=50,__perm_pre_n=200,__perm_rng_seed=0,__perm_stat=delta_fused_score,divergence=0.3,error_rate=0.5,teacher_entropy=0.2",3,0,200,0.0,0,10000,10.0,25.0,200,500,0,0,1.0,0.8547224612736661,0.6613455940675093,0.0,0.21559663116931915,0.012699941173195839,0,0,106,89,-1,perm_test,1.0,-0.09789213896880095,203,89,114,0.0,0.16666666666666666,0,0.0,0.0,0.0,0.0,0,none,0,1,0,overconfident,0.95,0,mild_drift,0.9605322580709659,0.0012960899314635212,0.8015640274145188,0.8557038123368612,1768132914.0715241,0.029560068622231483,0.09325346350669861
582,37248,37247,sea_abrupt4,sea,ts_drift_adapt,4,"error_divergence_ph_meta@error.threshold=0.10,error.min_instances=5",error_divergence_ph_meta,"{""divergence"": {""alpha"": 0.1, ""delta"": 0.005, ""min_instances"": 30, ""threshold"": 0.05}, ""error_rate"": {""alpha"": 0.15, ""delta"": 0.005, ""min_instances"": 5, ""threshold"": 0.1}}","{""error_rate"": {""min_instances"": 5, ""threshold"": 0.1}}",0.1,0.005,0.15,5,0.05,0.005,0.1,30,,,,-1,two_stage,2,0.5,"__confirm_cooldown=200,__confirm_rule=perm_test,__perm_alpha=0.01,__perm_delta_k=50,__perm_min_effect=0,__perm_n_perm=200,__perm_post_n=50,__perm_pre_n=200,__perm_rng_seed=0,__perm_stat=delta_fused_score,divergence=0.3,error_rate=0.5,teacher_entropy=0.2",3,0,200,0.0,0,10000,10.0,25.0,200,500,0,0,1.0,0.8548378436426117,0.6617807732270331,0.0,0.2433532476425171,0.011583484709262848,0,0,106,89,-1,perm_test,1.0,-0.049855725111517715,204,89,115,0.0,0.001116456463932991,0,0.0,0.0,0.0,0.0,0,none,0,1,0,overconfident,0.95,0,mild_drift,0.9604161290354829,0.0012980449657317606,0.8007820137072594,0.8553519061684306,1768132914.0822375,0.04565011337399483,0.10299231112003326
583,37312,37311,sea_abrupt4,sea,ts_drift_adapt,4,"error_divergence_ph_meta@error.threshold=0.10,error.min_instances=5",error_divergence_ph_meta,"{""divergence"": {""alpha"": 0.1, ""delta"": 0.005, ""min_instances"": 30, ""threshold"": 0.05}, ""error_rate"": {""alpha"": 0.15, ""delta"": 0.005, ""min_instances"": 5, ""threshold"": 0.1}}","{""error_rate"": {""min_instances"": 5, ""threshold"": 0.1}}",0.1,0.005,0.15,5,0.05,0.005,0.1,30,,,,-1,two_stage,2,0.5,"__confirm_cooldown=200,__confirm_rule=perm_test,__perm_alpha=0.01,__perm_delta_k=50,__perm_min_effect=0,__perm_n_perm=200,__perm_post_n=50,__perm_pre_n=200,__perm_rng_seed=0,__perm_stat=delta_fused_score,divergence=0.3,error_rate=0.5,teacher_entropy=0.2",3,0,200,0.0,0,10000,10.0,25.0,200,500,0,0,1.0,0.8548724271012007,0.6619456266287831,0.0,0.26570332050323486,0.013063794933259487,0,0,106,89,-1,perm_test,1.0,-0.049855725111517715,204,89,115,0.0,0.0014803102239966393,0,0.0,0.0,0.0,0.0,0,none,0,1,0,overconfident,0.95,0,mild_drift,0.9603580645177414,0.0012990224828658805,0.8003910068536297,0.8551759530842153,1768132914.0927806,0.07656553387641907,0.11186425387859344
584,37376,37375,sea_abrupt4,sea,ts_drift_adapt,4,"error_divergence_ph_meta@error.threshold=0.10,error.min_instances=5",error_divergence_ph_meta,"{""divergence"": {""alpha"": 0.1, ""delta"": 0.005, ""min_instances"": 30, ""threshold"": 0.05}, ""error_rate"": {""alpha"": 0.15, ""delta"": 0.005, ""min_instances"": 5, ""threshold"": 0.1}}","{""error_rate"": {""min_instances"": 5, ""threshold"": 0.1}}",0.1,0.005,0.15,5,0.05,0.005,0.1,30,,,,-1,two_stage,2,0.5,"__confirm_cooldown=200,__confirm_rule=perm_test,__perm_alpha=0.01,__perm_delta_k=50,__perm_min_effect=0,__perm_n_perm=200,__perm_post_n=50,__perm_pre_n=200,__perm_rng_seed=0,__perm_stat=delta_fused_score,divergence=0.3,error_rate=0.5,teacher_entropy=0.2",3,0,200,0.0,0,10000,10.0,25.0,200,500,0,0,1.0,0.8549068921232876,0.6621549599373782,0.16666666666666666,0.25410524010658264,0.011933880858123302,1,1,107,90,0,perm_test,0.004975124378109453,0.0648947541713822,205,90,115,0.16666666666666666,0.16666666666666666,1,0.5,0.0,0.0,0.0,0,none,1,1,0,overconfident,0.95,0,severe_drift,0.9256790322588707,0.0016495112414329403,0.6501955034268149,0.8325879765421077,1768132914.1091332,0.6516061425209045,0.08950242400169373
585,37440,37439,sea_abrupt4,sea,ts_drift_adapt,4,"error_divergence_ph_meta@error.threshold=0.10,error.min_instances=5",error_divergence_ph_meta,"{""divergence"": {""alpha"": 0.1, ""delta"": 0.005, ""min_instances"": 30, ""threshold"": 0.05}, ""error_rate"": {""alpha"": 0.15, ""delta"": 0.005, ""min_instances"": 5, ""threshold"": 0.1}}","{""error_rate"": {""min_instances"": 5, ""threshold"": 0.1}}",0.1,0.005,0.15,5,0.05,0.005,0.1,30,,,,-1,two_stage,2,0.5,"__confirm_cooldown=200,__confirm_rule=perm_test,__perm_alpha=0.01,__perm_delta_k=50,__perm_min_effect=0,__perm_n_perm=200,__perm_post_n=50,__perm_pre_n=200,__perm_rng_seed=0,__perm_stat=delta_fused_score,divergence=0.3,error_rate=0.5,teacher_entropy=0.2",3,0,200,0.0,0,10000,10.0,25.0,200,500,1,136,1.0,0.8550213675213675,0.662610844474974,0.16666666666666666,0.26608923077583313,0.011509180068969727,0,0,107,90,-1,perm_test,0.004975124378109453,0.0648947541713822,205,90,115,0.0,0.0004247007891535759,0,0.0,0.0,0.0,0.0,0,none,0,1,0,overconfident,0.95,0,mild_drift,0.9429895161294353,0.0014747556207164703,0.7250977517134074,0.8437939882710539,1768132914.1197202,0.44296351075172424,0.11223582923412323
586,37504,37503,sea_abrupt4,sea,ts_drift_adapt,4,"error_divergence_ph_meta@error.threshold=0.10,error.min_instances=5",error_divergence_ph_meta,"{""divergence"": {""alpha"": 0.1, ""delta"": 0.005, ""min_instances"": 30, ""threshold"": 0.05}, ""error_rate"": {""alpha"": 0.15, ""delta"": 0.005, ""min_instances"": 5, ""threshold"": 0.1}}","{""error_rate"": {""min_instances"": 5, ""threshold"": 0.1}}",0.1,0.005,0.15,5,0.05,0.005,0.1,30,,,,-1,two_stage,2,0.5,"__confirm_cooldown=200,__confirm_rule=perm_test,__perm_alpha=0.01,__perm_delta_k=50,__perm_min_effect=0,__perm_n_perm=200,__perm_post_n=50,__perm_pre_n=200,__perm_rng_seed=0,__perm_stat=delta_fused_score,divergence=0.3,error_rate=0.5,teacher_entropy=0.2",3,0,200,0.0,0,10000,10.0,25.0,200,500,1,72,1.0,0.8551087883959044,0.6629288048022491,0.0,0.19375750422477722,0.009158422239124775,0,0,107,90,-1,perm_test,0.004975124378109453,0.0648947541713822,205,90,115,0.0,0.16666666666666666,0,0.0,0.0,0.0,0.0,0,none,0,1,0,overconfident,0.95,0,mild_drift,0.9516447580647176,0.0013873778103582353,0.7625488758567037,0.8493969941355269,1768132914.1302483,0.2562927305698395,0.0926387757062912
587,37568,37567,sea_abrupt4,sea,ts_drift_adapt,4,"error_divergence_ph_meta@error.threshold=0.10,error.min_instances=5",error_divergence_ph_meta,"{""divergence"": {""alpha"": 0.1, ""delta"": 0.005, ""min_instances"": 30, ""threshold"": 0.05}, ""error_rate"": {""alpha"": 0.15, ""delta"": 0.005, ""min_instances"": 5, ""threshold"": 0.1}}","{""error_rate"": {""min_instances"": 5, ""threshold"": 0.1}}",0.1,0.005,0.15,5,0.05,0.005,0.1,30,,,,-1,two_stage,2,0.5,"__confirm_cooldown=200,__confirm_rule=perm_test,__perm_alpha=0.01,__perm_delta_k=50,__perm_min_effect=0,__perm_n_perm=200,__perm_post_n=50,__perm_pre_n=200,__perm_rng_seed=0,__perm_stat=delta_fused_score,divergence=0.3,error_rate=0.5,teacher_entropy=0.2",3,0,200,0.0,0,10000,10.0,25.0,200,500,1,8,1.0,0.855142674616695,0.6631056087603768,0.0,0.2702923119068146,0.011551069095730782,0,0,107,90,-1,perm_test,0.004975124378109453,0.0648947541713822,205,90,115,0.0,0.0023926468566060066,0,0.0,0.0,0.0,0.0,0,none,0,1,0,overconfident,0.95,0,mild_drift,0.9559723790323588,0.0013436889051791179,0.7812744379283518,0.8521984970677634,1768132914.1408412,0.08955276757478714,0.10683152079582214
588,37632,37631,sea_abrupt4,sea,ts_drift_adapt,4,"error_divergence_ph_meta@error.threshold=0.10,error.min_instances=5",error_divergence_ph_meta,"{""divergence"": {""alpha"": 0.1, ""delta"": 0.005, ""min_instances"": 30, ""threshold"": 0.05}, ""error_rate"": {""alpha"": 0.15, ""delta"": 0.005, ""min_instances"": 5, ""threshold"": 0.1}}","{""error_rate"": {""min_instances"": 5, ""threshold"": 0.1}}",0.1,0.005,0.15,5,0.05,0.005,0.1,30,,,,-1,two_stage,2,0.5,"__confirm_cooldown=200,__confirm_rule=perm_test,__perm_alpha=0.01,__perm_delta_k=50,__perm_min_effect=0,__perm_n_perm=200,__perm_post_n=50,__perm_pre_n=200,__perm_rng_seed=0,__perm_stat=delta_fused_score,divergence=0.3,error_rate=0.5,teacher_entropy=0.2",3,0,200,0.0,0,10000,10.0,25.0,200,500,0,0,1.0,0.8553093112244898,0.663581003224684,0.16666666666666666,0.2619921863079071,0.013354333117604256,0,0,107,90,-1,perm_test,0.004975124378109453,0.0648947541713822,205,90,115,0.0,0.16666666666666666,0,0.0,0.0,0.0,0.0,0,none,0,1,0,overconfident,0.95,0,mild_drift,0.9581361895161793,0.0013218444525895591,0.7906372189641759,0.8535992485338817,1768132914.1516297,0.29654479026794434,0.11266958713531494
589,37696,37695,sea_abrupt4,sea,ts_drift_adapt,4,"error_divergence_ph_meta@error.threshold=0.10,error.min_instances=5",error_divergence_ph_meta,"{""divergence"": {""alpha"": 0.1, ""delta"": 0.005, ""min_instances"": 30, ""threshold"": 0.05}, ""error_rate"": {""alpha"": 0.15, ""delta"": 0.005, ""min_instances"": 5, ""threshold"": 0.1}}","{""error_rate"": {""min_instances"": 5, ""threshold"": 0.1}}",0.1,0.005,0.15,5,0.05,0.005,0.1,30,,,,-1,two_stage,2,0.5,"__confirm_cooldown=200,__confirm_rule=perm_test,__perm_alpha=0.01,__perm_delta_k=50,__perm_min_effect=0,__perm_n_perm=200,__perm_post_n=50,__perm_pre_n=200,__perm_rng_seed=0,__perm_stat=delta_fused_score,divergence=0.3,error_rate=0.5,teacher_entropy=0.2",3,0,200,0.0,0,10000,10.0,25.0,200,500,0,0,1.0,0.8553162139219015,0.6637193135548791,0.0,0.29134708642959595,0.015202133916318417,0,1,108,90,-1,perm_test,1.0,-0.04836378274774457,206,90,116,0.16666666666666666,0.16666666666666666,1,0.5,0.0,0.0,0.0,0,none,0,1,0,overconfident,0.95,0,mild_drift,0.9592180947580896,0.0013109222262947797,0.795318609482088,0.8542996242669408,1768132914.1625633,0.03181448206305504,0.1264023780822754
590,37760,37759,sea_abrupt4,sea,ts_drift_adapt,4,"error_divergence_ph_meta@error.threshold=0.10,error.min_instances=5",error_divergence_ph_meta,"{""divergence"": {""alpha"": 0.1, ""delta"": 0.005, ""min_instances"": 30, ""threshold"": 0.05}, ""error_rate"": {""alpha"": 0.15, ""delta"": 0.005, ""min_instances"": 5, ""threshold"": 0.1}}","{""error_rate"": {""min_instances"": 5, ""threshold"": 0.1}}",0.1,0.005,0.15,5,0.05,0.005,0.1,30,,,,-1,two_stage,2,0.5,"__confirm_cooldown=200,__confirm_rule=perm_test,__perm_alpha=0.01,__perm_delta_k=50,__perm_min_effect=0,__perm_n_perm=200,__perm_post_n=50,__perm_pre_n=200,__perm_rng_seed=0,__perm_stat=delta_fused_score,divergence=0.3,error_rate=0.5,teacher_entropy=0.2",3,0,200,0.0,0,10000,10.0,25.0,200,500,0,0,1.0,0.8554290254237288,0.6640210808175023,0.0,0.24971379339694977,0.005820049904286861,1,0,108,91,1,perm_test,0.004975124378109453,0.04009105659224659,207,91,116,0.0,0.009382084012031555,0,0.0,0.0,0.0,0.0,0,none,1,1,0,overconfident,0.95,0,stable,0.9746090473790447,0.0010554611131473898,0.8976593047410439,0.8996498121334704,1768132914.1789744,0.0630122646689415,0.06983457505702972
591,37824,37823,sea_abrupt4,sea,ts_drift_adapt,4,"error_divergence_ph_meta@error.threshold=0.10,error.min_instances=5",error_divergence_ph_meta,"{""divergence"": {""alpha"": 0.1, ""delta"": 0.005, ""min_instances"": 30, ""threshold"": 0.05}, ""error_rate"": {""alpha"": 0.15, ""delta"": 0.005, ""min_instances"": 5, ""threshold"": 0.1}}","{""error_rate"": {""min_instances"": 5, ""threshold"": 0.1}}",0.1,0.005,0.15,5,0.05,0.005,0.1,30,,,,-1,two_stage,2,0.5,"__confirm_cooldown=200,__confirm_rule=perm_test,__perm_alpha=0.01,__perm_delta_k=50,__perm_min_effect=0,__perm_n_perm=200,__perm_post_n=50,__perm_pre_n=200,__perm_rng_seed=0,__perm_stat=delta_fused_score,divergence=0.3,error_rate=0.5,teacher_entropy=0.2",3,0,200,0.0,0,10000,10.0,25.0,200,500,1,136,1.0,0.8554092639593909,0.6642061763785608,0.16666666666666666,0.2669316828250885,0.012795023620128632,0,0,108,91,-1,perm_test,0.004975124378109453,0.04009105659224659,207,91,116,0.0,0.16666666666666666,0,0.0,0.0,0.0,0.0,0,none,0,1,0,overconfident,0.95,0,mild_drift,0.9674545236895223,0.001177730556573695,0.848829652370522,0.8773249060667352,1768132914.1916032,0.41821885108947754,0.08317530155181885
592,37888,37887,sea_abrupt4,sea,ts_drift_adapt,4,"error_divergence_ph_meta@error.threshold=0.10,error.min_instances=5",error_divergence_ph_meta,"{""divergence"": {""alpha"": 0.1, ""delta"": 0.005, ""min_instances"": 30, ""threshold"": 0.05}, ""error_rate"": {""alpha"": 0.15, ""delta"": 0.005, ""min_instances"": 5, ""threshold"": 0.1}}","{""error_rate"": {""min_instances"": 5, ""threshold"": 0.1}}",0.1,0.005,0.15,5,0.05,0.005,0.1,30,,,,-1,two_stage,2,0.5,"__confirm_cooldown=200,__confirm_rule=perm_test,__perm_alpha=0.01,__perm_delta_k=50,__perm_min_effect=0,__perm_n_perm=200,__perm_post_n=50,__perm_pre_n=200,__perm_rng_seed=0,__perm_stat=delta_fused_score,divergence=0.3,error_rate=0.5,teacher_entropy=0.2",3,0,200,0.0,0,10000,10.0,25.0,200,500,1,72,1.0,0.855442356418919,0.6643718467543368,0.0,0.2786964178085327,0.015980547294020653,0,0,108,91,-1,perm_test,0.004975124378109453,0.04009105659224659,207,91,116,0.0,0.16666666666666666,0,0.0,0.0,0.0,0.0,0,none,0,1,0,overconfident,0.95,0,mild_drift,0.9638772618447611,0.0012388652782868476,0.8244148261852611,0.8661624530333676,1768132914.2046244,0.0728612020611763,0.15027174353599548
593,37952,37951,sea_abrupt4,sea,ts_drift_adapt,4,"error_divergence_ph_meta@error.threshold=0.10,error.min_instances=5",error_divergence_ph_meta,"{""divergence"": {""alpha"": 0.1, ""delta"": 0.005, ""min_instances"": 30, ""threshold"": 0.05}, ""error_rate"": {""alpha"": 0.15, ""delta"": 0.005, ""min_instances"": 5, ""threshold"": 0.1}}","{""error_rate"": {""min_instances"": 5, ""threshold"": 0.1}}",0.1,0.005,0.15,5,0.05,0.005,0.1,30,,,,-1,two_stage,2,0.5,"__confirm_cooldown=200,__confirm_rule=perm_test,__perm_alpha=0.01,__perm_delta_k=50,__perm_min_effect=0,__perm_n_perm=200,__perm_post_n=50,__perm_pre_n=200,__perm_rng_seed=0,__perm_stat=delta_fused_score,divergence=0.3,error_rate=0.5,teacher_entropy=0.2",3,0,200,0.0,0,10000,10.0,25.0,200,500,1,8,1.0,0.8554753372681282,0.6645180744335584,0.0,0.2369304597377777,0.013601252809166908,0,0,108,91,-1,perm_test,0.004975124378109453,0.04009105659224659,207,91,116,0.0,0.0023792944848537445,0,0.0,0.0,0.0,0.0,0,none,0,1,0,overconfident,0.95,0,mild_drift,0.9620886309223805,0.001269432639143424,0.8122074130926306,0.8605812265166838,1768132914.2176445,0.05598193034529686,0.1334432065486908
594,38016,38015,sea_abrupt4,sea,ts_drift_adapt,4,"error_divergence_ph_meta@error.threshold=0.10,error.min_instances=5",error_divergence_ph_meta,"{""divergence"": {""alpha"": 0.1, ""delta"": 0.005, ""min_instances"": 30, ""threshold"": 0.05}, ""error_rate"": {""alpha"": 0.15, ""delta"": 0.005, ""min_instances"": 5, ""threshold"": 0.1}}","{""error_rate"": {""min_instances"": 5, ""threshold"": 0.1}}",0.1,0.005,0.15,5,0.05,0.005,0.1,30,,,,-1,two_stage,2,0.5,"__confirm_cooldown=200,__confirm_rule=perm_test,__perm_alpha=0.01,__perm_delta_k=50,__perm_min_effect=0,__perm_n_perm=200,__perm_post_n=50,__perm_pre_n=200,__perm_rng_seed=0,__perm_stat=delta_fused_score,divergence=0.3,error_rate=0.5,teacher_entropy=0.2",3,0,200,0.0,0,10000,10.0,25.0,200,500,0,0,1.0,0.8553766835016835,0.6644268715876755,0.16666666666666666,0.3125772774219513,0.023244692012667656,1,1,109,92,0,perm_test,0.004975124378109453,0.05763007755142879,208,92,116,0.16666666666666666,0.16666666666666666,1,0.5,0.0,0.0,0.0,0,none,1,1,0,overconfident,0.95,0,severe_drift,0.9265443154611903,0.001634716319571712,0.6561037065463153,0.835290613258342,1768132914.2346315,0.19618190824985504,0.17984232306480408
595,38080,38079,sea_abrupt4,sea,ts_drift_adapt,4,"error_divergence_ph_meta@error.threshold=0.10,error.min_instances=5",error_divergence_ph_meta,"{""divergence"": {""alpha"": 0.1, ""delta"": 0.005, ""min_instances"": 30, ""threshold"": 0.05}, ""error_rate"": {""alpha"": 0.15, ""delta"": 0.005, ""min_instances"": 5, ""threshold"": 0.1}}","{""error_rate"": {""min_instances"": 5, ""threshold"": 0.1}}",0.1,0.005,0.15,5,0.05,0.005,0.1,30,,,,-1,two_stage,2,0.5,"__confirm_cooldown=200,__confirm_rule=perm_test,__perm_alpha=0.01,__perm_delta_k=50,__perm_min_effect=0,__perm_n_perm=200,__perm_post_n=50,__perm_pre_n=200,__perm_rng_seed=0,__perm_stat=delta_fused_score,divergence=0.3,error_rate=0.5,teacher_entropy=0.2",3,0,200,0.0,0,10000,10.0,25.0,200,500,1,136,1.0,0.8555672268907563,0.6649409375853564,0.0,0.20509588718414307,0.016397977247834206,0,0,109,92,-1,perm_test,0.004975124378109453,0.05763007755142879,208,92,116,0.0,0.16666666666666666,0,0.0,0.0,0.0,0.0,0,none,0,1,0,overconfident,0.95,0,mild_drift,0.9434221577305951,0.0014673581597858562,0.7280518532731577,0.845145306629171,1768132914.2447674,0.12056043744087219,0.17019864916801453
596,38144,38143,sea_abrupt4,sea,ts_drift_adapt,4,"error_divergence_ph_meta@error.threshold=0.10,error.min_instances=5",error_divergence_ph_meta,"{""divergence"": {""alpha"": 0.1, ""delta"": 0.005, ""min_instances"": 30, ""threshold"": 0.05}, ""error_rate"": {""alpha"": 0.15, ""delta"": 0.005, ""min_instances"": 5, ""threshold"": 0.1}}","{""error_rate"": {""min_instances"": 5, ""threshold"": 0.1}}",0.1,0.005,0.15,5,0.05,0.005,0.1,30,,,,-1,two_stage,2,0.5,"__confirm_cooldown=200,__confirm_rule=perm_test,__perm_alpha=0.01,__perm_delta_k=50,__perm_min_effect=0,__perm_n_perm=200,__perm_post_n=50,__perm_pre_n=200,__perm_rng_seed=0,__perm_stat=delta_fused_score,divergence=0.3,error_rate=0.5,teacher_entropy=0.2",3,0,200,0.0,0,10000,10.0,25.0,200,500,1,72,1.0,0.8555736157718121,0.6650551741743477,0.0,0.2494293600320816,0.015477960929274559,0,0,109,92,-1,perm_test,0.004975124378109453,0.05763007755142879,208,92,116,0.0,0.0009200163185596466,0,0.0,0.0,0.0,0.0,0,none,0,1,0,overconfident,0.95,0,mild_drift,0.9518610788652975,0.0013836790798929283,0.7640259266365789,0.8500726533145855,1768132914.255045,0.08910024166107178,0.13457132875919342
597,38208,38207,sea_abrupt4,sea,ts_drift_adapt,4,"error_divergence_ph_meta@error.threshold=0.10,error.min_instances=5",error_divergence_ph_meta,"{""divergence"": {""alpha"": 0.1, ""delta"": 0.005, ""min_instances"": 30, ""threshold"": 0.05}, ""error_rate"": {""alpha"": 0.15, ""delta"": 0.005, ""min_instances"": 5, ""threshold"": 0.1}}","{""error_rate"": {""min_instances"": 5, ""threshold"": 0.1}}",0.1,0.005,0.15,5,0.05,0.005,0.1,30,,,,-1,two_stage,2,0.5,"__confirm_cooldown=200,__confirm_rule=perm_test,__perm_alpha=0.01,__perm_delta_k=50,__perm_min_effect=0,__perm_n_perm=200,__perm_post_n=50,__perm_pre_n=200,__perm_rng_seed=0,__perm_stat=delta_fused_score,divergence=0.3,error_rate=0.5,teacher_entropy=0.2",3,0,200,0.0,0,10000,10.0,25.0,200,500,1,8,1.0,0.8556585008375209,0.6653724083761505,0.16666666666666666,0.19439807534217834,0.015515695326030254,0,0,109,92,-1,perm_test,0.004975124378109453,0.05763007755142879,208,92,116,0.0,0.16666666666666666,0,0.0,0.0,0.0,0.0,0,none,0,1,0,overconfident,0.95,0,mild_drift,0.9560805394326487,0.0013418395399464643,0.7820129633182895,0.8525363266572927,1768132914.2653668,0.2522490918636322,0.1101643443107605
598,38272,38271,sea_abrupt4,sea,ts_drift_adapt,4,"error_divergence_ph_meta@error.threshold=0.10,error.min_instances=5",error_divergence_ph_meta,"{""divergence"": {""alpha"": 0.1, ""delta"": 0.005, ""min_instances"": 30, ""threshold"": 0.05}, ""error_rate"": {""alpha"": 0.15, ""delta"": 0.005, ""min_instances"": 5, ""threshold"": 0.1}}","{""error_rate"": {""min_instances"": 5, ""threshold"": 0.1}}",0.1,0.005,0.15,5,0.05,0.005,0.1,30,,,,-1,two_stage,2,0.5,"__confirm_cooldown=200,__confirm_rule=perm_test,__perm_alpha=0.01,__perm_delta_k=50,__perm_min_effect=0,__perm_n_perm=200,__perm_post_n=50,__perm_pre_n=200,__perm_rng_seed=0,__perm_stat=delta_fused_score,divergence=0.3,error_rate=0.5,teacher_entropy=0.2",3,0,200,0.0,0,10000,10.0,25.0,200,500,0,0,1.0,0.8556647157190636,0.6655249013616232,0.0,0.2817472219467163,0.01927397958934307,0,0,109,92,-1,perm_test,0.004975124378109453,0.05763007755142879,208,92,116,0.0,0.16666666666666666,0,0.0,0.0,0.0,0.0,0,none,0,1,0,overconfident,0.95,0,mild_drift,0.9581902697163243,0.0013209197699732321,0.7910064816591448,0.8537681633286464,1768132914.2758567,0.0730874091386795,0.12866610288619995
599,38336,38335,sea_abrupt4,sea,ts_drift_adapt,4,"error_divergence_ph_meta@error.threshold=0.10,error.min_instances=5",error_divergence_ph_meta,"{""divergence"": {""alpha"": 0.1, ""delta"": 0.005, ""min_instances"": 30, ""threshold"": 0.05}, ""error_rate"": {""alpha"": 0.15, ""delta"": 0.005, ""min_instances"": 5, ""threshold"": 0.1}}","{""error_rate"": {""min_instances"": 5, ""threshold"": 0.1}}",0.1,0.005,0.15,5,0.05,0.005,0.1,30,,,,-1,two_stage,2,0.5,"__confirm_cooldown=200,__confirm_rule=perm_test,__perm_alpha=0.01,__perm_delta_k=50,__perm_min_effect=0,__perm_n_perm=200,__perm_post_n=50,__perm_pre_n=200,__perm_rng_seed=0,__perm_stat=delta_fused_score,divergence=0.3,error_rate=0.5,teacher_entropy=0.2",3,0,200,0.0,0,10000,10.0,25.0,200,500,0,0,1.0,0.8556448247078464,0.6655948202730264,0.0,0.27110812067985535,0.02194793149828911,0,1,110,92,-1,perm_test,1.0,-0.023652385291328022,209,92,117,0.16666666666666666,0.0026739519089460373,1,0.5,0.0,0.0,0.0,0,none,0,1,0,overconfident,0.95,0,mild_drift,0.9592451348581621,0.001310459884986616,0.7955032408295724,0.8543840816643231,1768132914.286602,0.08827174454927444,0.13807690143585205
600,38400,38399,sea_abrupt4,sea,ts_drift_adapt,4,"error_divergence_ph_meta@error.threshold=0.10,error.min_instances=5",error_divergence_ph_meta,"{""divergence"": {""alpha"": 0.1, ""delta"": 0.005, ""min_instances"": 30, ""threshold"": 0.05}, ""error_rate"": {""alpha"": 0.15, ""delta"": 0.005, ""min_instances"": 5, ""threshold"": 0.1}}","{""error_rate"": {""min_instances"": 5, ""threshold"": 0.1}}",0.1,0.005,0.15,5,0.05,0.005,0.1,30,,,,-1,two_stage,2,0.5,"__confirm_cooldown=200,__confirm_rule=perm_test,__perm_alpha=0.01,__perm_delta_k=50,__perm_min_effect=0,__perm_n_perm=200,__perm_post_n=50,__perm_pre_n=200,__perm_rng_seed=0,__perm_stat=delta_fused_score,divergence=0.3,error_rate=0.5,teacher_entropy=0.2",3,0,200,0.0,0,10000,10.0,25.0,200,500,0,0,1.0,0.8557291666666667,0.6658326221553172,0.0,0.23062735795974731,0.011289461515843868,0,0,110,92,-1,perm_test,1.0,-0.0035267518341129973,210,92,118,0.0,0.01065846998244524,0,0.0,0.0,0.0,0.0,0,none,0,1,0,overconfident,0.95,0,mild_drift,0.959772567429081,0.001305229942493308,0.7977516204147862,0.8546920408321615,1768132914.2975128,0.01799132488667965,0.1055053174495697
601,38464,38463,sea_abrupt4,sea,ts_drift_adapt,4,"error_divergence_ph_meta@error.threshold=0.10,error.min_instances=5",error_divergence_ph_meta,"{""divergence"": {""alpha"": 0.1, ""delta"": 0.005, ""min_instances"": 30, ""threshold"": 0.05}, ""error_rate"": {""alpha"": 0.15, ""delta"": 0.005, ""min_instances"": 5, ""threshold"": 0.1}}","{""error_rate"": {""min_instances"": 5, ""threshold"": 0.1}}",0.1,0.005,0.15,5,0.05,0.005,0.1,30,,,,-1,two_stage,2,0.5,"__confirm_cooldown=200,__confirm_rule=perm_test,__perm_alpha=0.01,__perm_delta_k=50,__perm_min_effect=0,__perm_n_perm=200,__perm_post_n=50,__perm_pre_n=200,__perm_rng_seed=0,__perm_stat=delta_fused_score,divergence=0.3,error_rate=0.5,teacher_entropy=0.2",3,0,200,0.0,0,10000,10.0,25.0,200,500,0,0,1.0,0.8558392262895175,0.6661540229960047,0.0,0.17157185077667236,0.009875159710645676,0,0,110,92,-1,perm_test,1.0,-0.01888005803610759,211,92,119,0.0,0.0014143018051981926,0,0.0,0.0,0.0,0.0,0,none,0,1,0,overconfident,0.95,0,mild_drift,0.9600362837145404,0.001302614971246654,0.7988758102073932,0.8548460204160808,1768132914.30856,0.015753386542201042,0.08677376806735992
602,38528,38527,sea_abrupt4,sea,ts_drift_adapt,4,"error_divergence_ph_meta@error.threshold=0.10,error.min_instances=5",error_divergence_ph_meta,"{""divergence"": {""alpha"": 0.1, ""delta"": 0.005, ""min_instances"": 30, ""threshold"": 0.05}, ""error_rate"": {""alpha"": 0.15, ""delta"": 0.005, ""min_instances"": 5, ""threshold"": 0.1}}","{""error_rate"": {""min_instances"": 5, ""threshold"": 0.1}}",0.1,0.005,0.15,5,0.05,0.005,0.1,30,,,,-1,two_stage,2,0.5,"__confirm_cooldown=200,__confirm_rule=perm_test,__perm_alpha=0.01,__perm_delta_k=50,__perm_min_effect=0,__perm_n_perm=200,__perm_post_n=50,__perm_pre_n=200,__perm_rng_seed=0,__perm_stat=delta_fused_score,divergence=0.3,error_rate=0.5,teacher_entropy=0.2",3,0,200,0.0,0,10000,10.0,25.0,200,500,0,0,1.0,0.8558191445182725,0.6661978988440344,0.16666666666666666,0.23720698058605194,0.02199775166809559,1,0,110,93,3,perm_test,0.004975124378109453,0.04064901190768795,212,93,119,0.0,0.16666666666666666,0,0.0,0.0,0.0,0.0,0,none,1,1,0,overconfident,0.95,0,stable,0.9750181418572702,0.001051307485623327,0.8994379051036966,0.8999230102080404,1768132914.325217,0.20345868170261383,0.1989777833223343
603,38592,38591,sea_abrupt4,sea,ts_drift_adapt,4,"error_divergence_ph_meta@error.threshold=0.10,error.min_instances=5",error_divergence_ph_meta,"{""divergence"": {""alpha"": 0.1, ""delta"": 0.005, ""min_instances"": 30, ""threshold"": 0.05}, ""error_rate"": {""alpha"": 0.15, ""delta"": 0.005, ""min_instances"": 5, ""threshold"": 0.1}}","{""error_rate"": {""min_instances"": 5, ""threshold"": 0.1}}",0.1,0.005,0.15,5,0.05,0.005,0.1,30,,,,-1,two_stage,2,0.5,"__confirm_cooldown=200,__confirm_rule=perm_test,__perm_alpha=0.01,__perm_delta_k=50,__perm_min_effect=0,__perm_n_perm=200,__perm_post_n=50,__perm_pre_n=200,__perm_rng_seed=0,__perm_stat=delta_fused_score,divergence=0.3,error_rate=0.5,teacher_entropy=0.2",3,0,200,0.0,0,10000,10.0,25.0,200,500,1,136,1.0,0.8559027777777778,0.6665296032211834,0.0,0.26710596680641174,0.018321014940738678,0,0,110,93,-1,perm_test,0.004975124378109453,0.04064901190768795,212,93,119,0.0,0.16666666666666666,0,0.0,0.0,0.0,0.0,0,none,0,1,0,overconfident,0.95,0,mild_drift,0.967659070928635,0.0011756537428116636,0.8497189525518483,0.8774615051040202,1768132914.3361397,0.023334180936217308,0.11611095815896988
604,38656,38655,sea_abrupt4,sea,ts_drift_adapt,4,"error_divergence_ph_meta@error.threshold=0.10,error.min_instances=5",error_divergence_ph_meta,"{""divergence"": {""alpha"": 0.1, ""delta"": 0.005, ""min_instances"": 30, ""threshold"": 0.05}, ""error_rate"": {""alpha"": 0.15, ""delta"": 0.005, ""min_instances"": 5, ""threshold"": 0.1}}","{""error_rate"": {""min_instances"": 5, ""threshold"": 0.1}}",0.1,0.005,0.15,5,0.05,0.005,0.1,30,,,,-1,two_stage,2,0.5,"__confirm_cooldown=200,__confirm_rule=perm_test,__perm_alpha=0.01,__perm_delta_k=50,__perm_min_effect=0,__perm_n_perm=200,__perm_post_n=50,__perm_pre_n=200,__perm_rng_seed=0,__perm_stat=delta_fused_score,divergence=0.3,error_rate=0.5,teacher_entropy=0.2",3,0,200,0.0,0,10000,10.0,25.0,200,500,1,72,1.0,0.8560378725165563,0.6669464790962873,0.0,0.23259752988815308,0.011243498884141445,0,1,110,93,-1,perm_test,0.004975124378109453,0.04064901190768795,212,93,119,0.0,0.007077516056597233,1,0.5,0.0,0.0,0.0,0,none,0,1,0,overconfident,0.95,0,mild_drift,0.9639795354643175,0.0012378268714058319,0.8248594762759242,0.8662307525520101,1768132914.346635,0.13543389737606049,0.08498258888721466
605,38720,38719,sea_abrupt4,sea,ts_drift_adapt,4,"error_divergence_ph_meta@error.threshold=0.10,error.min_instances=5",error_divergence_ph_meta,"{""divergence"": {""alpha"": 0.1, ""delta"": 0.005, ""min_instances"": 30, ""threshold"": 0.05}, ""error_rate"": {""alpha"": 0.15, ""delta"": 0.005, ""min_instances"": 5, ""threshold"": 0.1}}","{""error_rate"": {""min_instances"": 5, ""threshold"": 0.1}}",0.1,0.005,0.15,5,0.05,0.005,0.1,30,,,,-1,two_stage,2,0.5,"__confirm_cooldown=200,__confirm_rule=perm_test,__perm_alpha=0.01,__perm_delta_k=50,__perm_min_effect=0,__perm_n_perm=200,__perm_post_n=50,__perm_pre_n=200,__perm_rng_seed=0,__perm_stat=delta_fused_score,divergence=0.3,error_rate=0.5,teacher_entropy=0.2",3,0,200,0.0,0,10000,10.0,25.0,200,500,1,8,1.0,0.856069214876033,0.6671346158998329,0.0,0.22930394113063812,0.013814984820783138,0,0,110,93,-1,perm_test,0.004975124378109453,0.04064901190768795,212,93,119,0.0,0.002571485936641693,0,0.0,0.0,0.0,0.0,0,none,0,1,0,overconfident,0.95,0,mild_drift,0.9621397677321587,0.001268913435702916,0.8124297381379622,0.860615376276005,1768132914.3572235,0.04091266170144081,0.12322313338518143
606,38784,38783,sea_abrupt4,sea,ts_drift_adapt,4,"error_divergence_ph_meta@error.threshold=0.10,error.min_instances=5",error_divergence_ph_meta,"{""divergence"": {""alpha"": 0.1, ""delta"": 0.005, ""min_instances"": 30, ""threshold"": 0.05}, ""error_rate"": {""alpha"": 0.15, ""delta"": 0.005, ""min_instances"": 5, ""threshold"": 0.1}}","{""error_rate"": {""min_instances"": 5, ""threshold"": 0.1}}",0.1,0.005,0.15,5,0.05,0.005,0.1,30,,,,-1,two_stage,2,0.5,"__confirm_cooldown=200,__confirm_rule=perm_test,__perm_alpha=0.01,__perm_delta_k=50,__perm_min_effect=0,__perm_n_perm=200,__perm_post_n=50,__perm_pre_n=200,__perm_rng_seed=0,__perm_stat=delta_fused_score,divergence=0.3,error_rate=0.5,teacher_entropy=0.2",3,0,200,0.0,0,10000,10.0,25.0,200,500,0,0,1.0,0.8561262376237624,0.6675152378893872,0.16666666666666666,0.2330169975757599,0.01731976680457592,0,0,110,93,-1,perm_test,0.004975124378109453,0.04064901190768795,212,93,119,0.0,0.16666666666666666,0,0.0,0.0,0.0,0.0,0,none,0,1,0,overconfident,0.95,0,mild_drift,0.9612198838660793,0.0012844567178514582,0.8062148690689811,0.8578076881380026,1768132914.3679528,0.676800549030304,0.18619942665100098
607,38848,38847,sea_abrupt4,sea,ts_drift_adapt,4,"error_divergence_ph_meta@error.threshold=0.10,error.min_instances=5",error_divergence_ph_meta,"{""divergence"": {""alpha"": 0.1, ""delta"": 0.005, ""min_instances"": 30, ""threshold"": 0.05}, ""error_rate"": {""alpha"": 0.15, ""delta"": 0.005, ""min_instances"": 5, ""threshold"": 0.1}}","{""error_rate"": {""min_instances"": 5, ""threshold"": 0.1}}",0.1,0.005,0.15,5,0.05,0.005,0.1,30,,,,-1,two_stage,2,0.5,"__confirm_cooldown=200,__confirm_rule=perm_test,__perm_alpha=0.01,__perm_delta_k=50,__perm_min_effect=0,__perm_n_perm=200,__perm_post_n=50,__perm_pre_n=200,__perm_rng_seed=0,__perm_stat=delta_fused_score,divergence=0.3,error_rate=0.5,teacher_entropy=0.2",3,0,200,0.0,0,10000,10.0,25.0,200,500,0,0,1.0,0.8560801070840197,0.6675639332105342,0.16666666666666666,0.320867657661438,0.03087754175066948,0,0,110,93,-1,perm_test,0.004975124378109453,0.04064901190768795,212,93,119,0.0,0.01355777494609356,0,0.0,0.0,0.0,0.0,0,none,0,1,0,overconfident,0.95,0,mild_drift,0.9607599419330396,0.0012922283589257293,0.8031074345344906,0.8564038440690013,1768132914.3788235,0.30451062321662903,0.23876991868019104
608,38912,38911,sea_abrupt4,sea,ts_drift_adapt,4,"error_divergence_ph_meta@error.threshold=0.10,error.min_instances=5",error_divergence_ph_meta,"{""divergence"": {""alpha"": 0.1, ""delta"": 0.005, ""min_instances"": 30, ""threshold"": 0.05}, ""error_rate"": {""alpha"": 0.15, ""delta"": 0.005, ""min_instances"": 5, ""threshold"": 0.1}}","{""error_rate"": {""min_instances"": 5, ""threshold"": 0.1}}",0.1,0.005,0.15,5,0.05,0.005,0.1,30,,,,-1,two_stage,2,0.5,"__confirm_cooldown=200,__confirm_rule=perm_test,__perm_alpha=0.01,__perm_delta_k=50,__perm_min_effect=0,__perm_n_perm=200,__perm_post_n=50,__perm_pre_n=200,__perm_rng_seed=0,__perm_stat=delta_fused_score,divergence=0.3,error_rate=0.5,teacher_entropy=0.2",3,0,200,0.0,0,10000,10.0,25.0,200,500,0,0,1.0,0.856188322368421,0.6680212138039744,0.0,0.23935915529727936,0.012179185636341572,0,0,110,93,-1,perm_test,0.004975124378109453,0.04064901190768795,212,93,119,0.0,0.16666666666666666,0,0.0,0.0,0.0,0.0,0,none,0,1,0,overconfident,0.95,0,mild_drift,0.9605299709665198,0.0012961141794628648,0.8015537172672453,0.8557019220345006,1768132914.3897853,0.030977554619312286,0.08799125254154205
609,38976,38975,sea_abrupt4,sea,ts_drift_adapt,4,"error_divergence_ph_meta@error.threshold=0.10,error.min_instances=5",error_divergence_ph_meta,"{""divergence"": {""alpha"": 0.1, ""delta"": 0.005, ""min_instances"": 30, ""threshold"": 0.05}, ""error_rate"": {""alpha"": 0.15, ""delta"": 0.005, ""min_instances"": 5, ""threshold"": 0.1}}","{""error_rate"": {""min_instances"": 5, ""threshold"": 0.1}}",0.1,0.005,0.15,5,0.05,0.005,0.1,30,,,,-1,two_stage,2,0.5,"__confirm_cooldown=200,__confirm_rule=perm_test,__perm_alpha=0.01,__perm_delta_k=50,__perm_min_effect=0,__perm_n_perm=200,__perm_post_n=50,__perm_pre_n=200,__perm_rng_seed=0,__perm_stat=delta_fused_score,divergence=0.3,error_rate=0.5,teacher_entropy=0.2",3,0,200,0.0,0,10000,10.0,25.0,200,500,0,0,1.0,0.8562961822660099,0.6683384166786639,0.0,0.1887277066707611,0.02140193060040474,0,1,111,93,-1,perm_test,1.0,-0.0087964408208997,213,93,120,0.0,0.009222744964063168,1,0.5,0.0,0.0,0.0,0,none,0,1,0,overconfident,0.95,0,mild_drift,0.9604149854832599,0.0012980570897314324,0.8007768586336227,0.8553509610172503,1768132914.4020917,0.02964708022773266,0.14656910300254822
610,39040,39039,sea_abrupt4,sea,ts_drift_adapt,4,"error_divergence_ph_meta@error.threshold=0.10,error.min_instances=5",error_divergence_ph_meta,"{""divergence"": {""alpha"": 0.1, ""delta"": 0.005, ""min_instances"": 30, ""threshold"": 0.05}, ""error_rate"": {""alpha"": 0.15, ""delta"": 0.005, ""min_instances"": 5, ""threshold"": 0.1}}","{""error_rate"": {""min_instances"": 5, ""threshold"": 0.1}}",0.1,0.005,0.15,5,0.05,0.005,0.1,30,,,,-1,two_stage,2,0.5,"__confirm_cooldown=200,__confirm_rule=perm_test,__perm_alpha=0.01,__perm_delta_k=50,__perm_min_effect=0,__perm_n_perm=200,__perm_post_n=50,__perm_pre_n=200,__perm_rng_seed=0,__perm_stat=delta_fused_score,divergence=0.3,error_rate=0.5,teacher_entropy=0.2",3,0,200,0.0,0,10000,10.0,25.0,200,500,0,0,1.0,0.8564036885245901,0.6687186476748499,0.16666666666666666,0.21081016957759857,0.010938507504761219,1,0,111,94,1,perm_test,0.004975124378109453,0.026677135347245876,214,94,120,0.0,0.16666666666666666,0,0.0,0.0,0.0,0.0,0,none,1,1,0,overconfident,0.95,0,stable,0.9752074927416299,0.0010490285448657162,0.9003884293168114,0.9001754805086252,1768132914.4211855,0.3514731824398041,0.1177569180727005
611,39104,39103,sea_abrupt4,sea,ts_drift_adapt,4,"error_divergence_ph_meta@error.threshold=0.10,error.min_instances=5",error_divergence_ph_meta,"{""divergence"": {""alpha"": 0.1, ""delta"": 0.005, ""min_instances"": 30, ""threshold"": 0.05}, ""error_rate"": {""alpha"": 0.15, ""delta"": 0.005, ""min_instances"": 5, ""threshold"": 0.1}}","{""error_rate"": {""min_instances"": 5, ""threshold"": 0.1}}",0.1,0.005,0.15,5,0.05,0.005,0.1,30,,,,-1,two_stage,2,0.5,"__confirm_cooldown=200,__confirm_rule=perm_test,__perm_alpha=0.01,__perm_delta_k=50,__perm_min_effect=0,__perm_n_perm=200,__perm_post_n=50,__perm_pre_n=200,__perm_rng_seed=0,__perm_stat=delta_fused_score,divergence=0.3,error_rate=0.5,teacher_entropy=0.2",3,0,200,0.0,0,10000,10.0,25.0,200,500,1,136,1.0,0.8564852700490998,0.6690294663394575,0.16666666666666666,0.23850320279598236,0.026785867288708687,0,0,111,94,-1,perm_test,0.004975124378109453,0.026677135347245876,214,94,120,0.0,0.015847359783947468,0,0.0,0.0,0.0,0.0,0,none,0,1,0,overconfident,0.95,0,mild_drift,0.9677537463708149,0.0011745142724328582,0.8501942146584057,0.8775877402543126,1768132914.4347816,0.36534908413887024,0.16022177040576935
612,39168,39167,sea_abrupt4,sea,ts_drift_adapt,4,"error_divergence_ph_meta@error.threshold=0.10,error.min_instances=5",error_divergence_ph_meta,"{""divergence"": {""alpha"": 0.1, ""delta"": 0.005, ""min_instances"": 30, ""threshold"": 0.05}, ""error_rate"": {""alpha"": 0.15, ""delta"": 0.005, ""min_instances"": 5, ""threshold"": 0.1}}","{""error_rate"": {""min_instances"": 5, ""threshold"": 0.1}}",0.1,0.005,0.15,5,0.05,0.005,0.1,30,,,,-1,two_stage,2,0.5,"__confirm_cooldown=200,__confirm_rule=perm_test,__perm_alpha=0.01,__perm_delta_k=50,__perm_min_effect=0,__perm_n_perm=200,__perm_post_n=50,__perm_pre_n=200,__perm_rng_seed=0,__perm_stat=delta_fused_score,divergence=0.3,error_rate=0.5,teacher_entropy=0.2",3,0,200,0.0,0,10000,10.0,25.0,200,500,1,72,1.0,0.8566176470588235,0.6694276900663858,0.16666666666666666,0.23976105451583862,0.014792786911129951,0,0,111,94,-1,perm_test,0.004975124378109453,0.026677135347245876,214,94,120,0.0,0.011993080377578735,0,0.0,0.0,0.0,0.0,0,none,0,1,0,overconfident,0.95,0,mild_drift,0.9640268731854074,0.001237257136216429,0.8250971073292028,0.8662938701271563,1768132914.4457552,0.5823298096656799,0.11564767360687256
613,39232,39231,sea_abrupt4,sea,ts_drift_adapt,4,"error_divergence_ph_meta@error.threshold=0.10,error.min_instances=5",error_divergence_ph_meta,"{""divergence"": {""alpha"": 0.1, ""delta"": 0.005, ""min_instances"": 30, ""threshold"": 0.05}, ""error_rate"": {""alpha"": 0.15, ""delta"": 0.005, ""min_instances"": 5, ""threshold"": 0.1}}","{""error_rate"": {""min_instances"": 5, ""threshold"": 0.1}}",0.1,0.005,0.15,5,0.05,0.005,0.1,30,,,,-1,two_stage,2,0.5,"__confirm_cooldown=200,__confirm_rule=perm_test,__perm_alpha=0.01,__perm_delta_k=50,__perm_min_effect=0,__perm_n_perm=200,__perm_post_n=50,__perm_pre_n=200,__perm_rng_seed=0,__perm_stat=delta_fused_score,divergence=0.3,error_rate=0.5,teacher_entropy=0.2",3,0,200,0.0,0,10000,10.0,25.0,200,500,1,8,1.0,0.8567495921696574,0.6698818992818891,0.16666666666666666,0.2964821457862854,0.018989820033311844,0,0,111,94,-1,perm_test,0.004975124378109453,0.026677135347245876,214,94,120,0.0,0.004197033122181892,0,0.0,0.0,0.0,0.0,0,none,0,1,0,overconfident,0.95,0,mild_drift,0.9621634365927036,0.0012686285681082145,0.8125485536646014,0.8606469350635781,1768132914.4562263,0.26363158226013184,0.1338575929403305
614,39296,39295,sea_abrupt4,sea,ts_drift_adapt,4,"error_divergence_ph_meta@error.threshold=0.10,error.min_instances=5",error_divergence_ph_meta,"{""divergence"": {""alpha"": 0.1, ""delta"": 0.005, ""min_instances"": 30, ""threshold"": 0.05}, ""error_rate"": {""alpha"": 0.15, ""delta"": 0.005, ""min_instances"": 5, ""threshold"": 0.1}}","{""error_rate"": {""min_instances"": 5, ""threshold"": 0.1}}",0.1,0.005,0.15,5,0.05,0.005,0.1,30,,,,-1,two_stage,2,0.5,"__confirm_cooldown=200,__confirm_rule=perm_test,__perm_alpha=0.01,__perm_delta_k=50,__perm_min_effect=0,__perm_n_perm=200,__perm_post_n=50,__perm_pre_n=200,__perm_rng_seed=0,__perm_stat=delta_fused_score,divergence=0.3,error_rate=0.5,teacher_entropy=0.2",3,0,200,0.0,0,10000,10.0,25.0,200,500,0,0,1.0,0.8567029723127035,0.6699723949189526,0.3333333333333333,0.2651747465133667,0.029009895399212837,1,1,112,95,0,perm_test,0.004975124378109453,0.05423989579377106,215,95,120,0.3333333333333333,0.16666666666666666,1,0.5,0.0,0.0,0.0,0,none,1,1,0,overconfident,0.95,0,severe_drift,0.9265817182963518,0.0016343142840541073,0.6562742768323007,0.8353234675317891,1768132914.472329,0.6417170166969299,0.20985613763332367
615,39360,39359,sea_abrupt4,sea,ts_drift_adapt,4,"error_divergence_ph_meta@error.threshold=0.10,error.min_instances=5",error_divergence_ph_meta,"{""divergence"": {""alpha"": 0.1, ""delta"": 0.005, ""min_instances"": 30, ""threshold"": 0.05}, ""error_rate"": {""alpha"": 0.15, ""delta"": 0.005, ""min_instances"": 5, ""threshold"": 0.1}}","{""error_rate"": {""min_instances"": 5, ""threshold"": 0.1}}",0.1,0.005,0.15,5,0.05,0.005,0.1,30,,,,-1,two_stage,2,0.5,"__confirm_cooldown=200,__confirm_rule=perm_test,__perm_alpha=0.01,__perm_delta_k=50,__perm_min_effect=0,__perm_n_perm=200,__perm_post_n=50,__perm_pre_n=200,__perm_rng_seed=0,__perm_stat=delta_fused_score,divergence=0.3,error_rate=0.5,teacher_entropy=0.2",3,0,200,0.0,0,10000,10.0,25.0,200,500,1,136,1.0,0.8569105691056911,0.6706184073892114,0.0,0.21298041939735413,0.01207766868174076,0,0,112,95,-1,perm_test,0.004975124378109453,0.05423989579377106,215,95,120,0.0,0.3333333333333333,0,0.0,0.0,0.0,0.0,0,none,0,1,0,overconfident,0.95,0,mild_drift,0.9434408591481759,0.0014671571420270537,0.7281371384161504,0.8451617337658945,1768132914.4828854,0.09871252626180649,0.11301285773515701
616,39424,39423,sea_abrupt4,sea,ts_drift_adapt,4,"error_divergence_ph_meta@error.threshold=0.10,error.min_instances=5",error_divergence_ph_meta,"{""divergence"": {""alpha"": 0.1, ""delta"": 0.005, ""min_instances"": 30, ""threshold"": 0.05}, ""error_rate"": {""alpha"": 0.15, ""delta"": 0.005, ""min_instances"": 5, ""threshold"": 0.1}}","{""error_rate"": {""min_instances"": 5, ""threshold"": 0.1}}",0.1,0.005,0.15,5,0.05,0.005,0.1,30,,,,-1,two_stage,2,0.5,"__confirm_cooldown=200,__confirm_rule=perm_test,__perm_alpha=0.01,__perm_delta_k=50,__perm_min_effect=0,__perm_n_perm=200,__perm_post_n=50,__perm_pre_n=200,__perm_rng_seed=0,__perm_stat=delta_fused_score,divergence=0.3,error_rate=0.5,teacher_entropy=0.2",3,0,200,0.0,0,10000,10.0,25.0,200,500,1,72,1.0,0.8570413961038961,0.6708933060861557,0.0,0.19918659329414368,0.013295266777276993,0,0,112,95,-1,perm_test,0.004975124378109453,0.05423989579377106,215,95,120,0.0,0.001217598095536232,0,0.0,0.0,0.0,0.0,0,none,0,1,0,overconfident,0.95,0,mild_drift,0.9518704295740879,0.001383578571013527,0.7640685692080752,0.8500808668829473,1768132914.4929848,0.2068781852722168,0.11390762031078339
617,39488,39487,sea_abrupt4,sea,ts_drift_adapt,4,"error_divergence_ph_meta@error.threshold=0.10,error.min_instances=5",error_divergence_ph_meta,"{""divergence"": {""alpha"": 0.1, ""delta"": 0.005, ""min_instances"": 30, ""threshold"": 0.05}, ""error_rate"": {""alpha"": 0.15, ""delta"": 0.005, ""min_instances"": 5, ""threshold"": 0.1}}","{""error_rate"": {""min_instances"": 5, ""threshold"": 0.1}}",0.1,0.005,0.15,5,0.05,0.005,0.1,30,,,,-1,two_stage,2,0.5,"__confirm_cooldown=200,__confirm_rule=perm_test,__perm_alpha=0.01,__perm_delta_k=50,__perm_min_effect=0,__perm_n_perm=200,__perm_post_n=50,__perm_pre_n=200,__perm_rng_seed=0,__perm_stat=delta_fused_score,divergence=0.3,error_rate=0.5,teacher_entropy=0.2",3,0,200,0.0,0,10000,10.0,25.0,200,500,1,8,1.0,0.8571211507293355,0.6712434349153779,0.0,0.21363507211208344,0.021392500028014183,0,0,112,95,-1,perm_test,0.004975124378109453,0.05423989579377106,215,95,120,0.0,0.00809723325073719,0,0.0,0.0,0.0,0.0,0,none,0,1,0,overconfident,0.95,0,mild_drift,0.9560852147870439,0.0013417892855067635,0.7820342846040376,0.8525404334414737,1768132914.5033662,0.05419101193547249,0.15846550464630127
618,39552,39551,sea_abrupt4,sea,ts_drift_adapt,4,"error_divergence_ph_meta@error.threshold=0.10,error.min_instances=5",error_divergence_ph_meta,"{""divergence"": {""alpha"": 0.1, ""delta"": 0.005, ""min_instances"": 30, ""threshold"": 0.05}, ""error_rate"": {""alpha"": 0.15, ""delta"": 0.005, ""min_instances"": 5, ""threshold"": 0.1}}","{""error_rate"": {""min_instances"": 5, ""threshold"": 0.1}}",0.1,0.005,0.15,5,0.05,0.005,0.1,30,,,,-1,two_stage,2,0.5,"__confirm_cooldown=200,__confirm_rule=perm_test,__perm_alpha=0.01,__perm_delta_k=50,__perm_min_effect=0,__perm_n_perm=200,__perm_post_n=50,__perm_pre_n=200,__perm_rng_seed=0,__perm_stat=delta_fused_score,divergence=0.3,error_rate=0.5,teacher_entropy=0.2",3,0,200,0.0,0,10000,10.0,25.0,200,500,0,0,1.0,0.8572259304207119,0.6715400648332287,0.0,0.23269662261009216,0.0336560495197773,0,0,112,95,-1,perm_test,0.004975124378109453,0.05423989579377106,215,95,120,0.0,0.012263549491763115,0,0.0,0.0,0.0,0.0,0,none,0,1,0,overconfident,0.95,0,mild_drift,0.9581926073935219,0.0013208946427533817,0.7910171423020188,0.8537702167207368,1768132914.514165,0.09941739588975906,0.3316720128059387
619,39616,39615,sea_abrupt4,sea,ts_drift_adapt,4,"error_divergence_ph_meta@error.threshold=0.10,error.min_instances=5",error_divergence_ph_meta,"{""divergence"": {""alpha"": 0.1, ""delta"": 0.005, ""min_instances"": 30, ""threshold"": 0.05}, ""error_rate"": {""alpha"": 0.15, ""delta"": 0.005, ""min_instances"": 5, ""threshold"": 0.1}}","{""error_rate"": {""min_instances"": 5, ""threshold"": 0.1}}",0.1,0.005,0.15,5,0.05,0.005,0.1,30,,,,-1,two_stage,2,0.5,"__confirm_cooldown=200,__confirm_rule=perm_test,__perm_alpha=0.01,__perm_delta_k=50,__perm_min_effect=0,__perm_n_perm=200,__perm_post_n=50,__perm_pre_n=200,__perm_rng_seed=0,__perm_stat=delta_fused_score,divergence=0.3,error_rate=0.5,teacher_entropy=0.2",3,0,200,0.0,0,10000,10.0,25.0,200,500,0,0,1.0,0.8573303715670436,0.6719058272903107,0.0,0.2452646940946579,0.011639589443802834,0,0,112,95,-1,perm_test,0.004975124378109453,0.05423989579377106,215,95,120,0.0,0.022016460075974464,0,0.0,0.0,0.0,0.0,0,none,0,1,0,overconfident,0.95,0,mild_drift,0.9592463036967609,0.001310447321376691,0.7955085711510095,0.8543851083603684,1768132914.5250847,0.07643648236989975,0.10092220455408096
620,39680,39679,sea_abrupt4,sea,ts_drift_adapt,4,"error_divergence_ph_meta@error.threshold=0.10,error.min_instances=5",error_divergence_ph_meta,"{""divergence"": {""alpha"": 0.1, ""delta"": 0.005, ""min_instances"": 30, ""threshold"": 0.05}, ""error_rate"": {""alpha"": 0.15, ""delta"": 0.005, ""min_instances"": 5, ""threshold"": 0.1}}","{""error_rate"": {""min_instances"": 5, ""threshold"": 0.1}}",0.1,0.005,0.15,5,0.05,0.005,0.1,30,,,,-1,two_stage,2,0.5,"__confirm_cooldown=200,__confirm_rule=perm_test,__perm_alpha=0.01,__perm_delta_k=50,__perm_min_effect=0,__perm_n_perm=200,__perm_post_n=50,__perm_pre_n=200,__perm_rng_seed=0,__perm_stat=delta_fused_score,divergence=0.3,error_rate=0.5,teacher_entropy=0.2",3,0,200,0.0,0,10000,10.0,25.0,200,500,0,0,1.0,0.8573840725806452,0.6720421680500198,0.16666666666666666,0.2318979948759079,0.016348030418157578,1,1,113,96,0,perm_test,0.004975124378109453,0.06558820984084741,216,96,120,0.16666666666666666,0.16666666666666666,1,0.5,0.0,0.0,0.0,0,none,1,1,0,overconfident,0.95,0,severe_drift,0.9251231518483805,0.0016552236606883456,0.6477542855755047,0.8321925541801842,1768132914.5416324,0.320591002702713,0.1527332216501236
621,39744,39743,sea_abrupt4,sea,ts_drift_adapt,4,"error_divergence_ph_meta@error.threshold=0.10,error.min_instances=5",error_divergence_ph_meta,"{""divergence"": {""alpha"": 0.1, ""delta"": 0.005, ""min_instances"": 30, ""threshold"": 0.05}, ""error_rate"": {""alpha"": 0.15, ""delta"": 0.005, ""min_instances"": 5, ""threshold"": 0.1}}","{""error_rate"": {""min_instances"": 5, ""threshold"": 0.1}}",0.1,0.005,0.15,5,0.05,0.005,0.1,30,,,,-1,two_stage,2,0.5,"__confirm_cooldown=200,__confirm_rule=perm_test,__perm_alpha=0.01,__perm_delta_k=50,__perm_min_effect=0,__perm_n_perm=200,__perm_post_n=50,__perm_pre_n=200,__perm_rng_seed=0,__perm_stat=delta_fused_score,divergence=0.3,error_rate=0.5,teacher_entropy=0.2",3,0,200,0.0,0,10000,10.0,25.0,200,500,1,136,1.0,0.857487922705314,0.672486238508805,0.16666666666666666,0.23793932795524597,0.011774133890867233,0,0,113,96,-1,perm_test,0.004975124378109453,0.06558820984084741,216,96,120,0.0,0.004573896527290344,0,0.0,0.0,0.0,0.0,0,none,0,1,0,overconfident,0.95,0,mild_drift,0.9427115759241902,0.001477611830344173,0.7238771427877524,0.8435962770900921,1768132914.5523596,0.29439136385917664,0.1103883907198906
622,39808,39807,sea_abrupt4,sea,ts_drift_adapt,4,"error_divergence_ph_meta@error.threshold=0.10,error.min_instances=5",error_divergence_ph_meta,"{""divergence"": {""alpha"": 0.1, ""delta"": 0.005, ""min_instances"": 30, ""threshold"": 0.05}, ""error_rate"": {""alpha"": 0.15, ""delta"": 0.005, ""min_instances"": 5, ""threshold"": 0.1}}","{""error_rate"": {""min_instances"": 5, ""threshold"": 0.1}}",0.1,0.005,0.15,5,0.05,0.005,0.1,30,,,,-1,two_stage,2,0.5,"__confirm_cooldown=200,__confirm_rule=perm_test,__perm_alpha=0.01,__perm_delta_k=50,__perm_min_effect=0,__perm_n_perm=200,__perm_post_n=50,__perm_pre_n=200,__perm_rng_seed=0,__perm_stat=delta_fused_score,divergence=0.3,error_rate=0.5,teacher_entropy=0.2",3,0,200,0.0,0,10000,10.0,25.0,200,500,1,72,1.0,0.8575914389067524,0.6727393121443267,0.16666666666666666,0.23487825691699982,0.019490402191877365,0,0,113,96,-1,perm_test,0.004975124378109453,0.06558820984084741,216,96,120,0.0,0.007716268301010132,0,0.0,0.0,0.0,0.0,0,none,0,1,0,overconfident,0.95,0,mild_drift,0.9515057879620951,0.0013888059151720865,0.7619385713938762,0.849298138545046,1768132914.5629075,0.1989889293909073,0.14719921350479126
623,39872,39871,sea_abrupt4,sea,ts_drift_adapt,4,"error_divergence_ph_meta@error.threshold=0.10,error.min_instances=5",error_divergence_ph_meta,"{""divergence"": {""alpha"": 0.1, ""delta"": 0.005, ""min_instances"": 30, ""threshold"": 0.05}, ""error_rate"": {""alpha"": 0.15, ""delta"": 0.005, ""min_instances"": 5, ""threshold"": 0.1}}","{""error_rate"": {""min_instances"": 5, ""threshold"": 0.1}}",0.1,0.005,0.15,5,0.05,0.005,0.1,30,,,,-1,two_stage,2,0.5,"__confirm_cooldown=200,__confirm_rule=perm_test,__perm_alpha=0.01,__perm_delta_k=50,__perm_min_effect=0,__perm_n_perm=200,__perm_post_n=50,__perm_pre_n=200,__perm_rng_seed=0,__perm_stat=delta_fused_score,divergence=0.3,error_rate=0.5,teacher_entropy=0.2",3,0,200,0.0,0,10000,10.0,25.0,200,500,1,8,1.0,0.8577197030497592,0.6730574937856254,0.0,0.22785969078540802,0.018152469769120216,0,0,113,96,-1,perm_test,0.004975124378109453,0.06558820984084741,216,96,120,0.0,0.16666666666666666,0,0.0,0.0,0.0,0.0,0,none,0,1,0,overconfident,0.95,0,mild_drift,0.9559028939810474,0.0013444029575860432,0.7809692856969381,0.852149069272523,1768132914.5735044,0.038893863558769226,0.13824893534183502
624,39936,39935,sea_abrupt4,sea,ts_drift_adapt,4,"error_divergence_ph_meta@error.threshold=0.10,error.min_instances=5",error_divergence_ph_meta,"{""divergence"": {""alpha"": 0.1, ""delta"": 0.005, ""min_instances"": 30, ""threshold"": 0.05}, ""error_rate"": {""alpha"": 0.15, ""delta"": 0.005, ""min_instances"": 5, ""threshold"": 0.1}}","{""error_rate"": {""min_instances"": 5, ""threshold"": 0.1}}",0.1,0.005,0.15,5,0.05,0.005,0.1,30,,,,-1,two_stage,2,0.5,"__confirm_cooldown=200,__confirm_rule=perm_test,__perm_alpha=0.01,__perm_delta_k=50,__perm_min_effect=0,__perm_n_perm=200,__perm_post_n=50,__perm_pre_n=200,__perm_rng_seed=0,__perm_stat=delta_fused_score,divergence=0.3,error_rate=0.5,teacher_entropy=0.2",3,0,200,0.0,0,10000,10.0,25.0,200,500,0,0,1.0,0.8577473958333334,0.6732190621338024,0.0,0.2271220088005066,0.02127787098288536,0,0,113,96,-1,perm_test,0.004975124378109453,0.06558820984084741,216,96,120,0.0,0.0031254012137651443,0,0.0,0.0,0.0,0.0,0,none,0,1,0,overconfident,0.95,0,mild_drift,0.9581014469905237,0.0013222014787930216,0.7904846428484691,0.8535745346362615,1768132914.5845633,0.11296959966421127,0.16323813796043396
625,40000,39999,sea_abrupt4,sea,ts_drift_adapt,4,"error_divergence_ph_meta@error.threshold=0.10,error.min_instances=5",error_divergence_ph_meta,"{""divergence"": {""alpha"": 0.1, ""delta"": 0.005, ""min_instances"": 30, ""threshold"": 0.05}, ""error_rate"": {""alpha"": 0.15, ""delta"": 0.005, ""min_instances"": 5, ""threshold"": 0.1}}","{""error_rate"": {""min_instances"": 5, ""threshold"": 0.1}}",0.1,0.005,0.15,5,0.05,0.005,0.1,30,,,,-1,two_stage,2,0.5,"__confirm_cooldown=200,__confirm_rule=perm_test,__perm_alpha=0.01,__perm_delta_k=50,__perm_min_effect=0,__perm_n_perm=200,__perm_post_n=50,__perm_pre_n=200,__perm_rng_seed=0,__perm_stat=delta_fused_score,divergence=0.3,error_rate=0.5,teacher_entropy=0.2",3,0,200,0.0,0,10000,10.0,25.0,200,500,0,0,1.0,0.857775,0.6734294102974967,0.0,0.23611769080162048,0.026350047439336777,0,0,113,96,-1,perm_test,0.004975124378109453,0.06558820984084741,216,96,120,0.0,0.005072176456451416,0,0.0,0.0,0.0,0.0,0,none,0,1,0,overconfident,0.95,0,mild_drift,0.9592007234952618,0.001311100739396511,0.7952423214242346,0.8542872673181308,1768132914.5966313,0.21348057687282562,0.16520079970359802
626,40064,40063,sea_abrupt4,sea,ts_drift_adapt,4,"error_divergence_ph_meta@error.threshold=0.10,error.min_instances=5",error_divergence_ph_meta,"{""divergence"": {""alpha"": 0.1, ""delta"": 0.005, ""min_instances"": 30, ""threshold"": 0.05}, ""error_rate"": {""alpha"": 0.15, ""delta"": 0.005, ""min_instances"": 5, ""threshold"": 0.1}}","{""error_rate"": {""min_instances"": 5, ""threshold"": 0.1}}",0.1,0.005,0.15,5,0.05,0.005,0.1,30,,,,-1,two_stage,2,0.5,"__confirm_cooldown=200,__confirm_rule=perm_test,__perm_alpha=0.01,__perm_delta_k=50,__perm_min_effect=0,__perm_n_perm=200,__perm_post_n=50,__perm_pre_n=200,__perm_rng_seed=0,__perm_stat=delta_fused_score,divergence=0.3,error_rate=0.5,teacher_entropy=0.2",3,0,200,0.0,0,10000,10.0,25.0,200,500,0,0,1.0,0.857902356230032,0.6737774409253083,0.16666666666666666,0.22559304535388947,0.012356705032289028,1,1,114,97,0,perm_test,0.004975124378109453,0.08320306849479023,217,97,120,0.0,0.16666666666666666,1,0.5,0.0,0.0,0.0,0,none,1,1,0,overconfident,0.95,0,stable,0.9746003617476309,0.0010555503696982555,0.8976211607121173,0.8996436336590654,1768132914.615926,0.2489916831254959,0.10360361635684967
627,40128,40127,sea_abrupt4,sea,ts_drift_adapt,4,"error_divergence_ph_meta@error.threshold=0.10,error.min_instances=5",error_divergence_ph_meta,"{""divergence"": {""alpha"": 0.1, ""delta"": 0.005, ""min_instances"": 30, ""threshold"": 0.05}, ""error_rate"": {""alpha"": 0.15, ""delta"": 0.005, ""min_instances"": 5, ""threshold"": 0.1}}","{""error_rate"": {""min_instances"": 5, ""threshold"": 0.1}}",0.1,0.005,0.15,5,0.05,0.005,0.1,30,,,,-1,two_stage,2,0.5,"__confirm_cooldown=200,__confirm_rule=perm_test,__perm_alpha=0.01,__perm_delta_k=50,__perm_min_effect=0,__perm_n_perm=200,__perm_post_n=50,__perm_pre_n=200,__perm_rng_seed=0,__perm_stat=delta_fused_score,divergence=0.3,error_rate=0.5,teacher_entropy=0.2",3,0,200,0.0,0,10000,10.0,25.0,200,500,1,136,1.0,0.8580293062200957,0.6740941800083365,0.0,0.2282978594303131,0.02176426723599434,0,0,114,97,-1,perm_test,0.004975124378109453,0.08320306849479023,217,97,120,0.0,0.16666666666666666,0,0.0,0.0,0.0,0.0,0,none,0,1,0,overconfident,0.95,0,mild_drift,0.9674501808738154,0.0011777751848491278,0.8488105803560586,0.8773218168295327,1768132914.629382,0.09398514032363892,0.15046946704387665
628,40192,40191,sea_abrupt4,sea,ts_drift_adapt,4,"error_divergence_ph_meta@error.threshold=0.10,error.min_instances=5",error_divergence_ph_meta,"{""divergence"": {""alpha"": 0.1, ""delta"": 0.005, ""min_instances"": 30, ""threshold"": 0.05}, ""error_rate"": {""alpha"": 0.15, ""delta"": 0.005, ""min_instances"": 5, ""threshold"": 0.1}}","{""error_rate"": {""min_instances"": 5, ""threshold"": 0.1}}",0.1,0.005,0.15,5,0.05,0.005,0.1,30,,,,-1,two_stage,2,0.5,"__confirm_cooldown=200,__confirm_rule=perm_test,__perm_alpha=0.01,__perm_delta_k=50,__perm_min_effect=0,__perm_n_perm=200,__perm_post_n=50,__perm_pre_n=200,__perm_rng_seed=0,__perm_stat=delta_fused_score,divergence=0.3,error_rate=0.5,teacher_entropy=0.2",3,0,200,0.0,0,10000,10.0,25.0,200,500,1,72,1.0,0.8580812101910829,0.6742685191364459,0.0,0.2662818729877472,0.024251969531178474,0,0,114,97,-1,perm_test,0.004975124378109453,0.08320306849479023,217,97,120,0.0,0.0024877022951841354,0,0.0,0.0,0.0,0.0,0,none,0,1,0,overconfident,0.95,0,mild_drift,0.9638750904369077,0.001238887592424564,0.8244052901780293,0.8661609084147663,1768132914.6419892,0.08874470740556717,0.17967066168785095
629,40256,40255,sea_abrupt4,sea,ts_drift_adapt,4,"error_divergence_ph_meta@error.threshold=0.10,error.min_instances=5",error_divergence_ph_meta,"{""divergence"": {""alpha"": 0.1, ""delta"": 0.005, ""min_instances"": 30, ""threshold"": 0.05}, ""error_rate"": {""alpha"": 0.15, ""delta"": 0.005, ""min_instances"": 5, ""threshold"": 0.1}}","{""error_rate"": {""min_instances"": 5, ""threshold"": 0.1}}",0.1,0.005,0.15,5,0.05,0.005,0.1,30,,,,-1,two_stage,2,0.5,"__confirm_cooldown=200,__confirm_rule=perm_test,__perm_alpha=0.01,__perm_delta_k=50,__perm_min_effect=0,__perm_n_perm=200,__perm_post_n=50,__perm_pre_n=200,__perm_rng_seed=0,__perm_stat=delta_fused_score,divergence=0.3,error_rate=0.5,teacher_entropy=0.2",3,0,200,0.0,0,10000,10.0,25.0,200,500,1,8,1.0,0.8579839030206677,0.6740948223232159,0.16666666666666666,0.2554948031902313,0.025231925770640373,0,0,114,97,-1,perm_test,0.004975124378109453,0.08320306849479023,217,97,120,0.0,0.16666666666666666,0,0.0,0.0,0.0,0.0,0,none,0,1,0,overconfident,0.95,0,mild_drift,0.9620875452184539,0.0012694437962122822,0.8122026450890147,0.8605804542073832,1768132914.65269,0.3712468147277832,0.2050170600414276
630,40320,40319,sea_abrupt4,sea,ts_drift_adapt,4,"error_divergence_ph_meta@error.threshold=0.10,error.min_instances=5",error_divergence_ph_meta,"{""divergence"": {""alpha"": 0.1, ""delta"": 0.005, ""min_instances"": 30, ""threshold"": 0.05}, ""error_rate"": {""alpha"": 0.15, ""delta"": 0.005, ""min_instances"": 5, ""threshold"": 0.1}}","{""error_rate"": {""min_instances"": 5, ""threshold"": 0.1}}",0.1,0.005,0.15,5,0.05,0.005,0.1,30,,,,-1,two_stage,2,0.5,"__confirm_cooldown=200,__confirm_rule=perm_test,__perm_alpha=0.01,__perm_delta_k=50,__perm_min_effect=0,__perm_n_perm=200,__perm_post_n=50,__perm_pre_n=200,__perm_rng_seed=0,__perm_stat=delta_fused_score,divergence=0.3,error_rate=0.5,teacher_entropy=0.2",3,0,200,0.0,0,10000,10.0,25.0,200,500,0,0,1.0,0.8580357142857142,0.674160110702587,0.0,0.23873886466026306,0.020464662462472916,0,0,114,97,-1,perm_test,0.004975124378109453,0.08320306849479023,217,97,120,0.0,0.16666666666666666,0,0.0,0.0,0.0,0.0,0,none,0,1,0,overconfident,0.95,0,mild_drift,0.9611937726092269,0.001284721898106141,0.8061013225445074,0.8577902271036916,1768132914.6635978,0.12180659919977188,0.1766149401664734
631,40384,40383,sea_abrupt4,sea,ts_drift_adapt,4,"error_divergence_ph_meta@error.threshold=0.10,error.min_instances=5",error_divergence_ph_meta,"{""divergence"": {""alpha"": 0.1, ""delta"": 0.005, ""min_instances"": 30, ""threshold"": 0.05}, ""error_rate"": {""alpha"": 0.15, ""delta"": 0.005, ""min_instances"": 5, ""threshold"": 0.1}}","{""error_rate"": {""min_instances"": 5, ""threshold"": 0.1}}",0.1,0.005,0.15,5,0.05,0.005,0.1,30,,,,-1,two_stage,2,0.5,"__confirm_cooldown=200,__confirm_rule=perm_test,__perm_alpha=0.01,__perm_delta_k=50,__perm_min_effect=0,__perm_n_perm=200,__perm_post_n=50,__perm_pre_n=200,__perm_rng_seed=0,__perm_stat=delta_fused_score,divergence=0.3,error_rate=0.5,teacher_entropy=0.2",3,0,200,0.0,0,10000,10.0,25.0,200,500,0,0,1.0,0.8581121236133122,0.6743444010186291,0.0,0.2572912275791168,0.014799405820667744,0,1,115,97,-1,perm_test,1.0,-0.028411592003242326,218,97,121,0.16666666666666666,0.005665256641805172,1,0.5,0.0,0.0,0.0,0,none,0,1,0,overconfident,0.95,0,mild_drift,0.9607468863046134,0.0012923609490530707,0.8030506612722537,0.8563951135518457,1768132914.6748264,0.05309708043932915,0.12743759155273438
632,40448,40447,sea_abrupt4,sea,ts_drift_adapt,4,"error_divergence_ph_meta@error.threshold=0.10,error.min_instances=5",error_divergence_ph_meta,"{""divergence"": {""alpha"": 0.1, ""delta"": 0.005, ""min_instances"": 30, ""threshold"": 0.05}, ""error_rate"": {""alpha"": 0.15, ""delta"": 0.005, ""min_instances"": 5, ""threshold"": 0.1}}","{""error_rate"": {""min_instances"": 5, ""threshold"": 0.1}}",0.1,0.005,0.15,5,0.05,0.005,0.1,30,,,,-1,two_stage,2,0.5,"__confirm_cooldown=200,__confirm_rule=perm_test,__perm_alpha=0.01,__perm_delta_k=50,__perm_min_effect=0,__perm_n_perm=200,__perm_post_n=50,__perm_pre_n=200,__perm_rng_seed=0,__perm_stat=delta_fused_score,divergence=0.3,error_rate=0.5,teacher_entropy=0.2",3,0,200,0.0,0,10000,10.0,25.0,200,500,0,0,1.0,0.8581635680379747,0.6744903372617576,0.3333333333333333,0.2325722724199295,0.016067225486040115,0,0,115,97,-1,perm_test,1.0,-0.0022356363810179594,219,97,122,0.0,0.3333333333333333,0,0.0,0.0,0.0,0.0,0,none,0,1,0,overconfident,0.95,0,mild_drift,0.9605234431523066,0.0012961804745265353,0.8015253306361269,0.8556975567759229,1768132914.685784,0.7019981741905212,0.1080101728439331
633,40512,40511,sea_abrupt4,sea,ts_drift_adapt,4,"error_divergence_ph_meta@error.threshold=0.10,error.min_instances=5",error_divergence_ph_meta,"{""divergence"": {""alpha"": 0.1, ""delta"": 0.005, ""min_instances"": 30, ""threshold"": 0.05}, ""error_rate"": {""alpha"": 0.15, ""delta"": 0.005, ""min_instances"": 5, ""threshold"": 0.1}}","{""error_rate"": {""min_instances"": 5, ""threshold"": 0.1}}",0.1,0.005,0.15,5,0.05,0.005,0.1,30,,,,-1,two_stage,2,0.5,"__confirm_cooldown=200,__confirm_rule=perm_test,__perm_alpha=0.01,__perm_delta_k=50,__perm_min_effect=0,__perm_n_perm=200,__perm_post_n=50,__perm_pre_n=200,__perm_rng_seed=0,__perm_stat=delta_fused_score,divergence=0.3,error_rate=0.5,teacher_entropy=0.2",3,0,200,0.0,0,10000,10.0,25.0,200,500,0,0,1.0,0.8583876382306477,0.6750886391024534,0.0,0.16085834801197052,0.009691662155091763,0,0,115,97,-1,perm_test,1.0,-0.10538118667698637,220,97,123,0.0,0.3333333333333333,0,0.0,0.0,0.0,0.0,0,none,0,1,0,overconfident,0.95,0,mild_drift,0.9604117215761533,0.0012980902372632676,0.8007626653180635,0.8553487783879614,1768132914.6968079,0.06438260525465012,0.07428701221942902
634,40576,40575,sea_abrupt4,sea,ts_drift_adapt,4,"error_divergence_ph_meta@error.threshold=0.10,error.min_instances=5",error_divergence_ph_meta,"{""divergence"": {""alpha"": 0.1, ""delta"": 0.005, ""min_instances"": 30, ""threshold"": 0.05}, ""error_rate"": {""alpha"": 0.15, ""delta"": 0.005, ""min_instances"": 5, ""threshold"": 0.1}}","{""error_rate"": {""min_instances"": 5, ""threshold"": 0.1}}",0.1,0.005,0.15,5,0.05,0.005,0.1,30,,,,-1,two_stage,2,0.5,"__confirm_cooldown=200,__confirm_rule=perm_test,__perm_alpha=0.01,__perm_delta_k=50,__perm_min_effect=0,__perm_n_perm=200,__perm_post_n=50,__perm_pre_n=200,__perm_rng_seed=0,__perm_stat=delta_fused_score,divergence=0.3,error_rate=0.5,teacher_entropy=0.2",3,0,200,0.0,0,10000,10.0,25.0,200,500,0,0,1.0,0.8585370662460567,0.6753864370057552,0.0,0.22547230124473572,0.018905997276306152,0,0,115,97,-1,perm_test,1.0,-0.0026248702469561305,221,97,124,0.0,0.00921433512121439,0,0.0,0.0,0.0,0.0,0,none,0,1,0,overconfident,0.95,0,mild_drift,0.9603558607880767,0.001299045118631634,0.8003813326590318,0.8551743891939807,1768132914.7078228,0.1354958564043045,0.14406687021255493
635,40640,40639,sea_abrupt4,sea,ts_drift_adapt,4,"error_divergence_ph_meta@error.threshold=0.10,error.min_instances=5",error_divergence_ph_meta,"{""divergence"": {""alpha"": 0.1, ""delta"": 0.005, ""min_instances"": 30, ""threshold"": 0.05}, ""error_rate"": {""alpha"": 0.15, ""delta"": 0.005, ""min_instances"": 5, ""threshold"": 0.1}}","{""error_rate"": {""min_instances"": 5, ""threshold"": 0.1}}",0.1,0.005,0.15,5,0.05,0.005,0.1,30,,,,-1,two_stage,2,0.5,"__confirm_cooldown=200,__confirm_rule=perm_test,__perm_alpha=0.01,__perm_delta_k=50,__perm_min_effect=0,__perm_n_perm=200,__perm_post_n=50,__perm_pre_n=200,__perm_rng_seed=0,__perm_stat=delta_fused_score,divergence=0.3,error_rate=0.5,teacher_entropy=0.2",3,0,200,0.0,0,10000,10.0,25.0,200,500,0,0,1.0,0.8585875984251968,0.6755913485240688,0.0,0.1990966647863388,0.01764276809990406,0,0,115,97,-1,perm_test,1.0,-0.0026248702469561305,221,97,124,0.0,0.001263229176402092,0,0.0,0.0,0.0,0.0,0,none,0,1,0,overconfident,0.95,0,mild_drift,0.9603279303940383,0.0012995225593158172,0.800190666329516,0.8550871945969903,1768132914.7189107,0.012701001949608326,0.15867653489112854
636,40704,40703,sea_abrupt4,sea,ts_drift_adapt,4,"error_divergence_ph_meta@error.threshold=0.10,error.min_instances=5",error_divergence_ph_meta,"{""divergence"": {""alpha"": 0.1, ""delta"": 0.005, ""min_instances"": 30, ""threshold"": 0.05}, ""error_rate"": {""alpha"": 0.15, ""delta"": 0.005, ""min_instances"": 5, ""threshold"": 0.1}}","{""error_rate"": {""min_instances"": 5, ""threshold"": 0.1}}",0.1,0.005,0.15,5,0.05,0.005,0.1,30,,,,-1,two_stage,2,0.5,"__confirm_cooldown=200,__confirm_rule=perm_test,__perm_alpha=0.01,__perm_delta_k=50,__perm_min_effect=0,__perm_n_perm=200,__perm_post_n=50,__perm_pre_n=200,__perm_rng_seed=0,__perm_stat=delta_fused_score,divergence=0.3,error_rate=0.5,teacher_entropy=0.2",3,0,200,0.0,0,10000,10.0,25.0,200,500,0,0,1.0,0.8587116745283019,0.675849846536506,0.0,0.2826429009437561,0.03200331702828407,0,0,115,97,-1,perm_test,1.0,-0.0026248702469561305,221,97,124,0.0,0.014360548928380013,0,0.0,0.0,0.0,0.0,0,none,0,1,0,overconfident,0.95,0,mild_drift,0.9603139651970192,0.0012997612796579088,0.800095333164758,0.8550435972984951,1768132914.7299159,0.07198578119277954,0.2592945694923401
637,40768,40767,sea_abrupt4,sea,ts_drift_adapt,4,"error_divergence_ph_meta@error.threshold=0.10,error.min_instances=5",error_divergence_ph_meta,"{""divergence"": {""alpha"": 0.1, ""delta"": 0.005, ""min_instances"": 30, ""threshold"": 0.05}, ""error_rate"": {""alpha"": 0.15, ""delta"": 0.005, ""min_instances"": 5, ""threshold"": 0.1}}","{""error_rate"": {""min_instances"": 5, ""threshold"": 0.1}}",0.1,0.005,0.15,5,0.05,0.005,0.1,30,,,,-1,two_stage,2,0.5,"__confirm_cooldown=200,__confirm_rule=perm_test,__perm_alpha=0.01,__perm_delta_k=50,__perm_min_effect=0,__perm_n_perm=200,__perm_post_n=50,__perm_pre_n=200,__perm_rng_seed=0,__perm_stat=delta_fused_score,divergence=0.3,error_rate=0.5,teacher_entropy=0.2",3,0,200,0.0,0,10000,10.0,25.0,200,500,0,0,1.0,0.8588353610675039,0.6761874271179686,0.0,0.1753583401441574,0.015291108749806881,0,0,115,97,-1,perm_test,1.0,-0.0026248702469561305,221,97,124,0.0,0.016712208278477192,0,0.0,0.0,0.0,0.0,0,none,0,1,0,overconfident,0.95,0,mild_drift,0.9603069825985096,0.0012998806398289544,0.800047666582379,0.8550217986492475,1768132914.7409816,0.042917098850011826,0.10988669097423553
638,40832,40831,sea_abrupt4,sea,ts_drift_adapt,4,"error_divergence_ph_meta@error.threshold=0.10,error.min_instances=5",error_divergence_ph_meta,"{""divergence"": {""alpha"": 0.1, ""delta"": 0.005, ""min_instances"": 30, ""threshold"": 0.05}, ""error_rate"": {""alpha"": 0.15, ""delta"": 0.005, ""min_instances"": 5, ""threshold"": 0.1}}","{""error_rate"": {""min_instances"": 5, ""threshold"": 0.1}}",0.1,0.005,0.15,5,0.05,0.005,0.1,30,,,,-1,two_stage,2,0.5,"__confirm_cooldown=200,__confirm_rule=perm_test,__perm_alpha=0.01,__perm_delta_k=50,__perm_min_effect=0,__perm_n_perm=200,__perm_post_n=50,__perm_pre_n=200,__perm_rng_seed=0,__perm_stat=delta_fused_score,divergence=0.3,error_rate=0.5,teacher_entropy=0.2",3,0,200,0.0,0,10000,10.0,25.0,200,500,0,0,1.0,0.8589096786833855,0.6764033840750459,0.16666666666666666,0.18966422975063324,0.020630698651075363,1,1,116,98,0,perm_test,0.004975124378109453,0.06228195490897203,222,98,124,0.16666666666666666,0.16666666666666666,1,0.5,0.0,0.0,0.0,0,none,1,1,0,overconfident,0.95,0,severe_drift,0.9256534912992548,0.0016499403199144772,0.6500238332911895,0.8325108993246237,1768132914.758282,0.3863943815231323,0.195595383644104
639,40896,40895,sea_abrupt4,sea,ts_drift_adapt,4,"error_divergence_ph_meta@error.threshold=0.10,error.min_instances=5",error_divergence_ph_meta,"{""divergence"": {""alpha"": 0.1, ""delta"": 0.005, ""min_instances"": 30, ""threshold"": 0.05}, ""error_rate"": {""alpha"": 0.15, ""delta"": 0.005, ""min_instances"": 5, ""threshold"": 0.1}}","{""error_rate"": {""min_instances"": 5, ""threshold"": 0.1}}",0.1,0.005,0.15,5,0.05,0.005,0.1,30,,,,-1,two_stage,2,0.5,"__confirm_cooldown=200,__confirm_rule=perm_test,__perm_alpha=0.01,__perm_delta_k=50,__perm_min_effect=0,__perm_n_perm=200,__perm_post_n=50,__perm_pre_n=200,__perm_rng_seed=0,__perm_stat=delta_fused_score,divergence=0.3,error_rate=0.5,teacher_entropy=0.2",3,0,200,0.0,0,10000,10.0,25.0,200,500,1,136,1.0,0.8589593114241002,0.6764777830802983,0.16666666666666666,0.2541579604148865,0.025889964774250984,0,0,116,98,-1,perm_test,0.004975124378109453,0.06228195490897203,222,98,124,0.0,0.005259266123175621,0,0.0,0.0,0.0,0.0,0,none,0,1,0,overconfident,0.95,0,mild_drift,0.9429767456496274,0.0014749701599572388,0.7250119166455948,0.8437554496623119,1768132914.768996,0.29046401381492615,0.19768241047859192
640,40960,40959,sea_abrupt4,sea,ts_drift_adapt,4,"error_divergence_ph_meta@error.threshold=0.10,error.min_instances=5",error_divergence_ph_meta,"{""divergence"": {""alpha"": 0.1, ""delta"": 0.005, ""min_instances"": 30, ""threshold"": 0.05}, ""error_rate"": {""alpha"": 0.15, ""delta"": 0.005, ""min_instances"": 5, ""threshold"": 0.1}}","{""error_rate"": {""min_instances"": 5, ""threshold"": 0.1}}",0.1,0.005,0.15,5,0.05,0.005,0.1,30,,,,-1,two_stage,2,0.5,"__confirm_cooldown=200,__confirm_rule=perm_test,__perm_alpha=0.01,__perm_delta_k=50,__perm_min_effect=0,__perm_n_perm=200,__perm_post_n=50,__perm_pre_n=200,__perm_rng_seed=0,__perm_stat=delta_fused_score,divergence=0.3,error_rate=0.5,teacher_entropy=0.2",3,0,200,0.0,0,10000,10.0,25.0,200,500,1,72,1.0,0.8590576171875,0.676695917895147,0.0,0.15577289462089539,0.01156545989215374,0,0,116,98,-1,perm_test,0.004975124378109453,0.06228195490897203,222,98,124,0.0,0.16666666666666666,0,0.0,0.0,0.0,0.0,0,none,0,1,0,overconfident,0.95,0,mild_drift,0.9516383728248137,0.0013874850799786196,0.7625059583227974,0.8493777248311559,1768132914.7795732,0.11413976550102234,0.10222012549638748
641,41024,41023,sea_abrupt4,sea,ts_drift_adapt,4,"error_divergence_ph_meta@error.threshold=0.10,error.min_instances=5",error_divergence_ph_meta,"{""divergence"": {""alpha"": 0.1, ""delta"": 0.005, ""min_instances"": 30, ""threshold"": 0.05}, ""error_rate"": {""alpha"": 0.15, ""delta"": 0.005, ""min_instances"": 5, ""threshold"": 0.1}}","{""error_rate"": {""min_instances"": 5, ""threshold"": 0.1}}",0.1,0.005,0.15,5,0.05,0.005,0.1,30,,,,-1,two_stage,2,0.5,"__confirm_cooldown=200,__confirm_rule=perm_test,__perm_alpha=0.01,__perm_delta_k=50,__perm_min_effect=0,__perm_n_perm=200,__perm_post_n=50,__perm_pre_n=200,__perm_rng_seed=0,__perm_stat=delta_fused_score,divergence=0.3,error_rate=0.5,teacher_entropy=0.2",3,0,200,0.0,0,10000,10.0,25.0,200,500,1,8,1.0,0.859155616224649,0.6769423202561644,0.16666666666666666,0.23480230569839478,0.027561841532588005,0,0,116,98,-1,perm_test,0.004975124378109453,0.06228195490897203,222,98,124,0.0,0.16666666666666666,0,0.0,0.0,0.0,0.0,0,none,0,1,0,overconfident,0.95,0,mild_drift,0.9559691864124068,0.00134374253998931,0.7812529791613987,0.852188862415578,1768132914.7902155,0.22479641437530518,0.18993285298347473
642,41088,41087,sea_abrupt4,sea,ts_drift_adapt,4,"error_divergence_ph_meta@error.threshold=0.10,error.min_instances=5",error_divergence_ph_meta,"{""divergence"": {""alpha"": 0.1, ""delta"": 0.005, ""min_instances"": 30, ""threshold"": 0.05}, ""error_rate"": {""alpha"": 0.15, ""delta"": 0.005, ""min_instances"": 5, ""threshold"": 0.1}}","{""error_rate"": {""min_instances"": 5, ""threshold"": 0.1}}",0.1,0.005,0.15,5,0.05,0.005,0.1,30,,,,-1,two_stage,2,0.5,"__confirm_cooldown=200,__confirm_rule=perm_test,__perm_alpha=0.01,__perm_delta_k=50,__perm_min_effect=0,__perm_n_perm=200,__perm_post_n=50,__perm_pre_n=200,__perm_rng_seed=0,__perm_stat=delta_fused_score,divergence=0.3,error_rate=0.5,teacher_entropy=0.2",3,0,200,0.0,0,10000,10.0,25.0,200,500,0,0,1.0,0.8592776479750779,0.677249046773271,0.0,0.1863395869731903,0.01801113225519657,0,0,116,98,-1,perm_test,0.004975124378109453,0.06228195490897203,222,98,124,0.0,0.16666666666666666,0,0.0,0.0,0.0,0.0,0,none,0,1,0,overconfident,0.95,0,mild_drift,0.9581345932062033,0.0013218712699946552,0.7906264895806994,0.853594431207789,1768132914.8020265,0.05734297260642052,0.17171862721443176
643,41152,41151,sea_abrupt4,sea,ts_drift_adapt,4,"error_divergence_ph_meta@error.threshold=0.10,error.min_instances=5",error_divergence_ph_meta,"{""divergence"": {""alpha"": 0.1, ""delta"": 0.005, ""min_instances"": 30, ""threshold"": 0.05}, ""error_rate"": {""alpha"": 0.15, ""delta"": 0.005, ""min_instances"": 5, ""threshold"": 0.1}}","{""error_rate"": {""min_instances"": 5, ""threshold"": 0.1}}",0.1,0.005,0.15,5,0.05,0.005,0.1,30,,,,-1,two_stage,2,0.5,"__confirm_cooldown=200,__confirm_rule=perm_test,__perm_alpha=0.01,__perm_delta_k=50,__perm_min_effect=0,__perm_n_perm=200,__perm_post_n=50,__perm_pre_n=200,__perm_rng_seed=0,__perm_stat=delta_fused_score,divergence=0.3,error_rate=0.5,teacher_entropy=0.2",3,0,200,0.0,0,10000,10.0,25.0,200,500,0,0,1.0,0.859350699844479,0.6774538915227022,0.0,0.20851470530033112,0.01240810938179493,0,1,117,98,-1,perm_test,0.43283582089552236,0.0012980879875186388,223,98,125,0.16666666666666666,0.005603022873401642,1,0.5,0.0,0.0,0.0,0,none,0,1,0,overconfident,0.95,0,mild_drift,0.9592172966031016,0.0013109356349973278,0.7953132447903497,0.8542972156038945,1768132914.8208559,0.0944054126739502,0.11154557764530182
644,41216,41215,sea_abrupt4,sea,ts_drift_adapt,4,"error_divergence_ph_meta@error.threshold=0.10,error.min_instances=5",error_divergence_ph_meta,"{""divergence"": {""alpha"": 0.1, ""delta"": 0.005, ""min_instances"": 30, ""threshold"": 0.05}, ""error_rate"": {""alpha"": 0.15, ""delta"": 0.005, ""min_instances"": 5, ""threshold"": 0.1}}","{""error_rate"": {""min_instances"": 5, ""threshold"": 0.1}}",0.1,0.005,0.15,5,0.05,0.005,0.1,30,,,,-1,two_stage,2,0.5,"__confirm_cooldown=200,__confirm_rule=perm_test,__perm_alpha=0.01,__perm_delta_k=50,__perm_min_effect=0,__perm_n_perm=200,__perm_post_n=50,__perm_pre_n=200,__perm_rng_seed=0,__perm_stat=delta_fused_score,divergence=0.3,error_rate=0.5,teacher_entropy=0.2",3,0,200,0.0,0,10000,10.0,25.0,200,500,0,0,1.0,0.8594477872670807,0.6777320292172645,0.16666666666666666,0.1923699527978897,0.011970089748501778,1,0,117,99,1,perm_test,0.004975124378109453,0.04221659483930133,224,99,125,0.0,0.16666666666666666,0,0.0,0.0,0.0,0.0,0,none,1,1,0,overconfident,0.95,0,stable,0.9746086483015508,0.0010554678174986639,0.8976566223951749,0.8996486078019472,1768132914.839582,0.16883184015750885,0.1055275946855545
645,41280,41279,sea_abrupt4,sea,ts_drift_adapt,4,"error_divergence_ph_meta@error.threshold=0.10,error.min_instances=5",error_divergence_ph_meta,"{""divergence"": {""alpha"": 0.1, ""delta"": 0.005, ""min_instances"": 30, ""threshold"": 0.05}, ""error_rate"": {""alpha"": 0.15, ""delta"": 0.005, ""min_instances"": 5, ""threshold"": 0.1}}","{""error_rate"": {""min_instances"": 5, ""threshold"": 0.1}}",0.1,0.005,0.15,5,0.05,0.005,0.1,30,,,,-1,two_stage,2,0.5,"__confirm_cooldown=200,__confirm_rule=perm_test,__perm_alpha=0.01,__perm_delta_k=50,__perm_min_effect=0,__perm_n_perm=200,__perm_post_n=50,__perm_pre_n=200,__perm_rng_seed=0,__perm_stat=delta_fused_score,divergence=0.3,error_rate=0.5,teacher_entropy=0.2",3,0,200,0.0,0,10000,10.0,25.0,200,500,1,136,1.0,0.8595203488372093,0.6778988078220103,0.0,0.2543233036994934,0.015057824552059174,0,0,117,99,-1,perm_test,0.004975124378109453,0.04221659483930133,224,99,125,0.0,0.16666666666666666,0,0.0,0.0,0.0,0.0,0,none,0,1,0,overconfident,0.95,0,mild_drift,0.9674543241507754,0.0011777339087493321,0.8488283111975874,0.8773243039009736,1768132914.8512816,0.056794602423906326,0.11258523911237717
646,41344,41343,sea_abrupt4,sea,ts_drift_adapt,4,"error_divergence_ph_meta@error.threshold=0.10,error.min_instances=5",error_divergence_ph_meta,"{""divergence"": {""alpha"": 0.1, ""delta"": 0.005, ""min_instances"": 30, ""threshold"": 0.05}, ""error_rate"": {""alpha"": 0.15, ""delta"": 0.005, ""min_instances"": 5, ""threshold"": 0.1}}","{""error_rate"": {""min_instances"": 5, ""threshold"": 0.1}}",0.1,0.005,0.15,5,0.05,0.005,0.1,30,,,,-1,two_stage,2,0.5,"__confirm_cooldown=200,__confirm_rule=perm_test,__perm_alpha=0.01,__perm_delta_k=50,__perm_min_effect=0,__perm_n_perm=200,__perm_post_n=50,__perm_pre_n=200,__perm_rng_seed=0,__perm_stat=delta_fused_score,divergence=0.3,error_rate=0.5,teacher_entropy=0.2",3,0,200,0.0,0,10000,10.0,25.0,200,500,1,72,1.0,0.8596652476780186,0.6782287010635576,0.0,0.16453182697296143,0.007907322607934475,0,0,117,99,-1,perm_test,0.004975124378109453,0.04221659483930133,224,99,125,0.0,0.007150501944124699,0,0.0,0.0,0.0,0.0,0,none,0,1,0,overconfident,0.95,0,mild_drift,0.9638771620753877,0.001238866954374666,0.8244141555987937,0.8661621519504867,1768132914.8616295,0.08058206737041473,0.06944197416305542
647,41408,41407,sea_abrupt4,sea,ts_drift_adapt,4,"error_divergence_ph_meta@error.threshold=0.10,error.min_instances=5",error_divergence_ph_meta,"{""divergence"": {""alpha"": 0.1, ""delta"": 0.005, ""min_instances"": 30, ""threshold"": 0.05}, ""error_rate"": {""alpha"": 0.15, ""delta"": 0.005, ""min_instances"": 5, ""threshold"": 0.1}}","{""error_rate"": {""min_instances"": 5, ""threshold"": 0.1}}",0.1,0.005,0.15,5,0.05,0.005,0.1,30,,,,-1,two_stage,2,0.5,"__confirm_cooldown=200,__confirm_rule=perm_test,__perm_alpha=0.01,__perm_delta_k=50,__perm_min_effect=0,__perm_n_perm=200,__perm_post_n=50,__perm_pre_n=200,__perm_rng_seed=0,__perm_stat=delta_fused_score,divergence=0.3,error_rate=0.5,teacher_entropy=0.2",3,0,200,0.0,0,10000,10.0,25.0,200,500,1,8,1.0,0.8597372488408037,0.6783318276887461,0.0,0.2614102363586426,0.013644552789628506,0,0,117,99,-1,perm_test,0.004975124378109453,0.04221659483930133,224,99,125,0.0,0.005737230181694031,0,0.0,0.0,0.0,0.0,0,none,0,1,0,overconfident,0.95,0,mild_drift,0.9620885810376938,0.001269433477187333,0.8122070777993968,0.8605810759752434,1768132914.8718717,0.050091106444597244,0.11368519067764282
648,41472,41471,sea_abrupt4,sea,ts_drift_adapt,4,"error_divergence_ph_meta@error.threshold=0.10,error.min_instances=5",error_divergence_ph_meta,"{""divergence"": {""alpha"": 0.1, ""delta"": 0.005, ""min_instances"": 30, ""threshold"": 0.05}, ""error_rate"": {""alpha"": 0.15, ""delta"": 0.005, ""min_instances"": 5, ""threshold"": 0.1}}","{""error_rate"": {""min_instances"": 5, ""threshold"": 0.1}}",0.1,0.005,0.15,5,0.05,0.005,0.1,30,,,,-1,two_stage,2,0.5,"__confirm_cooldown=200,__confirm_rule=perm_test,__perm_alpha=0.01,__perm_delta_k=50,__perm_min_effect=0,__perm_n_perm=200,__perm_post_n=50,__perm_pre_n=200,__perm_rng_seed=0,__perm_stat=delta_fused_score,divergence=0.3,error_rate=0.5,teacher_entropy=0.2",3,0,200,0.0,0,10000,10.0,25.0,200,500,0,0,1.0,0.8598090277777778,0.6785333640211462,0.16666666666666666,0.2223314791917801,0.013030989095568657,1,1,118,100,0,perm_test,0.004975124378109453,0.08381116902910256,225,100,125,0.16666666666666666,0.16666666666666666,1,0.5,0.0,0.0,0.0,0,none,1,1,0,overconfident,0.95,0,severe_drift,0.9265442905188469,0.0016347167385936665,0.6561035388996984,0.8352905379876217,1768132914.8875446,0.342824786901474,0.10646764934062958
649,41536,41535,sea_abrupt4,sea,ts_drift_adapt,4,"error_divergence_ph_meta@error.threshold=0.10,error.min_instances=5",error_divergence_ph_meta,"{""divergence"": {""alpha"": 0.1, ""delta"": 0.005, ""min_instances"": 30, ""threshold"": 0.05}, ""error_rate"": {""alpha"": 0.15, ""delta"": 0.005, ""min_instances"": 5, ""threshold"": 0.1}}","{""error_rate"": {""min_instances"": 5, ""threshold"": 0.1}}",0.1,0.005,0.15,5,0.05,0.005,0.1,30,,,,-1,two_stage,2,0.5,"__confirm_cooldown=200,__confirm_rule=perm_test,__perm_alpha=0.01,__perm_delta_k=50,__perm_min_effect=0,__perm_n_perm=200,__perm_post_n=50,__perm_pre_n=200,__perm_rng_seed=0,__perm_stat=delta_fused_score,divergence=0.3,error_rate=0.5,teacher_entropy=0.2",3,0,200,0.0,0,10000,10.0,25.0,200,500,1,136,1.0,0.8599768875192604,0.6789857587491124,0.0,0.1899566352367401,0.012660326436161995,0,0,118,100,-1,perm_test,0.004975124378109453,0.08381116902910256,225,100,125,0.0,0.16666666666666666,0,0.0,0.0,0.0,0.0,0,none,0,1,0,overconfident,0.95,0,mild_drift,0.9434221452594234,0.0014673583692968333,0.7280517694498492,0.8451452689938108,1768132914.897675,0.1176445409655571,0.11806154251098633
650,41600,41599,sea_abrupt4,sea,ts_drift_adapt,4,"error_divergence_ph_meta@error.threshold=0.10,error.min_instances=5",error_divergence_ph_meta,"{""divergence"": {""alpha"": 0.1, ""delta"": 0.005, ""min_instances"": 30, ""threshold"": 0.05}, ""error_rate"": {""alpha"": 0.15, ""delta"": 0.005, ""min_instances"": 5, ""threshold"": 0.1}}","{""error_rate"": {""min_instances"": 5, ""threshold"": 0.1}}",0.1,0.005,0.15,5,0.05,0.005,0.1,30,,,,-1,two_stage,2,0.5,"__confirm_cooldown=200,__confirm_rule=perm_test,__perm_alpha=0.01,__perm_delta_k=50,__perm_min_effect=0,__perm_n_perm=200,__perm_post_n=50,__perm_pre_n=200,__perm_rng_seed=0,__perm_stat=delta_fused_score,divergence=0.3,error_rate=0.5,teacher_entropy=0.2",3,0,200,0.0,0,10000,10.0,25.0,200,500,1,72,1.0,0.8600961538461539,0.6793263292950923,0.0,0.18980491161346436,0.01538444310426712,0,0,118,100,-1,perm_test,0.004975124378109453,0.08381116902910256,225,100,125,0.0,0.0027241166681051254,0,0.0,0.0,0.0,0.0,0,none,0,1,0,overconfident,0.95,0,mild_drift,0.9518610726297116,0.0013836791846484169,0.7640258847249246,0.8500726344969054,1768132914.9078586,0.06475169211626053,0.11820139735937119
651,41664,41663,sea_abrupt4,sea,ts_drift_adapt,4,"error_divergence_ph_meta@error.threshold=0.10,error.min_instances=5",error_divergence_ph_meta,"{""divergence"": {""alpha"": 0.1, ""delta"": 0.005, ""min_instances"": 30, ""threshold"": 0.05}, ""error_rate"": {""alpha"": 0.15, ""delta"": 0.005, ""min_instances"": 5, ""threshold"": 0.1}}","{""error_rate"": {""min_instances"": 5, ""threshold"": 0.1}}",0.1,0.005,0.15,5,0.05,0.005,0.1,30,,,,-1,two_stage,2,0.5,"__confirm_cooldown=200,__confirm_rule=perm_test,__perm_alpha=0.01,__perm_delta_k=50,__perm_min_effect=0,__perm_n_perm=200,__perm_post_n=50,__perm_pre_n=200,__perm_rng_seed=0,__perm_stat=delta_fused_score,divergence=0.3,error_rate=0.5,teacher_entropy=0.2",3,0,200,0.0,0,10000,10.0,25.0,200,500,1,8,1.0,0.8602390552995391,0.6796666897519467,0.0,0.20085079967975616,0.019007449969649315,0,0,118,100,-1,perm_test,0.004975124378109453,0.08381116902910256,225,100,125,0.0,0.0036230068653821945,0,0.0,0.0,0.0,0.0,0,none,0,1,0,overconfident,0.95,0,mild_drift,0.9560805363148558,0.0013418395923242084,0.7820129423624623,0.8525363172484527,1768132914.9182813,0.24959450960159302,0.16558930277824402
652,41728,41727,sea_abrupt4,sea,ts_drift_adapt,4,"error_divergence_ph_meta@error.threshold=0.10,error.min_instances=5",error_divergence_ph_meta,"{""divergence"": {""alpha"": 0.1, ""delta"": 0.005, ""min_instances"": 30, ""threshold"": 0.05}, ""error_rate"": {""alpha"": 0.15, ""delta"": 0.005, ""min_instances"": 5, ""threshold"": 0.1}}","{""error_rate"": {""min_instances"": 5, ""threshold"": 0.1}}",0.1,0.005,0.15,5,0.05,0.005,0.1,30,,,,-1,two_stage,2,0.5,"__confirm_cooldown=200,__confirm_rule=perm_test,__perm_alpha=0.01,__perm_delta_k=50,__perm_min_effect=0,__perm_n_perm=200,__perm_post_n=50,__perm_pre_n=200,__perm_rng_seed=0,__perm_stat=delta_fused_score,divergence=0.3,error_rate=0.5,teacher_entropy=0.2",3,0,200,0.0,0,10000,10.0,25.0,200,500,0,0,1.0,0.8603575536809815,0.6799050837678549,0.0,0.19385842978954315,0.022172288969159126,0,0,118,100,-1,perm_test,0.004975124378109453,0.08381116902910256,225,100,125,0.0,0.0031648389995098114,0,0.0,0.0,0.0,0.0,0,none,0,1,0,overconfident,0.95,0,mild_drift,0.9581902681574279,0.0013209197961621044,0.7910064711812312,0.8537681586242263,1768132914.929048,0.06644979864358902,0.2237929403781891
653,41792,41791,sea_abrupt4,sea,ts_drift_adapt,4,"error_divergence_ph_meta@error.threshold=0.10,error.min_instances=5",error_divergence_ph_meta,"{""divergence"": {""alpha"": 0.1, ""delta"": 0.005, ""min_instances"": 30, ""threshold"": 0.05}, ""error_rate"": {""alpha"": 0.15, ""delta"": 0.005, ""min_instances"": 5, ""threshold"": 0.1}}","{""error_rate"": {""min_instances"": 5, ""threshold"": 0.1}}",0.1,0.005,0.15,5,0.05,0.005,0.1,30,,,,-1,two_stage,2,0.5,"__confirm_cooldown=200,__confirm_rule=perm_test,__perm_alpha=0.01,__perm_delta_k=50,__perm_min_effect=0,__perm_n_perm=200,__perm_post_n=50,__perm_pre_n=200,__perm_rng_seed=0,__perm_stat=delta_fused_score,divergence=0.3,error_rate=0.5,teacher_entropy=0.2",3,0,200,0.0,0,10000,10.0,25.0,200,500,0,0,1.0,0.8603799770290965,0.6800151650903912,0.16666666666666666,0.17693093419075012,0.023742374032735825,1,1,119,101,0,perm_test,0.004975124378109453,0.06203246722396308,226,101,125,0.0,0.16666666666666666,1,0.5,0.0,0.0,0.0,0,none,1,1,0,overconfident,0.95,0,stable,0.974095134078714,0.0010604598980810522,0.8955032355906156,0.8993840793121132,1768132914.9453275,0.1656617522239685,0.15318873524665833
654,41856,41855,sea_abrupt4,sea,ts_drift_adapt,4,"error_divergence_ph_meta@error.threshold=0.10,error.min_instances=5",error_divergence_ph_meta,"{""divergence"": {""alpha"": 0.1, ""delta"": 0.005, ""min_instances"": 30, ""threshold"": 0.05}, ""error_rate"": {""alpha"": 0.15, ""delta"": 0.005, ""min_instances"": 5, ""threshold"": 0.1}}","{""error_rate"": {""min_instances"": 5, ""threshold"": 0.1}}",0.1,0.005,0.15,5,0.05,0.005,0.1,30,,,,-1,two_stage,2,0.5,"__confirm_cooldown=200,__confirm_rule=perm_test,__perm_alpha=0.01,__perm_delta_k=50,__perm_min_effect=0,__perm_n_perm=200,__perm_post_n=50,__perm_pre_n=200,__perm_rng_seed=0,__perm_stat=delta_fused_score,divergence=0.3,error_rate=0.5,teacher_entropy=0.2",3,0,200,0.0,0,10000,10.0,25.0,200,500,1,136,1.0,0.8605217889908257,0.6803837352026193,0.0,0.18138311803340912,0.01814853399991989,0,0,119,101,-1,perm_test,0.004975124378109453,0.06203246722396308,226,101,125,0.0,0.16666666666666666,0,0.0,0.0,0.0,0.0,0,none,0,1,0,overconfident,0.95,0,mild_drift,0.9671975670393569,0.0011802299490405262,0.8477516177953078,0.8771920396560566,1768132914.9558105,0.005655998829752207,0.13743317127227783
655,41920,41919,sea_abrupt4,sea,ts_drift_adapt,4,"error_divergence_ph_meta@error.threshold=0.10,error.min_instances=5",error_divergence_ph_meta,"{""divergence"": {""alpha"": 0.1, ""delta"": 0.005, ""min_instances"": 30, ""threshold"": 0.05}, ""error_rate"": {""alpha"": 0.15, ""delta"": 0.005, ""min_instances"": 5, ""threshold"": 0.1}}","{""error_rate"": {""min_instances"": 5, ""threshold"": 0.1}}",0.1,0.005,0.15,5,0.05,0.005,0.1,30,,,,-1,two_stage,2,0.5,"__confirm_cooldown=200,__confirm_rule=perm_test,__perm_alpha=0.01,__perm_delta_k=50,__perm_min_effect=0,__perm_n_perm=200,__perm_post_n=50,__perm_pre_n=200,__perm_rng_seed=0,__perm_stat=delta_fused_score,divergence=0.3,error_rate=0.5,teacher_entropy=0.2",3,0,200,0.0,0,10000,10.0,25.0,200,500,1,72,1.0,0.8607347328244275,0.6809123166215253,0.0,0.1671789437532425,0.007740032393485308,0,0,119,101,-1,perm_test,0.004975124378109453,0.06203246722396308,226,101,125,0.0,0.010408501606434584,0,0.0,0.0,0.0,0.0,0,none,0,1,0,overconfident,0.95,0,mild_drift,0.9637487835196784,0.0012401149745202632,0.8238758088976539,0.8660960198280283,1768132914.966232,0.05064113438129425,0.07720017433166504
656,41984,41983,sea_abrupt4,sea,ts_drift_adapt,4,"error_divergence_ph_meta@error.threshold=0.10,error.min_instances=5",error_divergence_ph_meta,"{""divergence"": {""alpha"": 0.1, ""delta"": 0.005, ""min_instances"": 30, ""threshold"": 0.05}, ""error_rate"": {""alpha"": 0.15, ""delta"": 0.005, ""min_instances"": 5, ""threshold"": 0.1}}","{""error_rate"": {""min_instances"": 5, ""threshold"": 0.1}}",0.1,0.005,0.15,5,0.05,0.005,0.1,30,,,,-1,two_stage,2,0.5,"__confirm_cooldown=200,__confirm_rule=perm_test,__perm_alpha=0.01,__perm_delta_k=50,__perm_min_effect=0,__perm_n_perm=200,__perm_post_n=50,__perm_pre_n=200,__perm_rng_seed=0,__perm_stat=delta_fused_score,divergence=0.3,error_rate=0.5,teacher_entropy=0.2",3,0,200,0.0,0,10000,10.0,25.0,200,500,1,8,1.0,0.8608517530487805,0.6812563467888549,0.0,0.17072294652462006,0.01396000012755394,0,0,119,101,-1,perm_test,0.004975124378109453,0.06203246722396308,226,101,125,0.0,0.006219967734068632,0,0.0,0.0,0.0,0.0,0,none,0,1,0,overconfident,0.95,0,mild_drift,0.9620243917598392,0.0012700574872601318,0.811937904448827,0.8605480099140141,1768132914.9767752,0.0936254933476448,0.09801740199327469
657,42048,42047,sea_abrupt4,sea,ts_drift_adapt,4,"error_divergence_ph_meta@error.threshold=0.10,error.min_instances=5",error_divergence_ph_meta,"{""divergence"": {""alpha"": 0.1, ""delta"": 0.005, ""min_instances"": 30, ""threshold"": 0.05}, ""error_rate"": {""alpha"": 0.15, ""delta"": 0.005, ""min_instances"": 5, ""threshold"": 0.1}}","{""error_rate"": {""min_instances"": 5, ""threshold"": 0.1}}",0.1,0.005,0.15,5,0.05,0.005,0.1,30,,,,-1,two_stage,2,0.5,"__confirm_cooldown=200,__confirm_rule=perm_test,__perm_alpha=0.01,__perm_delta_k=50,__perm_min_effect=0,__perm_n_perm=200,__perm_post_n=50,__perm_pre_n=200,__perm_rng_seed=0,__perm_stat=delta_fused_score,divergence=0.3,error_rate=0.5,teacher_entropy=0.2",3,0,200,0.0,0,10000,10.0,25.0,200,500,0,0,1.0,0.860849505327245,0.6812509061156283,0.3333333333333333,0.21512174606323242,0.02466755546629429,0,0,119,101,-1,perm_test,0.004975124378109453,0.06203246722396308,226,101,125,0.0,0.3333333333333333,0,0.0,0.0,0.0,0.0,0,none,0,1,0,overconfident,0.95,0,mild_drift,0.9611621958799196,0.001285028743630066,0.8059689522244136,0.8577740049570071,1768132914.987601,0.5637252926826477,0.2230258584022522
658,42112,42111,sea_abrupt4,sea,ts_drift_adapt,4,"error_divergence_ph_meta@error.threshold=0.10,error.min_instances=5",error_divergence_ph_meta,"{""divergence"": {""alpha"": 0.1, ""delta"": 0.005, ""min_instances"": 30, ""threshold"": 0.05}, ""error_rate"": {""alpha"": 0.15, ""delta"": 0.005, ""min_instances"": 5, ""threshold"": 0.1}}","{""error_rate"": {""min_instances"": 5, ""threshold"": 0.1}}",0.1,0.005,0.15,5,0.05,0.005,0.1,30,,,,-1,two_stage,2,0.5,"__confirm_cooldown=200,__confirm_rule=perm_test,__perm_alpha=0.01,__perm_delta_k=50,__perm_min_effect=0,__perm_n_perm=200,__perm_post_n=50,__perm_pre_n=200,__perm_rng_seed=0,__perm_stat=delta_fused_score,divergence=0.3,error_rate=0.5,teacher_entropy=0.2",3,0,200,0.0,0,10000,10.0,25.0,200,500,0,0,1.0,0.8609422492401215,0.681435532059608,0.16666666666666666,0.18945053219795227,0.00857806671410799,0,1,120,101,-1,perm_test,1.0,-0.09086613731366393,227,101,126,0.0,0.16666666666666666,1,0.5,0.0,0.0,0.0,0,none,0,1,0,overconfident,0.95,0,mild_drift,0.9607310979399597,0.001292514371815033,0.8029844761122068,0.8563870024785035,1768132914.9986148,0.47492527961730957,0.06956957280635834
659,42176,42175,sea_abrupt4,sea,ts_drift_adapt,4,"error_divergence_ph_meta@error.threshold=0.10,error.min_instances=5",error_divergence_ph_meta,"{""divergence"": {""alpha"": 0.1, ""delta"": 0.005, ""min_instances"": 30, ""threshold"": 0.05}, ""error_rate"": {""alpha"": 0.15, ""delta"": 0.005, ""min_instances"": 5, ""threshold"": 0.1}}","{""error_rate"": {""min_instances"": 5, ""threshold"": 0.1}}",0.1,0.005,0.15,5,0.05,0.005,0.1,30,,,,-1,two_stage,2,0.5,"__confirm_cooldown=200,__confirm_rule=perm_test,__perm_alpha=0.01,__perm_delta_k=50,__perm_min_effect=0,__perm_n_perm=200,__perm_post_n=50,__perm_pre_n=200,__perm_rng_seed=0,__perm_stat=delta_fused_score,divergence=0.3,error_rate=0.5,teacher_entropy=0.2",3,0,200,0.0,0,10000,10.0,25.0,200,500,0,0,1.0,0.8610110015174507,0.6815578413188494,0.0,0.24883614480495453,0.020496876910328865,0,0,120,101,-1,perm_test,1.0,-0.06286290659708743,228,101,127,0.0,0.16666666666666666,0,0.0,0.0,0.0,0.0,0,none,0,1,0,overconfident,0.95,0,mild_drift,0.9605155489699798,0.0012962571859075167,0.8014922380561034,0.8556935012392517,1768132915.01046,0.05964350700378418,0.17984798550605774
660,42240,42239,sea_abrupt4,sea,ts_drift_adapt,4,"error_divergence_ph_meta@error.threshold=0.10,error.min_instances=5",error_divergence_ph_meta,"{""divergence"": {""alpha"": 0.1, ""delta"": 0.005, ""min_instances"": 30, ""threshold"": 0.05}, ""error_rate"": {""alpha"": 0.15, ""delta"": 0.005, ""min_instances"": 5, ""threshold"": 0.1}}","{""error_rate"": {""min_instances"": 5, ""threshold"": 0.1}}",0.1,0.005,0.15,5,0.05,0.005,0.1,30,,,,-1,two_stage,2,0.5,"__confirm_cooldown=200,__confirm_rule=perm_test,__perm_alpha=0.01,__perm_delta_k=50,__perm_min_effect=0,__perm_n_perm=200,__perm_post_n=50,__perm_pre_n=200,__perm_rng_seed=0,__perm_stat=delta_fused_score,divergence=0.3,error_rate=0.5,teacher_entropy=0.2",3,0,200,0.0,0,10000,10.0,25.0,200,500,0,0,1.0,0.8610558712121212,0.6816909591541137,0.0,0.20979420840740204,0.02102825418114662,0,0,120,101,-1,perm_test,1.0,-0.012618868770096513,229,101,128,0.0,0.0005313772708177567,0,0.0,0.0,0.0,0.0,0,none,0,1,0,overconfident,0.95,0,mild_drift,0.9604077744849899,0.0012981285929537585,0.8007461190280517,0.8553467506196258,1768132915.0237997,0.02735135145485401,0.21427196264266968
661,42304,42303,sea_abrupt4,sea,ts_drift_adapt,4,"error_divergence_ph_meta@error.threshold=0.10,error.min_instances=5",error_divergence_ph_meta,"{""divergence"": {""alpha"": 0.1, ""delta"": 0.005, ""min_instances"": 30, ""threshold"": 0.05}, ""error_rate"": {""alpha"": 0.15, ""delta"": 0.005, ""min_instances"": 5, ""threshold"": 0.1}}","{""error_rate"": {""min_instances"": 5, ""threshold"": 0.1}}",0.1,0.005,0.15,5,0.05,0.005,0.1,30,,,,-1,two_stage,2,0.5,"__confirm_cooldown=200,__confirm_rule=perm_test,__perm_alpha=0.01,__perm_delta_k=50,__perm_min_effect=0,__perm_n_perm=200,__perm_post_n=50,__perm_pre_n=200,__perm_rng_seed=0,__perm_stat=delta_fused_score,divergence=0.3,error_rate=0.5,teacher_entropy=0.2",3,0,200,0.0,0,10000,10.0,25.0,200,500,0,0,1.0,0.8611006051437217,0.6818712773963068,0.0,0.173635795712471,0.016955429688096046,0,0,120,101,-1,perm_test,1.0,-0.014582543831055363,230,101,129,0.0,0.004072824493050575,0,0.0,0.0,0.0,0.0,0,none,0,1,0,overconfident,0.95,0,mild_drift,0.9603538872424949,0.0012990642964768795,0.8003730595140259,0.855173375309813,1768132915.0375004,0.11747431755065918,0.1559688150882721
662,42368,42367,sea_abrupt4,sea,ts_drift_adapt,4,"error_divergence_ph_meta@error.threshold=0.10,error.min_instances=5",error_divergence_ph_meta,"{""divergence"": {""alpha"": 0.1, ""delta"": 0.005, ""min_instances"": 30, ""threshold"": 0.05}, ""error_rate"": {""alpha"": 0.15, ""delta"": 0.005, ""min_instances"": 5, ""threshold"": 0.1}}","{""error_rate"": {""min_instances"": 5, ""threshold"": 0.1}}",0.1,0.005,0.15,5,0.05,0.005,0.1,30,,,,-1,two_stage,2,0.5,"__confirm_cooldown=200,__confirm_rule=perm_test,__perm_alpha=0.01,__perm_delta_k=50,__perm_min_effect=0,__perm_n_perm=200,__perm_post_n=50,__perm_pre_n=200,__perm_rng_seed=0,__perm_stat=delta_fused_score,divergence=0.3,error_rate=0.5,teacher_entropy=0.2",3,0,200,0.0,0,10000,10.0,25.0,200,500,0,0,1.0,0.8610507930513596,0.6817724238492326,0.16666666666666666,0.2094511091709137,0.016489092260599136,0,0,120,101,-1,perm_test,1.0,-0.014582543831055363,230,101,129,0.0,0.16666666666666666,0,0.0,0.0,0.0,0.0,0,none,0,1,0,overconfident,0.95,0,mild_drift,0.9603269436212474,0.0012995321482384397,0.800186529757013,0.8550866876549065,1768132915.0510027,0.283494770526886,0.16226297616958618
663,42432,42431,sea_abrupt4,sea,ts_drift_adapt,4,"error_divergence_ph_meta@error.threshold=0.10,error.min_instances=5",error_divergence_ph_meta,"{""divergence"": {""alpha"": 0.1, ""delta"": 0.005, ""min_instances"": 30, ""threshold"": 0.05}, ""error_rate"": {""alpha"": 0.15, ""delta"": 0.005, ""min_instances"": 5, ""threshold"": 0.1}}","{""error_rate"": {""min_instances"": 5, ""threshold"": 0.1}}",0.1,0.005,0.15,5,0.05,0.005,0.1,30,,,,-1,two_stage,2,0.5,"__confirm_cooldown=200,__confirm_rule=perm_test,__perm_alpha=0.01,__perm_delta_k=50,__perm_min_effect=0,__perm_n_perm=200,__perm_post_n=50,__perm_pre_n=200,__perm_rng_seed=0,__perm_stat=delta_fused_score,divergence=0.3,error_rate=0.5,teacher_entropy=0.2",3,0,200,0.0,0,10000,10.0,25.0,200,500,0,0,1.0,0.8611425339366516,0.6820746384600808,0.16666666666666666,0.23355859518051147,0.01770918443799019,0,1,121,101,-1,perm_test,0.04975124378109453,0.007271875319920157,231,101,130,0.0,0.0012200921773910522,1,0.5,0.0,0.0,0.0,0,none,0,1,0,overconfident,0.95,0,mild_drift,0.9603134718106237,0.0012997660741192198,0.8000932648785065,0.8550433438274532,1768132915.068087,0.19907768070697784,0.13546861708164215
664,42496,42495,sea_abrupt4,sea,ts_drift_adapt,4,"error_divergence_ph_meta@error.threshold=0.10,error.min_instances=5",error_divergence_ph_meta,"{""divergence"": {""alpha"": 0.1, ""delta"": 0.005, ""min_instances"": 30, ""threshold"": 0.05}, ""error_rate"": {""alpha"": 0.15, ""delta"": 0.005, ""min_instances"": 5, ""threshold"": 0.1}}","{""error_rate"": {""min_instances"": 5, ""threshold"": 0.1}}",0.1,0.005,0.15,5,0.05,0.005,0.1,30,,,,-1,two_stage,2,0.5,"__confirm_cooldown=200,__confirm_rule=perm_test,__perm_alpha=0.01,__perm_delta_k=50,__perm_min_effect=0,__perm_n_perm=200,__perm_post_n=50,__perm_pre_n=200,__perm_rng_seed=0,__perm_stat=delta_fused_score,divergence=0.3,error_rate=0.5,teacher_entropy=0.2",3,0,200,0.0,0,10000,10.0,25.0,200,500,0,0,1.0,0.8612575301204819,0.6824121422693183,0.16666666666666666,0.20772038400173187,0.01570827327668667,0,0,121,101,-1,perm_test,1.0,-0.050326018277011136,232,101,131,0.0,0.00200091116130352,0,0.0,0.0,0.0,0.0,0,none,0,1,0,overconfident,0.95,0,mild_drift,0.9603067359053118,0.00129988303705961,0.8000466324392532,0.8550216719137266,1768132915.0795672,0.3361358940601349,0.11677564680576324
665,42560,42559,sea_abrupt4,sea,ts_drift_adapt,4,"error_divergence_ph_meta@error.threshold=0.10,error.min_instances=5",error_divergence_ph_meta,"{""divergence"": {""alpha"": 0.1, ""delta"": 0.005, ""min_instances"": 30, ""threshold"": 0.05}, ""error_rate"": {""alpha"": 0.15, ""delta"": 0.005, ""min_instances"": 5, ""threshold"": 0.1}}","{""error_rate"": {""min_instances"": 5, ""threshold"": 0.1}}",0.1,0.005,0.15,5,0.05,0.005,0.1,30,,,,-1,two_stage,2,0.5,"__confirm_cooldown=200,__confirm_rule=perm_test,__perm_alpha=0.01,__perm_delta_k=50,__perm_min_effect=0,__perm_n_perm=200,__perm_post_n=50,__perm_pre_n=200,__perm_rng_seed=0,__perm_stat=delta_fused_score,divergence=0.3,error_rate=0.5,teacher_entropy=0.2",3,0,200,0.0,0,10000,10.0,25.0,200,500,0,0,1.0,0.8613486842105263,0.6826603556686829,0.0,0.21931663155555725,0.017068736255168915,0,0,121,101,-1,perm_test,1.0,-0.030884496373199087,233,101,132,0.0,0.16666666666666666,0,0.0,0.0,0.0,0.0,0,none,0,1,0,overconfident,0.95,0,mild_drift,0.9603033679526558,0.0012999415185298052,0.8000233162196266,0.8550108359568633,1768132915.0904608,0.03403192758560181,0.145106241106987
666,42624,42623,sea_abrupt4,sea,ts_drift_adapt,4,"error_divergence_ph_meta@error.threshold=0.10,error.min_instances=5",error_divergence_ph_meta,"{""divergence"": {""alpha"": 0.1, ""delta"": 0.005, ""min_instances"": 30, ""threshold"": 0.05}, ""error_rate"": {""alpha"": 0.15, ""delta"": 0.005, ""min_instances"": 5, ""threshold"": 0.1}}","{""error_rate"": {""min_instances"": 5, ""threshold"": 0.1}}",0.1,0.005,0.15,5,0.05,0.005,0.1,30,,,,-1,two_stage,2,0.5,"__confirm_cooldown=200,__confirm_rule=perm_test,__perm_alpha=0.01,__perm_delta_k=50,__perm_min_effect=0,__perm_n_perm=200,__perm_post_n=50,__perm_pre_n=200,__perm_rng_seed=0,__perm_stat=delta_fused_score,divergence=0.3,error_rate=0.5,teacher_entropy=0.2",3,0,200,0.0,0,10000,10.0,25.0,200,500,0,0,1.0,0.8613926426426426,0.6827287887668873,0.0,0.23845361173152924,0.006869023200124502,1,0,121,102,3,perm_test,0.004975124378109453,0.014730580636231633,234,102,132,0.0,0.010199713055044413,0,0.0,0.0,0.0,0.0,0,none,1,1,0,overconfident,0.95,0,stable,0.9751516839763279,0.0010499707592649026,0.9000116581098133,0.9000054179784317,1768132915.1064565,0.11934205144643784,0.06787826865911484
667,42688,42687,sea_abrupt4,sea,ts_drift_adapt,4,"error_divergence_ph_meta@error.threshold=0.10,error.min_instances=5",error_divergence_ph_meta,"{""divergence"": {""alpha"": 0.1, ""delta"": 0.005, ""min_instances"": 30, ""threshold"": 0.05}, ""error_rate"": {""alpha"": 0.15, ""delta"": 0.005, ""min_instances"": 5, ""threshold"": 0.1}}","{""error_rate"": {""min_instances"": 5, ""threshold"": 0.1}}",0.1,0.005,0.15,5,0.05,0.005,0.1,30,,,,-1,two_stage,2,0.5,"__confirm_cooldown=200,__confirm_rule=perm_test,__perm_alpha=0.01,__perm_delta_k=50,__perm_min_effect=0,__perm_n_perm=200,__perm_post_n=50,__perm_pre_n=200,__perm_rng_seed=0,__perm_stat=delta_fused_score,divergence=0.3,error_rate=0.5,teacher_entropy=0.2",3,0,200,0.0,0,10000,10.0,25.0,200,500,1,136,1.0,0.8615067466266867,0.6830512433669622,0.16666666666666666,0.1805054247379303,0.009398418478667736,0,0,121,102,-1,perm_test,0.004975124378109453,0.014730580636231633,234,102,132,0.0,0.16666666666666666,0,0.0,0.0,0.0,0.0,0,none,0,1,0,overconfident,0.95,0,mild_drift,0.9677258419881639,0.0011749853796324513,0.8500058290549066,0.8775027089892158,1768132915.1168077,0.16607174277305603,0.07480701804161072
668,42752,42751,sea_abrupt4,sea,ts_drift_adapt,4,"error_divergence_ph_meta@error.threshold=0.10,error.min_instances=5",error_divergence_ph_meta,"{""divergence"": {""alpha"": 0.1, ""delta"": 0.005, ""min_instances"": 30, ""threshold"": 0.05}, ""error_rate"": {""alpha"": 0.15, ""delta"": 0.005, ""min_instances"": 5, ""threshold"": 0.1}}","{""error_rate"": {""min_instances"": 5, ""threshold"": 0.1}}",0.1,0.005,0.15,5,0.05,0.005,0.1,30,,,,-1,two_stage,2,0.5,"__confirm_cooldown=200,__confirm_rule=perm_test,__perm_alpha=0.01,__perm_delta_k=50,__perm_min_effect=0,__perm_n_perm=200,__perm_post_n=50,__perm_pre_n=200,__perm_rng_seed=0,__perm_stat=delta_fused_score,divergence=0.3,error_rate=0.5,teacher_entropy=0.2",3,0,200,0.0,0,10000,10.0,25.0,200,500,1,72,1.0,0.8617140718562875,0.6836133806044355,0.0,0.13379839062690735,0.003833057126030326,0,1,121,102,-1,perm_test,0.004975124378109453,0.014730580636231633,234,102,132,0.16666666666666666,0.16666666666666666,1,0.5,0.0,0.0,0.0,0,none,0,1,0,overconfident,0.95,0,mild_drift,0.964012920994082,0.0012374926898162256,0.8250029145274533,0.8662513544946079,1768132915.1271257,0.1949288696050644,0.051589518785476685
669,42816,42815,sea_abrupt4,sea,ts_drift_adapt,4,"error_divergence_ph_meta@error.threshold=0.10,error.min_instances=5",error_divergence_ph_meta,"{""divergence"": {""alpha"": 0.1, ""delta"": 0.005, ""min_instances"": 30, ""threshold"": 0.05}, ""error_rate"": {""alpha"": 0.15, ""delta"": 0.005, ""min_instances"": 5, ""threshold"": 0.1}}","{""error_rate"": {""min_instances"": 5, ""threshold"": 0.1}}",0.1,0.005,0.15,5,0.05,0.005,0.1,30,,,,-1,two_stage,2,0.5,"__confirm_cooldown=200,__confirm_rule=perm_test,__perm_alpha=0.01,__perm_delta_k=50,__perm_min_effect=0,__perm_n_perm=200,__perm_post_n=50,__perm_pre_n=200,__perm_rng_seed=0,__perm_stat=delta_fused_score,divergence=0.3,error_rate=0.5,teacher_entropy=0.2",3,0,200,0.0,0,10000,10.0,25.0,200,500,1,8,1.0,0.8618740657698056,0.6839225922852202,0.0,0.18678569793701172,0.018625028431415558,0,0,121,102,-1,perm_test,0.004975124378109453,0.014730580636231633,234,102,132,0.0,0.014791971305385232,0,0.0,0.0,0.0,0.0,0,none,0,1,0,overconfident,0.95,0,mild_drift,0.962156460497041,0.0012687463449081128,0.8125014572637267,0.860625677247304,1768132915.137633,0.011192700825631618,0.16023756563663483
670,42880,42879,sea_abrupt4,sea,ts_drift_adapt,4,"error_divergence_ph_meta@error.threshold=0.10,error.min_instances=5",error_divergence_ph_meta,"{""divergence"": {""alpha"": 0.1, ""delta"": 0.005, ""min_instances"": 30, ""threshold"": 0.05}, ""error_rate"": {""alpha"": 0.15, ""delta"": 0.005, ""min_instances"": 5, ""threshold"": 0.1}}","{""error_rate"": {""min_instances"": 5, ""threshold"": 0.1}}",0.1,0.005,0.15,5,0.05,0.005,0.1,30,,,,-1,two_stage,2,0.5,"__confirm_cooldown=200,__confirm_rule=perm_test,__perm_alpha=0.01,__perm_delta_k=50,__perm_min_effect=0,__perm_n_perm=200,__perm_post_n=50,__perm_pre_n=200,__perm_rng_seed=0,__perm_stat=delta_fused_score,divergence=0.3,error_rate=0.5,teacher_entropy=0.2",3,0,200,0.0,0,10000,10.0,25.0,200,500,0,0,1.0,0.8620335820895523,0.684338257669727,0.0,0.18536199629306793,0.014855158515274525,0,0,121,102,-1,perm_test,0.004975124378109453,0.014730580636231633,234,102,132,0.0,0.003769869916141033,0,0.0,0.0,0.0,0.0,0,none,0,1,0,overconfident,0.95,0,mild_drift,0.9612282302485204,0.0012843731724540564,0.8062507286318634,0.857812838623652,1768132915.1483846,0.06247022747993469,0.10183991491794586
671,42944,42943,sea_abrupt4,sea,ts_drift_adapt,4,"error_divergence_ph_meta@error.threshold=0.10,error.min_instances=5",error_divergence_ph_meta,"{""divergence"": {""alpha"": 0.1, ""delta"": 0.005, ""min_instances"": 30, ""threshold"": 0.05}, ""error_rate"": {""alpha"": 0.15, ""delta"": 0.005, ""min_instances"": 5, ""threshold"": 0.1}}","{""error_rate"": {""min_instances"": 5, ""threshold"": 0.1}}",0.1,0.005,0.15,5,0.05,0.005,0.1,30,,,,-1,two_stage,2,0.5,"__confirm_cooldown=200,__confirm_rule=perm_test,__perm_alpha=0.01,__perm_delta_k=50,__perm_min_effect=0,__perm_n_perm=200,__perm_post_n=50,__perm_pre_n=200,__perm_rng_seed=0,__perm_stat=delta_fused_score,divergence=0.3,error_rate=0.5,teacher_entropy=0.2",3,0,200,0.0,0,10000,10.0,25.0,200,500,0,0,1.0,0.862099478390462,0.6844347071904293,0.0,0.2029993087053299,0.019800351932644844,0,0,121,102,-1,perm_test,0.004975124378109453,0.014730580636231633,234,102,132,0.0,0.004945193417370319,0,0.0,0.0,0.0,0.0,0,none,0,1,0,overconfident,0.95,0,mild_drift,0.9607641151242602,0.0012921865862270281,0.8031253643159317,0.8564064193118259,1768132915.159421,0.013242079876363277,0.1379149705171585
672,43008,43007,sea_abrupt4,sea,ts_drift_adapt,4,"error_divergence_ph_meta@error.threshold=0.10,error.min_instances=5",error_divergence_ph_meta,"{""divergence"": {""alpha"": 0.1, ""delta"": 0.005, ""min_instances"": 30, ""threshold"": 0.05}, ""error_rate"": {""alpha"": 0.15, ""delta"": 0.005, ""min_instances"": 5, ""threshold"": 0.1}}","{""error_rate"": {""min_instances"": 5, ""threshold"": 0.1}}",0.1,0.005,0.15,5,0.05,0.005,0.1,30,,,,-1,two_stage,2,0.5,"__confirm_cooldown=200,__confirm_rule=perm_test,__perm_alpha=0.01,__perm_delta_k=50,__perm_min_effect=0,__perm_n_perm=200,__perm_post_n=50,__perm_pre_n=200,__perm_rng_seed=0,__perm_stat=delta_fused_score,divergence=0.3,error_rate=0.5,teacher_entropy=0.2",3,0,200,0.0,0,10000,10.0,25.0,200,500,0,0,1.0,0.8621884300595238,0.6846397843936691,0.16666666666666666,0.2305224984884262,0.02002895064651966,0,0,121,102,-1,perm_test,0.004975124378109453,0.014730580636231633,234,102,132,0.0,0.16666666666666666,0,0.0,0.0,0.0,0.0,0,none,0,1,0,overconfident,0.95,0,mild_drift,0.9605320575621301,0.0012960932931135143,0.8015626821579659,0.855703209655913,1768132915.170423,0.3930298388004303,0.1687248945236206
673,43072,43071,sea_abrupt4,sea,ts_drift_adapt,4,"error_divergence_ph_meta@error.threshold=0.10,error.min_instances=5",error_divergence_ph_meta,"{""divergence"": {""alpha"": 0.1, ""delta"": 0.005, ""min_instances"": 30, ""threshold"": 0.05}, ""error_rate"": {""alpha"": 0.15, ""delta"": 0.005, ""min_instances"": 5, ""threshold"": 0.1}}","{""error_rate"": {""min_instances"": 5, ""threshold"": 0.1}}",0.1,0.005,0.15,5,0.05,0.005,0.1,30,,,,-1,two_stage,2,0.5,"__confirm_cooldown=200,__confirm_rule=perm_test,__perm_alpha=0.01,__perm_delta_k=50,__perm_min_effect=0,__perm_n_perm=200,__perm_post_n=50,__perm_pre_n=200,__perm_rng_seed=0,__perm_stat=delta_fused_score,divergence=0.3,error_rate=0.5,teacher_entropy=0.2",3,0,200,0.0,0,10000,10.0,25.0,200,500,0,0,1.0,0.8623235512630015,0.6849240799856203,0.0,0.2448713332414627,0.02931687794625759,0,1,122,102,-1,perm_test,1.0,-0.07341283363245617,235,102,133,0.0,0.16666666666666666,1,0.5,0.0,0.0,0.0,0,none,0,1,0,overconfident,0.95,0,mild_drift,0.960416028781065,0.001298046646556757,0.800781341078983,0.8553516048279565,1768132915.1815536,0.01613893173635006,0.24979080259799957
674,43136,43135,sea_abrupt4,sea,ts_drift_adapt,4,"error_divergence_ph_meta@error.threshold=0.10,error.min_instances=5",error_divergence_ph_meta,"{""divergence"": {""alpha"": 0.1, ""delta"": 0.005, ""min_instances"": 30, ""threshold"": 0.05}, ""error_rate"": {""alpha"": 0.15, ""delta"": 0.005, ""min_instances"": 5, ""threshold"": 0.1}}","{""error_rate"": {""min_instances"": 5, ""threshold"": 0.1}}",0.1,0.005,0.15,5,0.05,0.005,0.1,30,,,,-1,two_stage,2,0.5,"__confirm_cooldown=200,__confirm_rule=perm_test,__perm_alpha=0.01,__perm_delta_k=50,__perm_min_effect=0,__perm_n_perm=200,__perm_post_n=50,__perm_pre_n=200,__perm_rng_seed=0,__perm_stat=delta_fused_score,divergence=0.3,error_rate=0.5,teacher_entropy=0.2",3,0,200,0.0,0,10000,10.0,25.0,200,500,0,0,1.0,0.8624119065281899,0.6851738681970005,0.0,0.20965911448001862,0.028869669884443283,0,0,122,102,-1,perm_test,0.30845771144278605,0.0005672923677187526,236,102,134,0.0,0.00044720806181430817,0,0.0,0.0,0.0,0.0,0,none,0,1,0,overconfident,0.95,0,mild_drift,0.9603580143905325,0.0012990233232783787,0.8003906705394915,0.8551758024139782,1768132915.1984677,0.08887654542922974,0.22885765135288239
675,43200,43199,sea_abrupt4,sea,ts_drift_adapt,4,"error_divergence_ph_meta@error.threshold=0.10,error.min_instances=5",error_divergence_ph_meta,"{""divergence"": {""alpha"": 0.1, ""delta"": 0.005, ""min_instances"": 30, ""threshold"": 0.05}, ""error_rate"": {""alpha"": 0.15, ""delta"": 0.005, ""min_instances"": 5, ""threshold"": 0.1}}","{""error_rate"": {""min_instances"": 5, ""threshold"": 0.1}}",0.1,0.005,0.15,5,0.05,0.005,0.1,30,,,,-1,two_stage,2,0.5,"__confirm_cooldown=200,__confirm_rule=perm_test,__perm_alpha=0.01,__perm_delta_k=50,__perm_min_effect=0,__perm_n_perm=200,__perm_post_n=50,__perm_pre_n=200,__perm_rng_seed=0,__perm_stat=delta_fused_score,divergence=0.3,error_rate=0.5,teacher_entropy=0.2",3,0,200,0.0,0,10000,10.0,25.0,200,500,0,0,1.0,0.8625694444444445,0.6855843702485838,0.0,0.1792142242193222,0.005090793129056692,0,0,122,102,-1,perm_test,1.0,-0.013163430653355124,237,102,135,0.0,0.02377887675538659,0,0.0,0.0,0.0,0.0,0,none,0,1,0,overconfident,0.95,0,mild_drift,0.9603290071952661,0.0012995116616391893,0.8001953352697457,0.8550879012069891,1768132915.2094228,0.0884905532002449,0.04053553193807602
676,43264,43263,sea_abrupt4,sea,ts_drift_adapt,4,"error_divergence_ph_meta@error.threshold=0.10,error.min_instances=5",error_divergence_ph_meta,"{""divergence"": {""alpha"": 0.1, ""delta"": 0.005, ""min_instances"": 30, ""threshold"": 0.05}, ""error_rate"": {""alpha"": 0.15, ""delta"": 0.005, ""min_instances"": 5, ""threshold"": 0.1}}","{""error_rate"": {""min_instances"": 5, ""threshold"": 0.1}}",0.1,0.005,0.15,5,0.05,0.005,0.1,30,,,,-1,two_stage,2,0.5,"__confirm_cooldown=200,__confirm_rule=perm_test,__perm_alpha=0.01,__perm_delta_k=50,__perm_min_effect=0,__perm_n_perm=200,__perm_post_n=50,__perm_pre_n=200,__perm_rng_seed=0,__perm_stat=delta_fused_score,divergence=0.3,error_rate=0.5,teacher_entropy=0.2",3,0,200,0.0,0,10000,10.0,25.0,200,500,0,0,1.0,0.8627265162721893,0.685899825551691,0.16666666666666666,0.13701365888118744,0.007443326525390148,1,0,122,103,3,perm_test,0.004975124378109453,0.049186243210119274,238,103,135,0.0,0.16666666666666666,0,0.0,0.0,0.0,0.0,0,none,1,1,0,overconfident,0.95,0,stable,0.9751645035976331,0.0010497558308195946,0.9000976676348729,0.9000439506034945,1768132915.2266786,0.22833961248397827,0.05503186583518982
677,43328,43327,sea_abrupt4,sea,ts_drift_adapt,4,"error_divergence_ph_meta@error.threshold=0.10,error.min_instances=5",error_divergence_ph_meta,"{""divergence"": {""alpha"": 0.1, ""delta"": 0.005, ""min_instances"": 30, ""threshold"": 0.05}, ""error_rate"": {""alpha"": 0.15, ""delta"": 0.005, ""min_instances"": 5, ""threshold"": 0.1}}","{""error_rate"": {""min_instances"": 5, ""threshold"": 0.1}}",0.1,0.005,0.15,5,0.05,0.005,0.1,30,,,,-1,two_stage,2,0.5,"__confirm_cooldown=200,__confirm_rule=perm_test,__perm_alpha=0.01,__perm_delta_k=50,__perm_min_effect=0,__perm_n_perm=200,__perm_post_n=50,__perm_pre_n=200,__perm_rng_seed=0,__perm_stat=delta_fused_score,divergence=0.3,error_rate=0.5,teacher_entropy=0.2",3,0,200,0.0,0,10000,10.0,25.0,200,500,1,136,1.0,0.862836964549483,0.6861620280044476,0.0,0.13813652098178864,0.005863396916538477,0,0,122,103,-1,perm_test,0.004975124378109453,0.049186243210119274,238,103,135,0.0,0.16666666666666666,0,0.0,0.0,0.0,0.0,0,none,0,1,0,overconfident,0.95,0,mild_drift,0.9677322517988165,0.0011748779154097974,0.8500488338174365,0.8775219753017472,1768132915.2399368,0.03586958721280098,0.06388814747333527
678,43392,43391,sea_abrupt4,sea,ts_drift_adapt,4,"error_divergence_ph_meta@error.threshold=0.10,error.min_instances=5",error_divergence_ph_meta,"{""divergence"": {""alpha"": 0.1, ""delta"": 0.005, ""min_instances"": 30, ""threshold"": 0.05}, ""error_rate"": {""alpha"": 0.15, ""delta"": 0.005, ""min_instances"": 5, ""threshold"": 0.1}}","{""error_rate"": {""min_instances"": 5, ""threshold"": 0.1}}",0.1,0.005,0.15,5,0.05,0.005,0.1,30,,,,-1,two_stage,2,0.5,"__confirm_cooldown=200,__confirm_rule=perm_test,__perm_alpha=0.01,__perm_delta_k=50,__perm_min_effect=0,__perm_n_perm=200,__perm_post_n=50,__perm_pre_n=200,__perm_rng_seed=0,__perm_stat=delta_fused_score,divergence=0.3,error_rate=0.5,teacher_entropy=0.2",3,0,200,0.0,0,10000,10.0,25.0,200,500,1,72,1.0,0.8628549041297935,0.6862527550987826,0.3333333333333333,0.21108347177505493,0.018092770129442215,0,1,122,103,-1,perm_test,0.004975124378109453,0.049186243210119274,238,103,135,0.3333333333333333,0.3333333333333333,1,0.5,0.0,0.0,0.0,0,none,0,1,0,overconfident,0.95,0,mild_drift,0.9640161258994082,0.0012374389577048989,0.8250244169087182,0.8662609876508736,1768132915.2529826,0.3710232973098755,0.1545303463935852
679,43456,43455,sea_abrupt4,sea,ts_drift_adapt,4,"error_divergence_ph_meta@error.threshold=0.10,error.min_instances=5",error_divergence_ph_meta,"{""divergence"": {""alpha"": 0.1, ""delta"": 0.005, ""min_instances"": 30, ""threshold"": 0.05}, ""error_rate"": {""alpha"": 0.15, ""delta"": 0.005, ""min_instances"": 5, ""threshold"": 0.1}}","{""error_rate"": {""min_instances"": 5, ""threshold"": 0.1}}",0.1,0.005,0.15,5,0.05,0.005,0.1,30,,,,-1,two_stage,2,0.5,"__confirm_cooldown=200,__confirm_rule=perm_test,__perm_alpha=0.01,__perm_delta_k=50,__perm_min_effect=0,__perm_n_perm=200,__perm_post_n=50,__perm_pre_n=200,__perm_rng_seed=0,__perm_stat=delta_fused_score,divergence=0.3,error_rate=0.5,teacher_entropy=0.2",3,0,200,0.0,0,10000,10.0,25.0,200,500,1,8,1.0,0.8629418262150221,0.6864561262919722,0.16666666666666666,0.20740826427936554,0.017350271344184875,0,0,122,103,-1,perm_test,0.004975124378109453,0.049186243210119274,238,103,135,0.0,0.16666666666666666,0,0.0,0.0,0.0,0.0,0,none,0,1,0,overconfident,0.95,0,mild_drift,0.9621580629497041,0.0012687194788524496,0.8125122084543591,0.8606304938254368,1768132915.2648468,0.3940409719944,0.1177290827035904
680,43520,43519,sea_abrupt4,sea,ts_drift_adapt,4,"error_divergence_ph_meta@error.threshold=0.10,error.min_instances=5",error_divergence_ph_meta,"{""divergence"": {""alpha"": 0.1, ""delta"": 0.005, ""min_instances"": 30, ""threshold"": 0.05}, ""error_rate"": {""alpha"": 0.15, ""delta"": 0.005, ""min_instances"": 5, ""threshold"": 0.1}}","{""error_rate"": {""min_instances"": 5, ""threshold"": 0.1}}",0.1,0.005,0.15,5,0.05,0.005,0.1,30,,,,-1,two_stage,2,0.5,"__confirm_cooldown=200,__confirm_rule=perm_test,__perm_alpha=0.01,__perm_delta_k=50,__perm_min_effect=0,__perm_n_perm=200,__perm_post_n=50,__perm_pre_n=200,__perm_rng_seed=0,__perm_stat=delta_fused_score,divergence=0.3,error_rate=0.5,teacher_entropy=0.2",3,0,200,0.0,0,10000,10.0,25.0,200,500,0,0,1.0,0.8630514705882353,0.686645015330497,0.0,0.24353468418121338,0.014896301552653313,0,0,122,103,-1,perm_test,0.004975124378109453,0.049186243210119274,238,103,135,0.0,0.16666666666666666,0,0.0,0.0,0.0,0.0,0,none,0,1,0,overconfident,0.95,0,mild_drift,0.961229031474852,0.0012843597394262248,0.8062561042271796,0.8578152469127184,1768132915.2754896,0.05486205220222473,0.10900545865297318
681,43584,43583,sea_abrupt4,sea,ts_drift_adapt,4,"error_divergence_ph_meta@error.threshold=0.10,error.min_instances=5",error_divergence_ph_meta,"{""divergence"": {""alpha"": 0.1, ""delta"": 0.005, ""min_instances"": 30, ""threshold"": 0.05}, ""error_rate"": {""alpha"": 0.15, ""delta"": 0.005, ""min_instances"": 5, ""threshold"": 0.1}}","{""error_rate"": {""min_instances"": 5, ""threshold"": 0.1}}",0.1,0.005,0.15,5,0.05,0.005,0.1,30,,,,-1,two_stage,2,0.5,"__confirm_cooldown=200,__confirm_rule=perm_test,__perm_alpha=0.01,__perm_delta_k=50,__perm_min_effect=0,__perm_n_perm=200,__perm_post_n=50,__perm_pre_n=200,__perm_rng_seed=0,__perm_stat=delta_fused_score,divergence=0.3,error_rate=0.5,teacher_entropy=0.2",3,0,200,0.0,0,10000,10.0,25.0,200,500,0,0,1.0,0.8632066813509545,0.6869902415105135,0.0,0.16405817866325378,0.013040336780250072,0,0,122,103,-1,perm_test,0.004975124378109453,0.049186243210119274,238,103,135,0.0,0.0018559647724032402,0,0.0,0.0,0.0,0.0,0,none,0,1,0,overconfident,0.95,0,mild_drift,0.9607645157374259,0.0012921798697131124,0.8031280521135898,0.8564076234563591,1768132915.2861247,0.07079903036355972,0.12018009275197983
682,43648,43647,sea_abrupt4,sea,ts_drift_adapt,4,"error_divergence_ph_meta@error.threshold=0.10,error.min_instances=5",error_divergence_ph_meta,"{""divergence"": {""alpha"": 0.1, ""delta"": 0.005, ""min_instances"": 30, ""threshold"": 0.05}, ""error_rate"": {""alpha"": 0.15, ""delta"": 0.005, ""min_instances"": 5, ""threshold"": 0.1}}","{""error_rate"": {""min_instances"": 5, ""threshold"": 0.1}}",0.1,0.005,0.15,5,0.05,0.005,0.1,30,,,,-1,two_stage,2,0.5,"__confirm_cooldown=200,__confirm_rule=perm_test,__perm_alpha=0.01,__perm_delta_k=50,__perm_min_effect=0,__perm_n_perm=200,__perm_post_n=50,__perm_pre_n=200,__perm_rng_seed=0,__perm_stat=delta_fused_score,divergence=0.3,error_rate=0.5,teacher_entropy=0.2",3,0,200,0.0,0,10000,10.0,25.0,200,500,0,0,1.0,0.8633614369501467,0.6872989704703509,0.16666666666666666,0.19691763818264008,0.012205230072140694,0,0,122,103,-1,perm_test,0.004975124378109453,0.049186243210119274,238,103,135,0.0,0.16666666666666666,0,0.0,0.0,0.0,0.0,0,none,0,1,0,overconfident,0.95,0,mild_drift,0.960532257868713,0.0012960899348565562,0.8015640260567949,0.8557038117281796,1768132915.2967012,0.2629961669445038,0.08543609082698822
683,43712,43711,sea_abrupt4,sea,ts_drift_adapt,4,"error_divergence_ph_meta@error.threshold=0.10,error.min_instances=5",error_divergence_ph_meta,"{""divergence"": {""alpha"": 0.1, ""delta"": 0.005, ""min_instances"": 30, ""threshold"": 0.05}, ""error_rate"": {""alpha"": 0.15, ""delta"": 0.005, ""min_instances"": 5, ""threshold"": 0.1}}","{""error_rate"": {""min_instances"": 5, ""threshold"": 0.1}}",0.1,0.005,0.15,5,0.05,0.005,0.1,30,,,,-1,two_stage,2,0.5,"__confirm_cooldown=200,__confirm_rule=perm_test,__perm_alpha=0.01,__perm_delta_k=50,__perm_min_effect=0,__perm_n_perm=200,__perm_post_n=50,__perm_pre_n=200,__perm_rng_seed=0,__perm_stat=delta_fused_score,divergence=0.3,error_rate=0.5,teacher_entropy=0.2",3,0,200,0.0,0,10000,10.0,25.0,200,500,0,0,1.0,0.8633327232796486,0.687289038749198,0.0,0.2654562294483185,0.02192181535065174,0,1,123,103,-1,perm_test,1.0,-0.05693913999080244,239,103,136,0.3333333333333333,0.16666666666666666,1,0.5,0.0,0.0,0.0,0,none,0,1,0,overconfident,0.95,0,mild_drift,0.9604161289343565,0.001298044967428278,0.8007820130283975,0.8553519058640897,1768132915.3076296,0.07197228819131851,0.15081651508808136
684,43776,43775,sea_abrupt4,sea,ts_drift_adapt,4,"error_divergence_ph_meta@error.threshold=0.10,error.min_instances=5",error_divergence_ph_meta,"{""divergence"": {""alpha"": 0.1, ""delta"": 0.005, ""min_instances"": 30, ""threshold"": 0.05}, ""error_rate"": {""alpha"": 0.15, ""delta"": 0.005, ""min_instances"": 5, ""threshold"": 0.1}}","{""error_rate"": {""min_instances"": 5, ""threshold"": 0.1}}",0.1,0.005,0.15,5,0.05,0.005,0.1,30,,,,-1,two_stage,2,0.5,"__confirm_cooldown=200,__confirm_rule=perm_test,__perm_alpha=0.01,__perm_delta_k=50,__perm_min_effect=0,__perm_n_perm=200,__perm_post_n=50,__perm_pre_n=200,__perm_rng_seed=0,__perm_stat=delta_fused_score,divergence=0.3,error_rate=0.5,teacher_entropy=0.2",3,0,200,0.0,0,10000,10.0,25.0,200,500,0,0,1.0,0.8634639985380117,0.6875726015445831,0.0,0.20397503674030304,0.012670752592384815,1,0,123,104,1,perm_test,0.004975124378109453,0.02951211743820793,240,104,136,0.0,0.009251062758266926,0,0.0,0.0,0.0,0.0,0,none,1,1,0,overconfident,0.95,0,stable,0.9752080644671782,0.001049022483714139,0.9003910065141987,0.9001759529320449,1768132915.3239715,0.08025053888559341,0.08615542948246002
685,43840,43839,sea_abrupt4,sea,ts_drift_adapt,4,"error_divergence_ph_meta@error.threshold=0.10,error.min_instances=5",error_divergence_ph_meta,"{""divergence"": {""alpha"": 0.1, ""delta"": 0.005, ""min_instances"": 30, ""threshold"": 0.05}, ""error_rate"": {""alpha"": 0.15, ""delta"": 0.005, ""min_instances"": 5, ""threshold"": 0.1}}","{""error_rate"": {""min_instances"": 5, ""threshold"": 0.1}}",0.1,0.005,0.15,5,0.05,0.005,0.1,30,,,,-1,two_stage,2,0.5,"__confirm_cooldown=200,__confirm_rule=perm_test,__perm_alpha=0.01,__perm_delta_k=50,__perm_min_effect=0,__perm_n_perm=200,__perm_post_n=50,__perm_pre_n=200,__perm_rng_seed=0,__perm_stat=delta_fused_score,divergence=0.3,error_rate=0.5,teacher_entropy=0.2",3,0,200,0.0,0,10000,10.0,25.0,200,500,1,136,1.0,0.8635492700729926,0.6877456330763099,0.16666666666666666,0.20085643231868744,0.028184648603200912,0,0,123,104,-1,perm_test,0.004975124378109453,0.02951211743820793,240,104,136,0.0,0.16666666666666666,0,0.0,0.0,0.0,0.0,0,none,0,1,0,overconfident,0.95,0,mild_drift,0.9677540322335891,0.0011745112418570696,0.8501955032570994,0.8775879764660224,1768132915.3345423,0.3799808919429779,0.164081409573555
686,43904,43903,sea_abrupt4,sea,ts_drift_adapt,4,"error_divergence_ph_meta@error.threshold=0.10,error.min_instances=5",error_divergence_ph_meta,"{""divergence"": {""alpha"": 0.1, ""delta"": 0.005, ""min_instances"": 30, ""threshold"": 0.05}, ""error_rate"": {""alpha"": 0.15, ""delta"": 0.005, ""min_instances"": 5, ""threshold"": 0.1}}","{""error_rate"": {""min_instances"": 5, ""threshold"": 0.1}}",0.1,0.005,0.15,5,0.05,0.005,0.1,30,,,,-1,two_stage,2,0.5,"__confirm_cooldown=200,__confirm_rule=perm_test,__perm_alpha=0.01,__perm_delta_k=50,__perm_min_effect=0,__perm_n_perm=200,__perm_post_n=50,__perm_pre_n=200,__perm_rng_seed=0,__perm_stat=delta_fused_score,divergence=0.3,error_rate=0.5,teacher_entropy=0.2",3,0,200,0.0,0,10000,10.0,25.0,200,500,1,72,1.0,0.8637026239067055,0.688063345168469,0.0,0.2329092025756836,0.018443362787365913,0,0,123,104,-1,perm_test,0.004975124378109453,0.02951211743820793,240,104,136,0.0,0.16666666666666666,0,0.0,0.0,0.0,0.0,0,none,0,1,0,overconfident,0.95,0,mild_drift,0.9640270161167945,0.0012372556209285348,0.8250977516285497,0.8662939882330112,1768132915.3451629,0.058359295129776,0.12898701429367065
687,43968,43967,sea_abrupt4,sea,ts_drift_adapt,4,"error_divergence_ph_meta@error.threshold=0.10,error.min_instances=5",error_divergence_ph_meta,"{""divergence"": {""alpha"": 0.1, ""delta"": 0.005, ""min_instances"": 30, ""threshold"": 0.05}, ""error_rate"": {""alpha"": 0.15, ""delta"": 0.005, ""min_instances"": 5, ""threshold"": 0.1}}","{""error_rate"": {""min_instances"": 5, ""threshold"": 0.1}}",0.1,0.005,0.15,5,0.05,0.005,0.1,30,,,,-1,two_stage,2,0.5,"__confirm_cooldown=200,__confirm_rule=perm_test,__perm_alpha=0.01,__perm_delta_k=50,__perm_min_effect=0,__perm_n_perm=200,__perm_post_n=50,__perm_pre_n=200,__perm_rng_seed=0,__perm_stat=delta_fused_score,divergence=0.3,error_rate=0.5,teacher_entropy=0.2",3,0,200,0.0,0,10000,10.0,25.0,200,500,1,8,1.0,0.8638555312954876,0.688368475200599,0.0,0.16924655437469482,0.013825037516653538,0,0,123,104,-1,perm_test,0.004975124378109453,0.02951211743820793,240,104,136,0.0,0.004618325270712376,0,0.0,0.0,0.0,0.0,0,none,0,1,0,overconfident,0.95,0,mild_drift,0.9621635080583972,0.0012686278104642673,0.8125488758142749,0.8606469941165056,1768132915.3556123,0.041481196880340576,0.09473137557506561
688,44032,44031,sea_abrupt4,sea,ts_drift_adapt,4,"error_divergence_ph_meta@error.threshold=0.10,error.min_instances=5",error_divergence_ph_meta,"{""divergence"": {""alpha"": 0.1, ""delta"": 0.005, ""min_instances"": 30, ""threshold"": 0.05}, ""error_rate"": {""alpha"": 0.15, ""delta"": 0.005, ""min_instances"": 5, ""threshold"": 0.1}}","{""error_rate"": {""min_instances"": 5, ""threshold"": 0.1}}",0.1,0.005,0.15,5,0.05,0.005,0.1,30,,,,-1,two_stage,2,0.5,"__confirm_cooldown=200,__confirm_rule=perm_test,__perm_alpha=0.01,__perm_delta_k=50,__perm_min_effect=0,__perm_n_perm=200,__perm_post_n=50,__perm_pre_n=200,__perm_rng_seed=0,__perm_stat=delta_fused_score,divergence=0.3,error_rate=0.5,teacher_entropy=0.2",3,0,200,0.0,0,10000,10.0,25.0,200,500,0,0,1.0,0.8639171511627907,0.6884924844335054,0.0,0.15901073813438416,0.0189389418810606,0,1,124,104,-1,perm_test,1.0,-0.012349114429532893,241,104,137,0.0,0.0051139043644070625,1,0.5,0.0,0.0,0.0,0,none,0,1,0,overconfident,0.95,0,mild_drift,0.9612317540291986,0.0012843139052321336,0.8062744379071375,0.8578234970582528,1768132915.3664975,0.03182351961731911,0.14629694819450378
689,44096,44095,sea_abrupt4,sea,ts_drift_adapt,4,"error_divergence_ph_meta@error.threshold=0.10,error.min_instances=5",error_divergence_ph_meta,"{""divergence"": {""alpha"": 0.1, ""delta"": 0.005, ""min_instances"": 30, ""threshold"": 0.05}, ""error_rate"": {""alpha"": 0.15, ""delta"": 0.005, ""min_instances"": 5, ""threshold"": 0.1}}","{""error_rate"": {""min_instances"": 5, ""threshold"": 0.1}}",0.1,0.005,0.15,5,0.05,0.005,0.1,30,,,,-1,two_stage,2,0.5,"__confirm_cooldown=200,__confirm_rule=perm_test,__perm_alpha=0.01,__perm_delta_k=50,__perm_min_effect=0,__perm_n_perm=200,__perm_post_n=50,__perm_pre_n=200,__perm_rng_seed=0,__perm_stat=delta_fused_score,divergence=0.3,error_rate=0.5,teacher_entropy=0.2",3,0,200,0.0,0,10000,10.0,25.0,200,500,0,0,1.0,0.8639785921625545,0.6887095538921542,0.0,0.19409605860710144,0.01987825147807598,0,0,124,104,-1,perm_test,0.24378109452736318,0.002745720324252309,242,104,138,0.0,0.0009393095970153809,0,0.0,0.0,0.0,0.0,0,none,0,1,0,overconfident,0.95,0,mild_drift,0.9607658770145993,0.0012921569526160668,0.8031372189535688,0.8564117485291264,1768132915.3829448,0.029139319434762,0.16021490097045898
690,44160,44159,sea_abrupt4,sea,ts_drift_adapt,4,"error_divergence_ph_meta@error.threshold=0.10,error.min_instances=5",error_divergence_ph_meta,"{""divergence"": {""alpha"": 0.1, ""delta"": 0.005, ""min_instances"": 30, ""threshold"": 0.05}, ""error_rate"": {""alpha"": 0.15, ""delta"": 0.005, ""min_instances"": 5, ""threshold"": 0.1}}","{""error_rate"": {""min_instances"": 5, ""threshold"": 0.1}}",0.1,0.005,0.15,5,0.05,0.005,0.1,30,,,,-1,two_stage,2,0.5,"__confirm_cooldown=200,__confirm_rule=perm_test,__perm_alpha=0.01,__perm_delta_k=50,__perm_min_effect=0,__perm_n_perm=200,__perm_post_n=50,__perm_pre_n=200,__perm_rng_seed=0,__perm_stat=delta_fused_score,divergence=0.3,error_rate=0.5,teacher_entropy=0.2",3,0,200,0.0,0,10000,10.0,25.0,200,500,0,0,1.0,0.8640851449275362,0.6889924489516385,0.16666666666666666,0.1662745326757431,0.009811625815927982,1,0,124,105,2,perm_test,0.004975124378109453,0.02155965091168431,243,105,138,0.0,0.16666666666666666,0,0.0,0.0,0.0,0.0,0,none,1,1,0,overconfident,0.95,0,stable,0.9753829385072996,0.0010460784763080334,0.9015686094767844,0.9007058742645633,1768132915.399383,0.2667122781276703,0.09338303655385971
691,44224,44223,sea_abrupt4,sea,ts_drift_adapt,4,"error_divergence_ph_meta@error.threshold=0.10,error.min_instances=5",error_divergence_ph_meta,"{""divergence"": {""alpha"": 0.1, ""delta"": 0.005, ""min_instances"": 30, ""threshold"": 0.05}, ""error_rate"": {""alpha"": 0.15, ""delta"": 0.005, ""min_instances"": 5, ""threshold"": 0.1}}","{""error_rate"": {""min_instances"": 5, ""threshold"": 0.1}}",0.1,0.005,0.15,5,0.05,0.005,0.1,30,,,,-1,two_stage,2,0.5,"__confirm_cooldown=200,__confirm_rule=perm_test,__perm_alpha=0.01,__perm_delta_k=50,__perm_min_effect=0,__perm_n_perm=200,__perm_post_n=50,__perm_pre_n=200,__perm_rng_seed=0,__perm_stat=delta_fused_score,divergence=0.3,error_rate=0.5,teacher_entropy=0.2",3,0,200,0.0,0,10000,10.0,25.0,200,500,1,136,1.0,0.864214001447178,0.6892496934576835,0.0,0.15120302140712738,0.00823341403156519,0,0,124,105,-1,perm_test,0.004975124378109453,0.02155965091168431,243,105,138,0.0,0.16666666666666666,0,0.0,0.0,0.0,0.0,0,none,0,1,0,overconfident,0.95,0,mild_drift,0.9678414692536498,0.0011730392381540168,0.8507843047383923,0.8778529371322816,1768132915.4099019,0.1203073188662529,0.06072991341352463
692,44288,44287,sea_abrupt4,sea,ts_drift_adapt,4,"error_divergence_ph_meta@error.threshold=0.10,error.min_instances=5",error_divergence_ph_meta,"{""divergence"": {""alpha"": 0.1, ""delta"": 0.005, ""min_instances"": 30, ""threshold"": 0.05}, ""error_rate"": {""alpha"": 0.15, ""delta"": 0.005, ""min_instances"": 5, ""threshold"": 0.1}}","{""error_rate"": {""min_instances"": 5, ""threshold"": 0.1}}",0.1,0.005,0.15,5,0.05,0.005,0.1,30,,,,-1,two_stage,2,0.5,"__confirm_cooldown=200,__confirm_rule=perm_test,__perm_alpha=0.01,__perm_delta_k=50,__perm_min_effect=0,__perm_n_perm=200,__perm_post_n=50,__perm_pre_n=200,__perm_rng_seed=0,__perm_stat=delta_fused_score,divergence=0.3,error_rate=0.5,teacher_entropy=0.2",3,0,200,0.0,0,10000,10.0,25.0,200,500,1,72,1.0,0.8642973265895953,0.6893954899342672,0.16666666666666666,0.18522919714450836,0.013132292777299881,0,0,124,105,-1,perm_test,0.004975124378109453,0.02155965091168431,243,105,138,0.0,0.16666666666666666,0,0.0,0.0,0.0,0.0,0,none,0,1,0,overconfident,0.95,0,mild_drift,0.9640707346268249,0.0012365196190770086,0.8253921523691962,0.8664264685661408,1768132915.4203131,0.5022807717323303,0.12508979439735413
693,44352,44351,sea_abrupt4,sea,ts_drift_adapt,4,"error_divergence_ph_meta@error.threshold=0.10,error.min_instances=5",error_divergence_ph_meta,"{""divergence"": {""alpha"": 0.1, ""delta"": 0.005, ""min_instances"": 30, ""threshold"": 0.05}, ""error_rate"": {""alpha"": 0.15, ""delta"": 0.005, ""min_instances"": 5, ""threshold"": 0.1}}","{""error_rate"": {""min_instances"": 5, ""threshold"": 0.1}}",0.1,0.005,0.15,5,0.05,0.005,0.1,30,,,,-1,two_stage,2,0.5,"__confirm_cooldown=200,__confirm_rule=perm_test,__perm_alpha=0.01,__perm_delta_k=50,__perm_min_effect=0,__perm_n_perm=200,__perm_post_n=50,__perm_pre_n=200,__perm_rng_seed=0,__perm_stat=delta_fused_score,divergence=0.3,error_rate=0.5,teacher_entropy=0.2",3,0,200,0.0,0,10000,10.0,25.0,200,500,1,8,1.0,0.8643804112554112,0.6895850999477751,0.16666666666666666,0.2202250063419342,0.01574077643454075,0,1,124,105,-1,perm_test,0.004975124378109453,0.02155965091168431,243,105,138,0.16666666666666666,0.0026084836572408676,1,0.5,0.0,0.0,0.0,0,none,0,1,0,overconfident,0.95,0,mild_drift,0.9621853673134124,0.0012682598095385043,0.812696076184598,0.8607132342830703,1768132915.4318237,0.141195610165596,0.1172562688589096
694,44416,44415,sea_abrupt4,sea,ts_drift_adapt,4,"error_divergence_ph_meta@error.threshold=0.10,error.min_instances=5",error_divergence_ph_meta,"{""divergence"": {""alpha"": 0.1, ""delta"": 0.005, ""min_instances"": 30, ""threshold"": 0.05}, ""error_rate"": {""alpha"": 0.15, ""delta"": 0.005, ""min_instances"": 5, ""threshold"": 0.1}}","{""error_rate"": {""min_instances"": 5, ""threshold"": 0.1}}",0.1,0.005,0.15,5,0.05,0.005,0.1,30,,,,-1,two_stage,2,0.5,"__confirm_cooldown=200,__confirm_rule=perm_test,__perm_alpha=0.01,__perm_delta_k=50,__perm_min_effect=0,__perm_n_perm=200,__perm_post_n=50,__perm_pre_n=200,__perm_rng_seed=0,__perm_stat=delta_fused_score,divergence=0.3,error_rate=0.5,teacher_entropy=0.2",3,0,200,0.0,0,10000,10.0,25.0,200,500,0,0,1.0,0.8643731988472623,0.6895837768598275,0.0,0.19411298632621765,0.003957952372729778,0,0,124,105,-1,perm_test,0.004975124378109453,0.02155965091168431,243,105,138,0.0,0.16666666666666666,0,0.0,0.0,0.0,0.0,0,none,0,1,0,overconfident,0.95,0,mild_drift,0.9612426836567062,0.0012841299047692523,0.806348038092299,0.8578566171415352,1768132915.4446514,0.03325415775179863,0.043905824422836304
695,44480,44479,sea_abrupt4,sea,ts_drift_adapt,4,"error_divergence_ph_meta@error.threshold=0.10,error.min_instances=5",error_divergence_ph_meta,"{""divergence"": {""alpha"": 0.1, ""delta"": 0.005, ""min_instances"": 30, ""threshold"": 0.05}, ""error_rate"": {""alpha"": 0.15, ""delta"": 0.005, ""min_instances"": 5, ""threshold"": 0.1}}","{""error_rate"": {""min_instances"": 5, ""threshold"": 0.1}}",0.1,0.005,0.15,5,0.05,0.005,0.1,30,,,,-1,two_stage,2,0.5,"__confirm_cooldown=200,__confirm_rule=perm_test,__perm_alpha=0.01,__perm_delta_k=50,__perm_min_effect=0,__perm_n_perm=200,__perm_post_n=50,__perm_pre_n=200,__perm_rng_seed=0,__perm_stat=delta_fused_score,divergence=0.3,error_rate=0.5,teacher_entropy=0.2",3,0,200,0.0,0,10000,10.0,25.0,200,500,0,0,1.0,0.8645008992805755,0.6898408813522517,0.0,0.17888584733009338,0.00834372453391552,0,0,124,105,-1,perm_test,0.004975124378109453,0.02155965091168431,243,105,138,0.0,0.004385772161185741,0,0.0,0.0,0.0,0.0,0,none,0,1,0,overconfident,0.95,0,mild_drift,0.960771341828353,0.0012920649523846263,0.8031740190461496,0.8564283085707676,1768132915.4579735,0.004120178986340761,0.0673174262046814
696,44544,44543,sea_abrupt4,sea,ts_drift_adapt,4,"error_divergence_ph_meta@error.threshold=0.10,error.min_instances=5",error_divergence_ph_meta,"{""divergence"": {""alpha"": 0.1, ""delta"": 0.005, ""min_instances"": 30, ""threshold"": 0.05}, ""error_rate"": {""alpha"": 0.15, ""delta"": 0.005, ""min_instances"": 5, ""threshold"": 0.1}}","{""error_rate"": {""min_instances"": 5, ""threshold"": 0.1}}",0.1,0.005,0.15,5,0.05,0.005,0.1,30,,,,-1,two_stage,2,0.5,"__confirm_cooldown=200,__confirm_rule=perm_test,__perm_alpha=0.01,__perm_delta_k=50,__perm_min_effect=0,__perm_n_perm=200,__perm_post_n=50,__perm_pre_n=200,__perm_rng_seed=0,__perm_stat=delta_fused_score,divergence=0.3,error_rate=0.5,teacher_entropy=0.2",3,0,200,0.0,0,10000,10.0,25.0,200,500,0,0,1.0,0.8646506824712644,0.6901628279480073,0.0,0.1359989494085312,0.00798115972429514,0,0,124,105,-1,perm_test,0.004975124378109453,0.02155965091168431,243,105,138,0.0,0.0003625648096203804,0,0.0,0.0,0.0,0.0,0,none,0,1,0,overconfident,0.95,0,mild_drift,0.9605356709141765,0.0012960324761923134,0.8015870095230748,0.8557141542853838,1768132915.4714305,0.025458648800849915,0.06846748292446136
697,44608,44607,sea_abrupt4,sea,ts_drift_adapt,4,"error_divergence_ph_meta@error.threshold=0.10,error.min_instances=5",error_divergence_ph_meta,"{""divergence"": {""alpha"": 0.1, ""delta"": 0.005, ""min_instances"": 30, ""threshold"": 0.05}, ""error_rate"": {""alpha"": 0.15, ""delta"": 0.005, ""min_instances"": 5, ""threshold"": 0.1}}","{""error_rate"": {""min_instances"": 5, ""threshold"": 0.1}}",0.1,0.005,0.15,5,0.05,0.005,0.1,30,,,,-1,two_stage,2,0.5,"__confirm_cooldown=200,__confirm_rule=perm_test,__perm_alpha=0.01,__perm_delta_k=50,__perm_min_effect=0,__perm_n_perm=200,__perm_post_n=50,__perm_pre_n=200,__perm_rng_seed=0,__perm_stat=delta_fused_score,divergence=0.3,error_rate=0.5,teacher_entropy=0.2",3,0,200,0.0,0,10000,10.0,25.0,200,500,0,0,1.0,0.8647552008608321,0.6903968910738154,0.0,0.13879436254501343,0.009927341714501381,0,0,124,105,-1,perm_test,0.004975124378109453,0.02155965091168431,243,105,138,0.0,0.0019461819902062416,0,0.0,0.0,0.0,0.0,0,none,0,1,0,overconfident,0.95,0,mild_drift,0.9604178354570883,0.0012980162380961569,0.8007935047615374,0.8553570771426919,1768132915.483082,0.003791187657043338,0.07393552362918854
698,44672,44671,sea_abrupt4,sea,ts_drift_adapt,4,"error_divergence_ph_meta@error.threshold=0.10,error.min_instances=5",error_divergence_ph_meta,"{""divergence"": {""alpha"": 0.1, ""delta"": 0.005, ""min_instances"": 30, ""threshold"": 0.05}, ""error_rate"": {""alpha"": 0.15, ""delta"": 0.005, ""min_instances"": 5, ""threshold"": 0.1}}","{""error_rate"": {""min_instances"": 5, ""threshold"": 0.1}}",0.1,0.005,0.15,5,0.05,0.005,0.1,30,,,,-1,two_stage,2,0.5,"__confirm_cooldown=200,__confirm_rule=perm_test,__perm_alpha=0.01,__perm_delta_k=50,__perm_min_effect=0,__perm_n_perm=200,__perm_post_n=50,__perm_pre_n=200,__perm_rng_seed=0,__perm_stat=delta_fused_score,divergence=0.3,error_rate=0.5,teacher_entropy=0.2",3,0,200,0.0,0,10000,10.0,25.0,200,500,0,0,1.0,0.8649041905444126,0.6907192547873164,0.16666666666666666,0.1244189441204071,0.01357596181333065,1,1,125,106,0,perm_test,0.004975124378109453,0.07979636606352408,244,106,138,0.0,0.16666666666666666,1,0.5,0.0,0.0,0.0,0,none,1,1,0,overconfident,0.95,0,stable,0.9752089177285441,0.0010490081190480784,0.9003967523807688,0.900178538571346,1768132915.499407,0.26838627457618713,0.11069133877754211
699,44736,44735,sea_abrupt4,sea,ts_drift_adapt,4,"error_divergence_ph_meta@error.threshold=0.10,error.min_instances=5",error_divergence_ph_meta,"{""divergence"": {""alpha"": 0.1, ""delta"": 0.005, ""min_instances"": 30, ""threshold"": 0.05}, ""error_rate"": {""alpha"": 0.15, ""delta"": 0.005, ""min_instances"": 5, ""threshold"": 0.1}}","{""error_rate"": {""min_instances"": 5, ""threshold"": 0.1}}",0.1,0.005,0.15,5,0.05,0.005,0.1,30,,,,-1,two_stage,2,0.5,"__confirm_cooldown=200,__confirm_rule=perm_test,__perm_alpha=0.01,__perm_delta_k=50,__perm_min_effect=0,__perm_n_perm=200,__perm_post_n=50,__perm_pre_n=200,__perm_rng_seed=0,__perm_stat=delta_fused_score,divergence=0.3,error_rate=0.5,teacher_entropy=0.2",3,0,200,0.0,0,10000,10.0,25.0,200,500,1,136,1.0,0.8649633404864091,0.6908360232812575,0.0,0.13936370611190796,0.00893761869519949,0,0,125,106,-1,perm_test,0.004975124378109453,0.07979636606352408,244,106,138,0.0,0.16666666666666666,0,0.0,0.0,0.0,0.0,0,none,0,1,0,overconfident,0.95,0,mild_drift,0.967754458864272,0.0011745040595240392,0.8501983761903844,0.877589269285673,1768132915.5098455,0.01757161319255829,0.060547880828380585
700,44800,44799,sea_abrupt4,sea,ts_drift_adapt,4,"error_divergence_ph_meta@error.threshold=0.10,error.min_instances=5",error_divergence_ph_meta,"{""divergence"": {""alpha"": 0.1, ""delta"": 0.005, ""min_instances"": 30, ""threshold"": 0.05}, ""error_rate"": {""alpha"": 0.15, ""delta"": 0.005, ""min_instances"": 5, ""threshold"": 0.1}}","{""error_rate"": {""min_instances"": 5, ""threshold"": 0.1}}",0.1,0.005,0.15,5,0.05,0.005,0.1,30,,,,-1,two_stage,2,0.5,"__confirm_cooldown=200,__confirm_rule=perm_test,__perm_alpha=0.01,__perm_delta_k=50,__perm_min_effect=0,__perm_n_perm=200,__perm_post_n=50,__perm_pre_n=200,__perm_rng_seed=0,__perm_stat=delta_fused_score,divergence=0.3,error_rate=0.5,teacher_entropy=0.2",3,0,200,0.0,0,10000,10.0,25.0,200,500,1,72,1.0,0.8650223214285714,0.690959775818254,0.0,0.15850858390331268,0.010035902261734009,0,0,125,106,-1,perm_test,0.004975124378109453,0.07979636606352408,244,106,138,0.0,0.0010982835665345192,0,0.0,0.0,0.0,0.0,0,none,0,1,0,overconfident,0.95,0,mild_drift,0.9640272294321359,0.0012372520297620196,0.8250991880951922,0.8662946346428365,1768132915.520085,0.03001025877892971,0.09471151232719421
701,44864,44863,sea_abrupt4,sea,ts_drift_adapt,4,"error_divergence_ph_meta@error.threshold=0.10,error.min_instances=5",error_divergence_ph_meta,"{""divergence"": {""alpha"": 0.1, ""delta"": 0.005, ""min_instances"": 30, ""threshold"": 0.05}, ""error_rate"": {""alpha"": 0.15, ""delta"": 0.005, ""min_instances"": 5, ""threshold"": 0.1}}","{""error_rate"": {""min_instances"": 5, ""threshold"": 0.1}}",0.1,0.005,0.15,5,0.05,0.005,0.1,30,,,,-1,two_stage,2,0.5,"__confirm_cooldown=200,__confirm_rule=perm_test,__perm_alpha=0.01,__perm_delta_k=50,__perm_min_effect=0,__perm_n_perm=200,__perm_post_n=50,__perm_pre_n=200,__perm_rng_seed=0,__perm_stat=delta_fused_score,divergence=0.3,error_rate=0.5,teacher_entropy=0.2",3,0,200,0.0,0,10000,10.0,25.0,200,500,1,8,1.0,0.865148002853067,0.6912658071876692,0.0,0.16304129362106323,0.004918122664093971,0,0,125,106,-1,perm_test,0.004975124378109453,0.07979636606352408,244,106,138,0.0,0.0051177795976400375,0,0.0,0.0,0.0,0.0,0,none,0,1,0,overconfident,0.95,0,mild_drift,0.9621636147160679,0.0012686260148810097,0.8125495940475962,0.8606473173214182,1768132915.5305896,0.035718344151973724,0.04043785482645035
702,44928,44927,sea_abrupt4,sea,ts_drift_adapt,4,"error_divergence_ph_meta@error.threshold=0.10,error.min_instances=5",error_divergence_ph_meta,"{""divergence"": {""alpha"": 0.1, ""delta"": 0.005, ""min_instances"": 30, ""threshold"": 0.05}, ""error_rate"": {""alpha"": 0.15, ""delta"": 0.005, ""min_instances"": 5, ""threshold"": 0.1}}","{""error_rate"": {""min_instances"": 5, ""threshold"": 0.1}}",0.1,0.005,0.15,5,0.05,0.005,0.1,30,,,,-1,two_stage,2,0.5,"__confirm_cooldown=200,__confirm_rule=perm_test,__perm_alpha=0.01,__perm_delta_k=50,__perm_min_effect=0,__perm_n_perm=200,__perm_post_n=50,__perm_pre_n=200,__perm_rng_seed=0,__perm_stat=delta_fused_score,divergence=0.3,error_rate=0.5,teacher_entropy=0.2",3,0,200,0.0,0,10000,10.0,25.0,200,500,0,0,1.0,0.8652733262108262,0.6915161563484253,0.0,0.16423289477825165,0.00815154705196619,0,0,125,106,-1,perm_test,0.004975124378109453,0.07979636606352408,244,106,138,0.0,0.003233424387872219,0,0.0,0.0,0.0,0.0,0,none,0,1,0,overconfident,0.95,0,mild_drift,0.9612318073580339,0.0012843130074405048,0.8062747970237981,0.8578236586607091,1768132915.5410655,0.08701202273368835,0.07776843756437302
703,44992,44991,sea_abrupt4,sea,ts_drift_adapt,4,"error_divergence_ph_meta@error.threshold=0.10,error.min_instances=5",error_divergence_ph_meta,"{""divergence"": {""alpha"": 0.1, ""delta"": 0.005, ""min_instances"": 30, ""threshold"": 0.05}, ""error_rate"": {""alpha"": 0.15, ""delta"": 0.005, ""min_instances"": 5, ""threshold"": 0.1}}","{""error_rate"": {""min_instances"": 5, ""threshold"": 0.1}}",0.1,0.005,0.15,5,0.05,0.005,0.1,30,,,,-1,two_stage,2,0.5,"__confirm_cooldown=200,__confirm_rule=perm_test,__perm_alpha=0.01,__perm_delta_k=50,__perm_min_effect=0,__perm_n_perm=200,__perm_post_n=50,__perm_pre_n=200,__perm_rng_seed=0,__perm_stat=delta_fused_score,divergence=0.3,error_rate=0.5,teacher_entropy=0.2",3,0,200,0.0,0,10000,10.0,25.0,200,500,0,0,1.0,0.8654205192034139,0.6918080167608236,0.0,0.1432170867919922,0.010612603276968002,0,0,125,106,-1,perm_test,0.004975124378109453,0.07979636606352408,244,106,138,0.0,0.002461056225001812,0,0.0,0.0,0.0,0.0,0,none,0,1,0,overconfident,0.95,0,mild_drift,0.9607659036790169,0.0012921565037202526,0.803137398511899,0.8564118293303545,1768132915.55176,0.08658167719841003,0.09641368687152863
704,45056,45055,sea_abrupt4,sea,ts_drift_adapt,4,"error_divergence_ph_meta@error.threshold=0.10,error.min_instances=5",error_divergence_ph_meta,"{""divergence"": {""alpha"": 0.1, ""delta"": 0.005, ""min_instances"": 30, ""threshold"": 0.05}, ""error_rate"": {""alpha"": 0.15, ""delta"": 0.005, ""min_instances"": 5, ""threshold"": 0.1}}","{""error_rate"": {""min_instances"": 5, ""threshold"": 0.1}}",0.1,0.005,0.15,5,0.05,0.005,0.1,30,,,,-1,two_stage,2,0.5,"__confirm_cooldown=200,__confirm_rule=perm_test,__perm_alpha=0.01,__perm_delta_k=50,__perm_min_effect=0,__perm_n_perm=200,__perm_post_n=50,__perm_pre_n=200,__perm_rng_seed=0,__perm_stat=delta_fused_score,divergence=0.3,error_rate=0.5,teacher_entropy=0.2",3,0,200,0.0,0,10000,10.0,25.0,200,500,0,0,1.0,0.8653897372159091,0.6918078054529554,0.0,0.21166172623634338,0.027094153687357903,0,0,125,106,-1,perm_test,0.004975124378109453,0.07979636606352408,244,106,138,0.0,0.0164815504103899,0,0.0,0.0,0.0,0.0,0,none,0,1,0,overconfident,0.95,0,mild_drift,0.9605329518395085,0.0012960782518601265,0.8015686992559495,0.8557059146651773,1768132915.5627224,0.012154330499470234,0.27114561200141907
705,45120,45119,sea_abrupt4,sea,ts_drift_adapt,4,"error_divergence_ph_meta@error.threshold=0.10,error.min_instances=5",error_divergence_ph_meta,"{""divergence"": {""alpha"": 0.1, ""delta"": 0.005, ""min_instances"": 30, ""threshold"": 0.05}, ""error_rate"": {""alpha"": 0.15, ""delta"": 0.005, ""min_instances"": 5, ""threshold"": 0.1}}","{""error_rate"": {""min_instances"": 5, ""threshold"": 0.1}}",0.1,0.005,0.15,5,0.05,0.005,0.1,30,,,,-1,two_stage,2,0.5,"__confirm_cooldown=200,__confirm_rule=perm_test,__perm_alpha=0.01,__perm_delta_k=50,__perm_min_effect=0,__perm_n_perm=200,__perm_post_n=50,__perm_pre_n=200,__perm_rng_seed=0,__perm_stat=delta_fused_score,divergence=0.3,error_rate=0.5,teacher_entropy=0.2",3,0,200,0.0,0,10000,10.0,25.0,200,500,0,0,1.0,0.8654920212765957,0.6920913794463011,0.16666666666666666,0.22291703522205353,0.015655124559998512,1,1,126,107,0,perm_test,0.004975124378109453,0.06697078474594777,245,107,138,0.0,0.16666666666666666,1,0.5,0.0,0.0,0.0,0,none,1,1,0,overconfident,0.95,0,stable,0.9752664759197542,0.0010480391259300632,0.9007843496279748,0.9003529573325887,1768132915.5792224,0.1611069291830063,0.1481163501739502
706,45184,45183,sea_abrupt4,sea,ts_drift_adapt,4,"error_divergence_ph_meta@error.threshold=0.10,error.min_instances=5",error_divergence_ph_meta,"{""divergence"": {""alpha"": 0.1, ""delta"": 0.005, ""min_instances"": 30, ""threshold"": 0.05}, ""error_rate"": {""alpha"": 0.15, ""delta"": 0.005, ""min_instances"": 5, ""threshold"": 0.1}}","{""error_rate"": {""min_instances"": 5, ""threshold"": 0.1}}",0.1,0.005,0.15,5,0.05,0.005,0.1,30,,,,-1,two_stage,2,0.5,"__confirm_cooldown=200,__confirm_rule=perm_test,__perm_alpha=0.01,__perm_delta_k=50,__perm_min_effect=0,__perm_n_perm=200,__perm_post_n=50,__perm_pre_n=200,__perm_rng_seed=0,__perm_stat=delta_fused_score,divergence=0.3,error_rate=0.5,teacher_entropy=0.2",3,0,200,0.0,0,10000,10.0,25.0,200,500,1,136,1.0,0.8655497521246459,0.6921898530922795,0.16666666666666666,0.16898158192634583,0.014992582611739635,0,0,126,107,-1,perm_test,0.004975124378109453,0.06697078474594777,245,107,138,0.0,0.0006625419482588768,0,0.0,0.0,0.0,0.0,0,none,0,1,0,overconfident,0.95,0,mild_drift,0.9677832379598771,0.0011740195629650317,0.8503921748139874,0.8776764786662943,1768132915.5900066,0.29885637760162354,0.10396042466163635
707,45248,45247,sea_abrupt4,sea,ts_drift_adapt,4,"error_divergence_ph_meta@error.threshold=0.10,error.min_instances=5",error_divergence_ph_meta,"{""divergence"": {""alpha"": 0.1, ""delta"": 0.005, ""min_instances"": 30, ""threshold"": 0.05}, ""error_rate"": {""alpha"": 0.15, ""delta"": 0.005, ""min_instances"": 5, ""threshold"": 0.1}}","{""error_rate"": {""min_instances"": 5, ""threshold"": 0.1}}",0.1,0.005,0.15,5,0.05,0.005,0.1,30,,,,-1,two_stage,2,0.5,"__confirm_cooldown=200,__confirm_rule=perm_test,__perm_alpha=0.01,__perm_delta_k=50,__perm_min_effect=0,__perm_n_perm=200,__perm_post_n=50,__perm_pre_n=200,__perm_rng_seed=0,__perm_stat=delta_fused_score,divergence=0.3,error_rate=0.5,teacher_entropy=0.2",3,0,200,0.0,0,10000,10.0,25.0,200,500,1,72,1.0,0.8656073196605375,0.6923483392504581,0.16666666666666666,0.17033889889717102,0.008674358949065208,0,0,126,107,-1,perm_test,0.004975124378109453,0.06697078474594777,245,107,138,0.0,0.006318223662674427,0,0.0,0.0,0.0,0.0,0,none,0,1,0,overconfident,0.95,0,mild_drift,0.9640416189799386,0.001237009781482516,0.8251960874069937,0.8663382393331471,1768132915.6005938,0.2241542786359787,0.05827704071998596
708,45312,45311,sea_abrupt4,sea,ts_drift_adapt,4,"error_divergence_ph_meta@error.threshold=0.10,error.min_instances=5",error_divergence_ph_meta,"{""divergence"": {""alpha"": 0.1, ""delta"": 0.005, ""min_instances"": 30, ""threshold"": 0.05}, ""error_rate"": {""alpha"": 0.15, ""delta"": 0.005, ""min_instances"": 5, ""threshold"": 0.1}}","{""error_rate"": {""min_instances"": 5, ""threshold"": 0.1}}",0.1,0.005,0.15,5,0.05,0.005,0.1,30,,,,-1,two_stage,2,0.5,"__confirm_cooldown=200,__confirm_rule=perm_test,__perm_alpha=0.01,__perm_delta_k=50,__perm_min_effect=0,__perm_n_perm=200,__perm_post_n=50,__perm_pre_n=200,__perm_rng_seed=0,__perm_stat=delta_fused_score,divergence=0.3,error_rate=0.5,teacher_entropy=0.2",3,0,200,0.0,0,10000,10.0,25.0,200,500,1,8,1.0,0.8657088629943502,0.6925512725536441,0.0,0.17254947125911713,0.021841607987880707,0,0,126,107,-1,perm_test,0.004975124378109453,0.06697078474594777,245,107,138,0.0,0.16666666666666666,0,0.0,0.0,0.0,0.0,0,none,0,1,0,overconfident,0.95,0,mild_drift,0.9621708094899692,0.001268504890741258,0.8125980437034969,0.8606691196665736,1768132915.6112268,0.08220520615577698,0.19767330586910248
709,45376,45375,sea_abrupt4,sea,ts_drift_adapt,4,"error_divergence_ph_meta@error.threshold=0.10,error.min_instances=5",error_divergence_ph_meta,"{""divergence"": {""alpha"": 0.1, ""delta"": 0.005, ""min_instances"": 30, ""threshold"": 0.05}, ""error_rate"": {""alpha"": 0.15, ""delta"": 0.005, ""min_instances"": 5, ""threshold"": 0.1}}","{""error_rate"": {""min_instances"": 5, ""threshold"": 0.1}}",0.1,0.005,0.15,5,0.05,0.005,0.1,30,,,,-1,two_stage,2,0.5,"__confirm_cooldown=200,__confirm_rule=perm_test,__perm_alpha=0.01,__perm_delta_k=50,__perm_min_effect=0,__perm_n_perm=200,__perm_post_n=50,__perm_pre_n=200,__perm_rng_seed=0,__perm_stat=delta_fused_score,divergence=0.3,error_rate=0.5,teacher_entropy=0.2",3,0,200,0.0,0,10000,10.0,25.0,200,500,0,0,1.0,0.8657440056417489,0.6926781207693442,0.0,0.23844517767429352,0.014868519268929958,0,0,126,107,-1,perm_test,0.004975124378109453,0.06697078474594777,245,107,138,0.0,0.0069730887189507484,0,0.0,0.0,0.0,0.0,0,none,0,1,0,overconfident,0.95,0,mild_drift,0.9612354047449846,0.001284252445370629,0.8062990218517485,0.8578345598332868,1768132915.622043,0.06777556985616684,0.0993853509426117
710,45440,45439,sea_abrupt4,sea,ts_drift_adapt,4,"error_divergence_ph_meta@error.threshold=0.10,error.min_instances=5",error_divergence_ph_meta,"{""divergence"": {""alpha"": 0.1, ""delta"": 0.005, ""min_instances"": 30, ""threshold"": 0.05}, ""error_rate"": {""alpha"": 0.15, ""delta"": 0.005, ""min_instances"": 5, ""threshold"": 0.1}}","{""error_rate"": {""min_instances"": 5, ""threshold"": 0.1}}",0.1,0.005,0.15,5,0.05,0.005,0.1,30,,,,-1,two_stage,2,0.5,"__confirm_cooldown=200,__confirm_rule=perm_test,__perm_alpha=0.01,__perm_delta_k=50,__perm_min_effect=0,__perm_n_perm=200,__perm_post_n=50,__perm_pre_n=200,__perm_rng_seed=0,__perm_stat=delta_fused_score,divergence=0.3,error_rate=0.5,teacher_entropy=0.2",3,0,200,0.0,0,10000,10.0,25.0,200,500,0,0,1.0,0.8658230633802817,0.6928586076013454,0.0,0.16019544005393982,0.018594468012452126,0,0,126,107,-1,perm_test,0.004975124378109453,0.06697078474594777,245,107,138,0.0,0.003725948743522167,0,0.0,0.0,0.0,0.0,0,none,0,1,0,overconfident,0.95,0,mild_drift,0.9607677023724923,0.0012921262226853146,0.8031495109258743,0.8564172799166434,1768132915.6330874,0.05052909627556801,0.1422109752893448
711,45504,45503,sea_abrupt4,sea,ts_drift_adapt,4,"error_divergence_ph_meta@error.threshold=0.10,error.min_instances=5",error_divergence_ph_meta,"{""divergence"": {""alpha"": 0.1, ""delta"": 0.005, ""min_instances"": 30, ""threshold"": 0.05}, ""error_rate"": {""alpha"": 0.15, ""delta"": 0.005, ""min_instances"": 5, ""threshold"": 0.1}}","{""error_rate"": {""min_instances"": 5, ""threshold"": 0.1}}",0.1,0.005,0.15,5,0.05,0.005,0.1,30,,,,-1,two_stage,2,0.5,"__confirm_cooldown=200,__confirm_rule=perm_test,__perm_alpha=0.01,__perm_delta_k=50,__perm_min_effect=0,__perm_n_perm=200,__perm_post_n=50,__perm_pre_n=200,__perm_rng_seed=0,__perm_stat=delta_fused_score,divergence=0.3,error_rate=0.5,teacher_entropy=0.2",3,0,200,0.0,0,10000,10.0,25.0,200,500,0,0,1.0,0.8659678270042194,0.693160631734854,0.0,0.14456334710121155,0.013293028809130192,0,0,126,107,-1,perm_test,0.004975124378109453,0.06697078474594777,245,107,138,0.0,0.005301439203321934,0,0.0,0.0,0.0,0.0,0,none,0,1,0,overconfident,0.95,0,mild_drift,0.9605338511862461,0.0012960631113426574,0.8015747554629371,0.8557086399583217,1768132915.6444714,0.11201900988817215,0.09439118206501007
712,45568,45567,sea_abrupt4,sea,ts_drift_adapt,4,"error_divergence_ph_meta@error.threshold=0.10,error.min_instances=5",error_divergence_ph_meta,"{""divergence"": {""alpha"": 0.1, ""delta"": 0.005, ""min_instances"": 30, ""threshold"": 0.05}, ""error_rate"": {""alpha"": 0.15, ""delta"": 0.005, ""min_instances"": 5, ""threshold"": 0.1}}","{""error_rate"": {""min_instances"": 5, ""threshold"": 0.1}}",0.1,0.005,0.15,5,0.05,0.005,0.1,30,,,,-1,two_stage,2,0.5,"__confirm_cooldown=200,__confirm_rule=perm_test,__perm_alpha=0.01,__perm_delta_k=50,__perm_min_effect=0,__perm_n_perm=200,__perm_post_n=50,__perm_pre_n=200,__perm_rng_seed=0,__perm_stat=delta_fused_score,divergence=0.3,error_rate=0.5,teacher_entropy=0.2",3,0,200,0.0,0,10000,10.0,25.0,200,500,0,0,1.0,0.866112183988764,0.693482136752215,0.0,0.13443052768707275,0.016820427030324936,0,0,126,107,-1,perm_test,0.004975124378109453,0.06697078474594777,245,107,138,0.0,0.003527398221194744,0,0.0,0.0,0.0,0.0,0,none,0,1,0,overconfident,0.95,0,mild_drift,0.960416925593123,0.0012980315556713287,0.8007873777314686,0.8553543199791609,1768132915.6576238,0.06613992899656296,0.11210013180971146
713,45632,45631,sea_abrupt4,sea,ts_drift_adapt,4,"error_divergence_ph_meta@error.threshold=0.10,error.min_instances=5",error_divergence_ph_meta,"{""divergence"": {""alpha"": 0.1, ""delta"": 0.005, ""min_instances"": 30, ""threshold"": 0.05}, ""error_rate"": {""alpha"": 0.15, ""delta"": 0.005, ""min_instances"": 5, ""threshold"": 0.1}}","{""error_rate"": {""min_instances"": 5, ""threshold"": 0.1}}",0.1,0.005,0.15,5,0.05,0.005,0.1,30,,,,-1,two_stage,2,0.5,"__confirm_cooldown=200,__confirm_rule=perm_test,__perm_alpha=0.01,__perm_delta_k=50,__perm_min_effect=0,__perm_n_perm=200,__perm_post_n=50,__perm_pre_n=200,__perm_rng_seed=0,__perm_stat=delta_fused_score,divergence=0.3,error_rate=0.5,teacher_entropy=0.2",3,0,200,0.0,0,10000,10.0,25.0,200,500,0,0,1.0,0.8662123071528752,0.693717472413884,0.0,0.1739126741886139,0.023438891395926476,0,0,126,107,-1,perm_test,0.004975124378109453,0.06697078474594777,245,107,138,0.0,0.00661846436560154,0,0.0,0.0,0.0,0.0,0,none,0,1,0,overconfident,0.95,0,mild_drift,0.9603584627965615,0.0012990157778356645,0.8003936888657344,0.8551771599895804,1768132915.6711674,0.017672544345259666,0.17370283603668213
714,45696,45695,sea_abrupt4,sea,ts_drift_adapt,4,"error_divergence_ph_meta@error.threshold=0.10,error.min_instances=5",error_divergence_ph_meta,"{""divergence"": {""alpha"": 0.1, ""delta"": 0.005, ""min_instances"": 30, ""threshold"": 0.05}, ""error_rate"": {""alpha"": 0.15, ""delta"": 0.005, ""min_instances"": 5, ""threshold"": 0.1}}","{""error_rate"": {""min_instances"": 5, ""threshold"": 0.1}}",0.1,0.005,0.15,5,0.05,0.005,0.1,30,,,,-1,two_stage,2,0.5,"__confirm_cooldown=200,__confirm_rule=perm_test,__perm_alpha=0.01,__perm_delta_k=50,__perm_min_effect=0,__perm_n_perm=200,__perm_post_n=50,__perm_pre_n=200,__perm_rng_seed=0,__perm_stat=delta_fused_score,divergence=0.3,error_rate=0.5,teacher_entropy=0.2",3,0,200,0.0,0,10000,10.0,25.0,200,500,0,0,1.0,0.8663559173669467,0.6939949700365039,0.0,0.1685069352388382,0.011668934486806393,0,0,126,107,-1,perm_test,0.004975124378109453,0.06697078474594777,245,107,138,0.0,0.011769956909120083,0,0.0,0.0,0.0,0.0,0,none,0,1,0,overconfident,0.95,0,mild_drift,0.9603292313982807,0.0012995078889178322,0.8001968444328672,0.8550885799947903,1768132915.6847026,0.11506656557321548,0.08373519778251648
715,45760,45759,sea_abrupt4,sea,ts_drift_adapt,4,"error_divergence_ph_meta@error.threshold=0.10,error.min_instances=5",error_divergence_ph_meta,"{""divergence"": {""alpha"": 0.1, ""delta"": 0.005, ""min_instances"": 30, ""threshold"": 0.05}, ""error_rate"": {""alpha"": 0.15, ""delta"": 0.005, ""min_instances"": 5, ""threshold"": 0.1}}","{""error_rate"": {""min_instances"": 5, ""threshold"": 0.1}}",0.1,0.005,0.15,5,0.05,0.005,0.1,30,,,,-1,two_stage,2,0.5,"__confirm_cooldown=200,__confirm_rule=perm_test,__perm_alpha=0.01,__perm_delta_k=50,__perm_min_effect=0,__perm_n_perm=200,__perm_post_n=50,__perm_pre_n=200,__perm_rng_seed=0,__perm_stat=delta_fused_score,divergence=0.3,error_rate=0.5,teacher_entropy=0.2",3,0,200,0.0,0,10000,10.0,25.0,200,500,0,0,1.0,0.8664117132867133,0.6940735430321562,0.0,0.2226746827363968,0.01724058762192726,0,0,126,107,-1,perm_test,0.004975124378109453,0.06697078474594777,245,107,138,0.0,0.005571653135120869,0,0.0,0.0,0.0,0.0,0,none,0,1,0,overconfident,0.95,0,mild_drift,0.9603146156991403,0.0012997539444589163,0.8000984222164336,0.8550442899973951,1768132915.6968546,0.00630940729752183,0.1118241474032402
716,45824,45823,sea_abrupt4,sea,ts_drift_adapt,4,"error_divergence_ph_meta@error.threshold=0.10,error.min_instances=5",error_divergence_ph_meta,"{""divergence"": {""alpha"": 0.1, ""delta"": 0.005, ""min_instances"": 30, ""threshold"": 0.05}, ""error_rate"": {""alpha"": 0.15, ""delta"": 0.005, ""min_instances"": 5, ""threshold"": 0.1}}","{""error_rate"": {""min_instances"": 5, ""threshold"": 0.1}}",0.1,0.005,0.15,5,0.05,0.005,0.1,30,,,,-1,two_stage,2,0.5,"__confirm_cooldown=200,__confirm_rule=perm_test,__perm_alpha=0.01,__perm_delta_k=50,__perm_min_effect=0,__perm_n_perm=200,__perm_post_n=50,__perm_pre_n=200,__perm_rng_seed=0,__perm_stat=delta_fused_score,divergence=0.3,error_rate=0.5,teacher_entropy=0.2",3,0,200,0.0,0,10000,10.0,25.0,200,500,0,0,1.0,0.8665109986033519,0.6942811087313946,0.0,0.16703973710536957,0.010271642357110977,0,0,126,107,-1,perm_test,0.004975124378109453,0.06697078474594777,245,107,138,0.0,0.006968945264816284,0,0.0,0.0,0.0,0.0,0,none,0,1,0,overconfident,0.95,0,mild_drift,0.9603073078495701,0.0012998769722294581,0.8000492111082168,0.8550221449986976,1768132915.707916,0.023039132356643677,0.10085105150938034
717,45888,45887,sea_abrupt4,sea,ts_drift_adapt,4,"error_divergence_ph_meta@error.threshold=0.10,error.min_instances=5",error_divergence_ph_meta,"{""divergence"": {""alpha"": 0.1, ""delta"": 0.005, ""min_instances"": 30, ""threshold"": 0.05}, ""error_rate"": {""alpha"": 0.15, ""delta"": 0.005, ""min_instances"": 5, ""threshold"": 0.1}}","{""error_rate"": {""min_instances"": 5, ""threshold"": 0.1}}",0.1,0.005,0.15,5,0.05,0.005,0.1,30,,,,-1,two_stage,2,0.5,"__confirm_cooldown=200,__confirm_rule=perm_test,__perm_alpha=0.01,__perm_delta_k=50,__perm_min_effect=0,__perm_n_perm=200,__perm_post_n=50,__perm_pre_n=200,__perm_rng_seed=0,__perm_stat=delta_fused_score,divergence=0.3,error_rate=0.5,teacher_entropy=0.2",3,0,200,0.0,0,10000,10.0,25.0,200,500,0,0,1.0,0.8666753835425384,0.6946994576946546,0.0,0.22501133382320404,0.014836099930107594,0,0,126,107,-1,perm_test,0.004975124378109453,0.06697078474594777,245,107,138,0.0,0.004564457572996616,0,0.0,0.0,0.0,0.0,0,none,0,1,0,overconfident,0.95,0,mild_drift,0.960303653924785,0.0012999384861147292,0.8000246055541085,0.8550110724993487,1768132915.7191565,0.21334874629974365,0.0995880737900734
718,45952,45951,sea_abrupt4,sea,ts_drift_adapt,4,"error_divergence_ph_meta@error.threshold=0.10,error.min_instances=5",error_divergence_ph_meta,"{""divergence"": {""alpha"": 0.1, ""delta"": 0.005, ""min_instances"": 30, ""threshold"": 0.05}, ""error_rate"": {""alpha"": 0.15, ""delta"": 0.005, ""min_instances"": 5, ""threshold"": 0.1}}","{""error_rate"": {""min_instances"": 5, ""threshold"": 0.1}}",0.1,0.005,0.15,5,0.05,0.005,0.1,30,,,,-1,two_stage,2,0.5,"__confirm_cooldown=200,__confirm_rule=perm_test,__perm_alpha=0.01,__perm_delta_k=50,__perm_min_effect=0,__perm_n_perm=200,__perm_post_n=50,__perm_pre_n=200,__perm_rng_seed=0,__perm_stat=delta_fused_score,divergence=0.3,error_rate=0.5,teacher_entropy=0.2",3,0,200,0.0,0,10000,10.0,25.0,200,500,0,0,1.0,0.8667087395543176,0.6947425239043341,0.16666666666666666,0.16369503736495972,0.012476127594709396,1,1,127,108,0,perm_test,0.004975124378109453,0.07644539779256834,246,108,138,0.0,0.16666666666666666,1,0.5,0.0,0.0,0.0,0,none,1,1,0,overconfident,0.95,0,stable,0.9751518269623924,0.0010499692430573646,0.9000123027770542,0.9000055362496744,1768132915.7363102,0.27611127495765686,0.08656583726406097
719,46016,46015,sea_abrupt4,sea,ts_drift_adapt,4,"error_divergence_ph_meta@error.threshold=0.10,error.min_instances=5",error_divergence_ph_meta,"{""divergence"": {""alpha"": 0.1, ""delta"": 0.005, ""min_instances"": 30, ""threshold"": 0.05}, ""error_rate"": {""alpha"": 0.15, ""delta"": 0.005, ""min_instances"": 5, ""threshold"": 0.1}}","{""error_rate"": {""min_instances"": 5, ""threshold"": 0.1}}",0.1,0.005,0.15,5,0.05,0.005,0.1,30,,,,-1,two_stage,2,0.5,"__confirm_cooldown=200,__confirm_rule=perm_test,__perm_alpha=0.01,__perm_delta_k=50,__perm_min_effect=0,__perm_n_perm=200,__perm_post_n=50,__perm_pre_n=200,__perm_rng_seed=0,__perm_stat=delta_fused_score,divergence=0.3,error_rate=0.5,teacher_entropy=0.2",3,0,200,0.0,0,10000,10.0,25.0,200,500,1,136,1.0,0.8668071974965229,0.6949412564110703,0.16666666666666666,0.15168894827365875,0.005687521304935217,0,0,127,108,-1,perm_test,0.004975124378109453,0.07644539779256834,246,108,138,0.0,0.0067886062897741795,0,0.0,0.0,0.0,0.0,0,none,0,1,0,overconfident,0.95,0,mild_drift,0.9677259134811962,0.0011749846215286823,0.8500061513885271,0.8775027681248372,1768132915.747027,0.2114178091287613,0.04376061260700226
720,46080,46079,sea_abrupt4,sea,ts_drift_adapt,4,"error_divergence_ph_meta@error.threshold=0.10,error.min_instances=5",error_divergence_ph_meta,"{""divergence"": {""alpha"": 0.1, ""delta"": 0.005, ""min_instances"": 30, ""threshold"": 0.05}, ""error_rate"": {""alpha"": 0.15, ""delta"": 0.005, ""min_instances"": 5, ""threshold"": 0.1}}","{""error_rate"": {""min_instances"": 5, ""threshold"": 0.1}}",0.1,0.005,0.15,5,0.05,0.005,0.1,30,,,,-1,two_stage,2,0.5,"__confirm_cooldown=200,__confirm_rule=perm_test,__perm_alpha=0.01,__perm_delta_k=50,__perm_min_effect=0,__perm_n_perm=200,__perm_post_n=50,__perm_pre_n=200,__perm_rng_seed=0,__perm_stat=delta_fused_score,divergence=0.3,error_rate=0.5,teacher_entropy=0.2",3,0,200,0.0,0,10000,10.0,25.0,200,500,1,72,1.0,0.8669487847222223,0.695300750383559,0.0,0.186270073056221,0.012246241793036461,0,0,127,108,-1,perm_test,0.004975124378109453,0.07644539779256834,246,108,138,0.0,0.16666666666666666,0,0.0,0.0,0.0,0.0,0,none,0,1,0,overconfident,0.95,0,mild_drift,0.9640129567405981,0.001237492310764341,0.8250030756942636,0.8662513840624186,1768132915.7575574,0.13939695060253143,0.0985327735543251
721,46144,46143,sea_abrupt4,sea,ts_drift_adapt,4,"error_divergence_ph_meta@error.threshold=0.10,error.min_instances=5",error_divergence_ph_meta,"{""divergence"": {""alpha"": 0.1, ""delta"": 0.005, ""min_instances"": 30, ""threshold"": 0.05}, ""error_rate"": {""alpha"": 0.15, ""delta"": 0.005, ""min_instances"": 5, ""threshold"": 0.1}}","{""error_rate"": {""min_instances"": 5, ""threshold"": 0.1}}",0.1,0.005,0.15,5,0.05,0.005,0.1,30,,,,-1,two_stage,2,0.5,"__confirm_cooldown=200,__confirm_rule=perm_test,__perm_alpha=0.01,__perm_delta_k=50,__perm_min_effect=0,__perm_n_perm=200,__perm_post_n=50,__perm_pre_n=200,__perm_rng_seed=0,__perm_stat=delta_fused_score,divergence=0.3,error_rate=0.5,teacher_entropy=0.2",3,0,200,0.0,0,10000,10.0,25.0,200,500,1,8,1.0,0.867003294036061,0.6954407365859964,0.0,0.18091008067131042,0.011272508651018143,0,0,127,108,-1,perm_test,0.004975124378109453,0.07644539779256834,246,108,138,0.0,0.0009737331420183182,0,0.0,0.0,0.0,0.0,0,none,0,1,0,overconfident,0.95,0,mild_drift,0.9621564783702989,0.0012687461553821705,0.8125015378471319,0.8606256920312093,1768132915.7681346,0.05742329731583595,0.08332736790180206
722,46208,46207,sea_abrupt4,sea,ts_drift_adapt,4,"error_divergence_ph_meta@error.threshold=0.10,error.min_instances=5",error_divergence_ph_meta,"{""divergence"": {""alpha"": 0.1, ""delta"": 0.005, ""min_instances"": 30, ""threshold"": 0.05}, ""error_rate"": {""alpha"": 0.15, ""delta"": 0.005, ""min_instances"": 5, ""threshold"": 0.1}}","{""error_rate"": {""min_instances"": 5, ""threshold"": 0.1}}",0.1,0.005,0.15,5,0.05,0.005,0.1,30,,,,-1,two_stage,2,0.5,"__confirm_cooldown=200,__confirm_rule=perm_test,__perm_alpha=0.01,__perm_delta_k=50,__perm_min_effect=0,__perm_n_perm=200,__perm_post_n=50,__perm_pre_n=200,__perm_rng_seed=0,__perm_stat=delta_fused_score,divergence=0.3,error_rate=0.5,teacher_entropy=0.2",3,0,200,0.0,0,10000,10.0,25.0,200,500,0,0,1.0,0.8670792936288089,0.6955926603931502,0.16666666666666666,0.16558142006397247,0.007079159840941429,0,0,127,108,-1,perm_test,0.004975124378109453,0.07644539779256834,246,108,138,0.0,0.16666666666666666,0,0.0,0.0,0.0,0.0,0,none,0,1,0,overconfident,0.95,0,mild_drift,0.9612282391851494,0.0012843730776910854,0.806250768923566,0.8578128460156047,1768132915.7789505,0.2344343066215515,0.05174188315868378
723,46272,46271,sea_abrupt4,sea,ts_drift_adapt,4,"error_divergence_ph_meta@error.threshold=0.10,error.min_instances=5",error_divergence_ph_meta,"{""divergence"": {""alpha"": 0.1, ""delta"": 0.005, ""min_instances"": 30, ""threshold"": 0.05}, ""error_rate"": {""alpha"": 0.15, ""delta"": 0.005, ""min_instances"": 5, ""threshold"": 0.1}}","{""error_rate"": {""min_instances"": 5, ""threshold"": 0.1}}",0.1,0.005,0.15,5,0.05,0.005,0.1,30,,,,-1,two_stage,2,0.5,"__confirm_cooldown=200,__confirm_rule=perm_test,__perm_alpha=0.01,__perm_delta_k=50,__perm_min_effect=0,__perm_n_perm=200,__perm_post_n=50,__perm_pre_n=200,__perm_rng_seed=0,__perm_stat=delta_fused_score,divergence=0.3,error_rate=0.5,teacher_entropy=0.2",3,0,200,0.0,0,10000,10.0,25.0,200,500,0,0,1.0,0.8671550829875518,0.6957967053868197,0.0,0.18483610451221466,0.015708766877651215,0,1,128,108,-1,perm_test,1.0,-0.04588102092211852,247,108,139,0.16666666666666666,0.16666666666666666,1,0.5,0.0,0.0,0.0,0,none,0,1,0,overconfident,0.95,0,mild_drift,0.9607641195925747,0.0012921865388455427,0.8031253844617829,0.8564064230078023,1768132915.7902517,0.07484688609838486,0.12443006038665771
724,46336,46335,sea_abrupt4,sea,ts_drift_adapt,4,"error_divergence_ph_meta@error.threshold=0.10,error.min_instances=5",error_divergence_ph_meta,"{""divergence"": {""alpha"": 0.1, ""delta"": 0.005, ""min_instances"": 30, ""threshold"": 0.05}, ""error_rate"": {""alpha"": 0.15, ""delta"": 0.005, ""min_instances"": 5, ""threshold"": 0.1}}","{""error_rate"": {""min_instances"": 5, ""threshold"": 0.1}}",0.1,0.005,0.15,5,0.05,0.005,0.1,30,,,,-1,two_stage,2,0.5,"__confirm_cooldown=200,__confirm_rule=perm_test,__perm_alpha=0.01,__perm_delta_k=50,__perm_min_effect=0,__perm_n_perm=200,__perm_post_n=50,__perm_pre_n=200,__perm_rng_seed=0,__perm_stat=delta_fused_score,divergence=0.3,error_rate=0.5,teacher_entropy=0.2",3,0,200,0.0,0,10000,10.0,25.0,200,500,0,0,1.0,0.8672954074585635,0.6960135339882547,0.16666666666666666,0.14618274569511414,0.007199255749583244,1,0,128,109,1,perm_test,0.004975124378109453,0.04117178550575213,248,109,139,0.0,0.16666666666666666,0,0.0,0.0,0.0,0.0,0,none,1,1,0,overconfident,0.95,0,stable,0.9753820597962873,0.0010460932694227713,0.9015626922308915,0.9007032115039012,1768132915.807197,0.37088119983673096,0.0740785151720047
725,46400,46399,sea_abrupt4,sea,ts_drift_adapt,4,"error_divergence_ph_meta@error.threshold=0.10,error.min_instances=5",error_divergence_ph_meta,"{""divergence"": {""alpha"": 0.1, ""delta"": 0.005, ""min_instances"": 30, ""threshold"": 0.05}, ""error_rate"": {""alpha"": 0.15, ""delta"": 0.005, ""min_instances"": 5, ""threshold"": 0.1}}","{""error_rate"": {""min_instances"": 5, ""threshold"": 0.1}}",0.1,0.005,0.15,5,0.05,0.005,0.1,30,,,,-1,two_stage,2,0.5,"__confirm_cooldown=200,__confirm_rule=perm_test,__perm_alpha=0.01,__perm_delta_k=50,__perm_min_effect=0,__perm_n_perm=200,__perm_post_n=50,__perm_pre_n=200,__perm_rng_seed=0,__perm_stat=delta_fused_score,divergence=0.3,error_rate=0.5,teacher_entropy=0.2",3,0,200,0.0,0,10000,10.0,25.0,200,500,1,136,1.0,0.8674784482758621,0.696380969392902,0.0,0.10962510854005814,0.007557455915957689,0,0,128,109,-1,perm_test,0.004975124378109453,0.04117178550575213,248,109,139,0.0,0.16666666666666666,0,0.0,0.0,0.0,0.0,0,none,0,1,0,overconfident,0.95,0,mild_drift,0.9678410298981437,0.0011730466347113857,0.8507813461154458,0.8778516057519505,1768132915.8181255,0.006924343761056662,0.06473895162343979
726,46464,46463,sea_abrupt4,sea,ts_drift_adapt,4,"error_divergence_ph_meta@error.threshold=0.10,error.min_instances=5",error_divergence_ph_meta,"{""divergence"": {""alpha"": 0.1, ""delta"": 0.005, ""min_instances"": 30, ""threshold"": 0.05}, ""error_rate"": {""alpha"": 0.15, ""delta"": 0.005, ""min_instances"": 5, ""threshold"": 0.1}}","{""error_rate"": {""min_instances"": 5, ""threshold"": 0.1}}",0.1,0.005,0.15,5,0.05,0.005,0.1,30,,,,-1,two_stage,2,0.5,"__confirm_cooldown=200,__confirm_rule=perm_test,__perm_alpha=0.01,__perm_delta_k=50,__perm_min_effect=0,__perm_n_perm=200,__perm_post_n=50,__perm_pre_n=200,__perm_rng_seed=0,__perm_stat=delta_fused_score,divergence=0.3,error_rate=0.5,teacher_entropy=0.2",3,0,200,0.0,0,10000,10.0,25.0,200,500,1,72,1.0,0.8673811983471075,0.696124949497735,0.0,0.2651701271533966,0.031428925693035126,0,0,128,109,-1,perm_test,0.004975124378109453,0.04117178550575213,248,109,139,0.0,0.023871469777077436,0,0.0,0.0,0.0,0.0,0,none,0,1,0,overconfident,0.95,0,mild_drift,0.9640705149490718,0.001236523317355693,0.825390673057723,0.8664258028759753,1768132915.8290827,0.005865705665200949,0.25314828753471375
727,46528,46527,sea_abrupt4,sea,ts_drift_adapt,4,"error_divergence_ph_meta@error.threshold=0.10,error.min_instances=5",error_divergence_ph_meta,"{""divergence"": {""alpha"": 0.1, ""delta"": 0.005, ""min_instances"": 30, ""threshold"": 0.05}, ""error_rate"": {""alpha"": 0.15, ""delta"": 0.005, ""min_instances"": 5, ""threshold"": 0.1}}","{""error_rate"": {""min_instances"": 5, ""threshold"": 0.1}}",0.1,0.005,0.15,5,0.05,0.005,0.1,30,,,,-1,two_stage,2,0.5,"__confirm_cooldown=200,__confirm_rule=perm_test,__perm_alpha=0.01,__perm_delta_k=50,__perm_min_effect=0,__perm_n_perm=200,__perm_post_n=50,__perm_pre_n=200,__perm_rng_seed=0,__perm_stat=delta_fused_score,divergence=0.3,error_rate=0.5,teacher_entropy=0.2",3,0,200,0.0,0,10000,10.0,25.0,200,500,1,8,1.0,0.8674346629986245,0.6962353751844746,0.0,0.20383352041244507,0.02245400659739971,0,0,128,109,-1,perm_test,0.004975124378109453,0.04117178550575213,248,109,139,0.0,0.008974919095635414,0,0.0,0.0,0.0,0.0,0,none,0,1,0,overconfident,0.95,0,mild_drift,0.9621852574745359,0.0012682616586778466,0.8126953365288615,0.8607129014379876,1768132915.8400939,0.004865952301770449,0.22594095766544342
728,46592,46591,sea_abrupt4,sea,ts_drift_adapt,4,"error_divergence_ph_meta@error.threshold=0.10,error.min_instances=5",error_divergence_ph_meta,"{""divergence"": {""alpha"": 0.1, ""delta"": 0.005, ""min_instances"": 30, ""threshold"": 0.05}, ""error_rate"": {""alpha"": 0.15, ""delta"": 0.005, ""min_instances"": 5, ""threshold"": 0.1}}","{""error_rate"": {""min_instances"": 5, ""threshold"": 0.1}}",0.1,0.005,0.15,5,0.05,0.005,0.1,30,,,,-1,two_stage,2,0.5,"__confirm_cooldown=200,__confirm_rule=perm_test,__perm_alpha=0.01,__perm_delta_k=50,__perm_min_effect=0,__perm_n_perm=200,__perm_post_n=50,__perm_pre_n=200,__perm_rng_seed=0,__perm_stat=delta_fused_score,divergence=0.3,error_rate=0.5,teacher_entropy=0.2",3,0,200,0.0,0,10000,10.0,25.0,200,500,0,0,1.0,0.8675523695054945,0.6964886095814715,0.0,0.1360989511013031,0.018570834770798683,0,0,128,109,-1,perm_test,0.004975124378109453,0.04117178550575213,248,109,139,0.0,0.0038831718266010284,0,0.0,0.0,0.0,0.0,0,none,0,1,0,overconfident,0.95,0,mild_drift,0.961242628737268,0.0012841308293389234,0.8063476682644308,0.8578564507189939,1768132915.8510633,0.10231167078018188,0.12779155373573303
729,46656,46655,sea_abrupt4,sea,ts_drift_adapt,4,"error_divergence_ph_meta@error.threshold=0.10,error.min_instances=5",error_divergence_ph_meta,"{""divergence"": {""alpha"": 0.1, ""delta"": 0.005, ""min_instances"": 30, ""threshold"": 0.05}, ""error_rate"": {""alpha"": 0.15, ""delta"": 0.005, ""min_instances"": 5, ""threshold"": 0.1}}","{""error_rate"": {""min_instances"": 5, ""threshold"": 0.1}}",0.1,0.005,0.15,5,0.05,0.005,0.1,30,,,,-1,two_stage,2,0.5,"__confirm_cooldown=200,__confirm_rule=perm_test,__perm_alpha=0.01,__perm_delta_k=50,__perm_min_effect=0,__perm_n_perm=200,__perm_post_n=50,__perm_pre_n=200,__perm_rng_seed=0,__perm_stat=delta_fused_score,divergence=0.3,error_rate=0.5,teacher_entropy=0.2",3,0,200,0.0,0,10000,10.0,25.0,200,500,0,0,1.0,0.8675411522633745,0.6964826337216506,0.16666666666666666,0.17519202828407288,0.016499634832143784,1,1,129,110,0,perm_test,0.004975124378109453,0.09660095673411981,249,110,139,0.16666666666666666,0.16666666666666666,1,0.5,0.0,0.0,0.0,0,none,1,1,0,overconfident,0.95,0,severe_drift,0.926121314368634,0.0016420654146694618,0.6531738341322154,0.833928225359497,1768132915.8679888,0.36224663257598877,0.1274491548538208
730,46720,46719,sea_abrupt4,sea,ts_drift_adapt,4,"error_divergence_ph_meta@error.threshold=0.10,error.min_instances=5",error_divergence_ph_meta,"{""divergence"": {""alpha"": 0.1, ""delta"": 0.005, ""min_instances"": 30, ""threshold"": 0.05}, ""error_rate"": {""alpha"": 0.15, ""delta"": 0.005, ""min_instances"": 5, ""threshold"": 0.1}}","{""error_rate"": {""min_instances"": 5, ""threshold"": 0.1}}",0.1,0.005,0.15,5,0.05,0.005,0.1,30,,,,-1,two_stage,2,0.5,"__confirm_cooldown=200,__confirm_rule=perm_test,__perm_alpha=0.01,__perm_delta_k=50,__perm_min_effect=0,__perm_n_perm=200,__perm_post_n=50,__perm_pre_n=200,__perm_rng_seed=0,__perm_stat=delta_fused_score,divergence=0.3,error_rate=0.5,teacher_entropy=0.2",3,0,200,0.0,0,10000,10.0,25.0,200,500,1,136,1.0,0.8676583904109589,0.696736741005823,0.0,0.1586405485868454,0.01252829097211361,0,0,129,110,-1,perm_test,0.004975124378109453,0.09660095673411981,249,110,139,0.0,0.16666666666666666,0,0.0,0.0,0.0,0.0,0,none,0,1,0,overconfident,0.95,0,mild_drift,0.943210657184317,0.0014710327073347309,0.7265869170661077,0.8444641126797485,1768132915.8790822,0.060302454978227615,0.1147610992193222
731,46784,46783,sea_abrupt4,sea,ts_drift_adapt,4,"error_divergence_ph_meta@error.threshold=0.10,error.min_instances=5",error_divergence_ph_meta,"{""divergence"": {""alpha"": 0.1, ""delta"": 0.005, ""min_instances"": 30, ""threshold"": 0.05}, ""error_rate"": {""alpha"": 0.15, ""delta"": 0.005, ""min_instances"": 5, ""threshold"": 0.1}}","{""error_rate"": {""min_instances"": 5, ""threshold"": 0.1}}",0.1,0.005,0.15,5,0.05,0.005,0.1,30,,,,-1,two_stage,2,0.5,"__confirm_cooldown=200,__confirm_rule=perm_test,__perm_alpha=0.01,__perm_delta_k=50,__perm_min_effect=0,__perm_n_perm=200,__perm_post_n=50,__perm_pre_n=200,__perm_rng_seed=0,__perm_stat=delta_fused_score,divergence=0.3,error_rate=0.5,teacher_entropy=0.2",3,0,200,0.0,0,10000,10.0,25.0,200,500,1,72,1.0,0.8678180574555403,0.6971203880798627,0.0,0.15188059210777283,0.008960044011473656,0,0,129,110,-1,perm_test,0.004975124378109453,0.09660095673411981,249,110,139,0.0,0.0035682469606399536,0,0.0,0.0,0.0,0.0,0,none,0,1,0,overconfident,0.95,0,mild_drift,0.9517553285921585,0.0013855163536673656,0.7632934585330539,0.8497320563398743,1768132915.891047,0.06291796267032623,0.06618615984916687
732,46848,46847,sea_abrupt4,sea,ts_drift_adapt,4,"error_divergence_ph_meta@error.threshold=0.10,error.min_instances=5",error_divergence_ph_meta,"{""divergence"": {""alpha"": 0.1, ""delta"": 0.005, ""min_instances"": 30, ""threshold"": 0.05}, ""error_rate"": {""alpha"": 0.15, ""delta"": 0.005, ""min_instances"": 5, ""threshold"": 0.1}}","{""error_rate"": {""min_instances"": 5, ""threshold"": 0.1}}",0.1,0.005,0.15,5,0.05,0.005,0.1,30,,,,-1,two_stage,2,0.5,"__confirm_cooldown=200,__confirm_rule=perm_test,__perm_alpha=0.01,__perm_delta_k=50,__perm_min_effect=0,__perm_n_perm=200,__perm_post_n=50,__perm_pre_n=200,__perm_rng_seed=0,__perm_stat=delta_fused_score,divergence=0.3,error_rate=0.5,teacher_entropy=0.2",3,0,200,0.0,0,10000,10.0,25.0,200,500,1,8,1.0,0.8678492144808743,0.6971773213807797,0.3333333333333333,0.22824621200561523,0.014233537018299103,0,0,129,110,-1,perm_test,0.004975124378109453,0.09660095673411981,249,110,139,0.0,0.3333333333333333,0,0.0,0.0,0.0,0.0,0,none,0,1,0,overconfident,0.95,0,mild_drift,0.9560276642960792,0.001342758176833683,0.781646729266527,0.8523660281699371,1768132915.9030654,0.43887802958488464,0.11829215288162231
733,46912,46911,sea_abrupt4,sea,ts_drift_adapt,4,"error_divergence_ph_meta@error.threshold=0.10,error.min_instances=5",error_divergence_ph_meta,"{""divergence"": {""alpha"": 0.1, ""delta"": 0.005, ""min_instances"": 30, ""threshold"": 0.05}, ""error_rate"": {""alpha"": 0.15, ""delta"": 0.005, ""min_instances"": 5, ""threshold"": 0.1}}","{""error_rate"": {""min_instances"": 5, ""threshold"": 0.1}}",0.1,0.005,0.15,5,0.05,0.005,0.1,30,,,,-1,two_stage,2,0.5,"__confirm_cooldown=200,__confirm_rule=perm_test,__perm_alpha=0.01,__perm_delta_k=50,__perm_min_effect=0,__perm_n_perm=200,__perm_post_n=50,__perm_pre_n=200,__perm_rng_seed=0,__perm_stat=delta_fused_score,divergence=0.3,error_rate=0.5,teacher_entropy=0.2",3,0,200,0.0,0,10000,10.0,25.0,200,500,0,0,1.0,0.867944236016371,0.6973226619769782,0.0,0.16003866493701935,0.006323192734271288,0,0,129,110,-1,perm_test,0.004975124378109453,0.09660095673411981,249,110,139,0.0,0.3333333333333333,0,0.0,0.0,0.0,0.0,0,none,0,1,0,overconfident,0.95,0,mild_drift,0.9581638321480396,0.0013213790884168417,0.7908233646332635,0.8536830140849685,1768132915.916541,0.11742760986089706,0.06757114827632904
734,46976,46975,sea_abrupt4,sea,ts_drift_adapt,4,"error_divergence_ph_meta@error.threshold=0.10,error.min_instances=5",error_divergence_ph_meta,"{""divergence"": {""alpha"": 0.1, ""delta"": 0.005, ""min_instances"": 30, ""threshold"": 0.05}, ""error_rate"": {""alpha"": 0.15, ""delta"": 0.005, ""min_instances"": 5, ""threshold"": 0.1}}","{""error_rate"": {""min_instances"": 5, ""threshold"": 0.1}}",0.1,0.005,0.15,5,0.05,0.005,0.1,30,,,,-1,two_stage,2,0.5,"__confirm_cooldown=200,__confirm_rule=perm_test,__perm_alpha=0.01,__perm_delta_k=50,__perm_min_effect=0,__perm_n_perm=200,__perm_post_n=50,__perm_pre_n=200,__perm_rng_seed=0,__perm_stat=delta_fused_score,divergence=0.3,error_rate=0.5,teacher_entropy=0.2",3,0,200,0.0,0,10000,10.0,25.0,200,500,0,0,1.0,0.8680815735694822,0.6976721958528842,0.16666666666666666,0.13382649421691895,0.007969003170728683,1,1,130,111,0,perm_test,0.009950248756218905,0.025045216775028845,250,111,139,0.0,0.16666666666666666,1,0.5,0.0,0.0,0.0,0,none,1,1,0,overconfident,0.95,0,stable,0.9740819160740197,0.0010606895442084208,0.8954116823166318,0.8993415070424843,1768132915.9354677,0.22486205399036407,0.07425781339406967
735,47040,47039,sea_abrupt4,sea,ts_drift_adapt,4,"error_divergence_ph_meta@error.threshold=0.10,error.min_instances=5",error_divergence_ph_meta,"{""divergence"": {""alpha"": 0.1, ""delta"": 0.005, ""min_instances"": 30, ""threshold"": 0.05}, ""error_rate"": {""alpha"": 0.15, ""delta"": 0.005, ""min_instances"": 5, ""threshold"": 0.1}}","{""error_rate"": {""min_instances"": 5, ""threshold"": 0.1}}",0.1,0.005,0.15,5,0.05,0.005,0.1,30,,,,-1,two_stage,2,0.5,"__confirm_cooldown=200,__confirm_rule=perm_test,__perm_alpha=0.01,__perm_delta_k=50,__perm_min_effect=0,__perm_n_perm=200,__perm_post_n=50,__perm_pre_n=200,__perm_rng_seed=0,__perm_stat=delta_fused_score,divergence=0.3,error_rate=0.5,teacher_entropy=0.2",3,0,200,0.0,0,10000,10.0,25.0,200,500,1,136,1.0,0.8682397959183673,0.6979797093822179,0.0,0.18328668177127838,0.011122659780085087,0,0,130,111,-1,perm_test,0.009950248756218905,0.025045216775028845,250,111,139,0.0,0.16666666666666666,0,0.0,0.0,0.0,0.0,0,none,0,1,0,overconfident,0.95,0,mild_drift,0.9671909580370098,0.0011803447721042105,0.8477058411583159,0.8771707535212421,1768132915.9463873,0.12314774841070175,0.10964782536029816
736,47104,47103,sea_abrupt4,sea,ts_drift_adapt,4,"error_divergence_ph_meta@error.threshold=0.10,error.min_instances=5",error_divergence_ph_meta,"{""divergence"": {""alpha"": 0.1, ""delta"": 0.005, ""min_instances"": 30, ""threshold"": 0.05}, ""error_rate"": {""alpha"": 0.15, ""delta"": 0.005, ""min_instances"": 5, ""threshold"": 0.1}}","{""error_rate"": {""min_instances"": 5, ""threshold"": 0.1}}",0.1,0.005,0.15,5,0.05,0.005,0.1,30,,,,-1,two_stage,2,0.5,"__confirm_cooldown=200,__confirm_rule=perm_test,__perm_alpha=0.01,__perm_delta_k=50,__perm_min_effect=0,__perm_n_perm=200,__perm_post_n=50,__perm_pre_n=200,__perm_rng_seed=0,__perm_stat=delta_fused_score,divergence=0.3,error_rate=0.5,teacher_entropy=0.2",3,0,200,0.0,0,10000,10.0,25.0,200,500,1,72,1.0,0.8682914402173914,0.6981558507718534,0.0,0.2138572633266449,0.01550027821213007,0,0,130,111,-1,perm_test,0.009950248756218905,0.025045216775028845,250,111,139,0.0,0.004377618432044983,0,0.0,0.0,0.0,0.0,0,none,0,1,0,overconfident,0.95,0,mild_drift,0.9637454790185049,0.0012401723860521053,0.823852920579158,0.866085376760621,1768132915.9564517,0.07815013080835342,0.14303424954414368
737,47168,47167,sea_abrupt4,sea,ts_drift_adapt,4,"error_divergence_ph_meta@error.threshold=0.10,error.min_instances=5",error_divergence_ph_meta,"{""divergence"": {""alpha"": 0.1, ""delta"": 0.005, ""min_instances"": 30, ""threshold"": 0.05}, ""error_rate"": {""alpha"": 0.15, ""delta"": 0.005, ""min_instances"": 5, ""threshold"": 0.1}}","{""error_rate"": {""min_instances"": 5, ""threshold"": 0.1}}",0.1,0.005,0.15,5,0.05,0.005,0.1,30,,,,-1,two_stage,2,0.5,"__confirm_cooldown=200,__confirm_rule=perm_test,__perm_alpha=0.01,__perm_delta_k=50,__perm_min_effect=0,__perm_n_perm=200,__perm_post_n=50,__perm_pre_n=200,__perm_rng_seed=0,__perm_stat=delta_fused_score,divergence=0.3,error_rate=0.5,teacher_entropy=0.2",3,0,200,0.0,0,10000,10.0,25.0,200,500,1,8,1.0,0.8683853459972863,0.6984055222743344,0.0,0.20948994159698486,0.024113759398460388,0,0,130,111,-1,perm_test,0.009950248756218905,0.025045216775028845,250,111,139,0.0,0.008613481186330318,0,0.0,0.0,0.0,0.0,0,none,0,1,0,overconfident,0.95,0,mild_drift,0.9620227395092524,0.0012700861930260527,0.811926460289579,0.8605426883803104,1768132915.9665258,0.027457475662231445,0.16442252695560455
738,47232,47231,sea_abrupt4,sea,ts_drift_adapt,4,"error_divergence_ph_meta@error.threshold=0.10,error.min_instances=5",error_divergence_ph_meta,"{""divergence"": {""alpha"": 0.1, ""delta"": 0.005, ""min_instances"": 30, ""threshold"": 0.05}, ""error_rate"": {""alpha"": 0.15, ""delta"": 0.005, ""min_instances"": 5, ""threshold"": 0.1}}","{""error_rate"": {""min_instances"": 5, ""threshold"": 0.1}}",0.1,0.005,0.15,5,0.05,0.005,0.1,30,,,,-1,two_stage,2,0.5,"__confirm_cooldown=200,__confirm_rule=perm_test,__perm_alpha=0.01,__perm_delta_k=50,__perm_min_effect=0,__perm_n_perm=200,__perm_post_n=50,__perm_pre_n=200,__perm_rng_seed=0,__perm_stat=delta_fused_score,divergence=0.3,error_rate=0.5,teacher_entropy=0.2",3,0,200,0.0,0,10000,10.0,25.0,200,500,0,0,1.0,0.8685213414634146,0.6987408909990668,0.0,0.1527756005525589,0.006833573803305626,0,0,130,111,-1,perm_test,0.009950248756218905,0.025045216775028845,250,111,139,0.0,0.017280185595154762,0,0.0,0.0,0.0,0.0,0,none,0,1,0,overconfident,0.95,0,mild_drift,0.9611613697546262,0.0012850430965130263,0.8059632301447895,0.8577713441901552,1768132915.977033,0.08428842574357986,0.05187758058309555
739,47296,47295,sea_abrupt4,sea,ts_drift_adapt,4,"error_divergence_ph_meta@error.threshold=0.10,error.min_instances=5",error_divergence_ph_meta,"{""divergence"": {""alpha"": 0.1, ""delta"": 0.005, ""min_instances"": 30, ""threshold"": 0.05}, ""error_rate"": {""alpha"": 0.15, ""delta"": 0.005, ""min_instances"": 5, ""threshold"": 0.1}}","{""error_rate"": {""min_instances"": 5, ""threshold"": 0.1}}",0.1,0.005,0.15,5,0.05,0.005,0.1,30,,,,-1,two_stage,2,0.5,"__confirm_cooldown=200,__confirm_rule=perm_test,__perm_alpha=0.01,__perm_delta_k=50,__perm_min_effect=0,__perm_n_perm=200,__perm_post_n=50,__perm_pre_n=200,__perm_rng_seed=0,__perm_stat=delta_fused_score,divergence=0.3,error_rate=0.5,teacher_entropy=0.2",3,0,200,0.0,0,10000,10.0,25.0,200,500,0,0,1.0,0.8686358254397835,0.6990330355502385,0.0,0.18624144792556763,0.023439757525920868,0,0,130,111,-1,perm_test,0.009950248756218905,0.025045216775028845,250,111,139,0.0,0.016606183722615242,0,0.0,0.0,0.0,0.0,0,none,0,1,0,overconfident,0.95,0,mild_drift,0.9607306848773131,0.0012925215482565131,0.8029816150723947,0.8563856720950775,1768132915.9878676,0.07603186368942261,0.22993813455104828
740,47360,47359,sea_abrupt4,sea,ts_drift_adapt,4,"error_divergence_ph_meta@error.threshold=0.10,error.min_instances=5",error_divergence_ph_meta,"{""divergence"": {""alpha"": 0.1, ""delta"": 0.005, ""min_instances"": 30, ""threshold"": 0.05}, ""error_rate"": {""alpha"": 0.15, ""delta"": 0.005, ""min_instances"": 5, ""threshold"": 0.1}}","{""error_rate"": {""min_instances"": 5, ""threshold"": 0.1}}",0.1,0.005,0.15,5,0.05,0.005,0.1,30,,,,-1,two_stage,2,0.5,"__confirm_cooldown=200,__confirm_rule=perm_test,__perm_alpha=0.01,__perm_delta_k=50,__perm_min_effect=0,__perm_n_perm=200,__perm_post_n=50,__perm_pre_n=200,__perm_rng_seed=0,__perm_stat=delta_fused_score,divergence=0.3,error_rate=0.5,teacher_entropy=0.2",3,0,200,0.0,0,10000,10.0,25.0,200,500,0,0,1.0,0.8687288851351351,0.6992364006994667,0.0,0.21452462673187256,0.01898176223039627,0,0,130,111,-1,perm_test,0.009950248756218905,0.025045216775028845,250,111,139,0.0,0.004457995295524597,0,0.0,0.0,0.0,0.0,0,none,0,1,0,overconfident,0.95,0,mild_drift,0.9605153424386565,0.0012962607741282568,0.8014908075361974,0.8556928360475388,1768132915.999528,0.14155299961566925,0.15016324818134308
741,47424,47423,sea_abrupt4,sea,ts_drift_adapt,4,"error_divergence_ph_meta@error.threshold=0.10,error.min_instances=5",error_divergence_ph_meta,"{""divergence"": {""alpha"": 0.1, ""delta"": 0.005, ""min_instances"": 30, ""threshold"": 0.05}, ""error_rate"": {""alpha"": 0.15, ""delta"": 0.005, ""min_instances"": 5, ""threshold"": 0.1}}","{""error_rate"": {""min_instances"": 5, ""threshold"": 0.1}}",0.1,0.005,0.15,5,0.05,0.005,0.1,30,,,,-1,two_stage,2,0.5,"__confirm_cooldown=200,__confirm_rule=perm_test,__perm_alpha=0.01,__perm_delta_k=50,__perm_min_effect=0,__perm_n_perm=200,__perm_post_n=50,__perm_pre_n=200,__perm_rng_seed=0,__perm_stat=delta_fused_score,divergence=0.3,error_rate=0.5,teacher_entropy=0.2",3,0,200,0.0,0,10000,10.0,25.0,200,500,0,0,1.0,0.86882169365722,0.6994953619353097,0.0,0.1643376499414444,0.013455895707011223,0,0,130,111,-1,perm_test,0.009950248756218905,0.025045216775028845,250,111,139,0.0,0.005525866523385048,0,0.0,0.0,0.0,0.0,0,none,0,1,0,overconfident,0.95,0,mild_drift,0.9604076712193282,0.0012981303870641283,0.8007454037680988,0.8553464180237693,1768132916.0105948,0.06591611355543137,0.12134431302547455
742,47488,47487,sea_abrupt4,sea,ts_drift_adapt,4,"error_divergence_ph_meta@error.threshold=0.10,error.min_instances=5",error_divergence_ph_meta,"{""divergence"": {""alpha"": 0.1, ""delta"": 0.005, ""min_instances"": 30, ""threshold"": 0.05}, ""error_rate"": {""alpha"": 0.15, ""delta"": 0.005, ""min_instances"": 5, ""threshold"": 0.1}}","{""error_rate"": {""min_instances"": 5, ""threshold"": 0.1}}",0.1,0.005,0.15,5,0.05,0.005,0.1,30,,,,-1,two_stage,2,0.5,"__confirm_cooldown=200,__confirm_rule=perm_test,__perm_alpha=0.01,__perm_delta_k=50,__perm_min_effect=0,__perm_n_perm=200,__perm_post_n=50,__perm_pre_n=200,__perm_rng_seed=0,__perm_stat=delta_fused_score,divergence=0.3,error_rate=0.5,teacher_entropy=0.2",3,0,200,0.0,0,10000,10.0,25.0,200,500,0,0,1.0,0.8688721361185984,0.699594187105123,0.3333333333333333,0.18823900818824768,0.023710090667009354,1,1,131,112,0,perm_test,0.004975124378109453,0.14912313924456025,251,112,139,0.16666666666666666,0.3333333333333333,1,0.5,0.0,0.0,0.0,0,none,1,1,0,overconfident,0.95,0,severe_drift,0.9257038356096641,0.0016490651935320642,0.6503727018840494,0.8326732090118847,1768132916.027172,0.49153077602386475,0.2099306285381317
743,47552,47551,sea_abrupt4,sea,ts_drift_adapt,4,"error_divergence_ph_meta@error.threshold=0.10,error.min_instances=5",error_divergence_ph_meta,"{""divergence"": {""alpha"": 0.1, ""delta"": 0.005, ""min_instances"": 30, ""threshold"": 0.05}, ""error_rate"": {""alpha"": 0.15, ""delta"": 0.005, ""min_instances"": 5, ""threshold"": 0.1}}","{""error_rate"": {""min_instances"": 5, ""threshold"": 0.1}}",0.1,0.005,0.15,5,0.05,0.005,0.1,30,,,,-1,two_stage,2,0.5,"__confirm_cooldown=200,__confirm_rule=perm_test,__perm_alpha=0.01,__perm_delta_k=50,__perm_min_effect=0,__perm_n_perm=200,__perm_post_n=50,__perm_pre_n=200,__perm_rng_seed=0,__perm_stat=delta_fused_score,divergence=0.3,error_rate=0.5,teacher_entropy=0.2",3,0,200,0.0,0,10000,10.0,25.0,200,500,1,136,1.0,0.868943472409152,0.6997138661167877,0.0,0.1670994758605957,0.023770630359649658,0,0,131,112,-1,perm_test,0.004975124378109453,0.14912313924456025,251,112,139,0.0,0.3333333333333333,0,0.0,0.0,0.0,0.0,0,none,0,1,0,overconfident,0.95,0,mild_drift,0.943001917804832,0.0014745325967660322,0.7251863509420247,0.8438366045059423,1768132916.0373478,0.03791281208395958,0.19762101769447327
744,47616,47615,sea_abrupt4,sea,ts_drift_adapt,4,"error_divergence_ph_meta@error.threshold=0.10,error.min_instances=5",error_divergence_ph_meta,"{""divergence"": {""alpha"": 0.1, ""delta"": 0.005, ""min_instances"": 30, ""threshold"": 0.05}, ""error_rate"": {""alpha"": 0.15, ""delta"": 0.005, ""min_instances"": 5, ""threshold"": 0.1}}","{""error_rate"": {""min_instances"": 5, ""threshold"": 0.1}}",0.1,0.005,0.15,5,0.05,0.005,0.1,30,,,,-1,two_stage,2,0.5,"__confirm_cooldown=200,__confirm_rule=perm_test,__perm_alpha=0.01,__perm_delta_k=50,__perm_min_effect=0,__perm_n_perm=200,__perm_post_n=50,__perm_pre_n=200,__perm_rng_seed=0,__perm_stat=delta_fused_score,divergence=0.3,error_rate=0.5,teacher_entropy=0.2",3,0,200,0.0,0,10000,10.0,25.0,200,500,1,72,1.0,0.8690566196236559,0.6999208250272236,0.0,0.146728053689003,0.02556449919939041,0,0,131,112,-1,perm_test,0.004975124378109453,0.14912313924456025,251,112,139,0.0,0.0017938688397407532,0,0.0,0.0,0.0,0.0,0,none,0,1,0,overconfident,0.95,0,mild_drift,0.951650958902416,0.001387266298383016,0.7625931754710124,0.8494183022529711,1768132916.0476167,0.013291225768625736,0.23618033528327942
745,47680,47679,sea_abrupt4,sea,ts_drift_adapt,4,"error_divergence_ph_meta@error.threshold=0.10,error.min_instances=5",error_divergence_ph_meta,"{""divergence"": {""alpha"": 0.1, ""delta"": 0.005, ""min_instances"": 30, ""threshold"": 0.05}, ""error_rate"": {""alpha"": 0.15, ""delta"": 0.005, ""min_instances"": 5, ""threshold"": 0.1}}","{""error_rate"": {""min_instances"": 5, ""threshold"": 0.1}}",0.1,0.005,0.15,5,0.05,0.005,0.1,30,,,,-1,two_stage,2,0.5,"__confirm_cooldown=200,__confirm_rule=perm_test,__perm_alpha=0.01,__perm_delta_k=50,__perm_min_effect=0,__perm_n_perm=200,__perm_post_n=50,__perm_pre_n=200,__perm_rng_seed=0,__perm_stat=delta_fused_score,divergence=0.3,error_rate=0.5,teacher_entropy=0.2",3,0,200,0.0,0,10000,10.0,25.0,200,500,1,8,1.0,0.8691904362416107,0.7002631518376391,0.0,0.1522214114665985,0.015056430362164974,0,0,131,112,-1,perm_test,0.004975124378109453,0.14912313924456025,251,112,139,0.0,0.010508068837225437,0,0.0,0.0,0.0,0.0,0,none,0,1,0,overconfident,0.95,0,mild_drift,0.955975479451208,0.001343633149191508,0.7812965877355063,0.8522091511264855,1768132916.0579495,0.0402657687664032,0.12299905717372894
746,47744,47743,sea_abrupt4,sea,ts_drift_adapt,4,"error_divergence_ph_meta@error.threshold=0.10,error.min_instances=5",error_divergence_ph_meta,"{""divergence"": {""alpha"": 0.1, ""delta"": 0.005, ""min_instances"": 30, ""threshold"": 0.05}, ""error_rate"": {""alpha"": 0.15, ""delta"": 0.005, ""min_instances"": 5, ""threshold"": 0.1}}","{""error_rate"": {""min_instances"": 5, ""threshold"": 0.1}}",0.1,0.005,0.15,5,0.05,0.005,0.1,30,,,,-1,two_stage,2,0.5,"__confirm_cooldown=200,__confirm_rule=perm_test,__perm_alpha=0.01,__perm_delta_k=50,__perm_min_effect=0,__perm_n_perm=200,__perm_post_n=50,__perm_pre_n=200,__perm_rng_seed=0,__perm_stat=delta_fused_score,divergence=0.3,error_rate=0.5,teacher_entropy=0.2",3,0,200,0.0,0,10000,10.0,25.0,200,500,0,0,1.0,0.8692610589812333,0.7004163470027904,0.0,0.13265696167945862,0.010893911123275757,0,0,131,112,-1,perm_test,0.004975124378109453,0.14912313924456025,251,112,139,0.0,0.004162519238889217,0,0.0,0.0,0.0,0.0,0,none,0,1,0,overconfident,0.95,0,mild_drift,0.9581377397256039,0.0013218165745957542,0.7906482938677531,0.8536045755632428,1768132916.0683532,0.0073961783200502396,0.08145974576473236
747,47808,47807,sea_abrupt4,sea,ts_drift_adapt,4,"error_divergence_ph_meta@error.threshold=0.10,error.min_instances=5",error_divergence_ph_meta,"{""divergence"": {""alpha"": 0.1, ""delta"": 0.005, ""min_instances"": 30, ""threshold"": 0.05}, ""error_rate"": {""alpha"": 0.15, ""delta"": 0.005, ""min_instances"": 5, ""threshold"": 0.1}}","{""error_rate"": {""min_instances"": 5, ""threshold"": 0.1}}",0.1,0.005,0.15,5,0.05,0.005,0.1,30,,,,-1,two_stage,2,0.5,"__confirm_cooldown=200,__confirm_rule=perm_test,__perm_alpha=0.01,__perm_delta_k=50,__perm_min_effect=0,__perm_n_perm=200,__perm_post_n=50,__perm_pre_n=200,__perm_rng_seed=0,__perm_stat=delta_fused_score,divergence=0.3,error_rate=0.5,teacher_entropy=0.2",3,0,200,0.0,0,10000,10.0,25.0,200,500,0,0,1.0,0.8693524096385542,0.7005798080705943,0.0,0.1557174026966095,0.009404671378433704,0,0,131,112,-1,perm_test,0.004975124378109453,0.14912313924456025,251,112,139,0.0,0.0014892397448420525,0,0.0,0.0,0.0,0.0,0,none,0,1,0,overconfident,0.95,0,mild_drift,0.9592188698628019,0.0013109082872978773,0.7953241469338765,0.8543022877816213,1768132916.0788186,0.002658255398273468,0.06404177844524384
748,47872,47871,sea_abrupt4,sea,ts_drift_adapt,4,"error_divergence_ph_meta@error.threshold=0.10,error.min_instances=5",error_divergence_ph_meta,"{""divergence"": {""alpha"": 0.1, ""delta"": 0.005, ""min_instances"": 30, ""threshold"": 0.05}, ""error_rate"": {""alpha"": 0.15, ""delta"": 0.005, ""min_instances"": 5, ""threshold"": 0.1}}","{""error_rate"": {""min_instances"": 5, ""threshold"": 0.1}}",0.1,0.005,0.15,5,0.05,0.005,0.1,30,,,,-1,two_stage,2,0.5,"__confirm_cooldown=200,__confirm_rule=perm_test,__perm_alpha=0.01,__perm_delta_k=50,__perm_min_effect=0,__perm_n_perm=200,__perm_post_n=50,__perm_pre_n=200,__perm_rng_seed=0,__perm_stat=delta_fused_score,divergence=0.3,error_rate=0.5,teacher_entropy=0.2",3,0,200,0.0,0,10000,10.0,25.0,200,500,0,0,1.0,0.869339070855615,0.7005232245695849,0.3333333333333333,0.17227698862552643,0.017967116087675095,1,1,132,113,0,perm_test,0.004975124378109453,0.13755383651474284,252,113,139,0.0,0.3333333333333333,1,0.5,0.0,0.0,0.0,0,none,1,1,0,overconfident,0.95,0,stable,0.974609434931401,0.0010554541436489386,0.8976620734669383,0.8996511438908107,1768132916.0965934,0.29924607276916504,0.12619394063949585
749,47936,47935,sea_abrupt4,sea,ts_drift_adapt,4,"error_divergence_ph_meta@error.threshold=0.10,error.min_instances=5",error_divergence_ph_meta,"{""divergence"": {""alpha"": 0.1, ""delta"": 0.005, ""min_instances"": 30, ""threshold"": 0.05}, ""error_rate"": {""alpha"": 0.15, ""delta"": 0.005, ""min_instances"": 5, ""threshold"": 0.1}}","{""error_rate"": {""min_instances"": 5, ""threshold"": 0.1}}",0.1,0.005,0.15,5,0.05,0.005,0.1,30,,,,-1,two_stage,2,0.5,"__confirm_cooldown=200,__confirm_rule=perm_test,__perm_alpha=0.01,__perm_delta_k=50,__perm_min_effect=0,__perm_n_perm=200,__perm_post_n=50,__perm_pre_n=200,__perm_rng_seed=0,__perm_stat=delta_fused_score,divergence=0.3,error_rate=0.5,teacher_entropy=0.2",3,0,200,0.0,0,10000,10.0,25.0,200,500,1,136,1.0,0.8694509345794392,0.7006828351107153,0.16666666666666666,0.13614441454410553,0.009857588447630405,0,0,132,113,-1,perm_test,0.004975124378109453,0.13755383651474284,252,113,139,0.0,0.16666666666666666,0,0.0,0.0,0.0,0.0,0,none,0,1,0,overconfident,0.95,0,mild_drift,0.9674547174657004,0.0011777270718244695,0.8488310367334692,0.8773255719454054,1768132916.1097536,0.15773899853229523,0.06809862703084946
750,48000,47999,sea_abrupt4,sea,ts_drift_adapt,4,"error_divergence_ph_meta@error.threshold=0.10,error.min_instances=5",error_divergence_ph_meta,"{""divergence"": {""alpha"": 0.1, ""delta"": 0.005, ""min_instances"": 30, ""threshold"": 0.05}, ""error_rate"": {""alpha"": 0.15, ""delta"": 0.005, ""min_instances"": 5, ""threshold"": 0.1}}","{""error_rate"": {""min_instances"": 5, ""threshold"": 0.1}}",0.1,0.005,0.15,5,0.05,0.005,0.1,30,,,,-1,two_stage,2,0.5,"__confirm_cooldown=200,__confirm_rule=perm_test,__perm_alpha=0.01,__perm_delta_k=50,__perm_min_effect=0,__perm_n_perm=200,__perm_post_n=50,__perm_pre_n=200,__perm_rng_seed=0,__perm_stat=delta_fused_score,divergence=0.3,error_rate=0.5,teacher_entropy=0.2",3,0,200,0.0,0,10000,10.0,25.0,200,500,1,72,1.0,0.8693958333333334,0.7005498962417412,0.3333333333333333,0.19675856828689575,0.0123126320540905,0,0,132,113,-1,perm_test,0.004975124378109453,0.13755383651474284,252,113,139,0.0,0.16666666666666666,0,0.0,0.0,0.0,0.0,0,none,0,1,0,overconfident,0.95,0,mild_drift,0.9638773587328502,0.001238863535912235,0.8244155183667345,0.8661627859727027,1768132916.122814,0.6405273079872131,0.06645415723323822
751,48064,48063,sea_abrupt4,sea,ts_drift_adapt,4,"error_divergence_ph_meta@error.threshold=0.10,error.min_instances=5",error_divergence_ph_meta,"{""divergence"": {""alpha"": 0.1, ""delta"": 0.005, ""min_instances"": 30, ""threshold"": 0.05}, ""error_rate"": {""alpha"": 0.15, ""delta"": 0.005, ""min_instances"": 5, ""threshold"": 0.1}}","{""error_rate"": {""min_instances"": 5, ""threshold"": 0.1}}",0.1,0.005,0.15,5,0.05,0.005,0.1,30,,,,-1,two_stage,2,0.5,"__confirm_cooldown=200,__confirm_rule=perm_test,__perm_alpha=0.01,__perm_delta_k=50,__perm_min_effect=0,__perm_n_perm=200,__perm_post_n=50,__perm_pre_n=200,__perm_rng_seed=0,__perm_stat=delta_fused_score,divergence=0.3,error_rate=0.5,teacher_entropy=0.2",3,0,200,0.0,0,10000,10.0,25.0,200,500,1,8,1.0,0.8694449067909454,0.7006876664382603,0.0,0.1895851492881775,0.022700244560837746,0,0,132,113,-1,perm_test,0.004975124378109453,0.13755383651474284,252,113,139,0.0,0.3333333333333333,0,0.0,0.0,0.0,0.0,0,none,0,1,0,overconfident,0.95,0,mild_drift,0.9620886793664251,0.0012694317679561177,0.8122077591833673,0.8605813929863513,1768132916.1358643,0.08445489406585693,0.16734707355499268
752,48128,48127,sea_abrupt4,sea,ts_drift_adapt,4,"error_divergence_ph_meta@error.threshold=0.10,error.min_instances=5",error_divergence_ph_meta,"{""divergence"": {""alpha"": 0.1, ""delta"": 0.005, ""min_instances"": 30, ""threshold"": 0.05}, ""error_rate"": {""alpha"": 0.15, ""delta"": 0.005, ""min_instances"": 5, ""threshold"": 0.1}}","{""error_rate"": {""min_instances"": 5, ""threshold"": 0.1}}",0.1,0.005,0.15,5,0.05,0.005,0.1,30,,,,-1,two_stage,2,0.5,"__confirm_cooldown=200,__confirm_rule=perm_test,__perm_alpha=0.01,__perm_delta_k=50,__perm_min_effect=0,__perm_n_perm=200,__perm_post_n=50,__perm_pre_n=200,__perm_rng_seed=0,__perm_stat=delta_fused_score,divergence=0.3,error_rate=0.5,teacher_entropy=0.2",3,0,200,0.0,0,10000,10.0,25.0,200,500,0,0,1.0,0.8695354055851063,0.700870405825396,0.0,0.19183507561683655,0.017904968932271004,0,0,132,113,-1,perm_test,0.004975124378109453,0.13755383651474284,252,113,139,0.0,0.004795275628566742,0,0.0,0.0,0.0,0.0,0,none,0,1,0,overconfident,0.95,0,mild_drift,0.9611943396832126,0.0012847158839780588,0.8061038795916837,0.8577906964931756,1768132916.1469052,0.07879401743412018,0.10769596695899963
753,48192,48191,sea_abrupt4,sea,ts_drift_adapt,4,"error_divergence_ph_meta@error.threshold=0.10,error.min_instances=5",error_divergence_ph_meta,"{""divergence"": {""alpha"": 0.1, ""delta"": 0.005, ""min_instances"": 30, ""threshold"": 0.05}, ""error_rate"": {""alpha"": 0.15, ""delta"": 0.005, ""min_instances"": 5, ""threshold"": 0.1}}","{""error_rate"": {""min_instances"": 5, ""threshold"": 0.1}}",0.1,0.005,0.15,5,0.05,0.005,0.1,30,,,,-1,two_stage,2,0.5,"__confirm_cooldown=200,__confirm_rule=perm_test,__perm_alpha=0.01,__perm_delta_k=50,__perm_min_effect=0,__perm_n_perm=200,__perm_post_n=50,__perm_pre_n=200,__perm_rng_seed=0,__perm_stat=delta_fused_score,divergence=0.3,error_rate=0.5,teacher_entropy=0.2",3,0,200,0.0,0,10000,10.0,25.0,200,500,0,0,1.0,0.8696049136786188,0.7010815790436218,0.16666666666666666,0.15692642331123352,0.017322810366749763,1,1,133,114,0,perm_test,0.004975124378109453,0.08570348767596997,253,114,139,0.16666666666666666,0.16666666666666666,1,0.5,0.0,0.0,0.0,0,none,1,1,0,overconfident,0.95,0,severe_drift,0.9260971698416063,0.0016423579419890294,0.6530519397958419,0.8338953482465878,1768132916.162733,0.2700417935848236,0.1676628589630127
754,48256,48255,sea_abrupt4,sea,ts_drift_adapt,4,"error_divergence_ph_meta@error.threshold=0.10,error.min_instances=5",error_divergence_ph_meta,"{""divergence"": {""alpha"": 0.1, ""delta"": 0.005, ""min_instances"": 30, ""threshold"": 0.05}, ""error_rate"": {""alpha"": 0.15, ""delta"": 0.005, ""min_instances"": 5, ""threshold"": 0.1}}","{""error_rate"": {""min_instances"": 5, ""threshold"": 0.1}}",0.1,0.005,0.15,5,0.05,0.005,0.1,30,,,,-1,two_stage,2,0.5,"__confirm_cooldown=200,__confirm_rule=perm_test,__perm_alpha=0.01,__perm_delta_k=50,__perm_min_effect=0,__perm_n_perm=200,__perm_post_n=50,__perm_pre_n=200,__perm_rng_seed=0,__perm_stat=delta_fused_score,divergence=0.3,error_rate=0.5,teacher_entropy=0.2",3,0,200,0.0,0,10000,10.0,25.0,200,500,1,136,1.0,0.8697156830238727,0.7013236528317279,0.0,0.18971827626228333,0.01017589308321476,0,0,133,114,-1,perm_test,0.004975124378109453,0.08570348767596997,253,114,139,0.0,0.16666666666666666,0,0.0,0.0,0.0,0.0,0,none,0,1,0,overconfident,0.95,0,mild_drift,0.9431985849208031,0.001471178970994515,0.726525969897921,0.8444476741232939,1768132916.1729906,0.00516563979908824,0.10158705711364746
755,48320,48319,sea_abrupt4,sea,ts_drift_adapt,4,"error_divergence_ph_meta@error.threshold=0.10,error.min_instances=5",error_divergence_ph_meta,"{""divergence"": {""alpha"": 0.1, ""delta"": 0.005, ""min_instances"": 30, ""threshold"": 0.05}, ""error_rate"": {""alpha"": 0.15, ""delta"": 0.005, ""min_instances"": 5, ""threshold"": 0.1}}","{""error_rate"": {""min_instances"": 5, ""threshold"": 0.1}}",0.1,0.005,0.15,5,0.05,0.005,0.1,30,,,,-1,two_stage,2,0.5,"__confirm_cooldown=200,__confirm_rule=perm_test,__perm_alpha=0.01,__perm_delta_k=50,__perm_min_effect=0,__perm_n_perm=200,__perm_post_n=50,__perm_pre_n=200,__perm_rng_seed=0,__perm_stat=delta_fused_score,divergence=0.3,error_rate=0.5,teacher_entropy=0.2",3,0,200,0.0,0,10000,10.0,25.0,200,500,1,72,1.0,0.8697847682119205,0.7014907483071157,0.0,0.15080271661281586,0.015590322203934193,0,0,133,114,-1,perm_test,0.004975124378109453,0.08570348767596997,253,114,139,0.0,0.005414429120719433,0,0.0,0.0,0.0,0.0,0,none,0,1,0,overconfident,0.95,0,mild_drift,0.9517492924604015,0.0013855894854972574,0.7632629849489605,0.8497238370616469,1768132916.1831937,0.14983098208904266,0.15905152261257172
756,48384,48383,sea_abrupt4,sea,ts_drift_adapt,4,"error_divergence_ph_meta@error.threshold=0.10,error.min_instances=5",error_divergence_ph_meta,"{""divergence"": {""alpha"": 0.1, ""delta"": 0.005, ""min_instances"": 30, ""threshold"": 0.05}, ""error_rate"": {""alpha"": 0.15, ""delta"": 0.005, ""min_instances"": 5, ""threshold"": 0.1}}","{""error_rate"": {""min_instances"": 5, ""threshold"": 0.1}}",0.1,0.005,0.15,5,0.05,0.005,0.1,30,,,,-1,two_stage,2,0.5,"__confirm_cooldown=200,__confirm_rule=perm_test,__perm_alpha=0.01,__perm_delta_k=50,__perm_min_effect=0,__perm_n_perm=200,__perm_post_n=50,__perm_pre_n=200,__perm_rng_seed=0,__perm_stat=delta_fused_score,divergence=0.3,error_rate=0.5,teacher_entropy=0.2",3,0,200,0.0,0,10000,10.0,25.0,200,500,1,8,1.0,0.8697916666666666,0.7015792330978912,0.16666666666666666,0.1890754997730255,0.02648826315999031,0,0,133,114,-1,perm_test,0.004975124378109453,0.08570348767596997,253,114,139,0.0,0.16666666666666666,0,0.0,0.0,0.0,0.0,0,none,0,1,0,overconfident,0.95,0,mild_drift,0.9560246462302007,0.0013427947427486287,0.7816314924744803,0.8523619185308234,1768132916.1934195,0.5138745903968811,0.21498186886310577
757,48448,48447,sea_abrupt4,sea,ts_drift_adapt,4,"error_divergence_ph_meta@error.threshold=0.10,error.min_instances=5",error_divergence_ph_meta,"{""divergence"": {""alpha"": 0.1, ""delta"": 0.005, ""min_instances"": 30, ""threshold"": 0.05}, ""error_rate"": {""alpha"": 0.15, ""delta"": 0.005, ""min_instances"": 5, ""threshold"": 0.1}}","{""error_rate"": {""min_instances"": 5, ""threshold"": 0.1}}",0.1,0.005,0.15,5,0.05,0.005,0.1,30,,,,-1,two_stage,2,0.5,"__confirm_cooldown=200,__confirm_rule=perm_test,__perm_alpha=0.01,__perm_delta_k=50,__perm_min_effect=0,__perm_n_perm=200,__perm_post_n=50,__perm_pre_n=200,__perm_rng_seed=0,__perm_stat=delta_fused_score,divergence=0.3,error_rate=0.5,teacher_entropy=0.2",3,0,200,0.0,0,10000,10.0,25.0,200,500,0,0,1.0,0.8698604689564069,0.7017641927528594,0.16666666666666666,0.16299301385879517,0.010050333105027676,0,0,133,114,-1,perm_test,0.004975124378109453,0.08570348767596997,253,114,139,0.0,0.016437930054962635,0,0.0,0.0,0.0,0.0,0,none,0,1,0,overconfident,0.95,0,mild_drift,0.9581623231151003,0.0013213973713743143,0.7908157462372402,0.8536809592654118,1768132916.2038019,0.24473917484283447,0.09428802132606506
758,48512,48511,sea_abrupt4,sea,ts_drift_adapt,4,"error_divergence_ph_meta@error.threshold=0.10,error.min_instances=5",error_divergence_ph_meta,"{""divergence"": {""alpha"": 0.1, ""delta"": 0.005, ""min_instances"": 30, ""threshold"": 0.05}, ""error_rate"": {""alpha"": 0.15, ""delta"": 0.005, ""min_instances"": 5, ""threshold"": 0.1}}","{""error_rate"": {""min_instances"": 5, ""threshold"": 0.1}}",0.1,0.005,0.15,5,0.05,0.005,0.1,30,,,,-1,two_stage,2,0.5,"__confirm_cooldown=200,__confirm_rule=perm_test,__perm_alpha=0.01,__perm_delta_k=50,__perm_min_effect=0,__perm_n_perm=200,__perm_post_n=50,__perm_pre_n=200,__perm_rng_seed=0,__perm_stat=delta_fused_score,divergence=0.3,error_rate=0.5,teacher_entropy=0.2",3,0,200,0.0,0,10000,10.0,25.0,200,500,0,0,1.0,0.8699909300791556,0.7020572615051537,0.0,0.14312796294689178,0.009174884296953678,0,1,134,114,-1,perm_test,1.0,-0.0991847196297672,254,114,140,0.16666666666666666,0.16666666666666666,1,0.5,0.0,0.0,0.0,0,none,0,1,0,overconfident,0.95,0,mild_drift,0.9592311615575502,0.0013106986856871571,0.79540787311862,0.8543404796327059,1768132916.2148025,0.046812769025564194,0.07984091341495514
759,48576,48575,sea_abrupt4,sea,ts_drift_adapt,4,"error_divergence_ph_meta@error.threshold=0.10,error.min_instances=5",error_divergence_ph_meta,"{""divergence"": {""alpha"": 0.1, ""delta"": 0.005, ""min_instances"": 30, ""threshold"": 0.05}, ""error_rate"": {""alpha"": 0.15, ""delta"": 0.005, ""min_instances"": 5, ""threshold"": 0.1}}","{""error_rate"": {""min_instances"": 5, ""threshold"": 0.1}}",0.1,0.005,0.15,5,0.05,0.005,0.1,30,,,,-1,two_stage,2,0.5,"__confirm_cooldown=200,__confirm_rule=perm_test,__perm_alpha=0.01,__perm_delta_k=50,__perm_min_effect=0,__perm_n_perm=200,__perm_post_n=50,__perm_pre_n=200,__perm_rng_seed=0,__perm_stat=delta_fused_score,divergence=0.3,error_rate=0.5,teacher_entropy=0.2",3,0,200,0.0,0,10000,10.0,25.0,200,500,0,0,1.0,0.8701210474308301,0.7023394022767113,0.0,0.14695218205451965,0.009218830615282059,0,0,134,114,-1,perm_test,0.2537313432835821,0.0027024907672533807,255,114,141,0.0,4.3946318328380585e-05,0,0.0,0.0,0.0,0.0,0,none,0,1,0,overconfident,0.95,0,mild_drift,0.959765580778775,0.0013053493428435785,0.79770393655931,0.8546702398163529,1768132916.2310991,0.03647219017148018,0.08764541149139404
760,48640,48639,sea_abrupt4,sea,ts_drift_adapt,4,"error_divergence_ph_meta@error.threshold=0.10,error.min_instances=5",error_divergence_ph_meta,"{""divergence"": {""alpha"": 0.1, ""delta"": 0.005, ""min_instances"": 30, ""threshold"": 0.05}, ""error_rate"": {""alpha"": 0.15, ""delta"": 0.005, ""min_instances"": 5, ""threshold"": 0.1}}","{""error_rate"": {""min_instances"": 5, ""threshold"": 0.1}}",0.1,0.005,0.15,5,0.05,0.005,0.1,30,,,,-1,two_stage,2,0.5,"__confirm_cooldown=200,__confirm_rule=perm_test,__perm_alpha=0.01,__perm_delta_k=50,__perm_min_effect=0,__perm_n_perm=200,__perm_post_n=50,__perm_pre_n=200,__perm_rng_seed=0,__perm_stat=delta_fused_score,divergence=0.3,error_rate=0.5,teacher_entropy=0.2",3,0,200,0.0,0,10000,10.0,25.0,200,500,0,0,1.0,0.8701685855263158,0.7024425003545466,0.16666666666666666,0.1844196766614914,0.016399666666984558,1,0,134,115,2,perm_test,0.004975124378109453,0.021556282217763362,256,115,141,0.0,0.16666666666666666,0,0.0,0.0,0.0,0.0,0,none,1,1,0,overconfident,0.95,0,stable,0.9748827903893875,0.0010526746714217892,0.898851968279655,0.8998351199081764,1768132916.2473252,0.24927334487438202,0.1283525675535202
761,48704,48703,sea_abrupt4,sea,ts_drift_adapt,4,"error_divergence_ph_meta@error.threshold=0.10,error.min_instances=5",error_divergence_ph_meta,"{""divergence"": {""alpha"": 0.1, ""delta"": 0.005, ""min_instances"": 30, ""threshold"": 0.05}, ""error_rate"": {""alpha"": 0.15, ""delta"": 0.005, ""min_instances"": 5, ""threshold"": 0.1}}","{""error_rate"": {""min_instances"": 5, ""threshold"": 0.1}}",0.1,0.005,0.15,5,0.05,0.005,0.1,30,,,,-1,two_stage,2,0.5,"__confirm_cooldown=200,__confirm_rule=perm_test,__perm_alpha=0.01,__perm_delta_k=50,__perm_min_effect=0,__perm_n_perm=200,__perm_post_n=50,__perm_pre_n=200,__perm_rng_seed=0,__perm_stat=delta_fused_score,divergence=0.3,error_rate=0.5,teacher_entropy=0.2",3,0,200,0.0,0,10000,10.0,25.0,200,500,1,136,1.0,0.8702981274638634,0.7027014560038053,0.0,0.13895493745803833,0.005728804040700197,0,0,134,115,-1,perm_test,0.004975124378109453,0.021556282217763362,256,115,141,0.0,0.16666666666666666,0,0.0,0.0,0.0,0.0,0,none,0,1,0,overconfident,0.95,0,mild_drift,0.9675913951946937,0.0011763373357108948,0.8494259841398275,0.8774175599540882,1768132916.2577896,0.10391170531511307,0.03674989193677902
762,48768,48767,sea_abrupt4,sea,ts_drift_adapt,4,"error_divergence_ph_meta@error.threshold=0.10,error.min_instances=5",error_divergence_ph_meta,"{""divergence"": {""alpha"": 0.1, ""delta"": 0.005, ""min_instances"": 30, ""threshold"": 0.05}, ""error_rate"": {""alpha"": 0.15, ""delta"": 0.005, ""min_instances"": 5, ""threshold"": 0.1}}","{""error_rate"": {""min_instances"": 5, ""threshold"": 0.1}}",0.1,0.005,0.15,5,0.05,0.005,0.1,30,,,,-1,two_stage,2,0.5,"__confirm_cooldown=200,__confirm_rule=perm_test,__perm_alpha=0.01,__perm_delta_k=50,__perm_min_effect=0,__perm_n_perm=200,__perm_post_n=50,__perm_pre_n=200,__perm_rng_seed=0,__perm_stat=delta_fused_score,divergence=0.3,error_rate=0.5,teacher_entropy=0.2",3,0,200,0.0,0,10000,10.0,25.0,200,500,1,72,1.0,0.8703863188976378,0.702919771440879,0.0,0.14141346514225006,0.012154821306467056,0,0,134,115,-1,perm_test,0.004975124378109453,0.021556282217763362,256,115,141,0.0,0.006426017265766859,0,0.0,0.0,0.0,0.0,0,none,0,1,0,overconfident,0.95,0,mild_drift,0.9639456975973468,0.0012381686678554476,0.8247129920699138,0.8662087799770442,1768132916.2681158,0.01596595160663128,0.08007793128490448
763,48832,48831,sea_abrupt4,sea,ts_drift_adapt,4,"error_divergence_ph_meta@error.threshold=0.10,error.min_instances=5",error_divergence_ph_meta,"{""divergence"": {""alpha"": 0.1, ""delta"": 0.005, ""min_instances"": 30, ""threshold"": 0.05}, ""error_rate"": {""alpha"": 0.15, ""delta"": 0.005, ""min_instances"": 5, ""threshold"": 0.1}}","{""error_rate"": {""min_instances"": 5, ""threshold"": 0.1}}",0.1,0.005,0.15,5,0.05,0.005,0.1,30,,,,-1,two_stage,2,0.5,"__confirm_cooldown=200,__confirm_rule=perm_test,__perm_alpha=0.01,__perm_delta_k=50,__perm_min_effect=0,__perm_n_perm=200,__perm_post_n=50,__perm_pre_n=200,__perm_rng_seed=0,__perm_stat=delta_fused_score,divergence=0.3,error_rate=0.5,teacher_entropy=0.2",3,0,200,0.0,0,10000,10.0,25.0,200,500,1,8,1.0,0.8704742791612058,0.7030347958135197,0.0,0.16915050148963928,0.026622695848345757,0,1,134,115,-1,perm_test,0.004975124378109453,0.021556282217763362,256,115,141,0.0,0.0144678745418787,1,0.5,0.0,0.0,0.0,0,none,0,1,0,overconfident,0.95,0,mild_drift,0.9621228487986734,0.0012690843339277238,0.812356496034957,0.8606043899885221,1768132916.2786198,0.14070121943950653,0.2280409038066864
764,48896,48895,sea_abrupt4,sea,ts_drift_adapt,4,"error_divergence_ph_meta@error.threshold=0.10,error.min_instances=5",error_divergence_ph_meta,"{""divergence"": {""alpha"": 0.1, ""delta"": 0.005, ""min_instances"": 30, ""threshold"": 0.05}, ""error_rate"": {""alpha"": 0.15, ""delta"": 0.005, ""min_instances"": 5, ""threshold"": 0.1}}","{""error_rate"": {""min_instances"": 5, ""threshold"": 0.1}}",0.1,0.005,0.15,5,0.05,0.005,0.1,30,,,,-1,two_stage,2,0.5,"__confirm_cooldown=200,__confirm_rule=perm_test,__perm_alpha=0.01,__perm_delta_k=50,__perm_min_effect=0,__perm_n_perm=200,__perm_post_n=50,__perm_pre_n=200,__perm_rng_seed=0,__perm_stat=delta_fused_score,divergence=0.3,error_rate=0.5,teacher_entropy=0.2",3,0,200,0.0,0,10000,10.0,25.0,200,500,0,0,1.0,0.8706029123036649,0.703283699860737,0.16666666666666666,0.1263342946767807,0.0175007414072752,0,0,134,115,-1,perm_test,0.004975124378109453,0.021556282217763362,256,115,141,0.0,0.16666666666666666,0,0.0,0.0,0.0,0.0,0,none,0,1,0,overconfident,0.95,0,mild_drift,0.9612114243993366,0.001284542166963862,0.8061782480174785,0.857802194994261,1768132916.2891788,0.4151827394962311,0.125738263130188
765,48960,48959,sea_abrupt4,sea,ts_drift_adapt,4,"error_divergence_ph_meta@error.threshold=0.10,error.min_instances=5",error_divergence_ph_meta,"{""divergence"": {""alpha"": 0.1, ""delta"": 0.005, ""min_instances"": 30, ""threshold"": 0.05}, ""error_rate"": {""alpha"": 0.15, ""delta"": 0.005, ""min_instances"": 5, ""threshold"": 0.1}}","{""error_rate"": {""min_instances"": 5, ""threshold"": 0.1}}",0.1,0.005,0.15,5,0.05,0.005,0.1,30,,,,-1,two_stage,2,0.5,"__confirm_cooldown=200,__confirm_rule=perm_test,__perm_alpha=0.01,__perm_delta_k=50,__perm_min_effect=0,__perm_n_perm=200,__perm_post_n=50,__perm_pre_n=200,__perm_rng_seed=0,__perm_stat=delta_fused_score,divergence=0.3,error_rate=0.5,teacher_entropy=0.2",3,0,200,0.0,0,10000,10.0,25.0,200,500,0,0,1.0,0.8706699346405229,0.7034175291690173,0.0,0.18500877916812897,0.017144618555903435,0,0,134,115,-1,perm_test,0.004975124378109453,0.021556282217763362,256,115,141,0.0,0.16666666666666666,0,0.0,0.0,0.0,0.0,0,none,0,1,0,overconfident,0.95,0,mild_drift,0.9607557121996683,0.0012922710834819312,0.8030891240087392,0.8564010974971306,1768132916.2998626,0.1160908043384552,0.1408672034740448
766,49024,49023,sea_abrupt4,sea,ts_drift_adapt,4,"error_divergence_ph_meta@error.threshold=0.10,error.min_instances=5",error_divergence_ph_meta,"{""divergence"": {""alpha"": 0.1, ""delta"": 0.005, ""min_instances"": 30, ""threshold"": 0.05}, ""error_rate"": {""alpha"": 0.15, ""delta"": 0.005, ""min_instances"": 5, ""threshold"": 0.1}}","{""error_rate"": {""min_instances"": 5, ""threshold"": 0.1}}",0.1,0.005,0.15,5,0.05,0.005,0.1,30,,,,-1,two_stage,2,0.5,"__confirm_cooldown=200,__confirm_rule=perm_test,__perm_alpha=0.01,__perm_delta_k=50,__perm_min_effect=0,__perm_n_perm=200,__perm_post_n=50,__perm_pre_n=200,__perm_rng_seed=0,__perm_stat=delta_fused_score,divergence=0.3,error_rate=0.5,teacher_entropy=0.2",3,0,200,0.0,0,10000,10.0,25.0,200,500,0,0,1.0,0.8706959856396866,0.7034608472284289,0.0,0.13092653453350067,0.012674696743488312,0,0,134,115,-1,perm_test,0.004975124378109453,0.021556282217763362,256,115,141,0.0,0.004469921812415123,0,0.0,0.0,0.0,0.0,0,none,0,1,0,overconfident,0.95,0,mild_drift,0.960527856099834,0.0012961355417409658,0.8015445620043696,0.8557005487485653,1768132916.3119729,0.008694111369550228,0.11105161905288696
767,49088,49087,sea_abrupt4,sea,ts_drift_adapt,4,"error_divergence_ph_meta@error.threshold=0.10,error.min_instances=5",error_divergence_ph_meta,"{""divergence"": {""alpha"": 0.1, ""delta"": 0.005, ""min_instances"": 30, ""threshold"": 0.05}, ""error_rate"": {""alpha"": 0.15, ""delta"": 0.005, ""min_instances"": 5, ""threshold"": 0.1}}","{""error_rate"": {""min_instances"": 5, ""threshold"": 0.1}}",0.1,0.005,0.15,5,0.05,0.005,0.1,30,,,,-1,two_stage,2,0.5,"__confirm_cooldown=200,__confirm_rule=perm_test,__perm_alpha=0.01,__perm_delta_k=50,__perm_min_effect=0,__perm_n_perm=200,__perm_post_n=50,__perm_pre_n=200,__perm_rng_seed=0,__perm_stat=delta_fused_score,divergence=0.3,error_rate=0.5,teacher_entropy=0.2",3,0,200,0.0,0,10000,10.0,25.0,200,500,0,0,1.0,0.8708238265971316,0.7037367726815384,0.0,0.15492090582847595,0.010954000055789948,0,0,134,115,-1,perm_test,0.004975124378109453,0.021556282217763362,256,115,141,0.0,0.0017206966876983643,0,0.0,0.0,0.0,0.0,0,none,0,1,0,overconfident,0.95,0,mild_drift,0.960413928049917,0.0012980677708704829,0.8007722810021849,0.8553502743742827,1768132916.3250885,0.17011533677577972,0.09100320935249329
768,49152,49151,sea_abrupt4,sea,ts_drift_adapt,4,"error_divergence_ph_meta@error.threshold=0.10,error.min_instances=5",error_divergence_ph_meta,"{""divergence"": {""alpha"": 0.1, ""delta"": 0.005, ""min_instances"": 30, ""threshold"": 0.05}, ""error_rate"": {""alpha"": 0.15, ""delta"": 0.005, ""min_instances"": 5, ""threshold"": 0.1}}","{""error_rate"": {""min_instances"": 5, ""threshold"": 0.1}}",0.1,0.005,0.15,5,0.05,0.005,0.1,30,,,,-1,two_stage,2,0.5,"__confirm_cooldown=200,__confirm_rule=perm_test,__perm_alpha=0.01,__perm_delta_k=50,__perm_min_effect=0,__perm_n_perm=200,__perm_post_n=50,__perm_pre_n=200,__perm_rng_seed=0,__perm_stat=delta_fused_score,divergence=0.3,error_rate=0.5,teacher_entropy=0.2",3,0,200,0.0,0,10000,10.0,25.0,200,500,0,0,1.0,0.8709716796875,0.7041046083221217,0.0,0.12567877769470215,0.009983954951167107,0,0,134,115,-1,perm_test,0.004975124378109453,0.021556282217763362,256,115,141,0.0,0.0009700451046228409,0,0.0,0.0,0.0,0.0,0,none,0,1,0,overconfident,0.95,0,mild_drift,0.9603569640249585,0.0012990338854352414,0.8003861405010925,0.8551751371871413,1768132916.3383582,0.024741580709815025,0.08394072204828262
769,49216,49215,sea_abrupt4,sea,ts_drift_adapt,4,"error_divergence_ph_meta@error.threshold=0.10,error.min_instances=5",error_divergence_ph_meta,"{""divergence"": {""alpha"": 0.1, ""delta"": 0.005, ""min_instances"": 30, ""threshold"": 0.05}, ""error_rate"": {""alpha"": 0.15, ""delta"": 0.005, ""min_instances"": 5, ""threshold"": 0.1}}","{""error_rate"": {""min_instances"": 5, ""threshold"": 0.1}}",0.1,0.005,0.15,5,0.05,0.005,0.1,30,,,,-1,two_stage,2,0.5,"__confirm_cooldown=200,__confirm_rule=perm_test,__perm_alpha=0.01,__perm_delta_k=50,__perm_min_effect=0,__perm_n_perm=200,__perm_post_n=50,__perm_pre_n=200,__perm_rng_seed=0,__perm_stat=delta_fused_score,divergence=0.3,error_rate=0.5,teacher_entropy=0.2",3,0,200,0.0,0,10000,10.0,25.0,200,500,0,0,1.0,0.8710581924577373,0.7042791745266186,0.0,0.14207664132118225,0.006284418515861034,0,0,134,115,-1,perm_test,0.004975124378109453,0.021556282217763362,256,115,141,0.0,0.0036995364353060722,0,0.0,0.0,0.0,0.0,0,none,0,1,0,overconfident,0.95,0,mild_drift,0.9603284820124792,0.0012995169427176207,0.8001930702505462,0.8550875685935706,1768132916.351181,0.07550682872533798,0.0604553297162056
770,49280,49279,sea_abrupt4,sea,ts_drift_adapt,4,"error_divergence_ph_meta@error.threshold=0.10,error.min_instances=5",error_divergence_ph_meta,"{""divergence"": {""alpha"": 0.1, ""delta"": 0.005, ""min_instances"": 30, ""threshold"": 0.05}, ""error_rate"": {""alpha"": 0.15, ""delta"": 0.005, ""min_instances"": 5, ""threshold"": 0.1}}","{""error_rate"": {""min_instances"": 5, ""threshold"": 0.1}}",0.1,0.005,0.15,5,0.05,0.005,0.1,30,,,,-1,two_stage,2,0.5,"__confirm_cooldown=200,__confirm_rule=perm_test,__perm_alpha=0.01,__perm_delta_k=50,__perm_min_effect=0,__perm_n_perm=200,__perm_post_n=50,__perm_pre_n=200,__perm_rng_seed=0,__perm_stat=delta_fused_score,divergence=0.3,error_rate=0.5,teacher_entropy=0.2",3,0,200,0.0,0,10000,10.0,25.0,200,500,0,0,1.0,0.8711444805194806,0.7044699263622709,0.16666666666666666,0.1435181051492691,0.011310643516480923,1,1,135,116,0,perm_test,0.004975124378109453,0.0693496706594054,257,116,141,0.16666666666666666,0.16666666666666666,1,0.5,0.0,0.0,0.0,0,none,1,1,0,overconfident,0.95,0,severe_drift,0.9256642410062397,0.0016497584713588104,0.6500965351252731,0.8325437842967853,1768132916.3673487,0.2562638819217682,0.10056848078966141
771,49344,49343,sea_abrupt4,sea,ts_drift_adapt,4,"error_divergence_ph_meta@error.threshold=0.10,error.min_instances=5",error_divergence_ph_meta,"{""divergence"": {""alpha"": 0.1, ""delta"": 0.005, ""min_instances"": 30, ""threshold"": 0.05}, ""error_rate"": {""alpha"": 0.15, ""delta"": 0.005, ""min_instances"": 5, ""threshold"": 0.1}}","{""error_rate"": {""min_instances"": 5, ""threshold"": 0.1}}",0.1,0.005,0.15,5,0.05,0.005,0.1,30,,,,-1,two_stage,2,0.5,"__confirm_cooldown=200,__confirm_rule=perm_test,__perm_alpha=0.01,__perm_delta_k=50,__perm_min_effect=0,__perm_n_perm=200,__perm_post_n=50,__perm_pre_n=200,__perm_rng_seed=0,__perm_stat=delta_fused_score,divergence=0.3,error_rate=0.5,teacher_entropy=0.2",3,0,200,0.0,0,10000,10.0,25.0,200,500,1,136,1.0,0.8711900129701686,0.7045572677241823,0.0,0.18798011541366577,0.02568814344704151,0,0,135,116,-1,perm_test,0.004975124378109453,0.0693496706594054,257,116,141,0.0,0.16666666666666666,0,0.0,0.0,0.0,0.0,0,none,0,1,0,overconfident,0.95,0,mild_drift,0.9429821205031198,0.0014748792356794054,0.7250482675626366,0.8437718921483927,1768132916.3779287,0.006659979000687599,0.237726092338562
772,49408,49407,sea_abrupt4,sea,ts_drift_adapt,4,"error_divergence_ph_meta@error.threshold=0.10,error.min_instances=5",error_divergence_ph_meta,"{""divergence"": {""alpha"": 0.1, ""delta"": 0.005, ""min_instances"": 30, ""threshold"": 0.05}, ""error_rate"": {""alpha"": 0.15, ""delta"": 0.005, ""min_instances"": 5, ""threshold"": 0.1}}","{""error_rate"": {""min_instances"": 5, ""threshold"": 0.1}}",0.1,0.005,0.15,5,0.05,0.005,0.1,30,,,,-1,two_stage,2,0.5,"__confirm_cooldown=200,__confirm_rule=perm_test,__perm_alpha=0.01,__perm_delta_k=50,__perm_min_effect=0,__perm_n_perm=200,__perm_post_n=50,__perm_pre_n=200,__perm_rng_seed=0,__perm_stat=delta_fused_score,divergence=0.3,error_rate=0.5,teacher_entropy=0.2",3,0,200,0.0,0,10000,10.0,25.0,200,500,1,72,1.0,0.8712759067357513,0.7048201239363864,0.0,0.13487225770950317,0.009679434821009636,0,0,135,116,-1,perm_test,0.004975124378109453,0.0693496706594054,257,116,141,0.0,0.016008708626031876,0,0.0,0.0,0.0,0.0,0,none,0,1,0,overconfident,0.95,0,mild_drift,0.9516410602515599,0.0013874396178397029,0.7625241337813183,0.8493859460741964,1768132916.3881314,0.15267814695835114,0.07808724045753479
773,49472,49471,sea_abrupt4,sea,ts_drift_adapt,4,"error_divergence_ph_meta@error.threshold=0.10,error.min_instances=5",error_divergence_ph_meta,"{""divergence"": {""alpha"": 0.1, ""delta"": 0.005, ""min_instances"": 30, ""threshold"": 0.05}, ""error_rate"": {""alpha"": 0.15, ""delta"": 0.005, ""min_instances"": 5, ""threshold"": 0.1}}","{""error_rate"": {""min_instances"": 5, ""threshold"": 0.1}}",0.1,0.005,0.15,5,0.05,0.005,0.1,30,,,,-1,two_stage,2,0.5,"__confirm_cooldown=200,__confirm_rule=perm_test,__perm_alpha=0.01,__perm_delta_k=50,__perm_min_effect=0,__perm_n_perm=200,__perm_post_n=50,__perm_pre_n=200,__perm_rng_seed=0,__perm_stat=delta_fused_score,divergence=0.3,error_rate=0.5,teacher_entropy=0.2",3,0,200,0.0,0,10000,10.0,25.0,200,500,1,8,1.0,0.8713817917205692,0.7051094702661838,0.0,0.21204647421836853,0.012529557570815086,0,0,135,116,-1,perm_test,0.004975124378109453,0.0693496706594054,257,116,141,0.0,0.0028501227498054504,0,0.0,0.0,0.0,0.0,0,none,0,1,0,overconfident,0.95,0,mild_drift,0.9559705301257799,0.0013437198089198514,0.7812620668906591,0.8521929730370982,1768132916.3987763,0.004298542160540819,0.12112124264240265
774,49536,49535,sea_abrupt4,sea,ts_drift_adapt,4,"error_divergence_ph_meta@error.threshold=0.10,error.min_instances=5",error_divergence_ph_meta,"{""divergence"": {""alpha"": 0.1, ""delta"": 0.005, ""min_instances"": 30, ""threshold"": 0.05}, ""error_rate"": {""alpha"": 0.15, ""delta"": 0.005, ""min_instances"": 5, ""threshold"": 0.1}}","{""error_rate"": {""min_instances"": 5, ""threshold"": 0.1}}",0.1,0.005,0.15,5,0.05,0.005,0.1,30,,,,-1,two_stage,2,0.5,"__confirm_cooldown=200,__confirm_rule=perm_test,__perm_alpha=0.01,__perm_delta_k=50,__perm_min_effect=0,__perm_n_perm=200,__perm_post_n=50,__perm_pre_n=200,__perm_rng_seed=0,__perm_stat=delta_fused_score,divergence=0.3,error_rate=0.5,teacher_entropy=0.2",3,0,200,0.0,0,10000,10.0,25.0,200,500,0,0,1.0,0.8714672157622739,0.7052915635986051,0.3333333333333333,0.19069506227970123,0.014336186461150646,0,0,135,116,-1,perm_test,0.004975124378109453,0.0693496706594054,257,116,141,0.0,0.3333333333333333,0,0.0,0.0,0.0,0.0,0,none,0,1,0,overconfident,0.95,0,mild_drift,0.9581352650628899,0.0013218599044599257,0.7906310334453296,0.853596486518549,1768132916.4095123,0.6460527777671814,0.11507169902324677
775,49600,49599,sea_abrupt4,sea,ts_drift_adapt,4,"error_divergence_ph_meta@error.threshold=0.10,error.min_instances=5",error_divergence_ph_meta,"{""divergence"": {""alpha"": 0.1, ""delta"": 0.005, ""min_instances"": 30, ""threshold"": 0.05}, ""error_rate"": {""alpha"": 0.15, ""delta"": 0.005, ""min_instances"": 5, ""threshold"": 0.1}}","{""error_rate"": {""min_instances"": 5, ""threshold"": 0.1}}",0.1,0.005,0.15,5,0.05,0.005,0.1,30,,,,-1,two_stage,2,0.5,"__confirm_cooldown=200,__confirm_rule=perm_test,__perm_alpha=0.01,__perm_delta_k=50,__perm_min_effect=0,__perm_n_perm=200,__perm_post_n=50,__perm_pre_n=200,__perm_rng_seed=0,__perm_stat=delta_fused_score,divergence=0.3,error_rate=0.5,teacher_entropy=0.2",3,0,200,0.0,0,10000,10.0,25.0,200,500,0,0,1.0,0.8715524193548387,0.7054320435053342,0.16666666666666666,0.1258038878440857,0.006352959666401148,0,1,136,116,-1,perm_test,1.0,-0.0890758108575879,258,116,142,0.0,0.16666666666666666,1,0.5,0.0,0.0,0.0,0,none,0,1,0,overconfident,0.95,0,mild_drift,0.959217632531445,0.001310929952229963,0.7953155167226649,0.8542982432592745,1768132916.4205556,0.37695324420928955,0.06995651125907898
776,49664,49663,sea_abrupt4,sea,ts_drift_adapt,4,"error_divergence_ph_meta@error.threshold=0.10,error.min_instances=5",error_divergence_ph_meta,"{""divergence"": {""alpha"": 0.1, ""delta"": 0.005, ""min_instances"": 30, ""threshold"": 0.05}, ""error_rate"": {""alpha"": 0.15, ""delta"": 0.005, ""min_instances"": 5, ""threshold"": 0.1}}","{""error_rate"": {""min_instances"": 5, ""threshold"": 0.1}}",0.1,0.005,0.15,5,0.05,0.005,0.1,30,,,,-1,two_stage,2,0.5,"__confirm_cooldown=200,__confirm_rule=perm_test,__perm_alpha=0.01,__perm_delta_k=50,__perm_min_effect=0,__perm_n_perm=200,__perm_post_n=50,__perm_pre_n=200,__perm_rng_seed=0,__perm_stat=delta_fused_score,divergence=0.3,error_rate=0.5,teacher_entropy=0.2",3,0,200,0.0,0,10000,10.0,25.0,200,500,0,0,1.0,0.8716374033505154,0.7056593001490572,0.0,0.13543349504470825,0.013054399751126766,0,0,136,116,-1,perm_test,1.0,-0.06457364119411246,259,116,143,0.0,0.16666666666666666,0,0.0,0.0,0.0,0.0,0,none,0,1,0,overconfident,0.95,0,mild_drift,0.9597588162657225,0.0013054649761149815,0.7976577583613325,0.8546491216296372,1768132916.43159,0.06711673736572266,0.11052186787128448
777,49728,49727,sea_abrupt4,sea,ts_drift_adapt,4,"error_divergence_ph_meta@error.threshold=0.10,error.min_instances=5",error_divergence_ph_meta,"{""divergence"": {""alpha"": 0.1, ""delta"": 0.005, ""min_instances"": 30, ""threshold"": 0.05}, ""error_rate"": {""alpha"": 0.15, ""delta"": 0.005, ""min_instances"": 5, ""threshold"": 0.1}}","{""error_rate"": {""min_instances"": 5, ""threshold"": 0.1}}",0.1,0.005,0.15,5,0.05,0.005,0.1,30,,,,-1,two_stage,2,0.5,"__confirm_cooldown=200,__confirm_rule=perm_test,__perm_alpha=0.01,__perm_delta_k=50,__perm_min_effect=0,__perm_n_perm=200,__perm_post_n=50,__perm_pre_n=200,__perm_rng_seed=0,__perm_stat=delta_fused_score,divergence=0.3,error_rate=0.5,teacher_entropy=0.2",3,0,200,0.0,0,10000,10.0,25.0,200,500,0,0,1.0,0.8717824967824968,0.705979182088625,0.0,0.15755049884319305,0.011443521827459335,0,0,136,116,-1,perm_test,1.0,-0.013756322341616454,260,116,144,0.0,0.0016108779236674309,0,0.0,0.0,0.0,0.0,0,none,0,1,0,overconfident,0.95,0,mild_drift,0.9600294081328612,0.0013027324880574907,0.7988288791806663,0.8548245608148186,1768132916.4427881,0.08721206337213516,0.09696250408887863
778,49792,49791,sea_abrupt4,sea,ts_drift_adapt,4,"error_divergence_ph_meta@error.threshold=0.10,error.min_instances=5",error_divergence_ph_meta,"{""divergence"": {""alpha"": 0.1, ""delta"": 0.005, ""min_instances"": 30, ""threshold"": 0.05}, ""error_rate"": {""alpha"": 0.15, ""delta"": 0.005, ""min_instances"": 5, ""threshold"": 0.1}}","{""error_rate"": {""min_instances"": 5, ""threshold"": 0.1}}",0.1,0.005,0.15,5,0.05,0.005,0.1,30,,,,-1,two_stage,2,0.5,"__confirm_cooldown=200,__confirm_rule=perm_test,__perm_alpha=0.01,__perm_delta_k=50,__perm_min_effect=0,__perm_n_perm=200,__perm_post_n=50,__perm_pre_n=200,__perm_rng_seed=0,__perm_stat=delta_fused_score,divergence=0.3,error_rate=0.5,teacher_entropy=0.2",3,0,200,0.0,0,10000,10.0,25.0,200,500,0,0,1.0,0.8718870501285347,0.7062241544208813,0.0,0.20568212866783142,0.020198708400130272,0,0,136,116,-1,perm_test,1.0,-0.011176827061309565,261,116,145,0.0,0.008755186572670937,0,0.0,0.0,0.0,0.0,0,none,0,1,0,overconfident,0.95,0,mild_drift,0.9601647040664305,0.0013013662440287455,0.7994144395903331,0.8549122804074093,1768132916.454428,0.01093014795333147,0.22128430008888245
779,49856,49855,sea_abrupt4,sea,ts_drift_adapt,4,"error_divergence_ph_meta@error.threshold=0.10,error.min_instances=5",error_divergence_ph_meta,"{""divergence"": {""alpha"": 0.1, ""delta"": 0.005, ""min_instances"": 30, ""threshold"": 0.05}, ""error_rate"": {""alpha"": 0.15, ""delta"": 0.005, ""min_instances"": 5, ""threshold"": 0.1}}","{""error_rate"": {""min_instances"": 5, ""threshold"": 0.1}}",0.1,0.005,0.15,5,0.05,0.005,0.1,30,,,,-1,two_stage,2,0.5,"__confirm_cooldown=200,__confirm_rule=perm_test,__perm_alpha=0.01,__perm_delta_k=50,__perm_min_effect=0,__perm_n_perm=200,__perm_post_n=50,__perm_pre_n=200,__perm_rng_seed=0,__perm_stat=delta_fused_score,divergence=0.3,error_rate=0.5,teacher_entropy=0.2",3,0,200,0.0,0,10000,10.0,25.0,200,500,0,0,1.0,0.8720113928112966,0.7065316105478479,0.0,0.124945268034935,0.010401928797364235,0,0,136,116,-1,perm_test,1.0,-0.011176827061309565,261,116,145,0.0,0.009796779602766037,0,0.0,0.0,0.0,0.0,0,none,0,1,0,overconfident,0.95,0,mild_drift,0.9602323520332152,0.001300683122014373,0.7997072197951666,0.8549561402037047,1768132916.4658582,0.0873672142624855,0.07983219623565674
780,49920,49919,sea_abrupt4,sea,ts_drift_adapt,4,"error_divergence_ph_meta@error.threshold=0.10,error.min_instances=5",error_divergence_ph_meta,"{""divergence"": {""alpha"": 0.1, ""delta"": 0.005, ""min_instances"": 30, ""threshold"": 0.05}, ""error_rate"": {""alpha"": 0.15, ""delta"": 0.005, ""min_instances"": 5, ""threshold"": 0.1}}","{""error_rate"": {""min_instances"": 5, ""threshold"": 0.1}}",0.1,0.005,0.15,5,0.05,0.005,0.1,30,,,,-1,two_stage,2,0.5,"__confirm_cooldown=200,__confirm_rule=perm_test,__perm_alpha=0.01,__perm_delta_k=50,__perm_min_effect=0,__perm_n_perm=200,__perm_post_n=50,__perm_pre_n=200,__perm_rng_seed=0,__perm_stat=delta_fused_score,divergence=0.3,error_rate=0.5,teacher_entropy=0.2",3,0,200,0.0,0,10000,10.0,25.0,200,500,0,0,1.0,0.8720753205128206,0.7067126551521156,0.16666666666666666,0.20049238204956055,0.018529221415519714,1,1,137,117,0,perm_test,0.004975124378109453,0.08286949258957026,262,117,145,0.0,0.16666666666666666,1,0.5,0.0,0.0,0.0,0,none,1,1,0,overconfident,0.95,0,stable,0.9751161760166076,0.0010503415610071864,0.8998536098975833,0.8999780701018524,1768132916.4833262,0.322141170501709,0.1553548127412796
781,49984,49983,sea_abrupt4,sea,ts_drift_adapt,4,"error_divergence_ph_meta@error.threshold=0.10,error.min_instances=5",error_divergence_ph_meta,"{""divergence"": {""alpha"": 0.1, ""delta"": 0.005, ""min_instances"": 30, ""threshold"": 0.05}, ""error_rate"": {""alpha"": 0.15, ""delta"": 0.005, ""min_instances"": 5, ""threshold"": 0.1}}","{""error_rate"": {""min_instances"": 5, ""threshold"": 0.1}}",0.1,0.005,0.15,5,0.05,0.005,0.1,30,,,,-1,two_stage,2,0.5,"__confirm_cooldown=200,__confirm_rule=perm_test,__perm_alpha=0.01,__perm_delta_k=50,__perm_min_effect=0,__perm_n_perm=200,__perm_post_n=50,__perm_pre_n=200,__perm_rng_seed=0,__perm_stat=delta_fused_score,divergence=0.3,error_rate=0.5,teacher_entropy=0.2",3,0,200,0.0,0,10000,10.0,25.0,200,500,1,136,1.0,0.8721590909090909,0.7069041632953375,0.0,0.15127594769001007,0.005689436569809914,0,0,137,117,-1,perm_test,0.004975124378109453,0.08286949258957026,262,117,145,0.0,0.16666666666666666,0,0.0,0.0,0.0,0.0,0,none,0,1,0,overconfident,0.95,0,mild_drift,0.9677080880083038,0.0011751707805035933,0.8499268049487917,0.8774890350509261,1768132916.4943912,0.009117190726101398,0.043534763157367706
782,50000,49999,sea_abrupt4,sea,ts_drift_adapt,4,"error_divergence_ph_meta@error.threshold=0.10,error.min_instances=5",error_divergence_ph_meta,"{""divergence"": {""alpha"": 0.1, ""delta"": 0.005, ""min_instances"": 30, ""threshold"": 0.05}, ""error_rate"": {""alpha"": 0.15, ""delta"": 0.005, ""min_instances"": 5, ""threshold"": 0.1}}","{""error_rate"": {""min_instances"": 5, ""threshold"": 0.1}}",0.1,0.005,0.15,5,0.05,0.005,0.1,30,,,,-1,two_stage,2,0.5,"__confirm_cooldown=200,__confirm_rule=perm_test,__perm_alpha=0.01,__perm_delta_k=50,__perm_min_effect=0,__perm_n_perm=200,__perm_post_n=50,__perm_pre_n=200,__perm_rng_seed=0,__perm_stat=delta_fused_score,divergence=0.3,error_rate=0.5,teacher_entropy=0.2",3,0,200,0.0,0,10000,10.0,25.0,200,500,1,120,1.0,0.8722,0.7069864553824102,0.0,0.1516798585653305,0.004550071898847818,0,0,137,117,-1,perm_test,0.004975124378109453,0.08286949258957026,262,117,145,0.0,0.0011393646709620953,0,0.0,0.0,0.0,0.0,0,none,0,1,0,overconfident,0.95,0,mild_drift,0.9640040440041518,0.0012375853902517968,0.8249634024743959,0.866244517525463,1768132916.5046253,0.031175240874290466,0.04942898452281952
