step,seen_samples,sample_idx,dataset_name,dataset_type,model_variant,seed,monitor_preset,monitor_preset_base,monitor_ph_params,monitor_ph_overrides,ph_error_threshold,ph_error_delta,ph_error_alpha,ph_error_min_instances,ph_divergence_threshold,ph_divergence_delta,ph_divergence_alpha,ph_divergence_min_instances,ph_entropy_threshold,ph_entropy_delta,ph_entropy_alpha,ph_entropy_min_instances,trigger_mode,trigger_k,trigger_threshold,trigger_weights,confirm_window,confirm_cooldown,effective_confirm_cooldown,confirm_rate_per10k,adaptive_cooldown_enabled,adaptive_window,adaptive_lower_per10k,adaptive_upper_per10k,adaptive_cooldown_low,adaptive_cooldown_high,confirm_cooldown_active,confirm_cooldown_remaining,severity_scheduler_scale,metric_accuracy,metric_kappa,student_error_rate,teacher_entropy,divergence_js,drift_flag,candidate_flag,candidate_count_total,confirmed_count_total,confirm_delay,confirm_rule_effective,last_perm_pvalue,last_perm_effect,perm_test_count_total,perm_accept_count_total,perm_reject_count_total,monitor_severity,monitor_fused_severity,monitor_vote_count,monitor_vote_score,drift_severity_raw,drift_severity,severity_carry,use_severity_v2,severity_gate,severity_confirmed,severity_gate_min_streak,severity_confirmed_streak,entropy_mode,decay,freeze_baseline_steps,regime,alpha,lr,lambda_u,tau,timestamp,supervised_loss,unsupervised_loss
1,64,63,sea_abrupt4,sea,ts_drift_adapt,4,"error_divergence_ph_meta@error.threshold=0.10,error.min_instances=5",error_divergence_ph_meta,"{""divergence"": {""alpha"": 0.1, ""delta"": 0.005, ""min_instances"": 30, ""threshold"": 0.05}, ""error_rate"": {""alpha"": 0.15, ""delta"": 0.005, ""min_instances"": 5, ""threshold"": 0.1}}","{""error_rate"": {""min_instances"": 5, ""threshold"": 0.1}}",0.1,0.005,0.15,5,0.05,0.005,0.1,30,,,,-1,two_stage,2,0.5,"__confirm_cooldown=200,__confirm_rule=perm_test,__perm_alpha=0.02,__perm_delta_k=25,__perm_min_effect=0,__perm_n_perm=200,__perm_post_n=50,__perm_pre_n=200,__perm_rng_seed=0,__perm_stat=delta_fused_score,divergence=0.3,error_rate=0.5,teacher_entropy=0.2",3,0,200,0.0,0,10000,10.0,25.0,200,500,0,0,1.0,0.578125,-0.031026252983293555,0.16666666666666666,0.6296309232711792,0.0026337578892707825,0,0,0,0,-1,perm_test,,,0,0,0,0.0,0.0,0,0.0,0.0,0.0,0.0,0,none,0,1,0,overconfident,0.95,0,mild_drift,0.97515,0.00115,0.9,0.8775,1768131621.345063,0.502197265625,0.010577138513326645
2,128,127,sea_abrupt4,sea,ts_drift_adapt,4,"error_divergence_ph_meta@error.threshold=0.10,error.min_instances=5",error_divergence_ph_meta,"{""divergence"": {""alpha"": 0.1, ""delta"": 0.005, ""min_instances"": 30, ""threshold"": 0.05}, ""error_rate"": {""alpha"": 0.15, ""delta"": 0.005, ""min_instances"": 5, ""threshold"": 0.1}}","{""error_rate"": {""min_instances"": 5, ""threshold"": 0.1}}",0.1,0.005,0.15,5,0.05,0.005,0.1,30,,,,-1,two_stage,2,0.5,"__confirm_cooldown=200,__confirm_rule=perm_test,__perm_alpha=0.02,__perm_delta_k=25,__perm_min_effect=0,__perm_n_perm=200,__perm_post_n=50,__perm_pre_n=200,__perm_rng_seed=0,__perm_stat=delta_fused_score,divergence=0.3,error_rate=0.5,teacher_entropy=0.2",3,0,200,0.0,0,10000,10.0,25.0,200,500,0,0,1.0,0.65625,-0.015506671474936892,0.16666666666666666,0.6326268315315247,0.004350405652076006,0,0,0,0,-1,perm_test,,,0,0,0,0.0,0.0017166477628052235,0,0.0,0.0,0.0,0.0,0,none,0,1,0,overconfident,0.95,0,mild_drift,0.967725,0.001225,0.8500000000000001,0.86625,1768131621.3540041,0.44536685943603516,0.018276913091540337
3,192,191,sea_abrupt4,sea,ts_drift_adapt,4,"error_divergence_ph_meta@error.threshold=0.10,error.min_instances=5",error_divergence_ph_meta,"{""divergence"": {""alpha"": 0.1, ""delta"": 0.005, ""min_instances"": 30, ""threshold"": 0.05}, ""error_rate"": {""alpha"": 0.15, ""delta"": 0.005, ""min_instances"": 5, ""threshold"": 0.1}}","{""error_rate"": {""min_instances"": 5, ""threshold"": 0.1}}",0.1,0.005,0.15,5,0.05,0.005,0.1,30,,,,-1,two_stage,2,0.5,"__confirm_cooldown=200,__confirm_rule=perm_test,__perm_alpha=0.02,__perm_delta_k=25,__perm_min_effect=0,__perm_n_perm=200,__perm_post_n=50,__perm_pre_n=200,__perm_rng_seed=0,__perm_stat=delta_fused_score,divergence=0.3,error_rate=0.5,teacher_entropy=0.2",3,0,200,0.0,0,10000,10.0,25.0,200,500,0,0,1.0,0.6510416666666666,-0.010367577756833392,0.3333333333333333,0.6112040281295776,0.005364673212170601,0,0,0,0,-1,perm_test,,,0,0,0,0.0,0.16666666666666666,0,0.0,0.0,0.0,0.0,0,none,0,1,0,overconfident,0.95,0,mild_drift,0.9640124999999999,0.0012625000000000002,0.8250000000000001,0.860625,1768131621.3627372,0.6330024600028992,0.022702421993017197
4,256,255,sea_abrupt4,sea,ts_drift_adapt,4,"error_divergence_ph_meta@error.threshold=0.10,error.min_instances=5",error_divergence_ph_meta,"{""divergence"": {""alpha"": 0.1, ""delta"": 0.005, ""min_instances"": 30, ""threshold"": 0.05}, ""error_rate"": {""alpha"": 0.15, ""delta"": 0.005, ""min_instances"": 5, ""threshold"": 0.1}}","{""error_rate"": {""min_instances"": 5, ""threshold"": 0.1}}",0.1,0.005,0.15,5,0.05,0.005,0.1,30,,,,-1,two_stage,2,0.5,"__confirm_cooldown=200,__confirm_rule=perm_test,__perm_alpha=0.02,__perm_delta_k=25,__perm_min_effect=0,__perm_n_perm=200,__perm_post_n=50,__perm_pre_n=200,__perm_rng_seed=0,__perm_stat=delta_fused_score,divergence=0.3,error_rate=0.5,teacher_entropy=0.2",3,0,200,0.0,0,10000,10.0,25.0,200,500,0,0,1.0,0.65625,-0.007783841818019147,0.16666666666666666,0.6147160530090332,0.007307740859687328,0,0,0,0,-1,perm_test,,,0,0,0,0.0,0.16666666666666666,0,0.0,0.0,0.0,0.0,0,none,0,1,0,overconfident,0.95,0,mild_drift,0.9621562499999999,0.0012812500000000003,0.8125,0.8578125,1768131621.3714402,0.4634031355381012,0.03141981363296509
5,320,319,sea_abrupt4,sea,ts_drift_adapt,4,"error_divergence_ph_meta@error.threshold=0.10,error.min_instances=5",error_divergence_ph_meta,"{""divergence"": {""alpha"": 0.1, ""delta"": 0.005, ""min_instances"": 30, ""threshold"": 0.05}, ""error_rate"": {""alpha"": 0.15, ""delta"": 0.005, ""min_instances"": 5, ""threshold"": 0.1}}","{""error_rate"": {""min_instances"": 5, ""threshold"": 0.1}}",0.1,0.005,0.15,5,0.05,0.005,0.1,30,,,,-1,two_stage,2,0.5,"__confirm_cooldown=200,__confirm_rule=perm_test,__perm_alpha=0.02,__perm_delta_k=25,__perm_min_effect=0,__perm_n_perm=200,__perm_post_n=50,__perm_pre_n=200,__perm_rng_seed=0,__perm_stat=delta_fused_score,divergence=0.3,error_rate=0.5,teacher_entropy=0.2",3,0,200,0.0,0,10000,10.0,25.0,200,500,0,0,1.0,0.65625,-0.012425218591808375,0.5,0.6084215641021729,0.006268113851547241,0,1,1,0,-1,perm_test,,,0,0,0,0.0,0.33333333333333337,1,0.5,0.0,0.0,0.0,0,none,0,1,0,overconfident,0.95,0,mild_drift,0.9612281249999999,0.001290625,0.80625,0.85640625,1768131621.3800008,0.7040808796882629,0.026703139767050743
6,384,383,sea_abrupt4,sea,ts_drift_adapt,4,"error_divergence_ph_meta@error.threshold=0.10,error.min_instances=5",error_divergence_ph_meta,"{""divergence"": {""alpha"": 0.1, ""delta"": 0.005, ""min_instances"": 30, ""threshold"": 0.05}, ""error_rate"": {""alpha"": 0.15, ""delta"": 0.005, ""min_instances"": 5, ""threshold"": 0.1}}","{""error_rate"": {""min_instances"": 5, ""threshold"": 0.1}}",0.1,0.005,0.15,5,0.05,0.005,0.1,30,,,,-1,two_stage,2,0.5,"__confirm_cooldown=200,__confirm_rule=perm_test,__perm_alpha=0.02,__perm_delta_k=25,__perm_min_effect=0,__perm_n_perm=200,__perm_post_n=50,__perm_pre_n=200,__perm_rng_seed=0,__perm_stat=delta_fused_score,divergence=0.3,error_rate=0.5,teacher_entropy=0.2",3,0,200,0.0,0,10000,10.0,25.0,200,500,0,0,1.0,0.671875,0.0003718854592788803,0.3333333333333333,0.6117160320281982,0.008444136008620262,0,0,1,0,-1,perm_test,,,0,0,0,0.0,0.16666666666666669,0,0.0,0.0,0.0,0.0,0,none,0,1,0,overconfident,0.95,0,mild_drift,0.9607640624999999,0.0012953125,0.8031250000000001,0.855703125,1768131621.3891451,0.6179792284965515,0.0361492782831192
7,448,447,sea_abrupt4,sea,ts_drift_adapt,4,"error_divergence_ph_meta@error.threshold=0.10,error.min_instances=5",error_divergence_ph_meta,"{""divergence"": {""alpha"": 0.1, ""delta"": 0.005, ""min_instances"": 30, ""threshold"": 0.05}, ""error_rate"": {""alpha"": 0.15, ""delta"": 0.005, ""min_instances"": 5, ""threshold"": 0.1}}","{""error_rate"": {""min_instances"": 5, ""threshold"": 0.1}}",0.1,0.005,0.15,5,0.05,0.005,0.1,30,,,,-1,two_stage,2,0.5,"__confirm_cooldown=200,__confirm_rule=perm_test,__perm_alpha=0.02,__perm_delta_k=25,__perm_min_effect=0,__perm_n_perm=200,__perm_post_n=50,__perm_pre_n=200,__perm_rng_seed=0,__perm_stat=delta_fused_score,divergence=0.3,error_rate=0.5,teacher_entropy=0.2",3,0,200,0.0,0,10000,10.0,25.0,200,500,0,0,1.0,0.6629464285714286,-0.004394821237676677,0.3333333333333333,0.601590633392334,0.008886334486305714,0,0,1,0,-1,perm_test,,,0,0,0,0.0,0.0004421984776854515,0,0.0,0.0,0.0,0.0,0,none,0,1,0,overconfident,0.95,0,mild_drift,0.9605320312499999,0.0012976562500000002,0.8015625000000001,0.8553515625,1768131621.3999887,0.5358323454856873,0.036499932408332825
8,512,511,sea_abrupt4,sea,ts_drift_adapt,4,"error_divergence_ph_meta@error.threshold=0.10,error.min_instances=5",error_divergence_ph_meta,"{""divergence"": {""alpha"": 0.1, ""delta"": 0.005, ""min_instances"": 30, ""threshold"": 0.05}, ""error_rate"": {""alpha"": 0.15, ""delta"": 0.005, ""min_instances"": 5, ""threshold"": 0.1}}","{""error_rate"": {""min_instances"": 5, ""threshold"": 0.1}}",0.1,0.005,0.15,5,0.05,0.005,0.1,30,,,,-1,two_stage,2,0.5,"__confirm_cooldown=200,__confirm_rule=perm_test,__perm_alpha=0.02,__perm_delta_k=25,__perm_min_effect=0,__perm_n_perm=200,__perm_post_n=50,__perm_pre_n=200,__perm_rng_seed=0,__perm_stat=delta_fused_score,divergence=0.3,error_rate=0.5,teacher_entropy=0.2",3,0,200,0.0,0,10000,10.0,25.0,200,500,0,0,1.0,0.669921875,0.00825233816247937,0.0,0.6029608249664307,0.006846636068075895,0,0,1,0,-1,perm_test,,,0,0,0,0.0,0.3333333333333333,0,0.0,0.0,0.0,0.0,0,none,0,1,0,overconfident,0.95,0,mild_drift,0.9604160156249999,0.001298828125,0.80078125,0.85517578125,1768131621.4104505,0.3642676770687103,0.027520891278982162
9,576,575,sea_abrupt4,sea,ts_drift_adapt,4,"error_divergence_ph_meta@error.threshold=0.10,error.min_instances=5",error_divergence_ph_meta,"{""divergence"": {""alpha"": 0.1, ""delta"": 0.005, ""min_instances"": 30, ""threshold"": 0.05}, ""error_rate"": {""alpha"": 0.15, ""delta"": 0.005, ""min_instances"": 5, ""threshold"": 0.1}}","{""error_rate"": {""min_instances"": 5, ""threshold"": 0.1}}",0.1,0.005,0.15,5,0.05,0.005,0.1,30,,,,-1,two_stage,2,0.5,"__confirm_cooldown=200,__confirm_rule=perm_test,__perm_alpha=0.02,__perm_delta_k=25,__perm_min_effect=0,__perm_n_perm=200,__perm_post_n=50,__perm_pre_n=200,__perm_rng_seed=0,__perm_stat=delta_fused_score,divergence=0.3,error_rate=0.5,teacher_entropy=0.2",3,0,200,0.0,0,10000,10.0,25.0,200,500,0,0,1.0,0.6840277777777778,0.046912502727470926,0.16666666666666666,0.606874942779541,0.008348172530531883,0,0,1,0,-1,perm_test,,,0,0,0,0.0,0.16666666666666666,0,0.0,0.0,0.0,0.0,0,none,0,1,0,overconfident,0.95,0,mild_drift,0.9603580078124999,0.0012994140625,0.800390625,0.855087890625,1768131621.4211655,0.5676113963127136,0.03388870134949684
10,640,639,sea_abrupt4,sea,ts_drift_adapt,4,"error_divergence_ph_meta@error.threshold=0.10,error.min_instances=5",error_divergence_ph_meta,"{""divergence"": {""alpha"": 0.1, ""delta"": 0.005, ""min_instances"": 30, ""threshold"": 0.05}, ""error_rate"": {""alpha"": 0.15, ""delta"": 0.005, ""min_instances"": 5, ""threshold"": 0.1}}","{""error_rate"": {""min_instances"": 5, ""threshold"": 0.1}}",0.1,0.005,0.15,5,0.05,0.005,0.1,30,,,,-1,two_stage,2,0.5,"__confirm_cooldown=200,__confirm_rule=perm_test,__perm_alpha=0.02,__perm_delta_k=25,__perm_min_effect=0,__perm_n_perm=200,__perm_post_n=50,__perm_pre_n=200,__perm_rng_seed=0,__perm_stat=delta_fused_score,divergence=0.3,error_rate=0.5,teacher_entropy=0.2",3,0,200,0.0,0,10000,10.0,25.0,200,500,0,0,1.0,0.690625,0.09037398607422303,0.16666666666666666,0.6209341883659363,0.007785173133015633,1,1,2,1,0,perm_test,0.004975124378109453,0.07875023866631041,1,1,0,0.33333333333333337,0.0005629993975162506,1,0.5,0.0,0.0,0.0,0,none,1,1,0,overconfident,0.95,0,severe_drift,0.9256790039062499,0.00164970703125,0.6501953125,0.8325439453125001,1768131621.4358735,0.4985353648662567,0.03147851675748825
11,704,703,sea_abrupt4,sea,ts_drift_adapt,4,"error_divergence_ph_meta@error.threshold=0.10,error.min_instances=5",error_divergence_ph_meta,"{""divergence"": {""alpha"": 0.1, ""delta"": 0.005, ""min_instances"": 30, ""threshold"": 0.05}, ""error_rate"": {""alpha"": 0.15, ""delta"": 0.005, ""min_instances"": 5, ""threshold"": 0.1}}","{""error_rate"": {""min_instances"": 5, ""threshold"": 0.1}}",0.1,0.005,0.15,5,0.05,0.005,0.1,30,,,,-1,two_stage,2,0.5,"__confirm_cooldown=200,__confirm_rule=perm_test,__perm_alpha=0.02,__perm_delta_k=25,__perm_min_effect=0,__perm_n_perm=200,__perm_post_n=50,__perm_pre_n=200,__perm_rng_seed=0,__perm_stat=delta_fused_score,divergence=0.3,error_rate=0.5,teacher_entropy=0.2",3,0,200,0.0,0,10000,10.0,25.0,200,500,1,136,1.0,0.6988636363636364,0.10856269113149877,0.3333333333333333,0.6193398237228394,0.010586689226329327,0,0,2,1,-1,perm_test,0.004975124378109453,0.07875023866631041,1,1,0,0.0,0.16666666666666666,0,0.0,0.0,0.0,0.0,0,none,0,1,0,overconfident,0.95,0,mild_drift,0.9429895019531249,0.001474853515625,0.72509765625,0.84377197265625,1768131621.4443989,0.7697963714599609,0.04299889877438545
12,768,767,sea_abrupt4,sea,ts_drift_adapt,4,"error_divergence_ph_meta@error.threshold=0.10,error.min_instances=5",error_divergence_ph_meta,"{""divergence"": {""alpha"": 0.1, ""delta"": 0.005, ""min_instances"": 30, ""threshold"": 0.05}, ""error_rate"": {""alpha"": 0.15, ""delta"": 0.005, ""min_instances"": 5, ""threshold"": 0.1}}","{""error_rate"": {""min_instances"": 5, ""threshold"": 0.1}}",0.1,0.005,0.15,5,0.05,0.005,0.1,30,,,,-1,two_stage,2,0.5,"__confirm_cooldown=200,__confirm_rule=perm_test,__perm_alpha=0.02,__perm_delta_k=25,__perm_min_effect=0,__perm_n_perm=200,__perm_post_n=50,__perm_pre_n=200,__perm_rng_seed=0,__perm_stat=delta_fused_score,divergence=0.3,error_rate=0.5,teacher_entropy=0.2",3,0,200,0.0,0,10000,10.0,25.0,200,500,1,72,1.0,0.70703125,0.12408759124087591,0.3333333333333333,0.6010056138038635,0.006318311672657728,0,0,2,1,-1,perm_test,0.004975124378109453,0.07875023866631041,1,1,0,0.0,0.0042683775536715984,0,0.0,0.0,0.0,0.0,0,none,0,1,0,overconfident,0.95,0,mild_drift,0.9516447509765624,0.0013874267578125,0.762548828125,0.849385986328125,1768131621.452923,0.6112886071205139,0.026117630302906036
13,832,831,sea_abrupt4,sea,ts_drift_adapt,4,"error_divergence_ph_meta@error.threshold=0.10,error.min_instances=5",error_divergence_ph_meta,"{""divergence"": {""alpha"": 0.1, ""delta"": 0.005, ""min_instances"": 30, ""threshold"": 0.05}, ""error_rate"": {""alpha"": 0.15, ""delta"": 0.005, ""min_instances"": 5, ""threshold"": 0.1}}","{""error_rate"": {""min_instances"": 5, ""threshold"": 0.1}}",0.1,0.005,0.15,5,0.05,0.005,0.1,30,,,,-1,two_stage,2,0.5,"__confirm_cooldown=200,__confirm_rule=perm_test,__perm_alpha=0.02,__perm_delta_k=25,__perm_min_effect=0,__perm_n_perm=200,__perm_post_n=50,__perm_pre_n=200,__perm_rng_seed=0,__perm_stat=delta_fused_score,divergence=0.3,error_rate=0.5,teacher_entropy=0.2",3,0,200,0.0,0,10000,10.0,25.0,200,500,1,8,1.0,0.7115384615384616,0.16140303722617938,0.16666666666666666,0.6124053597450256,0.006174794398248196,0,0,2,1,-1,perm_test,0.004975124378109453,0.07875023866631041,1,1,0,0.0,0.16666666666666666,0,0.0,0.0,0.0,0.0,0,none,0,1,0,overconfident,0.95,0,mild_drift,0.9559723754882812,0.00134371337890625,0.7812744140625001,0.8521929931640625,1768131621.461465,0.641375720500946,0.02500353567302227
14,896,895,sea_abrupt4,sea,ts_drift_adapt,4,"error_divergence_ph_meta@error.threshold=0.10,error.min_instances=5",error_divergence_ph_meta,"{""divergence"": {""alpha"": 0.1, ""delta"": 0.005, ""min_instances"": 30, ""threshold"": 0.05}, ""error_rate"": {""alpha"": 0.15, ""delta"": 0.005, ""min_instances"": 5, ""threshold"": 0.1}}","{""error_rate"": {""min_instances"": 5, ""threshold"": 0.1}}",0.1,0.005,0.15,5,0.05,0.005,0.1,30,,,,-1,two_stage,2,0.5,"__confirm_cooldown=200,__confirm_rule=perm_test,__perm_alpha=0.02,__perm_delta_k=25,__perm_min_effect=0,__perm_n_perm=200,__perm_post_n=50,__perm_pre_n=200,__perm_rng_seed=0,__perm_stat=delta_fused_score,divergence=0.3,error_rate=0.5,teacher_entropy=0.2",3,0,200,0.0,0,10000,10.0,25.0,200,500,0,0,1.0,0.7098214285714286,0.17690704165636154,0.16666666666666666,0.6208997368812561,0.006463874597102404,0,0,2,1,-1,perm_test,0.004975124378109453,0.07875023866631041,1,1,0,0.0,0.000289080198854208,0,0.0,0.0,0.0,0.0,0,none,0,1,0,overconfident,0.95,0,mild_drift,0.9581361877441406,0.001321856689453125,0.7906372070312501,0.8535964965820313,1768131621.4703534,0.4790729582309723,0.026221023872494698
15,960,959,sea_abrupt4,sea,ts_drift_adapt,4,"error_divergence_ph_meta@error.threshold=0.10,error.min_instances=5",error_divergence_ph_meta,"{""divergence"": {""alpha"": 0.1, ""delta"": 0.005, ""min_instances"": 30, ""threshold"": 0.05}, ""error_rate"": {""alpha"": 0.15, ""delta"": 0.005, ""min_instances"": 5, ""threshold"": 0.1}}","{""error_rate"": {""min_instances"": 5, ""threshold"": 0.1}}",0.1,0.005,0.15,5,0.05,0.005,0.1,30,,,,-1,two_stage,2,0.5,"__confirm_cooldown=200,__confirm_rule=perm_test,__perm_alpha=0.02,__perm_delta_k=25,__perm_min_effect=0,__perm_n_perm=200,__perm_post_n=50,__perm_pre_n=200,__perm_rng_seed=0,__perm_stat=delta_fused_score,divergence=0.3,error_rate=0.5,teacher_entropy=0.2",3,0,200,0.0,0,10000,10.0,25.0,200,500,0,0,1.0,0.71875,0.19750334373606776,0.0,0.6148420572280884,0.005452141631394625,0,1,3,1,-1,perm_test,1.0,-0.044750273236504316,2,1,1,0.16666666666666666,0.16666666666666666,1,0.5,0.0,0.0,0.0,0,none,0,1,0,overconfident,0.95,0,mild_drift,0.9592180938720702,0.0013109283447265627,0.795318603515625,0.8542982482910156,1768131621.4803398,0.25165095925331116,0.022004669532179832
16,1024,1023,sea_abrupt4,sea,ts_drift_adapt,4,"error_divergence_ph_meta@error.threshold=0.10,error.min_instances=5",error_divergence_ph_meta,"{""divergence"": {""alpha"": 0.1, ""delta"": 0.005, ""min_instances"": 30, ""threshold"": 0.05}, ""error_rate"": {""alpha"": 0.15, ""delta"": 0.005, ""min_instances"": 5, ""threshold"": 0.1}}","{""error_rate"": {""min_instances"": 5, ""threshold"": 0.1}}",0.1,0.005,0.15,5,0.05,0.005,0.1,30,,,,-1,two_stage,2,0.5,"__confirm_cooldown=200,__confirm_rule=perm_test,__perm_alpha=0.02,__perm_delta_k=25,__perm_min_effect=0,__perm_n_perm=200,__perm_post_n=50,__perm_pre_n=200,__perm_rng_seed=0,__perm_stat=delta_fused_score,divergence=0.3,error_rate=0.5,teacher_entropy=0.2",3,0,200,0.0,0,10000,10.0,25.0,200,500,0,0,1.0,0.72265625,0.20294685142957375,0.0,0.6009871363639832,0.005948836449533701,1,0,3,2,1,perm_test,0.004975124378109453,0.12021239173864104,3,2,1,0.0,0.0004966948181390762,0,0.0,0.0,0.0,0.0,0,none,1,1,0,overconfident,0.95,0,stable,0.9746090469360351,0.0010554641723632813,0.8976593017578125,0.8996491241455078,1768131621.4952147,0.29980969429016113,0.12520530819892883
17,1088,1087,sea_abrupt4,sea,ts_drift_adapt,4,"error_divergence_ph_meta@error.threshold=0.10,error.min_instances=5",error_divergence_ph_meta,"{""divergence"": {""alpha"": 0.1, ""delta"": 0.005, ""min_instances"": 30, ""threshold"": 0.05}, ""error_rate"": {""alpha"": 0.15, ""delta"": 0.005, ""min_instances"": 5, ""threshold"": 0.1}}","{""error_rate"": {""min_instances"": 5, ""threshold"": 0.1}}",0.1,0.005,0.15,5,0.05,0.005,0.1,30,,,,-1,two_stage,2,0.5,"__confirm_cooldown=200,__confirm_rule=perm_test,__perm_alpha=0.02,__perm_delta_k=25,__perm_min_effect=0,__perm_n_perm=200,__perm_post_n=50,__perm_pre_n=200,__perm_rng_seed=0,__perm_stat=delta_fused_score,divergence=0.3,error_rate=0.5,teacher_entropy=0.2",3,0,200,0.0,0,10000,10.0,25.0,200,500,1,136,1.0,0.7270220588235294,0.21866295264623975,0.16666666666666666,0.5920689105987549,0.006378140300512314,0,0,3,2,-1,perm_test,0.004975124378109453,0.12021239173864104,3,2,1,0.0,0.16666666666666666,0,0.0,0.0,0.0,0.0,0,none,0,1,0,overconfident,0.95,0,mild_drift,0.9674545234680175,0.0011777320861816407,0.8488296508789063,0.8773245620727539,1768131621.5038805,0.390903502702713,0.02711963839828968
18,1152,1151,sea_abrupt4,sea,ts_drift_adapt,4,"error_divergence_ph_meta@error.threshold=0.10,error.min_instances=5",error_divergence_ph_meta,"{""divergence"": {""alpha"": 0.1, ""delta"": 0.005, ""min_instances"": 30, ""threshold"": 0.05}, ""error_rate"": {""alpha"": 0.15, ""delta"": 0.005, ""min_instances"": 5, ""threshold"": 0.1}}","{""error_rate"": {""min_instances"": 5, ""threshold"": 0.1}}",0.1,0.005,0.15,5,0.05,0.005,0.1,30,,,,-1,two_stage,2,0.5,"__confirm_cooldown=200,__confirm_rule=perm_test,__perm_alpha=0.02,__perm_delta_k=25,__perm_min_effect=0,__perm_n_perm=200,__perm_post_n=50,__perm_pre_n=200,__perm_rng_seed=0,__perm_stat=delta_fused_score,divergence=0.3,error_rate=0.5,teacher_entropy=0.2",3,0,200,0.0,0,10000,10.0,25.0,200,500,1,72,1.0,0.7300347222222222,0.22477453305406003,0.6666666666666666,0.6059718132019043,0.006692623719573021,0,0,3,2,-1,perm_test,0.004975124378109453,0.12021239173864104,3,2,1,0.0,0.5,0,0.0,0.0,0.0,0.0,0,none,0,1,0,overconfident,0.95,0,mild_drift,0.9638772617340088,0.0012388660430908203,0.8244148254394532,0.8661622810363769,1768131621.5125358,0.8936172127723694,0.02863762341439724
19,1216,1215,sea_abrupt4,sea,ts_drift_adapt,4,"error_divergence_ph_meta@error.threshold=0.10,error.min_instances=5",error_divergence_ph_meta,"{""divergence"": {""alpha"": 0.1, ""delta"": 0.005, ""min_instances"": 30, ""threshold"": 0.05}, ""error_rate"": {""alpha"": 0.15, ""delta"": 0.005, ""min_instances"": 5, ""threshold"": 0.1}}","{""error_rate"": {""min_instances"": 5, ""threshold"": 0.1}}",0.1,0.005,0.15,5,0.05,0.005,0.1,30,,,,-1,two_stage,2,0.5,"__confirm_cooldown=200,__confirm_rule=perm_test,__perm_alpha=0.02,__perm_delta_k=25,__perm_min_effect=0,__perm_n_perm=200,__perm_post_n=50,__perm_pre_n=200,__perm_rng_seed=0,__perm_stat=delta_fused_score,divergence=0.3,error_rate=0.5,teacher_entropy=0.2",3,0,200,0.0,0,10000,10.0,25.0,200,500,1,8,1.0,0.7351973684210527,0.22845072198751482,0.3333333333333333,0.5936010479927063,0.007315374445170164,0,0,3,2,-1,perm_test,0.004975124378109453,0.12021239173864104,3,2,1,0.0,0.3333333333333333,0,0.0,0.0,0.0,0.0,0,none,0,1,0,overconfident,0.95,0,mild_drift,0.9620886308670044,0.0012694330215454104,0.8122074127197266,0.8605811405181885,1768131621.521142,0.758229672908783,0.031961459666490555
20,1280,1279,sea_abrupt4,sea,ts_drift_adapt,4,"error_divergence_ph_meta@error.threshold=0.10,error.min_instances=5",error_divergence_ph_meta,"{""divergence"": {""alpha"": 0.1, ""delta"": 0.005, ""min_instances"": 30, ""threshold"": 0.05}, ""error_rate"": {""alpha"": 0.15, ""delta"": 0.005, ""min_instances"": 5, ""threshold"": 0.1}}","{""error_rate"": {""min_instances"": 5, ""threshold"": 0.1}}",0.1,0.005,0.15,5,0.05,0.005,0.1,30,,,,-1,two_stage,2,0.5,"__confirm_cooldown=200,__confirm_rule=perm_test,__perm_alpha=0.02,__perm_delta_k=25,__perm_min_effect=0,__perm_n_perm=200,__perm_post_n=50,__perm_pre_n=200,__perm_rng_seed=0,__perm_stat=delta_fused_score,divergence=0.3,error_rate=0.5,teacher_entropy=0.2",3,0,200,0.0,0,10000,10.0,25.0,200,500,0,0,1.0,0.73984375,0.23176745393200107,0.0,0.5833343863487244,0.007344309706240892,0,1,4,2,-1,perm_test,1.0,-0.275372025047095,4,2,2,0.0,0.3333333333333333,1,0.5,0.0,0.0,0.0,0,none,0,1,0,overconfident,0.95,0,mild_drift,0.9611943154335021,0.0012847165107727054,0.8061037063598633,0.8577905702590942,1768131621.5309103,0.261061429977417,0.13943764567375183
21,1344,1343,sea_abrupt4,sea,ts_drift_adapt,4,"error_divergence_ph_meta@error.threshold=0.10,error.min_instances=5",error_divergence_ph_meta,"{""divergence"": {""alpha"": 0.1, ""delta"": 0.005, ""min_instances"": 30, ""threshold"": 0.05}, ""error_rate"": {""alpha"": 0.15, ""delta"": 0.005, ""min_instances"": 5, ""threshold"": 0.1}}","{""error_rate"": {""min_instances"": 5, ""threshold"": 0.1}}",0.1,0.005,0.15,5,0.05,0.005,0.1,30,,,,-1,two_stage,2,0.5,"__confirm_cooldown=200,__confirm_rule=perm_test,__perm_alpha=0.02,__perm_delta_k=25,__perm_min_effect=0,__perm_n_perm=200,__perm_post_n=50,__perm_pre_n=200,__perm_rng_seed=0,__perm_stat=delta_fused_score,divergence=0.3,error_rate=0.5,teacher_entropy=0.2",3,0,200,0.0,0,10000,10.0,25.0,200,500,0,0,1.0,0.7395833333333334,0.23263644193876787,0.3333333333333333,0.5898403525352478,0.005265696439892054,0,0,4,2,-1,perm_test,1.0,-0.007443300262817795,5,2,3,0.0,0.3333333333333333,0,0.0,0.0,0.0,0.0,0,none,0,1,0,overconfident,0.95,0,mild_drift,0.960747157716751,0.0012923582553863527,0.8030518531799317,0.8563952851295471,1768131621.5405529,0.625745952129364,0.10702624917030334
22,1408,1407,sea_abrupt4,sea,ts_drift_adapt,4,"error_divergence_ph_meta@error.threshold=0.10,error.min_instances=5",error_divergence_ph_meta,"{""divergence"": {""alpha"": 0.1, ""delta"": 0.005, ""min_instances"": 30, ""threshold"": 0.05}, ""error_rate"": {""alpha"": 0.15, ""delta"": 0.005, ""min_instances"": 5, ""threshold"": 0.1}}","{""error_rate"": {""min_instances"": 5, ""threshold"": 0.1}}",0.1,0.005,0.15,5,0.05,0.005,0.1,30,,,,-1,two_stage,2,0.5,"__confirm_cooldown=200,__confirm_rule=perm_test,__perm_alpha=0.02,__perm_delta_k=25,__perm_min_effect=0,__perm_n_perm=200,__perm_post_n=50,__perm_pre_n=200,__perm_rng_seed=0,__perm_stat=delta_fused_score,divergence=0.3,error_rate=0.5,teacher_entropy=0.2",3,0,200,0.0,0,10000,10.0,25.0,200,500,0,0,1.0,0.7393465909090909,0.22697543607695306,0.3333333333333333,0.5950127840042114,0.005033883266150951,0,0,4,2,-1,perm_test,1.0,-0.11515997350625415,6,2,4,0.0,0.00023181317374110222,0,0.0,0.0,0.0,0.0,0,none,0,1,0,overconfident,0.95,0,mild_drift,0.9605235788583755,0.0012961791276931765,0.8015259265899659,0.8556976425647735,1768131621.5502496,0.7077538967132568,0.18002119660377502
23,1472,1471,sea_abrupt4,sea,ts_drift_adapt,4,"error_divergence_ph_meta@error.threshold=0.10,error.min_instances=5",error_divergence_ph_meta,"{""divergence"": {""alpha"": 0.1, ""delta"": 0.005, ""min_instances"": 30, ""threshold"": 0.05}, ""error_rate"": {""alpha"": 0.15, ""delta"": 0.005, ""min_instances"": 5, ""threshold"": 0.1}}","{""error_rate"": {""min_instances"": 5, ""threshold"": 0.1}}",0.1,0.005,0.15,5,0.05,0.005,0.1,30,,,,-1,two_stage,2,0.5,"__confirm_cooldown=200,__confirm_rule=perm_test,__perm_alpha=0.02,__perm_delta_k=25,__perm_min_effect=0,__perm_n_perm=200,__perm_post_n=50,__perm_pre_n=200,__perm_rng_seed=0,__perm_stat=delta_fused_score,divergence=0.3,error_rate=0.5,teacher_entropy=0.2",3,0,200,0.0,0,10000,10.0,25.0,200,500,0,0,1.0,0.7384510869565217,0.22867533372531082,0.16666666666666666,0.6067690849304199,0.006151116453111172,0,0,4,2,-1,perm_test,1.0,-0.17059674227165186,7,2,5,0.0,0.16666666666666666,0,0.0,0.0,0.0,0.0,0,none,0,1,0,overconfident,0.95,0,mild_drift,0.9604117894291877,0.0012980895638465884,0.800762963294983,0.8553488212823868,1768131621.5601318,0.4741072952747345,0.08040520548820496
24,1536,1535,sea_abrupt4,sea,ts_drift_adapt,4,"error_divergence_ph_meta@error.threshold=0.10,error.min_instances=5",error_divergence_ph_meta,"{""divergence"": {""alpha"": 0.1, ""delta"": 0.005, ""min_instances"": 30, ""threshold"": 0.05}, ""error_rate"": {""alpha"": 0.15, ""delta"": 0.005, ""min_instances"": 5, ""threshold"": 0.1}}","{""error_rate"": {""min_instances"": 5, ""threshold"": 0.1}}",0.1,0.005,0.15,5,0.05,0.005,0.1,30,,,,-1,two_stage,2,0.5,"__confirm_cooldown=200,__confirm_rule=perm_test,__perm_alpha=0.02,__perm_delta_k=25,__perm_min_effect=0,__perm_n_perm=200,__perm_post_n=50,__perm_pre_n=200,__perm_rng_seed=0,__perm_stat=delta_fused_score,divergence=0.3,error_rate=0.5,teacher_entropy=0.2",3,0,200,0.0,0,10000,10.0,25.0,200,500,0,0,1.0,0.7376302083333334,0.23902064821325822,0.3333333333333333,0.5989670157432556,0.006105395965278149,0,0,4,2,-1,perm_test,1.0,-0.17059674227165186,7,2,5,0.0,0.16666666666666666,0,0.0,0.0,0.0,0.0,0,none,0,1,0,overconfident,0.95,0,mild_drift,0.9603558947145938,0.0012990447819232944,0.8003814816474915,0.8551744106411934,1768131621.5702114,0.5567762851715088,0.1264113485813141
25,1600,1599,sea_abrupt4,sea,ts_drift_adapt,4,"error_divergence_ph_meta@error.threshold=0.10,error.min_instances=5",error_divergence_ph_meta,"{""divergence"": {""alpha"": 0.1, ""delta"": 0.005, ""min_instances"": 30, ""threshold"": 0.05}, ""error_rate"": {""alpha"": 0.15, ""delta"": 0.005, ""min_instances"": 5, ""threshold"": 0.1}}","{""error_rate"": {""min_instances"": 5, ""threshold"": 0.1}}",0.1,0.005,0.15,5,0.05,0.005,0.1,30,,,,-1,two_stage,2,0.5,"__confirm_cooldown=200,__confirm_rule=perm_test,__perm_alpha=0.02,__perm_delta_k=25,__perm_min_effect=0,__perm_n_perm=200,__perm_post_n=50,__perm_pre_n=200,__perm_rng_seed=0,__perm_stat=delta_fused_score,divergence=0.3,error_rate=0.5,teacher_entropy=0.2",3,0,200,0.0,0,10000,10.0,25.0,200,500,0,0,1.0,0.738125,0.2446231228253619,0.3333333333333333,0.6012007594108582,0.005051588173955679,0,1,5,2,-1,perm_test,1.0,-0.012765914053850875,8,2,6,0.3333333333333333,0.0010538077913224697,1,0.5,0.0,0.0,0.0,0,none,0,1,0,overconfident,0.95,0,mild_drift,0.9603279473572969,0.0012995223909616472,0.8001907408237457,0.8550872053205967,1768131621.5802975,0.4777885377407074,0.09941250085830688
26,1664,1663,sea_abrupt4,sea,ts_drift_adapt,4,"error_divergence_ph_meta@error.threshold=0.10,error.min_instances=5",error_divergence_ph_meta,"{""divergence"": {""alpha"": 0.1, ""delta"": 0.005, ""min_instances"": 30, ""threshold"": 0.05}, ""error_rate"": {""alpha"": 0.15, ""delta"": 0.005, ""min_instances"": 5, ""threshold"": 0.1}}","{""error_rate"": {""min_instances"": 5, ""threshold"": 0.1}}",0.1,0.005,0.15,5,0.05,0.005,0.1,30,,,,-1,two_stage,2,0.5,"__confirm_cooldown=200,__confirm_rule=perm_test,__perm_alpha=0.02,__perm_delta_k=25,__perm_min_effect=0,__perm_n_perm=200,__perm_post_n=50,__perm_pre_n=200,__perm_rng_seed=0,__perm_stat=delta_fused_score,divergence=0.3,error_rate=0.5,teacher_entropy=0.2",3,0,200,0.0,0,10000,10.0,25.0,200,500,0,0,1.0,0.7415865384615384,0.25302331796619254,0.3333333333333333,0.5841766595840454,0.004458120558410883,0,0,5,2,-1,perm_test,1.0,-0.03767998586848796,9,2,7,0.0,0.000593467615544796,0,0.0,0.0,0.0,0.0,0,none,0,1,0,overconfident,0.95,0,mild_drift,0.9603139736786483,0.0012997611954808238,0.800095370411873,0.8550436026602983,1768131621.5902884,0.6110200881958008,0.10461968928575516
27,1728,1727,sea_abrupt4,sea,ts_drift_adapt,4,"error_divergence_ph_meta@error.threshold=0.10,error.min_instances=5",error_divergence_ph_meta,"{""divergence"": {""alpha"": 0.1, ""delta"": 0.005, ""min_instances"": 30, ""threshold"": 0.05}, ""error_rate"": {""alpha"": 0.15, ""delta"": 0.005, ""min_instances"": 5, ""threshold"": 0.1}}","{""error_rate"": {""min_instances"": 5, ""threshold"": 0.1}}",0.1,0.005,0.15,5,0.05,0.005,0.1,30,,,,-1,two_stage,2,0.5,"__confirm_cooldown=200,__confirm_rule=perm_test,__perm_alpha=0.02,__perm_delta_k=25,__perm_min_effect=0,__perm_n_perm=200,__perm_post_n=50,__perm_pre_n=200,__perm_rng_seed=0,__perm_stat=delta_fused_score,divergence=0.3,error_rate=0.5,teacher_entropy=0.2",3,0,200,0.0,0,10000,10.0,25.0,200,500,0,0,1.0,0.7430555555555556,0.26309318908286217,0.16666666666666666,0.6009290814399719,0.0059292856603860855,0,0,5,2,-1,perm_test,1.0,-0.05937658698903134,10,2,8,0.0,0.16666666666666666,0,0.0,0.0,0.0,0.0,0,none,0,1,0,overconfident,0.95,0,mild_drift,0.9603069868393241,0.001299880597740412,0.8000476852059365,0.8550218013301492,1768131621.6004496,0.4235108196735382,0.13075321912765503
28,1792,1791,sea_abrupt4,sea,ts_drift_adapt,4,"error_divergence_ph_meta@error.threshold=0.10,error.min_instances=5",error_divergence_ph_meta,"{""divergence"": {""alpha"": 0.1, ""delta"": 0.005, ""min_instances"": 30, ""threshold"": 0.05}, ""error_rate"": {""alpha"": 0.15, ""delta"": 0.005, ""min_instances"": 5, ""threshold"": 0.1}}","{""error_rate"": {""min_instances"": 5, ""threshold"": 0.1}}",0.1,0.005,0.15,5,0.05,0.005,0.1,30,,,,-1,two_stage,2,0.5,"__confirm_cooldown=200,__confirm_rule=perm_test,__perm_alpha=0.02,__perm_delta_k=25,__perm_min_effect=0,__perm_n_perm=200,__perm_post_n=50,__perm_pre_n=200,__perm_rng_seed=0,__perm_stat=delta_fused_score,divergence=0.3,error_rate=0.5,teacher_entropy=0.2",3,0,200,0.0,0,10000,10.0,25.0,200,500,0,0,1.0,0.7444196428571429,0.2722629704768257,0.16666666666666666,0.5915933847427368,0.006777361501008272,0,0,5,2,-1,perm_test,1.0,-0.010524941329768838,11,2,9,0.0,0.0008480758406221867,0,0.0,0.0,0.0,0.0,0,none,0,1,0,overconfident,0.95,0,mild_drift,0.960303493419662,0.0012999402988702062,0.8000238426029682,0.8550109006650746,1768131621.6130958,0.448760062456131,0.1353376805782318
29,1856,1855,sea_abrupt4,sea,ts_drift_adapt,4,"error_divergence_ph_meta@error.threshold=0.10,error.min_instances=5",error_divergence_ph_meta,"{""divergence"": {""alpha"": 0.1, ""delta"": 0.005, ""min_instances"": 30, ""threshold"": 0.05}, ""error_rate"": {""alpha"": 0.15, ""delta"": 0.005, ""min_instances"": 5, ""threshold"": 0.1}}","{""error_rate"": {""min_instances"": 5, ""threshold"": 0.1}}",0.1,0.005,0.15,5,0.05,0.005,0.1,30,,,,-1,two_stage,2,0.5,"__confirm_cooldown=200,__confirm_rule=perm_test,__perm_alpha=0.02,__perm_delta_k=25,__perm_min_effect=0,__perm_n_perm=200,__perm_post_n=50,__perm_pre_n=200,__perm_rng_seed=0,__perm_stat=delta_fused_score,divergence=0.3,error_rate=0.5,teacher_entropy=0.2",3,0,200,0.0,0,10000,10.0,25.0,200,500,0,0,1.0,0.7462284482758621,0.27953873389178435,0.3333333333333333,0.5892429351806641,0.008678792975842953,0,0,5,2,-1,perm_test,1.0,-0.010524941329768838,11,2,9,0.0,0.16666666666666666,0,0.0,0.0,0.0,0.0,0,none,0,1,0,overconfident,0.95,0,mild_drift,0.9603017467098309,0.0012999701494351033,0.8000119213014841,0.8550054503325373,1768131621.6265905,0.3471270799636841,0.1280938684940338
30,1920,1919,sea_abrupt4,sea,ts_drift_adapt,4,"error_divergence_ph_meta@error.threshold=0.10,error.min_instances=5",error_divergence_ph_meta,"{""divergence"": {""alpha"": 0.1, ""delta"": 0.005, ""min_instances"": 30, ""threshold"": 0.05}, ""error_rate"": {""alpha"": 0.15, ""delta"": 0.005, ""min_instances"": 5, ""threshold"": 0.1}}","{""error_rate"": {""min_instances"": 5, ""threshold"": 0.1}}",0.1,0.005,0.15,5,0.05,0.005,0.1,30,,,,-1,two_stage,2,0.5,"__confirm_cooldown=200,__confirm_rule=perm_test,__perm_alpha=0.02,__perm_delta_k=25,__perm_min_effect=0,__perm_n_perm=200,__perm_post_n=50,__perm_pre_n=200,__perm_rng_seed=0,__perm_stat=delta_fused_score,divergence=0.3,error_rate=0.5,teacher_entropy=0.2",3,0,200,0.0,0,10000,10.0,25.0,200,500,0,0,1.0,0.7473958333333334,0.28810169626283977,0.3333333333333333,0.6007768511772156,0.006144289392977953,1,1,6,3,0,perm_test,0.004975124378109453,0.012653288036623259,12,3,9,0.0,0.0025345035828649998,1,0.5,0.0,0.0,0.0,0,none,1,1,0,overconfident,0.95,0,stable,0.9751508733549155,0.0010499850747175516,0.900005960650742,0.9000027251662687,1768131621.6454747,0.4298096001148224,0.09660327434539795
31,1984,1983,sea_abrupt4,sea,ts_drift_adapt,4,"error_divergence_ph_meta@error.threshold=0.10,error.min_instances=5",error_divergence_ph_meta,"{""divergence"": {""alpha"": 0.1, ""delta"": 0.005, ""min_instances"": 30, ""threshold"": 0.05}, ""error_rate"": {""alpha"": 0.15, ""delta"": 0.005, ""min_instances"": 5, ""threshold"": 0.1}}","{""error_rate"": {""min_instances"": 5, ""threshold"": 0.1}}",0.1,0.005,0.15,5,0.05,0.005,0.1,30,,,,-1,two_stage,2,0.5,"__confirm_cooldown=200,__confirm_rule=perm_test,__perm_alpha=0.02,__perm_delta_k=25,__perm_min_effect=0,__perm_n_perm=200,__perm_post_n=50,__perm_pre_n=200,__perm_rng_seed=0,__perm_stat=delta_fused_score,divergence=0.3,error_rate=0.5,teacher_entropy=0.2",3,0,200,0.0,0,10000,10.0,25.0,200,500,1,136,1.0,0.7494959677419355,0.29733627877146745,0.16666666666666666,0.580011785030365,0.006225379183888435,0,0,6,3,-1,perm_test,0.004975124378109453,0.012653288036623259,12,3,9,0.0,0.16666666666666666,0,0.0,0.0,0.0,0.0,0,none,0,1,0,overconfident,0.95,0,mild_drift,0.9677254366774577,0.0011749925373587759,0.850002980325371,0.8775013625831343,1768131621.6551986,0.3684062659740448,0.026781249791383743
32,2048,2047,sea_abrupt4,sea,ts_drift_adapt,4,"error_divergence_ph_meta@error.threshold=0.10,error.min_instances=5",error_divergence_ph_meta,"{""divergence"": {""alpha"": 0.1, ""delta"": 0.005, ""min_instances"": 30, ""threshold"": 0.05}, ""error_rate"": {""alpha"": 0.15, ""delta"": 0.005, ""min_instances"": 5, ""threshold"": 0.1}}","{""error_rate"": {""min_instances"": 5, ""threshold"": 0.1}}",0.1,0.005,0.15,5,0.05,0.005,0.1,30,,,,-1,two_stage,2,0.5,"__confirm_cooldown=200,__confirm_rule=perm_test,__perm_alpha=0.02,__perm_delta_k=25,__perm_min_effect=0,__perm_n_perm=200,__perm_post_n=50,__perm_pre_n=200,__perm_rng_seed=0,__perm_stat=delta_fused_score,divergence=0.3,error_rate=0.5,teacher_entropy=0.2",3,0,200,0.0,0,10000,10.0,25.0,200,500,1,72,1.0,0.75244140625,0.30166416477006763,0.3333333333333333,0.5676717162132263,0.004591329023241997,0,0,6,3,-1,perm_test,0.004975124378109453,0.012653288036623259,12,3,9,0.0,0.16666666666666666,0,0.0,0.0,0.0,0.0,0,none,0,1,0,overconfident,0.95,0,mild_drift,0.9640127183387288,0.001237496268679388,0.8250014901626855,0.8662506812915671,1768131621.6656933,0.41123008728027344,0.08360917866230011
33,2112,2111,sea_abrupt4,sea,ts_drift_adapt,4,"error_divergence_ph_meta@error.threshold=0.10,error.min_instances=5",error_divergence_ph_meta,"{""divergence"": {""alpha"": 0.1, ""delta"": 0.005, ""min_instances"": 30, ""threshold"": 0.05}, ""error_rate"": {""alpha"": 0.15, ""delta"": 0.005, ""min_instances"": 5, ""threshold"": 0.1}}","{""error_rate"": {""min_instances"": 5, ""threshold"": 0.1}}",0.1,0.005,0.15,5,0.05,0.005,0.1,30,,,,-1,two_stage,2,0.5,"__confirm_cooldown=200,__confirm_rule=perm_test,__perm_alpha=0.02,__perm_delta_k=25,__perm_min_effect=0,__perm_n_perm=200,__perm_post_n=50,__perm_pre_n=200,__perm_rng_seed=0,__perm_stat=delta_fused_score,divergence=0.3,error_rate=0.5,teacher_entropy=0.2",3,0,200,0.0,0,10000,10.0,25.0,200,500,1,8,1.0,0.7547348484848485,0.3044044415733709,0.16666666666666666,0.5717243552207947,0.0074646854773163795,0,0,6,3,-1,perm_test,0.004975124378109453,0.012653288036623259,12,3,9,0.0,0.16666666666666666,0,0.0,0.0,0.0,0.0,0,none,0,1,0,overconfident,0.95,0,mild_drift,0.9621563591693644,0.001268748134339694,0.8125007450813428,0.8606253406457836,1768131621.6752079,0.34739431738853455,0.03361609950661659
34,2176,2175,sea_abrupt4,sea,ts_drift_adapt,4,"error_divergence_ph_meta@error.threshold=0.10,error.min_instances=5",error_divergence_ph_meta,"{""divergence"": {""alpha"": 0.1, ""delta"": 0.005, ""min_instances"": 30, ""threshold"": 0.05}, ""error_rate"": {""alpha"": 0.15, ""delta"": 0.005, ""min_instances"": 5, ""threshold"": 0.1}}","{""error_rate"": {""min_instances"": 5, ""threshold"": 0.1}}",0.1,0.005,0.15,5,0.05,0.005,0.1,30,,,,-1,two_stage,2,0.5,"__confirm_cooldown=200,__confirm_rule=perm_test,__perm_alpha=0.02,__perm_delta_k=25,__perm_min_effect=0,__perm_n_perm=200,__perm_post_n=50,__perm_pre_n=200,__perm_rng_seed=0,__perm_stat=delta_fused_score,divergence=0.3,error_rate=0.5,teacher_entropy=0.2",3,0,200,0.0,0,10000,10.0,25.0,200,500,0,0,1.0,0.7545955882352942,0.30409035211596575,0.0,0.5942219495773315,0.0068752216175198555,0,0,6,3,-1,perm_test,0.004975124378109453,0.012653288036623259,12,3,9,0.0,0.16666666666666666,0,0.0,0.0,0.0,0.0,0,none,0,1,0,overconfident,0.95,0,mild_drift,0.9612281795846822,0.001284374067169847,0.8062503725406714,0.8578126703228918,1768131621.6856215,0.25472795963287354,0.06368988007307053
35,2240,2239,sea_abrupt4,sea,ts_drift_adapt,4,"error_divergence_ph_meta@error.threshold=0.10,error.min_instances=5",error_divergence_ph_meta,"{""divergence"": {""alpha"": 0.1, ""delta"": 0.005, ""min_instances"": 30, ""threshold"": 0.05}, ""error_rate"": {""alpha"": 0.15, ""delta"": 0.005, ""min_instances"": 5, ""threshold"": 0.1}}","{""error_rate"": {""min_instances"": 5, ""threshold"": 0.1}}",0.1,0.005,0.15,5,0.05,0.005,0.1,30,,,,-1,two_stage,2,0.5,"__confirm_cooldown=200,__confirm_rule=perm_test,__perm_alpha=0.02,__perm_delta_k=25,__perm_min_effect=0,__perm_n_perm=200,__perm_post_n=50,__perm_pre_n=200,__perm_rng_seed=0,__perm_stat=delta_fused_score,divergence=0.3,error_rate=0.5,teacher_entropy=0.2",3,0,200,0.0,0,10000,10.0,25.0,200,500,0,0,1.0,0.7575892857142857,0.3129300118623964,0.3333333333333333,0.5775360465049744,0.010433548130095005,1,1,7,4,0,perm_test,0.004975124378109453,0.13537154397369783,13,4,9,0.0,0.3333333333333333,1,0.5,0.0,0.0,0.0,0,none,1,1,0,overconfident,0.95,0,stable,0.9756140897923411,0.0010421870335849234,0.9031251862703358,0.9014063351614459,1768131621.7014933,0.6810763478279114,0.09498485922813416
36,2304,2303,sea_abrupt4,sea,ts_drift_adapt,4,"error_divergence_ph_meta@error.threshold=0.10,error.min_instances=5",error_divergence_ph_meta,"{""divergence"": {""alpha"": 0.1, ""delta"": 0.005, ""min_instances"": 30, ""threshold"": 0.05}, ""error_rate"": {""alpha"": 0.15, ""delta"": 0.005, ""min_instances"": 5, ""threshold"": 0.1}}","{""error_rate"": {""min_instances"": 5, ""threshold"": 0.1}}",0.1,0.005,0.15,5,0.05,0.005,0.1,30,,,,-1,two_stage,2,0.5,"__confirm_cooldown=200,__confirm_rule=perm_test,__perm_alpha=0.02,__perm_delta_k=25,__perm_min_effect=0,__perm_n_perm=200,__perm_post_n=50,__perm_pre_n=200,__perm_rng_seed=0,__perm_stat=delta_fused_score,divergence=0.3,error_rate=0.5,teacher_entropy=0.2",3,0,200,0.0,0,10000,10.0,25.0,200,500,1,136,1.0,0.7569444444444444,0.31474677433232084,0.3333333333333333,0.563427746295929,0.011828756891191006,0,0,7,4,-1,perm_test,0.004975124378109453,0.13537154397369783,13,4,9,0.0,0.0013952087610960007,0,0.0,0.0,0.0,0.0,0,none,0,1,0,overconfident,0.95,0,mild_drift,0.9679570448961705,0.001171093516792462,0.8515625931351679,0.8782031675807229,1768131621.7116137,0.9389578700065613,0.08336079865694046
37,2368,2367,sea_abrupt4,sea,ts_drift_adapt,4,"error_divergence_ph_meta@error.threshold=0.10,error.min_instances=5",error_divergence_ph_meta,"{""divergence"": {""alpha"": 0.1, ""delta"": 0.005, ""min_instances"": 30, ""threshold"": 0.05}, ""error_rate"": {""alpha"": 0.15, ""delta"": 0.005, ""min_instances"": 5, ""threshold"": 0.1}}","{""error_rate"": {""min_instances"": 5, ""threshold"": 0.1}}",0.1,0.005,0.15,5,0.05,0.005,0.1,30,,,,-1,two_stage,2,0.5,"__confirm_cooldown=200,__confirm_rule=perm_test,__perm_alpha=0.02,__perm_delta_k=25,__perm_min_effect=0,__perm_n_perm=200,__perm_post_n=50,__perm_pre_n=200,__perm_rng_seed=0,__perm_stat=delta_fused_score,divergence=0.3,error_rate=0.5,teacher_entropy=0.2",3,0,200,0.0,0,10000,10.0,25.0,200,500,1,72,1.0,0.7597128378378378,0.32553105859314785,0.16666666666666666,0.5666457414627075,0.012699347920715809,0,0,7,4,-1,perm_test,0.004975124378109453,0.13537154397369783,13,4,9,0.0,0.16666666666666666,0,0.0,0.0,0.0,0.0,0,none,0,1,0,overconfident,0.95,0,mild_drift,0.9641285224480852,0.001235546758396231,0.8257812965675839,0.8666015837903615,1768131621.7213826,0.4833364188671112,0.09613069891929626
38,2432,2431,sea_abrupt4,sea,ts_drift_adapt,4,"error_divergence_ph_meta@error.threshold=0.10,error.min_instances=5",error_divergence_ph_meta,"{""divergence"": {""alpha"": 0.1, ""delta"": 0.005, ""min_instances"": 30, ""threshold"": 0.05}, ""error_rate"": {""alpha"": 0.15, ""delta"": 0.005, ""min_instances"": 5, ""threshold"": 0.1}}","{""error_rate"": {""min_instances"": 5, ""threshold"": 0.1}}",0.1,0.005,0.15,5,0.05,0.005,0.1,30,,,,-1,two_stage,2,0.5,"__confirm_cooldown=200,__confirm_rule=perm_test,__perm_alpha=0.02,__perm_delta_k=25,__perm_min_effect=0,__perm_n_perm=200,__perm_post_n=50,__perm_pre_n=200,__perm_rng_seed=0,__perm_stat=delta_fused_score,divergence=0.3,error_rate=0.5,teacher_entropy=0.2",3,0,200,0.0,0,10000,10.0,25.0,200,500,1,8,1.0,0.7611019736842105,0.32780221954969607,0.3333333333333333,0.5600367188453674,0.010599511675536633,0,0,7,4,-1,perm_test,0.004975124378109453,0.13537154397369783,13,4,9,0.0,0.16666666666666666,0,0.0,0.0,0.0,0.0,0,none,0,1,0,overconfident,0.95,0,mild_drift,0.9622142612240425,0.0012677733791981154,0.812890648283792,0.8608007918951808,1768131621.731223,0.928218424320221,0.08577242493629456
39,2496,2495,sea_abrupt4,sea,ts_drift_adapt,4,"error_divergence_ph_meta@error.threshold=0.10,error.min_instances=5",error_divergence_ph_meta,"{""divergence"": {""alpha"": 0.1, ""delta"": 0.005, ""min_instances"": 30, ""threshold"": 0.05}, ""error_rate"": {""alpha"": 0.15, ""delta"": 0.005, ""min_instances"": 5, ""threshold"": 0.1}}","{""error_rate"": {""min_instances"": 5, ""threshold"": 0.1}}",0.1,0.005,0.15,5,0.05,0.005,0.1,30,,,,-1,two_stage,2,0.5,"__confirm_cooldown=200,__confirm_rule=perm_test,__perm_alpha=0.02,__perm_delta_k=25,__perm_min_effect=0,__perm_n_perm=200,__perm_post_n=50,__perm_pre_n=200,__perm_rng_seed=0,__perm_stat=delta_fused_score,divergence=0.3,error_rate=0.5,teacher_entropy=0.2",3,0,200,0.0,0,10000,10.0,25.0,200,500,0,0,1.0,0.7616185897435898,0.3288830805437913,0.0,0.5443791151046753,0.006978192366659641,0,0,7,4,-1,perm_test,0.004975124378109453,0.13537154397369783,13,4,9,0.0,0.3333333333333333,0,0.0,0.0,0.0,0.0,0,none,0,1,0,overconfident,0.95,0,mild_drift,0.9612571306120212,0.0012838866895990577,0.8064453241418961,0.8579003959475904,1768131621.7412605,0.24534554779529572,0.08075682818889618
40,2560,2559,sea_abrupt4,sea,ts_drift_adapt,4,"error_divergence_ph_meta@error.threshold=0.10,error.min_instances=5",error_divergence_ph_meta,"{""divergence"": {""alpha"": 0.1, ""delta"": 0.005, ""min_instances"": 30, ""threshold"": 0.05}, ""error_rate"": {""alpha"": 0.15, ""delta"": 0.005, ""min_instances"": 5, ""threshold"": 0.1}}","{""error_rate"": {""min_instances"": 5, ""threshold"": 0.1}}",0.1,0.005,0.15,5,0.05,0.005,0.1,30,,,,-1,two_stage,2,0.5,"__confirm_cooldown=200,__confirm_rule=perm_test,__perm_alpha=0.02,__perm_delta_k=25,__perm_min_effect=0,__perm_n_perm=200,__perm_post_n=50,__perm_pre_n=200,__perm_rng_seed=0,__perm_stat=delta_fused_score,divergence=0.3,error_rate=0.5,teacher_entropy=0.2",3,0,200,0.0,0,10000,10.0,25.0,200,500,0,0,1.0,0.760546875,0.3252590989924979,0.5,0.5371429324150085,0.007153254002332687,1,1,8,5,0,perm_test,0.004975124378109453,0.211866564466494,14,5,9,0.16666666666666669,0.5,1,0.5,0.0,0.0,0.0,0,none,1,1,0,overconfident,0.95,0,severe_drift,0.9261285653060106,0.0016419433447995289,0.653222662070948,0.8339501979737952,1768131621.7567248,0.7067057490348816,0.07148796319961548
41,2624,2623,sea_abrupt4,sea,ts_drift_adapt,4,"error_divergence_ph_meta@error.threshold=0.10,error.min_instances=5",error_divergence_ph_meta,"{""divergence"": {""alpha"": 0.1, ""delta"": 0.005, ""min_instances"": 30, ""threshold"": 0.05}, ""error_rate"": {""alpha"": 0.15, ""delta"": 0.005, ""min_instances"": 5, ""threshold"": 0.1}}","{""error_rate"": {""min_instances"": 5, ""threshold"": 0.1}}",0.1,0.005,0.15,5,0.05,0.005,0.1,30,,,,-1,two_stage,2,0.5,"__confirm_cooldown=200,__confirm_rule=perm_test,__perm_alpha=0.02,__perm_delta_k=25,__perm_min_effect=0,__perm_n_perm=200,__perm_post_n=50,__perm_pre_n=200,__perm_rng_seed=0,__perm_stat=delta_fused_score,divergence=0.3,error_rate=0.5,teacher_entropy=0.2",3,0,200,0.0,0,10000,10.0,25.0,200,500,1,136,1.0,0.7610518292682927,0.3299001151827858,0.16666666666666666,0.5476716160774231,0.005721742287278175,0,0,8,5,-1,perm_test,0.004975124378109453,0.211866564466494,14,5,9,0.0,0.33333333333333337,0,0.0,0.0,0.0,0.0,0,none,0,1,0,overconfident,0.95,0,mild_drift,0.9432142826530052,0.0014709716723997645,0.726611331035474,0.8444750989868977,1768131621.7666337,0.45271381735801697,0.09136626869440079
42,2688,2687,sea_abrupt4,sea,ts_drift_adapt,4,"error_divergence_ph_meta@error.threshold=0.10,error.min_instances=5",error_divergence_ph_meta,"{""divergence"": {""alpha"": 0.1, ""delta"": 0.005, ""min_instances"": 30, ""threshold"": 0.05}, ""error_rate"": {""alpha"": 0.15, ""delta"": 0.005, ""min_instances"": 5, ""threshold"": 0.1}}","{""error_rate"": {""min_instances"": 5, ""threshold"": 0.1}}",0.1,0.005,0.15,5,0.05,0.005,0.1,30,,,,-1,two_stage,2,0.5,"__confirm_cooldown=200,__confirm_rule=perm_test,__perm_alpha=0.02,__perm_delta_k=25,__perm_min_effect=0,__perm_n_perm=200,__perm_post_n=50,__perm_pre_n=200,__perm_rng_seed=0,__perm_stat=delta_fused_score,divergence=0.3,error_rate=0.5,teacher_entropy=0.2",3,0,200,0.0,0,10000,10.0,25.0,200,500,1,72,1.0,0.7622767857142857,0.33317493815600063,0.16666666666666666,0.5129955410957336,0.00496168015524745,0,0,8,5,-1,perm_test,0.004975124378109453,0.211866564466494,14,5,9,0.0,0.0007600621320307255,0,0.0,0.0,0.0,0.0,0,none,0,1,0,overconfident,0.95,0,mild_drift,0.9517571413265026,0.0013854858361998824,0.763305665517737,0.8497375494934488,1768131621.7763498,0.3492144048213959,0.09417276829481125
43,2752,2751,sea_abrupt4,sea,ts_drift_adapt,4,"error_divergence_ph_meta@error.threshold=0.10,error.min_instances=5",error_divergence_ph_meta,"{""divergence"": {""alpha"": 0.1, ""delta"": 0.005, ""min_instances"": 30, ""threshold"": 0.05}, ""error_rate"": {""alpha"": 0.15, ""delta"": 0.005, ""min_instances"": 5, ""threshold"": 0.1}}","{""error_rate"": {""min_instances"": 5, ""threshold"": 0.1}}",0.1,0.005,0.15,5,0.05,0.005,0.1,30,,,,-1,two_stage,2,0.5,"__confirm_cooldown=200,__confirm_rule=perm_test,__perm_alpha=0.02,__perm_delta_k=25,__perm_min_effect=0,__perm_n_perm=200,__perm_post_n=50,__perm_pre_n=200,__perm_rng_seed=0,__perm_stat=delta_fused_score,divergence=0.3,error_rate=0.5,teacher_entropy=0.2",3,0,200,0.0,0,10000,10.0,25.0,200,500,1,8,1.0,0.764171511627907,0.33601102801764815,0.16666666666666666,0.5105077028274536,0.005830656737089157,0,0,8,5,-1,perm_test,0.004975124378109453,0.211866564466494,14,5,9,0.0,0.0008689765818417072,0,0.0,0.0,0.0,0.0,0,none,0,1,0,overconfident,0.95,0,mild_drift,0.9560285706632512,0.0013427429180999412,0.7816528327588685,0.8523687747467243,1768131621.7863417,0.6001625657081604,0.07713393867015839
44,2816,2815,sea_abrupt4,sea,ts_drift_adapt,4,"error_divergence_ph_meta@error.threshold=0.10,error.min_instances=5",error_divergence_ph_meta,"{""divergence"": {""alpha"": 0.1, ""delta"": 0.005, ""min_instances"": 30, ""threshold"": 0.05}, ""error_rate"": {""alpha"": 0.15, ""delta"": 0.005, ""min_instances"": 5, ""threshold"": 0.1}}","{""error_rate"": {""min_instances"": 5, ""threshold"": 0.1}}",0.1,0.005,0.15,5,0.05,0.005,0.1,30,,,,-1,two_stage,2,0.5,"__confirm_cooldown=200,__confirm_rule=perm_test,__perm_alpha=0.02,__perm_delta_k=25,__perm_min_effect=0,__perm_n_perm=200,__perm_post_n=50,__perm_pre_n=200,__perm_rng_seed=0,__perm_stat=delta_fused_score,divergence=0.3,error_rate=0.5,teacher_entropy=0.2",3,0,200,0.0,0,10000,10.0,25.0,200,500,0,0,1.0,0.7645596590909091,0.3400401276506096,0.3333333333333333,0.5191707611083984,0.00425900612026453,0,0,8,5,-1,perm_test,0.004975124378109453,0.211866564466494,14,5,9,0.0,0.16666666666666666,0,0.0,0.0,0.0,0.0,0,none,0,1,0,overconfident,0.95,0,mild_drift,0.9581642853316256,0.0013213714590499708,0.7908264163794343,0.8536843873733622,1768131621.7966592,0.8764024376869202,0.0920732244849205
45,2880,2879,sea_abrupt4,sea,ts_drift_adapt,4,"error_divergence_ph_meta@error.threshold=0.10,error.min_instances=5",error_divergence_ph_meta,"{""divergence"": {""alpha"": 0.1, ""delta"": 0.005, ""min_instances"": 30, ""threshold"": 0.05}, ""error_rate"": {""alpha"": 0.15, ""delta"": 0.005, ""min_instances"": 5, ""threshold"": 0.1}}","{""error_rate"": {""min_instances"": 5, ""threshold"": 0.1}}",0.1,0.005,0.15,5,0.05,0.005,0.1,30,,,,-1,two_stage,2,0.5,"__confirm_cooldown=200,__confirm_rule=perm_test,__perm_alpha=0.02,__perm_delta_k=25,__perm_min_effect=0,__perm_n_perm=200,__perm_post_n=50,__perm_pre_n=200,__perm_rng_seed=0,__perm_stat=delta_fused_score,divergence=0.3,error_rate=0.5,teacher_entropy=0.2",3,0,200,0.0,0,10000,10.0,25.0,200,500,0,0,1.0,0.7645833333333333,0.34216625879968504,0.16666666666666666,0.5186948180198669,0.004905163310468197,0,1,9,5,-1,perm_test,1.0,-0.07768110075320474,15,5,10,0.33333333333333337,0.16666666666666666,1,0.5,0.0,0.0,0.0,0,none,0,1,0,overconfident,0.95,0,mild_drift,0.9592321426658128,0.0013106857295249854,0.7954132081897172,0.8543421936866811,1768131621.8070946,0.6047304272651672,0.10859338939189911
46,2944,2943,sea_abrupt4,sea,ts_drift_adapt,4,"error_divergence_ph_meta@error.threshold=0.10,error.min_instances=5",error_divergence_ph_meta,"{""divergence"": {""alpha"": 0.1, ""delta"": 0.005, ""min_instances"": 30, ""threshold"": 0.05}, ""error_rate"": {""alpha"": 0.15, ""delta"": 0.005, ""min_instances"": 5, ""threshold"": 0.1}}","{""error_rate"": {""min_instances"": 5, ""threshold"": 0.1}}",0.1,0.005,0.15,5,0.05,0.005,0.1,30,,,,-1,two_stage,2,0.5,"__confirm_cooldown=200,__confirm_rule=perm_test,__perm_alpha=0.02,__perm_delta_k=25,__perm_min_effect=0,__perm_n_perm=200,__perm_post_n=50,__perm_pre_n=200,__perm_rng_seed=0,__perm_stat=delta_fused_score,divergence=0.3,error_rate=0.5,teacher_entropy=0.2",3,0,200,0.0,0,10000,10.0,25.0,200,500,0,0,1.0,0.766983695652174,0.3481937050943671,0.0,0.5363255739212036,0.004020971246063709,0,0,9,5,-1,perm_test,1.0,-0.001434574931273665,16,5,11,0.0,0.16666666666666666,0,0.0,0.0,0.0,0.0,0,none,0,1,0,overconfident,0.95,0,mild_drift,0.9597660713329064,0.0013053428647624927,0.7977066040948586,0.8546710968433405,1768131621.8174963,0.29039570689201355,0.12340067327022552
47,3008,3007,sea_abrupt4,sea,ts_drift_adapt,4,"error_divergence_ph_meta@error.threshold=0.10,error.min_instances=5",error_divergence_ph_meta,"{""divergence"": {""alpha"": 0.1, ""delta"": 0.005, ""min_instances"": 30, ""threshold"": 0.05}, ""error_rate"": {""alpha"": 0.15, ""delta"": 0.005, ""min_instances"": 5, ""threshold"": 0.1}}","{""error_rate"": {""min_instances"": 5, ""threshold"": 0.1}}",0.1,0.005,0.15,5,0.05,0.005,0.1,30,,,,-1,two_stage,2,0.5,"__confirm_cooldown=200,__confirm_rule=perm_test,__perm_alpha=0.02,__perm_delta_k=25,__perm_min_effect=0,__perm_n_perm=200,__perm_post_n=50,__perm_pre_n=200,__perm_rng_seed=0,__perm_stat=delta_fused_score,divergence=0.3,error_rate=0.5,teacher_entropy=0.2",3,0,200,0.0,0,10000,10.0,25.0,200,500,0,0,1.0,0.7679521276595744,0.35320954802569654,0.3333333333333333,0.5806674361228943,0.006494353991001844,1,0,9,6,2,perm_test,0.004975124378109453,0.07637430560139993,17,6,11,0.0,0.3333333333333333,0,0.0,0.0,0.0,0.0,0,none,1,1,0,overconfident,0.95,0,stable,0.9748830356664532,0.0010526714323812463,0.8988533020474293,0.8998355484216702,1768131621.833794,0.5702858567237854,0.16185349225997925
48,3072,3071,sea_abrupt4,sea,ts_drift_adapt,4,"error_divergence_ph_meta@error.threshold=0.10,error.min_instances=5",error_divergence_ph_meta,"{""divergence"": {""alpha"": 0.1, ""delta"": 0.005, ""min_instances"": 30, ""threshold"": 0.05}, ""error_rate"": {""alpha"": 0.15, ""delta"": 0.005, ""min_instances"": 5, ""threshold"": 0.1}}","{""error_rate"": {""min_instances"": 5, ""threshold"": 0.1}}",0.1,0.005,0.15,5,0.05,0.005,0.1,30,,,,-1,two_stage,2,0.5,"__confirm_cooldown=200,__confirm_rule=perm_test,__perm_alpha=0.02,__perm_delta_k=25,__perm_min_effect=0,__perm_n_perm=200,__perm_post_n=50,__perm_pre_n=200,__perm_rng_seed=0,__perm_stat=delta_fused_score,divergence=0.3,error_rate=0.5,teacher_entropy=0.2",3,0,200,0.0,0,10000,10.0,25.0,200,500,1,136,1.0,0.7685546875,0.354466204665877,0.0,0.5112344026565552,0.004834226798266172,0,0,9,6,-1,perm_test,0.004975124378109453,0.07637430560139993,17,6,11,0.0,0.3333333333333333,0,0.0,0.0,0.0,0.0,0,none,0,1,0,overconfident,0.95,0,mild_drift,0.9675915178332266,0.0011763357161906232,0.8494266510237147,0.8774177742108351,1768131621.8441563,0.293651282787323,0.10057288408279419
49,3136,3135,sea_abrupt4,sea,ts_drift_adapt,4,"error_divergence_ph_meta@error.threshold=0.10,error.min_instances=5",error_divergence_ph_meta,"{""divergence"": {""alpha"": 0.1, ""delta"": 0.005, ""min_instances"": 30, ""threshold"": 0.05}, ""error_rate"": {""alpha"": 0.15, ""delta"": 0.005, ""min_instances"": 5, ""threshold"": 0.1}}","{""error_rate"": {""min_instances"": 5, ""threshold"": 0.1}}",0.1,0.005,0.15,5,0.05,0.005,0.1,30,,,,-1,two_stage,2,0.5,"__confirm_cooldown=200,__confirm_rule=perm_test,__perm_alpha=0.02,__perm_delta_k=25,__perm_min_effect=0,__perm_n_perm=200,__perm_post_n=50,__perm_pre_n=200,__perm_rng_seed=0,__perm_stat=delta_fused_score,divergence=0.3,error_rate=0.5,teacher_entropy=0.2",3,0,200,0.0,0,10000,10.0,25.0,200,500,1,72,1.0,0.7700892857142857,0.360471378338138,0.16666666666666666,0.5102705359458923,0.004514585714787245,0,0,9,6,-1,perm_test,0.004975124378109453,0.07637430560139993,17,6,11,0.0,0.16666666666666666,0,0.0,0.0,0.0,0.0,0,none,0,1,0,overconfident,0.95,0,mild_drift,0.9639457589166133,0.0012381678580953117,0.8247133255118574,0.8662088871054175,1768131621.8560088,0.3102109432220459,0.07774608582258224
50,3200,3199,sea_abrupt4,sea,ts_drift_adapt,4,"error_divergence_ph_meta@error.threshold=0.10,error.min_instances=5",error_divergence_ph_meta,"{""divergence"": {""alpha"": 0.1, ""delta"": 0.005, ""min_instances"": 30, ""threshold"": 0.05}, ""error_rate"": {""alpha"": 0.15, ""delta"": 0.005, ""min_instances"": 5, ""threshold"": 0.1}}","{""error_rate"": {""min_instances"": 5, ""threshold"": 0.1}}",0.1,0.005,0.15,5,0.05,0.005,0.1,30,,,,-1,two_stage,2,0.5,"__confirm_cooldown=200,__confirm_rule=perm_test,__perm_alpha=0.02,__perm_delta_k=25,__perm_min_effect=0,__perm_n_perm=200,__perm_post_n=50,__perm_pre_n=200,__perm_rng_seed=0,__perm_stat=delta_fused_score,divergence=0.3,error_rate=0.5,teacher_entropy=0.2",3,0,200,0.0,0,10000,10.0,25.0,200,500,1,8,1.0,0.76875,0.3584168502277242,0.16666666666666666,0.5446596145629883,0.005119189620018005,0,1,9,6,-1,perm_test,0.004975124378109453,0.07637430560139993,17,6,11,0.0,0.0006046039052307606,1,0.5,0.0,0.0,0.0,0,none,0,1,0,overconfident,0.95,0,mild_drift,0.9621228794583065,0.001269083929047656,0.8123566627559287,0.8606044435527087,1768131621.8685787,0.38229385018348694,0.11361642181873322
51,3264,3263,sea_abrupt4,sea,ts_drift_adapt,4,"error_divergence_ph_meta@error.threshold=0.10,error.min_instances=5",error_divergence_ph_meta,"{""divergence"": {""alpha"": 0.1, ""delta"": 0.005, ""min_instances"": 30, ""threshold"": 0.05}, ""error_rate"": {""alpha"": 0.15, ""delta"": 0.005, ""min_instances"": 5, ""threshold"": 0.1}}","{""error_rate"": {""min_instances"": 5, ""threshold"": 0.1}}",0.1,0.005,0.15,5,0.05,0.005,0.1,30,,,,-1,two_stage,2,0.5,"__confirm_cooldown=200,__confirm_rule=perm_test,__perm_alpha=0.02,__perm_delta_k=25,__perm_min_effect=0,__perm_n_perm=200,__perm_post_n=50,__perm_pre_n=200,__perm_rng_seed=0,__perm_stat=delta_fused_score,divergence=0.3,error_rate=0.5,teacher_entropy=0.2",3,0,200,0.0,0,10000,10.0,25.0,200,500,0,0,1.0,0.7683823529411765,0.3569542219111269,0.16666666666666666,0.5133716464042664,0.004867019131779671,0,0,9,6,-1,perm_test,0.004975124378109453,0.07637430560139993,17,6,11,0.0,0.00025217048823833466,0,0.0,0.0,0.0,0.0,0,none,0,1,0,overconfident,0.95,0,mild_drift,0.9612114397291532,0.0012845419645238281,0.8061783313779644,0.8578022217763543,1768131621.8811498,0.29637086391448975,0.08130204677581787
52,3328,3327,sea_abrupt4,sea,ts_drift_adapt,4,"error_divergence_ph_meta@error.threshold=0.10,error.min_instances=5",error_divergence_ph_meta,"{""divergence"": {""alpha"": 0.1, ""delta"": 0.005, ""min_instances"": 30, ""threshold"": 0.05}, ""error_rate"": {""alpha"": 0.15, ""delta"": 0.005, ""min_instances"": 5, ""threshold"": 0.1}}","{""error_rate"": {""min_instances"": 5, ""threshold"": 0.1}}",0.1,0.005,0.15,5,0.05,0.005,0.1,30,,,,-1,two_stage,2,0.5,"__confirm_cooldown=200,__confirm_rule=perm_test,__perm_alpha=0.02,__perm_delta_k=25,__perm_min_effect=0,__perm_n_perm=200,__perm_post_n=50,__perm_pre_n=200,__perm_rng_seed=0,__perm_stat=delta_fused_score,divergence=0.3,error_rate=0.5,teacher_entropy=0.2",3,0,200,0.0,0,10000,10.0,25.0,200,500,0,0,1.0,0.7692307692307693,0.3560459129299048,0.16666666666666666,0.5007247924804688,0.0035272473469376564,0,0,9,6,-1,perm_test,0.004975124378109453,0.07637430560139993,17,6,11,0.0,0.0013397717848420143,0,0.0,0.0,0.0,0.0,0,none,0,1,0,overconfident,0.95,0,mild_drift,0.9607557198645766,0.001292270982261914,0.8030891656889823,0.8564011108881772,1768131621.893077,0.4273717403411865,0.07331735640764236
53,3392,3391,sea_abrupt4,sea,ts_drift_adapt,4,"error_divergence_ph_meta@error.threshold=0.10,error.min_instances=5",error_divergence_ph_meta,"{""divergence"": {""alpha"": 0.1, ""delta"": 0.005, ""min_instances"": 30, ""threshold"": 0.05}, ""error_rate"": {""alpha"": 0.15, ""delta"": 0.005, ""min_instances"": 5, ""threshold"": 0.1}}","{""error_rate"": {""min_instances"": 5, ""threshold"": 0.1}}",0.1,0.005,0.15,5,0.05,0.005,0.1,30,,,,-1,two_stage,2,0.5,"__confirm_cooldown=200,__confirm_rule=perm_test,__perm_alpha=0.02,__perm_delta_k=25,__perm_min_effect=0,__perm_n_perm=200,__perm_post_n=50,__perm_pre_n=200,__perm_rng_seed=0,__perm_stat=delta_fused_score,divergence=0.3,error_rate=0.5,teacher_entropy=0.2",3,0,200,0.0,0,10000,10.0,25.0,200,500,0,0,1.0,0.7715212264150944,0.36404041420593597,0.16666666666666666,0.5583536028862,0.005652150604873896,0,0,9,6,-1,perm_test,0.004975124378109453,0.07637430560139993,17,6,11,0.0,0.0021249032579362392,0,0.0,0.0,0.0,0.0,0,none,0,1,0,overconfident,0.95,0,mild_drift,0.9605278599322883,0.001296135491130957,0.8015445828444911,0.8557005554440886,1768131621.9033113,0.6823842525482178,0.08339741826057434
54,3456,3455,sea_abrupt4,sea,ts_drift_adapt,4,"error_divergence_ph_meta@error.threshold=0.10,error.min_instances=5",error_divergence_ph_meta,"{""divergence"": {""alpha"": 0.1, ""delta"": 0.005, ""min_instances"": 30, ""threshold"": 0.05}, ""error_rate"": {""alpha"": 0.15, ""delta"": 0.005, ""min_instances"": 5, ""threshold"": 0.1}}","{""error_rate"": {""min_instances"": 5, ""threshold"": 0.1}}",0.1,0.005,0.15,5,0.05,0.005,0.1,30,,,,-1,two_stage,2,0.5,"__confirm_cooldown=200,__confirm_rule=perm_test,__perm_alpha=0.02,__perm_delta_k=25,__perm_min_effect=0,__perm_n_perm=200,__perm_post_n=50,__perm_pre_n=200,__perm_rng_seed=0,__perm_stat=delta_fused_score,divergence=0.3,error_rate=0.5,teacher_entropy=0.2",3,0,200,0.0,0,10000,10.0,25.0,200,500,0,0,1.0,0.7728587962962963,0.36738188778079994,0.16666666666666666,0.49460887908935547,0.007380077149719,0,0,9,6,-1,perm_test,0.004975124378109453,0.07637430560139993,17,6,11,0.0,0.0017279265448451042,0,0.0,0.0,0.0,0.0,0,none,0,1,0,overconfident,0.95,0,mild_drift,0.960413929966144,0.0012980677455654787,0.8007722914222456,0.8553502777220443,1768131621.9136307,0.3084913492202759,0.09755438566207886
55,3520,3519,sea_abrupt4,sea,ts_drift_adapt,4,"error_divergence_ph_meta@error.threshold=0.10,error.min_instances=5",error_divergence_ph_meta,"{""divergence"": {""alpha"": 0.1, ""delta"": 0.005, ""min_instances"": 30, ""threshold"": 0.05}, ""error_rate"": {""alpha"": 0.15, ""delta"": 0.005, ""min_instances"": 5, ""threshold"": 0.1}}","{""error_rate"": {""min_instances"": 5, ""threshold"": 0.1}}",0.1,0.005,0.15,5,0.05,0.005,0.1,30,,,,-1,two_stage,2,0.5,"__confirm_cooldown=200,__confirm_rule=perm_test,__perm_alpha=0.02,__perm_delta_k=25,__perm_min_effect=0,__perm_n_perm=200,__perm_post_n=50,__perm_pre_n=200,__perm_rng_seed=0,__perm_stat=delta_fused_score,divergence=0.3,error_rate=0.5,teacher_entropy=0.2",3,0,200,0.0,0,10000,10.0,25.0,200,500,0,0,1.0,0.7741477272727273,0.3691085005325064,0.16666666666666666,0.520808756351471,0.007428993005305529,0,0,9,6,-1,perm_test,0.004975124378109453,0.07637430560139993,17,6,11,0.0,4.891585558652878e-05,0,0.0,0.0,0.0,0.0,0,none,0,1,0,overconfident,0.95,0,mild_drift,0.960356964983072,0.0012990338727827395,0.8003861457111228,0.8551751388610221,1768131621.923934,0.31143975257873535,0.08172401785850525
56,3584,3583,sea_abrupt4,sea,ts_drift_adapt,4,"error_divergence_ph_meta@error.threshold=0.10,error.min_instances=5",error_divergence_ph_meta,"{""divergence"": {""alpha"": 0.1, ""delta"": 0.005, ""min_instances"": 30, ""threshold"": 0.05}, ""error_rate"": {""alpha"": 0.15, ""delta"": 0.005, ""min_instances"": 5, ""threshold"": 0.1}}","{""error_rate"": {""min_instances"": 5, ""threshold"": 0.1}}",0.1,0.005,0.15,5,0.05,0.005,0.1,30,,,,-1,two_stage,2,0.5,"__confirm_cooldown=200,__confirm_rule=perm_test,__perm_alpha=0.02,__perm_delta_k=25,__perm_min_effect=0,__perm_n_perm=200,__perm_post_n=50,__perm_pre_n=200,__perm_rng_seed=0,__perm_stat=delta_fused_score,divergence=0.3,error_rate=0.5,teacher_entropy=0.2",3,0,200,0.0,0,10000,10.0,25.0,200,500,0,0,1.0,0.7745535714285714,0.3739453777788346,0.3333333333333333,0.5517386794090271,0.008170460350811481,1,1,10,7,0,perm_test,0.004975124378109453,0.06926689096516529,18,7,11,0.16666666666666666,0.16666666666666666,1,0.5,0.0,0.0,0.0,0,none,1,1,0,overconfident,0.95,0,severe_drift,0.9256784824915361,0.0016495169363913698,0.6501930728555614,0.8325875694305112,1768131621.9400558,0.821678876876831,0.07287536561489105
57,3648,3647,sea_abrupt4,sea,ts_drift_adapt,4,"error_divergence_ph_meta@error.threshold=0.10,error.min_instances=5",error_divergence_ph_meta,"{""divergence"": {""alpha"": 0.1, ""delta"": 0.005, ""min_instances"": 30, ""threshold"": 0.05}, ""error_rate"": {""alpha"": 0.15, ""delta"": 0.005, ""min_instances"": 5, ""threshold"": 0.1}}","{""error_rate"": {""min_instances"": 5, ""threshold"": 0.1}}",0.1,0.005,0.15,5,0.05,0.005,0.1,30,,,,-1,two_stage,2,0.5,"__confirm_cooldown=200,__confirm_rule=perm_test,__perm_alpha=0.02,__perm_delta_k=25,__perm_min_effect=0,__perm_n_perm=200,__perm_post_n=50,__perm_pre_n=200,__perm_rng_seed=0,__perm_stat=delta_fused_score,divergence=0.3,error_rate=0.5,teacher_entropy=0.2",3,0,200,0.0,0,10000,10.0,25.0,200,500,1,136,1.0,0.7760416666666666,0.37894077922467595,0.0,0.5270057320594788,0.00970310065895319,0,0,10,7,-1,perm_test,0.004975124378109453,0.06926689096516529,18,7,11,0.0,0.3333333333333333,0,0.0,0.0,0.0,0.0,0,none,0,1,0,overconfident,0.95,0,mild_drift,0.942989241245768,0.001474758468195685,0.7250965364277807,0.8437937847152556,1768131621.9515,0.2758716642856598,0.09470294415950775
58,3712,3711,sea_abrupt4,sea,ts_drift_adapt,4,"error_divergence_ph_meta@error.threshold=0.10,error.min_instances=5",error_divergence_ph_meta,"{""divergence"": {""alpha"": 0.1, ""delta"": 0.005, ""min_instances"": 30, ""threshold"": 0.05}, ""error_rate"": {""alpha"": 0.15, ""delta"": 0.005, ""min_instances"": 5, ""threshold"": 0.1}}","{""error_rate"": {""min_instances"": 5, ""threshold"": 0.1}}",0.1,0.005,0.15,5,0.05,0.005,0.1,30,,,,-1,two_stage,2,0.5,"__confirm_cooldown=200,__confirm_rule=perm_test,__perm_alpha=0.02,__perm_delta_k=25,__perm_min_effect=0,__perm_n_perm=200,__perm_post_n=50,__perm_pre_n=200,__perm_rng_seed=0,__perm_stat=delta_fused_score,divergence=0.3,error_rate=0.5,teacher_entropy=0.2",3,0,200,0.0,0,10000,10.0,25.0,200,500,1,72,1.0,0.7772090517241379,0.3830020380189009,0.0,0.49909883737564087,0.006819317117333412,0,0,10,7,-1,perm_test,0.004975124378109453,0.06926689096516529,18,7,11,0.0,0.0028837835416197777,0,0.0,0.0,0.0,0.0,0,none,0,1,0,overconfident,0.95,0,mild_drift,0.9516446206228839,0.0013873792340978425,0.7625482682138904,0.8493968923576278,1768131621.9620805,0.09387034177780151,0.0932609885931015
59,3776,3775,sea_abrupt4,sea,ts_drift_adapt,4,"error_divergence_ph_meta@error.threshold=0.10,error.min_instances=5",error_divergence_ph_meta,"{""divergence"": {""alpha"": 0.1, ""delta"": 0.005, ""min_instances"": 30, ""threshold"": 0.05}, ""error_rate"": {""alpha"": 0.15, ""delta"": 0.005, ""min_instances"": 5, ""threshold"": 0.1}}","{""error_rate"": {""min_instances"": 5, ""threshold"": 0.1}}",0.1,0.005,0.15,5,0.05,0.005,0.1,30,,,,-1,two_stage,2,0.5,"__confirm_cooldown=200,__confirm_rule=perm_test,__perm_alpha=0.02,__perm_delta_k=25,__perm_min_effect=0,__perm_n_perm=200,__perm_post_n=50,__perm_pre_n=200,__perm_rng_seed=0,__perm_stat=delta_fused_score,divergence=0.3,error_rate=0.5,teacher_entropy=0.2",3,0,200,0.0,0,10000,10.0,25.0,200,500,1,8,1.0,0.776218220338983,0.38121985824405374,0.16666666666666666,0.5046588778495789,0.008875935338437557,0,0,10,7,-1,perm_test,0.004975124378109453,0.06926689096516529,18,7,11,0.0,0.16666666666666666,0,0.0,0.0,0.0,0.0,0,none,0,1,0,overconfident,0.95,0,mild_drift,0.9559723103114419,0.0013436896170489214,0.7812741341069452,0.8521984461788139,1768131621.9721057,0.3455292880535126,0.08491285145282745
60,3840,3839,sea_abrupt4,sea,ts_drift_adapt,4,"error_divergence_ph_meta@error.threshold=0.10,error.min_instances=5",error_divergence_ph_meta,"{""divergence"": {""alpha"": 0.1, ""delta"": 0.005, ""min_instances"": 30, ""threshold"": 0.05}, ""error_rate"": {""alpha"": 0.15, ""delta"": 0.005, ""min_instances"": 5, ""threshold"": 0.1}}","{""error_rate"": {""min_instances"": 5, ""threshold"": 0.1}}",0.1,0.005,0.15,5,0.05,0.005,0.1,30,,,,-1,two_stage,2,0.5,"__confirm_cooldown=200,__confirm_rule=perm_test,__perm_alpha=0.02,__perm_delta_k=25,__perm_min_effect=0,__perm_n_perm=200,__perm_post_n=50,__perm_pre_n=200,__perm_rng_seed=0,__perm_stat=delta_fused_score,divergence=0.3,error_rate=0.5,teacher_entropy=0.2",3,0,200,0.0,0,10000,10.0,25.0,200,500,0,0,1.0,0.7765625,0.38094493680780217,0.3333333333333333,0.48010995984077454,0.007793961558490992,0,0,10,7,-1,perm_test,0.004975124378109453,0.06926689096516529,18,7,11,0.0,0.16666666666666666,0,0.0,0.0,0.0,0.0,0,none,0,1,0,overconfident,0.95,0,mild_drift,0.9581361551557209,0.001321844808524461,0.7906370670534726,0.8535992230894069,1768131621.9824345,0.44582462310791016,0.08238093554973602
61,3904,3903,sea_abrupt4,sea,ts_drift_adapt,4,"error_divergence_ph_meta@error.threshold=0.10,error.min_instances=5",error_divergence_ph_meta,"{""divergence"": {""alpha"": 0.1, ""delta"": 0.005, ""min_instances"": 30, ""threshold"": 0.05}, ""error_rate"": {""alpha"": 0.15, ""delta"": 0.005, ""min_instances"": 5, ""threshold"": 0.1}}","{""error_rate"": {""min_instances"": 5, ""threshold"": 0.1}}",0.1,0.005,0.15,5,0.05,0.005,0.1,30,,,,-1,two_stage,2,0.5,"__confirm_cooldown=200,__confirm_rule=perm_test,__perm_alpha=0.02,__perm_delta_k=25,__perm_min_effect=0,__perm_n_perm=200,__perm_post_n=50,__perm_pre_n=200,__perm_rng_seed=0,__perm_stat=delta_fused_score,divergence=0.3,error_rate=0.5,teacher_entropy=0.2",3,0,200,0.0,0,10000,10.0,25.0,200,500,0,0,1.0,0.7768954918032787,0.38116823698725555,0.16666666666666666,0.4614691138267517,0.005975203588604927,0,1,11,7,-1,perm_test,1.0,-0.10595892978024313,19,7,12,0.16666666666666666,0.16666666666666666,1,0.5,0.0,0.0,0.0,0,none,0,1,0,overconfident,0.95,0,mild_drift,0.9592180775778605,0.0013109224042622304,0.7953185335267363,0.8542996115447035,1768131621.9928267,0.2130882292985916,0.08562423288822174
62,3968,3967,sea_abrupt4,sea,ts_drift_adapt,4,"error_divergence_ph_meta@error.threshold=0.10,error.min_instances=5",error_divergence_ph_meta,"{""divergence"": {""alpha"": 0.1, ""delta"": 0.005, ""min_instances"": 30, ""threshold"": 0.05}, ""error_rate"": {""alpha"": 0.15, ""delta"": 0.005, ""min_instances"": 5, ""threshold"": 0.1}}","{""error_rate"": {""min_instances"": 5, ""threshold"": 0.1}}",0.1,0.005,0.15,5,0.05,0.005,0.1,30,,,,-1,two_stage,2,0.5,"__confirm_cooldown=200,__confirm_rule=perm_test,__perm_alpha=0.02,__perm_delta_k=25,__perm_min_effect=0,__perm_n_perm=200,__perm_post_n=50,__perm_pre_n=200,__perm_rng_seed=0,__perm_stat=delta_fused_score,divergence=0.3,error_rate=0.5,teacher_entropy=0.2",3,0,200,0.0,0,10000,10.0,25.0,200,500,0,0,1.0,0.7772177419354839,0.382352858314058,0.0,0.4838826358318329,0.008023574016988277,0,0,11,7,-1,perm_test,1.0,-0.05986357009612654,20,7,13,0.0,0.16666666666666666,0,0.0,0.0,0.0,0.0,0,none,0,1,0,overconfident,0.95,0,mild_drift,0.9597590387889302,0.0013054612021311152,0.7976592667633682,0.8546498057723517,1768131622.0032809,0.12844358384609222,0.08915750682353973
63,4032,4031,sea_abrupt4,sea,ts_drift_adapt,4,"error_divergence_ph_meta@error.threshold=0.10,error.min_instances=5",error_divergence_ph_meta,"{""divergence"": {""alpha"": 0.1, ""delta"": 0.005, ""min_instances"": 30, ""threshold"": 0.05}, ""error_rate"": {""alpha"": 0.15, ""delta"": 0.005, ""min_instances"": 5, ""threshold"": 0.1}}","{""error_rate"": {""min_instances"": 5, ""threshold"": 0.1}}",0.1,0.005,0.15,5,0.05,0.005,0.1,30,,,,-1,two_stage,2,0.5,"__confirm_cooldown=200,__confirm_rule=perm_test,__perm_alpha=0.02,__perm_delta_k=25,__perm_min_effect=0,__perm_n_perm=200,__perm_post_n=50,__perm_pre_n=200,__perm_rng_seed=0,__perm_stat=delta_fused_score,divergence=0.3,error_rate=0.5,teacher_entropy=0.2",3,0,200,0.0,0,10000,10.0,25.0,200,500,0,0,1.0,0.7770337301587301,0.3851139537345394,0.5,0.48633256554603577,0.009048912674188614,1,0,11,8,2,perm_test,0.004975124378109453,0.09929455836008337,21,8,13,0.0,0.5,0,0.0,0.0,0.0,0.0,0,none,1,1,0,overconfident,0.95,0,stable,0.974879519394465,0.0010527306010655576,0.8988296333816841,0.8998249028861759,1768131622.0193927,1.9058576822280884,0.08019180595874786
64,4096,4095,sea_abrupt4,sea,ts_drift_adapt,4,"error_divergence_ph_meta@error.threshold=0.10,error.min_instances=5",error_divergence_ph_meta,"{""divergence"": {""alpha"": 0.1, ""delta"": 0.005, ""min_instances"": 30, ""threshold"": 0.05}, ""error_rate"": {""alpha"": 0.15, ""delta"": 0.005, ""min_instances"": 5, ""threshold"": 0.1}}","{""error_rate"": {""min_instances"": 5, ""threshold"": 0.1}}",0.1,0.005,0.15,5,0.05,0.005,0.1,30,,,,-1,two_stage,2,0.5,"__confirm_cooldown=200,__confirm_rule=perm_test,__perm_alpha=0.02,__perm_delta_k=25,__perm_min_effect=0,__perm_n_perm=200,__perm_post_n=50,__perm_pre_n=200,__perm_rng_seed=0,__perm_stat=delta_fused_score,divergence=0.3,error_rate=0.5,teacher_entropy=0.2",3,0,200,0.0,0,10000,10.0,25.0,200,500,1,136,1.0,0.77734375,0.3858814036857453,0.16666666666666666,0.44375237822532654,0.006689333822578192,0,0,11,8,-1,perm_test,0.004975124378109453,0.09929455836008337,21,8,13,0.0,0.33333333333333337,0,0.0,0.0,0.0,0.0,0,none,0,1,0,overconfident,0.95,0,mild_drift,0.9675897596972325,0.0011763653005327787,0.8494148166908421,0.8774124514430879,1768131622.0293324,0.4123257100582123,0.0794970840215683
65,4160,4159,sea_abrupt4,sea,ts_drift_adapt,4,"error_divergence_ph_meta@error.threshold=0.10,error.min_instances=5",error_divergence_ph_meta,"{""divergence"": {""alpha"": 0.1, ""delta"": 0.005, ""min_instances"": 30, ""threshold"": 0.05}, ""error_rate"": {""alpha"": 0.15, ""delta"": 0.005, ""min_instances"": 5, ""threshold"": 0.1}}","{""error_rate"": {""min_instances"": 5, ""threshold"": 0.1}}",0.1,0.005,0.15,5,0.05,0.005,0.1,30,,,,-1,two_stage,2,0.5,"__confirm_cooldown=200,__confirm_rule=perm_test,__perm_alpha=0.02,__perm_delta_k=25,__perm_min_effect=0,__perm_n_perm=200,__perm_post_n=50,__perm_pre_n=200,__perm_rng_seed=0,__perm_stat=delta_fused_score,divergence=0.3,error_rate=0.5,teacher_entropy=0.2",3,0,200,0.0,0,10000,10.0,25.0,200,500,1,72,1.0,0.7776442307692307,0.3867779900469352,0.16666666666666666,0.4654015600681305,0.006418273318558931,0,0,11,8,-1,perm_test,0.004975124378109453,0.09929455836008337,21,8,13,0.0,0.0002710605040192604,0,0.0,0.0,0.0,0.0,0,none,0,1,0,overconfident,0.95,0,mild_drift,0.9639448798486162,0.0012381826502663893,0.8247074083454211,0.8662062257215439,1768131622.0393124,0.6950064301490784,0.07447726279497147
66,4224,4223,sea_abrupt4,sea,ts_drift_adapt,4,"error_divergence_ph_meta@error.threshold=0.10,error.min_instances=5",error_divergence_ph_meta,"{""divergence"": {""alpha"": 0.1, ""delta"": 0.005, ""min_instances"": 30, ""threshold"": 0.05}, ""error_rate"": {""alpha"": 0.15, ""delta"": 0.005, ""min_instances"": 5, ""threshold"": 0.1}}","{""error_rate"": {""min_instances"": 5, ""threshold"": 0.1}}",0.1,0.005,0.15,5,0.05,0.005,0.1,30,,,,-1,two_stage,2,0.5,"__confirm_cooldown=200,__confirm_rule=perm_test,__perm_alpha=0.02,__perm_delta_k=25,__perm_min_effect=0,__perm_n_perm=200,__perm_post_n=50,__perm_pre_n=200,__perm_rng_seed=0,__perm_stat=delta_fused_score,divergence=0.3,error_rate=0.5,teacher_entropy=0.2",3,0,200,0.0,0,10000,10.0,25.0,200,500,1,8,1.0,0.7769886363636364,0.3850401384530119,0.6666666666666666,0.4402974545955658,0.004659675993025303,0,1,11,8,-1,perm_test,0.004975124378109453,0.09929455836008337,21,8,13,0.5,0.5,1,0.5,0.0,0.0,0.0,0,none,0,1,0,overconfident,0.95,0,mild_drift,0.962122439924308,0.0012690913251331946,0.8123537041727106,0.860603112860772,1768131622.0516734,0.8842103481292725,0.06518901139497757
67,4288,4287,sea_abrupt4,sea,ts_drift_adapt,4,"error_divergence_ph_meta@error.threshold=0.10,error.min_instances=5",error_divergence_ph_meta,"{""divergence"": {""alpha"": 0.1, ""delta"": 0.005, ""min_instances"": 30, ""threshold"": 0.05}, ""error_rate"": {""alpha"": 0.15, ""delta"": 0.005, ""min_instances"": 5, ""threshold"": 0.1}}","{""error_rate"": {""min_instances"": 5, ""threshold"": 0.1}}",0.1,0.005,0.15,5,0.05,0.005,0.1,30,,,,-1,two_stage,2,0.5,"__confirm_cooldown=200,__confirm_rule=perm_test,__perm_alpha=0.02,__perm_delta_k=25,__perm_min_effect=0,__perm_n_perm=200,__perm_post_n=50,__perm_pre_n=200,__perm_rng_seed=0,__perm_stat=delta_fused_score,divergence=0.3,error_rate=0.5,teacher_entropy=0.2",3,0,200,0.0,0,10000,10.0,25.0,200,500,0,0,1.0,0.7779850746268657,0.3885763669941333,0.3333333333333333,0.45167607069015503,0.006254551932215691,0,0,11,8,-1,perm_test,0.004975124378109453,0.09929455836008337,21,8,13,0.0,0.3333333333333333,0,0.0,0.0,0.0,0.0,0,none,0,1,0,overconfident,0.95,0,mild_drift,0.961211219962154,0.0012845456625665973,0.8061768520863553,0.857801556430386,1768131622.064528,0.5419341921806335,0.11131343990564346
68,4352,4351,sea_abrupt4,sea,ts_drift_adapt,4,"error_divergence_ph_meta@error.threshold=0.10,error.min_instances=5",error_divergence_ph_meta,"{""divergence"": {""alpha"": 0.1, ""delta"": 0.005, ""min_instances"": 30, ""threshold"": 0.05}, ""error_rate"": {""alpha"": 0.15, ""delta"": 0.005, ""min_instances"": 5, ""threshold"": 0.1}}","{""error_rate"": {""min_instances"": 5, ""threshold"": 0.1}}",0.1,0.005,0.15,5,0.05,0.005,0.1,30,,,,-1,two_stage,2,0.5,"__confirm_cooldown=200,__confirm_rule=perm_test,__perm_alpha=0.02,__perm_delta_k=25,__perm_min_effect=0,__perm_n_perm=200,__perm_post_n=50,__perm_pre_n=200,__perm_rng_seed=0,__perm_stat=delta_fused_score,divergence=0.3,error_rate=0.5,teacher_entropy=0.2",3,0,200,0.0,0,10000,10.0,25.0,200,500,0,0,1.0,0.7791819852941176,0.39333976217912353,0.16666666666666666,0.45271092653274536,0.00715428963303566,0,0,11,8,-1,perm_test,0.004975124378109453,0.09929455836008337,21,8,13,0.0,0.16666666666666666,0,0.0,0.0,0.0,0.0,0,none,0,1,0,overconfident,0.95,0,mild_drift,0.960755609981077,0.0012922728312832988,0.8030884260431777,0.856400778215193,1768131622.077447,0.3172045946121216,0.1013498306274414
69,4416,4415,sea_abrupt4,sea,ts_drift_adapt,4,"error_divergence_ph_meta@error.threshold=0.10,error.min_instances=5",error_divergence_ph_meta,"{""divergence"": {""alpha"": 0.1, ""delta"": 0.005, ""min_instances"": 30, ""threshold"": 0.05}, ""error_rate"": {""alpha"": 0.15, ""delta"": 0.005, ""min_instances"": 5, ""threshold"": 0.1}}","{""error_rate"": {""min_instances"": 5, ""threshold"": 0.1}}",0.1,0.005,0.15,5,0.05,0.005,0.1,30,,,,-1,two_stage,2,0.5,"__confirm_cooldown=200,__confirm_rule=perm_test,__perm_alpha=0.02,__perm_delta_k=25,__perm_min_effect=0,__perm_n_perm=200,__perm_post_n=50,__perm_pre_n=200,__perm_rng_seed=0,__perm_stat=delta_fused_score,divergence=0.3,error_rate=0.5,teacher_entropy=0.2",3,0,200,0.0,0,10000,10.0,25.0,200,500,0,0,1.0,0.779891304347826,0.39766134391895536,0.3333333333333333,0.4800962805747986,0.009036087431013584,0,0,11,8,-1,perm_test,0.004975124378109453,0.09929455836008337,21,8,13,0.0,0.16666666666666666,0,0.0,0.0,0.0,0.0,0,none,0,1,0,overconfident,0.95,0,mild_drift,0.9605278049905385,0.0012961364156416494,0.8015442130215888,0.8557003891075965,1768131622.0890028,0.49394550919532776,0.1496720314025879
70,4480,4479,sea_abrupt4,sea,ts_drift_adapt,4,"error_divergence_ph_meta@error.threshold=0.10,error.min_instances=5",error_divergence_ph_meta,"{""divergence"": {""alpha"": 0.1, ""delta"": 0.005, ""min_instances"": 30, ""threshold"": 0.05}, ""error_rate"": {""alpha"": 0.15, ""delta"": 0.005, ""min_instances"": 5, ""threshold"": 0.1}}","{""error_rate"": {""min_instances"": 5, ""threshold"": 0.1}}",0.1,0.005,0.15,5,0.05,0.005,0.1,30,,,,-1,two_stage,2,0.5,"__confirm_cooldown=200,__confirm_rule=perm_test,__perm_alpha=0.02,__perm_delta_k=25,__perm_min_effect=0,__perm_n_perm=200,__perm_post_n=50,__perm_pre_n=200,__perm_rng_seed=0,__perm_stat=delta_fused_score,divergence=0.3,error_rate=0.5,teacher_entropy=0.2",3,0,200,0.0,0,10000,10.0,25.0,200,500,0,0,1.0,0.7799107142857142,0.39825222218438167,0.16666666666666666,0.44831717014312744,0.008629529736936092,0,0,11,8,-1,perm_test,0.004975124378109453,0.09929455836008337,21,8,13,0.0,0.16666666666666666,0,0.0,0.0,0.0,0.0,0,none,0,1,0,overconfident,0.95,0,mild_drift,0.9604139024952691,0.0012980682078208247,0.8007721065107944,0.8553501945537982,1768131622.099381,0.5079613327980042,0.12875434756278992
71,4544,4543,sea_abrupt4,sea,ts_drift_adapt,4,"error_divergence_ph_meta@error.threshold=0.10,error.min_instances=5",error_divergence_ph_meta,"{""divergence"": {""alpha"": 0.1, ""delta"": 0.005, ""min_instances"": 30, ""threshold"": 0.05}, ""error_rate"": {""alpha"": 0.15, ""delta"": 0.005, ""min_instances"": 5, ""threshold"": 0.1}}","{""error_rate"": {""min_instances"": 5, ""threshold"": 0.1}}",0.1,0.005,0.15,5,0.05,0.005,0.1,30,,,,-1,two_stage,2,0.5,"__confirm_cooldown=200,__confirm_rule=perm_test,__perm_alpha=0.02,__perm_delta_k=25,__perm_min_effect=0,__perm_n_perm=200,__perm_post_n=50,__perm_pre_n=200,__perm_rng_seed=0,__perm_stat=delta_fused_score,divergence=0.3,error_rate=0.5,teacher_entropy=0.2",3,0,200,0.0,0,10000,10.0,25.0,200,500,0,0,1.0,0.7797095070422535,0.3995375355046318,0.0,0.46850016713142395,0.005833734758198261,0,1,12,8,-1,perm_test,1.0,-0.019074957323576246,22,8,14,0.6666666666666666,0.16666666666666666,1,0.5,0.0,0.0,0.0,0,none,0,1,0,overconfident,0.95,0,mild_drift,0.9603569512476345,0.0012990341039104125,0.8003860532553972,0.8551750972768991,1768131622.1098862,0.14134201407432556,0.11118680238723755
72,4608,4607,sea_abrupt4,sea,ts_drift_adapt,4,"error_divergence_ph_meta@error.threshold=0.10,error.min_instances=5",error_divergence_ph_meta,"{""divergence"": {""alpha"": 0.1, ""delta"": 0.005, ""min_instances"": 30, ""threshold"": 0.05}, ""error_rate"": {""alpha"": 0.15, ""delta"": 0.005, ""min_instances"": 5, ""threshold"": 0.1}}","{""error_rate"": {""min_instances"": 5, ""threshold"": 0.1}}",0.1,0.005,0.15,5,0.05,0.005,0.1,30,,,,-1,two_stage,2,0.5,"__confirm_cooldown=200,__confirm_rule=perm_test,__perm_alpha=0.02,__perm_delta_k=25,__perm_min_effect=0,__perm_n_perm=200,__perm_post_n=50,__perm_pre_n=200,__perm_rng_seed=0,__perm_stat=delta_fused_score,divergence=0.3,error_rate=0.5,teacher_entropy=0.2",3,0,200,0.0,0,10000,10.0,25.0,200,500,0,0,1.0,0.7803819444444444,0.40185182002256975,0.5,0.45318838953971863,0.00516766682267189,1,0,12,9,1,perm_test,0.004975124378109453,0.154141117819364,23,9,14,0.0,0.5,0,0.0,0.0,0.0,0.0,0,none,1,1,0,overconfident,0.95,0,stable,0.9751784756238173,0.0010495170519552062,0.9001930266276986,0.9000875486384496,1768131622.126359,1.0630320310592651,0.10886631906032562
73,4672,4671,sea_abrupt4,sea,ts_drift_adapt,4,"error_divergence_ph_meta@error.threshold=0.10,error.min_instances=5",error_divergence_ph_meta,"{""divergence"": {""alpha"": 0.1, ""delta"": 0.005, ""min_instances"": 30, ""threshold"": 0.05}, ""error_rate"": {""alpha"": 0.15, ""delta"": 0.005, ""min_instances"": 5, ""threshold"": 0.1}}","{""error_rate"": {""min_instances"": 5, ""threshold"": 0.1}}",0.1,0.005,0.15,5,0.05,0.005,0.1,30,,,,-1,two_stage,2,0.5,"__confirm_cooldown=200,__confirm_rule=perm_test,__perm_alpha=0.02,__perm_delta_k=25,__perm_min_effect=0,__perm_n_perm=200,__perm_post_n=50,__perm_pre_n=200,__perm_rng_seed=0,__perm_stat=delta_fused_score,divergence=0.3,error_rate=0.5,teacher_entropy=0.2",3,0,200,0.0,0,10000,10.0,25.0,200,500,1,136,1.0,0.78125,0.4061840243715589,0.16666666666666666,0.48109889030456543,0.00539108132943511,0,0,12,9,-1,perm_test,0.004975124378109453,0.154141117819364,23,9,14,0.0,0.33333333333333337,0,0.0,0.0,0.0,0.0,0,none,0,1,0,overconfident,0.95,0,mild_drift,0.9677392378119086,0.0011747585259776032,0.8500965133138494,0.8775437743192248,1768131622.1365469,0.2946465015411377,0.12111589312553406
74,4736,4735,sea_abrupt4,sea,ts_drift_adapt,4,"error_divergence_ph_meta@error.threshold=0.10,error.min_instances=5",error_divergence_ph_meta,"{""divergence"": {""alpha"": 0.1, ""delta"": 0.005, ""min_instances"": 30, ""threshold"": 0.05}, ""error_rate"": {""alpha"": 0.15, ""delta"": 0.005, ""min_instances"": 5, ""threshold"": 0.1}}","{""error_rate"": {""min_instances"": 5, ""threshold"": 0.1}}",0.1,0.005,0.15,5,0.05,0.005,0.1,30,,,,-1,two_stage,2,0.5,"__confirm_cooldown=200,__confirm_rule=perm_test,__perm_alpha=0.02,__perm_delta_k=25,__perm_min_effect=0,__perm_n_perm=200,__perm_post_n=50,__perm_pre_n=200,__perm_rng_seed=0,__perm_stat=delta_fused_score,divergence=0.3,error_rate=0.5,teacher_entropy=0.2",3,0,200,0.0,0,10000,10.0,25.0,200,500,1,72,1.0,0.7816722972972973,0.40848896910411814,0.16666666666666666,0.47283458709716797,0.00757839810103178,0,0,12,9,-1,perm_test,0.004975124378109453,0.154141117819364,23,9,14,0.0,0.00218731677159667,0,0.0,0.0,0.0,0.0,0,none,0,1,0,overconfident,0.95,0,mild_drift,0.9640196189059542,0.0012373792629888016,0.8250482566569247,0.8662718871596125,1768131622.1466358,0.36721301078796387,0.11097707599401474
75,4800,4799,sea_abrupt4,sea,ts_drift_adapt,4,"error_divergence_ph_meta@error.threshold=0.10,error.min_instances=5",error_divergence_ph_meta,"{""divergence"": {""alpha"": 0.1, ""delta"": 0.005, ""min_instances"": 30, ""threshold"": 0.05}, ""error_rate"": {""alpha"": 0.15, ""delta"": 0.005, ""min_instances"": 5, ""threshold"": 0.1}}","{""error_rate"": {""min_instances"": 5, ""threshold"": 0.1}}",0.1,0.005,0.15,5,0.05,0.005,0.1,30,,,,-1,two_stage,2,0.5,"__confirm_cooldown=200,__confirm_rule=perm_test,__perm_alpha=0.02,__perm_delta_k=25,__perm_min_effect=0,__perm_n_perm=200,__perm_post_n=50,__perm_pre_n=200,__perm_rng_seed=0,__perm_stat=delta_fused_score,divergence=0.3,error_rate=0.5,teacher_entropy=0.2",3,0,200,0.0,0,10000,10.0,25.0,200,500,1,8,1.0,0.7810416666666666,0.40742188582863437,0.0,0.43617627024650574,0.004543406888842583,0,0,12,9,-1,perm_test,0.004975124378109453,0.154141117819364,23,9,14,0.0,0.16666666666666666,0,0.0,0.0,0.0,0.0,0,none,0,1,0,overconfident,0.95,0,mild_drift,0.9621598094529771,0.001268689631494401,0.8125241283284623,0.8606359435798062,1768131622.156945,0.20799671113491058,0.10140449553728104
76,4864,4863,sea_abrupt4,sea,ts_drift_adapt,4,"error_divergence_ph_meta@error.threshold=0.10,error.min_instances=5",error_divergence_ph_meta,"{""divergence"": {""alpha"": 0.1, ""delta"": 0.005, ""min_instances"": 30, ""threshold"": 0.05}, ""error_rate"": {""alpha"": 0.15, ""delta"": 0.005, ""min_instances"": 5, ""threshold"": 0.1}}","{""error_rate"": {""min_instances"": 5, ""threshold"": 0.1}}",0.1,0.005,0.15,5,0.05,0.005,0.1,30,,,,-1,two_stage,2,0.5,"__confirm_cooldown=200,__confirm_rule=perm_test,__perm_alpha=0.02,__perm_delta_k=25,__perm_min_effect=0,__perm_n_perm=200,__perm_post_n=50,__perm_pre_n=200,__perm_rng_seed=0,__perm_stat=delta_fused_score,divergence=0.3,error_rate=0.5,teacher_entropy=0.2",3,0,200,0.0,0,10000,10.0,25.0,200,500,0,0,1.0,0.7814555921052632,0.4089273098493977,0.3333333333333333,0.47197067737579346,0.004077304620295763,1,1,13,10,0,perm_test,0.004975124378109453,0.16986041555225123,24,10,14,0.3333333333333333,0.3333333333333333,1,0.5,0.0,0.0,0.0,0,none,1,1,0,overconfident,0.95,0,severe_drift,0.9265799047264885,0.0016343448157472005,0.6562620641642312,0.8353179717899031,1768131622.172951,0.47963011264801025,0.11087629199028015
77,4928,4927,sea_abrupt4,sea,ts_drift_adapt,4,"error_divergence_ph_meta@error.threshold=0.10,error.min_instances=5",error_divergence_ph_meta,"{""divergence"": {""alpha"": 0.1, ""delta"": 0.005, ""min_instances"": 30, ""threshold"": 0.05}, ""error_rate"": {""alpha"": 0.15, ""delta"": 0.005, ""min_instances"": 5, ""threshold"": 0.1}}","{""error_rate"": {""min_instances"": 5, ""threshold"": 0.1}}",0.1,0.005,0.15,5,0.05,0.005,0.1,30,,,,-1,two_stage,2,0.5,"__confirm_cooldown=200,__confirm_rule=perm_test,__perm_alpha=0.02,__perm_delta_k=25,__perm_min_effect=0,__perm_n_perm=200,__perm_post_n=50,__perm_pre_n=200,__perm_rng_seed=0,__perm_stat=delta_fused_score,divergence=0.3,error_rate=0.5,teacher_entropy=0.2",3,0,200,0.0,0,10000,10.0,25.0,200,500,1,136,1.0,0.7824675324675324,0.41238725907094104,0.0,0.46371302008628845,0.0034562612418085337,0,0,13,10,-1,perm_test,0.004975124378109453,0.16986041555225123,24,10,14,0.0,0.3333333333333333,0,0.0,0.0,0.0,0.0,0,none,0,1,0,overconfident,0.95,0,mild_drift,0.9434399523632442,0.0014671724078736004,0.7281310320821156,0.8451589858949515,1768131622.1830654,0.3366111218929291,0.10515264421701431
78,4992,4991,sea_abrupt4,sea,ts_drift_adapt,4,"error_divergence_ph_meta@error.threshold=0.10,error.min_instances=5",error_divergence_ph_meta,"{""divergence"": {""alpha"": 0.1, ""delta"": 0.005, ""min_instances"": 30, ""threshold"": 0.05}, ""error_rate"": {""alpha"": 0.15, ""delta"": 0.005, ""min_instances"": 5, ""threshold"": 0.1}}","{""error_rate"": {""min_instances"": 5, ""threshold"": 0.1}}",0.1,0.005,0.15,5,0.05,0.005,0.1,30,,,,-1,two_stage,2,0.5,"__confirm_cooldown=200,__confirm_rule=perm_test,__perm_alpha=0.02,__perm_delta_k=25,__perm_min_effect=0,__perm_n_perm=200,__perm_post_n=50,__perm_pre_n=200,__perm_rng_seed=0,__perm_stat=delta_fused_score,divergence=0.3,error_rate=0.5,teacher_entropy=0.2",3,0,200,0.0,0,10000,10.0,25.0,200,500,1,72,1.0,0.7838541666666666,0.4163798606948613,0.16666666666666666,0.44504427909851074,0.005393676925450563,0,0,13,10,-1,perm_test,0.004975124378109453,0.16986041555225123,24,10,14,0.0,0.16666666666666666,0,0.0,0.0,0.0,0.0,0,none,0,1,0,overconfident,0.95,0,mild_drift,0.9518699761816221,0.0013835862039368002,0.7640655160410579,0.8500794929474758,1768131622.1929603,0.31077343225479126,0.09662540256977081
79,5056,5055,sea_abrupt4,sea,ts_drift_adapt,4,"error_divergence_ph_meta@error.threshold=0.10,error.min_instances=5",error_divergence_ph_meta,"{""divergence"": {""alpha"": 0.1, ""delta"": 0.005, ""min_instances"": 30, ""threshold"": 0.05}, ""error_rate"": {""alpha"": 0.15, ""delta"": 0.005, ""min_instances"": 5, ""threshold"": 0.1}}","{""error_rate"": {""min_instances"": 5, ""threshold"": 0.1}}",0.1,0.005,0.15,5,0.05,0.005,0.1,30,,,,-1,two_stage,2,0.5,"__confirm_cooldown=200,__confirm_rule=perm_test,__perm_alpha=0.02,__perm_delta_k=25,__perm_min_effect=0,__perm_n_perm=200,__perm_post_n=50,__perm_pre_n=200,__perm_rng_seed=0,__perm_stat=delta_fused_score,divergence=0.3,error_rate=0.5,teacher_entropy=0.2",3,0,200,0.0,0,10000,10.0,25.0,200,500,1,8,1.0,0.7846123417721519,0.4182210402990347,0.0,0.4762740731239319,0.005609852261841297,0,0,13,10,-1,perm_test,0.004975124378109453,0.16986041555225123,24,10,14,0.0,0.16666666666666666,0,0.0,0.0,0.0,0.0,0,none,0,1,0,overconfident,0.95,0,mild_drift,0.956084988090811,0.0013417931019684003,0.782032758020529,0.8525397464737379,1768131622.2029593,0.12383090704679489,0.1054016575217247
80,5120,5119,sea_abrupt4,sea,ts_drift_adapt,4,"error_divergence_ph_meta@error.threshold=0.10,error.min_instances=5",error_divergence_ph_meta,"{""divergence"": {""alpha"": 0.1, ""delta"": 0.005, ""min_instances"": 30, ""threshold"": 0.05}, ""error_rate"": {""alpha"": 0.15, ""delta"": 0.005, ""min_instances"": 5, ""threshold"": 0.1}}","{""error_rate"": {""min_instances"": 5, ""threshold"": 0.1}}",0.1,0.005,0.15,5,0.05,0.005,0.1,30,,,,-1,two_stage,2,0.5,"__confirm_cooldown=200,__confirm_rule=perm_test,__perm_alpha=0.02,__perm_delta_k=25,__perm_min_effect=0,__perm_n_perm=200,__perm_post_n=50,__perm_pre_n=200,__perm_rng_seed=0,__perm_stat=delta_fused_score,divergence=0.3,error_rate=0.5,teacher_entropy=0.2",3,0,200,0.0,0,10000,10.0,25.0,200,500,0,0,1.0,0.78515625,0.4201450584560083,0.16666666666666666,0.42874157428741455,0.005541776306927204,0,0,13,10,-1,perm_test,0.004975124378109453,0.16986041555225123,24,10,14,0.0,0.16666666666666666,0,0.0,0.0,0.0,0.0,0,none,0,1,0,overconfident,0.95,0,mild_drift,0.9581924940454054,0.0013208965509842003,0.7910163790102644,0.8537698732368689,1768131622.2134442,0.5378289818763733,0.0789041668176651
81,5184,5183,sea_abrupt4,sea,ts_drift_adapt,4,"error_divergence_ph_meta@error.threshold=0.10,error.min_instances=5",error_divergence_ph_meta,"{""divergence"": {""alpha"": 0.1, ""delta"": 0.005, ""min_instances"": 30, ""threshold"": 0.05}, ""error_rate"": {""alpha"": 0.15, ""delta"": 0.005, ""min_instances"": 5, ""threshold"": 0.1}}","{""error_rate"": {""min_instances"": 5, ""threshold"": 0.1}}",0.1,0.005,0.15,5,0.05,0.005,0.1,30,,,,-1,two_stage,2,0.5,"__confirm_cooldown=200,__confirm_rule=perm_test,__perm_alpha=0.02,__perm_delta_k=25,__perm_min_effect=0,__perm_n_perm=200,__perm_post_n=50,__perm_pre_n=200,__perm_rng_seed=0,__perm_stat=delta_fused_score,divergence=0.3,error_rate=0.5,teacher_entropy=0.2",3,0,200,0.0,0,10000,10.0,25.0,200,500,0,0,1.0,0.7856867283950617,0.42147576203079107,0.0,0.4099188446998596,0.004491542465984821,0,1,14,10,-1,perm_test,1.0,-0.08053532557451495,25,10,15,0.3333333333333333,0.16666666666666666,1,0.5,0.0,0.0,0.0,0,none,0,1,0,overconfident,0.95,0,mild_drift,0.9592462470227027,0.0013104482754921001,0.7955081895051322,0.8543849366184344,1768131622.2241364,0.2382112741470337,0.07886998355388641
82,5248,5247,sea_abrupt4,sea,ts_drift_adapt,4,"error_divergence_ph_meta@error.threshold=0.10,error.min_instances=5",error_divergence_ph_meta,"{""divergence"": {""alpha"": 0.1, ""delta"": 0.005, ""min_instances"": 30, ""threshold"": 0.05}, ""error_rate"": {""alpha"": 0.15, ""delta"": 0.005, ""min_instances"": 5, ""threshold"": 0.1}}","{""error_rate"": {""min_instances"": 5, ""threshold"": 0.1}}",0.1,0.005,0.15,5,0.05,0.005,0.1,30,,,,-1,two_stage,2,0.5,"__confirm_cooldown=200,__confirm_rule=perm_test,__perm_alpha=0.02,__perm_delta_k=25,__perm_min_effect=0,__perm_n_perm=200,__perm_post_n=50,__perm_pre_n=200,__perm_rng_seed=0,__perm_stat=delta_fused_score,divergence=0.3,error_rate=0.5,teacher_entropy=0.2",3,0,200,0.0,0,10000,10.0,25.0,200,500,0,0,1.0,0.7852515243902439,0.42158147526015916,0.6666666666666666,0.46813490986824036,0.007851054891943932,1,0,14,11,1,perm_test,0.004975124378109453,0.013875440985063088,26,11,15,0.0,0.6666666666666666,0,0.0,0.0,0.0,0.0,0,none,1,1,0,overconfident,0.95,0,stable,0.9746231235113514,0.00105522413774605,0.8977540947525662,0.8996924683092172,1768131622.2404382,1.013348937034607,0.09586288034915924
83,5312,5311,sea_abrupt4,sea,ts_drift_adapt,4,"error_divergence_ph_meta@error.threshold=0.10,error.min_instances=5",error_divergence_ph_meta,"{""divergence"": {""alpha"": 0.1, ""delta"": 0.005, ""min_instances"": 30, ""threshold"": 0.05}, ""error_rate"": {""alpha"": 0.15, ""delta"": 0.005, ""min_instances"": 5, ""threshold"": 0.1}}","{""error_rate"": {""min_instances"": 5, ""threshold"": 0.1}}",0.1,0.005,0.15,5,0.05,0.005,0.1,30,,,,-1,two_stage,2,0.5,"__confirm_cooldown=200,__confirm_rule=perm_test,__perm_alpha=0.02,__perm_delta_k=25,__perm_min_effect=0,__perm_n_perm=200,__perm_post_n=50,__perm_pre_n=200,__perm_rng_seed=0,__perm_stat=delta_fused_score,divergence=0.3,error_rate=0.5,teacher_entropy=0.2",3,0,200,0.0,0,10000,10.0,25.0,200,500,1,136,1.0,0.7842620481927711,0.4189013754952303,0.5,0.45009708404541016,0.00848954077810049,0,0,14,11,-1,perm_test,0.004975124378109453,0.013875440985063088,26,11,15,0.0,0.16666666666666663,0,0.0,0.0,0.0,0.0,0,none,0,1,0,overconfident,0.95,0,mild_drift,0.9674615617556757,0.001177612068873025,0.8488770473762831,0.8773462341546086,1768131622.2506883,0.836946427822113,0.07488632202148438
84,5376,5375,sea_abrupt4,sea,ts_drift_adapt,4,"error_divergence_ph_meta@error.threshold=0.10,error.min_instances=5",error_divergence_ph_meta,"{""divergence"": {""alpha"": 0.1, ""delta"": 0.005, ""min_instances"": 30, ""threshold"": 0.05}, ""error_rate"": {""alpha"": 0.15, ""delta"": 0.005, ""min_instances"": 5, ""threshold"": 0.1}}","{""error_rate"": {""min_instances"": 5, ""threshold"": 0.1}}",0.1,0.005,0.15,5,0.05,0.005,0.1,30,,,,-1,two_stage,2,0.5,"__confirm_cooldown=200,__confirm_rule=perm_test,__perm_alpha=0.02,__perm_delta_k=25,__perm_min_effect=0,__perm_n_perm=200,__perm_post_n=50,__perm_pre_n=200,__perm_rng_seed=0,__perm_stat=delta_fused_score,divergence=0.3,error_rate=0.5,teacher_entropy=0.2",3,0,200,0.0,0,10000,10.0,25.0,200,500,1,72,1.0,0.7845982142857143,0.4192773840109418,0.16666666666666666,0.408279150724411,0.005025750491768122,0,0,14,11,-1,perm_test,0.004975124378109453,0.013875440985063088,26,11,15,0.0,0.33333333333333337,0,0.0,0.0,0.0,0.0,0,none,0,1,0,overconfident,0.95,0,mild_drift,0.9638807808778378,0.0012388060344365125,0.8244385236881415,0.8661731170773043,1768131622.2623632,0.33831024169921875,0.0728374794125557
85,5440,5439,sea_abrupt4,sea,ts_drift_adapt,4,"error_divergence_ph_meta@error.threshold=0.10,error.min_instances=5",error_divergence_ph_meta,"{""divergence"": {""alpha"": 0.1, ""delta"": 0.005, ""min_instances"": 30, ""threshold"": 0.05}, ""error_rate"": {""alpha"": 0.15, ""delta"": 0.005, ""min_instances"": 5, ""threshold"": 0.1}}","{""error_rate"": {""min_instances"": 5, ""threshold"": 0.1}}",0.1,0.005,0.15,5,0.05,0.005,0.1,30,,,,-1,two_stage,2,0.5,"__confirm_cooldown=200,__confirm_rule=perm_test,__perm_alpha=0.02,__perm_delta_k=25,__perm_min_effect=0,__perm_n_perm=200,__perm_post_n=50,__perm_pre_n=200,__perm_rng_seed=0,__perm_stat=delta_fused_score,divergence=0.3,error_rate=0.5,teacher_entropy=0.2",3,0,200,0.0,0,10000,10.0,25.0,200,500,1,8,1.0,0.7851102941176471,0.42239872522558725,0.0,0.47000694274902344,0.00686758104711771,0,0,14,11,-1,perm_test,0.004975124378109453,0.013875440985063088,26,11,15,0.0,0.16666666666666666,0,0.0,0.0,0.0,0.0,0,none,0,1,0,overconfident,0.95,0,mild_drift,0.9620903904389189,0.0012694030172182564,0.8122192618440708,0.8605865585386521,1768131622.2748442,0.20543783903121948,0.1060970351099968
86,5504,5503,sea_abrupt4,sea,ts_drift_adapt,4,"error_divergence_ph_meta@error.threshold=0.10,error.min_instances=5",error_divergence_ph_meta,"{""divergence"": {""alpha"": 0.1, ""delta"": 0.005, ""min_instances"": 30, ""threshold"": 0.05}, ""error_rate"": {""alpha"": 0.15, ""delta"": 0.005, ""min_instances"": 5, ""threshold"": 0.1}}","{""error_rate"": {""min_instances"": 5, ""threshold"": 0.1}}",0.1,0.005,0.15,5,0.05,0.005,0.1,30,,,,-1,two_stage,2,0.5,"__confirm_cooldown=200,__confirm_rule=perm_test,__perm_alpha=0.02,__perm_delta_k=25,__perm_min_effect=0,__perm_n_perm=200,__perm_post_n=50,__perm_pre_n=200,__perm_rng_seed=0,__perm_stat=delta_fused_score,divergence=0.3,error_rate=0.5,teacher_entropy=0.2",3,0,200,0.0,0,10000,10.0,25.0,200,500,0,0,1.0,0.7852470930232558,0.4249476721163093,0.0,0.4378702938556671,0.005901922006160021,1,1,15,12,0,perm_test,0.004975124378109453,0.08809924449182674,27,12,15,0.0,0.0009656590409576893,1,0.5,0.0,0.0,0.0,0,none,1,1,0,overconfident,0.95,0,stable,0.9760451952194594,0.0010347015086091282,0.9061096309220353,0.9027932792693261,1768131622.2933924,0.13289713859558105,0.0872926115989685
87,5568,5567,sea_abrupt4,sea,ts_drift_adapt,4,"error_divergence_ph_meta@error.threshold=0.10,error.min_instances=5",error_divergence_ph_meta,"{""divergence"": {""alpha"": 0.1, ""delta"": 0.005, ""min_instances"": 30, ""threshold"": 0.05}, ""error_rate"": {""alpha"": 0.15, ""delta"": 0.005, ""min_instances"": 5, ""threshold"": 0.1}}","{""error_rate"": {""min_instances"": 5, ""threshold"": 0.1}}",0.1,0.005,0.15,5,0.05,0.005,0.1,30,,,,-1,two_stage,2,0.5,"__confirm_cooldown=200,__confirm_rule=perm_test,__perm_alpha=0.02,__perm_delta_k=25,__perm_min_effect=0,__perm_n_perm=200,__perm_post_n=50,__perm_pre_n=200,__perm_rng_seed=0,__perm_stat=delta_fused_score,divergence=0.3,error_rate=0.5,teacher_entropy=0.2",3,0,200,0.0,0,10000,10.0,25.0,200,500,1,136,1.0,0.7860991379310345,0.4281640268086914,0.16666666666666666,0.44327330589294434,0.006700713653117418,0,0,15,12,-1,perm_test,0.004975124378109453,0.08809924449182674,27,12,15,0.0,0.16666666666666666,0,0.0,0.0,0.0,0.0,0,none,0,1,0,overconfident,0.95,0,mild_drift,0.9681725976097297,0.0011673507543045643,0.8530548154610177,0.878896639634663,1768131622.304135,0.2551378905773163,0.08864247053861618
88,5632,5631,sea_abrupt4,sea,ts_drift_adapt,4,"error_divergence_ph_meta@error.threshold=0.10,error.min_instances=5",error_divergence_ph_meta,"{""divergence"": {""alpha"": 0.1, ""delta"": 0.005, ""min_instances"": 30, ""threshold"": 0.05}, ""error_rate"": {""alpha"": 0.15, ""delta"": 0.005, ""min_instances"": 5, ""threshold"": 0.1}}","{""error_rate"": {""min_instances"": 5, ""threshold"": 0.1}}",0.1,0.005,0.15,5,0.05,0.005,0.1,30,,,,-1,two_stage,2,0.5,"__confirm_cooldown=200,__confirm_rule=perm_test,__perm_alpha=0.02,__perm_delta_k=25,__perm_min_effect=0,__perm_n_perm=200,__perm_post_n=50,__perm_pre_n=200,__perm_rng_seed=0,__perm_stat=delta_fused_score,divergence=0.3,error_rate=0.5,teacher_entropy=0.2",3,0,200,0.0,0,10000,10.0,25.0,200,500,1,72,1.0,0.7867542613636364,0.42957839599957903,0.3333333333333333,0.41599032282829285,0.005524958483874798,0,0,15,12,-1,perm_test,0.004975124378109453,0.08809924449182674,27,12,15,0.0,0.16666666666666666,0,0.0,0.0,0.0,0.0,0,none,0,1,0,overconfident,0.95,0,mild_drift,0.9642362988048648,0.0012336753771522821,0.8265274077305089,0.8669483198173316,1768131622.3140972,0.44856834411621094,0.08157523721456528
89,5696,5695,sea_abrupt4,sea,ts_drift_adapt,4,"error_divergence_ph_meta@error.threshold=0.10,error.min_instances=5",error_divergence_ph_meta,"{""divergence"": {""alpha"": 0.1, ""delta"": 0.005, ""min_instances"": 30, ""threshold"": 0.05}, ""error_rate"": {""alpha"": 0.15, ""delta"": 0.005, ""min_instances"": 5, ""threshold"": 0.1}}","{""error_rate"": {""min_instances"": 5, ""threshold"": 0.1}}",0.1,0.005,0.15,5,0.05,0.005,0.1,30,,,,-1,two_stage,2,0.5,"__confirm_cooldown=200,__confirm_rule=perm_test,__perm_alpha=0.02,__perm_delta_k=25,__perm_min_effect=0,__perm_n_perm=200,__perm_post_n=50,__perm_pre_n=200,__perm_rng_seed=0,__perm_stat=delta_fused_score,divergence=0.3,error_rate=0.5,teacher_entropy=0.2",3,0,200,0.0,0,10000,10.0,25.0,200,500,1,8,1.0,0.7880969101123596,0.434065306286411,0.16666666666666666,0.47461026906967163,0.0059071918949484825,0,0,15,12,-1,perm_test,0.004975124378109453,0.08809924449182674,27,12,15,0.0,0.16666666666666666,0,0.0,0.0,0.0,0.0,0,none,0,1,0,overconfident,0.95,0,mild_drift,0.9622681494024323,0.0012668376885761412,0.8132637038652545,0.8609741599086658,1768131622.3241062,0.513096272945404,0.08577826619148254
90,5760,5759,sea_abrupt4,sea,ts_drift_adapt,4,"error_divergence_ph_meta@error.threshold=0.10,error.min_instances=5",error_divergence_ph_meta,"{""divergence"": {""alpha"": 0.1, ""delta"": 0.005, ""min_instances"": 30, ""threshold"": 0.05}, ""error_rate"": {""alpha"": 0.15, ""delta"": 0.005, ""min_instances"": 5, ""threshold"": 0.1}}","{""error_rate"": {""min_instances"": 5, ""threshold"": 0.1}}",0.1,0.005,0.15,5,0.05,0.005,0.1,30,,,,-1,two_stage,2,0.5,"__confirm_cooldown=200,__confirm_rule=perm_test,__perm_alpha=0.02,__perm_delta_k=25,__perm_min_effect=0,__perm_n_perm=200,__perm_post_n=50,__perm_pre_n=200,__perm_rng_seed=0,__perm_stat=delta_fused_score,divergence=0.3,error_rate=0.5,teacher_entropy=0.2",3,0,200,0.0,0,10000,10.0,25.0,200,500,0,0,1.0,0.7878472222222223,0.43408705098822054,0.16666666666666666,0.4237736761569977,0.008861376903951168,0,0,15,12,-1,perm_test,0.004975124378109453,0.08809924449182674,27,12,15,0.0,0.0029541850090026855,0,0.0,0.0,0.0,0.0,0,none,0,1,0,overconfident,0.95,0,mild_drift,0.9612840747012161,0.0012834188442880706,0.8066318519326272,0.8579870799543329,1768131622.334286,0.48174652457237244,0.12949001789093018
91,5824,5823,sea_abrupt4,sea,ts_drift_adapt,4,"error_divergence_ph_meta@error.threshold=0.10,error.min_instances=5",error_divergence_ph_meta,"{""divergence"": {""alpha"": 0.1, ""delta"": 0.005, ""min_instances"": 30, ""threshold"": 0.05}, ""error_rate"": {""alpha"": 0.15, ""delta"": 0.005, ""min_instances"": 5, ""threshold"": 0.1}}","{""error_rate"": {""min_instances"": 5, ""threshold"": 0.1}}",0.1,0.005,0.15,5,0.05,0.005,0.1,30,,,,-1,two_stage,2,0.5,"__confirm_cooldown=200,__confirm_rule=perm_test,__perm_alpha=0.02,__perm_delta_k=25,__perm_min_effect=0,__perm_n_perm=200,__perm_post_n=50,__perm_pre_n=200,__perm_rng_seed=0,__perm_stat=delta_fused_score,divergence=0.3,error_rate=0.5,teacher_entropy=0.2",3,0,200,0.0,0,10000,10.0,25.0,200,500,0,0,1.0,0.7884615384615384,0.43530795418790214,0.16666666666666666,0.39805060625076294,0.006611139513552189,0,1,16,12,-1,perm_test,1.0,-0.007102474319482011,28,12,16,0.16666666666666666,0.002250237390398979,1,0.5,0.0,0.0,0.0,0,none,0,1,0,overconfident,0.95,0,mild_drift,0.960792037350608,0.0012917094221440353,0.8033159259663136,0.8564935399771665,1768131622.3448298,0.4029791057109833,0.09558838605880737
92,5888,5887,sea_abrupt4,sea,ts_drift_adapt,4,"error_divergence_ph_meta@error.threshold=0.10,error.min_instances=5",error_divergence_ph_meta,"{""divergence"": {""alpha"": 0.1, ""delta"": 0.005, ""min_instances"": 30, ""threshold"": 0.05}, ""error_rate"": {""alpha"": 0.15, ""delta"": 0.005, ""min_instances"": 5, ""threshold"": 0.1}}","{""error_rate"": {""min_instances"": 5, ""threshold"": 0.1}}",0.1,0.005,0.15,5,0.05,0.005,0.1,30,,,,-1,two_stage,2,0.5,"__confirm_cooldown=200,__confirm_rule=perm_test,__perm_alpha=0.02,__perm_delta_k=25,__perm_min_effect=0,__perm_n_perm=200,__perm_post_n=50,__perm_pre_n=200,__perm_rng_seed=0,__perm_stat=delta_fused_score,divergence=0.3,error_rate=0.5,teacher_entropy=0.2",3,0,200,0.0,0,10000,10.0,25.0,200,500,0,0,1.0,0.7887228260869565,0.43649685216507994,0.0,0.43487444519996643,0.011718773283064365,1,0,16,13,1,perm_test,0.004975124378109453,0.01098825489138503,29,13,16,0.0,0.16666666666666666,0,0.0,0.0,0.0,0.0,0,none,1,1,0,overconfident,0.95,0,stable,0.975396018675304,0.0010458547110720176,0.9016579629831568,0.9007467699885833,1768131622.3608255,0.15889988839626312,0.1736522614955902
93,5952,5951,sea_abrupt4,sea,ts_drift_adapt,4,"error_divergence_ph_meta@error.threshold=0.10,error.min_instances=5",error_divergence_ph_meta,"{""divergence"": {""alpha"": 0.1, ""delta"": 0.005, ""min_instances"": 30, ""threshold"": 0.05}, ""error_rate"": {""alpha"": 0.15, ""delta"": 0.005, ""min_instances"": 5, ""threshold"": 0.1}}","{""error_rate"": {""min_instances"": 5, ""threshold"": 0.1}}",0.1,0.005,0.15,5,0.05,0.005,0.1,30,,,,-1,two_stage,2,0.5,"__confirm_cooldown=200,__confirm_rule=perm_test,__perm_alpha=0.02,__perm_delta_k=25,__perm_min_effect=0,__perm_n_perm=200,__perm_post_n=50,__perm_pre_n=200,__perm_rng_seed=0,__perm_stat=delta_fused_score,divergence=0.3,error_rate=0.5,teacher_entropy=0.2",3,0,200,0.0,0,10000,10.0,25.0,200,500,1,136,1.0,0.7894825268817204,0.4373286037241146,0.0,0.41055211424827576,0.007481138687580824,0,0,16,13,-1,perm_test,0.004975124378109453,0.01098825489138503,29,13,16,0.0,0.0042376345954835415,0,0.0,0.0,0.0,0.0,0,none,0,1,0,overconfident,0.95,0,mild_drift,0.967848009337652,0.0011729273555360089,0.8508289814915784,0.8778733849942917,1768131622.3708408,0.11589854210615158,0.07907485961914062
94,6016,6015,sea_abrupt4,sea,ts_drift_adapt,4,"error_divergence_ph_meta@error.threshold=0.10,error.min_instances=5",error_divergence_ph_meta,"{""divergence"": {""alpha"": 0.1, ""delta"": 0.005, ""min_instances"": 30, ""threshold"": 0.05}, ""error_rate"": {""alpha"": 0.15, ""delta"": 0.005, ""min_instances"": 5, ""threshold"": 0.1}}","{""error_rate"": {""min_instances"": 5, ""threshold"": 0.1}}",0.1,0.005,0.15,5,0.05,0.005,0.1,30,,,,-1,two_stage,2,0.5,"__confirm_cooldown=200,__confirm_rule=perm_test,__perm_alpha=0.02,__perm_delta_k=25,__perm_min_effect=0,__perm_n_perm=200,__perm_post_n=50,__perm_pre_n=200,__perm_rng_seed=0,__perm_stat=delta_fused_score,divergence=0.3,error_rate=0.5,teacher_entropy=0.2",3,0,200,0.0,0,10000,10.0,25.0,200,500,1,72,1.0,0.7897273936170213,0.44064924389334653,0.0,0.46373942494392395,0.010700857266783714,0,0,16,13,-1,perm_test,0.004975124378109453,0.01098825489138503,29,13,16,0.0,0.0032197185792028904,0,0.0,0.0,0.0,0.0,0,none,0,1,0,overconfident,0.95,0,mild_drift,0.964074004668826,0.0012364636777680046,0.8254144907457892,0.8664366924971458,1768131622.38079,0.2154444307088852,0.10560138523578644
95,6080,6079,sea_abrupt4,sea,ts_drift_adapt,4,"error_divergence_ph_meta@error.threshold=0.10,error.min_instances=5",error_divergence_ph_meta,"{""divergence"": {""alpha"": 0.1, ""delta"": 0.005, ""min_instances"": 30, ""threshold"": 0.05}, ""error_rate"": {""alpha"": 0.15, ""delta"": 0.005, ""min_instances"": 5, ""threshold"": 0.1}}","{""error_rate"": {""min_instances"": 5, ""threshold"": 0.1}}",0.1,0.005,0.15,5,0.05,0.005,0.1,30,,,,-1,two_stage,2,0.5,"__confirm_cooldown=200,__confirm_rule=perm_test,__perm_alpha=0.02,__perm_delta_k=25,__perm_min_effect=0,__perm_n_perm=200,__perm_post_n=50,__perm_pre_n=200,__perm_rng_seed=0,__perm_stat=delta_fused_score,divergence=0.3,error_rate=0.5,teacher_entropy=0.2",3,0,200,0.0,0,10000,10.0,25.0,200,500,1,8,1.0,0.7904605263157894,0.44331115562495843,0.16666666666666666,0.4434611201286316,0.008071783930063248,0,0,16,13,-1,perm_test,0.004975124378109453,0.01098825489138503,29,13,16,0.0,0.16666666666666666,0,0.0,0.0,0.0,0.0,0,none,0,1,0,overconfident,0.95,0,mild_drift,0.962187002334413,0.0012682318388840025,0.8127072453728946,0.8607183462485729,1768131622.390814,0.2002476453781128,0.09151127934455872
96,6144,6143,sea_abrupt4,sea,ts_drift_adapt,4,"error_divergence_ph_meta@error.threshold=0.10,error.min_instances=5",error_divergence_ph_meta,"{""divergence"": {""alpha"": 0.1, ""delta"": 0.005, ""min_instances"": 30, ""threshold"": 0.05}, ""error_rate"": {""alpha"": 0.15, ""delta"": 0.005, ""min_instances"": 5, ""threshold"": 0.1}}","{""error_rate"": {""min_instances"": 5, ""threshold"": 0.1}}",0.1,0.005,0.15,5,0.05,0.005,0.1,30,,,,-1,two_stage,2,0.5,"__confirm_cooldown=200,__confirm_rule=perm_test,__perm_alpha=0.02,__perm_delta_k=25,__perm_min_effect=0,__perm_n_perm=200,__perm_post_n=50,__perm_pre_n=200,__perm_rng_seed=0,__perm_stat=delta_fused_score,divergence=0.3,error_rate=0.5,teacher_entropy=0.2",3,0,200,0.0,0,10000,10.0,25.0,200,500,0,0,1.0,0.7903645833333334,0.4427373351602965,0.16666666666666666,0.38879185914993286,0.005372114013880491,0,1,17,13,-1,perm_test,1.0,-0.018366775208411557,30,13,17,0.0,0.0026996699161827564,1,0.5,0.0,0.0,0.0,0,none,0,1,0,overconfident,0.95,0,mild_drift,0.9612435011672065,0.0012841159194420014,0.8063536226864474,0.8578591731242864,1768131622.401452,0.19534730911254883,0.07688604295253754
97,6208,6207,sea_abrupt4,sea,ts_drift_adapt,4,"error_divergence_ph_meta@error.threshold=0.10,error.min_instances=5",error_divergence_ph_meta,"{""divergence"": {""alpha"": 0.1, ""delta"": 0.005, ""min_instances"": 30, ""threshold"": 0.05}, ""error_rate"": {""alpha"": 0.15, ""delta"": 0.005, ""min_instances"": 5, ""threshold"": 0.1}}","{""error_rate"": {""min_instances"": 5, ""threshold"": 0.1}}",0.1,0.005,0.15,5,0.05,0.005,0.1,30,,,,-1,two_stage,2,0.5,"__confirm_cooldown=200,__confirm_rule=perm_test,__perm_alpha=0.02,__perm_delta_k=25,__perm_min_effect=0,__perm_n_perm=200,__perm_post_n=50,__perm_pre_n=200,__perm_rng_seed=0,__perm_stat=delta_fused_score,divergence=0.3,error_rate=0.5,teacher_entropy=0.2",3,0,200,0.0,0,10000,10.0,25.0,200,500,0,0,1.0,0.7909149484536082,0.4444658471292174,0.16666666666666666,0.3980054557323456,0.008620784617960453,0,0,17,13,-1,perm_test,1.0,-0.07330138089197616,31,13,18,0.0,0.0032486706040799618,0,0.0,0.0,0.0,0.0,0,none,0,1,0,overconfident,0.95,0,mild_drift,0.9607717505836032,0.0012920579597210007,0.8031768113432237,0.8564295865621432,1768131622.41206,0.3449595868587494,0.0930977463722229
98,6272,6271,sea_abrupt4,sea,ts_drift_adapt,4,"error_divergence_ph_meta@error.threshold=0.10,error.min_instances=5",error_divergence_ph_meta,"{""divergence"": {""alpha"": 0.1, ""delta"": 0.005, ""min_instances"": 30, ""threshold"": 0.05}, ""error_rate"": {""alpha"": 0.15, ""delta"": 0.005, ""min_instances"": 5, ""threshold"": 0.1}}","{""error_rate"": {""min_instances"": 5, ""threshold"": 0.1}}",0.1,0.005,0.15,5,0.05,0.005,0.1,30,,,,-1,two_stage,2,0.5,"__confirm_cooldown=200,__confirm_rule=perm_test,__perm_alpha=0.02,__perm_delta_k=25,__perm_min_effect=0,__perm_n_perm=200,__perm_post_n=50,__perm_pre_n=200,__perm_rng_seed=0,__perm_stat=delta_fused_score,divergence=0.3,error_rate=0.5,teacher_entropy=0.2",3,0,200,0.0,0,10000,10.0,25.0,200,500,0,0,1.0,0.7912946428571429,0.444988021005154,0.3333333333333333,0.4093773365020752,0.008331150747835636,1,0,17,14,2,perm_test,0.004975124378109453,0.027671518644577783,32,14,18,0.0,0.16666666666666666,0,0.0,0.0,0.0,0.0,0,none,1,1,0,overconfident,0.95,0,stable,0.9753858752918017,0.0010460289798605003,0.9015884056716119,0.9007147932810716,1768131622.4284499,0.5804089903831482,0.08063159883022308
99,6336,6335,sea_abrupt4,sea,ts_drift_adapt,4,"error_divergence_ph_meta@error.threshold=0.10,error.min_instances=5",error_divergence_ph_meta,"{""divergence"": {""alpha"": 0.1, ""delta"": 0.005, ""min_instances"": 30, ""threshold"": 0.05}, ""error_rate"": {""alpha"": 0.15, ""delta"": 0.005, ""min_instances"": 5, ""threshold"": 0.1}}","{""error_rate"": {""min_instances"": 5, ""threshold"": 0.1}}",0.1,0.005,0.15,5,0.05,0.005,0.1,30,,,,-1,two_stage,2,0.5,"__confirm_cooldown=200,__confirm_rule=perm_test,__perm_alpha=0.02,__perm_delta_k=25,__perm_min_effect=0,__perm_n_perm=200,__perm_post_n=50,__perm_pre_n=200,__perm_rng_seed=0,__perm_stat=delta_fused_score,divergence=0.3,error_rate=0.5,teacher_entropy=0.2",3,0,200,0.0,0,10000,10.0,25.0,200,500,1,136,1.0,0.7921401515151515,0.44757355083017764,0.3333333333333333,0.41054585576057434,0.009159453213214874,0,0,17,14,-1,perm_test,0.004975124378109453,0.027671518644577783,32,14,18,0.0,0.0008283024653792381,0,0.0,0.0,0.0,0.0,0,none,0,1,0,overconfident,0.95,0,mild_drift,0.9678429376459008,0.0011730144899302502,0.850794202835806,0.8778573966405359,1768131622.4388032,1.0095467567443848,0.06826157867908478
100,6400,6399,sea_abrupt4,sea,ts_drift_adapt,4,"error_divergence_ph_meta@error.threshold=0.10,error.min_instances=5",error_divergence_ph_meta,"{""divergence"": {""alpha"": 0.1, ""delta"": 0.005, ""min_instances"": 30, ""threshold"": 0.05}, ""error_rate"": {""alpha"": 0.15, ""delta"": 0.005, ""min_instances"": 5, ""threshold"": 0.1}}","{""error_rate"": {""min_instances"": 5, ""threshold"": 0.1}}",0.1,0.005,0.15,5,0.05,0.005,0.1,30,,,,-1,two_stage,2,0.5,"__confirm_cooldown=200,__confirm_rule=perm_test,__perm_alpha=0.02,__perm_delta_k=25,__perm_min_effect=0,__perm_n_perm=200,__perm_post_n=50,__perm_pre_n=200,__perm_rng_seed=0,__perm_stat=delta_fused_score,divergence=0.3,error_rate=0.5,teacher_entropy=0.2",3,0,200,0.0,0,10000,10.0,25.0,200,500,1,72,1.0,0.79234375,0.4477988953381026,0.3333333333333333,0.39203035831451416,0.008571438491344452,0,0,17,14,-1,perm_test,0.004975124378109453,0.027671518644577783,32,14,18,0.0,0.0005880147218704224,0,0.0,0.0,0.0,0.0,0,none,0,1,0,overconfident,0.95,0,mild_drift,0.9640714688229504,0.0012365072449651252,0.825397101417903,0.8664286983202679,1768131622.448941,0.5836648344993591,0.08167411386966705
101,6464,6463,sea_abrupt4,sea,ts_drift_adapt,4,"error_divergence_ph_meta@error.threshold=0.10,error.min_instances=5",error_divergence_ph_meta,"{""divergence"": {""alpha"": 0.1, ""delta"": 0.005, ""min_instances"": 30, ""threshold"": 0.05}, ""error_rate"": {""alpha"": 0.15, ""delta"": 0.005, ""min_instances"": 5, ""threshold"": 0.1}}","{""error_rate"": {""min_instances"": 5, ""threshold"": 0.1}}",0.1,0.005,0.15,5,0.05,0.005,0.1,30,,,,-1,two_stage,2,0.5,"__confirm_cooldown=200,__confirm_rule=perm_test,__perm_alpha=0.02,__perm_delta_k=25,__perm_min_effect=0,__perm_n_perm=200,__perm_post_n=50,__perm_pre_n=200,__perm_rng_seed=0,__perm_stat=delta_fused_score,divergence=0.3,error_rate=0.5,teacher_entropy=0.2",3,0,200,0.0,0,10000,10.0,25.0,200,500,1,8,1.0,0.791924504950495,0.4486554139460105,0.3333333333333333,0.4188666045665741,0.005281980615109205,0,0,17,14,-1,perm_test,0.004975124378109453,0.027671518644577783,32,14,18,0.0,0.0032894578762352467,0,0.0,0.0,0.0,0.0,0,none,0,1,0,overconfident,0.95,0,mild_drift,0.9621857344114751,0.0012682536224825627,0.8126985507089515,0.8607143491601339,1768131622.4590926,1.1548326015472412,0.07625697553157806
102,6528,6527,sea_abrupt4,sea,ts_drift_adapt,4,"error_divergence_ph_meta@error.threshold=0.10,error.min_instances=5",error_divergence_ph_meta,"{""divergence"": {""alpha"": 0.1, ""delta"": 0.005, ""min_instances"": 30, ""threshold"": 0.05}, ""error_rate"": {""alpha"": 0.15, ""delta"": 0.005, ""min_instances"": 5, ""threshold"": 0.1}}","{""error_rate"": {""min_instances"": 5, ""threshold"": 0.1}}",0.1,0.005,0.15,5,0.05,0.005,0.1,30,,,,-1,two_stage,2,0.5,"__confirm_cooldown=200,__confirm_rule=perm_test,__perm_alpha=0.02,__perm_delta_k=25,__perm_min_effect=0,__perm_n_perm=200,__perm_post_n=50,__perm_pre_n=200,__perm_rng_seed=0,__perm_stat=delta_fused_score,divergence=0.3,error_rate=0.5,teacher_entropy=0.2",3,0,200,0.0,0,10000,10.0,25.0,200,500,0,0,1.0,0.7924325980392157,0.44991208981465747,0.3333333333333333,0.3957357108592987,0.00686904089525342,0,0,17,14,-1,perm_test,0.004975124378109453,0.027671518644577783,32,14,18,0.0,0.0015870602801442146,0,0.0,0.0,0.0,0.0,0,none,0,1,0,overconfident,0.95,0,mild_drift,0.9612428672057376,0.0012841268112412814,0.8063492753544758,0.8578571745800669,1768131622.4695425,0.5622239112854004,0.0866827741265297
103,6592,6591,sea_abrupt4,sea,ts_drift_adapt,4,"error_divergence_ph_meta@error.threshold=0.10,error.min_instances=5",error_divergence_ph_meta,"{""divergence"": {""alpha"": 0.1, ""delta"": 0.005, ""min_instances"": 30, ""threshold"": 0.05}, ""error_rate"": {""alpha"": 0.15, ""delta"": 0.005, ""min_instances"": 5, ""threshold"": 0.1}}","{""error_rate"": {""min_instances"": 5, ""threshold"": 0.1}}",0.1,0.005,0.15,5,0.05,0.005,0.1,30,,,,-1,two_stage,2,0.5,"__confirm_cooldown=200,__confirm_rule=perm_test,__perm_alpha=0.02,__perm_delta_k=25,__perm_min_effect=0,__perm_n_perm=200,__perm_post_n=50,__perm_pre_n=200,__perm_rng_seed=0,__perm_stat=delta_fused_score,divergence=0.3,error_rate=0.5,teacher_entropy=0.2",3,0,200,0.0,0,10000,10.0,25.0,200,500,0,0,1.0,0.7924757281553398,0.450176527979438,0.16666666666666666,0.42141658067703247,0.0055342623963952065,0,1,18,14,-1,perm_test,1.0,-0.10342074039587154,33,14,19,0.0,0.16666666666666666,1,0.5,0.0,0.0,0.0,0,none,0,1,0,overconfident,0.95,0,mild_drift,0.9607714336028688,0.0012920634056206408,0.803174637677238,0.8564285872900335,1768131622.4829998,0.23501329123973846,0.09324081242084503
104,6656,6655,sea_abrupt4,sea,ts_drift_adapt,4,"error_divergence_ph_meta@error.threshold=0.10,error.min_instances=5",error_divergence_ph_meta,"{""divergence"": {""alpha"": 0.1, ""delta"": 0.005, ""min_instances"": 30, ""threshold"": 0.05}, ""error_rate"": {""alpha"": 0.15, ""delta"": 0.005, ""min_instances"": 5, ""threshold"": 0.1}}","{""error_rate"": {""min_instances"": 5, ""threshold"": 0.1}}",0.1,0.005,0.15,5,0.05,0.005,0.1,30,,,,-1,two_stage,2,0.5,"__confirm_cooldown=200,__confirm_rule=perm_test,__perm_alpha=0.02,__perm_delta_k=25,__perm_min_effect=0,__perm_n_perm=200,__perm_post_n=50,__perm_pre_n=200,__perm_rng_seed=0,__perm_stat=delta_fused_score,divergence=0.3,error_rate=0.5,teacher_entropy=0.2",3,0,200,0.0,0,10000,10.0,25.0,200,500,0,0,1.0,0.7922175480769231,0.4491677840590042,0.16666666666666666,0.38281935453414917,0.005381751339882612,1,0,18,15,1,perm_test,0.004975124378109453,0.027347945389065,34,15,19,0.0,0.00015251105651259422,0,0.0,0.0,0.0,0.0,0,none,1,1,0,overconfident,0.95,0,stable,0.9753857168014344,0.0010460317028103204,0.901587318838619,0.9007142936450168,1768131622.502381,0.3045981228351593,0.08646145462989807
105,6720,6719,sea_abrupt4,sea,ts_drift_adapt,4,"error_divergence_ph_meta@error.threshold=0.10,error.min_instances=5",error_divergence_ph_meta,"{""divergence"": {""alpha"": 0.1, ""delta"": 0.005, ""min_instances"": 30, ""threshold"": 0.05}, ""error_rate"": {""alpha"": 0.15, ""delta"": 0.005, ""min_instances"": 5, ""threshold"": 0.1}}","{""error_rate"": {""min_instances"": 5, ""threshold"": 0.1}}",0.1,0.005,0.15,5,0.05,0.005,0.1,30,,,,-1,two_stage,2,0.5,"__confirm_cooldown=200,__confirm_rule=perm_test,__perm_alpha=0.02,__perm_delta_k=25,__perm_min_effect=0,__perm_n_perm=200,__perm_post_n=50,__perm_pre_n=200,__perm_rng_seed=0,__perm_stat=delta_fused_score,divergence=0.3,error_rate=0.5,teacher_entropy=0.2",3,0,200,0.0,0,10000,10.0,25.0,200,500,1,136,1.0,0.7928571428571428,0.45026365393333495,0.16666666666666666,0.3874662220478058,0.006148348096758127,0,0,18,15,-1,perm_test,0.004975124378109453,0.027347945389065,34,15,19,0.0,0.000766596756875515,0,0.0,0.0,0.0,0.0,0,none,0,1,0,overconfident,0.95,0,mild_drift,0.9678428584007172,0.0011730158514051603,0.8507936594193095,0.8778571468225084,1768131622.5147424,0.28435468673706055,0.08025342971086502
106,6784,6783,sea_abrupt4,sea,ts_drift_adapt,4,"error_divergence_ph_meta@error.threshold=0.10,error.min_instances=5",error_divergence_ph_meta,"{""divergence"": {""alpha"": 0.1, ""delta"": 0.005, ""min_instances"": 30, ""threshold"": 0.05}, ""error_rate"": {""alpha"": 0.15, ""delta"": 0.005, ""min_instances"": 5, ""threshold"": 0.1}}","{""error_rate"": {""min_instances"": 5, ""threshold"": 0.1}}",0.1,0.005,0.15,5,0.05,0.005,0.1,30,,,,-1,two_stage,2,0.5,"__confirm_cooldown=200,__confirm_rule=perm_test,__perm_alpha=0.02,__perm_delta_k=25,__perm_min_effect=0,__perm_n_perm=200,__perm_post_n=50,__perm_pre_n=200,__perm_rng_seed=0,__perm_stat=delta_fused_score,divergence=0.3,error_rate=0.5,teacher_entropy=0.2",3,0,200,0.0,0,10000,10.0,25.0,200,500,1,72,1.0,0.7936320754716981,0.45210404254408426,0.0,0.39807960391044617,0.006765052676200867,0,0,18,15,-1,perm_test,0.004975124378109453,0.027347945389065,34,15,19,0.0,0.16666666666666666,0,0.0,0.0,0.0,0.0,0,none,0,1,0,overconfident,0.95,0,mild_drift,0.9640714292003585,0.00123650792570258,0.8253968297096548,0.8664285734112542,1768131622.524771,0.287808895111084,0.09066469967365265
107,6848,6847,sea_abrupt4,sea,ts_drift_adapt,4,"error_divergence_ph_meta@error.threshold=0.10,error.min_instances=5",error_divergence_ph_meta,"{""divergence"": {""alpha"": 0.1, ""delta"": 0.005, ""min_instances"": 30, ""threshold"": 0.05}, ""error_rate"": {""alpha"": 0.15, ""delta"": 0.005, ""min_instances"": 5, ""threshold"": 0.1}}","{""error_rate"": {""min_instances"": 5, ""threshold"": 0.1}}",0.1,0.005,0.15,5,0.05,0.005,0.1,30,,,,-1,two_stage,2,0.5,"__confirm_cooldown=200,__confirm_rule=perm_test,__perm_alpha=0.02,__perm_delta_k=25,__perm_min_effect=0,__perm_n_perm=200,__perm_post_n=50,__perm_pre_n=200,__perm_rng_seed=0,__perm_stat=delta_fused_score,divergence=0.3,error_rate=0.5,teacher_entropy=0.2",3,0,200,0.0,0,10000,10.0,25.0,200,500,1,8,1.0,0.7941004672897196,0.4534256955269652,0.3333333333333333,0.43482592701911926,0.006146651227027178,0,0,18,15,-1,perm_test,0.004975124378109453,0.027347945389065,34,15,19,0.0,0.3333333333333333,0,0.0,0.0,0.0,0.0,0,none,0,1,0,overconfident,0.95,0,mild_drift,0.9621857146001792,0.00126825396285129,0.8126984148548274,0.8607142867056271,1768131622.5349436,0.3757452964782715,0.09312880039215088
108,6912,6911,sea_abrupt4,sea,ts_drift_adapt,4,"error_divergence_ph_meta@error.threshold=0.10,error.min_instances=5",error_divergence_ph_meta,"{""divergence"": {""alpha"": 0.1, ""delta"": 0.005, ""min_instances"": 30, ""threshold"": 0.05}, ""error_rate"": {""alpha"": 0.15, ""delta"": 0.005, ""min_instances"": 5, ""threshold"": 0.1}}","{""error_rate"": {""min_instances"": 5, ""threshold"": 0.1}}",0.1,0.005,0.15,5,0.05,0.005,0.1,30,,,,-1,two_stage,2,0.5,"__confirm_cooldown=200,__confirm_rule=perm_test,__perm_alpha=0.02,__perm_delta_k=25,__perm_min_effect=0,__perm_n_perm=200,__perm_post_n=50,__perm_pre_n=200,__perm_rng_seed=0,__perm_stat=delta_fused_score,divergence=0.3,error_rate=0.5,teacher_entropy=0.2",3,0,200,0.0,0,10000,10.0,25.0,200,500,0,0,1.0,0.7945601851851852,0.45487390726684834,0.0,0.37678515911102295,0.005499468185007572,0,1,19,15,-1,perm_test,1.0,-0.1376345852233605,35,15,20,0.16666666666666666,0.3333333333333333,1,0.5,0.0,0.0,0.0,0,none,0,1,0,overconfident,0.95,0,mild_drift,0.9612428573000895,0.0012841269814256452,0.8063492074274137,0.8578571433528135,1768131622.5455725,0.2558383047580719,0.0830288976430893
109,6976,6975,sea_abrupt4,sea,ts_drift_adapt,4,"error_divergence_ph_meta@error.threshold=0.10,error.min_instances=5",error_divergence_ph_meta,"{""divergence"": {""alpha"": 0.1, ""delta"": 0.005, ""min_instances"": 30, ""threshold"": 0.05}, ""error_rate"": {""alpha"": 0.15, ""delta"": 0.005, ""min_instances"": 5, ""threshold"": 0.1}}","{""error_rate"": {""min_instances"": 5, ""threshold"": 0.1}}",0.1,0.005,0.15,5,0.05,0.005,0.1,30,,,,-1,two_stage,2,0.5,"__confirm_cooldown=200,__confirm_rule=perm_test,__perm_alpha=0.02,__perm_delta_k=25,__perm_min_effect=0,__perm_n_perm=200,__perm_post_n=50,__perm_pre_n=200,__perm_rng_seed=0,__perm_stat=delta_fused_score,divergence=0.3,error_rate=0.5,teacher_entropy=0.2",3,0,200,0.0,0,10000,10.0,25.0,200,500,0,0,1.0,0.7944380733944955,0.4543411735687235,0.3333333333333333,0.36766085028648376,0.0067243678495287895,1,0,19,16,1,perm_test,0.004975124378109453,0.04831033048670679,36,16,20,0.0,0.3333333333333333,0,0.0,0.0,0.0,0.0,0,none,1,1,0,overconfident,0.95,0,stable,0.9756214286500448,0.0010420634907128226,0.9031746037137068,0.9014285716764068,1768131622.5616062,0.5496237874031067,0.10505853593349457
110,7040,7039,sea_abrupt4,sea,ts_drift_adapt,4,"error_divergence_ph_meta@error.threshold=0.10,error.min_instances=5",error_divergence_ph_meta,"{""divergence"": {""alpha"": 0.1, ""delta"": 0.005, ""min_instances"": 30, ""threshold"": 0.05}, ""error_rate"": {""alpha"": 0.15, ""delta"": 0.005, ""min_instances"": 5, ""threshold"": 0.1}}","{""error_rate"": {""min_instances"": 5, ""threshold"": 0.1}}",0.1,0.005,0.15,5,0.05,0.005,0.1,30,,,,-1,two_stage,2,0.5,"__confirm_cooldown=200,__confirm_rule=perm_test,__perm_alpha=0.02,__perm_delta_k=25,__perm_min_effect=0,__perm_n_perm=200,__perm_post_n=50,__perm_pre_n=200,__perm_rng_seed=0,__perm_stat=delta_fused_score,divergence=0.3,error_rate=0.5,teacher_entropy=0.2",3,0,200,0.0,0,10000,10.0,25.0,200,500,1,136,1.0,0.7941761363636364,0.45522627023403645,0.16666666666666666,0.4047899842262268,0.0084864292293787,0,0,19,16,-1,perm_test,0.004975124378109453,0.04831033048670679,36,16,20,0.0,0.16666666666666666,0,0.0,0.0,0.0,0.0,0,none,0,1,0,overconfident,0.95,0,mild_drift,0.9679607143250224,0.0011710317453564115,0.8515873018568534,0.8782142858382034,1768131622.5715935,0.399329274892807,0.11311189085245132
111,7104,7103,sea_abrupt4,sea,ts_drift_adapt,4,"error_divergence_ph_meta@error.threshold=0.10,error.min_instances=5",error_divergence_ph_meta,"{""divergence"": {""alpha"": 0.1, ""delta"": 0.005, ""min_instances"": 30, ""threshold"": 0.05}, ""error_rate"": {""alpha"": 0.15, ""delta"": 0.005, ""min_instances"": 5, ""threshold"": 0.1}}","{""error_rate"": {""min_instances"": 5, ""threshold"": 0.1}}",0.1,0.005,0.15,5,0.05,0.005,0.1,30,,,,-1,two_stage,2,0.5,"__confirm_cooldown=200,__confirm_rule=perm_test,__perm_alpha=0.02,__perm_delta_k=25,__perm_min_effect=0,__perm_n_perm=200,__perm_post_n=50,__perm_pre_n=200,__perm_rng_seed=0,__perm_stat=delta_fused_score,divergence=0.3,error_rate=0.5,teacher_entropy=0.2",3,0,200,0.0,0,10000,10.0,25.0,200,500,1,72,1.0,0.7947635135135135,0.45642924617419245,0.16666666666666666,0.3434678912162781,0.006992441602051258,0,0,19,16,-1,perm_test,0.004975124378109453,0.04831033048670679,36,16,20,0.0,0.0014939876273274422,0,0.0,0.0,0.0,0.0,0,none,0,1,0,overconfident,0.95,0,mild_drift,0.9641303571625112,0.0012355158726782057,0.8257936509284267,0.8666071429191017,1768131622.5816205,0.5235649347305298,0.10226915031671524
112,7168,7167,sea_abrupt4,sea,ts_drift_adapt,4,"error_divergence_ph_meta@error.threshold=0.10,error.min_instances=5",error_divergence_ph_meta,"{""divergence"": {""alpha"": 0.1, ""delta"": 0.005, ""min_instances"": 30, ""threshold"": 0.05}, ""error_rate"": {""alpha"": 0.15, ""delta"": 0.005, ""min_instances"": 5, ""threshold"": 0.1}}","{""error_rate"": {""min_instances"": 5, ""threshold"": 0.1}}",0.1,0.005,0.15,5,0.05,0.005,0.1,30,,,,-1,two_stage,2,0.5,"__confirm_cooldown=200,__confirm_rule=perm_test,__perm_alpha=0.02,__perm_delta_k=25,__perm_min_effect=0,__perm_n_perm=200,__perm_post_n=50,__perm_pre_n=200,__perm_rng_seed=0,__perm_stat=delta_fused_score,divergence=0.3,error_rate=0.5,teacher_entropy=0.2",3,0,200,0.0,0,10000,10.0,25.0,200,500,1,8,1.0,0.7947823660714286,0.45706957478312416,0.0,0.4075392484664917,0.014349134638905525,0,0,19,16,-1,perm_test,0.004975124378109453,0.04831033048670679,36,16,20,0.0,0.16666666666666666,0,0.0,0.0,0.0,0.0,0,none,0,1,0,overconfident,0.95,0,mild_drift,0.9622151785812556,0.001267757936339103,0.8128968254642134,0.8608035714595508,1768131622.5915687,0.19123053550720215,0.1493992805480957
113,7232,7231,sea_abrupt4,sea,ts_drift_adapt,4,"error_divergence_ph_meta@error.threshold=0.10,error.min_instances=5",error_divergence_ph_meta,"{""divergence"": {""alpha"": 0.1, ""delta"": 0.005, ""min_instances"": 30, ""threshold"": 0.05}, ""error_rate"": {""alpha"": 0.15, ""delta"": 0.005, ""min_instances"": 5, ""threshold"": 0.1}}","{""error_rate"": {""min_instances"": 5, ""threshold"": 0.1}}",0.1,0.005,0.15,5,0.05,0.005,0.1,30,,,,-1,two_stage,2,0.5,"__confirm_cooldown=200,__confirm_rule=perm_test,__perm_alpha=0.02,__perm_delta_k=25,__perm_min_effect=0,__perm_n_perm=200,__perm_post_n=50,__perm_pre_n=200,__perm_rng_seed=0,__perm_stat=delta_fused_score,divergence=0.3,error_rate=0.5,teacher_entropy=0.2",3,0,200,0.0,0,10000,10.0,25.0,200,500,0,0,1.0,0.7948008849557522,0.4581295104383003,0.16666666666666666,0.3587828576564789,0.0061988565139472485,1,1,20,17,0,perm_test,0.004975124378109453,0.08369259439334226,37,17,20,0.16666666666666666,0.16666666666666666,1,0.5,0.0,0.0,0.0,0,none,1,1,0,overconfident,0.95,0,severe_drift,0.9266075892906278,0.0016338789681695515,0.6564484127321066,0.8354017857297754,1768131622.6075757,0.2636938989162445,0.09119657427072525
114,7296,7295,sea_abrupt4,sea,ts_drift_adapt,4,"error_divergence_ph_meta@error.threshold=0.10,error.min_instances=5",error_divergence_ph_meta,"{""divergence"": {""alpha"": 0.1, ""delta"": 0.005, ""min_instances"": 30, ""threshold"": 0.05}, ""error_rate"": {""alpha"": 0.15, ""delta"": 0.005, ""min_instances"": 5, ""threshold"": 0.1}}","{""error_rate"": {""min_instances"": 5, ""threshold"": 0.1}}",0.1,0.005,0.15,5,0.05,0.005,0.1,30,,,,-1,two_stage,2,0.5,"__confirm_cooldown=200,__confirm_rule=perm_test,__perm_alpha=0.02,__perm_delta_k=25,__perm_min_effect=0,__perm_n_perm=200,__perm_post_n=50,__perm_pre_n=200,__perm_rng_seed=0,__perm_stat=delta_fused_score,divergence=0.3,error_rate=0.5,teacher_entropy=0.2",3,0,200,0.0,0,10000,10.0,25.0,200,500,1,136,1.0,0.7960526315789473,0.4615831420980964,0.3333333333333333,0.37239015102386475,0.01056843064725399,0,0,20,17,-1,perm_test,0.004975124378109453,0.08369259439334226,37,17,20,0.0,0.16666666666666666,0,0.0,0.0,0.0,0.0,0,none,0,1,0,overconfident,0.95,0,mild_drift,0.9434537946453139,0.0014669394840847757,0.7282242063660533,0.8452008928648878,1768131622.6176455,0.5633334517478943,0.15080827474594116
115,7360,7359,sea_abrupt4,sea,ts_drift_adapt,4,"error_divergence_ph_meta@error.threshold=0.10,error.min_instances=5",error_divergence_ph_meta,"{""divergence"": {""alpha"": 0.1, ""delta"": 0.005, ""min_instances"": 30, ""threshold"": 0.05}, ""error_rate"": {""alpha"": 0.15, ""delta"": 0.005, ""min_instances"": 5, ""threshold"": 0.1}}","{""error_rate"": {""min_instances"": 5, ""threshold"": 0.1}}",0.1,0.005,0.15,5,0.05,0.005,0.1,30,,,,-1,two_stage,2,0.5,"__confirm_cooldown=200,__confirm_rule=perm_test,__perm_alpha=0.02,__perm_delta_k=25,__perm_min_effect=0,__perm_n_perm=200,__perm_post_n=50,__perm_pre_n=200,__perm_rng_seed=0,__perm_stat=delta_fused_score,divergence=0.3,error_rate=0.5,teacher_entropy=0.2",3,0,200,0.0,0,10000,10.0,25.0,200,500,1,72,1.0,0.7960597826086957,0.46193830712711986,0.16666666666666666,0.40788745880126953,0.00781953427940607,0,0,20,17,-1,perm_test,0.004975124378109453,0.08369259439334226,37,17,20,0.0,0.16666666666666666,0,0.0,0.0,0.0,0.0,0,none,0,1,0,overconfident,0.95,0,mild_drift,0.9518768973226569,0.001383469742042388,0.7641121031830267,0.8501004464324439,1768131622.6280043,0.2792412340641022,0.13781511783599854
116,7424,7423,sea_abrupt4,sea,ts_drift_adapt,4,"error_divergence_ph_meta@error.threshold=0.10,error.min_instances=5",error_divergence_ph_meta,"{""divergence"": {""alpha"": 0.1, ""delta"": 0.005, ""min_instances"": 30, ""threshold"": 0.05}, ""error_rate"": {""alpha"": 0.15, ""delta"": 0.005, ""min_instances"": 5, ""threshold"": 0.1}}","{""error_rate"": {""min_instances"": 5, ""threshold"": 0.1}}",0.1,0.005,0.15,5,0.05,0.005,0.1,30,,,,-1,two_stage,2,0.5,"__confirm_cooldown=200,__confirm_rule=perm_test,__perm_alpha=0.02,__perm_delta_k=25,__perm_min_effect=0,__perm_n_perm=200,__perm_post_n=50,__perm_pre_n=200,__perm_rng_seed=0,__perm_stat=delta_fused_score,divergence=0.3,error_rate=0.5,teacher_entropy=0.2",3,0,200,0.0,0,10000,10.0,25.0,200,500,1,8,1.0,0.7966056034482759,0.4646635355804886,0.0,0.39870473742485046,0.0054719108156859875,0,0,20,17,-1,perm_test,0.004975124378109453,0.08369259439334226,37,17,20,0.0,0.16666666666666666,0,0.0,0.0,0.0,0.0,0,none,0,1,0,overconfident,0.95,0,mild_drift,0.9560884486613284,0.0013417348710211942,0.7820560515915134,0.8525502232162219,1768131622.6383617,0.20088376104831696,0.08632107079029083
117,7488,7487,sea_abrupt4,sea,ts_drift_adapt,4,"error_divergence_ph_meta@error.threshold=0.10,error.min_instances=5",error_divergence_ph_meta,"{""divergence"": {""alpha"": 0.1, ""delta"": 0.005, ""min_instances"": 30, ""threshold"": 0.05}, ""error_rate"": {""alpha"": 0.15, ""delta"": 0.005, ""min_instances"": 5, ""threshold"": 0.1}}","{""error_rate"": {""min_instances"": 5, ""threshold"": 0.1}}",0.1,0.005,0.15,5,0.05,0.005,0.1,30,,,,-1,two_stage,2,0.5,"__confirm_cooldown=200,__confirm_rule=perm_test,__perm_alpha=0.02,__perm_delta_k=25,__perm_min_effect=0,__perm_n_perm=200,__perm_post_n=50,__perm_pre_n=200,__perm_rng_seed=0,__perm_stat=delta_fused_score,divergence=0.3,error_rate=0.5,teacher_entropy=0.2",3,0,200,0.0,0,10000,10.0,25.0,200,500,0,0,1.0,0.7964743589743589,0.4641559557760673,0.16666666666666666,0.39642947912216187,0.006213757675141096,0,0,20,17,-1,perm_test,0.004975124378109453,0.08369259439334226,37,17,20,0.0,0.16666666666666666,0,0.0,0.0,0.0,0.0,0,none,0,1,0,overconfident,0.95,0,mild_drift,0.9581942243306641,0.001320867435510597,0.7910280257957567,0.8537751116081109,1768131622.6489637,0.33591511845588684,0.08728429675102234
118,7552,7551,sea_abrupt4,sea,ts_drift_adapt,4,"error_divergence_ph_meta@error.threshold=0.10,error.min_instances=5",error_divergence_ph_meta,"{""divergence"": {""alpha"": 0.1, ""delta"": 0.005, ""min_instances"": 30, ""threshold"": 0.05}, ""error_rate"": {""alpha"": 0.15, ""delta"": 0.005, ""min_instances"": 5, ""threshold"": 0.1}}","{""error_rate"": {""min_instances"": 5, ""threshold"": 0.1}}",0.1,0.005,0.15,5,0.05,0.005,0.1,30,,,,-1,two_stage,2,0.5,"__confirm_cooldown=200,__confirm_rule=perm_test,__perm_alpha=0.02,__perm_delta_k=25,__perm_min_effect=0,__perm_n_perm=200,__perm_post_n=50,__perm_pre_n=200,__perm_rng_seed=0,__perm_stat=delta_fused_score,divergence=0.3,error_rate=0.5,teacher_entropy=0.2",3,0,200,0.0,0,10000,10.0,25.0,200,500,0,0,1.0,0.7966101694915254,0.46416221947196856,0.16666666666666666,0.38048285245895386,0.008156654424965382,1,1,21,18,0,perm_test,0.004975124378109453,0.04419608225352013,38,18,20,0.0,0.0019428967498242855,1,0.5,0.0,0.0,0.0,0,none,1,1,0,overconfident,0.95,0,stable,0.9740971121653321,0.0010604337177552985,0.8955140128978784,0.8993875558040555,1768131622.6651428,0.4028250277042389,0.09808780252933502
119,7616,7615,sea_abrupt4,sea,ts_drift_adapt,4,"error_divergence_ph_meta@error.threshold=0.10,error.min_instances=5",error_divergence_ph_meta,"{""divergence"": {""alpha"": 0.1, ""delta"": 0.005, ""min_instances"": 30, ""threshold"": 0.05}, ""error_rate"": {""alpha"": 0.15, ""delta"": 0.005, ""min_instances"": 5, ""threshold"": 0.1}}","{""error_rate"": {""min_instances"": 5, ""threshold"": 0.1}}",0.1,0.005,0.15,5,0.05,0.005,0.1,30,,,,-1,two_stage,2,0.5,"__confirm_cooldown=200,__confirm_rule=perm_test,__perm_alpha=0.02,__perm_delta_k=25,__perm_min_effect=0,__perm_n_perm=200,__perm_post_n=50,__perm_pre_n=200,__perm_rng_seed=0,__perm_stat=delta_fused_score,divergence=0.3,error_rate=0.5,teacher_entropy=0.2",3,0,200,0.0,0,10000,10.0,25.0,200,500,1,136,1.0,0.7972689075630253,0.4661224817425857,0.0,0.40226686000823975,0.007019565906375647,0,0,21,18,-1,perm_test,0.004975124378109453,0.04419608225352013,38,18,20,0.0,0.16666666666666666,0,0.0,0.0,0.0,0.0,0,none,0,1,0,overconfident,0.95,0,mild_drift,0.967198556082666,0.0011802168588776493,0.8477570064489393,0.8771937779020278,1768131622.6756847,0.10767679661512375,0.07045400142669678
120,7680,7679,sea_abrupt4,sea,ts_drift_adapt,4,"error_divergence_ph_meta@error.threshold=0.10,error.min_instances=5",error_divergence_ph_meta,"{""divergence"": {""alpha"": 0.1, ""delta"": 0.005, ""min_instances"": 30, ""threshold"": 0.05}, ""error_rate"": {""alpha"": 0.15, ""delta"": 0.005, ""min_instances"": 5, ""threshold"": 0.1}}","{""error_rate"": {""min_instances"": 5, ""threshold"": 0.1}}",0.1,0.005,0.15,5,0.05,0.005,0.1,30,,,,-1,two_stage,2,0.5,"__confirm_cooldown=200,__confirm_rule=perm_test,__perm_alpha=0.02,__perm_delta_k=25,__perm_min_effect=0,__perm_n_perm=200,__perm_post_n=50,__perm_pre_n=200,__perm_rng_seed=0,__perm_stat=delta_fused_score,divergence=0.3,error_rate=0.5,teacher_entropy=0.2",3,0,200,0.0,0,10000,10.0,25.0,200,500,1,72,1.0,0.7977864583333333,0.46795851455336224,0.16666666666666666,0.38417384028434753,0.012440999038517475,0,0,21,18,-1,perm_test,0.004975124378109453,0.04419608225352013,38,18,20,0.0,0.16666666666666666,0,0.0,0.0,0.0,0.0,0,none,0,1,0,overconfident,0.95,0,mild_drift,0.963749278041333,0.0012401084294388247,0.8238785032244696,0.8660968889510139,1768131622.6860762,0.3825627863407135,0.11130290478467941
121,7744,7743,sea_abrupt4,sea,ts_drift_adapt,4,"error_divergence_ph_meta@error.threshold=0.10,error.min_instances=5",error_divergence_ph_meta,"{""divergence"": {""alpha"": 0.1, ""delta"": 0.005, ""min_instances"": 30, ""threshold"": 0.05}, ""error_rate"": {""alpha"": 0.15, ""delta"": 0.005, ""min_instances"": 5, ""threshold"": 0.1}}","{""error_rate"": {""min_instances"": 5, ""threshold"": 0.1}}",0.1,0.005,0.15,5,0.05,0.005,0.1,30,,,,-1,two_stage,2,0.5,"__confirm_cooldown=200,__confirm_rule=perm_test,__perm_alpha=0.02,__perm_delta_k=25,__perm_min_effect=0,__perm_n_perm=200,__perm_post_n=50,__perm_pre_n=200,__perm_rng_seed=0,__perm_stat=delta_fused_score,divergence=0.3,error_rate=0.5,teacher_entropy=0.2",3,0,200,0.0,0,10000,10.0,25.0,200,500,1,8,1.0,0.7985537190082644,0.4696469756903969,0.0,0.40162622928619385,0.009892178699374199,0,0,21,18,-1,perm_test,0.004975124378109453,0.04419608225352013,38,18,20,0.0,0.16666666666666666,0,0.0,0.0,0.0,0.0,0,none,0,1,0,overconfident,0.95,0,mild_drift,0.9620246390206665,0.0012700542147194125,0.8119392516122348,0.8605484444755069,1768131622.697452,0.04873250424861908,0.09185772389173508
122,7808,7807,sea_abrupt4,sea,ts_drift_adapt,4,"error_divergence_ph_meta@error.threshold=0.10,error.min_instances=5",error_divergence_ph_meta,"{""divergence"": {""alpha"": 0.1, ""delta"": 0.005, ""min_instances"": 30, ""threshold"": 0.05}, ""error_rate"": {""alpha"": 0.15, ""delta"": 0.005, ""min_instances"": 5, ""threshold"": 0.1}}","{""error_rate"": {""min_instances"": 5, ""threshold"": 0.1}}",0.1,0.005,0.15,5,0.05,0.005,0.1,30,,,,-1,two_stage,2,0.5,"__confirm_cooldown=200,__confirm_rule=perm_test,__perm_alpha=0.02,__perm_delta_k=25,__perm_min_effect=0,__perm_n_perm=200,__perm_post_n=50,__perm_pre_n=200,__perm_rng_seed=0,__perm_stat=delta_fused_score,divergence=0.3,error_rate=0.5,teacher_entropy=0.2",3,0,200,0.0,0,10000,10.0,25.0,200,500,0,0,1.0,0.7989241803278688,0.4703628906996981,0.16666666666666666,0.3677041530609131,0.008997797034680843,0,0,21,18,-1,perm_test,0.004975124378109453,0.04419608225352013,38,18,20,0.0,0.16666666666666666,0,0.0,0.0,0.0,0.0,0,none,0,1,0,overconfident,0.95,0,mild_drift,0.9611623195103332,0.0012850271073597064,0.8059696258061174,0.8577742222377535,1768131622.7105033,0.3878953158855438,0.10230865329504013
123,7872,7871,sea_abrupt4,sea,ts_drift_adapt,4,"error_divergence_ph_meta@error.threshold=0.10,error.min_instances=5",error_divergence_ph_meta,"{""divergence"": {""alpha"": 0.1, ""delta"": 0.005, ""min_instances"": 30, ""threshold"": 0.05}, ""error_rate"": {""alpha"": 0.15, ""delta"": 0.005, ""min_instances"": 5, ""threshold"": 0.1}}","{""error_rate"": {""min_instances"": 5, ""threshold"": 0.1}}",0.1,0.005,0.15,5,0.05,0.005,0.1,30,,,,-1,two_stage,2,0.5,"__confirm_cooldown=200,__confirm_rule=perm_test,__perm_alpha=0.02,__perm_delta_k=25,__perm_min_effect=0,__perm_n_perm=200,__perm_post_n=50,__perm_pre_n=200,__perm_rng_seed=0,__perm_stat=delta_fused_score,divergence=0.3,error_rate=0.5,teacher_entropy=0.2",3,0,200,0.0,0,10000,10.0,25.0,200,500,0,0,1.0,0.7991615853658537,0.4710857316928886,0.16666666666666666,0.37376847863197327,0.006026673596352339,0,1,22,18,-1,perm_test,1.0,-0.015923144806691315,39,18,21,0.0,0.0029711234383285046,1,0.5,0.0,0.0,0.0,0,none,0,1,0,overconfident,0.95,0,mild_drift,0.9607311597551665,0.0012925135536798532,0.8029848129030588,0.8563871111188768,1768131622.723642,0.29095810651779175,0.09301683306694031
124,7936,7935,sea_abrupt4,sea,ts_drift_adapt,4,"error_divergence_ph_meta@error.threshold=0.10,error.min_instances=5",error_divergence_ph_meta,"{""divergence"": {""alpha"": 0.1, ""delta"": 0.005, ""min_instances"": 30, ""threshold"": 0.05}, ""error_rate"": {""alpha"": 0.15, ""delta"": 0.005, ""min_instances"": 5, ""threshold"": 0.1}}","{""error_rate"": {""min_instances"": 5, ""threshold"": 0.1}}",0.1,0.005,0.15,5,0.05,0.005,0.1,30,,,,-1,two_stage,2,0.5,"__confirm_cooldown=200,__confirm_rule=perm_test,__perm_alpha=0.02,__perm_delta_k=25,__perm_min_effect=0,__perm_n_perm=200,__perm_post_n=50,__perm_pre_n=200,__perm_rng_seed=0,__perm_stat=delta_fused_score,divergence=0.3,error_rate=0.5,teacher_entropy=0.2",3,0,200,0.0,0,10000,10.0,25.0,200,500,0,0,1.0,0.7986391129032258,0.4698896107755921,0.5,0.3800055682659149,0.010336225852370262,0,0,22,18,-1,perm_test,1.0,-0.05401081873160504,40,18,22,0.0,0.33333333333333337,0,0.0,0.0,0.0,0.0,0,none,0,1,0,overconfident,0.95,0,mild_drift,0.9605155798775833,0.0012962567768399266,0.8014924064515294,0.8556935555594384,1768131622.7364802,1.1988714933395386,0.089509978890419
125,8000,7999,sea_abrupt4,sea,ts_drift_adapt,4,"error_divergence_ph_meta@error.threshold=0.10,error.min_instances=5",error_divergence_ph_meta,"{""divergence"": {""alpha"": 0.1, ""delta"": 0.005, ""min_instances"": 30, ""threshold"": 0.05}, ""error_rate"": {""alpha"": 0.15, ""delta"": 0.005, ""min_instances"": 5, ""threshold"": 0.1}}","{""error_rate"": {""min_instances"": 5, ""threshold"": 0.1}}",0.1,0.005,0.15,5,0.05,0.005,0.1,30,,,,-1,two_stage,2,0.5,"__confirm_cooldown=200,__confirm_rule=perm_test,__perm_alpha=0.02,__perm_delta_k=25,__perm_min_effect=0,__perm_n_perm=200,__perm_post_n=50,__perm_pre_n=200,__perm_rng_seed=0,__perm_stat=delta_fused_score,divergence=0.3,error_rate=0.5,teacher_entropy=0.2",3,0,200,0.0,0,10000,10.0,25.0,200,500,0,0,1.0,0.798125,0.468302604625866,0.16666666666666666,0.42378976941108704,0.009219256229698658,0,0,22,18,-1,perm_test,1.0,-0.09884288704679822,41,18,23,0.0,0.33333333333333337,0,0.0,0.0,0.0,0.0,0,none,0,1,0,overconfident,0.95,0,mild_drift,0.9604077899387916,0.0012981283884199632,0.8007462032257647,0.8553467777797192,1768131622.7472389,0.4378845691680908,0.09057047218084335
126,8064,8063,sea_abrupt4,sea,ts_drift_adapt,4,"error_divergence_ph_meta@error.threshold=0.10,error.min_instances=5",error_divergence_ph_meta,"{""divergence"": {""alpha"": 0.1, ""delta"": 0.005, ""min_instances"": 30, ""threshold"": 0.05}, ""error_rate"": {""alpha"": 0.15, ""delta"": 0.005, ""min_instances"": 5, ""threshold"": 0.1}}","{""error_rate"": {""min_instances"": 5, ""threshold"": 0.1}}",0.1,0.005,0.15,5,0.05,0.005,0.1,30,,,,-1,two_stage,2,0.5,"__confirm_cooldown=200,__confirm_rule=perm_test,__perm_alpha=0.02,__perm_delta_k=25,__perm_min_effect=0,__perm_n_perm=200,__perm_post_n=50,__perm_pre_n=200,__perm_rng_seed=0,__perm_stat=delta_fused_score,divergence=0.3,error_rate=0.5,teacher_entropy=0.2",3,0,200,0.0,0,10000,10.0,25.0,200,500,0,0,1.0,0.7983630952380952,0.46859476017213364,0.16666666666666666,0.3811226487159729,0.012086452916264534,0,0,22,18,-1,perm_test,0.4079601990049751,0.0004966201776564275,42,18,24,0.0,0.002867196686565876,0,0.0,0.0,0.0,0.0,0,none,0,1,0,overconfident,0.95,0,mild_drift,0.9603538949693957,0.0012990641942099818,0.8003731016128823,0.8551733888898596,1768131622.7634773,0.32668551802635193,0.10033387690782547
127,8128,8127,sea_abrupt4,sea,ts_drift_adapt,4,"error_divergence_ph_meta@error.threshold=0.10,error.min_instances=5",error_divergence_ph_meta,"{""divergence"": {""alpha"": 0.1, ""delta"": 0.005, ""min_instances"": 30, ""threshold"": 0.05}, ""error_rate"": {""alpha"": 0.15, ""delta"": 0.005, ""min_instances"": 5, ""threshold"": 0.1}}","{""error_rate"": {""min_instances"": 5, ""threshold"": 0.1}}",0.1,0.005,0.15,5,0.05,0.005,0.1,30,,,,-1,two_stage,2,0.5,"__confirm_cooldown=200,__confirm_rule=perm_test,__perm_alpha=0.02,__perm_delta_k=25,__perm_min_effect=0,__perm_n_perm=200,__perm_post_n=50,__perm_pre_n=200,__perm_rng_seed=0,__perm_stat=delta_fused_score,divergence=0.3,error_rate=0.5,teacher_entropy=0.2",3,0,200,0.0,0,10000,10.0,25.0,200,500,0,0,1.0,0.7982283464566929,0.47003543269739584,0.3333333333333333,0.416665643453598,0.005424038507044315,0,0,22,18,-1,perm_test,0.4079601990049751,0.0004966201776564275,42,18,24,0.0,0.16666666666666666,0,0.0,0.0,0.0,0.0,0,none,0,1,0,overconfident,0.95,0,mild_drift,0.9603269474846978,0.001299532097104991,0.8001865508064412,0.8550866944449298,1768131622.7736738,0.6109931468963623,0.0751345157623291
128,8192,8191,sea_abrupt4,sea,ts_drift_adapt,4,"error_divergence_ph_meta@error.threshold=0.10,error.min_instances=5",error_divergence_ph_meta,"{""divergence"": {""alpha"": 0.1, ""delta"": 0.005, ""min_instances"": 30, ""threshold"": 0.05}, ""error_rate"": {""alpha"": 0.15, ""delta"": 0.005, ""min_instances"": 5, ""threshold"": 0.1}}","{""error_rate"": {""min_instances"": 5, ""threshold"": 0.1}}",0.1,0.005,0.15,5,0.05,0.005,0.1,30,,,,-1,two_stage,2,0.5,"__confirm_cooldown=200,__confirm_rule=perm_test,__perm_alpha=0.02,__perm_delta_k=25,__perm_min_effect=0,__perm_n_perm=200,__perm_post_n=50,__perm_pre_n=200,__perm_rng_seed=0,__perm_stat=delta_fused_score,divergence=0.3,error_rate=0.5,teacher_entropy=0.2",3,0,200,0.0,0,10000,10.0,25.0,200,500,0,0,1.0,0.79931640625,0.47327768682919663,0.0,0.3572462201118469,0.006606230512261391,0,1,23,18,-1,perm_test,1.0,-0.09833955799916233,43,18,25,0.16666666666666666,0.3333333333333333,1,0.5,0.0,0.0,0.0,0,none,0,1,0,overconfident,0.95,0,mild_drift,0.9603134737423489,0.0012997660485524957,0.8000932754032206,0.8550433472224649,1768131622.783921,0.1603168398141861,0.09827204048633575
129,8256,8255,sea_abrupt4,sea,ts_drift_adapt,4,"error_divergence_ph_meta@error.threshold=0.10,error.min_instances=5",error_divergence_ph_meta,"{""divergence"": {""alpha"": 0.1, ""delta"": 0.005, ""min_instances"": 30, ""threshold"": 0.05}, ""error_rate"": {""alpha"": 0.15, ""delta"": 0.005, ""min_instances"": 5, ""threshold"": 0.1}}","{""error_rate"": {""min_instances"": 5, ""threshold"": 0.1}}",0.1,0.005,0.15,5,0.05,0.005,0.1,30,,,,-1,two_stage,2,0.5,"__confirm_cooldown=200,__confirm_rule=perm_test,__perm_alpha=0.02,__perm_delta_k=25,__perm_min_effect=0,__perm_n_perm=200,__perm_post_n=50,__perm_pre_n=200,__perm_rng_seed=0,__perm_stat=delta_fused_score,divergence=0.3,error_rate=0.5,teacher_entropy=0.2",3,0,200,0.0,0,10000,10.0,25.0,200,500,0,0,1.0,0.7996608527131783,0.47557676891430856,0.16666666666666666,0.38781464099884033,0.007522670552134514,1,0,23,19,1,perm_test,0.004975124378109453,0.14211485955824354,44,19,25,0.0,0.16666666666666666,0,0.0,0.0,0.0,0.0,0,none,1,1,0,overconfident,0.95,0,stable,0.9751567368711744,0.0010498830242762478,0.9000466377016103,0.9000216736112325,1768131622.799368,0.4136083126068115,0.10392823815345764
130,8320,8319,sea_abrupt4,sea,ts_drift_adapt,4,"error_divergence_ph_meta@error.threshold=0.10,error.min_instances=5",error_divergence_ph_meta,"{""divergence"": {""alpha"": 0.1, ""delta"": 0.005, ""min_instances"": 30, ""threshold"": 0.05}, ""error_rate"": {""alpha"": 0.15, ""delta"": 0.005, ""min_instances"": 5, ""threshold"": 0.1}}","{""error_rate"": {""min_instances"": 5, ""threshold"": 0.1}}",0.1,0.005,0.15,5,0.05,0.005,0.1,30,,,,-1,two_stage,2,0.5,"__confirm_cooldown=200,__confirm_rule=perm_test,__perm_alpha=0.02,__perm_delta_k=25,__perm_min_effect=0,__perm_n_perm=200,__perm_post_n=50,__perm_pre_n=200,__perm_rng_seed=0,__perm_stat=delta_fused_score,divergence=0.3,error_rate=0.5,teacher_entropy=0.2",3,0,200,0.0,0,10000,10.0,25.0,200,500,1,136,1.0,0.799639423076923,0.4753403011358074,0.3333333333333333,0.34917202591896057,0.00902081560343504,0,0,23,19,-1,perm_test,0.004975124378109453,0.14211485955824354,44,19,25,0.0,0.16666666666666666,0,0.0,0.0,0.0,0.0,0,none,0,1,0,overconfident,0.95,0,mild_drift,0.9677283684355872,0.001174941512138124,0.8500233188508052,0.8775108368056163,1768131622.8093367,0.3745037615299225,0.11341728270053864
131,8384,8383,sea_abrupt4,sea,ts_drift_adapt,4,"error_divergence_ph_meta@error.threshold=0.10,error.min_instances=5",error_divergence_ph_meta,"{""divergence"": {""alpha"": 0.1, ""delta"": 0.005, ""min_instances"": 30, ""threshold"": 0.05}, ""error_rate"": {""alpha"": 0.15, ""delta"": 0.005, ""min_instances"": 5, ""threshold"": 0.1}}","{""error_rate"": {""min_instances"": 5, ""threshold"": 0.1}}",0.1,0.005,0.15,5,0.05,0.005,0.1,30,,,,-1,two_stage,2,0.5,"__confirm_cooldown=200,__confirm_rule=perm_test,__perm_alpha=0.02,__perm_delta_k=25,__perm_min_effect=0,__perm_n_perm=200,__perm_post_n=50,__perm_pre_n=200,__perm_rng_seed=0,__perm_stat=delta_fused_score,divergence=0.3,error_rate=0.5,teacher_entropy=0.2",3,0,200,0.0,0,10000,10.0,25.0,200,500,1,72,1.0,0.7999761450381679,0.4759404690872755,0.3333333333333333,0.369981974363327,0.008725594729185104,0,0,23,19,-1,perm_test,0.004975124378109453,0.14211485955824354,44,19,25,0.0,0.00029522087424993515,0,0.0,0.0,0.0,0.0,0,none,0,1,0,overconfident,0.95,0,mild_drift,0.9640141842177936,0.001237470756069062,0.8250116594254027,0.8662554184028082,1768131622.8191683,0.3675973117351532,0.1191127747297287
132,8448,8447,sea_abrupt4,sea,ts_drift_adapt,4,"error_divergence_ph_meta@error.threshold=0.10,error.min_instances=5",error_divergence_ph_meta,"{""divergence"": {""alpha"": 0.1, ""delta"": 0.005, ""min_instances"": 30, ""threshold"": 0.05}, ""error_rate"": {""alpha"": 0.15, ""delta"": 0.005, ""min_instances"": 5, ""threshold"": 0.1}}","{""error_rate"": {""min_instances"": 5, ""threshold"": 0.1}}",0.1,0.005,0.15,5,0.05,0.005,0.1,30,,,,-1,two_stage,2,0.5,"__confirm_cooldown=200,__confirm_rule=perm_test,__perm_alpha=0.02,__perm_delta_k=25,__perm_min_effect=0,__perm_n_perm=200,__perm_post_n=50,__perm_pre_n=200,__perm_rng_seed=0,__perm_stat=delta_fused_score,divergence=0.3,error_rate=0.5,teacher_entropy=0.2",3,0,200,0.0,0,10000,10.0,25.0,200,500,1,8,1.0,0.8000710227272727,0.4760566061347401,0.3333333333333333,0.3469151258468628,0.008570445701479912,0,0,23,19,-1,perm_test,0.004975124378109453,0.14211485955824354,44,19,25,0.0,0.00015514902770519257,0,0.0,0.0,0.0,0.0,0,none,0,1,0,overconfident,0.95,0,mild_drift,0.9621570921088968,0.0012687353780345312,0.8125058297127014,0.8606277092014041,1768131622.8291512,0.7754946351051331,0.09221657365560532
133,8512,8511,sea_abrupt4,sea,ts_drift_adapt,4,"error_divergence_ph_meta@error.threshold=0.10,error.min_instances=5",error_divergence_ph_meta,"{""divergence"": {""alpha"": 0.1, ""delta"": 0.005, ""min_instances"": 30, ""threshold"": 0.05}, ""error_rate"": {""alpha"": 0.15, ""delta"": 0.005, ""min_instances"": 5, ""threshold"": 0.1}}","{""error_rate"": {""min_instances"": 5, ""threshold"": 0.1}}",0.1,0.005,0.15,5,0.05,0.005,0.1,30,,,,-1,two_stage,2,0.5,"__confirm_cooldown=200,__confirm_rule=perm_test,__perm_alpha=0.02,__perm_delta_k=25,__perm_min_effect=0,__perm_n_perm=200,__perm_post_n=50,__perm_pre_n=200,__perm_rng_seed=0,__perm_stat=delta_fused_score,divergence=0.3,error_rate=0.5,teacher_entropy=0.2",3,0,200,0.0,0,10000,10.0,25.0,200,500,0,0,1.0,0.800516917293233,0.477946495115768,0.16666666666666666,0.351459801197052,0.004108110908418894,0,1,24,19,-1,perm_test,1.0,-0.13641833183826496,45,19,26,0.16666666666666666,0.16666666666666666,1,0.5,0.0,0.0,0.0,0,none,0,1,0,overconfident,0.95,0,mild_drift,0.9612285460544483,0.0012843676890172658,0.8062529148563506,0.857813854600702,1768131622.8393838,0.30769073963165283,0.09046968817710876
134,8576,8575,sea_abrupt4,sea,ts_drift_adapt,4,"error_divergence_ph_meta@error.threshold=0.10,error.min_instances=5",error_divergence_ph_meta,"{""divergence"": {""alpha"": 0.1, ""delta"": 0.005, ""min_instances"": 30, ""threshold"": 0.05}, ""error_rate"": {""alpha"": 0.15, ""delta"": 0.005, ""min_instances"": 5, ""threshold"": 0.1}}","{""error_rate"": {""min_instances"": 5, ""threshold"": 0.1}}",0.1,0.005,0.15,5,0.05,0.005,0.1,30,,,,-1,two_stage,2,0.5,"__confirm_cooldown=200,__confirm_rule=perm_test,__perm_alpha=0.02,__perm_delta_k=25,__perm_min_effect=0,__perm_n_perm=200,__perm_post_n=50,__perm_pre_n=200,__perm_rng_seed=0,__perm_stat=delta_fused_score,divergence=0.3,error_rate=0.5,teacher_entropy=0.2",3,0,200,0.0,0,10000,10.0,25.0,200,500,0,0,1.0,0.800722947761194,0.47838723380508824,0.16666666666666666,0.3156786561012268,0.009556451812386513,0,0,24,19,-1,perm_test,1.0,-0.015871691604809182,46,19,27,0.0,0.005448340903967619,0,0.0,0.0,0.0,0.0,0,none,0,1,0,overconfident,0.95,0,mild_drift,0.9607642730272241,0.0012921838445086329,0.8031264574281753,0.856406927300351,1768131622.8496175,0.3186034858226776,0.1219877153635025
135,8640,8639,sea_abrupt4,sea,ts_drift_adapt,4,"error_divergence_ph_meta@error.threshold=0.10,error.min_instances=5",error_divergence_ph_meta,"{""divergence"": {""alpha"": 0.1, ""delta"": 0.005, ""min_instances"": 30, ""threshold"": 0.05}, ""error_rate"": {""alpha"": 0.15, ""delta"": 0.005, ""min_instances"": 5, ""threshold"": 0.1}}","{""error_rate"": {""min_instances"": 5, ""threshold"": 0.1}}",0.1,0.005,0.15,5,0.05,0.005,0.1,30,,,,-1,two_stage,2,0.5,"__confirm_cooldown=200,__confirm_rule=perm_test,__perm_alpha=0.02,__perm_delta_k=25,__perm_min_effect=0,__perm_n_perm=200,__perm_post_n=50,__perm_pre_n=200,__perm_rng_seed=0,__perm_stat=delta_fused_score,divergence=0.3,error_rate=0.5,teacher_entropy=0.2",3,0,200,0.0,0,10000,10.0,25.0,200,500,0,0,1.0,0.8012731481481481,0.48069798116425405,0.16666666666666666,0.3668760061264038,0.007860695943236351,0,0,24,19,-1,perm_test,1.0,-0.06302122812250263,47,19,28,0.0,0.0016957558691501617,0,0.0,0.0,0.0,0.0,0,none,0,1,0,overconfident,0.95,0,mild_drift,0.960532136513612,0.0012960919222543164,0.8015632287140877,0.8557034636501755,1768131622.8599272,0.4862799346446991,0.1392650157213211
136,8704,8703,sea_abrupt4,sea,ts_drift_adapt,4,"error_divergence_ph_meta@error.threshold=0.10,error.min_instances=5",error_divergence_ph_meta,"{""divergence"": {""alpha"": 0.1, ""delta"": 0.005, ""min_instances"": 30, ""threshold"": 0.05}, ""error_rate"": {""alpha"": 0.15, ""delta"": 0.005, ""min_instances"": 5, ""threshold"": 0.1}}","{""error_rate"": {""min_instances"": 5, ""threshold"": 0.1}}",0.1,0.005,0.15,5,0.05,0.005,0.1,30,,,,-1,two_stage,2,0.5,"__confirm_cooldown=200,__confirm_rule=perm_test,__perm_alpha=0.02,__perm_delta_k=25,__perm_min_effect=0,__perm_n_perm=200,__perm_post_n=50,__perm_pre_n=200,__perm_rng_seed=0,__perm_stat=delta_fused_score,divergence=0.3,error_rate=0.5,teacher_entropy=0.2",3,0,200,0.0,0,10000,10.0,25.0,200,500,0,0,1.0,0.8019301470588235,0.48265037040929076,0.16666666666666666,0.35088804364204407,0.009597145952284336,0,0,24,19,-1,perm_test,1.0,-0.06249973037827027,48,19,29,0.0,0.001736450009047985,0,0.0,0.0,0.0,0.0,0,none,0,1,0,overconfident,0.95,0,mild_drift,0.9604160682568059,0.0012980459611271582,0.8007816143570439,0.8553517318250877,1768131622.8704622,0.3091510236263275,0.12375854700803757
137,8768,8767,sea_abrupt4,sea,ts_drift_adapt,4,"error_divergence_ph_meta@error.threshold=0.10,error.min_instances=5",error_divergence_ph_meta,"{""divergence"": {""alpha"": 0.1, ""delta"": 0.005, ""min_instances"": 30, ""threshold"": 0.05}, ""error_rate"": {""alpha"": 0.15, ""delta"": 0.005, ""min_instances"": 5, ""threshold"": 0.1}}","{""error_rate"": {""min_instances"": 5, ""threshold"": 0.1}}",0.1,0.005,0.15,5,0.05,0.005,0.1,30,,,,-1,two_stage,2,0.5,"__confirm_cooldown=200,__confirm_rule=perm_test,__perm_alpha=0.02,__perm_delta_k=25,__perm_min_effect=0,__perm_n_perm=200,__perm_post_n=50,__perm_pre_n=200,__perm_rng_seed=0,__perm_stat=delta_fused_score,divergence=0.3,error_rate=0.5,teacher_entropy=0.2",3,0,200,0.0,0,10000,10.0,25.0,200,500,0,0,1.0,0.8013229927007299,0.48128601256920306,0.5,0.3632476031780243,0.007747686468064785,0,0,24,19,-1,perm_test,1.0,-0.06249973037827027,48,19,29,0.0,0.33333333333333337,0,0.0,0.0,0.0,0.0,0,none,0,1,0,overconfident,0.95,0,mild_drift,0.9603580341284029,0.001299022980563579,0.800390807178522,0.8551758659125439,1768131622.8809447,1.053480625152588,0.10138677060604095
138,8832,8831,sea_abrupt4,sea,ts_drift_adapt,4,"error_divergence_ph_meta@error.threshold=0.10,error.min_instances=5",error_divergence_ph_meta,"{""divergence"": {""alpha"": 0.1, ""delta"": 0.005, ""min_instances"": 30, ""threshold"": 0.05}, ""error_rate"": {""alpha"": 0.15, ""delta"": 0.005, ""min_instances"": 5, ""threshold"": 0.1}}","{""error_rate"": {""min_instances"": 5, ""threshold"": 0.1}}",0.1,0.005,0.15,5,0.05,0.005,0.1,30,,,,-1,two_stage,2,0.5,"__confirm_cooldown=200,__confirm_rule=perm_test,__perm_alpha=0.02,__perm_delta_k=25,__perm_min_effect=0,__perm_n_perm=200,__perm_post_n=50,__perm_pre_n=200,__perm_rng_seed=0,__perm_stat=delta_fused_score,divergence=0.3,error_rate=0.5,teacher_entropy=0.2",3,0,200,0.0,0,10000,10.0,25.0,200,500,0,0,1.0,0.8017436594202898,0.4820210969254392,0.0,0.349272221326828,0.004943505860865116,0,1,25,19,-1,perm_test,1.0,-0.22970443055691192,49,19,30,0.16666666666666666,0.5,1,0.5,0.0,0.0,0.0,0,none,0,1,0,overconfident,0.95,0,mild_drift,0.9603290170642014,0.0012995114902817897,0.800195403589261,0.855087932956272,1768131622.8916905,0.16392166912555695,0.10534083843231201
139,8896,8895,sea_abrupt4,sea,ts_drift_adapt,4,"error_divergence_ph_meta@error.threshold=0.10,error.min_instances=5",error_divergence_ph_meta,"{""divergence"": {""alpha"": 0.1, ""delta"": 0.005, ""min_instances"": 30, ""threshold"": 0.05}, ""error_rate"": {""alpha"": 0.15, ""delta"": 0.005, ""min_instances"": 5, ""threshold"": 0.1}}","{""error_rate"": {""min_instances"": 5, ""threshold"": 0.1}}",0.1,0.005,0.15,5,0.05,0.005,0.1,30,,,,-1,two_stage,2,0.5,"__confirm_cooldown=200,__confirm_rule=perm_test,__perm_alpha=0.02,__perm_delta_k=25,__perm_min_effect=0,__perm_n_perm=200,__perm_post_n=50,__perm_pre_n=200,__perm_rng_seed=0,__perm_stat=delta_fused_score,divergence=0.3,error_rate=0.5,teacher_entropy=0.2",3,0,200,0.0,0,10000,10.0,25.0,200,500,0,0,1.0,0.80193345323741,0.4830734292043101,0.16666666666666666,0.40184465050697327,0.00555731076747179,1,0,25,20,1,perm_test,0.004975124378109453,0.05833945012871333,50,20,30,0.0,0.16666666666666666,0,0.0,0.0,0.0,0.0,0,none,1,1,0,overconfident,0.95,0,stable,0.9751645085321007,0.0010497557451408948,0.9000977017946306,0.900043966478136,1768131622.9091423,0.37134072184562683,0.11482373625040054
140,8960,8959,sea_abrupt4,sea,ts_drift_adapt,4,"error_divergence_ph_meta@error.threshold=0.10,error.min_instances=5",error_divergence_ph_meta,"{""divergence"": {""alpha"": 0.1, ""delta"": 0.005, ""min_instances"": 30, ""threshold"": 0.05}, ""error_rate"": {""alpha"": 0.15, ""delta"": 0.005, ""min_instances"": 5, ""threshold"": 0.1}}","{""error_rate"": {""min_instances"": 5, ""threshold"": 0.1}}",0.1,0.005,0.15,5,0.05,0.005,0.1,30,,,,-1,two_stage,2,0.5,"__confirm_cooldown=200,__confirm_rule=perm_test,__perm_alpha=0.02,__perm_delta_k=25,__perm_min_effect=0,__perm_n_perm=200,__perm_post_n=50,__perm_pre_n=200,__perm_rng_seed=0,__perm_stat=delta_fused_score,divergence=0.3,error_rate=0.5,teacher_entropy=0.2",3,0,200,0.0,0,10000,10.0,25.0,200,500,1,136,1.0,0.8029017857142857,0.4853606436270376,0.16666666666666666,0.3383702337741852,0.005717937834560871,0,0,25,20,-1,perm_test,0.004975124378109453,0.05833945012871333,50,20,30,0.0,0.0001606270670890808,0,0.0,0.0,0.0,0.0,0,none,0,1,0,overconfident,0.95,0,mild_drift,0.9677322542660503,0.0011748778725704475,0.8500488508973153,0.8775219832390679,1768131622.9219117,0.32747840881347656,0.1094118058681488
141,9024,9023,sea_abrupt4,sea,ts_drift_adapt,4,"error_divergence_ph_meta@error.threshold=0.10,error.min_instances=5",error_divergence_ph_meta,"{""divergence"": {""alpha"": 0.1, ""delta"": 0.005, ""min_instances"": 30, ""threshold"": 0.05}, ""error_rate"": {""alpha"": 0.15, ""delta"": 0.005, ""min_instances"": 5, ""threshold"": 0.1}}","{""error_rate"": {""min_instances"": 5, ""threshold"": 0.1}}",0.1,0.005,0.15,5,0.05,0.005,0.1,30,,,,-1,two_stage,2,0.5,"__confirm_cooldown=200,__confirm_rule=perm_test,__perm_alpha=0.02,__perm_delta_k=25,__perm_min_effect=0,__perm_n_perm=200,__perm_post_n=50,__perm_pre_n=200,__perm_rng_seed=0,__perm_stat=delta_fused_score,divergence=0.3,error_rate=0.5,teacher_entropy=0.2",3,0,200,0.0,0,10000,10.0,25.0,200,500,1,72,1.0,0.8036347517730497,0.4870389052263973,0.16666666666666666,0.3332248032093048,0.005472257267683744,0,0,25,20,-1,perm_test,0.004975124378109453,0.05833945012871333,50,20,30,0.0,0.0002456805668771267,0,0.0,0.0,0.0,0.0,0,none,0,1,0,overconfident,0.95,0,mild_drift,0.9640161271330251,0.0012374389362852238,0.8250244254486576,0.866260991619534,1768131622.9348047,0.19792889058589935,0.08381634950637817
142,9088,9087,sea_abrupt4,sea,ts_drift_adapt,4,"error_divergence_ph_meta@error.threshold=0.10,error.min_instances=5",error_divergence_ph_meta,"{""divergence"": {""alpha"": 0.1, ""delta"": 0.005, ""min_instances"": 30, ""threshold"": 0.05}, ""error_rate"": {""alpha"": 0.15, ""delta"": 0.005, ""min_instances"": 5, ""threshold"": 0.1}}","{""error_rate"": {""min_instances"": 5, ""threshold"": 0.1}}",0.1,0.005,0.15,5,0.05,0.005,0.1,30,,,,-1,two_stage,2,0.5,"__confirm_cooldown=200,__confirm_rule=perm_test,__perm_alpha=0.02,__perm_delta_k=25,__perm_min_effect=0,__perm_n_perm=200,__perm_post_n=50,__perm_pre_n=200,__perm_rng_seed=0,__perm_stat=delta_fused_score,divergence=0.3,error_rate=0.5,teacher_entropy=0.2",3,0,200,0.0,0,10000,10.0,25.0,200,500,1,8,1.0,0.8046875,0.48938183142357994,0.0,0.3636068105697632,0.010360527783632278,0,0,25,20,-1,perm_test,0.004975124378109453,0.05833945012871333,50,20,30,0.0,0.16666666666666666,0,0.0,0.0,0.0,0.0,0,none,0,1,0,overconfident,0.95,0,mild_drift,0.9621580635665126,0.001268719468142612,0.8125122127243288,0.860630495809767,1768131622.9459796,0.07210835069417953,0.143833726644516
143,9152,9151,sea_abrupt4,sea,ts_drift_adapt,4,"error_divergence_ph_meta@error.threshold=0.10,error.min_instances=5",error_divergence_ph_meta,"{""divergence"": {""alpha"": 0.1, ""delta"": 0.005, ""min_instances"": 30, ""threshold"": 0.05}, ""error_rate"": {""alpha"": 0.15, ""delta"": 0.005, ""min_instances"": 5, ""threshold"": 0.1}}","{""error_rate"": {""min_instances"": 5, ""threshold"": 0.1}}",0.1,0.005,0.15,5,0.05,0.005,0.1,30,,,,-1,two_stage,2,0.5,"__confirm_cooldown=200,__confirm_rule=perm_test,__perm_alpha=0.02,__perm_delta_k=25,__perm_min_effect=0,__perm_n_perm=200,__perm_post_n=50,__perm_pre_n=200,__perm_rng_seed=0,__perm_stat=delta_fused_score,divergence=0.3,error_rate=0.5,teacher_entropy=0.2",3,0,200,0.0,0,10000,10.0,25.0,200,500,0,0,1.0,0.8047421328671329,0.48940549010831913,0.3333333333333333,0.36562296748161316,0.00803444068878889,1,1,26,21,0,perm_test,0.004975124378109453,0.11380218455265045,51,21,30,0.3333333333333333,0.3333333333333333,1,0.5,0.0,0.0,0.0,0,none,1,1,0,overconfident,0.95,0,severe_drift,0.9265790317832563,0.001634359734071306,0.6562561063621644,0.8353152479048835,1768131622.9617445,0.4301840364933014,0.11007377505302429
144,9216,9215,sea_abrupt4,sea,ts_drift_adapt,4,"error_divergence_ph_meta@error.threshold=0.10,error.min_instances=5",error_divergence_ph_meta,"{""divergence"": {""alpha"": 0.1, ""delta"": 0.005, ""min_instances"": 30, ""threshold"": 0.05}, ""error_rate"": {""alpha"": 0.15, ""delta"": 0.005, ""min_instances"": 5, ""threshold"": 0.1}}","{""error_rate"": {""min_instances"": 5, ""threshold"": 0.1}}",0.1,0.005,0.15,5,0.05,0.005,0.1,30,,,,-1,two_stage,2,0.5,"__confirm_cooldown=200,__confirm_rule=perm_test,__perm_alpha=0.02,__perm_delta_k=25,__perm_min_effect=0,__perm_n_perm=200,__perm_post_n=50,__perm_pre_n=200,__perm_rng_seed=0,__perm_stat=delta_fused_score,divergence=0.3,error_rate=0.5,teacher_entropy=0.2",3,0,200,0.0,0,10000,10.0,25.0,200,500,1,136,1.0,0.8043619791666666,0.4885869573246307,0.3333333333333333,0.35622438788414,0.007675220258533955,0,0,26,21,-1,perm_test,0.004975124378109453,0.11380218455265045,51,21,30,0.0,0.0003592204302549362,0,0.0,0.0,0.0,0.0,0,none,0,1,0,overconfident,0.95,0,mild_drift,0.9434395158916281,0.0014671798670356532,0.7281280531810822,0.8451576239524418,1768131622.9717946,0.6415374875068665,0.10993126034736633
145,9280,9279,sea_abrupt4,sea,ts_drift_adapt,4,"error_divergence_ph_meta@error.threshold=0.10,error.min_instances=5",error_divergence_ph_meta,"{""divergence"": {""alpha"": 0.1, ""delta"": 0.005, ""min_instances"": 30, ""threshold"": 0.05}, ""error_rate"": {""alpha"": 0.15, ""delta"": 0.005, ""min_instances"": 5, ""threshold"": 0.1}}","{""error_rate"": {""min_instances"": 5, ""threshold"": 0.1}}",0.1,0.005,0.15,5,0.05,0.005,0.1,30,,,,-1,two_stage,2,0.5,"__confirm_cooldown=200,__confirm_rule=perm_test,__perm_alpha=0.02,__perm_delta_k=25,__perm_min_effect=0,__perm_n_perm=200,__perm_post_n=50,__perm_pre_n=200,__perm_rng_seed=0,__perm_stat=delta_fused_score,divergence=0.3,error_rate=0.5,teacher_entropy=0.2",3,0,200,0.0,0,10000,10.0,25.0,200,500,1,72,1.0,0.8047413793103448,0.48952788031863226,0.16666666666666666,0.3239898979663849,0.004147036466747522,0,0,26,21,-1,perm_test,0.004975124378109453,0.11380218455265045,51,21,30,0.0,0.16666666666666666,0,0.0,0.0,0.0,0.0,0,none,0,1,0,overconfident,0.95,0,mild_drift,0.951869757945814,0.0013835899335178266,0.7640640265905412,0.8500788119762208,1768131622.9817846,0.30218708515167236,0.10681187361478806
146,9344,9343,sea_abrupt4,sea,ts_drift_adapt,4,"error_divergence_ph_meta@error.threshold=0.10,error.min_instances=5",error_divergence_ph_meta,"{""divergence"": {""alpha"": 0.1, ""delta"": 0.005, ""min_instances"": 30, ""threshold"": 0.05}, ""error_rate"": {""alpha"": 0.15, ""delta"": 0.005, ""min_instances"": 5, ""threshold"": 0.1}}","{""error_rate"": {""min_instances"": 5, ""threshold"": 0.1}}",0.1,0.005,0.15,5,0.05,0.005,0.1,30,,,,-1,two_stage,2,0.5,"__confirm_cooldown=200,__confirm_rule=perm_test,__perm_alpha=0.02,__perm_delta_k=25,__perm_min_effect=0,__perm_n_perm=200,__perm_post_n=50,__perm_pre_n=200,__perm_rng_seed=0,__perm_stat=delta_fused_score,divergence=0.3,error_rate=0.5,teacher_entropy=0.2",3,0,200,0.0,0,10000,10.0,25.0,200,500,1,8,1.0,0.8045804794520548,0.4894625566046356,0.0,0.39065882563591003,0.008626563474535942,0,0,26,21,-1,perm_test,0.004975124378109453,0.11380218455265045,51,21,30,0.0,0.16666666666666666,0,0.0,0.0,0.0,0.0,0,none,0,1,0,overconfident,0.95,0,mild_drift,0.956084878972907,0.0013417949667589133,0.7820320132952706,0.8525394059881104,1768131622.9917393,0.10963580012321472,0.11847291886806488
147,9408,9407,sea_abrupt4,sea,ts_drift_adapt,4,"error_divergence_ph_meta@error.threshold=0.10,error.min_instances=5",error_divergence_ph_meta,"{""divergence"": {""alpha"": 0.1, ""delta"": 0.005, ""min_instances"": 30, ""threshold"": 0.05}, ""error_rate"": {""alpha"": 0.15, ""delta"": 0.005, ""min_instances"": 5, ""threshold"": 0.1}}","{""error_rate"": {""min_instances"": 5, ""threshold"": 0.1}}",0.1,0.005,0.15,5,0.05,0.005,0.1,30,,,,-1,two_stage,2,0.5,"__confirm_cooldown=200,__confirm_rule=perm_test,__perm_alpha=0.02,__perm_delta_k=25,__perm_min_effect=0,__perm_n_perm=200,__perm_post_n=50,__perm_pre_n=200,__perm_rng_seed=0,__perm_stat=delta_fused_score,divergence=0.3,error_rate=0.5,teacher_entropy=0.2",3,0,200,0.0,0,10000,10.0,25.0,200,500,0,0,1.0,0.8051658163265306,0.49096607460639513,0.16666666666666666,0.35338619351387024,0.004903705790638924,0,0,26,21,-1,perm_test,0.004975124378109453,0.11380218455265045,51,21,30,0.0,0.16666666666666666,0,0.0,0.0,0.0,0.0,0,none,0,1,0,overconfident,0.95,0,mild_drift,0.9581924394864534,0.0013208974833794568,0.7910160066476353,0.8537697029940552,1768131623.00186,0.19549737870693207,0.08246497064828873
148,9472,9471,sea_abrupt4,sea,ts_drift_adapt,4,"error_divergence_ph_meta@error.threshold=0.10,error.min_instances=5",error_divergence_ph_meta,"{""divergence"": {""alpha"": 0.1, ""delta"": 0.005, ""min_instances"": 30, ""threshold"": 0.05}, ""error_rate"": {""alpha"": 0.15, ""delta"": 0.005, ""min_instances"": 5, ""threshold"": 0.1}}","{""error_rate"": {""min_instances"": 5, ""threshold"": 0.1}}",0.1,0.005,0.15,5,0.05,0.005,0.1,30,,,,-1,two_stage,2,0.5,"__confirm_cooldown=200,__confirm_rule=perm_test,__perm_alpha=0.02,__perm_delta_k=25,__perm_min_effect=0,__perm_n_perm=200,__perm_post_n=50,__perm_pre_n=200,__perm_rng_seed=0,__perm_stat=delta_fused_score,divergence=0.3,error_rate=0.5,teacher_entropy=0.2",3,0,200,0.0,0,10000,10.0,25.0,200,500,0,0,1.0,0.8052153716216216,0.49169757345904086,0.0,0.4041394293308258,0.006672788877040148,0,1,27,21,-1,perm_test,1.0,-0.02213372254989438,52,21,31,0.3333333333333333,0.16666666666666666,1,0.5,0.0,0.0,0.0,0,none,0,1,0,overconfident,0.95,0,mild_drift,0.9592462197432267,0.0013104487416897284,0.7955080033238177,0.8543848514970276,1768131623.0122108,0.11094746738672256,0.08497533947229385
149,9536,9535,sea_abrupt4,sea,ts_drift_adapt,4,"error_divergence_ph_meta@error.threshold=0.10,error.min_instances=5",error_divergence_ph_meta,"{""divergence"": {""alpha"": 0.1, ""delta"": 0.005, ""min_instances"": 30, ""threshold"": 0.05}, ""error_rate"": {""alpha"": 0.15, ""delta"": 0.005, ""min_instances"": 5, ""threshold"": 0.1}}","{""error_rate"": {""min_instances"": 5, ""threshold"": 0.1}}",0.1,0.005,0.15,5,0.05,0.005,0.1,30,,,,-1,two_stage,2,0.5,"__confirm_cooldown=200,__confirm_rule=perm_test,__perm_alpha=0.02,__perm_delta_k=25,__perm_min_effect=0,__perm_n_perm=200,__perm_post_n=50,__perm_pre_n=200,__perm_rng_seed=0,__perm_stat=delta_fused_score,divergence=0.3,error_rate=0.5,teacher_entropy=0.2",3,0,200,0.0,0,10000,10.0,25.0,200,500,0,0,1.0,0.8055788590604027,0.4925533712136629,0.16666666666666666,0.3875124156475067,0.011232909746468067,1,0,27,22,1,perm_test,0.004975124378109453,0.10232142852426998,53,22,31,0.0,0.16666666666666666,0,0.0,0.0,0.0,0.0,0,none,1,1,0,overconfident,0.95,0,stable,0.9746231098716134,0.0010552243708448642,0.8977540016619088,0.8996924257485138,1768131623.028227,0.3651905059814453,0.120766781270504
150,9600,9599,sea_abrupt4,sea,ts_drift_adapt,4,"error_divergence_ph_meta@error.threshold=0.10,error.min_instances=5",error_divergence_ph_meta,"{""divergence"": {""alpha"": 0.1, ""delta"": 0.005, ""min_instances"": 30, ""threshold"": 0.05}, ""error_rate"": {""alpha"": 0.15, ""delta"": 0.005, ""min_instances"": 5, ""threshold"": 0.1}}","{""error_rate"": {""min_instances"": 5, ""threshold"": 0.1}}",0.1,0.005,0.15,5,0.05,0.005,0.1,30,,,,-1,two_stage,2,0.5,"__confirm_cooldown=200,__confirm_rule=perm_test,__perm_alpha=0.02,__perm_delta_k=25,__perm_min_effect=0,__perm_n_perm=200,__perm_post_n=50,__perm_pre_n=200,__perm_rng_seed=0,__perm_stat=delta_fused_score,divergence=0.3,error_rate=0.5,teacher_entropy=0.2",3,0,200,0.0,0,10000,10.0,25.0,200,500,1,136,1.0,0.8059375,0.4934989860803978,0.16666666666666666,0.3858465850353241,0.007015888579189777,0,0,27,22,-1,perm_test,0.004975124378109453,0.10232142852426998,53,22,31,0.0,0.00421702116727829,0,0.0,0.0,0.0,0.0,0,none,0,1,0,overconfident,0.95,0,mild_drift,0.9674615549358067,0.0011776121854224322,0.8488770008309544,0.8773462128742568,1768131623.0382936,0.5498695969581604,0.06744827330112457
151,9664,9663,sea_abrupt4,sea,ts_drift_adapt,4,"error_divergence_ph_meta@error.threshold=0.10,error.min_instances=5",error_divergence_ph_meta,"{""divergence"": {""alpha"": 0.1, ""delta"": 0.005, ""min_instances"": 30, ""threshold"": 0.05}, ""error_rate"": {""alpha"": 0.15, ""delta"": 0.005, ""min_instances"": 5, ""threshold"": 0.1}}","{""error_rate"": {""min_instances"": 5, ""threshold"": 0.1}}",0.1,0.005,0.15,5,0.05,0.005,0.1,30,,,,-1,two_stage,2,0.5,"__confirm_cooldown=200,__confirm_rule=perm_test,__perm_alpha=0.02,__perm_delta_k=25,__perm_min_effect=0,__perm_n_perm=200,__perm_post_n=50,__perm_pre_n=200,__perm_rng_seed=0,__perm_stat=delta_fused_score,divergence=0.3,error_rate=0.5,teacher_entropy=0.2",3,0,200,0.0,0,10000,10.0,25.0,200,500,1,72,1.0,0.8067052980132451,0.4952386091874737,0.0,0.31461259722709656,0.004750710446387529,0,0,27,22,-1,perm_test,0.004975124378109453,0.10232142852426998,53,22,31,0.0,0.16666666666666666,0,0.0,0.0,0.0,0.0,0,none,0,1,0,overconfident,0.95,0,mild_drift,0.9638807774679032,0.0012388060927112162,0.8244385004154773,0.8661731064371284,1768131623.0482864,0.0799110159277916,0.07272070646286011
152,9728,9727,sea_abrupt4,sea,ts_drift_adapt,4,"error_divergence_ph_meta@error.threshold=0.10,error.min_instances=5",error_divergence_ph_meta,"{""divergence"": {""alpha"": 0.1, ""delta"": 0.005, ""min_instances"": 30, ""threshold"": 0.05}, ""error_rate"": {""alpha"": 0.15, ""delta"": 0.005, ""min_instances"": 5, ""threshold"": 0.1}}","{""error_rate"": {""min_instances"": 5, ""threshold"": 0.1}}",0.1,0.005,0.15,5,0.05,0.005,0.1,30,,,,-1,two_stage,2,0.5,"__confirm_cooldown=200,__confirm_rule=perm_test,__perm_alpha=0.02,__perm_delta_k=25,__perm_min_effect=0,__perm_n_perm=200,__perm_post_n=50,__perm_pre_n=200,__perm_rng_seed=0,__perm_stat=delta_fused_score,divergence=0.3,error_rate=0.5,teacher_entropy=0.2",3,0,200,0.0,0,10000,10.0,25.0,200,500,1,8,1.0,0.8070518092105263,0.4960922528581748,0.3333333333333333,0.3446536958217621,0.00605397392064333,0,0,27,22,-1,perm_test,0.004975124378109453,0.10232142852426998,53,22,31,0.0,0.3333333333333333,0,0.0,0.0,0.0,0.0,0,none,0,1,0,overconfident,0.95,0,mild_drift,0.9620903887339516,0.0012694030463556083,0.8122192502077387,0.8605865532185641,1768131623.0581996,0.40351545810699463,0.07407499849796295
153,9792,9791,sea_abrupt4,sea,ts_drift_adapt,4,"error_divergence_ph_meta@error.threshold=0.10,error.min_instances=5",error_divergence_ph_meta,"{""divergence"": {""alpha"": 0.1, ""delta"": 0.005, ""min_instances"": 30, ""threshold"": 0.05}, ""error_rate"": {""alpha"": 0.15, ""delta"": 0.005, ""min_instances"": 5, ""threshold"": 0.1}}","{""error_rate"": {""min_instances"": 5, ""threshold"": 0.1}}",0.1,0.005,0.15,5,0.05,0.005,0.1,30,,,,-1,two_stage,2,0.5,"__confirm_cooldown=200,__confirm_rule=perm_test,__perm_alpha=0.02,__perm_delta_k=25,__perm_min_effect=0,__perm_n_perm=200,__perm_post_n=50,__perm_pre_n=200,__perm_rng_seed=0,__perm_stat=delta_fused_score,divergence=0.3,error_rate=0.5,teacher_entropy=0.2",3,0,200,0.0,0,10000,10.0,25.0,200,500,0,0,1.0,0.8073937908496732,0.49757153065528015,0.16666666666666666,0.3304283320903778,0.007136309053748846,0,1,28,22,-1,perm_test,1.0,-0.07410892762817432,54,22,32,0.16666666666666666,0.16666666666666666,1,0.5,0.0,0.0,0.0,0,none,0,1,0,overconfident,0.95,0,mild_drift,0.9611951943669758,0.001284701523177804,0.8061096251038693,0.8577932766092821,1768131623.0683413,0.31107714772224426,0.07984292507171631
154,9856,9855,sea_abrupt4,sea,ts_drift_adapt,4,"error_divergence_ph_meta@error.threshold=0.10,error.min_instances=5",error_divergence_ph_meta,"{""divergence"": {""alpha"": 0.1, ""delta"": 0.005, ""min_instances"": 30, ""threshold"": 0.05}, ""error_rate"": {""alpha"": 0.15, ""delta"": 0.005, ""min_instances"": 5, ""threshold"": 0.1}}","{""error_rate"": {""min_instances"": 5, ""threshold"": 0.1}}",0.1,0.005,0.15,5,0.05,0.005,0.1,30,,,,-1,two_stage,2,0.5,"__confirm_cooldown=200,__confirm_rule=perm_test,__perm_alpha=0.02,__perm_delta_k=25,__perm_min_effect=0,__perm_n_perm=200,__perm_post_n=50,__perm_pre_n=200,__perm_rng_seed=0,__perm_stat=delta_fused_score,divergence=0.3,error_rate=0.5,teacher_entropy=0.2",3,0,200,0.0,0,10000,10.0,25.0,200,500,0,0,1.0,0.8077313311688312,0.49865426430234094,0.3333333333333333,0.3937441110610962,0.0077288090251386166,0,0,28,22,-1,perm_test,1.0,-0.022195074182201707,55,22,33,0.0,0.16666666666666666,0,0.0,0.0,0.0,0.0,0,none,0,1,0,overconfident,0.95,0,mild_drift,0.9607475971834878,0.001292350761588902,0.8030548125519347,0.8563966383046411,1768131623.0785327,0.5034021139144897,0.08870422840118408
155,9920,9919,sea_abrupt4,sea,ts_drift_adapt,4,"error_divergence_ph_meta@error.threshold=0.10,error.min_instances=5",error_divergence_ph_meta,"{""divergence"": {""alpha"": 0.1, ""delta"": 0.005, ""min_instances"": 30, ""threshold"": 0.05}, ""error_rate"": {""alpha"": 0.15, ""delta"": 0.005, ""min_instances"": 5, ""threshold"": 0.1}}","{""error_rate"": {""min_instances"": 5, ""threshold"": 0.1}}",0.1,0.005,0.15,5,0.05,0.005,0.1,30,,,,-1,two_stage,2,0.5,"__confirm_cooldown=200,__confirm_rule=perm_test,__perm_alpha=0.02,__perm_delta_k=25,__perm_min_effect=0,__perm_n_perm=200,__perm_post_n=50,__perm_pre_n=200,__perm_rng_seed=0,__perm_stat=delta_fused_score,divergence=0.3,error_rate=0.5,teacher_entropy=0.2",3,0,200,0.0,0,10000,10.0,25.0,200,500,0,0,1.0,0.8079637096774194,0.4986898492016114,0.16666666666666666,0.33704060316085815,0.009959735907614231,0,0,28,22,-1,perm_test,1.0,-0.05132295230488837,56,22,34,0.0,0.16666666666666666,0,0.0,0.0,0.0,0.0,0,none,0,1,0,overconfident,0.95,0,mild_drift,0.9605237985917439,0.0012961753807944512,0.8015274062759674,0.8556983191523205,1768131623.088971,0.3233102560043335,0.12761786580085754
156,9984,9983,sea_abrupt4,sea,ts_drift_adapt,4,"error_divergence_ph_meta@error.threshold=0.10,error.min_instances=5",error_divergence_ph_meta,"{""divergence"": {""alpha"": 0.1, ""delta"": 0.005, ""min_instances"": 30, ""threshold"": 0.05}, ""error_rate"": {""alpha"": 0.15, ""delta"": 0.005, ""min_instances"": 5, ""threshold"": 0.1}}","{""error_rate"": {""min_instances"": 5, ""threshold"": 0.1}}",0.1,0.005,0.15,5,0.05,0.005,0.1,30,,,,-1,two_stage,2,0.5,"__confirm_cooldown=200,__confirm_rule=perm_test,__perm_alpha=0.02,__perm_delta_k=25,__perm_min_effect=0,__perm_n_perm=200,__perm_post_n=50,__perm_pre_n=200,__perm_rng_seed=0,__perm_stat=delta_fused_score,divergence=0.3,error_rate=0.5,teacher_entropy=0.2",3,0,200,0.0,0,10000,10.0,25.0,200,500,0,0,1.0,0.8082932692307693,0.4994292888431326,0.0,0.36552736163139343,0.008255498483777046,0,0,28,22,-1,perm_test,1.0,-0.05902161761527773,57,22,35,0.0,0.16666666666666666,0,0.0,0.0,0.0,0.0,0,none,0,1,0,overconfident,0.95,0,mild_drift,0.9604118992958719,0.0012980876903972258,0.8007637031379837,0.8553491595761602,1768131623.0995893,0.05624503269791603,0.11793240159749985
157,10048,10047,sea_abrupt4,sea,ts_drift_adapt,4,"error_divergence_ph_meta@error.threshold=0.10,error.min_instances=5",error_divergence_ph_meta,"{""divergence"": {""alpha"": 0.1, ""delta"": 0.005, ""min_instances"": 30, ""threshold"": 0.05}, ""error_rate"": {""alpha"": 0.15, ""delta"": 0.005, ""min_instances"": 5, ""threshold"": 0.1}}","{""error_rate"": {""min_instances"": 5, ""threshold"": 0.1}}",0.1,0.005,0.15,5,0.05,0.005,0.1,30,,,,-1,two_stage,2,0.5,"__confirm_cooldown=200,__confirm_rule=perm_test,__perm_alpha=0.02,__perm_delta_k=25,__perm_min_effect=0,__perm_n_perm=200,__perm_post_n=50,__perm_pre_n=200,__perm_rng_seed=0,__perm_stat=delta_fused_score,divergence=0.3,error_rate=0.5,teacher_entropy=0.2",3,0,200,0.0,0,10000,10.0,25.0,200,500,0,0,1.0,0.8080214968152867,0.49925311369691844,0.16666666666666666,0.3509182631969452,0.00887805875390768,0,0,28,22,-1,perm_test,1.0,-0.05902161761527773,57,22,35,0.0,0.16666666666666666,0,0.0,0.0,0.0,0.0,0,none,0,1,0,overconfident,0.95,0,mild_drift,0.9603559496479359,0.001299043845198613,0.8003818515689919,0.8551745797880801,1768131623.1127026,0.19823233783245087,0.11919516324996948
158,10112,10111,sea_abrupt4,sea,ts_drift_adapt,4,"error_divergence_ph_meta@error.threshold=0.10,error.min_instances=5",error_divergence_ph_meta,"{""divergence"": {""alpha"": 0.1, ""delta"": 0.005, ""min_instances"": 30, ""threshold"": 0.05}, ""error_rate"": {""alpha"": 0.15, ""delta"": 0.005, ""min_instances"": 5, ""threshold"": 0.1}}","{""error_rate"": {""min_instances"": 5, ""threshold"": 0.1}}",0.1,0.005,0.15,5,0.05,0.005,0.1,30,,,,-1,two_stage,2,0.5,"__confirm_cooldown=200,__confirm_rule=perm_test,__perm_alpha=0.02,__perm_delta_k=25,__perm_min_effect=0,__perm_n_perm=200,__perm_post_n=50,__perm_pre_n=200,__perm_rng_seed=0,__perm_stat=delta_fused_score,divergence=0.3,error_rate=0.5,teacher_entropy=0.2",3,0,200,0.0,0,10000,10.0,25.0,200,500,0,0,1.0,0.8079509493670886,0.49988611030634467,0.16666666666666666,0.3310433030128479,0.01682259887456894,1,1,29,23,0,perm_test,0.004975124378109453,0.040242217189147445,58,23,35,0.0,0.007944540120661259,1,0.5,0.0,0.0,0.0,0,none,1,1,0,overconfident,0.95,0,stable,0.975177974823968,0.0010495219225993065,0.900190925784496,0.9000872898940401,1768131623.1315765,0.194628044962883,0.16404104232788086
159,10176,10175,sea_abrupt4,sea,ts_drift_adapt,4,"error_divergence_ph_meta@error.threshold=0.10,error.min_instances=5",error_divergence_ph_meta,"{""divergence"": {""alpha"": 0.1, ""delta"": 0.005, ""min_instances"": 30, ""threshold"": 0.05}, ""error_rate"": {""alpha"": 0.15, ""delta"": 0.005, ""min_instances"": 5, ""threshold"": 0.1}}","{""error_rate"": {""min_instances"": 5, ""threshold"": 0.1}}",0.1,0.005,0.15,5,0.05,0.005,0.1,30,,,,-1,two_stage,2,0.5,"__confirm_cooldown=200,__confirm_rule=perm_test,__perm_alpha=0.02,__perm_delta_k=25,__perm_min_effect=0,__perm_n_perm=200,__perm_post_n=50,__perm_pre_n=200,__perm_rng_seed=0,__perm_stat=delta_fused_score,divergence=0.3,error_rate=0.5,teacher_entropy=0.2",3,0,200,0.0,0,10000,10.0,25.0,200,500,1,136,1.0,0.8084709119496856,0.5026389968471672,0.0,0.3655763864517212,0.013800014741718769,0,0,29,23,-1,perm_test,0.004975124378109453,0.040242217189147445,58,23,35,0.0,0.16666666666666666,0,0.0,0.0,0.0,0.0,0,none,0,1,0,overconfident,0.95,0,mild_drift,0.9677389874119839,0.0011747609612996533,0.850095462892248,0.87754364494702,1768131623.1439104,0.24480663239955902,0.10348986834287643
160,10240,10239,sea_abrupt4,sea,ts_drift_adapt,4,"error_divergence_ph_meta@error.threshold=0.10,error.min_instances=5",error_divergence_ph_meta,"{""divergence"": {""alpha"": 0.1, ""delta"": 0.005, ""min_instances"": 30, ""threshold"": 0.05}, ""error_rate"": {""alpha"": 0.15, ""delta"": 0.005, ""min_instances"": 5, ""threshold"": 0.1}}","{""error_rate"": {""min_instances"": 5, ""threshold"": 0.1}}",0.1,0.005,0.15,5,0.05,0.005,0.1,30,,,,-1,two_stage,2,0.5,"__confirm_cooldown=200,__confirm_rule=perm_test,__perm_alpha=0.02,__perm_delta_k=25,__perm_min_effect=0,__perm_n_perm=200,__perm_post_n=50,__perm_pre_n=200,__perm_rng_seed=0,__perm_stat=delta_fused_score,divergence=0.3,error_rate=0.5,teacher_entropy=0.2",3,0,200,0.0,0,10000,10.0,25.0,200,500,1,72,1.0,0.80849609375,0.503119950939113,0.3333333333333333,0.3541664481163025,0.008760934695601463,0,0,29,23,-1,perm_test,0.004975124378109453,0.040242217189147445,58,23,35,0.0,0.3333333333333333,0,0.0,0.0,0.0,0.0,0,none,0,1,0,overconfident,0.95,0,mild_drift,0.9640194937059919,0.0012373804806498267,0.825047731446124,0.86627182247351,1768131623.154054,0.9495607018470764,0.0855284035205841
161,10304,10303,sea_abrupt4,sea,ts_drift_adapt,4,"error_divergence_ph_meta@error.threshold=0.10,error.min_instances=5",error_divergence_ph_meta,"{""divergence"": {""alpha"": 0.1, ""delta"": 0.005, ""min_instances"": 30, ""threshold"": 0.05}, ""error_rate"": {""alpha"": 0.15, ""delta"": 0.005, ""min_instances"": 5, ""threshold"": 0.1}}","{""error_rate"": {""min_instances"": 5, ""threshold"": 0.1}}",0.1,0.005,0.15,5,0.05,0.005,0.1,30,,,,-1,two_stage,2,0.5,"__confirm_cooldown=200,__confirm_rule=perm_test,__perm_alpha=0.02,__perm_delta_k=25,__perm_min_effect=0,__perm_n_perm=200,__perm_post_n=50,__perm_pre_n=200,__perm_rng_seed=0,__perm_stat=delta_fused_score,divergence=0.3,error_rate=0.5,teacher_entropy=0.2",3,0,200,0.0,0,10000,10.0,25.0,200,500,1,8,1.0,0.8088121118012422,0.5044267871758887,0.16666666666666666,0.3290485441684723,0.008383942767977715,0,0,29,23,-1,perm_test,0.004975124378109453,0.040242217189147445,58,23,35,0.0,0.16666666666666666,0,0.0,0.0,0.0,0.0,0,none,0,1,0,overconfident,0.95,0,mild_drift,0.9621597468529959,0.0012686902403249135,0.812523865723062,0.860635911236755,1768131623.1640933,0.6853920817375183,0.07832993566989899
162,10368,10367,sea_abrupt4,sea,ts_drift_adapt,4,"error_divergence_ph_meta@error.threshold=0.10,error.min_instances=5",error_divergence_ph_meta,"{""divergence"": {""alpha"": 0.1, ""delta"": 0.005, ""min_instances"": 30, ""threshold"": 0.05}, ""error_rate"": {""alpha"": 0.15, ""delta"": 0.005, ""min_instances"": 5, ""threshold"": 0.1}}","{""error_rate"": {""min_instances"": 5, ""threshold"": 0.1}}",0.1,0.005,0.15,5,0.05,0.005,0.1,30,,,,-1,two_stage,2,0.5,"__confirm_cooldown=200,__confirm_rule=perm_test,__perm_alpha=0.02,__perm_delta_k=25,__perm_min_effect=0,__perm_n_perm=200,__perm_post_n=50,__perm_pre_n=200,__perm_rng_seed=0,__perm_stat=delta_fused_score,divergence=0.3,error_rate=0.5,teacher_entropy=0.2",3,0,200,0.0,0,10000,10.0,25.0,200,500,0,0,1.0,0.8087384259259259,0.5050821188757483,0.0,0.3896693289279938,0.009834072552621365,0,0,29,23,-1,perm_test,0.004975124378109453,0.040242217189147445,58,23,35,0.0,0.16666666666666666,0,0.0,0.0,0.0,0.0,0,none,0,1,0,overconfident,0.95,0,mild_drift,0.9612298734264979,0.001284345120162457,0.806261932861531,0.8578179556183775,1768131623.174453,0.06917392462491989,0.08370864391326904
163,10432,10431,sea_abrupt4,sea,ts_drift_adapt,4,"error_divergence_ph_meta@error.threshold=0.10,error.min_instances=5",error_divergence_ph_meta,"{""divergence"": {""alpha"": 0.1, ""delta"": 0.005, ""min_instances"": 30, ""threshold"": 0.05}, ""error_rate"": {""alpha"": 0.15, ""delta"": 0.005, ""min_instances"": 5, ""threshold"": 0.1}}","{""error_rate"": {""min_instances"": 5, ""threshold"": 0.1}}",0.1,0.005,0.15,5,0.05,0.005,0.1,30,,,,-1,two_stage,2,0.5,"__confirm_cooldown=200,__confirm_rule=perm_test,__perm_alpha=0.02,__perm_delta_k=25,__perm_min_effect=0,__perm_n_perm=200,__perm_post_n=50,__perm_pre_n=200,__perm_rng_seed=0,__perm_stat=delta_fused_score,divergence=0.3,error_rate=0.5,teacher_entropy=0.2",3,0,200,0.0,0,10000,10.0,25.0,200,500,0,0,1.0,0.8085697852760736,0.5054091670186676,0.16666666666666666,0.30878621339797974,0.006774044129997492,1,1,30,24,0,perm_test,0.004975124378109453,0.03658362137671227,59,24,35,0.0,0.16666666666666666,1,0.5,0.0,0.0,0.0,0,none,1,1,0,overconfident,0.95,0,stable,0.975614936713249,0.0010421725600812284,0.9031309664307655,0.9014089778091887,1768131623.1905508,0.4361938536167145,0.06912499666213989
164,10496,10495,sea_abrupt4,sea,ts_drift_adapt,4,"error_divergence_ph_meta@error.threshold=0.10,error.min_instances=5",error_divergence_ph_meta,"{""divergence"": {""alpha"": 0.1, ""delta"": 0.005, ""min_instances"": 30, ""threshold"": 0.05}, ""error_rate"": {""alpha"": 0.15, ""delta"": 0.005, ""min_instances"": 5, ""threshold"": 0.1}}","{""error_rate"": {""min_instances"": 5, ""threshold"": 0.1}}",0.1,0.005,0.15,5,0.05,0.005,0.1,30,,,,-1,two_stage,2,0.5,"__confirm_cooldown=200,__confirm_rule=perm_test,__perm_alpha=0.02,__perm_delta_k=25,__perm_min_effect=0,__perm_n_perm=200,__perm_post_n=50,__perm_pre_n=200,__perm_rng_seed=0,__perm_stat=delta_fused_score,divergence=0.3,error_rate=0.5,teacher_entropy=0.2",3,0,200,0.0,0,10000,10.0,25.0,200,500,1,136,1.0,0.8086890243902439,0.5068363729926939,0.0,0.3783906400203705,0.005834752228111029,0,0,30,24,-1,perm_test,0.004975124378109453,0.03658362137671227,59,24,35,0.0,0.16666666666666666,0,0.0,0.0,0.0,0.0,0,none,0,1,0,overconfident,0.95,0,mild_drift,0.9679574683566244,0.0011710862800406144,0.8515654832153827,0.8782044889045943,1768131623.200656,0.10423946380615234,0.06492697447538376
165,10560,10559,sea_abrupt4,sea,ts_drift_adapt,4,"error_divergence_ph_meta@error.threshold=0.10,error.min_instances=5",error_divergence_ph_meta,"{""divergence"": {""alpha"": 0.1, ""delta"": 0.005, ""min_instances"": 30, ""threshold"": 0.05}, ""error_rate"": {""alpha"": 0.15, ""delta"": 0.005, ""min_instances"": 5, ""threshold"": 0.1}}","{""error_rate"": {""min_instances"": 5, ""threshold"": 0.1}}",0.1,0.005,0.15,5,0.05,0.005,0.1,30,,,,-1,two_stage,2,0.5,"__confirm_cooldown=200,__confirm_rule=perm_test,__perm_alpha=0.02,__perm_delta_k=25,__perm_min_effect=0,__perm_n_perm=200,__perm_post_n=50,__perm_pre_n=200,__perm_rng_seed=0,__perm_stat=delta_fused_score,divergence=0.3,error_rate=0.5,teacher_entropy=0.2",3,0,200,0.0,0,10000,10.0,25.0,200,500,1,72,1.0,0.8084280303030303,0.5069723542939688,0.3333333333333333,0.3327384889125824,0.009062214754521847,0,0,30,24,-1,perm_test,0.004975124378109453,0.03658362137671227,59,24,35,0.0,0.3333333333333333,0,0.0,0.0,0.0,0.0,0,none,0,1,0,overconfident,0.95,0,mild_drift,0.9641287341783122,0.0012355431400203074,0.8257827416076914,0.8666022444522972,1768131623.210626,0.5807098746299744,0.08205271512269974
166,10624,10623,sea_abrupt4,sea,ts_drift_adapt,4,"error_divergence_ph_meta@error.threshold=0.10,error.min_instances=5",error_divergence_ph_meta,"{""divergence"": {""alpha"": 0.1, ""delta"": 0.005, ""min_instances"": 30, ""threshold"": 0.05}, ""error_rate"": {""alpha"": 0.15, ""delta"": 0.005, ""min_instances"": 5, ""threshold"": 0.1}}","{""error_rate"": {""min_instances"": 5, ""threshold"": 0.1}}",0.1,0.005,0.15,5,0.05,0.005,0.1,30,,,,-1,two_stage,2,0.5,"__confirm_cooldown=200,__confirm_rule=perm_test,__perm_alpha=0.02,__perm_delta_k=25,__perm_min_effect=0,__perm_n_perm=200,__perm_post_n=50,__perm_pre_n=200,__perm_rng_seed=0,__perm_stat=delta_fused_score,divergence=0.3,error_rate=0.5,teacher_entropy=0.2",3,0,200,0.0,0,10000,10.0,25.0,200,500,1,8,1.0,0.8089231927710844,0.5083623706565006,0.16666666666666666,0.3232237696647644,0.006276896223425865,0,0,30,24,-1,perm_test,0.004975124378109453,0.03658362137671227,59,24,35,0.0,0.16666666666666666,0,0.0,0.0,0.0,0.0,0,none,0,1,0,overconfident,0.95,0,mild_drift,0.9622143670891561,0.0012677715700101537,0.8128913708038457,0.8608011222261486,1768131623.220674,0.5396851301193237,0.08204706013202667
167,10688,10687,sea_abrupt4,sea,ts_drift_adapt,4,"error_divergence_ph_meta@error.threshold=0.10,error.min_instances=5",error_divergence_ph_meta,"{""divergence"": {""alpha"": 0.1, ""delta"": 0.005, ""min_instances"": 30, ""threshold"": 0.05}, ""error_rate"": {""alpha"": 0.15, ""delta"": 0.005, ""min_instances"": 5, ""threshold"": 0.1}}","{""error_rate"": {""min_instances"": 5, ""threshold"": 0.1}}",0.1,0.005,0.15,5,0.05,0.005,0.1,30,,,,-1,two_stage,2,0.5,"__confirm_cooldown=200,__confirm_rule=perm_test,__perm_alpha=0.02,__perm_delta_k=25,__perm_min_effect=0,__perm_n_perm=200,__perm_post_n=50,__perm_pre_n=200,__perm_rng_seed=0,__perm_stat=delta_fused_score,divergence=0.3,error_rate=0.5,teacher_entropy=0.2",3,0,200,0.0,0,10000,10.0,25.0,200,500,0,0,1.0,0.8090381736526946,0.508424311000617,0.3333333333333333,0.2893963158130646,0.007990080863237381,0,0,30,24,-1,perm_test,0.004975124378109453,0.03658362137671227,59,24,35,0.0,0.16666666666666666,0,0.0,0.0,0.0,0.0,0,none,0,1,0,overconfident,0.95,0,mild_drift,0.961257183544578,0.0012838857850050768,0.8064456854019229,0.8579005611130743,1768131623.2310662,0.8054265975952148,0.08452542126178741
168,10752,10751,sea_abrupt4,sea,ts_drift_adapt,4,"error_divergence_ph_meta@error.threshold=0.10,error.min_instances=5",error_divergence_ph_meta,"{""divergence"": {""alpha"": 0.1, ""delta"": 0.005, ""min_instances"": 30, ""threshold"": 0.05}, ""error_rate"": {""alpha"": 0.15, ""delta"": 0.005, ""min_instances"": 5, ""threshold"": 0.1}}","{""error_rate"": {""min_instances"": 5, ""threshold"": 0.1}}",0.1,0.005,0.15,5,0.05,0.005,0.1,30,,,,-1,two_stage,2,0.5,"__confirm_cooldown=200,__confirm_rule=perm_test,__perm_alpha=0.02,__perm_delta_k=25,__perm_min_effect=0,__perm_n_perm=200,__perm_post_n=50,__perm_pre_n=200,__perm_rng_seed=0,__perm_stat=delta_fused_score,divergence=0.3,error_rate=0.5,teacher_entropy=0.2",3,0,200,0.0,0,10000,10.0,25.0,200,500,0,0,1.0,0.8092447916666666,0.508767158904471,0.0,0.28992462158203125,0.004538699984550476,0,1,31,24,-1,perm_test,1.0,-0.17747728162831022,60,24,36,0.16666666666666666,0.3333333333333333,1,0.5,0.0,0.0,0.0,0,none,0,1,0,overconfident,0.95,0,mild_drift,0.960778591772289,0.0012919428925025384,0.8032228427009614,0.8564502805565372,1768131623.24154,0.14925998449325562,0.06358924508094788
169,10816,10815,sea_abrupt4,sea,ts_drift_adapt,4,"error_divergence_ph_meta@error.threshold=0.10,error.min_instances=5",error_divergence_ph_meta,"{""divergence"": {""alpha"": 0.1, ""delta"": 0.005, ""min_instances"": 30, ""threshold"": 0.05}, ""error_rate"": {""alpha"": 0.15, ""delta"": 0.005, ""min_instances"": 5, ""threshold"": 0.1}}","{""error_rate"": {""min_instances"": 5, ""threshold"": 0.1}}",0.1,0.005,0.15,5,0.05,0.005,0.1,30,,,,-1,two_stage,2,0.5,"__confirm_cooldown=200,__confirm_rule=perm_test,__perm_alpha=0.02,__perm_delta_k=25,__perm_min_effect=0,__perm_n_perm=200,__perm_post_n=50,__perm_pre_n=200,__perm_rng_seed=0,__perm_stat=delta_fused_score,divergence=0.3,error_rate=0.5,teacher_entropy=0.2",3,0,200,0.0,0,10000,10.0,25.0,200,500,0,0,1.0,0.8097263313609467,0.510828982231612,0.16666666666666666,0.3209547698497772,0.01209632121026516,1,0,31,25,1,perm_test,0.004975124378109453,0.03695637131855697,61,25,36,0.0,0.16666666666666666,0,0.0,0.0,0.0,0.0,0,none,1,1,0,overconfident,0.95,0,stable,0.9753892958861445,0.0010459714462512692,0.9016114213504807,0.9007251402782686,1768131623.257473,0.335525780916214,0.11433805525302887
170,10880,10879,sea_abrupt4,sea,ts_drift_adapt,4,"error_divergence_ph_meta@error.threshold=0.10,error.min_instances=5",error_divergence_ph_meta,"{""divergence"": {""alpha"": 0.1, ""delta"": 0.005, ""min_instances"": 30, ""threshold"": 0.05}, ""error_rate"": {""alpha"": 0.15, ""delta"": 0.005, ""min_instances"": 5, ""threshold"": 0.1}}","{""error_rate"": {""min_instances"": 5, ""threshold"": 0.1}}",0.1,0.005,0.15,5,0.05,0.005,0.1,30,,,,-1,two_stage,2,0.5,"__confirm_cooldown=200,__confirm_rule=perm_test,__perm_alpha=0.02,__perm_delta_k=25,__perm_min_effect=0,__perm_n_perm=200,__perm_post_n=50,__perm_pre_n=200,__perm_rng_seed=0,__perm_stat=delta_fused_score,divergence=0.3,error_rate=0.5,teacher_entropy=0.2",3,0,200,0.0,0,10000,10.0,25.0,200,500,1,136,1.0,0.8097426470588235,0.5118917437195852,0.3333333333333333,0.3333877921104431,0.01405321341007948,0,0,31,25,-1,perm_test,0.004975124378109453,0.03695637131855697,61,25,36,0.0,0.16666666666666666,0,0.0,0.0,0.0,0.0,0,none,0,1,0,overconfident,0.95,0,mild_drift,0.9678446479430722,0.0011729857231256345,0.8508057106752404,0.8778625701391343,1768131623.267577,0.5282407402992249,0.12046082317829132
171,10944,10943,sea_abrupt4,sea,ts_drift_adapt,4,"error_divergence_ph_meta@error.threshold=0.10,error.min_instances=5",error_divergence_ph_meta,"{""divergence"": {""alpha"": 0.1, ""delta"": 0.005, ""min_instances"": 30, ""threshold"": 0.05}, ""error_rate"": {""alpha"": 0.15, ""delta"": 0.005, ""min_instances"": 5, ""threshold"": 0.1}}","{""error_rate"": {""min_instances"": 5, ""threshold"": 0.1}}",0.1,0.005,0.15,5,0.05,0.005,0.1,30,,,,-1,two_stage,2,0.5,"__confirm_cooldown=200,__confirm_rule=perm_test,__perm_alpha=0.02,__perm_delta_k=25,__perm_min_effect=0,__perm_n_perm=200,__perm_post_n=50,__perm_pre_n=200,__perm_rng_seed=0,__perm_stat=delta_fused_score,divergence=0.3,error_rate=0.5,teacher_entropy=0.2",3,0,200,0.0,0,10000,10.0,25.0,200,500,1,72,1.0,0.810124269005848,0.5128935784832134,0.16666666666666666,0.3487303853034973,0.028512729331851006,0,0,31,25,-1,perm_test,0.004975124378109453,0.03695637131855697,61,25,36,0.0,0.16666666666666666,0,0.0,0.0,0.0,0.0,0,none,0,1,0,overconfident,0.95,0,mild_drift,0.9640723239715361,0.0012364928615628172,0.8254028553376203,0.8664312850695671,1768131623.2775667,0.28541865944862366,0.25202038884162903
172,11008,11007,sea_abrupt4,sea,ts_drift_adapt,4,"error_divergence_ph_meta@error.threshold=0.10,error.min_instances=5",error_divergence_ph_meta,"{""divergence"": {""alpha"": 0.1, ""delta"": 0.005, ""min_instances"": 30, ""threshold"": 0.05}, ""error_rate"": {""alpha"": 0.15, ""delta"": 0.005, ""min_instances"": 5, ""threshold"": 0.1}}","{""error_rate"": {""min_instances"": 5, ""threshold"": 0.1}}",0.1,0.005,0.15,5,0.05,0.005,0.1,30,,,,-1,two_stage,2,0.5,"__confirm_cooldown=200,__confirm_rule=perm_test,__perm_alpha=0.02,__perm_delta_k=25,__perm_min_effect=0,__perm_n_perm=200,__perm_post_n=50,__perm_pre_n=200,__perm_rng_seed=0,__perm_stat=delta_fused_score,divergence=0.3,error_rate=0.5,teacher_entropy=0.2",3,0,200,0.0,0,10000,10.0,25.0,200,500,1,8,1.0,0.8103197674418605,0.5142479042649648,0.16666666666666666,0.31125521659851074,0.0182915348559618,0,0,31,25,-1,perm_test,0.004975124378109453,0.03695637131855697,61,25,36,0.0,0.010221194475889206,0,0.0,0.0,0.0,0.0,0,none,0,1,0,overconfident,0.95,0,mild_drift,0.962186161985768,0.0012682464307814086,0.8127014276688102,0.8607156425347835,1768131623.2875707,0.37870076298713684,0.16309891641139984
173,11072,11071,sea_abrupt4,sea,ts_drift_adapt,4,"error_divergence_ph_meta@error.threshold=0.10,error.min_instances=5",error_divergence_ph_meta,"{""divergence"": {""alpha"": 0.1, ""delta"": 0.005, ""min_instances"": 30, ""threshold"": 0.05}, ""error_rate"": {""alpha"": 0.15, ""delta"": 0.005, ""min_instances"": 5, ""threshold"": 0.1}}","{""error_rate"": {""min_instances"": 5, ""threshold"": 0.1}}",0.1,0.005,0.15,5,0.05,0.005,0.1,30,,,,-1,two_stage,2,0.5,"__confirm_cooldown=200,__confirm_rule=perm_test,__perm_alpha=0.02,__perm_delta_k=25,__perm_min_effect=0,__perm_n_perm=200,__perm_post_n=50,__perm_pre_n=200,__perm_rng_seed=0,__perm_stat=delta_fused_score,divergence=0.3,error_rate=0.5,teacher_entropy=0.2",3,0,200,0.0,0,10000,10.0,25.0,200,500,0,0,1.0,0.810603323699422,0.5158788025579834,0.0,0.31321439146995544,0.010950235649943352,0,1,32,25,-1,perm_test,1.0,-0.09829574972972724,62,25,37,0.0,0.16666666666666666,1,0.5,0.0,0.0,0.0,0,none,0,1,0,overconfident,0.95,0,mild_drift,0.961243080992884,0.0012841232153907043,0.806350713834405,0.8578578212673917,1768131623.2980425,0.10487840324640274,0.12070564925670624
174,11136,11135,sea_abrupt4,sea,ts_drift_adapt,4,"error_divergence_ph_meta@error.threshold=0.10,error.min_instances=5",error_divergence_ph_meta,"{""divergence"": {""alpha"": 0.1, ""delta"": 0.005, ""min_instances"": 30, ""threshold"": 0.05}, ""error_rate"": {""alpha"": 0.15, ""delta"": 0.005, ""min_instances"": 5, ""threshold"": 0.1}}","{""error_rate"": {""min_instances"": 5, ""threshold"": 0.1}}",0.1,0.005,0.15,5,0.05,0.005,0.1,30,,,,-1,two_stage,2,0.5,"__confirm_cooldown=200,__confirm_rule=perm_test,__perm_alpha=0.02,__perm_delta_k=25,__perm_min_effect=0,__perm_n_perm=200,__perm_post_n=50,__perm_pre_n=200,__perm_rng_seed=0,__perm_stat=delta_fused_score,divergence=0.3,error_rate=0.5,teacher_entropy=0.2",3,0,200,0.0,0,10000,10.0,25.0,200,500,0,0,1.0,0.8101652298850575,0.515948896680732,0.16666666666666666,0.3579099774360657,0.015696974471211433,1,0,32,26,1,perm_test,0.004975124378109453,0.054720666759905424,63,26,37,0.0,0.16666666666666666,0,0.0,0.0,0.0,0.0,0,none,1,1,0,overconfident,0.95,0,stable,0.975621540496442,0.001042061607695352,0.9031753569172025,0.9014289106336959,1768131623.3164384,0.2251492589712143,0.1578764021396637
175,11200,11199,sea_abrupt4,sea,ts_drift_adapt,4,"error_divergence_ph_meta@error.threshold=0.10,error.min_instances=5",error_divergence_ph_meta,"{""divergence"": {""alpha"": 0.1, ""delta"": 0.005, ""min_instances"": 30, ""threshold"": 0.05}, ""error_rate"": {""alpha"": 0.15, ""delta"": 0.005, ""min_instances"": 5, ""threshold"": 0.1}}","{""error_rate"": {""min_instances"": 5, ""threshold"": 0.1}}",0.1,0.005,0.15,5,0.05,0.005,0.1,30,,,,-1,two_stage,2,0.5,"__confirm_cooldown=200,__confirm_rule=perm_test,__perm_alpha=0.02,__perm_delta_k=25,__perm_min_effect=0,__perm_n_perm=200,__perm_post_n=50,__perm_pre_n=200,__perm_rng_seed=0,__perm_stat=delta_fused_score,divergence=0.3,error_rate=0.5,teacher_entropy=0.2",3,0,200,0.0,0,10000,10.0,25.0,200,500,1,136,1.0,0.8100892857142857,0.5163086249199007,0.16666666666666666,0.3736313581466675,0.010984054766595364,0,0,32,26,-1,perm_test,0.004975124378109453,0.054720666759905424,63,26,37,0.0,0.00471291970461607,0,0.0,0.0,0.0,0.0,0,none,0,1,0,overconfident,0.95,0,mild_drift,0.9679607702482209,0.0011710308038476761,0.8515876784586013,0.8782144553168479,1768131623.329609,0.34960314631462097,0.11219963431358337
176,11264,11263,sea_abrupt4,sea,ts_drift_adapt,4,"error_divergence_ph_meta@error.threshold=0.10,error.min_instances=5",error_divergence_ph_meta,"{""divergence"": {""alpha"": 0.1, ""delta"": 0.005, ""min_instances"": 30, ""threshold"": 0.05}, ""error_rate"": {""alpha"": 0.15, ""delta"": 0.005, ""min_instances"": 5, ""threshold"": 0.1}}","{""error_rate"": {""min_instances"": 5, ""threshold"": 0.1}}",0.1,0.005,0.15,5,0.05,0.005,0.1,30,,,,-1,two_stage,2,0.5,"__confirm_cooldown=200,__confirm_rule=perm_test,__perm_alpha=0.02,__perm_delta_k=25,__perm_min_effect=0,__perm_n_perm=200,__perm_post_n=50,__perm_pre_n=200,__perm_rng_seed=0,__perm_stat=delta_fused_score,divergence=0.3,error_rate=0.5,teacher_entropy=0.2",3,0,200,0.0,0,10000,10.0,25.0,200,500,1,72,1.0,0.8101029829545454,0.5180531710837213,0.0,0.3666423559188843,0.012342425994575024,0,0,32,26,-1,perm_test,0.004975124378109453,0.054720666759905424,63,26,37,0.0,0.16666666666666666,0,0.0,0.0,0.0,0.0,0,none,0,1,0,overconfident,0.95,0,mild_drift,0.9641303851241104,0.0012355154019238381,0.8257938392293007,0.866607227658424,1768131623.3427389,0.27757975459098816,0.14987853169441223
177,11328,11327,sea_abrupt4,sea,ts_drift_adapt,4,"error_divergence_ph_meta@error.threshold=0.10,error.min_instances=5",error_divergence_ph_meta,"{""divergence"": {""alpha"": 0.1, ""delta"": 0.005, ""min_instances"": 30, ""threshold"": 0.05}, ""error_rate"": {""alpha"": 0.15, ""delta"": 0.005, ""min_instances"": 5, ""threshold"": 0.1}}","{""error_rate"": {""min_instances"": 5, ""threshold"": 0.1}}",0.1,0.005,0.15,5,0.05,0.005,0.1,30,,,,-1,two_stage,2,0.5,"__confirm_cooldown=200,__confirm_rule=perm_test,__perm_alpha=0.02,__perm_delta_k=25,__perm_min_effect=0,__perm_n_perm=200,__perm_post_n=50,__perm_pre_n=200,__perm_rng_seed=0,__perm_stat=delta_fused_score,divergence=0.3,error_rate=0.5,teacher_entropy=0.2",3,0,200,0.0,0,10000,10.0,25.0,200,500,1,8,1.0,0.8095868644067796,0.517465445192186,0.6666666666666666,0.36168116331100464,0.006741086486726999,0,0,32,26,-1,perm_test,0.004975124378109453,0.054720666759905424,63,26,37,0.0,0.6666666666666666,0,0.0,0.0,0.0,0.0,0,none,0,1,0,overconfident,0.95,0,mild_drift,0.9622151925620552,0.0012677577009619191,0.8128969196146504,0.860803613829212,1768131623.353387,0.9113426804542542,0.09641211479902267
178,11392,11391,sea_abrupt4,sea,ts_drift_adapt,4,"error_divergence_ph_meta@error.threshold=0.10,error.min_instances=5",error_divergence_ph_meta,"{""divergence"": {""alpha"": 0.1, ""delta"": 0.005, ""min_instances"": 30, ""threshold"": 0.05}, ""error_rate"": {""alpha"": 0.15, ""delta"": 0.005, ""min_instances"": 5, ""threshold"": 0.1}}","{""error_rate"": {""min_instances"": 5, ""threshold"": 0.1}}",0.1,0.005,0.15,5,0.05,0.005,0.1,30,,,,-1,two_stage,2,0.5,"__confirm_cooldown=200,__confirm_rule=perm_test,__perm_alpha=0.02,__perm_delta_k=25,__perm_min_effect=0,__perm_n_perm=200,__perm_post_n=50,__perm_pre_n=200,__perm_rng_seed=0,__perm_stat=delta_fused_score,divergence=0.3,error_rate=0.5,teacher_entropy=0.2",3,0,200,0.0,0,10000,10.0,25.0,200,500,0,0,1.0,0.8096032303370787,0.5183735836614249,0.0,0.352884978055954,0.008308946155011654,0,1,33,26,-1,perm_test,1.0,-0.29549856601385094,64,26,38,0.0,0.6666666666666666,1,0.5,0.0,0.0,0.0,0,none,0,1,0,overconfident,0.95,0,mild_drift,0.9612575962810276,0.0012838788504809595,0.8064484598073252,0.857901806914606,1768131623.3642068,0.1736135333776474,0.12326665222644806
179,11456,11455,sea_abrupt4,sea,ts_drift_adapt,4,"error_divergence_ph_meta@error.threshold=0.10,error.min_instances=5",error_divergence_ph_meta,"{""divergence"": {""alpha"": 0.1, ""delta"": 0.005, ""min_instances"": 30, ""threshold"": 0.05}, ""error_rate"": {""alpha"": 0.15, ""delta"": 0.005, ""min_instances"": 5, ""threshold"": 0.1}}","{""error_rate"": {""min_instances"": 5, ""threshold"": 0.1}}",0.1,0.005,0.15,5,0.05,0.005,0.1,30,,,,-1,two_stage,2,0.5,"__confirm_cooldown=200,__confirm_rule=perm_test,__perm_alpha=0.02,__perm_delta_k=25,__perm_min_effect=0,__perm_n_perm=200,__perm_post_n=50,__perm_pre_n=200,__perm_rng_seed=0,__perm_stat=delta_fused_score,divergence=0.3,error_rate=0.5,teacher_entropy=0.2",3,0,200,0.0,0,10000,10.0,25.0,200,500,0,0,1.0,0.8099685754189944,0.5196913786957901,0.0,0.36696940660476685,0.007925178855657578,1,0,33,27,1,perm_test,0.004975124378109453,0.04366998420198691,65,27,38,0.0,0.0003837672993540764,0,0.0,0.0,0.0,0.0,0,none,1,1,0,overconfident,0.95,0,stable,0.9756287981405138,0.0010419394252404797,0.9032242299036626,0.901450903457303,1768131623.380561,0.11768723279237747,0.10123223066329956
180,11520,11519,sea_abrupt4,sea,ts_drift_adapt,4,"error_divergence_ph_meta@error.threshold=0.10,error.min_instances=5",error_divergence_ph_meta,"{""divergence"": {""alpha"": 0.1, ""delta"": 0.005, ""min_instances"": 30, ""threshold"": 0.05}, ""error_rate"": {""alpha"": 0.15, ""delta"": 0.005, ""min_instances"": 5, ""threshold"": 0.1}}","{""error_rate"": {""min_instances"": 5, ""threshold"": 0.1}}",0.1,0.005,0.15,5,0.05,0.005,0.1,30,,,,-1,two_stage,2,0.5,"__confirm_cooldown=200,__confirm_rule=perm_test,__perm_alpha=0.02,__perm_delta_k=25,__perm_min_effect=0,__perm_n_perm=200,__perm_post_n=50,__perm_pre_n=200,__perm_rng_seed=0,__perm_stat=delta_fused_score,divergence=0.3,error_rate=0.5,teacher_entropy=0.2",3,0,200,0.0,0,10000,10.0,25.0,200,500,1,136,1.0,0.8099826388888889,0.5201149108120522,0.0,0.33384066820144653,0.011504490859806538,0,0,33,27,-1,perm_test,0.004975124378109453,0.04366998420198691,65,27,38,0.0,0.00357931200414896,0,0.0,0.0,0.0,0.0,0,none,0,1,0,overconfident,0.95,0,mild_drift,0.9679643990702569,0.00117096971262024,0.8516121149518313,0.8782254517286515,1768131623.39092,0.10863170772790909,0.09131911396980286
181,11584,11583,sea_abrupt4,sea,ts_drift_adapt,4,"error_divergence_ph_meta@error.threshold=0.10,error.min_instances=5",error_divergence_ph_meta,"{""divergence"": {""alpha"": 0.1, ""delta"": 0.005, ""min_instances"": 30, ""threshold"": 0.05}, ""error_rate"": {""alpha"": 0.15, ""delta"": 0.005, ""min_instances"": 5, ""threshold"": 0.1}}","{""error_rate"": {""min_instances"": 5, ""threshold"": 0.1}}",0.1,0.005,0.15,5,0.05,0.005,0.1,30,,,,-1,two_stage,2,0.5,"__confirm_cooldown=200,__confirm_rule=perm_test,__perm_alpha=0.02,__perm_delta_k=25,__perm_min_effect=0,__perm_n_perm=200,__perm_post_n=50,__perm_pre_n=200,__perm_rng_seed=0,__perm_stat=delta_fused_score,divergence=0.3,error_rate=0.5,teacher_entropy=0.2",3,0,200,0.0,0,10000,10.0,25.0,200,500,1,72,1.0,0.809996546961326,0.5204872750869809,0.3333333333333333,0.321593701839447,0.004836994223296642,0,0,33,27,-1,perm_test,0.004975124378109453,0.04366998420198691,65,27,38,0.0,0.3333333333333333,0,0.0,0.0,0.0,0.0,0,none,0,1,0,overconfident,0.95,0,mild_drift,0.9641321995351284,0.00123548485631012,0.8258060574759156,0.8666127258643257,1768131623.4010503,0.4998326301574707,0.06458024680614471
182,11648,11647,sea_abrupt4,sea,ts_drift_adapt,4,"error_divergence_ph_meta@error.threshold=0.10,error.min_instances=5",error_divergence_ph_meta,"{""divergence"": {""alpha"": 0.1, ""delta"": 0.005, ""min_instances"": 30, ""threshold"": 0.05}, ""error_rate"": {""alpha"": 0.15, ""delta"": 0.005, ""min_instances"": 5, ""threshold"": 0.1}}","{""error_rate"": {""min_instances"": 5, ""threshold"": 0.1}}",0.1,0.005,0.15,5,0.05,0.005,0.1,30,,,,-1,two_stage,2,0.5,"__confirm_cooldown=200,__confirm_rule=perm_test,__perm_alpha=0.02,__perm_delta_k=25,__perm_min_effect=0,__perm_n_perm=200,__perm_post_n=50,__perm_pre_n=200,__perm_rng_seed=0,__perm_stat=delta_fused_score,divergence=0.3,error_rate=0.5,teacher_entropy=0.2",3,0,200,0.0,0,10000,10.0,25.0,200,500,1,8,1.0,0.8100961538461539,0.5208125026665053,0.0,0.32798677682876587,0.007612753193825483,0,0,33,27,-1,perm_test,0.004975124378109453,0.04366998420198691,65,27,38,0.0,0.3333333333333333,0,0.0,0.0,0.0,0.0,0,none,0,1,0,overconfident,0.95,0,mild_drift,0.9622160997675642,0.00126774242815506,0.8129030287379578,0.8608063629321628,1768131623.411123,0.11226848512887955,0.0887393206357956
183,11712,11711,sea_abrupt4,sea,ts_drift_adapt,4,"error_divergence_ph_meta@error.threshold=0.10,error.min_instances=5",error_divergence_ph_meta,"{""divergence"": {""alpha"": 0.1, ""delta"": 0.005, ""min_instances"": 30, ""threshold"": 0.05}, ""error_rate"": {""alpha"": 0.15, ""delta"": 0.005, ""min_instances"": 5, ""threshold"": 0.1}}","{""error_rate"": {""min_instances"": 5, ""threshold"": 0.1}}",0.1,0.005,0.15,5,0.05,0.005,0.1,30,,,,-1,two_stage,2,0.5,"__confirm_cooldown=200,__confirm_rule=perm_test,__perm_alpha=0.02,__perm_delta_k=25,__perm_min_effect=0,__perm_n_perm=200,__perm_post_n=50,__perm_pre_n=200,__perm_rng_seed=0,__perm_stat=delta_fused_score,divergence=0.3,error_rate=0.5,teacher_entropy=0.2",3,0,200,0.0,0,10000,10.0,25.0,200,500,0,0,1.0,0.8105362021857924,0.5219692427584827,0.16666666666666666,0.29252469539642334,0.004050492309033871,0,1,34,27,-1,perm_test,1.0,-0.003769192356454232,66,27,39,0.16666666666666666,0.16666666666666666,1,0.5,0.0,0.0,0.0,0,none,0,1,0,overconfident,0.95,0,mild_drift,0.961258049883782,0.0012838712140775302,0.806451514368979,0.8579031814660814,1768131623.421516,0.26723745465278625,0.06149652227759361
184,11776,11775,sea_abrupt4,sea,ts_drift_adapt,4,"error_divergence_ph_meta@error.threshold=0.10,error.min_instances=5",error_divergence_ph_meta,"{""divergence"": {""alpha"": 0.1, ""delta"": 0.005, ""min_instances"": 30, ""threshold"": 0.05}, ""error_rate"": {""alpha"": 0.15, ""delta"": 0.005, ""min_instances"": 5, ""threshold"": 0.1}}","{""error_rate"": {""min_instances"": 5, ""threshold"": 0.1}}",0.1,0.005,0.15,5,0.05,0.005,0.1,30,,,,-1,two_stage,2,0.5,"__confirm_cooldown=200,__confirm_rule=perm_test,__perm_alpha=0.02,__perm_delta_k=25,__perm_min_effect=0,__perm_n_perm=200,__perm_post_n=50,__perm_pre_n=200,__perm_rng_seed=0,__perm_stat=delta_fused_score,divergence=0.3,error_rate=0.5,teacher_entropy=0.2",3,0,200,0.0,0,10000,10.0,25.0,200,500,0,0,1.0,0.8107167119565217,0.5226286987463411,0.0,0.33448439836502075,0.007195787504315376,0,0,34,27,-1,perm_test,1.0,-0.08653522315076184,67,27,40,0.0,0.16666666666666666,0,0.0,0.0,0.0,0.0,0,none,0,1,0,overconfident,0.95,0,mild_drift,0.960779024941891,0.0012919356070387653,0.8032257571844895,0.8564515907330407,1768131623.432081,0.24215273559093475,0.06947864592075348
185,11840,11839,sea_abrupt4,sea,ts_drift_adapt,4,"error_divergence_ph_meta@error.threshold=0.10,error.min_instances=5",error_divergence_ph_meta,"{""divergence"": {""alpha"": 0.1, ""delta"": 0.005, ""min_instances"": 30, ""threshold"": 0.05}, ""error_rate"": {""alpha"": 0.15, ""delta"": 0.005, ""min_instances"": 5, ""threshold"": 0.1}}","{""error_rate"": {""min_instances"": 5, ""threshold"": 0.1}}",0.1,0.005,0.15,5,0.05,0.005,0.1,30,,,,-1,two_stage,2,0.5,"__confirm_cooldown=200,__confirm_rule=perm_test,__perm_alpha=0.02,__perm_delta_k=25,__perm_min_effect=0,__perm_n_perm=200,__perm_post_n=50,__perm_pre_n=200,__perm_rng_seed=0,__perm_stat=delta_fused_score,divergence=0.3,error_rate=0.5,teacher_entropy=0.2",3,0,200,0.0,0,10000,10.0,25.0,200,500,0,0,1.0,0.8103885135135135,0.5220289816502773,0.3333333333333333,0.3460922837257385,0.010904706083238125,1,0,34,28,2,perm_test,0.004975124378109453,0.02754474862375647,68,28,40,0.0,0.3333333333333333,0,0.0,0.0,0.0,0.0,0,none,1,1,0,overconfident,0.95,0,stable,0.9753895124709455,0.0010459678035193826,0.9016128785922448,0.9007257953665204,1768131623.4481552,0.762769877910614,0.12681986391544342
186,11904,11903,sea_abrupt4,sea,ts_drift_adapt,4,"error_divergence_ph_meta@error.threshold=0.10,error.min_instances=5",error_divergence_ph_meta,"{""divergence"": {""alpha"": 0.1, ""delta"": 0.005, ""min_instances"": 30, ""threshold"": 0.05}, ""error_rate"": {""alpha"": 0.15, ""delta"": 0.005, ""min_instances"": 5, ""threshold"": 0.1}}","{""error_rate"": {""min_instances"": 5, ""threshold"": 0.1}}",0.1,0.005,0.15,5,0.05,0.005,0.1,30,,,,-1,two_stage,2,0.5,"__confirm_cooldown=200,__confirm_rule=perm_test,__perm_alpha=0.02,__perm_delta_k=25,__perm_min_effect=0,__perm_n_perm=200,__perm_post_n=50,__perm_pre_n=200,__perm_rng_seed=0,__perm_stat=delta_fused_score,divergence=0.3,error_rate=0.5,teacher_entropy=0.2",3,0,200,0.0,0,10000,10.0,25.0,200,500,1,136,1.0,0.8102318548387096,0.5220504077773989,0.5,0.33255407214164734,0.007009934633970261,0,0,34,28,-1,perm_test,0.004975124378109453,0.02754474862375647,68,28,40,0.0,0.16666666666666669,0,0.0,0.0,0.0,0.0,0,none,0,1,0,overconfident,0.95,0,mild_drift,0.9678447562354727,0.0011729839017596915,0.8508064392961224,0.8778628976832602,1768131623.4581602,0.6403281688690186,0.08633310347795486
187,11968,11967,sea_abrupt4,sea,ts_drift_adapt,4,"error_divergence_ph_meta@error.threshold=0.10,error.min_instances=5",error_divergence_ph_meta,"{""divergence"": {""alpha"": 0.1, ""delta"": 0.005, ""min_instances"": 30, ""threshold"": 0.05}, ""error_rate"": {""alpha"": 0.15, ""delta"": 0.005, ""min_instances"": 5, ""threshold"": 0.1}}","{""error_rate"": {""min_instances"": 5, ""threshold"": 0.1}}",0.1,0.005,0.15,5,0.05,0.005,0.1,30,,,,-1,two_stage,2,0.5,"__confirm_cooldown=200,__confirm_rule=perm_test,__perm_alpha=0.02,__perm_delta_k=25,__perm_min_effect=0,__perm_n_perm=200,__perm_post_n=50,__perm_pre_n=200,__perm_rng_seed=0,__perm_stat=delta_fused_score,divergence=0.3,error_rate=0.5,teacher_entropy=0.2",3,0,200,0.0,0,10000,10.0,25.0,200,500,1,72,1.0,0.8103275401069518,0.5232078031773416,0.5,0.3230765461921692,0.011717590503394604,0,0,34,28,-1,perm_test,0.004975124378109453,0.02754474862375647,68,28,40,0.0,0.004707655869424343,0,0.0,0.0,0.0,0.0,0,none,0,1,0,overconfident,0.95,0,mild_drift,0.9640723781177363,0.001236491950879846,0.8254032196480612,0.86643144884163,1768131623.4680948,0.5270321369171143,0.10196483135223389
188,12032,12031,sea_abrupt4,sea,ts_drift_adapt,4,"error_divergence_ph_meta@error.threshold=0.10,error.min_instances=5",error_divergence_ph_meta,"{""divergence"": {""alpha"": 0.1, ""delta"": 0.005, ""min_instances"": 30, ""threshold"": 0.05}, ""error_rate"": {""alpha"": 0.15, ""delta"": 0.005, ""min_instances"": 5, ""threshold"": 0.1}}","{""error_rate"": {""min_instances"": 5, ""threshold"": 0.1}}",0.1,0.005,0.15,5,0.05,0.005,0.1,30,,,,-1,two_stage,2,0.5,"__confirm_cooldown=200,__confirm_rule=perm_test,__perm_alpha=0.02,__perm_delta_k=25,__perm_min_effect=0,__perm_n_perm=200,__perm_post_n=50,__perm_pre_n=200,__perm_rng_seed=0,__perm_stat=delta_fused_score,divergence=0.3,error_rate=0.5,teacher_entropy=0.2",3,0,200,0.0,0,10000,10.0,25.0,200,500,1,8,1.0,0.8101728723404256,0.5235255328881976,0.16666666666666666,0.35773277282714844,0.011614063754677773,0,1,34,28,-1,perm_test,0.004975124378109453,0.02754474862375647,68,28,40,0.0,0.33333333333333337,1,0.5,0.0,0.0,0.0,0,none,0,1,0,overconfident,0.95,0,mild_drift,0.9621861890588681,0.0012682459754399232,0.8127016098240306,0.860715724420815,1768131623.478153,0.3869796097278595,0.10918493568897247
189,12096,12095,sea_abrupt4,sea,ts_drift_adapt,4,"error_divergence_ph_meta@error.threshold=0.10,error.min_instances=5",error_divergence_ph_meta,"{""divergence"": {""alpha"": 0.1, ""delta"": 0.005, ""min_instances"": 30, ""threshold"": 0.05}, ""error_rate"": {""alpha"": 0.15, ""delta"": 0.005, ""min_instances"": 5, ""threshold"": 0.1}}","{""error_rate"": {""min_instances"": 5, ""threshold"": 0.1}}",0.1,0.005,0.15,5,0.05,0.005,0.1,30,,,,-1,two_stage,2,0.5,"__confirm_cooldown=200,__confirm_rule=perm_test,__perm_alpha=0.02,__perm_delta_k=25,__perm_min_effect=0,__perm_n_perm=200,__perm_post_n=50,__perm_pre_n=200,__perm_rng_seed=0,__perm_stat=delta_fused_score,divergence=0.3,error_rate=0.5,teacher_entropy=0.2",3,0,200,0.0,0,10000,10.0,25.0,200,500,0,0,1.0,0.810598544973545,0.525169045830203,0.3333333333333333,0.31312844157218933,0.01154558639973402,0,0,34,28,-1,perm_test,0.004975124378109453,0.02754474862375647,68,28,40,0.0,0.16666666666666666,0,0.0,0.0,0.0,0.0,0,none,0,1,0,overconfident,0.95,0,mild_drift,0.961243094529434,0.0012841229877199618,0.8063508049120154,0.8578578622104075,1768131623.4885864,0.356194406747818,0.12397289276123047
190,12160,12159,sea_abrupt4,sea,ts_drift_adapt,4,"error_divergence_ph_meta@error.threshold=0.10,error.min_instances=5",error_divergence_ph_meta,"{""divergence"": {""alpha"": 0.1, ""delta"": 0.005, ""min_instances"": 30, ""threshold"": 0.05}, ""error_rate"": {""alpha"": 0.15, ""delta"": 0.005, ""min_instances"": 5, ""threshold"": 0.1}}","{""error_rate"": {""min_instances"": 5, ""threshold"": 0.1}}",0.1,0.005,0.15,5,0.05,0.005,0.1,30,,,,-1,two_stage,2,0.5,"__confirm_cooldown=200,__confirm_rule=perm_test,__perm_alpha=0.02,__perm_delta_k=25,__perm_min_effect=0,__perm_n_perm=200,__perm_post_n=50,__perm_pre_n=200,__perm_rng_seed=0,__perm_stat=delta_fused_score,divergence=0.3,error_rate=0.5,teacher_entropy=0.2",3,0,200,0.0,0,10000,10.0,25.0,200,500,0,0,1.0,0.8108552631578947,0.5259226312107601,0.16666666666666666,0.29918262362480164,0.012367618270218372,0,0,34,28,-1,perm_test,0.004975124378109453,0.02754474862375647,68,28,40,0.0,0.16666666666666666,0,0.0,0.0,0.0,0.0,0,none,0,1,0,overconfident,0.95,0,mild_drift,0.9607715472647169,0.0012920614938599809,0.8031754024560077,0.8564289311052038,1768131623.4992316,0.3773803412914276,0.14637362957000732
191,12224,12223,sea_abrupt4,sea,ts_drift_adapt,4,"error_divergence_ph_meta@error.threshold=0.10,error.min_instances=5",error_divergence_ph_meta,"{""divergence"": {""alpha"": 0.1, ""delta"": 0.005, ""min_instances"": 30, ""threshold"": 0.05}, ""error_rate"": {""alpha"": 0.15, ""delta"": 0.005, ""min_instances"": 5, ""threshold"": 0.1}}","{""error_rate"": {""min_instances"": 5, ""threshold"": 0.1}}",0.1,0.005,0.15,5,0.05,0.005,0.1,30,,,,-1,two_stage,2,0.5,"__confirm_cooldown=200,__confirm_rule=perm_test,__perm_alpha=0.02,__perm_delta_k=25,__perm_min_effect=0,__perm_n_perm=200,__perm_post_n=50,__perm_pre_n=200,__perm_rng_seed=0,__perm_stat=delta_fused_score,divergence=0.3,error_rate=0.5,teacher_entropy=0.2",3,0,200,0.0,0,10000,10.0,25.0,200,500,0,0,1.0,0.8107820680628273,0.5265067739373374,0.16666666666666666,0.3734744191169739,0.011010495014488697,0,0,34,28,-1,perm_test,0.004975124378109453,0.02754474862375647,68,28,40,0.0,0.0013571232557296753,0,0.0,0.0,0.0,0.0,0,none,0,1,0,overconfident,0.95,0,mild_drift,0.9605357736323584,0.0012960307469299906,0.8015877012280039,0.8557144655526019,1768131623.5099154,0.46346092224121094,0.1137109249830246
192,12288,12287,sea_abrupt4,sea,ts_drift_adapt,4,"error_divergence_ph_meta@error.threshold=0.10,error.min_instances=5",error_divergence_ph_meta,"{""divergence"": {""alpha"": 0.1, ""delta"": 0.005, ""min_instances"": 30, ""threshold"": 0.05}, ""error_rate"": {""alpha"": 0.15, ""delta"": 0.005, ""min_instances"": 5, ""threshold"": 0.1}}","{""error_rate"": {""min_instances"": 5, ""threshold"": 0.1}}",0.1,0.005,0.15,5,0.05,0.005,0.1,30,,,,-1,two_stage,2,0.5,"__confirm_cooldown=200,__confirm_rule=perm_test,__perm_alpha=0.02,__perm_delta_k=25,__perm_min_effect=0,__perm_n_perm=200,__perm_post_n=50,__perm_pre_n=200,__perm_rng_seed=0,__perm_stat=delta_fused_score,divergence=0.3,error_rate=0.5,teacher_entropy=0.2",3,0,200,0.0,0,10000,10.0,25.0,200,500,0,0,1.0,0.81103515625,0.5282983439651934,0.16666666666666666,0.32996293902397156,0.01162684801965952,0,0,34,28,-1,perm_test,0.004975124378109453,0.02754474862375647,68,28,40,0.0,0.0006163530051708221,0,0.0,0.0,0.0,0.0,0,none,0,1,0,overconfident,0.95,0,mild_drift,0.9604178868161792,0.0012980153734649955,0.800793850614002,0.8553572327763009,1768131623.5211298,0.37489524483680725,0.11985759437084198
193,12352,12351,sea_abrupt4,sea,ts_drift_adapt,4,"error_divergence_ph_meta@error.threshold=0.10,error.min_instances=5",error_divergence_ph_meta,"{""divergence"": {""alpha"": 0.1, ""delta"": 0.005, ""min_instances"": 30, ""threshold"": 0.05}, ""error_rate"": {""alpha"": 0.15, ""delta"": 0.005, ""min_instances"": 5, ""threshold"": 0.1}}","{""error_rate"": {""min_instances"": 5, ""threshold"": 0.1}}",0.1,0.005,0.15,5,0.05,0.005,0.1,30,,,,-1,two_stage,2,0.5,"__confirm_cooldown=200,__confirm_rule=perm_test,__perm_alpha=0.02,__perm_delta_k=25,__perm_min_effect=0,__perm_n_perm=200,__perm_post_n=50,__perm_pre_n=200,__perm_rng_seed=0,__perm_stat=delta_fused_score,divergence=0.3,error_rate=0.5,teacher_entropy=0.2",3,0,200,0.0,0,10000,10.0,25.0,200,500,0,0,1.0,0.8110427461139896,0.5287181831782662,0.16666666666666666,0.3231821358203888,0.013277136720716953,0,0,34,28,-1,perm_test,0.004975124378109453,0.02754474862375647,68,28,40,0.0,0.001650288701057434,0,0.0,0.0,0.0,0.0,0,none,0,1,0,overconfident,0.95,0,mild_drift,0.9603589434080896,0.0012990076867324977,0.800396925307001,0.8551786163881505,1768131623.5345707,0.3898015022277832,0.13671772181987762
194,12416,12415,sea_abrupt4,sea,ts_drift_adapt,4,"error_divergence_ph_meta@error.threshold=0.10,error.min_instances=5",error_divergence_ph_meta,"{""divergence"": {""alpha"": 0.1, ""delta"": 0.005, ""min_instances"": 30, ""threshold"": 0.05}, ""error_rate"": {""alpha"": 0.15, ""delta"": 0.005, ""min_instances"": 5, ""threshold"": 0.1}}","{""error_rate"": {""min_instances"": 5, ""threshold"": 0.1}}",0.1,0.005,0.15,5,0.05,0.005,0.1,30,,,,-1,two_stage,2,0.5,"__confirm_cooldown=200,__confirm_rule=perm_test,__perm_alpha=0.02,__perm_delta_k=25,__perm_min_effect=0,__perm_n_perm=200,__perm_post_n=50,__perm_pre_n=200,__perm_rng_seed=0,__perm_stat=delta_fused_score,divergence=0.3,error_rate=0.5,teacher_entropy=0.2",3,0,200,0.0,0,10000,10.0,25.0,200,500,0,0,1.0,0.8113724226804123,0.5306934248856174,0.16666666666666666,0.366629034280777,0.012719031423330307,0,0,34,28,-1,perm_test,0.004975124378109453,0.02754474862375647,68,28,40,0.0,0.0005581052973866463,0,0.0,0.0,0.0,0.0,0,none,0,1,0,overconfident,0.95,0,mild_drift,0.9603294717040447,0.0012995038433662488,0.8001984626535006,0.8550893081940752,1768131623.548225,0.17422907054424286,0.12984693050384521
195,12480,12479,sea_abrupt4,sea,ts_drift_adapt,4,"error_divergence_ph_meta@error.threshold=0.10,error.min_instances=5",error_divergence_ph_meta,"{""divergence"": {""alpha"": 0.1, ""delta"": 0.005, ""min_instances"": 30, ""threshold"": 0.05}, ""error_rate"": {""alpha"": 0.15, ""delta"": 0.005, ""min_instances"": 5, ""threshold"": 0.1}}","{""error_rate"": {""min_instances"": 5, ""threshold"": 0.1}}",0.1,0.005,0.15,5,0.05,0.005,0.1,30,,,,-1,two_stage,2,0.5,"__confirm_cooldown=200,__confirm_rule=perm_test,__perm_alpha=0.02,__perm_delta_k=25,__perm_min_effect=0,__perm_n_perm=200,__perm_post_n=50,__perm_pre_n=200,__perm_rng_seed=0,__perm_stat=delta_fused_score,divergence=0.3,error_rate=0.5,teacher_entropy=0.2",3,0,200,0.0,0,10000,10.0,25.0,200,500,0,0,1.0,0.8114583333333333,0.5315783408770981,0.16666666666666666,0.3545795977115631,0.01669876091182232,0,0,34,28,-1,perm_test,0.004975124378109453,0.02754474862375647,68,28,40,0.0,0.003979729488492012,0,0.0,0.0,0.0,0.0,0,none,0,1,0,overconfident,0.95,0,mild_drift,0.9603147358520223,0.0012997519216831244,0.8000992313267503,0.8550446540970376,1768131623.5617085,0.3817399740219116,0.18844282627105713
196,12544,12543,sea_abrupt4,sea,ts_drift_adapt,4,"error_divergence_ph_meta@error.threshold=0.10,error.min_instances=5",error_divergence_ph_meta,"{""divergence"": {""alpha"": 0.1, ""delta"": 0.005, ""min_instances"": 30, ""threshold"": 0.05}, ""error_rate"": {""alpha"": 0.15, ""delta"": 0.005, ""min_instances"": 5, ""threshold"": 0.1}}","{""error_rate"": {""min_instances"": 5, ""threshold"": 0.1}}",0.1,0.005,0.15,5,0.05,0.005,0.1,30,,,,-1,two_stage,2,0.5,"__confirm_cooldown=200,__confirm_rule=perm_test,__perm_alpha=0.02,__perm_delta_k=25,__perm_min_effect=0,__perm_n_perm=200,__perm_post_n=50,__perm_pre_n=200,__perm_rng_seed=0,__perm_stat=delta_fused_score,divergence=0.3,error_rate=0.5,teacher_entropy=0.2",3,0,200,0.0,0,10000,10.0,25.0,200,500,0,0,1.0,0.8115433673469388,0.5324033398878407,0.16666666666666666,0.3345606029033661,0.009977826848626137,0,0,34,28,-1,perm_test,0.004975124378109453,0.02754474862375647,68,28,40,0.0,0.006720934063196182,0,0.0,0.0,0.0,0.0,0,none,0,1,0,overconfident,0.95,0,mild_drift,0.9603073679260111,0.0012998759608415624,0.8000496156633752,0.8550223270485188,1768131623.5724652,0.27381250262260437,0.10325746238231659
197,12608,12607,sea_abrupt4,sea,ts_drift_adapt,4,"error_divergence_ph_meta@error.threshold=0.10,error.min_instances=5",error_divergence_ph_meta,"{""divergence"": {""alpha"": 0.1, ""delta"": 0.005, ""min_instances"": 30, ""threshold"": 0.05}, ""error_rate"": {""alpha"": 0.15, ""delta"": 0.005, ""min_instances"": 5, ""threshold"": 0.1}}","{""error_rate"": {""min_instances"": 5, ""threshold"": 0.1}}",0.1,0.005,0.15,5,0.05,0.005,0.1,30,,,,-1,two_stage,2,0.5,"__confirm_cooldown=200,__confirm_rule=perm_test,__perm_alpha=0.02,__perm_delta_k=25,__perm_min_effect=0,__perm_n_perm=200,__perm_post_n=50,__perm_pre_n=200,__perm_rng_seed=0,__perm_stat=delta_fused_score,divergence=0.3,error_rate=0.5,teacher_entropy=0.2",3,0,200,0.0,0,10000,10.0,25.0,200,500,0,0,1.0,0.811627538071066,0.5328806531284425,0.0,0.3349727392196655,0.015232735313475132,0,1,35,28,-1,perm_test,1.0,-0.07525282749209451,69,28,41,0.16666666666666666,0.16666666666666666,1,0.5,0.0,0.0,0.0,0,none,0,1,0,overconfident,0.95,0,mild_drift,0.9603036839630055,0.0012999379804207812,0.8000248078316876,0.8550111635242594,1768131623.5834775,0.2182573676109314,0.16334331035614014
198,12672,12671,sea_abrupt4,sea,ts_drift_adapt,4,"error_divergence_ph_meta@error.threshold=0.10,error.min_instances=5",error_divergence_ph_meta,"{""divergence"": {""alpha"": 0.1, ""delta"": 0.005, ""min_instances"": 30, ""threshold"": 0.05}, ""error_rate"": {""alpha"": 0.15, ""delta"": 0.005, ""min_instances"": 5, ""threshold"": 0.1}}","{""error_rate"": {""min_instances"": 5, ""threshold"": 0.1}}",0.1,0.005,0.15,5,0.05,0.005,0.1,30,,,,-1,two_stage,2,0.5,"__confirm_cooldown=200,__confirm_rule=perm_test,__perm_alpha=0.02,__perm_delta_k=25,__perm_min_effect=0,__perm_n_perm=200,__perm_post_n=50,__perm_pre_n=200,__perm_rng_seed=0,__perm_stat=delta_fused_score,divergence=0.3,error_rate=0.5,teacher_entropy=0.2",3,0,200,0.0,0,10000,10.0,25.0,200,500,0,0,1.0,0.811395202020202,0.5330403384796408,0.16666666666666666,0.35501930117607117,0.013115942478179932,1,0,35,29,1,perm_test,0.004975124378109453,0.08028326373904623,70,29,41,0.0,0.16666666666666666,0,0.0,0.0,0.0,0.0,0,none,1,1,0,overconfident,0.95,0,stable,0.9751518419815027,0.0010499689902103905,0.9000124039158438,0.9000055817621297,1768131623.600463,0.35961636900901794,0.12043341994285583
199,12736,12735,sea_abrupt4,sea,ts_drift_adapt,4,"error_divergence_ph_meta@error.threshold=0.10,error.min_instances=5",error_divergence_ph_meta,"{""divergence"": {""alpha"": 0.1, ""delta"": 0.005, ""min_instances"": 30, ""threshold"": 0.05}, ""error_rate"": {""alpha"": 0.15, ""delta"": 0.005, ""min_instances"": 5, ""threshold"": 0.1}}","{""error_rate"": {""min_instances"": 5, ""threshold"": 0.1}}",0.1,0.005,0.15,5,0.05,0.005,0.1,30,,,,-1,two_stage,2,0.5,"__confirm_cooldown=200,__confirm_rule=perm_test,__perm_alpha=0.02,__perm_delta_k=25,__perm_min_effect=0,__perm_n_perm=200,__perm_post_n=50,__perm_pre_n=200,__perm_rng_seed=0,__perm_stat=delta_fused_score,divergence=0.3,error_rate=0.5,teacher_entropy=0.2",3,0,200,0.0,0,10000,10.0,25.0,200,500,1,136,1.0,0.8115577889447236,0.534411712236023,0.3333333333333333,0.3235873579978943,0.011107884347438812,0,0,35,29,-1,perm_test,0.004975124378109453,0.08028326373904623,70,29,41,0.0,0.16666666666666666,0,0.0,0.0,0.0,0.0,0,none,0,1,0,overconfident,0.95,0,mild_drift,0.9677259209907514,0.0011749844951051954,0.850006201957922,0.8775027908810649,1768131623.6118243,0.9062184691429138,0.08701346814632416
200,12800,12799,sea_abrupt4,sea,ts_drift_adapt,4,"error_divergence_ph_meta@error.threshold=0.10,error.min_instances=5",error_divergence_ph_meta,"{""divergence"": {""alpha"": 0.1, ""delta"": 0.005, ""min_instances"": 30, ""threshold"": 0.05}, ""error_rate"": {""alpha"": 0.15, ""delta"": 0.005, ""min_instances"": 5, ""threshold"": 0.1}}","{""error_rate"": {""min_instances"": 5, ""threshold"": 0.1}}",0.1,0.005,0.15,5,0.05,0.005,0.1,30,,,,-1,two_stage,2,0.5,"__confirm_cooldown=200,__confirm_rule=perm_test,__perm_alpha=0.02,__perm_delta_k=25,__perm_min_effect=0,__perm_n_perm=200,__perm_post_n=50,__perm_pre_n=200,__perm_rng_seed=0,__perm_stat=delta_fused_score,divergence=0.3,error_rate=0.5,teacher_entropy=0.2",3,0,200,0.0,0,10000,10.0,25.0,200,500,1,72,1.0,0.8115625,0.5351536582935524,0.16666666666666666,0.3520030975341797,0.011075439862906933,0,0,35,29,-1,perm_test,0.004975124378109453,0.08028326373904623,70,29,41,0.0,0.16666666666666666,0,0.0,0.0,0.0,0.0,0,none,0,1,0,overconfident,0.95,0,mild_drift,0.9640129604953757,0.0012374922475525978,0.825003100978961,0.8662513954405324,1768131623.6225975,0.3714904487133026,0.1056988537311554
201,12864,12863,sea_abrupt4,sea,ts_drift_adapt,4,"error_divergence_ph_meta@error.threshold=0.10,error.min_instances=5",error_divergence_ph_meta,"{""divergence"": {""alpha"": 0.1, ""delta"": 0.005, ""min_instances"": 30, ""threshold"": 0.05}, ""error_rate"": {""alpha"": 0.15, ""delta"": 0.005, ""min_instances"": 5, ""threshold"": 0.1}}","{""error_rate"": {""min_instances"": 5, ""threshold"": 0.1}}",0.1,0.005,0.15,5,0.05,0.005,0.1,30,,,,-1,two_stage,2,0.5,"__confirm_cooldown=200,__confirm_rule=perm_test,__perm_alpha=0.02,__perm_delta_k=25,__perm_min_effect=0,__perm_n_perm=200,__perm_post_n=50,__perm_pre_n=200,__perm_rng_seed=0,__perm_stat=delta_fused_score,divergence=0.3,error_rate=0.5,teacher_entropy=0.2",3,0,200,0.0,0,10000,10.0,25.0,200,500,1,8,1.0,0.8116449004975125,0.5359658050580317,0.0,0.39339515566825867,0.010486321523785591,0,0,35,29,-1,perm_test,0.004975124378109453,0.08028326373904623,70,29,41,0.0,0.16666666666666666,0,0.0,0.0,0.0,0.0,0,none,0,1,0,overconfident,0.95,0,mild_drift,0.9621564802476879,0.001268746123776299,0.8125015504894806,0.8606256977202662,1768131623.6328647,0.04444955661892891,0.11517102271318436
202,12928,12927,sea_abrupt4,sea,ts_drift_adapt,4,"error_divergence_ph_meta@error.threshold=0.10,error.min_instances=5",error_divergence_ph_meta,"{""divergence"": {""alpha"": 0.1, ""delta"": 0.005, ""min_instances"": 30, ""threshold"": 0.05}, ""error_rate"": {""alpha"": 0.15, ""delta"": 0.005, ""min_instances"": 5, ""threshold"": 0.1}}","{""error_rate"": {""min_instances"": 5, ""threshold"": 0.1}}",0.1,0.005,0.15,5,0.05,0.005,0.1,30,,,,-1,two_stage,2,0.5,"__confirm_cooldown=200,__confirm_rule=perm_test,__perm_alpha=0.02,__perm_delta_k=25,__perm_min_effect=0,__perm_n_perm=200,__perm_post_n=50,__perm_pre_n=200,__perm_rng_seed=0,__perm_stat=delta_fused_score,divergence=0.3,error_rate=0.5,teacher_entropy=0.2",3,0,200,0.0,0,10000,10.0,25.0,200,500,0,0,1.0,0.8112623762376238,0.5359065014684767,0.3333333333333333,0.35654717683792114,0.019753996282815933,1,1,36,30,0,perm_test,0.004975124378109453,0.11414504716305339,71,30,41,0.3333333333333333,0.3333333333333333,1,0.5,0.0,0.0,0.0,0,none,1,1,0,overconfident,0.95,0,severe_drift,0.9265782401238439,0.0016343730618881495,0.6562507752447403,0.8353128488601331,1768131623.6490183,0.5018535256385803,0.17496581375598907
203,12992,12991,sea_abrupt4,sea,ts_drift_adapt,4,"error_divergence_ph_meta@error.threshold=0.10,error.min_instances=5",error_divergence_ph_meta,"{""divergence"": {""alpha"": 0.1, ""delta"": 0.005, ""min_instances"": 30, ""threshold"": 0.05}, ""error_rate"": {""alpha"": 0.15, ""delta"": 0.005, ""min_instances"": 5, ""threshold"": 0.1}}","{""error_rate"": {""min_instances"": 5, ""threshold"": 0.1}}",0.1,0.005,0.15,5,0.05,0.005,0.1,30,,,,-1,two_stage,2,0.5,"__confirm_cooldown=200,__confirm_rule=perm_test,__perm_alpha=0.02,__perm_delta_k=25,__perm_min_effect=0,__perm_n_perm=200,__perm_post_n=50,__perm_pre_n=200,__perm_rng_seed=0,__perm_stat=delta_fused_score,divergence=0.3,error_rate=0.5,teacher_entropy=0.2",3,0,200,0.0,0,10000,10.0,25.0,200,500,1,136,1.0,0.8115763546798029,0.5368016904216054,0.16666666666666666,0.2725915312767029,0.006155964452773333,0,0,36,30,-1,perm_test,0.004975124378109453,0.11414504716305339,71,30,41,0.0,0.16666666666666666,0,0.0,0.0,0.0,0.0,0,none,0,1,0,overconfident,0.95,0,mild_drift,0.9434391200619219,0.0014671865309440748,0.7281253876223701,0.8451564244300666,1768131623.6591024,0.2008439153432846,0.09496226906776428
204,13056,13055,sea_abrupt4,sea,ts_drift_adapt,4,"error_divergence_ph_meta@error.threshold=0.10,error.min_instances=5",error_divergence_ph_meta,"{""divergence"": {""alpha"": 0.1, ""delta"": 0.005, ""min_instances"": 30, ""threshold"": 0.05}, ""error_rate"": {""alpha"": 0.15, ""delta"": 0.005, ""min_instances"": 5, ""threshold"": 0.1}}","{""error_rate"": {""min_instances"": 5, ""threshold"": 0.1}}",0.1,0.005,0.15,5,0.05,0.005,0.1,30,,,,-1,two_stage,2,0.5,"__confirm_cooldown=200,__confirm_rule=perm_test,__perm_alpha=0.02,__perm_delta_k=25,__perm_min_effect=0,__perm_n_perm=200,__perm_post_n=50,__perm_pre_n=200,__perm_rng_seed=0,__perm_stat=delta_fused_score,divergence=0.3,error_rate=0.5,teacher_entropy=0.2",3,0,200,0.0,0,10000,10.0,25.0,200,500,1,72,1.0,0.8114276960784313,0.537035399908726,0.0,0.34935155510902405,0.006901660934090614,0,0,36,30,-1,perm_test,0.004975124378109453,0.11414504716305339,71,30,41,0.0,0.16666666666666666,0,0.0,0.0,0.0,0.0,0,none,0,1,0,overconfident,0.95,0,mild_drift,0.9518695600309609,0.0013835932654720374,0.7640626938111851,0.8500782122150332,1768131623.6690753,0.06672119349241257,0.10082975775003433
205,13120,13119,sea_abrupt4,sea,ts_drift_adapt,4,"error_divergence_ph_meta@error.threshold=0.10,error.min_instances=5",error_divergence_ph_meta,"{""divergence"": {""alpha"": 0.1, ""delta"": 0.005, ""min_instances"": 30, ""threshold"": 0.05}, ""error_rate"": {""alpha"": 0.15, ""delta"": 0.005, ""min_instances"": 5, ""threshold"": 0.1}}","{""error_rate"": {""min_instances"": 5, ""threshold"": 0.1}}",0.1,0.005,0.15,5,0.05,0.005,0.1,30,,,,-1,two_stage,2,0.5,"__confirm_cooldown=200,__confirm_rule=perm_test,__perm_alpha=0.02,__perm_delta_k=25,__perm_min_effect=0,__perm_n_perm=200,__perm_post_n=50,__perm_pre_n=200,__perm_rng_seed=0,__perm_stat=delta_fused_score,divergence=0.3,error_rate=0.5,teacher_entropy=0.2",3,0,200,0.0,0,10000,10.0,25.0,200,500,1,8,1.0,0.8118140243902439,0.5388660013950773,0.0,0.3503844738006592,0.007290227338671684,0,0,36,30,-1,perm_test,0.004975124378109453,0.11414504716305339,71,30,41,0.0,0.00038856640458106995,0,0.0,0.0,0.0,0.0,0,none,0,1,0,overconfident,0.95,0,mild_drift,0.9560847800154804,0.0013417966327360187,0.7820313469055926,0.8525391061075166,1768131623.6791003,0.15216024219989777,0.09026601165533066
206,13184,13183,sea_abrupt4,sea,ts_drift_adapt,4,"error_divergence_ph_meta@error.threshold=0.10,error.min_instances=5",error_divergence_ph_meta,"{""divergence"": {""alpha"": 0.1, ""delta"": 0.005, ""min_instances"": 30, ""threshold"": 0.05}, ""error_rate"": {""alpha"": 0.15, ""delta"": 0.005, ""min_instances"": 5, ""threshold"": 0.1}}","{""error_rate"": {""min_instances"": 5, ""threshold"": 0.1}}",0.1,0.005,0.15,5,0.05,0.005,0.1,30,,,,-1,two_stage,2,0.5,"__confirm_cooldown=200,__confirm_rule=perm_test,__perm_alpha=0.02,__perm_delta_k=25,__perm_min_effect=0,__perm_n_perm=200,__perm_post_n=50,__perm_pre_n=200,__perm_rng_seed=0,__perm_stat=delta_fused_score,divergence=0.3,error_rate=0.5,teacher_entropy=0.2",3,0,200,0.0,0,10000,10.0,25.0,200,500,0,0,1.0,0.8118932038834952,0.5395675024245837,0.0,0.352362722158432,0.008180666714906693,0,0,36,30,-1,perm_test,0.004975124378109453,0.11414504716305339,71,30,41,0.0,0.0008904393762350082,0,0.0,0.0,0.0,0.0,0,none,0,1,0,overconfident,0.95,0,mild_drift,0.9581923900077401,0.0013208983163680095,0.7910156734527963,0.8537695530537583,1768131623.6897252,0.1646423488855362,0.10622420907020569
207,13248,13247,sea_abrupt4,sea,ts_drift_adapt,4,"error_divergence_ph_meta@error.threshold=0.10,error.min_instances=5",error_divergence_ph_meta,"{""divergence"": {""alpha"": 0.1, ""delta"": 0.005, ""min_instances"": 30, ""threshold"": 0.05}, ""error_rate"": {""alpha"": 0.15, ""delta"": 0.005, ""min_instances"": 5, ""threshold"": 0.1}}","{""error_rate"": {""min_instances"": 5, ""threshold"": 0.1}}",0.1,0.005,0.15,5,0.05,0.005,0.1,30,,,,-1,two_stage,2,0.5,"__confirm_cooldown=200,__confirm_rule=perm_test,__perm_alpha=0.02,__perm_delta_k=25,__perm_min_effect=0,__perm_n_perm=200,__perm_post_n=50,__perm_pre_n=200,__perm_rng_seed=0,__perm_stat=delta_fused_score,divergence=0.3,error_rate=0.5,teacher_entropy=0.2",3,0,200,0.0,0,10000,10.0,25.0,200,500,0,0,1.0,0.8118206521739131,0.5400202190604337,0.16666666666666666,0.363048791885376,0.00792253203690052,1,1,37,31,0,perm_test,0.004975124378109453,0.09173143449319093,72,31,41,0.16666666666666666,0.16666666666666666,1,0.5,0.0,0.0,0.0,0,none,1,1,0,overconfident,0.95,0,severe_drift,0.9245961950038701,0.0016604491581840048,0.6455078367263982,0.8318847765268792,1768131623.7059913,0.266675740480423,0.10141844302415848
208,13312,13311,sea_abrupt4,sea,ts_drift_adapt,4,"error_divergence_ph_meta@error.threshold=0.10,error.min_instances=5",error_divergence_ph_meta,"{""divergence"": {""alpha"": 0.1, ""delta"": 0.005, ""min_instances"": 30, ""threshold"": 0.05}, ""error_rate"": {""alpha"": 0.15, ""delta"": 0.005, ""min_instances"": 5, ""threshold"": 0.1}}","{""error_rate"": {""min_instances"": 5, ""threshold"": 0.1}}",0.1,0.005,0.15,5,0.05,0.005,0.1,30,,,,-1,two_stage,2,0.5,"__confirm_cooldown=200,__confirm_rule=perm_test,__perm_alpha=0.02,__perm_delta_k=25,__perm_min_effect=0,__perm_n_perm=200,__perm_post_n=50,__perm_pre_n=200,__perm_rng_seed=0,__perm_stat=delta_fused_score,divergence=0.3,error_rate=0.5,teacher_entropy=0.2",3,0,200,0.0,0,10000,10.0,25.0,200,500,1,136,1.0,0.8119741586538461,0.5404326528689167,0.16666666666666666,0.32202374935150146,0.01173489447683096,0,0,37,31,-1,perm_test,0.004975124378109453,0.09173143449319093,72,31,41,0.0,0.003812362439930439,0,0.0,0.0,0.0,0.0,0,none,0,1,0,overconfident,0.95,0,mild_drift,0.942448097501935,0.0014802245790920025,0.7227539183631991,0.8434423882634396,1768131623.7161727,0.5782950520515442,0.13896985352039337
209,13376,13375,sea_abrupt4,sea,ts_drift_adapt,4,"error_divergence_ph_meta@error.threshold=0.10,error.min_instances=5",error_divergence_ph_meta,"{""divergence"": {""alpha"": 0.1, ""delta"": 0.005, ""min_instances"": 30, ""threshold"": 0.05}, ""error_rate"": {""alpha"": 0.15, ""delta"": 0.005, ""min_instances"": 5, ""threshold"": 0.1}}","{""error_rate"": {""min_instances"": 5, ""threshold"": 0.1}}",0.1,0.005,0.15,5,0.05,0.005,0.1,30,,,,-1,two_stage,2,0.5,"__confirm_cooldown=200,__confirm_rule=perm_test,__perm_alpha=0.02,__perm_delta_k=25,__perm_min_effect=0,__perm_n_perm=200,__perm_post_n=50,__perm_pre_n=200,__perm_rng_seed=0,__perm_stat=delta_fused_score,divergence=0.3,error_rate=0.5,teacher_entropy=0.2",3,0,200,0.0,0,10000,10.0,25.0,200,500,1,72,1.0,0.8117523923444976,0.5399214873704087,0.3333333333333333,0.3282189965248108,0.011135203763842583,0,0,37,31,-1,perm_test,0.004975124378109453,0.09173143449319093,72,31,41,0.0,0.16666666666666666,0,0.0,0.0,0.0,0.0,0,none,0,1,0,overconfident,0.95,0,mild_drift,0.9513740487509674,0.0013901122895460013,0.7613769591815995,0.8492211941317198,1768131623.7262306,0.7394921183586121,0.10556183010339737
210,13440,13439,sea_abrupt4,sea,ts_drift_adapt,4,"error_divergence_ph_meta@error.threshold=0.10,error.min_instances=5",error_divergence_ph_meta,"{""divergence"": {""alpha"": 0.1, ""delta"": 0.005, ""min_instances"": 30, ""threshold"": 0.05}, ""error_rate"": {""alpha"": 0.15, ""delta"": 0.005, ""min_instances"": 5, ""threshold"": 0.1}}","{""error_rate"": {""min_instances"": 5, ""threshold"": 0.1}}",0.1,0.005,0.15,5,0.05,0.005,0.1,30,,,,-1,two_stage,2,0.5,"__confirm_cooldown=200,__confirm_rule=perm_test,__perm_alpha=0.02,__perm_delta_k=25,__perm_min_effect=0,__perm_n_perm=200,__perm_post_n=50,__perm_pre_n=200,__perm_rng_seed=0,__perm_stat=delta_fused_score,divergence=0.3,error_rate=0.5,teacher_entropy=0.2",3,0,200,0.0,0,10000,10.0,25.0,200,500,1,8,1.0,0.8115327380952381,0.5400827257532068,0.0,0.3704184889793396,0.012632668018341064,0,0,37,31,-1,perm_test,0.004975124378109453,0.09173143449319093,72,31,41,0.0,0.3333333333333333,0,0.0,0.0,0.0,0.0,0,none,0,1,0,overconfident,0.95,0,mild_drift,0.9558370243754837,0.0013450561447730007,0.7806884795907998,0.8521105970658599,1768131623.7362995,0.12897415459156036,0.1262720376253128
211,13504,13503,sea_abrupt4,sea,ts_drift_adapt,4,"error_divergence_ph_meta@error.threshold=0.10,error.min_instances=5",error_divergence_ph_meta,"{""divergence"": {""alpha"": 0.1, ""delta"": 0.005, ""min_instances"": 30, ""threshold"": 0.05}, ""error_rate"": {""alpha"": 0.15, ""delta"": 0.005, ""min_instances"": 5, ""threshold"": 0.1}}","{""error_rate"": {""min_instances"": 5, ""threshold"": 0.1}}",0.1,0.005,0.15,5,0.05,0.005,0.1,30,,,,-1,two_stage,2,0.5,"__confirm_cooldown=200,__confirm_rule=perm_test,__perm_alpha=0.02,__perm_delta_k=25,__perm_min_effect=0,__perm_n_perm=200,__perm_post_n=50,__perm_pre_n=200,__perm_rng_seed=0,__perm_stat=delta_fused_score,divergence=0.3,error_rate=0.5,teacher_entropy=0.2",3,0,200,0.0,0,10000,10.0,25.0,200,500,0,0,1.0,0.8113892180094787,0.5403737392068032,0.0,0.3410539925098419,0.011556874960660934,0,0,37,31,-1,perm_test,0.004975124378109453,0.09173143449319093,72,31,41,0.0,0.00107579305768013,0,0.0,0.0,0.0,0.0,0,none,0,1,0,overconfident,0.95,0,mild_drift,0.9580685121877418,0.0013225280723865003,0.7903442397953999,0.85355529853293,1768131623.7469053,0.15287108719348907,0.1371959149837494
212,13568,13567,sea_abrupt4,sea,ts_drift_adapt,4,"error_divergence_ph_meta@error.threshold=0.10,error.min_instances=5",error_divergence_ph_meta,"{""divergence"": {""alpha"": 0.1, ""delta"": 0.005, ""min_instances"": 30, ""threshold"": 0.05}, ""error_rate"": {""alpha"": 0.15, ""delta"": 0.005, ""min_instances"": 5, ""threshold"": 0.1}}","{""error_rate"": {""min_instances"": 5, ""threshold"": 0.1}}",0.1,0.005,0.15,5,0.05,0.005,0.1,30,,,,-1,two_stage,2,0.5,"__confirm_cooldown=200,__confirm_rule=perm_test,__perm_alpha=0.02,__perm_delta_k=25,__perm_min_effect=0,__perm_n_perm=200,__perm_post_n=50,__perm_pre_n=200,__perm_rng_seed=0,__perm_stat=delta_fused_score,divergence=0.3,error_rate=0.5,teacher_entropy=0.2",3,0,200,0.0,0,10000,10.0,25.0,200,500,0,0,1.0,0.8113207547169812,0.5405019711380237,0.5,0.2731432318687439,0.006466164719313383,1,1,38,32,0,perm_test,0.004975124378109453,0.21726278177366304,73,32,41,0.33333333333333337,0.5,1,0.5,0.0,0.0,0.0,0,none,1,1,0,overconfident,0.95,0,severe_drift,0.924534256093871,0.0016612640361932502,0.6451721198977,0.831777649266465,1768131623.764117,1.1635746955871582,0.07505851984024048
213,13632,13631,sea_abrupt4,sea,ts_drift_adapt,4,"error_divergence_ph_meta@error.threshold=0.10,error.min_instances=5",error_divergence_ph_meta,"{""divergence"": {""alpha"": 0.1, ""delta"": 0.005, ""min_instances"": 30, ""threshold"": 0.05}, ""error_rate"": {""alpha"": 0.15, ""delta"": 0.005, ""min_instances"": 5, ""threshold"": 0.1}}","{""error_rate"": {""min_instances"": 5, ""threshold"": 0.1}}",0.1,0.005,0.15,5,0.05,0.005,0.1,30,,,,-1,two_stage,2,0.5,"__confirm_cooldown=200,__confirm_rule=perm_test,__perm_alpha=0.02,__perm_delta_k=25,__perm_min_effect=0,__perm_n_perm=200,__perm_post_n=50,__perm_pre_n=200,__perm_rng_seed=0,__perm_stat=delta_fused_score,divergence=0.3,error_rate=0.5,teacher_entropy=0.2",3,0,200,0.0,0,10000,10.0,25.0,200,500,1,136,1.0,0.8113262910798122,0.5408534746092518,0.16666666666666666,0.34056177735328674,0.010033695958554745,0,0,38,32,-1,perm_test,0.004975124378109453,0.21726278177366304,73,32,41,0.0,0.33333333333333337,0,0.0,0.0,0.0,0.0,0,none,0,1,0,overconfident,0.95,0,mild_drift,0.9424171280469354,0.0014806320180966253,0.7225860599488501,0.8433888246332325,1768131623.7766066,0.27471923828125,0.15796461701393127
214,13696,13695,sea_abrupt4,sea,ts_drift_adapt,4,"error_divergence_ph_meta@error.threshold=0.10,error.min_instances=5",error_divergence_ph_meta,"{""divergence"": {""alpha"": 0.1, ""delta"": 0.005, ""min_instances"": 30, ""threshold"": 0.05}, ""error_rate"": {""alpha"": 0.15, ""delta"": 0.005, ""min_instances"": 5, ""threshold"": 0.1}}","{""error_rate"": {""min_instances"": 5, ""threshold"": 0.1}}",0.1,0.005,0.15,5,0.05,0.005,0.1,30,,,,-1,two_stage,2,0.5,"__confirm_cooldown=200,__confirm_rule=perm_test,__perm_alpha=0.02,__perm_delta_k=25,__perm_min_effect=0,__perm_n_perm=200,__perm_post_n=50,__perm_pre_n=200,__perm_rng_seed=0,__perm_stat=delta_fused_score,divergence=0.3,error_rate=0.5,teacher_entropy=0.2",3,0,200,0.0,0,10000,10.0,25.0,200,500,1,72,1.0,0.8114047897196262,0.5416393283576055,0.0,0.32921716570854187,0.014375289902091026,0,0,38,32,-1,perm_test,0.004975124378109453,0.21726278177366304,73,32,41,0.0,0.16666666666666666,0,0.0,0.0,0.0,0.0,0,none,0,1,0,overconfident,0.95,0,mild_drift,0.9513585640234676,0.0013903160090483128,0.761293029974425,0.8491944123166162,1768131623.7890403,0.17117135226726532,0.15612581372261047
215,13760,13759,sea_abrupt4,sea,ts_drift_adapt,4,"error_divergence_ph_meta@error.threshold=0.10,error.min_instances=5",error_divergence_ph_meta,"{""divergence"": {""alpha"": 0.1, ""delta"": 0.005, ""min_instances"": 30, ""threshold"": 0.05}, ""error_rate"": {""alpha"": 0.15, ""delta"": 0.005, ""min_instances"": 5, ""threshold"": 0.1}}","{""error_rate"": {""min_instances"": 5, ""threshold"": 0.1}}",0.1,0.005,0.15,5,0.05,0.005,0.1,30,,,,-1,two_stage,2,0.5,"__confirm_cooldown=200,__confirm_rule=perm_test,__perm_alpha=0.02,__perm_delta_k=25,__perm_min_effect=0,__perm_n_perm=200,__perm_post_n=50,__perm_pre_n=200,__perm_rng_seed=0,__perm_stat=delta_fused_score,divergence=0.3,error_rate=0.5,teacher_entropy=0.2",3,0,200,0.0,0,10000,10.0,25.0,200,500,1,8,1.0,0.8113372093023256,0.5420308013701988,0.16666666666666666,0.3887169361114502,0.017459487542510033,0,0,38,32,-1,perm_test,0.004975124378109453,0.21726278177366304,73,32,41,0.0,0.16666666666666666,0,0.0,0.0,0.0,0.0,0,none,0,1,0,overconfident,0.95,0,mild_drift,0.9558292820117338,0.0013451580045241566,0.7806465149872126,0.8520972061583081,1768131623.8001387,0.5134139657020569,0.2079445719718933
216,13824,13823,sea_abrupt4,sea,ts_drift_adapt,4,"error_divergence_ph_meta@error.threshold=0.10,error.min_instances=5",error_divergence_ph_meta,"{""divergence"": {""alpha"": 0.1, ""delta"": 0.005, ""min_instances"": 30, ""threshold"": 0.05}, ""error_rate"": {""alpha"": 0.15, ""delta"": 0.005, ""min_instances"": 5, ""threshold"": 0.1}}","{""error_rate"": {""min_instances"": 5, ""threshold"": 0.1}}",0.1,0.005,0.15,5,0.05,0.005,0.1,30,,,,-1,two_stage,2,0.5,"__confirm_cooldown=200,__confirm_rule=perm_test,__perm_alpha=0.02,__perm_delta_k=25,__perm_min_effect=0,__perm_n_perm=200,__perm_post_n=50,__perm_pre_n=200,__perm_rng_seed=0,__perm_stat=delta_fused_score,divergence=0.3,error_rate=0.5,teacher_entropy=0.2",3,0,200,0.0,0,10000,10.0,25.0,200,500,0,0,1.0,0.8114149305555556,0.5422758873092782,0.0,0.32859280705451965,0.012262659147381783,0,0,38,32,-1,perm_test,0.004975124378109453,0.21726278177366304,73,32,41,0.0,0.16666666666666666,0,0.0,0.0,0.0,0.0,0,none,0,1,0,overconfident,0.95,0,mild_drift,0.9580646410058669,0.0013225790022620785,0.7903232574936063,0.853548603079154,1768131623.8103764,0.22098036110401154,0.14931735396385193
217,13888,13887,sea_abrupt4,sea,ts_drift_adapt,4,"error_divergence_ph_meta@error.threshold=0.10,error.min_instances=5",error_divergence_ph_meta,"{""divergence"": {""alpha"": 0.1, ""delta"": 0.005, ""min_instances"": 30, ""threshold"": 0.05}, ""error_rate"": {""alpha"": 0.15, ""delta"": 0.005, ""min_instances"": 5, ""threshold"": 0.1}}","{""error_rate"": {""min_instances"": 5, ""threshold"": 0.1}}",0.1,0.005,0.15,5,0.05,0.005,0.1,30,,,,-1,two_stage,2,0.5,"__confirm_cooldown=200,__confirm_rule=perm_test,__perm_alpha=0.02,__perm_delta_k=25,__perm_min_effect=0,__perm_n_perm=200,__perm_post_n=50,__perm_pre_n=200,__perm_rng_seed=0,__perm_stat=delta_fused_score,divergence=0.3,error_rate=0.5,teacher_entropy=0.2",3,0,200,0.0,0,10000,10.0,25.0,200,500,0,0,1.0,0.8116359447004609,0.5430078441979983,0.0,0.285237193107605,0.009287533350288868,0,1,39,32,-1,perm_test,0.23880597014925373,0.0031573046302629743,74,32,42,0.5,0.0029751257970929146,1,0.5,0.0,0.0,0.0,0,none,0,1,0,overconfident,0.95,0,mild_drift,0.9591823205029334,0.0013112895011310392,0.7951616287468032,0.8542743015395771,1768131623.8265042,0.13785743713378906,0.10519467294216156
218,13952,13951,sea_abrupt4,sea,ts_drift_adapt,4,"error_divergence_ph_meta@error.threshold=0.10,error.min_instances=5",error_divergence_ph_meta,"{""divergence"": {""alpha"": 0.1, ""delta"": 0.005, ""min_instances"": 30, ""threshold"": 0.05}, ""error_rate"": {""alpha"": 0.15, ""delta"": 0.005, ""min_instances"": 5, ""threshold"": 0.1}}","{""error_rate"": {""min_instances"": 5, ""threshold"": 0.1}}",0.1,0.005,0.15,5,0.05,0.005,0.1,30,,,,-1,two_stage,2,0.5,"__confirm_cooldown=200,__confirm_rule=perm_test,__perm_alpha=0.02,__perm_delta_k=25,__perm_min_effect=0,__perm_n_perm=200,__perm_post_n=50,__perm_pre_n=200,__perm_rng_seed=0,__perm_stat=delta_fused_score,divergence=0.3,error_rate=0.5,teacher_entropy=0.2",3,0,200,0.0,0,10000,10.0,25.0,200,500,0,0,1.0,0.8116399082568807,0.5433937763826682,0.3333333333333333,0.3269803822040558,0.010438523255288601,1,0,39,33,1,perm_test,0.004975124378109453,0.04375373211972225,75,33,42,0.0,0.3333333333333333,0,0.0,0.0,0.0,0.0,0,none,1,1,0,overconfident,0.95,0,stable,0.9745911602514667,0.0010556447505655196,0.8975808143734016,0.8996371507697886,1768131623.8420572,0.7695576548576355,0.13781796395778656
219,14016,14015,sea_abrupt4,sea,ts_drift_adapt,4,"error_divergence_ph_meta@error.threshold=0.10,error.min_instances=5",error_divergence_ph_meta,"{""divergence"": {""alpha"": 0.1, ""delta"": 0.005, ""min_instances"": 30, ""threshold"": 0.05}, ""error_rate"": {""alpha"": 0.15, ""delta"": 0.005, ""min_instances"": 5, ""threshold"": 0.1}}","{""error_rate"": {""min_instances"": 5, ""threshold"": 0.1}}",0.1,0.005,0.15,5,0.05,0.005,0.1,30,,,,-1,two_stage,2,0.5,"__confirm_cooldown=200,__confirm_rule=perm_test,__perm_alpha=0.02,__perm_delta_k=25,__perm_min_effect=0,__perm_n_perm=200,__perm_post_n=50,__perm_pre_n=200,__perm_rng_seed=0,__perm_stat=delta_fused_score,divergence=0.3,error_rate=0.5,teacher_entropy=0.2",3,0,200,0.0,0,10000,10.0,25.0,200,500,1,136,1.0,0.8122146118721462,0.5446773586647142,0.0,0.2558927834033966,0.006730981636792421,0,0,39,33,-1,perm_test,0.004975124378109453,0.04375373211972225,75,33,42,0.0,0.3333333333333333,0,0.0,0.0,0.0,0.0,0,none,0,1,0,overconfident,0.95,0,mild_drift,0.9674455801257333,0.00117782237528276,0.8487904071867008,0.8773185753848942,1768131623.851917,0.12025931477546692,0.0987204760313034
220,14080,14079,sea_abrupt4,sea,ts_drift_adapt,4,"error_divergence_ph_meta@error.threshold=0.10,error.min_instances=5",error_divergence_ph_meta,"{""divergence"": {""alpha"": 0.1, ""delta"": 0.005, ""min_instances"": 30, ""threshold"": 0.05}, ""error_rate"": {""alpha"": 0.15, ""delta"": 0.005, ""min_instances"": 5, ""threshold"": 0.1}}","{""error_rate"": {""min_instances"": 5, ""threshold"": 0.1}}",0.1,0.005,0.15,5,0.05,0.005,0.1,30,,,,-1,two_stage,2,0.5,"__confirm_cooldown=200,__confirm_rule=perm_test,__perm_alpha=0.02,__perm_delta_k=25,__perm_min_effect=0,__perm_n_perm=200,__perm_post_n=50,__perm_pre_n=200,__perm_rng_seed=0,__perm_stat=delta_fused_score,divergence=0.3,error_rate=0.5,teacher_entropy=0.2",3,0,200,0.0,0,10000,10.0,25.0,200,500,1,72,1.0,0.8122869318181818,0.5449247721715853,0.5,0.32759883999824524,0.007854955270886421,0,0,39,33,-1,perm_test,0.004975124378109453,0.04375373211972225,75,33,42,0.0,0.5,0,0.0,0.0,0.0,0.0,0,none,0,1,0,overconfident,0.95,0,mild_drift,0.9638727900628666,0.00123891118764138,0.8243952035933504,0.8661592876924471,1768131623.8616524,0.6622419953346252,0.10788846760988235
221,14144,14143,sea_abrupt4,sea,ts_drift_adapt,4,"error_divergence_ph_meta@error.threshold=0.10,error.min_instances=5",error_divergence_ph_meta,"{""divergence"": {""alpha"": 0.1, ""delta"": 0.005, ""min_instances"": 30, ""threshold"": 0.05}, ""error_rate"": {""alpha"": 0.15, ""delta"": 0.005, ""min_instances"": 5, ""threshold"": 0.1}}","{""error_rate"": {""min_instances"": 5, ""threshold"": 0.1}}",0.1,0.005,0.15,5,0.05,0.005,0.1,30,,,,-1,two_stage,2,0.5,"__confirm_cooldown=200,__confirm_rule=perm_test,__perm_alpha=0.02,__perm_delta_k=25,__perm_min_effect=0,__perm_n_perm=200,__perm_post_n=50,__perm_pre_n=200,__perm_rng_seed=0,__perm_stat=delta_fused_score,divergence=0.3,error_rate=0.5,teacher_entropy=0.2",3,0,200,0.0,0,10000,10.0,25.0,200,500,1,8,1.0,0.8121464932126696,0.5451551259776464,0.16666666666666666,0.34154656529426575,0.010255211964249611,0,0,39,33,-1,perm_test,0.004975124378109453,0.04375373211972225,75,33,42,0.0,0.33333333333333337,0,0.0,0.0,0.0,0.0,0,none,0,1,0,overconfident,0.95,0,mild_drift,0.9620863950314333,0.0012694555938206902,0.8121976017966752,0.8605796438462235,1768131623.8714094,0.296187162399292,0.11718419194221497
222,14208,14207,sea_abrupt4,sea,ts_drift_adapt,4,"error_divergence_ph_meta@error.threshold=0.10,error.min_instances=5",error_divergence_ph_meta,"{""divergence"": {""alpha"": 0.1, ""delta"": 0.005, ""min_instances"": 30, ""threshold"": 0.05}, ""error_rate"": {""alpha"": 0.15, ""delta"": 0.005, ""min_instances"": 5, ""threshold"": 0.1}}","{""error_rate"": {""min_instances"": 5, ""threshold"": 0.1}}",0.1,0.005,0.15,5,0.05,0.005,0.1,30,,,,-1,two_stage,2,0.5,"__confirm_cooldown=200,__confirm_rule=perm_test,__perm_alpha=0.02,__perm_delta_k=25,__perm_min_effect=0,__perm_n_perm=200,__perm_post_n=50,__perm_pre_n=200,__perm_rng_seed=0,__perm_stat=delta_fused_score,divergence=0.3,error_rate=0.5,teacher_entropy=0.2",3,0,200,0.0,0,10000,10.0,25.0,200,500,0,0,1.0,0.8121480855855856,0.5456923962287289,0.0,0.34880638122558594,0.009348517283797264,0,1,40,33,-1,perm_test,1.0,-0.09478711780323854,76,33,43,0.0,0.16666666666666666,1,0.5,0.0,0.0,0.0,0,none,0,1,0,overconfident,0.95,0,mild_drift,0.9611931975157166,0.0012847277969103453,0.8060988008983376,0.8577898219231117,1768131623.8816245,0.11830606311559677,0.10772190988063812
223,14272,14271,sea_abrupt4,sea,ts_drift_adapt,4,"error_divergence_ph_meta@error.threshold=0.10,error.min_instances=5",error_divergence_ph_meta,"{""divergence"": {""alpha"": 0.1, ""delta"": 0.005, ""min_instances"": 30, ""threshold"": 0.05}, ""error_rate"": {""alpha"": 0.15, ""delta"": 0.005, ""min_instances"": 5, ""threshold"": 0.1}}","{""error_rate"": {""min_instances"": 5, ""threshold"": 0.1}}",0.1,0.005,0.15,5,0.05,0.005,0.1,30,,,,-1,two_stage,2,0.5,"__confirm_cooldown=200,__confirm_rule=perm_test,__perm_alpha=0.02,__perm_delta_k=25,__perm_min_effect=0,__perm_n_perm=200,__perm_post_n=50,__perm_pre_n=200,__perm_rng_seed=0,__perm_stat=delta_fused_score,divergence=0.3,error_rate=0.5,teacher_entropy=0.2",3,0,200,0.0,0,10000,10.0,25.0,200,500,0,0,1.0,0.8120095291479821,0.545245942010039,0.3333333333333333,0.330675333738327,0.008538540452718735,1,0,40,34,1,perm_test,0.004975124378109453,0.08589431150575766,77,34,43,0.0,0.3333333333333333,0,0.0,0.0,0.0,0.0,0,none,1,1,0,overconfident,0.95,0,stable,0.9755965987578583,0.0010423638984551726,0.9030494004491688,0.9013949109615559,1768131623.8971379,0.5305801033973694,0.08345746994018555
224,14336,14335,sea_abrupt4,sea,ts_drift_adapt,4,"error_divergence_ph_meta@error.threshold=0.10,error.min_instances=5",error_divergence_ph_meta,"{""divergence"": {""alpha"": 0.1, ""delta"": 0.005, ""min_instances"": 30, ""threshold"": 0.05}, ""error_rate"": {""alpha"": 0.15, ""delta"": 0.005, ""min_instances"": 5, ""threshold"": 0.1}}","{""error_rate"": {""min_instances"": 5, ""threshold"": 0.1}}",0.1,0.005,0.15,5,0.05,0.005,0.1,30,,,,-1,two_stage,2,0.5,"__confirm_cooldown=200,__confirm_rule=perm_test,__perm_alpha=0.02,__perm_delta_k=25,__perm_min_effect=0,__perm_n_perm=200,__perm_post_n=50,__perm_pre_n=200,__perm_rng_seed=0,__perm_stat=delta_fused_score,divergence=0.3,error_rate=0.5,teacher_entropy=0.2",3,0,200,0.0,0,10000,10.0,25.0,200,500,1,136,1.0,0.8115931919642857,0.544754993141263,0.0,0.3452218472957611,0.008838249370455742,0,0,40,34,-1,perm_test,0.004975124378109453,0.08589431150575766,77,34,43,0.0,0.3333333333333333,0,0.0,0.0,0.0,0.0,0,none,0,1,0,overconfident,0.95,0,mild_drift,0.9679482993789291,0.0011711819492275864,0.8515247002245845,0.8781974554807779,1768131623.906906,0.1870552897453308,0.08985966444015503
225,14400,14399,sea_abrupt4,sea,ts_drift_adapt,4,"error_divergence_ph_meta@error.threshold=0.10,error.min_instances=5",error_divergence_ph_meta,"{""divergence"": {""alpha"": 0.1, ""delta"": 0.005, ""min_instances"": 30, ""threshold"": 0.05}, ""error_rate"": {""alpha"": 0.15, ""delta"": 0.005, ""min_instances"": 5, ""threshold"": 0.1}}","{""error_rate"": {""min_instances"": 5, ""threshold"": 0.1}}",0.1,0.005,0.15,5,0.05,0.005,0.1,30,,,,-1,two_stage,2,0.5,"__confirm_cooldown=200,__confirm_rule=perm_test,__perm_alpha=0.02,__perm_delta_k=25,__perm_min_effect=0,__perm_n_perm=200,__perm_post_n=50,__perm_pre_n=200,__perm_rng_seed=0,__perm_stat=delta_fused_score,divergence=0.3,error_rate=0.5,teacher_entropy=0.2",3,0,200,0.0,0,10000,10.0,25.0,200,500,1,72,1.0,0.8115277777777777,0.5448950776897975,0.16666666666666666,0.33511218428611755,0.010102294385433197,0,0,40,34,-1,perm_test,0.004975124378109453,0.08589431150575766,77,34,43,0.0,0.16666666666666666,0,0.0,0.0,0.0,0.0,0,none,0,1,0,overconfident,0.95,0,mild_drift,0.9641241496894646,0.0012355909746137933,0.8257623501122923,0.8665987277403889,1768131623.916688,0.1578192412853241,0.11199773848056793
226,14464,14463,sea_abrupt4,sea,ts_drift_adapt,4,"error_divergence_ph_meta@error.threshold=0.10,error.min_instances=5",error_divergence_ph_meta,"{""divergence"": {""alpha"": 0.1, ""delta"": 0.005, ""min_instances"": 30, ""threshold"": 0.05}, ""error_rate"": {""alpha"": 0.15, ""delta"": 0.005, ""min_instances"": 5, ""threshold"": 0.1}}","{""error_rate"": {""min_instances"": 5, ""threshold"": 0.1}}",0.1,0.005,0.15,5,0.05,0.005,0.1,30,,,,-1,two_stage,2,0.5,"__confirm_cooldown=200,__confirm_rule=perm_test,__perm_alpha=0.02,__perm_delta_k=25,__perm_min_effect=0,__perm_n_perm=200,__perm_post_n=50,__perm_pre_n=200,__perm_rng_seed=0,__perm_stat=delta_fused_score,divergence=0.3,error_rate=0.5,teacher_entropy=0.2",3,0,200,0.0,0,10000,10.0,25.0,200,500,1,8,1.0,0.8112555309734514,0.5443123518805574,0.16666666666666666,0.33307021856307983,0.009482165798544884,0,0,40,34,-1,perm_test,0.004975124378109453,0.08589431150575766,77,34,43,0.0,0.0006201285868883133,0,0.0,0.0,0.0,0.0,0,none,0,1,0,overconfident,0.95,0,mild_drift,0.9622120748447323,0.0012677954873068966,0.8128811750561462,0.8607993638701945,1768131623.926686,0.6059627532958984,0.08985202759504318
227,14528,14527,sea_abrupt4,sea,ts_drift_adapt,4,"error_divergence_ph_meta@error.threshold=0.10,error.min_instances=5",error_divergence_ph_meta,"{""divergence"": {""alpha"": 0.1, ""delta"": 0.005, ""min_instances"": 30, ""threshold"": 0.05}, ""error_rate"": {""alpha"": 0.15, ""delta"": 0.005, ""min_instances"": 5, ""threshold"": 0.1}}","{""error_rate"": {""min_instances"": 5, ""threshold"": 0.1}}",0.1,0.005,0.15,5,0.05,0.005,0.1,30,,,,-1,two_stage,2,0.5,"__confirm_cooldown=200,__confirm_rule=perm_test,__perm_alpha=0.02,__perm_delta_k=25,__perm_min_effect=0,__perm_n_perm=200,__perm_post_n=50,__perm_pre_n=200,__perm_rng_seed=0,__perm_stat=delta_fused_score,divergence=0.3,error_rate=0.5,teacher_entropy=0.2",3,0,200,0.0,0,10000,10.0,25.0,200,500,0,0,1.0,0.8115363436123348,0.5452228156065191,0.16666666666666666,0.3117515444755554,0.009404887445271015,0,1,41,34,-1,perm_test,1.0,-0.0011579709306810783,78,34,44,0.16666666666666666,7.727835327386856e-05,1,0.5,0.0,0.0,0.0,0,none,0,1,0,overconfident,0.95,0,mild_drift,0.9612560374223661,0.0012838977436534483,0.8064405875280731,0.8578996819350972,1768131623.9371092,0.3636297285556793,0.11082067340612411
228,14592,14591,sea_abrupt4,sea,ts_drift_adapt,4,"error_divergence_ph_meta@error.threshold=0.10,error.min_instances=5",error_divergence_ph_meta,"{""divergence"": {""alpha"": 0.1, ""delta"": 0.005, ""min_instances"": 30, ""threshold"": 0.05}, ""error_rate"": {""alpha"": 0.15, ""delta"": 0.005, ""min_instances"": 5, ""threshold"": 0.1}}","{""error_rate"": {""min_instances"": 5, ""threshold"": 0.1}}",0.1,0.005,0.15,5,0.05,0.005,0.1,30,,,,-1,two_stage,2,0.5,"__confirm_cooldown=200,__confirm_rule=perm_test,__perm_alpha=0.02,__perm_delta_k=25,__perm_min_effect=0,__perm_n_perm=200,__perm_post_n=50,__perm_pre_n=200,__perm_rng_seed=0,__perm_stat=delta_fused_score,divergence=0.3,error_rate=0.5,teacher_entropy=0.2",3,0,200,0.0,0,10000,10.0,25.0,200,500,0,0,1.0,0.8115405701754386,0.5455645901319431,0.0,0.3463062644004822,0.012191014364361763,0,0,41,34,-1,perm_test,1.0,-0.0020463460991568573,79,34,45,0.0,0.16666666666666666,0,0.0,0.0,0.0,0.0,0,none,0,1,0,overconfident,0.95,0,mild_drift,0.960778018711183,0.0012919488718267243,0.8032202937640366,0.8564498409675486,1768131623.9476478,0.17931026220321655,0.09643321484327316
229,14656,14655,sea_abrupt4,sea,ts_drift_adapt,4,"error_divergence_ph_meta@error.threshold=0.10,error.min_instances=5",error_divergence_ph_meta,"{""divergence"": {""alpha"": 0.1, ""delta"": 0.005, ""min_instances"": 30, ""threshold"": 0.05}, ""error_rate"": {""alpha"": 0.15, ""delta"": 0.005, ""min_instances"": 5, ""threshold"": 0.1}}","{""error_rate"": {""min_instances"": 5, ""threshold"": 0.1}}",0.1,0.005,0.15,5,0.05,0.005,0.1,30,,,,-1,two_stage,2,0.5,"__confirm_cooldown=200,__confirm_rule=perm_test,__perm_alpha=0.02,__perm_delta_k=25,__perm_min_effect=0,__perm_n_perm=200,__perm_post_n=50,__perm_pre_n=200,__perm_rng_seed=0,__perm_stat=delta_fused_score,divergence=0.3,error_rate=0.5,teacher_entropy=0.2",3,0,200,0.0,0,10000,10.0,25.0,200,500,0,0,1.0,0.8116129912663755,0.5456671008508335,0.0,0.3312241733074188,0.01210191659629345,0,0,41,34,-1,perm_test,1.0,-0.0022874129753730705,80,34,46,0.0,8.90977680683136e-05,0,0.0,0.0,0.0,0.0,0,none,0,1,0,overconfident,0.95,0,mild_drift,0.9605390093555914,0.0012959744359133623,0.8016101468820183,0.8557249204837742,1768131623.9578755,0.15337041020393372,0.1129375547170639
230,14720,14719,sea_abrupt4,sea,ts_drift_adapt,4,"error_divergence_ph_meta@error.threshold=0.10,error.min_instances=5",error_divergence_ph_meta,"{""divergence"": {""alpha"": 0.1, ""delta"": 0.005, ""min_instances"": 30, ""threshold"": 0.05}, ""error_rate"": {""alpha"": 0.15, ""delta"": 0.005, ""min_instances"": 5, ""threshold"": 0.1}}","{""error_rate"": {""min_instances"": 5, ""threshold"": 0.1}}",0.1,0.005,0.15,5,0.05,0.005,0.1,30,,,,-1,two_stage,2,0.5,"__confirm_cooldown=200,__confirm_rule=perm_test,__perm_alpha=0.02,__perm_delta_k=25,__perm_min_effect=0,__perm_n_perm=200,__perm_post_n=50,__perm_pre_n=200,__perm_rng_seed=0,__perm_stat=delta_fused_score,divergence=0.3,error_rate=0.5,teacher_entropy=0.2",3,0,200,0.0,0,10000,10.0,25.0,200,500,0,0,1.0,0.8117527173913044,0.5463944105511181,0.3333333333333333,0.28909388184547424,0.011399638839066029,1,0,41,35,3,perm_test,0.004975124378109453,0.10824437785893651,81,35,46,0.0,0.3333333333333333,0,0.0,0.0,0.0,0.0,0,none,1,1,0,overconfident,0.95,0,stable,0.9752695046777957,0.0010479872179566811,0.9008050734410091,0.9003624602418872,1768131623.9742024,0.639778196811676,0.13236063718795776
231,14784,14783,sea_abrupt4,sea,ts_drift_adapt,4,"error_divergence_ph_meta@error.threshold=0.10,error.min_instances=5",error_divergence_ph_meta,"{""divergence"": {""alpha"": 0.1, ""delta"": 0.005, ""min_instances"": 30, ""threshold"": 0.05}, ""error_rate"": {""alpha"": 0.15, ""delta"": 0.005, ""min_instances"": 5, ""threshold"": 0.1}}","{""error_rate"": {""min_instances"": 5, ""threshold"": 0.1}}",0.1,0.005,0.15,5,0.05,0.005,0.1,30,,,,-1,two_stage,2,0.5,"__confirm_cooldown=200,__confirm_rule=perm_test,__perm_alpha=0.02,__perm_delta_k=25,__perm_min_effect=0,__perm_n_perm=200,__perm_post_n=50,__perm_pre_n=200,__perm_rng_seed=0,__perm_stat=delta_fused_score,divergence=0.3,error_rate=0.5,teacher_entropy=0.2",3,0,200,0.0,0,10000,10.0,25.0,200,500,1,136,1.0,0.8115530303030303,0.5461314317238518,0.3333333333333333,0.3632385730743408,0.014799059368669987,0,0,41,35,-1,perm_test,0.004975124378109453,0.10824437785893651,81,35,46,0.0,0.003399420529603958,0,0.0,0.0,0.0,0.0,0,none,0,1,0,overconfident,0.95,0,mild_drift,0.9677847523388978,0.0011739936089783408,0.8504025367205046,0.8776812301209436,1768131623.9863741,0.6223195195198059,0.12006746977567673
232,14848,14847,sea_abrupt4,sea,ts_drift_adapt,4,"error_divergence_ph_meta@error.threshold=0.10,error.min_instances=5",error_divergence_ph_meta,"{""divergence"": {""alpha"": 0.1, ""delta"": 0.005, ""min_instances"": 30, ""threshold"": 0.05}, ""error_rate"": {""alpha"": 0.15, ""delta"": 0.005, ""min_instances"": 5, ""threshold"": 0.1}}","{""error_rate"": {""min_instances"": 5, ""threshold"": 0.1}}",0.1,0.005,0.15,5,0.05,0.005,0.1,30,,,,-1,two_stage,2,0.5,"__confirm_cooldown=200,__confirm_rule=perm_test,__perm_alpha=0.02,__perm_delta_k=25,__perm_min_effect=0,__perm_n_perm=200,__perm_post_n=50,__perm_pre_n=200,__perm_rng_seed=0,__perm_stat=delta_fused_score,divergence=0.3,error_rate=0.5,teacher_entropy=0.2",3,0,200,0.0,0,10000,10.0,25.0,200,500,1,72,1.0,0.8116244612068966,0.5464199753622079,0.16666666666666666,0.28337714076042175,0.009697803296148777,0,1,41,35,-1,perm_test,0.004975124378109453,0.10824437785893651,81,35,46,0.0,0.16666666666666666,1,0.5,0.0,0.0,0.0,0,none,0,1,0,overconfident,0.95,0,mild_drift,0.9640423761694489,0.0012369968044891703,0.8252012683602523,0.8663406150604718,1768131623.9985757,0.3663330078125,0.11338116973638535
233,14912,14911,sea_abrupt4,sea,ts_drift_adapt,4,"error_divergence_ph_meta@error.threshold=0.10,error.min_instances=5",error_divergence_ph_meta,"{""divergence"": {""alpha"": 0.1, ""delta"": 0.005, ""min_instances"": 30, ""threshold"": 0.05}, ""error_rate"": {""alpha"": 0.15, ""delta"": 0.005, ""min_instances"": 5, ""threshold"": 0.1}}","{""error_rate"": {""min_instances"": 5, ""threshold"": 0.1}}",0.1,0.005,0.15,5,0.05,0.005,0.1,30,,,,-1,two_stage,2,0.5,"__confirm_cooldown=200,__confirm_rule=perm_test,__perm_alpha=0.02,__perm_delta_k=25,__perm_min_effect=0,__perm_n_perm=200,__perm_post_n=50,__perm_pre_n=200,__perm_rng_seed=0,__perm_stat=delta_fused_score,divergence=0.3,error_rate=0.5,teacher_entropy=0.2",3,0,200,0.0,0,10000,10.0,25.0,200,500,1,8,1.0,0.8116952789699571,0.5467865742941531,0.3333333333333333,0.31510332226753235,0.008467821404337883,0,0,41,35,-1,perm_test,0.004975124378109453,0.10824437785893651,81,35,46,0.0,0.16666666666666666,0,0.0,0.0,0.0,0.0,0,none,0,1,0,overconfident,0.95,0,mild_drift,0.9621711880847243,0.0012684984022445851,0.8126006341801262,0.8606703075302359,1768131624.010412,0.35279205441474915,0.08104556798934937
234,14976,14975,sea_abrupt4,sea,ts_drift_adapt,4,"error_divergence_ph_meta@error.threshold=0.10,error.min_instances=5",error_divergence_ph_meta,"{""divergence"": {""alpha"": 0.1, ""delta"": 0.005, ""min_instances"": 30, ""threshold"": 0.05}, ""error_rate"": {""alpha"": 0.15, ""delta"": 0.005, ""min_instances"": 5, ""threshold"": 0.1}}","{""error_rate"": {""min_instances"": 5, ""threshold"": 0.1}}",0.1,0.005,0.15,5,0.05,0.005,0.1,30,,,,-1,two_stage,2,0.5,"__confirm_cooldown=200,__confirm_rule=perm_test,__perm_alpha=0.02,__perm_delta_k=25,__perm_min_effect=0,__perm_n_perm=200,__perm_post_n=50,__perm_pre_n=200,__perm_rng_seed=0,__perm_stat=delta_fused_score,divergence=0.3,error_rate=0.5,teacher_entropy=0.2",3,0,200,0.0,0,10000,10.0,25.0,200,500,0,0,1.0,0.8118322649572649,0.5474391813835761,0.3333333333333333,0.3165271580219269,0.014567773789167404,0,0,41,35,-1,perm_test,0.004975124378109453,0.10824437785893651,81,35,46,0.0,0.006099952384829521,0,0.0,0.0,0.0,0.0,0,none,0,1,0,overconfident,0.95,0,mild_drift,0.9612355940423621,0.0012842492011222928,0.8063003170900631,0.8578351537651179,1768131624.0205226,0.5261937975883484,0.14914079010486603
235,15040,15039,sea_abrupt4,sea,ts_drift_adapt,4,"error_divergence_ph_meta@error.threshold=0.10,error.min_instances=5",error_divergence_ph_meta,"{""divergence"": {""alpha"": 0.1, ""delta"": 0.005, ""min_instances"": 30, ""threshold"": 0.05}, ""error_rate"": {""alpha"": 0.15, ""delta"": 0.005, ""min_instances"": 5, ""threshold"": 0.1}}","{""error_rate"": {""min_instances"": 5, ""threshold"": 0.1}}",0.1,0.005,0.15,5,0.05,0.005,0.1,30,,,,-1,two_stage,2,0.5,"__confirm_cooldown=200,__confirm_rule=perm_test,__perm_alpha=0.02,__perm_delta_k=25,__perm_min_effect=0,__perm_n_perm=200,__perm_post_n=50,__perm_pre_n=200,__perm_rng_seed=0,__perm_stat=delta_fused_score,divergence=0.3,error_rate=0.5,teacher_entropy=0.2",3,0,200,0.0,0,10000,10.0,25.0,200,500,0,0,1.0,0.8125,0.5493720099125238,0.16666666666666666,0.24750672280788422,0.013540404848754406,0,0,41,35,-1,perm_test,0.004975124378109453,0.10824437785893651,81,35,46,0.0,0.16666666666666666,0,0.0,0.0,0.0,0.0,0,none,0,1,0,overconfident,0.95,0,mild_drift,0.960767797021181,0.0012921246005611463,0.8031501585450316,0.8564175768825589,1768131624.030633,0.2939155101776123,0.13228186964988708
236,15104,15103,sea_abrupt4,sea,ts_drift_adapt,4,"error_divergence_ph_meta@error.threshold=0.10,error.min_instances=5",error_divergence_ph_meta,"{""divergence"": {""alpha"": 0.1, ""delta"": 0.005, ""min_instances"": 30, ""threshold"": 0.05}, ""error_rate"": {""alpha"": 0.15, ""delta"": 0.005, ""min_instances"": 5, ""threshold"": 0.1}}","{""error_rate"": {""min_instances"": 5, ""threshold"": 0.1}}",0.1,0.005,0.15,5,0.05,0.005,0.1,30,,,,-1,two_stage,2,0.5,"__confirm_cooldown=200,__confirm_rule=perm_test,__perm_alpha=0.02,__perm_delta_k=25,__perm_min_effect=0,__perm_n_perm=200,__perm_post_n=50,__perm_pre_n=200,__perm_rng_seed=0,__perm_stat=delta_fused_score,divergence=0.3,error_rate=0.5,teacher_entropy=0.2",3,0,200,0.0,0,10000,10.0,25.0,200,500,0,0,1.0,0.812698622881356,0.550045655461036,0.16666666666666666,0.29097849130630493,0.01780051179230213,0,0,41,35,-1,perm_test,0.004975124378109453,0.10824437785893651,81,35,46,0.0,0.004260106943547726,0,0.0,0.0,0.0,0.0,0,none,0,1,0,overconfident,0.95,0,mild_drift,0.9605338985105905,0.0012960623002805731,0.8015750792725158,0.8557087884412795,1768131624.0409017,0.4024195969104767,0.2012016773223877
237,15168,15167,sea_abrupt4,sea,ts_drift_adapt,4,"error_divergence_ph_meta@error.threshold=0.10,error.min_instances=5",error_divergence_ph_meta,"{""divergence"": {""alpha"": 0.1, ""delta"": 0.005, ""min_instances"": 30, ""threshold"": 0.05}, ""error_rate"": {""alpha"": 0.15, ""delta"": 0.005, ""min_instances"": 5, ""threshold"": 0.1}}","{""error_rate"": {""min_instances"": 5, ""threshold"": 0.1}}",0.1,0.005,0.15,5,0.05,0.005,0.1,30,,,,-1,two_stage,2,0.5,"__confirm_cooldown=200,__confirm_rule=perm_test,__perm_alpha=0.02,__perm_delta_k=25,__perm_min_effect=0,__perm_n_perm=200,__perm_post_n=50,__perm_pre_n=200,__perm_rng_seed=0,__perm_stat=delta_fused_score,divergence=0.3,error_rate=0.5,teacher_entropy=0.2",3,0,200,0.0,0,10000,10.0,25.0,200,500,0,0,1.0,0.8130933544303798,0.5513739379720111,0.16666666666666666,0.32216447591781616,0.01874164491891861,0,0,41,35,-1,perm_test,0.004975124378109453,0.10824437785893651,81,35,46,0.0,0.000941133126616478,0,0.0,0.0,0.0,0.0,0,none,0,1,0,overconfident,0.95,0,mild_drift,0.9604169492552952,0.0012980311501402868,0.8007875396362579,0.8553543942206397,1768131624.0513086,0.3736476004123688,0.1837054342031479
238,15232,15231,sea_abrupt4,sea,ts_drift_adapt,4,"error_divergence_ph_meta@error.threshold=0.10,error.min_instances=5",error_divergence_ph_meta,"{""divergence"": {""alpha"": 0.1, ""delta"": 0.005, ""min_instances"": 30, ""threshold"": 0.05}, ""error_rate"": {""alpha"": 0.15, ""delta"": 0.005, ""min_instances"": 5, ""threshold"": 0.1}}","{""error_rate"": {""min_instances"": 5, ""threshold"": 0.1}}",0.1,0.005,0.15,5,0.05,0.005,0.1,30,,,,-1,two_stage,2,0.5,"__confirm_cooldown=200,__confirm_rule=perm_test,__perm_alpha=0.02,__perm_delta_k=25,__perm_min_effect=0,__perm_n_perm=200,__perm_post_n=50,__perm_pre_n=200,__perm_rng_seed=0,__perm_stat=delta_fused_score,divergence=0.3,error_rate=0.5,teacher_entropy=0.2",3,0,200,0.0,0,10000,10.0,25.0,200,500,0,0,1.0,0.8132878151260504,0.5526129502394337,0.16666666666666666,0.348279744386673,0.022483957931399345,0,0,41,35,-1,perm_test,0.004975124378109453,0.10824437785893651,81,35,46,0.0,0.0037423130124807358,0,0.0,0.0,0.0,0.0,0,none,0,1,0,overconfident,0.95,0,mild_drift,0.9603584746276476,0.0012990155750701436,0.8003937698181289,0.8551771971103199,1768131624.0617335,0.2308509349822998,0.18516290187835693
239,15296,15295,sea_abrupt4,sea,ts_drift_adapt,4,"error_divergence_ph_meta@error.threshold=0.10,error.min_instances=5",error_divergence_ph_meta,"{""divergence"": {""alpha"": 0.1, ""delta"": 0.005, ""min_instances"": 30, ""threshold"": 0.05}, ""error_rate"": {""alpha"": 0.15, ""delta"": 0.005, ""min_instances"": 5, ""threshold"": 0.1}}","{""error_rate"": {""min_instances"": 5, ""threshold"": 0.1}}",0.1,0.005,0.15,5,0.05,0.005,0.1,30,,,,-1,two_stage,2,0.5,"__confirm_cooldown=200,__confirm_rule=perm_test,__perm_alpha=0.02,__perm_delta_k=25,__perm_min_effect=0,__perm_n_perm=200,__perm_post_n=50,__perm_pre_n=200,__perm_rng_seed=0,__perm_stat=delta_fused_score,divergence=0.3,error_rate=0.5,teacher_entropy=0.2",3,0,200,0.0,0,10000,10.0,25.0,200,500,0,0,1.0,0.8134806485355649,0.5537162212189606,0.0,0.3010329306125641,0.013288013637065887,0,1,42,35,-1,perm_test,1.0,-0.05874272633474835,82,35,47,0.16666666666666666,0.16666666666666666,1,0.5,0.0,0.0,0.0,0,none,0,1,0,overconfident,0.95,0,mild_drift,0.9603292373138237,0.001299507787535072,0.8001968849090645,0.85508859855516,1768131624.0722551,0.10956738144159317,0.1190616637468338
240,15360,15359,sea_abrupt4,sea,ts_drift_adapt,4,"error_divergence_ph_meta@error.threshold=0.10,error.min_instances=5",error_divergence_ph_meta,"{""divergence"": {""alpha"": 0.1, ""delta"": 0.005, ""min_instances"": 30, ""threshold"": 0.05}, ""error_rate"": {""alpha"": 0.15, ""delta"": 0.005, ""min_instances"": 5, ""threshold"": 0.1}}","{""error_rate"": {""min_instances"": 5, ""threshold"": 0.1}}",0.1,0.005,0.15,5,0.05,0.005,0.1,30,,,,-1,two_stage,2,0.5,"__confirm_cooldown=200,__confirm_rule=perm_test,__perm_alpha=0.02,__perm_delta_k=25,__perm_min_effect=0,__perm_n_perm=200,__perm_post_n=50,__perm_pre_n=200,__perm_rng_seed=0,__perm_stat=delta_fused_score,divergence=0.3,error_rate=0.5,teacher_entropy=0.2",3,0,200,0.0,0,10000,10.0,25.0,200,500,0,0,1.0,0.8138020833333334,0.5549906495522192,0.16666666666666666,0.31820976734161377,0.00949115864932537,1,0,42,36,1,perm_test,0.004975124378109453,0.10880536453505991,83,36,47,0.0,0.16666666666666666,0,0.0,0.0,0.0,0.0,0,none,1,1,0,overconfident,0.95,0,stable,0.9751646186569118,0.001049753893767536,0.9000984424545322,0.90004429927758,1768131624.0884378,0.3444700539112091,0.1065327525138855
241,15424,15423,sea_abrupt4,sea,ts_drift_adapt,4,"error_divergence_ph_meta@error.threshold=0.10,error.min_instances=5",error_divergence_ph_meta,"{""divergence"": {""alpha"": 0.1, ""delta"": 0.005, ""min_instances"": 30, ""threshold"": 0.05}, ""error_rate"": {""alpha"": 0.15, ""delta"": 0.005, ""min_instances"": 5, ""threshold"": 0.1}}","{""error_rate"": {""min_instances"": 5, ""threshold"": 0.1}}",0.1,0.005,0.15,5,0.05,0.005,0.1,30,,,,-1,two_stage,2,0.5,"__confirm_cooldown=200,__confirm_rule=perm_test,__perm_alpha=0.02,__perm_delta_k=25,__perm_min_effect=0,__perm_n_perm=200,__perm_post_n=50,__perm_pre_n=200,__perm_rng_seed=0,__perm_stat=delta_fused_score,divergence=0.3,error_rate=0.5,teacher_entropy=0.2",3,0,200,0.0,0,10000,10.0,25.0,200,500,1,136,1.0,0.8140560165975104,0.5556370160165237,0.16666666666666666,0.243032306432724,0.0117465415969491,0,0,42,36,-1,perm_test,0.004975124378109453,0.10880536453505991,83,36,47,0.0,0.0022553829476237297,0,0.0,0.0,0.0,0.0,0,none,0,1,0,overconfident,0.95,0,mild_drift,0.9677323093284559,0.001174876946883768,0.8500492212272661,0.8775221496387899,1768131624.0987456,0.6880533695220947,0.10336726903915405
242,15488,15487,sea_abrupt4,sea,ts_drift_adapt,4,"error_divergence_ph_meta@error.threshold=0.10,error.min_instances=5",error_divergence_ph_meta,"{""divergence"": {""alpha"": 0.1, ""delta"": 0.005, ""min_instances"": 30, ""threshold"": 0.05}, ""error_rate"": {""alpha"": 0.15, ""delta"": 0.005, ""min_instances"": 5, ""threshold"": 0.1}}","{""error_rate"": {""min_instances"": 5, ""threshold"": 0.1}}",0.1,0.005,0.15,5,0.05,0.005,0.1,30,,,,-1,two_stage,2,0.5,"__confirm_cooldown=200,__confirm_rule=perm_test,__perm_alpha=0.02,__perm_delta_k=25,__perm_min_effect=0,__perm_n_perm=200,__perm_post_n=50,__perm_pre_n=200,__perm_rng_seed=0,__perm_stat=delta_fused_score,divergence=0.3,error_rate=0.5,teacher_entropy=0.2",3,0,200,0.0,0,10000,10.0,25.0,200,500,1,72,1.0,0.8139850206611571,0.5558892322000085,0.5,0.32551947236061096,0.009663782082498074,0,0,42,36,-1,perm_test,0.004975124378109453,0.10880536453505991,83,36,47,0.0,0.33333333333333337,0,0.0,0.0,0.0,0.0,0,none,0,1,0,overconfident,0.95,0,mild_drift,0.9640161546642279,0.0012374384734418842,0.8250246106136331,0.866261074819395,1768131624.108904,0.7653438448905945,0.10215622186660767
243,15552,15551,sea_abrupt4,sea,ts_drift_adapt,4,"error_divergence_ph_meta@error.threshold=0.10,error.min_instances=5",error_divergence_ph_meta,"{""divergence"": {""alpha"": 0.1, ""delta"": 0.005, ""min_instances"": 30, ""threshold"": 0.05}, ""error_rate"": {""alpha"": 0.15, ""delta"": 0.005, ""min_instances"": 5, ""threshold"": 0.1}}","{""error_rate"": {""min_instances"": 5, ""threshold"": 0.1}}",0.1,0.005,0.15,5,0.05,0.005,0.1,30,,,,-1,two_stage,2,0.5,"__confirm_cooldown=200,__confirm_rule=perm_test,__perm_alpha=0.02,__perm_delta_k=25,__perm_min_effect=0,__perm_n_perm=200,__perm_post_n=50,__perm_pre_n=200,__perm_rng_seed=0,__perm_stat=delta_fused_score,divergence=0.3,error_rate=0.5,teacher_entropy=0.2",3,0,200,0.0,0,10000,10.0,25.0,200,500,1,8,1.0,0.8139789094650206,0.5561244144626302,0.0,0.35962894558906555,0.014119557105004787,0,0,42,36,-1,perm_test,0.004975124378109453,0.10880536453505991,83,36,47,0.0,0.5,0,0.0,0.0,0.0,0.0,0,none,0,1,0,overconfident,0.95,0,mild_drift,0.9621580773321139,0.001268719236720942,0.8125123053068166,0.8606305374096974,1768131624.119156,0.05972113087773323,0.12047405540943146
244,15616,15615,sea_abrupt4,sea,ts_drift_adapt,4,"error_divergence_ph_meta@error.threshold=0.10,error.min_instances=5",error_divergence_ph_meta,"{""divergence"": {""alpha"": 0.1, ""delta"": 0.005, ""min_instances"": 30, ""threshold"": 0.05}, ""error_rate"": {""alpha"": 0.15, ""delta"": 0.005, ""min_instances"": 5, ""threshold"": 0.1}}","{""error_rate"": {""min_instances"": 5, ""threshold"": 0.1}}",0.1,0.005,0.15,5,0.05,0.005,0.1,30,,,,-1,two_stage,2,0.5,"__confirm_cooldown=200,__confirm_rule=perm_test,__perm_alpha=0.02,__perm_delta_k=25,__perm_min_effect=0,__perm_n_perm=200,__perm_post_n=50,__perm_pre_n=200,__perm_rng_seed=0,__perm_stat=delta_fused_score,divergence=0.3,error_rate=0.5,teacher_entropy=0.2",3,0,200,0.0,0,10000,10.0,25.0,200,500,0,0,1.0,0.8142289959016393,0.5569113529987081,0.0,0.31795215606689453,0.013935989700257778,0,1,43,36,-1,perm_test,1.0,-0.07072529111993539,84,36,48,0.0,0.00018356740474700928,1,0.5,0.0,0.0,0.0,0,none,0,1,0,overconfident,0.95,0,mild_drift,0.9612290386660569,0.001284359618360471,0.8062561526534083,0.8578152687048487,1768131624.1300936,0.05701090022921562,0.13583232462406158
245,15680,15679,sea_abrupt4,sea,ts_drift_adapt,4,"error_divergence_ph_meta@error.threshold=0.10,error.min_instances=5",error_divergence_ph_meta,"{""divergence"": {""alpha"": 0.1, ""delta"": 0.005, ""min_instances"": 30, ""threshold"": 0.05}, ""error_rate"": {""alpha"": 0.15, ""delta"": 0.005, ""min_instances"": 5, ""threshold"": 0.1}}","{""error_rate"": {""min_instances"": 5, ""threshold"": 0.1}}",0.1,0.005,0.15,5,0.05,0.005,0.1,30,,,,-1,two_stage,2,0.5,"__confirm_cooldown=200,__confirm_rule=perm_test,__perm_alpha=0.02,__perm_delta_k=25,__perm_min_effect=0,__perm_n_perm=200,__perm_post_n=50,__perm_pre_n=200,__perm_rng_seed=0,__perm_stat=delta_fused_score,divergence=0.3,error_rate=0.5,teacher_entropy=0.2",3,0,200,0.0,0,10000,10.0,25.0,200,500,0,0,1.0,0.8144770408163265,0.5579070718903454,0.16666666666666666,0.33359822630882263,0.011434240266680717,1,0,43,37,1,perm_test,0.004975124378109453,0.03343612370785241,85,37,48,0.0,0.16666666666666666,0,0.0,0.0,0.0,0.0,0,none,1,1,0,overconfident,0.95,0,stable,0.9756145193330285,0.0010421798091802355,0.9031280763267042,0.9014076343524244,1768131624.1466358,0.4870007038116455,0.11787214875221252
246,15744,15743,sea_abrupt4,sea,ts_drift_adapt,4,"error_divergence_ph_meta@error.threshold=0.10,error.min_instances=5",error_divergence_ph_meta,"{""divergence"": {""alpha"": 0.1, ""delta"": 0.005, ""min_instances"": 30, ""threshold"": 0.05}, ""error_rate"": {""alpha"": 0.15, ""delta"": 0.005, ""min_instances"": 5, ""threshold"": 0.1}}","{""error_rate"": {""min_instances"": 5, ""threshold"": 0.1}}",0.1,0.005,0.15,5,0.05,0.005,0.1,30,,,,-1,two_stage,2,0.5,"__confirm_cooldown=200,__confirm_rule=perm_test,__perm_alpha=0.02,__perm_delta_k=25,__perm_min_effect=0,__perm_n_perm=200,__perm_post_n=50,__perm_pre_n=200,__perm_rng_seed=0,__perm_stat=delta_fused_score,divergence=0.3,error_rate=0.5,teacher_entropy=0.2",3,0,200,0.0,0,10000,10.0,25.0,200,500,1,136,1.0,0.814723069105691,0.5588919864520011,0.16666666666666666,0.2913861572742462,0.006010047625750303,0,0,43,37,-1,perm_test,0.004975124378109453,0.03343612370785241,85,37,48,0.0,0.005424192640930414,0,0.0,0.0,0.0,0.0,0,none,0,1,0,overconfident,0.95,0,mild_drift,0.9679572596665142,0.0011710899045901178,0.8515640381633521,0.8782038171762122,1768131624.1570907,0.16954047977924347,0.06213190779089928
247,15808,15807,sea_abrupt4,sea,ts_drift_adapt,4,"error_divergence_ph_meta@error.threshold=0.10,error.min_instances=5",error_divergence_ph_meta,"{""divergence"": {""alpha"": 0.1, ""delta"": 0.005, ""min_instances"": 30, ""threshold"": 0.05}, ""error_rate"": {""alpha"": 0.15, ""delta"": 0.005, ""min_instances"": 5, ""threshold"": 0.1}}","{""error_rate"": {""min_instances"": 5, ""threshold"": 0.1}}",0.1,0.005,0.15,5,0.05,0.005,0.1,30,,,,-1,two_stage,2,0.5,"__confirm_cooldown=200,__confirm_rule=perm_test,__perm_alpha=0.02,__perm_delta_k=25,__perm_min_effect=0,__perm_n_perm=200,__perm_post_n=50,__perm_pre_n=200,__perm_rng_seed=0,__perm_stat=delta_fused_score,divergence=0.3,error_rate=0.5,teacher_entropy=0.2",3,0,200,0.0,0,10000,10.0,25.0,200,500,1,72,1.0,0.8149671052631579,0.5595040331544893,0.16666666666666666,0.2964440584182739,0.011320392601191998,0,0,43,37,-1,perm_test,0.004975124378109453,0.03343612370785241,85,37,48,0.0,0.005310344975441694,0,0.0,0.0,0.0,0.0,0,none,0,1,0,overconfident,0.95,0,mild_drift,0.9641286298332571,0.001235544952295059,0.825782019081676,0.866601908588106,1768131624.1674435,0.2469145804643631,0.10990796238183975
248,15872,15871,sea_abrupt4,sea,ts_drift_adapt,4,"error_divergence_ph_meta@error.threshold=0.10,error.min_instances=5",error_divergence_ph_meta,"{""divergence"": {""alpha"": 0.1, ""delta"": 0.005, ""min_instances"": 30, ""threshold"": 0.05}, ""error_rate"": {""alpha"": 0.15, ""delta"": 0.005, ""min_instances"": 5, ""threshold"": 0.1}}","{""error_rate"": {""min_instances"": 5, ""threshold"": 0.1}}",0.1,0.005,0.15,5,0.05,0.005,0.1,30,,,,-1,two_stage,2,0.5,"__confirm_cooldown=200,__confirm_rule=perm_test,__perm_alpha=0.02,__perm_delta_k=25,__perm_min_effect=0,__perm_n_perm=200,__perm_post_n=50,__perm_pre_n=200,__perm_rng_seed=0,__perm_stat=delta_fused_score,divergence=0.3,error_rate=0.5,teacher_entropy=0.2",3,0,200,0.0,0,10000,10.0,25.0,200,500,1,8,1.0,0.8150831653225806,0.5594874354167096,0.0,0.34152090549468994,0.010281616821885109,0,0,43,37,-1,perm_test,0.004975124378109453,0.03343612370785241,85,37,48,0.0,0.16666666666666666,0,0.0,0.0,0.0,0.0,0,none,0,1,0,overconfident,0.95,0,mild_drift,0.9622143149166285,0.0012677724761475297,0.812891009540838,0.860800954294053,1768131624.1795,0.050468575209379196,0.0832904502749443
249,15936,15935,sea_abrupt4,sea,ts_drift_adapt,4,"error_divergence_ph_meta@error.threshold=0.10,error.min_instances=5",error_divergence_ph_meta,"{""divergence"": {""alpha"": 0.1, ""delta"": 0.005, ""min_instances"": 30, ""threshold"": 0.05}, ""error_rate"": {""alpha"": 0.15, ""delta"": 0.005, ""min_instances"": 5, ""threshold"": 0.1}}","{""error_rate"": {""min_instances"": 5, ""threshold"": 0.1}}",0.1,0.005,0.15,5,0.05,0.005,0.1,30,,,,-1,two_stage,2,0.5,"__confirm_cooldown=200,__confirm_rule=perm_test,__perm_alpha=0.02,__perm_delta_k=25,__perm_min_effect=0,__perm_n_perm=200,__perm_post_n=50,__perm_pre_n=200,__perm_rng_seed=0,__perm_stat=delta_fused_score,divergence=0.3,error_rate=0.5,teacher_entropy=0.2",3,0,200,0.0,0,10000,10.0,25.0,200,500,0,0,1.0,0.815449297188755,0.560147894923909,0.16666666666666666,0.2856212258338928,0.009790828451514244,1,1,44,38,0,perm_test,0.004975124378109453,0.043046715326046835,86,38,48,0.16666666666666666,0.16666666666666666,1,0.5,0.0,0.0,0.0,0,none,1,1,0,overconfident,0.95,0,severe_drift,0.9266071574583142,0.0016338862380737649,0.656445504770419,0.8354004771470265,1768131624.1983662,0.37411296367645264,0.10555518418550491
250,16000,15999,sea_abrupt4,sea,ts_drift_adapt,4,"error_divergence_ph_meta@error.threshold=0.10,error.min_instances=5",error_divergence_ph_meta,"{""divergence"": {""alpha"": 0.1, ""delta"": 0.005, ""min_instances"": 30, ""threshold"": 0.05}, ""error_rate"": {""alpha"": 0.15, ""delta"": 0.005, ""min_instances"": 5, ""threshold"": 0.1}}","{""error_rate"": {""min_instances"": 5, ""threshold"": 0.1}}",0.1,0.005,0.15,5,0.05,0.005,0.1,30,,,,-1,two_stage,2,0.5,"__confirm_cooldown=200,__confirm_rule=perm_test,__perm_alpha=0.02,__perm_delta_k=25,__perm_min_effect=0,__perm_n_perm=200,__perm_post_n=50,__perm_pre_n=200,__perm_rng_seed=0,__perm_stat=delta_fused_score,divergence=0.3,error_rate=0.5,teacher_entropy=0.2",3,0,200,0.0,0,10000,10.0,25.0,200,500,1,136,1.0,0.8154375,0.5601986478305194,0.16666666666666666,0.3442584276199341,0.008473307825624943,0,0,44,38,-1,perm_test,0.004975124378109453,0.043046715326046835,86,38,48,0.0,0.0013175206258893013,0,0.0,0.0,0.0,0.0,0,none,0,1,0,overconfident,0.95,0,mild_drift,0.9434535787291571,0.0014669431190368824,0.7282227523852095,0.8452002385735132,1768131624.2112262,0.37791261076927185,0.08549956232309341
251,16064,16063,sea_abrupt4,sea,ts_drift_adapt,4,"error_divergence_ph_meta@error.threshold=0.10,error.min_instances=5",error_divergence_ph_meta,"{""divergence"": {""alpha"": 0.1, ""delta"": 0.005, ""min_instances"": 30, ""threshold"": 0.05}, ""error_rate"": {""alpha"": 0.15, ""delta"": 0.005, ""min_instances"": 5, ""threshold"": 0.1}}","{""error_rate"": {""min_instances"": 5, ""threshold"": 0.1}}",0.1,0.005,0.15,5,0.05,0.005,0.1,30,,,,-1,two_stage,2,0.5,"__confirm_cooldown=200,__confirm_rule=perm_test,__perm_alpha=0.02,__perm_delta_k=25,__perm_min_effect=0,__perm_n_perm=200,__perm_post_n=50,__perm_pre_n=200,__perm_rng_seed=0,__perm_stat=delta_fused_score,divergence=0.3,error_rate=0.5,teacher_entropy=0.2",3,0,200,0.0,0,10000,10.0,25.0,200,500,1,72,1.0,0.8155502988047809,0.5607087191474815,0.3333333333333333,0.2886664569377899,0.00872990395873785,0,0,44,38,-1,perm_test,0.004975124378109453,0.043046715326046835,86,38,48,0.0,0.16666666666666666,0,0.0,0.0,0.0,0.0,0,none,0,1,0,overconfident,0.95,0,mild_drift,0.9518767893645785,0.0013834715595184414,0.7641113761926048,0.8501001192867566,1768131624.221567,0.8098528981208801,0.07568003237247467
252,16128,16127,sea_abrupt4,sea,ts_drift_adapt,4,"error_divergence_ph_meta@error.threshold=0.10,error.min_instances=5",error_divergence_ph_meta,"{""divergence"": {""alpha"": 0.1, ""delta"": 0.005, ""min_instances"": 30, ""threshold"": 0.05}, ""error_rate"": {""alpha"": 0.15, ""delta"": 0.005, ""min_instances"": 5, ""threshold"": 0.1}}","{""error_rate"": {""min_instances"": 5, ""threshold"": 0.1}}",0.1,0.005,0.15,5,0.05,0.005,0.1,30,,,,-1,two_stage,2,0.5,"__confirm_cooldown=200,__confirm_rule=perm_test,__perm_alpha=0.02,__perm_delta_k=25,__perm_min_effect=0,__perm_n_perm=200,__perm_post_n=50,__perm_pre_n=200,__perm_rng_seed=0,__perm_stat=delta_fused_score,divergence=0.3,error_rate=0.5,teacher_entropy=0.2",3,0,200,0.0,0,10000,10.0,25.0,200,500,1,8,1.0,0.8156622023809523,0.5613756307280638,0.0,0.35941293835639954,0.011706489138305187,0,0,44,38,-1,perm_test,0.004975124378109453,0.043046715326046835,86,38,48,0.0,0.3333333333333333,0,0.0,0.0,0.0,0.0,0,none,0,1,0,overconfident,0.95,0,mild_drift,0.9560883946822892,0.0013417357797592209,0.7820556880963024,0.8525500596433783,1768131624.2319772,0.03416396677494049,0.11127500236034393
253,16192,16191,sea_abrupt4,sea,ts_drift_adapt,4,"error_divergence_ph_meta@error.threshold=0.10,error.min_instances=5",error_divergence_ph_meta,"{""divergence"": {""alpha"": 0.1, ""delta"": 0.005, ""min_instances"": 30, ""threshold"": 0.05}, ""error_rate"": {""alpha"": 0.15, ""delta"": 0.005, ""min_instances"": 5, ""threshold"": 0.1}}","{""error_rate"": {""min_instances"": 5, ""threshold"": 0.1}}",0.1,0.005,0.15,5,0.05,0.005,0.1,30,,,,-1,two_stage,2,0.5,"__confirm_cooldown=200,__confirm_rule=perm_test,__perm_alpha=0.02,__perm_delta_k=25,__perm_min_effect=0,__perm_n_perm=200,__perm_post_n=50,__perm_pre_n=200,__perm_rng_seed=0,__perm_stat=delta_fused_score,divergence=0.3,error_rate=0.5,teacher_entropy=0.2",3,0,200,0.0,0,10000,10.0,25.0,200,500,0,0,1.0,0.8156497035573123,0.5615659862914806,0.16666666666666666,0.26859980821609497,0.002919659251347184,0,0,44,38,-1,perm_test,0.004975124378109453,0.043046715326046835,86,38,48,0.0,0.16666666666666666,0,0.0,0.0,0.0,0.0,0,none,0,1,0,overconfident,0.95,0,mild_drift,0.9581941973411445,0.0013208678898796104,0.7910278440481513,0.8537750298216891,1768131624.2425961,0.4757455289363861,0.06106889992952347
254,16256,16255,sea_abrupt4,sea,ts_drift_adapt,4,"error_divergence_ph_meta@error.threshold=0.10,error.min_instances=5",error_divergence_ph_meta,"{""divergence"": {""alpha"": 0.1, ""delta"": 0.005, ""min_instances"": 30, ""threshold"": 0.05}, ""error_rate"": {""alpha"": 0.15, ""delta"": 0.005, ""min_instances"": 5, ""threshold"": 0.1}}","{""error_rate"": {""min_instances"": 5, ""threshold"": 0.1}}",0.1,0.005,0.15,5,0.05,0.005,0.1,30,,,,-1,two_stage,2,0.5,"__confirm_cooldown=200,__confirm_rule=perm_test,__perm_alpha=0.02,__perm_delta_k=25,__perm_min_effect=0,__perm_n_perm=200,__perm_post_n=50,__perm_pre_n=200,__perm_rng_seed=0,__perm_stat=delta_fused_score,divergence=0.3,error_rate=0.5,teacher_entropy=0.2",3,0,200,0.0,0,10000,10.0,25.0,200,500,0,0,1.0,0.8157603346456693,0.5622062249926392,0.16666666666666666,0.2766226828098297,0.007026205770671368,0,1,45,38,-1,perm_test,0.03980099502487562,0.013273145926422836,87,38,49,0.0,0.0041065465193241835,1,0.5,0.0,0.0,0.0,0,none,0,1,0,overconfident,0.95,0,mild_drift,0.9592470986705722,0.0013104339449398054,0.7955139220240757,0.8543875149108445,1768131624.2587464,0.23262275755405426,0.10074175894260406
255,16320,16319,sea_abrupt4,sea,ts_drift_adapt,4,"error_divergence_ph_meta@error.threshold=0.10,error.min_instances=5",error_divergence_ph_meta,"{""divergence"": {""alpha"": 0.1, ""delta"": 0.005, ""min_instances"": 30, ""threshold"": 0.05}, ""error_rate"": {""alpha"": 0.15, ""delta"": 0.005, ""min_instances"": 5, ""threshold"": 0.1}}","{""error_rate"": {""min_instances"": 5, ""threshold"": 0.1}}",0.1,0.005,0.15,5,0.05,0.005,0.1,30,,,,-1,two_stage,2,0.5,"__confirm_cooldown=200,__confirm_rule=perm_test,__perm_alpha=0.02,__perm_delta_k=25,__perm_min_effect=0,__perm_n_perm=200,__perm_post_n=50,__perm_pre_n=200,__perm_rng_seed=0,__perm_stat=delta_fused_score,divergence=0.3,error_rate=0.5,teacher_entropy=0.2",3,0,200,0.0,0,10000,10.0,25.0,200,500,0,0,1.0,0.8158700980392157,0.5628395348607517,0.0,0.3009449541568756,0.007161379791796207,0,0,45,38,-1,perm_test,0.2537313432835821,0.003897574792105636,88,38,50,0.0,0.16666666666666666,0,0.0,0.0,0.0,0.0,0,none,0,1,0,overconfident,0.95,0,mild_drift,0.9597735493352861,0.0013052169724699029,0.7977569610120379,0.8546937574554223,1768131624.2744393,0.15165382623672485,0.09920751303434372
256,16384,16383,sea_abrupt4,sea,ts_drift_adapt,4,"error_divergence_ph_meta@error.threshold=0.10,error.min_instances=5",error_divergence_ph_meta,"{""divergence"": {""alpha"": 0.1, ""delta"": 0.005, ""min_instances"": 30, ""threshold"": 0.05}, ""error_rate"": {""alpha"": 0.15, ""delta"": 0.005, ""min_instances"": 5, ""threshold"": 0.1}}","{""error_rate"": {""min_instances"": 5, ""threshold"": 0.1}}",0.1,0.005,0.15,5,0.05,0.005,0.1,30,,,,-1,two_stage,2,0.5,"__confirm_cooldown=200,__confirm_rule=perm_test,__perm_alpha=0.02,__perm_delta_k=25,__perm_min_effect=0,__perm_n_perm=200,__perm_post_n=50,__perm_pre_n=200,__perm_rng_seed=0,__perm_stat=delta_fused_score,divergence=0.3,error_rate=0.5,teacher_entropy=0.2",3,0,200,0.0,0,10000,10.0,25.0,200,500,0,0,1.0,0.81610107421875,0.5637260700197633,0.16666666666666666,0.3275328278541565,0.006365543697029352,1,0,45,39,2,perm_test,0.004975124378109453,0.044283476301450055,89,39,50,0.0,0.16666666666666666,0,0.0,0.0,0.0,0.0,0,none,1,1,0,overconfident,0.95,0,stable,0.9748867746676431,0.0010526084862349514,0.8988784805060189,0.8998468787277112,1768131624.2901223,0.1674623042345047,0.09465581178665161
257,16448,16447,sea_abrupt4,sea,ts_drift_adapt,4,"error_divergence_ph_meta@error.threshold=0.10,error.min_instances=5",error_divergence_ph_meta,"{""divergence"": {""alpha"": 0.1, ""delta"": 0.005, ""min_instances"": 30, ""threshold"": 0.05}, ""error_rate"": {""alpha"": 0.15, ""delta"": 0.005, ""min_instances"": 5, ""threshold"": 0.1}}","{""error_rate"": {""min_instances"": 5, ""threshold"": 0.1}}",0.1,0.005,0.15,5,0.05,0.005,0.1,30,,,,-1,two_stage,2,0.5,"__confirm_cooldown=200,__confirm_rule=perm_test,__perm_alpha=0.02,__perm_delta_k=25,__perm_min_effect=0,__perm_n_perm=200,__perm_post_n=50,__perm_pre_n=200,__perm_rng_seed=0,__perm_stat=delta_fused_score,divergence=0.3,error_rate=0.5,teacher_entropy=0.2",3,0,200,0.0,0,10000,10.0,25.0,200,500,1,136,1.0,0.8162086575875487,0.5640336807130634,0.3333333333333333,0.3339584469795227,0.00949422549456358,0,0,45,39,-1,perm_test,0.004975124378109453,0.044283476301450055,89,39,50,0.0,0.16666666666666666,0,0.0,0.0,0.0,0.0,0,none,0,1,0,overconfident,0.95,0,mild_drift,0.9675933873338215,0.0011763042431174758,0.8494392402530095,0.8774234393638556,1768131624.300341,0.4498893916606903,0.13743165135383606
258,16512,16511,sea_abrupt4,sea,ts_drift_adapt,4,"error_divergence_ph_meta@error.threshold=0.10,error.min_instances=5",error_divergence_ph_meta,"{""divergence"": {""alpha"": 0.1, ""delta"": 0.005, ""min_instances"": 30, ""threshold"": 0.05}, ""error_rate"": {""alpha"": 0.15, ""delta"": 0.005, ""min_instances"": 5, ""threshold"": 0.1}}","{""error_rate"": {""min_instances"": 5, ""threshold"": 0.1}}",0.1,0.005,0.15,5,0.05,0.005,0.1,30,,,,-1,two_stage,2,0.5,"__confirm_cooldown=200,__confirm_rule=perm_test,__perm_alpha=0.02,__perm_delta_k=25,__perm_min_effect=0,__perm_n_perm=200,__perm_post_n=50,__perm_pre_n=200,__perm_rng_seed=0,__perm_stat=delta_fused_score,divergence=0.3,error_rate=0.5,teacher_entropy=0.2",3,0,200,0.0,0,10000,10.0,25.0,200,500,1,72,1.0,0.8164970930232558,0.5647366473393997,0.0,0.28357377648353577,0.008540616370737553,0,0,45,39,-1,perm_test,0.004975124378109453,0.044283476301450055,89,39,50,0.0,0.3333333333333333,0,0.0,0.0,0.0,0.0,0,none,0,1,0,overconfident,0.95,0,mild_drift,0.9639466936669108,0.001238152121558738,0.8247196201265048,0.8662117196819278,1768131624.3104975,0.06045214459300041,0.11138516664505005
259,16576,16575,sea_abrupt4,sea,ts_drift_adapt,4,"error_divergence_ph_meta@error.threshold=0.10,error.min_instances=5",error_divergence_ph_meta,"{""divergence"": {""alpha"": 0.1, ""delta"": 0.005, ""min_instances"": 30, ""threshold"": 0.05}, ""error_rate"": {""alpha"": 0.15, ""delta"": 0.005, ""min_instances"": 5, ""threshold"": 0.1}}","{""error_rate"": {""min_instances"": 5, ""threshold"": 0.1}}",0.1,0.005,0.15,5,0.05,0.005,0.1,30,,,,-1,two_stage,2,0.5,"__confirm_cooldown=200,__confirm_rule=perm_test,__perm_alpha=0.02,__perm_delta_k=25,__perm_min_effect=0,__perm_n_perm=200,__perm_post_n=50,__perm_pre_n=200,__perm_rng_seed=0,__perm_stat=delta_fused_score,divergence=0.3,error_rate=0.5,teacher_entropy=0.2",3,0,200,0.0,0,10000,10.0,25.0,200,500,1,8,1.0,0.8164816602316602,0.5652353268645521,0.0,0.327647864818573,0.013528005219995975,0,1,45,39,-1,perm_test,0.004975124378109453,0.044283476301450055,89,39,50,0.16666666666666666,0.004987388849258423,1,0.5,0.0,0.0,0.0,0,none,0,1,0,overconfident,0.95,0,mild_drift,0.9621233468334554,0.001269076060779369,0.8123598100632524,0.8606058598409638,1768131624.320741,0.1257944256067276,0.16801553964614868
260,16640,16639,sea_abrupt4,sea,ts_drift_adapt,4,"error_divergence_ph_meta@error.threshold=0.10,error.min_instances=5",error_divergence_ph_meta,"{""divergence"": {""alpha"": 0.1, ""delta"": 0.005, ""min_instances"": 30, ""threshold"": 0.05}, ""error_rate"": {""alpha"": 0.15, ""delta"": 0.005, ""min_instances"": 5, ""threshold"": 0.1}}","{""error_rate"": {""min_instances"": 5, ""threshold"": 0.1}}",0.1,0.005,0.15,5,0.05,0.005,0.1,30,,,,-1,two_stage,2,0.5,"__confirm_cooldown=200,__confirm_rule=perm_test,__perm_alpha=0.02,__perm_delta_k=25,__perm_min_effect=0,__perm_n_perm=200,__perm_post_n=50,__perm_pre_n=200,__perm_rng_seed=0,__perm_stat=delta_fused_score,divergence=0.3,error_rate=0.5,teacher_entropy=0.2",3,0,200,0.0,0,10000,10.0,25.0,200,500,0,0,1.0,0.8167067307692307,0.5662234086197371,0.0,0.280737966299057,0.009559612721204758,0,0,45,39,-1,perm_test,0.004975124378109453,0.044283476301450055,89,39,50,0.0,0.003968392498791218,0,0.0,0.0,0.0,0.0,0,none,0,1,0,overconfident,0.95,0,mild_drift,0.9612116734167276,0.0012845380303896847,0.8061799050316263,0.8578029299204819,1768131624.33139,0.24849645793437958,0.12583723664283752
261,16704,16703,sea_abrupt4,sea,ts_drift_adapt,4,"error_divergence_ph_meta@error.threshold=0.10,error.min_instances=5",error_divergence_ph_meta,"{""divergence"": {""alpha"": 0.1, ""delta"": 0.005, ""min_instances"": 30, ""threshold"": 0.05}, ""error_rate"": {""alpha"": 0.15, ""delta"": 0.005, ""min_instances"": 5, ""threshold"": 0.1}}","{""error_rate"": {""min_instances"": 5, ""threshold"": 0.1}}",0.1,0.005,0.15,5,0.05,0.005,0.1,30,,,,-1,two_stage,2,0.5,"__confirm_cooldown=200,__confirm_rule=perm_test,__perm_alpha=0.02,__perm_delta_k=25,__perm_min_effect=0,__perm_n_perm=200,__perm_post_n=50,__perm_pre_n=200,__perm_rng_seed=0,__perm_stat=delta_fused_score,divergence=0.3,error_rate=0.5,teacher_entropy=0.2",3,0,200,0.0,0,10000,10.0,25.0,200,500,0,0,1.0,0.8169899425287356,0.566893880004664,0.0,0.2954041659832001,0.009705347009003162,0,0,45,39,-1,perm_test,0.004975124378109453,0.044283476301450055,89,39,50,0.0,0.0001457342877984047,0,0.0,0.0,0.0,0.0,0,none,0,1,0,overconfident,0.95,0,mild_drift,0.9607558367083637,0.0012922690151948423,0.8030899525158132,0.8564014649602409,1768131624.3421109,0.18885590136051178,0.11623872816562653
262,16768,16767,sea_abrupt4,sea,ts_drift_adapt,4,"error_divergence_ph_meta@error.threshold=0.10,error.min_instances=5",error_divergence_ph_meta,"{""divergence"": {""alpha"": 0.1, ""delta"": 0.005, ""min_instances"": 30, ""threshold"": 0.05}, ""error_rate"": {""alpha"": 0.15, ""delta"": 0.005, ""min_instances"": 5, ""threshold"": 0.1}}","{""error_rate"": {""min_instances"": 5, ""threshold"": 0.1}}",0.1,0.005,0.15,5,0.05,0.005,0.1,30,,,,-1,two_stage,2,0.5,"__confirm_cooldown=200,__confirm_rule=perm_test,__perm_alpha=0.02,__perm_delta_k=25,__perm_min_effect=0,__perm_n_perm=200,__perm_post_n=50,__perm_pre_n=200,__perm_rng_seed=0,__perm_stat=delta_fused_score,divergence=0.3,error_rate=0.5,teacher_entropy=0.2",3,0,200,0.0,0,10000,10.0,25.0,200,500,0,0,1.0,0.8169728053435115,0.5672002297007281,0.3333333333333333,0.36341339349746704,0.010867990553379059,0,0,45,39,-1,perm_test,0.004975124378109453,0.044283476301450055,89,39,50,0.0,0.3333333333333333,0,0.0,0.0,0.0,0.0,0,none,0,1,0,overconfident,0.95,0,mild_drift,0.9605279183541818,0.0012961345075974211,0.8015449762579065,0.8557007324801205,1768131624.3528352,0.3587838411331177,0.13378214836120605
263,16832,16831,sea_abrupt4,sea,ts_drift_adapt,4,"error_divergence_ph_meta@error.threshold=0.10,error.min_instances=5",error_divergence_ph_meta,"{""divergence"": {""alpha"": 0.1, ""delta"": 0.005, ""min_instances"": 30, ""threshold"": 0.05}, ""error_rate"": {""alpha"": 0.15, ""delta"": 0.005, ""min_instances"": 5, ""threshold"": 0.1}}","{""error_rate"": {""min_instances"": 5, ""threshold"": 0.1}}",0.1,0.005,0.15,5,0.05,0.005,0.1,30,,,,-1,two_stage,2,0.5,"__confirm_cooldown=200,__confirm_rule=perm_test,__perm_alpha=0.02,__perm_delta_k=25,__perm_min_effect=0,__perm_n_perm=200,__perm_post_n=50,__perm_pre_n=200,__perm_rng_seed=0,__perm_stat=delta_fused_score,divergence=0.3,error_rate=0.5,teacher_entropy=0.2",3,0,200,0.0,0,10000,10.0,25.0,200,500,0,0,1.0,0.817134030418251,0.5677651267241876,0.16666666666666666,0.3276762366294861,0.011824519373476505,0,0,45,39,-1,perm_test,0.004975124378109453,0.044283476301450055,89,39,50,0.0,0.16666666666666666,0,0.0,0.0,0.0,0.0,0,none,0,1,0,overconfident,0.95,0,mild_drift,0.9604139591770908,0.0012980672537987108,0.8007724881289533,0.8553503662400602,1768131624.3636186,0.3176436722278595,0.13699902594089508
264,16896,16895,sea_abrupt4,sea,ts_drift_adapt,4,"error_divergence_ph_meta@error.threshold=0.10,error.min_instances=5",error_divergence_ph_meta,"{""divergence"": {""alpha"": 0.1, ""delta"": 0.005, ""min_instances"": 30, ""threshold"": 0.05}, ""error_rate"": {""alpha"": 0.15, ""delta"": 0.005, ""min_instances"": 5, ""threshold"": 0.1}}","{""error_rate"": {""min_instances"": 5, ""threshold"": 0.1}}",0.1,0.005,0.15,5,0.05,0.005,0.1,30,,,,-1,two_stage,2,0.5,"__confirm_cooldown=200,__confirm_rule=perm_test,__perm_alpha=0.02,__perm_delta_k=25,__perm_min_effect=0,__perm_n_perm=200,__perm_post_n=50,__perm_pre_n=200,__perm_rng_seed=0,__perm_stat=delta_fused_score,divergence=0.3,error_rate=0.5,teacher_entropy=0.2",3,0,200,0.0,0,10000,10.0,25.0,200,500,0,0,1.0,0.8169389204545454,0.5675064278176821,0.0,0.3453424572944641,0.011682970449328423,0,1,46,39,-1,perm_test,1.0,-0.12874391113749994,90,39,51,0.0,0.16666666666666666,1,0.5,0.0,0.0,0.0,0,none,0,1,0,overconfident,0.95,0,mild_drift,0.9603569795885454,0.0012990336268993556,0.8003862440644767,0.85517518312003,1768131624.3745825,0.17695653438568115,0.10275255143642426
265,16960,16959,sea_abrupt4,sea,ts_drift_adapt,4,"error_divergence_ph_meta@error.threshold=0.10,error.min_instances=5",error_divergence_ph_meta,"{""divergence"": {""alpha"": 0.1, ""delta"": 0.005, ""min_instances"": 30, ""threshold"": 0.05}, ""error_rate"": {""alpha"": 0.15, ""delta"": 0.005, ""min_instances"": 5, ""threshold"": 0.1}}","{""error_rate"": {""min_instances"": 5, ""threshold"": 0.1}}",0.1,0.005,0.15,5,0.05,0.005,0.1,30,,,,-1,two_stage,2,0.5,"__confirm_cooldown=200,__confirm_rule=perm_test,__perm_alpha=0.02,__perm_delta_k=25,__perm_min_effect=0,__perm_n_perm=200,__perm_post_n=50,__perm_pre_n=200,__perm_rng_seed=0,__perm_stat=delta_fused_score,divergence=0.3,error_rate=0.5,teacher_entropy=0.2",3,0,200,0.0,0,10000,10.0,25.0,200,500,0,0,1.0,0.8169811320754717,0.5678419020924647,0.0,0.352146714925766,0.010060816071927547,0,0,46,39,-1,perm_test,1.0,-0.00341159893927194,91,39,52,0.0,0.001622154377400875,0,0.0,0.0,0.0,0.0,0,none,0,1,0,overconfident,0.95,0,mild_drift,0.9603284897942727,0.001299516813449678,0.8001931220322384,0.855087591560015,1768131624.3874311,0.17424343526363373,0.12683644890785217
266,17024,17023,sea_abrupt4,sea,ts_drift_adapt,4,"error_divergence_ph_meta@error.threshold=0.10,error.min_instances=5",error_divergence_ph_meta,"{""divergence"": {""alpha"": 0.1, ""delta"": 0.005, ""min_instances"": 30, ""threshold"": 0.05}, ""error_rate"": {""alpha"": 0.15, ""delta"": 0.005, ""min_instances"": 5, ""threshold"": 0.1}}","{""error_rate"": {""min_instances"": 5, ""threshold"": 0.1}}",0.1,0.005,0.15,5,0.05,0.005,0.1,30,,,,-1,two_stage,2,0.5,"__confirm_cooldown=200,__confirm_rule=perm_test,__perm_alpha=0.02,__perm_delta_k=25,__perm_min_effect=0,__perm_n_perm=200,__perm_post_n=50,__perm_pre_n=200,__perm_rng_seed=0,__perm_stat=delta_fused_score,divergence=0.3,error_rate=0.5,teacher_entropy=0.2",3,0,200,0.0,0,10000,10.0,25.0,200,500,0,0,1.0,0.8170230263157895,0.5679650509436932,0.0,0.3560982346534729,0.008626917377114296,0,0,46,39,-1,perm_test,1.0,-0.04696008628347099,92,39,53,0.0,0.0014338986948132515,0,0.0,0.0,0.0,0.0,0,none,0,1,0,overconfident,0.95,0,mild_drift,0.9603142448971362,0.001299758406724839,0.8000965610161193,0.8550437957800074,1768131624.4011636,0.02857738733291626,0.10627222061157227
267,17088,17087,sea_abrupt4,sea,ts_drift_adapt,4,"error_divergence_ph_meta@error.threshold=0.10,error.min_instances=5",error_divergence_ph_meta,"{""divergence"": {""alpha"": 0.1, ""delta"": 0.005, ""min_instances"": 30, ""threshold"": 0.05}, ""error_rate"": {""alpha"": 0.15, ""delta"": 0.005, ""min_instances"": 5, ""threshold"": 0.1}}","{""error_rate"": {""min_instances"": 5, ""threshold"": 0.1}}",0.1,0.005,0.15,5,0.05,0.005,0.1,30,,,,-1,two_stage,2,0.5,"__confirm_cooldown=200,__confirm_rule=perm_test,__perm_alpha=0.02,__perm_delta_k=25,__perm_min_effect=0,__perm_n_perm=200,__perm_post_n=50,__perm_pre_n=200,__perm_rng_seed=0,__perm_stat=delta_fused_score,divergence=0.3,error_rate=0.5,teacher_entropy=0.2",3,0,200,0.0,0,10000,10.0,25.0,200,500,0,0,1.0,0.8171231273408239,0.5679155654582186,0.16666666666666666,0.3135582208633423,0.009202401153743267,0,0,46,39,-1,perm_test,0.1691542288557214,0.008879943653098687,93,39,54,0.0,0.16666666666666666,0,0.0,0.0,0.0,0.0,0,none,0,1,0,overconfident,0.95,0,mild_drift,0.9603071224485681,0.0012998792033624197,0.8000482805080597,0.8550218978900037,1768131624.420098,0.5941190123558044,0.09270378947257996
268,17152,17151,sea_abrupt4,sea,ts_drift_adapt,4,"error_divergence_ph_meta@error.threshold=0.10,error.min_instances=5",error_divergence_ph_meta,"{""divergence"": {""alpha"": 0.1, ""delta"": 0.005, ""min_instances"": 30, ""threshold"": 0.05}, ""error_rate"": {""alpha"": 0.15, ""delta"": 0.005, ""min_instances"": 5, ""threshold"": 0.1}}","{""error_rate"": {""min_instances"": 5, ""threshold"": 0.1}}",0.1,0.005,0.15,5,0.05,0.005,0.1,30,,,,-1,two_stage,2,0.5,"__confirm_cooldown=200,__confirm_rule=perm_test,__perm_alpha=0.02,__perm_delta_k=25,__perm_min_effect=0,__perm_n_perm=200,__perm_post_n=50,__perm_pre_n=200,__perm_rng_seed=0,__perm_stat=delta_fused_score,divergence=0.3,error_rate=0.5,teacher_entropy=0.2",3,0,200,0.0,0,10000,10.0,25.0,200,500,0,0,1.0,0.8171641791044776,0.5680999950200595,0.0,0.3354147970676422,0.010582330636680126,0,0,46,39,-1,perm_test,0.1691542288557214,0.008879943653098687,93,39,54,0.0,0.16666666666666666,0,0.0,0.0,0.0,0.0,0,none,0,1,0,overconfident,0.95,0,mild_drift,0.9603035612242841,0.00129993960168121,0.8000241402540298,0.8550109489450018,1768131624.4305458,0.06272055953741074,0.08456780761480331
269,17216,17215,sea_abrupt4,sea,ts_drift_adapt,4,"error_divergence_ph_meta@error.threshold=0.10,error.min_instances=5",error_divergence_ph_meta,"{""divergence"": {""alpha"": 0.1, ""delta"": 0.005, ""min_instances"": 30, ""threshold"": 0.05}, ""error_rate"": {""alpha"": 0.15, ""delta"": 0.005, ""min_instances"": 5, ""threshold"": 0.1}}","{""error_rate"": {""min_instances"": 5, ""threshold"": 0.1}}",0.1,0.005,0.15,5,0.05,0.005,0.1,30,,,,-1,two_stage,2,0.5,"__confirm_cooldown=200,__confirm_rule=perm_test,__perm_alpha=0.02,__perm_delta_k=25,__perm_min_effect=0,__perm_n_perm=200,__perm_post_n=50,__perm_pre_n=200,__perm_rng_seed=0,__perm_stat=delta_fused_score,divergence=0.3,error_rate=0.5,teacher_entropy=0.2",3,0,200,0.0,0,10000,10.0,25.0,200,500,0,0,1.0,0.8169725836431226,0.5677133176318847,0.16666666666666666,0.29559484124183655,0.010479111224412918,1,1,47,40,0,perm_test,0.004975124378109453,0.03496824871658516,94,40,54,0.16666666666666666,0.16666666666666666,1,0.5,0.0,0.0,0.0,0,none,1,1,0,overconfident,0.95,0,severe_drift,0.925651780612142,0.001649969800840605,0.6500120701270149,0.8325054744725009,1768131624.44631,0.1851232498884201,0.07856416702270508
270,17280,17279,sea_abrupt4,sea,ts_drift_adapt,4,"error_divergence_ph_meta@error.threshold=0.10,error.min_instances=5",error_divergence_ph_meta,"{""divergence"": {""alpha"": 0.1, ""delta"": 0.005, ""min_instances"": 30, ""threshold"": 0.05}, ""error_rate"": {""alpha"": 0.15, ""delta"": 0.005, ""min_instances"": 5, ""threshold"": 0.1}}","{""error_rate"": {""min_instances"": 5, ""threshold"": 0.1}}",0.1,0.005,0.15,5,0.05,0.005,0.1,30,,,,-1,two_stage,2,0.5,"__confirm_cooldown=200,__confirm_rule=perm_test,__perm_alpha=0.02,__perm_delta_k=25,__perm_min_effect=0,__perm_n_perm=200,__perm_post_n=50,__perm_pre_n=200,__perm_rng_seed=0,__perm_stat=delta_fused_score,divergence=0.3,error_rate=0.5,teacher_entropy=0.2",3,0,200,0.0,0,10000,10.0,25.0,200,500,1,136,1.0,0.8170138888888889,0.5680896876379181,0.16666666666666666,0.31101855635643005,0.010130997747182846,0,0,47,40,-1,perm_test,0.004975124378109453,0.03496824871658516,94,40,54,0.0,0.000348113477230072,0,0.0,0.0,0.0,0.0,0,none,0,1,0,overconfident,0.95,0,mild_drift,0.942975890306071,0.0014749849004203025,0.7250060350635075,0.8437527372362504,1768131624.4565918,0.16788379848003387,0.09015209972858429
271,17344,17343,sea_abrupt4,sea,ts_drift_adapt,4,"error_divergence_ph_meta@error.threshold=0.10,error.min_instances=5",error_divergence_ph_meta,"{""divergence"": {""alpha"": 0.1, ""delta"": 0.005, ""min_instances"": 30, ""threshold"": 0.05}, ""error_rate"": {""alpha"": 0.15, ""delta"": 0.005, ""min_instances"": 5, ""threshold"": 0.1}}","{""error_rate"": {""min_instances"": 5, ""threshold"": 0.1}}",0.1,0.005,0.15,5,0.05,0.005,0.1,30,,,,-1,two_stage,2,0.5,"__confirm_cooldown=200,__confirm_rule=perm_test,__perm_alpha=0.02,__perm_delta_k=25,__perm_min_effect=0,__perm_n_perm=200,__perm_post_n=50,__perm_pre_n=200,__perm_rng_seed=0,__perm_stat=delta_fused_score,divergence=0.3,error_rate=0.5,teacher_entropy=0.2",3,0,200,0.0,0,10000,10.0,25.0,200,500,1,72,1.0,0.8171702029520295,0.5683722976721599,0.16666666666666666,0.2786950170993805,0.011883248575031757,0,0,47,40,-1,perm_test,0.004975124378109453,0.03496824871658516,94,40,54,0.0,0.0017522508278489113,0,0.0,0.0,0.0,0.0,0,none,0,1,0,overconfident,0.95,0,mild_drift,0.9516379451530355,0.0013874924502101514,0.7625030175317538,0.8493763686181253,1768131624.4668117,0.21730202436447144,0.10244033485651016
272,17408,17407,sea_abrupt4,sea,ts_drift_adapt,4,"error_divergence_ph_meta@error.threshold=0.10,error.min_instances=5",error_divergence_ph_meta,"{""divergence"": {""alpha"": 0.1, ""delta"": 0.005, ""min_instances"": 30, ""threshold"": 0.05}, ""error_rate"": {""alpha"": 0.15, ""delta"": 0.005, ""min_instances"": 5, ""threshold"": 0.1}}","{""error_rate"": {""min_instances"": 5, ""threshold"": 0.1}}",0.1,0.005,0.15,5,0.05,0.005,0.1,30,,,,-1,two_stage,2,0.5,"__confirm_cooldown=200,__confirm_rule=perm_test,__perm_alpha=0.02,__perm_delta_k=25,__perm_min_effect=0,__perm_n_perm=200,__perm_post_n=50,__perm_pre_n=200,__perm_rng_seed=0,__perm_stat=delta_fused_score,divergence=0.3,error_rate=0.5,teacher_entropy=0.2",3,0,200,0.0,0,10000,10.0,25.0,200,500,1,8,1.0,0.8172104779411765,0.5686813997563193,0.3333333333333333,0.2801986336708069,0.00922367349267006,0,0,47,40,-1,perm_test,0.004975124378109453,0.03496824871658516,94,40,54,0.0,0.16666666666666666,0,0.0,0.0,0.0,0.0,0,none,0,1,0,overconfident,0.95,0,mild_drift,0.9559689725765177,0.001343746225105076,0.7812515087658769,0.8521881843090626,1768131624.4768646,0.9426077008247375,0.10273705422878265
273,17472,17471,sea_abrupt4,sea,ts_drift_adapt,4,"error_divergence_ph_meta@error.threshold=0.10,error.min_instances=5",error_divergence_ph_meta,"{""divergence"": {""alpha"": 0.1, ""delta"": 0.005, ""min_instances"": 30, ""threshold"": 0.05}, ""error_rate"": {""alpha"": 0.15, ""delta"": 0.005, ""min_instances"": 5, ""threshold"": 0.1}}","{""error_rate"": {""min_instances"": 5, ""threshold"": 0.1}}",0.1,0.005,0.15,5,0.05,0.005,0.1,30,,,,-1,two_stage,2,0.5,"__confirm_cooldown=200,__confirm_rule=perm_test,__perm_alpha=0.02,__perm_delta_k=25,__perm_min_effect=0,__perm_n_perm=200,__perm_post_n=50,__perm_pre_n=200,__perm_rng_seed=0,__perm_stat=delta_fused_score,divergence=0.3,error_rate=0.5,teacher_entropy=0.2",3,0,200,0.0,0,10000,10.0,25.0,200,500,0,0,1.0,0.8173649267399268,0.5692779723887484,0.0,0.276136189699173,0.01812094822525978,0,0,47,40,-1,perm_test,0.004975124378109453,0.03496824871658516,94,40,54,0.0,0.3333333333333333,0,0.0,0.0,0.0,0.0,0,none,0,1,0,overconfident,0.95,0,mild_drift,0.9581344862882588,0.001321873112552538,0.7906257543829385,0.8535940921545313,1768131624.4872165,0.06301378458738327,0.18894773721694946
274,17536,17535,sea_abrupt4,sea,ts_drift_adapt,4,"error_divergence_ph_meta@error.threshold=0.10,error.min_instances=5",error_divergence_ph_meta,"{""divergence"": {""alpha"": 0.1, ""delta"": 0.005, ""min_instances"": 30, ""threshold"": 0.05}, ""error_rate"": {""alpha"": 0.15, ""delta"": 0.005, ""min_instances"": 5, ""threshold"": 0.1}}","{""error_rate"": {""min_instances"": 5, ""threshold"": 0.1}}",0.1,0.005,0.15,5,0.05,0.005,0.1,30,,,,-1,two_stage,2,0.5,"__confirm_cooldown=200,__confirm_rule=perm_test,__perm_alpha=0.02,__perm_delta_k=25,__perm_min_effect=0,__perm_n_perm=200,__perm_post_n=50,__perm_pre_n=200,__perm_rng_seed=0,__perm_stat=delta_fused_score,divergence=0.3,error_rate=0.5,teacher_entropy=0.2",3,0,200,0.0,0,10000,10.0,25.0,200,500,0,0,1.0,0.8173471715328468,0.569435784785841,0.3333333333333333,0.31804603338241577,0.019918210804462433,1,1,48,41,0,perm_test,0.004975124378109453,0.11768051669501157,95,41,54,0.16666666666666666,0.3333333333333333,1,0.5,0.0,0.0,0.0,0,none,1,1,0,overconfident,0.95,0,severe_drift,0.9245672431441294,0.001660936556276269,0.6453128771914692,0.8317970460772657,1768131624.503445,0.5841652750968933,0.19811584055423737
275,17600,17599,sea_abrupt4,sea,ts_drift_adapt,4,"error_divergence_ph_meta@error.threshold=0.10,error.min_instances=5",error_divergence_ph_meta,"{""divergence"": {""alpha"": 0.1, ""delta"": 0.005, ""min_instances"": 30, ""threshold"": 0.05}, ""error_rate"": {""alpha"": 0.15, ""delta"": 0.005, ""min_instances"": 5, ""threshold"": 0.1}}","{""error_rate"": {""min_instances"": 5, ""threshold"": 0.1}}",0.1,0.005,0.15,5,0.05,0.005,0.1,30,,,,-1,two_stage,2,0.5,"__confirm_cooldown=200,__confirm_rule=perm_test,__perm_alpha=0.02,__perm_delta_k=25,__perm_min_effect=0,__perm_n_perm=200,__perm_post_n=50,__perm_pre_n=200,__perm_rng_seed=0,__perm_stat=delta_fused_score,divergence=0.3,error_rate=0.5,teacher_entropy=0.2",3,0,200,0.0,0,10000,10.0,25.0,200,500,1,136,1.0,0.8175,0.5699170081454148,0.16666666666666666,0.31607818603515625,0.011234966106712818,0,0,48,41,-1,perm_test,0.004975124378109453,0.11768051669501157,95,41,54,0.0,0.16666666666666666,0,0.0,0.0,0.0,0.0,0,none,0,1,0,overconfident,0.95,0,mild_drift,0.9424336215720647,0.0014804682781381345,0.7226564385957346,0.8433985230386328,1768131624.5139828,0.40946659445762634,0.12780027091503143
276,17664,17663,sea_abrupt4,sea,ts_drift_adapt,4,"error_divergence_ph_meta@error.threshold=0.10,error.min_instances=5",error_divergence_ph_meta,"{""divergence"": {""alpha"": 0.1, ""delta"": 0.005, ""min_instances"": 30, ""threshold"": 0.05}, ""error_rate"": {""alpha"": 0.15, ""delta"": 0.005, ""min_instances"": 5, ""threshold"": 0.1}}","{""error_rate"": {""min_instances"": 5, ""threshold"": 0.1}}",0.1,0.005,0.15,5,0.05,0.005,0.1,30,,,,-1,two_stage,2,0.5,"__confirm_cooldown=200,__confirm_rule=perm_test,__perm_alpha=0.02,__perm_delta_k=25,__perm_min_effect=0,__perm_n_perm=200,__perm_post_n=50,__perm_pre_n=200,__perm_rng_seed=0,__perm_stat=delta_fused_score,divergence=0.3,error_rate=0.5,teacher_entropy=0.2",3,0,200,0.0,0,10000,10.0,25.0,200,500,1,72,1.0,0.8179347826086957,0.5709851817105522,0.16666666666666666,0.2316274344921112,0.007252532988786697,0,0,48,41,-1,perm_test,0.004975124378109453,0.11768051669501157,95,41,54,0.0,0.003982433117926121,0,0.0,0.0,0.0,0.0,0,none,0,1,0,overconfident,0.95,0,mild_drift,0.9513668107860322,0.0013902341390690672,0.7613282192978673,0.8491992615193165,1768131624.5244427,0.3217138946056366,0.0865696519613266
277,17728,17727,sea_abrupt4,sea,ts_drift_adapt,4,"error_divergence_ph_meta@error.threshold=0.10,error.min_instances=5",error_divergence_ph_meta,"{""divergence"": {""alpha"": 0.1, ""delta"": 0.005, ""min_instances"": 30, ""threshold"": 0.05}, ""error_rate"": {""alpha"": 0.15, ""delta"": 0.005, ""min_instances"": 5, ""threshold"": 0.1}}","{""error_rate"": {""min_instances"": 5, ""threshold"": 0.1}}",0.1,0.005,0.15,5,0.05,0.005,0.1,30,,,,-1,two_stage,2,0.5,"__confirm_cooldown=200,__confirm_rule=perm_test,__perm_alpha=0.02,__perm_delta_k=25,__perm_min_effect=0,__perm_n_perm=200,__perm_post_n=50,__perm_pre_n=200,__perm_rng_seed=0,__perm_stat=delta_fused_score,divergence=0.3,error_rate=0.5,teacher_entropy=0.2",3,0,200,0.0,0,10000,10.0,25.0,200,500,1,8,1.0,0.8180279783393501,0.5714326715402642,0.5,0.2843734920024872,0.006482965312898159,0,0,48,41,-1,perm_test,0.004975124378109453,0.11768051669501157,95,41,54,0.0,0.33333333333333337,0,0.0,0.0,0.0,0.0,0,none,0,1,0,overconfident,0.95,0,mild_drift,0.9558334053930161,0.0013451170695345338,0.7806641096489337,0.8520996307596582,1768131624.5349767,0.7209591269493103,0.08914614468812943
278,17792,17791,sea_abrupt4,sea,ts_drift_adapt,4,"error_divergence_ph_meta@error.threshold=0.10,error.min_instances=5",error_divergence_ph_meta,"{""divergence"": {""alpha"": 0.1, ""delta"": 0.005, ""min_instances"": 30, ""threshold"": 0.05}, ""error_rate"": {""alpha"": 0.15, ""delta"": 0.005, ""min_instances"": 5, ""threshold"": 0.1}}","{""error_rate"": {""min_instances"": 5, ""threshold"": 0.1}}",0.1,0.005,0.15,5,0.05,0.005,0.1,30,,,,-1,two_stage,2,0.5,"__confirm_cooldown=200,__confirm_rule=perm_test,__perm_alpha=0.02,__perm_delta_k=25,__perm_min_effect=0,__perm_n_perm=200,__perm_post_n=50,__perm_pre_n=200,__perm_rng_seed=0,__perm_stat=delta_fused_score,divergence=0.3,error_rate=0.5,teacher_entropy=0.2",3,0,200,0.0,0,10000,10.0,25.0,200,500,0,0,1.0,0.8180080935251799,0.5715716778134909,0.3333333333333333,0.2632039785385132,0.004165520891547203,0,0,48,41,-1,perm_test,0.004975124378109453,0.11768051669501157,95,41,54,0.0,0.16666666666666669,0,0.0,0.0,0.0,0.0,0,none,0,1,0,overconfident,0.95,0,mild_drift,0.958066702696508,0.001322558534767267,0.7903320548244669,0.8535498153798291,1768131624.545748,0.4945255517959595,0.06452866643667221
279,17856,17855,sea_abrupt4,sea,ts_drift_adapt,4,"error_divergence_ph_meta@error.threshold=0.10,error.min_instances=5",error_divergence_ph_meta,"{""divergence"": {""alpha"": 0.1, ""delta"": 0.005, ""min_instances"": 30, ""threshold"": 0.05}, ""error_rate"": {""alpha"": 0.15, ""delta"": 0.005, ""min_instances"": 5, ""threshold"": 0.1}}","{""error_rate"": {""min_instances"": 5, ""threshold"": 0.1}}",0.1,0.005,0.15,5,0.05,0.005,0.1,30,,,,-1,two_stage,2,0.5,"__confirm_cooldown=200,__confirm_rule=perm_test,__perm_alpha=0.02,__perm_delta_k=25,__perm_min_effect=0,__perm_n_perm=200,__perm_post_n=50,__perm_pre_n=200,__perm_rng_seed=0,__perm_stat=delta_fused_score,divergence=0.3,error_rate=0.5,teacher_entropy=0.2",3,0,200,0.0,0,10000,10.0,25.0,200,500,0,0,1.0,0.8179323476702509,0.5716782856629145,0.3333333333333333,0.3249129354953766,0.015422049909830093,0,1,49,41,-1,perm_test,1.0,-0.04639370591432412,96,41,55,0.0,0.01125652901828289,1,0.5,0.0,0.0,0.0,0,none,0,1,0,overconfident,0.95,0,mild_drift,0.9591833513482539,0.0013112792673836337,0.7951660274122334,0.8542749076899145,1768131624.5568197,0.6088950037956238,0.12297862023115158
280,17920,17919,sea_abrupt4,sea,ts_drift_adapt,4,"error_divergence_ph_meta@error.threshold=0.10,error.min_instances=5",error_divergence_ph_meta,"{""divergence"": {""alpha"": 0.1, ""delta"": 0.005, ""min_instances"": 30, ""threshold"": 0.05}, ""error_rate"": {""alpha"": 0.15, ""delta"": 0.005, ""min_instances"": 5, ""threshold"": 0.1}}","{""error_rate"": {""min_instances"": 5, ""threshold"": 0.1}}",0.1,0.005,0.15,5,0.05,0.005,0.1,30,,,,-1,two_stage,2,0.5,"__confirm_cooldown=200,__confirm_rule=perm_test,__perm_alpha=0.02,__perm_delta_k=25,__perm_min_effect=0,__perm_n_perm=200,__perm_post_n=50,__perm_pre_n=200,__perm_rng_seed=0,__perm_stat=delta_fused_score,divergence=0.3,error_rate=0.5,teacher_entropy=0.2",3,0,200,0.0,0,10000,10.0,25.0,200,500,0,0,1.0,0.8179129464285714,0.5716786551504868,0.3333333333333333,0.2636738717556,0.012106955982744694,0,0,49,41,-1,perm_test,1.0,-0.05788468172526194,97,41,56,0.0,0.0033150939270853996,0,0.0,0.0,0.0,0.0,0,none,0,1,0,overconfident,0.95,0,mild_drift,0.9597416756741269,0.0013056396336918168,0.7975830137061167,0.8546374538449573,1768131624.5679042,0.439736932516098,0.09620514512062073
281,17984,17983,sea_abrupt4,sea,ts_drift_adapt,4,"error_divergence_ph_meta@error.threshold=0.10,error.min_instances=5",error_divergence_ph_meta,"{""divergence"": {""alpha"": 0.1, ""delta"": 0.005, ""min_instances"": 30, ""threshold"": 0.05}, ""error_rate"": {""alpha"": 0.15, ""delta"": 0.005, ""min_instances"": 5, ""threshold"": 0.1}}","{""error_rate"": {""min_instances"": 5, ""threshold"": 0.1}}",0.1,0.005,0.15,5,0.05,0.005,0.1,30,,,,-1,two_stage,2,0.5,"__confirm_cooldown=200,__confirm_rule=perm_test,__perm_alpha=0.02,__perm_delta_k=25,__perm_min_effect=0,__perm_n_perm=200,__perm_post_n=50,__perm_pre_n=200,__perm_rng_seed=0,__perm_stat=delta_fused_score,divergence=0.3,error_rate=0.5,teacher_entropy=0.2",3,0,200,0.0,0,10000,10.0,25.0,200,500,0,0,1.0,0.818116103202847,0.572337516480723,0.0,0.2642500102519989,0.01659030094742775,0,0,49,41,-1,perm_test,1.0,-0.11617216654147194,98,41,57,0.0,0.3333333333333333,0,0.0,0.0,0.0,0.0,0,none,0,1,0,overconfident,0.95,0,mild_drift,0.9600208378370634,0.0013028198168459084,0.7987915068530584,0.8548187269224786,1768131624.578777,0.23357121646404266,0.14507606625556946
282,18048,18047,sea_abrupt4,sea,ts_drift_adapt,4,"error_divergence_ph_meta@error.threshold=0.10,error.min_instances=5",error_divergence_ph_meta,"{""divergence"": {""alpha"": 0.1, ""delta"": 0.005, ""min_instances"": 30, ""threshold"": 0.05}, ""error_rate"": {""alpha"": 0.15, ""delta"": 0.005, ""min_instances"": 5, ""threshold"": 0.1}}","{""error_rate"": {""min_instances"": 5, ""threshold"": 0.1}}",0.1,0.005,0.15,5,0.05,0.005,0.1,30,,,,-1,two_stage,2,0.5,"__confirm_cooldown=200,__confirm_rule=perm_test,__perm_alpha=0.02,__perm_delta_k=25,__perm_min_effect=0,__perm_n_perm=200,__perm_post_n=50,__perm_pre_n=200,__perm_rng_seed=0,__perm_stat=delta_fused_score,divergence=0.3,error_rate=0.5,teacher_entropy=0.2",3,0,200,0.0,0,10000,10.0,25.0,200,500,0,0,1.0,0.8178191489361702,0.5717835787124185,0.5,0.3041767179965973,0.017232369631528854,1,0,49,42,3,perm_test,0.004975124378109453,0.14782767776384612,99,42,57,0.0,0.5,0,0.0,0.0,0.0,0.0,0,none,1,1,0,overconfident,0.95,0,stable,0.9750104189185317,0.0010514099084229542,0.8993957534265292,0.8999093634612394,1768131624.5979366,0.7595668435096741,0.1582183837890625
283,18112,18111,sea_abrupt4,sea,ts_drift_adapt,4,"error_divergence_ph_meta@error.threshold=0.10,error.min_instances=5",error_divergence_ph_meta,"{""divergence"": {""alpha"": 0.1, ""delta"": 0.005, ""min_instances"": 30, ""threshold"": 0.05}, ""error_rate"": {""alpha"": 0.15, ""delta"": 0.005, ""min_instances"": 5, ""threshold"": 0.1}}","{""error_rate"": {""min_instances"": 5, ""threshold"": 0.1}}",0.1,0.005,0.15,5,0.05,0.005,0.1,30,,,,-1,two_stage,2,0.5,"__confirm_cooldown=200,__confirm_rule=perm_test,__perm_alpha=0.02,__perm_delta_k=25,__perm_min_effect=0,__perm_n_perm=200,__perm_post_n=50,__perm_pre_n=200,__perm_rng_seed=0,__perm_stat=delta_fused_score,divergence=0.3,error_rate=0.5,teacher_entropy=0.2",3,0,200,0.0,0,10000,10.0,25.0,200,500,1,136,1.0,0.8180212014134276,0.5721235193979066,0.0,0.27372512221336365,0.008195515722036362,0,0,49,42,-1,perm_test,0.004975124378109453,0.14782767776384612,99,42,57,0.0,0.5,0,0.0,0.0,0.0,0.0,0,none,0,1,0,overconfident,0.95,0,mild_drift,0.9676552094592659,0.0011757049542114773,0.8496978767132646,0.8774546817306197,1768131624.6113055,0.09084224700927734,0.08596543967723846
284,18176,18175,sea_abrupt4,sea,ts_drift_adapt,4,"error_divergence_ph_meta@error.threshold=0.10,error.min_instances=5",error_divergence_ph_meta,"{""divergence"": {""alpha"": 0.1, ""delta"": 0.005, ""min_instances"": 30, ""threshold"": 0.05}, ""error_rate"": {""alpha"": 0.15, ""delta"": 0.005, ""min_instances"": 5, ""threshold"": 0.1}}","{""error_rate"": {""min_instances"": 5, ""threshold"": 0.1}}",0.1,0.005,0.15,5,0.05,0.005,0.1,30,,,,-1,two_stage,2,0.5,"__confirm_cooldown=200,__confirm_rule=perm_test,__perm_alpha=0.02,__perm_delta_k=25,__perm_min_effect=0,__perm_n_perm=200,__perm_post_n=50,__perm_pre_n=200,__perm_rng_seed=0,__perm_stat=delta_fused_score,divergence=0.3,error_rate=0.5,teacher_entropy=0.2",3,0,200,0.0,0,10000,10.0,25.0,200,500,1,72,1.0,0.8181668133802817,0.5725389327369151,0.0,0.27665945887565613,0.013489353470504284,0,1,49,42,-1,perm_test,0.004975124378109453,0.14782767776384612,99,42,57,0.3333333333333333,0.005293837748467922,1,0.5,0.0,0.0,0.0,0,none,0,1,0,overconfident,0.95,0,mild_drift,0.9639776047296329,0.0012378524771057388,0.8248489383566323,0.8662273408653098,1768131624.6234243,0.09101542085409164,0.11739054322242737
285,18240,18239,sea_abrupt4,sea,ts_drift_adapt,4,"error_divergence_ph_meta@error.threshold=0.10,error.min_instances=5",error_divergence_ph_meta,"{""divergence"": {""alpha"": 0.1, ""delta"": 0.005, ""min_instances"": 30, ""threshold"": 0.05}, ""error_rate"": {""alpha"": 0.15, ""delta"": 0.005, ""min_instances"": 5, ""threshold"": 0.1}}","{""error_rate"": {""min_instances"": 5, ""threshold"": 0.1}}",0.1,0.005,0.15,5,0.05,0.005,0.1,30,,,,-1,two_stage,2,0.5,"__confirm_cooldown=200,__confirm_rule=perm_test,__perm_alpha=0.02,__perm_delta_k=25,__perm_min_effect=0,__perm_n_perm=200,__perm_post_n=50,__perm_pre_n=200,__perm_rng_seed=0,__perm_stat=delta_fused_score,divergence=0.3,error_rate=0.5,teacher_entropy=0.2",3,0,200,0.0,0,10000,10.0,25.0,200,500,1,8,1.0,0.8180372807017544,0.5723609593311957,0.16666666666666666,0.3039695620536804,0.011760246939957142,0,0,49,42,-1,perm_test,0.004975124378109453,0.14782767776384612,99,42,57,0.0,0.16666666666666666,0,0.0,0.0,0.0,0.0,0,none,0,1,0,overconfident,0.95,0,mild_drift,0.9621388023648164,0.0012689262385528694,0.8124244691783162,0.8606136704326549,1768131624.6337245,0.7255339026451111,0.13208605349063873
286,18304,18303,sea_abrupt4,sea,ts_drift_adapt,4,"error_divergence_ph_meta@error.threshold=0.10,error.min_instances=5",error_divergence_ph_meta,"{""divergence"": {""alpha"": 0.1, ""delta"": 0.005, ""min_instances"": 30, ""threshold"": 0.05}, ""error_rate"": {""alpha"": 0.15, ""delta"": 0.005, ""min_instances"": 5, ""threshold"": 0.1}}","{""error_rate"": {""min_instances"": 5, ""threshold"": 0.1}}",0.1,0.005,0.15,5,0.05,0.005,0.1,30,,,,-1,two_stage,2,0.5,"__confirm_cooldown=200,__confirm_rule=perm_test,__perm_alpha=0.02,__perm_delta_k=25,__perm_min_effect=0,__perm_n_perm=200,__perm_post_n=50,__perm_pre_n=200,__perm_rng_seed=0,__perm_stat=delta_fused_score,divergence=0.3,error_rate=0.5,teacher_entropy=0.2",3,0,200,0.0,0,10000,10.0,25.0,200,500,0,0,1.0,0.818236451048951,0.5731117304299919,0.16666666666666666,0.267719030380249,0.01033391896635294,0,0,49,42,-1,perm_test,0.004975124378109453,0.14782767776384612,99,42,57,0.0,0.0014263279736042023,0,0.0,0.0,0.0,0.0,0,none,0,1,0,overconfident,0.95,0,mild_drift,0.9612194011824082,0.0012844631192764347,0.8062122345891581,0.8578068352163275,1768131624.644175,0.3321302533149719,0.10057787597179413
287,18368,18367,sea_abrupt4,sea,ts_drift_adapt,4,"error_divergence_ph_meta@error.threshold=0.10,error.min_instances=5",error_divergence_ph_meta,"{""divergence"": {""alpha"": 0.1, ""delta"": 0.005, ""min_instances"": 30, ""threshold"": 0.05}, ""error_rate"": {""alpha"": 0.15, ""delta"": 0.005, ""min_instances"": 5, ""threshold"": 0.1}}","{""error_rate"": {""min_instances"": 5, ""threshold"": 0.1}}",0.1,0.005,0.15,5,0.05,0.005,0.1,30,,,,-1,two_stage,2,0.5,"__confirm_cooldown=200,__confirm_rule=perm_test,__perm_alpha=0.02,__perm_delta_k=25,__perm_min_effect=0,__perm_n_perm=200,__perm_post_n=50,__perm_pre_n=200,__perm_rng_seed=0,__perm_stat=delta_fused_score,divergence=0.3,error_rate=0.5,teacher_entropy=0.2",3,0,200,0.0,0,10000,10.0,25.0,200,500,0,0,1.0,0.8184886759581882,0.5738055039807441,0.0,0.28716880083084106,0.012471172027289867,0,0,49,42,-1,perm_test,0.004975124378109453,0.14782767776384612,99,42,57,0.0,0.16666666666666666,0,0.0,0.0,0.0,0.0,0,none,0,1,0,overconfident,0.95,0,mild_drift,0.9607597005912041,0.0012922315596382173,0.803106117294579,0.8564034176081637,1768131624.6548014,0.0768866240978241,0.13767428696155548
288,18432,18431,sea_abrupt4,sea,ts_drift_adapt,4,"error_divergence_ph_meta@error.threshold=0.10,error.min_instances=5",error_divergence_ph_meta,"{""divergence"": {""alpha"": 0.1, ""delta"": 0.005, ""min_instances"": 30, ""threshold"": 0.05}, ""error_rate"": {""alpha"": 0.15, ""delta"": 0.005, ""min_instances"": 5, ""threshold"": 0.1}}","{""error_rate"": {""min_instances"": 5, ""threshold"": 0.1}}",0.1,0.005,0.15,5,0.05,0.005,0.1,30,,,,-1,two_stage,2,0.5,"__confirm_cooldown=200,__confirm_rule=perm_test,__perm_alpha=0.02,__perm_delta_k=25,__perm_min_effect=0,__perm_n_perm=200,__perm_post_n=50,__perm_pre_n=200,__perm_rng_seed=0,__perm_stat=delta_fused_score,divergence=0.3,error_rate=0.5,teacher_entropy=0.2",3,0,200,0.0,0,10000,10.0,25.0,200,500,0,0,1.0,0.8185221354166666,0.573928531327521,0.16666666666666666,0.251270592212677,0.013976285234093666,0,0,49,42,-1,perm_test,0.004975124378109453,0.14782767776384612,99,42,57,0.0,0.16666666666666666,0,0.0,0.0,0.0,0.0,0,none,0,1,0,overconfident,0.95,0,mild_drift,0.960529850295602,0.0012961157798191086,0.8015530586472895,0.8557017088040819,1768131624.6656601,0.2021755576133728,0.1419583261013031
289,18496,18495,sea_abrupt4,sea,ts_drift_adapt,4,"error_divergence_ph_meta@error.threshold=0.10,error.min_instances=5",error_divergence_ph_meta,"{""divergence"": {""alpha"": 0.1, ""delta"": 0.005, ""min_instances"": 30, ""threshold"": 0.05}, ""error_rate"": {""alpha"": 0.15, ""delta"": 0.005, ""min_instances"": 5, ""threshold"": 0.1}}","{""error_rate"": {""min_instances"": 5, ""threshold"": 0.1}}",0.1,0.005,0.15,5,0.05,0.005,0.1,30,,,,-1,two_stage,2,0.5,"__confirm_cooldown=200,__confirm_rule=perm_test,__perm_alpha=0.02,__perm_delta_k=25,__perm_min_effect=0,__perm_n_perm=200,__perm_post_n=50,__perm_pre_n=200,__perm_rng_seed=0,__perm_stat=delta_fused_score,divergence=0.3,error_rate=0.5,teacher_entropy=0.2",3,0,200,0.0,0,10000,10.0,25.0,200,500,0,0,1.0,0.8186634948096886,0.5741432162754773,0.0,0.29821205139160156,0.013397792354226112,0,1,50,42,-1,perm_test,1.0,-0.04945734763437413,100,42,58,0.0,0.16666666666666666,1,0.5,0.0,0.0,0.0,0,none,0,1,0,overconfident,0.95,0,mild_drift,0.9604149251478009,0.0012980578899095545,0.8007765293236448,0.855350854402041,1768131624.676848,0.20303232967853546,0.17065994441509247
290,18560,18559,sea_abrupt4,sea,ts_drift_adapt,4,"error_divergence_ph_meta@error.threshold=0.10,error.min_instances=5",error_divergence_ph_meta,"{""divergence"": {""alpha"": 0.1, ""delta"": 0.005, ""min_instances"": 30, ""threshold"": 0.05}, ""error_rate"": {""alpha"": 0.15, ""delta"": 0.005, ""min_instances"": 5, ""threshold"": 0.1}}","{""error_rate"": {""min_instances"": 5, ""threshold"": 0.1}}",0.1,0.005,0.15,5,0.05,0.005,0.1,30,,,,-1,two_stage,2,0.5,"__confirm_cooldown=200,__confirm_rule=perm_test,__perm_alpha=0.02,__perm_delta_k=25,__perm_min_effect=0,__perm_n_perm=200,__perm_post_n=50,__perm_pre_n=200,__perm_rng_seed=0,__perm_stat=delta_fused_score,divergence=0.3,error_rate=0.5,teacher_entropy=0.2",3,0,200,0.0,0,10000,10.0,25.0,200,500,0,0,1.0,0.8186961206896551,0.5743136906994291,0.16666666666666666,0.34597471356391907,0.013641786761581898,1,0,50,43,1,perm_test,0.004975124378109453,0.05903366281278849,101,43,58,0.0,0.16666666666666666,0,0.0,0.0,0.0,0.0,0,none,1,1,0,overconfident,0.95,0,stable,0.9752074625739005,0.0010490289449547772,0.9003882646618224,0.9001754272010205,1768131624.6935647,0.34199678897857666,0.14353080093860626
291,18624,18623,sea_abrupt4,sea,ts_drift_adapt,4,"error_divergence_ph_meta@error.threshold=0.10,error.min_instances=5",error_divergence_ph_meta,"{""divergence"": {""alpha"": 0.1, ""delta"": 0.005, ""min_instances"": 30, ""threshold"": 0.05}, ""error_rate"": {""alpha"": 0.15, ""delta"": 0.005, ""min_instances"": 5, ""threshold"": 0.1}}","{""error_rate"": {""min_instances"": 5, ""threshold"": 0.1}}",0.1,0.005,0.15,5,0.05,0.005,0.1,30,,,,-1,two_stage,2,0.5,"__confirm_cooldown=200,__confirm_rule=perm_test,__perm_alpha=0.02,__perm_delta_k=25,__perm_min_effect=0,__perm_n_perm=200,__perm_post_n=50,__perm_pre_n=200,__perm_rng_seed=0,__perm_stat=delta_fused_score,divergence=0.3,error_rate=0.5,teacher_entropy=0.2",3,0,200,0.0,0,10000,10.0,25.0,200,500,1,136,1.0,0.8189432989690721,0.5748703333466061,0.0,0.3359844386577606,0.009949511848390102,0,0,50,43,-1,perm_test,0.004975124378109453,0.05903366281278849,101,43,58,0.0,0.16666666666666666,0,0.0,0.0,0.0,0.0,0,none,0,1,0,overconfident,0.95,0,mild_drift,0.9677537312869502,0.0011745144724773886,0.8501941323309112,0.8775877136005102,1768131624.7039235,0.2548879086971283,0.11770986020565033
292,18688,18687,sea_abrupt4,sea,ts_drift_adapt,4,"error_divergence_ph_meta@error.threshold=0.10,error.min_instances=5",error_divergence_ph_meta,"{""divergence"": {""alpha"": 0.1, ""delta"": 0.005, ""min_instances"": 30, ""threshold"": 0.05}, ""error_rate"": {""alpha"": 0.15, ""delta"": 0.005, ""min_instances"": 5, ""threshold"": 0.1}}","{""error_rate"": {""min_instances"": 5, ""threshold"": 0.1}}",0.1,0.005,0.15,5,0.05,0.005,0.1,30,,,,-1,two_stage,2,0.5,"__confirm_cooldown=200,__confirm_rule=perm_test,__perm_alpha=0.02,__perm_delta_k=25,__perm_min_effect=0,__perm_n_perm=200,__perm_post_n=50,__perm_pre_n=200,__perm_rng_seed=0,__perm_stat=delta_fused_score,divergence=0.3,error_rate=0.5,teacher_entropy=0.2",3,0,200,0.0,0,10000,10.0,25.0,200,500,1,72,1.0,0.8192958047945206,0.5757053029522329,0.0,0.32588881254196167,0.011670023202896118,0,0,50,43,-1,perm_test,0.004975124378109453,0.05903366281278849,101,43,58,0.0,0.0017205113545060158,0,0.0,0.0,0.0,0.0,0,none,0,1,0,overconfident,0.95,0,mild_drift,0.9640268656434751,0.0012372572362386943,0.8250970661654556,0.8662938568002552,1768131624.7141986,0.1647716909646988,0.12427806109189987
293,18752,18751,sea_abrupt4,sea,ts_drift_adapt,4,"error_divergence_ph_meta@error.threshold=0.10,error.min_instances=5",error_divergence_ph_meta,"{""divergence"": {""alpha"": 0.1, ""delta"": 0.005, ""min_instances"": 30, ""threshold"": 0.05}, ""error_rate"": {""alpha"": 0.15, ""delta"": 0.005, ""min_instances"": 5, ""threshold"": 0.1}}","{""error_rate"": {""min_instances"": 5, ""threshold"": 0.1}}",0.1,0.005,0.15,5,0.05,0.005,0.1,30,,,,-1,two_stage,2,0.5,"__confirm_cooldown=200,__confirm_rule=perm_test,__perm_alpha=0.02,__perm_delta_k=25,__perm_min_effect=0,__perm_n_perm=200,__perm_post_n=50,__perm_pre_n=200,__perm_rng_seed=0,__perm_stat=delta_fused_score,divergence=0.3,error_rate=0.5,teacher_entropy=0.2",3,0,200,0.0,0,10000,10.0,25.0,200,500,1,8,1.0,0.8195392491467577,0.5763630365681143,0.16666666666666666,0.292751282453537,0.008133848197758198,0,0,50,43,-1,perm_test,0.004975124378109453,0.05903366281278849,101,43,58,0.0,0.16666666666666666,0,0.0,0.0,0.0,0.0,0,none,0,1,0,overconfident,0.95,0,mild_drift,0.9621634328217374,0.0012686286181193473,0.8125485330827278,0.8606469284001276,1768131624.7245758,0.33543404936790466,0.09574826806783676
294,18816,18815,sea_abrupt4,sea,ts_drift_adapt,4,"error_divergence_ph_meta@error.threshold=0.10,error.min_instances=5",error_divergence_ph_meta,"{""divergence"": {""alpha"": 0.1, ""delta"": 0.005, ""min_instances"": 30, ""threshold"": 0.05}, ""error_rate"": {""alpha"": 0.15, ""delta"": 0.005, ""min_instances"": 5, ""threshold"": 0.1}}","{""error_rate"": {""min_instances"": 5, ""threshold"": 0.1}}",0.1,0.005,0.15,5,0.05,0.005,0.1,30,,,,-1,two_stage,2,0.5,"__confirm_cooldown=200,__confirm_rule=perm_test,__perm_alpha=0.02,__perm_delta_k=25,__perm_min_effect=0,__perm_n_perm=200,__perm_post_n=50,__perm_pre_n=200,__perm_rng_seed=0,__perm_stat=delta_fused_score,divergence=0.3,error_rate=0.5,teacher_entropy=0.2",3,0,200,0.0,0,10000,10.0,25.0,200,500,0,0,1.0,0.8198341836734694,0.5770712507145425,0.16666666666666666,0.3164319097995758,0.009824037551879883,0,1,51,43,-1,perm_test,0.08955223880597014,0.00680480208043591,102,43,59,0.16666666666666666,0.001690189354121685,1,0.5,0.0,0.0,0.0,0,none,0,1,0,overconfident,0.95,0,mild_drift,0.9612317164108687,0.0012843143090596736,0.8062742665413639,0.8578234642000637,1768131624.740543,0.48494091629981995,0.12277839332818985
295,18880,18879,sea_abrupt4,sea,ts_drift_adapt,4,"error_divergence_ph_meta@error.threshold=0.10,error.min_instances=5",error_divergence_ph_meta,"{""divergence"": {""alpha"": 0.1, ""delta"": 0.005, ""min_instances"": 30, ""threshold"": 0.05}, ""error_rate"": {""alpha"": 0.15, ""delta"": 0.005, ""min_instances"": 5, ""threshold"": 0.1}}","{""error_rate"": {""min_instances"": 5, ""threshold"": 0.1}}",0.1,0.005,0.15,5,0.05,0.005,0.1,30,,,,-1,two_stage,2,0.5,"__confirm_cooldown=200,__confirm_rule=perm_test,__perm_alpha=0.02,__perm_delta_k=25,__perm_min_effect=0,__perm_n_perm=200,__perm_post_n=50,__perm_pre_n=200,__perm_rng_seed=0,__perm_stat=delta_fused_score,divergence=0.3,error_rate=0.5,teacher_entropy=0.2",3,0,200,0.0,0,10000,10.0,25.0,200,500,0,0,1.0,0.820021186440678,0.5776101981005632,0.0,0.32361188530921936,0.010821228846907616,0,0,51,43,-1,perm_test,1.0,-0.034776849843892454,103,43,60,0.0,0.16666666666666666,0,0.0,0.0,0.0,0.0,0,none,0,1,0,overconfident,0.95,0,mild_drift,0.9607658582054344,0.0012921571545298368,0.803137133270682,0.8564117321000319,1768131624.7509024,0.07323716580867767,0.1275816559791565
296,18944,18943,sea_abrupt4,sea,ts_drift_adapt,4,"error_divergence_ph_meta@error.threshold=0.10,error.min_instances=5",error_divergence_ph_meta,"{""divergence"": {""alpha"": 0.1, ""delta"": 0.005, ""min_instances"": 30, ""threshold"": 0.05}, ""error_rate"": {""alpha"": 0.15, ""delta"": 0.005, ""min_instances"": 5, ""threshold"": 0.1}}","{""error_rate"": {""min_instances"": 5, ""threshold"": 0.1}}",0.1,0.005,0.15,5,0.05,0.005,0.1,30,,,,-1,two_stage,2,0.5,"__confirm_cooldown=200,__confirm_rule=perm_test,__perm_alpha=0.02,__perm_delta_k=25,__perm_min_effect=0,__perm_n_perm=200,__perm_post_n=50,__perm_pre_n=200,__perm_rng_seed=0,__perm_stat=delta_fused_score,divergence=0.3,error_rate=0.5,teacher_entropy=0.2",3,0,200,0.0,0,10000,10.0,25.0,200,500,0,0,1.0,0.8202069256756757,0.5781151712166178,0.16666666666666666,0.3350050151348114,0.013842647895216942,1,0,51,44,2,perm_test,0.004975124378109453,0.04712104600907389,104,44,60,0.0,0.16666666666666666,0,0.0,0.0,0.0,0.0,0,none,1,1,0,overconfident,0.95,0,stable,0.9753829291027172,0.0010460785772649184,0.901568566635341,0.900705866050016,1768131624.7664092,0.23409847915172577,0.1444118618965149
297,19008,19007,sea_abrupt4,sea,ts_drift_adapt,4,"error_divergence_ph_meta@error.threshold=0.10,error.min_instances=5",error_divergence_ph_meta,"{""divergence"": {""alpha"": 0.1, ""delta"": 0.005, ""min_instances"": 30, ""threshold"": 0.05}, ""error_rate"": {""alpha"": 0.15, ""delta"": 0.005, ""min_instances"": 5, ""threshold"": 0.1}}","{""error_rate"": {""min_instances"": 5, ""threshold"": 0.1}}",0.1,0.005,0.15,5,0.05,0.005,0.1,30,,,,-1,two_stage,2,0.5,"__confirm_cooldown=200,__confirm_rule=perm_test,__perm_alpha=0.02,__perm_delta_k=25,__perm_min_effect=0,__perm_n_perm=200,__perm_post_n=50,__perm_pre_n=200,__perm_rng_seed=0,__perm_stat=delta_fused_score,divergence=0.3,error_rate=0.5,teacher_entropy=0.2",3,0,200,0.0,0,10000,10.0,25.0,200,500,1,136,1.0,0.8206018518518519,0.5794487427786172,0.16666666666666666,0.3141295611858368,0.017424723133444786,0,0,51,44,-1,perm_test,0.004975124378109453,0.04712104600907389,104,44,60,0.0,0.0035820752382278442,0,0.0,0.0,0.0,0.0,0,none,0,1,0,overconfident,0.95,0,mild_drift,0.9678414645513586,0.0011730392886324594,0.8507842833176705,0.877852933025008,1768131624.7763143,0.2255210280418396,0.15471982955932617
298,19072,19071,sea_abrupt4,sea,ts_drift_adapt,4,"error_divergence_ph_meta@error.threshold=0.10,error.min_instances=5",error_divergence_ph_meta,"{""divergence"": {""alpha"": 0.1, ""delta"": 0.005, ""min_instances"": 30, ""threshold"": 0.05}, ""error_rate"": {""alpha"": 0.15, ""delta"": 0.005, ""min_instances"": 5, ""threshold"": 0.1}}","{""error_rate"": {""min_instances"": 5, ""threshold"": 0.1}}",0.1,0.005,0.15,5,0.05,0.005,0.1,30,,,,-1,two_stage,2,0.5,"__confirm_cooldown=200,__confirm_rule=perm_test,__perm_alpha=0.02,__perm_delta_k=25,__perm_min_effect=0,__perm_n_perm=200,__perm_post_n=50,__perm_pre_n=200,__perm_rng_seed=0,__perm_stat=delta_fused_score,divergence=0.3,error_rate=0.5,teacher_entropy=0.2",3,0,200,0.0,0,10000,10.0,25.0,200,500,1,72,1.0,0.8206270973154363,0.5798247499239896,0.3333333333333333,0.3347545266151428,0.01762358285486698,0,0,51,44,-1,perm_test,0.004975124378109453,0.04712104600907389,104,44,60,0.0,0.16666666666666666,0,0.0,0.0,0.0,0.0,0,none,0,1,0,overconfident,0.95,0,mild_drift,0.9640707322756792,0.0012365196443162299,0.8253921416588352,0.866426466512504,1768131624.7865517,0.38514044880867004,0.19580718874931335
299,19136,19135,sea_abrupt4,sea,ts_drift_adapt,4,"error_divergence_ph_meta@error.threshold=0.10,error.min_instances=5",error_divergence_ph_meta,"{""divergence"": {""alpha"": 0.1, ""delta"": 0.005, ""min_instances"": 30, ""threshold"": 0.05}, ""error_rate"": {""alpha"": 0.15, ""delta"": 0.005, ""min_instances"": 5, ""threshold"": 0.1}}","{""error_rate"": {""min_instances"": 5, ""threshold"": 0.1}}",0.1,0.005,0.15,5,0.05,0.005,0.1,30,,,,-1,two_stage,2,0.5,"__confirm_cooldown=200,__confirm_rule=perm_test,__perm_alpha=0.02,__perm_delta_k=25,__perm_min_effect=0,__perm_n_perm=200,__perm_post_n=50,__perm_pre_n=200,__perm_rng_seed=0,__perm_stat=delta_fused_score,divergence=0.3,error_rate=0.5,teacher_entropy=0.2",3,0,200,0.0,0,10000,10.0,25.0,200,500,1,8,1.0,0.8205476588628763,0.580022512978503,0.6666666666666666,0.3701578676700592,0.020717281848192215,0,1,51,44,-1,perm_test,0.004975124378109453,0.04712104600907389,104,44,60,0.5,0.3333333333333333,1,0.5,0.0,0.0,0.0,0,none,0,1,0,overconfident,0.95,0,mild_drift,0.9621853661378396,0.001268259822158115,0.8126960708294176,0.8607132332562519,1768131624.799005,1.0276299715042114,0.21301758289337158
300,19200,19199,sea_abrupt4,sea,ts_drift_adapt,4,"error_divergence_ph_meta@error.threshold=0.10,error.min_instances=5",error_divergence_ph_meta,"{""divergence"": {""alpha"": 0.1, ""delta"": 0.005, ""min_instances"": 30, ""threshold"": 0.05}, ""error_rate"": {""alpha"": 0.15, ""delta"": 0.005, ""min_instances"": 5, ""threshold"": 0.1}}","{""error_rate"": {""min_instances"": 5, ""threshold"": 0.1}}",0.1,0.005,0.15,5,0.05,0.005,0.1,30,,,,-1,two_stage,2,0.5,"__confirm_cooldown=200,__confirm_rule=perm_test,__perm_alpha=0.02,__perm_delta_k=25,__perm_min_effect=0,__perm_n_perm=200,__perm_post_n=50,__perm_pre_n=200,__perm_rng_seed=0,__perm_stat=delta_fused_score,divergence=0.3,error_rate=0.5,teacher_entropy=0.2",3,0,200,0.0,0,10000,10.0,25.0,200,500,0,0,1.0,0.8207291666666666,0.5805166305747862,0.0,0.31468912959098816,0.016108859330415726,0,0,51,44,-1,perm_test,0.004975124378109453,0.04712104600907389,104,44,60,0.0,0.6666666666666666,0,0.0,0.0,0.0,0.0,0,none,0,1,0,overconfident,0.95,0,mild_drift,0.9612426830689198,0.0012841299110790574,0.8063480354147088,0.857856616628126,1768131624.8118503,0.041271306574344635,0.15110629796981812
301,19264,19263,sea_abrupt4,sea,ts_drift_adapt,4,"error_divergence_ph_meta@error.threshold=0.10,error.min_instances=5",error_divergence_ph_meta,"{""divergence"": {""alpha"": 0.1, ""delta"": 0.005, ""min_instances"": 30, ""threshold"": 0.05}, ""error_rate"": {""alpha"": 0.15, ""delta"": 0.005, ""min_instances"": 5, ""threshold"": 0.1}}","{""error_rate"": {""min_instances"": 5, ""threshold"": 0.1}}",0.1,0.005,0.15,5,0.05,0.005,0.1,30,,,,-1,two_stage,2,0.5,"__confirm_cooldown=200,__confirm_rule=perm_test,__perm_alpha=0.02,__perm_delta_k=25,__perm_min_effect=0,__perm_n_perm=200,__perm_post_n=50,__perm_pre_n=200,__perm_rng_seed=0,__perm_stat=delta_fused_score,divergence=0.3,error_rate=0.5,teacher_entropy=0.2",3,0,200,0.0,0,10000,10.0,25.0,200,500,0,0,1.0,0.8206499169435216,0.5804374426464812,0.16666666666666666,0.3466532528400421,0.01546790637075901,0,0,51,44,-1,perm_test,0.004975124378109453,0.04712104600907389,104,44,60,0.0,0.16666666666666666,0,0.0,0.0,0.0,0.0,0,none,0,1,0,overconfident,0.95,0,mild_drift,0.9607713415344599,0.001292064955539529,0.8031740177073544,0.8564283083140629,1768131624.8246613,0.4167255163192749,0.1684679090976715
302,19328,19327,sea_abrupt4,sea,ts_drift_adapt,4,"error_divergence_ph_meta@error.threshold=0.10,error.min_instances=5",error_divergence_ph_meta,"{""divergence"": {""alpha"": 0.1, ""delta"": 0.005, ""min_instances"": 30, ""threshold"": 0.05}, ""error_rate"": {""alpha"": 0.15, ""delta"": 0.005, ""min_instances"": 5, ""threshold"": 0.1}}","{""error_rate"": {""min_instances"": 5, ""threshold"": 0.1}}",0.1,0.005,0.15,5,0.05,0.005,0.1,30,,,,-1,two_stage,2,0.5,"__confirm_cooldown=200,__confirm_rule=perm_test,__perm_alpha=0.02,__perm_delta_k=25,__perm_min_effect=0,__perm_n_perm=200,__perm_post_n=50,__perm_pre_n=200,__perm_rng_seed=0,__perm_stat=delta_fused_score,divergence=0.3,error_rate=0.5,teacher_entropy=0.2",3,0,200,0.0,0,10000,10.0,25.0,200,500,0,0,1.0,0.8209333609271523,0.5810769566514756,0.16666666666666666,0.3272404372692108,0.016836712136864662,0,0,51,44,-1,perm_test,0.004975124378109453,0.04712104600907389,104,44,60,0.0,0.0013688057661056519,0,0.0,0.0,0.0,0.0,0,none,0,1,0,overconfident,0.95,0,mild_drift,0.9605356707672299,0.0012960324777697646,0.8015870088536772,0.8557141541570314,1768131624.8350425,0.31902995705604553,0.17090173065662384
303,19392,19391,sea_abrupt4,sea,ts_drift_adapt,4,"error_divergence_ph_meta@error.threshold=0.10,error.min_instances=5",error_divergence_ph_meta,"{""divergence"": {""alpha"": 0.1, ""delta"": 0.005, ""min_instances"": 30, ""threshold"": 0.05}, ""error_rate"": {""alpha"": 0.15, ""delta"": 0.005, ""min_instances"": 5, ""threshold"": 0.1}}","{""error_rate"": {""min_instances"": 5, ""threshold"": 0.1}}",0.1,0.005,0.15,5,0.05,0.005,0.1,30,,,,-1,two_stage,2,0.5,"__confirm_cooldown=200,__confirm_rule=perm_test,__perm_alpha=0.02,__perm_delta_k=25,__perm_min_effect=0,__perm_n_perm=200,__perm_post_n=50,__perm_pre_n=200,__perm_rng_seed=0,__perm_stat=delta_fused_score,divergence=0.3,error_rate=0.5,teacher_entropy=0.2",3,0,200,0.0,0,10000,10.0,25.0,200,500,0,0,1.0,0.8208539603960396,0.5811565104478211,0.16666666666666666,0.3631282150745392,0.012893031351268291,0,0,51,44,-1,perm_test,0.004975124378109453,0.04712104600907389,104,44,60,0.0,0.003943680785596371,0,0.0,0.0,0.0,0.0,0,none,0,1,0,overconfident,0.95,0,mild_drift,0.9604178353836149,0.0012980162388848823,0.8007935044268386,0.8553570770785157,1768131624.8452206,0.2958196699619293,0.16319727897644043
304,19456,19455,sea_abrupt4,sea,ts_drift_adapt,4,"error_divergence_ph_meta@error.threshold=0.10,error.min_instances=5",error_divergence_ph_meta,"{""divergence"": {""alpha"": 0.1, ""delta"": 0.005, ""min_instances"": 30, ""threshold"": 0.05}, ""error_rate"": {""alpha"": 0.15, ""delta"": 0.005, ""min_instances"": 5, ""threshold"": 0.1}}","{""error_rate"": {""min_instances"": 5, ""threshold"": 0.1}}",0.1,0.005,0.15,5,0.05,0.005,0.1,30,,,,-1,two_stage,2,0.5,"__confirm_cooldown=200,__confirm_rule=perm_test,__perm_alpha=0.02,__perm_delta_k=25,__perm_min_effect=0,__perm_n_perm=200,__perm_post_n=50,__perm_pre_n=200,__perm_rng_seed=0,__perm_stat=delta_fused_score,divergence=0.3,error_rate=0.5,teacher_entropy=0.2",3,0,200,0.0,0,10000,10.0,25.0,200,500,0,0,1.0,0.8209806743421053,0.5816469958851477,0.16666666666666666,0.33025309443473816,0.006833559833467007,0,0,51,44,-1,perm_test,0.004975124378109453,0.04712104600907389,104,44,60,0.0,0.006059471517801285,0,0.0,0.0,0.0,0.0,0,none,0,1,0,overconfident,0.95,0,mild_drift,0.9603589176918075,0.0012990081194424411,0.8003967522134193,0.8551785385392578,1768131624.8554235,0.465091735124588,0.09710459411144257
305,19520,19519,sea_abrupt4,sea,ts_drift_adapt,4,"error_divergence_ph_meta@error.threshold=0.10,error.min_instances=5",error_divergence_ph_meta,"{""divergence"": {""alpha"": 0.1, ""delta"": 0.005, ""min_instances"": 30, ""threshold"": 0.05}, ""error_rate"": {""alpha"": 0.15, ""delta"": 0.005, ""min_instances"": 5, ""threshold"": 0.1}}","{""error_rate"": {""min_instances"": 5, ""threshold"": 0.1}}",0.1,0.005,0.15,5,0.05,0.005,0.1,30,,,,-1,two_stage,2,0.5,"__confirm_cooldown=200,__confirm_rule=perm_test,__perm_alpha=0.02,__perm_delta_k=25,__perm_min_effect=0,__perm_n_perm=200,__perm_post_n=50,__perm_pre_n=200,__perm_rng_seed=0,__perm_stat=delta_fused_score,divergence=0.3,error_rate=0.5,teacher_entropy=0.2",3,0,200,0.0,0,10000,10.0,25.0,200,500,0,0,1.0,0.8212090163934426,0.5822827778224706,0.0,0.2880982458591461,0.012072484008967876,0,1,52,44,-1,perm_test,1.0,-0.07797641620703682,105,44,61,0.6666666666666666,0.16666666666666666,1,0.5,0.0,0.0,0.0,0,none,0,1,0,overconfident,0.95,0,mild_drift,0.9603294588459037,0.0012995040597212205,0.8001983761067097,0.8550892692696289,1768131624.8658118,0.08418936282396317,0.11137858033180237
306,19584,19583,sea_abrupt4,sea,ts_drift_adapt,4,"error_divergence_ph_meta@error.threshold=0.10,error.min_instances=5",error_divergence_ph_meta,"{""divergence"": {""alpha"": 0.1, ""delta"": 0.005, ""min_instances"": 30, ""threshold"": 0.05}, ""error_rate"": {""alpha"": 0.15, ""delta"": 0.005, ""min_instances"": 5, ""threshold"": 0.1}}","{""error_rate"": {""min_instances"": 5, ""threshold"": 0.1}}",0.1,0.005,0.15,5,0.05,0.005,0.1,30,,,,-1,two_stage,2,0.5,"__confirm_cooldown=200,__confirm_rule=perm_test,__perm_alpha=0.02,__perm_delta_k=25,__perm_min_effect=0,__perm_n_perm=200,__perm_post_n=50,__perm_pre_n=200,__perm_rng_seed=0,__perm_stat=delta_fused_score,divergence=0.3,error_rate=0.5,teacher_entropy=0.2",3,0,200,0.0,0,10000,10.0,25.0,200,500,0,0,1.0,0.8212826797385621,0.5825703842457151,0.16666666666666666,0.36213648319244385,0.012476456351578236,1,0,52,45,1,perm_test,0.004975124378109453,0.04596323171512945,106,45,61,0.0,0.16666666666666666,0,0.0,0.0,0.0,0.0,0,none,1,1,0,overconfident,0.95,0,stable,0.9751647294229518,0.0010497520298606102,0.9000991880533549,0.9000446346348145,1768131624.8819394,0.5197575688362122,0.13255032896995544
307,19648,19647,sea_abrupt4,sea,ts_drift_adapt,4,"error_divergence_ph_meta@error.threshold=0.10,error.min_instances=5",error_divergence_ph_meta,"{""divergence"": {""alpha"": 0.1, ""delta"": 0.005, ""min_instances"": 30, ""threshold"": 0.05}, ""error_rate"": {""alpha"": 0.15, ""delta"": 0.005, ""min_instances"": 5, ""threshold"": 0.1}}","{""error_rate"": {""min_instances"": 5, ""threshold"": 0.1}}",0.1,0.005,0.15,5,0.05,0.005,0.1,30,,,,-1,two_stage,2,0.5,"__confirm_cooldown=200,__confirm_rule=perm_test,__perm_alpha=0.02,__perm_delta_k=25,__perm_min_effect=0,__perm_n_perm=200,__perm_post_n=50,__perm_pre_n=200,__perm_rng_seed=0,__perm_stat=delta_fused_score,divergence=0.3,error_rate=0.5,teacher_entropy=0.2",3,0,200,0.0,0,10000,10.0,25.0,200,500,1,136,1.0,0.8213558631921825,0.5828277101322922,0.5,0.3196401298046112,0.008715973235666752,0,0,52,45,-1,perm_test,0.004975124378109453,0.04596323171512945,106,45,61,0.0,0.33333333333333337,0,0.0,0.0,0.0,0.0,0,none,0,1,0,overconfident,0.95,0,mild_drift,0.967732364711476,0.0011748760149303053,0.8500495940266775,0.8775223173174073,1768131624.8920825,0.709852397441864,0.06731440126895905
308,19712,19711,sea_abrupt4,sea,ts_drift_adapt,4,"error_divergence_ph_meta@error.threshold=0.10,error.min_instances=5",error_divergence_ph_meta,"{""divergence"": {""alpha"": 0.1, ""delta"": 0.005, ""min_instances"": 30, ""threshold"": 0.05}, ""error_rate"": {""alpha"": 0.15, ""delta"": 0.005, ""min_instances"": 5, ""threshold"": 0.1}}","{""error_rate"": {""min_instances"": 5, ""threshold"": 0.1}}",0.1,0.005,0.15,5,0.05,0.005,0.1,30,,,,-1,two_stage,2,0.5,"__confirm_cooldown=200,__confirm_rule=perm_test,__perm_alpha=0.02,__perm_delta_k=25,__perm_min_effect=0,__perm_n_perm=200,__perm_post_n=50,__perm_pre_n=200,__perm_rng_seed=0,__perm_stat=delta_fused_score,divergence=0.3,error_rate=0.5,teacher_entropy=0.2",3,0,200,0.0,0,10000,10.0,25.0,200,500,1,72,1.0,0.821479301948052,0.5832935068460189,0.16666666666666666,0.3543338477611542,0.0119512053206563,0,0,52,45,-1,perm_test,0.004975124378109453,0.04596323171512945,106,45,61,0.0,0.33333333333333337,0,0.0,0.0,0.0,0.0,0,none,0,1,0,overconfident,0.95,0,mild_drift,0.9640161823557379,0.0012374380074651526,0.8250247970133388,0.8662611586587037,1768131624.9021275,0.33701518177986145,0.09899593144655228
309,19776,19775,sea_abrupt4,sea,ts_drift_adapt,4,"error_divergence_ph_meta@error.threshold=0.10,error.min_instances=5",error_divergence_ph_meta,"{""divergence"": {""alpha"": 0.1, ""delta"": 0.005, ""min_instances"": 30, ""threshold"": 0.05}, ""error_rate"": {""alpha"": 0.15, ""delta"": 0.005, ""min_instances"": 5, ""threshold"": 0.1}}","{""error_rate"": {""min_instances"": 5, ""threshold"": 0.1}}",0.1,0.005,0.15,5,0.05,0.005,0.1,30,,,,-1,two_stage,2,0.5,"__confirm_cooldown=200,__confirm_rule=perm_test,__perm_alpha=0.02,__perm_delta_k=25,__perm_min_effect=0,__perm_n_perm=200,__perm_post_n=50,__perm_pre_n=200,__perm_rng_seed=0,__perm_stat=delta_fused_score,divergence=0.3,error_rate=0.5,teacher_entropy=0.2",3,0,200,0.0,0,10000,10.0,25.0,200,500,1,8,1.0,0.8218547734627831,0.5842544250317632,0.0,0.30293217301368713,0.013285099528729916,0,0,52,45,-1,perm_test,0.004975124378109453,0.04596323171512945,106,45,61,0.0,0.16666666666666666,0,0.0,0.0,0.0,0.0,0,none,0,1,0,overconfident,0.95,0,mild_drift,0.9621580911778689,0.0012687190037325765,0.8125123985066693,0.8606305793293518,1768131624.9123583,0.10749572515487671,0.11185704171657562
310,19840,19839,sea_abrupt4,sea,ts_drift_adapt,4,"error_divergence_ph_meta@error.threshold=0.10,error.min_instances=5",error_divergence_ph_meta,"{""divergence"": {""alpha"": 0.1, ""delta"": 0.005, ""min_instances"": 30, ""threshold"": 0.05}, ""error_rate"": {""alpha"": 0.15, ""delta"": 0.005, ""min_instances"": 5, ""threshold"": 0.1}}","{""error_rate"": {""min_instances"": 5, ""threshold"": 0.1}}",0.1,0.005,0.15,5,0.05,0.005,0.1,30,,,,-1,two_stage,2,0.5,"__confirm_cooldown=200,__confirm_rule=perm_test,__perm_alpha=0.02,__perm_delta_k=25,__perm_min_effect=0,__perm_n_perm=200,__perm_post_n=50,__perm_pre_n=200,__perm_rng_seed=0,__perm_stat=delta_fused_score,divergence=0.3,error_rate=0.5,teacher_entropy=0.2",3,0,200,0.0,0,10000,10.0,25.0,200,500,0,0,1.0,0.8220262096774194,0.5848044206204587,0.0,0.3447110652923584,0.009884083643555641,0,1,53,45,-1,perm_test,1.0,-0.014192851712963988,107,45,62,0.0,0.0034010158851742744,1,0.5,0.0,0.0,0.0,0,none,0,1,0,overconfident,0.95,0,mild_drift,0.9612290455889344,0.0012843595018662882,0.8062561992533347,0.8578152896646759,1768131624.9228506,0.19932740926742554,0.08556454628705978
311,19904,19903,sea_abrupt4,sea,ts_drift_adapt,4,"error_divergence_ph_meta@error.threshold=0.10,error.min_instances=5",error_divergence_ph_meta,"{""divergence"": {""alpha"": 0.1, ""delta"": 0.005, ""min_instances"": 30, ""threshold"": 0.05}, ""error_rate"": {""alpha"": 0.15, ""delta"": 0.005, ""min_instances"": 5, ""threshold"": 0.1}}","{""error_rate"": {""min_instances"": 5, ""threshold"": 0.1}}",0.1,0.005,0.15,5,0.05,0.005,0.1,30,,,,-1,two_stage,2,0.5,"__confirm_cooldown=200,__confirm_rule=perm_test,__perm_alpha=0.02,__perm_delta_k=25,__perm_min_effect=0,__perm_n_perm=200,__perm_post_n=50,__perm_pre_n=200,__perm_rng_seed=0,__perm_stat=delta_fused_score,divergence=0.3,error_rate=0.5,teacher_entropy=0.2",3,0,200,0.0,0,10000,10.0,25.0,200,500,0,0,1.0,0.8218448553054662,0.5846311000428072,0.3333333333333333,0.3385629951953888,0.013505293056368828,1,0,53,46,1,perm_test,0.004975124378109453,0.07655180284689996,108,46,62,0.0,0.3333333333333333,0,0.0,0.0,0.0,0.0,0,none,1,1,0,overconfident,0.95,0,stable,0.9756145227944673,0.001042179750933144,0.9031280996266673,0.901407644832338,1768131624.9392505,0.6330597996711731,0.13642443716526031
312,19968,19967,sea_abrupt4,sea,ts_drift_adapt,4,"error_divergence_ph_meta@error.threshold=0.10,error.min_instances=5",error_divergence_ph_meta,"{""divergence"": {""alpha"": 0.1, ""delta"": 0.005, ""min_instances"": 30, ""threshold"": 0.05}, ""error_rate"": {""alpha"": 0.15, ""delta"": 0.005, ""min_instances"": 5, ""threshold"": 0.1}}","{""error_rate"": {""min_instances"": 5, ""threshold"": 0.1}}",0.1,0.005,0.15,5,0.05,0.005,0.1,30,,,,-1,two_stage,2,0.5,"__confirm_cooldown=200,__confirm_rule=perm_test,__perm_alpha=0.02,__perm_delta_k=25,__perm_min_effect=0,__perm_n_perm=200,__perm_post_n=50,__perm_pre_n=200,__perm_rng_seed=0,__perm_stat=delta_fused_score,divergence=0.3,error_rate=0.5,teacher_entropy=0.2",3,0,200,0.0,0,10000,10.0,25.0,200,500,1,136,1.0,0.8219651442307693,0.5848990254182965,0.16666666666666666,0.32344886660575867,0.013439247384667397,0,0,53,46,-1,perm_test,0.004975124378109453,0.07655180284689996,108,46,62,0.0,0.16666666666666666,0,0.0,0.0,0.0,0.0,0,none,0,1,0,overconfident,0.95,0,mild_drift,0.9679572613972336,0.0011710898754665722,0.8515640498133337,0.878203822416169,1768131624.9497628,0.3247545063495636,0.1366589367389679
313,20032,20031,sea_abrupt4,sea,ts_drift_adapt,4,"error_divergence_ph_meta@error.threshold=0.10,error.min_instances=5",error_divergence_ph_meta,"{""divergence"": {""alpha"": 0.1, ""delta"": 0.005, ""min_instances"": 30, ""threshold"": 0.05}, ""error_rate"": {""alpha"": 0.15, ""delta"": 0.005, ""min_instances"": 5, ""threshold"": 0.1}}","{""error_rate"": {""min_instances"": 5, ""threshold"": 0.1}}",0.1,0.005,0.15,5,0.05,0.005,0.1,30,,,,-1,two_stage,2,0.5,"__confirm_cooldown=200,__confirm_rule=perm_test,__perm_alpha=0.02,__perm_delta_k=25,__perm_min_effect=0,__perm_n_perm=200,__perm_post_n=50,__perm_pre_n=200,__perm_rng_seed=0,__perm_stat=delta_fused_score,divergence=0.3,error_rate=0.5,teacher_entropy=0.2",3,0,200,0.0,0,10000,10.0,25.0,200,500,1,72,1.0,0.821785143769968,0.5846019522585557,0.0,0.33807510137557983,0.011017464101314545,0,0,53,46,-1,perm_test,0.004975124378109453,0.07655180284689996,108,46,62,0.0,0.16666666666666666,0,0.0,0.0,0.0,0.0,0,none,0,1,0,overconfident,0.95,0,mild_drift,0.9641286306986168,0.0012355449377332863,0.8257820249066669,0.8666019112080845,1768131624.9602888,0.0797831192612648,0.12430465221405029
314,20096,20095,sea_abrupt4,sea,ts_drift_adapt,4,"error_divergence_ph_meta@error.threshold=0.10,error.min_instances=5",error_divergence_ph_meta,"{""divergence"": {""alpha"": 0.1, ""delta"": 0.005, ""min_instances"": 30, ""threshold"": 0.05}, ""error_rate"": {""alpha"": 0.15, ""delta"": 0.005, ""min_instances"": 5, ""threshold"": 0.1}}","{""error_rate"": {""min_instances"": 5, ""threshold"": 0.1}}",0.1,0.005,0.15,5,0.05,0.005,0.1,30,,,,-1,two_stage,2,0.5,"__confirm_cooldown=200,__confirm_rule=perm_test,__perm_alpha=0.02,__perm_delta_k=25,__perm_min_effect=0,__perm_n_perm=200,__perm_post_n=50,__perm_pre_n=200,__perm_rng_seed=0,__perm_stat=delta_fused_score,divergence=0.3,error_rate=0.5,teacher_entropy=0.2",3,0,200,0.0,0,10000,10.0,25.0,200,500,1,8,1.0,0.8219546178343949,0.5847505866773776,0.16666666666666666,0.311163067817688,0.013677777722477913,0,0,53,46,-1,perm_test,0.004975124378109453,0.07655180284689996,108,46,62,0.0,0.16666666666666666,0,0.0,0.0,0.0,0.0,0,none,0,1,0,overconfident,0.95,0,mild_drift,0.9622143153493083,0.0012677724688666433,0.8128910124533335,0.8608009556040422,1768131624.9706707,0.38283756375312805,0.1444074660539627
315,20160,20159,sea_abrupt4,sea,ts_drift_adapt,4,"error_divergence_ph_meta@error.threshold=0.10,error.min_instances=5",error_divergence_ph_meta,"{""divergence"": {""alpha"": 0.1, ""delta"": 0.005, ""min_instances"": 30, ""threshold"": 0.05}, ""error_rate"": {""alpha"": 0.15, ""delta"": 0.005, ""min_instances"": 5, ""threshold"": 0.1}}","{""error_rate"": {""min_instances"": 5, ""threshold"": 0.1}}",0.1,0.005,0.15,5,0.05,0.005,0.1,30,,,,-1,two_stage,2,0.5,"__confirm_cooldown=200,__confirm_rule=perm_test,__perm_alpha=0.02,__perm_delta_k=25,__perm_min_effect=0,__perm_n_perm=200,__perm_post_n=50,__perm_pre_n=200,__perm_rng_seed=0,__perm_stat=delta_fused_score,divergence=0.3,error_rate=0.5,teacher_entropy=0.2",3,0,200,0.0,0,10000,10.0,25.0,200,500,0,0,1.0,0.8219246031746031,0.5845285185950043,0.16666666666666666,0.3117630183696747,0.01384735107421875,1,1,54,47,0,perm_test,0.014925373134328358,0.02132109984631068,109,47,62,0.16666666666666666,0.0001695733517408371,1,0.5,0.0,0.0,0.0,0,none,1,1,0,overconfident,0.95,0,severe_drift,0.9266071576746542,0.0016338862344333217,0.6564455062266668,0.8354004778020212,1768131624.9867709,0.40089473128318787,0.12847623229026794
316,20224,20223,sea_abrupt4,sea,ts_drift_adapt,4,"error_divergence_ph_meta@error.threshold=0.10,error.min_instances=5",error_divergence_ph_meta,"{""divergence"": {""alpha"": 0.1, ""delta"": 0.005, ""min_instances"": 30, ""threshold"": 0.05}, ""error_rate"": {""alpha"": 0.15, ""delta"": 0.005, ""min_instances"": 5, ""threshold"": 0.1}}","{""error_rate"": {""min_instances"": 5, ""threshold"": 0.1}}",0.1,0.005,0.15,5,0.05,0.005,0.1,30,,,,-1,two_stage,2,0.5,"__confirm_cooldown=200,__confirm_rule=perm_test,__perm_alpha=0.02,__perm_delta_k=25,__perm_min_effect=0,__perm_n_perm=200,__perm_post_n=50,__perm_pre_n=200,__perm_rng_seed=0,__perm_stat=delta_fused_score,divergence=0.3,error_rate=0.5,teacher_entropy=0.2",3,0,200,0.0,0,10000,10.0,25.0,200,500,1,136,1.0,0.821993670886076,0.5844670639877712,0.16666666666666666,0.33102333545684814,0.010734074749052525,0,0,54,47,-1,perm_test,0.014925373134328358,0.02132109984631068,109,47,62,0.0,0.0031132763251662254,0,0.0,0.0,0.0,0.0,0,none,0,1,0,overconfident,0.95,0,mild_drift,0.9434535788373271,0.001466943117216661,0.7282227531133334,0.8452002389010106,1768131624.997954,0.4679534137248993,0.12149825692176819
317,20288,20287,sea_abrupt4,sea,ts_drift_adapt,4,"error_divergence_ph_meta@error.threshold=0.10,error.min_instances=5",error_divergence_ph_meta,"{""divergence"": {""alpha"": 0.1, ""delta"": 0.005, ""min_instances"": 30, ""threshold"": 0.05}, ""error_rate"": {""alpha"": 0.15, ""delta"": 0.005, ""min_instances"": 5, ""threshold"": 0.1}}","{""error_rate"": {""min_instances"": 5, ""threshold"": 0.1}}",0.1,0.005,0.15,5,0.05,0.005,0.1,30,,,,-1,two_stage,2,0.5,"__confirm_cooldown=200,__confirm_rule=perm_test,__perm_alpha=0.02,__perm_delta_k=25,__perm_min_effect=0,__perm_n_perm=200,__perm_post_n=50,__perm_pre_n=200,__perm_rng_seed=0,__perm_stat=delta_fused_score,divergence=0.3,error_rate=0.5,teacher_entropy=0.2",3,0,200,0.0,0,10000,10.0,25.0,200,500,1,72,1.0,0.8220130126182965,0.5845303865398039,0.0,0.290630042552948,0.01265617273747921,0,0,54,47,-1,perm_test,0.014925373134328358,0.02132109984631068,109,47,62,0.0,0.16666666666666666,0,0.0,0.0,0.0,0.0,0,none,0,1,0,overconfident,0.95,0,mild_drift,0.9518767894186635,0.0013834715586083304,0.7641113765566667,0.8501001194505053,1768131625.010997,0.030881064012646675,0.12227797508239746
318,20352,20351,sea_abrupt4,sea,ts_drift_adapt,4,"error_divergence_ph_meta@error.threshold=0.10,error.min_instances=5",error_divergence_ph_meta,"{""divergence"": {""alpha"": 0.1, ""delta"": 0.005, ""min_instances"": 30, ""threshold"": 0.05}, ""error_rate"": {""alpha"": 0.15, ""delta"": 0.005, ""min_instances"": 5, ""threshold"": 0.1}}","{""error_rate"": {""min_instances"": 5, ""threshold"": 0.1}}",0.1,0.005,0.15,5,0.05,0.005,0.1,30,,,,-1,two_stage,2,0.5,"__confirm_cooldown=200,__confirm_rule=perm_test,__perm_alpha=0.02,__perm_delta_k=25,__perm_min_effect=0,__perm_n_perm=200,__perm_post_n=50,__perm_pre_n=200,__perm_rng_seed=0,__perm_stat=delta_fused_score,divergence=0.3,error_rate=0.5,teacher_entropy=0.2",3,0,200,0.0,0,10000,10.0,25.0,200,500,1,8,1.0,0.8223270440251572,0.5849548441028791,0.0,0.33704978227615356,0.019231732934713364,0,0,54,47,-1,perm_test,0.014925373134328358,0.02132109984631068,109,47,62,0.0,0.006575560197234154,0,0.0,0.0,0.0,0.0,0,none,0,1,0,overconfident,0.95,0,mild_drift,0.9560883947093317,0.0013417357793041652,0.7820556882783334,0.8525500597252527,1768131625.024213,0.08785750716924667,0.1493491530418396
319,20416,20415,sea_abrupt4,sea,ts_drift_adapt,4,"error_divergence_ph_meta@error.threshold=0.10,error.min_instances=5",error_divergence_ph_meta,"{""divergence"": {""alpha"": 0.1, ""delta"": 0.005, ""min_instances"": 30, ""threshold"": 0.05}, ""error_rate"": {""alpha"": 0.15, ""delta"": 0.005, ""min_instances"": 5, ""threshold"": 0.1}}","{""error_rate"": {""min_instances"": 5, ""threshold"": 0.1}}",0.1,0.005,0.15,5,0.05,0.005,0.1,30,,,,-1,two_stage,2,0.5,"__confirm_cooldown=200,__confirm_rule=perm_test,__perm_alpha=0.02,__perm_delta_k=25,__perm_min_effect=0,__perm_n_perm=200,__perm_post_n=50,__perm_pre_n=200,__perm_rng_seed=0,__perm_stat=delta_fused_score,divergence=0.3,error_rate=0.5,teacher_entropy=0.2",3,0,200,0.0,0,10000,10.0,25.0,200,500,0,0,1.0,0.8224431818181818,0.5850139479678546,0.16666666666666666,0.32150280475616455,0.0249587781727314,0,0,54,47,-1,perm_test,0.014925373134328358,0.02132109984631068,109,47,62,0.0,0.16666666666666666,0,0.0,0.0,0.0,0.0,0,none,0,1,0,overconfident,0.95,0,mild_drift,0.9581941973546658,0.0013208678896520828,0.7910278441391667,0.8537750298626263,1768131625.0376284,0.1826612502336502,0.2176685929298401
320,20480,20479,sea_abrupt4,sea,ts_drift_adapt,4,"error_divergence_ph_meta@error.threshold=0.10,error.min_instances=5",error_divergence_ph_meta,"{""divergence"": {""alpha"": 0.1, ""delta"": 0.005, ""min_instances"": 30, ""threshold"": 0.05}, ""error_rate"": {""alpha"": 0.15, ""delta"": 0.005, ""min_instances"": 5, ""threshold"": 0.1}}","{""error_rate"": {""min_instances"": 5, ""threshold"": 0.1}}",0.1,0.005,0.15,5,0.05,0.005,0.1,30,,,,-1,two_stage,2,0.5,"__confirm_cooldown=200,__confirm_rule=perm_test,__perm_alpha=0.02,__perm_delta_k=25,__perm_min_effect=0,__perm_n_perm=200,__perm_post_n=50,__perm_pre_n=200,__perm_rng_seed=0,__perm_stat=delta_fused_score,divergence=0.3,error_rate=0.5,teacher_entropy=0.2",3,0,200,0.0,0,10000,10.0,25.0,200,500,0,0,1.0,0.82255859375,0.5851374098212598,0.3333333333333333,0.31686532497406006,0.0368480309844017,1,1,55,48,0,perm_test,0.004975124378109453,0.08614437652065729,110,48,62,0.16666666666666666,0.16666666666666666,1,0.5,0.0,0.0,0.0,0,none,1,1,0,overconfident,0.95,0,severe_drift,0.9245970986773329,0.0016604339448260414,0.6455139220695834,0.8318875149313132,1768131625.0541234,0.6849791407585144,0.2608643174171448
321,20544,20543,sea_abrupt4,sea,ts_drift_adapt,4,"error_divergence_ph_meta@error.threshold=0.10,error.min_instances=5",error_divergence_ph_meta,"{""divergence"": {""alpha"": 0.1, ""delta"": 0.005, ""min_instances"": 30, ""threshold"": 0.05}, ""error_rate"": {""alpha"": 0.15, ""delta"": 0.005, ""min_instances"": 5, ""threshold"": 0.1}}","{""error_rate"": {""min_instances"": 5, ""threshold"": 0.1}}",0.1,0.005,0.15,5,0.05,0.005,0.1,30,,,,-1,two_stage,2,0.5,"__confirm_cooldown=200,__confirm_rule=perm_test,__perm_alpha=0.02,__perm_delta_k=25,__perm_min_effect=0,__perm_n_perm=200,__perm_post_n=50,__perm_pre_n=200,__perm_rng_seed=0,__perm_stat=delta_fused_score,divergence=0.3,error_rate=0.5,teacher_entropy=0.2",3,0,200,0.0,0,10000,10.0,25.0,200,500,1,136,1.0,0.8227219626168224,0.5853253925966952,0.3333333333333333,0.3251725435256958,0.03412070497870445,0,0,55,48,-1,perm_test,0.004975124378109453,0.08614437652065729,110,48,62,0.0,0.0027273260056972504,0,0.0,0.0,0.0,0.0,0,none,0,1,0,overconfident,0.95,0,mild_drift,0.9424485493386664,0.0014802169724130207,0.7227569610347917,0.8434437574656566,1768131625.064449,0.7581377029418945,0.22494128346443176
322,20608,20607,sea_abrupt4,sea,ts_drift_adapt,4,"error_divergence_ph_meta@error.threshold=0.10,error.min_instances=5",error_divergence_ph_meta,"{""divergence"": {""alpha"": 0.1, ""delta"": 0.005, ""min_instances"": 30, ""threshold"": 0.05}, ""error_rate"": {""alpha"": 0.15, ""delta"": 0.005, ""min_instances"": 5, ""threshold"": 0.1}}","{""error_rate"": {""min_instances"": 5, ""threshold"": 0.1}}",0.1,0.005,0.15,5,0.05,0.005,0.1,30,,,,-1,two_stage,2,0.5,"__confirm_cooldown=200,__confirm_rule=perm_test,__perm_alpha=0.02,__perm_delta_k=25,__perm_min_effect=0,__perm_n_perm=200,__perm_post_n=50,__perm_pre_n=200,__perm_rng_seed=0,__perm_stat=delta_fused_score,divergence=0.3,error_rate=0.5,teacher_entropy=0.2",3,0,200,0.0,0,10000,10.0,25.0,200,500,1,72,1.0,0.8228843167701864,0.5855000352730989,0.16666666666666666,0.2933880686759949,0.024003898724913597,0,0,55,48,-1,perm_test,0.004975124378109453,0.08614437652065729,110,48,62,0.0,0.16666666666666666,0,0.0,0.0,0.0,0.0,0,none,0,1,0,overconfident,0.95,0,mild_drift,0.9513742746693332,0.0013901084862065105,0.7613784805173959,0.8492218787328283,1768131625.0747054,0.467250794172287,0.19520673155784607
323,20672,20671,sea_abrupt4,sea,ts_drift_adapt,4,"error_divergence_ph_meta@error.threshold=0.10,error.min_instances=5",error_divergence_ph_meta,"{""divergence"": {""alpha"": 0.1, ""delta"": 0.005, ""min_instances"": 30, ""threshold"": 0.05}, ""error_rate"": {""alpha"": 0.15, ""delta"": 0.005, ""min_instances"": 5, ""threshold"": 0.1}}","{""error_rate"": {""min_instances"": 5, ""threshold"": 0.1}}",0.1,0.005,0.15,5,0.05,0.005,0.1,30,,,,-1,two_stage,2,0.5,"__confirm_cooldown=200,__confirm_rule=perm_test,__perm_alpha=0.02,__perm_delta_k=25,__perm_min_effect=0,__perm_n_perm=200,__perm_post_n=50,__perm_pre_n=200,__perm_rng_seed=0,__perm_stat=delta_fused_score,divergence=0.3,error_rate=0.5,teacher_entropy=0.2",3,0,200,0.0,0,10000,10.0,25.0,200,500,1,8,1.0,0.823045665634675,0.5854799724877485,0.0,0.2674030363559723,0.014845679514110088,0,0,55,48,-1,perm_test,0.004975124378109453,0.08614437652065729,110,48,62,0.0,0.16666666666666666,0,0.0,0.0,0.0,0.0,0,none,0,1,0,overconfident,0.95,0,mild_drift,0.9558371373346666,0.0013450542431032554,0.780689240258698,0.8521109393664141,1768131625.085046,0.04635907709598541,0.10806712508201599
324,20736,20735,sea_abrupt4,sea,ts_drift_adapt,4,"error_divergence_ph_meta@error.threshold=0.10,error.min_instances=5",error_divergence_ph_meta,"{""divergence"": {""alpha"": 0.1, ""delta"": 0.005, ""min_instances"": 30, ""threshold"": 0.05}, ""error_rate"": {""alpha"": 0.15, ""delta"": 0.005, ""min_instances"": 5, ""threshold"": 0.1}}","{""error_rate"": {""min_instances"": 5, ""threshold"": 0.1}}",0.1,0.005,0.15,5,0.05,0.005,0.1,30,,,,-1,two_stage,2,0.5,"__confirm_cooldown=200,__confirm_rule=perm_test,__perm_alpha=0.02,__perm_delta_k=25,__perm_min_effect=0,__perm_n_perm=200,__perm_post_n=50,__perm_pre_n=200,__perm_rng_seed=0,__perm_stat=delta_fused_score,divergence=0.3,error_rate=0.5,teacher_entropy=0.2",3,0,200,0.0,0,10000,10.0,25.0,200,500,0,0,1.0,0.8232060185185185,0.5858776510717478,0.16666666666666666,0.2634737193584442,0.019223447889089584,0,0,55,48,-1,perm_test,0.004975124378109453,0.08614437652065729,110,48,62,0.0,0.16666666666666666,0,0.0,0.0,0.0,0.0,0,none,0,1,0,overconfident,0.95,0,mild_drift,0.9580685686673333,0.0013225271215516277,0.790344620129349,0.8535554696832071,1768131625.0956383,0.35037705302238464,0.1616326868534088
325,20800,20799,sea_abrupt4,sea,ts_drift_adapt,4,"error_divergence_ph_meta@error.threshold=0.10,error.min_instances=5",error_divergence_ph_meta,"{""divergence"": {""alpha"": 0.1, ""delta"": 0.005, ""min_instances"": 30, ""threshold"": 0.05}, ""error_rate"": {""alpha"": 0.15, ""delta"": 0.005, ""min_instances"": 5, ""threshold"": 0.1}}","{""error_rate"": {""min_instances"": 5, ""threshold"": 0.1}}",0.1,0.005,0.15,5,0.05,0.005,0.1,30,,,,-1,two_stage,2,0.5,"__confirm_cooldown=200,__confirm_rule=perm_test,__perm_alpha=0.02,__perm_delta_k=25,__perm_min_effect=0,__perm_n_perm=200,__perm_post_n=50,__perm_pre_n=200,__perm_rng_seed=0,__perm_stat=delta_fused_score,divergence=0.3,error_rate=0.5,teacher_entropy=0.2",3,0,200,0.0,0,10000,10.0,25.0,200,500,0,0,1.0,0.8236057692307692,0.5866085865756953,0.0,0.2288825362920761,0.011462485417723656,0,1,56,48,-1,perm_test,1.0,-0.02974299146389383,111,48,63,0.3333333333333333,0.16666666666666666,1,0.5,0.0,0.0,0.0,0,none,0,1,0,overconfident,0.95,0,mild_drift,0.9591842843336666,0.0013112635607758138,0.7951723100646746,0.8542777348416035,1768131625.1064498,0.026964908465743065,0.11487995088100433
326,20864,20863,sea_abrupt4,sea,ts_drift_adapt,4,"error_divergence_ph_meta@error.threshold=0.10,error.min_instances=5",error_divergence_ph_meta,"{""divergence"": {""alpha"": 0.1, ""delta"": 0.005, ""min_instances"": 30, ""threshold"": 0.05}, ""error_rate"": {""alpha"": 0.15, ""delta"": 0.005, ""min_instances"": 5, ""threshold"": 0.1}}","{""error_rate"": {""min_instances"": 5, ""threshold"": 0.1}}",0.1,0.005,0.15,5,0.05,0.005,0.1,30,,,,-1,two_stage,2,0.5,"__confirm_cooldown=200,__confirm_rule=perm_test,__perm_alpha=0.02,__perm_delta_k=25,__perm_min_effect=0,__perm_n_perm=200,__perm_post_n=50,__perm_pre_n=200,__perm_rng_seed=0,__perm_stat=delta_fused_score,divergence=0.3,error_rate=0.5,teacher_entropy=0.2",3,0,200,0.0,0,10000,10.0,25.0,200,500,0,0,1.0,0.8238592791411042,0.587252286613676,0.0,0.3072999119758606,0.010638934560120106,1,0,56,49,1,perm_test,0.004975124378109453,0.09550102653526973,112,49,63,0.0,0.00082355085760355,0,0.0,0.0,0.0,0.0,0,none,1,1,0,overconfident,0.95,0,stable,0.9745921421668333,0.0010556317803879069,0.8975861550323373,0.8996388674208018,1768131625.1229064,0.09427125006914139,0.11323489993810654
327,20928,20927,sea_abrupt4,sea,ts_drift_adapt,4,"error_divergence_ph_meta@error.threshold=0.10,error.min_instances=5",error_divergence_ph_meta,"{""divergence"": {""alpha"": 0.1, ""delta"": 0.005, ""min_instances"": 30, ""threshold"": 0.05}, ""error_rate"": {""alpha"": 0.15, ""delta"": 0.005, ""min_instances"": 5, ""threshold"": 0.1}}","{""error_rate"": {""min_instances"": 5, ""threshold"": 0.1}}",0.1,0.005,0.15,5,0.05,0.005,0.1,30,,,,-1,two_stage,2,0.5,"__confirm_cooldown=200,__confirm_rule=perm_test,__perm_alpha=0.02,__perm_delta_k=25,__perm_min_effect=0,__perm_n_perm=200,__perm_post_n=50,__perm_pre_n=200,__perm_rng_seed=0,__perm_stat=delta_fused_score,divergence=0.3,error_rate=0.5,teacher_entropy=0.2",3,0,200,0.0,0,10000,10.0,25.0,200,500,1,136,1.0,0.8240634556574924,0.5874268068028554,0.16666666666666666,0.33658450841903687,0.014778533950448036,0,0,56,49,-1,perm_test,0.004975124378109453,0.09550102653526973,112,49,63,0.0,0.16666666666666666,0,0.0,0.0,0.0,0.0,0,none,0,1,0,overconfident,0.95,0,mild_drift,0.9674460710834166,0.0011778158901939535,0.8487930775161687,0.8773194337104009,1768131625.133587,0.22343267500400543,0.09285412728786469
328,20992,20991,sea_abrupt4,sea,ts_drift_adapt,4,"error_divergence_ph_meta@error.threshold=0.10,error.min_instances=5",error_divergence_ph_meta,"{""divergence"": {""alpha"": 0.1, ""delta"": 0.005, ""min_instances"": 30, ""threshold"": 0.05}, ""error_rate"": {""alpha"": 0.15, ""delta"": 0.005, ""min_instances"": 5, ""threshold"": 0.1}}","{""error_rate"": {""min_instances"": 5, ""threshold"": 0.1}}",0.1,0.005,0.15,5,0.05,0.005,0.1,30,,,,-1,two_stage,2,0.5,"__confirm_cooldown=200,__confirm_rule=perm_test,__perm_alpha=0.02,__perm_delta_k=25,__perm_min_effect=0,__perm_n_perm=200,__perm_post_n=50,__perm_pre_n=200,__perm_rng_seed=0,__perm_stat=delta_fused_score,divergence=0.3,error_rate=0.5,teacher_entropy=0.2",3,0,200,0.0,0,10000,10.0,25.0,200,500,1,72,1.0,0.8242663871951219,0.5876909867482452,0.16666666666666666,0.31147095561027527,0.011346877552568913,0,0,56,49,-1,perm_test,0.004975124378109453,0.09550102653526973,112,49,63,0.0,0.0034316563978791237,0,0.0,0.0,0.0,0.0,0,none,0,1,0,overconfident,0.95,0,mild_drift,0.9638730355417082,0.0012389079450969768,0.8243965387580844,0.8661597168552004,1768131625.1439097,0.2782762348651886,0.0870584100484848
329,21056,21055,sea_abrupt4,sea,ts_drift_adapt,4,"error_divergence_ph_meta@error.threshold=0.10,error.min_instances=5",error_divergence_ph_meta,"{""divergence"": {""alpha"": 0.1, ""delta"": 0.005, ""min_instances"": 30, ""threshold"": 0.05}, ""error_rate"": {""alpha"": 0.15, ""delta"": 0.005, ""min_instances"": 5, ""threshold"": 0.1}}","{""error_rate"": {""min_instances"": 5, ""threshold"": 0.1}}",0.1,0.005,0.15,5,0.05,0.005,0.1,30,,,,-1,two_stage,2,0.5,"__confirm_cooldown=200,__confirm_rule=perm_test,__perm_alpha=0.02,__perm_delta_k=25,__perm_min_effect=0,__perm_n_perm=200,__perm_post_n=50,__perm_pre_n=200,__perm_rng_seed=0,__perm_stat=delta_fused_score,divergence=0.3,error_rate=0.5,teacher_entropy=0.2",3,0,200,0.0,0,10000,10.0,25.0,200,500,1,8,1.0,0.8245630699088146,0.5882593015229609,0.16666666666666666,0.2931753396987915,0.007343383505940437,0,0,56,49,-1,perm_test,0.004975124378109453,0.09550102653526973,112,49,63,0.0,0.004003494046628475,0,0.0,0.0,0.0,0.0,0,none,0,1,0,overconfident,0.95,0,mild_drift,0.9620865177708541,0.0012694539725484886,0.8121982693790422,0.8605798584276002,1768131625.1542983,0.30738213658332825,0.08409878611564636
330,21120,21119,sea_abrupt4,sea,ts_drift_adapt,4,"error_divergence_ph_meta@error.threshold=0.10,error.min_instances=5",error_divergence_ph_meta,"{""divergence"": {""alpha"": 0.1, ""delta"": 0.005, ""min_instances"": 30, ""threshold"": 0.05}, ""error_rate"": {""alpha"": 0.15, ""delta"": 0.005, ""min_instances"": 5, ""threshold"": 0.1}}","{""error_rate"": {""min_instances"": 5, ""threshold"": 0.1}}",0.1,0.005,0.15,5,0.05,0.005,0.1,30,,,,-1,two_stage,2,0.5,"__confirm_cooldown=200,__confirm_rule=perm_test,__perm_alpha=0.02,__perm_delta_k=25,__perm_min_effect=0,__perm_n_perm=200,__perm_post_n=50,__perm_pre_n=200,__perm_rng_seed=0,__perm_stat=delta_fused_score,divergence=0.3,error_rate=0.5,teacher_entropy=0.2",3,0,200,0.0,0,10000,10.0,25.0,200,500,0,0,1.0,0.8248579545454545,0.5887881029940659,0.3333333333333333,0.23372702300548553,0.011255082674324512,1,1,57,50,0,perm_test,0.004975124378109453,0.012698751700982447,113,50,63,0.3333333333333333,0.16666666666666666,1,0.5,0.0,0.0,0.0,0,none,1,1,0,overconfident,0.95,0,severe_drift,0.926543258885427,0.0016347269862742443,0.6560991346895211,0.8352899292138001,1768131625.1703877,0.4507409632205963,0.10544519871473312
331,21184,21183,sea_abrupt4,sea,ts_drift_adapt,4,"error_divergence_ph_meta@error.threshold=0.10,error.min_instances=5",error_divergence_ph_meta,"{""divergence"": {""alpha"": 0.1, ""delta"": 0.005, ""min_instances"": 30, ""threshold"": 0.05}, ""error_rate"": {""alpha"": 0.15, ""delta"": 0.005, ""min_instances"": 5, ""threshold"": 0.1}}","{""error_rate"": {""min_instances"": 5, ""threshold"": 0.1}}",0.1,0.005,0.15,5,0.05,0.005,0.1,30,,,,-1,two_stage,2,0.5,"__confirm_cooldown=200,__confirm_rule=perm_test,__perm_alpha=0.02,__perm_delta_k=25,__perm_min_effect=0,__perm_n_perm=200,__perm_post_n=50,__perm_pre_n=200,__perm_rng_seed=0,__perm_stat=delta_fused_score,divergence=0.3,error_rate=0.5,teacher_entropy=0.2",3,0,200,0.0,0,10000,10.0,25.0,200,500,1,136,1.0,0.8251510574018127,0.5893773394315969,0.0,0.2837364971637726,0.008499270305037498,0,0,57,50,-1,perm_test,0.004975124378109453,0.012698751700982447,113,50,63,0.0,0.3333333333333333,0,0.0,0.0,0.0,0.0,0,none,0,1,0,overconfident,0.95,0,mild_drift,0.9434216294427135,0.0014673634931371222,0.7280495673447606,0.8451449646069,1768131625.1806393,0.08564446121454239,0.09797345846891403
332,21248,21247,sea_abrupt4,sea,ts_drift_adapt,4,"error_divergence_ph_meta@error.threshold=0.10,error.min_instances=5",error_divergence_ph_meta,"{""divergence"": {""alpha"": 0.1, ""delta"": 0.005, ""min_instances"": 30, ""threshold"": 0.05}, ""error_rate"": {""alpha"": 0.15, ""delta"": 0.005, ""min_instances"": 5, ""threshold"": 0.1}}","{""error_rate"": {""min_instances"": 5, ""threshold"": 0.1}}",0.1,0.005,0.15,5,0.05,0.005,0.1,30,,,,-1,two_stage,2,0.5,"__confirm_cooldown=200,__confirm_rule=perm_test,__perm_alpha=0.02,__perm_delta_k=25,__perm_min_effect=0,__perm_n_perm=200,__perm_post_n=50,__perm_pre_n=200,__perm_rng_seed=0,__perm_stat=delta_fused_score,divergence=0.3,error_rate=0.5,teacher_entropy=0.2",3,0,200,0.0,0,10000,10.0,25.0,200,500,1,72,1.0,0.8255365210843374,0.5900760417512585,0.16666666666666666,0.2710767090320587,0.00740449596196413,0,0,57,50,-1,perm_test,0.004975124378109453,0.012698751700982447,113,50,63,0.0,0.16666666666666666,0,0.0,0.0,0.0,0.0,0,none,0,1,0,overconfident,0.95,0,mild_drift,0.9518608147213568,0.0013836817465685612,0.7640247836723804,0.85007248230345,1768131625.190965,0.24490748345851898,0.10896725952625275
333,21312,21311,sea_abrupt4,sea,ts_drift_adapt,4,"error_divergence_ph_meta@error.threshold=0.10,error.min_instances=5",error_divergence_ph_meta,"{""divergence"": {""alpha"": 0.1, ""delta"": 0.005, ""min_instances"": 30, ""threshold"": 0.05}, ""error_rate"": {""alpha"": 0.15, ""delta"": 0.005, ""min_instances"": 5, ""threshold"": 0.1}}","{""error_rate"": {""min_instances"": 5, ""threshold"": 0.1}}",0.1,0.005,0.15,5,0.05,0.005,0.1,30,,,,-1,two_stage,2,0.5,"__confirm_cooldown=200,__confirm_rule=perm_test,__perm_alpha=0.02,__perm_delta_k=25,__perm_min_effect=0,__perm_n_perm=200,__perm_post_n=50,__perm_pre_n=200,__perm_rng_seed=0,__perm_stat=delta_fused_score,divergence=0.3,error_rate=0.5,teacher_entropy=0.2",3,0,200,0.0,0,10000,10.0,25.0,200,500,1,8,1.0,0.8257789039039038,0.5905619100911814,0.3333333333333333,0.2429802566766739,0.009050541557371616,0,0,57,50,-1,perm_test,0.004975124378109453,0.012698751700982447,113,50,63,0.0,0.16666666666666666,0,0.0,0.0,0.0,0.0,0,none,0,1,0,overconfident,0.95,0,mild_drift,0.9560804073606783,0.0013418408732842808,0.7820123918361902,0.852536241151725,1768131625.2015839,0.5795583128929138,0.10643825680017471
334,21376,21375,sea_abrupt4,sea,ts_drift_adapt,4,"error_divergence_ph_meta@error.threshold=0.10,error.min_instances=5",error_divergence_ph_meta,"{""divergence"": {""alpha"": 0.1, ""delta"": 0.005, ""min_instances"": 30, ""threshold"": 0.05}, ""error_rate"": {""alpha"": 0.15, ""delta"": 0.005, ""min_instances"": 5, ""threshold"": 0.1}}","{""error_rate"": {""min_instances"": 5, ""threshold"": 0.1}}",0.1,0.005,0.15,5,0.05,0.005,0.1,30,,,,-1,two_stage,2,0.5,"__confirm_cooldown=200,__confirm_rule=perm_test,__perm_alpha=0.02,__perm_delta_k=25,__perm_min_effect=0,__perm_n_perm=200,__perm_post_n=50,__perm_pre_n=200,__perm_rng_seed=0,__perm_stat=delta_fused_score,divergence=0.3,error_rate=0.5,teacher_entropy=0.2",3,0,200,0.0,0,10000,10.0,25.0,200,500,0,0,1.0,0.8259730538922155,0.5909127206162904,0.0,0.271554559469223,0.009069742634892464,0,0,57,50,-1,perm_test,0.004975124378109453,0.012698751700982447,113,50,63,0.0,0.3333333333333333,0,0.0,0.0,0.0,0.0,0,none,0,1,0,overconfident,0.95,0,mild_drift,0.9581902036803391,0.0013209204366421406,0.7910061959180952,0.8537681205758625,1768131625.2127752,0.108524851500988,0.11929585039615631
335,21440,21439,sea_abrupt4,sea,ts_drift_adapt,4,"error_divergence_ph_meta@error.threshold=0.10,error.min_instances=5",error_divergence_ph_meta,"{""divergence"": {""alpha"": 0.1, ""delta"": 0.005, ""min_instances"": 30, ""threshold"": 0.05}, ""error_rate"": {""alpha"": 0.15, ""delta"": 0.005, ""min_instances"": 5, ""threshold"": 0.1}}","{""error_rate"": {""min_instances"": 5, ""threshold"": 0.1}}",0.1,0.005,0.15,5,0.05,0.005,0.1,30,,,,-1,two_stage,2,0.5,"__confirm_cooldown=200,__confirm_rule=perm_test,__perm_alpha=0.02,__perm_delta_k=25,__perm_min_effect=0,__perm_n_perm=200,__perm_post_n=50,__perm_pre_n=200,__perm_rng_seed=0,__perm_stat=delta_fused_score,divergence=0.3,error_rate=0.5,teacher_entropy=0.2",3,0,200,0.0,0,10000,10.0,25.0,200,500,0,0,1.0,0.8262593283582089,0.5915082741670596,0.0,0.2910560965538025,0.01317385584115982,0,1,58,50,-1,perm_test,1.0,-0.04312828243955215,114,50,64,0.3333333333333333,0.004104113206267357,1,0.5,0.0,0.0,0.0,0,none,0,1,0,overconfident,0.95,0,mild_drift,0.9592451018401695,0.0013104602183210703,0.7955030979590476,0.8543840602879312,1768131625.2266185,0.06546780467033386,0.1281552016735077
336,21504,21503,sea_abrupt4,sea,ts_drift_adapt,4,"error_divergence_ph_meta@error.threshold=0.10,error.min_instances=5",error_divergence_ph_meta,"{""divergence"": {""alpha"": 0.1, ""delta"": 0.005, ""min_instances"": 30, ""threshold"": 0.05}, ""error_rate"": {""alpha"": 0.15, ""delta"": 0.005, ""min_instances"": 5, ""threshold"": 0.1}}","{""error_rate"": {""min_instances"": 5, ""threshold"": 0.1}}",0.1,0.005,0.15,5,0.05,0.005,0.1,30,,,,-1,two_stage,2,0.5,"__confirm_cooldown=200,__confirm_rule=perm_test,__perm_alpha=0.02,__perm_delta_k=25,__perm_min_effect=0,__perm_n_perm=200,__perm_post_n=50,__perm_pre_n=200,__perm_rng_seed=0,__perm_stat=delta_fused_score,divergence=0.3,error_rate=0.5,teacher_entropy=0.2",3,0,200,0.0,0,10000,10.0,25.0,200,500,0,0,1.0,0.8267764136904762,0.5924734160720128,0.0,0.2502741515636444,0.010594761930406094,1,0,58,51,1,perm_test,0.009950248756218905,0.020201260586530295,115,51,64,0.0,0.002579093910753727,0,0.0,0.0,0.0,0.0,0,none,1,1,0,overconfident,0.95,0,stable,0.9746225509200848,0.001055230109160535,0.8977515489795238,0.8996920301439657,1768131625.2456424,0.15749995410442352,0.11614030599594116
337,21568,21567,sea_abrupt4,sea,ts_drift_adapt,4,"error_divergence_ph_meta@error.threshold=0.10,error.min_instances=5",error_divergence_ph_meta,"{""divergence"": {""alpha"": 0.1, ""delta"": 0.005, ""min_instances"": 30, ""threshold"": 0.05}, ""error_rate"": {""alpha"": 0.15, ""delta"": 0.005, ""min_instances"": 5, ""threshold"": 0.1}}","{""error_rate"": {""min_instances"": 5, ""threshold"": 0.1}}",0.1,0.005,0.15,5,0.05,0.005,0.1,30,,,,-1,two_stage,2,0.5,"__confirm_cooldown=200,__confirm_rule=perm_test,__perm_alpha=0.02,__perm_delta_k=25,__perm_min_effect=0,__perm_n_perm=200,__perm_post_n=50,__perm_pre_n=200,__perm_rng_seed=0,__perm_stat=delta_fused_score,divergence=0.3,error_rate=0.5,teacher_entropy=0.2",3,0,200,0.0,0,10000,10.0,25.0,200,500,1,136,1.0,0.8269195103857567,0.5925962403462325,0.0,0.3069469630718231,0.008935621939599514,0,0,58,51,-1,perm_test,0.009950248756218905,0.020201260586530295,115,51,64,0.0,0.0016591399908065796,0,0.0,0.0,0.0,0.0,0,none,0,1,0,overconfident,0.95,0,mild_drift,0.9674612754600423,0.0011776150545802677,0.8488757744897619,0.8773460150719828,1768131625.2577543,0.11926165968179703,0.10240867733955383
338,21632,21631,sea_abrupt4,sea,ts_drift_adapt,4,"error_divergence_ph_meta@error.threshold=0.10,error.min_instances=5",error_divergence_ph_meta,"{""divergence"": {""alpha"": 0.1, ""delta"": 0.005, ""min_instances"": 30, ""threshold"": 0.05}, ""error_rate"": {""alpha"": 0.15, ""delta"": 0.005, ""min_instances"": 5, ""threshold"": 0.1}}","{""error_rate"": {""min_instances"": 5, ""threshold"": 0.1}}",0.1,0.005,0.15,5,0.05,0.005,0.1,30,,,,-1,two_stage,2,0.5,"__confirm_cooldown=200,__confirm_rule=perm_test,__perm_alpha=0.02,__perm_delta_k=25,__perm_min_effect=0,__perm_n_perm=200,__perm_post_n=50,__perm_pre_n=200,__perm_rng_seed=0,__perm_stat=delta_fused_score,divergence=0.3,error_rate=0.5,teacher_entropy=0.2",3,0,200,0.0,0,10000,10.0,25.0,200,500,1,72,1.0,0.8274315828402367,0.5936247682140694,0.0,0.20088498294353485,0.005124309565871954,0,0,58,51,-1,perm_test,0.009950248756218905,0.020201260586530295,115,51,64,0.0,0.00381131237372756,0,0.0,0.0,0.0,0.0,0,none,0,1,0,overconfident,0.95,0,mild_drift,0.9638806377300211,0.001238807527290134,0.824437887244881,0.8661730075359915,1768131625.2680466,0.15438814461231232,0.051478322595357895
339,21696,21695,sea_abrupt4,sea,ts_drift_adapt,4,"error_divergence_ph_meta@error.threshold=0.10,error.min_instances=5",error_divergence_ph_meta,"{""divergence"": {""alpha"": 0.1, ""delta"": 0.005, ""min_instances"": 30, ""threshold"": 0.05}, ""error_rate"": {""alpha"": 0.15, ""delta"": 0.005, ""min_instances"": 5, ""threshold"": 0.1}}","{""error_rate"": {""min_instances"": 5, ""threshold"": 0.1}}",0.1,0.005,0.15,5,0.05,0.005,0.1,30,,,,-1,two_stage,2,0.5,"__confirm_cooldown=200,__confirm_rule=perm_test,__perm_alpha=0.02,__perm_delta_k=25,__perm_min_effect=0,__perm_n_perm=200,__perm_post_n=50,__perm_pre_n=200,__perm_rng_seed=0,__perm_stat=delta_fused_score,divergence=0.3,error_rate=0.5,teacher_entropy=0.2",3,0,200,0.0,0,10000,10.0,25.0,200,500,1,8,1.0,0.8277562684365781,0.5941871557611101,0.16666666666666666,0.2528650760650635,0.00973608996719122,0,0,58,51,-1,perm_test,0.009950248756218905,0.020201260586530295,115,51,64,0.0,0.16666666666666666,0,0.0,0.0,0.0,0.0,0,none,0,1,0,overconfident,0.95,0,mild_drift,0.9620903188650105,0.001269403763645067,0.8122189436224405,0.8605865037679957,1768131625.2783666,0.3465111255645752,0.08091549575328827
340,21760,21759,sea_abrupt4,sea,ts_drift_adapt,4,"error_divergence_ph_meta@error.threshold=0.10,error.min_instances=5",error_divergence_ph_meta,"{""divergence"": {""alpha"": 0.1, ""delta"": 0.005, ""min_instances"": 30, ""threshold"": 0.05}, ""error_rate"": {""alpha"": 0.15, ""delta"": 0.005, ""min_instances"": 5, ""threshold"": 0.1}}","{""error_rate"": {""min_instances"": 5, ""threshold"": 0.1}}",0.1,0.005,0.15,5,0.05,0.005,0.1,30,,,,-1,two_stage,2,0.5,"__confirm_cooldown=200,__confirm_rule=perm_test,__perm_alpha=0.02,__perm_delta_k=25,__perm_min_effect=0,__perm_n_perm=200,__perm_post_n=50,__perm_pre_n=200,__perm_rng_seed=0,__perm_stat=delta_fused_score,divergence=0.3,error_rate=0.5,teacher_entropy=0.2",3,0,200,0.0,0,10000,10.0,25.0,200,500,0,0,1.0,0.828125,0.5949387088368727,0.16666666666666666,0.2801339626312256,0.009187666699290276,0,1,59,51,-1,perm_test,1.0,-0.026617619126821545,116,51,65,0.16666666666666666,0.0005484232679009438,1,0.5,0.0,0.0,0.0,0,none,0,1,0,overconfident,0.95,0,mild_drift,0.9611951594325052,0.0012847018818225335,0.8061094718112203,0.8577932518839979,1768131625.2890923,0.3800044059753418,0.09154389798641205
341,21824,21823,sea_abrupt4,sea,ts_drift_adapt,4,"error_divergence_ph_meta@error.threshold=0.10,error.min_instances=5",error_divergence_ph_meta,"{""divergence"": {""alpha"": 0.1, ""delta"": 0.005, ""min_instances"": 30, ""threshold"": 0.05}, ""error_rate"": {""alpha"": 0.15, ""delta"": 0.005, ""min_instances"": 5, ""threshold"": 0.1}}","{""error_rate"": {""min_instances"": 5, ""threshold"": 0.1}}",0.1,0.005,0.15,5,0.05,0.005,0.1,30,,,,-1,two_stage,2,0.5,"__confirm_cooldown=200,__confirm_rule=perm_test,__perm_alpha=0.02,__perm_delta_k=25,__perm_min_effect=0,__perm_n_perm=200,__perm_post_n=50,__perm_pre_n=200,__perm_rng_seed=0,__perm_stat=delta_fused_score,divergence=0.3,error_rate=0.5,teacher_entropy=0.2",3,0,200,0.0,0,10000,10.0,25.0,200,500,0,0,1.0,0.8283082844574781,0.5952277754932539,0.16666666666666666,0.2938074767589569,0.008642307482659817,0,0,59,51,-1,perm_test,1.0,-0.08343860354707651,117,51,66,0.0,0.0005453592166304588,0,0.0,0.0,0.0,0.0,0,none,0,1,0,overconfident,0.95,0,mild_drift,0.9607475797162526,0.0012923509409112667,0.8030547359056102,0.856396625941999,1768131625.299833,0.19000494480133057,0.1045965701341629
342,21888,21887,sea_abrupt4,sea,ts_drift_adapt,4,"error_divergence_ph_meta@error.threshold=0.10,error.min_instances=5",error_divergence_ph_meta,"{""divergence"": {""alpha"": 0.1, ""delta"": 0.005, ""min_instances"": 30, ""threshold"": 0.05}, ""error_rate"": {""alpha"": 0.15, ""delta"": 0.005, ""min_instances"": 5, ""threshold"": 0.1}}","{""error_rate"": {""min_instances"": 5, ""threshold"": 0.1}}",0.1,0.005,0.15,5,0.05,0.005,0.1,30,,,,-1,two_stage,2,0.5,"__confirm_cooldown=200,__confirm_rule=perm_test,__perm_alpha=0.02,__perm_delta_k=25,__perm_min_effect=0,__perm_n_perm=200,__perm_post_n=50,__perm_pre_n=200,__perm_rng_seed=0,__perm_stat=delta_fused_score,divergence=0.3,error_rate=0.5,teacher_entropy=0.2",3,0,200,0.0,0,10000,10.0,25.0,200,500,0,0,1.0,0.8286275584795322,0.5959480853753776,0.0,0.2685176730155945,0.009614490903913975,0,0,59,51,-1,perm_test,1.0,-0.06447278835655837,118,51,67,0.0,0.16666666666666666,0,0.0,0.0,0.0,0.0,0,none,0,1,0,overconfident,0.95,0,mild_drift,0.9605237898581263,0.0012961754704556333,0.8015273679528051,0.8556983129709994,1768131625.3099468,0.03492496535181999,0.1165284663438797
343,21952,21951,sea_abrupt4,sea,ts_drift_adapt,4,"error_divergence_ph_meta@error.threshold=0.10,error.min_instances=5",error_divergence_ph_meta,"{""divergence"": {""alpha"": 0.1, ""delta"": 0.005, ""min_instances"": 30, ""threshold"": 0.05}, ""error_rate"": {""alpha"": 0.15, ""delta"": 0.005, ""min_instances"": 5, ""threshold"": 0.1}}","{""error_rate"": {""min_instances"": 5, ""threshold"": 0.1}}",0.1,0.005,0.15,5,0.05,0.005,0.1,30,,,,-1,two_stage,2,0.5,"__confirm_cooldown=200,__confirm_rule=perm_test,__perm_alpha=0.02,__perm_delta_k=25,__perm_min_effect=0,__perm_n_perm=200,__perm_post_n=50,__perm_pre_n=200,__perm_rng_seed=0,__perm_stat=delta_fused_score,divergence=0.3,error_rate=0.5,teacher_entropy=0.2",3,0,200,0.0,0,10000,10.0,25.0,200,500,0,0,1.0,0.8290360787172012,0.5968181454526229,0.0,0.26860034465789795,0.008959164842963219,0,0,59,51,-1,perm_test,1.0,-0.01592950928698828,119,51,68,0.0,0.0006553260609507561,0,0.0,0.0,0.0,0.0,0,none,0,1,0,overconfident,0.95,0,mild_drift,0.9604118949290631,0.0012980877352278168,0.8007636839764025,0.8553491564854997,1768131625.3201897,0.07713275402784348,0.08623312413692474
344,22016,22015,sea_abrupt4,sea,ts_drift_adapt,4,"error_divergence_ph_meta@error.threshold=0.10,error.min_instances=5",error_divergence_ph_meta,"{""divergence"": {""alpha"": 0.1, ""delta"": 0.005, ""min_instances"": 30, ""threshold"": 0.05}, ""error_rate"": {""alpha"": 0.15, ""delta"": 0.005, ""min_instances"": 5, ""threshold"": 0.1}}","{""error_rate"": {""min_instances"": 5, ""threshold"": 0.1}}",0.1,0.005,0.15,5,0.05,0.005,0.1,30,,,,-1,two_stage,2,0.5,"__confirm_cooldown=200,__confirm_rule=perm_test,__perm_alpha=0.02,__perm_delta_k=25,__perm_min_effect=0,__perm_n_perm=200,__perm_post_n=50,__perm_pre_n=200,__perm_rng_seed=0,__perm_stat=delta_fused_score,divergence=0.3,error_rate=0.5,teacher_entropy=0.2",3,0,200,0.0,0,10000,10.0,25.0,200,500,0,0,1.0,0.8293968023255814,0.5973810811979345,0.16666666666666666,0.3193504512310028,0.013040293008089066,0,0,59,51,-1,perm_test,1.0,-0.01592950928698828,119,51,68,0.0,0.16666666666666666,0,0.0,0.0,0.0,0.0,0,none,0,1,0,overconfident,0.95,0,mild_drift,0.9603559474645316,0.0012990438676139084,0.8003818419882013,0.8551745782427498,1768131625.3307102,0.31112781167030334,0.10427907854318619
345,22080,22079,sea_abrupt4,sea,ts_drift_adapt,4,"error_divergence_ph_meta@error.threshold=0.10,error.min_instances=5",error_divergence_ph_meta,"{""divergence"": {""alpha"": 0.1, ""delta"": 0.005, ""min_instances"": 30, ""threshold"": 0.05}, ""error_rate"": {""alpha"": 0.15, ""delta"": 0.005, ""min_instances"": 5, ""threshold"": 0.1}}","{""error_rate"": {""min_instances"": 5, ""threshold"": 0.1}}",0.1,0.005,0.15,5,0.05,0.005,0.1,30,,,,-1,two_stage,2,0.5,"__confirm_cooldown=200,__confirm_rule=perm_test,__perm_alpha=0.02,__perm_delta_k=25,__perm_min_effect=0,__perm_n_perm=200,__perm_post_n=50,__perm_pre_n=200,__perm_rng_seed=0,__perm_stat=delta_fused_score,divergence=0.3,error_rate=0.5,teacher_entropy=0.2",3,0,200,0.0,0,10000,10.0,25.0,200,500,0,0,1.0,0.8297554347826087,0.5979843496284253,0.0,0.26044028997421265,0.005411429330706596,0,1,60,51,-1,perm_test,1.0,-0.04348922930838148,120,51,69,0.16666666666666666,0.16666666666666666,1,0.5,0.0,0.0,0.0,0,none,0,1,0,overconfident,0.95,0,mild_drift,0.9603279737322657,0.0012995219338069542,0.8001909209941007,0.8550872891213749,1768131625.3415,0.14787563681602478,0.0649162009358406
346,22144,22143,sea_abrupt4,sea,ts_drift_adapt,4,"error_divergence_ph_meta@error.threshold=0.10,error.min_instances=5",error_divergence_ph_meta,"{""divergence"": {""alpha"": 0.1, ""delta"": 0.005, ""min_instances"": 30, ""threshold"": 0.05}, ""error_rate"": {""alpha"": 0.15, ""delta"": 0.005, ""min_instances"": 5, ""threshold"": 0.1}}","{""error_rate"": {""min_instances"": 5, ""threshold"": 0.1}}",0.1,0.005,0.15,5,0.05,0.005,0.1,30,,,,-1,two_stage,2,0.5,"__confirm_cooldown=200,__confirm_rule=perm_test,__perm_alpha=0.02,__perm_delta_k=25,__perm_min_effect=0,__perm_n_perm=200,__perm_post_n=50,__perm_pre_n=200,__perm_rng_seed=0,__perm_stat=delta_fused_score,divergence=0.3,error_rate=0.5,teacher_entropy=0.2",3,0,200,0.0,0,10000,10.0,25.0,200,500,0,0,1.0,0.8301119942196532,0.598671450071277,0.16666666666666666,0.26269298791885376,0.008309010416269302,1,0,60,52,1,perm_test,0.004975124378109453,0.05114746442547392,121,52,69,0.0,0.16666666666666666,0,0.0,0.0,0.0,0.0,0,none,1,1,0,overconfident,0.95,0,stable,0.9751639868661328,0.001049760966903477,0.9000954604970504,0.9000436445606874,1768131625.3579288,0.3668379783630371,0.09541591256856918
347,22208,22207,sea_abrupt4,sea,ts_drift_adapt,4,"error_divergence_ph_meta@error.threshold=0.10,error.min_instances=5",error_divergence_ph_meta,"{""divergence"": {""alpha"": 0.1, ""delta"": 0.005, ""min_instances"": 30, ""threshold"": 0.05}, ""error_rate"": {""alpha"": 0.15, ""delta"": 0.005, ""min_instances"": 5, ""threshold"": 0.1}}","{""error_rate"": {""min_instances"": 5, ""threshold"": 0.1}}",0.1,0.005,0.15,5,0.05,0.005,0.1,30,,,,-1,two_stage,2,0.5,"__confirm_cooldown=200,__confirm_rule=perm_test,__perm_alpha=0.02,__perm_delta_k=25,__perm_min_effect=0,__perm_n_perm=200,__perm_post_n=50,__perm_pre_n=200,__perm_rng_seed=0,__perm_stat=delta_fused_score,divergence=0.3,error_rate=0.5,teacher_entropy=0.2",3,0,200,0.0,0,10000,10.0,25.0,200,500,1,136,1.0,0.8305115273775217,0.5992415060645764,0.0,0.2873358428478241,0.011575637385249138,0,0,60,52,-1,perm_test,0.004975124378109453,0.05114746442547392,121,52,69,0.0,0.16666666666666666,0,0.0,0.0,0.0,0.0,0,none,0,1,0,overconfident,0.95,0,mild_drift,0.9677319934330664,0.0011748804834517386,0.8500477302485252,0.8775218222803437,1768131625.368305,0.12158322334289551,0.08510531485080719
348,22272,22271,sea_abrupt4,sea,ts_drift_adapt,4,"error_divergence_ph_meta@error.threshold=0.10,error.min_instances=5",error_divergence_ph_meta,"{""divergence"": {""alpha"": 0.1, ""delta"": 0.005, ""min_instances"": 30, ""threshold"": 0.05}, ""error_rate"": {""alpha"": 0.15, ""delta"": 0.005, ""min_instances"": 5, ""threshold"": 0.1}}","{""error_rate"": {""min_instances"": 5, ""threshold"": 0.1}}",0.1,0.005,0.15,5,0.05,0.005,0.1,30,,,,-1,two_stage,2,0.5,"__confirm_cooldown=200,__confirm_rule=perm_test,__perm_alpha=0.02,__perm_delta_k=25,__perm_min_effect=0,__perm_n_perm=200,__perm_post_n=50,__perm_pre_n=200,__perm_rng_seed=0,__perm_stat=delta_fused_score,divergence=0.3,error_rate=0.5,teacher_entropy=0.2",3,0,200,0.0,0,10000,10.0,25.0,200,500,1,72,1.0,0.8309087643678161,0.6000237135024363,0.0,0.2642849087715149,0.008117811754345894,0,0,60,52,-1,perm_test,0.004975124378109453,0.05114746442547392,121,52,69,0.0,0.003457825630903244,0,0.0,0.0,0.0,0.0,0,none,0,1,0,overconfident,0.95,0,mild_drift,0.9640159967165332,0.0012374402417258694,0.8250238651242626,0.8662609111401718,1768131625.3787282,0.0471944697201252,0.07154868543148041
349,22336,22335,sea_abrupt4,sea,ts_drift_adapt,4,"error_divergence_ph_meta@error.threshold=0.10,error.min_instances=5",error_divergence_ph_meta,"{""divergence"": {""alpha"": 0.1, ""delta"": 0.005, ""min_instances"": 30, ""threshold"": 0.05}, ""error_rate"": {""alpha"": 0.15, ""delta"": 0.005, ""min_instances"": 5, ""threshold"": 0.1}}","{""error_rate"": {""min_instances"": 5, ""threshold"": 0.1}}",0.1,0.005,0.15,5,0.05,0.005,0.1,30,,,,-1,two_stage,2,0.5,"__confirm_cooldown=200,__confirm_rule=perm_test,__perm_alpha=0.02,__perm_delta_k=25,__perm_min_effect=0,__perm_n_perm=200,__perm_post_n=50,__perm_pre_n=200,__perm_rng_seed=0,__perm_stat=delta_fused_score,divergence=0.3,error_rate=0.5,teacher_entropy=0.2",3,0,200,0.0,0,10000,10.0,25.0,200,500,1,8,1.0,0.8310351002865329,0.6001745805614169,0.0,0.22173264622688293,0.012624320574104786,0,0,60,52,-1,perm_test,0.004975124378109453,0.05114746442547392,121,52,69,0.0,0.004506508819758892,0,0.0,0.0,0.0,0.0,0,none,0,1,0,overconfident,0.95,0,mild_drift,0.9621579983582665,0.0012687201208629348,0.8125119325621313,0.8606304555700859,1768131625.3888235,0.10304804891347885,0.09607897698879242
350,22400,22399,sea_abrupt4,sea,ts_drift_adapt,4,"error_divergence_ph_meta@error.threshold=0.10,error.min_instances=5",error_divergence_ph_meta,"{""divergence"": {""alpha"": 0.1, ""delta"": 0.005, ""min_instances"": 30, ""threshold"": 0.05}, ""error_rate"": {""alpha"": 0.15, ""delta"": 0.005, ""min_instances"": 5, ""threshold"": 0.1}}","{""error_rate"": {""min_instances"": 5, ""threshold"": 0.1}}",0.1,0.005,0.15,5,0.05,0.005,0.1,30,,,,-1,two_stage,2,0.5,"__confirm_cooldown=200,__confirm_rule=perm_test,__perm_alpha=0.02,__perm_delta_k=25,__perm_min_effect=0,__perm_n_perm=200,__perm_post_n=50,__perm_pre_n=200,__perm_rng_seed=0,__perm_stat=delta_fused_score,divergence=0.3,error_rate=0.5,teacher_entropy=0.2",3,0,200,0.0,0,10000,10.0,25.0,200,500,0,0,1.0,0.83125,0.6005701951038545,0.16666666666666666,0.24791795015335083,0.014437424950301647,1,1,61,53,0,perm_test,0.004975124378109453,0.08724512653289208,122,53,69,0.16666666666666666,0.16666666666666666,1,0.5,0.0,0.0,0.0,0,none,1,1,0,overconfident,0.95,0,severe_drift,0.9265789991791333,0.0016343600604314674,0.6562559662810656,0.835315227785043,1768131625.4045632,0.5309757590293884,0.1019369438290596
351,22464,22463,sea_abrupt4,sea,ts_drift_adapt,4,"error_divergence_ph_meta@error.threshold=0.10,error.min_instances=5",error_divergence_ph_meta,"{""divergence"": {""alpha"": 0.1, ""delta"": 0.005, ""min_instances"": 30, ""threshold"": 0.05}, ""error_rate"": {""alpha"": 0.15, ""delta"": 0.005, ""min_instances"": 5, ""threshold"": 0.1}}","{""error_rate"": {""min_instances"": 5, ""threshold"": 0.1}}",0.1,0.005,0.15,5,0.05,0.005,0.1,30,,,,-1,two_stage,2,0.5,"__confirm_cooldown=200,__confirm_rule=perm_test,__perm_alpha=0.02,__perm_delta_k=25,__perm_min_effect=0,__perm_n_perm=200,__perm_post_n=50,__perm_pre_n=200,__perm_rng_seed=0,__perm_stat=delta_fused_score,divergence=0.3,error_rate=0.5,teacher_entropy=0.2",3,0,200,0.0,0,10000,10.0,25.0,200,500,1,136,1.0,0.8315527065527065,0.6010980148177714,0.0,0.25895145535469055,0.005778090097010136,0,0,61,53,-1,perm_test,0.004975124378109453,0.08724512653289208,122,53,69,0.0,0.16666666666666666,0,0.0,0.0,0.0,0.0,0,none,0,1,0,overconfident,0.95,0,mild_drift,0.9434394995895666,0.0014671800302157338,0.7281279831405328,0.8451576138925214,1768131625.414846,0.07009289413690567,0.09192923456430435
352,22528,22527,sea_abrupt4,sea,ts_drift_adapt,4,"error_divergence_ph_meta@error.threshold=0.10,error.min_instances=5",error_divergence_ph_meta,"{""divergence"": {""alpha"": 0.1, ""delta"": 0.005, ""min_instances"": 30, ""threshold"": 0.05}, ""error_rate"": {""alpha"": 0.15, ""delta"": 0.005, ""min_instances"": 5, ""threshold"": 0.1}}","{""error_rate"": {""min_instances"": 5, ""threshold"": 0.1}}",0.1,0.005,0.15,5,0.05,0.005,0.1,30,,,,-1,two_stage,2,0.5,"__confirm_cooldown=200,__confirm_rule=perm_test,__perm_alpha=0.02,__perm_delta_k=25,__perm_min_effect=0,__perm_n_perm=200,__perm_post_n=50,__perm_pre_n=200,__perm_rng_seed=0,__perm_stat=delta_fused_score,divergence=0.3,error_rate=0.5,teacher_entropy=0.2",3,0,200,0.0,0,10000,10.0,25.0,200,500,1,72,1.0,0.8317649147727273,0.6014210102243648,0.16666666666666666,0.24627897143363953,0.010028759948909283,0,0,61,53,-1,perm_test,0.004975124378109453,0.08724512653289208,122,53,69,0.0,0.16666666666666666,0,0.0,0.0,0.0,0.0,0,none,0,1,0,overconfident,0.95,0,mild_drift,0.9518697497947832,0.0013835900151078669,0.7640639915702665,0.8500788069462607,1768131625.4249718,0.23107574880123138,0.07825377583503723
353,22592,22591,sea_abrupt4,sea,ts_drift_adapt,4,"error_divergence_ph_meta@error.threshold=0.10,error.min_instances=5",error_divergence_ph_meta,"{""divergence"": {""alpha"": 0.1, ""delta"": 0.005, ""min_instances"": 30, ""threshold"": 0.05}, ""error_rate"": {""alpha"": 0.15, ""delta"": 0.005, ""min_instances"": 5, ""threshold"": 0.1}}","{""error_rate"": {""min_instances"": 5, ""threshold"": 0.1}}",0.1,0.005,0.15,5,0.05,0.005,0.1,30,,,,-1,two_stage,2,0.5,"__confirm_cooldown=200,__confirm_rule=perm_test,__perm_alpha=0.02,__perm_delta_k=25,__perm_min_effect=0,__perm_n_perm=200,__perm_post_n=50,__perm_pre_n=200,__perm_rng_seed=0,__perm_stat=delta_fused_score,divergence=0.3,error_rate=0.5,teacher_entropy=0.2",3,0,200,0.0,0,10000,10.0,25.0,200,500,1,8,1.0,0.8321087110481586,0.6019938445857006,0.3333333333333333,0.22193390130996704,0.012582482770085335,0,0,61,53,-1,perm_test,0.004975124378109453,0.08724512653289208,122,53,69,0.0,0.16666666666666666,0,0.0,0.0,0.0,0.0,0,none,0,1,0,overconfident,0.95,0,mild_drift,0.9560848748973916,0.0013417950075539334,0.7820319957851333,0.8525394034731304,1768131625.4355192,0.6632001996040344,0.11048419773578644
354,22656,22655,sea_abrupt4,sea,ts_drift_adapt,4,"error_divergence_ph_meta@error.threshold=0.10,error.min_instances=5",error_divergence_ph_meta,"{""divergence"": {""alpha"": 0.1, ""delta"": 0.005, ""min_instances"": 30, ""threshold"": 0.05}, ""error_rate"": {""alpha"": 0.15, ""delta"": 0.005, ""min_instances"": 5, ""threshold"": 0.1}}","{""error_rate"": {""min_instances"": 5, ""threshold"": 0.1}}",0.1,0.005,0.15,5,0.05,0.005,0.1,30,,,,-1,two_stage,2,0.5,"__confirm_cooldown=200,__confirm_rule=perm_test,__perm_alpha=0.02,__perm_delta_k=25,__perm_min_effect=0,__perm_n_perm=200,__perm_post_n=50,__perm_pre_n=200,__perm_rng_seed=0,__perm_stat=delta_fused_score,divergence=0.3,error_rate=0.5,teacher_entropy=0.2",3,0,200,0.0,0,10000,10.0,25.0,200,500,0,0,1.0,0.8321415960451978,0.6020476443010138,0.3333333333333333,0.289966881275177,0.0150239747017622,0,0,61,53,-1,perm_test,0.004975124378109453,0.08724512653289208,122,53,69,0.0,0.0024414919316768646,0,0.0,0.0,0.0,0.0,0,none,0,1,0,overconfident,0.95,0,mild_drift,0.9581924374486958,0.0013208975037769669,0.7910159978925666,0.8537697017365652,1768131625.446357,0.6034695506095886,0.12922881543636322
355,22720,22719,sea_abrupt4,sea,ts_drift_adapt,4,"error_divergence_ph_meta@error.threshold=0.10,error.min_instances=5",error_divergence_ph_meta,"{""divergence"": {""alpha"": 0.1, ""delta"": 0.005, ""min_instances"": 30, ""threshold"": 0.05}, ""error_rate"": {""alpha"": 0.15, ""delta"": 0.005, ""min_instances"": 5, ""threshold"": 0.1}}","{""error_rate"": {""min_instances"": 5, ""threshold"": 0.1}}",0.1,0.005,0.15,5,0.05,0.005,0.1,30,,,,-1,two_stage,2,0.5,"__confirm_cooldown=200,__confirm_rule=perm_test,__perm_alpha=0.02,__perm_delta_k=25,__perm_min_effect=0,__perm_n_perm=200,__perm_post_n=50,__perm_pre_n=200,__perm_rng_seed=0,__perm_stat=delta_fused_score,divergence=0.3,error_rate=0.5,teacher_entropy=0.2",3,0,200,0.0,0,10000,10.0,25.0,200,500,0,0,1.0,0.8324823943661972,0.6028268453078203,0.16666666666666666,0.21910744905471802,0.007059694267809391,0,1,62,53,-1,perm_test,1.0,-0.128773405922718,123,53,70,0.0,0.16666666666666666,1,0.5,0.0,0.0,0.0,0,none,0,1,0,overconfident,0.95,0,mild_drift,0.9592462187243478,0.0013104487518884834,0.7955079989462833,0.8543848508682825,1768131625.4573398,0.16925199329853058,0.07802136242389679
356,22784,22783,sea_abrupt4,sea,ts_drift_adapt,4,"error_divergence_ph_meta@error.threshold=0.10,error.min_instances=5",error_divergence_ph_meta,"{""divergence"": {""alpha"": 0.1, ""delta"": 0.005, ""min_instances"": 30, ""threshold"": 0.05}, ""error_rate"": {""alpha"": 0.15, ""delta"": 0.005, ""min_instances"": 5, ""threshold"": 0.1}}","{""error_rate"": {""min_instances"": 5, ""threshold"": 0.1}}",0.1,0.005,0.15,5,0.05,0.005,0.1,30,,,,-1,two_stage,2,0.5,"__confirm_cooldown=200,__confirm_rule=perm_test,__perm_alpha=0.02,__perm_delta_k=25,__perm_min_effect=0,__perm_n_perm=200,__perm_post_n=50,__perm_pre_n=200,__perm_rng_seed=0,__perm_stat=delta_fused_score,divergence=0.3,error_rate=0.5,teacher_entropy=0.2",3,0,200,0.0,0,10000,10.0,25.0,200,500,0,0,1.0,0.8327773876404494,0.6033760234261847,0.0,0.2612084746360779,0.007874318398535252,0,0,62,53,-1,perm_test,1.0,-0.0404050794576293,124,53,71,0.0,0.16666666666666666,0,0.0,0.0,0.0,0.0,0,none,0,1,0,overconfident,0.95,0,mild_drift,0.9597731093621739,0.0013052243759442417,0.7977539994731417,0.8546924254341413,1768131625.4684837,0.02607320435345173,0.09384450316429138
357,22848,22847,sea_abrupt4,sea,ts_drift_adapt,4,"error_divergence_ph_meta@error.threshold=0.10,error.min_instances=5",error_divergence_ph_meta,"{""divergence"": {""alpha"": 0.1, ""delta"": 0.005, ""min_instances"": 30, ""threshold"": 0.05}, ""error_rate"": {""alpha"": 0.15, ""delta"": 0.005, ""min_instances"": 5, ""threshold"": 0.1}}","{""error_rate"": {""min_instances"": 5, ""threshold"": 0.1}}",0.1,0.005,0.15,5,0.05,0.005,0.1,30,,,,-1,two_stage,2,0.5,"__confirm_cooldown=200,__confirm_rule=perm_test,__perm_alpha=0.02,__perm_delta_k=25,__perm_min_effect=0,__perm_n_perm=200,__perm_post_n=50,__perm_pre_n=200,__perm_rng_seed=0,__perm_stat=delta_fused_score,divergence=0.3,error_rate=0.5,teacher_entropy=0.2",3,0,200,0.0,0,10000,10.0,25.0,200,500,0,0,1.0,0.832983193277311,0.6035803597666419,0.0,0.27481135725975037,0.01146281510591507,0,0,62,53,-1,perm_test,1.0,-0.043803933624393686,125,53,72,0.0,0.003588496707379818,0,0.0,0.0,0.0,0.0,0,none,0,1,0,overconfident,0.95,0,mild_drift,0.960036554681087,0.0013026121879721208,0.7988769997365709,0.8548462127170706,1768131625.4821844,0.11794271320104599,0.09269879758358002
358,22912,22911,sea_abrupt4,sea,ts_drift_adapt,4,"error_divergence_ph_meta@error.threshold=0.10,error.min_instances=5",error_divergence_ph_meta,"{""divergence"": {""alpha"": 0.1, ""delta"": 0.005, ""min_instances"": 30, ""threshold"": 0.05}, ""error_rate"": {""alpha"": 0.15, ""delta"": 0.005, ""min_instances"": 5, ""threshold"": 0.1}}","{""error_rate"": {""min_instances"": 5, ""threshold"": 0.1}}",0.1,0.005,0.15,5,0.05,0.005,0.1,30,,,,-1,two_stage,2,0.5,"__confirm_cooldown=200,__confirm_rule=perm_test,__perm_alpha=0.02,__perm_delta_k=25,__perm_min_effect=0,__perm_n_perm=200,__perm_post_n=50,__perm_pre_n=200,__perm_rng_seed=0,__perm_stat=delta_fused_score,divergence=0.3,error_rate=0.5,teacher_entropy=0.2",3,0,200,0.0,0,10000,10.0,25.0,200,500,0,0,1.0,0.8332751396648045,0.6042175963937485,0.0,0.2855023443698883,0.00935341976583004,0,0,62,53,-1,perm_test,1.0,-0.04572415128022508,126,53,73,0.0,0.0021093953400850296,0,0.0,0.0,0.0,0.0,0,none,0,1,0,overconfident,0.95,0,mild_drift,0.9601682773405434,0.0013013060939860606,0.7994384998682855,0.8549231063585353,1768131625.495955,0.17014344036579132,0.10329225659370422
359,22976,22975,sea_abrupt4,sea,ts_drift_adapt,4,"error_divergence_ph_meta@error.threshold=0.10,error.min_instances=5",error_divergence_ph_meta,"{""divergence"": {""alpha"": 0.1, ""delta"": 0.005, ""min_instances"": 30, ""threshold"": 0.05}, ""error_rate"": {""alpha"": 0.15, ""delta"": 0.005, ""min_instances"": 5, ""threshold"": 0.1}}","{""error_rate"": {""min_instances"": 5, ""threshold"": 0.1}}",0.1,0.005,0.15,5,0.05,0.005,0.1,30,,,,-1,two_stage,2,0.5,"__confirm_cooldown=200,__confirm_rule=perm_test,__perm_alpha=0.02,__perm_delta_k=25,__perm_min_effect=0,__perm_n_perm=200,__perm_post_n=50,__perm_pre_n=200,__perm_rng_seed=0,__perm_stat=delta_fused_score,divergence=0.3,error_rate=0.5,teacher_entropy=0.2",3,0,200,0.0,0,10000,10.0,25.0,200,500,0,0,1.0,0.8335654596100278,0.6048260004650321,0.0,0.2259291410446167,0.01115181390196085,0,0,62,53,-1,perm_test,1.0,-0.04572415128022508,126,53,73,0.0,0.0017983941361308098,0,0.0,0.0,0.0,0.0,0,none,0,1,0,overconfident,0.95,0,mild_drift,0.9602341386702717,0.0013006530469930303,0.7997192499341428,0.8549615531792676,1768131625.5094543,0.07258957624435425,0.09809720516204834
360,23040,23039,sea_abrupt4,sea,ts_drift_adapt,4,"error_divergence_ph_meta@error.threshold=0.10,error.min_instances=5",error_divergence_ph_meta,"{""divergence"": {""alpha"": 0.1, ""delta"": 0.005, ""min_instances"": 30, ""threshold"": 0.05}, ""error_rate"": {""alpha"": 0.15, ""delta"": 0.005, ""min_instances"": 5, ""threshold"": 0.1}}","{""error_rate"": {""min_instances"": 5, ""threshold"": 0.1}}",0.1,0.005,0.15,5,0.05,0.005,0.1,30,,,,-1,two_stage,2,0.5,"__confirm_cooldown=200,__confirm_rule=perm_test,__perm_alpha=0.02,__perm_delta_k=25,__perm_min_effect=0,__perm_n_perm=200,__perm_post_n=50,__perm_pre_n=200,__perm_rng_seed=0,__perm_stat=delta_fused_score,divergence=0.3,error_rate=0.5,teacher_entropy=0.2",3,0,200,0.0,0,10000,10.0,25.0,200,500,0,0,1.0,0.8337239583333333,0.6051093183782856,0.3333333333333333,0.2726594805717468,0.009993257001042366,1,1,63,54,0,perm_test,0.004975124378109453,0.1312795895912534,127,54,73,0.16666666666666666,0.3333333333333333,1,0.5,0.0,0.0,0.0,0,none,1,1,0,overconfident,0.95,0,severe_drift,0.9256170693351359,0.0016503265234965152,0.6498596249670714,0.8324807765896338,1768131625.5264995,0.650694727897644,0.0787772610783577
361,23104,23103,sea_abrupt4,sea,ts_drift_adapt,4,"error_divergence_ph_meta@error.threshold=0.10,error.min_instances=5",error_divergence_ph_meta,"{""divergence"": {""alpha"": 0.1, ""delta"": 0.005, ""min_instances"": 30, ""threshold"": 0.05}, ""error_rate"": {""alpha"": 0.15, ""delta"": 0.005, ""min_instances"": 5, ""threshold"": 0.1}}","{""error_rate"": {""min_instances"": 5, ""threshold"": 0.1}}",0.1,0.005,0.15,5,0.05,0.005,0.1,30,,,,-1,two_stage,2,0.5,"__confirm_cooldown=200,__confirm_rule=perm_test,__perm_alpha=0.02,__perm_delta_k=25,__perm_min_effect=0,__perm_n_perm=200,__perm_post_n=50,__perm_pre_n=200,__perm_rng_seed=0,__perm_stat=delta_fused_score,divergence=0.3,error_rate=0.5,teacher_entropy=0.2",3,0,200,0.0,0,10000,10.0,25.0,200,500,1,136,1.0,0.8338815789473685,0.6055005443560855,0.0,0.2551025450229645,0.008215928450226784,0,0,63,54,-1,perm_test,0.004975124378109453,0.1312795895912534,127,54,73,0.0,0.3333333333333333,0,0.0,0.0,0.0,0.0,0,none,0,1,0,overconfident,0.95,0,mild_drift,0.942958534667568,0.0014751632617482577,0.7249298124835357,0.8437403882948169,1768131625.5373461,0.1143178716301918,0.09522286057472229
362,23168,23167,sea_abrupt4,sea,ts_drift_adapt,4,"error_divergence_ph_meta@error.threshold=0.10,error.min_instances=5",error_divergence_ph_meta,"{""divergence"": {""alpha"": 0.1, ""delta"": 0.005, ""min_instances"": 30, ""threshold"": 0.05}, ""error_rate"": {""alpha"": 0.15, ""delta"": 0.005, ""min_instances"": 5, ""threshold"": 0.1}}","{""error_rate"": {""min_instances"": 5, ""threshold"": 0.1}}",0.1,0.005,0.15,5,0.05,0.005,0.1,30,,,,-1,two_stage,2,0.5,"__confirm_cooldown=200,__confirm_rule=perm_test,__perm_alpha=0.02,__perm_delta_k=25,__perm_min_effect=0,__perm_n_perm=200,__perm_post_n=50,__perm_pre_n=200,__perm_rng_seed=0,__perm_stat=delta_fused_score,divergence=0.3,error_rate=0.5,teacher_entropy=0.2",3,0,200,0.0,0,10000,10.0,25.0,200,500,1,72,1.0,0.8342109806629834,0.6061247605122537,0.0,0.23912891745567322,0.005955683998763561,0,0,63,54,-1,perm_test,0.004975124378109453,0.1312795895912534,127,54,73,0.0,0.0022602444514632225,0,0.0,0.0,0.0,0.0,0,none,0,1,0,overconfident,0.95,0,mild_drift,0.951629267333784,0.001387581630874129,0.7624649062417679,0.8493701941474084,1768131625.548088,0.053234267979860306,0.08084245771169662
363,23232,23231,sea_abrupt4,sea,ts_drift_adapt,4,"error_divergence_ph_meta@error.threshold=0.10,error.min_instances=5",error_divergence_ph_meta,"{""divergence"": {""alpha"": 0.1, ""delta"": 0.005, ""min_instances"": 30, ""threshold"": 0.05}, ""error_rate"": {""alpha"": 0.15, ""delta"": 0.005, ""min_instances"": 5, ""threshold"": 0.1}}","{""error_rate"": {""min_instances"": 5, ""threshold"": 0.1}}",0.1,0.005,0.15,5,0.05,0.005,0.1,30,,,,-1,two_stage,2,0.5,"__confirm_cooldown=200,__confirm_rule=perm_test,__perm_alpha=0.02,__perm_delta_k=25,__perm_min_effect=0,__perm_n_perm=200,__perm_post_n=50,__perm_pre_n=200,__perm_rng_seed=0,__perm_stat=delta_fused_score,divergence=0.3,error_rate=0.5,teacher_entropy=0.2",3,0,200,0.0,0,10000,10.0,25.0,200,500,1,8,1.0,0.834237258953168,0.6061490426676062,0.16666666666666666,0.263471782207489,0.011014915071427822,0,0,63,54,-1,perm_test,0.004975124378109453,0.1312795895912534,127,54,73,0.0,0.16666666666666666,0,0.0,0.0,0.0,0.0,0,none,0,1,0,overconfident,0.95,0,mild_drift,0.9559646336668919,0.0013437908154370645,0.781232453120884,0.8521850970737042,1768131625.559123,0.38739264011383057,0.12740178406238556
364,23296,23295,sea_abrupt4,sea,ts_drift_adapt,4,"error_divergence_ph_meta@error.threshold=0.10,error.min_instances=5",error_divergence_ph_meta,"{""divergence"": {""alpha"": 0.1, ""delta"": 0.005, ""min_instances"": 30, ""threshold"": 0.05}, ""error_rate"": {""alpha"": 0.15, ""delta"": 0.005, ""min_instances"": 5, ""threshold"": 0.1}}","{""error_rate"": {""min_instances"": 5, ""threshold"": 0.1}}",0.1,0.005,0.15,5,0.05,0.005,0.1,30,,,,-1,two_stage,2,0.5,"__confirm_cooldown=200,__confirm_rule=perm_test,__perm_alpha=0.02,__perm_delta_k=25,__perm_min_effect=0,__perm_n_perm=200,__perm_post_n=50,__perm_pre_n=200,__perm_rng_seed=0,__perm_stat=delta_fused_score,divergence=0.3,error_rate=0.5,teacher_entropy=0.2",3,0,200,0.0,0,10000,10.0,25.0,200,500,0,0,1.0,0.8345638736263736,0.6066698592389641,0.0,0.2607423663139343,0.010548301972448826,0,0,63,54,-1,perm_test,0.004975124378109453,0.1312795895912534,127,54,73,0.0,0.16666666666666666,0,0.0,0.0,0.0,0.0,0,none,0,1,0,overconfident,0.95,0,mild_drift,0.9581323168334459,0.0013218954077185323,0.790616226560442,0.8535925485368521,1768131625.57023,0.03745931014418602,0.09301715344190598
365,23360,23359,sea_abrupt4,sea,ts_drift_adapt,4,"error_divergence_ph_meta@error.threshold=0.10,error.min_instances=5",error_divergence_ph_meta,"{""divergence"": {""alpha"": 0.1, ""delta"": 0.005, ""min_instances"": 30, ""threshold"": 0.05}, ""error_rate"": {""alpha"": 0.15, ""delta"": 0.005, ""min_instances"": 5, ""threshold"": 0.1}}","{""error_rate"": {""min_instances"": 5, ""threshold"": 0.1}}",0.1,0.005,0.15,5,0.05,0.005,0.1,30,,,,-1,two_stage,2,0.5,"__confirm_cooldown=200,__confirm_rule=perm_test,__perm_alpha=0.02,__perm_delta_k=25,__perm_min_effect=0,__perm_n_perm=200,__perm_post_n=50,__perm_pre_n=200,__perm_rng_seed=0,__perm_stat=delta_fused_score,divergence=0.3,error_rate=0.5,teacher_entropy=0.2",3,0,200,0.0,0,10000,10.0,25.0,200,500,0,0,1.0,0.8348030821917808,0.6071661256067651,0.16666666666666666,0.2775322496891022,0.009959375485777855,1,1,64,55,0,perm_test,0.004975124378109453,0.043672663814603885,128,55,73,0.16666666666666666,0.16666666666666666,1,0.5,0.0,0.0,0.0,0,none,1,1,0,overconfident,0.95,0,severe_drift,0.924566158416723,0.0016609477038592663,0.645308113280221,0.8317962742684261,1768131625.5871546,0.39664316177368164,0.09768122434616089
366,23424,23423,sea_abrupt4,sea,ts_drift_adapt,4,"error_divergence_ph_meta@error.threshold=0.10,error.min_instances=5",error_divergence_ph_meta,"{""divergence"": {""alpha"": 0.1, ""delta"": 0.005, ""min_instances"": 30, ""threshold"": 0.05}, ""error_rate"": {""alpha"": 0.15, ""delta"": 0.005, ""min_instances"": 5, ""threshold"": 0.1}}","{""error_rate"": {""min_instances"": 5, ""threshold"": 0.1}}",0.1,0.005,0.15,5,0.05,0.005,0.1,30,,,,-1,two_stage,2,0.5,"__confirm_cooldown=200,__confirm_rule=perm_test,__perm_alpha=0.02,__perm_delta_k=25,__perm_min_effect=0,__perm_n_perm=200,__perm_post_n=50,__perm_pre_n=200,__perm_rng_seed=0,__perm_stat=delta_fused_score,divergence=0.3,error_rate=0.5,teacher_entropy=0.2",3,0,200,0.0,0,10000,10.0,25.0,200,500,1,136,1.0,0.835083674863388,0.607593012129671,0.0,0.27230337262153625,0.006403560750186443,0,0,64,55,-1,perm_test,0.004975124378109453,0.043672663814603885,128,55,73,0.0,0.16666666666666666,0,0.0,0.0,0.0,0.0,0,none,0,1,0,overconfident,0.95,0,mild_drift,0.9424330792083615,0.0014804738519296331,0.7226540566401105,0.843398137134213,1768131625.5977447,0.06071643531322479,0.0773850679397583
367,23488,23487,sea_abrupt4,sea,ts_drift_adapt,4,"error_divergence_ph_meta@error.threshold=0.10,error.min_instances=5",error_divergence_ph_meta,"{""divergence"": {""alpha"": 0.1, ""delta"": 0.005, ""min_instances"": 30, ""threshold"": 0.05}, ""error_rate"": {""alpha"": 0.15, ""delta"": 0.005, ""min_instances"": 5, ""threshold"": 0.1}}","{""error_rate"": {""min_instances"": 5, ""threshold"": 0.1}}",0.1,0.005,0.15,5,0.05,0.005,0.1,30,,,,-1,two_stage,2,0.5,"__confirm_cooldown=200,__confirm_rule=perm_test,__perm_alpha=0.02,__perm_delta_k=25,__perm_min_effect=0,__perm_n_perm=200,__perm_post_n=50,__perm_pre_n=200,__perm_rng_seed=0,__perm_stat=delta_fused_score,divergence=0.3,error_rate=0.5,teacher_entropy=0.2",3,0,200,0.0,0,10000,10.0,25.0,200,500,1,72,1.0,0.8354904632152589,0.6082691819974915,0.0,0.22830331325531006,0.006445890758186579,0,0,64,55,-1,perm_test,0.004975124378109453,0.043672663814603885,128,55,73,0.0,4.233000800013542e-05,0,0.0,0.0,0.0,0.0,0,none,0,1,0,overconfident,0.95,0,mild_drift,0.9513665396041807,0.0013902369259648165,0.7613270283200553,0.8491990685671065,1768131625.6079376,0.19634796679019928,0.06878402829170227
368,23552,23551,sea_abrupt4,sea,ts_drift_adapt,4,"error_divergence_ph_meta@error.threshold=0.10,error.min_instances=5",error_divergence_ph_meta,"{""divergence"": {""alpha"": 0.1, ""delta"": 0.005, ""min_instances"": 30, ""threshold"": 0.05}, ""error_rate"": {""alpha"": 0.15, ""delta"": 0.005, ""min_instances"": 5, ""threshold"": 0.1}}","{""error_rate"": {""min_instances"": 5, ""threshold"": 0.1}}",0.1,0.005,0.15,5,0.05,0.005,0.1,30,,,,-1,two_stage,2,0.5,"__confirm_cooldown=200,__confirm_rule=perm_test,__perm_alpha=0.02,__perm_delta_k=25,__perm_min_effect=0,__perm_n_perm=200,__perm_post_n=50,__perm_pre_n=200,__perm_rng_seed=0,__perm_stat=delta_fused_score,divergence=0.3,error_rate=0.5,teacher_entropy=0.2",3,0,200,0.0,0,10000,10.0,25.0,200,500,1,8,1.0,0.8358525815217391,0.6089588134808237,0.0,0.23484770953655243,0.007696699816733599,0,0,64,55,-1,perm_test,0.004975124378109453,0.043672663814603885,128,55,73,0.0,0.00125080905854702,0,0.0,0.0,0.0,0.0,0,none,0,1,0,overconfident,0.95,0,mild_drift,0.9558332698020904,0.0013451184629824082,0.7806635141600277,0.8520995342835532,1768131625.6184525,0.08149687200784683,0.0753869116306305
369,23616,23615,sea_abrupt4,sea,ts_drift_adapt,4,"error_divergence_ph_meta@error.threshold=0.10,error.min_instances=5",error_divergence_ph_meta,"{""divergence"": {""alpha"": 0.1, ""delta"": 0.005, ""min_instances"": 30, ""threshold"": 0.05}, ""error_rate"": {""alpha"": 0.15, ""delta"": 0.005, ""min_instances"": 5, ""threshold"": 0.1}}","{""error_rate"": {""min_instances"": 5, ""threshold"": 0.1}}",0.1,0.005,0.15,5,0.05,0.005,0.1,30,,,,-1,two_stage,2,0.5,"__confirm_cooldown=200,__confirm_rule=perm_test,__perm_alpha=0.02,__perm_delta_k=25,__perm_min_effect=0,__perm_n_perm=200,__perm_post_n=50,__perm_pre_n=200,__perm_rng_seed=0,__perm_stat=delta_fused_score,divergence=0.3,error_rate=0.5,teacher_entropy=0.2",3,0,200,0.0,0,10000,10.0,25.0,200,500,0,0,1.0,0.8361280487804879,0.6095981444272499,0.3333333333333333,0.27701830863952637,0.008838511072099209,0,0,64,55,-1,perm_test,0.004975124378109453,0.043672663814603885,128,55,73,0.0,0.3333333333333333,0,0.0,0.0,0.0,0.0,0,none,0,1,0,overconfident,0.95,0,mild_drift,0.9580666349010452,0.0013225592314912043,0.7903317570800139,0.8535497671417767,1768131625.6294599,0.5110355615615845,0.09445597976446152
370,23680,23679,sea_abrupt4,sea,ts_drift_adapt,4,"error_divergence_ph_meta@error.threshold=0.10,error.min_instances=5",error_divergence_ph_meta,"{""divergence"": {""alpha"": 0.1, ""delta"": 0.005, ""min_instances"": 30, ""threshold"": 0.05}, ""error_rate"": {""alpha"": 0.15, ""delta"": 0.005, ""min_instances"": 5, ""threshold"": 0.1}}","{""error_rate"": {""min_instances"": 5, ""threshold"": 0.1}}",0.1,0.005,0.15,5,0.05,0.005,0.1,30,,,,-1,two_stage,2,0.5,"__confirm_cooldown=200,__confirm_rule=perm_test,__perm_alpha=0.02,__perm_delta_k=25,__perm_min_effect=0,__perm_n_perm=200,__perm_post_n=50,__perm_pre_n=200,__perm_rng_seed=0,__perm_stat=delta_fused_score,divergence=0.3,error_rate=0.5,teacher_entropy=0.2",3,0,200,0.0,0,10000,10.0,25.0,200,500,0,0,1.0,0.8363597972972973,0.6101210601301247,0.16666666666666666,0.24140210449695587,0.009689406491816044,0,1,65,55,-1,perm_test,1.0,-0.08472117960509648,129,55,74,0.0,0.16666666666666666,1,0.5,0.0,0.0,0.0,0,none,0,1,0,overconfident,0.95,0,mild_drift,0.9591833174505225,0.0013112796157456023,0.795165878540007,0.8542748835708883,1768131625.6408331,0.34039583802223206,0.09331351518630981
371,23744,23743,sea_abrupt4,sea,ts_drift_adapt,4,"error_divergence_ph_meta@error.threshold=0.10,error.min_instances=5",error_divergence_ph_meta,"{""divergence"": {""alpha"": 0.1, ""delta"": 0.005, ""min_instances"": 30, ""threshold"": 0.05}, ""error_rate"": {""alpha"": 0.15, ""delta"": 0.005, ""min_instances"": 5, ""threshold"": 0.1}}","{""error_rate"": {""min_instances"": 5, ""threshold"": 0.1}}",0.1,0.005,0.15,5,0.05,0.005,0.1,30,,,,-1,two_stage,2,0.5,"__confirm_cooldown=200,__confirm_rule=perm_test,__perm_alpha=0.02,__perm_delta_k=25,__perm_min_effect=0,__perm_n_perm=200,__perm_post_n=50,__perm_pre_n=200,__perm_rng_seed=0,__perm_stat=delta_fused_score,divergence=0.3,error_rate=0.5,teacher_entropy=0.2",3,0,200,0.0,0,10000,10.0,25.0,200,500,0,0,1.0,0.8367166442048517,0.6109941698157989,0.0,0.2206430733203888,0.006173302419483662,0,0,65,55,-1,perm_test,1.0,-0.06564599380495897,130,55,75,0.0,0.16666666666666666,0,0.0,0.0,0.0,0.0,0,none,0,1,0,overconfident,0.95,0,mild_drift,0.9597416587252612,0.0013056398078728011,0.7975829392700036,0.8546374417854441,1768131625.6519387,0.11092507839202881,0.07667996734380722
372,23808,23807,sea_abrupt4,sea,ts_drift_adapt,4,"error_divergence_ph_meta@error.threshold=0.10,error.min_instances=5",error_divergence_ph_meta,"{""divergence"": {""alpha"": 0.1, ""delta"": 0.005, ""min_instances"": 30, ""threshold"": 0.05}, ""error_rate"": {""alpha"": 0.15, ""delta"": 0.005, ""min_instances"": 5, ""threshold"": 0.1}}","{""error_rate"": {""min_instances"": 5, ""threshold"": 0.1}}",0.1,0.005,0.15,5,0.05,0.005,0.1,30,,,,-1,two_stage,2,0.5,"__confirm_cooldown=200,__confirm_rule=perm_test,__perm_alpha=0.02,__perm_delta_k=25,__perm_min_effect=0,__perm_n_perm=200,__perm_post_n=50,__perm_pre_n=200,__perm_rng_seed=0,__perm_stat=delta_fused_score,divergence=0.3,error_rate=0.5,teacher_entropy=0.2",3,0,200,0.0,0,10000,10.0,25.0,200,500,0,0,1.0,0.8370295698924731,0.6115187845589375,0.16666666666666666,0.19799238443374634,0.004909385461360216,1,0,65,56,2,perm_test,0.004975124378109453,0.02946502716884974,131,56,75,0.0,0.16666666666666666,0,0.0,0.0,0.0,0.0,0,none,1,1,0,overconfident,0.95,0,stable,0.9748708293626306,0.0010528199039364005,0.8987914696350018,0.8998187208927221,1768131625.6686862,0.15444591641426086,0.05206488445401192
373,23872,23871,sea_abrupt4,sea,ts_drift_adapt,4,"error_divergence_ph_meta@error.threshold=0.10,error.min_instances=5",error_divergence_ph_meta,"{""divergence"": {""alpha"": 0.1, ""delta"": 0.005, ""min_instances"": 30, ""threshold"": 0.05}, ""error_rate"": {""alpha"": 0.15, ""delta"": 0.005, ""min_instances"": 5, ""threshold"": 0.1}}","{""error_rate"": {""min_instances"": 5, ""threshold"": 0.1}}",0.1,0.005,0.15,5,0.05,0.005,0.1,30,,,,-1,two_stage,2,0.5,"__confirm_cooldown=200,__confirm_rule=perm_test,__perm_alpha=0.02,__perm_delta_k=25,__perm_min_effect=0,__perm_n_perm=200,__perm_post_n=50,__perm_pre_n=200,__perm_rng_seed=0,__perm_stat=delta_fused_score,divergence=0.3,error_rate=0.5,teacher_entropy=0.2",3,0,200,0.0,0,10000,10.0,25.0,200,500,1,136,1.0,0.837382707774799,0.6121212738135531,0.0,0.237022265791893,0.003659952897578478,0,0,65,56,-1,perm_test,0.004975124378109453,0.02946502716884974,131,56,75,0.0,0.16666666666666666,0,0.0,0.0,0.0,0.0,0,none,0,1,0,overconfident,0.95,0,mild_drift,0.9675854146813152,0.0011764099519682002,0.849395734817501,0.8774093604463611,1768131625.681965,0.07267338037490845,0.05297084525227547
374,23936,23935,sea_abrupt4,sea,ts_drift_adapt,4,"error_divergence_ph_meta@error.threshold=0.10,error.min_instances=5",error_divergence_ph_meta,"{""divergence"": {""alpha"": 0.1, ""delta"": 0.005, ""min_instances"": 30, ""threshold"": 0.05}, ""error_rate"": {""alpha"": 0.15, ""delta"": 0.005, ""min_instances"": 5, ""threshold"": 0.1}}","{""error_rate"": {""min_instances"": 5, ""threshold"": 0.1}}",0.1,0.005,0.15,5,0.05,0.005,0.1,30,,,,-1,two_stage,2,0.5,"__confirm_cooldown=200,__confirm_rule=perm_test,__perm_alpha=0.02,__perm_delta_k=25,__perm_min_effect=0,__perm_n_perm=200,__perm_post_n=50,__perm_pre_n=200,__perm_rng_seed=0,__perm_stat=delta_fused_score,divergence=0.3,error_rate=0.5,teacher_entropy=0.2",3,0,200,0.0,0,10000,10.0,25.0,200,500,1,72,1.0,0.837692179144385,0.6127540646402998,0.16666666666666666,0.22763200104236603,0.006413045339286327,0,0,65,56,-1,perm_test,0.004975124378109453,0.02946502716884974,131,56,75,0.0,0.16666666666666666,0,0.0,0.0,0.0,0.0,0,none,0,1,0,overconfident,0.95,0,mild_drift,0.9639427073406576,0.0012382049759841,0.8246978674087505,0.8662046802231805,1768131625.6950045,0.21149365603923798,0.078465037047863
375,24000,23999,sea_abrupt4,sea,ts_drift_adapt,4,"error_divergence_ph_meta@error.threshold=0.10,error.min_instances=5",error_divergence_ph_meta,"{""divergence"": {""alpha"": 0.1, ""delta"": 0.005, ""min_instances"": 30, ""threshold"": 0.05}, ""error_rate"": {""alpha"": 0.15, ""delta"": 0.005, ""min_instances"": 5, ""threshold"": 0.1}}","{""error_rate"": {""min_instances"": 5, ""threshold"": 0.1}}",0.1,0.005,0.15,5,0.05,0.005,0.1,30,,,,-1,two_stage,2,0.5,"__confirm_cooldown=200,__confirm_rule=perm_test,__perm_alpha=0.02,__perm_delta_k=25,__perm_min_effect=0,__perm_n_perm=200,__perm_post_n=50,__perm_pre_n=200,__perm_rng_seed=0,__perm_stat=delta_fused_score,divergence=0.3,error_rate=0.5,teacher_entropy=0.2",3,0,200,0.0,0,10000,10.0,25.0,200,500,1,8,1.0,0.8380416666666667,0.6133439604888659,0.0,0.2135520577430725,0.006753628607839346,0,1,65,56,-1,perm_test,0.004975124378109453,0.02946502716884974,131,56,75,0.16666666666666666,0.16666666666666666,1,0.5,0.0,0.0,0.0,0,none,0,1,0,overconfident,0.95,0,mild_drift,0.9621213536703288,0.0012691024879920502,0.8123489337043752,0.8606023401115903,1768131625.7081559,0.031175553798675537,0.08312126994132996
376,24064,24063,sea_abrupt4,sea,ts_drift_adapt,4,"error_divergence_ph_meta@error.threshold=0.10,error.min_instances=5",error_divergence_ph_meta,"{""divergence"": {""alpha"": 0.1, ""delta"": 0.005, ""min_instances"": 30, ""threshold"": 0.05}, ""error_rate"": {""alpha"": 0.15, ""delta"": 0.005, ""min_instances"": 5, ""threshold"": 0.1}}","{""error_rate"": {""min_instances"": 5, ""threshold"": 0.1}}",0.1,0.005,0.15,5,0.05,0.005,0.1,30,,,,-1,two_stage,2,0.5,"__confirm_cooldown=200,__confirm_rule=perm_test,__perm_alpha=0.02,__perm_delta_k=25,__perm_min_effect=0,__perm_n_perm=200,__perm_post_n=50,__perm_pre_n=200,__perm_rng_seed=0,__perm_stat=delta_fused_score,divergence=0.3,error_rate=0.5,teacher_entropy=0.2",3,0,200,0.0,0,10000,10.0,25.0,200,500,0,0,1.0,0.8383061835106383,0.6140179025601424,0.0,0.23588144779205322,0.007382177282124758,0,0,65,56,-1,perm_test,0.004975124378109453,0.02946502716884974,131,56,75,0.0,0.0006285486742854118,0,0.0,0.0,0.0,0.0,0,none,0,1,0,overconfident,0.95,0,mild_drift,0.9612106768351644,0.0012845512439960253,0.8061744668521876,0.8578011700557951,1768131625.7198193,0.20771260559558868,0.09101273119449615
377,24128,24127,sea_abrupt4,sea,ts_drift_adapt,4,"error_divergence_ph_meta@error.threshold=0.10,error.min_instances=5",error_divergence_ph_meta,"{""divergence"": {""alpha"": 0.1, ""delta"": 0.005, ""min_instances"": 30, ""threshold"": 0.05}, ""error_rate"": {""alpha"": 0.15, ""delta"": 0.005, ""min_instances"": 5, ""threshold"": 0.1}}","{""error_rate"": {""min_instances"": 5, ""threshold"": 0.1}}",0.1,0.005,0.15,5,0.05,0.005,0.1,30,,,,-1,two_stage,2,0.5,"__confirm_cooldown=200,__confirm_rule=perm_test,__perm_alpha=0.02,__perm_delta_k=25,__perm_min_effect=0,__perm_n_perm=200,__perm_post_n=50,__perm_pre_n=200,__perm_rng_seed=0,__perm_stat=delta_fused_score,divergence=0.3,error_rate=0.5,teacher_entropy=0.2",3,0,200,0.0,0,10000,10.0,25.0,200,500,0,0,1.0,0.8384035145888594,0.6141347926321151,0.16666666666666666,0.237697035074234,0.00636391993612051,0,0,65,56,-1,perm_test,0.004975124378109453,0.02946502716884974,131,56,75,0.0,0.16666666666666666,0,0.0,0.0,0.0,0.0,0,none,0,1,0,overconfident,0.95,0,mild_drift,0.9607553384175822,0.0012922756219980128,0.8030872334260939,0.8564005850278975,1768131625.730515,0.2812240421772003,0.07427211105823517
378,24192,24191,sea_abrupt4,sea,ts_drift_adapt,4,"error_divergence_ph_meta@error.threshold=0.10,error.min_instances=5",error_divergence_ph_meta,"{""divergence"": {""alpha"": 0.1, ""delta"": 0.005, ""min_instances"": 30, ""threshold"": 0.05}, ""error_rate"": {""alpha"": 0.15, ""delta"": 0.005, ""min_instances"": 5, ""threshold"": 0.1}}","{""error_rate"": {""min_instances"": 5, ""threshold"": 0.1}}",0.1,0.005,0.15,5,0.05,0.005,0.1,30,,,,-1,two_stage,2,0.5,"__confirm_cooldown=200,__confirm_rule=perm_test,__perm_alpha=0.02,__perm_delta_k=25,__perm_min_effect=0,__perm_n_perm=200,__perm_post_n=50,__perm_pre_n=200,__perm_rng_seed=0,__perm_stat=delta_fused_score,divergence=0.3,error_rate=0.5,teacher_entropy=0.2",3,0,200,0.0,0,10000,10.0,25.0,200,500,0,0,1.0,0.8387483465608465,0.6148260487631332,0.0,0.21460658311843872,0.007720827590674162,0,0,65,56,-1,perm_test,0.004975124378109453,0.02946502716884974,131,56,75,0.0,0.16666666666666666,0,0.0,0.0,0.0,0.0,0,none,0,1,0,overconfident,0.95,0,mild_drift,0.9605276692087911,0.0012961378109990064,0.801543616713047,0.8557002925139487,1768131625.7416663,0.07849446684122086,0.07947564870119095
379,24256,24255,sea_abrupt4,sea,ts_drift_adapt,4,"error_divergence_ph_meta@error.threshold=0.10,error.min_instances=5",error_divergence_ph_meta,"{""divergence"": {""alpha"": 0.1, ""delta"": 0.005, ""min_instances"": 30, ""threshold"": 0.05}, ""error_rate"": {""alpha"": 0.15, ""delta"": 0.005, ""min_instances"": 5, ""threshold"": 0.1}}","{""error_rate"": {""min_instances"": 5, ""threshold"": 0.1}}",0.1,0.005,0.15,5,0.05,0.005,0.1,30,,,,-1,two_stage,2,0.5,"__confirm_cooldown=200,__confirm_rule=perm_test,__perm_alpha=0.02,__perm_delta_k=25,__perm_min_effect=0,__perm_n_perm=200,__perm_post_n=50,__perm_pre_n=200,__perm_rng_seed=0,__perm_stat=delta_fused_score,divergence=0.3,error_rate=0.5,teacher_entropy=0.2",3,0,200,0.0,0,10000,10.0,25.0,200,500,0,0,1.0,0.8390089050131926,0.6153101114584234,0.16666666666666666,0.26115840673446655,0.011009488254785538,0,0,65,56,-1,perm_test,0.004975124378109453,0.02946502716884974,131,56,75,0.0,0.16666666666666666,0,0.0,0.0,0.0,0.0,0,none,0,1,0,overconfident,0.95,0,mild_drift,0.9604138346043956,0.0012980689054995034,0.8007718083565235,0.8553501462569744,1768131625.7525215,0.2107740044593811,0.07607603073120117
380,24320,24319,sea_abrupt4,sea,ts_drift_adapt,4,"error_divergence_ph_meta@error.threshold=0.10,error.min_instances=5",error_divergence_ph_meta,"{""divergence"": {""alpha"": 0.1, ""delta"": 0.005, ""min_instances"": 30, ""threshold"": 0.05}, ""error_rate"": {""alpha"": 0.15, ""delta"": 0.005, ""min_instances"": 5, ""threshold"": 0.1}}","{""error_rate"": {""min_instances"": 5, ""threshold"": 0.1}}",0.1,0.005,0.15,5,0.05,0.005,0.1,30,,,,-1,two_stage,2,0.5,"__confirm_cooldown=200,__confirm_rule=perm_test,__perm_alpha=0.02,__perm_delta_k=25,__perm_min_effect=0,__perm_n_perm=200,__perm_post_n=50,__perm_pre_n=200,__perm_rng_seed=0,__perm_stat=delta_fused_score,divergence=0.3,error_rate=0.5,teacher_entropy=0.2",3,0,200,0.0,0,10000,10.0,25.0,200,500,0,0,1.0,0.8391858552631579,0.6154907603074312,0.0,0.2640842795372009,0.014512564986944199,0,1,66,56,-1,perm_test,1.0,-0.07033219977425352,132,56,76,0.0,0.16666666666666666,1,0.5,0.0,0.0,0.0,0,none,0,1,0,overconfident,0.95,0,mild_drift,0.9603569173021977,0.0012990344527497519,0.8003859041782617,0.8551750731284872,1768131625.7641673,0.05737949535250664,0.11998733878135681
381,24384,24383,sea_abrupt4,sea,ts_drift_adapt,4,"error_divergence_ph_meta@error.threshold=0.10,error.min_instances=5",error_divergence_ph_meta,"{""divergence"": {""alpha"": 0.1, ""delta"": 0.005, ""min_instances"": 30, ""threshold"": 0.05}, ""error_rate"": {""alpha"": 0.15, ""delta"": 0.005, ""min_instances"": 5, ""threshold"": 0.1}}","{""error_rate"": {""min_instances"": 5, ""threshold"": 0.1}}",0.1,0.005,0.15,5,0.05,0.005,0.1,30,,,,-1,two_stage,2,0.5,"__confirm_cooldown=200,__confirm_rule=perm_test,__perm_alpha=0.02,__perm_delta_k=25,__perm_min_effect=0,__perm_n_perm=200,__perm_post_n=50,__perm_pre_n=200,__perm_rng_seed=0,__perm_stat=delta_fused_score,divergence=0.3,error_rate=0.5,teacher_entropy=0.2",3,0,200,0.0,0,10000,10.0,25.0,200,500,0,0,1.0,0.8392798556430446,0.6155680262251917,0.16666666666666666,0.30863192677497864,0.019551023840904236,1,0,66,57,1,perm_test,0.004975124378109453,0.023267754423824616,133,57,76,0.0,0.16666666666666666,0,0.0,0.0,0.0,0.0,0,none,1,1,0,overconfident,0.95,0,stable,0.9751784586510989,0.001049517226374876,0.9001929520891309,0.9000875365642436,1768131625.7818844,0.3761439621448517,0.1256295144557953
382,24448,24447,sea_abrupt4,sea,ts_drift_adapt,4,"error_divergence_ph_meta@error.threshold=0.10,error.min_instances=5",error_divergence_ph_meta,"{""divergence"": {""alpha"": 0.1, ""delta"": 0.005, ""min_instances"": 30, ""threshold"": 0.05}, ""error_rate"": {""alpha"": 0.15, ""delta"": 0.005, ""min_instances"": 5, ""threshold"": 0.1}}","{""error_rate"": {""min_instances"": 5, ""threshold"": 0.1}}",0.1,0.005,0.15,5,0.05,0.005,0.1,30,,,,-1,two_stage,2,0.5,"__confirm_cooldown=200,__confirm_rule=perm_test,__perm_alpha=0.02,__perm_delta_k=25,__perm_min_effect=0,__perm_n_perm=200,__perm_post_n=50,__perm_pre_n=200,__perm_rng_seed=0,__perm_stat=delta_fused_score,divergence=0.3,error_rate=0.5,teacher_entropy=0.2",3,0,200,0.0,0,10000,10.0,25.0,200,500,1,136,1.0,0.8395778795811518,0.6160770539649401,0.0,0.21296368539333344,0.024011556059122086,0,0,66,57,-1,perm_test,0.004975124378109453,0.023267754423824616,133,57,76,0.0,0.16666666666666666,0,0.0,0.0,0.0,0.0,0,none,0,1,0,overconfident,0.95,0,mild_drift,0.9677392293255493,0.001174758613187438,0.8500964760445655,0.8775437682821218,1768131625.7925332,0.08749347180128098,0.1672254353761673
383,24512,24511,sea_abrupt4,sea,ts_drift_adapt,4,"error_divergence_ph_meta@error.threshold=0.10,error.min_instances=5",error_divergence_ph_meta,"{""divergence"": {""alpha"": 0.1, ""delta"": 0.005, ""min_instances"": 30, ""threshold"": 0.05}, ""error_rate"": {""alpha"": 0.15, ""delta"": 0.005, ""min_instances"": 5, ""threshold"": 0.1}}","{""error_rate"": {""min_instances"": 5, ""threshold"": 0.1}}",0.1,0.005,0.15,5,0.05,0.005,0.1,30,,,,-1,two_stage,2,0.5,"__confirm_cooldown=200,__confirm_rule=perm_test,__perm_alpha=0.02,__perm_delta_k=25,__perm_min_effect=0,__perm_n_perm=200,__perm_post_n=50,__perm_pre_n=200,__perm_rng_seed=0,__perm_stat=delta_fused_score,divergence=0.3,error_rate=0.5,teacher_entropy=0.2",3,0,200,0.0,0,10000,10.0,25.0,200,500,1,72,1.0,0.8398335509138382,0.6165916642629138,0.16666666666666666,0.2198813259601593,0.015116081573069096,0,0,66,57,-1,perm_test,0.004975124378109453,0.023267754423824616,133,57,76,0.0,0.16666666666666666,0,0.0,0.0,0.0,0.0,0,none,0,1,0,overconfident,0.95,0,mild_drift,0.9640196146627746,0.001237379306593719,0.8250482380222828,0.8662718841410608,1768131625.8029907,0.37743696570396423,0.09647636860609055
384,24576,24575,sea_abrupt4,sea,ts_drift_adapt,4,"error_divergence_ph_meta@error.threshold=0.10,error.min_instances=5",error_divergence_ph_meta,"{""divergence"": {""alpha"": 0.1, ""delta"": 0.005, ""min_instances"": 30, ""threshold"": 0.05}, ""error_rate"": {""alpha"": 0.15, ""delta"": 0.005, ""min_instances"": 5, ""threshold"": 0.1}}","{""error_rate"": {""min_instances"": 5, ""threshold"": 0.1}}",0.1,0.005,0.15,5,0.05,0.005,0.1,30,,,,-1,two_stage,2,0.5,"__confirm_cooldown=200,__confirm_rule=perm_test,__perm_alpha=0.02,__perm_delta_k=25,__perm_min_effect=0,__perm_n_perm=200,__perm_post_n=50,__perm_pre_n=200,__perm_rng_seed=0,__perm_stat=delta_fused_score,divergence=0.3,error_rate=0.5,teacher_entropy=0.2",3,0,200,0.0,0,10000,10.0,25.0,200,500,1,8,1.0,0.8401285807291666,0.6170270588123866,0.0,0.20973752439022064,0.016003593802452087,0,0,66,57,-1,perm_test,0.004975124378109453,0.023267754423824616,133,57,76,0.0,0.16666666666666666,0,0.0,0.0,0.0,0.0,0,none,0,1,0,overconfident,0.95,0,mild_drift,0.9621598073313873,0.0012686896532968597,0.8125241190111414,0.8606359420705304,1768131625.8133912,0.17876237630844116,0.10388607531785965
385,24640,24639,sea_abrupt4,sea,ts_drift_adapt,4,"error_divergence_ph_meta@error.threshold=0.10,error.min_instances=5",error_divergence_ph_meta,"{""divergence"": {""alpha"": 0.1, ""delta"": 0.005, ""min_instances"": 30, ""threshold"": 0.05}, ""error_rate"": {""alpha"": 0.15, ""delta"": 0.005, ""min_instances"": 5, ""threshold"": 0.1}}","{""error_rate"": {""min_instances"": 5, ""threshold"": 0.1}}",0.1,0.005,0.15,5,0.05,0.005,0.1,30,,,,-1,two_stage,2,0.5,"__confirm_cooldown=200,__confirm_rule=perm_test,__perm_alpha=0.02,__perm_delta_k=25,__perm_min_effect=0,__perm_n_perm=200,__perm_post_n=50,__perm_pre_n=200,__perm_rng_seed=0,__perm_stat=delta_fused_score,divergence=0.3,error_rate=0.5,teacher_entropy=0.2",3,0,200,0.0,0,10000,10.0,25.0,200,500,0,0,1.0,0.8404220779220779,0.6174982268656821,0.0,0.19687899947166443,0.014683942310512066,0,1,67,57,-1,perm_test,1.0,-0.005825509595670181,134,57,77,0.0,0.0013196514919400215,1,0.5,0.0,0.0,0.0,0,none,0,1,0,overconfident,0.95,0,mild_drift,0.9612299036656936,0.00128434482664843,0.8062620595055707,0.8578179710352651,1768131625.8243005,0.023529304191470146,0.12622112035751343
386,24704,24703,sea_abrupt4,sea,ts_drift_adapt,4,"error_divergence_ph_meta@error.threshold=0.10,error.min_instances=5",error_divergence_ph_meta,"{""divergence"": {""alpha"": 0.1, ""delta"": 0.005, ""min_instances"": 30, ""threshold"": 0.05}, ""error_rate"": {""alpha"": 0.15, ""delta"": 0.005, ""min_instances"": 5, ""threshold"": 0.1}}","{""error_rate"": {""min_instances"": 5, ""threshold"": 0.1}}",0.1,0.005,0.15,5,0.05,0.005,0.1,30,,,,-1,two_stage,2,0.5,"__confirm_cooldown=200,__confirm_rule=perm_test,__perm_alpha=0.02,__perm_delta_k=25,__perm_min_effect=0,__perm_n_perm=200,__perm_post_n=50,__perm_pre_n=200,__perm_rng_seed=0,__perm_stat=delta_fused_score,divergence=0.3,error_rate=0.5,teacher_entropy=0.2",3,0,200,0.0,0,10000,10.0,25.0,200,500,0,0,1.0,0.8406330958549223,0.6177730530174667,0.0,0.22087329626083374,0.016716981306672096,1,0,67,58,1,perm_test,0.004975124378109453,0.03445615594565043,135,58,77,0.0,0.0020330389961600304,0,0.0,0.0,0.0,0.0,0,none,1,1,0,overconfident,0.95,0,stable,0.9756149518328467,0.001042172413324215,0.9031310297527854,0.9014089855176326,1768131625.841187,0.10138526558876038,0.12593191862106323
387,24768,24767,sea_abrupt4,sea,ts_drift_adapt,4,"error_divergence_ph_meta@error.threshold=0.10,error.min_instances=5",error_divergence_ph_meta,"{""divergence"": {""alpha"": 0.1, ""delta"": 0.005, ""min_instances"": 30, ""threshold"": 0.05}, ""error_rate"": {""alpha"": 0.15, ""delta"": 0.005, ""min_instances"": 5, ""threshold"": 0.1}}","{""error_rate"": {""min_instances"": 5, ""threshold"": 0.1}}",0.1,0.005,0.15,5,0.05,0.005,0.1,30,,,,-1,two_stage,2,0.5,"__confirm_cooldown=200,__confirm_rule=perm_test,__perm_alpha=0.02,__perm_delta_k=25,__perm_min_effect=0,__perm_n_perm=200,__perm_post_n=50,__perm_pre_n=200,__perm_rng_seed=0,__perm_stat=delta_fused_score,divergence=0.3,error_rate=0.5,teacher_entropy=0.2",3,0,200,0.0,0,10000,10.0,25.0,200,500,1,136,1.0,0.8406815245478036,0.617827108864911,0.16666666666666666,0.24159491062164307,0.024261459708213806,0,0,67,58,-1,perm_test,0.004975124378109453,0.03445615594565043,135,58,77,0.0,0.16666666666666666,0,0.0,0.0,0.0,0.0,0,none,0,1,0,overconfident,0.95,0,mild_drift,0.9679574759164233,0.0011710862066621076,0.8515655148763928,0.8782044927588163,1768131625.85176,0.5456302762031555,0.18739017844200134
388,24832,24831,sea_abrupt4,sea,ts_drift_adapt,4,"error_divergence_ph_meta@error.threshold=0.10,error.min_instances=5",error_divergence_ph_meta,"{""divergence"": {""alpha"": 0.1, ""delta"": 0.005, ""min_instances"": 30, ""threshold"": 0.05}, ""error_rate"": {""alpha"": 0.15, ""delta"": 0.005, ""min_instances"": 5, ""threshold"": 0.1}}","{""error_rate"": {""min_instances"": 5, ""threshold"": 0.1}}",0.1,0.005,0.15,5,0.05,0.005,0.1,30,,,,-1,two_stage,2,0.5,"__confirm_cooldown=200,__confirm_rule=perm_test,__perm_alpha=0.02,__perm_delta_k=25,__perm_min_effect=0,__perm_n_perm=200,__perm_post_n=50,__perm_pre_n=200,__perm_rng_seed=0,__perm_stat=delta_fused_score,divergence=0.3,error_rate=0.5,teacher_entropy=0.2",3,0,200,0.0,0,10000,10.0,25.0,200,500,1,72,1.0,0.8408505154639175,0.6179667322645211,0.0,0.24394449591636658,0.021991444751620293,0,0,67,58,-1,perm_test,0.004975124378109453,0.03445615594565043,135,58,77,0.0,0.16666666666666666,0,0.0,0.0,0.0,0.0,0,none,0,1,0,overconfident,0.95,0,mild_drift,0.9641287379582116,0.0012355431033310538,0.8257827574381964,0.8666022463794081,1768131625.8619246,0.009767544455826283,0.14976751804351807
389,24896,24895,sea_abrupt4,sea,ts_drift_adapt,4,"error_divergence_ph_meta@error.threshold=0.10,error.min_instances=5",error_divergence_ph_meta,"{""divergence"": {""alpha"": 0.1, ""delta"": 0.005, ""min_instances"": 30, ""threshold"": 0.05}, ""error_rate"": {""alpha"": 0.15, ""delta"": 0.005, ""min_instances"": 5, ""threshold"": 0.1}}","{""error_rate"": {""min_instances"": 5, ""threshold"": 0.1}}",0.1,0.005,0.15,5,0.05,0.005,0.1,30,,,,-1,two_stage,2,0.5,"__confirm_cooldown=200,__confirm_rule=perm_test,__perm_alpha=0.02,__perm_delta_k=25,__perm_min_effect=0,__perm_n_perm=200,__perm_post_n=50,__perm_pre_n=200,__perm_rng_seed=0,__perm_stat=delta_fused_score,divergence=0.3,error_rate=0.5,teacher_entropy=0.2",3,0,200,0.0,0,10000,10.0,25.0,200,500,1,8,1.0,0.8410186375321337,0.6181979998606365,0.0,0.1833946853876114,0.008294695056974888,0,0,67,58,-1,perm_test,0.004975124378109453,0.03445615594565043,135,58,77,0.0,0.013696749694645405,0,0.0,0.0,0.0,0.0,0,none,0,1,0,overconfident,0.95,0,mild_drift,0.9622143689791058,0.001267771551665527,0.8128913787190982,0.860801123189704,1768131625.872167,0.014218253083527088,0.07826875150203705
390,24960,24959,sea_abrupt4,sea,ts_drift_adapt,4,"error_divergence_ph_meta@error.threshold=0.10,error.min_instances=5",error_divergence_ph_meta,"{""divergence"": {""alpha"": 0.1, ""delta"": 0.005, ""min_instances"": 30, ""threshold"": 0.05}, ""error_rate"": {""alpha"": 0.15, ""delta"": 0.005, ""min_instances"": 5, ""threshold"": 0.1}}","{""error_rate"": {""min_instances"": 5, ""threshold"": 0.1}}",0.1,0.005,0.15,5,0.05,0.005,0.1,30,,,,-1,two_stage,2,0.5,"__confirm_cooldown=200,__confirm_rule=perm_test,__perm_alpha=0.02,__perm_delta_k=25,__perm_min_effect=0,__perm_n_perm=200,__perm_post_n=50,__perm_pre_n=200,__perm_rng_seed=0,__perm_stat=delta_fused_score,divergence=0.3,error_rate=0.5,teacher_entropy=0.2",3,0,200,0.0,0,10000,10.0,25.0,200,500,0,0,1.0,0.8412259615384615,0.6185231098763346,0.16666666666666666,0.19700831174850464,0.0060693915002048016,1,1,68,59,0,perm_test,0.004975124378109453,0.04718995399532356,136,59,77,0.16666666666666666,0.16666666666666666,1,0.5,0.0,0.0,0.0,0,none,1,1,0,overconfident,0.95,0,severe_drift,0.9266071844895529,0.0016338857758327636,0.6564456893595492,0.8354005615948521,1768131625.888744,0.17246998846530914,0.05149446800351143
391,25024,25023,sea_abrupt4,sea,ts_drift_adapt,4,"error_divergence_ph_meta@error.threshold=0.10,error.min_instances=5",error_divergence_ph_meta,"{""divergence"": {""alpha"": 0.1, ""delta"": 0.005, ""min_instances"": 30, ""threshold"": 0.05}, ""error_rate"": {""alpha"": 0.15, ""delta"": 0.005, ""min_instances"": 5, ""threshold"": 0.1}}","{""error_rate"": {""min_instances"": 5, ""threshold"": 0.1}}",0.1,0.005,0.15,5,0.05,0.005,0.1,30,,,,-1,two_stage,2,0.5,"__confirm_cooldown=200,__confirm_rule=perm_test,__perm_alpha=0.02,__perm_delta_k=25,__perm_min_effect=0,__perm_n_perm=200,__perm_post_n=50,__perm_pre_n=200,__perm_rng_seed=0,__perm_stat=delta_fused_score,divergence=0.3,error_rate=0.5,teacher_entropy=0.2",3,0,200,0.0,0,10000,10.0,25.0,200,500,1,136,1.0,0.8413523017902813,0.6187666908303703,0.16666666666666666,0.27372875809669495,0.012546636164188385,0,0,68,59,-1,perm_test,0.004975124378109453,0.04718995399532356,136,59,77,0.0,0.0064772446639835835,0,0.0,0.0,0.0,0.0,0,none,0,1,0,overconfident,0.95,0,mild_drift,0.9434535922447764,0.0014669428879163819,0.7282228446797746,0.845200280797426,1768131625.899142,0.17011433839797974,0.10475888848304749
392,25088,25087,sea_abrupt4,sea,ts_drift_adapt,4,"error_divergence_ph_meta@error.threshold=0.10,error.min_instances=5",error_divergence_ph_meta,"{""divergence"": {""alpha"": 0.1, ""delta"": 0.005, ""min_instances"": 30, ""threshold"": 0.05}, ""error_rate"": {""alpha"": 0.15, ""delta"": 0.005, ""min_instances"": 5, ""threshold"": 0.1}}","{""error_rate"": {""min_instances"": 5, ""threshold"": 0.1}}",0.1,0.005,0.15,5,0.05,0.005,0.1,30,,,,-1,two_stage,2,0.5,"__confirm_cooldown=200,__confirm_rule=perm_test,__perm_alpha=0.02,__perm_delta_k=25,__perm_min_effect=0,__perm_n_perm=200,__perm_post_n=50,__perm_pre_n=200,__perm_rng_seed=0,__perm_stat=delta_fused_score,divergence=0.3,error_rate=0.5,teacher_entropy=0.2",3,0,200,0.0,0,10000,10.0,25.0,200,500,1,72,1.0,0.8415577168367347,0.6192180691803022,0.16666666666666666,0.1999223530292511,0.005739548243582249,0,0,68,59,-1,perm_test,0.004975124378109453,0.04718995399532356,136,59,77,0.0,0.006807087920606136,0,0.0,0.0,0.0,0.0,0,none,0,1,0,overconfident,0.95,0,mild_drift,0.9518767961223882,0.001383471443958191,0.7641114223398873,0.850100140398713,1768131625.9091754,0.3394850790500641,0.06321397423744202
393,25152,25151,sea_abrupt4,sea,ts_drift_adapt,4,"error_divergence_ph_meta@error.threshold=0.10,error.min_instances=5",error_divergence_ph_meta,"{""divergence"": {""alpha"": 0.1, ""delta"": 0.005, ""min_instances"": 30, ""threshold"": 0.05}, ""error_rate"": {""alpha"": 0.15, ""delta"": 0.005, ""min_instances"": 5, ""threshold"": 0.1}}","{""error_rate"": {""min_instances"": 5, ""threshold"": 0.1}}",0.1,0.005,0.15,5,0.05,0.005,0.1,30,,,,-1,two_stage,2,0.5,"__confirm_cooldown=200,__confirm_rule=perm_test,__perm_alpha=0.02,__perm_delta_k=25,__perm_min_effect=0,__perm_n_perm=200,__perm_post_n=50,__perm_pre_n=200,__perm_rng_seed=0,__perm_stat=delta_fused_score,divergence=0.3,error_rate=0.5,teacher_entropy=0.2",3,0,200,0.0,0,10000,10.0,25.0,200,500,1,8,1.0,0.8417223282442748,0.6195400197247743,0.0,0.2216169387102127,0.006763315759599209,0,0,68,59,-1,perm_test,0.004975124378109453,0.04718995399532356,136,59,77,0.0,0.16666666666666666,0,0.0,0.0,0.0,0.0,0,none,0,1,0,overconfident,0.95,0,mild_drift,0.9560883980611941,0.0013417357219790956,0.7820557111699437,0.8525500701993565,1768131625.922034,0.04300224781036377,0.06359617412090302
394,25216,25215,sea_abrupt4,sea,ts_drift_adapt,4,"error_divergence_ph_meta@error.threshold=0.10,error.min_instances=5",error_divergence_ph_meta,"{""divergence"": {""alpha"": 0.1, ""delta"": 0.005, ""min_instances"": 30, ""threshold"": 0.05}, ""error_rate"": {""alpha"": 0.15, ""delta"": 0.005, ""min_instances"": 5, ""threshold"": 0.1}}","{""error_rate"": {""min_instances"": 5, ""threshold"": 0.1}}",0.1,0.005,0.15,5,0.05,0.005,0.1,30,,,,-1,two_stage,2,0.5,"__confirm_cooldown=200,__confirm_rule=perm_test,__perm_alpha=0.02,__perm_delta_k=25,__perm_min_effect=0,__perm_n_perm=200,__perm_post_n=50,__perm_pre_n=200,__perm_rng_seed=0,__perm_stat=delta_fused_score,divergence=0.3,error_rate=0.5,teacher_entropy=0.2",3,0,200,0.0,0,10000,10.0,25.0,200,500,0,0,1.0,0.8419654187817259,0.620027320768676,0.0,0.16400930285453796,0.009057293646037579,0,0,68,59,-1,perm_test,0.004975124378109453,0.04718995399532356,136,59,77,0.0,0.0022939778864383698,0,0.0,0.0,0.0,0.0,0,none,0,1,0,overconfident,0.95,0,mild_drift,0.958194199030597,0.0013208678609895478,0.7910278555849719,0.8537750350996782,1768131625.9352965,0.07008407264947891,0.07248792797327042
395,25280,25279,sea_abrupt4,sea,ts_drift_adapt,4,"error_divergence_ph_meta@error.threshold=0.10,error.min_instances=5",error_divergence_ph_meta,"{""divergence"": {""alpha"": 0.1, ""delta"": 0.005, ""min_instances"": 30, ""threshold"": 0.05}, ""error_rate"": {""alpha"": 0.15, ""delta"": 0.005, ""min_instances"": 5, ""threshold"": 0.1}}","{""error_rate"": {""min_instances"": 5, ""threshold"": 0.1}}",0.1,0.005,0.15,5,0.05,0.005,0.1,30,,,,-1,two_stage,2,0.5,"__confirm_cooldown=200,__confirm_rule=perm_test,__perm_alpha=0.02,__perm_delta_k=25,__perm_min_effect=0,__perm_n_perm=200,__perm_post_n=50,__perm_pre_n=200,__perm_rng_seed=0,__perm_stat=delta_fused_score,divergence=0.3,error_rate=0.5,teacher_entropy=0.2",3,0,200,0.0,0,10000,10.0,25.0,200,500,0,0,1.0,0.842128164556962,0.6202245779070649,0.0,0.23642238974571228,0.009194944053888321,0,0,68,59,-1,perm_test,0.004975124378109453,0.04718995399532356,136,59,77,0.0,0.00013765040785074234,0,0.0,0.0,0.0,0.0,0,none,0,1,0,overconfident,0.95,0,mild_drift,0.9592470995152984,0.0013104339304947739,0.795513927792486,0.8543875175498391,1768131625.9484894,0.057600319385528564,0.08278188109397888
396,25344,25343,sea_abrupt4,sea,ts_drift_adapt,4,"error_divergence_ph_meta@error.threshold=0.10,error.min_instances=5",error_divergence_ph_meta,"{""divergence"": {""alpha"": 0.1, ""delta"": 0.005, ""min_instances"": 30, ""threshold"": 0.05}, ""error_rate"": {""alpha"": 0.15, ""delta"": 0.005, ""min_instances"": 5, ""threshold"": 0.1}}","{""error_rate"": {""min_instances"": 5, ""threshold"": 0.1}}",0.1,0.005,0.15,5,0.05,0.005,0.1,30,,,,-1,two_stage,2,0.5,"__confirm_cooldown=200,__confirm_rule=perm_test,__perm_alpha=0.02,__perm_delta_k=25,__perm_min_effect=0,__perm_n_perm=200,__perm_post_n=50,__perm_pre_n=200,__perm_rng_seed=0,__perm_stat=delta_fused_score,divergence=0.3,error_rate=0.5,teacher_entropy=0.2",3,0,200,0.0,0,10000,10.0,25.0,200,500,0,0,1.0,0.8422111742424242,0.6204972827631542,0.16666666666666666,0.20819130539894104,0.015891183167696,1,1,69,60,0,perm_test,0.004975124378109453,0.09136138306102158,137,60,77,0.0,0.16666666666666666,1,0.5,0.0,0.0,0.0,0,none,1,1,0,overconfident,0.95,0,stable,0.9746235497576492,0.0010552169652473869,0.897756963896243,0.8996937587749196,1768131625.9649968,0.19609560072422028,0.14164045453071594
397,25408,25407,sea_abrupt4,sea,ts_drift_adapt,4,"error_divergence_ph_meta@error.threshold=0.10,error.min_instances=5",error_divergence_ph_meta,"{""divergence"": {""alpha"": 0.1, ""delta"": 0.005, ""min_instances"": 30, ""threshold"": 0.05}, ""error_rate"": {""alpha"": 0.15, ""delta"": 0.005, ""min_instances"": 5, ""threshold"": 0.1}}","{""error_rate"": {""min_instances"": 5, ""threshold"": 0.1}}",0.1,0.005,0.15,5,0.05,0.005,0.1,30,,,,-1,two_stage,2,0.5,"__confirm_cooldown=200,__confirm_rule=perm_test,__perm_alpha=0.02,__perm_delta_k=25,__perm_min_effect=0,__perm_n_perm=200,__perm_post_n=50,__perm_pre_n=200,__perm_rng_seed=0,__perm_stat=delta_fused_score,divergence=0.3,error_rate=0.5,teacher_entropy=0.2",3,0,200,0.0,0,10000,10.0,25.0,200,500,1,136,1.0,0.8423331234256927,0.6207673055582748,0.0,0.26461032032966614,0.019184354692697525,0,0,69,60,-1,perm_test,0.004975124378109453,0.09136138306102158,137,60,77,0.0,0.16666666666666666,0,0.0,0.0,0.0,0.0,0,none,0,1,0,overconfident,0.95,0,mild_drift,0.9674617748788246,0.0011776084826236935,0.8488784819481215,0.8773468793874598,1768131625.9753308,0.07459477335214615,0.15448296070098877
398,25472,25471,sea_abrupt4,sea,ts_drift_adapt,4,"error_divergence_ph_meta@error.threshold=0.10,error.min_instances=5",error_divergence_ph_meta,"{""divergence"": {""alpha"": 0.1, ""delta"": 0.005, ""min_instances"": 30, ""threshold"": 0.05}, ""error_rate"": {""alpha"": 0.15, ""delta"": 0.005, ""min_instances"": 5, ""threshold"": 0.1}}","{""error_rate"": {""min_instances"": 5, ""threshold"": 0.1}}",0.1,0.005,0.15,5,0.05,0.005,0.1,30,,,,-1,two_stage,2,0.5,"__confirm_cooldown=200,__confirm_rule=perm_test,__perm_alpha=0.02,__perm_delta_k=25,__perm_min_effect=0,__perm_n_perm=200,__perm_post_n=50,__perm_pre_n=200,__perm_rng_seed=0,__perm_stat=delta_fused_score,divergence=0.3,error_rate=0.5,teacher_entropy=0.2",3,0,200,0.0,0,10000,10.0,25.0,200,500,1,72,1.0,0.8424937185929648,0.621155060993776,0.3333333333333333,0.17858491837978363,0.009028200060129166,0,0,69,60,-1,perm_test,0.004975124378109453,0.09136138306102158,137,60,77,0.0,0.3333333333333333,0,0.0,0.0,0.0,0.0,0,none,0,1,0,overconfident,0.95,0,mild_drift,0.9638808874394122,0.0012388042413118468,0.8244392409740608,0.86617343969373,1768131625.9856317,0.5224314332008362,0.08560159802436829
399,25536,25535,sea_abrupt4,sea,ts_drift_adapt,4,"error_divergence_ph_meta@error.threshold=0.10,error.min_instances=5",error_divergence_ph_meta,"{""divergence"": {""alpha"": 0.1, ""delta"": 0.005, ""min_instances"": 30, ""threshold"": 0.05}, ""error_rate"": {""alpha"": 0.15, ""delta"": 0.005, ""min_instances"": 5, ""threshold"": 0.1}}","{""error_rate"": {""min_instances"": 5, ""threshold"": 0.1}}",0.1,0.005,0.15,5,0.05,0.005,0.1,30,,,,-1,two_stage,2,0.5,"__confirm_cooldown=200,__confirm_rule=perm_test,__perm_alpha=0.02,__perm_delta_k=25,__perm_min_effect=0,__perm_n_perm=200,__perm_post_n=50,__perm_pre_n=200,__perm_rng_seed=0,__perm_stat=delta_fused_score,divergence=0.3,error_rate=0.5,teacher_entropy=0.2",3,0,200,0.0,0,10000,10.0,25.0,200,500,1,8,1.0,0.8425751879699248,0.6211899401294334,0.3333333333333333,0.20711669325828552,0.006499102339148521,0,0,69,60,-1,perm_test,0.004975124378109453,0.09136138306102158,137,60,77,0.0,0.0025290977209806442,0,0.0,0.0,0.0,0.0,0,none,0,1,0,overconfident,0.95,0,mild_drift,0.9620904437197061,0.0012694021206559234,0.8122196204870304,0.860586719846865,1768131625.996219,0.3041412830352783,0.07108473777770996
400,25600,25599,sea_abrupt4,sea,ts_drift_adapt,4,"error_divergence_ph_meta@error.threshold=0.10,error.min_instances=5",error_divergence_ph_meta,"{""divergence"": {""alpha"": 0.1, ""delta"": 0.005, ""min_instances"": 30, ""threshold"": 0.05}, ""error_rate"": {""alpha"": 0.15, ""delta"": 0.005, ""min_instances"": 5, ""threshold"": 0.1}}","{""error_rate"": {""min_instances"": 5, ""threshold"": 0.1}}",0.1,0.005,0.15,5,0.05,0.005,0.1,30,,,,-1,two_stage,2,0.5,"__confirm_cooldown=200,__confirm_rule=perm_test,__perm_alpha=0.02,__perm_delta_k=25,__perm_min_effect=0,__perm_n_perm=200,__perm_post_n=50,__perm_pre_n=200,__perm_rng_seed=0,__perm_stat=delta_fused_score,divergence=0.3,error_rate=0.5,teacher_entropy=0.2",3,0,200,0.0,0,10000,10.0,25.0,200,500,0,0,1.0,0.84265625,0.62109210538026,0.0,0.23817528784275055,0.017727673053741455,0,0,69,60,-1,perm_test,0.004975124378109453,0.09136138306102158,137,60,77,0.0,0.3333333333333333,0,0.0,0.0,0.0,0.0,0,none,0,1,0,overconfident,0.95,0,mild_drift,0.961195221859853,0.0012847010603279619,0.8061098102435152,0.8577933599234324,1768131626.0070052,0.04530953988432884,0.18614819645881653
401,25664,25663,sea_abrupt4,sea,ts_drift_adapt,4,"error_divergence_ph_meta@error.threshold=0.10,error.min_instances=5",error_divergence_ph_meta,"{""divergence"": {""alpha"": 0.1, ""delta"": 0.005, ""min_instances"": 30, ""threshold"": 0.05}, ""error_rate"": {""alpha"": 0.15, ""delta"": 0.005, ""min_instances"": 5, ""threshold"": 0.1}}","{""error_rate"": {""min_instances"": 5, ""threshold"": 0.1}}",0.1,0.005,0.15,5,0.05,0.005,0.1,30,,,,-1,two_stage,2,0.5,"__confirm_cooldown=200,__confirm_rule=perm_test,__perm_alpha=0.02,__perm_delta_k=25,__perm_min_effect=0,__perm_n_perm=200,__perm_post_n=50,__perm_pre_n=200,__perm_rng_seed=0,__perm_stat=delta_fused_score,divergence=0.3,error_rate=0.5,teacher_entropy=0.2",3,0,200,0.0,0,10000,10.0,25.0,200,500,0,0,1.0,0.8428927680798005,0.6217241815592361,0.16666666666666666,0.16177572309970856,0.009833695366978645,1,1,70,61,0,perm_test,0.014925373134328358,0.01658630509552248,138,61,77,0.0,0.16666666666666666,1,0.5,0.0,0.0,0.0,0,none,1,1,0,overconfident,0.95,0,stable,0.9755976109299265,0.001042350530163981,0.9030549051217576,0.9013966799617162,1768131626.0234995,0.40954914689064026,0.11397775262594223
402,25728,25727,sea_abrupt4,sea,ts_drift_adapt,4,"error_divergence_ph_meta@error.threshold=0.10,error.min_instances=5",error_divergence_ph_meta,"{""divergence"": {""alpha"": 0.1, ""delta"": 0.005, ""min_instances"": 30, ""threshold"": 0.05}, ""error_rate"": {""alpha"": 0.15, ""delta"": 0.005, ""min_instances"": 5, ""threshold"": 0.1}}","{""error_rate"": {""min_instances"": 5, ""threshold"": 0.1}}",0.1,0.005,0.15,5,0.05,0.005,0.1,30,,,,-1,two_stage,2,0.5,"__confirm_cooldown=200,__confirm_rule=perm_test,__perm_alpha=0.02,__perm_delta_k=25,__perm_min_effect=0,__perm_n_perm=200,__perm_post_n=50,__perm_pre_n=200,__perm_rng_seed=0,__perm_stat=delta_fused_score,divergence=0.3,error_rate=0.5,teacher_entropy=0.2",3,0,200,0.0,0,10000,10.0,25.0,200,500,1,136,1.0,0.8431669776119403,0.6223863657097151,0.16666666666666666,0.23841571807861328,0.01084287278354168,0,0,70,61,-1,perm_test,0.014925373134328358,0.01658630509552248,138,61,77,0.0,0.001009177416563034,0,0.0,0.0,0.0,0.0,0,none,0,1,0,overconfident,0.95,0,mild_drift,0.9679488054649632,0.0011711752650819906,0.8515274525608788,0.8781983399808582,1768131626.0340815,0.5516951680183411,0.10007868707180023
403,25792,25791,sea_abrupt4,sea,ts_drift_adapt,4,"error_divergence_ph_meta@error.threshold=0.10,error.min_instances=5",error_divergence_ph_meta,"{""divergence"": {""alpha"": 0.1, ""delta"": 0.005, ""min_instances"": 30, ""threshold"": 0.05}, ""error_rate"": {""alpha"": 0.15, ""delta"": 0.005, ""min_instances"": 5, ""threshold"": 0.1}}","{""error_rate"": {""min_instances"": 5, ""threshold"": 0.1}}",0.1,0.005,0.15,5,0.05,0.005,0.1,30,,,,-1,two_stage,2,0.5,"__confirm_cooldown=200,__confirm_rule=perm_test,__perm_alpha=0.02,__perm_delta_k=25,__perm_min_effect=0,__perm_n_perm=200,__perm_post_n=50,__perm_pre_n=200,__perm_rng_seed=0,__perm_stat=delta_fused_score,divergence=0.3,error_rate=0.5,teacher_entropy=0.2",3,0,200,0.0,0,10000,10.0,25.0,200,500,1,72,1.0,0.8432071960297767,0.6222538787926268,0.0,0.25648730993270874,0.008414425887167454,0,0,70,61,-1,perm_test,0.014925373134328358,0.01658630509552248,138,61,77,0.0,0.16666666666666666,0,0.0,0.0,0.0,0.0,0,none,0,1,0,overconfident,0.95,0,mild_drift,0.9641244027324816,0.0012355876325409955,0.8257637262804394,0.8665991699904291,1768131626.0442014,0.12686334550380707,0.08881480991840363
404,25856,25855,sea_abrupt4,sea,ts_drift_adapt,4,"error_divergence_ph_meta@error.threshold=0.10,error.min_instances=5",error_divergence_ph_meta,"{""divergence"": {""alpha"": 0.1, ""delta"": 0.005, ""min_instances"": 30, ""threshold"": 0.05}, ""error_rate"": {""alpha"": 0.15, ""delta"": 0.005, ""min_instances"": 5, ""threshold"": 0.1}}","{""error_rate"": {""min_instances"": 5, ""threshold"": 0.1}}",0.1,0.005,0.15,5,0.05,0.005,0.1,30,,,,-1,two_stage,2,0.5,"__confirm_cooldown=200,__confirm_rule=perm_test,__perm_alpha=0.02,__perm_delta_k=25,__perm_min_effect=0,__perm_n_perm=200,__perm_post_n=50,__perm_pre_n=200,__perm_rng_seed=0,__perm_stat=delta_fused_score,divergence=0.3,error_rate=0.5,teacher_entropy=0.2",3,0,200,0.0,0,10000,10.0,25.0,200,500,1,8,1.0,0.8433632425742574,0.6224070340017135,0.0,0.2095317244529724,0.008899742737412453,0,0,70,61,-1,perm_test,0.014925373134328358,0.01658630509552248,138,61,77,0.0,0.00048531685024499893,0,0.0,0.0,0.0,0.0,0,none,0,1,0,overconfident,0.95,0,mild_drift,0.9622122013662407,0.001267793816270498,0.8128818631402197,0.8607995849952146,1768131626.0545907,0.03812270984053612,0.08834508061408997
405,25920,25919,sea_abrupt4,sea,ts_drift_adapt,4,"error_divergence_ph_meta@error.threshold=0.10,error.min_instances=5",error_divergence_ph_meta,"{""divergence"": {""alpha"": 0.1, ""delta"": 0.005, ""min_instances"": 30, ""threshold"": 0.05}, ""error_rate"": {""alpha"": 0.15, ""delta"": 0.005, ""min_instances"": 5, ""threshold"": 0.1}}","{""error_rate"": {""min_instances"": 5, ""threshold"": 0.1}}",0.1,0.005,0.15,5,0.05,0.005,0.1,30,,,,-1,two_stage,2,0.5,"__confirm_cooldown=200,__confirm_rule=perm_test,__perm_alpha=0.02,__perm_delta_k=25,__perm_min_effect=0,__perm_n_perm=200,__perm_post_n=50,__perm_pre_n=200,__perm_rng_seed=0,__perm_stat=delta_fused_score,divergence=0.3,error_rate=0.5,teacher_entropy=0.2",3,0,200,0.0,0,10000,10.0,25.0,200,500,0,0,1.0,0.8437114197530864,0.6230844370619163,0.0,0.20089194178581238,0.0072716716676950455,0,0,70,61,-1,perm_test,0.014925373134328358,0.01658630509552248,138,61,77,0.0,0.0016280710697174072,0,0.0,0.0,0.0,0.0,0,none,0,1,0,overconfident,0.95,0,mild_drift,0.9612561006831204,0.001283896908135249,0.8064409315701099,0.8578997924976073,1768131626.065075,0.09422751516103745,0.08170895278453827
406,25984,25983,sea_abrupt4,sea,ts_drift_adapt,4,"error_divergence_ph_meta@error.threshold=0.10,error.min_instances=5",error_divergence_ph_meta,"{""divergence"": {""alpha"": 0.1, ""delta"": 0.005, ""min_instances"": 30, ""threshold"": 0.05}, ""error_rate"": {""alpha"": 0.15, ""delta"": 0.005, ""min_instances"": 5, ""threshold"": 0.1}}","{""error_rate"": {""min_instances"": 5, ""threshold"": 0.1}}",0.1,0.005,0.15,5,0.05,0.005,0.1,30,,,,-1,two_stage,2,0.5,"__confirm_cooldown=200,__confirm_rule=perm_test,__perm_alpha=0.02,__perm_delta_k=25,__perm_min_effect=0,__perm_n_perm=200,__perm_post_n=50,__perm_pre_n=200,__perm_rng_seed=0,__perm_stat=delta_fused_score,divergence=0.3,error_rate=0.5,teacher_entropy=0.2",3,0,200,0.0,0,10000,10.0,25.0,200,500,0,0,1.0,0.8439424261083743,0.6234921586546955,0.0,0.21971556544303894,0.012595892883837223,0,0,70,61,-1,perm_test,0.014925373134328358,0.01658630509552248,138,61,77,0.0,0.005324221216142178,0,0.0,0.0,0.0,0.0,0,none,0,1,0,overconfident,0.95,0,mild_drift,0.9607780503415602,0.0012919484540676244,0.803220465785055,0.8564498962488036,1768131626.0754747,0.04248609021306038,0.14324107766151428
407,26048,26047,sea_abrupt4,sea,ts_drift_adapt,4,"error_divergence_ph_meta@error.threshold=0.10,error.min_instances=5",error_divergence_ph_meta,"{""divergence"": {""alpha"": 0.1, ""delta"": 0.005, ""min_instances"": 30, ""threshold"": 0.05}, ""error_rate"": {""alpha"": 0.15, ""delta"": 0.005, ""min_instances"": 5, ""threshold"": 0.1}}","{""error_rate"": {""min_instances"": 5, ""threshold"": 0.1}}",0.1,0.005,0.15,5,0.05,0.005,0.1,30,,,,-1,two_stage,2,0.5,"__confirm_cooldown=200,__confirm_rule=perm_test,__perm_alpha=0.02,__perm_delta_k=25,__perm_min_effect=0,__perm_n_perm=200,__perm_post_n=50,__perm_pre_n=200,__perm_rng_seed=0,__perm_stat=delta_fused_score,divergence=0.3,error_rate=0.5,teacher_entropy=0.2",3,0,200,0.0,0,10000,10.0,25.0,200,500,0,0,1.0,0.84432585995086,0.6241509090857076,0.0,0.1995803862810135,0.0094352588057518,0,0,70,61,-1,perm_test,0.014925373134328358,0.01658630509552248,138,61,77,0.0,0.0031606340780854225,0,0.0,0.0,0.0,0.0,0,none,0,1,0,overconfident,0.95,0,mild_drift,0.96053902517078,0.0012959742270338124,0.8016102328925275,0.8557249481244018,1768131626.0860255,0.02690206654369831,0.08562985807657242
408,26112,26111,sea_abrupt4,sea,ts_drift_adapt,4,"error_divergence_ph_meta@error.threshold=0.10,error.min_instances=5",error_divergence_ph_meta,"{""divergence"": {""alpha"": 0.1, ""delta"": 0.005, ""min_instances"": 30, ""threshold"": 0.05}, ""error_rate"": {""alpha"": 0.15, ""delta"": 0.005, ""min_instances"": 5, ""threshold"": 0.1}}","{""error_rate"": {""min_instances"": 5, ""threshold"": 0.1}}",0.1,0.005,0.15,5,0.05,0.005,0.1,30,,,,-1,two_stage,2,0.5,"__confirm_cooldown=200,__confirm_rule=perm_test,__perm_alpha=0.02,__perm_delta_k=25,__perm_min_effect=0,__perm_n_perm=200,__perm_post_n=50,__perm_pre_n=200,__perm_rng_seed=0,__perm_stat=delta_fused_score,divergence=0.3,error_rate=0.5,teacher_entropy=0.2",3,0,200,0.0,0,10000,10.0,25.0,200,500,0,0,1.0,0.8445542279411765,0.6247663069521172,0.16666666666666666,0.22914232313632965,0.011130115017294884,1,1,71,62,0,perm_test,0.004975124378109453,0.07814382022123244,139,62,77,0.0,0.16666666666666666,1,0.5,0.0,0.0,0.0,0,none,1,1,0,overconfident,0.95,0,stable,0.9752695125853901,0.0010479871135169062,0.9008051164462638,0.9003624740622009,1768131626.1019993,0.33985140919685364,0.09240786731243134
409,26176,26175,sea_abrupt4,sea,ts_drift_adapt,4,"error_divergence_ph_meta@error.threshold=0.10,error.min_instances=5",error_divergence_ph_meta,"{""divergence"": {""alpha"": 0.1, ""delta"": 0.005, ""min_instances"": 30, ""threshold"": 0.05}, ""error_rate"": {""alpha"": 0.15, ""delta"": 0.005, ""min_instances"": 5, ""threshold"": 0.1}}","{""error_rate"": {""min_instances"": 5, ""threshold"": 0.1}}",0.1,0.005,0.15,5,0.05,0.005,0.1,30,,,,-1,two_stage,2,0.5,"__confirm_cooldown=200,__confirm_rule=perm_test,__perm_alpha=0.02,__perm_delta_k=25,__perm_min_effect=0,__perm_n_perm=200,__perm_post_n=50,__perm_pre_n=200,__perm_rng_seed=0,__perm_stat=delta_fused_score,divergence=0.3,error_rate=0.5,teacher_entropy=0.2",3,0,200,0.0,0,10000,10.0,25.0,200,500,1,136,1.0,0.84489608801956,0.6253743909801441,0.0,0.20927132666110992,0.007667409256100655,0,0,71,62,-1,perm_test,0.004975124378109453,0.07814382022123244,139,62,77,0.0,0.16666666666666666,0,0.0,0.0,0.0,0.0,0,none,0,1,0,overconfident,0.95,0,mild_drift,0.967784756292695,0.001173993556758453,0.8504025582231319,0.8776812370311005,1768131626.112183,0.041910599917173386,0.06291825324296951
410,26240,26239,sea_abrupt4,sea,ts_drift_adapt,4,"error_divergence_ph_meta@error.threshold=0.10,error.min_instances=5",error_divergence_ph_meta,"{""divergence"": {""alpha"": 0.1, ""delta"": 0.005, ""min_instances"": 30, ""threshold"": 0.05}, ""error_rate"": {""alpha"": 0.15, ""delta"": 0.005, ""min_instances"": 5, ""threshold"": 0.1}}","{""error_rate"": {""min_instances"": 5, ""threshold"": 0.1}}",0.1,0.005,0.15,5,0.05,0.005,0.1,30,,,,-1,two_stage,2,0.5,"__confirm_cooldown=200,__confirm_rule=perm_test,__perm_alpha=0.02,__perm_delta_k=25,__perm_min_effect=0,__perm_n_perm=200,__perm_post_n=50,__perm_pre_n=200,__perm_rng_seed=0,__perm_stat=delta_fused_score,divergence=0.3,error_rate=0.5,teacher_entropy=0.2",3,0,200,0.0,0,10000,10.0,25.0,200,500,1,72,1.0,0.8450076219512195,0.6257545431943417,0.16666666666666666,0.22518765926361084,0.015987461432814598,0,0,71,62,-1,perm_test,0.004975124378109453,0.07814382022123244,139,62,77,0.0,0.16666666666666666,0,0.0,0.0,0.0,0.0,0,none,0,1,0,overconfident,0.95,0,mild_drift,0.9640423781463474,0.0012369967783792267,0.8252012791115659,0.8663406185155502,1768131626.1219735,0.3120926320552826,0.11835207045078278
411,26304,26303,sea_abrupt4,sea,ts_drift_adapt,4,"error_divergence_ph_meta@error.threshold=0.10,error.min_instances=5",error_divergence_ph_meta,"{""divergence"": {""alpha"": 0.1, ""delta"": 0.005, ""min_instances"": 30, ""threshold"": 0.05}, ""error_rate"": {""alpha"": 0.15, ""delta"": 0.005, ""min_instances"": 5, ""threshold"": 0.1}}","{""error_rate"": {""min_instances"": 5, ""threshold"": 0.1}}",0.1,0.005,0.15,5,0.05,0.005,0.1,30,,,,-1,two_stage,2,0.5,"__confirm_cooldown=200,__confirm_rule=perm_test,__perm_alpha=0.02,__perm_delta_k=25,__perm_min_effect=0,__perm_n_perm=200,__perm_post_n=50,__perm_pre_n=200,__perm_rng_seed=0,__perm_stat=delta_fused_score,divergence=0.3,error_rate=0.5,teacher_entropy=0.2",3,0,200,0.0,0,10000,10.0,25.0,200,500,1,8,1.0,0.8451946472019465,0.6260546458777085,0.16666666666666666,0.2500438094139099,0.013363397680222988,0,0,71,62,-1,perm_test,0.004975124378109453,0.07814382022123244,139,62,77,0.0,0.00262406375259161,0,0.0,0.0,0.0,0.0,0,none,0,1,0,overconfident,0.95,0,mild_drift,0.9621711890731737,0.0012684983891896135,0.812600639555783,0.8606703092577751,1768131626.1344943,0.3615783751010895,0.10050524771213531
412,26368,26367,sea_abrupt4,sea,ts_drift_adapt,4,"error_divergence_ph_meta@error.threshold=0.10,error.min_instances=5",error_divergence_ph_meta,"{""divergence"": {""alpha"": 0.1, ""delta"": 0.005, ""min_instances"": 30, ""threshold"": 0.05}, ""error_rate"": {""alpha"": 0.15, ""delta"": 0.005, ""min_instances"": 5, ""threshold"": 0.1}}","{""error_rate"": {""min_instances"": 5, ""threshold"": 0.1}}",0.1,0.005,0.15,5,0.05,0.005,0.1,30,,,,-1,two_stage,2,0.5,"__confirm_cooldown=200,__confirm_rule=perm_test,__perm_alpha=0.02,__perm_delta_k=25,__perm_min_effect=0,__perm_n_perm=200,__perm_post_n=50,__perm_pre_n=200,__perm_rng_seed=0,__perm_stat=delta_fused_score,divergence=0.3,error_rate=0.5,teacher_entropy=0.2",3,0,200,0.0,0,10000,10.0,25.0,200,500,0,0,1.0,0.8452669902912622,0.6261308738083065,0.3333333333333333,0.20598259568214417,0.007574663497507572,0,0,71,62,-1,perm_test,0.004975124378109453,0.07814382022123244,139,62,77,0.0,0.16666666666666666,0,0.0,0.0,0.0,0.0,0,none,0,1,0,overconfident,0.95,0,mild_drift,0.9612355945365868,0.0012842491945948067,0.8063003197778915,0.8578351546288876,1768131626.1476076,0.5281553864479065,0.07478905469179153
413,26432,26431,sea_abrupt4,sea,ts_drift_adapt,4,"error_divergence_ph_meta@error.threshold=0.10,error.min_instances=5",error_divergence_ph_meta,"{""divergence"": {""alpha"": 0.1, ""delta"": 0.005, ""min_instances"": 30, ""threshold"": 0.05}, ""error_rate"": {""alpha"": 0.15, ""delta"": 0.005, ""min_instances"": 5, ""threshold"": 0.1}}","{""error_rate"": {""min_instances"": 5, ""threshold"": 0.1}}",0.1,0.005,0.15,5,0.05,0.005,0.1,30,,,,-1,two_stage,2,0.5,"__confirm_cooldown=200,__confirm_rule=perm_test,__perm_alpha=0.02,__perm_delta_k=25,__perm_min_effect=0,__perm_n_perm=200,__perm_post_n=50,__perm_pre_n=200,__perm_rng_seed=0,__perm_stat=delta_fused_score,divergence=0.3,error_rate=0.5,teacher_entropy=0.2",3,0,200,0.0,0,10000,10.0,25.0,200,500,0,0,1.0,0.8455281476997578,0.6265246957059162,0.0,0.2200714349746704,0.011150248348712921,0,1,72,62,-1,perm_test,1.0,-0.1738059850657715,140,62,78,0.16666666666666666,0.3333333333333333,1,0.5,0.0,0.0,0.0,0,none,0,1,0,overconfident,0.95,0,mild_drift,0.9607677972682933,0.0012921245972974033,0.8031501598889458,0.8564175773144438,1768131626.1610065,0.13354164361953735,0.08610788732767105
414,26496,26495,sea_abrupt4,sea,ts_drift_adapt,4,"error_divergence_ph_meta@error.threshold=0.10,error.min_instances=5",error_divergence_ph_meta,"{""divergence"": {""alpha"": 0.1, ""delta"": 0.005, ""min_instances"": 30, ""threshold"": 0.05}, ""error_rate"": {""alpha"": 0.15, ""delta"": 0.005, ""min_instances"": 5, ""threshold"": 0.1}}","{""error_rate"": {""min_instances"": 5, ""threshold"": 0.1}}",0.1,0.005,0.15,5,0.05,0.005,0.1,30,,,,-1,two_stage,2,0.5,"__confirm_cooldown=200,__confirm_rule=perm_test,__perm_alpha=0.02,__perm_delta_k=25,__perm_min_effect=0,__perm_n_perm=200,__perm_post_n=50,__perm_pre_n=200,__perm_rng_seed=0,__perm_stat=delta_fused_score,divergence=0.3,error_rate=0.5,teacher_entropy=0.2",3,0,200,0.0,0,10000,10.0,25.0,200,500,0,0,1.0,0.8457125603864735,0.6269136872846746,0.0,0.2034226804971695,0.01086441520601511,1,0,72,63,1,perm_test,0.004975124378109453,0.0201014409075614,141,63,78,0.0,0.0002858331426978111,0,0.0,0.0,0.0,0.0,0,none,1,1,0,overconfident,0.95,0,stable,0.9753838986341467,0.0010460622986487016,0.9015750799444728,0.9007087886572219,1768131626.1771781,0.037677038460969925,0.08179666101932526
415,26560,26559,sea_abrupt4,sea,ts_drift_adapt,4,"error_divergence_ph_meta@error.threshold=0.10,error.min_instances=5",error_divergence_ph_meta,"{""divergence"": {""alpha"": 0.1, ""delta"": 0.005, ""min_instances"": 30, ""threshold"": 0.05}, ""error_rate"": {""alpha"": 0.15, ""delta"": 0.005, ""min_instances"": 5, ""threshold"": 0.1}}","{""error_rate"": {""min_instances"": 5, ""threshold"": 0.1}}",0.1,0.005,0.15,5,0.05,0.005,0.1,30,,,,-1,two_stage,2,0.5,"__confirm_cooldown=200,__confirm_rule=perm_test,__perm_alpha=0.02,__perm_delta_k=25,__perm_min_effect=0,__perm_n_perm=200,__perm_post_n=50,__perm_pre_n=200,__perm_rng_seed=0,__perm_stat=delta_fused_score,divergence=0.3,error_rate=0.5,teacher_entropy=0.2",3,0,200,0.0,0,10000,10.0,25.0,200,500,1,136,1.0,0.8459713855421687,0.6273618617563407,0.0,0.19678331911563873,0.01264655590057373,0,0,72,63,-1,perm_test,0.004975124378109453,0.0201014409075614,141,63,78,0.0,0.0017821406945586205,0,0.0,0.0,0.0,0.0,0,none,0,1,0,overconfident,0.95,0,mild_drift,0.9678419493170733,0.0011730311493243508,0.8507875399722364,0.877854394328611,1768131626.1872923,0.05639046058058739,0.10238008201122284
416,26624,26623,sea_abrupt4,sea,ts_drift_adapt,4,"error_divergence_ph_meta@error.threshold=0.10,error.min_instances=5",error_divergence_ph_meta,"{""divergence"": {""alpha"": 0.1, ""delta"": 0.005, ""min_instances"": 30, ""threshold"": 0.05}, ""error_rate"": {""alpha"": 0.15, ""delta"": 0.005, ""min_instances"": 5, ""threshold"": 0.1}}","{""error_rate"": {""min_instances"": 5, ""threshold"": 0.1}}",0.1,0.005,0.15,5,0.05,0.005,0.1,30,,,,-1,two_stage,2,0.5,"__confirm_cooldown=200,__confirm_rule=perm_test,__perm_alpha=0.02,__perm_delta_k=25,__perm_min_effect=0,__perm_n_perm=200,__perm_post_n=50,__perm_pre_n=200,__perm_rng_seed=0,__perm_stat=delta_fused_score,divergence=0.3,error_rate=0.5,teacher_entropy=0.2",3,0,200,0.0,0,10000,10.0,25.0,200,500,1,72,1.0,0.8462289663461539,0.627721713152901,0.3333333333333333,0.19147826731204987,0.009094269946217537,0,0,72,63,-1,perm_test,0.004975124378109453,0.0201014409075614,141,63,78,0.0,0.3333333333333333,0,0.0,0.0,0.0,0.0,0,none,0,1,0,overconfident,0.95,0,mild_drift,0.9640709746585366,0.0012365155746621756,0.8253937699861182,0.8664271971643055,1768131626.197361,0.62083899974823,0.06948978453874588
417,26688,26687,sea_abrupt4,sea,ts_drift_adapt,4,"error_divergence_ph_meta@error.threshold=0.10,error.min_instances=5",error_divergence_ph_meta,"{""divergence"": {""alpha"": 0.1, ""delta"": 0.005, ""min_instances"": 30, ""threshold"": 0.05}, ""error_rate"": {""alpha"": 0.15, ""delta"": 0.005, ""min_instances"": 5, ""threshold"": 0.1}}","{""error_rate"": {""min_instances"": 5, ""threshold"": 0.1}}",0.1,0.005,0.15,5,0.05,0.005,0.1,30,,,,-1,two_stage,2,0.5,"__confirm_cooldown=200,__confirm_rule=perm_test,__perm_alpha=0.02,__perm_delta_k=25,__perm_min_effect=0,__perm_n_perm=200,__perm_post_n=50,__perm_pre_n=200,__perm_rng_seed=0,__perm_stat=delta_fused_score,divergence=0.3,error_rate=0.5,teacher_entropy=0.2",3,0,200,0.0,0,10000,10.0,25.0,200,500,1,8,1.0,0.8463729016786571,0.6278825062193193,0.0,0.2139657437801361,0.011783655732870102,0,0,72,63,-1,perm_test,0.004975124378109453,0.0201014409075614,141,63,78,0.0,0.3333333333333333,0,0.0,0.0,0.0,0.0,0,none,0,1,0,overconfident,0.95,0,mild_drift,0.9621854873292683,0.001268257787331088,0.8126968849930591,0.8607135985821528,1768131626.2075107,0.08911118656396866,0.11177262663841248
418,26752,26751,sea_abrupt4,sea,ts_drift_adapt,4,"error_divergence_ph_meta@error.threshold=0.10,error.min_instances=5",error_divergence_ph_meta,"{""divergence"": {""alpha"": 0.1, ""delta"": 0.005, ""min_instances"": 30, ""threshold"": 0.05}, ""error_rate"": {""alpha"": 0.15, ""delta"": 0.005, ""min_instances"": 5, ""threshold"": 0.1}}","{""error_rate"": {""min_instances"": 5, ""threshold"": 0.1}}",0.1,0.005,0.15,5,0.05,0.005,0.1,30,,,,-1,two_stage,2,0.5,"__confirm_cooldown=200,__confirm_rule=perm_test,__perm_alpha=0.02,__perm_delta_k=25,__perm_min_effect=0,__perm_n_perm=200,__perm_post_n=50,__perm_pre_n=200,__perm_rng_seed=0,__perm_stat=delta_fused_score,divergence=0.3,error_rate=0.5,teacher_entropy=0.2",3,0,200,0.0,0,10000,10.0,25.0,200,500,0,0,1.0,0.8465909090909091,0.6282753689137359,0.16666666666666666,0.2055475413799286,0.008725992403924465,0,1,73,63,-1,perm_test,0.472636815920398,0.0010281315462824306,142,63,79,0.16666666666666666,0.16666666666666666,1,0.5,0.0,0.0,0.0,0,none,0,1,0,overconfident,0.95,0,mild_drift,0.9612427436646341,0.0012841288936655442,0.8063484424965296,0.8578567992910764,1768131626.2235117,0.4035228490829468,0.07880846410989761
419,26816,26815,sea_abrupt4,sea,ts_drift_adapt,4,"error_divergence_ph_meta@error.threshold=0.10,error.min_instances=5",error_divergence_ph_meta,"{""divergence"": {""alpha"": 0.1, ""delta"": 0.005, ""min_instances"": 30, ""threshold"": 0.05}, ""error_rate"": {""alpha"": 0.15, ""delta"": 0.005, ""min_instances"": 5, ""threshold"": 0.1}}","{""error_rate"": {""min_instances"": 5, ""threshold"": 0.1}}",0.1,0.005,0.15,5,0.05,0.005,0.1,30,,,,-1,two_stage,2,0.5,"__confirm_cooldown=200,__confirm_rule=perm_test,__perm_alpha=0.02,__perm_delta_k=25,__perm_min_effect=0,__perm_n_perm=200,__perm_post_n=50,__perm_pre_n=200,__perm_rng_seed=0,__perm_stat=delta_fused_score,divergence=0.3,error_rate=0.5,teacher_entropy=0.2",3,0,200,0.0,0,10000,10.0,25.0,200,500,0,0,1.0,0.8468078758949881,0.6287009391435278,0.0,0.18877620995044708,0.007229756563901901,0,0,73,63,-1,perm_test,1.0,-0.0832662882710137,143,63,80,0.0,0.16666666666666666,0,0.0,0.0,0.0,0.0,0,none,0,1,0,overconfident,0.95,0,mild_drift,0.960771371832317,0.001292064446832772,0.8031742212482649,0.8564283996455382,1768131626.2339594,0.034537333995103836,0.06761365383863449
420,26880,26879,sea_abrupt4,sea,ts_drift_adapt,4,"error_divergence_ph_meta@error.threshold=0.10,error.min_instances=5",error_divergence_ph_meta,"{""divergence"": {""alpha"": 0.1, ""delta"": 0.005, ""min_instances"": 30, ""threshold"": 0.05}, ""error_rate"": {""alpha"": 0.15, ""delta"": 0.005, ""min_instances"": 5, ""threshold"": 0.1}}","{""error_rate"": {""min_instances"": 5, ""threshold"": 0.1}}",0.1,0.005,0.15,5,0.05,0.005,0.1,30,,,,-1,two_stage,2,0.5,"__confirm_cooldown=200,__confirm_rule=perm_test,__perm_alpha=0.02,__perm_delta_k=25,__perm_min_effect=0,__perm_n_perm=200,__perm_post_n=50,__perm_pre_n=200,__perm_rng_seed=0,__perm_stat=delta_fused_score,divergence=0.3,error_rate=0.5,teacher_entropy=0.2",3,0,200,0.0,0,10000,10.0,25.0,200,500,0,0,1.0,0.8470238095238095,0.6291703678987073,0.3333333333333333,0.23043392598628998,0.009776356630027294,1,0,73,64,2,perm_test,0.004975124378109453,0.031708801261401576,144,64,80,0.0,0.3333333333333333,0,0.0,0.0,0.0,0.0,0,none,1,1,0,overconfident,0.95,0,stable,0.9753856859161585,0.001046032223416386,0.9015871106241324,0.9007141998227691,1768131626.2494438,0.44164320826530457,0.09493517875671387
421,26944,26943,sea_abrupt4,sea,ts_drift_adapt,4,"error_divergence_ph_meta@error.threshold=0.10,error.min_instances=5",error_divergence_ph_meta,"{""divergence"": {""alpha"": 0.1, ""delta"": 0.005, ""min_instances"": 30, ""threshold"": 0.05}, ""error_rate"": {""alpha"": 0.15, ""delta"": 0.005, ""min_instances"": 5, ""threshold"": 0.1}}","{""error_rate"": {""min_instances"": 5, ""threshold"": 0.1}}",0.1,0.005,0.15,5,0.05,0.005,0.1,30,,,,-1,two_stage,2,0.5,"__confirm_cooldown=200,__confirm_rule=perm_test,__perm_alpha=0.02,__perm_delta_k=25,__perm_min_effect=0,__perm_n_perm=200,__perm_post_n=50,__perm_pre_n=200,__perm_rng_seed=0,__perm_stat=delta_fused_score,divergence=0.3,error_rate=0.5,teacher_entropy=0.2",3,0,200,0.0,0,10000,10.0,25.0,200,500,1,136,1.0,0.8473500593824228,0.6297482989272629,0.0,0.2113592028617859,0.007713498082011938,0,0,73,64,-1,perm_test,0.004975124378109453,0.031708801261401576,144,64,80,0.0,0.3333333333333333,0,0.0,0.0,0.0,0.0,0,none,0,1,0,overconfident,0.95,0,mild_drift,0.9678428429580792,0.001173016111708193,0.8507935553120662,0.8778570999113846,1768131626.259543,0.12639878690242767,0.0840115174651146
422,27008,27007,sea_abrupt4,sea,ts_drift_adapt,4,"error_divergence_ph_meta@error.threshold=0.10,error.min_instances=5",error_divergence_ph_meta,"{""divergence"": {""alpha"": 0.1, ""delta"": 0.005, ""min_instances"": 30, ""threshold"": 0.05}, ""error_rate"": {""alpha"": 0.15, ""delta"": 0.005, ""min_instances"": 5, ""threshold"": 0.1}}","{""error_rate"": {""min_instances"": 5, ""threshold"": 0.1}}",0.1,0.005,0.15,5,0.05,0.005,0.1,30,,,,-1,two_stage,2,0.5,"__confirm_cooldown=200,__confirm_rule=perm_test,__perm_alpha=0.02,__perm_delta_k=25,__perm_min_effect=0,__perm_n_perm=200,__perm_post_n=50,__perm_pre_n=200,__perm_rng_seed=0,__perm_stat=delta_fused_score,divergence=0.3,error_rate=0.5,teacher_entropy=0.2",3,0,200,0.0,0,10000,10.0,25.0,200,500,1,72,1.0,0.8475636848341233,0.6303326700692446,0.16666666666666666,0.18764568865299225,0.00794012937694788,0,0,73,64,-1,perm_test,0.004975124378109453,0.031708801261401576,144,64,80,0.0,0.16666666666666666,0,0.0,0.0,0.0,0.0,0,none,0,1,0,overconfident,0.95,0,mild_drift,0.9640714214790396,0.0012365080558540966,0.8253967776560331,0.8664285499556923,1768131626.2693129,0.2754949927330017,0.07185396552085876
423,27072,27071,sea_abrupt4,sea,ts_drift_adapt,4,"error_divergence_ph_meta@error.threshold=0.10,error.min_instances=5",error_divergence_ph_meta,"{""divergence"": {""alpha"": 0.1, ""delta"": 0.005, ""min_instances"": 30, ""threshold"": 0.05}, ""error_rate"": {""alpha"": 0.15, ""delta"": 0.005, ""min_instances"": 5, ""threshold"": 0.1}}","{""error_rate"": {""min_instances"": 5, ""threshold"": 0.1}}",0.1,0.005,0.15,5,0.05,0.005,0.1,30,,,,-1,two_stage,2,0.5,"__confirm_cooldown=200,__confirm_rule=perm_test,__perm_alpha=0.02,__perm_delta_k=25,__perm_min_effect=0,__perm_n_perm=200,__perm_post_n=50,__perm_pre_n=200,__perm_rng_seed=0,__perm_stat=delta_fused_score,divergence=0.3,error_rate=0.5,teacher_entropy=0.2",3,0,200,0.0,0,10000,10.0,25.0,200,500,1,8,1.0,0.8478132387706856,0.6306133753965015,0.0,0.17331287264823914,0.012241147458553314,0,1,73,64,-1,perm_test,0.004975124378109453,0.031708801261401576,144,64,80,0.16666666666666666,0.16666666666666666,1,0.5,0.0,0.0,0.0,0,none,0,1,0,overconfident,0.95,0,mild_drift,0.9621857107395198,0.0012682540279270484,0.8126983888280166,0.8607142749778461,1768131626.2792563,0.03301062807440758,0.14864704012870789
424,27136,27135,sea_abrupt4,sea,ts_drift_adapt,4,"error_divergence_ph_meta@error.threshold=0.10,error.min_instances=5",error_divergence_ph_meta,"{""divergence"": {""alpha"": 0.1, ""delta"": 0.005, ""min_instances"": 30, ""threshold"": 0.05}, ""error_rate"": {""alpha"": 0.15, ""delta"": 0.005, ""min_instances"": 5, ""threshold"": 0.1}}","{""error_rate"": {""min_instances"": 5, ""threshold"": 0.1}}",0.1,0.005,0.15,5,0.05,0.005,0.1,30,,,,-1,two_stage,2,0.5,"__confirm_cooldown=200,__confirm_rule=perm_test,__perm_alpha=0.02,__perm_delta_k=25,__perm_min_effect=0,__perm_n_perm=200,__perm_post_n=50,__perm_pre_n=200,__perm_rng_seed=0,__perm_stat=delta_fused_score,divergence=0.3,error_rate=0.5,teacher_entropy=0.2",3,0,200,0.0,0,10000,10.0,25.0,200,500,0,0,1.0,0.8480247641509434,0.6309445993511577,0.0,0.21048623323440552,0.009617428295314312,0,0,73,64,-1,perm_test,0.004975124378109453,0.031708801261401576,144,64,80,0.0,0.0026237191632390022,0,0.0,0.0,0.0,0.0,0,none,0,1,0,overconfident,0.95,0,mild_drift,0.9612428553697598,0.0012841270139635243,0.8063491944140083,0.857857137488923,1768131626.2895176,0.009714811109006405,0.0911693423986435
425,27200,27199,sea_abrupt4,sea,ts_drift_adapt,4,"error_divergence_ph_meta@error.threshold=0.10,error.min_instances=5",error_divergence_ph_meta,"{""divergence"": {""alpha"": 0.1, ""delta"": 0.005, ""min_instances"": 30, ""threshold"": 0.05}, ""error_rate"": {""alpha"": 0.15, ""delta"": 0.005, ""min_instances"": 5, ""threshold"": 0.1}}","{""error_rate"": {""min_instances"": 5, ""threshold"": 0.1}}",0.1,0.005,0.15,5,0.05,0.005,0.1,30,,,,-1,two_stage,2,0.5,"__confirm_cooldown=200,__confirm_rule=perm_test,__perm_alpha=0.02,__perm_delta_k=25,__perm_min_effect=0,__perm_n_perm=200,__perm_post_n=50,__perm_pre_n=200,__perm_rng_seed=0,__perm_stat=delta_fused_score,divergence=0.3,error_rate=0.5,teacher_entropy=0.2",3,0,200,0.0,0,10000,10.0,25.0,200,500,0,0,1.0,0.8482352941176471,0.6314044331619012,0.0,0.21092285215854645,0.01095546130090952,0,0,73,64,-1,perm_test,0.004975124378109453,0.031708801261401576,144,64,80,0.0,0.0013380330055952072,0,0.0,0.0,0.0,0.0,0,none,0,1,0,overconfident,0.95,0,mild_drift,0.9607714276848799,0.001292063506981762,0.8031745972070041,0.8564285687444615,1768131626.299547,0.051516517996788025,0.10896080732345581
426,27264,27263,sea_abrupt4,sea,ts_drift_adapt,4,"error_divergence_ph_meta@error.threshold=0.10,error.min_instances=5",error_divergence_ph_meta,"{""divergence"": {""alpha"": 0.1, ""delta"": 0.005, ""min_instances"": 30, ""threshold"": 0.05}, ""error_rate"": {""alpha"": 0.15, ""delta"": 0.005, ""min_instances"": 5, ""threshold"": 0.1}}","{""error_rate"": {""min_instances"": 5, ""threshold"": 0.1}}",0.1,0.005,0.15,5,0.05,0.005,0.1,30,,,,-1,two_stage,2,0.5,"__confirm_cooldown=200,__confirm_rule=perm_test,__perm_alpha=0.02,__perm_delta_k=25,__perm_min_effect=0,__perm_n_perm=200,__perm_post_n=50,__perm_pre_n=200,__perm_rng_seed=0,__perm_stat=delta_fused_score,divergence=0.3,error_rate=0.5,teacher_entropy=0.2",3,0,200,0.0,0,10000,10.0,25.0,200,500,0,0,1.0,0.848481514084507,0.6319455838483263,0.0,0.2100975662469864,0.00701514445245266,0,0,73,64,-1,perm_test,0.004975124378109453,0.031708801261401576,144,64,80,0.0,0.00394031684845686,0,0.0,0.0,0.0,0.0,0,none,0,1,0,overconfident,0.95,0,mild_drift,0.96053571384244,0.0012960317534908812,0.8015872986035021,0.8557142843722307,1768131626.3099,0.1425333321094513,0.06400440633296967
427,27328,27327,sea_abrupt4,sea,ts_drift_adapt,4,"error_divergence_ph_meta@error.threshold=0.10,error.min_instances=5",error_divergence_ph_meta,"{""divergence"": {""alpha"": 0.1, ""delta"": 0.005, ""min_instances"": 30, ""threshold"": 0.05}, ""error_rate"": {""alpha"": 0.15, ""delta"": 0.005, ""min_instances"": 5, ""threshold"": 0.1}}","{""error_rate"": {""min_instances"": 5, ""threshold"": 0.1}}",0.1,0.005,0.15,5,0.05,0.005,0.1,30,,,,-1,two_stage,2,0.5,"__confirm_cooldown=200,__confirm_rule=perm_test,__perm_alpha=0.02,__perm_delta_k=25,__perm_min_effect=0,__perm_n_perm=200,__perm_post_n=50,__perm_pre_n=200,__perm_rng_seed=0,__perm_stat=delta_fused_score,divergence=0.3,error_rate=0.5,teacher_entropy=0.2",3,0,200,0.0,0,10000,10.0,25.0,200,500,0,0,1.0,0.8486168032786885,0.632178338740543,0.5,0.1701253354549408,0.009557187557220459,0,0,73,64,-1,perm_test,0.004975124378109453,0.031708801261401576,144,64,80,0.0,0.5,0,0.0,0.0,0.0,0.0,0,none,0,1,0,overconfident,0.95,0,mild_drift,0.96041785692122,0.0012980158767454406,0.8007936493017511,0.8553571421861154,1768131626.320241,0.8031348586082458,0.10293702781200409
428,27392,27391,sea_abrupt4,sea,ts_drift_adapt,4,"error_divergence_ph_meta@error.threshold=0.10,error.min_instances=5",error_divergence_ph_meta,"{""divergence"": {""alpha"": 0.1, ""delta"": 0.005, ""min_instances"": 30, ""threshold"": 0.05}, ""error_rate"": {""alpha"": 0.15, ""delta"": 0.005, ""min_instances"": 5, ""threshold"": 0.1}}","{""error_rate"": {""min_instances"": 5, ""threshold"": 0.1}}",0.1,0.005,0.15,5,0.05,0.005,0.1,30,,,,-1,two_stage,2,0.5,"__confirm_cooldown=200,__confirm_rule=perm_test,__perm_alpha=0.02,__perm_delta_k=25,__perm_min_effect=0,__perm_n_perm=200,__perm_post_n=50,__perm_pre_n=200,__perm_rng_seed=0,__perm_stat=delta_fused_score,divergence=0.3,error_rate=0.5,teacher_entropy=0.2",3,0,200,0.0,0,10000,10.0,25.0,200,500,0,0,1.0,0.8487879672897196,0.6324711034578412,0.0,0.21778999269008636,0.020585360005497932,0,1,74,64,-1,perm_test,1.0,-0.23261319425194127,145,64,81,0.0,0.5,1,0.5,0.0,0.0,0.0,0,none,0,1,0,overconfident,0.95,0,mild_drift,0.96035892846061,0.0012990079383727203,0.8003968246508756,0.8551785710930577,1768131626.331364,0.10795585066080093,0.17274299263954163
429,27456,27455,sea_abrupt4,sea,ts_drift_adapt,4,"error_divergence_ph_meta@error.threshold=0.10,error.min_instances=5",error_divergence_ph_meta,"{""divergence"": {""alpha"": 0.1, ""delta"": 0.005, ""min_instances"": 30, ""threshold"": 0.05}, ""error_rate"": {""alpha"": 0.15, ""delta"": 0.005, ""min_instances"": 5, ""threshold"": 0.1}}","{""error_rate"": {""min_instances"": 5, ""threshold"": 0.1}}",0.1,0.005,0.15,5,0.05,0.005,0.1,30,,,,-1,two_stage,2,0.5,"__confirm_cooldown=200,__confirm_rule=perm_test,__perm_alpha=0.02,__perm_delta_k=25,__perm_min_effect=0,__perm_n_perm=200,__perm_post_n=50,__perm_pre_n=200,__perm_rng_seed=0,__perm_stat=delta_fused_score,divergence=0.3,error_rate=0.5,teacher_entropy=0.2",3,0,200,0.0,0,10000,10.0,25.0,200,500,0,0,1.0,0.8490311771561772,0.6329227637667382,0.0,0.21412935853004456,0.011859185993671417,0,0,74,64,-1,perm_test,1.0,-0.00745382076717312,146,64,82,0.0,0.008726174011826515,0,0.0,0.0,0.0,0.0,0,none,0,1,0,overconfident,0.95,0,mild_drift,0.960329464230305,0.00129950396918636,0.8001984123254378,0.8550892855465289,1768131626.3445086,0.01989886723458767,0.094806008040905
430,27520,27519,sea_abrupt4,sea,ts_drift_adapt,4,"error_divergence_ph_meta@error.threshold=0.10,error.min_instances=5",error_divergence_ph_meta,"{""divergence"": {""alpha"": 0.1, ""delta"": 0.005, ""min_instances"": 30, ""threshold"": 0.05}, ""error_rate"": {""alpha"": 0.15, ""delta"": 0.005, ""min_instances"": 5, ""threshold"": 0.1}}","{""error_rate"": {""min_instances"": 5, ""threshold"": 0.1}}",0.1,0.005,0.15,5,0.05,0.005,0.1,30,,,,-1,two_stage,2,0.5,"__confirm_cooldown=200,__confirm_rule=perm_test,__perm_alpha=0.02,__perm_delta_k=25,__perm_min_effect=0,__perm_n_perm=200,__perm_post_n=50,__perm_pre_n=200,__perm_rng_seed=0,__perm_stat=delta_fused_score,divergence=0.3,error_rate=0.5,teacher_entropy=0.2",3,0,200,0.0,0,10000,10.0,25.0,200,500,0,0,1.0,0.8492732558139535,0.6334730862236463,0.16666666666666666,0.2035800814628601,0.007436428219079971,0,0,74,64,-1,perm_test,0.03980099502487562,0.01388307558697217,147,64,83,0.0,0.16666666666666666,0,0.0,0.0,0.0,0.0,0,none,0,1,0,overconfident,0.95,0,mild_drift,0.9603147321151524,0.00129975198459318,0.8000992061627189,0.8550446427732644,1768131626.3633668,0.3157576620578766,0.06361237168312073
431,27584,27583,sea_abrupt4,sea,ts_drift_adapt,4,"error_divergence_ph_meta@error.threshold=0.10,error.min_instances=5",error_divergence_ph_meta,"{""divergence"": {""alpha"": 0.1, ""delta"": 0.005, ""min_instances"": 30, ""threshold"": 0.05}, ""error_rate"": {""alpha"": 0.15, ""delta"": 0.005, ""min_instances"": 5, ""threshold"": 0.1}}","{""error_rate"": {""min_instances"": 5, ""threshold"": 0.1}}",0.1,0.005,0.15,5,0.05,0.005,0.1,30,,,,-1,two_stage,2,0.5,"__confirm_cooldown=200,__confirm_rule=perm_test,__perm_alpha=0.02,__perm_delta_k=25,__perm_min_effect=0,__perm_n_perm=200,__perm_post_n=50,__perm_pre_n=200,__perm_rng_seed=0,__perm_stat=delta_fused_score,divergence=0.3,error_rate=0.5,teacher_entropy=0.2",3,0,200,0.0,0,10000,10.0,25.0,200,500,0,0,1.0,0.849477958236659,0.6337380931779804,0.0,0.21563565731048584,0.01841471903026104,0,0,74,64,-1,perm_test,1.0,-0.08661119233704086,148,64,84,0.0,0.16666666666666666,0,0.0,0.0,0.0,0.0,0,none,0,1,0,overconfident,0.95,0,mild_drift,0.9603073660575762,0.0012998759922965902,0.8000496030813595,0.8550223213866321,1768131626.3752604,0.03419603034853935,0.1844155490398407
432,27648,27647,sea_abrupt4,sea,ts_drift_adapt,4,"error_divergence_ph_meta@error.threshold=0.10,error.min_instances=5",error_divergence_ph_meta,"{""divergence"": {""alpha"": 0.1, ""delta"": 0.005, ""min_instances"": 30, ""threshold"": 0.05}, ""error_rate"": {""alpha"": 0.15, ""delta"": 0.005, ""min_instances"": 5, ""threshold"": 0.1}}","{""error_rate"": {""min_instances"": 5, ""threshold"": 0.1}}",0.1,0.005,0.15,5,0.05,0.005,0.1,30,,,,-1,two_stage,2,0.5,"__confirm_cooldown=200,__confirm_rule=perm_test,__perm_alpha=0.02,__perm_delta_k=25,__perm_min_effect=0,__perm_n_perm=200,__perm_post_n=50,__perm_pre_n=200,__perm_rng_seed=0,__perm_stat=delta_fused_score,divergence=0.3,error_rate=0.5,teacher_entropy=0.2",3,0,200,0.0,0,10000,10.0,25.0,200,500,0,0,1.0,0.8495732060185185,0.6338322127623914,0.0,0.20368395745754242,0.010821114294230938,0,0,74,64,-1,perm_test,1.0,-0.08661119233704086,148,64,84,0.0,0.007593604736030102,0,0.0,0.0,0.0,0.0,0,none,0,1,0,overconfident,0.95,0,mild_drift,0.9603036830287881,0.001299937996148295,0.8000248015406798,0.8550111606933161,1768131626.3855066,0.042840998619794846,0.1199263334274292
433,27712,27711,sea_abrupt4,sea,ts_drift_adapt,4,"error_divergence_ph_meta@error.threshold=0.10,error.min_instances=5",error_divergence_ph_meta,"{""divergence"": {""alpha"": 0.1, ""delta"": 0.005, ""min_instances"": 30, ""threshold"": 0.05}, ""error_rate"": {""alpha"": 0.15, ""delta"": 0.005, ""min_instances"": 5, ""threshold"": 0.1}}","{""error_rate"": {""min_instances"": 5, ""threshold"": 0.1}}",0.1,0.005,0.15,5,0.05,0.005,0.1,30,,,,-1,two_stage,2,0.5,"__confirm_cooldown=200,__confirm_rule=perm_test,__perm_alpha=0.02,__perm_delta_k=25,__perm_min_effect=0,__perm_n_perm=200,__perm_post_n=50,__perm_pre_n=200,__perm_rng_seed=0,__perm_stat=delta_fused_score,divergence=0.3,error_rate=0.5,teacher_entropy=0.2",3,0,200,0.0,0,10000,10.0,25.0,200,500,0,0,1.0,0.8497762702078522,0.6342613886253124,0.0,0.18956612050533295,0.011121700517833233,0,1,75,64,-1,perm_test,0.20398009950248755,0.004686694230988502,149,64,85,0.0,0.0003005862236022949,1,0.5,0.0,0.0,0.0,0,none,0,1,0,overconfident,0.95,0,mild_drift,0.960301841514394,0.0012999689980741475,0.80001240077034,0.8550055803466581,1768131626.4012861,0.08847072720527649,0.10618853569030762
434,27776,27775,sea_abrupt4,sea,ts_drift_adapt,4,"error_divergence_ph_meta@error.threshold=0.10,error.min_instances=5",error_divergence_ph_meta,"{""divergence"": {""alpha"": 0.1, ""delta"": 0.005, ""min_instances"": 30, ""threshold"": 0.05}, ""error_rate"": {""alpha"": 0.15, ""delta"": 0.005, ""min_instances"": 5, ""threshold"": 0.1}}","{""error_rate"": {""min_instances"": 5, ""threshold"": 0.1}}",0.1,0.005,0.15,5,0.05,0.005,0.1,30,,,,-1,two_stage,2,0.5,"__confirm_cooldown=200,__confirm_rule=perm_test,__perm_alpha=0.02,__perm_delta_k=25,__perm_min_effect=0,__perm_n_perm=200,__perm_post_n=50,__perm_pre_n=200,__perm_rng_seed=0,__perm_stat=delta_fused_score,divergence=0.3,error_rate=0.5,teacher_entropy=0.2",3,0,200,0.0,0,10000,10.0,25.0,200,500,0,0,1.0,0.8499423963133641,0.6346121790667448,0.0,0.1651795506477356,0.020877046510577202,1,0,75,65,1,perm_test,0.004975124378109453,0.023749575846466482,150,65,85,0.0,0.009755345992743969,0,0.0,0.0,0.0,0.0,0,none,1,1,0,overconfident,0.95,0,stable,0.975150920757197,0.0010499844990370737,0.90000620038517,0.9000027901733291,1768131626.4167287,0.0724233090877533,0.1666402816772461
435,27840,27839,sea_abrupt4,sea,ts_drift_adapt,4,"error_divergence_ph_meta@error.threshold=0.10,error.min_instances=5",error_divergence_ph_meta,"{""divergence"": {""alpha"": 0.1, ""delta"": 0.005, ""min_instances"": 30, ""threshold"": 0.05}, ""error_rate"": {""alpha"": 0.15, ""delta"": 0.005, ""min_instances"": 5, ""threshold"": 0.1}}","{""error_rate"": {""min_instances"": 5, ""threshold"": 0.1}}",0.1,0.005,0.15,5,0.05,0.005,0.1,30,,,,-1,two_stage,2,0.5,"__confirm_cooldown=200,__confirm_rule=perm_test,__perm_alpha=0.02,__perm_delta_k=25,__perm_min_effect=0,__perm_n_perm=200,__perm_post_n=50,__perm_pre_n=200,__perm_rng_seed=0,__perm_stat=delta_fused_score,divergence=0.3,error_rate=0.5,teacher_entropy=0.2",3,0,200,0.0,0,10000,10.0,25.0,200,500,1,136,1.0,0.8501795977011494,0.6351088923083188,0.0,0.1661015748977661,0.004400955513119698,0,0,75,65,-1,perm_test,0.004975124378109453,0.023749575846466482,150,65,85,0.0,0.016476090997457504,0,0.0,0.0,0.0,0.0,0,none,0,1,0,overconfident,0.95,0,mild_drift,0.9677254603785985,0.001174992249518537,0.850003100192585,0.8775013950866646,1768131626.4265804,0.03437543660402298,0.0399591326713562
436,27904,27903,sea_abrupt4,sea,ts_drift_adapt,4,"error_divergence_ph_meta@error.threshold=0.10,error.min_instances=5",error_divergence_ph_meta,"{""divergence"": {""alpha"": 0.1, ""delta"": 0.005, ""min_instances"": 30, ""threshold"": 0.05}, ""error_rate"": {""alpha"": 0.15, ""delta"": 0.005, ""min_instances"": 5, ""threshold"": 0.1}}","{""error_rate"": {""min_instances"": 5, ""threshold"": 0.1}}",0.1,0.005,0.15,5,0.05,0.005,0.1,30,,,,-1,two_stage,2,0.5,"__confirm_cooldown=200,__confirm_rule=perm_test,__perm_alpha=0.02,__perm_delta_k=25,__perm_min_effect=0,__perm_n_perm=200,__perm_post_n=50,__perm_pre_n=200,__perm_rng_seed=0,__perm_stat=delta_fused_score,divergence=0.3,error_rate=0.5,teacher_entropy=0.2",3,0,200,0.0,0,10000,10.0,25.0,200,500,1,72,1.0,0.8503440366972477,0.6352968716244444,0.16666666666666666,0.19603018462657928,0.009387741796672344,0,0,75,65,-1,perm_test,0.004975124378109453,0.023749575846466482,150,65,85,0.0,0.16666666666666666,0,0.0,0.0,0.0,0.0,0,none,0,1,0,overconfident,0.95,0,mild_drift,0.9640127301892992,0.0012374961247592687,0.8250015500962925,0.8662506975433323,1768131626.4364088,0.2797345817089081,0.06950849294662476
437,27968,27967,sea_abrupt4,sea,ts_drift_adapt,4,"error_divergence_ph_meta@error.threshold=0.10,error.min_instances=5",error_divergence_ph_meta,"{""divergence"": {""alpha"": 0.1, ""delta"": 0.005, ""min_instances"": 30, ""threshold"": 0.05}, ""error_rate"": {""alpha"": 0.15, ""delta"": 0.005, ""min_instances"": 5, ""threshold"": 0.1}}","{""error_rate"": {""min_instances"": 5, ""threshold"": 0.1}}",0.1,0.005,0.15,5,0.05,0.005,0.1,30,,,,-1,two_stage,2,0.5,"__confirm_cooldown=200,__confirm_rule=perm_test,__perm_alpha=0.02,__perm_delta_k=25,__perm_min_effect=0,__perm_n_perm=200,__perm_post_n=50,__perm_pre_n=200,__perm_rng_seed=0,__perm_stat=delta_fused_score,divergence=0.3,error_rate=0.5,teacher_entropy=0.2",3,0,200,0.0,0,10000,10.0,25.0,200,500,1,8,1.0,0.8505077231121282,0.6357254829331211,0.16666666666666666,0.25409892201423645,0.012572967447340488,0,0,75,65,-1,perm_test,0.004975124378109453,0.023749575846466482,150,65,85,0.0,0.0031852256506681442,0,0.0,0.0,0.0,0.0,0,none,0,1,0,overconfident,0.95,0,mild_drift,0.9621563650946496,0.0012687480623796345,0.8125007750481463,0.8606253487716662,1768131626.4460764,0.15173278748989105,0.08626804500818253
438,28032,28031,sea_abrupt4,sea,ts_drift_adapt,4,"error_divergence_ph_meta@error.threshold=0.10,error.min_instances=5",error_divergence_ph_meta,"{""divergence"": {""alpha"": 0.1, ""delta"": 0.005, ""min_instances"": 30, ""threshold"": 0.05}, ""error_rate"": {""alpha"": 0.15, ""delta"": 0.005, ""min_instances"": 5, ""threshold"": 0.1}}","{""error_rate"": {""min_instances"": 5, ""threshold"": 0.1}}",0.1,0.005,0.15,5,0.05,0.005,0.1,30,,,,-1,two_stage,2,0.5,"__confirm_cooldown=200,__confirm_rule=perm_test,__perm_alpha=0.02,__perm_delta_k=25,__perm_min_effect=0,__perm_n_perm=200,__perm_post_n=50,__perm_pre_n=200,__perm_rng_seed=0,__perm_stat=delta_fused_score,divergence=0.3,error_rate=0.5,teacher_entropy=0.2",3,0,200,0.0,0,10000,10.0,25.0,200,500,0,0,1.0,0.850492294520548,0.6355581901110214,0.3333333333333333,0.20132745802402496,0.02060069888830185,1,1,76,66,0,perm_test,0.004975124378109453,0.02932216385636805,151,66,85,0.3333333333333333,0.16666666666666666,1,0.5,0.0,0.0,0.0,0,none,1,1,0,overconfident,0.95,0,severe_drift,0.9265781825473248,0.0016343740311898173,0.6562503875240732,0.8353126743858331,1768131626.4615073,0.7701320648193359,0.14292579889297485
439,28096,28095,sea_abrupt4,sea,ts_drift_adapt,4,"error_divergence_ph_meta@error.threshold=0.10,error.min_instances=5",error_divergence_ph_meta,"{""divergence"": {""alpha"": 0.1, ""delta"": 0.005, ""min_instances"": 30, ""threshold"": 0.05}, ""error_rate"": {""alpha"": 0.15, ""delta"": 0.005, ""min_instances"": 5, ""threshold"": 0.1}}","{""error_rate"": {""min_instances"": 5, ""threshold"": 0.1}}",0.1,0.005,0.15,5,0.05,0.005,0.1,30,,,,-1,two_stage,2,0.5,"__confirm_cooldown=200,__confirm_rule=perm_test,__perm_alpha=0.02,__perm_delta_k=25,__perm_min_effect=0,__perm_n_perm=200,__perm_post_n=50,__perm_pre_n=200,__perm_rng_seed=0,__perm_stat=delta_fused_score,divergence=0.3,error_rate=0.5,teacher_entropy=0.2",3,0,200,0.0,0,10000,10.0,25.0,200,500,1,136,1.0,0.85061930523918,0.6357553777267029,0.0,0.19718652963638306,0.007935739122331142,0,0,76,66,-1,perm_test,0.004975124378109453,0.02932216385636805,151,66,85,0.0,0.3333333333333333,0,0.0,0.0,0.0,0.0,0,none,0,1,0,overconfident,0.95,0,mild_drift,0.9434390912736623,0.0014671870155949086,0.7281251937620365,0.8451563371929165,1768131626.4715576,0.039132799953222275,0.0726584866642952
440,28160,28159,sea_abrupt4,sea,ts_drift_adapt,4,"error_divergence_ph_meta@error.threshold=0.10,error.min_instances=5",error_divergence_ph_meta,"{""divergence"": {""alpha"": 0.1, ""delta"": 0.005, ""min_instances"": 30, ""threshold"": 0.05}, ""error_rate"": {""alpha"": 0.15, ""delta"": 0.005, ""min_instances"": 5, ""threshold"": 0.1}}","{""error_rate"": {""min_instances"": 5, ""threshold"": 0.1}}",0.1,0.005,0.15,5,0.05,0.005,0.1,30,,,,-1,two_stage,2,0.5,"__confirm_cooldown=200,__confirm_rule=perm_test,__perm_alpha=0.02,__perm_delta_k=25,__perm_min_effect=0,__perm_n_perm=200,__perm_post_n=50,__perm_pre_n=200,__perm_rng_seed=0,__perm_stat=delta_fused_score,divergence=0.3,error_rate=0.5,teacher_entropy=0.2",3,0,200,0.0,0,10000,10.0,25.0,200,500,1,72,1.0,0.8508522727272727,0.6363806407739749,0.0,0.20053642988204956,0.019625775516033173,0,0,76,66,-1,perm_test,0.004975124378109453,0.02932216385636805,151,66,85,0.0,0.01169003639370203,0,0.0,0.0,0.0,0.0,0,none,0,1,0,overconfident,0.95,0,mild_drift,0.9518695456368311,0.0013835935077974545,0.7640625968810183,0.8500781685964582,1768131626.4814103,0.0635615810751915,0.18874888122081757
441,28224,28223,sea_abrupt4,sea,ts_drift_adapt,4,"error_divergence_ph_meta@error.threshold=0.10,error.min_instances=5",error_divergence_ph_meta,"{""divergence"": {""alpha"": 0.1, ""delta"": 0.005, ""min_instances"": 30, ""threshold"": 0.05}, ""error_rate"": {""alpha"": 0.15, ""delta"": 0.005, ""min_instances"": 5, ""threshold"": 0.1}}","{""error_rate"": {""min_instances"": 5, ""threshold"": 0.1}}",0.1,0.005,0.15,5,0.05,0.005,0.1,30,,,,-1,two_stage,2,0.5,"__confirm_cooldown=200,__confirm_rule=perm_test,__perm_alpha=0.02,__perm_delta_k=25,__perm_min_effect=0,__perm_n_perm=200,__perm_post_n=50,__perm_pre_n=200,__perm_rng_seed=0,__perm_stat=delta_fused_score,divergence=0.3,error_rate=0.5,teacher_entropy=0.2",3,0,200,0.0,0,10000,10.0,25.0,200,500,1,8,1.0,0.8510487528344671,0.6366342884062974,0.0,0.18616682291030884,0.007872836664319038,0,0,76,66,-1,perm_test,0.004975124378109453,0.02932216385636805,151,66,85,0.0,0.011752938851714134,0,0.0,0.0,0.0,0.0,0,none,0,1,0,overconfident,0.95,0,mild_drift,0.9560847728184155,0.0013417967538987274,0.7820312984405091,0.8525390842982291,1768131626.4912887,0.04984624311327934,0.08400192856788635
442,28288,28287,sea_abrupt4,sea,ts_drift_adapt,4,"error_divergence_ph_meta@error.threshold=0.10,error.min_instances=5",error_divergence_ph_meta,"{""divergence"": {""alpha"": 0.1, ""delta"": 0.005, ""min_instances"": 30, ""threshold"": 0.05}, ""error_rate"": {""alpha"": 0.15, ""delta"": 0.005, ""min_instances"": 5, ""threshold"": 0.1}}","{""error_rate"": {""min_instances"": 5, ""threshold"": 0.1}}",0.1,0.005,0.15,5,0.05,0.005,0.1,30,,,,-1,two_stage,2,0.5,"__confirm_cooldown=200,__confirm_rule=perm_test,__perm_alpha=0.02,__perm_delta_k=25,__perm_min_effect=0,__perm_n_perm=200,__perm_post_n=50,__perm_pre_n=200,__perm_rng_seed=0,__perm_stat=delta_fused_score,divergence=0.3,error_rate=0.5,teacher_entropy=0.2",3,0,200,0.0,0,10000,10.0,25.0,200,500,0,0,1.0,0.8512796945701357,0.6370550075945192,0.16666666666666666,0.17087362706661224,0.010365035384893417,0,0,76,66,-1,perm_test,0.004975124378109453,0.02932216385636805,151,66,85,0.0,0.16666666666666666,0,0.0,0.0,0.0,0.0,0,none,0,1,0,overconfident,0.95,0,mild_drift,0.9581923864092077,0.0013208983769493637,0.7910156492202546,0.8537695421491145,1768131626.501579,0.20155851542949677,0.0915381908416748
443,28352,28351,sea_abrupt4,sea,ts_drift_adapt,4,"error_divergence_ph_meta@error.threshold=0.10,error.min_instances=5",error_divergence_ph_meta,"{""divergence"": {""alpha"": 0.1, ""delta"": 0.005, ""min_instances"": 30, ""threshold"": 0.05}, ""error_rate"": {""alpha"": 0.15, ""delta"": 0.005, ""min_instances"": 5, ""threshold"": 0.1}}","{""error_rate"": {""min_instances"": 5, ""threshold"": 0.1}}",0.1,0.005,0.15,5,0.05,0.005,0.1,30,,,,-1,two_stage,2,0.5,"__confirm_cooldown=200,__confirm_rule=perm_test,__perm_alpha=0.02,__perm_delta_k=25,__perm_min_effect=0,__perm_n_perm=200,__perm_post_n=50,__perm_pre_n=200,__perm_rng_seed=0,__perm_stat=delta_fused_score,divergence=0.3,error_rate=0.5,teacher_entropy=0.2",3,0,200,0.0,0,10000,10.0,25.0,200,500,0,0,1.0,0.8515801354401806,0.6375703596915906,0.0,0.1725720465183258,0.012532280758023262,0,1,77,66,-1,perm_test,1.0,-0.07840460920962436,152,66,86,0.3333333333333333,0.16666666666666666,1,0.5,0.0,0.0,0.0,0,none,0,1,0,overconfident,0.95,0,mild_drift,0.9592461932046038,0.001310449188474682,0.7955078246101273,0.8543847710745572,1768131626.5122333,0.00853769015520811,0.1338680237531662
444,28416,28415,sea_abrupt4,sea,ts_drift_adapt,4,"error_divergence_ph_meta@error.threshold=0.10,error.min_instances=5",error_divergence_ph_meta,"{""divergence"": {""alpha"": 0.1, ""delta"": 0.005, ""min_instances"": 30, ""threshold"": 0.05}, ""error_rate"": {""alpha"": 0.15, ""delta"": 0.005, ""min_instances"": 5, ""threshold"": 0.1}}","{""error_rate"": {""min_instances"": 5, ""threshold"": 0.1}}",0.1,0.005,0.15,5,0.05,0.005,0.1,30,,,,-1,two_stage,2,0.5,"__confirm_cooldown=200,__confirm_rule=perm_test,__perm_alpha=0.02,__perm_delta_k=25,__perm_min_effect=0,__perm_n_perm=200,__perm_post_n=50,__perm_pre_n=200,__perm_rng_seed=0,__perm_stat=delta_fused_score,divergence=0.3,error_rate=0.5,teacher_entropy=0.2",3,0,200,0.0,0,10000,10.0,25.0,200,500,0,0,1.0,0.8516680743243243,0.6378057891856663,0.16666666666666666,0.2049388587474823,0.009404282085597515,0,0,77,66,-1,perm_test,1.0,-0.0033234784542245845,153,66,87,0.0,0.16666666666666666,0,0.0,0.0,0.0,0.0,0,none,0,1,0,overconfident,0.95,0,mild_drift,0.9597730966023019,0.001305224594237341,0.7977539123050637,0.8546923855372786,1768131626.5227542,0.16467060148715973,0.08966046571731567
445,28480,28479,sea_abrupt4,sea,ts_drift_adapt,4,"error_divergence_ph_meta@error.threshold=0.10,error.min_instances=5",error_divergence_ph_meta,"{""divergence"": {""alpha"": 0.1, ""delta"": 0.005, ""min_instances"": 30, ""threshold"": 0.05}, ""error_rate"": {""alpha"": 0.15, ""delta"": 0.005, ""min_instances"": 5, ""threshold"": 0.1}}","{""error_rate"": {""min_instances"": 5, ""threshold"": 0.1}}",0.1,0.005,0.15,5,0.05,0.005,0.1,30,,,,-1,two_stage,2,0.5,"__confirm_cooldown=200,__confirm_rule=perm_test,__perm_alpha=0.02,__perm_delta_k=25,__perm_min_effect=0,__perm_n_perm=200,__perm_post_n=50,__perm_pre_n=200,__perm_rng_seed=0,__perm_stat=delta_fused_score,divergence=0.3,error_rate=0.5,teacher_entropy=0.2",3,0,200,0.0,0,10000,10.0,25.0,200,500,0,0,1.0,0.8519311797752809,0.6383773422202097,0.0,0.1618538498878479,0.011831022799015045,0,0,77,66,-1,perm_test,1.0,-0.04995707258943236,154,66,88,0.0,0.16666666666666666,0,0.0,0.0,0.0,0.0,0,none,0,1,0,overconfident,0.95,0,mild_drift,0.9600365483011509,0.0013026122971186707,0.7988769561525318,0.8548461927686393,1768131626.533037,0.01954122819006443,0.14812472462654114
446,28544,28543,sea_abrupt4,sea,ts_drift_adapt,4,"error_divergence_ph_meta@error.threshold=0.10,error.min_instances=5",error_divergence_ph_meta,"{""divergence"": {""alpha"": 0.1, ""delta"": 0.005, ""min_instances"": 30, ""threshold"": 0.05}, ""error_rate"": {""alpha"": 0.15, ""delta"": 0.005, ""min_instances"": 5, ""threshold"": 0.1}}","{""error_rate"": {""min_instances"": 5, ""threshold"": 0.1}}",0.1,0.005,0.15,5,0.05,0.005,0.1,30,,,,-1,two_stage,2,0.5,"__confirm_cooldown=200,__confirm_rule=perm_test,__perm_alpha=0.02,__perm_delta_k=25,__perm_min_effect=0,__perm_n_perm=200,__perm_post_n=50,__perm_pre_n=200,__perm_rng_seed=0,__perm_stat=delta_fused_score,divergence=0.3,error_rate=0.5,teacher_entropy=0.2",3,0,200,0.0,0,10000,10.0,25.0,200,500,0,0,1.0,0.8521580717488789,0.6387159967927292,0.0,0.22480444610118866,0.013755260035395622,0,0,77,66,-1,perm_test,1.0,-0.0009714278090551098,155,66,89,0.0,0.001924237236380577,0,0.0,0.0,0.0,0.0,0,none,0,1,0,overconfident,0.95,0,mild_drift,0.9601682741505755,0.0013013061485593353,0.799438478076266,0.8549230963843196,1768131626.543295,0.10752656310796738,0.1290949434041977
447,28608,28607,sea_abrupt4,sea,ts_drift_adapt,4,"error_divergence_ph_meta@error.threshold=0.10,error.min_instances=5",error_divergence_ph_meta,"{""divergence"": {""alpha"": 0.1, ""delta"": 0.005, ""min_instances"": 30, ""threshold"": 0.05}, ""error_rate"": {""alpha"": 0.15, ""delta"": 0.005, ""min_instances"": 5, ""threshold"": 0.1}}","{""error_rate"": {""min_instances"": 5, ""threshold"": 0.1}}",0.1,0.005,0.15,5,0.05,0.005,0.1,30,,,,-1,two_stage,2,0.5,"__confirm_cooldown=200,__confirm_rule=perm_test,__perm_alpha=0.02,__perm_delta_k=25,__perm_min_effect=0,__perm_n_perm=200,__perm_post_n=50,__perm_pre_n=200,__perm_rng_seed=0,__perm_stat=delta_fused_score,divergence=0.3,error_rate=0.5,teacher_entropy=0.2",3,0,200,0.0,0,10000,10.0,25.0,200,500,0,0,1.0,0.8523140380313199,0.639026525598891,0.3333333333333333,0.17740929126739502,0.01079968735575676,0,0,77,66,-1,perm_test,1.0,-0.0009714278090551098,155,66,89,0.0,0.3333333333333333,0,0.0,0.0,0.0,0.0,0,none,0,1,0,overconfident,0.95,0,mild_drift,0.9602341370752877,0.0013006530742796676,0.799719239038133,0.8549615481921597,1768131626.556447,0.3271437883377075,0.09799365699291229
448,28672,28671,sea_abrupt4,sea,ts_drift_adapt,4,"error_divergence_ph_meta@error.threshold=0.10,error.min_instances=5",error_divergence_ph_meta,"{""divergence"": {""alpha"": 0.1, ""delta"": 0.005, ""min_instances"": 30, ""threshold"": 0.05}, ""error_rate"": {""alpha"": 0.15, ""delta"": 0.005, ""min_instances"": 5, ""threshold"": 0.1}}","{""error_rate"": {""min_instances"": 5, ""threshold"": 0.1}}",0.1,0.005,0.15,5,0.05,0.005,0.1,30,,,,-1,two_stage,2,0.5,"__confirm_cooldown=200,__confirm_rule=perm_test,__perm_alpha=0.02,__perm_delta_k=25,__perm_min_effect=0,__perm_n_perm=200,__perm_post_n=50,__perm_pre_n=200,__perm_rng_seed=0,__perm_stat=delta_fused_score,divergence=0.3,error_rate=0.5,teacher_entropy=0.2",3,0,200,0.0,0,10000,10.0,25.0,200,500,0,0,1.0,0.8525041852678571,0.6394000804220582,0.16666666666666666,0.2107095867395401,0.011878368444740772,0,1,78,66,-1,perm_test,1.0,-0.0679474499366197,156,66,90,0.16666666666666666,0.16666666666666666,1,0.5,0.0,0.0,0.0,0,none,0,1,0,overconfident,0.95,0,mild_drift,0.9602670685376438,0.001300326537139834,0.7998596195190666,0.8549807740960799,1768131626.569681,0.35426566004753113,0.0913660079240799
449,28736,28735,sea_abrupt4,sea,ts_drift_adapt,4,"error_divergence_ph_meta@error.threshold=0.10,error.min_instances=5",error_divergence_ph_meta,"{""divergence"": {""alpha"": 0.1, ""delta"": 0.005, ""min_instances"": 30, ""threshold"": 0.05}, ""error_rate"": {""alpha"": 0.15, ""delta"": 0.005, ""min_instances"": 5, ""threshold"": 0.1}}","{""error_rate"": {""min_instances"": 5, ""threshold"": 0.1}}",0.1,0.005,0.15,5,0.05,0.005,0.1,30,,,,-1,two_stage,2,0.5,"__confirm_cooldown=200,__confirm_rule=perm_test,__perm_alpha=0.02,__perm_delta_k=25,__perm_min_effect=0,__perm_n_perm=200,__perm_post_n=50,__perm_pre_n=200,__perm_rng_seed=0,__perm_stat=delta_fused_score,divergence=0.3,error_rate=0.5,teacher_entropy=0.2",3,0,200,0.0,0,10000,10.0,25.0,200,500,0,0,1.0,0.8527978841870824,0.6398516604574086,0.0,0.1610957831144333,0.0071009062230587006,0,0,78,66,-1,perm_test,1.0,-0.03402656191487354,157,66,91,0.0,0.16666666666666666,0,0.0,0.0,0.0,0.0,0,none,0,1,0,overconfident,0.95,0,mild_drift,0.9602835342688218,0.0013001632685699172,0.7999298097595333,0.85499038704804,1768131626.583102,0.0337945930659771,0.07599932700395584
450,28800,28799,sea_abrupt4,sea,ts_drift_adapt,4,"error_divergence_ph_meta@error.threshold=0.10,error.min_instances=5",error_divergence_ph_meta,"{""divergence"": {""alpha"": 0.1, ""delta"": 0.005, ""min_instances"": 30, ""threshold"": 0.05}, ""error_rate"": {""alpha"": 0.15, ""delta"": 0.005, ""min_instances"": 5, ""threshold"": 0.1}}","{""error_rate"": {""min_instances"": 5, ""threshold"": 0.1}}",0.1,0.005,0.15,5,0.05,0.005,0.1,30,,,,-1,two_stage,2,0.5,"__confirm_cooldown=200,__confirm_rule=perm_test,__perm_alpha=0.02,__perm_delta_k=25,__perm_min_effect=0,__perm_n_perm=200,__perm_post_n=50,__perm_pre_n=200,__perm_rng_seed=0,__perm_stat=delta_fused_score,divergence=0.3,error_rate=0.5,teacher_entropy=0.2",3,0,200,0.0,0,10000,10.0,25.0,200,500,0,0,1.0,0.8529861111111111,0.6400673386063784,0.16666666666666666,0.1811063587665558,0.011379033327102661,1,0,78,67,2,perm_test,0.004975124378109453,0.04253118504625901,158,67,91,0.0,0.16666666666666666,0,0.0,0.0,0.0,0.0,0,none,1,1,0,overconfident,0.95,0,stable,0.9751417671344109,0.0010500816342849586,0.8999649048797667,0.89999519352402,1768131626.5993314,0.4953869879245758,0.11056860536336899
451,28864,28863,sea_abrupt4,sea,ts_drift_adapt,4,"error_divergence_ph_meta@error.threshold=0.10,error.min_instances=5",error_divergence_ph_meta,"{""divergence"": {""alpha"": 0.1, ""delta"": 0.005, ""min_instances"": 30, ""threshold"": 0.05}, ""error_rate"": {""alpha"": 0.15, ""delta"": 0.005, ""min_instances"": 5, ""threshold"": 0.1}}","{""error_rate"": {""min_instances"": 5, ""threshold"": 0.1}}",0.1,0.005,0.15,5,0.05,0.005,0.1,30,,,,-1,two_stage,2,0.5,"__confirm_cooldown=200,__confirm_rule=perm_test,__perm_alpha=0.02,__perm_delta_k=25,__perm_min_effect=0,__perm_n_perm=200,__perm_post_n=50,__perm_pre_n=200,__perm_rng_seed=0,__perm_stat=delta_fused_score,divergence=0.3,error_rate=0.5,teacher_entropy=0.2",3,0,200,0.0,0,10000,10.0,25.0,200,500,1,136,1.0,0.8531735033259423,0.6404151240949582,0.0,0.2082664519548416,0.007741383742541075,0,0,78,67,-1,perm_test,0.004975124378109453,0.04253118504625901,158,67,91,0.0,0.16666666666666666,0,0.0,0.0,0.0,0.0,0,none,0,1,0,overconfident,0.95,0,mild_drift,0.9677208835672054,0.0011750408171424794,0.8499824524398834,0.87749759676201,1768131626.6096303,0.03119424730539322,0.06362757831811905
452,28928,28927,sea_abrupt4,sea,ts_drift_adapt,4,"error_divergence_ph_meta@error.threshold=0.10,error.min_instances=5",error_divergence_ph_meta,"{""divergence"": {""alpha"": 0.1, ""delta"": 0.005, ""min_instances"": 30, ""threshold"": 0.05}, ""error_rate"": {""alpha"": 0.15, ""delta"": 0.005, ""min_instances"": 5, ""threshold"": 0.1}}","{""error_rate"": {""min_instances"": 5, ""threshold"": 0.1}}",0.1,0.005,0.15,5,0.05,0.005,0.1,30,,,,-1,two_stage,2,0.5,"__confirm_cooldown=200,__confirm_rule=perm_test,__perm_alpha=0.02,__perm_delta_k=25,__perm_min_effect=0,__perm_n_perm=200,__perm_post_n=50,__perm_pre_n=200,__perm_rng_seed=0,__perm_stat=delta_fused_score,divergence=0.3,error_rate=0.5,teacher_entropy=0.2",3,0,200,0.0,0,10000,10.0,25.0,200,500,1,72,1.0,0.853429203539823,0.6410584678651882,0.0,0.17054086923599243,0.010769556276500225,0,0,78,67,-1,perm_test,0.004975124378109453,0.04253118504625901,158,67,91,0.0,0.0030281725339591503,0,0.0,0.0,0.0,0.0,0,none,0,1,0,overconfident,0.95,0,mild_drift,0.9640104417836026,0.0012375204085712398,0.8249912262199417,0.866248798381005,1768131626.6196828,0.08974957466125488,0.0855383425951004
453,28992,28991,sea_abrupt4,sea,ts_drift_adapt,4,"error_divergence_ph_meta@error.threshold=0.10,error.min_instances=5",error_divergence_ph_meta,"{""divergence"": {""alpha"": 0.1, ""delta"": 0.005, ""min_instances"": 30, ""threshold"": 0.05}, ""error_rate"": {""alpha"": 0.15, ""delta"": 0.005, ""min_instances"": 5, ""threshold"": 0.1}}","{""error_rate"": {""min_instances"": 5, ""threshold"": 0.1}}",0.1,0.005,0.15,5,0.05,0.005,0.1,30,,,,-1,two_stage,2,0.5,"__confirm_cooldown=200,__confirm_rule=perm_test,__perm_alpha=0.02,__perm_delta_k=25,__perm_min_effect=0,__perm_n_perm=200,__perm_post_n=50,__perm_pre_n=200,__perm_rng_seed=0,__perm_stat=delta_fused_score,divergence=0.3,error_rate=0.5,teacher_entropy=0.2",3,0,200,0.0,0,10000,10.0,25.0,200,500,1,8,1.0,0.8537182671081678,0.6416093026190689,0.0,0.1680610030889511,0.006287834607064724,0,1,78,67,-1,perm_test,0.004975124378109453,0.04253118504625901,158,67,91,0.16666666666666666,0.004481721669435501,1,0.5,0.0,0.0,0.0,0,none,0,1,0,overconfident,0.95,0,mild_drift,0.9621552208918013,0.00126876020428562,0.8124956131099709,0.8606243991905025,1768131626.629765,0.18627063930034637,0.06035008281469345
454,29056,29055,sea_abrupt4,sea,ts_drift_adapt,4,"error_divergence_ph_meta@error.threshold=0.10,error.min_instances=5",error_divergence_ph_meta,"{""divergence"": {""alpha"": 0.1, ""delta"": 0.005, ""min_instances"": 30, ""threshold"": 0.05}, ""error_rate"": {""alpha"": 0.15, ""delta"": 0.005, ""min_instances"": 5, ""threshold"": 0.1}}","{""error_rate"": {""min_instances"": 5, ""threshold"": 0.1}}",0.1,0.005,0.15,5,0.05,0.005,0.1,30,,,,-1,two_stage,2,0.5,"__confirm_cooldown=200,__confirm_rule=perm_test,__perm_alpha=0.02,__perm_delta_k=25,__perm_min_effect=0,__perm_n_perm=200,__perm_post_n=50,__perm_pre_n=200,__perm_rng_seed=0,__perm_stat=delta_fused_score,divergence=0.3,error_rate=0.5,teacher_entropy=0.2",3,0,200,0.0,0,10000,10.0,25.0,200,500,0,0,1.0,0.8539372246696035,0.6421260709757812,0.16666666666666666,0.17058633267879486,0.015638696029782295,0,0,78,67,-1,perm_test,0.004975124378109453,0.04253118504625901,158,67,91,0.0,0.16666666666666666,0,0.0,0.0,0.0,0.0,0,none,0,1,0,overconfident,0.95,0,mild_drift,0.9612276104459005,0.0012843801021428102,0.8062478065549854,0.8578121995952512,1768131626.6403701,0.22895513474941254,0.10952801257371902
455,29120,29119,sea_abrupt4,sea,ts_drift_adapt,4,"error_divergence_ph_meta@error.threshold=0.10,error.min_instances=5",error_divergence_ph_meta,"{""divergence"": {""alpha"": 0.1, ""delta"": 0.005, ""min_instances"": 30, ""threshold"": 0.05}, ""error_rate"": {""alpha"": 0.15, ""delta"": 0.005, ""min_instances"": 5, ""threshold"": 0.1}}","{""error_rate"": {""min_instances"": 5, ""threshold"": 0.1}}",0.1,0.005,0.15,5,0.05,0.005,0.1,30,,,,-1,two_stage,2,0.5,"__confirm_cooldown=200,__confirm_rule=perm_test,__perm_alpha=0.02,__perm_delta_k=25,__perm_min_effect=0,__perm_n_perm=200,__perm_post_n=50,__perm_pre_n=200,__perm_rng_seed=0,__perm_stat=delta_fused_score,divergence=0.3,error_rate=0.5,teacher_entropy=0.2",3,0,200,0.0,0,10000,10.0,25.0,200,500,0,0,1.0,0.8541552197802198,0.6424830277448986,0.0,0.18655019998550415,0.0061219134368002415,0,0,78,67,-1,perm_test,0.004975124378109453,0.04253118504625901,158,67,91,0.0,0.16666666666666666,0,0.0,0.0,0.0,0.0,0,none,0,1,0,overconfident,0.95,0,mild_drift,0.9607638052229502,0.0012921900510714053,0.8031239032774927,0.8564060997976256,1768131626.6506977,0.010639864020049572,0.05546068772673607
456,29184,29183,sea_abrupt4,sea,ts_drift_adapt,4,"error_divergence_ph_meta@error.threshold=0.10,error.min_instances=5",error_divergence_ph_meta,"{""divergence"": {""alpha"": 0.1, ""delta"": 0.005, ""min_instances"": 30, ""threshold"": 0.05}, ""error_rate"": {""alpha"": 0.15, ""delta"": 0.005, ""min_instances"": 5, ""threshold"": 0.1}}","{""error_rate"": {""min_instances"": 5, ""threshold"": 0.1}}",0.1,0.005,0.15,5,0.05,0.005,0.1,30,,,,-1,two_stage,2,0.5,"__confirm_cooldown=200,__confirm_rule=perm_test,__perm_alpha=0.02,__perm_delta_k=25,__perm_min_effect=0,__perm_n_perm=200,__perm_post_n=50,__perm_pre_n=200,__perm_rng_seed=0,__perm_stat=delta_fused_score,divergence=0.3,error_rate=0.5,teacher_entropy=0.2",3,0,200,0.0,0,10000,10.0,25.0,200,500,0,0,1.0,0.8543379934210527,0.6427963790874232,0.0,0.18446703255176544,0.009514845907688141,0,0,78,67,-1,perm_test,0.004975124378109453,0.04253118504625901,158,67,91,0.0,0.0033929324708878994,0,0.0,0.0,0.0,0.0,0,none,0,1,0,overconfident,0.95,0,mild_drift,0.9605319026114751,0.0012960950255357026,0.8015619516387464,0.8557030498988127,1768131626.6610477,0.1021033450961113,0.06732361018657684
457,29248,29247,sea_abrupt4,sea,ts_drift_adapt,4,"error_divergence_ph_meta@error.threshold=0.10,error.min_instances=5",error_divergence_ph_meta,"{""divergence"": {""alpha"": 0.1, ""delta"": 0.005, ""min_instances"": 30, ""threshold"": 0.05}, ""error_rate"": {""alpha"": 0.15, ""delta"": 0.005, ""min_instances"": 5, ""threshold"": 0.1}}","{""error_rate"": {""min_instances"": 5, ""threshold"": 0.1}}",0.1,0.005,0.15,5,0.05,0.005,0.1,30,,,,-1,two_stage,2,0.5,"__confirm_cooldown=200,__confirm_rule=perm_test,__perm_alpha=0.02,__perm_delta_k=25,__perm_min_effect=0,__perm_n_perm=200,__perm_post_n=50,__perm_pre_n=200,__perm_rng_seed=0,__perm_stat=delta_fused_score,divergence=0.3,error_rate=0.5,teacher_entropy=0.2",3,0,200,0.0,0,10000,10.0,25.0,200,500,0,0,1.0,0.8544857768052516,0.643013957454568,0.0,0.19746257364749908,0.007981809787452221,0,0,78,67,-1,perm_test,0.004975124378109453,0.04253118504625901,158,67,91,0.0,0.00153303612023592,0,0.0,0.0,0.0,0.0,0,none,0,1,0,overconfident,0.95,0,mild_drift,0.9604159513057375,0.0012980475127678513,0.8007809758193732,0.8553515249494064,1768131626.6714218,0.01179817970842123,0.07100807130336761
458,29312,29311,sea_abrupt4,sea,ts_drift_adapt,4,"error_divergence_ph_meta@error.threshold=0.10,error.min_instances=5",error_divergence_ph_meta,"{""divergence"": {""alpha"": 0.1, ""delta"": 0.005, ""min_instances"": 30, ""threshold"": 0.05}, ""error_rate"": {""alpha"": 0.15, ""delta"": 0.005, ""min_instances"": 5, ""threshold"": 0.1}}","{""error_rate"": {""min_instances"": 5, ""threshold"": 0.1}}",0.1,0.005,0.15,5,0.05,0.005,0.1,30,,,,-1,two_stage,2,0.5,"__confirm_cooldown=200,__confirm_rule=perm_test,__perm_alpha=0.02,__perm_delta_k=25,__perm_min_effect=0,__perm_n_perm=200,__perm_post_n=50,__perm_pre_n=200,__perm_rng_seed=0,__perm_stat=delta_fused_score,divergence=0.3,error_rate=0.5,teacher_entropy=0.2",3,0,200,0.0,0,10000,10.0,25.0,200,500,0,0,1.0,0.8545646834061136,0.6430942211640015,0.0,0.17135754227638245,0.008521226234734058,0,0,78,67,-1,perm_test,0.004975124378109453,0.04253118504625901,158,67,91,0.0,0.0005394164472818375,0,0.0,0.0,0.0,0.0,0,none,0,1,0,overconfident,0.95,0,mild_drift,0.9603579756528687,0.0012990237563839258,0.8003904879096866,0.8551757624747032,1768131626.681934,0.15431009232997894,0.10267225652933121
459,29376,29375,sea_abrupt4,sea,ts_drift_adapt,4,"error_divergence_ph_meta@error.threshold=0.10,error.min_instances=5",error_divergence_ph_meta,"{""divergence"": {""alpha"": 0.1, ""delta"": 0.005, ""min_instances"": 30, ""threshold"": 0.05}, ""error_rate"": {""alpha"": 0.15, ""delta"": 0.005, ""min_instances"": 5, ""threshold"": 0.1}}","{""error_rate"": {""min_instances"": 5, ""threshold"": 0.1}}",0.1,0.005,0.15,5,0.05,0.005,0.1,30,,,,-1,two_stage,2,0.5,"__confirm_cooldown=200,__confirm_rule=perm_test,__perm_alpha=0.02,__perm_delta_k=25,__perm_min_effect=0,__perm_n_perm=200,__perm_post_n=50,__perm_pre_n=200,__perm_rng_seed=0,__perm_stat=delta_fused_score,divergence=0.3,error_rate=0.5,teacher_entropy=0.2",3,0,200,0.0,0,10000,10.0,25.0,200,500,0,0,1.0,0.8546772875816994,0.6432160479772724,0.16666666666666666,0.22533054649829865,0.00993707962334156,1,1,79,68,0,perm_test,0.004975124378109453,0.08063077944916561,159,68,91,0.16666666666666666,0.16666666666666666,1,0.5,0.0,0.0,0.0,0,none,1,1,0,overconfident,0.95,0,severe_drift,0.9256789878264344,0.001649511878191963,0.6501952439548433,0.8325878812373516,1768131626.698643,0.44612088799476624,0.08630668371915817
460,29440,29439,sea_abrupt4,sea,ts_drift_adapt,4,"error_divergence_ph_meta@error.threshold=0.10,error.min_instances=5",error_divergence_ph_meta,"{""divergence"": {""alpha"": 0.1, ""delta"": 0.005, ""min_instances"": 30, ""threshold"": 0.05}, ""error_rate"": {""alpha"": 0.15, ""delta"": 0.005, ""min_instances"": 5, ""threshold"": 0.1}}","{""error_rate"": {""min_instances"": 5, ""threshold"": 0.1}}",0.1,0.005,0.15,5,0.05,0.005,0.1,30,,,,-1,two_stage,2,0.5,"__confirm_cooldown=200,__confirm_rule=perm_test,__perm_alpha=0.02,__perm_delta_k=25,__perm_min_effect=0,__perm_n_perm=200,__perm_post_n=50,__perm_pre_n=200,__perm_rng_seed=0,__perm_stat=delta_fused_score,divergence=0.3,error_rate=0.5,teacher_entropy=0.2",3,0,200,0.0,0,10000,10.0,25.0,200,500,1,136,1.0,0.8548233695652174,0.6434574457618862,0.16666666666666666,0.1744227111339569,0.012261639349162579,0,0,79,68,-1,perm_test,0.004975124378109453,0.08063077944916561,159,68,91,0.0,0.0023245597258210182,0,0.0,0.0,0.0,0.0,0,none,0,1,0,overconfident,0.95,0,mild_drift,0.9429894939132172,0.0014747559390959814,0.7250976219774217,0.8437939406186759,1768131626.7089736,0.18450655043125153,0.11304780840873718
461,29504,29503,sea_abrupt4,sea,ts_drift_adapt,4,"error_divergence_ph_meta@error.threshold=0.10,error.min_instances=5",error_divergence_ph_meta,"{""divergence"": {""alpha"": 0.1, ""delta"": 0.005, ""min_instances"": 30, ""threshold"": 0.05}, ""error_rate"": {""alpha"": 0.15, ""delta"": 0.005, ""min_instances"": 5, ""threshold"": 0.1}}","{""error_rate"": {""min_instances"": 5, ""threshold"": 0.1}}",0.1,0.005,0.15,5,0.05,0.005,0.1,30,,,,-1,two_stage,2,0.5,"__confirm_cooldown=200,__confirm_rule=perm_test,__perm_alpha=0.02,__perm_delta_k=25,__perm_min_effect=0,__perm_n_perm=200,__perm_post_n=50,__perm_pre_n=200,__perm_rng_seed=0,__perm_stat=delta_fused_score,divergence=0.3,error_rate=0.5,teacher_entropy=0.2",3,0,200,0.0,0,10000,10.0,25.0,200,500,1,72,1.0,0.8550704989154013,0.6440054531212098,0.0,0.17249801754951477,0.011711250059306622,0,0,79,68,-1,perm_test,0.004975124378109453,0.08063077944916561,159,68,91,0.0,0.16666666666666666,0,0.0,0.0,0.0,0.0,0,none,0,1,0,overconfident,0.95,0,mild_drift,0.9516447469566085,0.001387377969547991,0.7625488109887109,0.8493969703093379,1768131626.7189462,0.0070690191350877285,0.10495142638683319
462,29568,29567,sea_abrupt4,sea,ts_drift_adapt,4,"error_divergence_ph_meta@error.threshold=0.10,error.min_instances=5",error_divergence_ph_meta,"{""divergence"": {""alpha"": 0.1, ""delta"": 0.005, ""min_instances"": 30, ""threshold"": 0.05}, ""error_rate"": {""alpha"": 0.15, ""delta"": 0.005, ""min_instances"": 5, ""threshold"": 0.1}}","{""error_rate"": {""min_instances"": 5, ""threshold"": 0.1}}",0.1,0.005,0.15,5,0.05,0.005,0.1,30,,,,-1,two_stage,2,0.5,"__confirm_cooldown=200,__confirm_rule=perm_test,__perm_alpha=0.02,__perm_delta_k=25,__perm_min_effect=0,__perm_n_perm=200,__perm_post_n=50,__perm_pre_n=200,__perm_rng_seed=0,__perm_stat=delta_fused_score,divergence=0.3,error_rate=0.5,teacher_entropy=0.2",3,0,200,0.0,0,10000,10.0,25.0,200,500,1,8,1.0,0.8552489177489178,0.6442861203226335,0.0,0.1825210601091385,0.010787831619381905,0,0,79,68,-1,perm_test,0.004975124378109453,0.08063077944916561,159,68,91,0.0,0.000923418439924717,0,0.0,0.0,0.0,0.0,0,none,0,1,0,overconfident,0.95,0,mild_drift,0.9559723734783042,0.0013436889847739954,0.7812744054943555,0.8521984851546689,1768131626.7290266,0.03251725807785988,0.10696280002593994
463,29632,29631,sea_abrupt4,sea,ts_drift_adapt,4,"error_divergence_ph_meta@error.threshold=0.10,error.min_instances=5",error_divergence_ph_meta,"{""divergence"": {""alpha"": 0.1, ""delta"": 0.005, ""min_instances"": 30, ""threshold"": 0.05}, ""error_rate"": {""alpha"": 0.15, ""delta"": 0.005, ""min_instances"": 5, ""threshold"": 0.1}}","{""error_rate"": {""min_instances"": 5, ""threshold"": 0.1}}",0.1,0.005,0.15,5,0.05,0.005,0.1,30,,,,-1,two_stage,2,0.5,"__confirm_cooldown=200,__confirm_rule=perm_test,__perm_alpha=0.02,__perm_delta_k=25,__perm_min_effect=0,__perm_n_perm=200,__perm_post_n=50,__perm_pre_n=200,__perm_rng_seed=0,__perm_stat=delta_fused_score,divergence=0.3,error_rate=0.5,teacher_entropy=0.2",3,0,200,0.0,0,10000,10.0,25.0,200,500,0,0,1.0,0.855392818574514,0.6446016982252901,0.16666666666666666,0.19038791954517365,0.005385696422308683,0,0,79,68,-1,perm_test,0.004975124378109453,0.08063077944916561,159,68,91,0.0,0.16666666666666666,0,0.0,0.0,0.0,0.0,0,none,0,1,0,overconfident,0.95,0,mild_drift,0.958136186739152,0.001321844492386998,0.7906372027471777,0.8535992425773344,1768131626.7394023,0.16739563643932343,0.06329413503408432
464,29696,29695,sea_abrupt4,sea,ts_drift_adapt,4,"error_divergence_ph_meta@error.threshold=0.10,error.min_instances=5",error_divergence_ph_meta,"{""divergence"": {""alpha"": 0.1, ""delta"": 0.005, ""min_instances"": 30, ""threshold"": 0.05}, ""error_rate"": {""alpha"": 0.15, ""delta"": 0.005, ""min_instances"": 5, ""threshold"": 0.1}}","{""error_rate"": {""min_instances"": 5, ""threshold"": 0.1}}",0.1,0.005,0.15,5,0.05,0.005,0.1,30,,,,-1,two_stage,2,0.5,"__confirm_cooldown=200,__confirm_rule=perm_test,__perm_alpha=0.02,__perm_delta_k=25,__perm_min_effect=0,__perm_n_perm=200,__perm_post_n=50,__perm_pre_n=200,__perm_rng_seed=0,__perm_stat=delta_fused_score,divergence=0.3,error_rate=0.5,teacher_entropy=0.2",3,0,200,0.0,0,10000,10.0,25.0,200,500,0,0,1.0,0.8554350754310345,0.6447155000733673,0.16666666666666666,0.21800929307937622,0.006371741648763418,1,1,80,69,0,perm_test,0.004975124378109453,0.01713465291438526,160,69,91,0.0,0.0009860452264547348,1,0.5,0.0,0.0,0.0,0,none,1,1,0,overconfident,0.95,0,stable,0.974068093369576,0.001060922246193499,0.8953186013735889,0.8992996212886673,1768131626.755288,0.17064543068408966,0.06085386872291565
465,29760,29759,sea_abrupt4,sea,ts_drift_adapt,4,"error_divergence_ph_meta@error.threshold=0.10,error.min_instances=5",error_divergence_ph_meta,"{""divergence"": {""alpha"": 0.1, ""delta"": 0.005, ""min_instances"": 30, ""threshold"": 0.05}, ""error_rate"": {""alpha"": 0.15, ""delta"": 0.005, ""min_instances"": 5, ""threshold"": 0.1}}","{""error_rate"": {""min_instances"": 5, ""threshold"": 0.1}}",0.1,0.005,0.15,5,0.05,0.005,0.1,30,,,,-1,two_stage,2,0.5,"__confirm_cooldown=200,__confirm_rule=perm_test,__perm_alpha=0.02,__perm_delta_k=25,__perm_min_effect=0,__perm_n_perm=200,__perm_post_n=50,__perm_pre_n=200,__perm_rng_seed=0,__perm_stat=delta_fused_score,divergence=0.3,error_rate=0.5,teacher_entropy=0.2",3,0,200,0.0,0,10000,10.0,25.0,200,500,1,136,1.0,0.8556115591397849,0.6451171944205336,0.0,0.17197255790233612,0.007126969285309315,0,0,80,69,-1,perm_test,0.004975124378109453,0.01713465291438526,160,69,91,0.0,0.16666666666666666,0,0.0,0.0,0.0,0.0,0,none,0,1,0,overconfident,0.95,0,mild_drift,0.967184046684788,0.0011804611230967496,0.8476593006867945,0.8771498106443336,1768131626.7661474,0.07542163878679276,0.07468213140964508
466,29824,29823,sea_abrupt4,sea,ts_drift_adapt,4,"error_divergence_ph_meta@error.threshold=0.10,error.min_instances=5",error_divergence_ph_meta,"{""divergence"": {""alpha"": 0.1, ""delta"": 0.005, ""min_instances"": 30, ""threshold"": 0.05}, ""error_rate"": {""alpha"": 0.15, ""delta"": 0.005, ""min_instances"": 5, ""threshold"": 0.1}}","{""error_rate"": {""min_instances"": 5, ""threshold"": 0.1}}",0.1,0.005,0.15,5,0.05,0.005,0.1,30,,,,-1,two_stage,2,0.5,"__confirm_cooldown=200,__confirm_rule=perm_test,__perm_alpha=0.02,__perm_delta_k=25,__perm_min_effect=0,__perm_n_perm=200,__perm_post_n=50,__perm_pre_n=200,__perm_rng_seed=0,__perm_stat=delta_fused_score,divergence=0.3,error_rate=0.5,teacher_entropy=0.2",3,0,200,0.0,0,10000,10.0,25.0,200,500,1,72,1.0,0.8557872854077253,0.6453116873876406,0.0,0.19455555081367493,0.017571475356817245,0,0,80,69,-1,perm_test,0.004975124378109453,0.01713465291438526,160,69,91,0.0,0.01044450607150793,0,0.0,0.0,0.0,0.0,0,none,0,1,0,overconfident,0.95,0,mild_drift,0.9637420233423939,0.0012402305615483748,0.8238296503433973,0.8660749053221668,1768131626.7787457,0.02584157884120941,0.18916551768779755
467,29888,29887,sea_abrupt4,sea,ts_drift_adapt,4,"error_divergence_ph_meta@error.threshold=0.10,error.min_instances=5",error_divergence_ph_meta,"{""divergence"": {""alpha"": 0.1, ""delta"": 0.005, ""min_instances"": 30, ""threshold"": 0.05}, ""error_rate"": {""alpha"": 0.15, ""delta"": 0.005, ""min_instances"": 5, ""threshold"": 0.1}}","{""error_rate"": {""min_instances"": 5, ""threshold"": 0.1}}",0.1,0.005,0.15,5,0.05,0.005,0.1,30,,,,-1,two_stage,2,0.5,"__confirm_cooldown=200,__confirm_rule=perm_test,__perm_alpha=0.02,__perm_delta_k=25,__perm_min_effect=0,__perm_n_perm=200,__perm_post_n=50,__perm_pre_n=200,__perm_rng_seed=0,__perm_stat=delta_fused_score,divergence=0.3,error_rate=0.5,teacher_entropy=0.2",3,0,200,0.0,0,10000,10.0,25.0,200,500,1,8,1.0,0.8560626338329764,0.6457371342496051,0.0,0.19211095571517944,0.007555061019957066,0,0,80,69,-1,perm_test,0.004975124378109453,0.01713465291438526,160,69,91,0.0,0.01001641433686018,0,0.0,0.0,0.0,0.0,0,none,0,1,0,overconfident,0.95,0,mild_drift,0.9620210116711969,0.0012701152807741874,0.8119148251716987,0.8605374526610834,1768131626.7915244,0.010967041365802288,0.07774224877357483
468,29952,29951,sea_abrupt4,sea,ts_drift_adapt,4,"error_divergence_ph_meta@error.threshold=0.10,error.min_instances=5",error_divergence_ph_meta,"{""divergence"": {""alpha"": 0.1, ""delta"": 0.005, ""min_instances"": 30, ""threshold"": 0.05}, ""error_rate"": {""alpha"": 0.15, ""delta"": 0.005, ""min_instances"": 5, ""threshold"": 0.1}}","{""error_rate"": {""min_instances"": 5, ""threshold"": 0.1}}",0.1,0.005,0.15,5,0.05,0.005,0.1,30,,,,-1,two_stage,2,0.5,"__confirm_cooldown=200,__confirm_rule=perm_test,__perm_alpha=0.02,__perm_delta_k=25,__perm_min_effect=0,__perm_n_perm=200,__perm_post_n=50,__perm_pre_n=200,__perm_rng_seed=0,__perm_stat=delta_fused_score,divergence=0.3,error_rate=0.5,teacher_entropy=0.2",3,0,200,0.0,0,10000,10.0,25.0,200,500,0,0,1.0,0.856270032051282,0.6461504904318611,0.0,0.20116770267486572,0.01076633483171463,0,0,80,69,-1,perm_test,0.004975124378109453,0.01713465291438526,160,69,91,0.0,0.0032112738117575645,0,0.0,0.0,0.0,0.0,0,none,0,1,0,overconfident,0.95,0,mild_drift,0.9611605058355984,0.0012850576403870937,0.8059574125858493,0.8577687263305417,1768131626.804991,0.09933478385210037,0.10553192347288132
469,30016,30015,sea_abrupt4,sea,ts_drift_adapt,4,"error_divergence_ph_meta@error.threshold=0.10,error.min_instances=5",error_divergence_ph_meta,"{""divergence"": {""alpha"": 0.1, ""delta"": 0.005, ""min_instances"": 30, ""threshold"": 0.05}, ""error_rate"": {""alpha"": 0.15, ""delta"": 0.005, ""min_instances"": 5, ""threshold"": 0.1}}","{""error_rate"": {""min_instances"": 5, ""threshold"": 0.1}}",0.1,0.005,0.15,5,0.05,0.005,0.1,30,,,,-1,two_stage,2,0.5,"__confirm_cooldown=200,__confirm_rule=perm_test,__perm_alpha=0.02,__perm_delta_k=25,__perm_min_effect=0,__perm_n_perm=200,__perm_post_n=50,__perm_pre_n=200,__perm_rng_seed=0,__perm_stat=delta_fused_score,divergence=0.3,error_rate=0.5,teacher_entropy=0.2",3,0,200,0.0,0,10000,10.0,25.0,200,500,0,0,1.0,0.8563765991471215,0.6462591925224266,0.16666666666666666,0.16494466364383698,0.01291370578110218,1,1,81,70,0,perm_test,0.004975124378109453,0.06290632266234626,161,70,91,0.0,0.16666666666666666,1,0.5,0.0,0.0,0.0,0,none,1,1,0,overconfident,0.95,0,stable,0.9755802529177993,0.0010425288201935468,0.9029787062929246,0.9013843631652709,1768131626.8213112,0.27761179208755493,0.11161783337593079
470,30080,30079,sea_abrupt4,sea,ts_drift_adapt,4,"error_divergence_ph_meta@error.threshold=0.10,error.min_instances=5",error_divergence_ph_meta,"{""divergence"": {""alpha"": 0.1, ""delta"": 0.005, ""min_instances"": 30, ""threshold"": 0.05}, ""error_rate"": {""alpha"": 0.15, ""delta"": 0.005, ""min_instances"": 5, ""threshold"": 0.1}}","{""error_rate"": {""min_instances"": 5, ""threshold"": 0.1}}",0.1,0.005,0.15,5,0.05,0.005,0.1,30,,,,-1,two_stage,2,0.5,"__confirm_cooldown=200,__confirm_rule=perm_test,__perm_alpha=0.02,__perm_delta_k=25,__perm_min_effect=0,__perm_n_perm=200,__perm_post_n=50,__perm_pre_n=200,__perm_rng_seed=0,__perm_stat=delta_fused_score,divergence=0.3,error_rate=0.5,teacher_entropy=0.2",3,0,200,0.0,0,10000,10.0,25.0,200,500,1,136,1.0,0.8560505319148937,0.645810853144906,0.6666666666666666,0.2418965995311737,0.01785561814904213,0,0,81,70,-1,perm_test,0.004975124378109453,0.06290632266234626,161,70,91,0.0,0.5,0,0.0,0.0,0.0,0.0,0,none,0,1,0,overconfident,0.95,0,mild_drift,0.9679401264588996,0.0011712644100967734,0.8514893531464623,0.8781921815826355,1768131626.8315535,1.768725037574768,0.11174331605434418
471,30144,30143,sea_abrupt4,sea,ts_drift_adapt,4,"error_divergence_ph_meta@error.threshold=0.10,error.min_instances=5",error_divergence_ph_meta,"{""divergence"": {""alpha"": 0.1, ""delta"": 0.005, ""min_instances"": 30, ""threshold"": 0.05}, ""error_rate"": {""alpha"": 0.15, ""delta"": 0.005, ""min_instances"": 5, ""threshold"": 0.1}}","{""error_rate"": {""min_instances"": 5, ""threshold"": 0.1}}",0.1,0.005,0.15,5,0.05,0.005,0.1,30,,,,-1,two_stage,2,0.5,"__confirm_cooldown=200,__confirm_rule=perm_test,__perm_alpha=0.02,__perm_delta_k=25,__perm_min_effect=0,__perm_n_perm=200,__perm_post_n=50,__perm_pre_n=200,__perm_rng_seed=0,__perm_stat=delta_fused_score,divergence=0.3,error_rate=0.5,teacher_entropy=0.2",3,0,200,0.0,0,10000,10.0,25.0,200,500,1,72,1.0,0.8558585456475584,0.6454019279985254,0.16666666666666666,0.1537339985370636,0.005069621838629246,0,0,81,70,-1,perm_test,0.004975124378109453,0.06290632266234626,161,70,91,0.0,0.5,0,0.0,0.0,0.0,0.0,0,none,0,1,0,overconfident,0.95,0,mild_drift,0.9641200632294498,0.0012356322050483867,0.8257446765732313,0.8665960907913177,1768131626.8414247,0.3340074121952057,0.055356189608573914
472,30208,30207,sea_abrupt4,sea,ts_drift_adapt,4,"error_divergence_ph_meta@error.threshold=0.10,error.min_instances=5",error_divergence_ph_meta,"{""divergence"": {""alpha"": 0.1, ""delta"": 0.005, ""min_instances"": 30, ""threshold"": 0.05}, ""error_rate"": {""alpha"": 0.15, ""delta"": 0.005, ""min_instances"": 5, ""threshold"": 0.1}}","{""error_rate"": {""min_instances"": 5, ""threshold"": 0.1}}",0.1,0.005,0.15,5,0.05,0.005,0.1,30,,,,-1,two_stage,2,0.5,"__confirm_cooldown=200,__confirm_rule=perm_test,__perm_alpha=0.02,__perm_delta_k=25,__perm_min_effect=0,__perm_n_perm=200,__perm_post_n=50,__perm_pre_n=200,__perm_rng_seed=0,__perm_stat=delta_fused_score,divergence=0.3,error_rate=0.5,teacher_entropy=0.2",3,0,200,0.0,0,10000,10.0,25.0,200,500,1,8,1.0,0.8557335805084746,0.6452039177676102,0.0,0.2024097889661789,0.022629480808973312,0,0,81,70,-1,perm_test,0.004975124378109453,0.06290632266234626,161,70,91,0.0,0.16666666666666666,0,0.0,0.0,0.0,0.0,0,none,0,1,0,overconfident,0.95,0,mild_drift,0.9622100316147248,0.0012678161025241933,0.8128723382866156,0.8607980453956589,1768131626.8513637,0.028342830017209053,0.20013156533241272
473,30272,30271,sea_abrupt4,sea,ts_drift_adapt,4,"error_divergence_ph_meta@error.threshold=0.10,error.min_instances=5",error_divergence_ph_meta,"{""divergence"": {""alpha"": 0.1, ""delta"": 0.005, ""min_instances"": 30, ""threshold"": 0.05}, ""error_rate"": {""alpha"": 0.15, ""delta"": 0.005, ""min_instances"": 5, ""threshold"": 0.1}}","{""error_rate"": {""min_instances"": 5, ""threshold"": 0.1}}",0.1,0.005,0.15,5,0.05,0.005,0.1,30,,,,-1,two_stage,2,0.5,"__confirm_cooldown=200,__confirm_rule=perm_test,__perm_alpha=0.02,__perm_delta_k=25,__perm_min_effect=0,__perm_n_perm=200,__perm_post_n=50,__perm_pre_n=200,__perm_rng_seed=0,__perm_stat=delta_fused_score,divergence=0.3,error_rate=0.5,teacher_entropy=0.2",3,0,200,0.0,0,10000,10.0,25.0,200,500,0,0,1.0,0.8559064482029598,0.6456786745072709,0.0,0.1748364269733429,0.01839534007012844,0,0,81,70,-1,perm_test,0.004975124378109453,0.06290632266234626,161,70,91,0.0,0.0042341407388448715,0,0.0,0.0,0.0,0.0,0,none,0,1,0,overconfident,0.95,0,mild_drift,0.9612550158073624,0.0012839080512620968,0.8064361691433078,0.8578990226978294,1768131626.86182,0.09175526350736618,0.16754719614982605
474,30336,30335,sea_abrupt4,sea,ts_drift_adapt,4,"error_divergence_ph_meta@error.threshold=0.10,error.min_instances=5",error_divergence_ph_meta,"{""divergence"": {""alpha"": 0.1, ""delta"": 0.005, ""min_instances"": 30, ""threshold"": 0.05}, ""error_rate"": {""alpha"": 0.15, ""delta"": 0.005, ""min_instances"": 5, ""threshold"": 0.1}}","{""error_rate"": {""min_instances"": 5, ""threshold"": 0.1}}",0.1,0.005,0.15,5,0.05,0.005,0.1,30,,,,-1,two_stage,2,0.5,"__confirm_cooldown=200,__confirm_rule=perm_test,__perm_alpha=0.02,__perm_delta_k=25,__perm_min_effect=0,__perm_n_perm=200,__perm_post_n=50,__perm_pre_n=200,__perm_rng_seed=0,__perm_stat=delta_fused_score,divergence=0.3,error_rate=0.5,teacher_entropy=0.2",3,0,200,0.0,0,10000,10.0,25.0,200,500,0,0,1.0,0.8558808016877637,0.6457043220538476,0.0,0.16256679594516754,0.020057355985045433,1,1,82,71,0,perm_test,0.004975124378109453,0.1084755343868485,162,71,91,0.16666666666666666,0.0016620159149169922,1,0.5,0.0,0.0,0.0,0,none,1,1,0,overconfident,0.95,0,severe_drift,0.9261275079036813,0.0016419540256310484,0.653218084571654,0.8339495113489147,1768131626.8779464,0.04334309697151184,0.20880460739135742
475,30400,30399,sea_abrupt4,sea,ts_drift_adapt,4,"error_divergence_ph_meta@error.threshold=0.10,error.min_instances=5",error_divergence_ph_meta,"{""divergence"": {""alpha"": 0.1, ""delta"": 0.005, ""min_instances"": 30, ""threshold"": 0.05}, ""error_rate"": {""alpha"": 0.15, ""delta"": 0.005, ""min_instances"": 5, ""threshold"": 0.1}}","{""error_rate"": {""min_instances"": 5, ""threshold"": 0.1}}",0.1,0.005,0.15,5,0.05,0.005,0.1,30,,,,-1,two_stage,2,0.5,"__confirm_cooldown=200,__confirm_rule=perm_test,__perm_alpha=0.02,__perm_delta_k=25,__perm_min_effect=0,__perm_n_perm=200,__perm_post_n=50,__perm_pre_n=200,__perm_rng_seed=0,__perm_stat=delta_fused_score,divergence=0.3,error_rate=0.5,teacher_entropy=0.2",3,0,200,0.0,0,10000,10.0,25.0,200,500,1,136,1.0,0.8558881578947368,0.6458963417151563,0.3333333333333333,0.17008794844150543,0.01338735781610012,0,0,82,71,-1,perm_test,0.004975124378109453,0.1084755343868485,162,71,91,0.0,0.3333333333333333,0,0.0,0.0,0.0,0.0,0,none,0,1,0,overconfident,0.95,0,mild_drift,0.9432137539518406,0.0014709770128155243,0.726609042285827,0.8444747556744574,1768131626.88771,0.3709479868412018,0.1300981193780899
476,30464,30463,sea_abrupt4,sea,ts_drift_adapt,4,"error_divergence_ph_meta@error.threshold=0.10,error.min_instances=5",error_divergence_ph_meta,"{""divergence"": {""alpha"": 0.1, ""delta"": 0.005, ""min_instances"": 30, ""threshold"": 0.05}, ""error_rate"": {""alpha"": 0.15, ""delta"": 0.005, ""min_instances"": 5, ""threshold"": 0.1}}","{""error_rate"": {""min_instances"": 5, ""threshold"": 0.1}}",0.1,0.005,0.15,5,0.05,0.005,0.1,30,,,,-1,two_stage,2,0.5,"__confirm_cooldown=200,__confirm_rule=perm_test,__perm_alpha=0.02,__perm_delta_k=25,__perm_min_effect=0,__perm_n_perm=200,__perm_post_n=50,__perm_pre_n=200,__perm_rng_seed=0,__perm_stat=delta_fused_score,divergence=0.3,error_rate=0.5,teacher_entropy=0.2",3,0,200,0.0,0,10000,10.0,25.0,200,500,1,72,1.0,0.8558954831932774,0.6461872770084575,0.16666666666666666,0.2149125337600708,0.03950078785419464,0,0,82,71,-1,perm_test,0.004975124378109453,0.1084755343868485,162,71,91,0.0,0.16666666666666666,0,0.0,0.0,0.0,0.0,0,none,0,1,0,overconfident,0.95,0,mild_drift,0.9517568769759203,0.0013854885064077623,0.7633045211429135,0.8497373778372287,1768131626.8975353,0.3836459219455719,0.36561188101768494
477,30528,30527,sea_abrupt4,sea,ts_drift_adapt,4,"error_divergence_ph_meta@error.threshold=0.10,error.min_instances=5",error_divergence_ph_meta,"{""divergence"": {""alpha"": 0.1, ""delta"": 0.005, ""min_instances"": 30, ""threshold"": 0.05}, ""error_rate"": {""alpha"": 0.15, ""delta"": 0.005, ""min_instances"": 5, ""threshold"": 0.1}}","{""error_rate"": {""min_instances"": 5, ""threshold"": 0.1}}",0.1,0.005,0.15,5,0.05,0.005,0.1,30,,,,-1,two_stage,2,0.5,"__confirm_cooldown=200,__confirm_rule=perm_test,__perm_alpha=0.02,__perm_delta_k=25,__perm_min_effect=0,__perm_n_perm=200,__perm_post_n=50,__perm_pre_n=200,__perm_rng_seed=0,__perm_stat=delta_fused_score,divergence=0.3,error_rate=0.5,teacher_entropy=0.2",3,0,200,0.0,0,10000,10.0,25.0,200,500,1,8,1.0,0.8561648322851153,0.647025935386308,0.16666666666666666,0.1873316466808319,0.028719859197735786,0,0,82,71,-1,perm_test,0.004975124378109453,0.1084755343868485,162,71,91,0.0,0.010780928656458855,0,0.0,0.0,0.0,0.0,0,none,0,1,0,overconfident,0.95,0,mild_drift,0.95602843848796,0.0013427442532038814,0.7816522605714568,0.8523686889186144,1768131626.9073832,0.2807571589946747,0.19724994897842407
478,30592,30591,sea_abrupt4,sea,ts_drift_adapt,4,"error_divergence_ph_meta@error.threshold=0.10,error.min_instances=5",error_divergence_ph_meta,"{""divergence"": {""alpha"": 0.1, ""delta"": 0.005, ""min_instances"": 30, ""threshold"": 0.05}, ""error_rate"": {""alpha"": 0.15, ""delta"": 0.005, ""min_instances"": 5, ""threshold"": 0.1}}","{""error_rate"": {""min_instances"": 5, ""threshold"": 0.1}}",0.1,0.005,0.15,5,0.05,0.005,0.1,30,,,,-1,two_stage,2,0.5,"__confirm_cooldown=200,__confirm_rule=perm_test,__perm_alpha=0.02,__perm_delta_k=25,__perm_min_effect=0,__perm_n_perm=200,__perm_post_n=50,__perm_pre_n=200,__perm_rng_seed=0,__perm_stat=delta_fused_score,divergence=0.3,error_rate=0.5,teacher_entropy=0.2",3,0,200,0.0,0,10000,10.0,25.0,200,500,0,0,1.0,0.856334989539749,0.6476141020406063,0.0,0.18388912081718445,0.03626321256160736,0,0,82,71,-1,perm_test,0.004975124378109453,0.1084755343868485,162,71,91,0.0,0.16666666666666666,0,0.0,0.0,0.0,0.0,0,none,0,1,0,overconfident,0.95,0,mild_drift,0.95816421924398,0.0013213721266019406,0.7908261302857285,0.8536843444593072,1768131626.9176488,0.09286672621965408,0.3140977919101715
479,30656,30655,sea_abrupt4,sea,ts_drift_adapt,4,"error_divergence_ph_meta@error.threshold=0.10,error.min_instances=5",error_divergence_ph_meta,"{""divergence"": {""alpha"": 0.1, ""delta"": 0.005, ""min_instances"": 30, ""threshold"": 0.05}, ""error_rate"": {""alpha"": 0.15, ""delta"": 0.005, ""min_instances"": 5, ""threshold"": 0.1}}","{""error_rate"": {""min_instances"": 5, ""threshold"": 0.1}}",0.1,0.005,0.15,5,0.05,0.005,0.1,30,,,,-1,two_stage,2,0.5,"__confirm_cooldown=200,__confirm_rule=perm_test,__perm_alpha=0.02,__perm_delta_k=25,__perm_min_effect=0,__perm_n_perm=200,__perm_post_n=50,__perm_pre_n=200,__perm_rng_seed=0,__perm_stat=delta_fused_score,divergence=0.3,error_rate=0.5,teacher_entropy=0.2",3,0,200,0.0,0,10000,10.0,25.0,200,500,0,0,1.0,0.8564391962421712,0.6479899133185731,0.16666666666666666,0.26321864128112793,0.05284940078854561,1,1,83,72,0,perm_test,0.004975124378109453,0.09872718862413933,163,72,91,0.16666666666666666,0.16666666666666666,2,0.8,0.0,0.0,0.0,0,none,1,1,0,overconfident,0.95,0,severe_drift,0.92458210962199,0.0016606860633009703,0.6454130651428642,0.8318421722296536,1768131626.9334247,0.21189303696155548,0.4327870309352875
480,30720,30719,sea_abrupt4,sea,ts_drift_adapt,4,"error_divergence_ph_meta@error.threshold=0.10,error.min_instances=5",error_divergence_ph_meta,"{""divergence"": {""alpha"": 0.1, ""delta"": 0.005, ""min_instances"": 30, ""threshold"": 0.05}, ""error_rate"": {""alpha"": 0.15, ""delta"": 0.005, ""min_instances"": 5, ""threshold"": 0.1}}","{""error_rate"": {""min_instances"": 5, ""threshold"": 0.1}}",0.1,0.005,0.15,5,0.05,0.005,0.1,30,,,,-1,two_stage,2,0.5,"__confirm_cooldown=200,__confirm_rule=perm_test,__perm_alpha=0.02,__perm_delta_k=25,__perm_min_effect=0,__perm_n_perm=200,__perm_post_n=50,__perm_pre_n=200,__perm_rng_seed=0,__perm_stat=delta_fused_score,divergence=0.3,error_rate=0.5,teacher_entropy=0.2",3,0,200,0.0,0,10000,10.0,25.0,200,500,1,136,1.0,0.85634765625,0.6479877766886313,0.0,0.19707617163658142,0.04222346097230911,0,0,83,72,-1,perm_test,0.004975124378109453,0.09872718862413933,163,72,91,0.0,0.16666666666666666,0,0.0,0.0,0.0,0.0,0,none,0,1,0,overconfident,0.95,0,mild_drift,0.9424410548109949,0.0014803430316504853,0.7227065325714321,0.8434210861148268,1768131626.9434345,0.1784326583147049,0.3918136954307556
481,30784,30783,sea_abrupt4,sea,ts_drift_adapt,4,"error_divergence_ph_meta@error.threshold=0.10,error.min_instances=5",error_divergence_ph_meta,"{""divergence"": {""alpha"": 0.1, ""delta"": 0.005, ""min_instances"": 30, ""threshold"": 0.05}, ""error_rate"": {""alpha"": 0.15, ""delta"": 0.005, ""min_instances"": 5, ""threshold"": 0.1}}","{""error_rate"": {""min_instances"": 5, ""threshold"": 0.1}}",0.1,0.005,0.15,5,0.05,0.005,0.1,30,,,,-1,two_stage,2,0.5,"__confirm_cooldown=200,__confirm_rule=perm_test,__perm_alpha=0.02,__perm_delta_k=25,__perm_min_effect=0,__perm_n_perm=200,__perm_post_n=50,__perm_pre_n=200,__perm_rng_seed=0,__perm_stat=delta_fused_score,divergence=0.3,error_rate=0.5,teacher_entropy=0.2",3,0,200,0.0,0,10000,10.0,25.0,200,500,1,72,1.0,0.856418918918919,0.6483975987071872,0.3333333333333333,0.2148275226354599,0.02364533394575119,0,0,83,72,-1,perm_test,0.004975124378109453,0.09872718862413933,163,72,91,0.0,0.3333333333333333,0,0.0,0.0,0.0,0.0,0,none,0,1,0,overconfident,0.95,0,mild_drift,0.9513705274054974,0.0013901715158252427,0.7613532662857161,0.8492105430574134,1768131626.953373,0.5585648417472839,0.19828730821609497
482,30848,30847,sea_abrupt4,sea,ts_drift_adapt,4,"error_divergence_ph_meta@error.threshold=0.10,error.min_instances=5",error_divergence_ph_meta,"{""divergence"": {""alpha"": 0.1, ""delta"": 0.005, ""min_instances"": 30, ""threshold"": 0.05}, ""error_rate"": {""alpha"": 0.15, ""delta"": 0.005, ""min_instances"": 5, ""threshold"": 0.1}}","{""error_rate"": {""min_instances"": 5, ""threshold"": 0.1}}",0.1,0.005,0.15,5,0.05,0.005,0.1,30,,,,-1,two_stage,2,0.5,"__confirm_cooldown=200,__confirm_rule=perm_test,__perm_alpha=0.02,__perm_delta_k=25,__perm_min_effect=0,__perm_n_perm=200,__perm_post_n=50,__perm_pre_n=200,__perm_rng_seed=0,__perm_stat=delta_fused_score,divergence=0.3,error_rate=0.5,teacher_entropy=0.2",3,0,200,0.0,0,10000,10.0,25.0,200,500,1,8,1.0,0.85642505186722,0.6485733712609016,0.16666666666666666,0.2479993999004364,0.024217963218688965,0,0,83,72,-1,perm_test,0.004975124378109453,0.09872718862413933,163,72,91,0.0,0.16666666666666666,0,0.0,0.0,0.0,0.0,0,none,0,1,0,overconfident,0.95,0,mild_drift,0.9558352637027487,0.0013450857579126213,0.7806766331428581,0.8521052715287067,1768131626.9631634,0.19464810192584991,0.21846061944961548
483,30912,30911,sea_abrupt4,sea,ts_drift_adapt,4,"error_divergence_ph_meta@error.threshold=0.10,error.min_instances=5",error_divergence_ph_meta,"{""divergence"": {""alpha"": 0.1, ""delta"": 0.005, ""min_instances"": 30, ""threshold"": 0.05}, ""error_rate"": {""alpha"": 0.15, ""delta"": 0.005, ""min_instances"": 5, ""threshold"": 0.1}}","{""error_rate"": {""min_instances"": 5, ""threshold"": 0.1}}",0.1,0.005,0.15,5,0.05,0.005,0.1,30,,,,-1,two_stage,2,0.5,"__confirm_cooldown=200,__confirm_rule=perm_test,__perm_alpha=0.02,__perm_delta_k=25,__perm_min_effect=0,__perm_n_perm=200,__perm_post_n=50,__perm_pre_n=200,__perm_rng_seed=0,__perm_stat=delta_fused_score,divergence=0.3,error_rate=0.5,teacher_entropy=0.2",3,0,200,0.0,0,10000,10.0,25.0,200,500,0,0,1.0,0.8565605590062112,0.6491567543063558,0.3333333333333333,0.23479844629764557,0.015040277503430843,0,0,83,72,-1,perm_test,0.004975124378109453,0.09872718862413933,163,72,91,0.0,0.16666666666666666,0,0.0,0.0,0.0,0.0,0,none,0,1,0,overconfident,0.95,0,mild_drift,0.9580676318513743,0.0013225428789563108,0.7903383165714291,0.8535526357643534,1768131626.9734032,0.7507964968681335,0.14636734127998352
484,30976,30975,sea_abrupt4,sea,ts_drift_adapt,4,"error_divergence_ph_meta@error.threshold=0.10,error.min_instances=5",error_divergence_ph_meta,"{""divergence"": {""alpha"": 0.1, ""delta"": 0.005, ""min_instances"": 30, ""threshold"": 0.05}, ""error_rate"": {""alpha"": 0.15, ""delta"": 0.005, ""min_instances"": 5, ""threshold"": 0.1}}","{""error_rate"": {""min_instances"": 5, ""threshold"": 0.1}}",0.1,0.005,0.15,5,0.05,0.005,0.1,30,,,,-1,two_stage,2,0.5,"__confirm_cooldown=200,__confirm_rule=perm_test,__perm_alpha=0.02,__perm_delta_k=25,__perm_min_effect=0,__perm_n_perm=200,__perm_post_n=50,__perm_pre_n=200,__perm_rng_seed=0,__perm_stat=delta_fused_score,divergence=0.3,error_rate=0.5,teacher_entropy=0.2",3,0,200,0.0,0,10000,10.0,25.0,200,500,0,0,1.0,0.8564695247933884,0.6492841384609871,0.16666666666666666,0.23064401745796204,0.015445495024323463,0,1,84,72,-1,perm_test,1.0,-0.10749747579185406,164,72,92,0.0,0.16666666666666666,1,0.5,0.0,0.0,0.0,0,none,0,1,0,overconfident,0.95,0,mild_drift,0.9591838159256871,0.0013112714394781554,0.7951691582857146,0.8542763178821766,1768131626.9840298,0.45685577392578125,0.13110144436359406
485,31040,31039,sea_abrupt4,sea,ts_drift_adapt,4,"error_divergence_ph_meta@error.threshold=0.10,error.min_instances=5",error_divergence_ph_meta,"{""divergence"": {""alpha"": 0.1, ""delta"": 0.005, ""min_instances"": 30, ""threshold"": 0.05}, ""error_rate"": {""alpha"": 0.15, ""delta"": 0.005, ""min_instances"": 5, ""threshold"": 0.1}}","{""error_rate"": {""min_instances"": 5, ""threshold"": 0.1}}",0.1,0.005,0.15,5,0.05,0.005,0.1,30,,,,-1,two_stage,2,0.5,"__confirm_cooldown=200,__confirm_rule=perm_test,__perm_alpha=0.02,__perm_delta_k=25,__perm_min_effect=0,__perm_n_perm=200,__perm_post_n=50,__perm_pre_n=200,__perm_rng_seed=0,__perm_stat=delta_fused_score,divergence=0.3,error_rate=0.5,teacher_entropy=0.2",3,0,200,0.0,0,10000,10.0,25.0,200,500,0,0,1.0,0.8564432989690721,0.6492235046696123,0.3333333333333333,0.22873736917972565,0.01952347718179226,0,0,84,72,-1,perm_test,1.0,-0.028645875755246873,165,72,93,0.0,0.16666666666666666,0,0.0,0.0,0.0,0.0,0,none,0,1,0,overconfident,0.95,0,mild_drift,0.9597419079628435,0.0013056357197390777,0.7975845791428573,0.8546381589410883,1768131626.9945261,0.4218231439590454,0.18823400139808655
486,31104,31103,sea_abrupt4,sea,ts_drift_adapt,4,"error_divergence_ph_meta@error.threshold=0.10,error.min_instances=5",error_divergence_ph_meta,"{""divergence"": {""alpha"": 0.1, ""delta"": 0.005, ""min_instances"": 30, ""threshold"": 0.05}, ""error_rate"": {""alpha"": 0.15, ""delta"": 0.005, ""min_instances"": 5, ""threshold"": 0.1}}","{""error_rate"": {""min_instances"": 5, ""threshold"": 0.1}}",0.1,0.005,0.15,5,0.05,0.005,0.1,30,,,,-1,two_stage,2,0.5,"__confirm_cooldown=200,__confirm_rule=perm_test,__perm_alpha=0.02,__perm_delta_k=25,__perm_min_effect=0,__perm_n_perm=200,__perm_post_n=50,__perm_pre_n=200,__perm_rng_seed=0,__perm_stat=delta_fused_score,divergence=0.3,error_rate=0.5,teacher_entropy=0.2",3,0,200,0.0,0,10000,10.0,25.0,200,500,0,0,1.0,0.8563528806584362,0.6491301090977097,0.16666666666666666,0.23249465227127075,0.021043961867690086,0,0,84,72,-1,perm_test,1.0,-0.0773152064169927,166,72,94,0.0,0.16666666666666666,0,0.0,0.0,0.0,0.0,0,none,0,1,0,overconfident,0.95,0,mild_drift,0.9600209539814217,0.0013028178598695388,0.7987922895714287,0.8548190794705441,1768131627.0049965,0.7285657525062561,0.17223374545574188
487,31168,31167,sea_abrupt4,sea,ts_drift_adapt,4,"error_divergence_ph_meta@error.threshold=0.10,error.min_instances=5",error_divergence_ph_meta,"{""divergence"": {""alpha"": 0.1, ""delta"": 0.005, ""min_instances"": 30, ""threshold"": 0.05}, ""error_rate"": {""alpha"": 0.15, ""delta"": 0.005, ""min_instances"": 5, ""threshold"": 0.1}}","{""error_rate"": {""min_instances"": 5, ""threshold"": 0.1}}",0.1,0.005,0.15,5,0.05,0.005,0.1,30,,,,-1,two_stage,2,0.5,"__confirm_cooldown=200,__confirm_rule=perm_test,__perm_alpha=0.02,__perm_delta_k=25,__perm_min_effect=0,__perm_n_perm=200,__perm_post_n=50,__perm_pre_n=200,__perm_rng_seed=0,__perm_stat=delta_fused_score,divergence=0.3,error_rate=0.5,teacher_entropy=0.2",3,0,200,0.0,0,10000,10.0,25.0,200,500,0,0,1.0,0.8563911704312115,0.6493459244821832,0.16666666666666666,0.20383577048778534,0.007437952794134617,0,0,84,72,-1,perm_test,1.0,-0.03246164411692776,167,72,95,0.0,0.01360600907355547,0,0.0,0.0,0.0,0.0,0,none,0,1,0,overconfident,0.95,0,mild_drift,0.9601604769907108,0.0013014089299347694,0.7993961447857143,0.8549095397352721,1768131627.0153573,0.4423792362213135,0.084070585668087
488,31232,31231,sea_abrupt4,sea,ts_drift_adapt,4,"error_divergence_ph_meta@error.threshold=0.10,error.min_instances=5",error_divergence_ph_meta,"{""divergence"": {""alpha"": 0.1, ""delta"": 0.005, ""min_instances"": 30, ""threshold"": 0.05}, ""error_rate"": {""alpha"": 0.15, ""delta"": 0.005, ""min_instances"": 5, ""threshold"": 0.1}}","{""error_rate"": {""min_instances"": 5, ""threshold"": 0.1}}",0.1,0.005,0.15,5,0.05,0.005,0.1,30,,,,-1,two_stage,2,0.5,"__confirm_cooldown=200,__confirm_rule=perm_test,__perm_alpha=0.02,__perm_delta_k=25,__perm_min_effect=0,__perm_n_perm=200,__perm_post_n=50,__perm_pre_n=200,__perm_rng_seed=0,__perm_stat=delta_fused_score,divergence=0.3,error_rate=0.5,teacher_entropy=0.2",3,0,200,0.0,0,10000,10.0,25.0,200,500,0,0,1.0,0.8563012295081968,0.6493756735866928,0.0,0.2688334286212921,0.01029281783849001,0,0,84,72,-1,perm_test,1.0,-0.03246164411692776,167,72,95,0.0,0.16666666666666666,0,0.0,0.0,0.0,0.0,0,none,0,1,0,overconfident,0.95,0,mild_drift,0.9602302384953554,0.0013007044649673847,0.7996980723928572,0.8549547698676361,1768131627.0266225,0.20333552360534668,0.13180756568908691
489,31296,31295,sea_abrupt4,sea,ts_drift_adapt,4,"error_divergence_ph_meta@error.threshold=0.10,error.min_instances=5",error_divergence_ph_meta,"{""divergence"": {""alpha"": 0.1, ""delta"": 0.005, ""min_instances"": 30, ""threshold"": 0.05}, ""error_rate"": {""alpha"": 0.15, ""delta"": 0.005, ""min_instances"": 5, ""threshold"": 0.1}}","{""error_rate"": {""min_instances"": 5, ""threshold"": 0.1}}",0.1,0.005,0.15,5,0.05,0.005,0.1,30,,,,-1,two_stage,2,0.5,"__confirm_cooldown=200,__confirm_rule=perm_test,__perm_alpha=0.02,__perm_delta_k=25,__perm_min_effect=0,__perm_n_perm=200,__perm_post_n=50,__perm_pre_n=200,__perm_rng_seed=0,__perm_stat=delta_fused_score,divergence=0.3,error_rate=0.5,teacher_entropy=0.2",3,0,200,0.0,0,10000,10.0,25.0,200,500,0,0,1.0,0.8563714212678937,0.6498566522042007,0.0,0.24280895292758942,0.011982687748968601,1,1,85,73,0,perm_test,0.004975124378109453,0.022361517525260118,168,73,95,0.16666666666666666,0.001689869910478592,1,0.5,0.0,0.0,0.0,0,none,1,1,0,overconfident,0.95,0,severe_drift,0.9256151192476777,0.0016503522324836923,0.6498490361964286,0.8324773849338181,1768131627.0454743,0.03584183380007744,0.11692427098751068
490,31360,31359,sea_abrupt4,sea,ts_drift_adapt,4,"error_divergence_ph_meta@error.threshold=0.10,error.min_instances=5",error_divergence_ph_meta,"{""divergence"": {""alpha"": 0.1, ""delta"": 0.005, ""min_instances"": 30, ""threshold"": 0.05}, ""error_rate"": {""alpha"": 0.15, ""delta"": 0.005, ""min_instances"": 5, ""threshold"": 0.1}}","{""error_rate"": {""min_instances"": 5, ""threshold"": 0.1}}",0.1,0.005,0.15,5,0.05,0.005,0.1,30,,,,-1,two_stage,2,0.5,"__confirm_cooldown=200,__confirm_rule=perm_test,__perm_alpha=0.02,__perm_delta_k=25,__perm_min_effect=0,__perm_n_perm=200,__perm_post_n=50,__perm_pre_n=200,__perm_rng_seed=0,__perm_stat=delta_fused_score,divergence=0.3,error_rate=0.5,teacher_entropy=0.2",3,0,200,0.0,0,10000,10.0,25.0,200,500,1,136,1.0,0.8565688775510204,0.6505512923499571,0.16666666666666666,0.23724299669265747,0.015970101580023766,0,0,85,73,-1,perm_test,0.004975124378109453,0.022361517525260118,168,73,95,0.0,0.16666666666666666,0,0.0,0.0,0.0,0.0,0,none,0,1,0,overconfident,0.95,0,mild_drift,0.9429575596238389,0.0014751761162418464,0.7249245180982143,0.843738692466909,1768131627.0584123,0.38876643776893616,0.14447051286697388
491,31424,31423,sea_abrupt4,sea,ts_drift_adapt,4,"error_divergence_ph_meta@error.threshold=0.10,error.min_instances=5",error_divergence_ph_meta,"{""divergence"": {""alpha"": 0.1, ""delta"": 0.005, ""min_instances"": 30, ""threshold"": 0.05}, ""error_rate"": {""alpha"": 0.15, ""delta"": 0.005, ""min_instances"": 5, ""threshold"": 0.1}}","{""error_rate"": {""min_instances"": 5, ""threshold"": 0.1}}",0.1,0.005,0.15,5,0.05,0.005,0.1,30,,,,-1,two_stage,2,0.5,"__confirm_cooldown=200,__confirm_rule=perm_test,__perm_alpha=0.02,__perm_delta_k=25,__perm_min_effect=0,__perm_n_perm=200,__perm_post_n=50,__perm_pre_n=200,__perm_rng_seed=0,__perm_stat=delta_fused_score,divergence=0.3,error_rate=0.5,teacher_entropy=0.2",3,0,200,0.0,0,10000,10.0,25.0,200,500,1,72,1.0,0.8565745926680245,0.6507438564708932,0.16666666666666666,0.2555844783782959,0.014819331467151642,0,0,85,73,-1,perm_test,0.004975124378109453,0.022361517525260118,168,73,95,0.0,0.0011507701128721237,0,0.0,0.0,0.0,0.0,0,none,0,1,0,overconfident,0.95,0,mild_drift,0.9516287798119194,0.0013875880581209234,0.7624622590491072,0.8493693462334545,1768131627.069436,0.3924308121204376,0.15264613926410675
492,31488,31487,sea_abrupt4,sea,ts_drift_adapt,4,"error_divergence_ph_meta@error.threshold=0.10,error.min_instances=5",error_divergence_ph_meta,"{""divergence"": {""alpha"": 0.1, ""delta"": 0.005, ""min_instances"": 30, ""threshold"": 0.05}, ""error_rate"": {""alpha"": 0.15, ""delta"": 0.005, ""min_instances"": 5, ""threshold"": 0.1}}","{""error_rate"": {""min_instances"": 5, ""threshold"": 0.1}}",0.1,0.005,0.15,5,0.05,0.005,0.1,30,,,,-1,two_stage,2,0.5,"__confirm_cooldown=200,__confirm_rule=perm_test,__perm_alpha=0.02,__perm_delta_k=25,__perm_min_effect=0,__perm_n_perm=200,__perm_post_n=50,__perm_pre_n=200,__perm_rng_seed=0,__perm_stat=delta_fused_score,divergence=0.3,error_rate=0.5,teacher_entropy=0.2",3,0,200,0.0,0,10000,10.0,25.0,200,500,1,8,1.0,0.8563579776422764,0.6504215185270659,0.0,0.21514110267162323,0.013939069584012032,0,0,85,73,-1,perm_test,0.004975124378109453,0.022361517525260118,168,73,95,0.0,0.16666666666666666,0,0.0,0.0,0.0,0.0,0,none,0,1,0,overconfident,0.95,0,mild_drift,0.9559643899059597,0.0013437940290604617,0.7812311295245536,0.8521846731167273,1768131627.079419,0.12560373544692993,0.13679006695747375
493,31552,31551,sea_abrupt4,sea,ts_drift_adapt,4,"error_divergence_ph_meta@error.threshold=0.10,error.min_instances=5",error_divergence_ph_meta,"{""divergence"": {""alpha"": 0.1, ""delta"": 0.005, ""min_instances"": 30, ""threshold"": 0.05}, ""error_rate"": {""alpha"": 0.15, ""delta"": 0.005, ""min_instances"": 5, ""threshold"": 0.1}}","{""error_rate"": {""min_instances"": 5, ""threshold"": 0.1}}",0.1,0.005,0.15,5,0.05,0.005,0.1,30,,,,-1,two_stage,2,0.5,"__confirm_cooldown=200,__confirm_rule=perm_test,__perm_alpha=0.02,__perm_delta_k=25,__perm_min_effect=0,__perm_n_perm=200,__perm_post_n=50,__perm_pre_n=200,__perm_rng_seed=0,__perm_stat=delta_fused_score,divergence=0.3,error_rate=0.5,teacher_entropy=0.2",3,0,200,0.0,0,10000,10.0,25.0,200,500,0,0,1.0,0.8564274847870182,0.6509015382991654,0.0,0.26026514172554016,0.025415433570742607,0,0,85,73,-1,perm_test,0.004975124378109453,0.022361517525260118,168,73,95,0.0,0.011476363986730576,0,0.0,0.0,0.0,0.0,0,none,0,1,0,overconfident,0.95,0,mild_drift,0.9581321949529797,0.001321897014530231,0.7906155647622768,0.8535923365583636,1768131627.0899131,0.2225344181060791,0.21899524331092834
494,31616,31615,sea_abrupt4,sea,ts_drift_adapt,4,"error_divergence_ph_meta@error.threshold=0.10,error.min_instances=5",error_divergence_ph_meta,"{""divergence"": {""alpha"": 0.1, ""delta"": 0.005, ""min_instances"": 30, ""threshold"": 0.05}, ""error_rate"": {""alpha"": 0.15, ""delta"": 0.005, ""min_instances"": 5, ""threshold"": 0.1}}","{""error_rate"": {""min_instances"": 5, ""threshold"": 0.1}}",0.1,0.005,0.15,5,0.05,0.005,0.1,30,,,,-1,two_stage,2,0.5,"__confirm_cooldown=200,__confirm_rule=perm_test,__perm_alpha=0.02,__perm_delta_k=25,__perm_min_effect=0,__perm_n_perm=200,__perm_post_n=50,__perm_pre_n=200,__perm_rng_seed=0,__perm_stat=delta_fused_score,divergence=0.3,error_rate=0.5,teacher_entropy=0.2",3,0,200,0.0,0,10000,10.0,25.0,200,500,0,0,1.0,0.8565599696356275,0.651293122569388,0.16666666666666666,0.2115589678287506,0.023891733959317207,1,1,86,74,0,perm_test,0.004975124378109453,0.0897692493404049,169,74,95,0.16666666666666666,0.16666666666666666,1,0.5,0.0,0.0,0.0,0,none,1,1,0,overconfident,0.95,0,severe_drift,0.9245660974764899,0.0016609485072651155,0.6453077823811384,0.8317961682791819,1768131627.1060293,0.16536007821559906,0.2118799388408661
495,31680,31679,sea_abrupt4,sea,ts_drift_adapt,4,"error_divergence_ph_meta@error.threshold=0.10,error.min_instances=5",error_divergence_ph_meta,"{""divergence"": {""alpha"": 0.1, ""delta"": 0.005, ""min_instances"": 30, ""threshold"": 0.05}, ""error_rate"": {""alpha"": 0.15, ""delta"": 0.005, ""min_instances"": 5, ""threshold"": 0.1}}","{""error_rate"": {""min_instances"": 5, ""threshold"": 0.1}}",0.1,0.005,0.15,5,0.05,0.005,0.1,30,,,,-1,two_stage,2,0.5,"__confirm_cooldown=200,__confirm_rule=perm_test,__perm_alpha=0.02,__perm_delta_k=25,__perm_min_effect=0,__perm_n_perm=200,__perm_post_n=50,__perm_pre_n=200,__perm_rng_seed=0,__perm_stat=delta_fused_score,divergence=0.3,error_rate=0.5,teacher_entropy=0.2",3,0,200,0.0,0,10000,10.0,25.0,200,500,1,136,1.0,0.8566287878787879,0.6516529756094218,0.0,0.2618107497692108,0.019677555188536644,0,0,86,74,-1,perm_test,0.004975124378109453,0.0897692493404049,169,74,95,0.0,0.16666666666666666,0,0.0,0.0,0.0,0.0,0,none,0,1,0,overconfident,0.95,0,mild_drift,0.9424330487382448,0.001480474253632558,0.7226538911905692,0.8433980841395909,1768131627.1161942,0.14129485189914703,0.14950132369995117
496,31744,31743,sea_abrupt4,sea,ts_drift_adapt,4,"error_divergence_ph_meta@error.threshold=0.10,error.min_instances=5",error_divergence_ph_meta,"{""divergence"": {""alpha"": 0.1, ""delta"": 0.005, ""min_instances"": 30, ""threshold"": 0.05}, ""error_rate"": {""alpha"": 0.15, ""delta"": 0.005, ""min_instances"": 5, ""threshold"": 0.1}}","{""error_rate"": {""min_instances"": 5, ""threshold"": 0.1}}",0.1,0.005,0.15,5,0.05,0.005,0.1,30,,,,-1,two_stage,2,0.5,"__confirm_cooldown=200,__confirm_rule=perm_test,__perm_alpha=0.02,__perm_delta_k=25,__perm_min_effect=0,__perm_n_perm=200,__perm_post_n=50,__perm_pre_n=200,__perm_rng_seed=0,__perm_stat=delta_fused_score,divergence=0.3,error_rate=0.5,teacher_entropy=0.2",3,0,200,0.0,0,10000,10.0,25.0,200,500,1,72,1.0,0.8566343245967742,0.6516522617517755,0.0,0.21651306748390198,0.018801774829626083,0,0,86,74,-1,perm_test,0.004975124378109453,0.0897692493404049,169,74,95,0.0,0.0008757803589105606,0,0.0,0.0,0.0,0.0,0,none,0,1,0,overconfident,0.95,0,mild_drift,0.9513665243691224,0.0013902371268162792,0.7613269455952847,0.8491990420697955,1768131627.1261897,0.24083195626735687,0.1968965232372284
497,31808,31807,sea_abrupt4,sea,ts_drift_adapt,4,"error_divergence_ph_meta@error.threshold=0.10,error.min_instances=5",error_divergence_ph_meta,"{""divergence"": {""alpha"": 0.1, ""delta"": 0.005, ""min_instances"": 30, ""threshold"": 0.05}, ""error_rate"": {""alpha"": 0.15, ""delta"": 0.005, ""min_instances"": 5, ""threshold"": 0.1}}","{""error_rate"": {""min_instances"": 5, ""threshold"": 0.1}}",0.1,0.005,0.15,5,0.05,0.005,0.1,30,,,,-1,two_stage,2,0.5,"__confirm_cooldown=200,__confirm_rule=perm_test,__perm_alpha=0.02,__perm_delta_k=25,__perm_min_effect=0,__perm_n_perm=200,__perm_post_n=50,__perm_pre_n=200,__perm_rng_seed=0,__perm_stat=delta_fused_score,divergence=0.3,error_rate=0.5,teacher_entropy=0.2",3,0,200,0.0,0,10000,10.0,25.0,200,500,1,8,1.0,0.8566084004024145,0.651785075827348,0.3333333333333333,0.20043553411960602,0.02769714966416359,0,0,86,74,-1,perm_test,0.004975124378109453,0.0897692493404049,169,74,95,0.0,0.3333333333333333,0,0.0,0.0,0.0,0.0,0,none,0,1,0,overconfident,0.95,0,mild_drift,0.9558332621845611,0.0013451185634081398,0.7806634727976424,0.8520995210348977,1768131627.136224,0.8195751309394836,0.2800000309944153
498,31872,31871,sea_abrupt4,sea,ts_drift_adapt,4,"error_divergence_ph_meta@error.threshold=0.10,error.min_instances=5",error_divergence_ph_meta,"{""divergence"": {""alpha"": 0.1, ""delta"": 0.005, ""min_instances"": 30, ""threshold"": 0.05}, ""error_rate"": {""alpha"": 0.15, ""delta"": 0.005, ""min_instances"": 5, ""threshold"": 0.1}}","{""error_rate"": {""min_instances"": 5, ""threshold"": 0.1}}",0.1,0.005,0.15,5,0.05,0.005,0.1,30,,,,-1,two_stage,2,0.5,"__confirm_cooldown=200,__confirm_rule=perm_test,__perm_alpha=0.02,__perm_delta_k=25,__perm_min_effect=0,__perm_n_perm=200,__perm_post_n=50,__perm_pre_n=200,__perm_rng_seed=0,__perm_stat=delta_fused_score,divergence=0.3,error_rate=0.5,teacher_entropy=0.2",3,0,200,0.0,0,10000,10.0,25.0,200,500,0,0,1.0,0.8563943273092369,0.6515457776929323,0.3333333333333333,0.2650759518146515,0.01955270580947399,0,0,86,74,-1,perm_test,0.004975124378109453,0.0897692493404049,169,74,95,0.0,0.008144443854689598,0,0.0,0.0,0.0,0.0,0,none,0,1,0,overconfident,0.95,0,mild_drift,0.9580666310922805,0.0013225592817040699,0.7903317363988211,0.8535497605174489,1768131627.1464827,0.4500671923160553,0.17566731572151184
499,31936,31935,sea_abrupt4,sea,ts_drift_adapt,4,"error_divergence_ph_meta@error.threshold=0.10,error.min_instances=5",error_divergence_ph_meta,"{""divergence"": {""alpha"": 0.1, ""delta"": 0.005, ""min_instances"": 30, ""threshold"": 0.05}, ""error_rate"": {""alpha"": 0.15, ""delta"": 0.005, ""min_instances"": 5, ""threshold"": 0.1}}","{""error_rate"": {""min_instances"": 5, ""threshold"": 0.1}}",0.1,0.005,0.15,5,0.05,0.005,0.1,30,,,,-1,two_stage,2,0.5,"__confirm_cooldown=200,__confirm_rule=perm_test,__perm_alpha=0.02,__perm_delta_k=25,__perm_min_effect=0,__perm_n_perm=200,__perm_post_n=50,__perm_pre_n=200,__perm_rng_seed=0,__perm_stat=delta_fused_score,divergence=0.3,error_rate=0.5,teacher_entropy=0.2",3,0,200,0.0,0,10000,10.0,25.0,200,500,0,0,1.0,0.856368987975952,0.6515959971896779,0.16666666666666666,0.2340511679649353,0.021294498816132545,0,1,87,74,-1,perm_test,1.0,-0.12436021547386251,170,74,96,0.0,0.16666666666666666,1,0.5,0.0,0.0,0.0,0,none,0,1,0,overconfident,0.95,0,mild_drift,0.9591833155461402,0.001311279640852035,0.7951658681994106,0.8542748802587244,1768131627.157063,0.254829078912735,0.20646025240421295
500,32000,31999,sea_abrupt4,sea,ts_drift_adapt,4,"error_divergence_ph_meta@error.threshold=0.10,error.min_instances=5",error_divergence_ph_meta,"{""divergence"": {""alpha"": 0.1, ""delta"": 0.005, ""min_instances"": 30, ""threshold"": 0.05}, ""error_rate"": {""alpha"": 0.15, ""delta"": 0.005, ""min_instances"": 5, ""threshold"": 0.1}}","{""error_rate"": {""min_instances"": 5, ""threshold"": 0.1}}",0.1,0.005,0.15,5,0.05,0.005,0.1,30,,,,-1,two_stage,2,0.5,"__confirm_cooldown=200,__confirm_rule=perm_test,__perm_alpha=0.02,__perm_delta_k=25,__perm_min_effect=0,__perm_n_perm=200,__perm_post_n=50,__perm_pre_n=200,__perm_rng_seed=0,__perm_stat=delta_fused_score,divergence=0.3,error_rate=0.5,teacher_entropy=0.2",3,0,200,0.0,0,10000,10.0,25.0,200,500,0,0,1.0,0.85634375,0.6517179026761969,0.0,0.23503319919109344,0.014161832630634308,0,0,87,74,-1,perm_test,1.0,-0.0571131473749284,171,74,97,0.0,0.16666666666666666,0,0.0,0.0,0.0,0.0,0,none,0,1,0,overconfident,0.95,0,mild_drift,0.9597416577730701,0.0013056398204260174,0.7975829340997054,0.8546374401293622,1768131627.1675375,0.07922104746103287,0.1428092122077942
501,32064,32063,sea_abrupt4,sea,ts_drift_adapt,4,"error_divergence_ph_meta@error.threshold=0.10,error.min_instances=5",error_divergence_ph_meta,"{""divergence"": {""alpha"": 0.1, ""delta"": 0.005, ""min_instances"": 30, ""threshold"": 0.05}, ""error_rate"": {""alpha"": 0.15, ""delta"": 0.005, ""min_instances"": 5, ""threshold"": 0.1}}","{""error_rate"": {""min_instances"": 5, ""threshold"": 0.1}}",0.1,0.005,0.15,5,0.05,0.005,0.1,30,,,,-1,two_stage,2,0.5,"__confirm_cooldown=200,__confirm_rule=perm_test,__perm_alpha=0.02,__perm_delta_k=25,__perm_min_effect=0,__perm_n_perm=200,__perm_post_n=50,__perm_pre_n=200,__perm_rng_seed=0,__perm_stat=delta_fused_score,divergence=0.3,error_rate=0.5,teacher_entropy=0.2",3,0,200,0.0,0,10000,10.0,25.0,200,500,0,0,1.0,0.8562562375249501,0.6516249466592381,0.0,0.27159249782562256,0.014222022145986557,0,0,87,74,-1,perm_test,1.0,-0.03937828651245361,172,74,98,0.0,6.0189515352249146e-05,0,0.0,0.0,0.0,0.0,0,none,0,1,0,overconfident,0.95,0,mild_drift,0.9600208288865351,0.001302819910213009,0.7987914670498527,0.8548187200646811,1768131627.1777797,0.06882837414741516,0.12577643990516663
502,32128,32127,sea_abrupt4,sea,ts_drift_adapt,4,"error_divergence_ph_meta@error.threshold=0.10,error.min_instances=5",error_divergence_ph_meta,"{""divergence"": {""alpha"": 0.1, ""delta"": 0.005, ""min_instances"": 30, ""threshold"": 0.05}, ""error_rate"": {""alpha"": 0.15, ""delta"": 0.005, ""min_instances"": 5, ""threshold"": 0.1}}","{""error_rate"": {""min_instances"": 5, ""threshold"": 0.1}}",0.1,0.005,0.15,5,0.05,0.005,0.1,30,,,,-1,two_stage,2,0.5,"__confirm_cooldown=200,__confirm_rule=perm_test,__perm_alpha=0.02,__perm_delta_k=25,__perm_min_effect=0,__perm_n_perm=200,__perm_post_n=50,__perm_pre_n=200,__perm_rng_seed=0,__perm_stat=delta_fused_score,divergence=0.3,error_rate=0.5,teacher_entropy=0.2",3,0,200,0.0,0,10000,10.0,25.0,200,500,0,0,1.0,0.8561068227091634,0.6513859857882368,0.3333333333333333,0.20393973588943481,0.014481321908533573,1,0,87,75,3,perm_test,0.004975124378109453,0.07165625121927496,173,75,98,0.0,0.3333333333333333,0,0.0,0.0,0.0,0.0,0,none,1,1,0,overconfident,0.95,0,stable,0.9750104144432675,0.0010514099551065044,0.8993957335249263,0.8999093600323406,1768131627.19349,0.5629306435585022,0.13660593330860138
503,32192,32191,sea_abrupt4,sea,ts_drift_adapt,4,"error_divergence_ph_meta@error.threshold=0.10,error.min_instances=5",error_divergence_ph_meta,"{""divergence"": {""alpha"": 0.1, ""delta"": 0.005, ""min_instances"": 30, ""threshold"": 0.05}, ""error_rate"": {""alpha"": 0.15, ""delta"": 0.005, ""min_instances"": 5, ""threshold"": 0.1}}","{""error_rate"": {""min_instances"": 5, ""threshold"": 0.1}}",0.1,0.005,0.15,5,0.05,0.005,0.1,30,,,,-1,two_stage,2,0.5,"__confirm_cooldown=200,__confirm_rule=perm_test,__perm_alpha=0.02,__perm_delta_k=25,__perm_min_effect=0,__perm_n_perm=200,__perm_post_n=50,__perm_pre_n=200,__perm_rng_seed=0,__perm_stat=delta_fused_score,divergence=0.3,error_rate=0.5,teacher_entropy=0.2",3,0,200,0.0,0,10000,10.0,25.0,200,500,1,136,1.0,0.8559890656063618,0.6511429094539835,0.5,0.2146320939064026,0.00965868216007948,0,0,87,75,-1,perm_test,0.004975124378109453,0.07165625121927496,173,75,98,0.0,0.16666666666666669,0,0.0,0.0,0.0,0.0,0,none,0,1,0,overconfident,0.95,0,mild_drift,0.9676552072216338,0.0011757049775532524,0.8496978667624632,0.8774546800161702,1768131627.203572,1.1481828689575195,0.08072876930236816
504,32256,32255,sea_abrupt4,sea,ts_drift_adapt,4,"error_divergence_ph_meta@error.threshold=0.10,error.min_instances=5",error_divergence_ph_meta,"{""divergence"": {""alpha"": 0.1, ""delta"": 0.005, ""min_instances"": 30, ""threshold"": 0.05}, ""error_rate"": {""alpha"": 0.15, ""delta"": 0.005, ""min_instances"": 5, ""threshold"": 0.1}}","{""error_rate"": {""min_instances"": 5, ""threshold"": 0.1}}",0.1,0.005,0.15,5,0.05,0.005,0.1,30,,,,-1,two_stage,2,0.5,"__confirm_cooldown=200,__confirm_rule=perm_test,__perm_alpha=0.02,__perm_delta_k=25,__perm_min_effect=0,__perm_n_perm=200,__perm_post_n=50,__perm_pre_n=200,__perm_rng_seed=0,__perm_stat=delta_fused_score,divergence=0.3,error_rate=0.5,teacher_entropy=0.2",3,0,200,0.0,0,10000,10.0,25.0,200,500,1,72,1.0,0.8558717757936508,0.6509411228894725,0.0,0.2634495794773102,0.013045001775026321,0,1,87,75,-1,perm_test,0.004975124378109453,0.07165625121927496,173,75,98,0.16666666666666666,0.5,1,0.5,0.0,0.0,0.0,0,none,0,1,0,overconfident,0.95,0,mild_drift,0.9639776036108169,0.0012378524887766262,0.8248489333812317,0.8662273400080851,1768131627.2135375,0.07547243684530258,0.11139474809169769
505,32320,32319,sea_abrupt4,sea,ts_drift_adapt,4,"error_divergence_ph_meta@error.threshold=0.10,error.min_instances=5",error_divergence_ph_meta,"{""divergence"": {""alpha"": 0.1, ""delta"": 0.005, ""min_instances"": 30, ""threshold"": 0.05}, ""error_rate"": {""alpha"": 0.15, ""delta"": 0.005, ""min_instances"": 5, ""threshold"": 0.1}}","{""error_rate"": {""min_instances"": 5, ""threshold"": 0.1}}",0.1,0.005,0.15,5,0.05,0.005,0.1,30,,,,-1,two_stage,2,0.5,"__confirm_cooldown=200,__confirm_rule=perm_test,__perm_alpha=0.02,__perm_delta_k=25,__perm_min_effect=0,__perm_n_perm=200,__perm_post_n=50,__perm_pre_n=200,__perm_rng_seed=0,__perm_stat=delta_fused_score,divergence=0.3,error_rate=0.5,teacher_entropy=0.2",3,0,200,0.0,0,10000,10.0,25.0,200,500,1,8,1.0,0.8557549504950495,0.6508559375095511,0.0,0.2723627984523773,0.010991489514708519,0,0,87,75,-1,perm_test,0.004975124378109453,0.07165625121927496,173,75,98,0.0,0.0020535122603178024,0,0.0,0.0,0.0,0.0,0,none,0,1,0,overconfident,0.95,0,mild_drift,0.9621388018054085,0.001268926244388313,0.8124244666906159,0.8606136700040425,1768131627.2236812,0.1502707600593567,0.08454182744026184
506,32384,32383,sea_abrupt4,sea,ts_drift_adapt,4,"error_divergence_ph_meta@error.threshold=0.10,error.min_instances=5",error_divergence_ph_meta,"{""divergence"": {""alpha"": 0.1, ""delta"": 0.005, ""min_instances"": 30, ""threshold"": 0.05}, ""error_rate"": {""alpha"": 0.15, ""delta"": 0.005, ""min_instances"": 5, ""threshold"": 0.1}}","{""error_rate"": {""min_instances"": 5, ""threshold"": 0.1}}",0.1,0.005,0.15,5,0.05,0.005,0.1,30,,,,-1,two_stage,2,0.5,"__confirm_cooldown=200,__confirm_rule=perm_test,__perm_alpha=0.02,__perm_delta_k=25,__perm_min_effect=0,__perm_n_perm=200,__perm_post_n=50,__perm_pre_n=200,__perm_rng_seed=0,__perm_stat=delta_fused_score,divergence=0.3,error_rate=0.5,teacher_entropy=0.2",3,0,200,0.0,0,10000,10.0,25.0,200,500,0,0,1.0,0.855762104743083,0.6509058038994895,0.16666666666666666,0.23454704880714417,0.010774902999401093,0,0,87,75,-1,perm_test,0.004975124378109453,0.07165625121927496,173,75,98,0.0,0.16666666666666666,0,0.0,0.0,0.0,0.0,0,none,0,1,0,overconfident,0.95,0,mild_drift,0.9612194009027042,0.0012844631221941567,0.8062122333453079,0.8578068350020213,1768131627.2339954,0.290284663438797,0.08364132046699524
507,32448,32447,sea_abrupt4,sea,ts_drift_adapt,4,"error_divergence_ph_meta@error.threshold=0.10,error.min_instances=5",error_divergence_ph_meta,"{""divergence"": {""alpha"": 0.1, ""delta"": 0.005, ""min_instances"": 30, ""threshold"": 0.05}, ""error_rate"": {""alpha"": 0.15, ""delta"": 0.005, ""min_instances"": 5, ""threshold"": 0.1}}","{""error_rate"": {""min_instances"": 5, ""threshold"": 0.1}}",0.1,0.005,0.15,5,0.05,0.005,0.1,30,,,,-1,two_stage,2,0.5,"__confirm_cooldown=200,__confirm_rule=perm_test,__perm_alpha=0.02,__perm_delta_k=25,__perm_min_effect=0,__perm_n_perm=200,__perm_post_n=50,__perm_pre_n=200,__perm_rng_seed=0,__perm_stat=delta_fused_score,divergence=0.3,error_rate=0.5,teacher_entropy=0.2",3,0,200,0.0,0,10000,10.0,25.0,200,500,0,0,1.0,0.8557692307692307,0.6511102796020798,0.16666666666666666,0.2514605224132538,0.012109309434890747,0,0,87,75,-1,perm_test,0.004975124378109453,0.07165625121927496,173,75,98,0.0,0.0013344064354896545,0,0.0,0.0,0.0,0.0,0,none,0,1,0,overconfident,0.95,0,mild_drift,0.9607597004513521,0.0012922315610970785,0.803106116672654,0.8564034175010107,1768131627.2471037,0.299518883228302,0.1455531269311905
508,32512,32511,sea_abrupt4,sea,ts_drift_adapt,4,"error_divergence_ph_meta@error.threshold=0.10,error.min_instances=5",error_divergence_ph_meta,"{""divergence"": {""alpha"": 0.1, ""delta"": 0.005, ""min_instances"": 30, ""threshold"": 0.05}, ""error_rate"": {""alpha"": 0.15, ""delta"": 0.005, ""min_instances"": 5, ""threshold"": 0.1}}","{""error_rate"": {""min_instances"": 5, ""threshold"": 0.1}}",0.1,0.005,0.15,5,0.05,0.005,0.1,30,,,,-1,two_stage,2,0.5,"__confirm_cooldown=200,__confirm_rule=perm_test,__perm_alpha=0.02,__perm_delta_k=25,__perm_min_effect=0,__perm_n_perm=200,__perm_post_n=50,__perm_pre_n=200,__perm_rng_seed=0,__perm_stat=delta_fused_score,divergence=0.3,error_rate=0.5,teacher_entropy=0.2",3,0,200,0.0,0,10000,10.0,25.0,200,500,0,0,1.0,0.855837844488189,0.651347821245574,0.16666666666666666,0.26851746439933777,0.01370710227638483,0,0,87,75,-1,perm_test,0.004975124378109453,0.07165625121927496,173,75,98,0.0,0.0015977928414940834,0,0.0,0.0,0.0,0.0,0,none,0,1,0,overconfident,0.95,0,mild_drift,0.960529850225676,0.0012961157805485395,0.8015530583363271,0.8557017087505053,1768131627.2603984,0.4583373963832855,0.12989674508571625
509,32576,32575,sea_abrupt4,sea,ts_drift_adapt,4,"error_divergence_ph_meta@error.threshold=0.10,error.min_instances=5",error_divergence_ph_meta,"{""divergence"": {""alpha"": 0.1, ""delta"": 0.005, ""min_instances"": 30, ""threshold"": 0.05}, ""error_rate"": {""alpha"": 0.15, ""delta"": 0.005, ""min_instances"": 5, ""threshold"": 0.1}}","{""error_rate"": {""min_instances"": 5, ""threshold"": 0.1}}",0.1,0.005,0.15,5,0.05,0.005,0.1,30,,,,-1,two_stage,2,0.5,"__confirm_cooldown=200,__confirm_rule=perm_test,__perm_alpha=0.02,__perm_delta_k=25,__perm_min_effect=0,__perm_n_perm=200,__perm_post_n=50,__perm_pre_n=200,__perm_rng_seed=0,__perm_stat=delta_fused_score,divergence=0.3,error_rate=0.5,teacher_entropy=0.2",3,0,200,0.0,0,10000,10.0,25.0,200,500,0,0,1.0,0.855967583497053,0.6518073088890585,0.0,0.22840024530887604,0.014112724922597408,0,1,88,75,-1,perm_test,1.0,-0.08301578803578304,174,75,99,0.0,0.16666666666666666,1,0.5,0.0,0.0,0.0,0,none,0,1,0,overconfident,0.95,0,mild_drift,0.960414925112838,0.0012980578902742697,0.8007765291681636,0.8553508543752526,1768131627.2737315,0.09119034558534622,0.12500418722629547
510,32640,32639,sea_abrupt4,sea,ts_drift_adapt,4,"error_divergence_ph_meta@error.threshold=0.10,error.min_instances=5",error_divergence_ph_meta,"{""divergence"": {""alpha"": 0.1, ""delta"": 0.005, ""min_instances"": 30, ""threshold"": 0.05}, ""error_rate"": {""alpha"": 0.15, ""delta"": 0.005, ""min_instances"": 5, ""threshold"": 0.1}}","{""error_rate"": {""min_instances"": 5, ""threshold"": 0.1}}",0.1,0.005,0.15,5,0.05,0.005,0.1,30,,,,-1,two_stage,2,0.5,"__confirm_cooldown=200,__confirm_rule=perm_test,__perm_alpha=0.02,__perm_delta_k=25,__perm_min_effect=0,__perm_n_perm=200,__perm_post_n=50,__perm_pre_n=200,__perm_rng_seed=0,__perm_stat=delta_fused_score,divergence=0.3,error_rate=0.5,teacher_entropy=0.2",3,0,200,0.0,0,10000,10.0,25.0,200,500,0,0,1.0,0.8559436274509804,0.6518986733102465,0.0,0.25602051615715027,0.02778090350329876,1,0,88,76,1,perm_test,0.004975124378109453,0.03850723979452318,175,76,99,0.0,0.013668178580701351,0,0.0,0.0,0.0,0.0,0,none,1,1,0,overconfident,0.95,0,stable,0.975207462556419,0.0010490289451371348,0.9003882645840817,0.9001754271876263,1768131627.2903633,0.039167460054159164,0.2908564805984497
511,32704,32703,sea_abrupt4,sea,ts_drift_adapt,4,"error_divergence_ph_meta@error.threshold=0.10,error.min_instances=5",error_divergence_ph_meta,"{""divergence"": {""alpha"": 0.1, ""delta"": 0.005, ""min_instances"": 30, ""threshold"": 0.05}, ""error_rate"": {""alpha"": 0.15, ""delta"": 0.005, ""min_instances"": 5, ""threshold"": 0.1}}","{""error_rate"": {""min_instances"": 5, ""threshold"": 0.1}}",0.1,0.005,0.15,5,0.05,0.005,0.1,30,,,,-1,two_stage,2,0.5,"__confirm_cooldown=200,__confirm_rule=perm_test,__perm_alpha=0.02,__perm_delta_k=25,__perm_min_effect=0,__perm_n_perm=200,__perm_post_n=50,__perm_pre_n=200,__perm_rng_seed=0,__perm_stat=delta_fused_score,divergence=0.3,error_rate=0.5,teacher_entropy=0.2",3,0,200,0.0,0,10000,10.0,25.0,200,500,1,136,1.0,0.8559197651663405,0.6520460035081788,0.3333333333333333,0.24002109467983246,0.03554520756006241,0,0,88,76,-1,perm_test,0.004975124378109453,0.03850723979452318,175,76,99,0.0,0.3333333333333333,0,0.0,0.0,0.0,0.0,0,none,0,1,0,overconfident,0.95,0,mild_drift,0.9677537312782094,0.0011745144725685674,0.8501941322920409,0.8775877135938132,1768131627.3003902,0.3558765947818756,0.26109397411346436
512,32768,32767,sea_abrupt4,sea,ts_drift_adapt,4,"error_divergence_ph_meta@error.threshold=0.10,error.min_instances=5",error_divergence_ph_meta,"{""divergence"": {""alpha"": 0.1, ""delta"": 0.005, ""min_instances"": 30, ""threshold"": 0.05}, ""error_rate"": {""alpha"": 0.15, ""delta"": 0.005, ""min_instances"": 5, ""threshold"": 0.1}}","{""error_rate"": {""min_instances"": 5, ""threshold"": 0.1}}",0.1,0.005,0.15,5,0.05,0.005,0.1,30,,,,-1,two_stage,2,0.5,"__confirm_cooldown=200,__confirm_rule=perm_test,__perm_alpha=0.02,__perm_delta_k=25,__perm_min_effect=0,__perm_n_perm=200,__perm_post_n=50,__perm_pre_n=200,__perm_rng_seed=0,__perm_stat=delta_fused_score,divergence=0.3,error_rate=0.5,teacher_entropy=0.2",3,0,200,0.0,0,10000,10.0,25.0,200,500,1,72,1.0,0.856170654296875,0.6528811218706655,0.16666666666666666,0.19871677458286285,0.025492725893855095,0,0,88,76,-1,perm_test,0.004975124378109453,0.03850723979452318,175,76,99,0.0,0.16666666666666666,0,0.0,0.0,0.0,0.0,0,none,0,1,0,overconfident,0.95,0,mild_drift,0.9640268656391047,0.0012372572362842837,0.8250970661460204,0.8662938567969065,1768131627.3104837,0.329182505607605,0.20928247272968292
513,32832,32831,sea_abrupt4,sea,ts_drift_adapt,4,"error_divergence_ph_meta@error.threshold=0.10,error.min_instances=5",error_divergence_ph_meta,"{""divergence"": {""alpha"": 0.1, ""delta"": 0.005, ""min_instances"": 30, ""threshold"": 0.05}, ""error_rate"": {""alpha"": 0.15, ""delta"": 0.005, ""min_instances"": 5, ""threshold"": 0.1}}","{""error_rate"": {""min_instances"": 5, ""threshold"": 0.1}}",0.1,0.005,0.15,5,0.05,0.005,0.1,30,,,,-1,two_stage,2,0.5,"__confirm_cooldown=200,__confirm_rule=perm_test,__perm_alpha=0.02,__perm_delta_k=25,__perm_min_effect=0,__perm_n_perm=200,__perm_post_n=50,__perm_pre_n=200,__perm_rng_seed=0,__perm_stat=delta_fused_score,divergence=0.3,error_rate=0.5,teacher_entropy=0.2",3,0,200,0.0,0,10000,10.0,25.0,200,500,1,8,1.0,0.8562987329434698,0.6534263058418338,0.0,0.23666156828403473,0.01691984198987484,0,0,88,76,-1,perm_test,0.004975124378109453,0.03850723979452318,175,76,99,0.0,0.16666666666666666,0,0.0,0.0,0.0,0.0,0,none,0,1,0,overconfident,0.95,0,mild_drift,0.9621634328195523,0.001268628618142142,0.8125485330730102,0.8606469283984532,1768131627.3209753,0.22781242430210114,0.16934475302696228
514,32896,32895,sea_abrupt4,sea,ts_drift_adapt,4,"error_divergence_ph_meta@error.threshold=0.10,error.min_instances=5",error_divergence_ph_meta,"{""divergence"": {""alpha"": 0.1, ""delta"": 0.005, ""min_instances"": 30, ""threshold"": 0.05}, ""error_rate"": {""alpha"": 0.15, ""delta"": 0.005, ""min_instances"": 5, ""threshold"": 0.1}}","{""error_rate"": {""min_instances"": 5, ""threshold"": 0.1}}",0.1,0.005,0.15,5,0.05,0.005,0.1,30,,,,-1,two_stage,2,0.5,"__confirm_cooldown=200,__confirm_rule=perm_test,__perm_alpha=0.02,__perm_delta_k=25,__perm_min_effect=0,__perm_n_perm=200,__perm_post_n=50,__perm_pre_n=200,__perm_rng_seed=0,__perm_stat=delta_fused_score,divergence=0.3,error_rate=0.5,teacher_entropy=0.2",3,0,200,0.0,0,10000,10.0,25.0,200,500,0,0,1.0,0.856426313229572,0.6539126738855512,0.0,0.2004033476114273,0.014834253117442131,0,1,89,76,-1,perm_test,1.0,-0.04602776319169887,176,76,100,0.0,0.0020855888724327087,1,0.5,0.0,0.0,0.0,0,none,0,1,0,overconfident,0.95,0,mild_drift,0.9612317164097761,0.0012843143090710712,0.8062742665365051,0.8578234641992266,1768131627.3316185,0.050307851284742355,0.12554827332496643
515,32960,32959,sea_abrupt4,sea,ts_drift_adapt,4,"error_divergence_ph_meta@error.threshold=0.10,error.min_instances=5",error_divergence_ph_meta,"{""divergence"": {""alpha"": 0.1, ""delta"": 0.005, ""min_instances"": 30, ""threshold"": 0.05}, ""error_rate"": {""alpha"": 0.15, ""delta"": 0.005, ""min_instances"": 5, ""threshold"": 0.1}}","{""error_rate"": {""min_instances"": 5, ""threshold"": 0.1}}",0.1,0.005,0.15,5,0.05,0.005,0.1,30,,,,-1,two_stage,2,0.5,"__confirm_cooldown=200,__confirm_rule=perm_test,__perm_alpha=0.02,__perm_delta_k=25,__perm_min_effect=0,__perm_n_perm=200,__perm_post_n=50,__perm_pre_n=200,__perm_rng_seed=0,__perm_stat=delta_fused_score,divergence=0.3,error_rate=0.5,teacher_entropy=0.2",3,0,200,0.0,0,10000,10.0,25.0,200,500,0,0,1.0,0.8565533980582525,0.6543837036917111,0.0,0.3198433220386505,0.02625400573015213,1,0,89,77,1,perm_test,0.004975124378109453,0.01524344321395927,177,77,100,0.0,0.011419752612709999,0,0.0,0.0,0.0,0.0,0,none,1,1,0,overconfident,0.95,0,stable,0.975615858204888,0.0010421571545355356,0.9031371332682525,0.9014117320996133,1768131627.3477523,0.09545014053583145,0.20108652114868164
516,33024,33023,sea_abrupt4,sea,ts_drift_adapt,4,"error_divergence_ph_meta@error.threshold=0.10,error.min_instances=5",error_divergence_ph_meta,"{""divergence"": {""alpha"": 0.1, ""delta"": 0.005, ""min_instances"": 30, ""threshold"": 0.05}, ""error_rate"": {""alpha"": 0.15, ""delta"": 0.005, ""min_instances"": 5, ""threshold"": 0.1}}","{""error_rate"": {""min_instances"": 5, ""threshold"": 0.1}}",0.1,0.005,0.15,5,0.05,0.005,0.1,30,,,,-1,two_stage,2,0.5,"__confirm_cooldown=200,__confirm_rule=perm_test,__perm_alpha=0.02,__perm_delta_k=25,__perm_min_effect=0,__perm_n_perm=200,__perm_post_n=50,__perm_pre_n=200,__perm_rng_seed=0,__perm_stat=delta_fused_score,divergence=0.3,error_rate=0.5,teacher_entropy=0.2",3,0,200,0.0,0,10000,10.0,25.0,200,500,1,136,1.0,0.8565285852713178,0.6544665158825738,0.16666666666666666,0.26258188486099243,0.015125171281397343,0,0,89,77,-1,perm_test,0.004975124378109453,0.01524344321395927,177,77,100,0.0,0.16666666666666666,0,0.0,0.0,0.0,0.0,0,none,0,1,0,overconfident,0.95,0,mild_drift,0.967957929102444,0.0011710785772677678,0.8515685666341263,0.8782058660498067,1768131627.3584213,0.22286029160022736,0.10576015710830688
517,33088,33087,sea_abrupt4,sea,ts_drift_adapt,4,"error_divergence_ph_meta@error.threshold=0.10,error.min_instances=5",error_divergence_ph_meta,"{""divergence"": {""alpha"": 0.1, ""delta"": 0.005, ""min_instances"": 30, ""threshold"": 0.05}, ""error_rate"": {""alpha"": 0.15, ""delta"": 0.005, ""min_instances"": 5, ""threshold"": 0.1}}","{""error_rate"": {""min_instances"": 5, ""threshold"": 0.1}}",0.1,0.005,0.15,5,0.05,0.005,0.1,30,,,,-1,two_stage,2,0.5,"__confirm_cooldown=200,__confirm_rule=perm_test,__perm_alpha=0.02,__perm_delta_k=25,__perm_min_effect=0,__perm_n_perm=200,__perm_post_n=50,__perm_pre_n=200,__perm_rng_seed=0,__perm_stat=delta_fused_score,divergence=0.3,error_rate=0.5,teacher_entropy=0.2",3,0,200,0.0,0,10000,10.0,25.0,200,500,1,72,1.0,0.8565945357833655,0.6548302912198154,0.0,0.3184216618537903,0.022812897339463234,0,0,89,77,-1,perm_test,0.004975124378109453,0.01524344321395927,177,77,100,0.0,0.16666666666666666,0,0.0,0.0,0.0,0.0,0,none,0,1,0,overconfident,0.95,0,mild_drift,0.964128964551222,0.001235539288633884,0.8257842833170632,0.8666029330249033,1768131627.3690426,0.2549333870410919,0.18130061030387878
518,33152,33151,sea_abrupt4,sea,ts_drift_adapt,4,"error_divergence_ph_meta@error.threshold=0.10,error.min_instances=5",error_divergence_ph_meta,"{""divergence"": {""alpha"": 0.1, ""delta"": 0.005, ""min_instances"": 30, ""threshold"": 0.05}, ""error_rate"": {""alpha"": 0.15, ""delta"": 0.005, ""min_instances"": 5, ""threshold"": 0.1}}","{""error_rate"": {""min_instances"": 5, ""threshold"": 0.1}}",0.1,0.005,0.15,5,0.05,0.005,0.1,30,,,,-1,two_stage,2,0.5,"__confirm_cooldown=200,__confirm_rule=perm_test,__perm_alpha=0.02,__perm_delta_k=25,__perm_min_effect=0,__perm_n_perm=200,__perm_post_n=50,__perm_pre_n=200,__perm_rng_seed=0,__perm_stat=delta_fused_score,divergence=0.3,error_rate=0.5,teacher_entropy=0.2",3,0,200,0.0,0,10000,10.0,25.0,200,500,1,8,1.0,0.8566300675675675,0.6552242825729324,0.0,0.2618173360824585,0.008248956874012947,0,0,89,77,-1,perm_test,0.004975124378109453,0.01524344321395927,177,77,100,0.0,0.014563940465450287,0,0.0,0.0,0.0,0.0,0,none,0,1,0,overconfident,0.95,0,mild_drift,0.9622144822756109,0.001267769644316942,0.8128921416585316,0.8608014665124517,1768131627.3794496,0.06550462543964386,0.06865090131759644
519,33216,33215,sea_abrupt4,sea,ts_drift_adapt,4,"error_divergence_ph_meta@error.threshold=0.10,error.min_instances=5",error_divergence_ph_meta,"{""divergence"": {""alpha"": 0.1, ""delta"": 0.005, ""min_instances"": 30, ""threshold"": 0.05}, ""error_rate"": {""alpha"": 0.15, ""delta"": 0.005, ""min_instances"": 5, ""threshold"": 0.1}}","{""error_rate"": {""min_instances"": 5, ""threshold"": 0.1}}",0.1,0.005,0.15,5,0.05,0.005,0.1,30,,,,-1,two_stage,2,0.5,"__confirm_cooldown=200,__confirm_rule=perm_test,__perm_alpha=0.02,__perm_delta_k=25,__perm_min_effect=0,__perm_n_perm=200,__perm_post_n=50,__perm_pre_n=200,__perm_rng_seed=0,__perm_stat=delta_fused_score,divergence=0.3,error_rate=0.5,teacher_entropy=0.2",3,0,200,0.0,0,10000,10.0,25.0,200,500,0,0,1.0,0.8566052504816956,0.6552454676691731,0.3333333333333333,0.2692340314388275,0.009989281184971333,1,1,90,78,0,perm_test,0.004975124378109453,0.11138938719580936,178,78,100,0.3333333333333333,0.3333333333333333,1,0.5,0.0,0.0,0.0,0,none,1,1,0,overconfident,0.95,0,severe_drift,0.9266072411378055,0.001633884822158471,0.6564460708292659,0.8354007332562259,1768131627.3956928,0.5283161997795105,0.10191292315721512
520,33280,33279,sea_abrupt4,sea,ts_drift_adapt,4,"error_divergence_ph_meta@error.threshold=0.10,error.min_instances=5",error_divergence_ph_meta,"{""divergence"": {""alpha"": 0.1, ""delta"": 0.005, ""min_instances"": 30, ""threshold"": 0.05}, ""error_rate"": {""alpha"": 0.15, ""delta"": 0.005, ""min_instances"": 5, ""threshold"": 0.1}}","{""error_rate"": {""min_instances"": 5, ""threshold"": 0.1}}",0.1,0.005,0.15,5,0.05,0.005,0.1,30,,,,-1,two_stage,2,0.5,"__confirm_cooldown=200,__confirm_rule=perm_test,__perm_alpha=0.02,__perm_delta_k=25,__perm_min_effect=0,__perm_n_perm=200,__perm_post_n=50,__perm_pre_n=200,__perm_rng_seed=0,__perm_stat=delta_fused_score,divergence=0.3,error_rate=0.5,teacher_entropy=0.2",3,0,200,0.0,0,10000,10.0,25.0,200,500,1,136,1.0,0.8565504807692308,0.655310982659421,0.0,0.27619463205337524,0.012546378187835217,0,0,90,78,-1,perm_test,0.004975124378109453,0.11138938719580936,178,78,100,0.0,0.3333333333333333,0,0.0,0.0,0.0,0.0,0,none,0,1,0,overconfident,0.95,0,mild_drift,0.9434536205689027,0.0014669424110792355,0.728223035414633,0.8452003666281129,1768131627.4059892,0.11153274029493332,0.10206308215856552
521,33344,33343,sea_abrupt4,sea,ts_drift_adapt,4,"error_divergence_ph_meta@error.threshold=0.10,error.min_instances=5",error_divergence_ph_meta,"{""divergence"": {""alpha"": 0.1, ""delta"": 0.005, ""min_instances"": 30, ""threshold"": 0.05}, ""error_rate"": {""alpha"": 0.15, ""delta"": 0.005, ""min_instances"": 5, ""threshold"": 0.1}}","{""error_rate"": {""min_instances"": 5, ""threshold"": 0.1}}",0.1,0.005,0.15,5,0.05,0.005,0.1,30,,,,-1,two_stage,2,0.5,"__confirm_cooldown=200,__confirm_rule=perm_test,__perm_alpha=0.02,__perm_delta_k=25,__perm_min_effect=0,__perm_n_perm=200,__perm_post_n=50,__perm_pre_n=200,__perm_rng_seed=0,__perm_stat=delta_fused_score,divergence=0.3,error_rate=0.5,teacher_entropy=0.2",3,0,200,0.0,0,10000,10.0,25.0,200,500,1,72,1.0,0.8565559021113244,0.6553498321144804,0.16666666666666666,0.22055783867835999,0.010417697951197624,0,0,90,78,-1,perm_test,0.004975124378109453,0.11138938719580936,178,78,100,0.0,0.16666666666666666,0,0.0,0.0,0.0,0.0,0,none,0,1,0,overconfident,0.95,0,mild_drift,0.9518768102844513,0.0013834712055396177,0.7641115177073166,0.8501001833140565,1768131627.4162035,0.2505744993686676,0.1087295189499855
522,33408,33407,sea_abrupt4,sea,ts_drift_adapt,4,"error_divergence_ph_meta@error.threshold=0.10,error.min_instances=5",error_divergence_ph_meta,"{""divergence"": {""alpha"": 0.1, ""delta"": 0.005, ""min_instances"": 30, ""threshold"": 0.05}, ""error_rate"": {""alpha"": 0.15, ""delta"": 0.005, ""min_instances"": 5, ""threshold"": 0.1}}","{""error_rate"": {""min_instances"": 5, ""threshold"": 0.1}}",0.1,0.005,0.15,5,0.05,0.005,0.1,30,,,,-1,two_stage,2,0.5,"__confirm_cooldown=200,__confirm_rule=perm_test,__perm_alpha=0.02,__perm_delta_k=25,__perm_min_effect=0,__perm_n_perm=200,__perm_post_n=50,__perm_pre_n=200,__perm_rng_seed=0,__perm_stat=delta_fused_score,divergence=0.3,error_rate=0.5,teacher_entropy=0.2",3,0,200,0.0,0,10000,10.0,25.0,200,500,1,8,1.0,0.8565613026819924,0.6555954635164466,0.16666666666666666,0.26634734869003296,0.008909444324672222,0,0,90,78,-1,perm_test,0.004975124378109453,0.11138938719580936,178,78,100,0.0,0.001508253626525402,0,0.0,0.0,0.0,0.0,0,none,0,1,0,overconfident,0.95,0,mild_drift,0.9560884051422256,0.001341735602769809,0.7820557588536583,0.8525500916570282,1768131627.4264822,0.18541854619979858,0.06348643451929092
523,33472,33471,sea_abrupt4,sea,ts_drift_adapt,4,"error_divergence_ph_meta@error.threshold=0.10,error.min_instances=5",error_divergence_ph_meta,"{""divergence"": {""alpha"": 0.1, ""delta"": 0.005, ""min_instances"": 30, ""threshold"": 0.05}, ""error_rate"": {""alpha"": 0.15, ""delta"": 0.005, ""min_instances"": 5, ""threshold"": 0.1}}","{""error_rate"": {""min_instances"": 5, ""threshold"": 0.1}}",0.1,0.005,0.15,5,0.05,0.005,0.1,30,,,,-1,two_stage,2,0.5,"__confirm_cooldown=200,__confirm_rule=perm_test,__perm_alpha=0.02,__perm_delta_k=25,__perm_min_effect=0,__perm_n_perm=200,__perm_post_n=50,__perm_pre_n=200,__perm_rng_seed=0,__perm_stat=delta_fused_score,divergence=0.3,error_rate=0.5,teacher_entropy=0.2",3,0,200,0.0,0,10000,10.0,25.0,200,500,0,0,1.0,0.8565368068833652,0.6556482831250353,0.3333333333333333,0.26220595836639404,0.009970943443477154,0,0,90,78,-1,perm_test,0.004975124378109453,0.11138938719580936,178,78,100,0.0,0.16666666666666666,0,0.0,0.0,0.0,0.0,0,none,0,1,0,overconfident,0.95,0,mild_drift,0.9581942025711128,0.0013208678013849045,0.7910278794268292,0.853775045828514,1768131627.436859,0.2810165286064148,0.09532573074102402
524,33536,33535,sea_abrupt4,sea,ts_drift_adapt,4,"error_divergence_ph_meta@error.threshold=0.10,error.min_instances=5",error_divergence_ph_meta,"{""divergence"": {""alpha"": 0.1, ""delta"": 0.005, ""min_instances"": 30, ""threshold"": 0.05}, ""error_rate"": {""alpha"": 0.15, ""delta"": 0.005, ""min_instances"": 5, ""threshold"": 0.1}}","{""error_rate"": {""min_instances"": 5, ""threshold"": 0.1}}",0.1,0.005,0.15,5,0.05,0.005,0.1,30,,,,-1,two_stage,2,0.5,"__confirm_cooldown=200,__confirm_rule=perm_test,__perm_alpha=0.02,__perm_delta_k=25,__perm_min_effect=0,__perm_n_perm=200,__perm_post_n=50,__perm_pre_n=200,__perm_rng_seed=0,__perm_stat=delta_fused_score,divergence=0.3,error_rate=0.5,teacher_entropy=0.2",3,0,200,0.0,0,10000,10.0,25.0,200,500,0,0,1.0,0.8566614980916031,0.655939343735641,0.0,0.20194286108016968,0.006652272306382656,0,1,91,78,-1,perm_test,1.0,-0.17270229487349154,179,78,101,0.3333333333333333,0.3333333333333333,1,0.5,0.0,0.0,0.0,0,none,0,1,0,overconfident,0.95,0,mild_drift,0.9592471012855563,0.0013104339006924522,0.7955139397134146,0.854387522914257,1768131627.4499342,0.1403016746044159,0.0753844827413559
525,33600,33599,sea_abrupt4,sea,ts_drift_adapt,4,"error_divergence_ph_meta@error.threshold=0.10,error.min_instances=5",error_divergence_ph_meta,"{""divergence"": {""alpha"": 0.1, ""delta"": 0.005, ""min_instances"": 30, ""threshold"": 0.05}, ""error_rate"": {""alpha"": 0.15, ""delta"": 0.005, ""min_instances"": 5, ""threshold"": 0.1}}","{""error_rate"": {""min_instances"": 5, ""threshold"": 0.1}}",0.1,0.005,0.15,5,0.05,0.005,0.1,30,,,,-1,two_stage,2,0.5,"__confirm_cooldown=200,__confirm_rule=perm_test,__perm_alpha=0.02,__perm_delta_k=25,__perm_min_effect=0,__perm_n_perm=200,__perm_post_n=50,__perm_pre_n=200,__perm_rng_seed=0,__perm_stat=delta_fused_score,divergence=0.3,error_rate=0.5,teacher_entropy=0.2",3,0,200,0.0,0,10000,10.0,25.0,200,500,0,0,1.0,0.8567857142857143,0.6563358611957643,0.0,0.3129083514213562,0.017041858285665512,1,0,91,79,1,perm_test,0.004975124378109453,0.026014932148235945,180,79,101,0.0,0.010389585979282856,0,0.0,0.0,0.0,0.0,0,none,1,1,0,overconfident,0.95,0,stable,0.9746235506427782,0.001055216950346226,0.8977569698567073,0.8996937614571285,1768131627.4691699,0.05328527092933655,0.13631698489189148
526,33664,33663,sea_abrupt4,sea,ts_drift_adapt,4,"error_divergence_ph_meta@error.threshold=0.10,error.min_instances=5",error_divergence_ph_meta,"{""divergence"": {""alpha"": 0.1, ""delta"": 0.005, ""min_instances"": 30, ""threshold"": 0.05}, ""error_rate"": {""alpha"": 0.15, ""delta"": 0.005, ""min_instances"": 5, ""threshold"": 0.1}}","{""error_rate"": {""min_instances"": 5, ""threshold"": 0.1}}",0.1,0.005,0.15,5,0.05,0.005,0.1,30,,,,-1,two_stage,2,0.5,"__confirm_cooldown=200,__confirm_rule=perm_test,__perm_alpha=0.02,__perm_delta_k=25,__perm_min_effect=0,__perm_n_perm=200,__perm_post_n=50,__perm_pre_n=200,__perm_rng_seed=0,__perm_stat=delta_fused_score,divergence=0.3,error_rate=0.5,teacher_entropy=0.2",3,0,200,0.0,0,10000,10.0,25.0,200,500,1,136,1.0,0.8568203422053232,0.6565332258944107,0.0,0.26209187507629395,0.013725962489843369,0,0,91,79,-1,perm_test,0.004975124378109453,0.026014932148235945,180,79,101,0.0,0.0033158957958221436,0,0.0,0.0,0.0,0.0,0,none,0,1,0,overconfident,0.95,0,mild_drift,0.967461775321389,0.0011776084751731132,0.8488784849283537,0.8773468807285643,1768131627.4822235,0.042601779103279114,0.09933192282915115
527,33728,33727,sea_abrupt4,sea,ts_drift_adapt,4,"error_divergence_ph_meta@error.threshold=0.10,error.min_instances=5",error_divergence_ph_meta,"{""divergence"": {""alpha"": 0.1, ""delta"": 0.005, ""min_instances"": 30, ""threshold"": 0.05}, ""error_rate"": {""alpha"": 0.15, ""delta"": 0.005, ""min_instances"": 5, ""threshold"": 0.1}}","{""error_rate"": {""min_instances"": 5, ""threshold"": 0.1}}",0.1,0.005,0.15,5,0.05,0.005,0.1,30,,,,-1,two_stage,2,0.5,"__confirm_cooldown=200,__confirm_rule=perm_test,__perm_alpha=0.02,__perm_delta_k=25,__perm_min_effect=0,__perm_n_perm=200,__perm_post_n=50,__perm_pre_n=200,__perm_rng_seed=0,__perm_stat=delta_fused_score,divergence=0.3,error_rate=0.5,teacher_entropy=0.2",3,0,200,0.0,0,10000,10.0,25.0,200,500,1,72,1.0,0.8566472960151803,0.656338005563571,0.6666666666666666,0.268314927816391,0.009655416011810303,0,0,91,79,-1,perm_test,0.004975124378109453,0.026014932148235945,180,79,101,0.0,0.6666666666666666,0,0.0,0.0,0.0,0.0,0,none,0,1,0,overconfident,0.95,0,mild_drift,0.9638808876606945,0.0012388042375865568,0.8244392424641769,0.8661734403642821,1768131627.4925451,1.1290524005889893,0.08438669145107269
528,33792,33791,sea_abrupt4,sea,ts_drift_adapt,4,"error_divergence_ph_meta@error.threshold=0.10,error.min_instances=5",error_divergence_ph_meta,"{""divergence"": {""alpha"": 0.1, ""delta"": 0.005, ""min_instances"": 30, ""threshold"": 0.05}, ""error_rate"": {""alpha"": 0.15, ""delta"": 0.005, ""min_instances"": 5, ""threshold"": 0.1}}","{""error_rate"": {""min_instances"": 5, ""threshold"": 0.1}}",0.1,0.005,0.15,5,0.05,0.005,0.1,30,,,,-1,two_stage,2,0.5,"__confirm_cooldown=200,__confirm_rule=perm_test,__perm_alpha=0.02,__perm_delta_k=25,__perm_min_effect=0,__perm_n_perm=200,__perm_post_n=50,__perm_pre_n=200,__perm_rng_seed=0,__perm_stat=delta_fused_score,divergence=0.3,error_rate=0.5,teacher_entropy=0.2",3,0,200,0.0,0,10000,10.0,25.0,200,500,1,8,1.0,0.8566820549242424,0.6566270849633379,0.3333333333333333,0.25558385252952576,0.01744549162685871,0,0,91,79,-1,perm_test,0.004975124378109453,0.026014932148235945,180,79,101,0.0,0.3333333333333333,0,0.0,0.0,0.0,0.0,0,none,0,1,0,overconfident,0.95,0,mild_drift,0.9620904438303473,0.0012694021187932784,0.8122196212320885,0.8605867201821411,1768131627.502695,0.451086163520813,0.17307037115097046
529,33856,33855,sea_abrupt4,sea,ts_drift_adapt,4,"error_divergence_ph_meta@error.threshold=0.10,error.min_instances=5",error_divergence_ph_meta,"{""divergence"": {""alpha"": 0.1, ""delta"": 0.005, ""min_instances"": 30, ""threshold"": 0.05}, ""error_rate"": {""alpha"": 0.15, ""delta"": 0.005, ""min_instances"": 5, ""threshold"": 0.1}}","{""error_rate"": {""min_instances"": 5, ""threshold"": 0.1}}",0.1,0.005,0.15,5,0.05,0.005,0.1,30,,,,-1,two_stage,2,0.5,"__confirm_cooldown=200,__confirm_rule=perm_test,__perm_alpha=0.02,__perm_delta_k=25,__perm_min_effect=0,__perm_n_perm=200,__perm_post_n=50,__perm_pre_n=200,__perm_rng_seed=0,__perm_stat=delta_fused_score,divergence=0.3,error_rate=0.5,teacher_entropy=0.2",3,0,200,0.0,0,10000,10.0,25.0,200,500,0,0,1.0,0.8567462192816635,0.6568402958156625,0.16666666666666666,0.20709075033664703,0.010046028532087803,0,1,92,79,-1,perm_test,1.0,-0.1938206330680151,181,79,102,0.16666666666666666,0.16666666666666666,1,0.5,0.0,0.0,0.0,0,none,0,1,0,overconfident,0.95,0,mild_drift,0.9611952219151736,0.0012847010593966392,0.8061098106160443,0.8577933600910705,1768131627.5132375,0.5789480805397034,0.11287948489189148
530,33920,33919,sea_abrupt4,sea,ts_drift_adapt,4,"error_divergence_ph_meta@error.threshold=0.10,error.min_instances=5",error_divergence_ph_meta,"{""divergence"": {""alpha"": 0.1, ""delta"": 0.005, ""min_instances"": 30, ""threshold"": 0.05}, ""error_rate"": {""alpha"": 0.15, ""delta"": 0.005, ""min_instances"": 5, ""threshold"": 0.1}}","{""error_rate"": {""min_instances"": 5, ""threshold"": 0.1}}",0.1,0.005,0.15,5,0.05,0.005,0.1,30,,,,-1,two_stage,2,0.5,"__confirm_cooldown=200,__confirm_rule=perm_test,__perm_alpha=0.02,__perm_delta_k=25,__perm_min_effect=0,__perm_n_perm=200,__perm_post_n=50,__perm_pre_n=200,__perm_rng_seed=0,__perm_stat=delta_fused_score,divergence=0.3,error_rate=0.5,teacher_entropy=0.2",3,0,200,0.0,0,10000,10.0,25.0,200,500,0,0,1.0,0.8569280660377359,0.6574029593830838,0.0,0.26698037981987,0.030149541795253754,0,0,92,79,-1,perm_test,1.0,-0.06738188177399661,182,79,103,0.0,0.16666666666666666,0,0.0,0.0,0.0,0.0,0,none,0,1,0,overconfident,0.95,0,mild_drift,0.9607476109575868,0.0012923505296983198,0.8030549053080221,0.8563966800455353,1768131627.5238986,0.1129741370677948,0.24383513629436493
531,33984,33983,sea_abrupt4,sea,ts_drift_adapt,4,"error_divergence_ph_meta@error.threshold=0.10,error.min_instances=5",error_divergence_ph_meta,"{""divergence"": {""alpha"": 0.1, ""delta"": 0.005, ""min_instances"": 30, ""threshold"": 0.05}, ""error_rate"": {""alpha"": 0.15, ""delta"": 0.005, ""min_instances"": 5, ""threshold"": 0.1}}","{""error_rate"": {""min_instances"": 5, ""threshold"": 0.1}}",0.1,0.005,0.15,5,0.05,0.005,0.1,30,,,,-1,two_stage,2,0.5,"__confirm_cooldown=200,__confirm_rule=perm_test,__perm_alpha=0.02,__perm_delta_k=25,__perm_min_effect=0,__perm_n_perm=200,__perm_post_n=50,__perm_pre_n=200,__perm_rng_seed=0,__perm_stat=delta_fused_score,divergence=0.3,error_rate=0.5,teacher_entropy=0.2",3,0,200,0.0,0,10000,10.0,25.0,200,500,0,0,1.0,0.8570503766478342,0.6579219065431523,0.0,0.27005478739738464,0.022782860323786736,0,0,92,79,-1,perm_test,1.0,-0.0960733633497995,183,79,104,0.0,0.007366681471467018,0,0.0,0.0,0.0,0.0,0,none,0,1,0,overconfident,0.95,0,mild_drift,0.9605238054787933,0.00129617526484916,0.801527452654011,0.8556983400227676,1768131627.5343316,0.04935676231980324,0.17364296317100525
532,34048,34047,sea_abrupt4,sea,ts_drift_adapt,4,"error_divergence_ph_meta@error.threshold=0.10,error.min_instances=5",error_divergence_ph_meta,"{""divergence"": {""alpha"": 0.1, ""delta"": 0.005, ""min_instances"": 30, ""threshold"": 0.05}, ""error_rate"": {""alpha"": 0.15, ""delta"": 0.005, ""min_instances"": 5, ""threshold"": 0.1}}","{""error_rate"": {""min_instances"": 5, ""threshold"": 0.1}}",0.1,0.005,0.15,5,0.05,0.005,0.1,30,,,,-1,two_stage,2,0.5,"__confirm_cooldown=200,__confirm_rule=perm_test,__perm_alpha=0.02,__perm_delta_k=25,__perm_min_effect=0,__perm_n_perm=200,__perm_post_n=50,__perm_pre_n=200,__perm_rng_seed=0,__perm_stat=delta_fused_score,divergence=0.3,error_rate=0.5,teacher_entropy=0.2",3,0,200,0.0,0,10000,10.0,25.0,200,500,0,0,1.0,0.8571134868421053,0.6582261206670549,0.0,0.2996389865875244,0.021892685443162918,0,0,92,79,-1,perm_test,1.0,-0.0951852812492557,184,79,105,0.0,0.0008901748806238174,0,0.0,0.0,0.0,0.0,0,none,0,1,0,overconfident,0.95,0,mild_drift,0.9604119027393967,0.00129808763242458,0.8007637263270055,0.8553491700113838,1768131627.544905,0.09785930067300797,0.22678184509277344
533,34112,34111,sea_abrupt4,sea,ts_drift_adapt,4,"error_divergence_ph_meta@error.threshold=0.10,error.min_instances=5",error_divergence_ph_meta,"{""divergence"": {""alpha"": 0.1, ""delta"": 0.005, ""min_instances"": 30, ""threshold"": 0.05}, ""error_rate"": {""alpha"": 0.15, ""delta"": 0.005, ""min_instances"": 5, ""threshold"": 0.1}}","{""error_rate"": {""min_instances"": 5, ""threshold"": 0.1}}",0.1,0.005,0.15,5,0.05,0.005,0.1,30,,,,-1,two_stage,2,0.5,"__confirm_cooldown=200,__confirm_rule=perm_test,__perm_alpha=0.02,__perm_delta_k=25,__perm_min_effect=0,__perm_n_perm=200,__perm_post_n=50,__perm_pre_n=200,__perm_rng_seed=0,__perm_stat=delta_fused_score,divergence=0.3,error_rate=0.5,teacher_entropy=0.2",3,0,200,0.0,0,10000,10.0,25.0,200,500,0,0,1.0,0.8571177298311444,0.6584078206487278,0.16666666666666666,0.29283076524734497,0.02897796407341957,0,0,92,79,-1,perm_test,1.0,-0.0951852812492557,184,79,105,0.0,0.16666666666666666,0,0.0,0.0,0.0,0.0,0,none,0,1,0,overconfident,0.95,0,mild_drift,0.9603559513696983,0.0012990438162122902,0.8003818631635028,0.8551745850056919,1768131627.5557017,0.18796557188034058,0.25067728757858276
534,34176,34175,sea_abrupt4,sea,ts_drift_adapt,4,"error_divergence_ph_meta@error.threshold=0.10,error.min_instances=5",error_divergence_ph_meta,"{""divergence"": {""alpha"": 0.1, ""delta"": 0.005, ""min_instances"": 30, ""threshold"": 0.05}, ""error_rate"": {""alpha"": 0.15, ""delta"": 0.005, ""min_instances"": 5, ""threshold"": 0.1}}","{""error_rate"": {""min_instances"": 5, ""threshold"": 0.1}}",0.1,0.005,0.15,5,0.05,0.005,0.1,30,,,,-1,two_stage,2,0.5,"__confirm_cooldown=200,__confirm_rule=perm_test,__perm_alpha=0.02,__perm_delta_k=25,__perm_min_effect=0,__perm_n_perm=200,__perm_post_n=50,__perm_pre_n=200,__perm_rng_seed=0,__perm_stat=delta_fused_score,divergence=0.3,error_rate=0.5,teacher_entropy=0.2",3,0,200,0.0,0,10000,10.0,25.0,200,500,0,0,1.0,0.8571804775280899,0.6587363697331002,0.0,0.26017990708351135,0.026057815179228783,0,1,93,79,-1,perm_test,1.0,-0.08243123090485904,185,79,106,0.16666666666666666,0.16666666666666666,1,0.5,0.0,0.0,0.0,0,none,0,1,0,overconfident,0.95,0,mild_drift,0.9603279756848491,0.001299521908106145,0.8001909315817515,0.8550872925028459,1768131627.5668552,0.13855701684951782,0.23052668571472168
535,34240,34239,sea_abrupt4,sea,ts_drift_adapt,4,"error_divergence_ph_meta@error.threshold=0.10,error.min_instances=5",error_divergence_ph_meta,"{""divergence"": {""alpha"": 0.1, ""delta"": 0.005, ""min_instances"": 30, ""threshold"": 0.05}, ""error_rate"": {""alpha"": 0.15, ""delta"": 0.005, ""min_instances"": 5, ""threshold"": 0.1}}","{""error_rate"": {""min_instances"": 5, ""threshold"": 0.1}}",0.1,0.005,0.15,5,0.05,0.005,0.1,30,,,,-1,two_stage,2,0.5,"__confirm_cooldown=200,__confirm_rule=perm_test,__perm_alpha=0.02,__perm_delta_k=25,__perm_min_effect=0,__perm_n_perm=200,__perm_post_n=50,__perm_pre_n=200,__perm_rng_seed=0,__perm_stat=delta_fused_score,divergence=0.3,error_rate=0.5,teacher_entropy=0.2",3,0,200,0.0,0,10000,10.0,25.0,200,500,0,0,1.0,0.8571261682242991,0.6588434236670377,0.3333333333333333,0.2842417359352112,0.01775386556982994,0,0,93,79,-1,perm_test,1.0,-0.007632677838482335,186,79,107,0.0,0.3333333333333333,0,0.0,0.0,0.0,0.0,0,none,0,1,0,overconfident,0.95,0,mild_drift,0.9603139878424245,0.0012997609540530727,0.8000954657908758,0.8550436462514229,1768131627.5778198,0.5665655136108398,0.19653694331645966
536,34304,34303,sea_abrupt4,sea,ts_drift_adapt,4,"error_divergence_ph_meta@error.threshold=0.10,error.min_instances=5",error_divergence_ph_meta,"{""divergence"": {""alpha"": 0.1, ""delta"": 0.005, ""min_instances"": 30, ""threshold"": 0.05}, ""error_rate"": {""alpha"": 0.15, ""delta"": 0.005, ""min_instances"": 5, ""threshold"": 0.1}}","{""error_rate"": {""min_instances"": 5, ""threshold"": 0.1}}",0.1,0.005,0.15,5,0.05,0.005,0.1,30,,,,-1,two_stage,2,0.5,"__confirm_cooldown=200,__confirm_rule=perm_test,__perm_alpha=0.02,__perm_delta_k=25,__perm_min_effect=0,__perm_n_perm=200,__perm_post_n=50,__perm_pre_n=200,__perm_rng_seed=0,__perm_stat=delta_fused_score,divergence=0.3,error_rate=0.5,teacher_entropy=0.2",3,0,200,0.0,0,10000,10.0,25.0,200,500,0,0,1.0,0.8571886660447762,0.659040132193066,0.16666666666666666,0.26481130719184875,0.0137107502669096,0,0,93,79,-1,perm_test,1.0,-0.05465975697766807,187,79,108,0.0,0.16666666666666666,0,0.0,0.0,0.0,0.0,0,none,0,1,0,overconfident,0.95,0,mild_drift,0.9603069939212122,0.0012998804770265365,0.8000477328954378,0.8550218231257114,1768131627.5888152,0.3693123757839203,0.12502770125865936
537,34368,34367,sea_abrupt4,sea,ts_drift_adapt,4,"error_divergence_ph_meta@error.threshold=0.10,error.min_instances=5",error_divergence_ph_meta,"{""divergence"": {""alpha"": 0.1, ""delta"": 0.005, ""min_instances"": 30, ""threshold"": 0.05}, ""error_rate"": {""alpha"": 0.15, ""delta"": 0.005, ""min_instances"": 5, ""threshold"": 0.1}}","{""error_rate"": {""min_instances"": 5, ""threshold"": 0.1}}",0.1,0.005,0.15,5,0.05,0.005,0.1,30,,,,-1,two_stage,2,0.5,"__confirm_cooldown=200,__confirm_rule=perm_test,__perm_alpha=0.02,__perm_delta_k=25,__perm_min_effect=0,__perm_n_perm=200,__perm_post_n=50,__perm_pre_n=200,__perm_rng_seed=0,__perm_stat=delta_fused_score,divergence=0.3,error_rate=0.5,teacher_entropy=0.2",3,0,200,0.0,0,10000,10.0,25.0,200,500,0,0,1.0,0.8573091247672253,0.6594333459035754,0.16666666666666666,0.2086723893880844,0.010828066617250443,0,0,93,79,-1,perm_test,1.0,-0.005199089205538258,188,79,109,0.0,0.002882683649659157,0,0.0,0.0,0.0,0.0,0,none,0,1,0,overconfident,0.95,0,mild_drift,0.9603034969606061,0.0012999402385132685,0.800023866447719,0.8550109115628557,1768131627.5998056,0.3064160943031311,0.11664460599422455
538,34432,34431,sea_abrupt4,sea,ts_drift_adapt,4,"error_divergence_ph_meta@error.threshold=0.10,error.min_instances=5",error_divergence_ph_meta,"{""divergence"": {""alpha"": 0.1, ""delta"": 0.005, ""min_instances"": 30, ""threshold"": 0.05}, ""error_rate"": {""alpha"": 0.15, ""delta"": 0.005, ""min_instances"": 5, ""threshold"": 0.1}}","{""error_rate"": {""min_instances"": 5, ""threshold"": 0.1}}",0.1,0.005,0.15,5,0.05,0.005,0.1,30,,,,-1,two_stage,2,0.5,"__confirm_cooldown=200,__confirm_rule=perm_test,__perm_alpha=0.02,__perm_delta_k=25,__perm_min_effect=0,__perm_n_perm=200,__perm_post_n=50,__perm_pre_n=200,__perm_rng_seed=0,__perm_stat=delta_fused_score,divergence=0.3,error_rate=0.5,teacher_entropy=0.2",3,0,200,0.0,0,10000,10.0,25.0,200,500,0,0,1.0,0.8574291356877324,0.6598555602053852,0.16666666666666666,0.278849720954895,0.02227970026433468,0,0,93,79,-1,perm_test,1.0,-0.005199089205538258,188,79,109,0.0,0.011451633647084236,0,0.0,0.0,0.0,0.0,0,none,0,1,0,overconfident,0.95,0,mild_drift,0.960301748480303,0.0012999701192566342,0.8000119332238596,0.8550054557814278,1768131627.6107554,0.2696821093559265,0.19444215297698975
539,34496,34495,sea_abrupt4,sea,ts_drift_adapt,4,"error_divergence_ph_meta@error.threshold=0.10,error.min_instances=5",error_divergence_ph_meta,"{""divergence"": {""alpha"": 0.1, ""delta"": 0.005, ""min_instances"": 30, ""threshold"": 0.05}, ""error_rate"": {""alpha"": 0.15, ""delta"": 0.005, ""min_instances"": 5, ""threshold"": 0.1}}","{""error_rate"": {""min_instances"": 5, ""threshold"": 0.1}}",0.1,0.005,0.15,5,0.05,0.005,0.1,30,,,,-1,two_stage,2,0.5,"__confirm_cooldown=200,__confirm_rule=perm_test,__perm_alpha=0.02,__perm_delta_k=25,__perm_min_effect=0,__perm_n_perm=200,__perm_post_n=50,__perm_pre_n=200,__perm_rng_seed=0,__perm_stat=delta_fused_score,divergence=0.3,error_rate=0.5,teacher_entropy=0.2",3,0,200,0.0,0,10000,10.0,25.0,200,500,0,0,1.0,0.8574037569573284,0.6599149815031606,0.16666666666666666,0.2765344977378845,0.019583512097597122,0,0,93,79,-1,perm_test,1.0,-0.005199089205538258,188,79,109,0.0,0.0026961881667375565,0,0.0,0.0,0.0,0.0,0,none,0,1,0,overconfident,0.95,0,mild_drift,0.9603008742401515,0.001299985059628317,0.8000059666119298,0.855002727890714,1768131627.621607,0.31739118695259094,0.18671828508377075
540,34560,34559,sea_abrupt4,sea,ts_drift_adapt,4,"error_divergence_ph_meta@error.threshold=0.10,error.min_instances=5",error_divergence_ph_meta,"{""divergence"": {""alpha"": 0.1, ""delta"": 0.005, ""min_instances"": 30, ""threshold"": 0.05}, ""error_rate"": {""alpha"": 0.15, ""delta"": 0.005, ""min_instances"": 5, ""threshold"": 0.1}}","{""error_rate"": {""min_instances"": 5, ""threshold"": 0.1}}",0.1,0.005,0.15,5,0.05,0.005,0.1,30,,,,-1,two_stage,2,0.5,"__confirm_cooldown=200,__confirm_rule=perm_test,__perm_alpha=0.02,__perm_delta_k=25,__perm_min_effect=0,__perm_n_perm=200,__perm_post_n=50,__perm_pre_n=200,__perm_rng_seed=0,__perm_stat=delta_fused_score,divergence=0.3,error_rate=0.5,teacher_entropy=0.2",3,0,200,0.0,0,10000,10.0,25.0,200,500,0,0,1.0,0.8574942129629629,0.6602997348706168,0.16666666666666666,0.22746267914772034,0.014724447391927242,0,0,93,79,-1,perm_test,1.0,-0.005199089205538258,188,79,109,0.0,0.00485906470566988,0,0.0,0.0,0.0,0.0,0,none,0,1,0,overconfident,0.95,0,mild_drift,0.9603004371200757,0.0012999925298141585,0.800002983305965,0.855001363945357,1768131627.6328597,0.16131608188152313,0.10457082837820053
541,34624,34623,sea_abrupt4,sea,ts_drift_adapt,4,"error_divergence_ph_meta@error.threshold=0.10,error.min_instances=5",error_divergence_ph_meta,"{""divergence"": {""alpha"": 0.1, ""delta"": 0.005, ""min_instances"": 30, ""threshold"": 0.05}, ""error_rate"": {""alpha"": 0.15, ""delta"": 0.005, ""min_instances"": 5, ""threshold"": 0.1}}","{""error_rate"": {""min_instances"": 5, ""threshold"": 0.1}}",0.1,0.005,0.15,5,0.05,0.005,0.1,30,,,,-1,two_stage,2,0.5,"__confirm_cooldown=200,__confirm_rule=perm_test,__perm_alpha=0.02,__perm_delta_k=25,__perm_min_effect=0,__perm_n_perm=200,__perm_post_n=50,__perm_pre_n=200,__perm_rng_seed=0,__perm_stat=delta_fused_score,divergence=0.3,error_rate=0.5,teacher_entropy=0.2",3,0,200,0.0,0,10000,10.0,25.0,200,500,0,0,1.0,0.8575843345656192,0.6606442164342731,0.0,0.2475220113992691,0.015422077849507332,0,1,94,79,-1,perm_test,1.0,-0.07614974103376787,189,79,110,0.0,0.16666666666666666,1,0.5,0.0,0.0,0.0,0,none,0,1,0,overconfident,0.95,0,mild_drift,0.9603002185600378,0.0012999962649070792,0.8000014916529825,0.8550006819726785,1768131627.6437533,0.044680073857307434,0.10874441266059875
542,34688,34687,sea_abrupt4,sea,ts_drift_adapt,4,"error_divergence_ph_meta@error.threshold=0.10,error.min_instances=5",error_divergence_ph_meta,"{""divergence"": {""alpha"": 0.1, ""delta"": 0.005, ""min_instances"": 30, ""threshold"": 0.05}, ""error_rate"": {""alpha"": 0.15, ""delta"": 0.005, ""min_instances"": 5, ""threshold"": 0.1}}","{""error_rate"": {""min_instances"": 5, ""threshold"": 0.1}}",0.1,0.005,0.15,5,0.05,0.005,0.1,30,,,,-1,two_stage,2,0.5,"__confirm_cooldown=200,__confirm_rule=perm_test,__perm_alpha=0.02,__perm_delta_k=25,__perm_min_effect=0,__perm_n_perm=200,__perm_post_n=50,__perm_pre_n=200,__perm_rng_seed=0,__perm_stat=delta_fused_score,divergence=0.3,error_rate=0.5,teacher_entropy=0.2",3,0,200,0.0,0,10000,10.0,25.0,200,500,0,0,1.0,0.8577894372693727,0.6613719234619853,0.0,0.25758984684944153,0.017387205734848976,1,0,94,80,1,perm_test,0.004975124378109453,0.07872183166646227,190,80,110,0.0,0.0019651278853416443,0,0.0,0.0,0.0,0.0,0,none,1,1,0,overconfident,0.95,0,stable,0.9751501092800189,0.0010499981324535396,0.9000007458264913,0.9000003409863393,1768131627.6604784,0.10962647199630737,0.11302521824836731
543,34752,34751,sea_abrupt4,sea,ts_drift_adapt,4,"error_divergence_ph_meta@error.threshold=0.10,error.min_instances=5",error_divergence_ph_meta,"{""divergence"": {""alpha"": 0.1, ""delta"": 0.005, ""min_instances"": 30, ""threshold"": 0.05}, ""error_rate"": {""alpha"": 0.15, ""delta"": 0.005, ""min_instances"": 5, ""threshold"": 0.1}}","{""error_rate"": {""min_instances"": 5, ""threshold"": 0.1}}",0.1,0.005,0.15,5,0.05,0.005,0.1,30,,,,-1,two_stage,2,0.5,"__confirm_cooldown=200,__confirm_rule=perm_test,__perm_alpha=0.02,__perm_delta_k=25,__perm_min_effect=0,__perm_n_perm=200,__perm_post_n=50,__perm_pre_n=200,__perm_rng_seed=0,__perm_stat=delta_fused_score,divergence=0.3,error_rate=0.5,teacher_entropy=0.2",3,0,200,0.0,0,10000,10.0,25.0,200,500,1,136,1.0,0.8577923572744015,0.6614271152683225,0.16666666666666666,0.22399352490901947,0.023638349026441574,0,0,94,80,-1,perm_test,0.004975124378109453,0.07872183166646227,190,80,110,0.0,0.16666666666666666,0,0.0,0.0,0.0,0.0,0,none,0,1,0,overconfident,0.95,0,mild_drift,0.9677250546400094,0.0011749990662267699,0.8500003729132457,0.8775001704931696,1768131627.673961,0.5083208680152893,0.20280006527900696
544,34816,34815,sea_abrupt4,sea,ts_drift_adapt,4,"error_divergence_ph_meta@error.threshold=0.10,error.min_instances=5",error_divergence_ph_meta,"{""divergence"": {""alpha"": 0.1, ""delta"": 0.005, ""min_instances"": 30, ""threshold"": 0.05}, ""error_rate"": {""alpha"": 0.15, ""delta"": 0.005, ""min_instances"": 5, ""threshold"": 0.1}}","{""error_rate"": {""min_instances"": 5, ""threshold"": 0.1}}",0.1,0.005,0.15,5,0.05,0.005,0.1,30,,,,-1,two_stage,2,0.5,"__confirm_cooldown=200,__confirm_rule=perm_test,__perm_alpha=0.02,__perm_delta_k=25,__perm_min_effect=0,__perm_n_perm=200,__perm_post_n=50,__perm_pre_n=200,__perm_rng_seed=0,__perm_stat=delta_fused_score,divergence=0.3,error_rate=0.5,teacher_entropy=0.2",3,0,200,0.0,0,10000,10.0,25.0,200,500,1,72,1.0,0.8579388786764706,0.6619069641756643,0.0,0.23102807998657227,0.014949771575629711,0,0,94,80,-1,perm_test,0.004975124378109453,0.07872183166646227,190,80,110,0.0,0.16666666666666666,0,0.0,0.0,0.0,0.0,0,none,0,1,0,overconfident,0.95,0,mild_drift,0.9640125273200046,0.001237499533113385,0.8250001864566229,0.8662500852465849,1768131627.687405,0.19713862240314484,0.15732303261756897
545,34880,34879,sea_abrupt4,sea,ts_drift_adapt,4,"error_divergence_ph_meta@error.threshold=0.10,error.min_instances=5",error_divergence_ph_meta,"{""divergence"": {""alpha"": 0.1, ""delta"": 0.005, ""min_instances"": 30, ""threshold"": 0.05}, ""error_rate"": {""alpha"": 0.15, ""delta"": 0.005, ""min_instances"": 5, ""threshold"": 0.1}}","{""error_rate"": {""min_instances"": 5, ""threshold"": 0.1}}",0.1,0.005,0.15,5,0.05,0.005,0.1,30,,,,-1,two_stage,2,0.5,"__confirm_cooldown=200,__confirm_rule=perm_test,__perm_alpha=0.02,__perm_delta_k=25,__perm_min_effect=0,__perm_n_perm=200,__perm_post_n=50,__perm_pre_n=200,__perm_rng_seed=0,__perm_stat=delta_fused_score,divergence=0.3,error_rate=0.5,teacher_entropy=0.2",3,0,200,0.0,0,10000,10.0,25.0,200,500,1,8,1.0,0.8580561926605504,0.6623199467023178,0.0,0.24574729800224304,0.011763065122067928,0,0,94,80,-1,perm_test,0.004975124378109453,0.07872183166646227,190,80,110,0.0,0.003186706453561783,0,0.0,0.0,0.0,0.0,0,none,0,1,0,overconfident,0.95,0,mild_drift,0.9621562636600023,0.0012687497665566927,0.8125000932283115,0.8606250426232924,1768131627.6998549,0.016467900946736336,0.11737622320652008
546,34944,34943,sea_abrupt4,sea,ts_drift_adapt,4,"error_divergence_ph_meta@error.threshold=0.10,error.min_instances=5",error_divergence_ph_meta,"{""divergence"": {""alpha"": 0.1, ""delta"": 0.005, ""min_instances"": 30, ""threshold"": 0.05}, ""error_rate"": {""alpha"": 0.15, ""delta"": 0.005, ""min_instances"": 5, ""threshold"": 0.1}}","{""error_rate"": {""min_instances"": 5, ""threshold"": 0.1}}",0.1,0.005,0.15,5,0.05,0.005,0.1,30,,,,-1,two_stage,2,0.5,"__confirm_cooldown=200,__confirm_rule=perm_test,__perm_alpha=0.02,__perm_delta_k=25,__perm_min_effect=0,__perm_n_perm=200,__perm_post_n=50,__perm_pre_n=200,__perm_rng_seed=0,__perm_stat=delta_fused_score,divergence=0.3,error_rate=0.5,teacher_entropy=0.2",3,0,200,0.0,0,10000,10.0,25.0,200,500,0,0,1.0,0.8580872252747253,0.6625980261585023,0.16666666666666666,0.23074063658714294,0.012176580727100372,1,1,95,81,0,perm_test,0.004975124378109453,0.03725869064013572,191,81,110,0.16666666666666666,0.16666666666666666,1,0.5,0.0,0.0,0.0,0,none,1,1,0,overconfident,0.95,0,severe_drift,0.9265781318300012,0.0016343748832783464,0.6562500466141558,0.8353125213116462,1768131627.7150047,0.2510475814342499,0.12268094718456268
547,35008,35007,sea_abrupt4,sea,ts_drift_adapt,4,"error_divergence_ph_meta@error.threshold=0.10,error.min_instances=5",error_divergence_ph_meta,"{""divergence"": {""alpha"": 0.1, ""delta"": 0.005, ""min_instances"": 30, ""threshold"": 0.05}, ""error_rate"": {""alpha"": 0.15, ""delta"": 0.005, ""min_instances"": 5, ""threshold"": 0.1}}","{""error_rate"": {""min_instances"": 5, ""threshold"": 0.1}}",0.1,0.005,0.15,5,0.05,0.005,0.1,30,,,,-1,two_stage,2,0.5,"__confirm_cooldown=200,__confirm_rule=perm_test,__perm_alpha=0.02,__perm_delta_k=25,__perm_min_effect=0,__perm_n_perm=200,__perm_post_n=50,__perm_pre_n=200,__perm_rng_seed=0,__perm_stat=delta_fused_score,divergence=0.3,error_rate=0.5,teacher_entropy=0.2",3,0,200,0.0,0,10000,10.0,25.0,200,500,1,136,1.0,0.858032449725777,0.6625329773175143,0.3333333333333333,0.24116450548171997,0.011569538153707981,0,0,95,81,-1,perm_test,0.004975124378109453,0.03725869064013572,191,81,110,0.0,0.16666666666666666,0,0.0,0.0,0.0,0.0,0,none,0,1,0,overconfident,0.95,0,mild_drift,0.9434390659150005,0.0014671874416391732,0.728125023307078,0.8451562606558232,1768131627.7247946,0.5599601864814758,0.09675268828868866
548,35072,35071,sea_abrupt4,sea,ts_drift_adapt,4,"error_divergence_ph_meta@error.threshold=0.10,error.min_instances=5",error_divergence_ph_meta,"{""divergence"": {""alpha"": 0.1, ""delta"": 0.005, ""min_instances"": 30, ""threshold"": 0.05}, ""error_rate"": {""alpha"": 0.15, ""delta"": 0.005, ""min_instances"": 5, ""threshold"": 0.1}}","{""error_rate"": {""min_instances"": 5, ""threshold"": 0.1}}",0.1,0.005,0.15,5,0.05,0.005,0.1,30,,,,-1,two_stage,2,0.5,"__confirm_cooldown=200,__confirm_rule=perm_test,__perm_alpha=0.02,__perm_delta_k=25,__perm_min_effect=0,__perm_n_perm=200,__perm_post_n=50,__perm_pre_n=200,__perm_rng_seed=0,__perm_stat=delta_fused_score,divergence=0.3,error_rate=0.5,teacher_entropy=0.2",3,0,200,0.0,0,10000,10.0,25.0,200,500,1,72,1.0,0.8581774635036497,0.6629684620566384,0.16666666666666666,0.2521911859512329,0.014227324165403843,0,0,95,81,-1,perm_test,0.004975124378109453,0.03725869064013572,191,81,110,0.0,0.16666666666666666,0,0.0,0.0,0.0,0.0,0,none,0,1,0,overconfident,0.95,0,mild_drift,0.9518695329575002,0.0013835937208195865,0.764062511653539,0.8500781303279116,1768131627.735377,0.2134220451116562,0.1368579864501953
549,35136,35135,sea_abrupt4,sea,ts_drift_adapt,4,"error_divergence_ph_meta@error.threshold=0.10,error.min_instances=5",error_divergence_ph_meta,"{""divergence"": {""alpha"": 0.1, ""delta"": 0.005, ""min_instances"": 30, ""threshold"": 0.05}, ""error_rate"": {""alpha"": 0.15, ""delta"": 0.005, ""min_instances"": 5, ""threshold"": 0.1}}","{""error_rate"": {""min_instances"": 5, ""threshold"": 0.1}}",0.1,0.005,0.15,5,0.05,0.005,0.1,30,,,,-1,two_stage,2,0.5,"__confirm_cooldown=200,__confirm_rule=perm_test,__perm_alpha=0.02,__perm_delta_k=25,__perm_min_effect=0,__perm_n_perm=200,__perm_post_n=50,__perm_pre_n=200,__perm_rng_seed=0,__perm_stat=delta_fused_score,divergence=0.3,error_rate=0.5,teacher_entropy=0.2",3,0,200,0.0,0,10000,10.0,25.0,200,500,1,8,1.0,0.8581511839708561,0.663133529830187,0.16666666666666666,0.21905909478664398,0.00932543445378542,0,0,95,81,-1,perm_test,0.004975124378109453,0.03725869064013572,191,81,110,0.0,0.0049018897116184235,0,0.0,0.0,0.0,0.0,0,none,0,1,0,overconfident,0.95,0,mild_drift,0.9560847664787501,0.0013417968604097935,0.7820312558267695,0.8525390651639557,1768131627.745643,0.17957937717437744,0.07591872662305832
550,35200,35199,sea_abrupt4,sea,ts_drift_adapt,4,"error_divergence_ph_meta@error.threshold=0.10,error.min_instances=5",error_divergence_ph_meta,"{""divergence"": {""alpha"": 0.1, ""delta"": 0.005, ""min_instances"": 30, ""threshold"": 0.05}, ""error_rate"": {""alpha"": 0.15, ""delta"": 0.005, ""min_instances"": 5, ""threshold"": 0.1}}","{""error_rate"": {""min_instances"": 5, ""threshold"": 0.1}}",0.1,0.005,0.15,5,0.05,0.005,0.1,30,,,,-1,two_stage,2,0.5,"__confirm_cooldown=200,__confirm_rule=perm_test,__perm_alpha=0.02,__perm_delta_k=25,__perm_min_effect=0,__perm_n_perm=200,__perm_post_n=50,__perm_pre_n=200,__perm_rng_seed=0,__perm_stat=delta_fused_score,divergence=0.3,error_rate=0.5,teacher_entropy=0.2",3,0,200,0.0,0,10000,10.0,25.0,200,500,0,0,1.0,0.8581818181818182,0.6633179862392523,0.16666666666666666,0.25845009088516235,0.016336198896169662,0,0,95,81,-1,perm_test,0.004975124378109453,0.03725869064013572,191,81,110,0.0,0.007010764442384243,0,0.0,0.0,0.0,0.0,0,none,0,1,0,overconfident,0.95,0,mild_drift,0.9581923832393751,0.001320898430204897,0.7910156279133848,0.8537695325819779,1768131627.7563038,0.44295966625213623,0.18221846222877502
551,35264,35263,sea_abrupt4,sea,ts_drift_adapt,4,"error_divergence_ph_meta@error.threshold=0.10,error.min_instances=5",error_divergence_ph_meta,"{""divergence"": {""alpha"": 0.1, ""delta"": 0.005, ""min_instances"": 30, ""threshold"": 0.05}, ""error_rate"": {""alpha"": 0.15, ""delta"": 0.005, ""min_instances"": 5, ""threshold"": 0.1}}","{""error_rate"": {""min_instances"": 5, ""threshold"": 0.1}}",0.1,0.005,0.15,5,0.05,0.005,0.1,30,,,,-1,two_stage,2,0.5,"__confirm_cooldown=200,__confirm_rule=perm_test,__perm_alpha=0.02,__perm_delta_k=25,__perm_min_effect=0,__perm_n_perm=200,__perm_post_n=50,__perm_pre_n=200,__perm_rng_seed=0,__perm_stat=delta_fused_score,divergence=0.3,error_rate=0.5,teacher_entropy=0.2",3,0,200,0.0,0,10000,10.0,25.0,200,500,0,0,1.0,0.8582123411978222,0.6635237137864775,0.0,0.25468388199806213,0.015094475820660591,0,1,96,81,-1,perm_test,1.0,-0.040391814555104114,192,81,111,0.16666666666666666,0.16666666666666666,1,0.5,0.0,0.0,0.0,0,none,0,1,0,overconfident,0.95,0,mild_drift,0.9592461916196875,0.0013104492151024484,0.7955078139566925,0.8543847662909889,1768131627.7671483,0.05420364812016487,0.11896535754203796
552,35328,35327,sea_abrupt4,sea,ts_drift_adapt,4,"error_divergence_ph_meta@error.threshold=0.10,error.min_instances=5",error_divergence_ph_meta,"{""divergence"": {""alpha"": 0.1, ""delta"": 0.005, ""min_instances"": 30, ""threshold"": 0.05}, ""error_rate"": {""alpha"": 0.15, ""delta"": 0.005, ""min_instances"": 5, ""threshold"": 0.1}}","{""error_rate"": {""min_instances"": 5, ""threshold"": 0.1}}",0.1,0.005,0.15,5,0.05,0.005,0.1,30,,,,-1,two_stage,2,0.5,"__confirm_cooldown=200,__confirm_rule=perm_test,__perm_alpha=0.02,__perm_delta_k=25,__perm_min_effect=0,__perm_n_perm=200,__perm_post_n=50,__perm_pre_n=200,__perm_rng_seed=0,__perm_stat=delta_fused_score,divergence=0.3,error_rate=0.5,teacher_entropy=0.2",3,0,200,0.0,0,10000,10.0,25.0,200,500,0,0,1.0,0.8583276721014492,0.664024613338223,0.16666666666666666,0.1814512312412262,0.007577708922326565,1,0,96,82,1,perm_test,0.004975124378109453,0.10561074551103122,193,82,111,0.0,0.16666666666666666,0,0.0,0.0,0.0,0.0,0,none,1,1,0,overconfident,0.95,0,stable,0.9746230958098437,0.0010552246075512242,0.8977539069783462,0.8996923831454945,1768131627.783317,0.8231067061424255,0.08270759880542755
553,35392,35391,sea_abrupt4,sea,ts_drift_adapt,4,"error_divergence_ph_meta@error.threshold=0.10,error.min_instances=5",error_divergence_ph_meta,"{""divergence"": {""alpha"": 0.1, ""delta"": 0.005, ""min_instances"": 30, ""threshold"": 0.05}, ""error_rate"": {""alpha"": 0.15, ""delta"": 0.005, ""min_instances"": 5, ""threshold"": 0.1}}","{""error_rate"": {""min_instances"": 5, ""threshold"": 0.1}}",0.1,0.005,0.15,5,0.05,0.005,0.1,30,,,,-1,two_stage,2,0.5,"__confirm_cooldown=200,__confirm_rule=perm_test,__perm_alpha=0.02,__perm_delta_k=25,__perm_min_effect=0,__perm_n_perm=200,__perm_post_n=50,__perm_pre_n=200,__perm_rng_seed=0,__perm_stat=delta_fused_score,divergence=0.3,error_rate=0.5,teacher_entropy=0.2",3,0,200,0.0,0,10000,10.0,25.0,200,500,1,136,1.0,0.8583295660036167,0.664207837025978,0.16666666666666666,0.2505756616592407,0.01616692543029785,0,0,96,82,-1,perm_test,0.004975124378109453,0.10561074551103122,193,82,111,0.0,0.008589216507971287,0,0.0,0.0,0.0,0.0,0,none,0,1,0,overconfident,0.95,0,mild_drift,0.9674615479049218,0.001177612303775612,0.8488769534891731,0.8773461915727472,1768131627.7934518,0.19801776111125946,0.10959001630544662
554,35456,35455,sea_abrupt4,sea,ts_drift_adapt,4,"error_divergence_ph_meta@error.threshold=0.10,error.min_instances=5",error_divergence_ph_meta,"{""divergence"": {""alpha"": 0.1, ""delta"": 0.005, ""min_instances"": 30, ""threshold"": 0.05}, ""error_rate"": {""alpha"": 0.15, ""delta"": 0.005, ""min_instances"": 5, ""threshold"": 0.1}}","{""error_rate"": {""min_instances"": 5, ""threshold"": 0.1}}",0.1,0.005,0.15,5,0.05,0.005,0.1,30,,,,-1,two_stage,2,0.5,"__confirm_cooldown=200,__confirm_rule=perm_test,__perm_alpha=0.02,__perm_delta_k=25,__perm_min_effect=0,__perm_n_perm=200,__perm_post_n=50,__perm_pre_n=200,__perm_rng_seed=0,__perm_stat=delta_fused_score,divergence=0.3,error_rate=0.5,teacher_entropy=0.2",3,0,200,0.0,0,10000,10.0,25.0,200,500,1,72,1.0,0.8584160649819494,0.6646081443004561,0.0,0.29130449891090393,0.015139894559979439,0,0,96,82,-1,perm_test,0.004975124378109453,0.10561074551103122,193,82,111,0.0,0.16666666666666666,0,0.0,0.0,0.0,0.0,0,none,0,1,0,overconfident,0.95,0,mild_drift,0.9638807739524609,0.001238806151887806,0.8244384767445866,0.8661730957863736,1768131627.8034675,0.09097447991371155,0.1341860294342041
555,35520,35519,sea_abrupt4,sea,ts_drift_adapt,4,"error_divergence_ph_meta@error.threshold=0.10,error.min_instances=5",error_divergence_ph_meta,"{""divergence"": {""alpha"": 0.1, ""delta"": 0.005, ""min_instances"": 30, ""threshold"": 0.05}, ""error_rate"": {""alpha"": 0.15, ""delta"": 0.005, ""min_instances"": 5, ""threshold"": 0.1}}","{""error_rate"": {""min_instances"": 5, ""threshold"": 0.1}}",0.1,0.005,0.15,5,0.05,0.005,0.1,30,,,,-1,two_stage,2,0.5,"__confirm_cooldown=200,__confirm_rule=perm_test,__perm_alpha=0.02,__perm_delta_k=25,__perm_min_effect=0,__perm_n_perm=200,__perm_post_n=50,__perm_pre_n=200,__perm_rng_seed=0,__perm_stat=delta_fused_score,divergence=0.3,error_rate=0.5,teacher_entropy=0.2",3,0,200,0.0,0,10000,10.0,25.0,200,500,1,8,1.0,0.8584740990990991,0.664900226959252,0.16666666666666666,0.28608763217926025,0.013081904500722885,0,0,96,82,-1,perm_test,0.004975124378109453,0.10561074551103122,193,82,111,0.0,0.16666666666666666,0,0.0,0.0,0.0,0.0,0,none,0,1,0,overconfident,0.95,0,mild_drift,0.9620903869762304,0.0012694030759439032,0.8122192383722933,0.8605865478931868,1768131627.8135254,0.5371302962303162,0.09612327069044113
556,35584,35583,sea_abrupt4,sea,ts_drift_adapt,4,"error_divergence_ph_meta@error.threshold=0.10,error.min_instances=5",error_divergence_ph_meta,"{""divergence"": {""alpha"": 0.1, ""delta"": 0.005, ""min_instances"": 30, ""threshold"": 0.05}, ""error_rate"": {""alpha"": 0.15, ""delta"": 0.005, ""min_instances"": 5, ""threshold"": 0.1}}","{""error_rate"": {""min_instances"": 5, ""threshold"": 0.1}}",0.1,0.005,0.15,5,0.05,0.005,0.1,30,,,,-1,two_stage,2,0.5,"__confirm_cooldown=200,__confirm_rule=perm_test,__perm_alpha=0.02,__perm_delta_k=25,__perm_min_effect=0,__perm_n_perm=200,__perm_post_n=50,__perm_pre_n=200,__perm_rng_seed=0,__perm_stat=delta_fused_score,divergence=0.3,error_rate=0.5,teacher_entropy=0.2",3,0,200,0.0,0,10000,10.0,25.0,200,500,0,0,1.0,0.8585319244604317,0.6651691474189148,0.0,0.2676503658294678,0.012211950495839119,0,1,97,82,-1,perm_test,1.0,-0.07135636406849667,194,82,112,0.0,0.16666666666666666,1,0.5,0.0,0.0,0.0,0,none,0,1,0,overconfident,0.95,0,mild_drift,0.9611951934881151,0.0012847015379719518,0.8061096191861467,0.8577932739465934,1768131627.8239784,0.1679084300994873,0.10326535254716873
557,35648,35647,sea_abrupt4,sea,ts_drift_adapt,4,"error_divergence_ph_meta@error.threshold=0.10,error.min_instances=5",error_divergence_ph_meta,"{""divergence"": {""alpha"": 0.1, ""delta"": 0.005, ""min_instances"": 30, ""threshold"": 0.05}, ""error_rate"": {""alpha"": 0.15, ""delta"": 0.005, ""min_instances"": 5, ""threshold"": 0.1}}","{""error_rate"": {""min_instances"": 5, ""threshold"": 0.1}}",0.1,0.005,0.15,5,0.05,0.005,0.1,30,,,,-1,two_stage,2,0.5,"__confirm_cooldown=200,__confirm_rule=perm_test,__perm_alpha=0.02,__perm_delta_k=25,__perm_min_effect=0,__perm_n_perm=200,__perm_post_n=50,__perm_pre_n=200,__perm_rng_seed=0,__perm_stat=delta_fused_score,divergence=0.3,error_rate=0.5,teacher_entropy=0.2",3,0,200,0.0,0,10000,10.0,25.0,200,500,0,0,1.0,0.8586175942549371,0.6655139148477646,0.5,0.2955591678619385,0.012375455349683762,1,0,97,83,1,perm_test,0.004975124378109453,0.03729086721089388,195,83,112,0.0,0.5,0,0.0,0.0,0.0,0.0,0,none,1,1,0,overconfident,0.95,0,stable,0.9755975967440575,0.0010423507689859759,0.9030548095930733,0.9013966369732967,1768131627.8403456,1.1240330934524536,0.14073359966278076
558,35712,35711,sea_abrupt4,sea,ts_drift_adapt,4,"error_divergence_ph_meta@error.threshold=0.10,error.min_instances=5",error_divergence_ph_meta,"{""divergence"": {""alpha"": 0.1, ""delta"": 0.005, ""min_instances"": 30, ""threshold"": 0.05}, ""error_rate"": {""alpha"": 0.15, ""delta"": 0.005, ""min_instances"": 5, ""threshold"": 0.1}}","{""error_rate"": {""min_instances"": 5, ""threshold"": 0.1}}",0.1,0.005,0.15,5,0.05,0.005,0.1,30,,,,-1,two_stage,2,0.5,"__confirm_cooldown=200,__confirm_rule=perm_test,__perm_alpha=0.02,__perm_delta_k=25,__perm_min_effect=0,__perm_n_perm=200,__perm_post_n=50,__perm_pre_n=200,__perm_rng_seed=0,__perm_stat=delta_fused_score,divergence=0.3,error_rate=0.5,teacher_entropy=0.2",3,0,200,0.0,0,10000,10.0,25.0,200,500,1,136,1.0,0.858646953405018,0.6657919394620567,0.0,0.2575678527355194,0.014287926256656647,0,0,97,83,-1,perm_test,0.004975124378109453,0.03729086721089388,195,83,112,0.0,0.5,0,0.0,0.0,0.0,0.0,0,none,0,1,0,overconfident,0.95,0,mild_drift,0.9679487983720287,0.001171175384492988,0.8515274047965367,0.8781983184866484,1768131627.8507314,0.0495050847530365,0.11284579336643219
559,35776,35775,sea_abrupt4,sea,ts_drift_adapt,4,"error_divergence_ph_meta@error.threshold=0.10,error.min_instances=5",error_divergence_ph_meta,"{""divergence"": {""alpha"": 0.1, ""delta"": 0.005, ""min_instances"": 30, ""threshold"": 0.05}, ""error_rate"": {""alpha"": 0.15, ""delta"": 0.005, ""min_instances"": 5, ""threshold"": 0.1}}","{""error_rate"": {""min_instances"": 5, ""threshold"": 0.1}}",0.1,0.005,0.15,5,0.05,0.005,0.1,30,,,,-1,two_stage,2,0.5,"__confirm_cooldown=200,__confirm_rule=perm_test,__perm_alpha=0.02,__perm_delta_k=25,__perm_min_effect=0,__perm_n_perm=200,__perm_post_n=50,__perm_pre_n=200,__perm_rng_seed=0,__perm_stat=delta_fused_score,divergence=0.3,error_rate=0.5,teacher_entropy=0.2",3,0,200,0.0,0,10000,10.0,25.0,200,500,1,72,1.0,0.8587880143112702,0.6663250736106796,0.16666666666666666,0.21375404298305511,0.01627480611205101,0,0,97,83,-1,perm_test,0.004975124378109453,0.03729086721089388,195,83,112,0.0,0.16666666666666666,0,0.0,0.0,0.0,0.0,0,none,0,1,0,overconfident,0.95,0,mild_drift,0.9641243991860143,0.001235587692246494,0.8257637023982684,0.8665991592433242,1768131627.8608704,0.3628500699996948,0.14091256260871887
560,35840,35839,sea_abrupt4,sea,ts_drift_adapt,4,"error_divergence_ph_meta@error.threshold=0.10,error.min_instances=5",error_divergence_ph_meta,"{""divergence"": {""alpha"": 0.1, ""delta"": 0.005, ""min_instances"": 30, ""threshold"": 0.05}, ""error_rate"": {""alpha"": 0.15, ""delta"": 0.005, ""min_instances"": 5, ""threshold"": 0.1}}","{""error_rate"": {""min_instances"": 5, ""threshold"": 0.1}}",0.1,0.005,0.15,5,0.05,0.005,0.1,30,,,,-1,two_stage,2,0.5,"__confirm_cooldown=200,__confirm_rule=perm_test,__perm_alpha=0.02,__perm_delta_k=25,__perm_min_effect=0,__perm_n_perm=200,__perm_post_n=50,__perm_pre_n=200,__perm_rng_seed=0,__perm_stat=delta_fused_score,divergence=0.3,error_rate=0.5,teacher_entropy=0.2",3,0,200,0.0,0,10000,10.0,25.0,200,500,1,8,1.0,0.8589564732142857,0.6668893812436866,0.0,0.23821106553077698,0.0220734104514122,0,0,97,83,-1,perm_test,0.004975124378109453,0.03729086721089388,195,83,112,0.0,0.16666666666666666,0,0.0,0.0,0.0,0.0,0,none,0,1,0,overconfident,0.95,0,mild_drift,0.9622121995930071,0.0012677938461232471,0.8128818511991343,0.8607995796216621,1768131627.8729286,0.1257825493812561,0.18193373084068298
561,35904,35903,sea_abrupt4,sea,ts_drift_adapt,4,"error_divergence_ph_meta@error.threshold=0.10,error.min_instances=5",error_divergence_ph_meta,"{""divergence"": {""alpha"": 0.1, ""delta"": 0.005, ""min_instances"": 30, ""threshold"": 0.05}, ""error_rate"": {""alpha"": 0.15, ""delta"": 0.005, ""min_instances"": 5, ""threshold"": 0.1}}","{""error_rate"": {""min_instances"": 5, ""threshold"": 0.1}}",0.1,0.005,0.15,5,0.05,0.005,0.1,30,,,,-1,two_stage,2,0.5,"__confirm_cooldown=200,__confirm_rule=perm_test,__perm_alpha=0.02,__perm_delta_k=25,__perm_min_effect=0,__perm_n_perm=200,__perm_post_n=50,__perm_pre_n=200,__perm_rng_seed=0,__perm_stat=delta_fused_score,divergence=0.3,error_rate=0.5,teacher_entropy=0.2",3,0,200,0.0,0,10000,10.0,25.0,200,500,0,0,1.0,0.8590129233511586,0.6673138728639603,0.3333333333333333,0.24295929074287415,0.0175067950040102,1,1,98,84,0,perm_test,0.004975124378109453,0.1866028177076098,196,84,112,0.3333333333333333,0.3333333333333333,1,0.5,0.0,0.0,0.0,0,none,1,1,0,overconfident,0.95,0,severe_drift,0.9266060997965035,0.0016338969230616236,0.6564409255995671,0.8353997898108311,1768131627.8923607,0.46054980158805847,0.15746581554412842
562,35968,35967,sea_abrupt4,sea,ts_drift_adapt,4,"error_divergence_ph_meta@error.threshold=0.10,error.min_instances=5",error_divergence_ph_meta,"{""divergence"": {""alpha"": 0.1, ""delta"": 0.005, ""min_instances"": 30, ""threshold"": 0.05}, ""error_rate"": {""alpha"": 0.15, ""delta"": 0.005, ""min_instances"": 5, ""threshold"": 0.1}}","{""error_rate"": {""min_instances"": 5, ""threshold"": 0.1}}",0.1,0.005,0.15,5,0.05,0.005,0.1,30,,,,-1,two_stage,2,0.5,"__confirm_cooldown=200,__confirm_rule=perm_test,__perm_alpha=0.02,__perm_delta_k=25,__perm_min_effect=0,__perm_n_perm=200,__perm_post_n=50,__perm_pre_n=200,__perm_rng_seed=0,__perm_stat=delta_fused_score,divergence=0.3,error_rate=0.5,teacher_entropy=0.2",3,0,200,0.0,0,10000,10.0,25.0,200,500,1,136,1.0,0.8591247775800712,0.6677898689439203,0.0,0.26161783933639526,0.03922180086374283,0,0,98,84,-1,perm_test,0.004975124378109453,0.1866028177076098,196,84,112,0.0,0.3333333333333333,0,0.0,0.0,0.0,0.0,0,none,0,1,0,overconfident,0.95,0,mild_drift,0.9434530498982517,0.0014669484615308119,0.7282204627997836,0.8451998949054156,1768131627.9056067,0.15462709963321686,0.3736293315887451
563,36032,36031,sea_abrupt4,sea,ts_drift_adapt,4,"error_divergence_ph_meta@error.threshold=0.10,error.min_instances=5",error_divergence_ph_meta,"{""divergence"": {""alpha"": 0.1, ""delta"": 0.005, ""min_instances"": 30, ""threshold"": 0.05}, ""error_rate"": {""alpha"": 0.15, ""delta"": 0.005, ""min_instances"": 5, ""threshold"": 0.1}}","{""error_rate"": {""min_instances"": 5, ""threshold"": 0.1}}",0.1,0.005,0.15,5,0.05,0.005,0.1,30,,,,-1,two_stage,2,0.5,"__confirm_cooldown=200,__confirm_rule=perm_test,__perm_alpha=0.02,__perm_delta_k=25,__perm_min_effect=0,__perm_n_perm=200,__perm_post_n=50,__perm_pre_n=200,__perm_rng_seed=0,__perm_stat=delta_fused_score,divergence=0.3,error_rate=0.5,teacher_entropy=0.2",3,0,200,0.0,0,10000,10.0,25.0,200,500,1,72,1.0,0.8592084813499112,0.668225493948331,0.16666666666666666,0.2808970510959625,0.028985198587179184,0,0,98,84,-1,perm_test,0.004975124378109453,0.1866028177076098,196,84,112,0.0,0.16666666666666666,0,0.0,0.0,0.0,0.0,0,none,0,1,0,overconfident,0.95,0,mild_drift,0.9518765249491259,0.001383474230765406,0.7641102313998918,0.8500999474527078,1768131627.9159122,0.34585416316986084,0.23430365324020386
564,36096,36095,sea_abrupt4,sea,ts_drift_adapt,4,"error_divergence_ph_meta@error.threshold=0.10,error.min_instances=5",error_divergence_ph_meta,"{""divergence"": {""alpha"": 0.1, ""delta"": 0.005, ""min_instances"": 30, ""threshold"": 0.05}, ""error_rate"": {""alpha"": 0.15, ""delta"": 0.005, ""min_instances"": 5, ""threshold"": 0.1}}","{""error_rate"": {""min_instances"": 5, ""threshold"": 0.1}}",0.1,0.005,0.15,5,0.05,0.005,0.1,30,,,,-1,two_stage,2,0.5,"__confirm_cooldown=200,__confirm_rule=perm_test,__perm_alpha=0.02,__perm_delta_k=25,__perm_min_effect=0,__perm_n_perm=200,__perm_post_n=50,__perm_pre_n=200,__perm_rng_seed=0,__perm_stat=delta_fused_score,divergence=0.3,error_rate=0.5,teacher_entropy=0.2",3,0,200,0.0,0,10000,10.0,25.0,200,500,1,8,1.0,0.8592918882978723,0.6685454341583387,0.16666666666666666,0.2594504952430725,0.023091156035661697,0,0,98,84,-1,perm_test,0.004975124378109453,0.1866028177076098,196,84,112,0.0,0.005894042551517487,0,0.0,0.0,0.0,0.0,0,none,0,1,0,overconfident,0.95,0,mild_drift,0.9560882624745629,0.001341737115382703,0.7820551156999459,0.8525499737263539,1768131627.9261887,0.1837957352399826,0.24687780439853668
565,36160,36159,sea_abrupt4,sea,ts_drift_adapt,4,"error_divergence_ph_meta@error.threshold=0.10,error.min_instances=5",error_divergence_ph_meta,"{""divergence"": {""alpha"": 0.1, ""delta"": 0.005, ""min_instances"": 30, ""threshold"": 0.05}, ""error_rate"": {""alpha"": 0.15, ""delta"": 0.005, ""min_instances"": 5, ""threshold"": 0.1}}","{""error_rate"": {""min_instances"": 5, ""threshold"": 0.1}}",0.1,0.005,0.15,5,0.05,0.005,0.1,30,,,,-1,two_stage,2,0.5,"__confirm_cooldown=200,__confirm_rule=perm_test,__perm_alpha=0.02,__perm_delta_k=25,__perm_min_effect=0,__perm_n_perm=200,__perm_post_n=50,__perm_pre_n=200,__perm_rng_seed=0,__perm_stat=delta_fused_score,divergence=0.3,error_rate=0.5,teacher_entropy=0.2",3,0,200,0.0,0,10000,10.0,25.0,200,500,0,0,1.0,0.8595132743362832,0.6691313951622448,0.0,0.23727382719516754,0.018287958577275276,0,0,98,84,-1,perm_test,0.004975124378109453,0.1866028177076098,196,84,112,0.0,0.16666666666666666,0,0.0,0.0,0.0,0.0,0,none,0,1,0,overconfident,0.95,0,mild_drift,0.9581941312372815,0.0013208685576913516,0.791027557849973,0.853774986863177,1768131627.9369988,0.17120389640331268,0.1694357693195343
566,36224,36223,sea_abrupt4,sea,ts_drift_adapt,4,"error_divergence_ph_meta@error.threshold=0.10,error.min_instances=5",error_divergence_ph_meta,"{""divergence"": {""alpha"": 0.1, ""delta"": 0.005, ""min_instances"": 30, ""threshold"": 0.05}, ""error_rate"": {""alpha"": 0.15, ""delta"": 0.005, ""min_instances"": 5, ""threshold"": 0.1}}","{""error_rate"": {""min_instances"": 5, ""threshold"": 0.1}}",0.1,0.005,0.15,5,0.05,0.005,0.1,30,,,,-1,two_stage,2,0.5,"__confirm_cooldown=200,__confirm_rule=perm_test,__perm_alpha=0.02,__perm_delta_k=25,__perm_min_effect=0,__perm_n_perm=200,__perm_post_n=50,__perm_pre_n=200,__perm_rng_seed=0,__perm_stat=delta_fused_score,divergence=0.3,error_rate=0.5,teacher_entropy=0.2",3,0,200,0.0,0,10000,10.0,25.0,200,500,0,0,1.0,0.8596510600706714,0.6696495277246179,0.0,0.2752673327922821,0.021546656265854836,0,1,99,84,-1,perm_test,1.0,-0.02873532038425217,197,84,113,0.3333333333333333,0.0032586976885795593,1,0.5,0.0,0.0,0.0,0,none,0,1,0,overconfident,0.95,0,mild_drift,0.9592470656186407,0.0013104342788456758,0.7955137789249865,0.8543874934315885,1768131627.9479256,0.1816403865814209,0.24524720013141632
567,36288,36287,sea_abrupt4,sea,ts_drift_adapt,4,"error_divergence_ph_meta@error.threshold=0.10,error.min_instances=5",error_divergence_ph_meta,"{""divergence"": {""alpha"": 0.1, ""delta"": 0.005, ""min_instances"": 30, ""threshold"": 0.05}, ""error_rate"": {""alpha"": 0.15, ""delta"": 0.005, ""min_instances"": 5, ""threshold"": 0.1}}","{""error_rate"": {""min_instances"": 5, ""threshold"": 0.1}}",0.1,0.005,0.15,5,0.05,0.005,0.1,30,,,,-1,two_stage,2,0.5,"__confirm_cooldown=200,__confirm_rule=perm_test,__perm_alpha=0.02,__perm_delta_k=25,__perm_min_effect=0,__perm_n_perm=200,__perm_post_n=50,__perm_pre_n=200,__perm_rng_seed=0,__perm_stat=delta_fused_score,divergence=0.3,error_rate=0.5,teacher_entropy=0.2",3,0,200,0.0,0,10000,10.0,25.0,200,500,0,0,1.0,0.8597883597883598,0.6700633037035425,0.0,0.2603990137577057,0.006252110470086336,0,0,99,84,-1,perm_test,0.04477611940298507,0.006626511168542685,198,84,114,0.0,0.0152945457957685,0,0.0,0.0,0.0,0.0,0,none,0,1,0,overconfident,0.95,0,mild_drift,0.9597735328093203,0.0013052171394228379,0.7977568894624933,0.8546937467157942,1768131627.9643168,0.08657091110944748,0.07166775315999985
568,36352,36351,sea_abrupt4,sea,ts_drift_adapt,4,"error_divergence_ph_meta@error.threshold=0.10,error.min_instances=5",error_divergence_ph_meta,"{""divergence"": {""alpha"": 0.1, ""delta"": 0.005, ""min_instances"": 30, ""threshold"": 0.05}, ""error_rate"": {""alpha"": 0.15, ""delta"": 0.005, ""min_instances"": 5, ""threshold"": 0.1}}","{""error_rate"": {""min_instances"": 5, ""threshold"": 0.1}}",0.1,0.005,0.15,5,0.05,0.005,0.1,30,,,,-1,two_stage,2,0.5,"__confirm_cooldown=200,__confirm_rule=perm_test,__perm_alpha=0.02,__perm_delta_k=25,__perm_min_effect=0,__perm_n_perm=200,__perm_post_n=50,__perm_pre_n=200,__perm_rng_seed=0,__perm_stat=delta_fused_score,divergence=0.3,error_rate=0.5,teacher_entropy=0.2",3,0,200,0.0,0,10000,10.0,25.0,200,500,0,0,1.0,0.8598701584507042,0.6704541590736134,0.16666666666666666,0.32046636939048767,0.01632395014166832,1,0,99,85,2,perm_test,0.004975124378109453,0.017339653524480882,199,85,114,0.0,0.16666666666666666,0,0.0,0.0,0.0,0.0,0,none,1,1,0,overconfident,0.95,0,stable,0.9748867664046601,0.001052608569711419,0.8988784447312467,0.8998468733578971,1768131627.9800956,0.3691709339618683,0.11274079978466034
569,36416,36415,sea_abrupt4,sea,ts_drift_adapt,4,"error_divergence_ph_meta@error.threshold=0.10,error.min_instances=5",error_divergence_ph_meta,"{""divergence"": {""alpha"": 0.1, ""delta"": 0.005, ""min_instances"": 30, ""threshold"": 0.05}, ""error_rate"": {""alpha"": 0.15, ""delta"": 0.005, ""min_instances"": 5, ""threshold"": 0.1}}","{""error_rate"": {""min_instances"": 5, ""threshold"": 0.1}}",0.1,0.005,0.15,5,0.05,0.005,0.1,30,,,,-1,two_stage,2,0.5,"__confirm_cooldown=200,__confirm_rule=perm_test,__perm_alpha=0.02,__perm_delta_k=25,__perm_min_effect=0,__perm_n_perm=200,__perm_post_n=50,__perm_pre_n=200,__perm_rng_seed=0,__perm_stat=delta_fused_score,divergence=0.3,error_rate=0.5,teacher_entropy=0.2",3,0,200,0.0,0,10000,10.0,25.0,200,500,1,136,1.0,0.8600065905096661,0.6709516682910756,0.0,0.28215843439102173,0.00945018045604229,0,0,99,85,-1,perm_test,0.004975124378109453,0.017339653524480882,199,85,114,0.0,0.16666666666666666,0,0.0,0.0,0.0,0.0,0,none,0,1,0,overconfident,0.95,0,mild_drift,0.96759338320233,0.0011763042848557095,0.8494392223656233,0.8774234366789486,1768131627.9904382,0.1197144016623497,0.07609527558088303
570,36480,36479,sea_abrupt4,sea,ts_drift_adapt,4,"error_divergence_ph_meta@error.threshold=0.10,error.min_instances=5",error_divergence_ph_meta,"{""divergence"": {""alpha"": 0.1, ""delta"": 0.005, ""min_instances"": 30, ""threshold"": 0.05}, ""error_rate"": {""alpha"": 0.15, ""delta"": 0.005, ""min_instances"": 5, ""threshold"": 0.1}}","{""error_rate"": {""min_instances"": 5, ""threshold"": 0.1}}",0.1,0.005,0.15,5,0.05,0.005,0.1,30,,,,-1,two_stage,2,0.5,"__confirm_cooldown=200,__confirm_rule=perm_test,__perm_alpha=0.02,__perm_delta_k=25,__perm_min_effect=0,__perm_n_perm=200,__perm_post_n=50,__perm_pre_n=200,__perm_rng_seed=0,__perm_stat=delta_fused_score,divergence=0.3,error_rate=0.5,teacher_entropy=0.2",3,0,200,0.0,0,10000,10.0,25.0,200,500,1,72,1.0,0.8601151315789474,0.6713422580885449,0.3333333333333333,0.2269749790430069,0.011264660395681858,0,0,99,85,-1,perm_test,0.004975124378109453,0.017339653524480882,199,85,114,0.0,0.3333333333333333,0,0.0,0.0,0.0,0.0,0,none,0,1,0,overconfident,0.95,0,mild_drift,0.963946691601165,0.0012381521424278548,0.8247196111828117,0.8662117183394743,1768131628.0006812,0.2903425991535187,0.09501181542873383
571,36544,36543,sea_abrupt4,sea,ts_drift_adapt,4,"error_divergence_ph_meta@error.threshold=0.10,error.min_instances=5",error_divergence_ph_meta,"{""divergence"": {""alpha"": 0.1, ""delta"": 0.005, ""min_instances"": 30, ""threshold"": 0.05}, ""error_rate"": {""alpha"": 0.15, ""delta"": 0.005, ""min_instances"": 5, ""threshold"": 0.1}}","{""error_rate"": {""min_instances"": 5, ""threshold"": 0.1}}",0.1,0.005,0.15,5,0.05,0.005,0.1,30,,,,-1,two_stage,2,0.5,"__confirm_cooldown=200,__confirm_rule=perm_test,__perm_alpha=0.02,__perm_delta_k=25,__perm_min_effect=0,__perm_n_perm=200,__perm_post_n=50,__perm_pre_n=200,__perm_rng_seed=0,__perm_stat=delta_fused_score,divergence=0.3,error_rate=0.5,teacher_entropy=0.2",3,0,200,0.0,0,10000,10.0,25.0,200,500,1,8,1.0,0.8601959281961471,0.6716269064817044,0.16666666666666666,0.2655283510684967,0.009598822332918644,0,1,99,85,-1,perm_test,0.004975124378109453,0.017339653524480882,199,85,114,0.16666666666666666,0.16666666666666666,1,0.5,0.0,0.0,0.0,0,none,0,1,0,overconfident,0.95,0,mild_drift,0.9621233458005825,0.0012690760712139276,0.8123598055914059,0.8606058591697372,1768131628.0110388,0.524442732334137,0.0889962837100029
572,36608,36607,sea_abrupt4,sea,ts_drift_adapt,4,"error_divergence_ph_meta@error.threshold=0.10,error.min_instances=5",error_divergence_ph_meta,"{""divergence"": {""alpha"": 0.1, ""delta"": 0.005, ""min_instances"": 30, ""threshold"": 0.05}, ""error_rate"": {""alpha"": 0.15, ""delta"": 0.005, ""min_instances"": 5, ""threshold"": 0.1}}","{""error_rate"": {""min_instances"": 5, ""threshold"": 0.1}}",0.1,0.005,0.15,5,0.05,0.005,0.1,30,,,,-1,two_stage,2,0.5,"__confirm_cooldown=200,__confirm_rule=perm_test,__perm_alpha=0.02,__perm_delta_k=25,__perm_min_effect=0,__perm_n_perm=200,__perm_post_n=50,__perm_pre_n=200,__perm_rng_seed=0,__perm_stat=delta_fused_score,divergence=0.3,error_rate=0.5,teacher_entropy=0.2",3,0,200,0.0,0,10000,10.0,25.0,200,500,0,0,1.0,0.8603310751748252,0.6720848265725301,0.0,0.22435182332992554,0.009538888931274414,0,0,99,85,-1,perm_test,0.004975124378109453,0.017339653524480882,199,85,114,0.0,0.16666666666666666,0,0.0,0.0,0.0,0.0,0,none,0,1,0,overconfident,0.95,0,mild_drift,0.9612116729002912,0.001284538035606964,0.806179902795703,0.8578029295848686,1768131628.0216932,0.0898333191871643,0.10207822918891907
573,36672,36671,sea_abrupt4,sea,ts_drift_adapt,4,"error_divergence_ph_meta@error.threshold=0.10,error.min_instances=5",error_divergence_ph_meta,"{""divergence"": {""alpha"": 0.1, ""delta"": 0.005, ""min_instances"": 30, ""threshold"": 0.05}, ""error_rate"": {""alpha"": 0.15, ""delta"": 0.005, ""min_instances"": 5, ""threshold"": 0.1}}","{""error_rate"": {""min_instances"": 5, ""threshold"": 0.1}}",0.1,0.005,0.15,5,0.05,0.005,0.1,30,,,,-1,two_stage,2,0.5,"__confirm_cooldown=200,__confirm_rule=perm_test,__perm_alpha=0.02,__perm_delta_k=25,__perm_min_effect=0,__perm_n_perm=200,__perm_post_n=50,__perm_pre_n=200,__perm_rng_seed=0,__perm_stat=delta_fused_score,divergence=0.3,error_rate=0.5,teacher_entropy=0.2",3,0,200,0.0,0,10000,10.0,25.0,200,500,0,0,1.0,0.8603294066317626,0.6722271374796738,0.16666666666666666,0.25783073902130127,0.008656882680952549,0,0,99,85,-1,perm_test,0.004975124378109453,0.017339653524480882,199,85,114,0.0,0.16666666666666666,0,0.0,0.0,0.0,0.0,0,none,0,1,0,overconfident,0.95,0,mild_drift,0.9607558364501456,0.0012922690178034822,0.8030899513978516,0.8564014647924343,1768131628.0321105,0.20002849400043488,0.08600853383541107
574,36736,36735,sea_abrupt4,sea,ts_drift_adapt,4,"error_divergence_ph_meta@error.threshold=0.10,error.min_instances=5",error_divergence_ph_meta,"{""divergence"": {""alpha"": 0.1, ""delta"": 0.005, ""min_instances"": 30, ""threshold"": 0.05}, ""error_rate"": {""alpha"": 0.15, ""delta"": 0.005, ""min_instances"": 5, ""threshold"": 0.1}}","{""error_rate"": {""min_instances"": 5, ""threshold"": 0.1}}",0.1,0.005,0.15,5,0.05,0.005,0.1,30,,,,-1,two_stage,2,0.5,"__confirm_cooldown=200,__confirm_rule=perm_test,__perm_alpha=0.02,__perm_delta_k=25,__perm_min_effect=0,__perm_n_perm=200,__perm_post_n=50,__perm_pre_n=200,__perm_rng_seed=0,__perm_stat=delta_fused_score,divergence=0.3,error_rate=0.5,teacher_entropy=0.2",3,0,200,0.0,0,10000,10.0,25.0,200,500,0,0,1.0,0.860463850174216,0.6727272053576759,0.0,0.24743124842643738,0.015022028237581253,0,0,99,85,-1,perm_test,0.004975124378109453,0.017339653524480882,199,85,114,0.0,0.16666666666666666,0,0.0,0.0,0.0,0.0,0,none,0,1,0,overconfident,0.95,0,mild_drift,0.9605279182250728,0.001296134508901741,0.8015449756989258,0.8557007323962171,1768131628.0426507,0.17009276151657104,0.10828060656785965
575,36800,36799,sea_abrupt4,sea,ts_drift_adapt,4,"error_divergence_ph_meta@error.threshold=0.10,error.min_instances=5",error_divergence_ph_meta,"{""divergence"": {""alpha"": 0.1, ""delta"": 0.005, ""min_instances"": 30, ""threshold"": 0.05}, ""error_rate"": {""alpha"": 0.15, ""delta"": 0.005, ""min_instances"": 5, ""threshold"": 0.1}}","{""error_rate"": {""min_instances"": 5, ""threshold"": 0.1}}",0.1,0.005,0.15,5,0.05,0.005,0.1,30,,,,-1,two_stage,2,0.5,"__confirm_cooldown=200,__confirm_rule=perm_test,__perm_alpha=0.02,__perm_delta_k=25,__perm_min_effect=0,__perm_n_perm=200,__perm_post_n=50,__perm_pre_n=200,__perm_rng_seed=0,__perm_stat=delta_fused_score,divergence=0.3,error_rate=0.5,teacher_entropy=0.2",3,0,200,0.0,0,10000,10.0,25.0,200,500,0,0,1.0,0.8605978260869566,0.6731069716397061,0.0,0.2217576652765274,0.017847351729869843,0,0,99,85,-1,perm_test,0.004975124378109453,0.017339653524480882,199,85,114,0.0,0.0028253234922885895,0,0.0,0.0,0.0,0.0,0,none,0,1,0,overconfident,0.95,0,mild_drift,0.9604139591125364,0.0012980672544508705,0.8007724878494629,0.8553503661981086,1768131628.0532467,0.03412744775414467,0.11840712279081345
576,36864,36863,sea_abrupt4,sea,ts_drift_adapt,4,"error_divergence_ph_meta@error.threshold=0.10,error.min_instances=5",error_divergence_ph_meta,"{""divergence"": {""alpha"": 0.1, ""delta"": 0.005, ""min_instances"": 30, ""threshold"": 0.05}, ""error_rate"": {""alpha"": 0.15, ""delta"": 0.005, ""min_instances"": 5, ""threshold"": 0.1}}","{""error_rate"": {""min_instances"": 5, ""threshold"": 0.1}}",0.1,0.005,0.15,5,0.05,0.005,0.1,30,,,,-1,two_stage,2,0.5,"__confirm_cooldown=200,__confirm_rule=perm_test,__perm_alpha=0.02,__perm_delta_k=25,__perm_min_effect=0,__perm_n_perm=200,__perm_post_n=50,__perm_pre_n=200,__perm_rng_seed=0,__perm_stat=delta_fused_score,divergence=0.3,error_rate=0.5,teacher_entropy=0.2",3,0,200,0.0,0,10000,10.0,25.0,200,500,0,0,1.0,0.8606499565972222,0.6733822719354622,0.3333333333333333,0.25385040044784546,0.019233711063861847,1,1,100,86,0,perm_test,0.004975124378109453,0.1533234421412307,200,86,114,0.16666666666666666,0.3333333333333333,1,0.5,0.0,0.0,0.0,0,none,1,1,0,overconfident,0.95,0,severe_drift,0.9257069795562682,0.0016490336272254353,0.6503862439247314,0.8326751830990543,1768131628.0691853,0.5084347128868103,0.15969330072402954
577,36928,36927,sea_abrupt4,sea,ts_drift_adapt,4,"error_divergence_ph_meta@error.threshold=0.10,error.min_instances=5",error_divergence_ph_meta,"{""divergence"": {""alpha"": 0.1, ""delta"": 0.005, ""min_instances"": 30, ""threshold"": 0.05}, ""error_rate"": {""alpha"": 0.15, ""delta"": 0.005, ""min_instances"": 5, ""threshold"": 0.1}}","{""error_rate"": {""min_instances"": 5, ""threshold"": 0.1}}",0.1,0.005,0.15,5,0.05,0.005,0.1,30,,,,-1,two_stage,2,0.5,"__confirm_cooldown=200,__confirm_rule=perm_test,__perm_alpha=0.02,__perm_delta_k=25,__perm_min_effect=0,__perm_n_perm=200,__perm_post_n=50,__perm_pre_n=200,__perm_rng_seed=0,__perm_stat=delta_fused_score,divergence=0.3,error_rate=0.5,teacher_entropy=0.2",3,0,200,0.0,0,10000,10.0,25.0,200,500,1,136,1.0,0.860647746967071,0.6734874264966725,0.16666666666666666,0.3045767843723297,0.0175123643130064,0,0,100,86,-1,perm_test,0.004975124378109453,0.1533234421412307,200,86,114,0.0,0.16666666666666666,0,0.0,0.0,0.0,0.0,0,none,0,1,0,overconfident,0.95,0,mild_drift,0.9430034897781341,0.0014745168136127177,0.7251931219623657,0.8438375915495271,1768131628.082446,0.3003583252429962,0.15314219892024994
578,36992,36991,sea_abrupt4,sea,ts_drift_adapt,4,"error_divergence_ph_meta@error.threshold=0.10,error.min_instances=5",error_divergence_ph_meta,"{""divergence"": {""alpha"": 0.1, ""delta"": 0.005, ""min_instances"": 30, ""threshold"": 0.05}, ""error_rate"": {""alpha"": 0.15, ""delta"": 0.005, ""min_instances"": 5, ""threshold"": 0.1}}","{""error_rate"": {""min_instances"": 5, ""threshold"": 0.1}}",0.1,0.005,0.15,5,0.05,0.005,0.1,30,,,,-1,two_stage,2,0.5,"__confirm_cooldown=200,__confirm_rule=perm_test,__perm_alpha=0.02,__perm_delta_k=25,__perm_min_effect=0,__perm_n_perm=200,__perm_post_n=50,__perm_pre_n=200,__perm_rng_seed=0,__perm_stat=delta_fused_score,divergence=0.3,error_rate=0.5,teacher_entropy=0.2",3,0,200,0.0,0,10000,10.0,25.0,200,500,1,72,1.0,0.860645544982699,0.6736404985942361,0.16666666666666666,0.28692755103111267,0.018253562971949577,0,0,100,86,-1,perm_test,0.004975124378109453,0.1533234421412307,200,86,114,0.0,0.0007411986589431763,0,0.0,0.0,0.0,0.0,0,none,0,1,0,overconfident,0.95,0,mild_drift,0.951651744889067,0.001387258406806359,0.7625965609811829,0.8494187957747635,1768131628.0952518,0.23794256150722504,0.1447627693414688
579,37056,37055,sea_abrupt4,sea,ts_drift_adapt,4,"error_divergence_ph_meta@error.threshold=0.10,error.min_instances=5",error_divergence_ph_meta,"{""divergence"": {""alpha"": 0.1, ""delta"": 0.005, ""min_instances"": 30, ""threshold"": 0.05}, ""error_rate"": {""alpha"": 0.15, ""delta"": 0.005, ""min_instances"": 5, ""threshold"": 0.1}}","{""error_rate"": {""min_instances"": 5, ""threshold"": 0.1}}",0.1,0.005,0.15,5,0.05,0.005,0.1,30,,,,-1,two_stage,2,0.5,"__confirm_cooldown=200,__confirm_rule=perm_test,__perm_alpha=0.02,__perm_delta_k=25,__perm_min_effect=0,__perm_n_perm=200,__perm_post_n=50,__perm_pre_n=200,__perm_rng_seed=0,__perm_stat=delta_fused_score,divergence=0.3,error_rate=0.5,teacher_entropy=0.2",3,0,200,0.0,0,10000,10.0,25.0,200,500,1,8,1.0,0.8606163644214162,0.6737324969860259,0.0,0.2680225670337677,0.012287563644349575,0,0,100,86,-1,perm_test,0.004975124378109453,0.1533234421412307,200,86,114,0.0,0.16666666666666666,0,0.0,0.0,0.0,0.0,0,none,0,1,0,overconfident,0.95,0,mild_drift,0.9559758724445335,0.0013436292034031795,0.7812982804905915,0.8522093978873817,1768131628.108122,0.2364751100540161,0.09678775072097778
580,37120,37119,sea_abrupt4,sea,ts_drift_adapt,4,"error_divergence_ph_meta@error.threshold=0.10,error.min_instances=5",error_divergence_ph_meta,"{""divergence"": {""alpha"": 0.1, ""delta"": 0.005, ""min_instances"": 30, ""threshold"": 0.05}, ""error_rate"": {""alpha"": 0.15, ""delta"": 0.005, ""min_instances"": 5, ""threshold"": 0.1}}","{""error_rate"": {""min_instances"": 5, ""threshold"": 0.1}}",0.1,0.005,0.15,5,0.05,0.005,0.1,30,,,,-1,two_stage,2,0.5,"__confirm_cooldown=200,__confirm_rule=perm_test,__perm_alpha=0.02,__perm_delta_k=25,__perm_min_effect=0,__perm_n_perm=200,__perm_post_n=50,__perm_pre_n=200,__perm_rng_seed=0,__perm_stat=delta_fused_score,divergence=0.3,error_rate=0.5,teacher_entropy=0.2",3,0,200,0.0,0,10000,10.0,25.0,200,500,0,0,1.0,0.8607489224137931,0.6741927295405344,0.0,0.20964093506336212,0.008547259494662285,0,0,100,86,-1,perm_test,0.004975124378109453,0.1533234421412307,200,86,114,0.0,0.00374030414968729,0,0.0,0.0,0.0,0.0,0,none,0,1,0,overconfident,0.95,0,mild_drift,0.9581379362222667,0.0013218146017015897,0.7906491402452958,0.8536046989436908,1768131628.1186104,0.10185196995735168,0.09115514904260635
581,37184,37183,sea_abrupt4,sea,ts_drift_adapt,4,"error_divergence_ph_meta@error.threshold=0.10,error.min_instances=5",error_divergence_ph_meta,"{""divergence"": {""alpha"": 0.1, ""delta"": 0.005, ""min_instances"": 30, ""threshold"": 0.05}, ""error_rate"": {""alpha"": 0.15, ""delta"": 0.005, ""min_instances"": 5, ""threshold"": 0.1}}","{""error_rate"": {""min_instances"": 5, ""threshold"": 0.1}}",0.1,0.005,0.15,5,0.05,0.005,0.1,30,,,,-1,two_stage,2,0.5,"__confirm_cooldown=200,__confirm_rule=perm_test,__perm_alpha=0.02,__perm_delta_k=25,__perm_min_effect=0,__perm_n_perm=200,__perm_post_n=50,__perm_pre_n=200,__perm_rng_seed=0,__perm_stat=delta_fused_score,divergence=0.3,error_rate=0.5,teacher_entropy=0.2",3,0,200,0.0,0,10000,10.0,25.0,200,500,0,0,1.0,0.8608810240963856,0.6747303470572549,0.0,0.22035753726959229,0.009216110222041607,0,0,100,86,-1,perm_test,0.004975124378109453,0.1533234421412307,200,86,114,0.0,0.000668850727379322,0,0.0,0.0,0.0,0.0,0,none,0,1,0,overconfident,0.95,0,mild_drift,0.9592189681111334,0.0013109073008507948,0.7953245701226479,0.8543023494718454,1768131628.1292036,0.025439491495490074,0.07851770520210266
582,37248,37247,sea_abrupt4,sea,ts_drift_adapt,4,"error_divergence_ph_meta@error.threshold=0.10,error.min_instances=5",error_divergence_ph_meta,"{""divergence"": {""alpha"": 0.1, ""delta"": 0.005, ""min_instances"": 30, ""threshold"": 0.05}, ""error_rate"": {""alpha"": 0.15, ""delta"": 0.005, ""min_instances"": 5, ""threshold"": 0.1}}","{""error_rate"": {""min_instances"": 5, ""threshold"": 0.1}}",0.1,0.005,0.15,5,0.05,0.005,0.1,30,,,,-1,two_stage,2,0.5,"__confirm_cooldown=200,__confirm_rule=perm_test,__perm_alpha=0.02,__perm_delta_k=25,__perm_min_effect=0,__perm_n_perm=200,__perm_post_n=50,__perm_pre_n=200,__perm_rng_seed=0,__perm_stat=delta_fused_score,divergence=0.3,error_rate=0.5,teacher_entropy=0.2",3,0,200,0.0,0,10000,10.0,25.0,200,500,0,0,1.0,0.8609321305841925,0.6750005127369382,0.0,0.2517872154712677,0.015589558519423008,0,0,100,86,-1,perm_test,0.004975124378109453,0.1533234421412307,200,86,114,0.0,0.006373448297381401,0,0.0,0.0,0.0,0.0,0,none,0,1,0,overconfident,0.95,0,mild_drift,0.9597594840555667,0.0013054536504253974,0.797662285061324,0.8546511747359227,1768131628.1398225,0.02073085494339466,0.119103342294693
583,37312,37311,sea_abrupt4,sea,ts_drift_adapt,4,"error_divergence_ph_meta@error.threshold=0.10,error.min_instances=5",error_divergence_ph_meta,"{""divergence"": {""alpha"": 0.1, ""delta"": 0.005, ""min_instances"": 30, ""threshold"": 0.05}, ""error_rate"": {""alpha"": 0.15, ""delta"": 0.005, ""min_instances"": 5, ""threshold"": 0.1}}","{""error_rate"": {""min_instances"": 5, ""threshold"": 0.1}}",0.1,0.005,0.15,5,0.05,0.005,0.1,30,,,,-1,two_stage,2,0.5,"__confirm_cooldown=200,__confirm_rule=perm_test,__perm_alpha=0.02,__perm_delta_k=25,__perm_min_effect=0,__perm_n_perm=200,__perm_post_n=50,__perm_pre_n=200,__perm_rng_seed=0,__perm_stat=delta_fused_score,divergence=0.3,error_rate=0.5,teacher_entropy=0.2",3,0,200,0.0,0,10000,10.0,25.0,200,500,0,0,1.0,0.8609830617495712,0.675209500131331,0.0,0.24702633917331696,0.01581551320850849,0,0,100,86,-1,perm_test,0.004975124378109453,0.1533234421412307,200,86,114,0.0,0.00022595468908548355,0,0.0,0.0,0.0,0.0,0,none,0,1,0,overconfident,0.95,0,mild_drift,0.9600297420277832,0.0013027268252126987,0.798831142530662,0.8548255873679613,1768131628.1504679,0.09737277030944824,0.1191333457827568
584,37376,37375,sea_abrupt4,sea,ts_drift_adapt,4,"error_divergence_ph_meta@error.threshold=0.10,error.min_instances=5",error_divergence_ph_meta,"{""divergence"": {""alpha"": 0.1, ""delta"": 0.005, ""min_instances"": 30, ""threshold"": 0.05}, ""error_rate"": {""alpha"": 0.15, ""delta"": 0.005, ""min_instances"": 5, ""threshold"": 0.1}}","{""error_rate"": {""min_instances"": 5, ""threshold"": 0.1}}",0.1,0.005,0.15,5,0.05,0.005,0.1,30,,,,-1,two_stage,2,0.5,"__confirm_cooldown=200,__confirm_rule=perm_test,__perm_alpha=0.02,__perm_delta_k=25,__perm_min_effect=0,__perm_n_perm=200,__perm_post_n=50,__perm_pre_n=200,__perm_rng_seed=0,__perm_stat=delta_fused_score,divergence=0.3,error_rate=0.5,teacher_entropy=0.2",3,0,200,0.0,0,10000,10.0,25.0,200,500,0,0,1.0,0.8610338184931506,0.6754490347155931,0.16666666666666666,0.240945965051651,0.013887557201087475,1,1,101,87,0,perm_test,0.004975124378109453,0.06868857481310288,201,87,114,0.16666666666666666,0.16666666666666666,1,0.5,0.0,0.0,0.0,0,none,1,1,0,overconfident,0.95,0,severe_drift,0.9255148710138916,0.0016513634126063494,0.649415571265331,0.8324127936839807,1768131628.1668434,0.8292701244354248,0.08949567377567291
585,37440,37439,sea_abrupt4,sea,ts_drift_adapt,4,"error_divergence_ph_meta@error.threshold=0.10,error.min_instances=5",error_divergence_ph_meta,"{""divergence"": {""alpha"": 0.1, ""delta"": 0.005, ""min_instances"": 30, ""threshold"": 0.05}, ""error_rate"": {""alpha"": 0.15, ""delta"": 0.005, ""min_instances"": 5, ""threshold"": 0.1}}","{""error_rate"": {""min_instances"": 5, ""threshold"": 0.1}}",0.1,0.005,0.15,5,0.05,0.005,0.1,30,,,,-1,two_stage,2,0.5,"__confirm_cooldown=200,__confirm_rule=perm_test,__perm_alpha=0.02,__perm_delta_k=25,__perm_min_effect=0,__perm_n_perm=200,__perm_post_n=50,__perm_pre_n=200,__perm_rng_seed=0,__perm_stat=delta_fused_score,divergence=0.3,error_rate=0.5,teacher_entropy=0.2",3,0,200,0.0,0,10000,10.0,25.0,200,500,1,136,1.0,0.8610309829059829,0.6756162918978588,0.16666666666666666,0.2471277266740799,0.009453225880861282,0,0,101,87,-1,perm_test,0.004975124378109453,0.06868857481310288,201,87,114,0.0,0.0044343313202261925,0,0.0,0.0,0.0,0.0,0,none,0,1,0,overconfident,0.95,0,mild_drift,0.9429074355069458,0.0014756817063031748,0.7247077856326656,0.8437063968419903,1768131628.1771867,0.4415997564792633,0.08499661087989807
586,37504,37503,sea_abrupt4,sea,ts_drift_adapt,4,"error_divergence_ph_meta@error.threshold=0.10,error.min_instances=5",error_divergence_ph_meta,"{""divergence"": {""alpha"": 0.1, ""delta"": 0.005, ""min_instances"": 30, ""threshold"": 0.05}, ""error_rate"": {""alpha"": 0.15, ""delta"": 0.005, ""min_instances"": 5, ""threshold"": 0.1}}","{""error_rate"": {""min_instances"": 5, ""threshold"": 0.1}}",0.1,0.005,0.15,5,0.05,0.005,0.1,30,,,,-1,two_stage,2,0.5,"__confirm_cooldown=200,__confirm_rule=perm_test,__perm_alpha=0.02,__perm_delta_k=25,__perm_min_effect=0,__perm_n_perm=200,__perm_post_n=50,__perm_pre_n=200,__perm_rng_seed=0,__perm_stat=delta_fused_score,divergence=0.3,error_rate=0.5,teacher_entropy=0.2",3,0,200,0.0,0,10000,10.0,25.0,200,500,1,72,1.0,0.8611348122866894,0.6759780617445228,0.16666666666666666,0.17660315334796906,0.004659046418964863,0,0,101,87,-1,perm_test,0.004975124378109453,0.06868857481310288,201,87,114,0.0,0.0047941794618964195,0,0.0,0.0,0.0,0.0,0,none,0,1,0,overconfident,0.95,0,mild_drift,0.9516037177534729,0.0013878408531515876,0.7623538928163328,0.8493531984209952,1768131628.1873076,0.2157532125711441,0.04948212206363678
587,37568,37567,sea_abrupt4,sea,ts_drift_adapt,4,"error_divergence_ph_meta@error.threshold=0.10,error.min_instances=5",error_divergence_ph_meta,"{""divergence"": {""alpha"": 0.1, ""delta"": 0.005, ""min_instances"": 30, ""threshold"": 0.05}, ""error_rate"": {""alpha"": 0.15, ""delta"": 0.005, ""min_instances"": 5, ""threshold"": 0.1}}","{""error_rate"": {""min_instances"": 5, ""threshold"": 0.1}}",0.1,0.005,0.15,5,0.05,0.005,0.1,30,,,,-1,two_stage,2,0.5,"__confirm_cooldown=200,__confirm_rule=perm_test,__perm_alpha=0.02,__perm_delta_k=25,__perm_min_effect=0,__perm_n_perm=200,__perm_post_n=50,__perm_pre_n=200,__perm_rng_seed=0,__perm_stat=delta_fused_score,divergence=0.3,error_rate=0.5,teacher_entropy=0.2",3,0,200,0.0,0,10000,10.0,25.0,200,500,1,8,1.0,0.8611850511073254,0.676186234922737,0.0,0.2628494203090668,0.015385369770228863,0,0,101,87,-1,perm_test,0.004975124378109453,0.06868857481310288,201,87,114,0.0,0.16666666666666666,0,0.0,0.0,0.0,0.0,0,none,0,1,0,overconfident,0.95,0,mild_drift,0.9559518588767364,0.001343920426575794,0.7811769464081664,0.8521765992104976,1768131628.1974087,0.04999231919646263,0.12506277859210968
588,37632,37631,sea_abrupt4,sea,ts_drift_adapt,4,"error_divergence_ph_meta@error.threshold=0.10,error.min_instances=5",error_divergence_ph_meta,"{""divergence"": {""alpha"": 0.1, ""delta"": 0.005, ""min_instances"": 30, ""threshold"": 0.05}, ""error_rate"": {""alpha"": 0.15, ""delta"": 0.005, ""min_instances"": 5, ""threshold"": 0.1}}","{""error_rate"": {""min_instances"": 5, ""threshold"": 0.1}}",0.1,0.005,0.15,5,0.05,0.005,0.1,30,,,,-1,two_stage,2,0.5,"__confirm_cooldown=200,__confirm_rule=perm_test,__perm_alpha=0.02,__perm_delta_k=25,__perm_min_effect=0,__perm_n_perm=200,__perm_post_n=50,__perm_pre_n=200,__perm_rng_seed=0,__perm_stat=delta_fused_score,divergence=0.3,error_rate=0.5,teacher_entropy=0.2",3,0,200,0.0,0,10000,10.0,25.0,200,500,0,0,1.0,0.8612351190476191,0.6763902501282752,0.0,0.24988189339637756,0.010280939750373363,0,0,101,87,-1,perm_test,0.004975124378109453,0.06868857481310288,201,87,114,0.0,0.005104430019855499,0,0.0,0.0,0.0,0.0,0,none,0,1,0,overconfident,0.95,0,mild_drift,0.9581259294383682,0.001321960213287897,0.7905884732040832,0.8535882996052488,1768131628.2078917,0.13576515018939972,0.08622268587350845
589,37696,37695,sea_abrupt4,sea,ts_drift_adapt,4,"error_divergence_ph_meta@error.threshold=0.10,error.min_instances=5",error_divergence_ph_meta,"{""divergence"": {""alpha"": 0.1, ""delta"": 0.005, ""min_instances"": 30, ""threshold"": 0.05}, ""error_rate"": {""alpha"": 0.15, ""delta"": 0.005, ""min_instances"": 5, ""threshold"": 0.1}}","{""error_rate"": {""min_instances"": 5, ""threshold"": 0.1}}",0.1,0.005,0.15,5,0.05,0.005,0.1,30,,,,-1,two_stage,2,0.5,"__confirm_cooldown=200,__confirm_rule=perm_test,__perm_alpha=0.02,__perm_delta_k=25,__perm_min_effect=0,__perm_n_perm=200,__perm_post_n=50,__perm_pre_n=200,__perm_rng_seed=0,__perm_stat=delta_fused_score,divergence=0.3,error_rate=0.5,teacher_entropy=0.2",3,0,200,0.0,0,10000,10.0,25.0,200,500,0,0,1.0,0.861231960950764,0.6765038091577016,0.0,0.26096007227897644,0.013302472420036793,0,0,101,87,-1,perm_test,0.004975124378109453,0.06868857481310288,201,87,114,0.0,0.0030215326696634293,0,0.0,0.0,0.0,0.0,0,none,0,1,0,overconfident,0.95,0,mild_drift,0.959212964719184,0.0013109801066439487,0.7952942366020417,0.8542941498026244,1768131628.2184274,0.05470966920256615,0.13344110548496246
590,37760,37759,sea_abrupt4,sea,ts_drift_adapt,4,"error_divergence_ph_meta@error.threshold=0.10,error.min_instances=5",error_divergence_ph_meta,"{""divergence"": {""alpha"": 0.1, ""delta"": 0.005, ""min_instances"": 30, ""threshold"": 0.05}, ""error_rate"": {""alpha"": 0.15, ""delta"": 0.005, ""min_instances"": 5, ""threshold"": 0.1}}","{""error_rate"": {""min_instances"": 5, ""threshold"": 0.1}}",0.1,0.005,0.15,5,0.05,0.005,0.1,30,,,,-1,two_stage,2,0.5,"__confirm_cooldown=200,__confirm_rule=perm_test,__perm_alpha=0.02,__perm_delta_k=25,__perm_min_effect=0,__perm_n_perm=200,__perm_post_n=50,__perm_pre_n=200,__perm_rng_seed=0,__perm_stat=delta_fused_score,divergence=0.3,error_rate=0.5,teacher_entropy=0.2",3,0,200,0.0,0,10000,10.0,25.0,200,500,0,0,1.0,0.8613877118644068,0.6769191237982525,0.0,0.25135746598243713,0.011693964712321758,0,0,101,87,-1,perm_test,0.004975124378109453,0.06868857481310288,201,87,114,0.0,0.0016085077077150345,0,0.0,0.0,0.0,0.0,0,none,0,1,0,overconfident,0.95,0,mild_drift,0.959756482359592,0.0013054900533219743,0.7976471183010209,0.8546470749013122,1768131628.2289073,0.15415512025356293,0.11141293495893478
591,37824,37823,sea_abrupt4,sea,ts_drift_adapt,4,"error_divergence_ph_meta@error.threshold=0.10,error.min_instances=5",error_divergence_ph_meta,"{""divergence"": {""alpha"": 0.1, ""delta"": 0.005, ""min_instances"": 30, ""threshold"": 0.05}, ""error_rate"": {""alpha"": 0.15, ""delta"": 0.005, ""min_instances"": 5, ""threshold"": 0.1}}","{""error_rate"": {""min_instances"": 5, ""threshold"": 0.1}}",0.1,0.005,0.15,5,0.05,0.005,0.1,30,,,,-1,two_stage,2,0.5,"__confirm_cooldown=200,__confirm_rule=perm_test,__perm_alpha=0.02,__perm_delta_k=25,__perm_min_effect=0,__perm_n_perm=200,__perm_post_n=50,__perm_pre_n=200,__perm_rng_seed=0,__perm_stat=delta_fused_score,divergence=0.3,error_rate=0.5,teacher_entropy=0.2",3,0,200,0.0,0,10000,10.0,25.0,200,500,0,0,1.0,0.8615164974619289,0.6774455775070722,0.16666666666666666,0.222892165184021,0.008840450085699558,1,1,102,88,0,perm_test,0.004975124378109453,0.0854959327408702,202,88,114,0.0,0.16666666666666666,1,0.5,0.0,0.0,0.0,0,none,1,1,0,overconfident,0.95,0,stable,0.974878241179796,0.0010527450266609871,0.8988235591505105,0.8998235374506561,1768131628.2447028,0.3420518934726715,0.07663042843341827
592,37888,37887,sea_abrupt4,sea,ts_drift_adapt,4,"error_divergence_ph_meta@error.threshold=0.10,error.min_instances=5",error_divergence_ph_meta,"{""divergence"": {""alpha"": 0.1, ""delta"": 0.005, ""min_instances"": 30, ""threshold"": 0.05}, ""error_rate"": {""alpha"": 0.15, ""delta"": 0.005, ""min_instances"": 5, ""threshold"": 0.1}}","{""error_rate"": {""min_instances"": 5, ""threshold"": 0.1}}",0.1,0.005,0.15,5,0.05,0.005,0.1,30,,,,-1,two_stage,2,0.5,"__confirm_cooldown=200,__confirm_rule=perm_test,__perm_alpha=0.02,__perm_delta_k=25,__perm_min_effect=0,__perm_n_perm=200,__perm_post_n=50,__perm_pre_n=200,__perm_rng_seed=0,__perm_stat=delta_fused_score,divergence=0.3,error_rate=0.5,teacher_entropy=0.2",3,0,200,0.0,0,10000,10.0,25.0,200,500,1,136,1.0,0.8615656672297297,0.6776538757440346,0.16666666666666666,0.2510744333267212,0.028720559552311897,0,0,102,88,-1,perm_test,0.004975124378109453,0.0854959327408702,202,88,114,0.0,0.01988010946661234,0,0.0,0.0,0.0,0.0,0,none,0,1,0,overconfident,0.95,0,mild_drift,0.967589120589898,0.0011763725133304937,0.8494117795752553,0.877411768725328,1768131628.2546344,0.14594236016273499,0.25418442487716675
593,37952,37951,sea_abrupt4,sea,ts_drift_adapt,4,"error_divergence_ph_meta@error.threshold=0.10,error.min_instances=5",error_divergence_ph_meta,"{""divergence"": {""alpha"": 0.1, ""delta"": 0.005, ""min_instances"": 30, ""threshold"": 0.05}, ""error_rate"": {""alpha"": 0.15, ""delta"": 0.005, ""min_instances"": 5, ""threshold"": 0.1}}","{""error_rate"": {""min_instances"": 5, ""threshold"": 0.1}}",0.1,0.005,0.15,5,0.05,0.005,0.1,30,,,,-1,two_stage,2,0.5,"__confirm_cooldown=200,__confirm_rule=perm_test,__perm_alpha=0.02,__perm_delta_k=25,__perm_min_effect=0,__perm_n_perm=200,__perm_post_n=50,__perm_pre_n=200,__perm_rng_seed=0,__perm_stat=delta_fused_score,divergence=0.3,error_rate=0.5,teacher_entropy=0.2",3,0,200,0.0,0,10000,10.0,25.0,200,500,1,72,1.0,0.861693718381113,0.6779969846779167,0.0,0.21334537863731384,0.010098692961037159,0,0,102,88,-1,perm_test,0.004975124378109453,0.0854959327408702,202,88,114,0.0,0.16666666666666666,0,0.0,0.0,0.0,0.0,0,none,0,1,0,overconfident,0.95,0,mild_drift,0.963944560294949,0.0012381862566652468,0.8247058897876276,0.866205884362664,1768131628.2643325,0.046655114740133286,0.10857346653938293
594,38016,38015,sea_abrupt4,sea,ts_drift_adapt,4,"error_divergence_ph_meta@error.threshold=0.10,error.min_instances=5",error_divergence_ph_meta,"{""divergence"": {""alpha"": 0.1, ""delta"": 0.005, ""min_instances"": 30, ""threshold"": 0.05}, ""error_rate"": {""alpha"": 0.15, ""delta"": 0.005, ""min_instances"": 5, ""threshold"": 0.1}}","{""error_rate"": {""min_instances"": 5, ""threshold"": 0.1}}",0.1,0.005,0.15,5,0.05,0.005,0.1,30,,,,-1,two_stage,2,0.5,"__confirm_cooldown=200,__confirm_rule=perm_test,__perm_alpha=0.02,__perm_delta_k=25,__perm_min_effect=0,__perm_n_perm=200,__perm_post_n=50,__perm_pre_n=200,__perm_rng_seed=0,__perm_stat=delta_fused_score,divergence=0.3,error_rate=0.5,teacher_entropy=0.2",3,0,200,0.0,0,10000,10.0,25.0,200,500,1,8,1.0,0.8616372053872053,0.6779886472392865,0.0,0.30304697155952454,0.014138379134237766,0,0,102,88,-1,perm_test,0.004975124378109453,0.0854959327408702,202,88,114,0.0,0.004039686173200607,0,0.0,0.0,0.0,0.0,0,none,0,1,0,overconfident,0.95,0,mild_drift,0.9621222801474745,0.0012690931283326234,0.8123529448938138,0.8606029421813319,1768131628.275193,0.09879100322723389,0.10350960493087769
595,38080,38079,sea_abrupt4,sea,ts_drift_adapt,4,"error_divergence_ph_meta@error.threshold=0.10,error.min_instances=5",error_divergence_ph_meta,"{""divergence"": {""alpha"": 0.1, ""delta"": 0.005, ""min_instances"": 30, ""threshold"": 0.05}, ""error_rate"": {""alpha"": 0.15, ""delta"": 0.005, ""min_instances"": 5, ""threshold"": 0.1}}","{""error_rate"": {""min_instances"": 5, ""threshold"": 0.1}}",0.1,0.005,0.15,5,0.05,0.005,0.1,30,,,,-1,two_stage,2,0.5,"__confirm_cooldown=200,__confirm_rule=perm_test,__perm_alpha=0.02,__perm_delta_k=25,__perm_min_effect=0,__perm_n_perm=200,__perm_post_n=50,__perm_pre_n=200,__perm_rng_seed=0,__perm_stat=delta_fused_score,divergence=0.3,error_rate=0.5,teacher_entropy=0.2",3,0,200,0.0,0,10000,10.0,25.0,200,500,0,0,1.0,0.8618172268907563,0.6784670297484418,0.0,0.18761911988258362,0.006410170346498489,0,0,102,88,-1,perm_test,0.004975124378109453,0.0854959327408702,202,88,114,0.0,0.007728208787739277,0,0.0,0.0,0.0,0.0,0,none,0,1,0,overconfident,0.95,0,mild_drift,0.9612111400737372,0.0012845465641663119,0.8061764724469069,0.857801471090666,1768131628.2882059,0.09368153661489487,0.0788261890411377
596,38144,38143,sea_abrupt4,sea,ts_drift_adapt,4,"error_divergence_ph_meta@error.threshold=0.10,error.min_instances=5",error_divergence_ph_meta,"{""divergence"": {""alpha"": 0.1, ""delta"": 0.005, ""min_instances"": 30, ""threshold"": 0.05}, ""error_rate"": {""alpha"": 0.15, ""delta"": 0.005, ""min_instances"": 5, ""threshold"": 0.1}}","{""error_rate"": {""min_instances"": 5, ""threshold"": 0.1}}",0.1,0.005,0.15,5,0.05,0.005,0.1,30,,,,-1,two_stage,2,0.5,"__confirm_cooldown=200,__confirm_rule=perm_test,__perm_alpha=0.02,__perm_delta_k=25,__perm_min_effect=0,__perm_n_perm=200,__perm_post_n=50,__perm_pre_n=200,__perm_rng_seed=0,__perm_stat=delta_fused_score,divergence=0.3,error_rate=0.5,teacher_entropy=0.2",3,0,200,0.0,0,10000,10.0,25.0,200,500,0,0,1.0,0.8617606963087249,0.6784456873317528,0.3333333333333333,0.25077560544013977,0.012186904437839985,1,1,103,89,0,perm_test,0.004975124378109453,0.15963294515192342,203,89,114,0.16666666666666666,0.3333333333333333,1,0.5,0.0,0.0,0.0,0,none,1,1,0,overconfident,0.95,0,severe_drift,0.9261055700368686,0.001642273282083156,0.6530882362234535,0.833900735545333,1768131628.306911,0.36993515491485596,0.08930492401123047
597,38208,38207,sea_abrupt4,sea,ts_drift_adapt,4,"error_divergence_ph_meta@error.threshold=0.10,error.min_instances=5",error_divergence_ph_meta,"{""divergence"": {""alpha"": 0.1, ""delta"": 0.005, ""min_instances"": 30, ""threshold"": 0.05}, ""error_rate"": {""alpha"": 0.15, ""delta"": 0.005, ""min_instances"": 5, ""threshold"": 0.1}}","{""error_rate"": {""min_instances"": 5, ""threshold"": 0.1}}",0.1,0.005,0.15,5,0.05,0.005,0.1,30,,,,-1,two_stage,2,0.5,"__confirm_cooldown=200,__confirm_rule=perm_test,__perm_alpha=0.02,__perm_delta_k=25,__perm_min_effect=0,__perm_n_perm=200,__perm_post_n=50,__perm_pre_n=200,__perm_rng_seed=0,__perm_stat=delta_fused_score,divergence=0.3,error_rate=0.5,teacher_entropy=0.2",3,0,200,0.0,0,10000,10.0,25.0,200,500,1,136,1.0,0.8618613902847572,0.6787926070163249,0.0,0.1999211609363556,0.010069641284644604,0,0,103,89,-1,perm_test,0.004975124378109453,0.15963294515192342,203,89,114,0.0,0.3333333333333333,0,0.0,0.0,0.0,0.0,0,none,0,1,0,overconfident,0.95,0,mild_drift,0.9432027850184342,0.001471136641041578,0.7265441181117267,0.8444503677726665,1768131628.3184898,0.1633705198764801,0.09898390620946884
598,38272,38271,sea_abrupt4,sea,ts_drift_adapt,4,"error_divergence_ph_meta@error.threshold=0.10,error.min_instances=5",error_divergence_ph_meta,"{""divergence"": {""alpha"": 0.1, ""delta"": 0.005, ""min_instances"": 30, ""threshold"": 0.05}, ""error_rate"": {""alpha"": 0.15, ""delta"": 0.005, ""min_instances"": 5, ""threshold"": 0.1}}","{""error_rate"": {""min_instances"": 5, ""threshold"": 0.1}}",0.1,0.005,0.15,5,0.05,0.005,0.1,30,,,,-1,two_stage,2,0.5,"__confirm_cooldown=200,__confirm_rule=perm_test,__perm_alpha=0.02,__perm_delta_k=25,__perm_min_effect=0,__perm_n_perm=200,__perm_post_n=50,__perm_pre_n=200,__perm_rng_seed=0,__perm_stat=delta_fused_score,divergence=0.3,error_rate=0.5,teacher_entropy=0.2",3,0,200,0.0,0,10000,10.0,25.0,200,500,1,72,1.0,0.861935618729097,0.6790713863421161,0.0,0.25281816720962524,0.014835449866950512,0,0,103,89,-1,perm_test,0.004975124378109453,0.15963294515192342,203,89,114,0.0,0.004765808582305908,0,0.0,0.0,0.0,0.0,0,none,0,1,0,overconfident,0.95,0,mild_drift,0.9517513925092171,0.001385568320520789,0.7632720590558634,0.8497251838863332,1768131628.32895,0.0808655396103859,0.15576040744781494
599,38336,38335,sea_abrupt4,sea,ts_drift_adapt,4,"error_divergence_ph_meta@error.threshold=0.10,error.min_instances=5",error_divergence_ph_meta,"{""divergence"": {""alpha"": 0.1, ""delta"": 0.005, ""min_instances"": 30, ""threshold"": 0.05}, ""error_rate"": {""alpha"": 0.15, ""delta"": 0.005, ""min_instances"": 5, ""threshold"": 0.1}}","{""error_rate"": {""min_instances"": 5, ""threshold"": 0.1}}",0.1,0.005,0.15,5,0.05,0.005,0.1,30,,,,-1,two_stage,2,0.5,"__confirm_cooldown=200,__confirm_rule=perm_test,__perm_alpha=0.02,__perm_delta_k=25,__perm_min_effect=0,__perm_n_perm=200,__perm_post_n=50,__perm_pre_n=200,__perm_rng_seed=0,__perm_stat=delta_fused_score,divergence=0.3,error_rate=0.5,teacher_entropy=0.2",3,0,200,0.0,0,10000,10.0,25.0,200,500,1,8,1.0,0.8620095993322203,0.679345825857211,0.0,0.2775929868221283,0.013295627199113369,0,0,103,89,-1,perm_test,0.004975124378109453,0.15963294515192342,203,89,114,0.0,0.001539822667837143,0,0.0,0.0,0.0,0.0,0,none,0,1,0,overconfident,0.95,0,mild_drift,0.9560256962546085,0.0013427841602603944,0.7816360295279317,0.8523625919431665,1768131628.3389702,0.07570093125104904,0.12923964858055115
600,38400,38399,sea_abrupt4,sea,ts_drift_adapt,4,"error_divergence_ph_meta@error.threshold=0.10,error.min_instances=5",error_divergence_ph_meta,"{""divergence"": {""alpha"": 0.1, ""delta"": 0.005, ""min_instances"": 30, ""threshold"": 0.05}, ""error_rate"": {""alpha"": 0.15, ""delta"": 0.005, ""min_instances"": 5, ""threshold"": 0.1}}","{""error_rate"": {""min_instances"": 5, ""threshold"": 0.1}}",0.1,0.005,0.15,5,0.05,0.005,0.1,30,,,,-1,two_stage,2,0.5,"__confirm_cooldown=200,__confirm_rule=perm_test,__perm_alpha=0.02,__perm_delta_k=25,__perm_min_effect=0,__perm_n_perm=200,__perm_post_n=50,__perm_pre_n=200,__perm_rng_seed=0,__perm_stat=delta_fused_score,divergence=0.3,error_rate=0.5,teacher_entropy=0.2",3,0,200,0.0,0,10000,10.0,25.0,200,500,0,0,1.0,0.862109375,0.6796262608901829,0.0,0.22297416627407074,0.019229944795370102,0,0,103,89,-1,perm_test,0.004975124378109453,0.15963294515192342,203,89,114,0.0,0.005934317596256733,0,0.0,0.0,0.0,0.0,0,none,0,1,0,overconfident,0.95,0,mild_drift,0.9581628481273042,0.0013213920801301974,0.7908180147639658,0.8536812959715833,1768131628.3490043,0.025087198242545128,0.1639074981212616
601,38464,38463,sea_abrupt4,sea,ts_drift_adapt,4,"error_divergence_ph_meta@error.threshold=0.10,error.min_instances=5",error_divergence_ph_meta,"{""divergence"": {""alpha"": 0.1, ""delta"": 0.005, ""min_instances"": 30, ""threshold"": 0.05}, ""error_rate"": {""alpha"": 0.15, ""delta"": 0.005, ""min_instances"": 5, ""threshold"": 0.1}}","{""error_rate"": {""min_instances"": 5, ""threshold"": 0.1}}",0.1,0.005,0.15,5,0.05,0.005,0.1,30,,,,-1,two_stage,2,0.5,"__confirm_cooldown=200,__confirm_rule=perm_test,__perm_alpha=0.02,__perm_delta_k=25,__perm_min_effect=0,__perm_n_perm=200,__perm_post_n=50,__perm_pre_n=200,__perm_rng_seed=0,__perm_stat=delta_fused_score,divergence=0.3,error_rate=0.5,teacher_entropy=0.2",3,0,200,0.0,0,10000,10.0,25.0,200,500,0,0,1.0,0.8622608153078203,0.6800442819554636,0.0,0.1564760059118271,0.006171300541609526,0,0,103,89,-1,perm_test,0.004975124378109453,0.15963294515192342,203,89,114,0.0,0.013058644253760576,0,0.0,0.0,0.0,0.0,0,none,0,1,0,overconfident,0.95,0,mild_drift,0.9592314240636521,0.0013106960400650989,0.795409007381983,0.8543406479857916,1768131628.3593636,0.01271121297031641,0.0657157301902771
602,38528,38527,sea_abrupt4,sea,ts_drift_adapt,4,"error_divergence_ph_meta@error.threshold=0.10,error.min_instances=5",error_divergence_ph_meta,"{""divergence"": {""alpha"": 0.1, ""delta"": 0.005, ""min_instances"": 30, ""threshold"": 0.05}, ""error_rate"": {""alpha"": 0.15, ""delta"": 0.005, ""min_instances"": 5, ""threshold"": 0.1}}","{""error_rate"": {""min_instances"": 5, ""threshold"": 0.1}}",0.1,0.005,0.15,5,0.05,0.005,0.1,30,,,,-1,two_stage,2,0.5,"__confirm_cooldown=200,__confirm_rule=perm_test,__perm_alpha=0.02,__perm_delta_k=25,__perm_min_effect=0,__perm_n_perm=200,__perm_post_n=50,__perm_pre_n=200,__perm_rng_seed=0,__perm_stat=delta_fused_score,divergence=0.3,error_rate=0.5,teacher_entropy=0.2",3,0,200,0.0,0,10000,10.0,25.0,200,500,0,0,1.0,0.862281976744186,0.6801712822435527,0.0,0.22159096598625183,0.017567932605743408,0,0,103,89,-1,perm_test,0.004975124378109453,0.15963294515192342,203,89,114,0.0,0.011396632064133883,0,0.0,0.0,0.0,0.0,0,none,0,1,0,overconfident,0.95,0,mild_drift,0.959765712031826,0.0013053480200325494,0.7977045036909916,0.8546703239928958,1768131628.3697402,0.08487439900636673,0.1263248324394226
603,38592,38591,sea_abrupt4,sea,ts_drift_adapt,4,"error_divergence_ph_meta@error.threshold=0.10,error.min_instances=5",error_divergence_ph_meta,"{""divergence"": {""alpha"": 0.1, ""delta"": 0.005, ""min_instances"": 30, ""threshold"": 0.05}, ""error_rate"": {""alpha"": 0.15, ""delta"": 0.005, ""min_instances"": 5, ""threshold"": 0.1}}","{""error_rate"": {""min_instances"": 5, ""threshold"": 0.1}}",0.1,0.005,0.15,5,0.05,0.005,0.1,30,,,,-1,two_stage,2,0.5,"__confirm_cooldown=200,__confirm_rule=perm_test,__perm_alpha=0.02,__perm_delta_k=25,__perm_min_effect=0,__perm_n_perm=200,__perm_post_n=50,__perm_pre_n=200,__perm_rng_seed=0,__perm_stat=delta_fused_score,divergence=0.3,error_rate=0.5,teacher_entropy=0.2",3,0,200,0.0,0,10000,10.0,25.0,200,500,0,0,1.0,0.8623548922056384,0.6804881670180931,0.0,0.2391984909772873,0.01274019107222557,0,0,103,89,-1,perm_test,0.004975124378109453,0.15963294515192342,203,89,114,0.0,0.0048277415335178375,0,0.0,0.0,0.0,0.0,0,none,0,1,0,overconfident,0.95,0,mild_drift,0.960032856015913,0.001302674010016275,0.7988522518454958,0.8548351619964478,1768131628.3802354,0.020534686744213104,0.09271150082349777
604,38656,38655,sea_abrupt4,sea,ts_drift_adapt,4,"error_divergence_ph_meta@error.threshold=0.10,error.min_instances=5",error_divergence_ph_meta,"{""divergence"": {""alpha"": 0.1, ""delta"": 0.005, ""min_instances"": 30, ""threshold"": 0.05}, ""error_rate"": {""alpha"": 0.15, ""delta"": 0.005, ""min_instances"": 5, ""threshold"": 0.1}}","{""error_rate"": {""min_instances"": 5, ""threshold"": 0.1}}",0.1,0.005,0.15,5,0.05,0.005,0.1,30,,,,-1,two_stage,2,0.5,"__confirm_cooldown=200,__confirm_rule=perm_test,__perm_alpha=0.02,__perm_delta_k=25,__perm_min_effect=0,__perm_n_perm=200,__perm_post_n=50,__perm_pre_n=200,__perm_rng_seed=0,__perm_stat=delta_fused_score,divergence=0.3,error_rate=0.5,teacher_entropy=0.2",3,0,200,0.0,0,10000,10.0,25.0,200,500,0,0,1.0,0.8624275662251656,0.6807483034379973,0.16666666666666666,0.23875631392002106,0.010507180355489254,1,1,104,90,0,perm_test,0.004975124378109453,0.07193438122076524,204,90,114,0.16666666666666666,0.16666666666666666,1,0.5,0.0,0.0,0.0,0,none,1,1,0,overconfident,0.95,0,severe_drift,0.9255164280079565,0.0016513370050081375,0.6494261259227478,0.8324175809982239,1768131628.3964863,0.1763206124305725,0.11059452593326569
605,38720,38719,sea_abrupt4,sea,ts_drift_adapt,4,"error_divergence_ph_meta@error.threshold=0.10,error.min_instances=5",error_divergence_ph_meta,"{""divergence"": {""alpha"": 0.1, ""delta"": 0.005, ""min_instances"": 30, ""threshold"": 0.05}, ""error_rate"": {""alpha"": 0.15, ""delta"": 0.005, ""min_instances"": 5, ""threshold"": 0.1}}","{""error_rate"": {""min_instances"": 5, ""threshold"": 0.1}}",0.1,0.005,0.15,5,0.05,0.005,0.1,30,,,,-1,two_stage,2,0.5,"__confirm_cooldown=200,__confirm_rule=perm_test,__perm_alpha=0.02,__perm_delta_k=25,__perm_min_effect=0,__perm_n_perm=200,__perm_post_n=50,__perm_pre_n=200,__perm_rng_seed=0,__perm_stat=delta_fused_score,divergence=0.3,error_rate=0.5,teacher_entropy=0.2",3,0,200,0.0,0,10000,10.0,25.0,200,500,1,136,1.0,0.862577479338843,0.6812042838058314,0.16666666666666666,0.2253466546535492,0.009077618829905987,0,0,104,90,-1,perm_test,0.004975124378109453,0.07193438122076524,204,90,114,0.0,0.0014295615255832672,0,0.0,0.0,0.0,0.0,0,none,0,1,0,overconfident,0.95,0,mild_drift,0.9429082140039782,0.0014756685025040688,0.7247130629613739,0.843708790499112,1768131628.406625,0.17227332293987274,0.07902976125478745
606,38784,38783,sea_abrupt4,sea,ts_drift_adapt,4,"error_divergence_ph_meta@error.threshold=0.10,error.min_instances=5",error_divergence_ph_meta,"{""divergence"": {""alpha"": 0.1, ""delta"": 0.005, ""min_instances"": 30, ""threshold"": 0.05}, ""error_rate"": {""alpha"": 0.15, ""delta"": 0.005, ""min_instances"": 5, ""threshold"": 0.1}}","{""error_rate"": {""min_instances"": 5, ""threshold"": 0.1}}",0.1,0.005,0.15,5,0.05,0.005,0.1,30,,,,-1,two_stage,2,0.5,"__confirm_cooldown=200,__confirm_rule=perm_test,__perm_alpha=0.02,__perm_delta_k=25,__perm_min_effect=0,__perm_n_perm=200,__perm_post_n=50,__perm_pre_n=200,__perm_rng_seed=0,__perm_stat=delta_fused_score,divergence=0.3,error_rate=0.5,teacher_entropy=0.2",3,0,200,0.0,0,10000,10.0,25.0,200,500,1,72,1.0,0.8625979785478548,0.6815011482420357,0.3333333333333333,0.264635294675827,0.01254208106547594,0,0,104,90,-1,perm_test,0.004975124378109453,0.07193438122076524,204,90,114,0.0,0.16666666666666666,0,0.0,0.0,0.0,0.0,0,none,0,1,0,overconfident,0.95,0,mild_drift,0.951604107001989,0.0013878342512520345,0.762356531480687,0.8493543952495559,1768131628.4166226,0.3689848482608795,0.10922589898109436
607,38848,38847,sea_abrupt4,sea,ts_drift_adapt,4,"error_divergence_ph_meta@error.threshold=0.10,error.min_instances=5",error_divergence_ph_meta,"{""divergence"": {""alpha"": 0.1, ""delta"": 0.005, ""min_instances"": 30, ""threshold"": 0.05}, ""error_rate"": {""alpha"": 0.15, ""delta"": 0.005, ""min_instances"": 5, ""threshold"": 0.1}}","{""error_rate"": {""min_instances"": 5, ""threshold"": 0.1}}",0.1,0.005,0.15,5,0.05,0.005,0.1,30,,,,-1,two_stage,2,0.5,"__confirm_cooldown=200,__confirm_rule=perm_test,__perm_alpha=0.02,__perm_delta_k=25,__perm_min_effect=0,__perm_n_perm=200,__perm_post_n=50,__perm_pre_n=200,__perm_rng_seed=0,__perm_stat=delta_fused_score,divergence=0.3,error_rate=0.5,teacher_entropy=0.2",3,0,200,0.0,0,10000,10.0,25.0,200,500,1,8,1.0,0.8625669275123559,0.6815640691561144,0.16666666666666666,0.2948165237903595,0.01863808184862137,0,0,104,90,-1,perm_test,0.004975124378109453,0.07193438122076524,204,90,114,0.0,0.16666666666666666,0,0.0,0.0,0.0,0.0,0,none,0,1,0,overconfident,0.95,0,mild_drift,0.9559520535009944,0.0013439171256260174,0.7811782657403435,0.852177197624778,1768131628.4266865,0.28204941749572754,0.1398451030254364
608,38912,38911,sea_abrupt4,sea,ts_drift_adapt,4,"error_divergence_ph_meta@error.threshold=0.10,error.min_instances=5",error_divergence_ph_meta,"{""divergence"": {""alpha"": 0.1, ""delta"": 0.005, ""min_instances"": 30, ""threshold"": 0.05}, ""error_rate"": {""alpha"": 0.15, ""delta"": 0.005, ""min_instances"": 5, ""threshold"": 0.1}}","{""error_rate"": {""min_instances"": 5, ""threshold"": 0.1}}",0.1,0.005,0.15,5,0.05,0.005,0.1,30,,,,-1,two_stage,2,0.5,"__confirm_cooldown=200,__confirm_rule=perm_test,__perm_alpha=0.02,__perm_delta_k=25,__perm_min_effect=0,__perm_n_perm=200,__perm_post_n=50,__perm_pre_n=200,__perm_rng_seed=0,__perm_stat=delta_fused_score,divergence=0.3,error_rate=0.5,teacher_entropy=0.2",3,0,200,0.0,0,10000,10.0,25.0,200,500,0,0,1.0,0.8627158717105263,0.6821120546746721,0.0,0.216830775141716,0.015088638290762901,0,0,104,90,-1,perm_test,0.004975124378109453,0.07193438122076524,204,90,114,0.0,0.16666666666666666,0,0.0,0.0,0.0,0.0,0,none,0,1,0,overconfident,0.95,0,mild_drift,0.9581260267504972,0.0013219585628130087,0.7905891328701717,0.853588598812389,1768131628.4370651,0.050411175936460495,0.12894591689109802
609,38976,38975,sea_abrupt4,sea,ts_drift_adapt,4,"error_divergence_ph_meta@error.threshold=0.10,error.min_instances=5",error_divergence_ph_meta,"{""divergence"": {""alpha"": 0.1, ""delta"": 0.005, ""min_instances"": 30, ""threshold"": 0.05}, ""error_rate"": {""alpha"": 0.15, ""delta"": 0.005, ""min_instances"": 5, ""threshold"": 0.1}}","{""error_rate"": {""min_instances"": 5, ""threshold"": 0.1}}",0.1,0.005,0.15,5,0.05,0.005,0.1,30,,,,-1,two_stage,2,0.5,"__confirm_cooldown=200,__confirm_rule=perm_test,__perm_alpha=0.02,__perm_delta_k=25,__perm_min_effect=0,__perm_n_perm=200,__perm_post_n=50,__perm_pre_n=200,__perm_rng_seed=0,__perm_stat=delta_fused_score,divergence=0.3,error_rate=0.5,teacher_entropy=0.2",3,0,200,0.0,0,10000,10.0,25.0,200,500,0,0,1.0,0.8628386699507389,0.6824581613946246,0.0,0.19702860713005066,0.01187825482338667,0,1,105,90,-1,perm_test,0.44776119402985076,0.0007091500413711977,205,90,115,0.16666666666666666,0.003210383467376232,1,0.5,0.0,0.0,0.0,0,none,0,1,0,overconfident,0.95,0,mild_drift,0.9592130133752486,0.0013109792814065043,0.7952945664350859,0.8542942994061945,1768131628.4529402,0.030530670657753944,0.10637876391410828
610,39040,39039,sea_abrupt4,sea,ts_drift_adapt,4,"error_divergence_ph_meta@error.threshold=0.10,error.min_instances=5",error_divergence_ph_meta,"{""divergence"": {""alpha"": 0.1, ""delta"": 0.005, ""min_instances"": 30, ""threshold"": 0.05}, ""error_rate"": {""alpha"": 0.15, ""delta"": 0.005, ""min_instances"": 5, ""threshold"": 0.1}}","{""error_rate"": {""min_instances"": 5, ""threshold"": 0.1}}",0.1,0.005,0.15,5,0.05,0.005,0.1,30,,,,-1,two_stage,2,0.5,"__confirm_cooldown=200,__confirm_rule=perm_test,__perm_alpha=0.02,__perm_delta_k=25,__perm_min_effect=0,__perm_n_perm=200,__perm_post_n=50,__perm_pre_n=200,__perm_rng_seed=0,__perm_stat=delta_fused_score,divergence=0.3,error_rate=0.5,teacher_entropy=0.2",3,0,200,0.0,0,10000,10.0,25.0,200,500,0,0,1.0,0.8630122950819672,0.6829953994307476,0.0,0.21583570539951324,0.015846647322177887,1,0,105,91,1,perm_test,0.004975124378109453,0.07513390004570807,206,91,115,0.0,0.003968392498791218,0,0.0,0.0,0.0,0.0,0,none,1,1,0,overconfident,0.95,0,stable,0.9746065066876243,0.0010554896407032521,0.897647283217543,0.8996471497030973,1768131628.4682953,0.2320830374956131,0.1291692554950714
611,39104,39103,sea_abrupt4,sea,ts_drift_adapt,4,"error_divergence_ph_meta@error.threshold=0.10,error.min_instances=5",error_divergence_ph_meta,"{""divergence"": {""alpha"": 0.1, ""delta"": 0.005, ""min_instances"": 30, ""threshold"": 0.05}, ""error_rate"": {""alpha"": 0.15, ""delta"": 0.005, ""min_instances"": 5, ""threshold"": 0.1}}","{""error_rate"": {""min_instances"": 5, ""threshold"": 0.1}}",0.1,0.005,0.15,5,0.05,0.005,0.1,30,,,,-1,two_stage,2,0.5,"__confirm_cooldown=200,__confirm_rule=perm_test,__perm_alpha=0.02,__perm_delta_k=25,__perm_min_effect=0,__perm_n_perm=200,__perm_post_n=50,__perm_pre_n=200,__perm_rng_seed=0,__perm_stat=delta_fused_score,divergence=0.3,error_rate=0.5,teacher_entropy=0.2",3,0,200,0.0,0,10000,10.0,25.0,200,500,1,136,1.0,0.8630830605564648,0.683279524404069,0.16666666666666666,0.21819572150707245,0.017296435311436653,0,0,105,91,-1,perm_test,0.004975124378109453,0.07513390004570807,206,91,115,0.0,0.16666666666666666,0,0.0,0.0,0.0,0.0,0,none,0,1,0,overconfident,0.95,0,mild_drift,0.967453253343812,0.0011777448203516261,0.8488236416087716,0.8773235748515487,1768131628.4794252,0.3437889516353607,0.11517058312892914
612,39168,39167,sea_abrupt4,sea,ts_drift_adapt,4,"error_divergence_ph_meta@error.threshold=0.10,error.min_instances=5",error_divergence_ph_meta,"{""divergence"": {""alpha"": 0.1, ""delta"": 0.005, ""min_instances"": 30, ""threshold"": 0.05}, ""error_rate"": {""alpha"": 0.15, ""delta"": 0.005, ""min_instances"": 5, ""threshold"": 0.1}}","{""error_rate"": {""min_instances"": 5, ""threshold"": 0.1}}",0.1,0.005,0.15,5,0.05,0.005,0.1,30,,,,-1,two_stage,2,0.5,"__confirm_cooldown=200,__confirm_rule=perm_test,__perm_alpha=0.02,__perm_delta_k=25,__perm_min_effect=0,__perm_n_perm=200,__perm_post_n=50,__perm_pre_n=200,__perm_rng_seed=0,__perm_stat=delta_fused_score,divergence=0.3,error_rate=0.5,teacher_entropy=0.2",3,0,200,0.0,0,10000,10.0,25.0,200,500,1,72,1.0,0.8631280637254902,0.6834807669067364,0.16666666666666666,0.2576059401035309,0.013078355230391026,0,0,105,91,-1,perm_test,0.004975124378109453,0.07513390004570807,206,91,115,0.0,0.004218080081045628,0,0.0,0.0,0.0,0.0,0,none,0,1,0,overconfident,0.95,0,mild_drift,0.963876626671906,0.0012388724101758133,0.8244118208043858,0.8661617874257743,1768131628.491855,0.16521123051643372,0.11554370820522308
613,39232,39231,sea_abrupt4,sea,ts_drift_adapt,4,"error_divergence_ph_meta@error.threshold=0.10,error.min_instances=5",error_divergence_ph_meta,"{""divergence"": {""alpha"": 0.1, ""delta"": 0.005, ""min_instances"": 30, ""threshold"": 0.05}, ""error_rate"": {""alpha"": 0.15, ""delta"": 0.005, ""min_instances"": 5, ""threshold"": 0.1}}","{""error_rate"": {""min_instances"": 5, ""threshold"": 0.1}}",0.1,0.005,0.15,5,0.05,0.005,0.1,30,,,,-1,two_stage,2,0.5,"__confirm_cooldown=200,__confirm_rule=perm_test,__perm_alpha=0.02,__perm_delta_k=25,__perm_min_effect=0,__perm_n_perm=200,__perm_post_n=50,__perm_pre_n=200,__perm_rng_seed=0,__perm_stat=delta_fused_score,divergence=0.3,error_rate=0.5,teacher_entropy=0.2",3,0,200,0.0,0,10000,10.0,25.0,200,500,1,8,1.0,0.8631729200652528,0.6837150361201176,0.16666666666666666,0.26196110248565674,0.017462940886616707,0,0,105,91,-1,perm_test,0.004975124378109453,0.07513390004570807,206,91,115,0.0,0.004384585656225681,0,0.0,0.0,0.0,0.0,0,none,0,1,0,overconfident,0.95,0,mild_drift,0.962088313335953,0.0012694362050879068,0.8122059104021929,0.8605808937128872,1768131628.5045228,0.23384959995746613,0.11842107772827148
614,39296,39295,sea_abrupt4,sea,ts_drift_adapt,4,"error_divergence_ph_meta@error.threshold=0.10,error.min_instances=5",error_divergence_ph_meta,"{""divergence"": {""alpha"": 0.1, ""delta"": 0.005, ""min_instances"": 30, ""threshold"": 0.05}, ""error_rate"": {""alpha"": 0.15, ""delta"": 0.005, ""min_instances"": 5, ""threshold"": 0.1}}","{""error_rate"": {""min_instances"": 5, ""threshold"": 0.1}}",0.1,0.005,0.15,5,0.05,0.005,0.1,30,,,,-1,two_stage,2,0.5,"__confirm_cooldown=200,__confirm_rule=perm_test,__perm_alpha=0.02,__perm_delta_k=25,__perm_min_effect=0,__perm_n_perm=200,__perm_post_n=50,__perm_pre_n=200,__perm_rng_seed=0,__perm_stat=delta_fused_score,divergence=0.3,error_rate=0.5,teacher_entropy=0.2",3,0,200,0.0,0,10000,10.0,25.0,200,500,0,0,1.0,0.8632430781758957,0.6840542768813376,0.16666666666666666,0.26696062088012695,0.011626522056758404,0,0,105,91,-1,perm_test,0.004975124378109453,0.07513390004570807,206,91,115,0.0,0.005836418829858303,0,0.0,0.0,0.0,0.0,0,none,0,1,0,overconfident,0.95,0,mild_drift,0.9611941566679765,0.0012847181025439536,0.8061029552010965,0.8577904468564436,1768131628.5169575,0.42842912673950195,0.10204840451478958
615,39360,39359,sea_abrupt4,sea,ts_drift_adapt,4,"error_divergence_ph_meta@error.threshold=0.10,error.min_instances=5",error_divergence_ph_meta,"{""divergence"": {""alpha"": 0.1, ""delta"": 0.005, ""min_instances"": 30, ""threshold"": 0.05}, ""error_rate"": {""alpha"": 0.15, ""delta"": 0.005, ""min_instances"": 5, ""threshold"": 0.1}}","{""error_rate"": {""min_instances"": 5, ""threshold"": 0.1}}",0.1,0.005,0.15,5,0.05,0.005,0.1,30,,,,-1,two_stage,2,0.5,"__confirm_cooldown=200,__confirm_rule=perm_test,__perm_alpha=0.02,__perm_delta_k=25,__perm_min_effect=0,__perm_n_perm=200,__perm_post_n=50,__perm_pre_n=200,__perm_rng_seed=0,__perm_stat=delta_fused_score,divergence=0.3,error_rate=0.5,teacher_entropy=0.2",3,0,200,0.0,0,10000,10.0,25.0,200,500,0,0,1.0,0.8633384146341463,0.6844172004495579,0.0,0.19990405440330505,0.015798738226294518,0,1,106,91,-1,perm_test,1.0,-0.10698875276335668,207,91,116,0.0,0.16666666666666666,1,0.5,0.0,0.0,0.0,0,none,0,1,0,overconfident,0.95,0,mild_drift,0.9607470783339882,0.001292359051271977,0.8030514776005483,0.8563952234282217,1768131628.5273678,0.04917600378394127,0.13961130380630493
616,39424,39423,sea_abrupt4,sea,ts_drift_adapt,4,"error_divergence_ph_meta@error.threshold=0.10,error.min_instances=5",error_divergence_ph_meta,"{""divergence"": {""alpha"": 0.1, ""delta"": 0.005, ""min_instances"": 30, ""threshold"": 0.05}, ""error_rate"": {""alpha"": 0.15, ""delta"": 0.005, ""min_instances"": 5, ""threshold"": 0.1}}","{""error_rate"": {""min_instances"": 5, ""threshold"": 0.1}}",0.1,0.005,0.15,5,0.05,0.005,0.1,30,,,,-1,two_stage,2,0.5,"__confirm_cooldown=200,__confirm_rule=perm_test,__perm_alpha=0.02,__perm_delta_k=25,__perm_min_effect=0,__perm_n_perm=200,__perm_post_n=50,__perm_pre_n=200,__perm_rng_seed=0,__perm_stat=delta_fused_score,divergence=0.3,error_rate=0.5,teacher_entropy=0.2",3,0,200,0.0,0,10000,10.0,25.0,200,500,0,0,1.0,0.8634334415584416,0.6846286251941913,0.16666666666666666,0.1973380148410797,0.021239038556814194,1,0,106,92,1,perm_test,0.004975124378109453,0.01871083026446685,208,92,116,0.0,0.16666666666666666,0,0.0,0.0,0.0,0.0,0,none,1,1,0,overconfident,0.95,0,stable,0.9753735391669941,0.0010461795256359885,0.9015257388002742,0.9006976117141109,1768131628.5426912,0.17123036086559296,0.14708510041236877
617,39488,39487,sea_abrupt4,sea,ts_drift_adapt,4,"error_divergence_ph_meta@error.threshold=0.10,error.min_instances=5",error_divergence_ph_meta,"{""divergence"": {""alpha"": 0.1, ""delta"": 0.005, ""min_instances"": 30, ""threshold"": 0.05}, ""error_rate"": {""alpha"": 0.15, ""delta"": 0.005, ""min_instances"": 5, ""threshold"": 0.1}}","{""error_rate"": {""min_instances"": 5, ""threshold"": 0.1}}",0.1,0.005,0.15,5,0.05,0.005,0.1,30,,,,-1,two_stage,2,0.5,"__confirm_cooldown=200,__confirm_rule=perm_test,__perm_alpha=0.02,__perm_delta_k=25,__perm_min_effect=0,__perm_n_perm=200,__perm_post_n=50,__perm_pre_n=200,__perm_rng_seed=0,__perm_stat=delta_fused_score,divergence=0.3,error_rate=0.5,teacher_entropy=0.2",3,0,200,0.0,0,10000,10.0,25.0,200,500,1,136,1.0,0.8635028363047001,0.6849633371972385,0.0,0.2291097342967987,0.01394193060696125,0,0,106,92,-1,perm_test,0.004975124378109453,0.01871083026446685,208,92,116,0.0,0.16666666666666666,0,0.0,0.0,0.0,0.0,0,none,0,1,0,overconfident,0.95,0,mild_drift,0.9678367695834971,0.0011730897628179943,0.8507628694001371,0.8778488058570555,1768131628.5527267,0.034859392791986465,0.08870667219161987
618,39552,39551,sea_abrupt4,sea,ts_drift_adapt,4,"error_divergence_ph_meta@error.threshold=0.10,error.min_instances=5",error_divergence_ph_meta,"{""divergence"": {""alpha"": 0.1, ""delta"": 0.005, ""min_instances"": 30, ""threshold"": 0.05}, ""error_rate"": {""alpha"": 0.15, ""delta"": 0.005, ""min_instances"": 5, ""threshold"": 0.1}}","{""error_rate"": {""min_instances"": 5, ""threshold"": 0.1}}",0.1,0.005,0.15,5,0.05,0.005,0.1,30,,,,-1,two_stage,2,0.5,"__confirm_cooldown=200,__confirm_rule=perm_test,__perm_alpha=0.02,__perm_delta_k=25,__perm_min_effect=0,__perm_n_perm=200,__perm_post_n=50,__perm_pre_n=200,__perm_rng_seed=0,__perm_stat=delta_fused_score,divergence=0.3,error_rate=0.5,teacher_entropy=0.2",3,0,200,0.0,0,10000,10.0,25.0,200,500,1,72,1.0,0.8635467233009708,0.6851091652687459,0.16666666666666666,0.221517875790596,0.009164690971374512,0,0,106,92,-1,perm_test,0.004975124378109453,0.01871083026446685,208,92,116,0.0,0.16666666666666666,0,0.0,0.0,0.0,0.0,0,none,0,1,0,overconfident,0.95,0,mild_drift,0.9640683847917485,0.0012365448814089972,0.8253814347000685,0.8664244029285277,1768131628.5627265,0.2768193781375885,0.10481086373329163
619,39616,39615,sea_abrupt4,sea,ts_drift_adapt,4,"error_divergence_ph_meta@error.threshold=0.10,error.min_instances=5",error_divergence_ph_meta,"{""divergence"": {""alpha"": 0.1, ""delta"": 0.005, ""min_instances"": 30, ""threshold"": 0.05}, ""error_rate"": {""alpha"": 0.15, ""delta"": 0.005, ""min_instances"": 5, ""threshold"": 0.1}}","{""error_rate"": {""min_instances"": 5, ""threshold"": 0.1}}",0.1,0.005,0.15,5,0.05,0.005,0.1,30,,,,-1,two_stage,2,0.5,"__confirm_cooldown=200,__confirm_rule=perm_test,__perm_alpha=0.02,__perm_delta_k=25,__perm_min_effect=0,__perm_n_perm=200,__perm_post_n=50,__perm_pre_n=200,__perm_rng_seed=0,__perm_stat=delta_fused_score,divergence=0.3,error_rate=0.5,teacher_entropy=0.2",3,0,200,0.0,0,10000,10.0,25.0,200,500,1,8,1.0,0.8635399838449112,0.6852171980957898,0.16666666666666666,0.20092366635799408,0.015487796626985073,0,0,106,92,-1,perm_test,0.004975124378109453,0.01871083026446685,208,92,116,0.0,0.006323105655610561,0,0.0,0.0,0.0,0.0,0,none,0,1,0,overconfident,0.95,0,mild_drift,0.9621841923958743,0.0012682724407044987,0.8126907173500343,0.8607122014642639,1768131628.572833,0.18212629854679108,0.16851872205734253
620,39680,39679,sea_abrupt4,sea,ts_drift_adapt,4,"error_divergence_ph_meta@error.threshold=0.10,error.min_instances=5",error_divergence_ph_meta,"{""divergence"": {""alpha"": 0.1, ""delta"": 0.005, ""min_instances"": 30, ""threshold"": 0.05}, ""error_rate"": {""alpha"": 0.15, ""delta"": 0.005, ""min_instances"": 5, ""threshold"": 0.1}}","{""error_rate"": {""min_instances"": 5, ""threshold"": 0.1}}",0.1,0.005,0.15,5,0.05,0.005,0.1,30,,,,-1,two_stage,2,0.5,"__confirm_cooldown=200,__confirm_rule=perm_test,__perm_alpha=0.02,__perm_delta_k=25,__perm_min_effect=0,__perm_n_perm=200,__perm_post_n=50,__perm_pre_n=200,__perm_rng_seed=0,__perm_stat=delta_fused_score,divergence=0.3,error_rate=0.5,teacher_entropy=0.2",3,0,200,0.0,0,10000,10.0,25.0,200,500,0,0,1.0,0.8635332661290323,0.6852478787214785,0.16666666666666666,0.2579740285873413,0.018475858494639397,0,1,107,92,-1,perm_test,1.0,-0.016000109857391927,209,92,117,0.16666666666666666,0.0029880618676543236,1,0.5,0.0,0.0,0.0,0,none,0,1,0,overconfident,0.95,0,mild_drift,0.9612420961979371,0.0012841362203522494,0.8063453586750171,0.8578561007321319,1768131628.5832386,0.3218051493167877,0.14722242951393127
621,39744,39743,sea_abrupt4,sea,ts_drift_adapt,4,"error_divergence_ph_meta@error.threshold=0.10,error.min_instances=5",error_divergence_ph_meta,"{""divergence"": {""alpha"": 0.1, ""delta"": 0.005, ""min_instances"": 30, ""threshold"": 0.05}, ""error_rate"": {""alpha"": 0.15, ""delta"": 0.005, ""min_instances"": 5, ""threshold"": 0.1}}","{""error_rate"": {""min_instances"": 5, ""threshold"": 0.1}}",0.1,0.005,0.15,5,0.05,0.005,0.1,30,,,,-1,two_stage,2,0.5,"__confirm_cooldown=200,__confirm_rule=perm_test,__perm_alpha=0.02,__perm_delta_k=25,__perm_min_effect=0,__perm_n_perm=200,__perm_post_n=50,__perm_pre_n=200,__perm_rng_seed=0,__perm_stat=delta_fused_score,divergence=0.3,error_rate=0.5,teacher_entropy=0.2",3,0,200,0.0,0,10000,10.0,25.0,200,500,0,0,1.0,0.8635768921095008,0.6855710911404689,0.16666666666666666,0.21459662914276123,0.017335349693894386,0,0,107,92,-1,perm_test,1.0,-0.034235125196751884,210,92,118,0.0,0.0011405088007450104,0,0.0,0.0,0.0,0.0,0,none,0,1,0,overconfident,0.95,0,mild_drift,0.9607710480989685,0.0012920681101761247,0.8031726793375086,0.856428050366066,1768131628.5935636,0.25770458579063416,0.1346011906862259
622,39808,39807,sea_abrupt4,sea,ts_drift_adapt,4,"error_divergence_ph_meta@error.threshold=0.10,error.min_instances=5",error_divergence_ph_meta,"{""divergence"": {""alpha"": 0.1, ""delta"": 0.005, ""min_instances"": 30, ""threshold"": 0.05}, ""error_rate"": {""alpha"": 0.15, ""delta"": 0.005, ""min_instances"": 5, ""threshold"": 0.1}}","{""error_rate"": {""min_instances"": 5, ""threshold"": 0.1}}",0.1,0.005,0.15,5,0.05,0.005,0.1,30,,,,-1,two_stage,2,0.5,"__confirm_cooldown=200,__confirm_rule=perm_test,__perm_alpha=0.02,__perm_delta_k=25,__perm_min_effect=0,__perm_n_perm=200,__perm_post_n=50,__perm_pre_n=200,__perm_rng_seed=0,__perm_stat=delta_fused_score,divergence=0.3,error_rate=0.5,teacher_entropy=0.2",3,0,200,0.0,0,10000,10.0,25.0,200,500,0,0,1.0,0.863645498392283,0.6857720941263641,0.16666666666666666,0.20790058374404907,0.015326477587223053,0,0,107,92,-1,perm_test,1.0,-0.013529700893355343,211,92,119,0.0,0.0020088721066713333,0,0.0,0.0,0.0,0.0,0,none,0,1,0,overconfident,0.95,0,mild_drift,0.9605355240494842,0.0012960340550880623,0.8015863396687544,0.855714025183033,1768131628.6040883,0.323507696390152,0.13055649399757385
623,39872,39871,sea_abrupt4,sea,ts_drift_adapt,4,"error_divergence_ph_meta@error.threshold=0.10,error.min_instances=5",error_divergence_ph_meta,"{""divergence"": {""alpha"": 0.1, ""delta"": 0.005, ""min_instances"": 30, ""threshold"": 0.05}, ""error_rate"": {""alpha"": 0.15, ""delta"": 0.005, ""min_instances"": 5, ""threshold"": 0.1}}","{""error_rate"": {""min_instances"": 5, ""threshold"": 0.1}}",0.1,0.005,0.15,5,0.05,0.005,0.1,30,,,,-1,two_stage,2,0.5,"__confirm_cooldown=200,__confirm_rule=perm_test,__perm_alpha=0.02,__perm_delta_k=25,__perm_min_effect=0,__perm_n_perm=200,__perm_post_n=50,__perm_pre_n=200,__perm_rng_seed=0,__perm_stat=delta_fused_score,divergence=0.3,error_rate=0.5,teacher_entropy=0.2",3,0,200,0.0,0,10000,10.0,25.0,200,500,0,0,1.0,0.8637891252006421,0.6861539069099867,0.0,0.2032959759235382,0.01670750044286251,0,0,107,92,-1,perm_test,1.0,-0.06842858620754548,212,92,120,0.0,0.16666666666666666,0,0.0,0.0,0.0,0.0,0,none,0,1,0,overconfident,0.95,0,mild_drift,0.960417762024742,0.0012980170275440311,0.8007931698343772,0.8553570125915164,1768131628.614559,0.07281827181577682,0.12085896730422974
624,39936,39935,sea_abrupt4,sea,ts_drift_adapt,4,"error_divergence_ph_meta@error.threshold=0.10,error.min_instances=5",error_divergence_ph_meta,"{""divergence"": {""alpha"": 0.1, ""delta"": 0.005, ""min_instances"": 30, ""threshold"": 0.05}, ""error_rate"": {""alpha"": 0.15, ""delta"": 0.005, ""min_instances"": 5, ""threshold"": 0.1}}","{""error_rate"": {""min_instances"": 5, ""threshold"": 0.1}}",0.1,0.005,0.15,5,0.05,0.005,0.1,30,,,,-1,two_stage,2,0.5,"__confirm_cooldown=200,__confirm_rule=perm_test,__perm_alpha=0.02,__perm_delta_k=25,__perm_min_effect=0,__perm_n_perm=200,__perm_post_n=50,__perm_pre_n=200,__perm_rng_seed=0,__perm_stat=delta_fused_score,divergence=0.3,error_rate=0.5,teacher_entropy=0.2",3,0,200,0.0,0,10000,10.0,25.0,200,500,0,0,1.0,0.8638822115384616,0.6865023300858674,0.0,0.23987697064876556,0.00938037782907486,0,0,107,92,-1,perm_test,1.0,-0.06842858620754548,212,92,120,0.0,0.007327122613787651,0,0.0,0.0,0.0,0.0,0,none,0,1,0,overconfident,0.95,0,mild_drift,0.960358881012371,0.0012990085137720158,0.8003965849171886,0.8551785062957582,1768131628.624988,0.04648585617542267,0.05804701894521713
625,40000,39999,sea_abrupt4,sea,ts_drift_adapt,4,"error_divergence_ph_meta@error.threshold=0.10,error.min_instances=5",error_divergence_ph_meta,"{""divergence"": {""alpha"": 0.1, ""delta"": 0.005, ""min_instances"": 30, ""threshold"": 0.05}, ""error_rate"": {""alpha"": 0.15, ""delta"": 0.005, ""min_instances"": 5, ""threshold"": 0.1}}","{""error_rate"": {""min_instances"": 5, ""threshold"": 0.1}}",0.1,0.005,0.15,5,0.05,0.005,0.1,30,,,,-1,two_stage,2,0.5,"__confirm_cooldown=200,__confirm_rule=perm_test,__perm_alpha=0.02,__perm_delta_k=25,__perm_min_effect=0,__perm_n_perm=200,__perm_post_n=50,__perm_pre_n=200,__perm_rng_seed=0,__perm_stat=delta_fused_score,divergence=0.3,error_rate=0.5,teacher_entropy=0.2",3,0,200,0.0,0,10000,10.0,25.0,200,500,0,0,1.0,0.863925,0.6867396382401662,0.3333333333333333,0.19140900671482086,0.013601788319647312,1,1,108,93,0,perm_test,0.004975124378109453,0.16712338916578268,213,93,120,0.16666666666666666,0.3333333333333333,1,0.5,0.0,0.0,0.0,0,none,1,1,0,overconfident,0.95,0,severe_drift,0.9256794405061854,0.001649504256886008,0.6501982924585943,0.8325892531478791,1768131628.6415572,0.5141723155975342,0.1445254385471344
626,40064,40063,sea_abrupt4,sea,ts_drift_adapt,4,"error_divergence_ph_meta@error.threshold=0.10,error.min_instances=5",error_divergence_ph_meta,"{""divergence"": {""alpha"": 0.1, ""delta"": 0.005, ""min_instances"": 30, ""threshold"": 0.05}, ""error_rate"": {""alpha"": 0.15, ""delta"": 0.005, ""min_instances"": 5, ""threshold"": 0.1}}","{""error_rate"": {""min_instances"": 5, ""threshold"": 0.1}}",0.1,0.005,0.15,5,0.05,0.005,0.1,30,,,,-1,two_stage,2,0.5,"__confirm_cooldown=200,__confirm_rule=perm_test,__perm_alpha=0.02,__perm_delta_k=25,__perm_min_effect=0,__perm_n_perm=200,__perm_post_n=50,__perm_pre_n=200,__perm_rng_seed=0,__perm_stat=delta_fused_score,divergence=0.3,error_rate=0.5,teacher_entropy=0.2",3,0,200,0.0,0,10000,10.0,25.0,200,500,1,136,1.0,0.8640175718849841,0.6870235177583367,0.0,0.21065621078014374,0.019852444529533386,0,0,108,93,-1,perm_test,0.004975124378109453,0.16712338916578268,213,93,120,0.0,0.3333333333333333,0,0.0,0.0,0.0,0.0,0,none,0,1,0,overconfident,0.95,0,mild_drift,0.9429897202530927,0.001474752128443004,0.7250991462292972,0.8437946265739396,1768131628.6522655,0.14244942367076874,0.14362746477127075
627,40128,40127,sea_abrupt4,sea,ts_drift_adapt,4,"error_divergence_ph_meta@error.threshold=0.10,error.min_instances=5",error_divergence_ph_meta,"{""divergence"": {""alpha"": 0.1, ""delta"": 0.005, ""min_instances"": 30, ""threshold"": 0.05}, ""error_rate"": {""alpha"": 0.15, ""delta"": 0.005, ""min_instances"": 5, ""threshold"": 0.1}}","{""error_rate"": {""min_instances"": 5, ""threshold"": 0.1}}",0.1,0.005,0.15,5,0.05,0.005,0.1,30,,,,-1,two_stage,2,0.5,"__confirm_cooldown=200,__confirm_rule=perm_test,__perm_alpha=0.02,__perm_delta_k=25,__perm_min_effect=0,__perm_n_perm=200,__perm_post_n=50,__perm_pre_n=200,__perm_rng_seed=0,__perm_stat=delta_fused_score,divergence=0.3,error_rate=0.5,teacher_entropy=0.2",3,0,200,0.0,0,10000,10.0,25.0,200,500,1,72,1.0,0.8640350877192983,0.6871102498875874,0.0,0.2357894778251648,0.017679598182439804,0,0,108,93,-1,perm_test,0.004975124378109453,0.16712338916578268,213,93,120,0.0,0.002172846347093582,0,0.0,0.0,0.0,0.0,0,none,0,1,0,overconfident,0.95,0,mild_drift,0.9516448601265464,0.001387376064221502,0.7625495731146485,0.8493973132869698,1768131628.6627328,0.07867588102817535,0.1205933541059494
628,40192,40191,sea_abrupt4,sea,ts_drift_adapt,4,"error_divergence_ph_meta@error.threshold=0.10,error.min_instances=5",error_divergence_ph_meta,"{""divergence"": {""alpha"": 0.1, ""delta"": 0.005, ""min_instances"": 30, ""threshold"": 0.05}, ""error_rate"": {""alpha"": 0.15, ""delta"": 0.005, ""min_instances"": 5, ""threshold"": 0.1}}","{""error_rate"": {""min_instances"": 5, ""threshold"": 0.1}}",0.1,0.005,0.15,5,0.05,0.005,0.1,30,,,,-1,two_stage,2,0.5,"__confirm_cooldown=200,__confirm_rule=perm_test,__perm_alpha=0.02,__perm_delta_k=25,__perm_min_effect=0,__perm_n_perm=200,__perm_post_n=50,__perm_pre_n=200,__perm_rng_seed=0,__perm_stat=delta_fused_score,divergence=0.3,error_rate=0.5,teacher_entropy=0.2",3,0,200,0.0,0,10000,10.0,25.0,200,500,1,8,1.0,0.8639779060509554,0.6870434627547964,0.0,0.2521607577800751,0.01449722982943058,0,0,108,93,-1,perm_test,0.004975124378109453,0.16712338916578268,213,93,120,0.0,0.003182368353009224,0,0.0,0.0,0.0,0.0,0,none,0,1,0,overconfident,0.95,0,mild_drift,0.9559724300632731,0.0013436880321107511,0.7812747865573243,0.8521986566434849,1768131628.672776,0.15258274972438812,0.10595335066318512
629,40256,40255,sea_abrupt4,sea,ts_drift_adapt,4,"error_divergence_ph_meta@error.threshold=0.10,error.min_instances=5",error_divergence_ph_meta,"{""divergence"": {""alpha"": 0.1, ""delta"": 0.005, ""min_instances"": 30, ""threshold"": 0.05}, ""error_rate"": {""alpha"": 0.15, ""delta"": 0.005, ""min_instances"": 5, ""threshold"": 0.1}}","{""error_rate"": {""min_instances"": 5, ""threshold"": 0.1}}",0.1,0.005,0.15,5,0.05,0.005,0.1,30,,,,-1,two_stage,2,0.5,"__confirm_cooldown=200,__confirm_rule=perm_test,__perm_alpha=0.02,__perm_delta_k=25,__perm_min_effect=0,__perm_n_perm=200,__perm_post_n=50,__perm_pre_n=200,__perm_rng_seed=0,__perm_stat=delta_fused_score,divergence=0.3,error_rate=0.5,teacher_entropy=0.2",3,0,200,0.0,0,10000,10.0,25.0,200,500,0,0,1.0,0.8639209062003179,0.6869609889017051,0.3333333333333333,0.2764093279838562,0.02113308571279049,0,0,108,93,-1,perm_test,0.004975124378109453,0.16712338916578268,213,93,120,0.0,0.3333333333333333,0,0.0,0.0,0.0,0.0,0,none,0,1,0,overconfident,0.95,0,mild_drift,0.9581362150316366,0.0013218440160553757,0.7906373932786621,0.8535993283217425,1768131628.682984,0.6973647475242615,0.16088898479938507
630,40320,40319,sea_abrupt4,sea,ts_drift_adapt,4,"error_divergence_ph_meta@error.threshold=0.10,error.min_instances=5",error_divergence_ph_meta,"{""divergence"": {""alpha"": 0.1, ""delta"": 0.005, ""min_instances"": 30, ""threshold"": 0.05}, ""error_rate"": {""alpha"": 0.15, ""delta"": 0.005, ""min_instances"": 5, ""threshold"": 0.1}}","{""error_rate"": {""min_instances"": 5, ""threshold"": 0.1}}",0.1,0.005,0.15,5,0.05,0.005,0.1,30,,,,-1,two_stage,2,0.5,"__confirm_cooldown=200,__confirm_rule=perm_test,__perm_alpha=0.02,__perm_delta_k=25,__perm_min_effect=0,__perm_n_perm=200,__perm_post_n=50,__perm_pre_n=200,__perm_rng_seed=0,__perm_stat=delta_fused_score,divergence=0.3,error_rate=0.5,teacher_entropy=0.2",3,0,200,0.0,0,10000,10.0,25.0,200,500,0,0,1.0,0.8638640873015873,0.6867997034529633,0.3333333333333333,0.22317533195018768,0.017162488773465157,0,1,109,93,-1,perm_test,1.0,-0.020715380223814153,214,93,121,0.0,0.003970596939325333,1,0.5,0.0,0.0,0.0,0,none,0,1,0,overconfident,0.95,0,mild_drift,0.9592181075158183,0.0013109220080276878,0.7953186966393311,0.8542996641608712,1768131628.6960528,0.4015258252620697,0.1732841432094574
631,40384,40383,sea_abrupt4,sea,ts_drift_adapt,4,"error_divergence_ph_meta@error.threshold=0.10,error.min_instances=5",error_divergence_ph_meta,"{""divergence"": {""alpha"": 0.1, ""delta"": 0.005, ""min_instances"": 30, ""threshold"": 0.05}, ""error_rate"": {""alpha"": 0.15, ""delta"": 0.005, ""min_instances"": 5, ""threshold"": 0.1}}","{""error_rate"": {""min_instances"": 5, ""threshold"": 0.1}}",0.1,0.005,0.15,5,0.05,0.005,0.1,30,,,,-1,two_stage,2,0.5,"__confirm_cooldown=200,__confirm_rule=perm_test,__perm_alpha=0.02,__perm_delta_k=25,__perm_min_effect=0,__perm_n_perm=200,__perm_post_n=50,__perm_pre_n=200,__perm_rng_seed=0,__perm_stat=delta_fused_score,divergence=0.3,error_rate=0.5,teacher_entropy=0.2",3,0,200,0.0,0,10000,10.0,25.0,200,500,0,0,1.0,0.8640055467511886,0.6871187532256732,0.0,0.2784772515296936,0.020290227606892586,0,0,109,93,-1,perm_test,1.0,-0.13182284476789896,215,93,122,0.0,0.3333333333333333,0,0.0,0.0,0.0,0.0,0,none,0,1,0,overconfident,0.95,0,mild_drift,0.959759053757909,0.001305461004013844,0.7976593483196656,0.8546498320804357,1768131628.709314,0.01770430989563465,0.1435854583978653
632,40448,40447,sea_abrupt4,sea,ts_drift_adapt,4,"error_divergence_ph_meta@error.threshold=0.10,error.min_instances=5",error_divergence_ph_meta,"{""divergence"": {""alpha"": 0.1, ""delta"": 0.005, ""min_instances"": 30, ""threshold"": 0.05}, ""error_rate"": {""alpha"": 0.15, ""delta"": 0.005, ""min_instances"": 5, ""threshold"": 0.1}}","{""error_rate"": {""min_instances"": 5, ""threshold"": 0.1}}",0.1,0.005,0.15,5,0.05,0.005,0.1,30,,,,-1,two_stage,2,0.5,"__confirm_cooldown=200,__confirm_rule=perm_test,__perm_alpha=0.02,__perm_delta_k=25,__perm_min_effect=0,__perm_n_perm=200,__perm_post_n=50,__perm_pre_n=200,__perm_rng_seed=0,__perm_stat=delta_fused_score,divergence=0.3,error_rate=0.5,teacher_entropy=0.2",3,0,200,0.0,0,10000,10.0,25.0,200,500,0,0,1.0,0.864121835443038,0.687398309838088,0.3333333333333333,0.20394183695316315,0.014975697733461857,1,0,109,94,2,perm_test,0.004975124378109453,0.06873777223100239,216,94,122,0.0,0.3333333333333333,0,0.0,0.0,0.0,0.0,0,none,1,1,0,overconfident,0.95,0,stable,0.9748795268789545,0.001052730502006922,0.8988296741598327,0.8998249160402179,1768131628.7282944,0.7524361610412598,0.11972126364707947
633,40512,40511,sea_abrupt4,sea,ts_drift_adapt,4,"error_divergence_ph_meta@error.threshold=0.10,error.min_instances=5",error_divergence_ph_meta,"{""divergence"": {""alpha"": 0.1, ""delta"": 0.005, ""min_instances"": 30, ""threshold"": 0.05}, ""error_rate"": {""alpha"": 0.15, ""delta"": 0.005, ""min_instances"": 5, ""threshold"": 0.1}}","{""error_rate"": {""min_instances"": 5, ""threshold"": 0.1}}",0.1,0.005,0.15,5,0.05,0.005,0.1,30,,,,-1,two_stage,2,0.5,"__confirm_cooldown=200,__confirm_rule=perm_test,__perm_alpha=0.02,__perm_delta_k=25,__perm_min_effect=0,__perm_n_perm=200,__perm_post_n=50,__perm_pre_n=200,__perm_rng_seed=0,__perm_stat=delta_fused_score,divergence=0.3,error_rate=0.5,teacher_entropy=0.2",3,0,200,0.0,0,10000,10.0,25.0,200,500,1,136,1.0,0.8643118088467614,0.6879128859603149,0.0,0.17924721539020538,0.01202977355569601,0,0,109,94,-1,perm_test,0.004975124378109453,0.06873777223100239,216,94,122,0.0,0.3333333333333333,0,0.0,0.0,0.0,0.0,0,none,0,1,0,overconfident,0.95,0,mild_drift,0.9675897634394772,0.001176365251003461,0.8494148370799164,0.8774124580201089,1768131628.7385576,0.0633738711476326,0.08842960000038147
634,40576,40575,sea_abrupt4,sea,ts_drift_adapt,4,"error_divergence_ph_meta@error.threshold=0.10,error.min_instances=5",error_divergence_ph_meta,"{""divergence"": {""alpha"": 0.1, ""delta"": 0.005, ""min_instances"": 30, ""threshold"": 0.05}, ""error_rate"": {""alpha"": 0.15, ""delta"": 0.005, ""min_instances"": 5, ""threshold"": 0.1}}","{""error_rate"": {""min_instances"": 5, ""threshold"": 0.1}}",0.1,0.005,0.15,5,0.05,0.005,0.1,30,,,,-1,two_stage,2,0.5,"__confirm_cooldown=200,__confirm_rule=perm_test,__perm_alpha=0.02,__perm_delta_k=25,__perm_min_effect=0,__perm_n_perm=200,__perm_post_n=50,__perm_pre_n=200,__perm_rng_seed=0,__perm_stat=delta_fused_score,divergence=0.3,error_rate=0.5,teacher_entropy=0.2",3,0,200,0.0,0,10000,10.0,25.0,200,500,1,72,1.0,0.8644518927444795,0.6882025878425164,0.0,0.2557315230369568,0.016962958499789238,0,0,109,94,-1,perm_test,0.004975124378109453,0.06873777223100239,216,94,122,0.0,0.004933184944093227,0,0.0,0.0,0.0,0.0,0,none,0,1,0,overconfident,0.95,0,mild_drift,0.9639448817197386,0.0012381826255017307,0.8247074185399582,0.8662062290100545,1768131628.7489092,0.081975556910038,0.13020826876163483
635,40640,40639,sea_abrupt4,sea,ts_drift_adapt,4,"error_divergence_ph_meta@error.threshold=0.10,error.min_instances=5",error_divergence_ph_meta,"{""divergence"": {""alpha"": 0.1, ""delta"": 0.005, ""min_instances"": 30, ""threshold"": 0.05}, ""error_rate"": {""alpha"": 0.15, ""delta"": 0.005, ""min_instances"": 5, ""threshold"": 0.1}}","{""error_rate"": {""min_instances"": 5, ""threshold"": 0.1}}",0.1,0.005,0.15,5,0.05,0.005,0.1,30,,,,-1,two_stage,2,0.5,"__confirm_cooldown=200,__confirm_rule=perm_test,__perm_alpha=0.02,__perm_delta_k=25,__perm_min_effect=0,__perm_n_perm=200,__perm_post_n=50,__perm_pre_n=200,__perm_rng_seed=0,__perm_stat=delta_fused_score,divergence=0.3,error_rate=0.5,teacher_entropy=0.2",3,0,200,0.0,0,10000,10.0,25.0,200,500,1,8,1.0,0.8644931102362204,0.6883848065287662,0.0,0.17798954248428345,0.020378176122903824,0,1,109,94,-1,perm_test,0.004975124378109453,0.06873777223100239,216,94,122,0.3333333333333333,0.003415217623114586,1,0.5,0.0,0.0,0.0,0,none,0,1,0,overconfident,0.95,0,mild_drift,0.9621224408598692,0.0012690913127508655,0.8123537092699791,0.8606031145050272,1768131628.7593863,0.01627250947058201,0.15520313382148743
636,40704,40703,sea_abrupt4,sea,ts_drift_adapt,4,"error_divergence_ph_meta@error.threshold=0.10,error.min_instances=5",error_divergence_ph_meta,"{""divergence"": {""alpha"": 0.1, ""delta"": 0.005, ""min_instances"": 30, ""threshold"": 0.05}, ""error_rate"": {""alpha"": 0.15, ""delta"": 0.005, ""min_instances"": 5, ""threshold"": 0.1}}","{""error_rate"": {""min_instances"": 5, ""threshold"": 0.1}}",0.1,0.005,0.15,5,0.05,0.005,0.1,30,,,,-1,two_stage,2,0.5,"__confirm_cooldown=200,__confirm_rule=perm_test,__perm_alpha=0.02,__perm_delta_k=25,__perm_min_effect=0,__perm_n_perm=200,__perm_post_n=50,__perm_pre_n=200,__perm_rng_seed=0,__perm_stat=delta_fused_score,divergence=0.3,error_rate=0.5,teacher_entropy=0.2",3,0,200,0.0,0,10000,10.0,25.0,200,500,0,0,1.0,0.8646324685534591,0.6886858881217075,0.0,0.255470871925354,0.022022923454642296,0,0,109,94,-1,perm_test,0.004975124378109453,0.06873777223100239,216,94,122,0.0,0.001644747331738472,0,0.0,0.0,0.0,0.0,0,none,0,1,0,overconfident,0.95,0,mild_drift,0.9612112204299346,0.001284545656375433,0.8061768546349896,0.8578015572525136,1768131628.769993,0.1758968085050583,0.16762542724609375
637,40768,40767,sea_abrupt4,sea,ts_drift_adapt,4,"error_divergence_ph_meta@error.threshold=0.10,error.min_instances=5",error_divergence_ph_meta,"{""divergence"": {""alpha"": 0.1, ""delta"": 0.005, ""min_instances"": 30, ""threshold"": 0.05}, ""error_rate"": {""alpha"": 0.15, ""delta"": 0.005, ""min_instances"": 5, ""threshold"": 0.1}}","{""error_rate"": {""min_instances"": 5, ""threshold"": 0.1}}",0.1,0.005,0.15,5,0.05,0.005,0.1,30,,,,-1,two_stage,2,0.5,"__confirm_cooldown=200,__confirm_rule=perm_test,__perm_alpha=0.02,__perm_delta_k=25,__perm_min_effect=0,__perm_n_perm=200,__perm_post_n=50,__perm_pre_n=200,__perm_rng_seed=0,__perm_stat=delta_fused_score,divergence=0.3,error_rate=0.5,teacher_entropy=0.2",3,0,200,0.0,0,10000,10.0,25.0,200,500,0,0,1.0,0.8647713893249608,0.6890636755536591,0.0,0.18314023315906525,0.013116862624883652,0,0,109,94,-1,perm_test,0.004975124378109453,0.06873777223100239,216,94,122,0.0,0.008906060829758644,0,0.0,0.0,0.0,0.0,0,none,0,1,0,overconfident,0.95,0,mild_drift,0.9607556102149672,0.0012922728281877164,0.8030884273174947,0.8564007786262569,1768131628.7806265,0.043192487210035324,0.12084318697452545
638,40832,40831,sea_abrupt4,sea,ts_drift_adapt,4,"error_divergence_ph_meta@error.threshold=0.10,error.min_instances=5",error_divergence_ph_meta,"{""divergence"": {""alpha"": 0.1, ""delta"": 0.005, ""min_instances"": 30, ""threshold"": 0.05}, ""error_rate"": {""alpha"": 0.15, ""delta"": 0.005, ""min_instances"": 5, ""threshold"": 0.1}}","{""error_rate"": {""min_instances"": 5, ""threshold"": 0.1}}",0.1,0.005,0.15,5,0.05,0.005,0.1,30,,,,-1,two_stage,2,0.5,"__confirm_cooldown=200,__confirm_rule=perm_test,__perm_alpha=0.02,__perm_delta_k=25,__perm_min_effect=0,__perm_n_perm=200,__perm_post_n=50,__perm_pre_n=200,__perm_rng_seed=0,__perm_stat=delta_fused_score,divergence=0.3,error_rate=0.5,teacher_entropy=0.2",3,0,200,0.0,0,10000,10.0,25.0,200,500,0,0,1.0,0.8648608934169278,0.6893198434316682,0.16666666666666666,0.2076956033706665,0.02842692658305168,0,0,109,94,-1,perm_test,0.004975124378109453,0.06873777223100239,216,94,122,0.0,0.16666666666666666,0,0.0,0.0,0.0,0.0,0,none,0,1,0,overconfident,0.95,0,mild_drift,0.9605278051074836,0.0012961364140938584,0.8015442136587474,0.8557003893131284,1768131628.7911906,0.2702917158603668,0.3015781342983246
639,40896,40895,sea_abrupt4,sea,ts_drift_adapt,4,"error_divergence_ph_meta@error.threshold=0.10,error.min_instances=5",error_divergence_ph_meta,"{""divergence"": {""alpha"": 0.1, ""delta"": 0.005, ""min_instances"": 30, ""threshold"": 0.05}, ""error_rate"": {""alpha"": 0.15, ""delta"": 0.005, ""min_instances"": 5, ""threshold"": 0.1}}","{""error_rate"": {""min_instances"": 5, ""threshold"": 0.1}}",0.1,0.005,0.15,5,0.05,0.005,0.1,30,,,,-1,two_stage,2,0.5,"__confirm_cooldown=200,__confirm_rule=perm_test,__perm_alpha=0.02,__perm_delta_k=25,__perm_min_effect=0,__perm_n_perm=200,__perm_post_n=50,__perm_pre_n=200,__perm_rng_seed=0,__perm_stat=delta_fused_score,divergence=0.3,error_rate=0.5,teacher_entropy=0.2",3,0,200,0.0,0,10000,10.0,25.0,200,500,0,0,1.0,0.8648523082942097,0.6892731169692218,0.16666666666666666,0.20541386306285858,0.02124081552028656,0,0,109,94,-1,perm_test,0.004975124378109453,0.06873777223100239,216,94,122,0.0,0.0071861110627651215,0,0.0,0.0,0.0,0.0,0,none,0,1,0,overconfident,0.95,0,mild_drift,0.9604139025537417,0.0012980682070469294,0.8007721068293737,0.8553501946565643,1768131628.801648,0.1745494157075882,0.16086161136627197
640,40960,40959,sea_abrupt4,sea,ts_drift_adapt,4,"error_divergence_ph_meta@error.threshold=0.10,error.min_instances=5",error_divergence_ph_meta,"{""divergence"": {""alpha"": 0.1, ""delta"": 0.005, ""min_instances"": 30, ""threshold"": 0.05}, ""error_rate"": {""alpha"": 0.15, ""delta"": 0.005, ""min_instances"": 5, ""threshold"": 0.1}}","{""error_rate"": {""min_instances"": 5, ""threshold"": 0.1}}",0.1,0.005,0.15,5,0.05,0.005,0.1,30,,,,-1,two_stage,2,0.5,"__confirm_cooldown=200,__confirm_rule=perm_test,__perm_alpha=0.02,__perm_delta_k=25,__perm_min_effect=0,__perm_n_perm=200,__perm_post_n=50,__perm_pre_n=200,__perm_rng_seed=0,__perm_stat=delta_fused_score,divergence=0.3,error_rate=0.5,teacher_entropy=0.2",3,0,200,0.0,0,10000,10.0,25.0,200,500,0,0,1.0,0.8649169921875,0.6894205730749423,0.3333333333333333,0.14761602878570557,0.014587788842618465,1,1,110,95,0,perm_test,0.004975124378109453,0.02557851423428628,217,95,122,0.3333333333333333,0.16666666666666666,1,0.5,0.0,0.0,0.0,0,none,1,1,0,overconfident,0.95,0,severe_drift,0.9257069512768709,0.0016490341035234647,0.6503860534146868,0.8326750973282822,1768131628.8181717,0.39263400435447693,0.1182323545217514
641,41024,41023,sea_abrupt4,sea,ts_drift_adapt,4,"error_divergence_ph_meta@error.threshold=0.10,error.min_instances=5",error_divergence_ph_meta,"{""divergence"": {""alpha"": 0.1, ""delta"": 0.005, ""min_instances"": 30, ""threshold"": 0.05}, ""error_rate"": {""alpha"": 0.15, ""delta"": 0.005, ""min_instances"": 5, ""threshold"": 0.1}}","{""error_rate"": {""min_instances"": 5, ""threshold"": 0.1}}",0.1,0.005,0.15,5,0.05,0.005,0.1,30,,,,-1,two_stage,2,0.5,"__confirm_cooldown=200,__confirm_rule=perm_test,__perm_alpha=0.02,__perm_delta_k=25,__perm_min_effect=0,__perm_n_perm=200,__perm_post_n=50,__perm_pre_n=200,__perm_rng_seed=0,__perm_stat=delta_fused_score,divergence=0.3,error_rate=0.5,teacher_entropy=0.2",3,0,200,0.0,0,10000,10.0,25.0,200,500,1,136,1.0,0.8649814742589703,0.6895957999384261,0.3333333333333333,0.22001278400421143,0.014796100556850433,0,0,110,95,-1,perm_test,0.004975124378109453,0.02557851423428628,217,95,122,0.0,0.00020831171423196793,0,0.0,0.0,0.0,0.0,0,none,0,1,0,overconfident,0.95,0,mild_drift,0.9430034756384353,0.0014745170517617323,0.7251930267073434,0.8438375486641411,1768131628.8283725,0.7999199032783508,0.11801882088184357
642,41088,41087,sea_abrupt4,sea,ts_drift_adapt,4,"error_divergence_ph_meta@error.threshold=0.10,error.min_instances=5",error_divergence_ph_meta,"{""divergence"": {""alpha"": 0.1, ""delta"": 0.005, ""min_instances"": 30, ""threshold"": 0.05}, ""error_rate"": {""alpha"": 0.15, ""delta"": 0.005, ""min_instances"": 5, ""threshold"": 0.1}}","{""error_rate"": {""min_instances"": 5, ""threshold"": 0.1}}",0.1,0.005,0.15,5,0.05,0.005,0.1,30,,,,-1,two_stage,2,0.5,"__confirm_cooldown=200,__confirm_rule=perm_test,__perm_alpha=0.02,__perm_delta_k=25,__perm_min_effect=0,__perm_n_perm=200,__perm_post_n=50,__perm_pre_n=200,__perm_rng_seed=0,__perm_stat=delta_fused_score,divergence=0.3,error_rate=0.5,teacher_entropy=0.2",3,0,200,0.0,0,10000,10.0,25.0,200,500,1,72,1.0,0.8650944314641744,0.6898925571479823,0.0,0.21906627714633942,0.016930723562836647,0,0,110,95,-1,perm_test,0.004975124378109453,0.02557851423428628,217,95,122,0.0,0.3333333333333333,0,0.0,0.0,0.0,0.0,0,none,0,1,0,overconfident,0.95,0,mild_drift,0.9516517378192176,0.0013872585258808664,0.7625965133536717,0.8494187743320705,1768131628.8384526,0.03018099069595337,0.1678629070520401
643,41152,41151,sea_abrupt4,sea,ts_drift_adapt,4,"error_divergence_ph_meta@error.threshold=0.10,error.min_instances=5",error_divergence_ph_meta,"{""divergence"": {""alpha"": 0.1, ""delta"": 0.005, ""min_instances"": 30, ""threshold"": 0.05}, ""error_rate"": {""alpha"": 0.15, ""delta"": 0.005, ""min_instances"": 5, ""threshold"": 0.1}}","{""error_rate"": {""min_instances"": 5, ""threshold"": 0.1}}",0.1,0.005,0.15,5,0.05,0.005,0.1,30,,,,-1,two_stage,2,0.5,"__confirm_cooldown=200,__confirm_rule=perm_test,__perm_alpha=0.02,__perm_delta_k=25,__perm_min_effect=0,__perm_n_perm=200,__perm_post_n=50,__perm_pre_n=200,__perm_rng_seed=0,__perm_stat=delta_fused_score,divergence=0.3,error_rate=0.5,teacher_entropy=0.2",3,0,200,0.0,0,10000,10.0,25.0,200,500,1,8,1.0,0.8651341368584758,0.6900360484605683,0.16666666666666666,0.22043392062187195,0.014757754281163216,0,0,110,95,-1,perm_test,0.004975124378109453,0.02557851423428628,217,95,122,0.0,0.16666666666666666,0,0.0,0.0,0.0,0.0,0,none,0,1,0,overconfident,0.95,0,mild_drift,0.9559758689096087,0.0013436292629404331,0.7812982566768358,0.8522093871660352,1768131628.8486924,0.22633223235607147,0.08650260418653488
644,41216,41215,sea_abrupt4,sea,ts_drift_adapt,4,"error_divergence_ph_meta@error.threshold=0.10,error.min_instances=5",error_divergence_ph_meta,"{""divergence"": {""alpha"": 0.1, ""delta"": 0.005, ""min_instances"": 30, ""threshold"": 0.05}, ""error_rate"": {""alpha"": 0.15, ""delta"": 0.005, ""min_instances"": 5, ""threshold"": 0.1}}","{""error_rate"": {""min_instances"": 5, ""threshold"": 0.1}}",0.1,0.005,0.15,5,0.05,0.005,0.1,30,,,,-1,two_stage,2,0.5,"__confirm_cooldown=200,__confirm_rule=perm_test,__perm_alpha=0.02,__perm_delta_k=25,__perm_min_effect=0,__perm_n_perm=200,__perm_post_n=50,__perm_pre_n=200,__perm_rng_seed=0,__perm_stat=delta_fused_score,divergence=0.3,error_rate=0.5,teacher_entropy=0.2",3,0,200,0.0,0,10000,10.0,25.0,200,500,0,0,1.0,0.8652222437888198,0.6902930956595316,0.0,0.16171155869960785,0.00836979690939188,0,0,110,95,-1,perm_test,0.004975124378109453,0.02557851423428628,217,95,122,0.0,0.16666666666666666,0,0.0,0.0,0.0,0.0,0,none,0,1,0,overconfident,0.95,0,mild_drift,0.9581379344548043,0.0013218146314702165,0.7906491283384179,0.8536046935830176,1768131628.8590574,0.09486976265907288,0.07986237853765488
645,41280,41279,sea_abrupt4,sea,ts_drift_adapt,4,"error_divergence_ph_meta@error.threshold=0.10,error.min_instances=5",error_divergence_ph_meta,"{""divergence"": {""alpha"": 0.1, ""delta"": 0.005, ""min_instances"": 30, ""threshold"": 0.05}, ""error_rate"": {""alpha"": 0.15, ""delta"": 0.005, ""min_instances"": 5, ""threshold"": 0.1}}","{""error_rate"": {""min_instances"": 5, ""threshold"": 0.1}}",0.1,0.005,0.15,5,0.05,0.005,0.1,30,,,,-1,two_stage,2,0.5,"__confirm_cooldown=200,__confirm_rule=perm_test,__perm_alpha=0.02,__perm_delta_k=25,__perm_min_effect=0,__perm_n_perm=200,__perm_post_n=50,__perm_pre_n=200,__perm_rng_seed=0,__perm_stat=delta_fused_score,divergence=0.3,error_rate=0.5,teacher_entropy=0.2",3,0,200,0.0,0,10000,10.0,25.0,200,500,0,0,1.0,0.8652374031007752,0.6903595146317748,0.0,0.24669454991817474,0.012948505580425262,1,1,111,96,0,perm_test,0.004975124378109453,0.03634537228534903,218,96,122,0.3333333333333333,0.004578708671033382,1,0.5,0.0,0.0,0.0,0,none,1,1,0,overconfident,0.95,0,severe_drift,0.9245689672274022,0.0016609073157351083,0.6453245641692089,0.8318023467915088,1768131628.8751874,0.07071580737829208,0.11899904906749725
646,41344,41343,sea_abrupt4,sea,ts_drift_adapt,4,"error_divergence_ph_meta@error.threshold=0.10,error.min_instances=5",error_divergence_ph_meta,"{""divergence"": {""alpha"": 0.1, ""delta"": 0.005, ""min_instances"": 30, ""threshold"": 0.05}, ""error_rate"": {""alpha"": 0.15, ""delta"": 0.005, ""min_instances"": 5, ""threshold"": 0.1}}","{""error_rate"": {""min_instances"": 5, ""threshold"": 0.1}}",0.1,0.005,0.15,5,0.05,0.005,0.1,30,,,,-1,two_stage,2,0.5,"__confirm_cooldown=200,__confirm_rule=perm_test,__perm_alpha=0.02,__perm_delta_k=25,__perm_min_effect=0,__perm_n_perm=200,__perm_post_n=50,__perm_pre_n=200,__perm_rng_seed=0,__perm_stat=delta_fused_score,divergence=0.3,error_rate=0.5,teacher_entropy=0.2",3,0,200,0.0,0,10000,10.0,25.0,200,500,1,136,1.0,0.8653734520123839,0.6906808096165511,0.16666666666666666,0.1717890202999115,0.010455328971147537,0,0,111,96,-1,perm_test,0.004975124378109453,0.03634537228534903,218,96,122,0.0,0.16666666666666666,0,0.0,0.0,0.0,0.0,0,none,0,1,0,overconfident,0.95,0,mild_drift,0.9424344836137011,0.0014804536578675543,0.7226622820846045,0.8434011733957544,1768131628.8853805,0.14514683187007904,0.09720581769943237
647,41408,41407,sea_abrupt4,sea,ts_drift_adapt,4,"error_divergence_ph_meta@error.threshold=0.10,error.min_instances=5",error_divergence_ph_meta,"{""divergence"": {""alpha"": 0.1, ""delta"": 0.005, ""min_instances"": 30, ""threshold"": 0.05}, ""error_rate"": {""alpha"": 0.15, ""delta"": 0.005, ""min_instances"": 5, ""threshold"": 0.1}}","{""error_rate"": {""min_instances"": 5, ""threshold"": 0.1}}",0.1,0.005,0.15,5,0.05,0.005,0.1,30,,,,-1,two_stage,2,0.5,"__confirm_cooldown=200,__confirm_rule=perm_test,__perm_alpha=0.02,__perm_delta_k=25,__perm_min_effect=0,__perm_n_perm=200,__perm_post_n=50,__perm_pre_n=200,__perm_rng_seed=0,__perm_stat=delta_fused_score,divergence=0.3,error_rate=0.5,teacher_entropy=0.2",3,0,200,0.0,0,10000,10.0,25.0,200,500,1,72,1.0,0.865340030911901,0.6905648235037383,0.0,0.22930563986301422,0.024322722107172012,0,0,111,96,-1,perm_test,0.004975124378109453,0.03634537228534903,218,96,122,0.0,0.16666666666666666,0,0.0,0.0,0.0,0.0,0,none,0,1,0,overconfident,0.95,0,mild_drift,0.9513672418068505,0.0013902268289337771,0.7613311410423023,0.8492005866978771,1768131628.8953724,0.10477503389120102,0.24333593249320984
648,41472,41471,sea_abrupt4,sea,ts_drift_adapt,4,"error_divergence_ph_meta@error.threshold=0.10,error.min_instances=5",error_divergence_ph_meta,"{""divergence"": {""alpha"": 0.1, ""delta"": 0.005, ""min_instances"": 30, ""threshold"": 0.05}, ""error_rate"": {""alpha"": 0.15, ""delta"": 0.005, ""min_instances"": 5, ""threshold"": 0.1}}","{""error_rate"": {""min_instances"": 5, ""threshold"": 0.1}}",0.1,0.005,0.15,5,0.05,0.005,0.1,30,,,,-1,two_stage,2,0.5,"__confirm_cooldown=200,__confirm_rule=perm_test,__perm_alpha=0.02,__perm_delta_k=25,__perm_min_effect=0,__perm_n_perm=200,__perm_post_n=50,__perm_pre_n=200,__perm_rng_seed=0,__perm_stat=delta_fused_score,divergence=0.3,error_rate=0.5,teacher_entropy=0.2",3,0,200,0.0,0,10000,10.0,25.0,200,500,1,8,1.0,0.8654272762345679,0.6908068316805617,0.16666666666666666,0.1985422521829605,0.013510296121239662,0,0,111,96,-1,perm_test,0.004975124378109453,0.03634537228534903,218,96,122,0.0,0.16666666666666666,0,0.0,0.0,0.0,0.0,0,none,0,1,0,overconfident,0.95,0,mild_drift,0.9558336209034253,0.0013451134144668885,0.7806655705211512,0.8521002933489386,1768131628.9068737,0.2924300730228424,0.11051712930202484
649,41536,41535,sea_abrupt4,sea,ts_drift_adapt,4,"error_divergence_ph_meta@error.threshold=0.10,error.min_instances=5",error_divergence_ph_meta,"{""divergence"": {""alpha"": 0.1, ""delta"": 0.005, ""min_instances"": 30, ""threshold"": 0.05}, ""error_rate"": {""alpha"": 0.15, ""delta"": 0.005, ""min_instances"": 5, ""threshold"": 0.1}}","{""error_rate"": {""min_instances"": 5, ""threshold"": 0.1}}",0.1,0.005,0.15,5,0.05,0.005,0.1,30,,,,-1,two_stage,2,0.5,"__confirm_cooldown=200,__confirm_rule=perm_test,__perm_alpha=0.02,__perm_delta_k=25,__perm_min_effect=0,__perm_n_perm=200,__perm_post_n=50,__perm_pre_n=200,__perm_rng_seed=0,__perm_stat=delta_fused_score,divergence=0.3,error_rate=0.5,teacher_entropy=0.2",3,0,200,0.0,0,10000,10.0,25.0,200,500,0,0,1.0,0.8654901771956857,0.6910177151402449,0.0,0.2041030079126358,0.017437420785427094,0,0,111,96,-1,perm_test,0.004975124378109453,0.03634537228534903,218,96,122,0.0,0.16666666666666666,0,0.0,0.0,0.0,0.0,0,none,0,1,0,overconfident,0.95,0,mild_drift,0.9580668104517126,0.0013225567072334445,0.7903327852605756,0.8535501466744693,1768131628.920353,0.13021451234817505,0.14651967585086823
650,41600,41599,sea_abrupt4,sea,ts_drift_adapt,4,"error_divergence_ph_meta@error.threshold=0.10,error.min_instances=5",error_divergence_ph_meta,"{""divergence"": {""alpha"": 0.1, ""delta"": 0.005, ""min_instances"": 30, ""threshold"": 0.05}, ""error_rate"": {""alpha"": 0.15, ""delta"": 0.005, ""min_instances"": 5, ""threshold"": 0.1}}","{""error_rate"": {""min_instances"": 5, ""threshold"": 0.1}}",0.1,0.005,0.15,5,0.05,0.005,0.1,30,,,,-1,two_stage,2,0.5,"__confirm_cooldown=200,__confirm_rule=perm_test,__perm_alpha=0.02,__perm_delta_k=25,__perm_min_effect=0,__perm_n_perm=200,__perm_post_n=50,__perm_pre_n=200,__perm_rng_seed=0,__perm_stat=delta_fused_score,divergence=0.3,error_rate=0.5,teacher_entropy=0.2",3,0,200,0.0,0,10000,10.0,25.0,200,500,0,0,1.0,0.865625,0.6913884204365841,0.16666666666666666,0.18991240859031677,0.021789737045764923,1,1,112,97,0,perm_test,0.004975124378109453,0.07374849931203306,219,97,122,0.16666666666666666,0.16666666666666666,1,0.5,0.0,0.0,0.0,0,none,1,1,0,overconfident,0.95,0,severe_drift,0.9245334052258563,0.0016612783536167222,0.6451663926302877,0.8317750733372347,1768131628.9392953,0.23153086006641388,0.13751418888568878
651,41664,41663,sea_abrupt4,sea,ts_drift_adapt,4,"error_divergence_ph_meta@error.threshold=0.10,error.min_instances=5",error_divergence_ph_meta,"{""divergence"": {""alpha"": 0.1, ""delta"": 0.005, ""min_instances"": 30, ""threshold"": 0.05}, ""error_rate"": {""alpha"": 0.15, ""delta"": 0.005, ""min_instances"": 5, ""threshold"": 0.1}}","{""error_rate"": {""min_instances"": 5, ""threshold"": 0.1}}",0.1,0.005,0.15,5,0.05,0.005,0.1,30,,,,-1,two_stage,2,0.5,"__confirm_cooldown=200,__confirm_rule=perm_test,__perm_alpha=0.02,__perm_delta_k=25,__perm_min_effect=0,__perm_n_perm=200,__perm_post_n=50,__perm_pre_n=200,__perm_rng_seed=0,__perm_stat=delta_fused_score,divergence=0.3,error_rate=0.5,teacher_entropy=0.2",3,0,200,0.0,0,10000,10.0,25.0,200,500,1,136,1.0,0.8657354070660522,0.6916703331031047,0.3333333333333333,0.17849384248256683,0.010245145298540592,0,0,112,97,-1,perm_test,0.004975124378109453,0.07374849931203306,219,97,122,0.0,0.16666666666666666,0,0.0,0.0,0.0,0.0,0,none,0,1,0,overconfident,0.95,0,mild_drift,0.9424167026129281,0.001480639176808361,0.7225831963151439,0.8433875366686173,1768131628.9497142,0.47903141379356384,0.10997426509857178
652,41728,41727,sea_abrupt4,sea,ts_drift_adapt,4,"error_divergence_ph_meta@error.threshold=0.10,error.min_instances=5",error_divergence_ph_meta,"{""divergence"": {""alpha"": 0.1, ""delta"": 0.005, ""min_instances"": 30, ""threshold"": 0.05}, ""error_rate"": {""alpha"": 0.15, ""delta"": 0.005, ""min_instances"": 5, ""threshold"": 0.1}}","{""error_rate"": {""min_instances"": 5, ""threshold"": 0.1}}",0.1,0.005,0.15,5,0.05,0.005,0.1,30,,,,-1,two_stage,2,0.5,"__confirm_cooldown=200,__confirm_rule=perm_test,__perm_alpha=0.02,__perm_delta_k=25,__perm_min_effect=0,__perm_n_perm=200,__perm_post_n=50,__perm_pre_n=200,__perm_rng_seed=0,__perm_stat=delta_fused_score,divergence=0.3,error_rate=0.5,teacher_entropy=0.2",3,0,200,0.0,0,10000,10.0,25.0,200,500,1,72,1.0,0.8658215107361963,0.6918316062736029,0.16666666666666666,0.2128247618675232,0.018645547330379486,0,0,112,97,-1,perm_test,0.004975124378109453,0.07374849931203306,219,97,122,0.0,0.16666666666666666,0,0.0,0.0,0.0,0.0,0,none,0,1,0,overconfident,0.95,0,mild_drift,0.9513583513064641,0.0013903195884041805,0.761291598157572,0.8491937683343087,1768131628.959608,0.1634358912706375,0.12990343570709229
653,41792,41791,sea_abrupt4,sea,ts_drift_adapt,4,"error_divergence_ph_meta@error.threshold=0.10,error.min_instances=5",error_divergence_ph_meta,"{""divergence"": {""alpha"": 0.1, ""delta"": 0.005, ""min_instances"": 30, ""threshold"": 0.05}, ""error_rate"": {""alpha"": 0.15, ""delta"": 0.005, ""min_instances"": 5, ""threshold"": 0.1}}","{""error_rate"": {""min_instances"": 5, ""threshold"": 0.1}}",0.1,0.005,0.15,5,0.05,0.005,0.1,30,,,,-1,two_stage,2,0.5,"__confirm_cooldown=200,__confirm_rule=perm_test,__perm_alpha=0.02,__perm_delta_k=25,__perm_min_effect=0,__perm_n_perm=200,__perm_post_n=50,__perm_pre_n=200,__perm_rng_seed=0,__perm_stat=delta_fused_score,divergence=0.3,error_rate=0.5,teacher_entropy=0.2",3,0,200,0.0,0,10000,10.0,25.0,200,500,1,8,1.0,0.865907350689127,0.6920817012108368,0.0,0.1705307513475418,0.022283131256699562,0,0,112,97,-1,perm_test,0.004975124378109453,0.07374849931203306,219,97,122,0.0,0.16666666666666666,0,0.0,0.0,0.0,0.0,0,none,0,1,0,overconfident,0.95,0,mild_drift,0.955829175653232,0.0013451597942020902,0.7806457990787861,0.8520968841671543,1768131628.9696596,0.06070931255817413,0.19799812138080597
654,41856,41855,sea_abrupt4,sea,ts_drift_adapt,4,"error_divergence_ph_meta@error.threshold=0.10,error.min_instances=5",error_divergence_ph_meta,"{""divergence"": {""alpha"": 0.1, ""delta"": 0.005, ""min_instances"": 30, ""threshold"": 0.05}, ""error_rate"": {""alpha"": 0.15, ""delta"": 0.005, ""min_instances"": 5, ""threshold"": 0.1}}","{""error_rate"": {""min_instances"": 5, ""threshold"": 0.1}}",0.1,0.005,0.15,5,0.05,0.005,0.1,30,,,,-1,two_stage,2,0.5,"__confirm_cooldown=200,__confirm_rule=perm_test,__perm_alpha=0.02,__perm_delta_k=25,__perm_min_effect=0,__perm_n_perm=200,__perm_post_n=50,__perm_pre_n=200,__perm_rng_seed=0,__perm_stat=delta_fused_score,divergence=0.3,error_rate=0.5,teacher_entropy=0.2",3,0,200,0.0,0,10000,10.0,25.0,200,500,0,0,1.0,0.8659451452599388,0.6922114824308825,0.0,0.14985455572605133,0.015679791569709778,0,0,112,97,-1,perm_test,0.004975124378109453,0.07374849931203306,219,97,122,0.0,0.006603339686989784,0,0.0,0.0,0.0,0.0,0,none,0,1,0,overconfident,0.95,0,mild_drift,0.958064587826616,0.0013225798971010453,0.790322899539393,0.8535484420835772,1768131628.9798417,0.014938756823539734,0.17694830894470215
655,41920,41919,sea_abrupt4,sea,ts_drift_adapt,4,"error_divergence_ph_meta@error.threshold=0.10,error.min_instances=5",error_divergence_ph_meta,"{""divergence"": {""alpha"": 0.1, ""delta"": 0.005, ""min_instances"": 30, ""threshold"": 0.05}, ""error_rate"": {""alpha"": 0.15, ""delta"": 0.005, ""min_instances"": 5, ""threshold"": 0.1}}","{""error_rate"": {""min_instances"": 5, ""threshold"": 0.1}}",0.1,0.005,0.15,5,0.05,0.005,0.1,30,,,,-1,two_stage,2,0.5,"__confirm_cooldown=200,__confirm_rule=perm_test,__perm_alpha=0.02,__perm_delta_k=25,__perm_min_effect=0,__perm_n_perm=200,__perm_post_n=50,__perm_pre_n=200,__perm_rng_seed=0,__perm_stat=delta_fused_score,divergence=0.3,error_rate=0.5,teacher_entropy=0.2",3,0,200,0.0,0,10000,10.0,25.0,200,500,0,0,1.0,0.866006679389313,0.6924227827498922,0.16666666666666666,0.16782253980636597,0.011900931596755981,1,1,113,98,0,perm_test,0.004975124378109453,0.11655005135744419,220,98,122,0.0,0.16666666666666666,1,0.5,0.0,0.0,0.0,0,none,1,1,0,overconfident,0.95,0,stable,0.9740322939133079,0.0010612899485505226,0.8951614497696965,0.8992742210417886,1768131628.9955494,0.2033252716064453,0.09084329009056091
656,41984,41983,sea_abrupt4,sea,ts_drift_adapt,4,"error_divergence_ph_meta@error.threshold=0.10,error.min_instances=5",error_divergence_ph_meta,"{""divergence"": {""alpha"": 0.1, ""delta"": 0.005, ""min_instances"": 30, ""threshold"": 0.05}, ""error_rate"": {""alpha"": 0.15, ""delta"": 0.005, ""min_instances"": 5, ""threshold"": 0.1}}","{""error_rate"": {""min_instances"": 5, ""threshold"": 0.1}}",0.1,0.005,0.15,5,0.05,0.005,0.1,30,,,,-1,two_stage,2,0.5,"__confirm_cooldown=200,__confirm_rule=perm_test,__perm_alpha=0.02,__perm_delta_k=25,__perm_min_effect=0,__perm_n_perm=200,__perm_post_n=50,__perm_pre_n=200,__perm_rng_seed=0,__perm_stat=delta_fused_score,divergence=0.3,error_rate=0.5,teacher_entropy=0.2",3,0,200,0.0,0,10000,10.0,25.0,200,500,1,136,1.0,0.866139481707317,0.692797167153115,0.0,0.15409372746944427,0.01746916025876999,0,0,113,98,-1,perm_test,0.004975124378109453,0.11655005135744419,220,98,122,0.0,0.16666666666666666,0,0.0,0.0,0.0,0.0,0,none,0,1,0,overconfident,0.95,0,mild_drift,0.9671661469566539,0.0011806449742752614,0.8475807248848483,0.8771371105208943,1768131629.00622,0.11184853315353394,0.14209961891174316
657,42048,42047,sea_abrupt4,sea,ts_drift_adapt,4,"error_divergence_ph_meta@error.threshold=0.10,error.min_instances=5",error_divergence_ph_meta,"{""divergence"": {""alpha"": 0.1, ""delta"": 0.005, ""min_instances"": 30, ""threshold"": 0.05}, ""error_rate"": {""alpha"": 0.15, ""delta"": 0.005, ""min_instances"": 5, ""threshold"": 0.1}}","{""error_rate"": {""min_instances"": 5, ""threshold"": 0.1}}",0.1,0.005,0.15,5,0.05,0.005,0.1,30,,,,-1,two_stage,2,0.5,"__confirm_cooldown=200,__confirm_rule=perm_test,__perm_alpha=0.02,__perm_delta_k=25,__perm_min_effect=0,__perm_n_perm=200,__perm_post_n=50,__perm_pre_n=200,__perm_rng_seed=0,__perm_stat=delta_fused_score,divergence=0.3,error_rate=0.5,teacher_entropy=0.2",3,0,200,0.0,0,10000,10.0,25.0,200,500,1,72,1.0,0.8662005327245054,0.692952594108099,0.16666666666666666,0.26297467947006226,0.030719535425305367,0,0,113,98,-1,perm_test,0.004975124378109453,0.11655005135744419,220,98,122,0.0,0.16666666666666666,0,0.0,0.0,0.0,0.0,0,none,0,1,0,overconfident,0.95,0,mild_drift,0.9637330734783269,0.0012403224871376309,0.8237903624424241,0.8660685552604471,1768131629.0160475,0.3822215497493744,0.23459424078464508
658,42112,42111,sea_abrupt4,sea,ts_drift_adapt,4,"error_divergence_ph_meta@error.threshold=0.10,error.min_instances=5",error_divergence_ph_meta,"{""divergence"": {""alpha"": 0.1, ""delta"": 0.005, ""min_instances"": 30, ""threshold"": 0.05}, ""error_rate"": {""alpha"": 0.15, ""delta"": 0.005, ""min_instances"": 5, ""threshold"": 0.1}}","{""error_rate"": {""min_instances"": 5, ""threshold"": 0.1}}",0.1,0.005,0.15,5,0.05,0.005,0.1,30,,,,-1,two_stage,2,0.5,"__confirm_cooldown=200,__confirm_rule=perm_test,__perm_alpha=0.02,__perm_delta_k=25,__perm_min_effect=0,__perm_n_perm=200,__perm_post_n=50,__perm_pre_n=200,__perm_rng_seed=0,__perm_stat=delta_fused_score,divergence=0.3,error_rate=0.5,teacher_entropy=0.2",3,0,200,0.0,0,10000,10.0,25.0,200,500,1,8,1.0,0.8662851443768997,0.6931204384904801,0.3333333333333333,0.17496219277381897,0.01313080545514822,0,0,113,98,-1,perm_test,0.004975124378109453,0.11655005135744419,220,98,122,0.0,0.16666666666666666,0,0.0,0.0,0.0,0.0,0,none,0,1,0,overconfident,0.95,0,mild_drift,0.9620165367391634,0.0012701612435688154,0.8118951812212121,0.8605342776302236,1768131629.025785,0.40689876675605774,0.13372592628002167
659,42176,42175,sea_abrupt4,sea,ts_drift_adapt,4,"error_divergence_ph_meta@error.threshold=0.10,error.min_instances=5",error_divergence_ph_meta,"{""divergence"": {""alpha"": 0.1, ""delta"": 0.005, ""min_instances"": 30, ""threshold"": 0.05}, ""error_rate"": {""alpha"": 0.15, ""delta"": 0.005, ""min_instances"": 5, ""threshold"": 0.1}}","{""error_rate"": {""min_instances"": 5, ""threshold"": 0.1}}",0.1,0.005,0.15,5,0.05,0.005,0.1,30,,,,-1,two_stage,2,0.5,"__confirm_cooldown=200,__confirm_rule=perm_test,__perm_alpha=0.02,__perm_delta_k=25,__perm_min_effect=0,__perm_n_perm=200,__perm_post_n=50,__perm_pre_n=200,__perm_rng_seed=0,__perm_stat=delta_fused_score,divergence=0.3,error_rate=0.5,teacher_entropy=0.2",3,0,200,0.0,0,10000,10.0,25.0,200,500,0,0,1.0,0.8663220789074355,0.6931667494086247,0.16666666666666666,0.2295420616865158,0.01703164353966713,0,0,113,98,-1,perm_test,0.004975124378109453,0.11655005135744419,220,98,122,0.0,0.16666666666666666,0,0.0,0.0,0.0,0.0,0,none,0,1,0,overconfident,0.95,0,mild_drift,0.9611582683695816,0.001285080621784408,0.8059475906106061,0.8577671388151118,1768131629.0360415,0.20848031342029572,0.16788682341575623
660,42240,42239,sea_abrupt4,sea,ts_drift_adapt,4,"error_divergence_ph_meta@error.threshold=0.10,error.min_instances=5",error_divergence_ph_meta,"{""divergence"": {""alpha"": 0.1, ""delta"": 0.005, ""min_instances"": 30, ""threshold"": 0.05}, ""error_rate"": {""alpha"": 0.15, ""delta"": 0.005, ""min_instances"": 5, ""threshold"": 0.1}}","{""error_rate"": {""min_instances"": 5, ""threshold"": 0.1}}",0.1,0.005,0.15,5,0.05,0.005,0.1,30,,,,-1,two_stage,2,0.5,"__confirm_cooldown=200,__confirm_rule=perm_test,__perm_alpha=0.02,__perm_delta_k=25,__perm_min_effect=0,__perm_n_perm=200,__perm_post_n=50,__perm_pre_n=200,__perm_rng_seed=0,__perm_stat=delta_fused_score,divergence=0.3,error_rate=0.5,teacher_entropy=0.2",3,0,200,0.0,0,10000,10.0,25.0,200,500,0,0,1.0,0.8664535984848485,0.6934888611485548,0.0,0.22727979719638824,0.015248536132276058,0,1,114,98,-1,perm_test,1.0,-0.12078213574296641,221,98,123,0.16666666666666666,0.16666666666666666,1,0.5,0.0,0.0,0.0,0,none,0,1,0,overconfident,0.95,0,mild_drift,0.9607291341847908,0.001292540310892204,0.8029737953053031,0.8563835694075559,1768131629.046348,0.021955961361527443,0.1317114531993866
661,42304,42303,sea_abrupt4,sea,ts_drift_adapt,4,"error_divergence_ph_meta@error.threshold=0.10,error.min_instances=5",error_divergence_ph_meta,"{""divergence"": {""alpha"": 0.1, ""delta"": 0.005, ""min_instances"": 30, ""threshold"": 0.05}, ""error_rate"": {""alpha"": 0.15, ""delta"": 0.005, ""min_instances"": 5, ""threshold"": 0.1}}","{""error_rate"": {""min_instances"": 5, ""threshold"": 0.1}}",0.1,0.005,0.15,5,0.05,0.005,0.1,30,,,,-1,two_stage,2,0.5,"__confirm_cooldown=200,__confirm_rule=perm_test,__perm_alpha=0.02,__perm_delta_k=25,__perm_min_effect=0,__perm_n_perm=200,__perm_post_n=50,__perm_pre_n=200,__perm_rng_seed=0,__perm_stat=delta_fused_score,divergence=0.3,error_rate=0.5,teacher_entropy=0.2",3,0,200,0.0,0,10000,10.0,25.0,200,500,0,0,1.0,0.8665610816944024,0.6938067990915637,0.0,0.21210019290447235,0.009699537418782711,1,0,114,99,1,perm_test,0.004975124378109453,0.020279810693179315,222,99,123,0.0,0.005548998713493347,0,0.0,0.0,0.0,0.0,0,none,1,1,0,overconfident,0.95,0,stable,0.9753645670923954,0.001046270155446102,0.9014868976526516,0.900691784703778,1768131629.0618,0.13894782960414886,0.08662111312150955
662,42368,42367,sea_abrupt4,sea,ts_drift_adapt,4,"error_divergence_ph_meta@error.threshold=0.10,error.min_instances=5",error_divergence_ph_meta,"{""divergence"": {""alpha"": 0.1, ""delta"": 0.005, ""min_instances"": 30, ""threshold"": 0.05}, ""error_rate"": {""alpha"": 0.15, ""delta"": 0.005, ""min_instances"": 5, ""threshold"": 0.1}}","{""error_rate"": {""min_instances"": 5, ""threshold"": 0.1}}",0.1,0.005,0.15,5,0.05,0.005,0.1,30,,,,-1,two_stage,2,0.5,"__confirm_cooldown=200,__confirm_rule=perm_test,__perm_alpha=0.02,__perm_delta_k=25,__perm_min_effect=0,__perm_n_perm=200,__perm_post_n=50,__perm_pre_n=200,__perm_rng_seed=0,__perm_stat=delta_fused_score,divergence=0.3,error_rate=0.5,teacher_entropy=0.2",3,0,200,0.0,0,10000,10.0,25.0,200,500,1,136,1.0,0.8666918429003021,0.6941026317006713,0.0,0.21569667756557465,0.014804704114794731,0,0,114,99,-1,perm_test,0.004975124378109453,0.020279810693179315,222,99,123,0.0,0.00510516669601202,0,0.0,0.0,0.0,0.0,0,none,0,1,0,overconfident,0.95,0,mild_drift,0.9678322835461977,0.0011731350777230511,0.8507434488263258,0.877845892351889,1768131629.0718462,0.10160475969314575,0.1166495531797409
663,42432,42431,sea_abrupt4,sea,ts_drift_adapt,4,"error_divergence_ph_meta@error.threshold=0.10,error.min_instances=5",error_divergence_ph_meta,"{""divergence"": {""alpha"": 0.1, ""delta"": 0.005, ""min_instances"": 30, ""threshold"": 0.05}, ""error_rate"": {""alpha"": 0.15, ""delta"": 0.005, ""min_instances"": 5, ""threshold"": 0.1}}","{""error_rate"": {""min_instances"": 5, ""threshold"": 0.1}}",0.1,0.005,0.15,5,0.05,0.005,0.1,30,,,,-1,two_stage,2,0.5,"__confirm_cooldown=200,__confirm_rule=perm_test,__perm_alpha=0.02,__perm_delta_k=25,__perm_min_effect=0,__perm_n_perm=200,__perm_post_n=50,__perm_pre_n=200,__perm_rng_seed=0,__perm_stat=delta_fused_score,divergence=0.3,error_rate=0.5,teacher_entropy=0.2",3,0,200,0.0,0,10000,10.0,25.0,200,500,1,72,1.0,0.8668693438914027,0.6945804549670607,0.0,0.2529577910900116,0.017215490341186523,0,0,114,99,-1,perm_test,0.004975124378109453,0.020279810693179315,222,99,123,0.0,0.0024107862263917923,0,0.0,0.0,0.0,0.0,0,none,0,1,0,overconfident,0.95,0,mild_drift,0.9640661417730988,0.0012365675388615258,0.8253717244131629,0.8664229461759445,1768131629.0819197,0.04579923674464226,0.1406368613243103
664,42496,42495,sea_abrupt4,sea,ts_drift_adapt,4,"error_divergence_ph_meta@error.threshold=0.10,error.min_instances=5",error_divergence_ph_meta,"{""divergence"": {""alpha"": 0.1, ""delta"": 0.005, ""min_instances"": 30, ""threshold"": 0.05}, ""error_rate"": {""alpha"": 0.15, ""delta"": 0.005, ""min_instances"": 5, ""threshold"": 0.1}}","{""error_rate"": {""min_instances"": 5, ""threshold"": 0.1}}",0.1,0.005,0.15,5,0.05,0.005,0.1,30,,,,-1,two_stage,2,0.5,"__confirm_cooldown=200,__confirm_rule=perm_test,__perm_alpha=0.02,__perm_delta_k=25,__perm_min_effect=0,__perm_n_perm=200,__perm_post_n=50,__perm_pre_n=200,__perm_rng_seed=0,__perm_stat=delta_fused_score,divergence=0.3,error_rate=0.5,teacher_entropy=0.2",3,0,200,0.0,0,10000,10.0,25.0,200,500,1,8,1.0,0.8669521837349398,0.6948286615266079,0.16666666666666666,0.2145337164402008,0.012616150081157684,0,0,114,99,-1,perm_test,0.004975124378109453,0.020279810693179315,222,99,123,0.0,0.16666666666666666,0,0.0,0.0,0.0,0.0,0,none,0,1,0,overconfident,0.95,0,mild_drift,0.9621830708865493,0.0012682837694307629,0.8126858622065815,0.8607114730879722,1768131629.0919876,0.30364349484443665,0.09003812074661255
665,42560,42559,sea_abrupt4,sea,ts_drift_adapt,4,"error_divergence_ph_meta@error.threshold=0.10,error.min_instances=5",error_divergence_ph_meta,"{""divergence"": {""alpha"": 0.1, ""delta"": 0.005, ""min_instances"": 30, ""threshold"": 0.05}, ""error_rate"": {""alpha"": 0.15, ""delta"": 0.005, ""min_instances"": 5, ""threshold"": 0.1}}","{""error_rate"": {""min_instances"": 5, ""threshold"": 0.1}}",0.1,0.005,0.15,5,0.05,0.005,0.1,30,,,,-1,two_stage,2,0.5,"__confirm_cooldown=200,__confirm_rule=perm_test,__perm_alpha=0.02,__perm_delta_k=25,__perm_min_effect=0,__perm_n_perm=200,__perm_post_n=50,__perm_pre_n=200,__perm_rng_seed=0,__perm_stat=delta_fused_score,divergence=0.3,error_rate=0.5,teacher_entropy=0.2",3,0,200,0.0,0,10000,10.0,25.0,200,500,0,0,1.0,0.8670582706766917,0.6950867854613632,0.0,0.24674643576145172,0.014772727154195309,0,1,115,99,-1,perm_test,1.0,-0.09487593706750223,223,99,124,0.0,0.16666666666666666,1,0.5,0.0,0.0,0.0,0,none,0,1,0,overconfident,0.95,0,mild_drift,0.9612415354432746,0.0012841418847153816,0.8063429311032908,0.8578557365439861,1768131629.1025088,0.030345112085342407,0.12306823581457138
666,42624,42623,sea_abrupt4,sea,ts_drift_adapt,4,"error_divergence_ph_meta@error.threshold=0.10,error.min_instances=5",error_divergence_ph_meta,"{""divergence"": {""alpha"": 0.1, ""delta"": 0.005, ""min_instances"": 30, ""threshold"": 0.05}, ""error_rate"": {""alpha"": 0.15, ""delta"": 0.005, ""min_instances"": 5, ""threshold"": 0.1}}","{""error_rate"": {""min_instances"": 5, ""threshold"": 0.1}}",0.1,0.005,0.15,5,0.05,0.005,0.1,30,,,,-1,two_stage,2,0.5,"__confirm_cooldown=200,__confirm_rule=perm_test,__perm_alpha=0.02,__perm_delta_k=25,__perm_min_effect=0,__perm_n_perm=200,__perm_post_n=50,__perm_pre_n=200,__perm_rng_seed=0,__perm_stat=delta_fused_score,divergence=0.3,error_rate=0.5,teacher_entropy=0.2",3,0,200,0.0,0,10000,10.0,25.0,200,500,0,0,1.0,0.8671405780780781,0.6952449843120294,0.0,0.2216762900352478,0.0210011787712574,0,0,115,99,-1,perm_test,1.0,-0.016842410750822025,224,99,125,0.0,0.006228451617062092,0,0.0,0.0,0.0,0.0,0,none,0,1,0,overconfident,0.95,0,mild_drift,0.9607707677216373,0.0012920709423576908,0.8031714655516454,0.856427868271993,1768131629.1156054,0.14139392971992493,0.16748711466789246
667,42688,42687,sea_abrupt4,sea,ts_drift_adapt,4,"error_divergence_ph_meta@error.threshold=0.10,error.min_instances=5",error_divergence_ph_meta,"{""divergence"": {""alpha"": 0.1, ""delta"": 0.005, ""min_instances"": 30, ""threshold"": 0.05}, ""error_rate"": {""alpha"": 0.15, ""delta"": 0.005, ""min_instances"": 5, ""threshold"": 0.1}}","{""error_rate"": {""min_instances"": 5, ""threshold"": 0.1}}",0.1,0.005,0.15,5,0.05,0.005,0.1,30,,,,-1,two_stage,2,0.5,"__confirm_cooldown=200,__confirm_rule=perm_test,__perm_alpha=0.02,__perm_delta_k=25,__perm_min_effect=0,__perm_n_perm=200,__perm_post_n=50,__perm_pre_n=200,__perm_rng_seed=0,__perm_stat=delta_fused_score,divergence=0.3,error_rate=0.5,teacher_entropy=0.2",3,0,200,0.0,0,10000,10.0,25.0,200,500,0,0,1.0,0.8671757871064468,0.6953811515889414,0.0,0.21120502054691315,0.007730548735707998,0,0,115,99,-1,perm_test,1.0,-0.029007345271369327,225,99,126,0.0,0.013270630035549402,0,0.0,0.0,0.0,0.0,0,none,0,1,0,overconfident,0.95,0,mild_drift,0.9605353838608186,0.0012960354711788456,0.8015857327758227,0.8557139341359965,1768131629.1286383,0.0359969325363636,0.06308906525373459
668,42752,42751,sea_abrupt4,sea,ts_drift_adapt,4,"error_divergence_ph_meta@error.threshold=0.10,error.min_instances=5",error_divergence_ph_meta,"{""divergence"": {""alpha"": 0.1, ""delta"": 0.005, ""min_instances"": 30, ""threshold"": 0.05}, ""error_rate"": {""alpha"": 0.15, ""delta"": 0.005, ""min_instances"": 5, ""threshold"": 0.1}}","{""error_rate"": {""min_instances"": 5, ""threshold"": 0.1}}",0.1,0.005,0.15,5,0.05,0.005,0.1,30,,,,-1,two_stage,2,0.5,"__confirm_cooldown=200,__confirm_rule=perm_test,__perm_alpha=0.02,__perm_delta_k=25,__perm_min_effect=0,__perm_n_perm=200,__perm_post_n=50,__perm_pre_n=200,__perm_rng_seed=0,__perm_stat=delta_fused_score,divergence=0.3,error_rate=0.5,teacher_entropy=0.2",3,0,200,0.0,0,10000,10.0,25.0,200,500,0,0,1.0,0.8673044535928144,0.6957478372240083,0.16666666666666666,0.1670287400484085,0.007777848280966282,1,0,115,100,3,perm_test,0.004975124378109453,0.02965570233582844,226,100,126,0.0,0.16666666666666666,0,0.0,0.0,0.0,0.0,0,none,1,1,0,overconfident,0.95,0,stable,0.9752676919304093,0.0010480177355894228,0.9007928663879113,0.9003569670679983,1768131629.1469765,0.23519371449947357,0.07145950943231583
669,42816,42815,sea_abrupt4,sea,ts_drift_adapt,4,"error_divergence_ph_meta@error.threshold=0.10,error.min_instances=5",error_divergence_ph_meta,"{""divergence"": {""alpha"": 0.1, ""delta"": 0.005, ""min_instances"": 30, ""threshold"": 0.05}, ""error_rate"": {""alpha"": 0.15, ""delta"": 0.005, ""min_instances"": 5, ""threshold"": 0.1}}","{""error_rate"": {""min_instances"": 5, ""threshold"": 0.1}}",0.1,0.005,0.15,5,0.05,0.005,0.1,30,,,,-1,two_stage,2,0.5,"__confirm_cooldown=200,__confirm_rule=perm_test,__perm_alpha=0.02,__perm_delta_k=25,__perm_min_effect=0,__perm_n_perm=200,__perm_post_n=50,__perm_pre_n=200,__perm_rng_seed=0,__perm_stat=delta_fused_score,divergence=0.3,error_rate=0.5,teacher_entropy=0.2",3,0,200,0.0,0,10000,10.0,25.0,200,500,1,136,1.0,0.867479446935725,0.6960994912922963,0.0,0.2103399932384491,0.013660929165780544,0,0,115,100,-1,perm_test,0.004975124378109453,0.02965570233582844,226,100,126,0.0,0.16666666666666666,0,0.0,0.0,0.0,0.0,0,none,0,1,0,overconfident,0.95,0,mild_drift,0.9677838459652046,0.0011740088677947113,0.8503964331939557,0.8776784835339991,1768131629.157005,0.05596756562590599,0.09357239305973053
670,42880,42879,sea_abrupt4,sea,ts_drift_adapt,4,"error_divergence_ph_meta@error.threshold=0.10,error.min_instances=5",error_divergence_ph_meta,"{""divergence"": {""alpha"": 0.1, ""delta"": 0.005, ""min_instances"": 30, ""threshold"": 0.05}, ""error_rate"": {""alpha"": 0.15, ""delta"": 0.005, ""min_instances"": 5, ""threshold"": 0.1}}","{""error_rate"": {""min_instances"": 5, ""threshold"": 0.1}}",0.1,0.005,0.15,5,0.05,0.005,0.1,30,,,,-1,two_stage,2,0.5,"__confirm_cooldown=200,__confirm_rule=perm_test,__perm_alpha=0.02,__perm_delta_k=25,__perm_min_effect=0,__perm_n_perm=200,__perm_post_n=50,__perm_pre_n=200,__perm_rng_seed=0,__perm_stat=delta_fused_score,divergence=0.3,error_rate=0.5,teacher_entropy=0.2",3,0,200,0.0,0,10000,10.0,25.0,200,500,1,72,1.0,0.8676539179104478,0.6965543717992649,0.0,0.20231838524341583,0.0075426469556987286,0,1,115,100,-1,perm_test,0.004975124378109453,0.02965570233582844,226,100,126,0.0,0.006118282210081816,1,0.5,0.0,0.0,0.0,0,none,0,1,0,overconfident,0.95,0,mild_drift,0.9640419229826023,0.0012370044338973559,0.8251982165969779,0.8663392417669995,1768131629.1669633,0.14523272216320038,0.0631406158208847
671,42944,42943,sea_abrupt4,sea,ts_drift_adapt,4,"error_divergence_ph_meta@error.threshold=0.10,error.min_instances=5",error_divergence_ph_meta,"{""divergence"": {""alpha"": 0.1, ""delta"": 0.005, ""min_instances"": 30, ""threshold"": 0.05}, ""error_rate"": {""alpha"": 0.15, ""delta"": 0.005, ""min_instances"": 5, ""threshold"": 0.1}}","{""error_rate"": {""min_instances"": 5, ""threshold"": 0.1}}",0.1,0.005,0.15,5,0.05,0.005,0.1,30,,,,-1,two_stage,2,0.5,"__confirm_cooldown=200,__confirm_rule=perm_test,__perm_alpha=0.02,__perm_delta_k=25,__perm_min_effect=0,__perm_n_perm=200,__perm_post_n=50,__perm_pre_n=200,__perm_rng_seed=0,__perm_stat=delta_fused_score,divergence=0.3,error_rate=0.5,teacher_entropy=0.2",3,0,200,0.0,0,10000,10.0,25.0,200,500,1,8,1.0,0.8676881520119225,0.6966048656710918,0.0,0.22374257445335388,0.01819554902613163,0,0,115,100,-1,perm_test,0.004975124378109453,0.02965570233582844,226,100,126,0.0,0.010652902070432901,0,0.0,0.0,0.0,0.0,0,none,0,1,0,overconfident,0.95,0,mild_drift,0.9621709614913011,0.0012685022169486781,0.8125991082984889,0.8606696208834997,1768131629.177043,0.026081083342432976,0.11446181684732437
672,43008,43007,sea_abrupt4,sea,ts_drift_adapt,4,"error_divergence_ph_meta@error.threshold=0.10,error.min_instances=5",error_divergence_ph_meta,"{""divergence"": {""alpha"": 0.1, ""delta"": 0.005, ""min_instances"": 30, ""threshold"": 0.05}, ""error_rate"": {""alpha"": 0.15, ""delta"": 0.005, ""min_instances"": 5, ""threshold"": 0.1}}","{""error_rate"": {""min_instances"": 5, ""threshold"": 0.1}}",0.1,0.005,0.15,5,0.05,0.005,0.1,30,,,,-1,two_stage,2,0.5,"__confirm_cooldown=200,__confirm_rule=perm_test,__perm_alpha=0.02,__perm_delta_k=25,__perm_min_effect=0,__perm_n_perm=200,__perm_post_n=50,__perm_pre_n=200,__perm_rng_seed=0,__perm_stat=delta_fused_score,divergence=0.3,error_rate=0.5,teacher_entropy=0.2",3,0,200,0.0,0,10000,10.0,25.0,200,500,0,0,1.0,0.8677687872023809,0.6967921962230439,0.16666666666666666,0.2432381808757782,0.013789304532110691,0,0,115,100,-1,perm_test,0.004975124378109453,0.02965570233582844,226,100,126,0.0,0.16666666666666666,0,0.0,0.0,0.0,0.0,0,none,0,1,0,overconfident,0.95,0,mild_drift,0.9612354807456505,0.001284251108474339,0.8062995541492445,0.8578348104417499,1768131629.1879587,0.16252325475215912,0.11882048845291138
673,43072,43071,sea_abrupt4,sea,ts_drift_adapt,4,"error_divergence_ph_meta@error.threshold=0.10,error.min_instances=5",error_divergence_ph_meta,"{""divergence"": {""alpha"": 0.1, ""delta"": 0.005, ""min_instances"": 30, ""threshold"": 0.05}, ""error_rate"": {""alpha"": 0.15, ""delta"": 0.005, ""min_instances"": 5, ""threshold"": 0.1}}","{""error_rate"": {""min_instances"": 5, ""threshold"": 0.1}}",0.1,0.005,0.15,5,0.05,0.005,0.1,30,,,,-1,two_stage,2,0.5,"__confirm_cooldown=200,__confirm_rule=perm_test,__perm_alpha=0.02,__perm_delta_k=25,__perm_min_effect=0,__perm_n_perm=200,__perm_post_n=50,__perm_pre_n=200,__perm_rng_seed=0,__perm_stat=delta_fused_score,divergence=0.3,error_rate=0.5,teacher_entropy=0.2",3,0,200,0.0,0,10000,10.0,25.0,200,500,0,0,1.0,0.8678491827637445,0.6969627079667003,0.0,0.25583165884017944,0.016989145427942276,0,0,115,100,-1,perm_test,0.004975124378109453,0.02965570233582844,226,100,126,0.0,0.16666666666666666,0,0.0,0.0,0.0,0.0,0,none,0,1,0,overconfident,0.95,0,mild_drift,0.9607677403728252,0.0012921255542371695,0.8031497770746223,0.856417405220875,1768131629.1996279,0.019948242232203484,0.11900410801172256
674,43136,43135,sea_abrupt4,sea,ts_drift_adapt,4,"error_divergence_ph_meta@error.threshold=0.10,error.min_instances=5",error_divergence_ph_meta,"{""divergence"": {""alpha"": 0.1, ""delta"": 0.005, ""min_instances"": 30, ""threshold"": 0.05}, ""error_rate"": {""alpha"": 0.15, ""delta"": 0.005, ""min_instances"": 5, ""threshold"": 0.1}}","{""error_rate"": {""min_instances"": 5, ""threshold"": 0.1}}",0.1,0.005,0.15,5,0.05,0.005,0.1,30,,,,-1,two_stage,2,0.5,"__confirm_cooldown=200,__confirm_rule=perm_test,__perm_alpha=0.02,__perm_delta_k=25,__perm_min_effect=0,__perm_n_perm=200,__perm_post_n=50,__perm_pre_n=200,__perm_rng_seed=0,__perm_stat=delta_fused_score,divergence=0.3,error_rate=0.5,teacher_entropy=0.2",3,0,200,0.0,0,10000,10.0,25.0,200,500,0,0,1.0,0.867882974777448,0.6971062561011329,0.16666666666666666,0.214311420917511,0.009156634099781513,0,0,115,100,-1,perm_test,0.004975124378109453,0.02965570233582844,226,100,126,0.0,0.16666666666666666,0,0.0,0.0,0.0,0.0,0,none,0,1,0,overconfident,0.95,0,mild_drift,0.9605338701864126,0.001296062777118585,0.8015748885373112,0.8557087026104375,1768131629.210022,0.1558232307434082,0.08647237718105316
675,43200,43199,sea_abrupt4,sea,ts_drift_adapt,4,"error_divergence_ph_meta@error.threshold=0.10,error.min_instances=5",error_divergence_ph_meta,"{""divergence"": {""alpha"": 0.1, ""delta"": 0.005, ""min_instances"": 30, ""threshold"": 0.05}, ""error_rate"": {""alpha"": 0.15, ""delta"": 0.005, ""min_instances"": 5, ""threshold"": 0.1}}","{""error_rate"": {""min_instances"": 5, ""threshold"": 0.1}}",0.1,0.005,0.15,5,0.05,0.005,0.1,30,,,,-1,two_stage,2,0.5,"__confirm_cooldown=200,__confirm_rule=perm_test,__perm_alpha=0.02,__perm_delta_k=25,__perm_min_effect=0,__perm_n_perm=200,__perm_post_n=50,__perm_pre_n=200,__perm_rng_seed=0,__perm_stat=delta_fused_score,divergence=0.3,error_rate=0.5,teacher_entropy=0.2",3,0,200,0.0,0,10000,10.0,25.0,200,500,0,0,1.0,0.8680324074074074,0.6974981649672346,0.0,0.1971675157546997,0.007944609969854355,0,1,116,100,-1,perm_test,1.0,-0.06515500975727592,227,100,127,0.0,0.16666666666666666,1,0.5,0.0,0.0,0.0,0,none,0,1,0,overconfident,0.95,0,mild_drift,0.9604169350932062,0.0012980313885592927,0.8007874442686556,0.8553543513052188,1768131629.2207878,0.020511697977781296,0.06202608346939087
676,43264,43263,sea_abrupt4,sea,ts_drift_adapt,4,"error_divergence_ph_meta@error.threshold=0.10,error.min_instances=5",error_divergence_ph_meta,"{""divergence"": {""alpha"": 0.1, ""delta"": 0.005, ""min_instances"": 30, ""threshold"": 0.05}, ""error_rate"": {""alpha"": 0.15, ""delta"": 0.005, ""min_instances"": 5, ""threshold"": 0.1}}","{""error_rate"": {""min_instances"": 5, ""threshold"": 0.1}}",0.1,0.005,0.15,5,0.05,0.005,0.1,30,,,,-1,two_stage,2,0.5,"__confirm_cooldown=200,__confirm_rule=perm_test,__perm_alpha=0.02,__perm_delta_k=25,__perm_min_effect=0,__perm_n_perm=200,__perm_post_n=50,__perm_pre_n=200,__perm_rng_seed=0,__perm_stat=delta_fused_score,divergence=0.3,error_rate=0.5,teacher_entropy=0.2",3,0,200,0.0,0,10000,10.0,25.0,200,500,0,0,1.0,0.868227625739645,0.6979132232810912,0.0,0.1885732263326645,0.009229305200278759,1,0,116,101,1,perm_test,0.004975124378109453,0.02889031078437254,228,101,127,0.0,0.0012846952304244041,0,0.0,0.0,0.0,0.0,0,none,1,1,0,overconfident,0.95,0,stable,0.9752084675466031,0.0010490156942796463,0.9003937221343278,0.9001771756526094,1768131629.2373488,0.17540711164474487,0.07360383868217468
677,43328,43327,sea_abrupt4,sea,ts_drift_adapt,4,"error_divergence_ph_meta@error.threshold=0.10,error.min_instances=5",error_divergence_ph_meta,"{""divergence"": {""alpha"": 0.1, ""delta"": 0.005, ""min_instances"": 30, ""threshold"": 0.05}, ""error_rate"": {""alpha"": 0.15, ""delta"": 0.005, ""min_instances"": 5, ""threshold"": 0.1}}","{""error_rate"": {""min_instances"": 5, ""threshold"": 0.1}}",0.1,0.005,0.15,5,0.05,0.005,0.1,30,,,,-1,two_stage,2,0.5,"__confirm_cooldown=200,__confirm_rule=perm_test,__perm_alpha=0.02,__perm_delta_k=25,__perm_min_effect=0,__perm_n_perm=200,__perm_post_n=50,__perm_pre_n=200,__perm_rng_seed=0,__perm_stat=delta_fused_score,divergence=0.3,error_rate=0.5,teacher_entropy=0.2",3,0,200,0.0,0,10000,10.0,25.0,200,500,1,136,1.0,0.8683530280649926,0.6981963488948898,0.0,0.1592511683702469,0.00854799896478653,0,0,116,101,-1,perm_test,0.004975124378109453,0.02889031078437254,228,101,127,0.0,0.0006813062354922295,0,0.0,0.0,0.0,0.0,0,none,0,1,0,overconfident,0.95,0,mild_drift,0.9677542337733015,0.0011745078471398231,0.850196861067164,0.8775885878263047,1768131629.2475088,0.03554055839776993,0.05338207632303238
678,43392,43391,sea_abrupt4,sea,ts_drift_adapt,4,"error_divergence_ph_meta@error.threshold=0.10,error.min_instances=5",error_divergence_ph_meta,"{""divergence"": {""alpha"": 0.1, ""delta"": 0.005, ""min_instances"": 30, ""threshold"": 0.05}, ""error_rate"": {""alpha"": 0.15, ""delta"": 0.005, ""min_instances"": 5, ""threshold"": 0.1}}","{""error_rate"": {""min_instances"": 5, ""threshold"": 0.1}}",0.1,0.005,0.15,5,0.05,0.005,0.1,30,,,,-1,two_stage,2,0.5,"__confirm_cooldown=200,__confirm_rule=perm_test,__perm_alpha=0.02,__perm_delta_k=25,__perm_min_effect=0,__perm_n_perm=200,__perm_post_n=50,__perm_pre_n=200,__perm_rng_seed=0,__perm_stat=delta_fused_score,divergence=0.3,error_rate=0.5,teacher_entropy=0.2",3,0,200,0.0,0,10000,10.0,25.0,200,500,1,72,1.0,0.8683628318584071,0.6982583986818611,0.16666666666666666,0.23057669401168823,0.013748101890087128,0,0,116,101,-1,perm_test,0.004975124378109453,0.02889031078437254,228,101,127,0.0,0.16666666666666666,0,0.0,0.0,0.0,0.0,0,none,0,1,0,overconfident,0.95,0,mild_drift,0.9640271168866508,0.0012372539235699117,0.825098430533582,0.8662942939131524,1768131629.2574542,0.37073102593421936,0.12021887302398682
679,43456,43455,sea_abrupt4,sea,ts_drift_adapt,4,"error_divergence_ph_meta@error.threshold=0.10,error.min_instances=5",error_divergence_ph_meta,"{""divergence"": {""alpha"": 0.1, ""delta"": 0.005, ""min_instances"": 30, ""threshold"": 0.05}, ""error_rate"": {""alpha"": 0.15, ""delta"": 0.005, ""min_instances"": 5, ""threshold"": 0.1}}","{""error_rate"": {""min_instances"": 5, ""threshold"": 0.1}}",0.1,0.005,0.15,5,0.05,0.005,0.1,30,,,,-1,two_stage,2,0.5,"__confirm_cooldown=200,__confirm_rule=perm_test,__perm_alpha=0.02,__perm_delta_k=25,__perm_min_effect=0,__perm_n_perm=200,__perm_post_n=50,__perm_pre_n=200,__perm_rng_seed=0,__perm_stat=delta_fused_score,divergence=0.3,error_rate=0.5,teacher_entropy=0.2",3,0,200,0.0,0,10000,10.0,25.0,200,500,1,8,1.0,0.8685106774668631,0.6985882347822953,0.16666666666666666,0.20295460522174835,0.009401158429682255,0,0,116,101,-1,perm_test,0.004975124378109453,0.02889031078437254,228,101,127,0.0,0.004346943460404873,0,0.0,0.0,0.0,0.0,0,none,0,1,0,overconfident,0.95,0,mild_drift,0.9621635584433254,0.001268626961784956,0.812549215266791,0.8606471469565762,1768131629.2675629,0.27841559052467346,0.0777377113699913
680,43520,43519,sea_abrupt4,sea,ts_drift_adapt,4,"error_divergence_ph_meta@error.threshold=0.10,error.min_instances=5",error_divergence_ph_meta,"{""divergence"": {""alpha"": 0.1, ""delta"": 0.005, ""min_instances"": 30, ""threshold"": 0.05}, ""error_rate"": {""alpha"": 0.15, ""delta"": 0.005, ""min_instances"": 5, ""threshold"": 0.1}}","{""error_rate"": {""min_instances"": 5, ""threshold"": 0.1}}",0.1,0.005,0.15,5,0.05,0.005,0.1,30,,,,-1,two_stage,2,0.5,"__confirm_cooldown=200,__confirm_rule=perm_test,__perm_alpha=0.02,__perm_delta_k=25,__perm_min_effect=0,__perm_n_perm=200,__perm_post_n=50,__perm_pre_n=200,__perm_rng_seed=0,__perm_stat=delta_fused_score,divergence=0.3,error_rate=0.5,teacher_entropy=0.2",3,0,200,0.0,0,10000,10.0,25.0,200,500,0,0,1.0,0.8686351102941177,0.6987904954371944,0.0,0.2677572965621948,0.008682900108397007,0,1,117,101,-1,perm_test,1.0,-0.1074793603702795,229,101,128,0.0,0.16666666666666666,1,0.5,0.0,0.0,0.0,0,none,0,1,0,overconfident,0.95,0,mild_drift,0.9612317792216627,0.0012843134808924782,0.8062746076333955,0.8578235734782881,1768131629.2778304,0.041116103529930115,0.06919500231742859
681,43584,43583,sea_abrupt4,sea,ts_drift_adapt,4,"error_divergence_ph_meta@error.threshold=0.10,error.min_instances=5",error_divergence_ph_meta,"{""divergence"": {""alpha"": 0.1, ""delta"": 0.005, ""min_instances"": 30, ""threshold"": 0.05}, ""error_rate"": {""alpha"": 0.15, ""delta"": 0.005, ""min_instances"": 5, ""threshold"": 0.1}}","{""error_rate"": {""min_instances"": 5, ""threshold"": 0.1}}",0.1,0.005,0.15,5,0.05,0.005,0.1,30,,,,-1,two_stage,2,0.5,"__confirm_cooldown=200,__confirm_rule=perm_test,__perm_alpha=0.02,__perm_delta_k=25,__perm_min_effect=0,__perm_n_perm=200,__perm_post_n=50,__perm_pre_n=200,__perm_rng_seed=0,__perm_stat=delta_fused_score,divergence=0.3,error_rate=0.5,teacher_entropy=0.2",3,0,200,0.0,0,10000,10.0,25.0,200,500,0,0,1.0,0.8687591776798825,0.6990614240018065,0.0,0.19040575623512268,0.013165452517569065,0,0,117,101,-1,perm_test,1.0,-0.004619341034459105,230,101,129,0.0,0.004482552409172058,0,0.0,0.0,0.0,0.0,0,none,0,1,0,overconfident,0.95,0,mild_drift,0.9607658896108313,0.001292156740446239,0.8031373038166978,0.8564117867391441,1768131629.288183,0.02485060505568981,0.09817986190319061
682,43648,43647,sea_abrupt4,sea,ts_drift_adapt,4,"error_divergence_ph_meta@error.threshold=0.10,error.min_instances=5",error_divergence_ph_meta,"{""divergence"": {""alpha"": 0.1, ""delta"": 0.005, ""min_instances"": 30, ""threshold"": 0.05}, ""error_rate"": {""alpha"": 0.15, ""delta"": 0.005, ""min_instances"": 5, ""threshold"": 0.1}}","{""error_rate"": {""min_instances"": 5, ""threshold"": 0.1}}",0.1,0.005,0.15,5,0.05,0.005,0.1,30,,,,-1,two_stage,2,0.5,"__confirm_cooldown=200,__confirm_rule=perm_test,__perm_alpha=0.02,__perm_delta_k=25,__perm_min_effect=0,__perm_n_perm=200,__perm_post_n=50,__perm_pre_n=200,__perm_rng_seed=0,__perm_stat=delta_fused_score,divergence=0.3,error_rate=0.5,teacher_entropy=0.2",3,0,200,0.0,0,10000,10.0,25.0,200,500,0,0,1.0,0.8688370601173021,0.6992013141785149,0.16666666666666666,0.2024611383676529,0.021165546029806137,1,0,117,102,2,perm_test,0.004975124378109453,0.013236905830446066,231,102,129,0.0,0.16666666666666666,0,0.0,0.0,0.0,0.0,0,none,1,1,0,overconfident,0.95,0,stable,0.9753829448054157,0.0010460783702231195,0.9015686519083489,0.9007058933695721,1768131629.3043048,0.49556252360343933,0.14486834406852722
683,43712,43711,sea_abrupt4,sea,ts_drift_adapt,4,"error_divergence_ph_meta@error.threshold=0.10,error.min_instances=5",error_divergence_ph_meta,"{""divergence"": {""alpha"": 0.1, ""delta"": 0.005, ""min_instances"": 30, ""threshold"": 0.05}, ""error_rate"": {""alpha"": 0.15, ""delta"": 0.005, ""min_instances"": 5, ""threshold"": 0.1}}","{""error_rate"": {""min_instances"": 5, ""threshold"": 0.1}}",0.1,0.005,0.15,5,0.05,0.005,0.1,30,,,,-1,two_stage,2,0.5,"__confirm_cooldown=200,__confirm_rule=perm_test,__perm_alpha=0.02,__perm_delta_k=25,__perm_min_effect=0,__perm_n_perm=200,__perm_post_n=50,__perm_pre_n=200,__perm_rng_seed=0,__perm_stat=delta_fused_score,divergence=0.3,error_rate=0.5,teacher_entropy=0.2",3,0,200,0.0,0,10000,10.0,25.0,200,500,1,136,1.0,0.8688232064421669,0.6992201051755538,0.0,0.2446286529302597,0.025467287749052048,0,0,117,102,-1,perm_test,0.004975124378109453,0.013236905830446066,231,102,129,0.0,0.16666666666666666,0,0.0,0.0,0.0,0.0,0,none,0,1,0,overconfident,0.95,0,mild_drift,0.9678414724027078,0.0011730391851115598,0.8507843259541745,0.877852946684786,1768131629.3146832,0.02381833642721176,0.144688218832016
684,43776,43775,sea_abrupt4,sea,ts_drift_adapt,4,"error_divergence_ph_meta@error.threshold=0.10,error.min_instances=5",error_divergence_ph_meta,"{""divergence"": {""alpha"": 0.1, ""delta"": 0.005, ""min_instances"": 30, ""threshold"": 0.05}, ""error_rate"": {""alpha"": 0.15, ""delta"": 0.005, ""min_instances"": 5, ""threshold"": 0.1}}","{""error_rate"": {""min_instances"": 5, ""threshold"": 0.1}}",0.1,0.005,0.15,5,0.05,0.005,0.1,30,,,,-1,two_stage,2,0.5,"__confirm_cooldown=200,__confirm_rule=perm_test,__perm_alpha=0.02,__perm_delta_k=25,__perm_min_effect=0,__perm_n_perm=200,__perm_post_n=50,__perm_pre_n=200,__perm_rng_seed=0,__perm_stat=delta_fused_score,divergence=0.3,error_rate=0.5,teacher_entropy=0.2",3,0,200,0.0,0,10000,10.0,25.0,200,500,1,72,1.0,0.8689236111111112,0.6994114547307467,0.16666666666666666,0.1666528880596161,0.019358523190021515,0,0,117,102,-1,perm_test,0.004975124378109453,0.013236905830446066,231,102,129,0.0,0.16666666666666666,0,0.0,0.0,0.0,0.0,0,none,0,1,0,overconfident,0.95,0,mild_drift,0.9640707362013539,0.00123651959255578,0.8253921629770873,0.866426473342393,1768131629.32472,0.24848628044128418,0.16405165195465088
685,43840,43839,sea_abrupt4,sea,ts_drift_adapt,4,"error_divergence_ph_meta@error.threshold=0.10,error.min_instances=5",error_divergence_ph_meta,"{""divergence"": {""alpha"": 0.1, ""delta"": 0.005, ""min_instances"": 30, ""threshold"": 0.05}, ""error_rate"": {""alpha"": 0.15, ""delta"": 0.005, ""min_instances"": 5, ""threshold"": 0.1}}","{""error_rate"": {""min_instances"": 5, ""threshold"": 0.1}}",0.1,0.005,0.15,5,0.05,0.005,0.1,30,,,,-1,two_stage,2,0.5,"__confirm_cooldown=200,__confirm_rule=perm_test,__perm_alpha=0.02,__perm_delta_k=25,__perm_min_effect=0,__perm_n_perm=200,__perm_post_n=50,__perm_pre_n=200,__perm_rng_seed=0,__perm_stat=delta_fused_score,divergence=0.3,error_rate=0.5,teacher_entropy=0.2",3,0,200,0.0,0,10000,10.0,25.0,200,500,1,8,1.0,0.8689324817518248,0.6993973544681176,0.3333333333333333,0.1896439492702484,0.02903825044631958,0,1,117,102,-1,perm_test,0.004975124378109453,0.013236905830446066,231,102,129,0.3333333333333333,0.16666666666666666,1,0.5,0.0,0.0,0.0,0,none,0,1,0,overconfident,0.95,0,mild_drift,0.9621853681006769,0.00126825979627789,0.8126960814885437,0.8607132366711965,1768131629.3352334,0.5896936058998108,0.26393213868141174
686,43904,43903,sea_abrupt4,sea,ts_drift_adapt,4,"error_divergence_ph_meta@error.threshold=0.10,error.min_instances=5",error_divergence_ph_meta,"{""divergence"": {""alpha"": 0.1, ""delta"": 0.005, ""min_instances"": 30, ""threshold"": 0.05}, ""error_rate"": {""alpha"": 0.15, ""delta"": 0.005, ""min_instances"": 5, ""threshold"": 0.1}}","{""error_rate"": {""min_instances"": 5, ""threshold"": 0.1}}",0.1,0.005,0.15,5,0.05,0.005,0.1,30,,,,-1,two_stage,2,0.5,"__confirm_cooldown=200,__confirm_rule=perm_test,__perm_alpha=0.02,__perm_delta_k=25,__perm_min_effect=0,__perm_n_perm=200,__perm_post_n=50,__perm_pre_n=200,__perm_rng_seed=0,__perm_stat=delta_fused_score,divergence=0.3,error_rate=0.5,teacher_entropy=0.2",3,0,200,0.0,0,10000,10.0,25.0,200,500,0,0,1.0,0.8690096574344023,0.6995288737758318,0.16666666666666666,0.21850243210792542,0.017420973628759384,0,0,117,102,-1,perm_test,0.004975124378109453,0.013236905830446066,231,102,129,0.0,0.16666666666666666,0,0.0,0.0,0.0,0.0,0,none,0,1,0,overconfident,0.95,0,mild_drift,0.9612426840503384,0.0012841298981389451,0.8063480407442718,0.8578566183355982,1768131629.3455138,0.1412837952375412,0.17184150218963623
687,43968,43967,sea_abrupt4,sea,ts_drift_adapt,4,"error_divergence_ph_meta@error.threshold=0.10,error.min_instances=5",error_divergence_ph_meta,"{""divergence"": {""alpha"": 0.1, ""delta"": 0.005, ""min_instances"": 30, ""threshold"": 0.05}, ""error_rate"": {""alpha"": 0.15, ""delta"": 0.005, ""min_instances"": 5, ""threshold"": 0.1}}","{""error_rate"": {""min_instances"": 5, ""threshold"": 0.1}}",0.1,0.005,0.15,5,0.05,0.005,0.1,30,,,,-1,two_stage,2,0.5,"__confirm_cooldown=200,__confirm_rule=perm_test,__perm_alpha=0.02,__perm_delta_k=25,__perm_min_effect=0,__perm_n_perm=200,__perm_post_n=50,__perm_pre_n=200,__perm_rng_seed=0,__perm_stat=delta_fused_score,divergence=0.3,error_rate=0.5,teacher_entropy=0.2",3,0,200,0.0,0,10000,10.0,25.0,200,500,0,0,1.0,0.8690866084425036,0.6996578688967009,0.0,0.18392588198184967,0.014101477339863777,0,0,117,102,-1,perm_test,0.004975124378109453,0.013236905830446066,231,102,129,0.0,0.16666666666666666,0,0.0,0.0,0.0,0.0,0,none,0,1,0,overconfident,0.95,0,mild_drift,0.9607713420251691,0.0012920649490694726,0.8031740203721359,0.8564283091677991,1768131629.358159,0.0451262891292572,0.10440242290496826
688,44032,44031,sea_abrupt4,sea,ts_drift_adapt,4,"error_divergence_ph_meta@error.threshold=0.10,error.min_instances=5",error_divergence_ph_meta,"{""divergence"": {""alpha"": 0.1, ""delta"": 0.005, ""min_instances"": 30, ""threshold"": 0.05}, ""error_rate"": {""alpha"": 0.15, ""delta"": 0.005, ""min_instances"": 5, ""threshold"": 0.1}}","{""error_rate"": {""min_instances"": 5, ""threshold"": 0.1}}",0.1,0.005,0.15,5,0.05,0.005,0.1,30,,,,-1,two_stage,2,0.5,"__confirm_cooldown=200,__confirm_rule=perm_test,__perm_alpha=0.02,__perm_delta_k=25,__perm_min_effect=0,__perm_n_perm=200,__perm_post_n=50,__perm_pre_n=200,__perm_rng_seed=0,__perm_stat=delta_fused_score,divergence=0.3,error_rate=0.5,teacher_entropy=0.2",3,0,200,0.0,0,10000,10.0,25.0,200,500,0,0,1.0,0.869117914244186,0.6997186938815054,0.0,0.16813692450523376,0.012815157882869244,0,0,117,102,-1,perm_test,0.004975124378109453,0.013236905830446066,231,102,129,0.0,0.0012863194569945335,0,0.0,0.0,0.0,0.0,0,none,0,1,0,overconfident,0.95,0,mild_drift,0.9605356710125845,0.0012960324745347365,0.801587010186068,0.8557141545838995,1768131629.3710897,0.028986923396587372,0.09934146702289581
689,44096,44095,sea_abrupt4,sea,ts_drift_adapt,4,"error_divergence_ph_meta@error.threshold=0.10,error.min_instances=5",error_divergence_ph_meta,"{""divergence"": {""alpha"": 0.1, ""delta"": 0.005, ""min_instances"": 30, ""threshold"": 0.05}, ""error_rate"": {""alpha"": 0.15, ""delta"": 0.005, ""min_instances"": 5, ""threshold"": 0.1}}","{""error_rate"": {""min_instances"": 5, ""threshold"": 0.1}}",0.1,0.005,0.15,5,0.05,0.005,0.1,30,,,,-1,two_stage,2,0.5,"__confirm_cooldown=200,__confirm_rule=perm_test,__perm_alpha=0.02,__perm_delta_k=25,__perm_min_effect=0,__perm_n_perm=200,__perm_post_n=50,__perm_pre_n=200,__perm_rng_seed=0,__perm_stat=delta_fused_score,divergence=0.3,error_rate=0.5,teacher_entropy=0.2",3,0,200,0.0,0,10000,10.0,25.0,200,500,0,0,1.0,0.8691944847605225,0.6999836918610648,0.0,0.2125878781080246,0.010117658413946629,0,0,117,102,-1,perm_test,0.004975124378109453,0.013236905830446066,231,102,129,0.0,0.002697499468922615,0,0.0,0.0,0.0,0.0,0,none,0,1,0,overconfident,0.95,0,mild_drift,0.9604178355062922,0.0012980162372673684,0.800793505093034,0.8553570772919498,1768131629.3840678,0.05302967503666878,0.0826660543680191
690,44160,44159,sea_abrupt4,sea,ts_drift_adapt,4,"error_divergence_ph_meta@error.threshold=0.10,error.min_instances=5",error_divergence_ph_meta,"{""divergence"": {""alpha"": 0.1, ""delta"": 0.005, ""min_instances"": 30, ""threshold"": 0.05}, ""error_rate"": {""alpha"": 0.15, ""delta"": 0.005, ""min_instances"": 5, ""threshold"": 0.1}}","{""error_rate"": {""min_instances"": 5, ""threshold"": 0.1}}",0.1,0.005,0.15,5,0.05,0.005,0.1,30,,,,-1,two_stage,2,0.5,"__confirm_cooldown=200,__confirm_rule=perm_test,__perm_alpha=0.02,__perm_delta_k=25,__perm_min_effect=0,__perm_n_perm=200,__perm_post_n=50,__perm_pre_n=200,__perm_rng_seed=0,__perm_stat=delta_fused_score,divergence=0.3,error_rate=0.5,teacher_entropy=0.2",3,0,200,0.0,0,10000,10.0,25.0,200,500,0,0,1.0,0.8692934782608696,0.7002496698738259,0.16666666666666666,0.16206882894039154,0.00433349097147584,1,1,118,103,0,perm_test,0.004975124378109453,0.11280505566147292,232,103,129,0.16666666666666666,0.16666666666666666,1,0.5,0.0,0.0,0.0,0,none,1,1,0,overconfident,0.95,0,severe_drift,0.9257089177531461,0.0016490081186336842,0.6503967525465171,0.832678538645975,1768131629.4005768,0.20111143589019775,0.042281679809093475
691,44224,44223,sea_abrupt4,sea,ts_drift_adapt,4,"error_divergence_ph_meta@error.threshold=0.10,error.min_instances=5",error_divergence_ph_meta,"{""divergence"": {""alpha"": 0.1, ""delta"": 0.005, ""min_instances"": 30, ""threshold"": 0.05}, ""error_rate"": {""alpha"": 0.15, ""delta"": 0.005, ""min_instances"": 5, ""threshold"": 0.1}}","{""error_rate"": {""min_instances"": 5, ""threshold"": 0.1}}",0.1,0.005,0.15,5,0.05,0.005,0.1,30,,,,-1,two_stage,2,0.5,"__confirm_cooldown=200,__confirm_rule=perm_test,__perm_alpha=0.02,__perm_delta_k=25,__perm_min_effect=0,__perm_n_perm=200,__perm_post_n=50,__perm_pre_n=200,__perm_rng_seed=0,__perm_stat=delta_fused_score,divergence=0.3,error_rate=0.5,teacher_entropy=0.2",3,0,200,0.0,0,10000,10.0,25.0,200,500,1,136,1.0,0.8694147973950795,0.7005104260468138,0.16666666666666666,0.17222455143928528,0.012670954689383507,0,0,118,103,-1,perm_test,0.004975124378109453,0.11280505566147292,232,103,129,0.0,0.008337463717907667,0,0.0,0.0,0.0,0.0,0,none,0,1,0,overconfident,0.95,0,mild_drift,0.943004458876573,0.0014745040593168422,0.7251983762732586,0.8438392693229875,1768131629.4105725,0.1813061684370041,0.11891196668148041
692,44288,44287,sea_abrupt4,sea,ts_drift_adapt,4,"error_divergence_ph_meta@error.threshold=0.10,error.min_instances=5",error_divergence_ph_meta,"{""divergence"": {""alpha"": 0.1, ""delta"": 0.005, ""min_instances"": 30, ""threshold"": 0.05}, ""error_rate"": {""alpha"": 0.15, ""delta"": 0.005, ""min_instances"": 5, ""threshold"": 0.1}}","{""error_rate"": {""min_instances"": 5, ""threshold"": 0.1}}",0.1,0.005,0.15,5,0.05,0.005,0.1,30,,,,-1,two_stage,2,0.5,"__confirm_cooldown=200,__confirm_rule=perm_test,__perm_alpha=0.02,__perm_delta_k=25,__perm_min_effect=0,__perm_n_perm=200,__perm_post_n=50,__perm_pre_n=200,__perm_rng_seed=0,__perm_stat=delta_fused_score,divergence=0.3,error_rate=0.5,teacher_entropy=0.2",3,0,200,0.0,0,10000,10.0,25.0,200,500,1,72,1.0,0.869513186416185,0.7007162262233847,0.0,0.17966249585151672,0.01624874956905842,0,0,118,103,-1,perm_test,0.004975124378109453,0.11280505566147292,232,103,129,0.0,0.16666666666666666,0,0.0,0.0,0.0,0.0,0,none,0,1,0,overconfident,0.95,0,mild_drift,0.9516522294382865,0.0013872520296584212,0.7625991881366293,0.8494196346614937,1768131629.4205012,0.0997113287448883,0.15798914432525635
693,44352,44351,sea_abrupt4,sea,ts_drift_adapt,4,"error_divergence_ph_meta@error.threshold=0.10,error.min_instances=5",error_divergence_ph_meta,"{""divergence"": {""alpha"": 0.1, ""delta"": 0.005, ""min_instances"": 30, ""threshold"": 0.05}, ""error_rate"": {""alpha"": 0.15, ""delta"": 0.005, ""min_instances"": 5, ""threshold"": 0.1}}","{""error_rate"": {""min_instances"": 5, ""threshold"": 0.1}}",0.1,0.005,0.15,5,0.05,0.005,0.1,30,,,,-1,two_stage,2,0.5,"__confirm_cooldown=200,__confirm_rule=perm_test,__perm_alpha=0.02,__perm_delta_k=25,__perm_min_effect=0,__perm_n_perm=200,__perm_post_n=50,__perm_pre_n=200,__perm_rng_seed=0,__perm_stat=delta_fused_score,divergence=0.3,error_rate=0.5,teacher_entropy=0.2",3,0,200,0.0,0,10000,10.0,25.0,200,500,1,8,1.0,0.8695436507936508,0.7008321670380557,0.16666666666666666,0.24526546895503998,0.017050985246896744,0,0,118,103,-1,perm_test,0.004975124378109453,0.11280505566147292,232,103,129,0.0,0.16666666666666666,0,0.0,0.0,0.0,0.0,0,none,0,1,0,overconfident,0.95,0,mild_drift,0.9559761147191432,0.0013436260148292107,0.7812995940683147,0.8522098173307469,1768131629.4306784,0.2792099416255951,0.1504162847995758
694,44416,44415,sea_abrupt4,sea,ts_drift_adapt,4,"error_divergence_ph_meta@error.threshold=0.10,error.min_instances=5",error_divergence_ph_meta,"{""divergence"": {""alpha"": 0.1, ""delta"": 0.005, ""min_instances"": 30, ""threshold"": 0.05}, ""error_rate"": {""alpha"": 0.15, ""delta"": 0.005, ""min_instances"": 5, ""threshold"": 0.1}}","{""error_rate"": {""min_instances"": 5, ""threshold"": 0.1}}",0.1,0.005,0.15,5,0.05,0.005,0.1,30,,,,-1,two_stage,2,0.5,"__confirm_cooldown=200,__confirm_rule=perm_test,__perm_alpha=0.02,__perm_delta_k=25,__perm_min_effect=0,__perm_n_perm=200,__perm_post_n=50,__perm_pre_n=200,__perm_rng_seed=0,__perm_stat=delta_fused_score,divergence=0.3,error_rate=0.5,teacher_entropy=0.2",3,0,200,0.0,0,10000,10.0,25.0,200,500,0,0,1.0,0.8696415706051873,0.7010860998745466,0.0,0.2054692804813385,0.005910464096814394,0,0,118,103,-1,perm_test,0.004975124378109453,0.11280505566147292,232,103,129,0.0,0.16666666666666666,0,0.0,0.0,0.0,0.0,0,none,0,1,0,overconfident,0.95,0,mild_drift,0.9581380573595716,0.0013218130074146054,0.7906497970341574,0.8536049086653734,1768131629.4410396,0.05528174340724945,0.06761687248945236
695,44480,44479,sea_abrupt4,sea,ts_drift_adapt,4,"error_divergence_ph_meta@error.threshold=0.10,error.min_instances=5",error_divergence_ph_meta,"{""divergence"": {""alpha"": 0.1, ""delta"": 0.005, ""min_instances"": 30, ""threshold"": 0.05}, ""error_rate"": {""alpha"": 0.15, ""delta"": 0.005, ""min_instances"": 5, ""threshold"": 0.1}}","{""error_rate"": {""min_instances"": 5, ""threshold"": 0.1}}",0.1,0.005,0.15,5,0.05,0.005,0.1,30,,,,-1,two_stage,2,0.5,"__confirm_cooldown=200,__confirm_rule=perm_test,__perm_alpha=0.02,__perm_delta_k=25,__perm_min_effect=0,__perm_n_perm=200,__perm_post_n=50,__perm_pre_n=200,__perm_rng_seed=0,__perm_stat=delta_fused_score,divergence=0.3,error_rate=0.5,teacher_entropy=0.2",3,0,200,0.0,0,10000,10.0,25.0,200,500,0,0,1.0,0.869761690647482,0.7013372194294357,0.0,0.2063349038362503,0.007216697093099356,0,1,119,103,-1,perm_test,0.10945273631840796,0.0063726758695666205,233,103,130,0.16666666666666666,0.0013062329962849617,1,0.5,0.0,0.0,0.0,0,none,0,1,0,overconfident,0.95,0,mild_drift,0.9592190286797857,0.0013109065037073028,0.7953248985170787,0.8543024543326867,1768131629.4569068,0.006571099627763033,0.06592907011508942
696,44544,44543,sea_abrupt4,sea,ts_drift_adapt,4,"error_divergence_ph_meta@error.threshold=0.10,error.min_instances=5",error_divergence_ph_meta,"{""divergence"": {""alpha"": 0.1, ""delta"": 0.005, ""min_instances"": 30, ""threshold"": 0.05}, ""error_rate"": {""alpha"": 0.15, ""delta"": 0.005, ""min_instances"": 5, ""threshold"": 0.1}}","{""error_rate"": {""min_instances"": 5, ""threshold"": 0.1}}",0.1,0.005,0.15,5,0.05,0.005,0.1,30,,,,-1,two_stage,2,0.5,"__confirm_cooldown=200,__confirm_rule=perm_test,__perm_alpha=0.02,__perm_delta_k=25,__perm_min_effect=0,__perm_n_perm=200,__perm_post_n=50,__perm_pre_n=200,__perm_rng_seed=0,__perm_stat=delta_fused_score,divergence=0.3,error_rate=0.5,teacher_entropy=0.2",3,0,200,0.0,0,10000,10.0,25.0,200,500,0,0,1.0,0.8698814655172413,0.7015967531669648,0.0,0.1603136956691742,0.0062334779649972916,1,0,119,104,1,perm_test,0.004975124378109453,0.04534188970644017,234,104,130,0.0,0.0009832191281020641,0,0.0,0.0,0.0,0.0,0,none,1,1,0,overconfident,0.95,0,stable,0.9746095143398928,0.0010554532518536515,0.8976624492585393,0.8996512271663434,1768131629.4727368,0.06646950542926788,0.06297466903924942
697,44608,44607,sea_abrupt4,sea,ts_drift_adapt,4,"error_divergence_ph_meta@error.threshold=0.10,error.min_instances=5",error_divergence_ph_meta,"{""divergence"": {""alpha"": 0.1, ""delta"": 0.005, ""min_instances"": 30, ""threshold"": 0.05}, ""error_rate"": {""alpha"": 0.15, ""delta"": 0.005, ""min_instances"": 5, ""threshold"": 0.1}}","{""error_rate"": {""min_instances"": 5, ""threshold"": 0.1}}",0.1,0.005,0.15,5,0.05,0.005,0.1,30,,,,-1,two_stage,2,0.5,"__confirm_cooldown=200,__confirm_rule=perm_test,__perm_alpha=0.02,__perm_delta_k=25,__perm_min_effect=0,__perm_n_perm=200,__perm_post_n=50,__perm_pre_n=200,__perm_rng_seed=0,__perm_stat=delta_fused_score,divergence=0.3,error_rate=0.5,teacher_entropy=0.2",3,0,200,0.0,0,10000,10.0,25.0,200,500,1,136,1.0,0.8700008967001435,0.7018709036287937,0.0,0.132419154047966,0.011442066170275211,0,0,119,104,-1,perm_test,0.004975124378109453,0.04534188970644017,234,104,130,0.0,0.00520858820527792,0,0.0,0.0,0.0,0.0,0,none,0,1,0,overconfident,0.95,0,mild_drift,0.9674547571699463,0.0011777266259268258,0.8488312246292697,0.8773256135831717,1768131629.483303,0.005318306386470795,0.08449692279100418
698,44672,44671,sea_abrupt4,sea,ts_drift_adapt,4,"error_divergence_ph_meta@error.threshold=0.10,error.min_instances=5",error_divergence_ph_meta,"{""divergence"": {""alpha"": 0.1, ""delta"": 0.005, ""min_instances"": 30, ""threshold"": 0.05}, ""error_rate"": {""alpha"": 0.15, ""delta"": 0.005, ""min_instances"": 5, ""threshold"": 0.1}}","{""error_rate"": {""min_instances"": 5, ""threshold"": 0.1}}",0.1,0.005,0.15,5,0.05,0.005,0.1,30,,,,-1,two_stage,2,0.5,"__confirm_cooldown=200,__confirm_rule=perm_test,__perm_alpha=0.02,__perm_delta_k=25,__perm_min_effect=0,__perm_n_perm=200,__perm_post_n=50,__perm_pre_n=200,__perm_rng_seed=0,__perm_stat=delta_fused_score,divergence=0.3,error_rate=0.5,teacher_entropy=0.2",3,0,200,0.0,0,10000,10.0,25.0,200,500,1,72,1.0,0.8700976002865329,0.7020661281224754,0.3333333333333333,0.14976151287555695,0.00926546286791563,0,0,119,104,-1,perm_test,0.004975124378109453,0.04534188970644017,234,104,130,0.0,0.3333333333333333,0,0.0,0.0,0.0,0.0,0,none,0,1,0,overconfident,0.95,0,mild_drift,0.9638773785849731,0.001238863312963413,0.8244156123146349,0.8661628067915859,1768131629.4939303,0.29523640871047974,0.06760890781879425
699,44736,44735,sea_abrupt4,sea,ts_drift_adapt,4,"error_divergence_ph_meta@error.threshold=0.10,error.min_instances=5",error_divergence_ph_meta,"{""divergence"": {""alpha"": 0.1, ""delta"": 0.005, ""min_instances"": 30, ""threshold"": 0.05}, ""error_rate"": {""alpha"": 0.15, ""delta"": 0.005, ""min_instances"": 5, ""threshold"": 0.1}}","{""error_rate"": {""min_instances"": 5, ""threshold"": 0.1}}",0.1,0.005,0.15,5,0.05,0.005,0.1,30,,,,-1,two_stage,2,0.5,"__confirm_cooldown=200,__confirm_rule=perm_test,__perm_alpha=0.02,__perm_delta_k=25,__perm_min_effect=0,__perm_n_perm=200,__perm_post_n=50,__perm_pre_n=200,__perm_rng_seed=0,__perm_stat=delta_fused_score,divergence=0.3,error_rate=0.5,teacher_entropy=0.2",3,0,200,0.0,0,10000,10.0,25.0,200,500,1,8,1.0,0.8701940271816881,0.7022698665706383,0.0,0.15459945797920227,0.009914305992424488,0,0,119,104,-1,perm_test,0.004975124378109453,0.04534188970644017,234,104,130,0.0,0.3333333333333333,0,0.0,0.0,0.0,0.0,0,none,0,1,0,overconfident,0.95,0,mild_drift,0.9620886892924865,0.0012694316564817066,0.8122078061573175,0.8605814033957929,1768131629.504447,0.01631578989326954,0.07688166201114655
700,44800,44799,sea_abrupt4,sea,ts_drift_adapt,4,"error_divergence_ph_meta@error.threshold=0.10,error.min_instances=5",error_divergence_ph_meta,"{""divergence"": {""alpha"": 0.1, ""delta"": 0.005, ""min_instances"": 30, ""threshold"": 0.05}, ""error_rate"": {""alpha"": 0.15, ""delta"": 0.005, ""min_instances"": 5, ""threshold"": 0.1}}","{""error_rate"": {""min_instances"": 5, ""threshold"": 0.1}}",0.1,0.005,0.15,5,0.05,0.005,0.1,30,,,,-1,two_stage,2,0.5,"__confirm_cooldown=200,__confirm_rule=perm_test,__perm_alpha=0.02,__perm_delta_k=25,__perm_min_effect=0,__perm_n_perm=200,__perm_post_n=50,__perm_pre_n=200,__perm_rng_seed=0,__perm_stat=delta_fused_score,divergence=0.3,error_rate=0.5,teacher_entropy=0.2",3,0,200,0.0,0,10000,10.0,25.0,200,500,0,0,1.0,0.8703348214285714,0.7025643520124525,0.0,0.1794334352016449,0.02487567625939846,0,1,120,104,-1,perm_test,1.0,-0.05450250169138141,235,104,131,0.0,0.014961370266973972,1,0.5,0.0,0.0,0.0,0,none,0,1,0,overconfident,0.95,0,mild_drift,0.9611943446462432,0.0012847158282408534,0.8061039030786588,0.8577907016978965,1768131629.5152152,0.11448634415864944,0.22171370685100555
701,44864,44863,sea_abrupt4,sea,ts_drift_adapt,4,"error_divergence_ph_meta@error.threshold=0.10,error.min_instances=5",error_divergence_ph_meta,"{""divergence"": {""alpha"": 0.1, ""delta"": 0.005, ""min_instances"": 30, ""threshold"": 0.05}, ""error_rate"": {""alpha"": 0.15, ""delta"": 0.005, ""min_instances"": 5, ""threshold"": 0.1}}","{""error_rate"": {""min_instances"": 5, ""threshold"": 0.1}}",0.1,0.005,0.15,5,0.05,0.005,0.1,30,,,,-1,two_stage,2,0.5,"__confirm_cooldown=200,__confirm_rule=perm_test,__perm_alpha=0.02,__perm_delta_k=25,__perm_min_effect=0,__perm_n_perm=200,__perm_post_n=50,__perm_pre_n=200,__perm_rng_seed=0,__perm_stat=delta_fused_score,divergence=0.3,error_rate=0.5,teacher_entropy=0.2",3,0,200,0.0,0,10000,10.0,25.0,200,500,0,0,1.0,0.8704529243937232,0.7028446350156144,0.0,0.14370141923427582,0.012042295187711716,0,0,120,104,-1,perm_test,1.0,-0.013665248399185627,236,104,132,0.0,0.012833381071686745,0,0.0,0.0,0.0,0.0,0,none,0,1,0,overconfident,0.95,0,mild_drift,0.9607471723231216,0.0012923579141204268,0.8030519515393294,0.8563953508489482,1768131629.5260959,0.023694166913628578,0.1051461324095726
702,44928,44927,sea_abrupt4,sea,ts_drift_adapt,4,"error_divergence_ph_meta@error.threshold=0.10,error.min_instances=5",error_divergence_ph_meta,"{""divergence"": {""alpha"": 0.1, ""delta"": 0.005, ""min_instances"": 30, ""threshold"": 0.05}, ""error_rate"": {""alpha"": 0.15, ""delta"": 0.005, ""min_instances"": 5, ""threshold"": 0.1}}","{""error_rate"": {""min_instances"": 5, ""threshold"": 0.1}}",0.1,0.005,0.15,5,0.05,0.005,0.1,30,,,,-1,two_stage,2,0.5,"__confirm_cooldown=200,__confirm_rule=perm_test,__perm_alpha=0.02,__perm_delta_k=25,__perm_min_effect=0,__perm_n_perm=200,__perm_post_n=50,__perm_pre_n=200,__perm_rng_seed=0,__perm_stat=delta_fused_score,divergence=0.3,error_rate=0.5,teacher_entropy=0.2",3,0,200,0.0,0,10000,10.0,25.0,200,500,0,0,1.0,0.8704816595441596,0.7028666799475518,0.0,0.16334062814712524,0.012209692969918251,0,0,120,104,-1,perm_test,1.0,-0.0468213818910339,237,104,133,0.0,0.00016739778220653534,0,0.0,0.0,0.0,0.0,0,none,0,1,0,overconfident,0.95,0,mild_drift,0.9605235861615607,0.0012961789570602135,0.8015259757696647,0.8556976754244741,1768131629.5370293,0.027897698804736137,0.12139861285686493
703,44992,44991,sea_abrupt4,sea,ts_drift_adapt,4,"error_divergence_ph_meta@error.threshold=0.10,error.min_instances=5",error_divergence_ph_meta,"{""divergence"": {""alpha"": 0.1, ""delta"": 0.005, ""min_instances"": 30, ""threshold"": 0.05}, ""error_rate"": {""alpha"": 0.15, ""delta"": 0.005, ""min_instances"": 5, ""threshold"": 0.1}}","{""error_rate"": {""min_instances"": 5, ""threshold"": 0.1}}",0.1,0.005,0.15,5,0.05,0.005,0.1,30,,,,-1,two_stage,2,0.5,"__confirm_cooldown=200,__confirm_rule=perm_test,__perm_alpha=0.02,__perm_delta_k=25,__perm_min_effect=0,__perm_n_perm=200,__perm_post_n=50,__perm_pre_n=200,__perm_rng_seed=0,__perm_stat=delta_fused_score,divergence=0.3,error_rate=0.5,teacher_entropy=0.2",3,0,200,0.0,0,10000,10.0,25.0,200,500,0,0,1.0,0.8706436699857752,0.7031815455248259,0.0,0.1497134268283844,0.01894424855709076,0,0,120,104,-1,perm_test,1.0,-0.04486791907347869,238,104,134,0.0,0.006734555587172508,0,0.0,0.0,0.0,0.0,0,none,0,1,0,overconfident,0.95,0,mild_drift,0.9604117930807803,0.0012980894785301067,0.8007629878848324,0.855348837712237,1768131629.54791,0.05661137029528618,0.1580912321805954
704,45056,45055,sea_abrupt4,sea,ts_drift_adapt,4,"error_divergence_ph_meta@error.threshold=0.10,error.min_instances=5",error_divergence_ph_meta,"{""divergence"": {""alpha"": 0.1, ""delta"": 0.005, ""min_instances"": 30, ""threshold"": 0.05}, ""error_rate"": {""alpha"": 0.15, ""delta"": 0.005, ""min_instances"": 5, ""threshold"": 0.1}}","{""error_rate"": {""min_instances"": 5, ""threshold"": 0.1}}",0.1,0.005,0.15,5,0.05,0.005,0.1,30,,,,-1,two_stage,2,0.5,"__confirm_cooldown=200,__confirm_rule=perm_test,__perm_alpha=0.02,__perm_delta_k=25,__perm_min_effect=0,__perm_n_perm=200,__perm_post_n=50,__perm_pre_n=200,__perm_rng_seed=0,__perm_stat=delta_fused_score,divergence=0.3,error_rate=0.5,teacher_entropy=0.2",3,0,200,0.0,0,10000,10.0,25.0,200,500,0,0,1.0,0.8706942471590909,0.7033576454026124,0.0,0.22207655012607574,0.01758650504052639,0,0,120,104,-1,perm_test,1.0,-0.04486791907347869,238,104,134,0.0,0.0013577435165643692,0,0.0,0.0,0.0,0.0,0,none,0,1,0,overconfident,0.95,0,mild_drift,0.9603558965403901,0.0012990447392650533,0.8003814939424162,0.8551744188561186,1768131629.5592456,0.03859524056315422,0.1209794133901596
705,45120,45119,sea_abrupt4,sea,ts_drift_adapt,4,"error_divergence_ph_meta@error.threshold=0.10,error.min_instances=5",error_divergence_ph_meta,"{""divergence"": {""alpha"": 0.1, ""delta"": 0.005, ""min_instances"": 30, ""threshold"": 0.05}, ""error_rate"": {""alpha"": 0.15, ""delta"": 0.005, ""min_instances"": 5, ""threshold"": 0.1}}","{""error_rate"": {""min_instances"": 5, ""threshold"": 0.1}}",0.1,0.005,0.15,5,0.05,0.005,0.1,30,,,,-1,two_stage,2,0.5,"__confirm_cooldown=200,__confirm_rule=perm_test,__perm_alpha=0.02,__perm_delta_k=25,__perm_min_effect=0,__perm_n_perm=200,__perm_post_n=50,__perm_pre_n=200,__perm_rng_seed=0,__perm_stat=delta_fused_score,divergence=0.3,error_rate=0.5,teacher_entropy=0.2",3,0,200,0.0,0,10000,10.0,25.0,200,500,0,0,1.0,0.8707668439716312,0.7035864007281064,0.16666666666666666,0.242479607462883,0.017467988654971123,1,1,121,105,0,perm_test,0.004975124378109453,0.056298737033741365,239,105,134,0.16666666666666666,0.16666666666666666,1,0.5,0.0,0.0,0.0,0,none,1,1,0,overconfident,0.95,0,severe_drift,0.9256779482701951,0.0016495223696325267,0.650190746971208,0.8325872094280593,1768131629.5781984,0.158224955201149,0.13240212202072144
706,45184,45183,sea_abrupt4,sea,ts_drift_adapt,4,"error_divergence_ph_meta@error.threshold=0.10,error.min_instances=5",error_divergence_ph_meta,"{""divergence"": {""alpha"": 0.1, ""delta"": 0.005, ""min_instances"": 30, ""threshold"": 0.05}, ""error_rate"": {""alpha"": 0.15, ""delta"": 0.005, ""min_instances"": 5, ""threshold"": 0.1}}","{""error_rate"": {""min_instances"": 5, ""threshold"": 0.1}}",0.1,0.005,0.15,5,0.05,0.005,0.1,30,,,,-1,two_stage,2,0.5,"__confirm_cooldown=200,__confirm_rule=perm_test,__perm_alpha=0.02,__perm_delta_k=25,__perm_min_effect=0,__perm_n_perm=200,__perm_post_n=50,__perm_pre_n=200,__perm_rng_seed=0,__perm_stat=delta_fused_score,divergence=0.3,error_rate=0.5,teacher_entropy=0.2",3,0,200,0.0,0,10000,10.0,25.0,200,500,1,136,1.0,0.8709056303116147,0.7038636802548495,0.0,0.18110494315624237,0.006045319605618715,0,0,121,105,-1,perm_test,0.004975124378109453,0.056298737033741365,239,105,134,0.0,0.16666666666666666,0,0.0,0.0,0.0,0.0,0,none,0,1,0,overconfident,0.95,0,mild_drift,0.9429889741350975,0.0014747611848162634,0.725095373485604,0.8437936047140296,1768131629.591314,0.19258981943130493,0.07262654602527618
707,45248,45247,sea_abrupt4,sea,ts_drift_adapt,4,"error_divergence_ph_meta@error.threshold=0.10,error.min_instances=5",error_divergence_ph_meta,"{""divergence"": {""alpha"": 0.1, ""delta"": 0.005, ""min_instances"": 30, ""threshold"": 0.05}, ""error_rate"": {""alpha"": 0.15, ""delta"": 0.005, ""min_instances"": 5, ""threshold"": 0.1}}","{""error_rate"": {""min_instances"": 5, ""threshold"": 0.1}}",0.1,0.005,0.15,5,0.05,0.005,0.1,30,,,,-1,two_stage,2,0.5,"__confirm_cooldown=200,__confirm_rule=perm_test,__perm_alpha=0.02,__perm_delta_k=25,__perm_min_effect=0,__perm_n_perm=200,__perm_post_n=50,__perm_pre_n=200,__perm_rng_seed=0,__perm_stat=delta_fused_score,divergence=0.3,error_rate=0.5,teacher_entropy=0.2",3,0,200,0.0,0,10000,10.0,25.0,200,500,1,72,1.0,0.8709998231966054,0.7041064400325673,0.16666666666666666,0.17661623656749725,0.009665703400969505,0,0,121,105,-1,perm_test,0.004975124378109453,0.056298737033741365,239,105,134,0.0,0.16666666666666666,0,0.0,0.0,0.0,0.0,0,none,0,1,0,overconfident,0.95,0,mild_drift,0.9516444870675487,0.0013873805924081318,0.762547686742802,0.8493968023570149,1768131629.6027927,0.33024999499320984,0.0762295052409172
708,45312,45311,sea_abrupt4,sea,ts_drift_adapt,4,"error_divergence_ph_meta@error.threshold=0.10,error.min_instances=5",error_divergence_ph_meta,"{""divergence"": {""alpha"": 0.1, ""delta"": 0.005, ""min_instances"": 30, ""threshold"": 0.05}, ""error_rate"": {""alpha"": 0.15, ""delta"": 0.005, ""min_instances"": 5, ""threshold"": 0.1}}","{""error_rate"": {""min_instances"": 5, ""threshold"": 0.1}}",0.1,0.005,0.15,5,0.05,0.005,0.1,30,,,,-1,two_stage,2,0.5,"__confirm_cooldown=200,__confirm_rule=perm_test,__perm_alpha=0.02,__perm_delta_k=25,__perm_min_effect=0,__perm_n_perm=200,__perm_post_n=50,__perm_pre_n=200,__perm_rng_seed=0,__perm_stat=delta_fused_score,divergence=0.3,error_rate=0.5,teacher_entropy=0.2",3,0,200,0.0,0,10000,10.0,25.0,200,500,1,8,1.0,0.8711158192090396,0.7043490295771702,0.0,0.18468338251113892,0.00745157478377223,0,0,121,105,-1,perm_test,0.004975124378109453,0.056298737033741365,239,105,134,0.0,0.16666666666666666,0,0.0,0.0,0.0,0.0,0,none,0,1,0,overconfident,0.95,0,mild_drift,0.9559722435337743,0.0013436902962040659,0.781273843371401,0.8521984011785074,1768131629.6129525,0.0931374803185463,0.06270258128643036
709,45376,45375,sea_abrupt4,sea,ts_drift_adapt,4,"error_divergence_ph_meta@error.threshold=0.10,error.min_instances=5",error_divergence_ph_meta,"{""divergence"": {""alpha"": 0.1, ""delta"": 0.005, ""min_instances"": 30, ""threshold"": 0.05}, ""error_rate"": {""alpha"": 0.15, ""delta"": 0.005, ""min_instances"": 5, ""threshold"": 0.1}}","{""error_rate"": {""min_instances"": 5, ""threshold"": 0.1}}",0.1,0.005,0.15,5,0.05,0.005,0.1,30,,,,-1,two_stage,2,0.5,"__confirm_cooldown=200,__confirm_rule=perm_test,__perm_alpha=0.02,__perm_delta_k=25,__perm_min_effect=0,__perm_n_perm=200,__perm_post_n=50,__perm_pre_n=200,__perm_rng_seed=0,__perm_stat=delta_fused_score,divergence=0.3,error_rate=0.5,teacher_entropy=0.2",3,0,200,0.0,0,10000,10.0,25.0,200,500,0,0,1.0,0.8711212976022567,0.7044119484106516,0.0,0.22195157408714294,0.015985187143087387,0,0,121,105,-1,perm_test,0.004975124378109453,0.056298737033741365,239,105,134,0.0,0.008533612359315157,0,0.0,0.0,0.0,0.0,0,none,0,1,0,overconfident,0.95,0,mild_drift,0.9581361217668871,0.0013218451481020331,0.7906369216857005,0.8535992005892536,1768131629.6233387,0.07258609682321548,0.10698910057544708
710,45440,45439,sea_abrupt4,sea,ts_drift_adapt,4,"error_divergence_ph_meta@error.threshold=0.10,error.min_instances=5",error_divergence_ph_meta,"{""divergence"": {""alpha"": 0.1, ""delta"": 0.005, ""min_instances"": 30, ""threshold"": 0.05}, ""error_rate"": {""alpha"": 0.15, ""delta"": 0.005, ""min_instances"": 5, ""threshold"": 0.1}}","{""error_rate"": {""min_instances"": 5, ""threshold"": 0.1}}",0.1,0.005,0.15,5,0.05,0.005,0.1,30,,,,-1,two_stage,2,0.5,"__confirm_cooldown=200,__confirm_rule=perm_test,__perm_alpha=0.02,__perm_delta_k=25,__perm_min_effect=0,__perm_n_perm=200,__perm_post_n=50,__perm_pre_n=200,__perm_rng_seed=0,__perm_stat=delta_fused_score,divergence=0.3,error_rate=0.5,teacher_entropy=0.2",3,0,200,0.0,0,10000,10.0,25.0,200,500,0,0,1.0,0.8711927816901408,0.7045673534503988,0.0,0.1585838943719864,0.010605739429593086,0,1,122,105,-1,perm_test,1.0,-0.005866480576508829,240,105,135,0.16666666666666666,0.005379447713494301,1,0.5,0.0,0.0,0.0,0,none,0,1,0,overconfident,0.95,0,mild_drift,0.9592180608834435,0.0013109225740510167,0.7953184608428503,0.8542996002946268,1768131629.6339822,0.03784199059009552,0.09917323291301727
711,45504,45503,sea_abrupt4,sea,ts_drift_adapt,4,"error_divergence_ph_meta@error.threshold=0.10,error.min_instances=5",error_divergence_ph_meta,"{""divergence"": {""alpha"": 0.1, ""delta"": 0.005, ""min_instances"": 30, ""threshold"": 0.05}, ""error_rate"": {""alpha"": 0.15, ""delta"": 0.005, ""min_instances"": 5, ""threshold"": 0.1}}","{""error_rate"": {""min_instances"": 5, ""threshold"": 0.1}}",0.1,0.005,0.15,5,0.05,0.005,0.1,30,,,,-1,two_stage,2,0.5,"__confirm_cooldown=200,__confirm_rule=perm_test,__perm_alpha=0.02,__perm_delta_k=25,__perm_min_effect=0,__perm_n_perm=200,__perm_post_n=50,__perm_pre_n=200,__perm_rng_seed=0,__perm_stat=delta_fused_score,divergence=0.3,error_rate=0.5,teacher_entropy=0.2",3,0,200,0.0,0,10000,10.0,25.0,200,500,0,0,1.0,0.8713080168776371,0.7047994644583302,0.0,0.1497759371995926,0.007370703388005495,1,0,122,106,1,perm_test,0.004975124378109453,0.010442444825872978,241,106,135,0.0,0.003235036041587591,0,0.0,0.0,0.0,0.0,0,none,1,1,0,overconfident,0.95,0,stable,0.9746090304417218,0.0010554612870255083,0.8976592304214251,0.8996498001473134,1768131629.6499324,0.08016020804643631,0.07011225819587708
712,45568,45567,sea_abrupt4,sea,ts_drift_adapt,4,"error_divergence_ph_meta@error.threshold=0.10,error.min_instances=5",error_divergence_ph_meta,"{""divergence"": {""alpha"": 0.1, ""delta"": 0.005, ""min_instances"": 30, ""threshold"": 0.05}, ""error_rate"": {""alpha"": 0.15, ""delta"": 0.005, ""min_instances"": 5, ""threshold"": 0.1}}","{""error_rate"": {""min_instances"": 5, ""threshold"": 0.1}}",0.1,0.005,0.15,5,0.05,0.005,0.1,30,,,,-1,two_stage,2,0.5,"__confirm_cooldown=200,__confirm_rule=perm_test,__perm_alpha=0.02,__perm_delta_k=25,__perm_min_effect=0,__perm_n_perm=200,__perm_post_n=50,__perm_pre_n=200,__perm_rng_seed=0,__perm_stat=delta_fused_score,divergence=0.3,error_rate=0.5,teacher_entropy=0.2",3,0,200,0.0,0,10000,10.0,25.0,200,500,1,136,1.0,0.8714229283707865,0.7050506032326587,0.0,0.15363356471061707,0.01010737381875515,0,0,122,106,-1,perm_test,0.004975124378109453,0.010442444825872978,241,106,135,0.0,0.0027366704307496548,0,0.0,0.0,0.0,0.0,0,none,0,1,0,overconfident,0.95,0,mild_drift,0.9674545152208609,0.0011777306435127542,0.8488296152107127,0.8773249000736567,1768131629.6606731,0.01275308895856142,0.08838069438934326
713,45632,45631,sea_abrupt4,sea,ts_drift_adapt,4,"error_divergence_ph_meta@error.threshold=0.10,error.min_instances=5",error_divergence_ph_meta,"{""divergence"": {""alpha"": 0.1, ""delta"": 0.005, ""min_instances"": 30, ""threshold"": 0.05}, ""error_rate"": {""alpha"": 0.15, ""delta"": 0.005, ""min_instances"": 5, ""threshold"": 0.1}}","{""error_rate"": {""min_instances"": 5, ""threshold"": 0.1}}",0.1,0.005,0.15,5,0.05,0.005,0.1,30,,,,-1,two_stage,2,0.5,"__confirm_cooldown=200,__confirm_rule=perm_test,__perm_alpha=0.02,__perm_delta_k=25,__perm_min_effect=0,__perm_n_perm=200,__perm_post_n=50,__perm_pre_n=200,__perm_rng_seed=0,__perm_stat=delta_fused_score,divergence=0.3,error_rate=0.5,teacher_entropy=0.2",3,0,200,0.0,0,10000,10.0,25.0,200,500,1,72,1.0,0.8715375175315568,0.7053334318467861,0.0,0.15859180688858032,0.009529026225209236,0,0,122,106,-1,perm_test,0.004975124378109453,0.010442444825872978,241,106,135,0.0,0.0005783475935459137,0,0.0,0.0,0.0,0.0,0,none,0,1,0,overconfident,0.95,0,mild_drift,0.9638772576104304,0.0012388653217563772,0.8244148076053563,0.8661624500368283,1768131629.671036,0.008032710291445255,0.0620432049036026
714,45696,45695,sea_abrupt4,sea,ts_drift_adapt,4,"error_divergence_ph_meta@error.threshold=0.10,error.min_instances=5",error_divergence_ph_meta,"{""divergence"": {""alpha"": 0.1, ""delta"": 0.005, ""min_instances"": 30, ""threshold"": 0.05}, ""error_rate"": {""alpha"": 0.15, ""delta"": 0.005, ""min_instances"": 5, ""threshold"": 0.1}}","{""error_rate"": {""min_instances"": 5, ""threshold"": 0.1}}",0.1,0.005,0.15,5,0.05,0.005,0.1,30,,,,-1,two_stage,2,0.5,"__confirm_cooldown=200,__confirm_rule=perm_test,__perm_alpha=0.02,__perm_delta_k=25,__perm_min_effect=0,__perm_n_perm=200,__perm_post_n=50,__perm_pre_n=200,__perm_rng_seed=0,__perm_stat=delta_fused_score,divergence=0.3,error_rate=0.5,teacher_entropy=0.2",3,0,200,0.0,0,10000,10.0,25.0,200,500,1,8,1.0,0.871608018207283,0.705450432447438,0.3333333333333333,0.18651071190834045,0.006691087502986193,0,0,122,106,-1,perm_test,0.004975124378109453,0.010442444825872978,241,106,135,0.0,0.3333333333333333,0,0.0,0.0,0.0,0.0,0,none,0,1,0,overconfident,0.95,0,mild_drift,0.9620886288052152,0.0012694326608781886,0.8122074038026782,0.8605812250184142,1768131629.6813629,0.3754551410675049,0.06112996116280556
715,45760,45759,sea_abrupt4,sea,ts_drift_adapt,4,"error_divergence_ph_meta@error.threshold=0.10,error.min_instances=5",error_divergence_ph_meta,"{""divergence"": {""alpha"": 0.1, ""delta"": 0.005, ""min_instances"": 30, ""threshold"": 0.05}, ""error_rate"": {""alpha"": 0.15, ""delta"": 0.005, ""min_instances"": 5, ""threshold"": 0.1}}","{""error_rate"": {""min_instances"": 5, ""threshold"": 0.1}}",0.1,0.005,0.15,5,0.05,0.005,0.1,30,,,,-1,two_stage,2,0.5,"__confirm_cooldown=200,__confirm_rule=perm_test,__perm_alpha=0.02,__perm_delta_k=25,__perm_min_effect=0,__perm_n_perm=200,__perm_post_n=50,__perm_pre_n=200,__perm_rng_seed=0,__perm_stat=delta_fused_score,divergence=0.3,error_rate=0.5,teacher_entropy=0.2",3,0,200,0.0,0,10000,10.0,25.0,200,500,0,0,1.0,0.8717438811188811,0.7057326944230266,0.0,0.2059347778558731,0.013747934252023697,0,1,123,106,-1,perm_test,1.0,-0.15358464158429086,242,106,136,0.0,0.3333333333333333,1,0.5,0.0,0.0,0.0,0,none,0,1,0,overconfident,0.95,0,mild_drift,0.9611943144026076,0.0012847163304390945,0.8061037019013391,0.8577906125092071,1768131629.6921332,0.013505508191883564,0.09783606231212616
716,45824,45823,sea_abrupt4,sea,ts_drift_adapt,4,"error_divergence_ph_meta@error.threshold=0.10,error.min_instances=5",error_divergence_ph_meta,"{""divergence"": {""alpha"": 0.1, ""delta"": 0.005, ""min_instances"": 30, ""threshold"": 0.05}, ""error_rate"": {""alpha"": 0.15, ""delta"": 0.005, ""min_instances"": 5, ""threshold"": 0.1}}","{""error_rate"": {""min_instances"": 5, ""threshold"": 0.1}}",0.1,0.005,0.15,5,0.05,0.005,0.1,30,,,,-1,two_stage,2,0.5,"__confirm_cooldown=200,__confirm_rule=perm_test,__perm_alpha=0.02,__perm_delta_k=25,__perm_min_effect=0,__perm_n_perm=200,__perm_post_n=50,__perm_pre_n=200,__perm_rng_seed=0,__perm_stat=delta_fused_score,divergence=0.3,error_rate=0.5,teacher_entropy=0.2",3,0,200,0.0,0,10000,10.0,25.0,200,500,0,0,1.0,0.8718793645251397,0.7060161929675672,0.0,0.17324715852737427,0.006340927444398403,0,0,123,106,-1,perm_test,1.0,-0.003901608792546543,243,106,137,0.0,0.007407006807625294,0,0.0,0.0,0.0,0.0,0,none,0,1,0,overconfident,0.95,0,mild_drift,0.9607471572013038,0.0012923581652195472,0.8030518509506696,0.8563953062546035,1768131629.7032065,0.0957203283905983,0.07358846813440323
717,45888,45887,sea_abrupt4,sea,ts_drift_adapt,4,"error_divergence_ph_meta@error.threshold=0.10,error.min_instances=5",error_divergence_ph_meta,"{""divergence"": {""alpha"": 0.1, ""delta"": 0.005, ""min_instances"": 30, ""threshold"": 0.05}, ""error_rate"": {""alpha"": 0.15, ""delta"": 0.005, ""min_instances"": 5, ""threshold"": 0.1}}","{""error_rate"": {""min_instances"": 5, ""threshold"": 0.1}}",0.1,0.005,0.15,5,0.05,0.005,0.1,30,,,,-1,two_stage,2,0.5,"__confirm_cooldown=200,__confirm_rule=perm_test,__perm_alpha=0.02,__perm_delta_k=25,__perm_min_effect=0,__perm_n_perm=200,__perm_post_n=50,__perm_pre_n=200,__perm_rng_seed=0,__perm_stat=delta_fused_score,divergence=0.3,error_rate=0.5,teacher_entropy=0.2",3,0,200,0.0,0,10000,10.0,25.0,200,500,0,0,1.0,0.8719490934449093,0.7062088102784208,0.16666666666666666,0.22311195731163025,0.012194075621664524,1,0,123,107,2,perm_test,0.004975124378109453,0.027564109570010136,244,107,137,0.0,0.16666666666666666,0,0.0,0.0,0.0,0.0,0,none,1,1,0,overconfident,0.95,0,stable,0.9753735786006519,0.0010461790826097736,0.9015259254753347,0.9006976531273018,1768131629.7198021,0.26737180352211,0.08234799653291702
718,45952,45951,sea_abrupt4,sea,ts_drift_adapt,4,"error_divergence_ph_meta@error.threshold=0.10,error.min_instances=5",error_divergence_ph_meta,"{""divergence"": {""alpha"": 0.1, ""delta"": 0.005, ""min_instances"": 30, ""threshold"": 0.05}, ""error_rate"": {""alpha"": 0.15, ""delta"": 0.005, ""min_instances"": 5, ""threshold"": 0.1}}","{""error_rate"": {""min_instances"": 5, ""threshold"": 0.1}}",0.1,0.005,0.15,5,0.05,0.005,0.1,30,,,,-1,two_stage,2,0.5,"__confirm_cooldown=200,__confirm_rule=perm_test,__perm_alpha=0.02,__perm_delta_k=25,__perm_min_effect=0,__perm_n_perm=200,__perm_post_n=50,__perm_pre_n=200,__perm_rng_seed=0,__perm_stat=delta_fused_score,divergence=0.3,error_rate=0.5,teacher_entropy=0.2",3,0,200,0.0,0,10000,10.0,25.0,200,500,1,136,1.0,0.8720403899721448,0.7063910330634776,0.16666666666666666,0.15806394815444946,0.006631356664001942,0,0,123,107,-1,perm_test,0.004975124378109453,0.027564109570010136,244,107,137,0.0,0.005562718957662582,0,0.0,0.0,0.0,0.0,0,none,0,1,0,overconfident,0.95,0,mild_drift,0.9678367893003259,0.0011730895413048868,0.8507629627376674,0.8778488265636508,1768131629.7304327,0.5252781510353088,0.04908428713679314
719,46016,46015,sea_abrupt4,sea,ts_drift_adapt,4,"error_divergence_ph_meta@error.threshold=0.10,error.min_instances=5",error_divergence_ph_meta,"{""divergence"": {""alpha"": 0.1, ""delta"": 0.005, ""min_instances"": 30, ""threshold"": 0.05}, ""error_rate"": {""alpha"": 0.15, ""delta"": 0.005, ""min_instances"": 5, ""threshold"": 0.1}}","{""error_rate"": {""min_instances"": 5, ""threshold"": 0.1}}",0.1,0.005,0.15,5,0.05,0.005,0.1,30,,,,-1,two_stage,2,0.5,"__confirm_cooldown=200,__confirm_rule=perm_test,__perm_alpha=0.02,__perm_delta_k=25,__perm_min_effect=0,__perm_n_perm=200,__perm_post_n=50,__perm_pre_n=200,__perm_rng_seed=0,__perm_stat=delta_fused_score,divergence=0.3,error_rate=0.5,teacher_entropy=0.2",3,0,200,0.0,0,10000,10.0,25.0,200,500,1,72,1.0,0.8721097009735744,0.7065292218041347,0.3333333333333333,0.17002707719802856,0.008191246539354324,0,0,123,107,-1,perm_test,0.004975124378109453,0.027564109570010136,244,107,137,0.0,0.16666666666666666,0,0.0,0.0,0.0,0.0,0,none,0,1,0,overconfident,0.95,0,mild_drift,0.9640683946501629,0.0012365447706524433,0.8253814813688337,0.8664244132818254,1768131629.741024,0.33590468764305115,0.06103901565074921
720,46080,46079,sea_abrupt4,sea,ts_drift_adapt,4,"error_divergence_ph_meta@error.threshold=0.10,error.min_instances=5",error_divergence_ph_meta,"{""divergence"": {""alpha"": 0.1, ""delta"": 0.005, ""min_instances"": 30, ""threshold"": 0.05}, ""error_rate"": {""alpha"": 0.15, ""delta"": 0.005, ""min_instances"": 5, ""threshold"": 0.1}}","{""error_rate"": {""min_instances"": 5, ""threshold"": 0.1}}",0.1,0.005,0.15,5,0.05,0.005,0.1,30,,,,-1,two_stage,2,0.5,"__confirm_cooldown=200,__confirm_rule=perm_test,__perm_alpha=0.02,__perm_delta_k=25,__perm_min_effect=0,__perm_n_perm=200,__perm_post_n=50,__perm_pre_n=200,__perm_rng_seed=0,__perm_stat=delta_fused_score,divergence=0.3,error_rate=0.5,teacher_entropy=0.2",3,0,200,0.0,0,10000,10.0,25.0,200,500,1,8,1.0,0.8722439236111111,0.7068720572634548,0.0,0.17914631962776184,0.006971798371523619,0,1,123,107,-1,perm_test,0.004975124378109453,0.027564109570010136,244,107,137,0.0,0.3333333333333333,1,0.5,0.0,0.0,0.0,0,none,0,1,0,overconfident,0.95,0,mild_drift,0.9621841973250814,0.0012682723853262219,0.8126907406844168,0.8607122066409127,1768131629.7515912,0.0571758858859539,0.06928932666778564
721,46144,46143,sea_abrupt4,sea,ts_drift_adapt,4,"error_divergence_ph_meta@error.threshold=0.10,error.min_instances=5",error_divergence_ph_meta,"{""divergence"": {""alpha"": 0.1, ""delta"": 0.005, ""min_instances"": 30, ""threshold"": 0.05}, ""error_rate"": {""alpha"": 0.15, ""delta"": 0.005, ""min_instances"": 5, ""threshold"": 0.1}}","{""error_rate"": {""min_instances"": 5, ""threshold"": 0.1}}",0.1,0.005,0.15,5,0.05,0.005,0.1,30,,,,-1,two_stage,2,0.5,"__confirm_cooldown=200,__confirm_rule=perm_test,__perm_alpha=0.02,__perm_delta_k=25,__perm_min_effect=0,__perm_n_perm=200,__perm_post_n=50,__perm_pre_n=200,__perm_rng_seed=0,__perm_stat=delta_fused_score,divergence=0.3,error_rate=0.5,teacher_entropy=0.2",3,0,200,0.0,0,10000,10.0,25.0,200,500,0,0,1.0,0.8723344313453537,0.7070864677357929,0.0,0.20951132476329803,0.011315195821225643,0,0,123,107,-1,perm_test,0.004975124378109453,0.027564109570010136,244,107,137,0.0,0.0043433974497020245,0,0.0,0.0,0.0,0.0,0,none,0,1,0,overconfident,0.95,0,mild_drift,0.9612420986625407,0.0012841361926631111,0.8063453703422084,0.8578561033204564,1768131629.7623606,0.10256675630807877,0.07273846864700317
722,46208,46207,sea_abrupt4,sea,ts_drift_adapt,4,"error_divergence_ph_meta@error.threshold=0.10,error.min_instances=5",error_divergence_ph_meta,"{""divergence"": {""alpha"": 0.1, ""delta"": 0.005, ""min_instances"": 30, ""threshold"": 0.05}, ""error_rate"": {""alpha"": 0.15, ""delta"": 0.005, ""min_instances"": 5, ""threshold"": 0.1}}","{""error_rate"": {""min_instances"": 5, ""threshold"": 0.1}}",0.1,0.005,0.15,5,0.05,0.005,0.1,30,,,,-1,two_stage,2,0.5,"__confirm_cooldown=200,__confirm_rule=perm_test,__perm_alpha=0.02,__perm_delta_k=25,__perm_min_effect=0,__perm_n_perm=200,__perm_post_n=50,__perm_pre_n=200,__perm_rng_seed=0,__perm_stat=delta_fused_score,divergence=0.3,error_rate=0.5,teacher_entropy=0.2",3,0,200,0.0,0,10000,10.0,25.0,200,500,0,0,1.0,0.872424688365651,0.7072858066900166,0.16666666666666666,0.14906874299049377,0.012820536270737648,0,0,123,107,-1,perm_test,0.004975124378109453,0.027564109570010136,244,107,137,0.0,0.16666666666666666,0,0.0,0.0,0.0,0.0,0,none,0,1,0,overconfident,0.95,0,mild_drift,0.9607710493312703,0.0012920680963315555,0.8031726851711043,0.8564280516602282,1768131629.7732158,0.2164032906293869,0.1012655645608902
723,46272,46271,sea_abrupt4,sea,ts_drift_adapt,4,"error_divergence_ph_meta@error.threshold=0.10,error.min_instances=5",error_divergence_ph_meta,"{""divergence"": {""alpha"": 0.1, ""delta"": 0.005, ""min_instances"": 30, ""threshold"": 0.05}, ""error_rate"": {""alpha"": 0.15, ""delta"": 0.005, ""min_instances"": 5, ""threshold"": 0.1}}","{""error_rate"": {""min_instances"": 5, ""threshold"": 0.1}}",0.1,0.005,0.15,5,0.05,0.005,0.1,30,,,,-1,two_stage,2,0.5,"__confirm_cooldown=200,__confirm_rule=perm_test,__perm_alpha=0.02,__perm_delta_k=25,__perm_min_effect=0,__perm_n_perm=200,__perm_post_n=50,__perm_pre_n=200,__perm_rng_seed=0,__perm_stat=delta_fused_score,divergence=0.3,error_rate=0.5,teacher_entropy=0.2",3,0,200,0.0,0,10000,10.0,25.0,200,500,0,0,1.0,0.8724930843706777,0.7074643454651351,0.16666666666666666,0.19576193392276764,0.014771826565265656,0,0,123,107,-1,perm_test,0.004975124378109453,0.027564109570010136,244,107,137,0.0,0.0019512902945280075,0,0.0,0.0,0.0,0.0,0,none,0,1,0,overconfident,0.95,0,mild_drift,0.9605355246656351,0.001296034048165778,0.8015863425855522,0.8557140258301141,1768131629.7843542,0.1812821477651596,0.11920670419931412
724,46336,46335,sea_abrupt4,sea,ts_drift_adapt,4,"error_divergence_ph_meta@error.threshold=0.10,error.min_instances=5",error_divergence_ph_meta,"{""divergence"": {""alpha"": 0.1, ""delta"": 0.005, ""min_instances"": 30, ""threshold"": 0.05}, ""error_rate"": {""alpha"": 0.15, ""delta"": 0.005, ""min_instances"": 5, ""threshold"": 0.1}}","{""error_rate"": {""min_instances"": 5, ""threshold"": 0.1}}",0.1,0.005,0.15,5,0.05,0.005,0.1,30,,,,-1,two_stage,2,0.5,"__confirm_cooldown=200,__confirm_rule=perm_test,__perm_alpha=0.02,__perm_delta_k=25,__perm_min_effect=0,__perm_n_perm=200,__perm_post_n=50,__perm_pre_n=200,__perm_rng_seed=0,__perm_stat=delta_fused_score,divergence=0.3,error_rate=0.5,teacher_entropy=0.2",3,0,200,0.0,0,10000,10.0,25.0,200,500,0,0,1.0,0.8726260359116023,0.707685876113165,0.16666666666666666,0.14075863361358643,0.006425827741622925,0,0,123,107,-1,perm_test,0.004975124378109453,0.027564109570010136,244,107,137,0.0,0.00834599882364273,0,0.0,0.0,0.0,0.0,0,none,0,1,0,overconfident,0.95,0,mild_drift,0.9604177623328175,0.0012980170240828892,0.800793171292776,0.8553570129150571,1768131629.7954025,0.3175138831138611,0.07335533201694489
725,46400,46399,sea_abrupt4,sea,ts_drift_adapt,4,"error_divergence_ph_meta@error.threshold=0.10,error.min_instances=5",error_divergence_ph_meta,"{""divergence"": {""alpha"": 0.1, ""delta"": 0.005, ""min_instances"": 30, ""threshold"": 0.05}, ""error_rate"": {""alpha"": 0.15, ""delta"": 0.005, ""min_instances"": 5, ""threshold"": 0.1}}","{""error_rate"": {""min_instances"": 5, ""threshold"": 0.1}}",0.1,0.005,0.15,5,0.05,0.005,0.1,30,,,,-1,two_stage,2,0.5,"__confirm_cooldown=200,__confirm_rule=perm_test,__perm_alpha=0.02,__perm_delta_k=25,__perm_min_effect=0,__perm_n_perm=200,__perm_post_n=50,__perm_pre_n=200,__perm_rng_seed=0,__perm_stat=delta_fused_score,divergence=0.3,error_rate=0.5,teacher_entropy=0.2",3,0,200,0.0,0,10000,10.0,25.0,200,500,0,0,1.0,0.872801724137931,0.7080393515474985,0.0,0.13080105185508728,0.006945370230823755,0,1,124,107,-1,perm_test,1.0,-0.09853448202167779,245,107,138,0.0,0.16666666666666666,1,0.5,0.0,0.0,0.0,0,none,0,1,0,overconfident,0.95,0,mild_drift,0.9603588811664088,0.0012990085120414448,0.800396585646388,0.8551785064575286,1768131629.8093364,0.006015177350491285,0.05733355134725571
726,46464,46463,sea_abrupt4,sea,ts_drift_adapt,4,"error_divergence_ph_meta@error.threshold=0.10,error.min_instances=5",error_divergence_ph_meta,"{""divergence"": {""alpha"": 0.1, ""delta"": 0.005, ""min_instances"": 30, ""threshold"": 0.05}, ""error_rate"": {""alpha"": 0.15, ""delta"": 0.005, ""min_instances"": 5, ""threshold"": 0.1}}","{""error_rate"": {""min_instances"": 5, ""threshold"": 0.1}}",0.1,0.005,0.15,5,0.05,0.005,0.1,30,,,,-1,two_stage,2,0.5,"__confirm_cooldown=200,__confirm_rule=perm_test,__perm_alpha=0.02,__perm_delta_k=25,__perm_min_effect=0,__perm_n_perm=200,__perm_post_n=50,__perm_pre_n=200,__perm_rng_seed=0,__perm_stat=delta_fused_score,divergence=0.3,error_rate=0.5,teacher_entropy=0.2",3,0,200,0.0,0,10000,10.0,25.0,200,500,0,0,1.0,0.8727832300275482,0.7079563900751278,0.0,0.26723092794418335,0.029964188113808632,1,0,124,108,1,perm_test,0.004975124378109453,0.02613646003506658,246,108,138,0.0,0.023018817882984877,0,0.0,0.0,0.0,0.0,0,none,1,1,0,overconfident,0.95,0,stable,0.9751794405832044,0.0010495042560207223,0.900198292823194,0.9000892532287643,1768131629.828707,0.007301783189177513,0.22376149892807007
727,46528,46527,sea_abrupt4,sea,ts_drift_adapt,4,"error_divergence_ph_meta@error.threshold=0.10,error.min_instances=5",error_divergence_ph_meta,"{""divergence"": {""alpha"": 0.1, ""delta"": 0.005, ""min_instances"": 30, ""threshold"": 0.05}, ""error_rate"": {""alpha"": 0.15, ""delta"": 0.005, ""min_instances"": 5, ""threshold"": 0.1}}","{""error_rate"": {""min_instances"": 5, ""threshold"": 0.1}}",0.1,0.005,0.15,5,0.05,0.005,0.1,30,,,,-1,two_stage,2,0.5,"__confirm_cooldown=200,__confirm_rule=perm_test,__perm_alpha=0.02,__perm_delta_k=25,__perm_min_effect=0,__perm_n_perm=200,__perm_post_n=50,__perm_pre_n=200,__perm_rng_seed=0,__perm_stat=delta_fused_score,divergence=0.3,error_rate=0.5,teacher_entropy=0.2",3,0,200,0.0,0,10000,10.0,25.0,200,500,1,136,1.0,0.8727862792297112,0.7079693887272851,0.0,0.2132485806941986,0.023173853754997253,0,0,124,108,-1,perm_test,0.004975124378109453,0.02613646003506658,246,108,138,0.0,0.0067903343588113785,0,0.0,0.0,0.0,0.0,0,none,0,1,0,overconfident,0.95,0,mild_drift,0.9677397202916022,0.0011747521280103613,0.850099146411597,0.8775446266143822,1768131629.8406587,0.016974715515971184,0.19660229980945587
728,46592,46591,sea_abrupt4,sea,ts_drift_adapt,4,"error_divergence_ph_meta@error.threshold=0.10,error.min_instances=5",error_divergence_ph_meta,"{""divergence"": {""alpha"": 0.1, ""delta"": 0.005, ""min_instances"": 30, ""threshold"": 0.05}, ""error_rate"": {""alpha"": 0.15, ""delta"": 0.005, ""min_instances"": 5, ""threshold"": 0.1}}","{""error_rate"": {""min_instances"": 5, ""threshold"": 0.1}}",0.1,0.005,0.15,5,0.05,0.005,0.1,30,,,,-1,two_stage,2,0.5,"__confirm_cooldown=200,__confirm_rule=perm_test,__perm_alpha=0.02,__perm_delta_k=25,__perm_min_effect=0,__perm_n_perm=200,__perm_post_n=50,__perm_pre_n=200,__perm_rng_seed=0,__perm_stat=delta_fused_score,divergence=0.3,error_rate=0.5,teacher_entropy=0.2",3,0,200,0.0,0,10000,10.0,25.0,200,500,1,72,1.0,0.8728966346153846,0.7081986333287645,0.0,0.14674565196037292,0.011844159103929996,0,0,124,108,-1,perm_test,0.004975124378109453,0.02613646003506658,246,108,138,0.0,0.011329694651067257,0,0.0,0.0,0.0,0.0,0,none,0,1,0,overconfident,0.95,0,mild_drift,0.964019860145801,0.0012373760640051806,0.8250495732057985,0.866272313307191,1768131629.8507662,0.054695602506399155,0.11166363954544067
729,46656,46655,sea_abrupt4,sea,ts_drift_adapt,4,"error_divergence_ph_meta@error.threshold=0.10,error.min_instances=5",error_divergence_ph_meta,"{""divergence"": {""alpha"": 0.1, ""delta"": 0.005, ""min_instances"": 30, ""threshold"": 0.05}, ""error_rate"": {""alpha"": 0.15, ""delta"": 0.005, ""min_instances"": 5, ""threshold"": 0.1}}","{""error_rate"": {""min_instances"": 5, ""threshold"": 0.1}}",0.1,0.005,0.15,5,0.05,0.005,0.1,30,,,,-1,two_stage,2,0.5,"__confirm_cooldown=200,__confirm_rule=perm_test,__perm_alpha=0.02,__perm_delta_k=25,__perm_min_effect=0,__perm_n_perm=200,__perm_post_n=50,__perm_pre_n=200,__perm_rng_seed=0,__perm_stat=delta_fused_score,divergence=0.3,error_rate=0.5,teacher_entropy=0.2",3,0,200,0.0,0,10000,10.0,25.0,200,500,1,8,1.0,0.8729423868312757,0.7083277387877142,0.16666666666666666,0.15050962567329407,0.011798971332609653,0,0,124,108,-1,perm_test,0.004975124378109453,0.02613646003506658,246,108,138,0.0,0.16666666666666666,0,0.0,0.0,0.0,0.0,0,none,0,1,0,overconfident,0.95,0,mild_drift,0.9621599300729005,0.0012686880320025903,0.8125247866028993,0.8606361566535955,1768131629.8609245,0.2020607441663742,0.11761488020420074
730,46720,46719,sea_abrupt4,sea,ts_drift_adapt,4,"error_divergence_ph_meta@error.threshold=0.10,error.min_instances=5",error_divergence_ph_meta,"{""divergence"": {""alpha"": 0.1, ""delta"": 0.005, ""min_instances"": 30, ""threshold"": 0.05}, ""error_rate"": {""alpha"": 0.15, ""delta"": 0.005, ""min_instances"": 5, ""threshold"": 0.1}}","{""error_rate"": {""min_instances"": 5, ""threshold"": 0.1}}",0.1,0.005,0.15,5,0.05,0.005,0.1,30,,,,-1,two_stage,2,0.5,"__confirm_cooldown=200,__confirm_rule=perm_test,__perm_alpha=0.02,__perm_delta_k=25,__perm_min_effect=0,__perm_n_perm=200,__perm_post_n=50,__perm_pre_n=200,__perm_rng_seed=0,__perm_stat=delta_fused_score,divergence=0.3,error_rate=0.5,teacher_entropy=0.2",3,0,200,0.0,0,10000,10.0,25.0,200,500,0,0,1.0,0.8730736301369864,0.7086197830421317,0.0,0.19119399785995483,0.012929379008710384,0,1,125,108,-1,perm_test,1.0,-0.09295335924678992,247,108,139,0.0,0.16666666666666666,1,0.5,0.0,0.0,0.0,0,none,0,1,0,overconfident,0.95,0,mild_drift,0.9612299650364502,0.001284344016001295,0.8062623933014497,0.8578180783267977,1768131629.871528,0.03601749613881111,0.09736938774585724
731,46784,46783,sea_abrupt4,sea,ts_drift_adapt,4,"error_divergence_ph_meta@error.threshold=0.10,error.min_instances=5",error_divergence_ph_meta,"{""divergence"": {""alpha"": 0.1, ""delta"": 0.005, ""min_instances"": 30, ""threshold"": 0.05}, ""error_rate"": {""alpha"": 0.15, ""delta"": 0.005, ""min_instances"": 5, ""threshold"": 0.1}}","{""error_rate"": {""min_instances"": 5, ""threshold"": 0.1}}",0.1,0.005,0.15,5,0.05,0.005,0.1,30,,,,-1,two_stage,2,0.5,"__confirm_cooldown=200,__confirm_rule=perm_test,__perm_alpha=0.02,__perm_delta_k=25,__perm_min_effect=0,__perm_n_perm=200,__perm_post_n=50,__perm_pre_n=200,__perm_rng_seed=0,__perm_stat=delta_fused_score,divergence=0.3,error_rate=0.5,teacher_entropy=0.2",3,0,200,0.0,0,10000,10.0,25.0,200,500,0,0,1.0,0.873140389876881,0.7088079477952293,0.16666666666666666,0.17313355207443237,0.01189450453966856,0,0,125,108,-1,perm_test,1.0,-0.01689380660971927,248,108,140,0.0,0.16666666666666666,0,0.0,0.0,0.0,0.0,0,none,0,1,0,overconfident,0.95,0,mild_drift,0.9607649825182251,0.0012921720080006477,0.8031311966507249,0.8564090391633988,1768131629.8821213,0.25288674235343933,0.07520262151956558
732,46848,46847,sea_abrupt4,sea,ts_drift_adapt,4,"error_divergence_ph_meta@error.threshold=0.10,error.min_instances=5",error_divergence_ph_meta,"{""divergence"": {""alpha"": 0.1, ""delta"": 0.005, ""min_instances"": 30, ""threshold"": 0.05}, ""error_rate"": {""alpha"": 0.15, ""delta"": 0.005, ""min_instances"": 5, ""threshold"": 0.1}}","{""error_rate"": {""min_instances"": 5, ""threshold"": 0.1}}",0.1,0.005,0.15,5,0.05,0.005,0.1,30,,,,-1,two_stage,2,0.5,"__confirm_cooldown=200,__confirm_rule=perm_test,__perm_alpha=0.02,__perm_delta_k=25,__perm_min_effect=0,__perm_n_perm=200,__perm_post_n=50,__perm_pre_n=200,__perm_rng_seed=0,__perm_stat=delta_fused_score,divergence=0.3,error_rate=0.5,teacher_entropy=0.2",3,0,200,0.0,0,10000,10.0,25.0,200,500,0,0,1.0,0.8731429303278688,0.7087960248962096,0.3333333333333333,0.22239960730075836,0.01731910929083824,1,0,125,109,2,perm_test,0.004975124378109453,0.020170371584369615,249,109,140,0.0,0.16666666666666666,0,0.0,0.0,0.0,0.0,0,none,1,1,0,overconfident,0.95,0,stable,0.9753824912591125,0.0010460860040003238,0.9015655983253624,0.9007045195816994,1768131629.8980083,0.40261614322662354,0.12931641936302185
733,46912,46911,sea_abrupt4,sea,ts_drift_adapt,4,"error_divergence_ph_meta@error.threshold=0.10,error.min_instances=5",error_divergence_ph_meta,"{""divergence"": {""alpha"": 0.1, ""delta"": 0.005, ""min_instances"": 30, ""threshold"": 0.05}, ""error_rate"": {""alpha"": 0.15, ""delta"": 0.005, ""min_instances"": 5, ""threshold"": 0.1}}","{""error_rate"": {""min_instances"": 5, ""threshold"": 0.1}}",0.1,0.005,0.15,5,0.05,0.005,0.1,30,,,,-1,two_stage,2,0.5,"__confirm_cooldown=200,__confirm_rule=perm_test,__perm_alpha=0.02,__perm_delta_k=25,__perm_min_effect=0,__perm_n_perm=200,__perm_post_n=50,__perm_pre_n=200,__perm_rng_seed=0,__perm_stat=delta_fused_score,divergence=0.3,error_rate=0.5,teacher_entropy=0.2",3,0,200,0.0,0,10000,10.0,25.0,200,500,1,136,1.0,0.8732946793997272,0.7090790115922307,0.0,0.14830511808395386,0.00719184335321188,0,0,125,109,-1,perm_test,0.004975124378109453,0.020170371584369615,249,109,140,0.0,0.3333333333333333,0,0.0,0.0,0.0,0.0,0,none,0,1,0,overconfident,0.95,0,mild_drift,0.9678412456295562,0.001173043002000162,0.8507827991626813,0.8778522597908497,1768131629.9081137,0.0641961470246315,0.06471782177686691
734,46976,46975,sea_abrupt4,sea,ts_drift_adapt,4,"error_divergence_ph_meta@error.threshold=0.10,error.min_instances=5",error_divergence_ph_meta,"{""divergence"": {""alpha"": 0.1, ""delta"": 0.005, ""min_instances"": 30, ""threshold"": 0.05}, ""error_rate"": {""alpha"": 0.15, ""delta"": 0.005, ""min_instances"": 5, ""threshold"": 0.1}}","{""error_rate"": {""min_instances"": 5, ""threshold"": 0.1}}",0.1,0.005,0.15,5,0.05,0.005,0.1,30,,,,-1,two_stage,2,0.5,"__confirm_cooldown=200,__confirm_rule=perm_test,__perm_alpha=0.02,__perm_delta_k=25,__perm_min_effect=0,__perm_n_perm=200,__perm_post_n=50,__perm_pre_n=200,__perm_rng_seed=0,__perm_stat=delta_fused_score,divergence=0.3,error_rate=0.5,teacher_entropy=0.2",3,0,200,0.0,0,10000,10.0,25.0,200,500,1,72,1.0,0.873446014986376,0.7094650000812287,0.0,0.1436711698770523,0.006112784147262573,0,0,125,109,-1,perm_test,0.004975124378109453,0.020170371584369615,249,109,140,0.0,0.0010790592059493065,0,0.0,0.0,0.0,0.0,0,none,0,1,0,overconfident,0.95,0,mild_drift,0.9640706228147781,0.0012365215010000812,0.8253913995813407,0.8664261298954248,1768131629.9180145,0.037260740995407104,0.06050967052578926
735,47040,47039,sea_abrupt4,sea,ts_drift_adapt,4,"error_divergence_ph_meta@error.threshold=0.10,error.min_instances=5",error_divergence_ph_meta,"{""divergence"": {""alpha"": 0.1, ""delta"": 0.005, ""min_instances"": 30, ""threshold"": 0.05}, ""error_rate"": {""alpha"": 0.15, ""delta"": 0.005, ""min_instances"": 5, ""threshold"": 0.1}}","{""error_rate"": {""min_instances"": 5, ""threshold"": 0.1}}",0.1,0.005,0.15,5,0.05,0.005,0.1,30,,,,-1,two_stage,2,0.5,"__confirm_cooldown=200,__confirm_rule=perm_test,__perm_alpha=0.02,__perm_delta_k=25,__perm_min_effect=0,__perm_n_perm=200,__perm_post_n=50,__perm_pre_n=200,__perm_rng_seed=0,__perm_stat=delta_fused_score,divergence=0.3,error_rate=0.5,teacher_entropy=0.2",3,0,200,0.0,0,10000,10.0,25.0,200,500,1,8,1.0,0.8735756802721089,0.7097141072012574,0.0,0.18601079285144806,0.008533851243555546,0,1,125,109,-1,perm_test,0.004975124378109453,0.020170371584369615,249,109,140,0.0,0.0024210670962929726,1,0.5,0.0,0.0,0.0,0,none,0,1,0,overconfident,0.95,0,mild_drift,0.962185311407389,0.0012682607505000408,0.8126956997906704,0.8607130649477124,1768131629.92802,0.07191833853721619,0.0728624239563942
736,47104,47103,sea_abrupt4,sea,ts_drift_adapt,4,"error_divergence_ph_meta@error.threshold=0.10,error.min_instances=5",error_divergence_ph_meta,"{""divergence"": {""alpha"": 0.1, ""delta"": 0.005, ""min_instances"": 30, ""threshold"": 0.05}, ""error_rate"": {""alpha"": 0.15, ""delta"": 0.005, ""min_instances"": 5, ""threshold"": 0.1}}","{""error_rate"": {""min_instances"": 5, ""threshold"": 0.1}}",0.1,0.005,0.15,5,0.05,0.005,0.1,30,,,,-1,two_stage,2,0.5,"__confirm_cooldown=200,__confirm_rule=perm_test,__perm_alpha=0.02,__perm_delta_k=25,__perm_min_effect=0,__perm_n_perm=200,__perm_post_n=50,__perm_pre_n=200,__perm_rng_seed=0,__perm_stat=delta_fused_score,divergence=0.3,error_rate=0.5,teacher_entropy=0.2",3,0,200,0.0,0,10000,10.0,25.0,200,500,0,0,1.0,0.8736200747282609,0.709872656361028,0.0,0.2366098165512085,0.019032742828130722,0,0,125,109,-1,perm_test,0.004975124378109453,0.020170371584369615,249,109,140,0.0,0.010498891584575176,0,0.0,0.0,0.0,0.0,0,none,0,1,0,overconfident,0.95,0,mild_drift,0.9612426557036945,0.0012841303752500204,0.8063478498953351,0.8578565324738562,1768131629.9383402,0.06393831968307495,0.15164676308631897
737,47168,47167,sea_abrupt4,sea,ts_drift_adapt,4,"error_divergence_ph_meta@error.threshold=0.10,error.min_instances=5",error_divergence_ph_meta,"{""divergence"": {""alpha"": 0.1, ""delta"": 0.005, ""min_instances"": 30, ""threshold"": 0.05}, ""error_rate"": {""alpha"": 0.15, ""delta"": 0.005, ""min_instances"": 5, ""threshold"": 0.1}}","{""error_rate"": {""min_instances"": 5, ""threshold"": 0.1}}",0.1,0.005,0.15,5,0.05,0.005,0.1,30,,,,-1,two_stage,2,0.5,"__confirm_cooldown=200,__confirm_rule=perm_test,__perm_alpha=0.02,__perm_delta_k=25,__perm_min_effect=0,__perm_n_perm=200,__perm_post_n=50,__perm_pre_n=200,__perm_rng_seed=0,__perm_stat=delta_fused_score,divergence=0.3,error_rate=0.5,teacher_entropy=0.2",3,0,200,0.0,0,10000,10.0,25.0,200,500,0,0,1.0,0.8736855495251018,0.7100527075083143,0.0,0.19573459029197693,0.011752082966268063,0,0,125,109,-1,perm_test,0.004975124378109453,0.020170371584369615,249,109,140,0.0,0.0072806598618626595,0,0.0,0.0,0.0,0.0,0,none,0,1,0,overconfident,0.95,0,mild_drift,0.9607713278518473,0.0012920651876250104,0.8031739249476676,0.856428266236928,1768131629.9484923,0.03668908029794693,0.07767239212989807
738,47232,47231,sea_abrupt4,sea,ts_drift_adapt,4,"error_divergence_ph_meta@error.threshold=0.10,error.min_instances=5",error_divergence_ph_meta,"{""divergence"": {""alpha"": 0.1, ""delta"": 0.005, ""min_instances"": 30, ""threshold"": 0.05}, ""error_rate"": {""alpha"": 0.15, ""delta"": 0.005, ""min_instances"": 5, ""threshold"": 0.1}}","{""error_rate"": {""min_instances"": 5, ""threshold"": 0.1}}",0.1,0.005,0.15,5,0.05,0.005,0.1,30,,,,-1,two_stage,2,0.5,"__confirm_cooldown=200,__confirm_rule=perm_test,__perm_alpha=0.02,__perm_delta_k=25,__perm_min_effect=0,__perm_n_perm=200,__perm_post_n=50,__perm_pre_n=200,__perm_rng_seed=0,__perm_stat=delta_fused_score,divergence=0.3,error_rate=0.5,teacher_entropy=0.2",3,0,200,0.0,0,10000,10.0,25.0,200,500,0,0,1.0,0.8738355352303523,0.7104163447561337,0.0,0.17338816821575165,0.011428066529333591,0,0,125,109,-1,perm_test,0.004975124378109453,0.020170371584369615,249,109,140,0.0,0.00032401643693447113,0,0.0,0.0,0.0,0.0,0,none,0,1,0,overconfident,0.95,0,mild_drift,0.9605356639259236,0.0012960325938125052,0.8015869624738339,0.855714133118464,1768131629.958653,0.060193952172994614,0.08168169856071472
739,47296,47295,sea_abrupt4,sea,ts_drift_adapt,4,"error_divergence_ph_meta@error.threshold=0.10,error.min_instances=5",error_divergence_ph_meta,"{""divergence"": {""alpha"": 0.1, ""delta"": 0.005, ""min_instances"": 30, ""threshold"": 0.05}, ""error_rate"": {""alpha"": 0.15, ""delta"": 0.005, ""min_instances"": 5, ""threshold"": 0.1}}","{""error_rate"": {""min_instances"": 5, ""threshold"": 0.1}}",0.1,0.005,0.15,5,0.05,0.005,0.1,30,,,,-1,two_stage,2,0.5,"__confirm_cooldown=200,__confirm_rule=perm_test,__perm_alpha=0.02,__perm_delta_k=25,__perm_min_effect=0,__perm_n_perm=200,__perm_post_n=50,__perm_pre_n=200,__perm_rng_seed=0,__perm_stat=delta_fused_score,divergence=0.3,error_rate=0.5,teacher_entropy=0.2",3,0,200,0.0,0,10000,10.0,25.0,200,500,0,0,1.0,0.8739216847090663,0.710630975726459,0.16666666666666666,0.18200254440307617,0.011068824678659439,0,0,125,109,-1,perm_test,0.004975124378109453,0.020170371584369615,249,109,140,0.0,0.16666666666666666,0,0.0,0.0,0.0,0.0,0,none,0,1,0,overconfident,0.95,0,mild_drift,0.9604178319629617,0.0012980162969062525,0.800793481236917,0.855357066559232,1768131629.9688365,0.3950739800930023,0.08091626316308975
740,47360,47359,sea_abrupt4,sea,ts_drift_adapt,4,"error_divergence_ph_meta@error.threshold=0.10,error.min_instances=5",error_divergence_ph_meta,"{""divergence"": {""alpha"": 0.1, ""delta"": 0.005, ""min_instances"": 30, ""threshold"": 0.05}, ""error_rate"": {""alpha"": 0.15, ""delta"": 0.005, ""min_instances"": 5, ""threshold"": 0.1}}","{""error_rate"": {""min_instances"": 5, ""threshold"": 0.1}}",0.1,0.005,0.15,5,0.05,0.005,0.1,30,,,,-1,two_stage,2,0.5,"__confirm_cooldown=200,__confirm_rule=perm_test,__perm_alpha=0.02,__perm_delta_k=25,__perm_min_effect=0,__perm_n_perm=200,__perm_post_n=50,__perm_pre_n=200,__perm_rng_seed=0,__perm_stat=delta_fused_score,divergence=0.3,error_rate=0.5,teacher_entropy=0.2",3,0,200,0.0,0,10000,10.0,25.0,200,500,0,0,1.0,0.8740076013513514,0.7108107307921692,0.16666666666666666,0.17818886041641235,0.013217034749686718,0,1,126,109,-1,perm_test,1.0,-0.024835993567666043,250,109,141,0.16666666666666666,0.002148210071027279,1,0.5,0.0,0.0,0.0,0,none,0,1,0,overconfident,0.95,0,mild_drift,0.9603589159814808,0.0012990081484531265,0.8003967406184584,0.855178533279616,1768131629.9792469,0.16956885159015656,0.10909184068441391
741,47424,47423,sea_abrupt4,sea,ts_drift_adapt,4,"error_divergence_ph_meta@error.threshold=0.10,error.min_instances=5",error_divergence_ph_meta,"{""divergence"": {""alpha"": 0.1, ""delta"": 0.005, ""min_instances"": 30, ""threshold"": 0.05}, ""error_rate"": {""alpha"": 0.15, ""delta"": 0.005, ""min_instances"": 5, ""threshold"": 0.1}}","{""error_rate"": {""min_instances"": 5, ""threshold"": 0.1}}",0.1,0.005,0.15,5,0.05,0.005,0.1,30,,,,-1,two_stage,2,0.5,"__confirm_cooldown=200,__confirm_rule=perm_test,__perm_alpha=0.02,__perm_delta_k=25,__perm_min_effect=0,__perm_n_perm=200,__perm_post_n=50,__perm_pre_n=200,__perm_rng_seed=0,__perm_stat=delta_fused_score,divergence=0.3,error_rate=0.5,teacher_entropy=0.2",3,0,200,0.0,0,10000,10.0,25.0,200,500,0,0,1.0,0.8740511133603239,0.7109478220237422,0.0,0.18005962669849396,0.022517800331115723,0,0,126,109,-1,perm_test,1.0,-0.0793166593469615,251,109,142,0.0,0.16666666666666666,0,0.0,0.0,0.0,0.0,0,none,0,1,0,overconfident,0.95,0,mild_drift,0.9603294579907404,0.0012995040742265632,0.8001983703092292,0.855089266639808,1768131629.9900682,0.027301648631691933,0.14172770082950592
742,47488,47487,sea_abrupt4,sea,ts_drift_adapt,4,"error_divergence_ph_meta@error.threshold=0.10,error.min_instances=5",error_divergence_ph_meta,"{""divergence"": {""alpha"": 0.1, ""delta"": 0.005, ""min_instances"": 30, ""threshold"": 0.05}, ""error_rate"": {""alpha"": 0.15, ""delta"": 0.005, ""min_instances"": 5, ""threshold"": 0.1}}","{""error_rate"": {""min_instances"": 5, ""threshold"": 0.1}}",0.1,0.005,0.15,5,0.05,0.005,0.1,30,,,,-1,two_stage,2,0.5,"__confirm_cooldown=200,__confirm_rule=perm_test,__perm_alpha=0.02,__perm_delta_k=25,__perm_min_effect=0,__perm_n_perm=200,__perm_post_n=50,__perm_pre_n=200,__perm_rng_seed=0,__perm_stat=delta_fused_score,divergence=0.3,error_rate=0.5,teacher_entropy=0.2",3,0,200,0.0,0,10000,10.0,25.0,200,500,0,0,1.0,0.8741576819407008,0.7111893673000051,0.16666666666666666,0.15296220779418945,0.01095192227512598,1,0,126,110,2,perm_test,0.004975124378109453,0.016515381375512752,252,110,142,0.0,0.16666666666666666,0,0.0,0.0,0.0,0.0,0,none,1,1,0,overconfident,0.95,0,stable,0.9751647289953702,0.0010497520371132816,0.9000991851546146,0.900044633319904,1768131630.00895,0.22011256217956543,0.09161406755447388
743,47552,47551,sea_abrupt4,sea,ts_drift_adapt,4,"error_divergence_ph_meta@error.threshold=0.10,error.min_instances=5",error_divergence_ph_meta,"{""divergence"": {""alpha"": 0.1, ""delta"": 0.005, ""min_instances"": 30, ""threshold"": 0.05}, ""error_rate"": {""alpha"": 0.15, ""delta"": 0.005, ""min_instances"": 5, ""threshold"": 0.1}}","{""error_rate"": {""min_instances"": 5, ""threshold"": 0.1}}",0.1,0.005,0.15,5,0.05,0.005,0.1,30,,,,-1,two_stage,2,0.5,"__confirm_cooldown=200,__confirm_rule=perm_test,__perm_alpha=0.02,__perm_delta_k=25,__perm_min_effect=0,__perm_n_perm=200,__perm_post_n=50,__perm_pre_n=200,__perm_rng_seed=0,__perm_stat=delta_fused_score,divergence=0.3,error_rate=0.5,teacher_entropy=0.2",3,0,200,0.0,0,10000,10.0,25.0,200,500,1,136,1.0,0.8742639636608345,0.7113914667035116,0.0,0.17620117962360382,0.009369254112243652,0,0,126,110,-1,perm_test,0.004975124378109453,0.016515381375512752,252,110,142,0.0,0.16666666666666666,0,0.0,0.0,0.0,0.0,0,none,0,1,0,overconfident,0.95,0,mild_drift,0.9677323644976851,0.0011748760185566409,0.8500495925773073,0.877522316659952,1768131630.0216417,0.02649165503680706,0.07100316882133484
744,47616,47615,sea_abrupt4,sea,ts_drift_adapt,4,"error_divergence_ph_meta@error.threshold=0.10,error.min_instances=5",error_divergence_ph_meta,"{""divergence"": {""alpha"": 0.1, ""delta"": 0.005, ""min_instances"": 30, ""threshold"": 0.05}, ""error_rate"": {""alpha"": 0.15, ""delta"": 0.005, ""min_instances"": 5, ""threshold"": 0.1}}","{""error_rate"": {""min_instances"": 5, ""threshold"": 0.1}}",0.1,0.005,0.15,5,0.05,0.005,0.1,30,,,,-1,two_stage,2,0.5,"__confirm_cooldown=200,__confirm_rule=perm_test,__perm_alpha=0.02,__perm_delta_k=25,__perm_min_effect=0,__perm_n_perm=200,__perm_post_n=50,__perm_pre_n=200,__perm_rng_seed=0,__perm_stat=delta_fused_score,divergence=0.3,error_rate=0.5,teacher_entropy=0.2",3,0,200,0.0,0,10000,10.0,25.0,200,500,1,72,1.0,0.8743279569892473,0.7114966418983052,0.0,0.15493418276309967,0.01601361855864525,0,0,126,110,-1,perm_test,0.004975124378109453,0.016515381375512752,252,110,142,0.0,0.006644364446401596,0,0.0,0.0,0.0,0.0,0,none,0,1,0,overconfident,0.95,0,mild_drift,0.9640161822488424,0.0012374380092783205,0.8250247962886537,0.866261158329976,1768131630.0341594,0.046376317739486694,0.1179734617471695
745,47680,47679,sea_abrupt4,sea,ts_drift_adapt,4,"error_divergence_ph_meta@error.threshold=0.10,error.min_instances=5",error_divergence_ph_meta,"{""divergence"": {""alpha"": 0.1, ""delta"": 0.005, ""min_instances"": 30, ""threshold"": 0.05}, ""error_rate"": {""alpha"": 0.15, ""delta"": 0.005, ""min_instances"": 5, ""threshold"": 0.1}}","{""error_rate"": {""min_instances"": 5, ""threshold"": 0.1}}",0.1,0.005,0.15,5,0.05,0.005,0.1,30,,,,-1,two_stage,2,0.5,"__confirm_cooldown=200,__confirm_rule=perm_test,__perm_alpha=0.02,__perm_delta_k=25,__perm_min_effect=0,__perm_n_perm=200,__perm_post_n=50,__perm_pre_n=200,__perm_rng_seed=0,__perm_stat=delta_fused_score,divergence=0.3,error_rate=0.5,teacher_entropy=0.2",3,0,200,0.0,0,10000,10.0,25.0,200,500,1,8,1.0,0.8743917785234899,0.711674217044788,0.16666666666666666,0.16441531479358673,0.013041571713984013,0,1,126,110,-1,perm_test,0.004975124378109453,0.016515381375512752,252,110,142,0.0,0.16666666666666666,1,0.5,0.0,0.0,0.0,0,none,0,1,0,overconfident,0.95,0,mild_drift,0.9621580911244212,0.0012687190046391603,0.8125123981443269,0.860630579164988,1768131630.044356,0.15587379038333893,0.08442610502243042
746,47744,47743,sea_abrupt4,sea,ts_drift_adapt,4,"error_divergence_ph_meta@error.threshold=0.10,error.min_instances=5",error_divergence_ph_meta,"{""divergence"": {""alpha"": 0.1, ""delta"": 0.005, ""min_instances"": 30, ""threshold"": 0.05}, ""error_rate"": {""alpha"": 0.15, ""delta"": 0.005, ""min_instances"": 5, ""threshold"": 0.1}}","{""error_rate"": {""min_instances"": 5, ""threshold"": 0.1}}",0.1,0.005,0.15,5,0.05,0.005,0.1,30,,,,-1,two_stage,2,0.5,"__confirm_cooldown=200,__confirm_rule=perm_test,__perm_alpha=0.02,__perm_delta_k=25,__perm_min_effect=0,__perm_n_perm=200,__perm_post_n=50,__perm_pre_n=200,__perm_rng_seed=0,__perm_stat=delta_fused_score,divergence=0.3,error_rate=0.5,teacher_entropy=0.2",3,0,200,0.0,0,10000,10.0,25.0,200,500,0,0,1.0,0.8744554289544236,0.7118126593190838,0.0,0.13424167037010193,0.011469499208033085,0,0,126,110,-1,perm_test,0.004975124378109453,0.016515381375512752,252,110,142,0.0,0.16666666666666666,0,0.0,0.0,0.0,0.0,0,none,0,1,0,overconfident,0.95,0,mild_drift,0.9612290455622106,0.0012843595023195801,0.8062561990721635,0.857815289582494,1768131630.054597,0.005219500046223402,0.09218227863311768
747,47808,47807,sea_abrupt4,sea,ts_drift_adapt,4,"error_divergence_ph_meta@error.threshold=0.10,error.min_instances=5",error_divergence_ph_meta,"{""divergence"": {""alpha"": 0.1, ""delta"": 0.005, ""min_instances"": 30, ""threshold"": 0.05}, ""error_rate"": {""alpha"": 0.15, ""delta"": 0.005, ""min_instances"": 5, ""threshold"": 0.1}}","{""error_rate"": {""min_instances"": 5, ""threshold"": 0.1}}",0.1,0.005,0.15,5,0.05,0.005,0.1,30,,,,-1,two_stage,2,0.5,"__confirm_cooldown=200,__confirm_rule=perm_test,__perm_alpha=0.02,__perm_delta_k=25,__perm_min_effect=0,__perm_n_perm=200,__perm_post_n=50,__perm_pre_n=200,__perm_rng_seed=0,__perm_stat=delta_fused_score,divergence=0.3,error_rate=0.5,teacher_entropy=0.2",3,0,200,0.0,0,10000,10.0,25.0,200,500,0,0,1.0,0.8746025769745649,0.712119081921369,0.0,0.15886853635311127,0.009740138426423073,0,0,126,110,-1,perm_test,0.004975124378109453,0.016515381375512752,252,110,142,0.0,0.001729360781610012,0,0.0,0.0,0.0,0.0,0,none,0,1,0,overconfident,0.95,0,mild_drift,0.9607645227811052,0.0012921797511597903,0.8031280995360818,0.856407644791247,1768131630.0648973,0.00385377393104136,0.06390458345413208
748,47872,47871,sea_abrupt4,sea,ts_drift_adapt,4,"error_divergence_ph_meta@error.threshold=0.10,error.min_instances=5",error_divergence_ph_meta,"{""divergence"": {""alpha"": 0.1, ""delta"": 0.005, ""min_instances"": 30, ""threshold"": 0.05}, ""error_rate"": {""alpha"": 0.15, ""delta"": 0.005, ""min_instances"": 5, ""threshold"": 0.1}}","{""error_rate"": {""min_instances"": 5, ""threshold"": 0.1}}",0.1,0.005,0.15,5,0.05,0.005,0.1,30,,,,-1,two_stage,2,0.5,"__confirm_cooldown=200,__confirm_rule=perm_test,__perm_alpha=0.02,__perm_delta_k=25,__perm_min_effect=0,__perm_n_perm=200,__perm_post_n=50,__perm_pre_n=200,__perm_rng_seed=0,__perm_stat=delta_fused_score,divergence=0.3,error_rate=0.5,teacher_entropy=0.2",3,0,200,0.0,0,10000,10.0,25.0,200,500,0,0,1.0,0.874728442513369,0.7123625736806417,0.0,0.15751077234745026,0.010305333882570267,0,0,126,110,-1,perm_test,0.004975124378109453,0.016515381375512752,252,110,142,0.0,0.0005651954561471939,0,0.0,0.0,0.0,0.0,0,none,0,1,0,overconfident,0.95,0,mild_drift,0.9605322613905526,0.0012960898755798953,0.801564049768041,0.8557038223956235,1768131630.0751054,0.04500380530953407,0.07253653556108475
749,47936,47935,sea_abrupt4,sea,ts_drift_adapt,4,"error_divergence_ph_meta@error.threshold=0.10,error.min_instances=5",error_divergence_ph_meta,"{""divergence"": {""alpha"": 0.1, ""delta"": 0.005, ""min_instances"": 30, ""threshold"": 0.05}, ""error_rate"": {""alpha"": 0.15, ""delta"": 0.005, ""min_instances"": 5, ""threshold"": 0.1}}","{""error_rate"": {""min_instances"": 5, ""threshold"": 0.1}}",0.1,0.005,0.15,5,0.05,0.005,0.1,30,,,,-1,two_stage,2,0.5,"__confirm_cooldown=200,__confirm_rule=perm_test,__perm_alpha=0.02,__perm_delta_k=25,__perm_min_effect=0,__perm_n_perm=200,__perm_post_n=50,__perm_pre_n=200,__perm_rng_seed=0,__perm_stat=delta_fused_score,divergence=0.3,error_rate=0.5,teacher_entropy=0.2",3,0,200,0.0,0,10000,10.0,25.0,200,500,0,0,1.0,0.8748122496662216,0.7124658856526278,0.16666666666666666,0.1395590454339981,0.004743809346109629,0,0,126,110,-1,perm_test,0.004975124378109453,0.016515381375512752,252,110,142,0.0,0.16666666666666666,0,0.0,0.0,0.0,0.0,0,none,0,1,0,overconfident,0.95,0,mild_drift,0.9604161306952763,0.0012980449377899476,0.8007820248840205,0.8553519111978117,1768131630.0855536,0.3507098853588104,0.04234754294157028
750,48000,47999,sea_abrupt4,sea,ts_drift_adapt,4,"error_divergence_ph_meta@error.threshold=0.10,error.min_instances=5",error_divergence_ph_meta,"{""divergence"": {""alpha"": 0.1, ""delta"": 0.005, ""min_instances"": 30, ""threshold"": 0.05}, ""error_rate"": {""alpha"": 0.15, ""delta"": 0.005, ""min_instances"": 5, ""threshold"": 0.1}}","{""error_rate"": {""min_instances"": 5, ""threshold"": 0.1}}",0.1,0.005,0.15,5,0.05,0.005,0.1,30,,,,-1,two_stage,2,0.5,"__confirm_cooldown=200,__confirm_rule=perm_test,__perm_alpha=0.02,__perm_delta_k=25,__perm_min_effect=0,__perm_n_perm=200,__perm_post_n=50,__perm_pre_n=200,__perm_rng_seed=0,__perm_stat=delta_fused_score,divergence=0.3,error_rate=0.5,teacher_entropy=0.2",3,0,200,0.0,0,10000,10.0,25.0,200,500,0,0,1.0,0.8747708333333334,0.712360986340066,0.3333333333333333,0.18393875658512115,0.016937468200922012,1,1,127,111,0,perm_test,0.004975124378109453,0.07651640908561115,253,111,142,0.16666666666666666,0.16666666666666666,1,0.5,0.0,0.0,0.0,0,none,1,1,0,overconfident,0.95,0,severe_drift,0.9257080653476382,0.0016490224688949738,0.6503910124420103,0.8326759555989058,1768131630.1021428,0.5223029255867004,0.15343664586544037
751,48064,48063,sea_abrupt4,sea,ts_drift_adapt,4,"error_divergence_ph_meta@error.threshold=0.10,error.min_instances=5",error_divergence_ph_meta,"{""divergence"": {""alpha"": 0.1, ""delta"": 0.005, ""min_instances"": 30, ""threshold"": 0.05}, ""error_rate"": {""alpha"": 0.15, ""delta"": 0.005, ""min_instances"": 5, ""threshold"": 0.1}}","{""error_rate"": {""min_instances"": 5, ""threshold"": 0.1}}",0.1,0.005,0.15,5,0.05,0.005,0.1,30,,,,-1,two_stage,2,0.5,"__confirm_cooldown=200,__confirm_rule=perm_test,__perm_alpha=0.02,__perm_delta_k=25,__perm_min_effect=0,__perm_n_perm=200,__perm_post_n=50,__perm_pre_n=200,__perm_rng_seed=0,__perm_stat=delta_fused_score,divergence=0.3,error_rate=0.5,teacher_entropy=0.2",3,0,200,0.0,0,10000,10.0,25.0,200,500,1,136,1.0,0.8748335552596538,0.7125342830474305,0.0,0.19259314239025116,0.019967781379818916,0,0,127,111,-1,perm_test,0.004975124378109453,0.07651640908561115,253,111,142,0.0,0.3333333333333333,0,0.0,0.0,0.0,0.0,0,none,0,1,0,overconfident,0.95,0,mild_drift,0.943004032673819,0.001474511234447487,0.7251955062210051,0.8438379777994529,1768131630.1124098,0.033326927572488785,0.1888396292924881
752,48128,48127,sea_abrupt4,sea,ts_drift_adapt,4,"error_divergence_ph_meta@error.threshold=0.10,error.min_instances=5",error_divergence_ph_meta,"{""divergence"": {""alpha"": 0.1, ""delta"": 0.005, ""min_instances"": 30, ""threshold"": 0.05}, ""error_rate"": {""alpha"": 0.15, ""delta"": 0.005, ""min_instances"": 5, ""threshold"": 0.1}}","{""error_rate"": {""min_instances"": 5, ""threshold"": 0.1}}",0.1,0.005,0.15,5,0.05,0.005,0.1,30,,,,-1,two_stage,2,0.5,"__confirm_cooldown=200,__confirm_rule=perm_test,__perm_alpha=0.02,__perm_delta_k=25,__perm_min_effect=0,__perm_n_perm=200,__perm_post_n=50,__perm_pre_n=200,__perm_rng_seed=0,__perm_stat=delta_fused_score,divergence=0.3,error_rate=0.5,teacher_entropy=0.2",3,0,200,0.0,0,10000,10.0,25.0,200,500,1,72,1.0,0.8749584441489362,0.7128060763940985,0.0,0.16999831795692444,0.019032875075936317,0,0,127,111,-1,perm_test,0.004975124378109453,0.07651640908561115,253,111,142,0.0,0.0009349063038825989,0,0.0,0.0,0.0,0.0,0,none,0,1,0,overconfident,0.95,0,mild_drift,0.9516520163369095,0.0013872556172237435,0.7625977531105026,0.8494189888997264,1768131630.122364,0.10505218058824539,0.20172254741191864
753,48192,48191,sea_abrupt4,sea,ts_drift_adapt,4,"error_divergence_ph_meta@error.threshold=0.10,error.min_instances=5",error_divergence_ph_meta,"{""divergence"": {""alpha"": 0.1, ""delta"": 0.005, ""min_instances"": 30, ""threshold"": 0.05}, ""error_rate"": {""alpha"": 0.15, ""delta"": 0.005, ""min_instances"": 5, ""threshold"": 0.1}}","{""error_rate"": {""min_instances"": 5, ""threshold"": 0.1}}",0.1,0.005,0.15,5,0.05,0.005,0.1,30,,,,-1,two_stage,2,0.5,"__confirm_cooldown=200,__confirm_rule=perm_test,__perm_alpha=0.02,__perm_delta_k=25,__perm_min_effect=0,__perm_n_perm=200,__perm_post_n=50,__perm_pre_n=200,__perm_rng_seed=0,__perm_stat=delta_fused_score,divergence=0.3,error_rate=0.5,teacher_entropy=0.2",3,0,200,0.0,0,10000,10.0,25.0,200,500,1,8,1.0,0.8750207503320053,0.7129999868058889,0.3333333333333333,0.13472144305706024,0.007146602030843496,0,0,127,111,-1,perm_test,0.004975124378109453,0.07651640908561115,253,111,142,0.0,0.3333333333333333,0,0.0,0.0,0.0,0.0,0,none,0,1,0,overconfident,0.95,0,mild_drift,0.9559760081684547,0.001343627808611872,0.7812988765552513,0.8522094944498633,1768131630.1325169,0.3783706724643707,0.06697326898574829
754,48256,48255,sea_abrupt4,sea,ts_drift_adapt,4,"error_divergence_ph_meta@error.threshold=0.10,error.min_instances=5",error_divergence_ph_meta,"{""divergence"": {""alpha"": 0.1, ""delta"": 0.005, ""min_instances"": 30, ""threshold"": 0.05}, ""error_rate"": {""alpha"": 0.15, ""delta"": 0.005, ""min_instances"": 5, ""threshold"": 0.1}}","{""error_rate"": {""min_instances"": 5, ""threshold"": 0.1}}",0.1,0.005,0.15,5,0.05,0.005,0.1,30,,,,-1,two_stage,2,0.5,"__confirm_cooldown=200,__confirm_rule=perm_test,__perm_alpha=0.02,__perm_delta_k=25,__perm_min_effect=0,__perm_n_perm=200,__perm_post_n=50,__perm_pre_n=200,__perm_rng_seed=0,__perm_stat=delta_fused_score,divergence=0.3,error_rate=0.5,teacher_entropy=0.2",3,0,200,0.0,0,10000,10.0,25.0,200,500,0,0,1.0,0.8751450596816976,0.713270439834268,0.0,0.19311746954917908,0.012757319957017899,0,0,127,111,-1,perm_test,0.004975124378109453,0.07651640908561115,253,111,142,0.0,0.3333333333333333,0,0.0,0.0,0.0,0.0,0,none,0,1,0,overconfident,0.95,0,mild_drift,0.9581380040842273,0.001321813904305936,0.7906494382776257,0.8536047472249316,1768131630.1429827,0.004256786312907934,0.1348908692598343
755,48320,48319,sea_abrupt4,sea,ts_drift_adapt,4,"error_divergence_ph_meta@error.threshold=0.10,error.min_instances=5",error_divergence_ph_meta,"{""divergence"": {""alpha"": 0.1, ""delta"": 0.005, ""min_instances"": 30, ""threshold"": 0.05}, ""error_rate"": {""alpha"": 0.15, ""delta"": 0.005, ""min_instances"": 5, ""threshold"": 0.1}}","{""error_rate"": {""min_instances"": 5, ""threshold"": 0.1}}",0.1,0.005,0.15,5,0.05,0.005,0.1,30,,,,-1,two_stage,2,0.5,"__confirm_cooldown=200,__confirm_rule=perm_test,__perm_alpha=0.02,__perm_delta_k=25,__perm_min_effect=0,__perm_n_perm=200,__perm_post_n=50,__perm_pre_n=200,__perm_rng_seed=0,__perm_stat=delta_fused_score,divergence=0.3,error_rate=0.5,teacher_entropy=0.2",3,0,200,0.0,0,10000,10.0,25.0,200,500,0,0,1.0,0.875248344370861,0.7135248456716481,0.0,0.1767200082540512,0.02025456354022026,0,1,128,111,-1,perm_test,1.0,-0.040156280983326104,254,111,143,0.3333333333333333,0.007497243583202362,1,0.5,0.0,0.0,0.0,0,none,0,1,0,overconfident,0.95,0,mild_drift,0.9592190020421136,0.0013109069521529682,0.7953247191388129,0.8543023736124657,1768131630.153595,0.08317139744758606,0.15326523780822754
756,48384,48383,sea_abrupt4,sea,ts_drift_adapt,4,"error_divergence_ph_meta@error.threshold=0.10,error.min_instances=5",error_divergence_ph_meta,"{""divergence"": {""alpha"": 0.1, ""delta"": 0.005, ""min_instances"": 30, ""threshold"": 0.05}, ""error_rate"": {""alpha"": 0.15, ""delta"": 0.005, ""min_instances"": 5, ""threshold"": 0.1}}","{""error_rate"": {""min_instances"": 5, ""threshold"": 0.1}}",0.1,0.005,0.15,5,0.05,0.005,0.1,30,,,,-1,two_stage,2,0.5,"__confirm_cooldown=200,__confirm_rule=perm_test,__perm_alpha=0.02,__perm_delta_k=25,__perm_min_effect=0,__perm_n_perm=200,__perm_post_n=50,__perm_pre_n=200,__perm_rng_seed=0,__perm_stat=delta_fused_score,divergence=0.3,error_rate=0.5,teacher_entropy=0.2",3,0,200,0.0,0,10000,10.0,25.0,200,500,0,0,1.0,0.8752273478835979,0.7135515556347729,0.3333333333333333,0.2207723706960678,0.014891968108713627,0,0,128,111,-1,perm_test,0.31343283582089554,0.004820860001814149,255,111,144,0.0,0.3333333333333333,0,0.0,0.0,0.0,0.0,0,none,0,1,0,overconfident,0.95,0,mild_drift,0.9597595010210568,0.001305453476076484,0.7976623595694065,0.8546511868062329,1768131630.1702206,0.4549725353717804,0.15366707742214203
757,48448,48447,sea_abrupt4,sea,ts_drift_adapt,4,"error_divergence_ph_meta@error.threshold=0.10,error.min_instances=5",error_divergence_ph_meta,"{""divergence"": {""alpha"": 0.1, ""delta"": 0.005, ""min_instances"": 30, ""threshold"": 0.05}, ""error_rate"": {""alpha"": 0.15, ""delta"": 0.005, ""min_instances"": 5, ""threshold"": 0.1}}","{""error_rate"": {""min_instances"": 5, ""threshold"": 0.1}}",0.1,0.005,0.15,5,0.05,0.005,0.1,30,,,,-1,two_stage,2,0.5,"__confirm_cooldown=200,__confirm_rule=perm_test,__perm_alpha=0.02,__perm_delta_k=25,__perm_min_effect=0,__perm_n_perm=200,__perm_post_n=50,__perm_pre_n=200,__perm_rng_seed=0,__perm_stat=delta_fused_score,divergence=0.3,error_rate=0.5,teacher_entropy=0.2",3,0,200,0.0,0,10000,10.0,25.0,200,500,0,0,1.0,0.875350891677675,0.7138580011905206,0.0,0.13865913450717926,0.00461161695420742,0,0,128,111,-1,perm_test,1.0,-0.11661881709288012,256,111,145,0.0,0.3333333333333333,0,0.0,0.0,0.0,0.0,0,none,0,1,0,overconfident,0.95,0,mild_drift,0.9600297505105284,0.0013027267380382422,0.7988311797847032,0.8548255934031164,1768131630.1810567,0.02827238291501999,0.06889904290437698
758,48512,48511,sea_abrupt4,sea,ts_drift_adapt,4,"error_divergence_ph_meta@error.threshold=0.10,error.min_instances=5",error_divergence_ph_meta,"{""divergence"": {""alpha"": 0.1, ""delta"": 0.005, ""min_instances"": 30, ""threshold"": 0.05}, ""error_rate"": {""alpha"": 0.15, ""delta"": 0.005, ""min_instances"": 5, ""threshold"": 0.1}}","{""error_rate"": {""min_instances"": 5, ""threshold"": 0.1}}",0.1,0.005,0.15,5,0.05,0.005,0.1,30,,,,-1,two_stage,2,0.5,"__confirm_cooldown=200,__confirm_rule=perm_test,__perm_alpha=0.02,__perm_delta_k=25,__perm_min_effect=0,__perm_n_perm=200,__perm_post_n=50,__perm_pre_n=200,__perm_rng_seed=0,__perm_stat=delta_fused_score,divergence=0.3,error_rate=0.5,teacher_entropy=0.2",3,0,200,0.0,0,10000,10.0,25.0,200,500,0,0,1.0,0.8755153364116095,0.714238510881622,0.0,0.14181330800056458,0.009174246340990067,0,0,128,111,-1,perm_test,1.0,-0.014062443800575877,257,111,146,0.0,0.004562629386782646,0,0.0,0.0,0.0,0.0,0,none,0,1,0,overconfident,0.95,0,mild_drift,0.9601648752552642,0.001301363369019121,0.7994155898923516,0.8549127967015582,1768131630.1917424,0.07605249434709549,0.07474952936172485
759,48576,48575,sea_abrupt4,sea,ts_drift_adapt,4,"error_divergence_ph_meta@error.threshold=0.10,error.min_instances=5",error_divergence_ph_meta,"{""divergence"": {""alpha"": 0.1, ""delta"": 0.005, ""min_instances"": 30, ""threshold"": 0.05}, ""error_rate"": {""alpha"": 0.15, ""delta"": 0.005, ""min_instances"": 5, ""threshold"": 0.1}}","{""error_rate"": {""min_instances"": 5, ""threshold"": 0.1}}",0.1,0.005,0.15,5,0.05,0.005,0.1,30,,,,-1,two_stage,2,0.5,"__confirm_cooldown=200,__confirm_rule=perm_test,__perm_alpha=0.02,__perm_delta_k=25,__perm_min_effect=0,__perm_n_perm=200,__perm_post_n=50,__perm_pre_n=200,__perm_rng_seed=0,__perm_stat=delta_fused_score,divergence=0.3,error_rate=0.5,teacher_entropy=0.2",3,0,200,0.0,0,10000,10.0,25.0,200,500,0,0,1.0,0.8756587615283268,0.7145568680804685,0.0,0.15407700836658478,0.005451600067317486,0,0,128,111,-1,perm_test,1.0,-0.014062443800575877,257,111,146,0.0,0.0037226462736725807,0,0.0,0.0,0.0,0.0,0,none,0,1,0,overconfident,0.95,0,mild_drift,0.9602324376276321,0.0013006816845095607,0.7997077949461758,0.8549563983507791,1768131630.20491,0.06406062841415405,0.05171935260295868
760,48640,48639,sea_abrupt4,sea,ts_drift_adapt,4,"error_divergence_ph_meta@error.threshold=0.10,error.min_instances=5",error_divergence_ph_meta,"{""divergence"": {""alpha"": 0.1, ""delta"": 0.005, ""min_instances"": 30, ""threshold"": 0.05}, ""error_rate"": {""alpha"": 0.15, ""delta"": 0.005, ""min_instances"": 5, ""threshold"": 0.1}}","{""error_rate"": {""min_instances"": 5, ""threshold"": 0.1}}",0.1,0.005,0.15,5,0.05,0.005,0.1,30,,,,-1,two_stage,2,0.5,"__confirm_cooldown=200,__confirm_rule=perm_test,__perm_alpha=0.02,__perm_delta_k=25,__perm_min_effect=0,__perm_n_perm=200,__perm_post_n=50,__perm_pre_n=200,__perm_rng_seed=0,__perm_stat=delta_fused_score,divergence=0.3,error_rate=0.5,teacher_entropy=0.2",3,0,200,0.0,0,10000,10.0,25.0,200,500,0,0,1.0,0.8757401315789474,0.7147385814082936,0.0,0.1830522119998932,0.010901236906647682,0,0,128,111,-1,perm_test,1.0,-0.014062443800575877,257,111,146,0.0,0.005449636839330196,0,0.0,0.0,0.0,0.0,0,none,0,1,0,overconfident,0.95,0,mild_drift,0.960266218813816,0.0013003408422547803,0.799853897473088,0.8549781991753895,1768131630.2184513,0.1357484757900238,0.11577163636684418
761,48704,48703,sea_abrupt4,sea,ts_drift_adapt,4,"error_divergence_ph_meta@error.threshold=0.10,error.min_instances=5",error_divergence_ph_meta,"{""divergence"": {""alpha"": 0.1, ""delta"": 0.005, ""min_instances"": 30, ""threshold"": 0.05}, ""error_rate"": {""alpha"": 0.15, ""delta"": 0.005, ""min_instances"": 5, ""threshold"": 0.1}}","{""error_rate"": {""min_instances"": 5, ""threshold"": 0.1}}",0.1,0.005,0.15,5,0.05,0.005,0.1,30,,,,-1,two_stage,2,0.5,"__confirm_cooldown=200,__confirm_rule=perm_test,__perm_alpha=0.02,__perm_delta_k=25,__perm_min_effect=0,__perm_n_perm=200,__perm_post_n=50,__perm_pre_n=200,__perm_rng_seed=0,__perm_stat=delta_fused_score,divergence=0.3,error_rate=0.5,teacher_entropy=0.2",3,0,200,0.0,0,10000,10.0,25.0,200,500,0,0,1.0,0.8758623521681997,0.7149830053476295,0.0,0.12508024275302887,0.007647126913070679,0,0,128,111,-1,perm_test,1.0,-0.014062443800575877,257,111,146,0.0,0.0032541099935770035,0,0.0,0.0,0.0,0.0,0,none,0,1,0,overconfident,0.95,0,mild_drift,0.960283109406908,0.0013001704211273901,0.799926948736544,0.8549890995876948,1768131630.23201,0.11493298411369324,0.07446499168872833
762,48768,48767,sea_abrupt4,sea,ts_drift_adapt,4,"error_divergence_ph_meta@error.threshold=0.10,error.min_instances=5",error_divergence_ph_meta,"{""divergence"": {""alpha"": 0.1, ""delta"": 0.005, ""min_instances"": 30, ""threshold"": 0.05}, ""error_rate"": {""alpha"": 0.15, ""delta"": 0.005, ""min_instances"": 5, ""threshold"": 0.1}}","{""error_rate"": {""min_instances"": 5, ""threshold"": 0.1}}",0.1,0.005,0.15,5,0.05,0.005,0.1,30,,,,-1,two_stage,2,0.5,"__confirm_cooldown=200,__confirm_rule=perm_test,__perm_alpha=0.02,__perm_delta_k=25,__perm_min_effect=0,__perm_n_perm=200,__perm_post_n=50,__perm_pre_n=200,__perm_rng_seed=0,__perm_stat=delta_fused_score,divergence=0.3,error_rate=0.5,teacher_entropy=0.2",3,0,200,0.0,0,10000,10.0,25.0,200,500,0,0,1.0,0.8759432414698163,0.7151849753819222,0.0,0.15543189644813538,0.009137936867773533,0,1,129,111,-1,perm_test,1.0,-0.008578131226708065,258,111,147,0.0,0.0014908099547028542,1,0.5,0.0,0.0,0.0,0,none,0,1,0,overconfident,0.95,0,mild_drift,0.960291554703454,0.0013000852105636953,0.799963474368272,0.8549945497938474,1768131630.2434115,0.04676297679543495,0.07356627285480499
763,48832,48831,sea_abrupt4,sea,ts_drift_adapt,4,"error_divergence_ph_meta@error.threshold=0.10,error.min_instances=5",error_divergence_ph_meta,"{""divergence"": {""alpha"": 0.1, ""delta"": 0.005, ""min_instances"": 30, ""threshold"": 0.05}, ""error_rate"": {""alpha"": 0.15, ""delta"": 0.005, ""min_instances"": 5, ""threshold"": 0.1}}","{""error_rate"": {""min_instances"": 5, ""threshold"": 0.1}}",0.1,0.005,0.15,5,0.05,0.005,0.1,30,,,,-1,two_stage,2,0.5,"__confirm_cooldown=200,__confirm_rule=perm_test,__perm_alpha=0.02,__perm_delta_k=25,__perm_min_effect=0,__perm_n_perm=200,__perm_post_n=50,__perm_pre_n=200,__perm_rng_seed=0,__perm_stat=delta_fused_score,divergence=0.3,error_rate=0.5,teacher_entropy=0.2",3,0,200,0.0,0,10000,10.0,25.0,200,500,0,0,1.0,0.8760034403669725,0.7152360002608509,0.0,0.1759936362504959,0.019885893911123276,1,0,129,112,1,perm_test,0.004975124378109453,0.017722636941067106,259,112,147,0.0,0.010747957043349743,0,0.0,0.0,0.0,0.0,0,none,1,1,0,overconfident,0.95,0,stable,0.9751457773517269,0.0010500426052818476,0.899981737184136,0.8999972748969237,1768131630.2599156,0.07186080515384674,0.15349651873111725
764,48896,48895,sea_abrupt4,sea,ts_drift_adapt,4,"error_divergence_ph_meta@error.threshold=0.10,error.min_instances=5",error_divergence_ph_meta,"{""divergence"": {""alpha"": 0.1, ""delta"": 0.005, ""min_instances"": 30, ""threshold"": 0.05}, ""error_rate"": {""alpha"": 0.15, ""delta"": 0.005, ""min_instances"": 5, ""threshold"": 0.1}}","{""error_rate"": {""min_instances"": 5, ""threshold"": 0.1}}",0.1,0.005,0.15,5,0.05,0.005,0.1,30,,,,-1,two_stage,2,0.5,"__confirm_cooldown=200,__confirm_rule=perm_test,__perm_alpha=0.02,__perm_delta_k=25,__perm_min_effect=0,__perm_n_perm=200,__perm_post_n=50,__perm_pre_n=200,__perm_rng_seed=0,__perm_stat=delta_fused_score,divergence=0.3,error_rate=0.5,teacher_entropy=0.2",3,0,200,0.0,0,10000,10.0,25.0,200,500,1,136,1.0,0.8761452879581152,0.7155218775885394,0.16666666666666666,0.11403848230838776,0.003954143729060888,0,0,129,112,-1,perm_test,0.004975124378109453,0.017722636941067106,259,112,147,0.0,0.16666666666666666,0,0.0,0.0,0.0,0.0,0,none,0,1,0,overconfident,0.95,0,mild_drift,0.9677228886758634,0.0011750213026409239,0.8499908685920681,0.8774986374484619,1768131630.2702112,0.3693208694458008,0.04452478885650635
765,48960,48959,sea_abrupt4,sea,ts_drift_adapt,4,"error_divergence_ph_meta@error.threshold=0.10,error.min_instances=5",error_divergence_ph_meta,"{""divergence"": {""alpha"": 0.1, ""delta"": 0.005, ""min_instances"": 30, ""threshold"": 0.05}, ""error_rate"": {""alpha"": 0.15, ""delta"": 0.005, ""min_instances"": 5, ""threshold"": 0.1}}","{""error_rate"": {""min_instances"": 5, ""threshold"": 0.1}}",0.1,0.005,0.15,5,0.05,0.005,0.1,30,,,,-1,two_stage,2,0.5,"__confirm_cooldown=200,__confirm_rule=perm_test,__perm_alpha=0.02,__perm_delta_k=25,__perm_min_effect=0,__perm_n_perm=200,__perm_post_n=50,__perm_pre_n=200,__perm_rng_seed=0,__perm_stat=delta_fused_score,divergence=0.3,error_rate=0.5,teacher_entropy=0.2",3,0,200,0.0,0,10000,10.0,25.0,200,500,1,72,1.0,0.8761846405228758,0.7156057369865559,0.0,0.19267110526561737,0.008635301142930984,0,0,129,112,-1,perm_test,0.004975124378109453,0.017722636941067106,259,112,147,0.0,0.16666666666666666,0,0.0,0.0,0.0,0.0,0,none,0,1,0,overconfident,0.95,0,mild_drift,0.9640114443379317,0.001237510651320462,0.8249954342960341,0.8662493187242309,1768131630.2804694,0.08280273526906967,0.06022680550813675
766,49024,49023,sea_abrupt4,sea,ts_drift_adapt,4,"error_divergence_ph_meta@error.threshold=0.10,error.min_instances=5",error_divergence_ph_meta,"{""divergence"": {""alpha"": 0.1, ""delta"": 0.005, ""min_instances"": 30, ""threshold"": 0.05}, ""error_rate"": {""alpha"": 0.15, ""delta"": 0.005, ""min_instances"": 5, ""threshold"": 0.1}}","{""error_rate"": {""min_instances"": 5, ""threshold"": 0.1}}",0.1,0.005,0.15,5,0.05,0.005,0.1,30,,,,-1,two_stage,2,0.5,"__confirm_cooldown=200,__confirm_rule=perm_test,__perm_alpha=0.02,__perm_delta_k=25,__perm_min_effect=0,__perm_n_perm=200,__perm_post_n=50,__perm_pre_n=200,__perm_rng_seed=0,__perm_stat=delta_fused_score,divergence=0.3,error_rate=0.5,teacher_entropy=0.2",3,0,200,0.0,0,10000,10.0,25.0,200,500,1,8,1.0,0.8762442885117493,0.7157355914792722,0.0,0.13737915456295013,0.01335317175835371,0,0,129,112,-1,perm_test,0.004975124378109453,0.017722636941067106,259,112,147,0.0,0.004717870615422726,0,0.0,0.0,0.0,0.0,0,none,0,1,0,overconfident,0.95,0,mild_drift,0.9621557221689658,0.001268755325660231,0.812497717148017,0.8606246593621154,1768131630.2907887,0.016141433268785477,0.08791710436344147
767,49088,49087,sea_abrupt4,sea,ts_drift_adapt,4,"error_divergence_ph_meta@error.threshold=0.10,error.min_instances=5",error_divergence_ph_meta,"{""divergence"": {""alpha"": 0.1, ""delta"": 0.005, ""min_instances"": 30, ""threshold"": 0.05}, ""error_rate"": {""alpha"": 0.15, ""delta"": 0.005, ""min_instances"": 5, ""threshold"": 0.1}}","{""error_rate"": {""min_instances"": 5, ""threshold"": 0.1}}",0.1,0.005,0.15,5,0.05,0.005,0.1,30,,,,-1,two_stage,2,0.5,"__confirm_cooldown=200,__confirm_rule=perm_test,__perm_alpha=0.02,__perm_delta_k=25,__perm_min_effect=0,__perm_n_perm=200,__perm_post_n=50,__perm_pre_n=200,__perm_rng_seed=0,__perm_stat=delta_fused_score,divergence=0.3,error_rate=0.5,teacher_entropy=0.2",3,0,200,0.0,0,10000,10.0,25.0,200,500,0,0,1.0,0.8763445241199479,0.7159456280924563,0.0,0.16016365587711334,0.009799493476748466,0,1,130,112,-1,perm_test,1.0,-0.012610317893655083,260,112,148,0.0,0.0035536782816052437,1,0.5,0.0,0.0,0.0,0,none,0,1,0,overconfident,0.95,0,mild_drift,0.9612278610844829,0.0012843776628301156,0.8062488585740085,0.8578123296810577,1768131630.301614,0.15259329974651337,0.07789863646030426
768,49152,49151,sea_abrupt4,sea,ts_drift_adapt,4,"error_divergence_ph_meta@error.threshold=0.10,error.min_instances=5",error_divergence_ph_meta,"{""divergence"": {""alpha"": 0.1, ""delta"": 0.005, ""min_instances"": 30, ""threshold"": 0.05}, ""error_rate"": {""alpha"": 0.15, ""delta"": 0.005, ""min_instances"": 5, ""threshold"": 0.1}}","{""error_rate"": {""min_instances"": 5, ""threshold"": 0.1}}",0.1,0.005,0.15,5,0.05,0.005,0.1,30,,,,-1,two_stage,2,0.5,"__confirm_cooldown=200,__confirm_rule=perm_test,__perm_alpha=0.02,__perm_delta_k=25,__perm_min_effect=0,__perm_n_perm=200,__perm_post_n=50,__perm_pre_n=200,__perm_rng_seed=0,__perm_stat=delta_fused_score,divergence=0.3,error_rate=0.5,teacher_entropy=0.2",3,0,200,0.0,0,10000,10.0,25.0,200,500,0,0,1.0,0.8765055338541666,0.7163477749837527,0.0,0.13243700563907623,0.006561393849551678,0,0,130,112,-1,perm_test,0.19900497512437812,0.0032927384133239965,261,112,149,0.0,0.003238099627196789,0,0.0,0.0,0.0,0.0,0,none,0,1,0,overconfident,0.95,0,mild_drift,0.9607639305422414,0.001292188831415058,0.8031244292870043,0.8564061648405288,1768131630.3175993,0.02072725258767605,0.05190481245517731
769,49216,49215,sea_abrupt4,sea,ts_drift_adapt,4,"error_divergence_ph_meta@error.threshold=0.10,error.min_instances=5",error_divergence_ph_meta,"{""divergence"": {""alpha"": 0.1, ""delta"": 0.005, ""min_instances"": 30, ""threshold"": 0.05}, ""error_rate"": {""alpha"": 0.15, ""delta"": 0.005, ""min_instances"": 5, ""threshold"": 0.1}}","{""error_rate"": {""min_instances"": 5, ""threshold"": 0.1}}",0.1,0.005,0.15,5,0.05,0.005,0.1,30,,,,-1,two_stage,2,0.5,"__confirm_cooldown=200,__confirm_rule=perm_test,__perm_alpha=0.02,__perm_delta_k=25,__perm_min_effect=0,__perm_n_perm=200,__perm_post_n=50,__perm_pre_n=200,__perm_rng_seed=0,__perm_stat=delta_fused_score,divergence=0.3,error_rate=0.5,teacher_entropy=0.2",3,0,200,0.0,0,10000,10.0,25.0,200,500,0,0,1.0,0.8766051690507152,0.7165581839987699,0.0,0.17631782591342926,0.005243891384452581,0,0,130,112,-1,perm_test,1.0,-0.015604297031449015,262,112,150,0.0,0.0013175024650990963,0,0.0,0.0,0.0,0.0,0,none,0,1,0,overconfident,0.95,0,mild_drift,0.9605319652711206,0.001296094415707529,0.8015622146435022,0.8557030824202644,1768131630.3281689,0.17135004699230194,0.055327095091342926
770,49280,49279,sea_abrupt4,sea,ts_drift_adapt,4,"error_divergence_ph_meta@error.threshold=0.10,error.min_instances=5",error_divergence_ph_meta,"{""divergence"": {""alpha"": 0.1, ""delta"": 0.005, ""min_instances"": 30, ""threshold"": 0.05}, ""error_rate"": {""alpha"": 0.15, ""delta"": 0.005, ""min_instances"": 5, ""threshold"": 0.1}}","{""error_rate"": {""min_instances"": 5, ""threshold"": 0.1}}",0.1,0.005,0.15,5,0.05,0.005,0.1,30,,,,-1,two_stage,2,0.5,"__confirm_cooldown=200,__confirm_rule=perm_test,__perm_alpha=0.02,__perm_delta_k=25,__perm_min_effect=0,__perm_n_perm=200,__perm_post_n=50,__perm_pre_n=200,__perm_rng_seed=0,__perm_stat=delta_fused_score,divergence=0.3,error_rate=0.5,teacher_entropy=0.2",3,0,200,0.0,0,10000,10.0,25.0,200,500,0,0,1.0,0.8767248376623377,0.7168346188905685,0.16666666666666666,0.15265406668186188,0.015185551717877388,1,0,130,113,3,perm_test,0.004975124378109453,0.04305624661362655,263,113,150,0.0,0.16666666666666666,0,0.0,0.0,0.0,0.0,0,none,1,1,0,overconfident,0.95,0,stable,0.9752659826355603,0.0010480472078537644,0.9007811073217511,0.9003515412101322,1768131630.3438892,0.18343324959278107,0.13401684165000916
771,49344,49343,sea_abrupt4,sea,ts_drift_adapt,4,"error_divergence_ph_meta@error.threshold=0.10,error.min_instances=5",error_divergence_ph_meta,"{""divergence"": {""alpha"": 0.1, ""delta"": 0.005, ""min_instances"": 30, ""threshold"": 0.05}, ""error_rate"": {""alpha"": 0.15, ""delta"": 0.005, ""min_instances"": 5, ""threshold"": 0.1}}","{""error_rate"": {""min_instances"": 5, ""threshold"": 0.1}}",0.1,0.005,0.15,5,0.05,0.005,0.1,30,,,,-1,two_stage,2,0.5,"__confirm_cooldown=200,__confirm_rule=perm_test,__perm_alpha=0.02,__perm_delta_k=25,__perm_min_effect=0,__perm_n_perm=200,__perm_post_n=50,__perm_pre_n=200,__perm_rng_seed=0,__perm_stat=delta_fused_score,divergence=0.3,error_rate=0.5,teacher_entropy=0.2",3,0,200,0.0,0,10000,10.0,25.0,200,500,1,136,1.0,0.8767833981841764,0.7169491255912076,0.0,0.16001304984092712,0.01551774237304926,0,0,130,113,-1,perm_test,0.004975124378109453,0.04305624661362655,263,113,150,0.0,0.16666666666666666,0,0.0,0.0,0.0,0.0,0,none,0,1,0,overconfident,0.95,0,mild_drift,0.9677829913177801,0.0011740236039268822,0.8503905536608756,0.8776757706050661,1768131630.354158,0.004619312938302755,0.11525514721870422
772,49408,49407,sea_abrupt4,sea,ts_drift_adapt,4,"error_divergence_ph_meta@error.threshold=0.10,error.min_instances=5",error_divergence_ph_meta,"{""divergence"": {""alpha"": 0.1, ""delta"": 0.005, ""min_instances"": 30, ""threshold"": 0.05}, ""error_rate"": {""alpha"": 0.15, ""delta"": 0.005, ""min_instances"": 5, ""threshold"": 0.1}}","{""error_rate"": {""min_instances"": 5, ""threshold"": 0.1}}",0.1,0.005,0.15,5,0.05,0.005,0.1,30,,,,-1,two_stage,2,0.5,"__confirm_cooldown=200,__confirm_rule=perm_test,__perm_alpha=0.02,__perm_delta_k=25,__perm_min_effect=0,__perm_n_perm=200,__perm_post_n=50,__perm_pre_n=200,__perm_rng_seed=0,__perm_stat=delta_fused_score,divergence=0.3,error_rate=0.5,teacher_entropy=0.2",3,0,200,0.0,0,10000,10.0,25.0,200,500,1,72,1.0,0.8768822862694301,0.7172523245653408,0.16666666666666666,0.15020734071731567,0.004834563937038183,0,1,130,113,-1,perm_test,0.004975124378109453,0.04305624661362655,263,113,150,0.16666666666666666,0.16666666666666666,1,0.5,0.0,0.0,0.0,0,none,0,1,0,overconfident,0.95,0,mild_drift,0.9640414956588901,0.001237011801963441,0.8251952768304378,0.866337885302533,1768131630.3643641,0.1816672682762146,0.045093633234500885
773,49472,49471,sea_abrupt4,sea,ts_drift_adapt,4,"error_divergence_ph_meta@error.threshold=0.10,error.min_instances=5",error_divergence_ph_meta,"{""divergence"": {""alpha"": 0.1, ""delta"": 0.005, ""min_instances"": 30, ""threshold"": 0.05}, ""error_rate"": {""alpha"": 0.15, ""delta"": 0.005, ""min_instances"": 5, ""threshold"": 0.1}}","{""error_rate"": {""min_instances"": 5, ""threshold"": 0.1}}",0.1,0.005,0.15,5,0.05,0.005,0.1,30,,,,-1,two_stage,2,0.5,"__confirm_cooldown=200,__confirm_rule=perm_test,__perm_alpha=0.02,__perm_delta_k=25,__perm_min_effect=0,__perm_n_perm=200,__perm_post_n=50,__perm_pre_n=200,__perm_rng_seed=0,__perm_stat=delta_fused_score,divergence=0.3,error_rate=0.5,teacher_entropy=0.2",3,0,200,0.0,0,10000,10.0,25.0,200,500,1,8,1.0,0.8769607050452781,0.7174738148918656,0.0,0.2079569399356842,0.004845887888222933,0,0,130,113,-1,perm_test,0.004975124378109453,0.04305624661362655,263,113,150,0.0,0.16666666666666666,0,0.0,0.0,0.0,0.0,0,none,0,1,0,overconfident,0.95,0,mild_drift,0.962170747829445,0.0012685059009817207,0.8125976384152189,0.8606689426512665,1768131630.3746798,0.0032688507344573736,0.048068881034851074
774,49536,49535,sea_abrupt4,sea,ts_drift_adapt,4,"error_divergence_ph_meta@error.threshold=0.10,error.min_instances=5",error_divergence_ph_meta,"{""divergence"": {""alpha"": 0.1, ""delta"": 0.005, ""min_instances"": 30, ""threshold"": 0.05}, ""error_rate"": {""alpha"": 0.15, ""delta"": 0.005, ""min_instances"": 5, ""threshold"": 0.1}}","{""error_rate"": {""min_instances"": 5, ""threshold"": 0.1}}",0.1,0.005,0.15,5,0.05,0.005,0.1,30,,,,-1,two_stage,2,0.5,"__confirm_cooldown=200,__confirm_rule=perm_test,__perm_alpha=0.02,__perm_delta_k=25,__perm_min_effect=0,__perm_n_perm=200,__perm_post_n=50,__perm_pre_n=200,__perm_rng_seed=0,__perm_stat=delta_fused_score,divergence=0.3,error_rate=0.5,teacher_entropy=0.2",3,0,200,0.0,0,10000,10.0,25.0,200,500,0,0,1.0,0.8770389211886305,0.7176564881962836,0.3333333333333333,0.1933179795742035,0.007397210691124201,0,0,130,113,-1,perm_test,0.004975124378109453,0.04305624661362655,263,113,150,0.0,0.3333333333333333,0,0.0,0.0,0.0,0.0,0,none,0,1,0,overconfident,0.95,0,mild_drift,0.9612353739147225,0.0012842529504908605,0.8062988192076095,0.8578344713256332,1768131630.3852897,0.5127154588699341,0.07067129015922546
775,49600,49599,sea_abrupt4,sea,ts_drift_adapt,4,"error_divergence_ph_meta@error.threshold=0.10,error.min_instances=5",error_divergence_ph_meta,"{""divergence"": {""alpha"": 0.1, ""delta"": 0.005, ""min_instances"": 30, ""threshold"": 0.05}, ""error_rate"": {""alpha"": 0.15, ""delta"": 0.005, ""min_instances"": 5, ""threshold"": 0.1}}","{""error_rate"": {""min_instances"": 5, ""threshold"": 0.1}}",0.1,0.005,0.15,5,0.05,0.005,0.1,30,,,,-1,two_stage,2,0.5,"__confirm_cooldown=200,__confirm_rule=perm_test,__perm_alpha=0.02,__perm_delta_k=25,__perm_min_effect=0,__perm_n_perm=200,__perm_post_n=50,__perm_pre_n=200,__perm_rng_seed=0,__perm_stat=delta_fused_score,divergence=0.3,error_rate=0.5,teacher_entropy=0.2",3,0,200,0.0,0,10000,10.0,25.0,200,500,0,0,1.0,0.8771572580645162,0.7178757573874904,0.0,0.15497355163097382,0.008111504837870598,0,0,130,113,-1,perm_test,0.004975124378109453,0.04305624661362655,263,113,150,0.0,0.3333333333333333,0,0.0,0.0,0.0,0.0,0,none,0,1,0,overconfident,0.95,0,mild_drift,0.9607676869573611,0.0012921264752454305,0.8031494096038048,0.8564172356628166,1768131630.3960164,0.10275594145059586,0.07271598279476166
776,49664,49663,sea_abrupt4,sea,ts_drift_adapt,4,"error_divergence_ph_meta@error.threshold=0.10,error.min_instances=5",error_divergence_ph_meta,"{""divergence"": {""alpha"": 0.1, ""delta"": 0.005, ""min_instances"": 30, ""threshold"": 0.05}, ""error_rate"": {""alpha"": 0.15, ""delta"": 0.005, ""min_instances"": 5, ""threshold"": 0.1}}","{""error_rate"": {""min_instances"": 5, ""threshold"": 0.1}}",0.1,0.005,0.15,5,0.05,0.005,0.1,30,,,,-1,two_stage,2,0.5,"__confirm_cooldown=200,__confirm_rule=perm_test,__perm_alpha=0.02,__perm_delta_k=25,__perm_min_effect=0,__perm_n_perm=200,__perm_post_n=50,__perm_pre_n=200,__perm_rng_seed=0,__perm_stat=delta_fused_score,divergence=0.3,error_rate=0.5,teacher_entropy=0.2",3,0,200,0.0,0,10000,10.0,25.0,200,500,0,0,1.0,0.8772551546391752,0.7181204364450353,0.16666666666666666,0.1417921781539917,0.009244236163794994,0,0,130,113,-1,perm_test,0.004975124378109453,0.04305624661362655,263,113,150,0.0,0.16666666666666666,0,0.0,0.0,0.0,0.0,0,none,0,1,0,overconfident,0.95,0,mild_drift,0.9605338434786805,0.0012960632376227154,0.8015747048019024,0.8557086178314083,1768131630.4070647,0.19774764776229858,0.07951484620571136
777,49728,49727,sea_abrupt4,sea,ts_drift_adapt,4,"error_divergence_ph_meta@error.threshold=0.10,error.min_instances=5",error_divergence_ph_meta,"{""divergence"": {""alpha"": 0.1, ""delta"": 0.005, ""min_instances"": 30, ""threshold"": 0.05}, ""error_rate"": {""alpha"": 0.15, ""delta"": 0.005, ""min_instances"": 5, ""threshold"": 0.1}}","{""error_rate"": {""min_instances"": 5, ""threshold"": 0.1}}",0.1,0.005,0.15,5,0.05,0.005,0.1,30,,,,-1,two_stage,2,0.5,"__confirm_cooldown=200,__confirm_rule=perm_test,__perm_alpha=0.02,__perm_delta_k=25,__perm_min_effect=0,__perm_n_perm=200,__perm_post_n=50,__perm_pre_n=200,__perm_rng_seed=0,__perm_stat=delta_fused_score,divergence=0.3,error_rate=0.5,teacher_entropy=0.2",3,0,200,0.0,0,10000,10.0,25.0,200,500,0,0,1.0,0.8773930180180181,0.7184250913450734,0.0,0.13662993907928467,0.010285989381372929,0,1,131,113,-1,perm_test,1.0,-0.052881195607282244,264,113,151,0.16666666666666666,0.16666666666666666,1,0.5,0.0,0.0,0.0,0,none,0,1,0,overconfident,0.95,0,mild_drift,0.9604169217393402,0.001298031618811358,0.8007873524009512,0.8553543089157041,1768131630.4182334,0.06563031673431396,0.08891980350017548
778,49792,49791,sea_abrupt4,sea,ts_drift_adapt,4,"error_divergence_ph_meta@error.threshold=0.10,error.min_instances=5",error_divergence_ph_meta,"{""divergence"": {""alpha"": 0.1, ""delta"": 0.005, ""min_instances"": 30, ""threshold"": 0.05}, ""error_rate"": {""alpha"": 0.15, ""delta"": 0.005, ""min_instances"": 5, ""threshold"": 0.1}}","{""error_rate"": {""min_instances"": 5, ""threshold"": 0.1}}",0.1,0.005,0.15,5,0.05,0.005,0.1,30,,,,-1,two_stage,2,0.5,"__confirm_cooldown=200,__confirm_rule=perm_test,__perm_alpha=0.02,__perm_delta_k=25,__perm_min_effect=0,__perm_n_perm=200,__perm_post_n=50,__perm_pre_n=200,__perm_rng_seed=0,__perm_stat=delta_fused_score,divergence=0.3,error_rate=0.5,teacher_entropy=0.2",3,0,200,0.0,0,10000,10.0,25.0,200,500,0,0,1.0,0.8774501928020566,0.7185461174312907,0.0,0.18405647575855255,0.007070666179060936,1,0,131,114,1,perm_test,0.004975124378109453,0.05546311864890543,265,114,151,0.0,0.0032153232023119926,0,0.0,0.0,0.0,0.0,0,none,1,1,0,overconfident,0.95,0,stable,0.9752084608696701,0.001049015809405679,0.9003936762004756,0.9001771544578521,1768131630.4347453,0.021124422550201416,0.07029701769351959
779,49856,49855,sea_abrupt4,sea,ts_drift_adapt,4,"error_divergence_ph_meta@error.threshold=0.10,error.min_instances=5",error_divergence_ph_meta,"{""divergence"": {""alpha"": 0.1, ""delta"": 0.005, ""min_instances"": 30, ""threshold"": 0.05}, ""error_rate"": {""alpha"": 0.15, ""delta"": 0.005, ""min_instances"": 5, ""threshold"": 0.1}}","{""error_rate"": {""min_instances"": 5, ""threshold"": 0.1}}",0.1,0.005,0.15,5,0.05,0.005,0.1,30,,,,-1,two_stage,2,0.5,"__confirm_cooldown=200,__confirm_rule=perm_test,__perm_alpha=0.02,__perm_delta_k=25,__perm_min_effect=0,__perm_n_perm=200,__perm_post_n=50,__perm_pre_n=200,__perm_rng_seed=0,__perm_stat=delta_fused_score,divergence=0.3,error_rate=0.5,teacher_entropy=0.2",3,0,200,0.0,0,10000,10.0,25.0,200,500,1,136,1.0,0.8775673940949936,0.7188451358912452,0.16666666666666666,0.10576209425926208,0.011131400242447853,0,0,131,114,-1,perm_test,0.004975124378109453,0.05546311864890543,265,114,151,0.0,0.16666666666666666,0,0.0,0.0,0.0,0.0,0,none,0,1,0,overconfident,0.95,0,mild_drift,0.967754230434835,0.0011745079047028395,0.8501968381002378,0.877588577228926,1768131630.44554,0.19303567707538605,0.10297379642724991
780,49920,49919,sea_abrupt4,sea,ts_drift_adapt,4,"error_divergence_ph_meta@error.threshold=0.10,error.min_instances=5",error_divergence_ph_meta,"{""divergence"": {""alpha"": 0.1, ""delta"": 0.005, ""min_instances"": 30, ""threshold"": 0.05}, ""error_rate"": {""alpha"": 0.15, ""delta"": 0.005, ""min_instances"": 5, ""threshold"": 0.1}}","{""error_rate"": {""min_instances"": 5, ""threshold"": 0.1}}",0.1,0.005,0.15,5,0.05,0.005,0.1,30,,,,-1,two_stage,2,0.5,"__confirm_cooldown=200,__confirm_rule=perm_test,__perm_alpha=0.02,__perm_delta_k=25,__perm_min_effect=0,__perm_n_perm=200,__perm_post_n=50,__perm_pre_n=200,__perm_rng_seed=0,__perm_stat=delta_fused_score,divergence=0.3,error_rate=0.5,teacher_entropy=0.2",3,0,200,0.0,0,10000,10.0,25.0,200,500,1,72,1.0,0.8776442307692308,0.7190435152761795,0.0,0.20900124311447144,0.007252637296915054,0,0,131,114,-1,perm_test,0.004975124378109453,0.05546311864890543,265,114,151,0.0,0.16666666666666666,0,0.0,0.0,0.0,0.0,0,none,0,1,0,overconfident,0.95,0,mild_drift,0.9640271152174175,0.0012372539523514197,0.8250984190501189,0.866294288614463,1768131630.4573405,0.1785891056060791,0.06422371417284012
781,49984,49983,sea_abrupt4,sea,ts_drift_adapt,4,"error_divergence_ph_meta@error.threshold=0.10,error.min_instances=5",error_divergence_ph_meta,"{""divergence"": {""alpha"": 0.1, ""delta"": 0.005, ""min_instances"": 30, ""threshold"": 0.05}, ""error_rate"": {""alpha"": 0.15, ""delta"": 0.005, ""min_instances"": 5, ""threshold"": 0.1}}","{""error_rate"": {""min_instances"": 5, ""threshold"": 0.1}}",0.1,0.005,0.15,5,0.05,0.005,0.1,30,,,,-1,two_stage,2,0.5,"__confirm_cooldown=200,__confirm_rule=perm_test,__perm_alpha=0.02,__perm_delta_k=25,__perm_min_effect=0,__perm_n_perm=200,__perm_post_n=50,__perm_pre_n=200,__perm_rng_seed=0,__perm_stat=delta_fused_score,divergence=0.3,error_rate=0.5,teacher_entropy=0.2",3,0,200,0.0,0,10000,10.0,25.0,200,500,1,8,1.0,0.8778008962868118,0.719387505848976,0.0,0.15048982203006744,0.007577895186841488,0,0,131,114,-1,perm_test,0.004975124378109453,0.05546311864890543,265,114,151,0.0,0.00032525788992643356,0,0.0,0.0,0.0,0.0,0,none,0,1,0,overconfident,0.95,0,mild_drift,0.9621635576087086,0.0012686269761757098,0.8125492095250595,0.8606471443072314,1768131630.4704702,0.006850792095065117,0.08166402578353882
782,50000,49999,sea_abrupt4,sea,ts_drift_adapt,4,"error_divergence_ph_meta@error.threshold=0.10,error.min_instances=5",error_divergence_ph_meta,"{""divergence"": {""alpha"": 0.1, ""delta"": 0.005, ""min_instances"": 30, ""threshold"": 0.05}, ""error_rate"": {""alpha"": 0.15, ""delta"": 0.005, ""min_instances"": 5, ""threshold"": 0.1}}","{""error_rate"": {""min_instances"": 5, ""threshold"": 0.1}}",0.1,0.005,0.15,5,0.05,0.005,0.1,30,,,,-1,two_stage,2,0.5,"__confirm_cooldown=200,__confirm_rule=perm_test,__perm_alpha=0.02,__perm_delta_k=25,__perm_min_effect=0,__perm_n_perm=200,__perm_post_n=50,__perm_pre_n=200,__perm_rng_seed=0,__perm_stat=delta_fused_score,divergence=0.3,error_rate=0.5,teacher_entropy=0.2",3,0,200,0.0,0,10000,10.0,25.0,200,500,0,0,1.0,0.8778,0.7193666722174806,0.0,0.1598351001739502,0.015043430961668491,0,1,132,114,-1,perm_test,0.004975124378109453,0.05546311864890543,265,114,151,0.0,0.0074655357748270035,1,0.5,0.0,0.0,0.0,0,none,0,1,0,overconfident,0.95,0,mild_drift,0.9612317788043543,0.0012843134880878549,0.8062746047625298,0.8578235721536157,1768131630.4830403,0.021358715370297432,0.08606778830289841
